accession,bl_fraqs,hsHSR_1,hsLM_1,hsHSR_2,hsHSR_3,hsHSR_4,hsHSR_5,hsHSR_6,hsHSR_7,hsHSR_8,hsLM_2,hsHSR_9,hsLM_3,hsHSR_10,hsHSR_11,hsHSR_12,hsHSR_13,hsHSR_14,hsLM_4,hsHSR_15,hsLM_5,hsLM_6,hsHSR_16,hsLM_7,hsHSR_17,hsLM_8,hsHSR_18,hsHSR_19,hsHSR_20,hsHSR_21,hsHSR_22,hsHSR_23,hsHSR_24,hsHSR_25,hsHSR_26,hsHSR_27,hsHSR_28,hsHSR_29,hsHSR_30,hsHSR_31,hsHSR_32,hsHSR_33,hsHSR_34,hsLM_9,hsLM_10,hsLM_11,hsHSR_35,hsHSR_36,hsHSR_37,hsHSR_38,hsHSR_39,hsHSR_40,hsHSR_41,hsHSR_42,hsHSR_43,hsHSR_44,hsHSR_45,hsHSR_46,hsHSR_47,hsHSR_48,hsHSR_49,hsHSR_50,hsHSR_51,hsHSR_52,hsHSR_53,hsHSR_54,hsHSR_55,hsLM_12,hsHSR_56,hsHSR_57,hsHSR_58,hsHSR_59,hsHSR_60,hsHSR_61,hsHSR_62,hsHSR_63,hsHSR_64,hsHSR_65,hsHSR_66,hsHSR_67,hsHSR_68,hsHSR_69,hsHSR_70,hsHSR_71,hsHSR_72,hsHSR_73,hsHSR_74,hsHSR_75,hsHSR_76,hsHSR_77,hsHSR_78,hsHSR_79,hsHSR_80,hsHSR_81,hsHSR_82,hsHSR_83,hsHSR_84,hsHSR_85,hsHSR_86,hsLM_13,hsHSR_87,hsHSR_88,hsHSR_89,hsHSR_90,hsHSR_91,hsHSR_92,hsHSR_93,hsHSR_94,hsHSR_95,hsHSR_96,hsHSR_97,hsHSR_98,hsHSR_99,hsLM_14,hsHSR_100,hsLM_15,hsHSR_101,hsHSR_102,hsHSR_103,hsHSR_104,hsHSR_105,hsLM_16,hsHSR_106,hsHSR_107,hsHSR_108,hsLM_17,hsHSR_109,hsHSR_110,hsHSR_111,hsHSR_112,hsLM_18,hsHSR_113,hsHSR_114,hsHSR_115,hsHSR_116,hsHSR_117,hsHSR_118,hsLM_19,hsHSR_119,hsHSR_120,hsHSR_121,hsHSR_122,hsHSR_123,hsHSR_124,hsHSR_125,hsLM_20,hsHSR_126,hsHSR_127,hsHSR_128,hsLM_21,hsHSR_129,hsHSR_130,hsHSR_131,hsHSR_132,hsHSR_133,hsHSR_134,hsHSR_135,hsHSR_136,hsHSR_137,hsHSR_138,hsHSR_139,hsHSR_140,hsHSR_141,hsHSR_142,hsHSR_143,hsHSR_144,hsHSR_145,hsHSR_146,hsHSR_147,hsHSR_148,hsHSR_149,hsHSR_150,hsHSR_151,hsHSR_152,hsHSR_153,hsHSR_154,hsHSR_155,hsHSR_156,hsHSR_157,hsHSR_158,hsHSR_159,hsLM_22,hsLM_23,hsHSR_160,hsHSR_161,hsHSR_162,hsHSR_163,hsLM_24,hsHSR_164,hsHSR_165,hsHSR_166,hsHSR_167,hsHSR_168,hsLM_25,hsLM_26,hsLM_27,hsHSR_169,hsHSR_170,hsHSR_171,hsHSR_172,hsHSR_173,hsHSR_174,hsHSR_175,hsHSR_176,hsHSR_177,hsHSR_178,hsHSR_179,hsHSR_180,hsHSR_181,hsHSR_182,hsHSR_183,hsHSR_184,hsHSR_185,hsHSR_186,hsHSR_187,hsHSR_188,hsHSR_189,hsHSR_190,hsHSR_191,hsHSR_192,hsHSR_193,hsHSR_194,hsHSR_195,hsHSR_196,hsHSR_197,hsHSR_198,hsHSR_199,hsHSR_200,hsHSR_201,hsHSR_202,hsHSR_203,hsHSR_204,hsHSR_205,hsHSR_206,hsHSR_207,hsHSR_208,hsHSR_209,hsHSR_210,hsHSR_211,hsHSR_212,hsHSR_213,hsHSR_214,hsHSR_215,hsHSR_216,hsHSR_217,hsHSR_218,hsHSR_219,hsHSR_220,hsHSR_221,hsHSR_222,hsHSR_223,hsHSR_224,hsHSR_225,hsHSR_226,hsHSR_227,hsHSR_228,hsHSR_229,hsHSR_230,hsHSR_231,hsHSR_232,hsHSR_233,hsHSR_234,hsHSR_235,hsHSR_236,hsHSR_237,hsHSR_238,hsHSR_239,hsHSR_240,hsHSR_241,hsHSR_242,hsHSR_243,hsHSR_244,hsHSR_245,hsHSR_246,hsHSR_247,hsHSR_248,hsHSR_249,hsHSR_250,hsHSR_251,hsHSR_252,hsHSR_253,hsHSR_254,hsHSR_255,hsHSR_256,hsHSR_257,hsHSR_258,hsHSR_259,hsHSR_260,hsHSR_261,hsHSR_262,hsHSR_263,hsHSR_264,hsHSR_265,hsHSR_266,hsHSR_267,hsHSR_268,hsHSR_269,hsHSR_270,hsHSR_271,hsHSR_272,hsHSR_273,hsHSR_274,hsHSR_275,hsHSR_276,hsHSR_277,hsHSR_278,hsHSR_279,hsHSR_280,hsHSR_281,hsHSR_282,hsHSR_283,hsHSR_284,hsHSR_285,hsHSR_286,hsHSR_287,hsHSR_288,hsHSR_289,hsHSR_290,hsHSR_291,hsHSR_292,hsHSR_293,hsHSR_294,hsHSR_295,hsHSR_296,hsHSR_297,hsHSR_298,hsHSR_299,hsHSR_300,hsHSR_301,hsHSR_302,hsHSR_303,hsHSR_304,hsHSR_305,hsHSR_306,hsLM_28,hsLM_29,hsHSR_307,hsHSR_308,hsHSR_309,hsHSR_310,hsHSR_311,hsHSR_312,hsHSR_313,hsHSR_314,hsHSR_315,hsHSR_316,hsHSR_317,hsHSR_318,hsHSR_319,hsHSR_320,hsHSR_321,hsHSR_322,hsHSR_323,hsHSR_324,hsHSR_325,hsHSR_326,hsHSR_327,hsHSR_328,hsHSR_329,hsHSR_330,hsHSR_331,hsHSR_332,hsHSR_333,hsHSR_334,hsHSR_335,hsHSR_336,hsHSR_337,hsHSR_338,hsHSR_339,hsHSR_340,hsHSR_341,hsHSR_342,hsHSR_343,hsHSR_344,hsHSR_345,hsHSR_346,hsHSR_347,hsHSR_348,hsHSR_349,hsHSR_350,hsHSR_351,hsHSR_352,hsHSR_353,hsHSR_354,hsHSR_355,hsHSR_356,hsHSR_357,hsHSR_358,hsHSR_359,hsHSR_360,hsHSR_361,hsHSR_362,hsHSR_363,hsHSR_364,hsHSR_365,hsHSR_366,hsHSR_367,hsHSR_368,hsHSR_369,hsHSR_370,hsHSR_371,hsLM_30,hsHSR_372,hsHSR_373,hsHSR_374,hsHSR_375,hsHSR_376,hsHSR_377,hsHSR_378,hsHSR_379,hsHSR_380,hsHSR_381,hsHSR_382,hsHSR_383,hsLM_31,hsHSR_384,hsHSR_385,hsHSR_386,hsHSR_387,hsLM_32,hsHSR_388,hsHSR_389,hsLM_33,hsHSR_390,hsHSR_391,hsHSR_392,hsHSR_393,hsHSR_394,hsHSR_395,hsHSR_396,hsLM_34,hsHSR_397,hsHSR_398,hsHSR_399,hsHSR_400,hsHSR_401,hsHSR_402,hsHSR_403,hsHSR_404,hsHSR_405,hsHSR_406,hsHSR_407,hsHSR_408,hsHSR_409,hsHSR_410,hsHSR_411,hsHSR_412,hsHSR_413,hsHSR_414,hsHSR_415,hsHSR_416,hsHSR_417,hsHSR_418,hsHSR_419,hsHSR_420,hsHSR_421,hsHSR_422,hsHSR_423,hsHSR_424,hsHSR_425,hsHSR_426,hsHSR_427,hsHSR_428,hsHSR_429,hsHSR_430,hsHSR_431,hsHSR_432,hsLM_35,hsHSR_433,hsHSR_434,hsHSR_435,hsHSR_436,hsHSR_437,hsHSR_438,hsHSR_439,hsHSR_440,hsHSR_441,hsHSR_442,hsHSR_443,hsHSR_444,hsHSR_445,hsHSR_446,hsHSR_447,hsHSR_448,hsLM_36,hsLM_37,hsHSR_449,hsHSR_450,hsHSR_451,hsHSR_452,hsHSR_453,hsHSR_454,hsHSR_455,hsHSR_456,hsHSR_457,hsHSR_458,hsHSR_459,hsHSR_460,hsHSR_461,hsHSR_462,hsHSR_463,hsHSR_464,hsHSR_465,hsHSR_466,hsHSR_467,hsHSR_468,hsHSR_469,hsHSR_470,hsHSR_471,hsLM_38,hsHSR_472,hsHSR_473,hsHSR_474,hsHSR_475,hsHSR_476,hsHSR_477,hsHSR_478,hsHSR_479,hsHSR_480,hsHSR_481,hsHSR_482,hsHSR_483,hsHSR_484,hsHSR_485,hsHSR_486,hsHSR_487,hsHSR_488,hsHSR_489,hsHSR_490,hsHSR_491,hsHSR_492,hsHSR_493,hsHSR_494,hsHSR_495,hsHSR_496,hsLM_39,hsHSR_497,hsHSR_498,hsLM_40,hsHSR_499,hsHSR_500,hsHSR_501,hsHSR_502,hsHSR_503,hsHSR_504,hsHSR_505,hsHSR_506,hsHSR_507,hsHSR_508,hsHSR_509,hsHSR_510,hsHSR_511,hsHSR_512,hsHSR_513,hsHSR_514,hsHSR_515,hsLM_41,hsHSR_516,hsHSR_517,hsHSR_518,hsHSR_519,hsHSR_520,hsHSR_521,hsHSR_522,hsHSR_523,hsHSR_524,hsHSR_525,hsHSR_526,hsHSR_527,hsHSR_528,hsHSR_529,hsHSR_530,hsHSR_531,hsHSR_532,hsHSR_533,hsHSR_534,hsHSR_535,hsHSR_536,hsHSR_537,hsHSR_538,hsHSR_539,hsHSR_540,hsHSR_541,hsHSR_542,hsHSR_543,hsHSR_544,hsHSR_545,hsHSR_546,hsHSR_547,hsHSR_548,hsHSR_549,hsHSR_550,hsHSR_551,hsHSR_552,hsHSR_553,hsHSR_554,hsHSR_555,hsHSR_556,hsHSR_557,hsHSR_558,hsHSR_559,hsHSR_560,hsHSR_561,hsHSR_562,hsHSR_563,hsHSR_564,hsHSR_565,hsHSR_566,hsHSR_567,hsHSR_568,hsHSR_569,hsHSR_570,hsHSR_571,hsHSR_572,hsHSR_573,hsHSR_574,hsHSR_575,hsLM_42,hsHSR_576,hsHSR_577,hsHSR_578,hsHSR_579,hsHSR_580,hsHSR_581,hsHSR_582,hsHSR_583,hsHSR_584,hsHSR_585,hsHSR_586,hsHSR_587,hsHSR_588,hsHSR_589,hsHSR_590,hsHSR_591,hsHSR_592,hsHSR_593,hsHSR_594
ENCFF796KYR,0.11521064924477832,246590,2510,8211,66090,802,105702,10309,445,548,570,1184,6690,4285,12120,41096,27168,4592,1055,10877,8615,260,937,141,80,71,1780,18995,5066,45298,5672,327,1035,1002,2649,2310,560,2743,113,111,13419,16456,113,1040,77,837,892,8609,35586,2415,605,1663,2131,660,745,12500,266,526,691,253,965,3287,847,19356,907,681,6188,438,74187,73606,11595,1549,1115,4858,9270,469,1808,720,1136,1352,352,1491,1570,5444,660,871,5807,29,1357,747,40,1707,357,100,1982,2239,24412,270742,14111,164,38758,60748,4046,52216,1664,986,7757,2629,2579,35,4621,11688,11147,230,7460,48061,3173,38756,502,2242,2821,13165,988,59149,1994,9188,4412,1221,3754,567,139,41748,14833,12686,38821,11363,24543,41819,3377,7671,6909,1672,7768,81359,888,2568,170,148,93,64,3119,471,2049,15790,6113,952,5493,66535,5328,628,1636,1860,1807,4721,5786,4925,9283,101,214,51,1495,32,2898,891,1939,398,368,26,1868,1093,1468,23368,9877,68637,3461,40576,46280,24362,53625,24432,44993,351,41037,49429,17157,12998,37806,27169,9058,1539,3716,1181,179,867,1374,225,180,485,88,6785,387,69668,19404,9532,365,609780,63394,7663,40579,34825,1643,1019,61074,30686,93057,4579,59708,286,56674,69,621,1786,844,396,1357,406,6536,3894,429,1009,1379,934,1413,581,3552,2061,1540,360,7316,4428,3290,4792,1890,553,896,1078,520,513,351,1120,1704,9870,2047,532,2615,3396,3441,18590,47324,13196,3477,6025,1998,1239,893,943,1439,833,675,11326,696,1252,7759,505,2212,592,6843,1711,1495,971,1433,1654,736,1612,3895,3591,1268,1444,1111,3623,2261,1178,1129,1452,6772,96,69,596,963,772,385,21438,149,15745,51,678,140,9136,1179,11486,10713,11583,45,3994,142,285,3071,5660,98243,2418,3971,3752,1736,1076,4485,519,330,1034,26590,12545,8182,1697,70,382,153,27,67,1039,1791,4256,761,7508,824,696,2427,78928,1387,3538,196653,1366,8068,1467,8481,20695,4143,440,8441,24612,1232,1431,1500,532,563,654,94183,1620,1342,1539,1434,1586,1913,36744,70,15664,3260,104,40808,12759,62,355,9039,949,83,11596,1188,2887,371,4508,1657,33063,5257,3951,1203,1615,661,1880,1270,2396,1068,86,1727,42,3188,522,83,245,3016,707,773,1578,51330,2016,14377,7794,1476,726,1096,246,51088,1886,23005,5614,17356,1996,641,4335,129,55732,11181,17485,81696,3526,28686,710,508,562,2376,1890,1645,1032,2892,16506,1429,64,2215,1578,47,67,5557,5360,43,4590,278,33827,69165,52012,12736,52664,6267,1247,105892,148890,22528,66990,106841,121769,307,246,1165,1038,278,1284,2511,470,617,981,10364,0.0,0.0,0.0,0.0,0.0,0.0,0.0,0.0,0.0,0.0,0.0,0.0,0.0,0.0,0.0,0.0,0.0,0.0,0.0,0.0,0.0,0.0,0.0,0.0,0.0,0.0,0.0,0.0,0.0,0.0,0.0,0.0,0.0,0.0,0.0,0.0,0.0,0.0,0.0,0.0,0.0,0.0,0.0,0.0,0.0,0.0,0.0,0.0,0.0,0.0,0.0,0.0,0.0,0.0,0.0,0.0,0.0,0.0,0.0,0.0,0.0,0.0,0.0,0.0,0.0,0.0,0.0,0.0,0.0,0.0,0.0,0.0,0.0,0.0,0.0,0.0,0.0,0.0,0.0,0.0,0.0,0.0,0.0,0.0,0.0,0.0,0.0,0.0,0.0,0.0,0.0,0.0,0.0,0.0,0.0,0.0,0.0,0.0,0.0,0.0,0.0,0.0,0.0,0.0,0.0,0.0,0.0,0.0,0.0,0.0,0.0,0.0,0.0,0.0,0.0,0.0,0.0,0.0,0.0,0.0,0.0,0.0,0.0,0.0,0.0,0.0,0.0,0.0,0.0,0.0,0.0,0.0,0.0,0.0,0.0,0.0,0.0,0.0,0.0,0.0,0.0,0.0,0.0,0.0,0.0,0.0,0.0,0.0,0.0,0.0
ENCFF002DZT,0.18960046914898793,40759,1652,3608,43169,707,75404,7366,336,535,310,686,3763,4924,8583,27827,30817,3752,519,5242,6269,201,769,119,81,74,1038,977,3814,26574,3978,283,180,774,2057,1821,56,2172,14,36,8590,12379,81,756,100,552,594,6371,34520,115,630,1158,1652,537,350,8006,191,375,457,201,861,1853,344,15187,997,199,286,128,56023,61786,7894,1153,810,1416,5922,333,1393,579,934,1090,252,1143,1321,4270,508,639,4232,30,1043,560,14,1384,232,43,1908,1458,16015,203083,12525,111,33206,47602,2927,41234,1246,749,5874,1815,2013,32,3373,9003,8941,194,4789,36344,2887,37820,516,2110,2360,9692,896,70722,1601,6680,3238,934,2970,599,232,34057,14513,1007,48765,9172,15647,33410,171,5289,2706,1363,4169,41439,282,290,145,127,38,30,2561,293,771,11079,5178,744,3953,48212,4640,571,1298,2470,2272,3578,6080,5223,6148,76,135,65,1172,43,2021,724,1168,250,35,10,648,871,1072,17958,8332,49226,2727,33747,35965,16198,45124,14630,31013,331,30774,37050,12183,10510,25565,20857,7187,1069,216,1069,106,634,1038,212,88,29,49,4524,380,56653,13467,14746,352,426469,40595,4012,32717,26531,1191,642,46111,21208,64060,4526,48244,223,46270,41,347,910,159,330,1076,278,4427,2473,34,753,1038,681,1082,528,2729,1590,300,252,5381,3333,2189,2735,1479,391,761,834,408,455,315,560,1387,5983,1479,454,2025,2691,2489,14548,63281,747,2669,3368,1561,959,704,723,1113,652,192,8287,546,981,5831,415,1745,481,4555,1288,1186,725,1062,279,576,527,2934,2732,876,1102,851,2864,1744,901,924,1109,4514,17,36,447,769,528,254,15961,75,10591,12,570,85,7065,790,7501,7051,8174,29,2975,132,209,1343,4265,86904,716,2207,2249,1175,57,3033,213,354,702,16548,6517,3951,1566,66,203,120,8,41,825,1893,2628,624,4199,575,601,1900,64858,456,2392,136117,1090,6385,1082,5880,1275,2802,365,417,4590,915,1121,1195,467,501,316,5254,1391,1051,1189,617,1265,1420,28409,89,11916,2566,42,29180,6619,21,291,6269,789,40,7398,916,1283,319,3381,1323,18209,3863,727,888,1227,501,1253,1059,1352,721,12,1025,17,1945,134,76,205,434,349,719,941,38327,1972,11719,6226,1502,619,963,216,39954,120,16728,1965,13975,1578,401,3215,48,34780,6443,10810,48170,3841,28285,294,172,398,1022,1277,1185,875,2000,7605,1149,41,245,1222,45,49,4739,4724,31,279,207,27515,46515,33860,8419,41351,4649,389,95517,101408,14673,47243,74905,89816,345,192,909,801,231,1013,1429,357,485,801,7310,0.0,0.0,0.0,0.0,0.0,0.0,0.0,0.0,0.0,0.0,0.0,0.0,0.0,0.0,0.0,0.0,0.0,0.0,0.0,0.0,0.0,0.0,0.0,0.0,0.0,0.0,0.0,0.0,0.0,0.0,0.0,0.0,0.0,0.0,0.0,0.0,0.0,0.0,0.0,0.0,0.0,0.0,0.0,0.0,0.0,0.0,0.0,0.0,0.0,0.0,0.0,0.0,0.0,0.0,0.0,0.0,0.0,0.0,0.0,0.0,0.0,0.0,0.0,0.0,0.0,0.0,0.0,0.0,0.0,0.0,0.0,0.0,0.0,0.0,0.0,0.0,0.0,0.0,0.0,0.0,0.0,0.0,0.0,0.0,0.0,0.0,0.0,0.0,0.0,0.0,0.0,0.0,0.0,0.0,0.0,0.0,0.0,0.0,0.0,0.0,0.0,0.0,0.0,0.0,0.0,0.0,0.0,0.0,0.0,0.0,0.0,0.0,0.0,0.0,0.0,0.0,0.0,0.0,0.0,0.0,0.0,0.0,0.0,0.0,0.0,0.0,0.0,0.0,0.0,0.0,0.0,0.0,0.0,0.0,0.0,0.0,0.0,0.0,0.0,0.0,0.0,0.0,0.0,0.0,0.0,0.0,0.0,0.0,0.0,0.0
ENCFF530JUB,0.17507444844927017,7390,37,1743,66310,100,30987,3148,98,160,145,147,769,165,413,135,1048,223,96,180,1003,12,82,0,0,0,192,0,818,1943,549,18,8,93,577,492,1,501,0,0,1198,1538,0,43,0,0,151,1336,71,0,146,359,464,50,17,615,3,39,15,1,93,268,0,526,4,0,0,1,5041,7754,611,345,209,403,587,24,395,190,227,277,77,343,312,499,124,256,986,0,272,229,0,102,1,0,122,172,1080,23599,1027,16,2888,4994,708,4268,338,206,478,82,80,0,248,556,619,0,889,2751,179,1737,33,87,291,1159,38,10052,365,1198,406,25,293,13,0,3477,560,1,3616,689,1165,3157,0,899,78,335,585,20082,0,16,4,2,0,1,254,47,32,1904,437,33,550,53725,224,36,392,31,17,535,333,304,688,18,76,48,363,63,623,214,169,202,28,31,202,280,342,5243,2118,16488,1289,12631,26710,4606,53889,5908,11611,67,6895,8574,3521,2431,5197,7322,1899,365,0,39,5,227,335,13,0,0,0,1081,3,29796,1125,678,1,15191,8621,455,2862,1242,140,99,5055,4011,9687,253,4656,6,4654,0,37,115,2,99,251,36,1095,370,0,212,237,184,298,159,677,338,11,29,1206,678,347,577,475,129,287,242,119,98,64,27,427,490,159,93,297,562,482,726,320,3,624,478,341,265,198,211,268,174,3,1151,156,402,901,95,350,172,900,475,285,232,301,0,164,93,758,561,262,225,219,421,389,300,230,328,982,0,0,115,239,61,0,1705,0,1049,0,33,0,947,82,897,1195,1249,0,433,3,1,0,407,7026,73,280,428,162,0,577,11,40,163,3113,611,596,183,0,5,0,0,0,185,1,234,161,356,227,125,53,56380,49,474,12990,137,1084,269,1800,37,569,83,0,421,255,325,294,112,101,23,63,396,317,316,166,324,349,3550,0,2770,215,0,4412,754,0,66,485,179,0,1621,221,68,19,863,331,129,74,42,205,333,165,268,285,115,0,0,104,0,357,3,0,6,19,8,22,10,1587,170,1031,915,111,100,48,0,3062,5,1550,253,1234,162,23,340,2,3929,567,1235,4144,165,252,40,1,139,283,165,247,245,282,139,291,0,14,324,0,0,446,482,0,7,8,3348,5051,3781,887,3807,554,35,6262,10280,1673,5726,8864,10087,13,17,194,178,60,293,74,23,28,103,1292,0.0,0.0,0.0,0.0,0.0,0.0,0.0,0.0,0.0,0.0,0.0,0.0,0.0,0.0,0.0,0.0,0.0,0.0,0.0,0.0,0.0,0.0,0.0,0.0,0.0,0.0,0.0,0.0,0.0,0.0,0.0,0.0,0.0,0.0,0.0,0.0,0.0,0.0,0.0,0.0,0.0,0.0,0.0,0.0,0.0,0.0,0.0,0.0,0.0,0.0,0.0,0.0,0.0,0.0,0.0,0.0,0.0,0.0,0.0,0.0,0.0,0.0,0.0,0.0,0.0,0.0,0.0,0.0,0.0,0.0,0.0,0.0,0.0,0.0,0.0,0.0,0.0,0.0,0.0,0.0,0.0,0.0,0.0,0.0,0.0,0.0,0.0,0.0,0.0,0.0,0.0,0.0,0.0,0.0,0.0,0.0,0.0,0.0,0.0,0.0,0.0,0.0,0.0,0.0,0.0,0.0,0.0,0.0,0.0,0.0,0.0,0.0,0.0,0.0,0.0,0.0,0.0,0.0,0.0,0.0,0.0,0.0,0.0,0.0,0.0,0.0,0.0,0.0,0.0,0.0,0.0,0.0,0.0,0.0,0.0,0.0,0.0,0.0,0.0,0.0,0.0,0.0,0.0,0.0,0.0,0.0,0.0,0.0,0.0,0.0
ENCFF123KCR,0.1413095821571797,80886,816,1404,9345,118,15152,2670,79,85,98,378,1358,668,1806,4644,4043,874,183,2242,1863,97,275,40,51,41,280,7482,811,7373,1392,83,132,228,443,438,134,600,14,34,2832,3979,26,258,5,233,225,1642,5724,603,137,205,336,145,127,2816,65,117,143,99,255,813,157,2998,276,216,1843,142,14150,15871,2795,263,182,1604,2455,95,298,125,180,217,46,221,336,1231,92,133,848,12,208,114,12,486,92,25,445,310,4781,53716,3697,28,9802,13899,722,11832,310,122,1935,676,761,6,1152,2901,2782,76,1483,11279,552,6635,74,313,421,2833,111,9145,316,2090,1074,379,1057,132,43,12152,2474,4835,6991,1792,5495,9939,1089,1339,1238,307,1862,12382,241,1032,20,45,14,19,836,120,565,3267,1794,250,1170,9175,717,187,304,759,619,915,1666,1306,2426,24,57,24,218,9,442,113,565,165,34,10,510,326,270,5539,2372,15716,600,7893,9913,4291,8113,4100,7359,94,9234,10935,3778,3182,8291,6571,2372,259,1138,363,25,114,195,96,36,10,26,1459,79,9916,3028,1633,145,163719,12088,2246,9452,5379,448,273,12777,6454,15386,630,16563,51,16086,19,112,511,285,54,263,103,1052,871,32,132,192,115,211,100,661,346,217,94,1361,990,660,1397,267,54,146,150,67,69,75,283,249,1701,301,91,535,658,566,2901,9076,3487,659,1341,327,204,169,160,239,120,167,2866,87,183,1825,86,447,92,1195,208,240,101,202,234,109,305,599,540,170,209,157,818,426,163,179,208,908,21,11,91,148,230,78,5809,77,3740,6,193,24,2202,299,2953,2346,2406,11,956,37,55,893,1383,17896,489,990,729,384,276,726,72,120,298,4863,2572,2181,502,17,78,48,4,10,131,660,878,164,1120,105,103,601,11807,356,497,41079,283,2006,230,1559,7874,772,78,2809,7278,181,266,272,73,97,168,33411,332,216,286,150,256,331,8811,19,3093,704,15,9857,2606,12,97,1908,327,19,1803,160,603,94,895,250,6060,688,1625,145,286,83,290,204,547,257,28,365,17,662,93,7,58,1011,327,143,301,7117,276,1907,1122,201,146,389,103,14387,475,5438,1623,4258,504,121,1021,40,10742,1971,3417,15668,880,5043,136,170,86,482,575,295,157,444,2698,255,9,1216,225,15,19,1426,1502,13,1445,68,8567,12551,8620,2296,11946,1338,88,19910,29583,3847,12665,21777,26586,63,50,165,141,49,213,601,101,166,223,2152,0.0,0.0,0.0,0.0,0.0,0.0,0.0,0.0,0.0,0.0,0.0,0.0,0.0,0.0,0.0,0.0,0.0,0.0,0.0,0.0,0.0,0.0,0.0,0.0,0.0,0.0,0.0,0.0,0.0,0.0,0.0,0.0,0.0,0.0,0.0,0.0,0.0,0.0,0.0,0.0,0.0,0.0,0.0,0.0,0.0,0.0,0.0,0.0,0.0,0.0,0.0,0.0,0.0,0.0,0.0,0.0,0.0,0.0,0.0,0.0,0.0,0.0,0.0,0.0,0.0,0.0,0.0,0.0,0.0,0.0,0.0,0.0,0.0,0.0,0.0,0.0,0.0,0.0,0.0,0.0,0.0,0.0,0.0,0.0,0.0,0.0,0.0,0.0,0.0,0.0,0.0,0.0,0.0,0.0,0.0,0.0,0.0,0.0,0.0,0.0,0.0,0.0,0.0,0.0,0.0,0.0,0.0,0.0,0.0,0.0,0.0,0.0,0.0,0.0,0.0,0.0,0.0,0.0,0.0,0.0,0.0,0.0,0.0,0.0,0.0,0.0,0.0,0.0,0.0,0.0,0.0,0.0,0.0,0.0,0.0,0.0,0.0,0.0,0.0,0.0,0.0,0.0,0.0,0.0,0.0,0.0,0.0,0.0,0.0,0.0
ENCFF979NZN,0.1193724050919819,27909,224,3732,30452,380,33686,3254,178,228,201,484,2466,1998,4161,10580,11114,1999,389,2805,4389,94,488,70,34,61,624,419,2228,12316,2407,222,131,323,1252,1169,38,1260,36,9,5961,8386,133,541,28,54,446,3967,10987,56,337,709,932,308,419,6229,126,239,286,177,491,1274,337,6168,202,221,143,54,30301,34008,5632,691,479,826,4991,187,808,310,503,648,143,700,778,2766,259,346,2591,21,560,297,17,945,109,12,1111,892,9073,123256,7866,72,21075,29190,1701,25530,736,382,4014,1309,1196,10,2294,5481,5511,66,3479,24980,1343,16442,294,1252,1415,6473,597,22030,929,4602,2318,663,1811,297,77,22788,5776,266,12502,4039,7580,20480,114,3296,868,768,2333,15469,212,164,74,111,52,65,1427,264,536,8622,3268,510,2826,32109,2260,308,731,634,519,1933,3338,2858,5729,126,129,31,674,27,1239,363,841,100,24,3,381,526,622,12380,5013,31414,1610,18188,20793,9699,14668,9952,20982,142,21436,25359,8084,6918,16255,13535,4433,678,89,411,55,324,550,110,81,12,47,3151,139,19042,7867,4910,134,152839,24974,2501,18035,12192,733,603,27761,12175,35628,2287,30288,132,29839,43,241,848,222,165,670,188,2747,1767,13,439,572,425,638,259,1662,996,888,215,3329,2244,1336,2296,797,228,371,499,255,210,148,820,746,3842,797,243,1298,1681,1525,7669,20446,354,1457,3046,877,617,462,446,648,370,390,5504,301,487,3754,251,1017,206,3066,734,673,422,635,504,261,480,1672,1690,557,563,451,1957,1015,405,499,624,2972,22,34,246,377,297,175,10442,68,7223,7,410,41,4208,486,5042,4888,4996,15,1747,72,159,370,4264,39268,355,1390,1700,736,52,2062,86,254,496,10604,3487,2766,801,95,245,89,8,33,430,1035,1718,350,3514,313,269,786,35911,241,1612,99844,349,3718,719,3439,503,1857,179,214,2926,493,697,749,236,252,158,2627,760,606,767,316,753,844,17415,68,7062,1795,21,19406,4747,25,178,4141,405,48,4678,583,863,230,2121,737,10966,2373,472,547,738,294,778,634,1139,411,12,811,45,1396,137,23,105,327,73,339,426,17300,1160,6165,3395,768,303,600,80,24789,83,10488,1122,9009,862,330,2131,60,22042,4065,8132,34096,2647,6860,181,78,250,547,282,746,471,1314,4627,693,36,137,739,18,25,2766,2659,4,133,196,16955,31846,20315,5596,26366,2945,209,50921,67422,9131,31338,50204,57546,151,155,453,436,101,633,1404,222,464,472,4712,0.0,0.0,0.0,0.0,0.0,0.0,0.0,0.0,0.0,0.0,0.0,0.0,0.0,0.0,0.0,0.0,0.0,0.0,0.0,0.0,0.0,0.0,0.0,0.0,0.0,0.0,0.0,0.0,0.0,0.0,0.0,0.0,0.0,0.0,0.0,0.0,0.0,0.0,0.0,0.0,0.0,0.0,0.0,0.0,0.0,0.0,0.0,0.0,0.0,0.0,0.0,0.0,0.0,0.0,0.0,0.0,0.0,0.0,0.0,0.0,0.0,0.0,0.0,0.0,0.0,0.0,0.0,0.0,0.0,0.0,0.0,0.0,0.0,0.0,0.0,0.0,0.0,0.0,0.0,0.0,0.0,0.0,0.0,0.0,0.0,0.0,0.0,0.0,0.0,0.0,0.0,0.0,0.0,0.0,0.0,0.0,0.0,0.0,0.0,0.0,0.0,0.0,0.0,0.0,0.0,0.0,0.0,0.0,0.0,0.0,0.0,0.0,0.0,0.0,0.0,0.0,0.0,0.0,0.0,0.0,0.0,0.0,0.0,0.0,0.0,0.0,0.0,0.0,0.0,0.0,0.0,0.0,0.0,0.0,0.0,0.0,0.0,0.0,0.0,0.0,0.0,0.0,0.0,0.0,0.0,0.0,0.0,0.0,0.0,0.0
ENCFF000WDD,0.04425259594618598,1404,21,162,1634,38,3503,203,44,27,13,18,125,183,368,971,1074,137,10,202,226,9,34,5,1,2,36,32,148,1363,140,10,5,9,75,68,2,76,0,2,309,445,2,36,3,8,24,257,1129,7,23,42,68,11,16,274,6,7,14,3,26,80,25,664,6,30,14,5,2149,1993,325,49,42,46,252,15,54,29,38,42,16,50,59,140,26,25,138,0,37,19,1,54,26,1,75,63,938,6700,436,2,1111,1589,119,1391,59,18,179,53,65,2,123,297,259,3,203,1227,132,1389,25,144,121,349,59,1911,58,254,103,22,130,19,3,1234,507,28,1121,366,513,1110,12,203,115,51,144,1945,8,9,5,4,1,2,78,15,27,382,165,29,186,1779,211,15,49,42,40,97,163,137,231,2,7,1,27,2,65,35,126,320,1,0,24,43,45,600,254,1748,92,1159,1373,621,1578,577,1143,9,1055,1281,383,346,951,764,270,25,8,35,7,24,47,10,3,0,1,155,9,2034,551,415,4,10080,1556,160,1132,1139,58,32,1679,687,2602,209,1655,10,1589,4,9,34,12,11,38,5,148,80,1,32,48,16,42,20,96,58,14,7,182,141,84,103,56,16,26,42,27,17,9,20,44,185,60,11,93,104,74,588,1511,22,106,128,65,27,21,17,43,26,12,305,11,31,201,10,63,22,147,52,43,19,48,9,23,14,112,96,39,37,33,100,64,35,31,49,144,0,0,27,19,25,20,545,6,342,1,22,0,248,32,262,275,296,1,79,3,8,39,171,3008,22,76,95,64,1,96,7,31,25,544,231,135,65,3,11,7,2,3,36,50,114,26,165,21,11,97,2221,15,99,4922,32,246,42,220,43,118,6,13,166,41,40,41,23,34,15,169,54,44,31,25,42,57,1039,5,458,88,3,1079,341,0,11,234,28,1,236,38,52,10,147,44,796,158,24,43,41,16,50,37,50,30,2,29,2,82,3,3,6,12,11,21,28,1464,113,436,238,88,24,32,13,1428,8,577,82,485,63,15,125,3,1066,224,358,1661,125,755,11,7,21,34,16,56,31,57,318,46,3,11,59,3,1,179,142,2,4,9,962,1660,1317,320,1381,195,16,3131,3765,584,1712,2753,3373,10,18,36,40,11,35,46,11,16,20,282,0.0,0.0,0.0,0.0,0.0,0.0,0.0,0.0,0.0,0.0,0.0,0.0,0.0,0.0,0.0,0.0,0.0,0.0,0.0,0.0,0.0,0.0,0.0,0.0,0.0,0.0,0.0,0.0,0.0,0.0,0.0,0.0,0.0,0.0,0.0,0.0,0.0,0.0,0.0,0.0,0.0,0.0,0.0,0.0,0.0,0.0,0.0,0.0,0.0,0.0,0.0,0.0,0.0,0.0,0.0,0.0,0.0,0.0,0.0,0.0,0.0,0.0,0.0,0.0,0.0,0.0,0.0,0.0,0.0,0.0,0.0,0.0,0.0,0.0,0.0,0.0,0.0,0.0,0.0,0.0,0.0,0.0,0.0,0.0,0.0,0.0,0.0,0.0,0.0,0.0,0.0,0.0,0.0,0.0,0.0,0.0,0.0,0.0,0.0,0.0,0.0,0.0,0.0,0.0,0.0,0.0,0.0,0.0,0.0,0.0,0.0,0.0,0.0,0.0,0.0,0.0,0.0,0.0,0.0,0.0,0.0,0.0,0.0,0.0,0.0,0.0,0.0,0.0,0.0,0.0,0.0,0.0,0.0,0.0,0.0,0.0,0.0,0.0,0.0,0.0,0.0,0.0,0.0,0.0,0.0,0.0,0.0,0.0,0.0,0.0
ENCFF000YEF,0.050822520158633165,1669,16,160,1808,36,3336,242,28,33,12,33,126,210,364,760,1242,191,19,230,286,10,24,3,1,2,25,22,132,1367,172,11,11,19,72,71,3,70,4,8,364,517,5,42,9,0,18,241,1092,5,31,40,49,16,22,341,11,13,22,6,44,78,11,600,8,17,9,6,2156,2213,411,38,33,47,289,16,49,27,32,35,12,29,50,182,22,19,146,1,34,33,0,63,4,1,65,56,799,7662,457,5,1345,1975,96,1690,49,29,281,83,98,0,158,427,399,8,247,1573,127,1309,24,117,112,353,52,1908,51,296,135,27,145,25,6,1606,553,24,1166,379,613,1265,6,189,158,43,168,2214,21,16,11,3,1,1,117,9,80,462,232,27,183,1749,131,16,39,58,59,125,224,179,329,2,13,1,27,0,70,30,141,492,0,0,24,41,39,766,270,2163,102,1260,1492,626,1526,617,1253,16,1309,1544,531,489,1112,784,296,27,8,37,3,21,39,5,2,1,1,202,17,1551,505,533,10,10095,1492,154,1234,1105,41,30,1678,812,2447,193,2175,6,2164,4,11,61,29,10,34,10,159,106,37,32,43,19,32,22,84,59,16,14,175,122,74,119,56,19,23,27,16,15,16,21,58,235,53,13,70,98,78,533,986,12,83,179,55,32,25,21,29,28,11,338,25,39,255,13,61,21,174,48,37,28,38,58,17,23,109,74,33,35,31,107,70,22,28,42,125,0,3,13,21,61,13,708,4,488,1,23,6,284,42,392,350,297,0,118,8,10,45,204,3136,28,95,97,55,2,100,10,7,23,539,300,153,61,1,9,8,0,3,21,23,125,26,145,21,26,76,2361,11,97,5580,18,265,38,200,30,105,5,16,169,41,32,37,24,17,8,146,48,38,39,24,39,45,1165,5,410,128,3,1338,308,0,12,275,25,5,299,37,153,18,117,41,955,137,26,41,30,16,43,25,72,18,2,66,0,104,15,6,5,16,14,34,32,1349,100,374,255,74,16,50,7,1888,2,637,63,567,60,11,134,3,1235,242,448,1987,108,739,11,6,9,29,24,46,21,59,268,40,3,7,60,1,2,198,236,0,7,13,1043,1675,1282,320,1554,213,17,2997,3924,542,1762,2944,3376,15,17,29,40,11,45,101,17,18,23,323,0.0,0.0,0.0,0.0,0.0,0.0,0.0,0.0,0.0,0.0,0.0,0.0,0.0,0.0,0.0,0.0,0.0,0.0,0.0,0.0,0.0,0.0,0.0,0.0,0.0,0.0,0.0,0.0,0.0,0.0,0.0,0.0,0.0,0.0,0.0,0.0,0.0,0.0,0.0,0.0,0.0,0.0,0.0,0.0,0.0,0.0,0.0,0.0,0.0,0.0,0.0,0.0,0.0,0.0,0.0,0.0,0.0,0.0,0.0,0.0,0.0,0.0,0.0,0.0,0.0,0.0,0.0,0.0,0.0,0.0,0.0,0.0,0.0,0.0,0.0,0.0,0.0,0.0,0.0,0.0,0.0,0.0,0.0,0.0,0.0,0.0,0.0,0.0,0.0,0.0,0.0,0.0,0.0,0.0,0.0,0.0,0.0,0.0,0.0,0.0,0.0,0.0,0.0,0.0,0.0,0.0,0.0,0.0,0.0,0.0,0.0,0.0,0.0,0.0,0.0,0.0,0.0,0.0,0.0,0.0,0.0,0.0,0.0,0.0,0.0,0.0,0.0,0.0,0.0,0.0,0.0,0.0,0.0,0.0,0.0,0.0,0.0,0.0,0.0,0.0,0.0,0.0,0.0,0.0,0.0,0.0,0.0,0.0,0.0,0.0
ENCFF826YSU,0.07323377457243,1812910,4815,14323,600,2,8745,1664,41,275,85,937,526,110,398,64,36,1291,439,2067,3796,135,418,161,2908,7,186,45292,785,260,1701,425,7306,1198,420,266,1924,569,11,1,9409,6192,5,433,1,2209,99,1483,133,15359,163,146,293,233,549,62293,103,231,103,147,331,332,2,25,39,138,6078,1,19674,48951,28687,157,129,31597,4851,228,207,81,142,181,31,167,195,2323,88,80,764,37,154,86,29,1515,20,1,499,159,111,118738,6297,25,76505,24308,576,22011,253,94,3305,1189,1054,0,48649,32978,10298,428,6532,48821,120,4740,0,0,182,4303,0,86,173,6437,2818,618,1718,164,36,15707,938,28892,235,766,6511,40161,63462,4031,157,198,7864,1034,80,13298,7,55,67,5,1033,144,225,8267,2301,477,1479,576,314,1071,199,632,559,940,1587,1363,33146,76,47,5,161,1,297,95,889,511,2283,0,12700,299,161,14663,4665,65772,814,9668,13969,6284,5051,7428,32401,63,20454,21459,8594,8145,25919,45055,4618,256,3841,144,10,63,169,84,57,29,1,3041,1,6472,4150,16,12,333234,12524,4588,15855,556,564,704,15211,6749,10509,126,30173,53,28881,28,93,1209,3,66,163,190,1010,1124,4,117,168,120,169,70,458,232,7052,76,3108,1106,773,17941,211,55,114,113,59,47,39,1447,212,2412,1113,56,687,593,405,755,223,63260,641,19322,391,133,105,110,158,86,671,4863,114,122,2660,56,475,79,1566,171,172,98,156,20,84,2413,599,459,159,210,126,1913,444,139,126,181,865,151,12,73,109,161,5,15658,19,11868,10,319,7,2474,350,10719,7117,2680,0,1109,38,103,46,1825,9504,1504,8926,8944,513,479,546,89,50,311,7549,2042,698,664,88,1013,56,0,0,115,36,1490,97,1317,73,92,123,415,4685,443,78713,916,3503,154,1157,52851,656,54,23076,101190,163,152,187,59,57,484,491695,195,168,182,458,184,221,16236,205,3674,3125,5,72206,4553,2,148,3510,508,29,2212,135,528,202,958,186,187,168,12257,127,182,67,217,146,849,49,0,1985,4,935,205,212,128,11165,373,27,150,1072,15,1048,494,55,74,448,5,39103,3919,16779,1149,6721,500,87,2265,3,24811,2977,4167,49402,395,366,1547,3011,82,584,2700,178,131,284,640,191,18,9461,275,0,0,5990,2048,2,8744,102,10886,20199,19594,2244,16415,2699,82,19747,49126,6342,19445,35462,37868,69,146,145,117,33,150,738,113,896,214,4081,0.0,0.0,0.0,0.0,0.0,0.0,0.0,0.0,0.0,0.0,0.0,0.0,0.0,0.0,0.0,0.0,0.0,0.0,0.0,0.0,0.0,0.0,0.0,0.0,0.0,0.0,0.0,0.0,0.0,0.0,0.0,0.0,0.0,0.0,0.0,0.0,0.0,0.0,0.0,0.0,0.0,0.0,0.0,0.0,0.0,0.0,0.0,0.0,0.0,0.0,0.0,0.0,0.0,0.0,0.0,0.0,0.0,0.0,0.0,0.0,0.0,0.0,0.0,0.0,0.0,0.0,0.0,0.0,0.0,0.0,0.0,0.0,0.0,0.0,0.0,0.0,0.0,0.0,0.0,0.0,0.0,0.0,0.0,0.0,0.0,0.0,0.0,0.0,0.0,0.0,0.0,0.0,0.0,0.0,0.0,0.0,0.0,0.0,0.0,0.0,0.0,0.0,0.0,0.0,0.0,0.0,0.0,0.0,0.0,0.0,0.0,0.0,0.0,0.0,0.0,0.0,0.0,0.0,0.0,0.0,0.0,0.0,0.0,0.0,0.0,0.0,0.0,0.0,0.0,0.0,0.0,0.0,0.0,0.0,0.0,0.0,0.0,0.0,0.0,0.0,0.0,0.0,0.0,0.0,0.0,0.0,0.0,0.0,0.0,0.0
ENCFF000PIE,0.11738713601805348,101879,2843,4814,33390,864,99525,11671,260,840,489,960,3954,4176,8993,15090,24986,4550,784,8047,9872,345,1389,139,188,123,1031,4749,4114,47443,6960,549,375,1184,2716,2100,124,3455,41,37,13984,21087,154,1141,46,919,1186,8192,20367,636,762,1115,1536,910,559,16397,274,667,565,203,1308,1963,269,13254,666,1543,1373,100,64654,87135,17332,1360,848,2176,14815,639,1640,654,862,1040,218,1046,1595,6993,495,547,4151,34,936,522,40,2514,362,53,2589,1393,17055,290466,19226,306,51791,72143,3592,62488,3852,620,10717,3190,3356,41,5518,16438,15964,296,6670,80554,3287,49922,634,2789,2798,15548,1247,59528,1731,12579,5549,1709,5489,743,310,61898,15457,3732,27068,8961,29054,56937,606,5946,5108,1555,6370,53517,898,1091,105,299,73,97,4227,689,1229,17260,9689,1301,7528,32995,3374,948,1514,2613,2190,4797,8827,8430,11860,89,437,162,1029,78,1998,641,6575,98885,70,1,766,1243,1393,32327,13462,85804,3201,47786,61700,22470,45323,20978,43166,438,52514,59893,24534,19125,43104,35412,11372,1148,1279,1477,43,578,960,398,151,100,259,7501,463,59984,15512,12017,1036,640462,63277,5872,47575,25101,2620,1481,62159,29479,72362,4879,90650,336,91310,100,559,1223,203,317,1235,552,4707,4194,71,611,988,668,970,430,3328,2019,528,349,7167,4795,3077,6267,1288,340,666,807,368,414,268,1098,1193,7249,1431,406,3419,3253,2638,10586,14239,2502,3266,7233,1751,1090,833,658,1093,529,479,15148,531,945,9706,386,2544,471,5826,1101,1272,563,980,424,492,780,2797,2639,840,996,741,4341,2093,910,787,1082,4078,29,50,427,636,1298,222,29941,287,20272,52,944,969,11627,1617,14914,11550,10806,48,4210,113,440,3054,7647,79863,1404,4130,3409,1736,172,3293,469,673,1398,21992,9814,3465,2808,117,367,219,32,100,688,2043,4801,945,5637,547,493,1714,44861,595,2334,229168,1208,11101,1164,6956,5245,3249,334,1954,9508,844,1359,1396,413,462,482,23833,1696,1145,1554,621,1592,1814,45213,64,15880,3854,64,51534,14013,204,581,10680,1883,155,9308,901,4682,613,5242,1378,21381,3046,1477,868,1432,455,1508,939,3371,1315,70,1928,95,2757,378,39,351,1069,805,926,1162,24058,2421,9033,6355,1534,678,1722,349,76790,503,25752,2741,23806,2986,445,5069,42,51080,10394,16840,78103,1829,17745,367,451,372,1153,1929,1593,752,1445,10512,1361,35,1058,1093,61,80,8944,8217,42,965,398,48196,62262,43480,10411,65301,7710,580,105437,150337,19086,64034,113204,139894,392,340,774,704,249,976,2935,470,833,1062,11182,0.0,0.0,0.0,0.0,0.0,0.0,0.0,0.0,0.0,0.0,0.0,0.0,0.0,0.0,0.0,0.0,0.0,0.0,0.0,0.0,0.0,0.0,0.0,0.0,0.0,0.0,0.0,0.0,0.0,0.0,0.0,0.0,0.0,0.0,0.0,0.0,0.0,0.0,0.0,0.0,0.0,0.0,0.0,0.0,0.0,0.0,0.0,0.0,0.0,0.0,0.0,0.0,0.0,0.0,0.0,0.0,0.0,0.0,0.0,0.0,0.0,0.0,0.0,0.0,0.0,0.0,0.0,0.0,0.0,0.0,0.0,0.0,0.0,0.0,0.0,0.0,0.0,0.0,0.0,0.0,0.0,0.0,0.0,0.0,0.0,0.0,0.0,0.0,0.0,0.0,0.0,0.0,0.0,0.0,0.0,0.0,0.0,0.0,0.0,0.0,0.0,0.0,0.0,0.0,0.0,0.0,0.0,0.0,0.0,0.0,0.0,0.0,0.0,0.0,0.0,0.0,0.0,0.0,0.0,0.0,0.0,0.0,0.0,0.0,0.0,0.0,0.0,0.0,0.0,0.0,0.0,0.0,0.0,0.0,0.0,0.0,0.0,0.0,0.0,0.0,0.0,0.0,0.0,0.0,0.0,0.0,0.0,0.0,0.0,0.0
ENCFF740ECI,0.14860791044286034,52723,159,1655,41513,436,125344,5436,299,195,186,282,3056,1307,6659,21338,25327,1409,504,4860,3214,77,414,34,47,54,1242,3737,3037,18632,2430,112,61,369,2152,1963,31,2035,15,2,4853,6631,63,298,63,43,726,5232,21123,328,539,1328,1503,223,138,3152,83,253,155,96,513,1544,519,13597,1812,440,1031,110,36374,29153,3360,1357,749,1674,2865,126,1467,664,818,907,287,1218,1341,2063,426,781,3750,6,938,783,15,670,102,29,778,1162,14808,102226,5823,105,15591,24055,2490,20631,1381,716,2546,886,1111,23,1986,4145,4622,154,3104,20366,1468,29543,158,772,968,4603,372,52736,1386,3728,1401,261,1402,111,57,16538,6319,1475,24596,5971,5834,16602,145,3672,5614,1303,2280,42542,417,364,137,64,24,32,1338,261,374,6338,2248,225,2855,40705,2877,197,1419,657,681,1864,2361,2106,3345,41,91,40,1158,23,1421,654,643,320,13,3,520,384,1321,7498,3916,26087,2109,17471,23614,9719,22583,11124,21162,235,16692,20841,5977,5507,16216,11433,3688,711,406,553,30,768,1241,65,19,27,35,2592,80,36040,8128,7928,233,150834,28251,2857,19508,22840,697,287,26613,14668,47175,2165,24479,98,22102,20,196,510,16,344,982,223,3957,1791,23,798,837,671,1156,506,2564,1513,102,180,4531,2810,1339,1770,1671,392,827,887,452,350,297,209,1360,3822,1016,384,1140,2472,1952,10298,22803,2848,2397,2053,1173,932,813,698,1039,624,56,5137,547,1366,3574,340,1422,583,2945,1489,1116,859,1117,103,541,407,2635,2187,921,1026,898,1807,1640,1228,791,1188,3489,39,27,464,819,352,242,8358,72,5378,21,234,30,4290,455,4492,4370,5878,24,1911,61,45,1579,1924,64966,495,1348,1997,769,128,2374,68,215,959,14841,6245,3690,852,32,90,45,26,51,673,1025,1361,783,2520,718,521,1524,59234,306,1688,67523,452,4127,1044,6388,4190,2141,282,898,3916,897,1191,1234,412,334,113,22097,1591,1153,1214,541,1255,1344,16681,44,11018,909,43,16007,4521,30,252,3878,669,26,6155,810,520,91,3409,1107,20562,2433,667,758,1166,603,838,967,734,705,24,529,28,1709,96,18,57,341,246,220,626,28330,868,7891,3446,644,422,438,142,17266,117,8707,1351,5966,822,85,1674,8,27433,4541,8376,32207,1036,23211,149,359,401,1054,535,1042,872,1159,4627,1080,11,195,1206,20,35,1965,2010,33,291,102,16235,25047,20347,5238,19838,2925,1230,49451,56371,8991,25496,44279,48273,219,68,722,713,262,1010,444,193,182,472,4557,0.0,0.0,0.0,0.0,0.0,0.0,0.0,0.0,0.0,0.0,0.0,0.0,0.0,0.0,0.0,0.0,0.0,0.0,0.0,0.0,0.0,0.0,0.0,0.0,0.0,0.0,0.0,0.0,0.0,0.0,0.0,0.0,0.0,0.0,0.0,0.0,0.0,0.0,0.0,0.0,0.0,0.0,0.0,0.0,0.0,0.0,0.0,0.0,0.0,0.0,0.0,0.0,0.0,0.0,0.0,0.0,0.0,0.0,0.0,0.0,0.0,0.0,0.0,0.0,0.0,0.0,0.0,0.0,0.0,0.0,0.0,0.0,0.0,0.0,0.0,0.0,0.0,0.0,0.0,0.0,0.0,0.0,0.0,0.0,0.0,0.0,0.0,0.0,0.0,0.0,0.0,0.0,0.0,0.0,0.0,0.0,0.0,0.0,0.0,0.0,0.0,0.0,0.0,0.0,0.0,0.0,0.0,0.0,0.0,0.0,0.0,0.0,0.0,0.0,0.0,0.0,0.0,0.0,0.0,0.0,0.0,0.0,0.0,0.0,0.0,0.0,0.0,0.0,0.0,0.0,0.0,0.0,0.0,0.0,0.0,0.0,0.0,0.0,0.0,0.0,0.0,0.0,0.0,0.0,0.0,0.0,0.0,0.0,0.0,0.0
ENCFF000QWQ,0.13507646678290752,146680,164,6576,34786,678,78429,11613,487,615,455,1010,5065,3553,8518,16825,22321,4217,775,7471,9783,304,1228,240,267,192,1433,8545,5490,42006,6406,449,555,795,2974,2786,244,3138,45,25,13321,18928,133,1197,69,49,903,10006,23423,1048,871,1852,2402,822,579,11800,489,573,616,291,1244,2456,273,7827,648,826,2757,68,54689,71285,11915,1706,1191,3408,9503,502,1962,1005,1216,1416,340,1720,1912,6324,878,900,6250,31,1477,881,31,2038,209,50,1855,1709,18941,276574,16551,193,44563,63868,4164,55545,1865,992,9175,3085,3312,57,5265,13627,12641,316,7603,54112,2704,38922,545,2017,2355,14290,850,44318,2031,10701,5218,1564,4565,575,249,53154,11882,9664,19101,8277,24728,49747,1829,7706,3623,1978,6909,39278,734,1426,139,205,72,84,3783,646,848,17493,7624,1211,6659,36879,4497,755,1946,1467,1467,4834,7406,6247,9908,101,418,87,1648,94,3071,1123,1750,3904,226,11,1246,1388,1658,25930,11866,75905,3835,40845,47908,22409,35542,22808,47473,354,46341,54974,18874,15256,38246,29963,8243,1422,1876,991,108,819,1487,329,160,53,144,6803,324,37500,16261,10596,355,241069,52880,5846,40528,18096,1715,996,56915,25509,67437,3764,70325,309,71274,87,568,1158,181,550,1513,403,6271,3760,58,1116,1475,1019,1494,775,4092,2246,619,369,7686,4761,3561,4672,2004,556,1221,1155,635,672,433,912,1869,7813,1895,673,2913,4026,3583,12840,22997,6185,3977,5427,2185,1290,1048,998,1600,822,374,12096,852,1465,8861,622,2595,759,6875,1869,1588,982,1530,424,843,1087,4090,4080,1392,1565,1272,4312,2478,1321,1293,1587,7020,38,47,695,1009,879,400,24213,188,16207,32,848,116,10611,1353,11612,11337,11401,49,4593,195,304,2104,6617,75740,1609,3951,3714,1783,468,4739,313,266,1254,24256,9503,4751,2214,104,471,203,11,90,1199,1401,4239,912,6639,889,901,1582,44590,1108,3694,203256,911,9552,1619,8815,9144,4200,540,4113,14867,1316,1653,1735,728,753,543,47233,1979,1572,1695,713,1856,2167,41831,155,17471,3814,47,46925,12011,298,497,11232,1172,138,11722,1350,3481,523,5055,1898,23676,4281,1946,1384,1786,902,2065,1398,2750,1085,40,1740,70,3151,254,73,315,1482,810,606,874,33536,1904,12020,6487,1549,675,1445,348,59318,909,23332,3780,20558,2264,684,4912,32,50501,9624,16831,76437,2887,23784,519,455,707,2028,824,1809,1282,2813,11711,1668,54,1057,1776,56,81,7264,6939,21,1726,351,38480,60898,44610,11282,55688,6676,1180,91479,139464,19096,61333,102104,123645,339,284,1319,1203,445,1436,2283,531,800,1119,11636,0.0,0.0,0.0,0.0,0.0,0.0,0.0,0.0,0.0,0.0,0.0,0.0,0.0,0.0,0.0,0.0,0.0,0.0,0.0,0.0,0.0,0.0,0.0,0.0,0.0,0.0,0.0,0.0,0.0,0.0,0.0,0.0,0.0,0.0,0.0,0.0,0.0,0.0,0.0,0.0,0.0,0.0,0.0,0.0,0.0,0.0,0.0,0.0,0.0,0.0,0.0,0.0,0.0,0.0,0.0,0.0,0.0,0.0,0.0,0.0,0.0,0.0,0.0,0.0,0.0,0.0,0.0,0.0,0.0,0.0,0.0,0.0,0.0,0.0,0.0,0.0,0.0,0.0,0.0,0.0,0.0,0.0,0.0,0.0,0.0,0.0,0.0,0.0,0.0,0.0,0.0,0.0,0.0,0.0,0.0,0.0,0.0,0.0,0.0,0.0,0.0,0.0,0.0,0.0,0.0,0.0,0.0,0.0,0.0,0.0,0.0,0.0,0.0,0.0,0.0,0.0,0.0,0.0,0.0,0.0,0.0,0.0,0.0,0.0,0.0,0.0,0.0,0.0,0.0,0.0,0.0,0.0,0.0,0.0,0.0,0.0,0.0,0.0,0.0,0.0,0.0,0.0,0.0,0.0,0.0,0.0,0.0,0.0,0.0,0.0
ENCFF000REP,0.16370345161058417,48524,237,2877,40353,428,63617,7760,244,434,314,617,2588,3052,7254,18161,25662,2951,773,5382,4595,313,753,56,70,68,718,2389,3027,38610,4092,259,149,457,1669,1507,54,2066,18,8,6746,11430,94,589,36,58,639,5655,30202,281,797,971,1183,500,410,6997,155,373,322,196,973,1224,400,13096,242,248,576,47,40466,46612,7990,985,644,1539,5753,354,1151,522,637,710,211,905,1071,3514,443,497,3212,13,838,567,32,1242,153,54,1150,828,13412,153973,10139,134,26691,36608,2134,31735,1054,568,7389,4392,1650,26,2976,7020,7336,124,3896,33844,1822,30416,192,1038,1101,7210,433,55725,1121,5606,2609,613,2588,538,229,31091,10460,1302,21971,7174,12578,33575,216,3713,4123,1043,3771,30059,406,419,74,108,18,54,2543,358,485,8806,4146,580,3402,37941,2224,449,1072,1411,1090,2953,4558,4581,5823,85,236,69,935,33,1356,494,1051,325,19,16,443,813,945,14034,6887,42737,2079,27337,31396,12220,29947,12606,23987,382,26680,32095,11314,9175,22275,17188,4871,836,483,916,50,473,869,167,43,22,458,3729,234,36617,9088,10247,246,183373,33021,3505,23903,21869,1157,526,33149,15977,48190,3281,40435,99,41439,56,363,759,96,264,804,181,4186,2737,66,630,807,497,780,379,2195,1318,284,201,5058,3860,1986,2737,1154,297,683,634,338,327,208,440,992,4436,920,298,1605,2183,1917,7797,26452,1520,2141,3307,1222,684,538,542,838,419,161,8581,547,951,5519,306,1608,454,3893,1010,893,491,851,280,451,431,2198,1867,704,771,676,2464,1491,887,701,835,3584,33,64,370,622,686,302,15545,105,9450,19,395,195,6902,882,7335,6077,7202,51,3148,165,174,1091,4593,74688,840,2076,1923,1087,109,2227,188,230,1063,13761,6795,3111,1583,67,168,78,11,65,618,1059,2323,483,3168,471,506,1061,56962,423,1914,116537,416,6078,816,5120,2642,2042,316,903,4782,730,921,987,322,387,391,13113,1139,820,969,403,977,1132,23869,77,10747,1919,57,27245,7283,33,289,5734,860,50,6895,693,1732,230,3012,953,16973,2108,658,700,977,461,1012,766,1427,359,29,799,34,1723,166,44,239,452,663,413,764,51435,1132,6914,3924,965,557,761,373,37168,152,14181,1411,12027,1692,233,2935,26,27019,5229,8514,38100,1727,19440,163,221,369,882,504,932,643,1781,5625,876,19,440,958,26,44,3964,4452,8,418,195,24602,33007,25169,6142,31904,3845,909,62915,79350,11158,34571,59027,71949,340,167,617,634,225,733,1140,364,344,623,6115,0.0,0.0,0.0,0.0,0.0,0.0,0.0,0.0,0.0,0.0,0.0,0.0,0.0,0.0,0.0,0.0,0.0,0.0,0.0,0.0,0.0,0.0,0.0,0.0,0.0,0.0,0.0,0.0,0.0,0.0,0.0,0.0,0.0,0.0,0.0,0.0,0.0,0.0,0.0,0.0,0.0,0.0,0.0,0.0,0.0,0.0,0.0,0.0,0.0,0.0,0.0,0.0,0.0,0.0,0.0,0.0,0.0,0.0,0.0,0.0,0.0,0.0,0.0,0.0,0.0,0.0,0.0,0.0,0.0,0.0,0.0,0.0,0.0,0.0,0.0,0.0,0.0,0.0,0.0,0.0,0.0,0.0,0.0,0.0,0.0,0.0,0.0,0.0,0.0,0.0,0.0,0.0,0.0,0.0,0.0,0.0,0.0,0.0,0.0,0.0,0.0,0.0,0.0,0.0,0.0,0.0,0.0,0.0,0.0,0.0,0.0,0.0,0.0,0.0,0.0,0.0,0.0,0.0,0.0,0.0,0.0,0.0,0.0,0.0,0.0,0.0,0.0,0.0,0.0,0.0,0.0,0.0,0.0,0.0,0.0,0.0,0.0,0.0,0.0,0.0,0.0,0.0,0.0,0.0,0.0,0.0,0.0,0.0,0.0,0.0
ENCFF563PNW,0.1483454579394724,58314,197,3583,26985,745,96688,4126,244,478,206,406,2867,4929,9505,19986,32679,3488,312,3983,4226,87,431,75,53,26,592,3405,2907,27406,2498,173,218,350,1590,1475,111,1554,22,5,6164,7851,66,530,60,72,414,4774,22093,517,423,955,1299,345,220,4047,102,240,299,90,480,1293,457,15891,1152,316,956,55,44950,39150,4827,944,609,1477,3179,194,1011,457,696,783,200,904,911,2754,442,496,3370,10,809,437,11,910,122,28,941,1288,17020,128677,6852,86,19421,28907,2145,25465,940,567,3559,1014,1126,12,1994,5138,5043,113,3527,22333,2766,33920,594,2369,2145,6581,1043,46418,1302,4310,1933,525,1830,291,95,19831,13889,1905,19085,8403,7944,19122,668,3764,2537,967,3064,34739,275,571,88,72,21,26,1511,190,442,7903,3245,490,2990,30280,3137,320,984,801,749,2258,2981,2543,3355,49,99,21,906,17,1611,567,976,184,69,9,614,567,882,10657,5124,32838,1912,25612,24153,11636,30553,10814,22956,245,20262,25059,8056,6509,17174,13034,4461,753,721,408,68,454,801,128,50,19,14,2973,263,34051,10208,12734,140,152814,29210,3280,22607,27445,725,376,31665,14420,53811,4937,30812,183,28354,29,238,599,148,274,755,137,3134,1536,23,611,844,558,859,394,2006,1190,177,152,3839,2220,1589,1870,1077,306,577,669,326,337,238,305,1020,4210,1221,375,1504,2017,1844,10279,28572,2416,1965,2086,1136,759,578,577,812,500,100,5337,377,753,3716,316,1272,343,3540,1042,888,526,809,138,417,546,2068,2202,731,866,669,1828,1281,669,700,825,3526,30,33,363,545,308,315,9994,44,6682,12,377,61,4846,526,4944,4930,5674,13,2048,80,116,882,2695,68685,595,1532,1739,897,240,2485,147,237,425,12082,5041,2726,954,23,125,83,18,49,594,711,1744,458,2867,482,402,1398,44617,488,1969,82938,435,4257,904,4489,3668,2233,268,1488,6000,751,864,896,367,381,267,17627,913,790,878,357,947,1074,18616,49,8292,1803,20,18292,4669,24,181,4499,490,31,5621,717,912,211,2436,994,20054,2997,857,720,904,415,1015,745,934,474,11,865,19,1277,122,18,98,650,336,702,647,29017,2151,8616,5484,1329,444,599,76,23974,392,10671,1760,8748,933,292,2109,21,21817,4214,7202,32377,2145,17548,244,252,322,927,428,893,683,1312,5273,780,50,297,1008,9,24,2952,2724,18,703,124,17637,32391,24495,6197,25900,3111,566,62016,69186,11211,32951,51438,59344,283,151,596,615,176,818,819,258,346,535,5317,0.0,0.0,0.0,0.0,0.0,0.0,0.0,0.0,0.0,0.0,0.0,0.0,0.0,0.0,0.0,0.0,0.0,0.0,0.0,0.0,0.0,0.0,0.0,0.0,0.0,0.0,0.0,0.0,0.0,0.0,0.0,0.0,0.0,0.0,0.0,0.0,0.0,0.0,0.0,0.0,0.0,0.0,0.0,0.0,0.0,0.0,0.0,0.0,0.0,0.0,0.0,0.0,0.0,0.0,0.0,0.0,0.0,0.0,0.0,0.0,0.0,0.0,0.0,0.0,0.0,0.0,0.0,0.0,0.0,0.0,0.0,0.0,0.0,0.0,0.0,0.0,0.0,0.0,0.0,0.0,0.0,0.0,0.0,0.0,0.0,0.0,0.0,0.0,0.0,0.0,0.0,0.0,0.0,0.0,0.0,0.0,0.0,0.0,0.0,0.0,0.0,0.0,0.0,0.0,0.0,0.0,0.0,0.0,0.0,0.0,0.0,0.0,0.0,0.0,0.0,0.0,0.0,0.0,0.0,0.0,0.0,0.0,0.0,0.0,0.0,0.0,0.0,0.0,0.0,0.0,0.0,0.0,0.0,0.0,0.0,0.0,0.0,0.0,0.0,0.0,0.0,0.0,0.0,0.0,0.0,0.0,0.0,0.0,0.0,0.0
ENCFF000OKM,0.1334559664443398,80532,113,3103,12012,161,36105,6331,171,279,296,675,1857,1265,2725,6303,7825,2168,484,3565,5643,221,843,86,44,52,614,6279,2134,10349,4306,267,271,408,1160,1027,190,1748,25,40,6075,12277,56,639,20,40,626,4390,7445,465,598,492,724,519,366,8777,156,405,372,131,841,1166,89,3609,656,336,1417,40,29619,41150,11747,627,368,1607,8445,356,763,336,422,502,105,508,848,3983,257,283,2061,24,418,287,11,1489,1375,52,1397,537,6028,160569,11778,68,30901,41547,1856,36046,823,324,6484,1813,2091,14,3142,8641,8312,89,3500,36381,1098,16199,121,617,924,8518,241,14088,713,6274,3306,829,3580,453,184,42093,4260,11391,7185,2883,17272,33808,871,3158,1473,702,3842,14452,273,840,79,167,47,31,2747,497,705,9789,5798,813,3346,12305,1315,501,672,1009,1009,2633,4180,3721,7641,75,70,65,520,30,1074,316,1128,4972,131,6,456,834,593,17202,8040,44245,1778,22426,28606,10912,14648,10543,20421,252,27507,31270,10602,10194,23124,19844,4611,695,1233,546,59,241,465,182,55,26,37,3727,145,16681,6686,2759,156,146916,28988,3877,27123,6975,1291,606,32696,12865,31293,1120,50527,209,51686,56,308,769,145,190,560,189,2657,2718,49,333,494,305,476,241,1768,921,1110,236,3978,2743,1882,3184,672,150,406,379,200,213,174,699,565,3842,605,191,1642,1752,1546,4597,15229,4209,1780,5135,914,462,380,309,502,259,277,7786,300,457,5665,228,1259,245,3345,505,598,245,471,423,253,503,1433,1294,408,506,397,2807,1089,487,412,507,2773,27,25,234,334,613,208,16828,84,11157,35,571,79,6498,1019,7977,6141,6552,58,2771,110,185,721,4928,30763,930,2154,1985,1125,255,1754,220,643,862,10580,4147,2138,1700,60,171,113,8,36,310,779,2544,381,3391,287,335,908,15287,546,1340,132976,301,6179,510,3740,6216,1802,175,1946,7553,402,668,738,216,245,355,25941,797,563,697,349,665,821,25422,73,8874,2231,14,31831,9185,14,336,5389,765,71,4959,416,1637,334,2292,655,7421,1095,1185,459,773,259,824,469,2010,444,19,980,43,1581,51,26,242,933,278,256,507,12193,605,3736,2391,513,378,919,147,45114,538,17648,2141,14558,1471,312,3131,23,26679,5137,8594,39636,1588,6604,236,129,211,716,265,691,344,835,3574,622,24,778,554,20,31,4819,5037,17,1330,200,26750,36926,23094,5919,36395,4252,515,51773,90253,9887,34362,61848,80629,195,166,383,356,126,446,1501,285,675,583,6142,0.0,0.0,0.0,0.0,0.0,0.0,0.0,0.0,0.0,0.0,0.0,0.0,0.0,0.0,0.0,0.0,0.0,0.0,0.0,0.0,0.0,0.0,0.0,0.0,0.0,0.0,0.0,0.0,0.0,0.0,0.0,0.0,0.0,0.0,0.0,0.0,0.0,0.0,0.0,0.0,0.0,0.0,0.0,0.0,0.0,0.0,0.0,0.0,0.0,0.0,0.0,0.0,0.0,0.0,0.0,0.0,0.0,0.0,0.0,0.0,0.0,0.0,0.0,0.0,0.0,0.0,0.0,0.0,0.0,0.0,0.0,0.0,0.0,0.0,0.0,0.0,0.0,0.0,0.0,0.0,0.0,0.0,0.0,0.0,0.0,0.0,0.0,0.0,0.0,0.0,0.0,0.0,0.0,0.0,0.0,0.0,0.0,0.0,0.0,0.0,0.0,0.0,0.0,0.0,0.0,0.0,0.0,0.0,0.0,0.0,0.0,0.0,0.0,0.0,0.0,0.0,0.0,0.0,0.0,0.0,0.0,0.0,0.0,0.0,0.0,0.0,0.0,0.0,0.0,0.0,0.0,0.0,0.0,0.0,0.0,0.0,0.0,0.0,0.0,0.0,0.0,0.0,0.0,0.0,0.0,0.0,0.0,0.0,0.0,0.0
ENCFF856FXU,0.15779161850942514,200719,79,1505,15099,228,62007,4452,146,152,133,420,1514,850,2530,8761,11203,1291,360,2534,3000,87,383,23,37,41,630,16170,1587,8890,2255,140,215,242,922,800,135,982,11,14,4606,5743,20,328,11,24,342,2888,6725,1740,358,519,638,239,217,3670,75,194,518,121,493,779,103,3239,98,96,5153,56,17278,24298,4119,520,329,2498,2977,199,584,269,344,442,108,462,636,1785,218,265,1751,6,401,296,10,583,78,21,489,507,5600,83929,5189,79,14148,19044,1142,16654,587,309,2781,871,926,11,1644,4152,4279,80,2717,18552,831,15041,138,584,618,3976,286,18928,598,3677,1490,300,1687,185,60,15265,3164,10435,5861,2756,7627,15527,1785,2129,1849,601,3343,15272,188,2369,45,35,6,22,1273,176,304,6178,2362,354,1900,14916,1265,228,574,644,523,1484,2572,2665,3354,42,75,32,476,26,698,277,754,364,171,4,512,377,488,7145,3479,25267,1080,12344,16380,7049,11859,6841,13227,150,13092,15692,6680,4925,13201,9904,2733,407,3149,382,33,277,432,73,26,8,163,2462,110,14188,5173,2723,205,91697,19114,3077,13028,6769,636,392,17534,8929,22561,2086,26017,106,27475,24,213,510,41,146,457,205,1988,1472,33,324,398,263,433,223,1136,723,237,132,2619,1554,1134,1694,636,140,360,325,160,149,116,229,498,2216,637,158,778,1187,980,3425,11549,11845,1206,1976,658,366,305,280,462,239,72,4205,277,501,2595,156,848,183,1979,510,469,320,397,223,210,357,1157,988,339,463,348,1249,791,413,336,494,1887,15,31,205,315,381,230,9170,142,5467,14,234,80,3667,510,4240,3898,5220,21,1464,89,73,890,2388,30356,1248,1726,1049,606,1049,1232,123,148,579,7918,3395,1955,875,74,123,43,10,29,294,760,1321,283,1916,228,264,598,18382,1125,984,62127,241,3037,438,2765,18208,1179,136,6150,15654,346,489,555,193,204,244,96916,563,430,523,279,549,679,12547,40,5749,969,21,15225,4181,47,145,3560,529,43,3412,391,1671,135,1647,483,6358,1191,2407,345,529,208,509,410,898,327,18,512,26,1089,59,32,102,2020,189,177,274,14682,617,3658,1926,420,274,443,176,19271,857,8206,2217,6340,807,149,1591,28,16094,2970,5850,23806,1111,5510,80,152,194,1280,189,549,356,635,3469,488,13,559,445,36,29,2050,2246,1,2598,117,12807,17041,13188,3228,16806,1958,210,29080,40151,5687,17597,30673,37910,118,86,321,288,115,412,547,231,182,398,3569,0.0,0.0,0.0,0.0,0.0,0.0,0.0,0.0,0.0,0.0,0.0,0.0,0.0,0.0,0.0,0.0,0.0,0.0,0.0,0.0,0.0,0.0,0.0,0.0,0.0,0.0,0.0,0.0,0.0,0.0,0.0,0.0,0.0,0.0,0.0,0.0,0.0,0.0,0.0,0.0,0.0,0.0,0.0,0.0,0.0,0.0,0.0,0.0,0.0,0.0,0.0,0.0,0.0,0.0,0.0,0.0,0.0,0.0,0.0,0.0,0.0,0.0,0.0,0.0,0.0,0.0,0.0,0.0,0.0,0.0,0.0,0.0,0.0,0.0,0.0,0.0,0.0,0.0,0.0,0.0,0.0,0.0,0.0,0.0,0.0,0.0,0.0,0.0,0.0,0.0,0.0,0.0,0.0,0.0,0.0,0.0,0.0,0.0,0.0,0.0,0.0,0.0,0.0,0.0,0.0,0.0,0.0,0.0,0.0,0.0,0.0,0.0,0.0,0.0,0.0,0.0,0.0,0.0,0.0,0.0,0.0,0.0,0.0,0.0,0.0,0.0,0.0,0.0,0.0,0.0,0.0,0.0,0.0,0.0,0.0,0.0,0.0,0.0,0.0,0.0,0.0,0.0,0.0,0.0,0.0,0.0,0.0,0.0,0.0,0.0
ENCFF000VCW,0.147499135386324,282799,66,3853,27327,300,42562,4084,228,274,219,399,2454,1899,3344,15013,13137,1876,383,2623,4531,109,490,73,65,42,883,20132,2611,18526,2575,210,1013,376,1387,1410,429,1446,16,9,5577,7971,67,473,43,17,418,4418,15976,3160,409,860,1169,302,164,4319,91,277,275,116,553,1049,170,4038,140,153,5722,32,26500,33168,4999,861,574,4521,3409,209,900,389,622,771,202,827,890,2633,370,483,2939,10,724,431,14,904,175,31,695,962,7547,120246,7412,85,19993,28026,1987,24369,839,523,3751,1155,1420,19,1983,5042,5107,67,3640,22765,1332,15882,209,888,1022,6268,409,22936,937,4444,2104,491,1844,234,83,20541,5437,10928,8568,3507,7500,21073,4267,3487,1011,955,4647,36504,350,3283,52,82,35,11,1713,221,361,8344,3269,440,2761,28369,2282,297,894,570,520,2139,3120,2718,3581,41,101,34,897,25,1464,515,458,1347,380,2,1648,515,810,11075,5222,37017,1689,18652,20498,10120,18876,9909,21438,183,20582,25075,7693,6631,16699,13252,3701,661,4459,345,43,412,729,134,72,16,44,3000,128,24022,7988,4723,149,109071,23680,4403,17669,9599,778,406,26149,11566,33072,1778,29345,125,29888,34,243,505,53,222,760,155,2994,1590,21,504,710,537,788,365,1872,1150,182,166,3731,2201,1578,1792,998,292,583,616,341,262,204,388,933,3679,865,279,1251,1710,1771,7722,14746,13283,1963,2003,1045,724,495,523,747,457,95,5216,386,673,3719,279,1202,346,3298,960,843,484,728,153,394,771,1968,1991,695,780,599,1797,1223,630,627,821,3159,18,41,325,513,354,254,10220,108,6739,26,319,35,4792,538,4957,4835,4753,30,2003,104,132,1272,2829,37037,1683,2848,1626,803,1371,2152,141,125,525,11421,3324,2233,1022,34,132,81,8,8,551,330,1613,404,2826,444,373,1039,34331,1185,1719,94371,419,4097,722,4039,20548,1980,208,9984,27260,699,792,844,304,311,500,125818,967,737,796,358,929,1032,18434,56,7936,1602,23,18610,4636,22,225,4715,476,49,5104,681,948,212,2257,905,14257,1830,2979,627,928,361,932,727,967,390,43,780,26,1356,80,46,102,2649,274,291,387,17483,792,5898,2959,597,282,600,162,24128,1706,12293,4274,8596,1088,225,2053,11,22759,4359,7391,32677,1423,9624,433,151,314,2372,332,877,610,1116,7561,800,30,2524,847,21,37,2906,2943,11,4120,148,18248,30415,22050,5839,26948,3051,417,56606,68177,9534,30921,49814,59847,149,103,580,565,177,720,851,237,306,513,5201,0.0,0.0,0.0,0.0,0.0,0.0,0.0,0.0,0.0,0.0,0.0,0.0,0.0,0.0,0.0,0.0,0.0,0.0,0.0,0.0,0.0,0.0,0.0,0.0,0.0,0.0,0.0,0.0,0.0,0.0,0.0,0.0,0.0,0.0,0.0,0.0,0.0,0.0,0.0,0.0,0.0,0.0,0.0,0.0,0.0,0.0,0.0,0.0,0.0,0.0,0.0,0.0,0.0,0.0,0.0,0.0,0.0,0.0,0.0,0.0,0.0,0.0,0.0,0.0,0.0,0.0,0.0,0.0,0.0,0.0,0.0,0.0,0.0,0.0,0.0,0.0,0.0,0.0,0.0,0.0,0.0,0.0,0.0,0.0,0.0,0.0,0.0,0.0,0.0,0.0,0.0,0.0,0.0,0.0,0.0,0.0,0.0,0.0,0.0,0.0,0.0,0.0,0.0,0.0,0.0,0.0,0.0,0.0,0.0,0.0,0.0,0.0,0.0,0.0,0.0,0.0,0.0,0.0,0.0,0.0,0.0,0.0,0.0,0.0,0.0,0.0,0.0,0.0,0.0,0.0,0.0,0.0,0.0,0.0,0.0,0.0,0.0,0.0,0.0,0.0,0.0,0.0,0.0,0.0,0.0,0.0,0.0,0.0,0.0,0.0
ENCFF000XXC,0.1577033692516889,41691,94,2736,25372,754,82481,4534,259,671,274,461,2620,3575,7836,12930,23181,2971,379,4189,5259,168,748,94,151,43,673,1151,2957,33372,3261,250,156,447,1553,1484,59,1633,20,10,7176,9921,51,533,43,29,464,5108,17338,158,439,874,1299,414,300,7110,110,303,293,83,692,1126,250,11440,377,399,353,32,41858,47593,8261,974,635,1201,7355,325,1133,482,709,824,210,877,951,3314,407,528,3162,17,781,487,20,1164,150,18,1211,1106,15750,147786,8826,101,24411,34717,2293,30372,951,595,4737,1485,1495,21,2435,7588,7475,75,3956,43508,2747,44394,700,2642,2273,7948,1075,59116,1258,5789,2644,822,2537,397,151,27513,11333,908,19224,7563,16971,26166,230,3717,2659,1100,3215,41038,297,376,81,98,36,25,1974,280,437,9199,4210,629,3899,26348,2903,530,1051,971,805,2622,3558,3105,5523,63,110,80,891,33,1542,514,1064,815,45,6,539,676,826,15112,6880,40486,2100,27604,30836,12973,32672,12746,26683,259,25404,29885,11083,8828,21064,17050,5104,766,244,690,47,468,762,167,84,101,92,3733,292,48032,11069,11126,295,153240,33711,3184,24819,21710,966,440,35516,16270,50333,4783,40032,158,40156,77,267,579,61,295,822,253,3399,1951,12,551,885,496,805,397,2112,1267,374,168,4573,2504,1789,3616,1136,304,582,668,347,312,290,486,1014,4393,1070,335,1536,2042,1943,8126,21811,964,2138,3126,1267,700,525,583,843,477,214,7132,454,782,4836,307,1438,389,3633,900,836,495,828,180,483,530,2306,2077,729,834,690,2477,1454,713,721,864,3466,27,38,370,560,392,279,14183,81,9183,43,472,456,5731,726,6674,5686,6221,24,2291,136,165,1368,3266,58137,608,1962,1984,941,81,2228,250,212,657,12458,5390,2325,1196,58,416,109,13,37,668,976,2330,497,3846,468,465,1046,37046,339,1797,114325,442,5161,836,4671,1421,2135,259,576,4283,761,857,900,358,371,226,7551,1047,779,912,468,966,1122,21626,96,9056,1981,20,23706,6886,36,301,5329,814,47,5909,693,1314,293,2615,1040,18311,2787,588,700,989,341,1101,767,1918,795,25,1439,33,1540,282,41,153,425,232,741,744,18794,2259,7912,5414,1465,471,656,109,32811,145,12889,1508,11260,1562,268,2675,12,24570,4728,8471,38315,1977,14428,227,153,364,824,367,963,708,1303,6271,913,27,213,969,28,28,3710,3644,10,268,172,21542,36156,26394,6267,31478,3498,256,63110,77521,11550,36553,57548,70390,265,163,658,642,200,739,1048,245,421,626,6128,0.0,0.0,0.0,0.0,0.0,0.0,0.0,0.0,0.0,0.0,0.0,0.0,0.0,0.0,0.0,0.0,0.0,0.0,0.0,0.0,0.0,0.0,0.0,0.0,0.0,0.0,0.0,0.0,0.0,0.0,0.0,0.0,0.0,0.0,0.0,0.0,0.0,0.0,0.0,0.0,0.0,0.0,0.0,0.0,0.0,0.0,0.0,0.0,0.0,0.0,0.0,0.0,0.0,0.0,0.0,0.0,0.0,0.0,0.0,0.0,0.0,0.0,0.0,0.0,0.0,0.0,0.0,0.0,0.0,0.0,0.0,0.0,0.0,0.0,0.0,0.0,0.0,0.0,0.0,0.0,0.0,0.0,0.0,0.0,0.0,0.0,0.0,0.0,0.0,0.0,0.0,0.0,0.0,0.0,0.0,0.0,0.0,0.0,0.0,0.0,0.0,0.0,0.0,0.0,0.0,0.0,0.0,0.0,0.0,0.0,0.0,0.0,0.0,0.0,0.0,0.0,0.0,0.0,0.0,0.0,0.0,0.0,0.0,0.0,0.0,0.0,0.0,0.0,0.0,0.0,0.0,0.0,0.0,0.0,0.0,0.0,0.0,0.0,0.0,0.0,0.0,0.0,0.0,0.0,0.0,0.0,0.0,0.0,0.0,0.0
ENCFF126DDV,0.0914633421279312,23138,62,814,10159,101,31035,1929,84,74,193,179,1034,541,1718,5185,6097,781,363,1230,1712,81,384,14,20,10,423,1433,999,6884,1396,87,33,201,672,566,6,717,7,1,2699,4774,31,198,45,18,249,2074,6388,119,295,413,445,204,384,5786,23,218,54,21,343,483,294,3504,789,82,388,28,13323,15582,4031,407,221,625,4234,86,438,203,213,297,69,393,378,1391,143,273,1429,2,260,222,2,493,75,15,352,348,7084,57816,3933,28,11229,14548,822,12725,380,201,1985,552,472,3,1717,2914,2988,29,1699,17985,383,11635,47,262,369,2699,119,16811,431,2023,918,455,1052,108,13,16322,1929,499,7095,1682,12412,12975,61,1310,1296,395,1364,12796,104,141,23,45,10,10,919,199,133,3463,1777,154,1151,10057,834,199,409,306,252,947,1310,1300,3986,23,51,6,406,5,465,227,436,525,12,5,135,224,364,6298,2751,16706,898,7945,11815,4081,9547,5783,9236,73,10822,12724,4857,3640,9653,6968,1610,327,150,189,18,271,359,52,9,4,4,1542,27,11620,3327,1735,81,74486,12406,1697,9856,6224,504,162,12406,5361,16645,589,20181,27,16450,14,104,242,4,81,314,106,1869,1487,48,198,218,227,350,159,824,474,697,75,2074,1505,633,3466,520,126,245,276,146,91,72,380,451,1429,267,95,452,871,650,3570,12524,1134,900,2495,445,284,200,208,325,185,373,4560,160,448,2522,111,650,178,1541,466,353,264,348,1038,180,230,926,637,268,318,286,1157,658,362,210,359,1383,7,11,152,251,301,95,7328,34,4511,15,102,37,2375,343,3763,2226,2855,4,1048,14,13,438,1470,24490,324,714,1572,465,31,689,43,100,734,5363,1916,1319,638,15,71,14,3,13,215,282,750,222,1053,218,163,828,15338,113,607,44841,151,2508,329,2020,1631,767,98,206,1614,240,340,321,137,97,120,7601,472,346,327,169,378,372,9228,4,5149,556,14,14094,3641,26,189,1711,302,4,2554,277,959,62,1331,346,5599,768,323,232,361,215,361,292,990,176,13,442,22,779,723,24,28,136,95,53,235,7303,275,2471,1236,203,310,204,31,24094,48,4471,450,5424,558,25,1134,2,9017,1557,2973,13794,709,5892,64,38,120,319,136,331,267,561,1447,354,2,97,414,2,9,1532,1671,4,72,124,10074,13315,10080,2395,11789,1594,146,23620,31885,4049,13001,25173,27907,74,47,239,226,82,316,614,139,372,232,2099,0.0,0.0,0.0,0.0,0.0,0.0,0.0,0.0,0.0,0.0,0.0,0.0,0.0,0.0,0.0,0.0,0.0,0.0,0.0,0.0,0.0,0.0,0.0,0.0,0.0,0.0,0.0,0.0,0.0,0.0,0.0,0.0,0.0,0.0,0.0,0.0,0.0,0.0,0.0,0.0,0.0,0.0,0.0,0.0,0.0,0.0,0.0,0.0,0.0,0.0,0.0,0.0,0.0,0.0,0.0,0.0,0.0,0.0,0.0,0.0,0.0,0.0,0.0,0.0,0.0,0.0,0.0,0.0,0.0,0.0,0.0,0.0,0.0,0.0,0.0,0.0,0.0,0.0,0.0,0.0,0.0,0.0,0.0,0.0,0.0,0.0,0.0,0.0,0.0,0.0,0.0,0.0,0.0,0.0,0.0,0.0,0.0,0.0,0.0,0.0,0.0,0.0,0.0,0.0,0.0,0.0,0.0,0.0,0.0,0.0,0.0,0.0,0.0,0.0,0.0,0.0,0.0,0.0,0.0,0.0,0.0,0.0,0.0,0.0,0.0,0.0,0.0,0.0,0.0,0.0,0.0,0.0,0.0,0.0,0.0,0.0,0.0,0.0,0.0,0.0,0.0,0.0,0.0,0.0,0.0,0.0,0.0,0.0,0.0,0.0
ENCFF109ASP,0.16777023072303446,15481420,185779,5041,1292,28,44484,4207,64,53,96,11130,343,429,328,495,778,1062,384,2180,2618,98,591,0,10,0,245,715779,644,1166,3093,453,3038,317,251,379,142,362,0,0,8652,6282,2,70,22,11875,79,1453,707,125145,304,122,211,192,333,3526054,11,173,66,4,641,281,25,482,119,3,131735,1,31649,318474,48077,147,102,8110,8363,24,210,72,107,125,31,162,165,1347,60,93,624,110,91,299,0,1756,1,0,3163,73,428,224816,8903,22,185488,24433,262,20623,335,92,4165,1305,1332,0,170661,66333,11171,2,5211,104973,121,4427,0,8,228,3402,14,1418,176,5945,2484,118,2073,79,0,23435,1022,276669,795,1772,7941,72295,47223,12922,547,143,16528,1669,8,131461,2,56,33,9,1341,297,103,5939,4033,133,1320,1260,118,1136,249,380,178,1097,1317,1669,68241,24,12,10,87,2,185,61,3824,11146,0,0,240,121,165,23786,4329,105206,765,7901,13728,6574,4993,10746,9331,34,29371,30473,13999,8871,44218,739657,3251,812,3007,77,3,74,210,58,0,0,0,4083,1,4833,2551,233,17,12784462,11852,12219,33165,926,522,1909,14577,8980,8643,128,87458,10,34553,19,577,967,1,75,179,184,1259,1752,128,107,114,65,170,81,402,147,5074,37,3610,6832,596,13183,178,31,114,65,62,53,37,1884,109,1919,265,49,464,516,271,845,1746,1247970,630,43137,458,68,48,111,113,75,503,19027,93,348,2858,38,612,77,2145,210,143,74,103,27,127,375,384,261,124,144,112,3158,673,121,70,152,1090,49,363,50,102,231,21,36299,13,23322,0,149,0,2563,257,18288,11665,2501,0,2272,8,3,44,2236,8915,27553,2723,20233,629,210,459,33,66,1151,10464,1992,633,1647,6,453,4,0,0,116,18,864,50,646,58,105,186,1749,21885,486,73266,24147,4649,101,2842,695401,853,236,76895,198990,82,202,202,47,46,117,4801445,186,173,144,98,205,180,11686,0,5410,3359,0,140408,18051,0,247,1878,3496,4,1714,149,327,154,1256,152,1156,81,183583,124,120,107,129,151,1568,32,0,1385,19,628,170,2,32,105487,348,1,66,1472,7,876,414,30,303,436,6,164303,81906,10363,1513,6658,633,7,2822,0,49567,3602,2326,108368,214,1070,78,0,44,257,41467,126,103,261,415,135,0,1784,152,0,0,4995,3623,0,69767,190,13881,18980,12072,2178,15737,11863,118,24980,105706,3699,10883,93676,37113,16,89,123,72,66,125,346,99,1000,269,3620,0.0,0.0,0.0,0.0,0.0,0.0,0.0,0.0,0.0,0.0,0.0,0.0,0.0,0.0,0.0,0.0,0.0,0.0,0.0,0.0,0.0,0.0,0.0,0.0,0.0,0.0,0.0,0.0,0.0,0.0,0.0,0.0,0.0,0.0,0.0,0.0,0.0,0.0,0.0,0.0,0.0,0.0,0.0,0.0,0.0,0.0,0.0,0.0,0.0,0.0,0.0,0.0,0.0,0.0,0.0,0.0,0.0,0.0,0.0,0.0,0.0,0.0,0.0,0.0,0.0,0.0,0.0,0.0,0.0,0.0,0.0,0.0,0.0,0.0,0.0,0.0,0.0,0.0,0.0,0.0,0.0,0.0,0.0,0.0,0.0,0.0,0.0,0.0,0.0,0.0,0.0,0.0,0.0,0.0,0.0,0.0,0.0,0.0,0.0,0.0,0.0,0.0,0.0,0.0,0.0,0.0,0.0,0.0,0.0,0.0,0.0,0.0,0.0,0.0,0.0,0.0,0.0,0.0,0.0,0.0,0.0,0.0,0.0,0.0,0.0,0.0,0.0,0.0,0.0,0.0,0.0,0.0,0.0,0.0,0.0,0.0,0.0,0.0,0.0,0.0,0.0,0.0,0.0,0.0,0.0,0.0,0.0,0.0,0.0,0.0
ENCFF888RXZ,0.17505489582814857,105900,148,4278,45287,659,147287,6706,365,406,322,572,3513,3451,9489,22423,41840,3457,800,5842,5546,177,763,78,72,59,1062,6562,3895,56212,4221,243,169,590,2249,2066,87,2410,23,17,8411,13037,251,780,66,64,775,7139,22196,774,689,1382,1814,477,349,6755,234,419,370,143,1016,1672,754,16048,2023,343,1850,63,51579,47573,8064,1408,884,2222,6316,366,1586,738,885,1073,278,1272,1384,5528,592,800,4671,14,1023,704,17,1160,225,66,1235,1489,22370,179955,10665,119,28437,40780,2940,35322,1497,787,5926,1862,1588,40,2814,7569,7230,192,5302,38364,2532,33146,341,1577,1665,8492,720,48621,1606,6194,2789,771,2544,411,82,30763,11848,4044,34287,9386,11980,29933,733,4944,5000,1442,4653,55031,612,1044,126,147,45,53,2539,517,506,10958,4522,635,4996,44577,3859,494,1430,1555,1223,3528,4019,3613,8475,72,143,46,1258,44,1948,768,1083,644,67,6,692,858,1301,15044,7488,46726,2538,30911,34355,15465,37315,15098,30439,319,28704,34973,11530,9686,25515,18917,5649,947,1131,871,67,732,1158,191,53,41,42,4169,283,37844,12960,11669,196,188369,40807,4299,30470,29461,1253,530,40166,18940,64075,4050,43568,138,42247,43,347,778,49,352,1178,223,4714,3412,31,851,1094,689,1144,529,2919,1797,519,283,6226,3682,2400,3668,1807,431,1005,994,472,479,340,1077,1406,5402,1232,489,1877,2906,2728,13337,27507,4633,2714,4365,1601,1040,657,740,1195,662,1124,7551,665,1293,5627,446,1952,627,4679,1473,1235,739,1151,247,621,761,3124,2700,1030,1239,966,2477,1871,1160,945,1293,5021,27,53,487,859,540,442,16555,94,9757,27,478,133,7419,1059,7796,7010,8319,37,3447,168,148,1994,4443,82817,939,2290,2713,1114,360,3154,221,540,1313,17352,7539,3956,1598,43,209,77,11,50,777,1086,2573,740,3918,698,642,2157,62244,751,2401,130768,610,6811,1192,7307,7626,2767,405,3059,8631,970,1163,1268,468,534,360,38490,1589,1186,1395,564,1410,1559,26515,89,12973,2062,70,29522,7438,53,337,5849,818,66,8321,992,1313,235,3994,1309,30317,3726,1374,967,1413,610,1402,1066,1555,1140,68,962,48,1971,206,43,216,968,251,548,860,36327,1567,11023,5129,1126,631,762,257,34216,284,16820,2119,11778,1656,274,3200,30,30503,5867,10659,45002,2442,23369,220,470,480,1532,540,1311,896,1766,7452,1249,33,956,1373,21,56,4119,4537,7,1050,167,26057,38804,31334,7530,35423,4247,597,82589,90862,13645,40738,67417,80020,330,153,884,865,243,1099,2863,422,394,823,7636,0.0,0.0,0.0,0.0,0.0,0.0,0.0,0.0,0.0,0.0,0.0,0.0,0.0,0.0,0.0,0.0,0.0,0.0,0.0,0.0,0.0,0.0,0.0,0.0,0.0,0.0,0.0,0.0,0.0,0.0,0.0,0.0,0.0,0.0,0.0,0.0,0.0,0.0,0.0,0.0,0.0,0.0,0.0,0.0,0.0,0.0,0.0,0.0,0.0,0.0,0.0,0.0,0.0,0.0,0.0,0.0,0.0,0.0,0.0,0.0,0.0,0.0,0.0,0.0,0.0,0.0,0.0,0.0,0.0,0.0,0.0,0.0,0.0,0.0,0.0,0.0,0.0,0.0,0.0,0.0,0.0,0.0,0.0,0.0,0.0,0.0,0.0,0.0,0.0,0.0,0.0,0.0,0.0,0.0,0.0,0.0,0.0,0.0,0.0,0.0,0.0,0.0,0.0,0.0,0.0,0.0,0.0,0.0,0.0,0.0,0.0,0.0,0.0,0.0,0.0,0.0,0.0,0.0,0.0,0.0,0.0,0.0,0.0,0.0,0.0,0.0,0.0,0.0,0.0,0.0,0.0,0.0,0.0,0.0,0.0,0.0,0.0,0.0,0.0,0.0,0.0,0.0,0.0,0.0,0.0,0.0,0.0,0.0,0.0,0.0
ENCFF454APQ,0.17112176794243722,49659,1658,2107,11072,234,30180,4554,133,174,183,946,2273,1123,2527,6015,6886,1540,319,4274,3457,170,590,73,56,60,479,2847,1290,7369,2784,177,143,582,732,642,76,1078,22,90,5855,7929,53,442,13,787,383,2867,7256,343,306,265,439,459,441,6119,160,303,260,307,517,1397,169,4092,271,404,646,346,22359,26556,6820,420,240,929,5780,241,425,167,295,321,72,300,473,2611,136,164,1299,10,281,162,10,1219,148,46,921,409,6687,109673,7836,53,20547,29332,1137,25149,516,203,4312,1268,1503,6,2504,5911,6185,163,2445,25708,1009,14853,144,713,757,5509,322,17581,517,4073,1989,724,2194,239,104,26554,3969,1500,8927,2691,13906,21166,433,2418,2360,501,2406,13873,514,572,27,78,76,23,1736,265,1286,5784,3712,492,3171,10803,896,326,429,1606,1734,1936,3234,2759,6809,53,129,53,350,9,634,166,1299,4497,22,1,392,507,423,11594,5048,31972,1038,14597,19493,7546,11089,7094,13058,204,19194,21675,8756,6621,16365,13097,5013,464,495,572,40,149,299,137,64,174,19,2493,139,13398,4592,2683,216,310779,21893,2281,17717,7347,971,565,22653,11316,24805,1272,37401,127,38288,84,241,1112,590,91,360,304,1815,1796,61,184,287,201,307,131,1121,604,579,141,2474,1887,1084,2925,411,94,242,246,122,98,99,574,342,2582,412,119,927,1099,874,3672,7387,1319,1076,3126,617,286,279,195,330,138,372,7211,161,329,4082,130,728,153,2248,329,346,180,317,595,123,279,851,810,265,284,250,1693,663,306,268,286,1393,27,19,116,199,618,94,11409,130,7859,11,400,48,4593,749,6298,4326,4037,20,1752,55,140,1235,3070,23578,501,2056,1249,727,76,1139,229,458,751,8586,5002,3733,1145,26,264,64,15,32,212,817,1725,271,2168,152,165,557,13551,231,746,86364,544,4101,312,2228,3195,1184,102,1157,4737,224,456,442,106,146,167,14553,506,356,470,300,478,550,17747,48,5663,1762,65,21102,5353,24,231,4028,926,31,3264,294,1493,280,1500,423,5740,693,870,259,475,134,470,320,1142,507,22,687,25,1168,347,13,175,628,766,271,445,14193,539,2560,1895,434,318,667,181,30611,154,11642,1122,9375,1073,172,1942,85,22082,4246,7093,38065,750,5610,109,288,114,425,1443,460,224,770,3931,395,38,592,321,24,21,3361,3377,19,509,180,18269,22780,15370,3850,23845,2672,413,37875,57749,6345,22940,40994,52469,151,107,227,232,99,250,1257,179,375,456,3689,0.0,0.0,0.0,0.0,0.0,0.0,0.0,0.0,0.0,0.0,0.0,0.0,0.0,0.0,0.0,0.0,0.0,0.0,0.0,0.0,0.0,0.0,0.0,0.0,0.0,0.0,0.0,0.0,0.0,0.0,0.0,0.0,0.0,0.0,0.0,0.0,0.0,0.0,0.0,0.0,0.0,0.0,0.0,0.0,0.0,0.0,0.0,0.0,0.0,0.0,0.0,0.0,0.0,0.0,0.0,0.0,0.0,0.0,0.0,0.0,0.0,0.0,0.0,0.0,0.0,0.0,0.0,0.0,0.0,0.0,0.0,0.0,0.0,0.0,0.0,0.0,0.0,0.0,0.0,0.0,0.0,0.0,0.0,0.0,0.0,0.0,0.0,0.0,0.0,0.0,0.0,0.0,0.0,0.0,0.0,0.0,0.0,0.0,0.0,0.0,0.0,0.0,0.0,0.0,0.0,0.0,0.0,0.0,0.0,0.0,0.0,0.0,0.0,0.0,0.0,0.0,0.0,0.0,0.0,0.0,0.0,0.0,0.0,0.0,0.0,0.0,0.0,0.0,0.0,0.0,0.0,0.0,0.0,0.0,0.0,0.0,0.0,0.0,0.0,0.0,0.0,0.0,0.0,0.0,0.0,0.0,0.0,0.0,0.0,0.0
ENCFF812ISD,0.19140690773993912,36270,147,3280,46670,729,75201,5237,371,496,239,425,2982,4698,11215,26567,28995,3536,405,4791,5123,140,607,105,95,88,928,1040,3381,33657,3160,251,152,411,1917,1792,63,1795,21,7,6967,9476,67,606,52,35,602,5645,34236,151,510,1164,1569,377,266,4923,147,287,334,112,682,1297,561,17534,269,452,286,25,50696,40654,5625,1121,787,1291,3827,230,1330,530,836,959,217,1121,1216,3225,452,583,3820,14,975,489,14,1071,316,25,1181,1585,18794,150650,8193,104,22506,33656,2551,29051,1161,671,4432,1386,1497,23,2290,5709,5675,197,4077,27425,2821,34101,514,2143,2113,7611,935,53253,1418,4959,2518,633,2187,324,126,22917,14699,556,32404,9824,8701,22805,222,4259,2669,1176,3082,87859,571,329,111,88,36,36,1809,297,387,9155,3847,613,3329,49939,4289,384,1148,835,644,2748,3662,3239,4008,64,80,34,1136,32,1848,700,1079,288,30,10,563,652,1025,12166,6055,37169,2159,27726,29157,13092,33762,12562,26261,251,23021,27668,8810,7580,20474,15365,5713,886,213,732,64,540,1012,150,74,21,114,3309,318,41531,12968,12974,231,164780,35008,3245,24366,31029,926,488,37168,17954,62714,4443,32833,115,32671,32,305,582,53,302,1049,173,3719,1830,22,756,978,645,910,437,2509,1487,155,194,4644,2710,1906,2096,1319,395,659,761,402,390,297,373,1227,4893,1286,405,1619,2189,2309,12368,32856,763,2396,2422,1292,876,662,695,1083,575,111,6538,501,838,4538,358,1542,398,3707,1118,1133,674,979,148,523,589,2494,2493,845,979,748,2053,1506,779,844,1048,4141,33,30,436,724,323,322,12425,127,8119,32,415,55,5751,618,6000,5664,7074,37,2430,86,139,2073,3219,75757,573,1662,1877,952,82,2791,195,589,606,14435,5833,2662,1149,31,158,111,29,28,703,1421,2071,576,3273,494,478,2898,62314,419,2189,100043,576,4869,1071,5440,1181,2578,274,444,3912,923,1065,1116,329,423,230,5587,1283,994,1136,419,1204,1341,22114,100,9536,1944,54,21297,6624,76,250,6645,664,68,6439,894,1204,229,3177,1175,40065,4272,619,783,1197,424,1200,924,1014,640,37,878,34,1552,153,64,152,445,631,737,908,51950,2092,12528,5898,1543,587,935,259,31745,141,12416,1589,10174,1242,347,2344,9,23716,4548,8517,36312,2188,34099,270,174,368,922,438,1146,829,1436,11063,1112,46,188,1122,20,30,3371,3350,24,249,140,20453,36408,29000,7137,29859,3365,335,67725,78656,12713,38694,56864,67617,314,135,805,726,204,993,966,319,404,645,6051,0.0,0.0,0.0,0.0,0.0,0.0,0.0,0.0,0.0,0.0,0.0,0.0,0.0,0.0,0.0,0.0,0.0,0.0,0.0,0.0,0.0,0.0,0.0,0.0,0.0,0.0,0.0,0.0,0.0,0.0,0.0,0.0,0.0,0.0,0.0,0.0,0.0,0.0,0.0,0.0,0.0,0.0,0.0,0.0,0.0,0.0,0.0,0.0,0.0,0.0,0.0,0.0,0.0,0.0,0.0,0.0,0.0,0.0,0.0,0.0,0.0,0.0,0.0,0.0,0.0,0.0,0.0,0.0,0.0,0.0,0.0,0.0,0.0,0.0,0.0,0.0,0.0,0.0,0.0,0.0,0.0,0.0,0.0,0.0,0.0,0.0,0.0,0.0,0.0,0.0,0.0,0.0,0.0,0.0,0.0,0.0,0.0,0.0,0.0,0.0,0.0,0.0,0.0,0.0,0.0,0.0,0.0,0.0,0.0,0.0,0.0,0.0,0.0,0.0,0.0,0.0,0.0,0.0,0.0,0.0,0.0,0.0,0.0,0.0,0.0,0.0,0.0,0.0,0.0,0.0,0.0,0.0,0.0,0.0,0.0,0.0,0.0,0.0,0.0,0.0,0.0,0.0,0.0,0.0,0.0,0.0,0.0,0.0,0.0,0.0
ENCFF481ENJ,0.15158188383849522,46040,389,3896,44935,690,101947,9485,391,595,308,673,4234,4987,11761,31697,32244,4062,488,6959,6283,203,786,105,52,76,1450,1477,3542,18895,4027,313,214,513,2211,2038,88,2271,27,46,8983,11846,56,775,42,198,1124,6741,20651,181,741,1094,1537,541,368,7174,208,394,449,140,808,1820,508,12897,944,570,447,122,53041,50100,7790,1223,794,1474,5743,304,1481,558,866,1051,238,1097,1459,4274,498,595,4114,19,970,534,27,1358,190,27,1185,1484,15455,184884,12004,163,31524,46684,2736,40635,1471,677,5677,1697,2151,35,3508,8651,8670,197,5096,36378,2718,29134,419,1768,2199,9945,741,42261,1759,6595,3062,929,3111,373,139,32086,15909,907,24474,10589,11409,31710,275,5541,2878,1310,4642,43433,686,370,148,133,54,53,2476,265,775,11651,5117,773,4441,46729,3768,477,1361,1205,1194,3258,4951,4151,5790,79,132,50,1186,17,1971,641,1550,399,41,13,577,840,1192,16772,7997,47960,2663,33291,41268,17365,30556,15109,30883,288,30963,36942,11839,10748,38804,21079,6925,2470,306,740,108,623,1026,173,84,44,31,4531,340,38699,12701,14042,255,280461,40970,4034,32347,25728,1232,619,46317,21943,62452,4342,48791,305,47219,54,441,884,261,290,1192,311,4283,2380,32,682,1003,658,1015,454,3088,1849,228,320,5386,3215,2391,3130,1403,372,677,872,352,384,296,564,1266,12869,1408,407,2058,2724,2574,12933,35472,1046,2804,3454,1485,1041,831,682,1078,601,142,8501,538,915,5810,397,1764,414,4824,1184,1150,659,986,209,506,577,2671,2652,844,1032,809,2736,1619,799,813,1070,4673,24,49,449,673,560,204,15858,76,10759,23,583,42,7185,820,7940,7952,7996,14,3067,131,191,1504,4143,78629,757,2330,2711,1261,79,3488,207,291,775,23509,6861,4467,1681,20,179,121,18,48,716,1493,2640,738,4126,522,545,1609,58025,457,2476,136691,676,6487,1127,6062,1701,2799,291,622,5114,903,1306,1337,407,464,302,7314,1483,1128,1305,674,1344,1531,28774,72,12093,2575,50,29810,7727,29,309,12617,806,55,7553,876,1419,348,3794,1288,20792,4023,767,880,1472,471,1262,1004,1373,810,19,1153,21,1917,133,162,219,601,347,685,746,32277,1732,10554,5913,1133,589,1099,181,38684,185,16724,1983,13975,1449,484,3285,45,39427,6979,12870,52831,3899,19935,281,367,405,957,538,1345,834,1754,5776,1288,59,299,1071,19,36,4576,4487,38,342,209,27742,54673,59758,8524,41309,4802,1033,78765,139538,25216,60209,88511,103713,347,205,855,780,225,1022,1327,415,522,852,7156,0.0,0.0,0.0,0.0,0.0,0.0,0.0,0.0,0.0,0.0,0.0,0.0,0.0,0.0,0.0,0.0,0.0,0.0,0.0,0.0,0.0,0.0,0.0,0.0,0.0,0.0,0.0,0.0,0.0,0.0,0.0,0.0,0.0,0.0,0.0,0.0,0.0,0.0,0.0,0.0,0.0,0.0,0.0,0.0,0.0,0.0,0.0,0.0,0.0,0.0,0.0,0.0,0.0,0.0,0.0,0.0,0.0,0.0,0.0,0.0,0.0,0.0,0.0,0.0,0.0,0.0,0.0,0.0,0.0,0.0,0.0,0.0,0.0,0.0,0.0,0.0,0.0,0.0,0.0,0.0,0.0,0.0,0.0,0.0,0.0,0.0,0.0,0.0,0.0,0.0,0.0,0.0,0.0,0.0,0.0,0.0,0.0,0.0,0.0,0.0,0.0,0.0,0.0,0.0,0.0,0.0,0.0,0.0,0.0,0.0,0.0,0.0,0.0,0.0,0.0,0.0,0.0,0.0,0.0,0.0,0.0,0.0,0.0,0.0,0.0,0.0,0.0,0.0,0.0,0.0,0.0,0.0,0.0,0.0,0.0,0.0,0.0,0.0,0.0,0.0,0.0,0.0,0.0,0.0,0.0,0.0,0.0,0.0,0.0,0.0
ENCFF000ZEK,0.13736082241134692,19462,236,1631,13927,216,33750,3956,76,193,165,354,1330,1068,2631,6981,7790,1390,263,3553,3297,118,454,62,60,63,501,161,1355,8420,2086,165,94,259,954,957,10,1213,29,13,3653,6424,22,389,9,98,659,2603,5808,24,260,295,402,264,181,3954,104,212,424,220,559,624,91,3397,197,217,32,28,19931,25497,5872,448,199,474,3209,136,694,170,245,305,61,335,863,2130,112,155,1224,13,269,138,5,828,101,20,671,412,5493,93619,6532,58,17453,23486,1252,20160,893,192,3266,929,1071,17,1655,4539,4770,113,2182,18544,1182,10797,169,700,855,5114,345,12074,710,3766,1801,466,1891,245,76,19313,3765,125,6524,2735,7363,16287,25,2038,2189,642,1760,15023,250,150,66,74,20,35,1358,186,273,5821,3469,426,2242,13283,957,254,671,1081,863,1533,2947,2826,3619,45,67,47,286,6,587,191,660,473,11,1,170,449,572,8949,4168,24617,930,13447,17787,7355,10681,6111,11672,120,15516,17818,6058,5579,12799,11034,3607,416,37,523,17,159,258,107,39,11,43,2106,153,12212,4614,2672,166,136578,20993,1634,16287,6893,754,363,20567,10517,23797,1649,30843,125,32606,31,185,399,69,94,551,152,1417,1213,17,173,300,176,304,121,1768,905,299,139,2085,1601,980,1684,377,79,196,235,111,117,75,313,315,2533,569,92,799,1302,986,3042,3855,110,1243,2089,493,377,291,169,322,152,74,4425,148,271,2989,117,672,130,1743,281,404,172,318,99,127,210,786,805,250,267,205,1427,534,226,232,240,1373,21,20,138,182,337,80,8968,160,5886,16,352,35,3558,498,4302,3799,3961,27,1604,136,123,1102,2228,24562,404,1267,1378,542,3,1402,94,174,387,6966,3781,1163,874,79,116,96,6,49,185,1007,1674,530,2017,140,154,492,15779,123,699,72577,272,3529,343,2743,273,1147,99,64,1945,218,651,881,126,138,123,1066,866,328,821,216,686,848,14361,79,4649,1279,37,16443,4092,32,187,3130,598,69,2766,273,886,235,1777,430,5359,889,311,223,694,136,426,282,1082,370,39,544,36,900,80,16,141,201,273,300,395,14067,710,2824,2083,427,192,650,318,23662,32,9184,704,7859,967,231,1684,16,17483,3225,5555,23432,671,4521,86,210,126,249,209,693,208,478,4047,610,9,158,306,29,31,2411,2595,4,33,118,14678,19861,13368,3556,20797,2272,216,31892,47603,6134,20446,33854,44550,102,112,236,205,60,260,902,164,285,387,3673,0.0,0.0,0.0,0.0,0.0,0.0,0.0,0.0,0.0,0.0,0.0,0.0,0.0,0.0,0.0,0.0,0.0,0.0,0.0,0.0,0.0,0.0,0.0,0.0,0.0,0.0,0.0,0.0,0.0,0.0,0.0,0.0,0.0,0.0,0.0,0.0,0.0,0.0,0.0,0.0,0.0,0.0,0.0,0.0,0.0,0.0,0.0,0.0,0.0,0.0,0.0,0.0,0.0,0.0,0.0,0.0,0.0,0.0,0.0,0.0,0.0,0.0,0.0,0.0,0.0,0.0,0.0,0.0,0.0,0.0,0.0,0.0,0.0,0.0,0.0,0.0,0.0,0.0,0.0,0.0,0.0,0.0,0.0,0.0,0.0,0.0,0.0,0.0,0.0,0.0,0.0,0.0,0.0,0.0,0.0,0.0,0.0,0.0,0.0,0.0,0.0,0.0,0.0,0.0,0.0,0.0,0.0,0.0,0.0,0.0,0.0,0.0,0.0,0.0,0.0,0.0,0.0,0.0,0.0,0.0,0.0,0.0,0.0,0.0,0.0,0.0,0.0,0.0,0.0,0.0,0.0,0.0,0.0,0.0,0.0,0.0,0.0,0.0,0.0,0.0,0.0,0.0,0.0,0.0,0.0,0.0,0.0,0.0,0.0,0.0
ENCFF202KVA,0.1244163343178869,102622,90,1379,21109,203,83903,6448,329,184,143,628,3302,922,2712,12783,9555,1583,528,2901,4794,119,536,48,106,73,1516,7013,2841,12947,2915,131,41,399,1937,1648,17,2097,26,4,6012,6708,47,175,51,11,553,4903,10635,396,780,1322,1400,142,205,4249,55,265,299,176,823,1884,111,3797,158,142,1895,162,19610,32874,4424,1155,725,1781,4127,33,1464,586,644,792,241,1194,1392,1841,407,777,3542,21,828,797,6,739,164,18,781,499,6517,112391,6801,149,19016,27513,2743,23869,1345,696,2833,1133,1280,32,2582,5916,6877,106,4737,26901,745,18298,98,446,614,4646,212,26273,1182,5635,1992,210,1488,92,97,19492,2408,2599,7310,3595,9109,19521,220,3813,2780,1137,2817,18814,248,479,35,69,34,13,1323,296,533,9947,3000,250,2710,20472,1360,182,1376,529,267,1900,3496,4196,5410,45,87,43,1000,37,1174,461,485,82,7,24,407,309,1265,8566,4359,30469,2214,14313,22404,9973,17791,11277,20215,88,17618,22421,7931,7293,18574,13221,2813,792,608,437,24,759,1181,82,53,15,58,4118,77,22083,9896,2979,223,114460,28962,3286,17135,7377,703,504,22644,12849,32621,2108,32839,118,34798,55,200,773,48,295,962,319,3780,2761,30,678,605,608,1095,524,2456,1255,290,189,4230,3029,1449,10460,1619,323,929,832,436,308,225,251,1037,2869,843,339,986,2412,1651,4894,49297,6149,2136,2649,1107,868,691,626,912,544,53,5401,564,1579,3946,286,1508,528,3201,1722,1112,1062,1001,244,375,394,2432,1760,954,797,805,1982,1611,1090,577,1097,2621,30,35,389,816,577,359,10992,206,7375,24,149,76,4074,569,6000,5917,6665,27,1891,168,31,1204,2312,53167,633,1520,2249,987,46,1907,43,116,1140,17493,4290,4267,979,121,182,111,7,54,622,1120,1870,808,3396,597,420,802,28118,248,1618,84857,388,4336,1033,5754,7566,1881,259,526,4657,769,1090,1114,344,252,91,58951,1535,1026,1029,455,990,1183,17109,37,11119,885,24,22632,5815,24,318,5226,847,135,5754,723,1170,182,3338,946,9445,1122,1100,700,1052,621,786,836,1078,576,45,738,35,1939,164,300,84,458,272,108,421,22176,675,4987,2975,388,625,805,232,21315,393,9230,1348,7777,1058,58,2018,20,25204,4510,8173,31350,1988,8469,100,213,420,1007,493,999,833,1019,4915,894,18,106,1048,24,27,2211,2210,7,350,151,18143,24016,23663,5115,21427,3232,415,39582,53961,10009,23145,45063,52093,102,53,677,620,318,930,481,357,183,583,5849,0.0,0.0,0.0,0.0,0.0,0.0,0.0,0.0,0.0,0.0,0.0,0.0,0.0,0.0,0.0,0.0,0.0,0.0,0.0,0.0,0.0,0.0,0.0,0.0,0.0,0.0,0.0,0.0,0.0,0.0,0.0,0.0,0.0,0.0,0.0,0.0,0.0,0.0,0.0,0.0,0.0,0.0,0.0,0.0,0.0,0.0,0.0,0.0,0.0,0.0,0.0,0.0,0.0,0.0,0.0,0.0,0.0,0.0,0.0,0.0,0.0,0.0,0.0,0.0,0.0,0.0,0.0,0.0,0.0,0.0,0.0,0.0,0.0,0.0,0.0,0.0,0.0,0.0,0.0,0.0,0.0,0.0,0.0,0.0,0.0,0.0,0.0,0.0,0.0,0.0,0.0,0.0,0.0,0.0,0.0,0.0,0.0,0.0,0.0,0.0,0.0,0.0,0.0,0.0,0.0,0.0,0.0,0.0,0.0,0.0,0.0,0.0,0.0,0.0,0.0,0.0,0.0,0.0,0.0,0.0,0.0,0.0,0.0,0.0,0.0,0.0,0.0,0.0,0.0,0.0,0.0,0.0,0.0,0.0,0.0,0.0,0.0,0.0,0.0,0.0,0.0,0.0,0.0,0.0,0.0,0.0,0.0,0.0,0.0,0.0
ENCFF000NBH,0.16369063838920886,62822,232,2635,29778,415,73089,11064,332,519,495,889,3527,3290,5589,17763,27993,3429,1146,5151,6021,280,1049,110,201,270,1161,2886,3731,20854,5798,449,152,598,2007,1766,52,2887,40,29,10330,16122,114,875,89,60,868,7674,22447,296,866,1052,1326,704,683,10007,243,609,650,482,1590,2019,114,6567,775,161,732,287,39190,59278,11272,1164,699,1790,8924,538,1388,588,809,856,204,1023,1292,4936,478,568,3659,48,868,579,41,1924,560,95,1897,832,6185,215339,14084,117,37446,54054,2827,46529,1308,640,8102,2490,2406,68,4785,11173,12098,620,5008,47527,2073,32236,215,1025,1210,9803,459,50889,1331,8042,3640,1473,4006,1004,341,47434,10582,1913,34845,6904,26637,44334,245,4845,3633,1275,4790,24968,439,510,102,154,38,52,3728,562,1082,11228,6147,718,4473,31468,2704,892,1255,4432,4364,3729,6253,5808,8722,94,364,162,1038,104,1597,572,1760,999,37,3,516,1109,1181,19728,9645,58976,2676,33806,41123,15658,32880,15975,30330,476,35127,41783,15131,12719,30857,24359,7149,942,596,722,89,545,969,253,151,63,134,4851,315,39632,9798,12104,654,207966,39606,4169,33268,14656,1750,730,41297,18073,44747,3000,57246,132,58289,54,428,1251,252,311,989,396,4240,3845,77,651,873,578,935,477,2683,1608,268,320,6340,3972,2477,3846,1300,301,701,709,401,346,300,643,1090,5131,917,366,1961,2846,2233,9226,19327,1707,2913,4532,1465,810,658,589,953,478,137,11420,572,1086,6779,353,2111,499,4722,1078,997,551,954,249,471,514,2558,2107,754,912,778,3058,1827,1072,777,999,4111,23,43,414,638,905,257,22645,294,13325,43,471,157,9349,1287,10572,8193,8246,70,4116,285,264,1917,6120,66330,1152,3214,2413,1426,127,2744,347,782,1493,18014,6879,6268,2453,280,392,172,21,95,690,3080,3202,714,4015,562,603,1507,53587,500,2278,154510,473,8326,1028,6462,3270,2409,371,1092,6206,803,1057,1198,333,441,469,16788,1460,964,1216,553,1234,1335,34077,182,13840,2734,111,36686,9003,37,417,6519,1436,85,7934,793,1938,344,3838,1131,12489,1980,868,791,1225,502,1276,861,1927,696,38,1012,45,2400,430,85,386,575,916,475,811,24240,958,6797,3870,910,649,1238,544,53130,190,19913,1810,16496,2522,333,4000,64,40458,7658,12170,53036,1530,18669,190,279,403,993,546,1107,759,1424,7458,1078,27,610,1090,98,124,6139,6569,48,454,235,35684,41161,30371,7447,46868,5443,409,81424,105831,12553,41702,79895,99081,348,172,685,679,256,868,1772,494,536,1021,7948,0.0,0.0,0.0,0.0,0.0,0.0,0.0,0.0,0.0,0.0,0.0,0.0,0.0,0.0,0.0,0.0,0.0,0.0,0.0,0.0,0.0,0.0,0.0,0.0,0.0,0.0,0.0,0.0,0.0,0.0,0.0,0.0,0.0,0.0,0.0,0.0,0.0,0.0,0.0,0.0,0.0,0.0,0.0,0.0,0.0,0.0,0.0,0.0,0.0,0.0,0.0,0.0,0.0,0.0,0.0,0.0,0.0,0.0,0.0,0.0,0.0,0.0,0.0,0.0,0.0,0.0,0.0,0.0,0.0,0.0,0.0,0.0,0.0,0.0,0.0,0.0,0.0,0.0,0.0,0.0,0.0,0.0,0.0,0.0,0.0,0.0,0.0,0.0,0.0,0.0,0.0,0.0,0.0,0.0,0.0,0.0,0.0,0.0,0.0,0.0,0.0,0.0,0.0,0.0,0.0,0.0,0.0,0.0,0.0,0.0,0.0,0.0,0.0,0.0,0.0,0.0,0.0,0.0,0.0,0.0,0.0,0.0,0.0,0.0,0.0,0.0,0.0,0.0,0.0,0.0,0.0,0.0,0.0,0.0,0.0,0.0,0.0,0.0,0.0,0.0,0.0,0.0,0.0,0.0,0.0,0.0,0.0,0.0,0.0,0.0
ENCFF328AIK,0.1693383416888673,1804346,11199,21172,157512,1749,245572,40329,1366,1898,1545,5756,18521,12954,28850,59679,74899,14608,2721,36180,30064,1363,4465,535,490,936,5034,150658,14956,98452,23392,1581,4230,4044,8417,7814,3387,10848,217,447,48267,64982,380,3906,178,4919,4456,29496,96941,22496,2379,3946,5542,3007,3090,51483,1050,2148,2338,1500,4549,9531,2400,45172,1284,4445,43474,1620,219633,238721,50489,4995,2744,36151,48233,2056,5632,2096,2951,3667,880,3931,5765,20919,1776,1921,15258,117,3593,1972,136,8522,2434,339,8913,5363,83447,931148,62200,2981,162156,228695,12378,197755,6222,2472,33139,10683,11719,164,19844,46900,47348,1825,23790,218627,9855,107300,1261,5206,6932,46626,2361,133090,5931,32398,16853,6870,17298,2745,768,203468,42191,88321,104707,28970,105066,165939,23868,22842,21342,5834,37399,170126,4970,23555,406,722,249,248,13454,1656,6625,55333,27994,3704,25637,153061,12723,2641,5458,9352,7798,16475,23545,20050,45628,266,1012,375,4032,143,7083,2315,13030,25774,1763,17,9740,5382,5077,91134,40743,284065,10714,137614,172145,73713,122015,68535,126911,1381,155272,180510,70079,53140,145549,106351,43864,4412,32868,5279,340,1993,3519,1223,390,347,742,21582,1364,159669,52421,34716,2361,2600408,201693,34902,149585,87007,7454,3863,208873,106355,261026,11557,266302,879,267947,382,2222,6533,3088,1077,4559,1625,18065,15101,300,2434,3641,2239,3631,1602,13051,7300,5928,1674,23069,16852,11013,23939,4851,1261,2475,2893,1348,1345,1004,4739,4243,28907,5224,1490,8604,11630,10653,46857,92470,79916,11619,22291,6154,3804,3348,2480,3711,1853,2687,55891,1959,3298,34206,1348,8400,1628,21935,4132,4278,2222,3754,4553,1786,5393,10102,10007,3123,3680,2882,13804,6849,3298,3008,3679,16446,150,483,1648,2518,3170,1435,92049,1549,60699,117,2940,990,36717,5894,46494,36090,41335,131,16048,543,1223,12701,23393,291726,13298,19465,13204,5927,7328,13969,1474,2216,5473,81993,41077,23837,10122,597,1720,664,53,178,2592,9302,13618,3141,18490,2018,1865,6487,195602,9016,9022,684826,4883,32639,4025,27240,165299,12217,1261,71822,159623,3110,5432,5767,1377,1778,3259,789068,6433,4195,5956,3189,5606,6340,142562,523,53372,13371,344,161558,44791,245,1779,30990,6835,291,31950,3173,9457,1744,16111,5121,102998,13589,30208,2927,5483,1725,5242,3585,8724,4039,221,5797,158,10785,2046,329,1212,19423,5637,2467,4582,96920,4667,37914,18953,3655,2636,7413,2446,229799,12174,94533,30890,73000,8890,2099,15953,528,191746,35718,61594,309472,8410,67134,3200,2416,1399,11793,9257,5696,2784,7971,44441,5094,231,16715,3945,263,334,25319,24645,90,30534,1990,151820,215503,152225,39364,202447,23119,7213,327548,496756,65198,218973,362329,451326,1283,979,2880,2672,919,3259,10570,1818,2667,3995,34316,0.0,0.0,0.0,0.0,0.0,0.0,0.0,0.0,0.0,0.0,0.0,0.0,0.0,0.0,0.0,0.0,0.0,0.0,0.0,0.0,0.0,0.0,0.0,0.0,0.0,0.0,0.0,0.0,0.0,0.0,0.0,0.0,0.0,0.0,0.0,0.0,0.0,0.0,0.0,0.0,0.0,0.0,0.0,0.0,0.0,0.0,0.0,0.0,0.0,0.0,0.0,0.0,0.0,0.0,0.0,0.0,0.0,0.0,0.0,0.0,0.0,0.0,0.0,0.0,0.0,0.0,0.0,0.0,0.0,0.0,0.0,0.0,0.0,0.0,0.0,0.0,0.0,0.0,0.0,0.0,0.0,0.0,0.0,0.0,0.0,0.0,0.0,0.0,0.0,0.0,0.0,0.0,0.0,0.0,0.0,0.0,0.0,0.0,0.0,0.0,0.0,0.0,0.0,0.0,0.0,0.0,0.0,0.0,0.0,0.0,0.0,0.0,0.0,0.0,0.0,0.0,0.0,0.0,0.0,0.0,0.0,0.0,0.0,0.0,0.0,0.0,0.0,0.0,0.0,0.0,0.0,0.0,0.0,0.0,0.0,0.0,0.0,0.0,0.0,0.0,0.0,0.0,0.0,0.0,0.0,0.0,0.0,0.0,0.0,0.0
ENCFF243GOM,0.6276461207400991,64536384,475714,5981,679,1,14630,4250,120,468,151,858,1151,395,254,48,33,913,784,674,4172,90,851,810,329,0,975,2254674,1256,271,2626,348,3229,653,1405,702,68,934,8,0,10027,6831,355,3434,172,34849,263,2809,34,356160,377,567,701,185,1176,72418,1,210,36,0,681,489,0,12,10,3,368632,1,13679,38408,12574,509,577,18685,5762,42,556,315,518,566,95,483,522,1638,229,260,1525,9,365,388,0,1736,0,0,701,129,34,139927,8037,92,30600,31258,888,27422,948,247,3424,1030,1787,0,38742,20591,12537,261,4752,113553,89,4026,0,0,113,3947,1,215,393,8074,3003,533,1611,203,0,21441,670,935618,118,432,9883,44275,259195,3701,430,598,78440,1181,477,369918,0,69,71,3,1188,236,62,7615,2729,129,1390,787,196,4074,749,9747,5778,1350,1327,1661,18585,156,26,48,409,0,543,246,2368,4620,2,0,762,189,734,12735,3956,356291,1146,9757,14450,5205,7056,8865,15640,81,19718,22115,6849,8631,22215,34775,2886,918,4318,56,6,238,614,47,2,37,0,2477,0,5215,2895,18,2,35011456,19547,42508,11842,647,636,396,13564,8614,12852,64,36183,7,29419,88,87,472,0,160,637,209,1894,1561,7,276,290,254,446,209,1602,505,3247,96,2758,1575,1005,3970,740,211,423,359,223,165,121,349,412,1807,329,134,766,1250,799,1119,421,4140342,1211,17788,706,308,310,437,367,172,129,11055,286,888,3178,121,1299,214,1789,635,510,300,440,357,241,249,1135,841,369,378,314,2090,1587,441,249,428,1285,16,11,185,411,325,0,37353,6,14868,44,111,16,3024,359,15521,7121,3218,0,1713,29,23,14,2191,21832,92378,4636,6178,717,545,957,17,53,1170,9672,1324,1002,970,45,329,6,0,0,366,0,1176,265,1547,263,160,297,272,64256,848,76308,50619,3718,470,2553,2534290,861,449,254278,755863,313,999,663,168,92,153,20847349,733,744,751,158,385,508,11170,16,7387,1045,1,42822,7452,0,261,2118,2024,4,3126,376,350,132,2337,532,356,66,511510,285,543,261,374,667,2017,2,6,2686,20,1065,542,51,41,243388,550,5,19,954,2,1367,488,23,404,1956,11,64927,234729,7740,7878,7642,770,21,3161,0,18457,2523,4906,29744,318,614,108,0,173,508,156754,469,434,500,145,639,0,2209,460,0,0,3654,2168,0,268332,3744,17053,30349,16664,2735,16736,3332,151,22539,88227,5960,28404,63231,41761,25,68,278,258,129,340,427,251,560,342,5773,0.0,0.0,0.0,0.0,0.0,0.0,0.0,0.0,0.0,0.0,0.0,0.0,0.0,0.0,0.0,0.0,0.0,0.0,0.0,0.0,0.0,0.0,0.0,0.0,0.0,0.0,0.0,0.0,0.0,0.0,0.0,0.0,0.0,0.0,0.0,0.0,0.0,0.0,0.0,0.0,0.0,0.0,0.0,0.0,0.0,0.0,0.0,0.0,0.0,0.0,0.0,0.0,0.0,0.0,0.0,0.0,0.0,0.0,0.0,0.0,0.0,0.0,0.0,0.0,0.0,0.0,0.0,0.0,0.0,0.0,0.0,0.0,0.0,0.0,0.0,0.0,0.0,0.0,0.0,0.0,0.0,0.0,0.0,0.0,0.0,0.0,0.0,0.0,0.0,0.0,0.0,0.0,0.0,0.0,0.0,0.0,0.0,0.0,0.0,0.0,0.0,0.0,0.0,0.0,0.0,0.0,0.0,0.0,0.0,0.0,0.0,0.0,0.0,0.0,0.0,0.0,0.0,0.0,0.0,0.0,0.0,0.0,0.0,0.0,0.0,0.0,0.0,0.0,0.0,0.0,0.0,0.0,0.0,0.0,0.0,0.0,0.0,0.0,0.0,0.0,0.0,0.0,0.0,0.0,0.0,0.0,0.0,0.0,0.0,0.0
ENCFF000WPN,0.14984754978159276,18468,95,1177,7328,316,27068,1267,66,128,51,117,874,1274,2548,3830,8517,902,75,1054,1649,25,88,30,9,13,181,1129,928,5998,703,58,78,108,487,455,54,435,6,3,1797,2151,21,130,13,28,105,1397,7761,176,126,283,378,85,78,1296,34,55,87,24,99,354,61,3628,73,53,364,7,12378,12035,1144,284,185,499,956,44,340,136,230,231,61,274,297,794,117,153,1056,2,251,126,7,259,135,6,438,386,3902,39832,2400,28,6121,8943,630,7777,286,185,894,299,359,9,608,1573,1503,15,1167,6543,908,10176,285,1194,944,2283,524,12515,404,1359,709,159,539,79,24,6031,3580,876,5269,2391,2275,5078,254,1294,440,309,803,10965,114,158,18,33,15,5,409,83,97,2819,916,157,831,7776,926,85,280,136,104,658,995,769,942,18,9,6,255,8,529,200,204,29,34,2,179,158,242,3180,1463,9670,628,7316,7688,3485,7001,3497,7494,65,6368,7575,2220,2037,5210,3850,1304,239,211,163,22,136,270,49,24,8,6,961,51,8870,3286,3246,46,45432,8434,829,5782,6437,162,156,9613,4309,14840,1820,8510,36,8206,20,72,162,42,100,214,40,937,395,8,183,260,184,224,122,620,351,61,55,1073,654,445,540,306,110,173,213,114,90,85,100,322,1344,369,121,429,614,565,3060,9439,771,548,597,377,236,174,192,274,149,30,1447,138,253,1060,97,359,108,992,312,278,183,251,56,126,177,685,669,219,284,207,536,410,184,245,269,1128,7,10,115,176,86,89,2564,22,1880,3,132,13,1249,149,1380,1479,1540,6,458,11,50,209,736,18528,179,461,518,244,52,746,22,24,82,3421,1341,778,236,8,37,30,2,10,187,272,542,108,1046,164,133,382,10149,162,604,29117,144,1116,267,1297,1126,688,93,537,2194,234,265,282,124,106,69,6294,312,234,269,109,304,349,5249,17,2351,523,4,5282,1890,7,38,1433,122,10,1535,240,249,63,703,305,5576,930,249,243,252,117,274,255,249,97,6,248,4,419,12,25,34,196,19,242,180,7189,997,3266,2190,543,135,182,17,6844,151,3109,536,2459,206,82,570,12,6370,1246,2176,9720,947,4720,112,94,123,285,141,280,244,435,1694,303,16,109,293,5,5,748,727,2,187,39,4779,10642,7862,1985,7905,872,79,15992,21550,3518,10848,15266,17832,48,38,229,191,57,230,225,73,85,142,1601,0.0,0.0,0.0,0.0,0.0,0.0,0.0,0.0,0.0,0.0,0.0,0.0,0.0,0.0,0.0,0.0,0.0,0.0,0.0,0.0,0.0,0.0,0.0,0.0,0.0,0.0,0.0,0.0,0.0,0.0,0.0,0.0,0.0,0.0,0.0,0.0,0.0,0.0,0.0,0.0,0.0,0.0,0.0,0.0,0.0,0.0,0.0,0.0,0.0,0.0,0.0,0.0,0.0,0.0,0.0,0.0,0.0,0.0,0.0,0.0,0.0,0.0,0.0,0.0,0.0,0.0,0.0,0.0,0.0,0.0,0.0,0.0,0.0,0.0,0.0,0.0,0.0,0.0,0.0,0.0,0.0,0.0,0.0,0.0,0.0,0.0,0.0,0.0,0.0,0.0,0.0,0.0,0.0,0.0,0.0,0.0,0.0,0.0,0.0,0.0,0.0,0.0,0.0,0.0,0.0,0.0,0.0,0.0,0.0,0.0,0.0,0.0,0.0,0.0,0.0,0.0,0.0,0.0,0.0,0.0,0.0,0.0,0.0,0.0,0.0,0.0,0.0,0.0,0.0,0.0,0.0,0.0,0.0,0.0,0.0,0.0,0.0,0.0,0.0,0.0,0.0,0.0,0.0,0.0,0.0,0.0,0.0,0.0,0.0,0.0
ENCFF563FFY,0.1900907080002058,10632,66,1550,15468,392,55278,1758,172,283,89,131,1350,2769,5432,9074,21220,1809,141,2175,2122,48,201,54,12,25,321,92,1627,10652,1218,102,58,170,901,838,14,818,7,3,2682,4068,31,191,16,15,228,2617,8933,10,209,470,715,160,102,1933,46,106,116,35,211,624,371,5995,176,73,23,5,20672,18262,2397,502,371,514,1415,94,563,274,395,448,103,536,536,1351,279,305,1732,8,418,293,4,493,69,17,1051,688,9336,64158,3365,49,9568,14000,1183,12083,556,330,1611,412,454,3,740,2200,2156,64,1755,12045,1384,12830,240,1024,962,3099,439,19352,666,1862,908,228,799,162,35,8545,8091,66,8649,4680,3176,9896,19,1887,1337,569,1361,19299,211,80,69,26,25,15,723,103,147,3789,1399,273,1492,18055,1771,159,569,336,349,1100,1247,996,1584,20,29,9,485,13,870,338,422,45,3,13,262,259,499,5110,2443,14454,1017,12505,11166,5644,12920,5831,12517,132,9829,12155,3453,3150,8400,5812,2372,371,12,313,32,263,476,51,15,10,8,1220,196,15894,5434,7544,71,68170,15111,1298,10257,12946,317,171,16029,7745,26172,2433,13066,72,12791,15,115,231,14,161,536,73,1650,740,5,341,489,333,504,215,1146,688,63,69,1955,1205,835,845,591,177,338,390,201,199,143,161,585,2061,665,223,783,1090,1032,6305,14259,78,1109,960,619,394,341,319,505,288,40,2813,288,455,1997,209,658,206,1695,578,479,300,479,35,261,247,1121,1143,381,480,408,932,732,396,407,506,1934,22,24,244,340,125,147,5049,28,3470,9,173,6,2269,234,2575,2373,3828,18,1015,37,79,517,1290,38585,159,660,904,443,13,1354,75,66,253,5683,2719,1178,403,33,110,47,9,7,318,447,934,251,1705,253,281,1145,26354,138,1006,44779,307,2186,480,2612,152,1196,160,29,1246,411,510,483,211,241,79,489,595,488,524,155,524,616,8349,38,4077,738,14,8334,2274,24,87,1889,301,8,2810,434,335,102,1322,579,15696,1703,222,420,582,225,543,436,415,291,10,389,23,627,42,4,80,131,128,333,315,16637,972,5156,2517,663,236,271,69,10725,18,5098,662,4138,443,168,1007,6,9130,1800,3325,14282,1102,8309,123,104,208,429,213,453,413,638,2487,493,11,61,553,10,12,1306,1257,19,37,54,7938,14895,11850,2830,11909,1258,147,28645,31783,5388,15736,22699,27054,155,75,424,394,110,466,387,107,175,229,2468,0.0,0.0,0.0,0.0,0.0,0.0,0.0,0.0,0.0,0.0,0.0,0.0,0.0,0.0,0.0,0.0,0.0,0.0,0.0,0.0,0.0,0.0,0.0,0.0,0.0,0.0,0.0,0.0,0.0,0.0,0.0,0.0,0.0,0.0,0.0,0.0,0.0,0.0,0.0,0.0,0.0,0.0,0.0,0.0,0.0,0.0,0.0,0.0,0.0,0.0,0.0,0.0,0.0,0.0,0.0,0.0,0.0,0.0,0.0,0.0,0.0,0.0,0.0,0.0,0.0,0.0,0.0,0.0,0.0,0.0,0.0,0.0,0.0,0.0,0.0,0.0,0.0,0.0,0.0,0.0,0.0,0.0,0.0,0.0,0.0,0.0,0.0,0.0,0.0,0.0,0.0,0.0,0.0,0.0,0.0,0.0,0.0,0.0,0.0,0.0,0.0,0.0,0.0,0.0,0.0,0.0,0.0,0.0,0.0,0.0,0.0,0.0,0.0,0.0,0.0,0.0,0.0,0.0,0.0,0.0,0.0,0.0,0.0,0.0,0.0,0.0,0.0,0.0,0.0,0.0,0.0,0.0,0.0,0.0,0.0,0.0,0.0,0.0,0.0,0.0,0.0,0.0,0.0,0.0,0.0,0.0,0.0,0.0,0.0,0.0
ENCFF489FQX,0.15185332390126,97253,424,5191,107183,942,190545,10834,702,408,283,641,6275,2850,10199,39955,50493,2575,1024,8284,6637,112,815,61,109,122,2046,6675,6485,55396,4735,216,91,780,4592,4144,59,4069,42,10,10996,12744,301,571,81,86,1291,11350,44054,630,1303,2965,3253,391,272,5858,195,423,322,231,1064,3003,1538,30600,844,411,1828,168,79949,68294,6214,2710,1675,3587,5422,234,3138,1417,1833,2078,505,2658,2853,4001,992,1684,8236,43,2034,1665,26,1129,249,48,3103,2244,41140,229698,11200,189,30011,47343,5550,39851,2845,1649,4840,1600,1925,33,3683,8217,9059,255,6552,38870,3136,79260,366,1801,2153,9214,833,129184,2892,6955,2791,562,2516,301,85,30031,11068,2670,62514,12191,12461,30407,232,7698,9108,2760,4981,65778,655,648,241,130,63,38,2493,509,593,13337,4199,443,5829,107384,6072,424,2959,1540,1191,3741,4720,4396,6119,74,175,71,2570,56,3141,1429,1288,383,25,12,1095,766,2708,14457,7308,50508,4344,34445,48439,20265,48441,22989,43962,419,33399,42299,11145,10434,33118,22144,7645,1452,739,1127,65,1521,2729,165,58,53,99,4976,186,77663,17686,13488,506,303487,60168,6290,36795,51587,1351,600,53464,28410,102001,4356,43320,137,40006,32,409,991,41,728,2140,464,8309,3414,37,1915,1739,1527,2318,1145,5600,3113,224,335,9376,5661,3103,3234,3677,808,1853,1955,1082,763,569,370,3027,7476,1949,853,2466,4955,4166,22270,77667,5373,5219,4049,2459,1907,1592,1459,2221,1305,75,10153,1236,3261,6914,729,2960,1268,6285,3218,2416,1868,2306,226,1183,932,5586,4709,1982,2080,1892,3476,3237,2624,1660,2645,7180,40,54,1014,1825,602,671,16732,192,10574,34,315,62,8533,875,8836,8891,12493,67,3648,149,127,2016,3874,152098,966,2598,4259,1460,219,4897,94,726,1845,29208,11202,6878,1560,93,160,116,35,70,1416,2875,2674,1587,5136,1594,1136,2908,142654,648,3653,132869,1001,8262,2315,13297,7623,4636,671,1236,7180,1892,2472,2521,900,831,231,38926,3211,2192,2575,1071,2542,2868,33028,68,22857,1817,52,31297,8853,84,514,7492,1466,68,12745,1761,1059,194,7108,2390,51008,4760,1312,1653,2515,1395,1965,2171,1307,1283,54,1082,62,3248,187,76,161,586,785,453,1345,63725,2099,16562,7903,1560,879,902,311,30793,229,16801,2824,11313,1612,170,3086,17,47061,8046,15466,59579,4269,29496,310,430,949,2172,1143,2275,1842,2462,9585,2316,21,348,2513,53,88,3582,3631,16,553,195,30173,52011,43042,11364,39903,5447,727,120498,111950,19067,52708,87370,96469,425,121,1611,1570,559,2074,818,523,308,951,9313,0.0,0.0,0.0,0.0,0.0,0.0,0.0,0.0,0.0,0.0,0.0,0.0,0.0,0.0,0.0,0.0,0.0,0.0,0.0,0.0,0.0,0.0,0.0,0.0,0.0,0.0,0.0,0.0,0.0,0.0,0.0,0.0,0.0,0.0,0.0,0.0,0.0,0.0,0.0,0.0,0.0,0.0,0.0,0.0,0.0,0.0,0.0,0.0,0.0,0.0,0.0,0.0,0.0,0.0,0.0,0.0,0.0,0.0,0.0,0.0,0.0,0.0,0.0,0.0,0.0,0.0,0.0,0.0,0.0,0.0,0.0,0.0,0.0,0.0,0.0,0.0,0.0,0.0,0.0,0.0,0.0,0.0,0.0,0.0,0.0,0.0,0.0,0.0,0.0,0.0,0.0,0.0,0.0,0.0,0.0,0.0,0.0,0.0,0.0,0.0,0.0,0.0,0.0,0.0,0.0,0.0,0.0,0.0,0.0,0.0,0.0,0.0,0.0,0.0,0.0,0.0,0.0,0.0,0.0,0.0,0.0,0.0,0.0,0.0,0.0,0.0,0.0,0.0,0.0,0.0,0.0,0.0,0.0,0.0,0.0,0.0,0.0,0.0,0.0,0.0,0.0,0.0,0.0,0.0,0.0,0.0,0.0,0.0,0.0,0.0
ENCFF000WYO,0.038530527374965706,2259,14,290,2224,36,3863,370,22,25,23,30,214,145,349,968,1082,167,25,253,321,10,42,3,3,3,42,40,229,1574,199,19,14,28,146,142,3,146,1,0,456,692,4,69,3,5,106,408,1360,8,47,80,72,31,19,386,5,19,19,7,49,74,30,703,18,20,19,3,3091,3221,374,86,43,79,326,14,122,46,65,80,20,71,125,237,36,32,227,3,55,31,0,98,19,1,136,79,578,9989,604,7,1651,2373,143,2076,157,46,298,87,102,5,162,511,428,19,290,1705,127,1534,34,138,133,528,57,1999,123,409,161,62,163,28,5,1710,475,55,1273,358,798,1683,18,301,152,108,206,2954,21,14,2,7,1,1,101,19,38,634,260,41,266,2161,261,23,82,75,75,184,378,384,332,5,9,3,78,0,123,41,270,469,8,2,31,44,90,929,448,2615,173,1589,1954,947,2209,856,1761,10,1687,1971,658,546,1435,1154,429,56,11,39,3,37,47,9,3,1,1,232,20,2184,803,355,11,10826,2275,223,1667,1349,62,39,2373,1051,3417,220,2528,17,2588,3,16,49,9,16,69,12,219,127,4,46,69,38,57,23,219,110,19,10,242,186,132,146,91,22,45,50,34,19,19,33,75,300,82,33,136,203,170,830,2115,30,192,216,103,48,54,42,64,38,2,410,38,47,333,19,94,34,229,74,78,48,51,9,28,25,184,160,53,76,46,168,78,44,48,77,242,1,0,31,31,42,11,803,7,508,0,35,3,407,35,406,396,439,2,149,7,9,62,240,3976,32,115,158,73,2,173,14,38,45,834,365,193,78,3,11,11,0,8,35,34,183,95,212,42,37,112,2852,32,122,7318,35,356,66,383,74,146,20,19,250,54,89,73,33,27,17,327,117,66,84,28,113,107,1460,8,663,143,2,1580,425,1,16,423,29,5,418,51,83,25,240,88,1330,214,35,69,87,37,99,51,58,37,3,63,3,108,6,8,9,35,16,42,55,2438,115,720,340,83,28,51,7,2109,13,897,146,776,94,23,202,2,1693,341,597,2542,225,1060,18,17,22,55,18,98,50,83,414,81,2,17,85,2,3,253,237,0,12,13,1474,2420,1834,427,2168,264,26,4650,5362,814,2543,4135,4689,11,13,48,44,11,51,81,22,22,39,411,0.0,0.0,0.0,0.0,0.0,0.0,0.0,0.0,0.0,0.0,0.0,0.0,0.0,0.0,0.0,0.0,0.0,0.0,0.0,0.0,0.0,0.0,0.0,0.0,0.0,0.0,0.0,0.0,0.0,0.0,0.0,0.0,0.0,0.0,0.0,0.0,0.0,0.0,0.0,0.0,0.0,0.0,0.0,0.0,0.0,0.0,0.0,0.0,0.0,0.0,0.0,0.0,0.0,0.0,0.0,0.0,0.0,0.0,0.0,0.0,0.0,0.0,0.0,0.0,0.0,0.0,0.0,0.0,0.0,0.0,0.0,0.0,0.0,0.0,0.0,0.0,0.0,0.0,0.0,0.0,0.0,0.0,0.0,0.0,0.0,0.0,0.0,0.0,0.0,0.0,0.0,0.0,0.0,0.0,0.0,0.0,0.0,0.0,0.0,0.0,0.0,0.0,0.0,0.0,0.0,0.0,0.0,0.0,0.0,0.0,0.0,0.0,0.0,0.0,0.0,0.0,0.0,0.0,0.0,0.0,0.0,0.0,0.0,0.0,0.0,0.0,0.0,0.0,0.0,0.0,0.0,0.0,0.0,0.0,0.0,0.0,0.0,0.0,0.0,0.0,0.0,0.0,0.0,0.0,0.0,0.0,0.0,0.0,0.0,0.0
ENCFF035BJT,0.1540122744943528,75066,113,1798,34447,719,191182,9308,542,447,301,622,6510,2944,11185,17929,38257,2483,875,8309,5153,101,669,33,205,158,2004,5435,4650,48628,4002,144,55,594,4079,5206,31,5373,155,7,9182,9741,165,308,168,23,996,9672,21984,330,1050,2457,2334,157,297,5044,105,385,266,266,1429,2716,278,17842,1572,542,7455,206,52807,51910,5763,2427,1427,2805,7016,176,3812,1010,1346,1601,399,2113,4219,2576,711,1214,6153,53,1770,1229,36,989,429,76,1813,1193,21219,159392,8140,220,22567,37143,5977,31767,4059,1263,3350,1280,1666,59,3098,6374,6891,212,5450,40462,3241,90676,364,1845,1855,7042,984,145187,2980,5916,2104,500,1814,250,141,24671,12029,1864,28748,11526,12093,25321,120,7040,11282,3391,3815,61588,565,360,158,188,78,84,1882,887,654,10525,3407,403,5502,34270,2515,240,3741,1958,1189,2896,4033,4002,5155,106,469,96,2184,148,2414,947,710,366,15,23,809,556,4205,14411,5855,43561,3563,33628,40090,18032,42816,19592,34379,495,28463,36849,10610,9705,30930,18856,7044,1189,480,1068,33,1905,2588,290,170,76,776,3910,467,74059,12392,28537,789,194588,45087,4626,27905,36057,924,538,41566,22386,63027,4373,41484,99,36416,79,219,755,93,554,1974,748,6046,2903,54,1152,1182,1229,1934,992,7059,2926,130,228,6429,6206,2220,2699,2855,696,1442,1634,770,475,392,279,2045,5854,1378,588,1673,5619,4970,9030,36418,3779,5637,3231,2099,2356,2322,1302,1724,943,57,9202,871,2579,7955,571,2547,905,6130,3236,2607,1934,1924,154,745,858,4570,3237,1967,1421,1284,2633,2519,1739,1146,2418,4506,25,40,669,1486,740,385,12449,533,8610,27,238,119,6716,652,7182,6425,10950,136,2740,428,119,2917,2764,132399,1310,2666,6000,1205,44,6980,206,240,1939,26226,10591,6287,1405,185,351,231,19,186,1167,1645,1808,2533,4163,958,721,1330,89005,300,2527,100293,683,6759,1917,12646,7093,3004,476,819,4089,1471,3683,2842,501,433,113,42659,6228,1986,2720,513,3086,3363,26615,167,18539,1330,39,26927,8442,84,477,6986,1444,264,9373,1409,1133,273,7600,1902,24117,2225,948,1249,2874,1071,1411,1781,1300,1323,134,1318,104,2531,699,132,120,315,680,522,1295,23014,1657,7772,5465,942,792,1083,365,26663,323,10826,1992,8728,1677,69,2595,14,37731,6433,11592,44507,1672,19349,161,339,668,1645,895,4245,1600,1603,8360,2039,21,136,1841,57,122,2904,2725,21,331,366,26324,39299,32853,8210,30852,4210,547,74628,88736,15352,38485,69244,79107,522,82,1417,1101,502,1786,678,316,229,707,7098,0.0,0.0,0.0,0.0,0.0,0.0,0.0,0.0,0.0,0.0,0.0,0.0,0.0,0.0,0.0,0.0,0.0,0.0,0.0,0.0,0.0,0.0,0.0,0.0,0.0,0.0,0.0,0.0,0.0,0.0,0.0,0.0,0.0,0.0,0.0,0.0,0.0,0.0,0.0,0.0,0.0,0.0,0.0,0.0,0.0,0.0,0.0,0.0,0.0,0.0,0.0,0.0,0.0,0.0,0.0,0.0,0.0,0.0,0.0,0.0,0.0,0.0,0.0,0.0,0.0,0.0,0.0,0.0,0.0,0.0,0.0,0.0,0.0,0.0,0.0,0.0,0.0,0.0,0.0,0.0,0.0,0.0,0.0,0.0,0.0,0.0,0.0,0.0,0.0,0.0,0.0,0.0,0.0,0.0,0.0,0.0,0.0,0.0,0.0,0.0,0.0,0.0,0.0,0.0,0.0,0.0,0.0,0.0,0.0,0.0,0.0,0.0,0.0,0.0,0.0,0.0,0.0,0.0,0.0,0.0,0.0,0.0,0.0,0.0,0.0,0.0,0.0,0.0,0.0,0.0,0.0,0.0,0.0,0.0,0.0,0.0,0.0,0.0,0.0,0.0,0.0,0.0,0.0,0.0,0.0,0.0,0.0,0.0,0.0,0.0
ENCFF056LLR,0.07739426763624442,6355,133,448,3292,58,5548,697,35,33,30,83,391,243,910,1818,1385,306,41,524,619,13,67,10,7,8,106,268,369,1551,372,31,32,62,195,195,14,186,2,12,913,971,6,89,12,38,64,596,2654,45,31,116,163,36,54,660,22,28,42,24,59,205,43,1354,100,50,88,21,5347,7765,653,108,67,171,518,22,115,44,80,129,26,83,117,352,35,58,371,1,77,46,2,103,16,3,200,145,1745,17090,1028,23,2861,4149,233,3669,302,68,474,163,189,1,307,832,746,8,548,3125,198,2338,29,144,166,879,55,3229,135,642,282,99,227,32,11,2965,1136,168,1680,768,1435,2611,72,497,249,132,395,4203,27,50,12,15,9,4,188,33,115,1121,451,61,393,3459,332,32,121,98,88,293,357,325,636,11,14,2,92,2,213,57,280,283,14,11,64,77,89,1690,675,4557,245,2820,3288,1569,3030,1469,3132,19,3012,3330,1658,886,2558,1868,680,92,51,60,25,54,86,14,10,1,2,488,23,3576,1213,707,33,28023,3933,468,2803,2296,108,170,4142,1874,6012,242,4771,23,3922,6,35,119,48,27,68,18,385,228,4,60,108,53,97,39,218,161,58,30,474,262,214,279,111,22,66,84,27,43,32,45,122,643,111,43,258,277,246,1300,8060,205,221,407,122,77,62,61,101,55,20,755,41,84,461,32,125,40,421,104,83,60,98,52,39,86,248,222,77,83,76,231,135,77,81,99,460,5,5,49,64,66,27,1380,20,925,3,49,16,594,59,722,770,745,3,257,7,14,91,419,7450,63,242,249,118,24,332,12,24,69,1762,683,460,109,7,22,11,2,4,65,129,276,58,477,54,56,140,4495,52,232,12788,56,638,93,517,343,271,41,139,693,80,95,103,32,59,29,1626,113,83,122,68,110,132,2470,9,1004,232,2,2706,725,7,18,760,55,3,677,78,181,23,330,110,1933,306,74,96,100,49,117,81,105,70,9,132,3,186,26,8,13,61,48,65,99,3022,111,961,468,88,50,105,10,3868,32,1573,208,1132,133,45,300,6,3342,735,1050,4767,607,1771,24,42,39,111,102,109,64,180,688,79,6,43,125,5,2,361,322,0,84,22,2427,4617,3144,908,3609,510,37,6686,9596,1450,4346,7426,8377,26,13,80,74,16,90,137,45,40,70,707,0.0,0.0,0.0,0.0,0.0,0.0,0.0,0.0,0.0,0.0,0.0,0.0,0.0,0.0,0.0,0.0,0.0,0.0,0.0,0.0,0.0,0.0,0.0,0.0,0.0,0.0,0.0,0.0,0.0,0.0,0.0,0.0,0.0,0.0,0.0,0.0,0.0,0.0,0.0,0.0,0.0,0.0,0.0,0.0,0.0,0.0,0.0,0.0,0.0,0.0,0.0,0.0,0.0,0.0,0.0,0.0,0.0,0.0,0.0,0.0,0.0,0.0,0.0,0.0,0.0,0.0,0.0,0.0,0.0,0.0,0.0,0.0,0.0,0.0,0.0,0.0,0.0,0.0,0.0,0.0,0.0,0.0,0.0,0.0,0.0,0.0,0.0,0.0,0.0,0.0,0.0,0.0,0.0,0.0,0.0,0.0,0.0,0.0,0.0,0.0,0.0,0.0,0.0,0.0,0.0,0.0,0.0,0.0,0.0,0.0,0.0,0.0,0.0,0.0,0.0,0.0,0.0,0.0,0.0,0.0,0.0,0.0,0.0,0.0,0.0,0.0,0.0,0.0,0.0,0.0,0.0,0.0,0.0,0.0,0.0,0.0,0.0,0.0,0.0,0.0,0.0,0.0,0.0,0.0,0.0,0.0,0.0,0.0,0.0,0.0
ENCFF240PXJ,0.15203278863374464,39294,124,2058,54909,654,196046,6863,454,194,116,299,4057,1635,6108,19936,28858,1398,413,8163,3666,62,351,34,72,59,1621,2151,4238,46157,2668,112,29,444,3036,3120,49,3007,34,3,5424,6056,74,292,127,30,762,6821,41414,106,768,2109,2136,93,161,2362,119,201,195,170,561,2095,1186,21469,2702,356,558,22,50198,34706,2561,1804,1144,2327,2457,59,2110,925,1131,1435,405,1901,1855,1923,650,1276,4947,18,1336,1134,29,607,273,59,1089,1289,20433,113324,5082,110,13661,24135,4271,20391,1901,1150,2197,1042,1409,31,2326,5203,5870,124,4415,15740,1685,34244,173,866,1090,4819,401,54451,1820,3443,1488,298,1149,67,29,13240,5720,806,39716,10444,5567,15136,107,4741,11936,1719,2457,67929,1203,195,115,55,29,42,1130,231,124,7189,1775,180,2940,55023,3950,133,2047,1542,1302,2028,2829,2968,2943,28,72,39,1626,21,2026,896,780,1210,16,12,664,291,1854,6649,3415,24822,2670,18631,26140,11806,29953,13409,24613,208,17445,23059,5023,5573,18483,10893,4228,853,97,1009,23,1241,1992,72,29,22,28,2402,107,53788,12368,8141,316,152399,35881,3317,22927,34420,605,364,32425,17872,67010,3289,28133,119,22009,6,163,385,17,475,1399,285,5786,1441,25,1130,1001,973,1728,813,3651,1759,91,151,5473,3849,1854,1695,2689,566,1498,1351,801,472,375,145,1784,4855,1452,634,1452,3284,2515,12707,31274,1921,3238,1872,1534,1341,1033,1034,1367,911,23,5870,791,2619,3797,538,1879,829,3738,2563,1635,1548,1547,95,631,545,3725,2873,1459,1252,1330,1845,2173,1687,986,1839,3964,24,26,637,1311,306,357,7285,112,5458,24,142,44,4211,264,4253,4838,7625,31,1927,71,26,2097,1576,93909,275,1290,2707,704,24,2905,52,150,937,19177,10722,2792,769,38,86,45,17,38,949,729,1144,1159,3052,1055,662,1804,84460,241,2517,59464,654,4551,1502,8791,2306,2772,433,188,3086,1265,1577,1732,518,451,83,15057,2445,1563,1624,640,1689,1890,20066,77,14979,995,27,17279,3851,12,248,4346,690,89,7846,1073,596,106,4138,1548,19715,2440,437,1118,1700,917,1070,1475,683,882,23,649,30,1963,59,131,22,170,703,273,1002,56939,1813,11956,5219,1007,508,500,220,15935,175,8631,1758,5334,887,44,1642,3,25330,4735,8647,30944,1102,33871,183,396,595,1614,857,1419,1328,1560,11017,1425,23,86,1738,31,35,1714,1457,18,135,39,15999,31426,26350,6901,22014,3174,956,65281,65002,11813,30728,50877,54476,214,55,1095,966,443,1509,339,265,119,572,5065,0.0,0.0,0.0,0.0,0.0,0.0,0.0,0.0,0.0,0.0,0.0,0.0,0.0,0.0,0.0,0.0,0.0,0.0,0.0,0.0,0.0,0.0,0.0,0.0,0.0,0.0,0.0,0.0,0.0,0.0,0.0,0.0,0.0,0.0,0.0,0.0,0.0,0.0,0.0,0.0,0.0,0.0,0.0,0.0,0.0,0.0,0.0,0.0,0.0,0.0,0.0,0.0,0.0,0.0,0.0,0.0,0.0,0.0,0.0,0.0,0.0,0.0,0.0,0.0,0.0,0.0,0.0,0.0,0.0,0.0,0.0,0.0,0.0,0.0,0.0,0.0,0.0,0.0,0.0,0.0,0.0,0.0,0.0,0.0,0.0,0.0,0.0,0.0,0.0,0.0,0.0,0.0,0.0,0.0,0.0,0.0,0.0,0.0,0.0,0.0,0.0,0.0,0.0,0.0,0.0,0.0,0.0,0.0,0.0,0.0,0.0,0.0,0.0,0.0,0.0,0.0,0.0,0.0,0.0,0.0,0.0,0.0,0.0,0.0,0.0,0.0,0.0,0.0,0.0,0.0,0.0,0.0,0.0,0.0,0.0,0.0,0.0,0.0,0.0,0.0,0.0,0.0,0.0,0.0,0.0,0.0,0.0,0.0,0.0,0.0
ENCFF000QQX,0.15041433261973258,137181,269,3564,52900,560,116744,10679,411,485,533,988,4444,3289,8091,25378,28352,4168,1501,6804,8137,327,1413,69,61,64,2084,8802,5087,38186,7372,538,259,738,3201,3008,86,4062,24,15,13291,20950,97,1160,35,74,1514,10952,30237,1002,1523,1648,2113,902,709,13709,236,630,646,332,1644,2133,415,18011,371,707,2370,68,65362,75402,15221,1889,1072,2976,14814,633,2346,911,1159,1358,351,1545,2267,6488,729,888,5505,42,1256,870,68,2633,1152,229,2953,1555,13540,278638,16565,177,46185,66725,4105,57397,2301,969,10853,3701,3682,52,5995,14560,13983,389,7065,64309,2753,38766,331,1642,1554,13737,667,59283,1966,10421,4479,1250,4966,784,146,59046,10943,5010,35471,8830,26963,54294,836,6753,5191,2214,6755,53127,469,1317,126,163,16,74,4617,634,723,15447,7888,1027,5631,52962,4179,876,2127,2271,1841,4787,7476,6693,11106,157,425,152,1578,63,2406,846,1679,835,71,4,846,1230,1905,25902,12652,79039,3764,39886,53913,21375,45279,21692,42783,538,46173,54171,22053,16079,41392,32893,8895,1412,1529,1163,63,811,1443,289,95,50,233,6337,275,68247,15680,10532,3594,290548,53715,6187,43886,30999,2265,887,56779,24747,74798,3190,75930,177,78999,21,634,1170,96,445,1627,426,6557,5333,101,1034,1317,903,1360,651,4603,2684,524,396,9538,5636,3447,4982,1939,452,1167,1129,615,548,425,1002,1844,7155,1217,574,2698,4536,3614,15827,32473,5185,4381,6553,2120,1350,1130,894,1425,678,526,13224,835,1531,9908,590,3013,724,6486,1605,1750,826,1485,509,809,881,3889,3270,1140,1489,1157,4547,2545,1470,1202,1444,5882,29,73,694,985,1456,491,31164,402,18696,53,740,207,12828,1765,14353,10906,11801,43,5406,182,240,1825,8026,71979,1612,3833,3959,1876,374,4148,274,729,1891,25357,9044,4998,3059,111,401,193,50,68,985,2399,4925,1449,5933,808,910,3184,69084,954,3067,212103,698,11636,1508,10126,9144,3648,484,3088,11637,1161,1878,1949,568,744,569,44316,2353,1591,2130,725,2099,2385,46446,86,19036,3544,71,52000,13308,57,577,8755,1439,77,11084,1235,2432,401,6124,1818,40681,3683,1814,1248,1951,716,1772,1329,2308,314,108,1725,42,3501,727,34,390,1238,659,551,1138,42116,1425,11101,5255,1094,936,1575,549,72172,450,25578,2884,22104,2904,415,5292,31,47359,8524,16483,68655,1850,27821,308,537,591,1688,759,1930,999,2121,16851,1850,46,1304,1599,49,78,7761,8203,2,1486,264,44827,53505,41937,10129,56626,6984,744,101249,135925,18340,55238,102967,126274,365,268,1086,1067,376,1256,2313,629,652,1245,10793,0.0,0.0,0.0,0.0,0.0,0.0,0.0,0.0,0.0,0.0,0.0,0.0,0.0,0.0,0.0,0.0,0.0,0.0,0.0,0.0,0.0,0.0,0.0,0.0,0.0,0.0,0.0,0.0,0.0,0.0,0.0,0.0,0.0,0.0,0.0,0.0,0.0,0.0,0.0,0.0,0.0,0.0,0.0,0.0,0.0,0.0,0.0,0.0,0.0,0.0,0.0,0.0,0.0,0.0,0.0,0.0,0.0,0.0,0.0,0.0,0.0,0.0,0.0,0.0,0.0,0.0,0.0,0.0,0.0,0.0,0.0,0.0,0.0,0.0,0.0,0.0,0.0,0.0,0.0,0.0,0.0,0.0,0.0,0.0,0.0,0.0,0.0,0.0,0.0,0.0,0.0,0.0,0.0,0.0,0.0,0.0,0.0,0.0,0.0,0.0,0.0,0.0,0.0,0.0,0.0,0.0,0.0,0.0,0.0,0.0,0.0,0.0,0.0,0.0,0.0,0.0,0.0,0.0,0.0,0.0,0.0,0.0,0.0,0.0,0.0,0.0,0.0,0.0,0.0,0.0,0.0,0.0,0.0,0.0,0.0,0.0,0.0,0.0,0.0,0.0,0.0,0.0,0.0,0.0,0.0,0.0,0.0,0.0,0.0,0.0
ENCFF000WZB,0.10963071437252156,12203,65,1153,11533,355,42673,2251,77,122,111,170,951,1059,1477,3886,9763,939,172,1611,2148,52,235,32,11,16,288,133,1123,11275,1276,98,49,172,598,533,9,618,5,5,2530,3835,14,248,4,17,205,2094,8590,23,181,285,477,145,144,2494,61,135,128,56,239,492,59,2798,75,274,43,10,13152,15164,2504,297,228,363,1821,78,421,189,283,300,82,332,384,1355,143,200,1121,7,304,143,9,452,183,13,491,397,2692,59265,3724,35,10074,14239,806,12201,907,201,2205,692,769,8,1221,2901,2867,47,1512,12471,906,13641,267,1110,966,3459,493,17925,457,2294,1141,262,995,168,59,11341,2643,167,6122,1597,5368,10131,43,1391,878,367,1195,8780,159,71,21,44,23,17,767,121,152,3782,1839,278,1235,11283,970,194,355,292,221,958,1601,1478,1941,20,199,19,358,3,607,202,435,83,9,1,171,275,340,5505,2543,15782,799,9588,11754,4620,9110,4718,9494,73,9800,11388,3991,3165,7704,6001,1794,259,39,233,18,156,297,72,19,8,10,1279,75,9612,3694,2641,91,54122,11604,1001,8786,5063,379,224,12321,5671,15664,1612,15069,63,15631,16,139,268,27,112,315,93,1206,729,21,217,306,211,276,139,800,470,83,92,1625,1073,662,1147,395,89,204,257,121,125,96,199,394,1599,375,117,692,795,709,3214,6207,135,777,1251,440,287,233,208,310,212,50,2493,164,264,1829,109,676,127,1309,344,326,186,290,90,179,216,789,785,254,318,235,847,513,255,303,332,1175,10,20,154,213,408,119,5051,44,3753,12,214,40,2295,257,2545,2460,2195,11,957,47,79,296,1352,14993,196,612,740,399,11,854,65,93,219,4765,1875,1004,516,18,137,55,3,12,205,936,1130,175,1375,161,155,448,13666,134,658,45729,168,1954,300,1762,224,959,81,68,1354,258,314,353,122,147,85,800,418,339,354,221,400,416,8576,23,3174,764,8,9623,2131,7,109,2085,235,18,2251,259,954,115,1147,352,8461,900,209,248,343,137,372,265,453,66,2,336,3,649,105,12,44,138,67,245,190,7382,1020,2887,2085,521,150,305,59,13842,42,5524,567,4499,461,101,1001,9,10851,1983,3808,15418,526,5863,76,70,131,269,136,375,286,501,2502,313,15,70,352,10,13,1539,1431,5,67,79,8628,13434,9614,2457,12393,1381,80,21484,30537,4043,13873,21942,27728,86,68,233,220,64,265,612,79,184,242,2382,0.0,0.0,0.0,0.0,0.0,0.0,0.0,0.0,0.0,0.0,0.0,0.0,0.0,0.0,0.0,0.0,0.0,0.0,0.0,0.0,0.0,0.0,0.0,0.0,0.0,0.0,0.0,0.0,0.0,0.0,0.0,0.0,0.0,0.0,0.0,0.0,0.0,0.0,0.0,0.0,0.0,0.0,0.0,0.0,0.0,0.0,0.0,0.0,0.0,0.0,0.0,0.0,0.0,0.0,0.0,0.0,0.0,0.0,0.0,0.0,0.0,0.0,0.0,0.0,0.0,0.0,0.0,0.0,0.0,0.0,0.0,0.0,0.0,0.0,0.0,0.0,0.0,0.0,0.0,0.0,0.0,0.0,0.0,0.0,0.0,0.0,0.0,0.0,0.0,0.0,0.0,0.0,0.0,0.0,0.0,0.0,0.0,0.0,0.0,0.0,0.0,0.0,0.0,0.0,0.0,0.0,0.0,0.0,0.0,0.0,0.0,0.0,0.0,0.0,0.0,0.0,0.0,0.0,0.0,0.0,0.0,0.0,0.0,0.0,0.0,0.0,0.0,0.0,0.0,0.0,0.0,0.0,0.0,0.0,0.0,0.0,0.0,0.0,0.0,0.0,0.0,0.0,0.0,0.0,0.0,0.0,0.0,0.0,0.0,0.0
ENCFF374ZME,0.13261689906669755,50893,78,2433,28610,397,91381,9154,536,391,292,647,4253,2087,3775,12179,17043,2087,1331,3952,5695,111,858,48,223,142,1516,1815,3955,14627,4325,187,64,571,2783,2732,21,3151,58,4,7482,11255,199,430,93,16,746,7978,15716,142,1342,1763,1891,262,380,6774,132,496,383,472,1482,2134,144,5164,118,278,530,76,28862,51373,6344,1728,946,2763,7252,85,1960,889,946,1267,313,1766,1950,2917,620,1025,5285,45,1193,1088,34,1372,513,112,2290,633,5494,154237,9100,185,26203,40774,3752,34984,2023,1019,4608,1872,2299,79,4167,7863,9758,636,5328,39477,1255,40692,162,697,909,6773,354,66061,1614,6147,2532,517,2481,173,106,34934,4007,788,12152,5172,13361,32121,95,5423,3464,1671,3689,35578,728,283,50,151,88,41,2327,577,389,10894,4448,418,3774,26902,1728,406,2248,3859,3044,3024,5515,6322,7125,60,161,65,1477,61,1701,794,911,299,10,12,647,450,1892,12646,6548,41479,3198,19308,31366,11067,19766,14351,26374,213,26379,32993,10109,10058,25804,19318,4133,1205,140,308,35,1024,1638,172,61,42,97,4207,215,27866,6986,5641,459,128710,29393,3791,20450,9116,1304,565,28826,12117,32343,1420,41872,91,42075,59,262,682,42,485,1320,280,5157,2565,75,1054,977,897,1405,848,3575,1726,120,252,6043,4113,2268,3334,2433,422,1241,1143,672,442,387,347,1343,4172,791,529,1705,3738,2423,6291,25330,1795,3483,3728,1658,1228,998,865,1256,682,49,9167,945,2384,6287,556,2171,819,4669,2432,1594,1254,1370,154,677,493,3683,2541,1304,1143,1166,3004,2582,1506,901,1415,3631,24,18,629,1175,753,286,14541,351,9602,28,232,62,5986,753,7911,7111,7358,67,2920,267,97,1299,3551,52112,566,2157,3369,1257,30,2713,117,1088,1878,20558,5355,3917,1864,117,179,298,24,202,900,917,2286,1161,4811,856,722,1366,47058,203,2471,123028,494,6828,1401,8031,2394,2620,514,257,3954,1066,1675,1742,524,419,154,17752,2427,1556,1583,488,1579,1714,27055,178,16469,1530,140,32836,8782,35,607,5839,1268,158,8374,1017,1037,256,5450,1384,22852,1187,536,1136,1629,976,1054,1266,1541,708,52,1392,105,2623,237,150,133,170,511,187,664,18357,703,6233,3007,495,967,1114,439,34671,111,12137,1437,11511,2465,63,2851,11,36727,6549,10451,42612,1380,15089,132,408,612,1580,881,1521,1139,1417,4706,1235,16,175,1395,35,82,3519,3590,22,104,110,28913,30443,23893,6050,31970,5139,530,54950,79355,10346,30119,63134,77647,180,98,944,966,541,1255,860,667,275,801,7040,0.0,0.0,0.0,0.0,0.0,0.0,0.0,0.0,0.0,0.0,0.0,0.0,0.0,0.0,0.0,0.0,0.0,0.0,0.0,0.0,0.0,0.0,0.0,0.0,0.0,0.0,0.0,0.0,0.0,0.0,0.0,0.0,0.0,0.0,0.0,0.0,0.0,0.0,0.0,0.0,0.0,0.0,0.0,0.0,0.0,0.0,0.0,0.0,0.0,0.0,0.0,0.0,0.0,0.0,0.0,0.0,0.0,0.0,0.0,0.0,0.0,0.0,0.0,0.0,0.0,0.0,0.0,0.0,0.0,0.0,0.0,0.0,0.0,0.0,0.0,0.0,0.0,0.0,0.0,0.0,0.0,0.0,0.0,0.0,0.0,0.0,0.0,0.0,0.0,0.0,0.0,0.0,0.0,0.0,0.0,0.0,0.0,0.0,0.0,0.0,0.0,0.0,0.0,0.0,0.0,0.0,0.0,0.0,0.0,0.0,0.0,0.0,0.0,0.0,0.0,0.0,0.0,0.0,0.0,0.0,0.0,0.0,0.0,0.0,0.0,0.0,0.0,0.0,0.0,0.0,0.0,0.0,0.0,0.0,0.0,0.0,0.0,0.0,0.0,0.0,0.0,0.0,0.0,0.0,0.0,0.0,0.0,0.0,0.0,0.0
ENCFF766JJP,0.18488412344283647,72910,273,10577,58078,2090,173355,8884,640,2172,513,1326,7387,23303,34318,31206,105971,12591,1348,10320,14981,338,1152,461,83,128,1364,235,7185,39653,6504,607,336,877,3588,3324,74,3370,72,39,14858,21317,295,1231,90,54,781,11507,33606,40,1131,1839,3059,905,675,11745,312,639,1043,391,1404,3464,1206,21923,1260,754,115,119,100382,103327,12386,2085,1539,1942,8948,237,2331,1077,1617,1869,443,2034,2181,7530,865,1168,7689,44,1878,966,86,2457,494,52,7571,2873,36207,379135,24657,281,62717,84725,5095,73000,2239,1449,9948,3449,3751,41,5609,14438,14348,205,10131,63613,8202,48923,1555,7562,6772,20456,3420,60183,2964,13020,7200,1976,5460,805,157,58240,59032,218,30324,30695,21306,52663,88,10838,3591,2264,6736,72301,980,381,353,269,107,95,3962,569,1028,25755,9535,1494,9068,66574,7063,825,2292,1386,1262,5484,10530,8803,10097,190,338,50,1982,163,4099,1325,1866,403,27,45,1003,1589,1826,31719,13880,86375,4965,80896,63587,30374,56276,27950,62014,955,60625,73700,21007,20546,46777,35222,11330,1983,54,1774,120,921,1829,390,228,46,397,8500,1259,63616,26496,63691,282,360347,77164,6627,55078,57802,1891,1390,90630,40627,120875,15405,89083,525,85401,136,643,1833,426,661,1941,376,7501,3598,72,1389,1917,1418,1904,876,4765,2582,495,644,9015,5481,3630,4586,2230,735,1230,1444,817,854,590,1160,2219,11879,3016,900,3672,4535,4268,24363,66243,404,4215,6272,2828,1473,1267,1432,1980,1119,275,13623,942,1610,9235,820,3053,794,8606,2147,2021,1311,1900,384,944,1237,4954,5317,1717,1921,1453,4722,2909,1287,1677,1824,8730,45,132,889,1236,988,914,28707,208,21798,50,1139,129,10734,1408,13928,15405,19284,35,4827,228,695,1907,7098,228181,1068,3685,4419,2006,63,6458,198,265,1077,29509,13452,7439,2090,183,620,271,30,116,1404,1621,4728,1063,9107,998,883,4000,107449,767,4849,282192,971,9799,2052,9507,583,5464,640,126,6963,1609,1949,1843,778,940,396,1754,2281,1860,2009,869,2167,2428,46243,226,18019,5025,39,49060,14108,177,410,12443,1161,184,13495,1709,2281,561,5814,2216,50416,7448,1324,1779,2164,1020,1948,1756,2329,1043,53,2502,319,3769,198,43,389,867,274,3045,1611,66640,6142,22525,14135,3512,1334,1840,217,70414,115,29736,3576,24420,2473,1423,5551,115,60357,12551,20124,89335,10408,29822,461,261,728,1673,820,2160,1512,3082,12629,2063,131,312,2126,36,43,7631,7219,49,210,699,47526,92245,64137,16131,72940,7695,745,141598,192018,28726,95937,132696,164258,807,473,1528,1496,470,1718,2435,649,1099,1189,14018,0.0,0.0,0.0,0.0,0.0,0.0,0.0,0.0,0.0,0.0,0.0,0.0,0.0,0.0,0.0,0.0,0.0,0.0,0.0,0.0,0.0,0.0,0.0,0.0,0.0,0.0,0.0,0.0,0.0,0.0,0.0,0.0,0.0,0.0,0.0,0.0,0.0,0.0,0.0,0.0,0.0,0.0,0.0,0.0,0.0,0.0,0.0,0.0,0.0,0.0,0.0,0.0,0.0,0.0,0.0,0.0,0.0,0.0,0.0,0.0,0.0,0.0,0.0,0.0,0.0,0.0,0.0,0.0,0.0,0.0,0.0,0.0,0.0,0.0,0.0,0.0,0.0,0.0,0.0,0.0,0.0,0.0,0.0,0.0,0.0,0.0,0.0,0.0,0.0,0.0,0.0,0.0,0.0,0.0,0.0,0.0,0.0,0.0,0.0,0.0,0.0,0.0,0.0,0.0,0.0,0.0,0.0,0.0,0.0,0.0,0.0,0.0,0.0,0.0,0.0,0.0,0.0,0.0,0.0,0.0,0.0,0.0,0.0,0.0,0.0,0.0,0.0,0.0,0.0,0.0,0.0,0.0,0.0,0.0,0.0,0.0,0.0,0.0,0.0,0.0,0.0,0.0,0.0,0.0,0.0,0.0,0.0,0.0,0.0,0.0
ENCFF389LQC,0.18292824825442452,165262,129,3875,38730,604,119108,5300,295,371,276,478,3215,2707,7807,19652,33359,2924,620,4478,4953,133,649,60,53,51,814,12310,3346,47823,3486,267,235,492,1930,1771,119,2064,15,14,7260,10465,172,673,43,64,538,6017,19792,1405,521,1150,1453,465,337,5924,197,345,301,129,851,1503,746,13868,1824,245,3288,67,46446,41993,6615,1133,716,2509,5038,322,1340,571,752,887,243,1070,1220,3367,494,647,3936,17,920,620,18,954,165,55,1020,1282,19639,156069,9214,92,25164,35828,2459,31428,1320,711,4737,1424,1370,17,2456,6276,6078,166,4653,30889,1997,28094,281,1377,1441,7526,640,40783,1283,5432,2299,635,2139,350,70,26033,9791,7879,29502,7594,10516,25609,1364,4359,3798,1215,4766,45858,467,1886,104,115,32,31,2304,395,441,9556,3950,543,3889,38305,3405,397,1209,1089,835,2693,3683,3019,4933,52,110,39,1100,38,1712,644,1089,522,118,17,717,738,1047,13565,6596,41841,2207,26182,29555,13477,33138,12975,26533,296,25737,30761,10118,8419,21699,16527,4567,837,2038,674,86,611,1056,118,47,20,24,3608,193,33186,11388,9437,185,159649,34117,4706,26891,25184,1090,499,35396,15929,55830,3334,38344,147,36949,28,346,685,41,311,946,167,4004,2541,35,748,930,650,1019,475,2441,1433,226,287,5421,3109,2070,2738,1454,358,747,792,384,376,285,406,1272,4625,1071,385,1669,2424,2225,11895,44515,8709,2502,3000,1412,814,597,669,1043,516,133,6523,498,1111,4840,345,1651,487,4209,1237,1011,647,1010,293,514,704,2653,2300,823,956,787,2176,1609,1004,784,1112,4451,29,41,434,681,467,389,13828,80,8314,31,440,129,6339,783,6372,5874,7074,29,2747,130,144,1376,3993,74223,1140,2077,2123,1079,731,2870,150,454,1043,14865,6305,3570,1353,42,177,47,15,38,695,883,2297,565,3729,578,517,1698,51636,1016,2244,111124,544,5801,1001,5983,13700,2524,278,5665,12769,763,1007,1031,414,448,351,67625,1287,937,1141,473,1162,1345,23285,68,11305,1790,52,24365,6386,37,271,5114,602,42,7116,816,1110,201,3469,1082,25616,3547,2168,823,1173,520,1091,860,1235,890,49,877,33,1715,232,40,172,1634,214,404,765,30952,1346,9630,4404,943,497,681,128,29722,491,14430,2295,10481,1369,265,2812,15,25031,5032,8804,38635,3883,19904,217,316,397,1654,481,1023,787,1412,5710,1021,21,1403,1162,14,34,3472,3760,4,1861,153,22368,34429,26751,6723,30816,3725,486,71948,80050,12187,35776,58855,70209,240,137,743,653,240,897,1114,337,368,654,6545,0.0,0.0,0.0,0.0,0.0,0.0,0.0,0.0,0.0,0.0,0.0,0.0,0.0,0.0,0.0,0.0,0.0,0.0,0.0,0.0,0.0,0.0,0.0,0.0,0.0,0.0,0.0,0.0,0.0,0.0,0.0,0.0,0.0,0.0,0.0,0.0,0.0,0.0,0.0,0.0,0.0,0.0,0.0,0.0,0.0,0.0,0.0,0.0,0.0,0.0,0.0,0.0,0.0,0.0,0.0,0.0,0.0,0.0,0.0,0.0,0.0,0.0,0.0,0.0,0.0,0.0,0.0,0.0,0.0,0.0,0.0,0.0,0.0,0.0,0.0,0.0,0.0,0.0,0.0,0.0,0.0,0.0,0.0,0.0,0.0,0.0,0.0,0.0,0.0,0.0,0.0,0.0,0.0,0.0,0.0,0.0,0.0,0.0,0.0,0.0,0.0,0.0,0.0,0.0,0.0,0.0,0.0,0.0,0.0,0.0,0.0,0.0,0.0,0.0,0.0,0.0,0.0,0.0,0.0,0.0,0.0,0.0,0.0,0.0,0.0,0.0,0.0,0.0,0.0,0.0,0.0,0.0,0.0,0.0,0.0,0.0,0.0,0.0,0.0,0.0,0.0,0.0,0.0,0.0,0.0,0.0,0.0,0.0,0.0,0.0
ENCFF769ICW,0.16669730591115262,159497,291,3945,40857,858,161356,7113,381,493,404,690,4301,4396,12042,21937,50528,4250,852,6610,6972,197,891,90,80,82,1064,9734,4617,38842,5132,327,236,639,2756,2442,92,2860,27,10,9867,14579,111,935,32,85,851,8617,24089,1068,844,1526,1966,620,375,9043,236,484,423,122,1152,2108,577,16812,523,342,2911,130,58712,56897,15908,1604,1020,2938,7741,405,1850,846,1036,1262,313,1457,1680,4581,685,885,5399,24,1175,857,20,1381,193,37,1426,1644,25077,220123,12535,129,34469,50803,3423,44613,1836,869,7257,2027,2137,42,3608,9206,9360,118,5927,45183,2886,60268,432,2207,2082,10496,1048,84725,1938,7685,3305,956,3459,549,82,42391,16706,6319,40167,12114,16937,37205,1291,5896,5577,1793,5840,62118,497,1710,205,112,46,51,3087,530,654,13042,5559,763,4555,43914,4342,589,1725,941,980,3797,4809,4534,8544,74,150,46,1486,48,2256,929,1521,1028,86,13,862,962,1490,20608,9229,60910,3168,38334,42844,18220,34279,18060,37003,438,35931,42874,15227,12102,31206,23238,6393,1173,1156,711,103,825,1424,172,75,21,31,5283,298,51140,15014,14072,225,233631,47217,6007,33547,31821,1451,736,48040,21493,70801,5644,50487,141,51749,48,470,1006,70,427,1345,386,5767,3821,38,1011,1345,842,1315,595,3554,2032,2541,327,7534,4314,2743,4256,1927,457,998,1054,607,587,394,646,1677,6388,1419,546,2328,3501,3017,13370,59415,5578,3469,7101,1875,1154,875,909,1380,709,223,8773,778,1529,7014,451,2348,693,5862,1702,1356,891,1340,436,715,940,3709,3082,1115,1309,1115,3929,2211,1334,1084,1464,5768,42,41,611,934,755,585,20200,101,11908,23,608,114,8908,1163,9197,8069,10382,28,4034,180,170,1807,5639,108191,1286,3108,3201,1511,685,3923,238,629,1396,20027,8672,5482,2029,26,158,92,9,59,985,1291,3096,898,4827,834,768,3165,68228,983,2923,153075,757,8710,1387,8529,10414,3332,451,4830,12103,1083,1443,1540,574,657,452,56161,1853,1334,1642,682,1677,1828,32575,90,16115,2461,64,36999,9619,27,429,7617,986,57,9953,1013,1505,308,4752,1549,26597,4310,1465,1094,1585,729,1526,1198,2202,1174,40,1105,55,2436,280,115,202,1278,350,588,892,38989,1956,12587,6455,1567,797,873,96,45213,409,19650,2532,15169,1920,355,3998,35,35268,7078,12433,53834,3847,27904,296,243,510,1954,639,1553,1007,1955,7987,1476,25,1487,1575,17,42,5110,5536,10,1242,269,32599,54511,38271,9506,42675,5540,565,84378,127171,16136,50706,86005,99941,446,197,1082,919,310,1199,1752,428,481,923,9083,0.0,0.0,0.0,0.0,0.0,0.0,0.0,0.0,0.0,0.0,0.0,0.0,0.0,0.0,0.0,0.0,0.0,0.0,0.0,0.0,0.0,0.0,0.0,0.0,0.0,0.0,0.0,0.0,0.0,0.0,0.0,0.0,0.0,0.0,0.0,0.0,0.0,0.0,0.0,0.0,0.0,0.0,0.0,0.0,0.0,0.0,0.0,0.0,0.0,0.0,0.0,0.0,0.0,0.0,0.0,0.0,0.0,0.0,0.0,0.0,0.0,0.0,0.0,0.0,0.0,0.0,0.0,0.0,0.0,0.0,0.0,0.0,0.0,0.0,0.0,0.0,0.0,0.0,0.0,0.0,0.0,0.0,0.0,0.0,0.0,0.0,0.0,0.0,0.0,0.0,0.0,0.0,0.0,0.0,0.0,0.0,0.0,0.0,0.0,0.0,0.0,0.0,0.0,0.0,0.0,0.0,0.0,0.0,0.0,0.0,0.0,0.0,0.0,0.0,0.0,0.0,0.0,0.0,0.0,0.0,0.0,0.0,0.0,0.0,0.0,0.0,0.0,0.0,0.0,0.0,0.0,0.0,0.0,0.0,0.0,0.0,0.0,0.0,0.0,0.0,0.0,0.0,0.0,0.0,0.0,0.0,0.0,0.0,0.0,0.0
ENCFF002BFC,0.17583676344090415,127065,144,2718,23963,425,107381,10444,326,364,397,929,3089,1469,3750,12684,17296,2752,801,3973,6952,217,1043,98,105,81,1312,8181,3461,14931,5599,359,188,555,1876,1754,88,2577,33,30,9986,14538,51,732,14,35,814,6538,10733,957,930,1034,1310,626,439,9138,194,438,766,210,1259,1686,110,3119,190,269,2433,122,31605,50762,10458,1012,626,2630,8526,438,1307,620,723,820,187,996,1223,4619,442,547,3782,18,827,578,17,1440,154,31,1102,794,6224,195208,12619,121,34943,46273,2387,40275,1257,613,7065,1918,2017,39,3974,10384,10465,226,6100,45433,1321,26032,207,878,1056,9242,432,28833,1150,8822,3600,809,3478,521,169,39565,4758,4968,8596,3943,19770,39686,771,4793,2514,1232,5496,20004,459,1260,53,138,19,44,3297,425,744,13677,5925,773,4633,23381,2030,619,1248,1508,1049,3402,5769,6082,8132,61,155,70,955,47,1458,597,1369,929,68,3,614,943,1104,18563,8871,55528,2481,26412,36927,15397,21231,15133,29070,382,31550,37421,15182,11795,29367,23576,5880,947,1547,669,65,524,929,206,57,45,122,5491,140,23394,9741,3770,325,183132,39660,4540,30718,8234,1615,790,38036,17825,40612,2985,61408,209,66331,56,459,1166,183,262,877,374,4292,3602,55,646,889,571,894,435,2515,1551,424,332,5984,3709,2451,4135,1312,254,705,703,371,343,249,603,1082,4412,965,369,1807,2626,2125,5957,9136,5052,2613,4467,1521,774,630,592,863,428,127,9807,551,1075,6399,342,1970,469,4631,1087,949,586,884,360,453,597,2566,1973,684,883,787,2869,1588,1004,717,930,4025,74,74,376,607,802,509,22622,313,13469,53,549,134,8747,1233,10619,9054,9323,29,3791,185,202,1784,5922,45871,1303,3095,2342,1387,361,2648,248,400,1422,17183,5892,4413,2163,130,277,110,25,54,639,2122,3274,671,4325,543,540,992,28725,751,2041,151422,402,7815,870,6113,8794,2397,316,2707,9792,730,1087,1150,372,454,476,49568,1350,961,1166,542,1182,1257,30699,94,13265,2268,52,37483,9656,44,406,7967,1256,81,7659,716,2442,308,3716,1085,10639,1807,1610,762,1086,470,1244,854,2190,819,32,1104,60,2524,158,56,318,1131,515,262,462,24861,1054,6356,3689,724,637,1171,438,50988,419,19168,2361,16414,2029,300,4037,40,36309,6658,12442,52258,1391,9334,188,374,415,1206,447,1070,642,1402,7941,998,29,570,1060,44,43,5401,5898,14,1256,229,31894,37168,27873,6981,40757,4741,391,62878,92220,12399,38191,71298,89557,181,166,636,671,226,784,1461,489,540,950,8550,0.0,0.0,0.0,0.0,0.0,0.0,0.0,0.0,0.0,0.0,0.0,0.0,0.0,0.0,0.0,0.0,0.0,0.0,0.0,0.0,0.0,0.0,0.0,0.0,0.0,0.0,0.0,0.0,0.0,0.0,0.0,0.0,0.0,0.0,0.0,0.0,0.0,0.0,0.0,0.0,0.0,0.0,0.0,0.0,0.0,0.0,0.0,0.0,0.0,0.0,0.0,0.0,0.0,0.0,0.0,0.0,0.0,0.0,0.0,0.0,0.0,0.0,0.0,0.0,0.0,0.0,0.0,0.0,0.0,0.0,0.0,0.0,0.0,0.0,0.0,0.0,0.0,0.0,0.0,0.0,0.0,0.0,0.0,0.0,0.0,0.0,0.0,0.0,0.0,0.0,0.0,0.0,0.0,0.0,0.0,0.0,0.0,0.0,0.0,0.0,0.0,0.0,0.0,0.0,0.0,0.0,0.0,0.0,0.0,0.0,0.0,0.0,0.0,0.0,0.0,0.0,0.0,0.0,0.0,0.0,0.0,0.0,0.0,0.0,0.0,0.0,0.0,0.0,0.0,0.0,0.0,0.0,0.0,0.0,0.0,0.0,0.0,0.0,0.0,0.0,0.0,0.0,0.0,0.0,0.0,0.0,0.0,0.0,0.0,0.0
ENCFF523VMP,0.15539592356561902,9074,49,983,17110,183,88712,2848,151,69,67,165,1315,667,2268,8034,10098,630,174,2987,1396,33,134,24,39,21,452,199,1280,16499,1031,44,14,120,1033,1012,13,1043,20,24,2065,2272,18,99,17,6,251,2247,12779,10,286,624,689,49,48,1024,36,82,72,44,199,669,465,8826,1349,68,36,9,19353,14802,1107,611,325,722,996,23,708,280,327,425,146,553,678,730,177,388,1666,3,445,376,10,285,96,21,599,519,11829,44637,2278,41,5812,9439,1390,8088,646,313,853,372,638,3,853,1898,2210,53,1416,7657,655,20366,83,437,480,1791,168,34051,655,1539,634,140,455,30,19,5985,2365,97,9510,3010,2084,5915,19,1533,3358,586,838,16199,267,32,43,23,13,12,470,99,132,2674,820,91,1250,17475,1180,57,666,365,356,629,1233,1258,1157,15,32,20,510,5,653,274,401,166,8,5,226,58,629,2560,1308,9096,932,6845,9748,4238,9815,4617,7900,77,6088,8201,1886,2109,6842,4039,1659,281,18,299,7,353,614,28,5,7,49,1082,38,16740,3967,3589,132,80201,12573,1118,7894,13590,220,163,11302,8192,25633,1047,10133,28,8171,6,72,187,6,128,433,111,1823,506,27,345,318,325,569,238,1243,609,19,38,1813,1255,583,555,885,184,454,467,235,141,108,57,573,2061,438,186,485,1086,846,5071,18917,167,1050,849,503,441,364,319,433,249,4,2605,267,886,1395,163,640,211,1270,807,569,422,502,69,228,200,1195,888,467,415,367,669,714,560,327,595,1260,10,13,195,442,165,119,3371,65,2415,10,67,14,1478,118,1956,1895,2786,13,671,23,6,1105,604,38193,94,550,952,256,1,887,19,74,348,6232,3425,996,316,19,32,17,7,18,297,908,478,366,793,346,186,1052,28750,65,767,24949,198,1585,456,3005,298,891,139,37,781,411,520,566,148,124,22,1246,773,474,518,247,529,628,7025,6,4795,322,31,6376,1637,10,104,1266,318,7,2505,350,192,31,1484,512,5889,792,80,338,528,282,364,442,306,277,9,203,8,757,51,48,16,26,330,100,349,13439,488,3408,1755,291,208,250,88,5805,38,3634,551,2091,365,13,587,3,11584,2146,3432,13508,508,8076,50,204,171,483,260,485,383,506,2259,435,5,33,559,7,20,654,650,4,20,22,6257,10562,8981,2269,8001,1246,637,20367,23043,4052,10512,17817,19374,94,16,318,338,140,449,160,75,38,193,1881,0.0,0.0,0.0,0.0,0.0,0.0,0.0,0.0,0.0,0.0,0.0,0.0,0.0,0.0,0.0,0.0,0.0,0.0,0.0,0.0,0.0,0.0,0.0,0.0,0.0,0.0,0.0,0.0,0.0,0.0,0.0,0.0,0.0,0.0,0.0,0.0,0.0,0.0,0.0,0.0,0.0,0.0,0.0,0.0,0.0,0.0,0.0,0.0,0.0,0.0,0.0,0.0,0.0,0.0,0.0,0.0,0.0,0.0,0.0,0.0,0.0,0.0,0.0,0.0,0.0,0.0,0.0,0.0,0.0,0.0,0.0,0.0,0.0,0.0,0.0,0.0,0.0,0.0,0.0,0.0,0.0,0.0,0.0,0.0,0.0,0.0,0.0,0.0,0.0,0.0,0.0,0.0,0.0,0.0,0.0,0.0,0.0,0.0,0.0,0.0,0.0,0.0,0.0,0.0,0.0,0.0,0.0,0.0,0.0,0.0,0.0,0.0,0.0,0.0,0.0,0.0,0.0,0.0,0.0,0.0,0.0,0.0,0.0,0.0,0.0,0.0,0.0,0.0,0.0,0.0,0.0,0.0,0.0,0.0,0.0,0.0,0.0,0.0,0.0,0.0,0.0,0.0,0.0,0.0,0.0,0.0,0.0,0.0,0.0,0.0
ENCFF761QHI,0.06502799267739366,22758,225,1174,5497,58,7913,1670,79,64,66,184,915,409,1243,3281,1943,495,79,1091,1234,36,157,14,17,10,225,1369,711,4567,771,55,102,115,388,356,48,381,16,37,2037,2099,17,167,29,80,107,1395,5161,254,101,260,312,96,122,1483,46,73,107,70,159,485,45,2355,229,236,374,69,9932,10874,1448,240,154,540,1200,63,273,125,160,201,54,227,241,810,104,122,814,1,185,107,3,238,62,8,267,256,2967,36641,2140,26,5833,8835,580,7748,429,124,1052,369,383,7,730,1868,1858,17,1160,6301,279,3657,37,171,300,1795,57,4689,308,1266,631,222,528,71,19,6174,1558,820,4083,1273,3356,5404,248,1103,570,264,1034,7391,82,218,18,20,12,6,397,61,263,2175,865,132,823,6116,672,86,234,312,338,653,833,766,1490,28,49,3,226,4,413,143,638,1050,42,8,197,134,237,3359,1399,10139,459,5427,6428,3267,6226,3015,6439,47,6266,7233,2533,1865,5325,3993,1638,162,292,202,92,111,182,38,11,7,11,894,42,7782,2444,997,83,59438,7945,895,5811,3908,251,151,8631,4124,11572,327,9470,65,8465,24,81,282,162,70,197,73,865,497,15,140,208,126,197,97,530,343,150,56,1030,634,435,626,256,79,152,134,74,86,55,154,232,1332,248,72,450,615,474,2366,10859,968,530,835,317,192,138,116,215,109,62,1655,109,184,1035,91,338,91,955,235,176,115,178,111,110,212,570,518,159,223,139,554,309,168,159,206,978,7,8,80,138,175,67,3159,19,2100,2,92,20,1255,157,1594,1605,1622,6,566,23,44,301,866,13213,173,599,462,223,108,690,38,44,139,3678,1495,1133,278,7,64,26,3,15,141,271,647,133,886,103,118,260,7800,145,460,25771,144,1149,221,1105,1580,603,73,658,2319,195,208,206,91,82,60,7564,244,179,225,135,244,279,5173,13,2148,532,12,5554,1436,9,47,1697,174,23,1546,165,401,53,705,234,3846,619,310,206,247,86,243,196,271,181,8,242,3,416,69,23,31,242,76,73,182,5384,180,1754,947,127,85,241,38,7238,159,3636,609,2393,259,87,537,18,7518,1421,2471,10730,967,3287,87,82,73,291,247,251,145,422,1907,231,8,165,233,10,6,803,767,5,329,32,5076,9401,6860,1768,7357,902,232,14111,20014,2880,8803,14920,17149,38,42,168,138,42,177,315,92,93,159,1482,0.0,0.0,0.0,0.0,0.0,0.0,0.0,0.0,0.0,0.0,0.0,0.0,0.0,0.0,0.0,0.0,0.0,0.0,0.0,0.0,0.0,0.0,0.0,0.0,0.0,0.0,0.0,0.0,0.0,0.0,0.0,0.0,0.0,0.0,0.0,0.0,0.0,0.0,0.0,0.0,0.0,0.0,0.0,0.0,0.0,0.0,0.0,0.0,0.0,0.0,0.0,0.0,0.0,0.0,0.0,0.0,0.0,0.0,0.0,0.0,0.0,0.0,0.0,0.0,0.0,0.0,0.0,0.0,0.0,0.0,0.0,0.0,0.0,0.0,0.0,0.0,0.0,0.0,0.0,0.0,0.0,0.0,0.0,0.0,0.0,0.0,0.0,0.0,0.0,0.0,0.0,0.0,0.0,0.0,0.0,0.0,0.0,0.0,0.0,0.0,0.0,0.0,0.0,0.0,0.0,0.0,0.0,0.0,0.0,0.0,0.0,0.0,0.0,0.0,0.0,0.0,0.0,0.0,0.0,0.0,0.0,0.0,0.0,0.0,0.0,0.0,0.0,0.0,0.0,0.0,0.0,0.0,0.0,0.0,0.0,0.0,0.0,0.0,0.0,0.0,0.0,0.0,0.0,0.0,0.0,0.0,0.0,0.0,0.0,0.0
ENCFF406XFM,0.16076221893021583,654306,306,2668,99997,573,226449,11076,606,233,333,820,5508,1503,6387,54964,24538,2694,728,9106,6902,110,720,51,101,82,2382,63993,5193,43487,4509,184,84,673,3800,3349,30,3760,23,6,9454,10029,58,343,36,43,967,8899,42153,3163,1113,2556,2626,207,219,5032,105,364,585,270,875,2817,457,18202,440,257,15353,71,52934,60640,5286,2169,1242,4315,5051,48,2512,1024,1343,1640,479,2217,2375,2836,721,1338,6624,22,1487,1401,23,1020,195,29,1441,1320,33461,186469,9470,167,26533,39886,5085,34202,2488,1291,3905,1602,2087,35,3676,7852,9289,178,6826,38090,1822,48682,284,1217,1518,8010,602,86645,2333,7678,2767,346,2034,156,65,26222,5397,25095,27142,9916,11484,28143,2463,7136,10627,2221,5301,94821,481,3352,86,59,37,23,1787,419,329,13887,4137,373,5096,95792,3691,259,2499,1399,855,3235,4976,5706,6471,78,104,69,1879,27,2312,1116,1195,544,19,41,808,531,2268,13432,6581,47900,3921,26399,39853,20356,51323,19618,36352,161,28591,36462,11189,11232,29967,20324,5819,1292,4250,1203,48,1443,2384,112,26,32,94,5591,80,58291,13431,6912,446,250861,55465,8267,29903,28605,1039,730,44190,27019,74683,6384,50195,228,50563,11,335,922,35,578,1710,440,7245,2468,49,1341,1293,1149,2007,962,4458,2210,286,192,7710,5310,2630,3516,3022,649,1658,1581,894,562,406,290,1966,6340,2205,684,1896,4180,3030,12402,98840,58090,4026,3613,1939,1561,1239,1112,1694,987,54,9336,992,3044,6028,643,2676,1043,5510,2991,1951,1781,1828,291,799,762,4443,3404,1740,1455,1579,3021,2981,2026,1207,2216,5318,44,47,712,1506,612,720,15806,263,10742,55,206,88,6427,599,8421,9166,11951,25,2885,113,23,2471,3080,113590,3889,2233,3700,1252,359,3532,61,228,1611,25950,11812,4564,1567,94,259,105,16,47,1129,2358,2999,1460,5291,1295,749,1974,121174,1343,3012,117695,795,6934,1861,10922,64091,3539,517,4035,28751,1426,2034,2070,621,465,117,427737,2827,1914,1954,967,2023,2304,29141,27,19806,1473,56,31404,9189,95,469,7815,1182,68,10612,1360,1440,160,5833,1822,30575,2875,8469,1425,2081,1124,1449,1688,1617,1273,34,1165,51,3228,181,158,74,3992,685,243,915,72284,1687,11763,6785,1018,951,1023,430,30067,3782,17024,3121,10917,1561,77,2924,28,43779,8056,13688,52278,3481,22850,199,405,656,1909,988,1815,1522,1855,9984,1823,34,165,1961,59,40,3094,2950,19,3312,77,26718,41769,34012,9220,32665,4927,767,85241,89519,15588,41310,72463,81164,177,82,1218,1140,582,1699,696,424,181,970,8948,0.0,0.0,0.0,0.0,0.0,0.0,0.0,0.0,0.0,0.0,0.0,0.0,0.0,0.0,0.0,0.0,0.0,0.0,0.0,0.0,0.0,0.0,0.0,0.0,0.0,0.0,0.0,0.0,0.0,0.0,0.0,0.0,0.0,0.0,0.0,0.0,0.0,0.0,0.0,0.0,0.0,0.0,0.0,0.0,0.0,0.0,0.0,0.0,0.0,0.0,0.0,0.0,0.0,0.0,0.0,0.0,0.0,0.0,0.0,0.0,0.0,0.0,0.0,0.0,0.0,0.0,0.0,0.0,0.0,0.0,0.0,0.0,0.0,0.0,0.0,0.0,0.0,0.0,0.0,0.0,0.0,0.0,0.0,0.0,0.0,0.0,0.0,0.0,0.0,0.0,0.0,0.0,0.0,0.0,0.0,0.0,0.0,0.0,0.0,0.0,0.0,0.0,0.0,0.0,0.0,0.0,0.0,0.0,0.0,0.0,0.0,0.0,0.0,0.0,0.0,0.0,0.0,0.0,0.0,0.0,0.0,0.0,0.0,0.0,0.0,0.0,0.0,0.0,0.0,0.0,0.0,0.0,0.0,0.0,0.0,0.0,0.0,0.0,0.0,0.0,0.0,0.0,0.0,0.0,0.0,0.0,0.0,0.0,0.0,0.0
ENCFF000VPL,0.07301303800908746,5172,12,220,2548,58,5932,429,31,68,17,44,208,425,661,1459,2324,291,37,411,367,11,54,6,8,12,57,313,222,1828,263,15,20,28,129,132,4,137,2,1,528,814,4,63,4,3,43,390,1935,36,51,70,105,39,33,465,12,29,36,19,54,90,23,618,20,32,78,5,3211,3727,529,94,58,115,376,14,85,46,51,58,19,76,83,250,44,30,218,2,58,46,0,99,10,3,136,117,1018,12365,770,7,2135,2934,183,2507,88,51,385,101,103,1,169,521,533,13,344,2189,273,2394,37,204,171,638,93,3296,103,427,218,55,253,44,11,2136,1138,200,2258,682,939,2058,63,308,250,84,278,3033,26,47,13,7,2,2,173,32,39,680,332,41,280,2703,294,40,70,172,189,225,356,307,393,5,11,7,64,2,139,50,165,2201,6,0,57,68,58,1137,519,3180,130,2213,2365,984,2375,880,1959,22,1953,2239,763,619,1713,1312,511,48,75,54,5,39,71,18,5,2,5,284,25,2823,878,1102,31,12915,2559,251,2045,1573,77,38,2963,1330,3886,404,2913,17,3076,2,17,47,29,18,60,17,251,136,5,52,75,40,64,38,181,106,13,12,296,214,118,175,88,22,45,49,34,32,23,33,80,390,90,32,135,155,161,1025,2143,183,153,231,95,61,43,44,60,41,7,583,36,66,401,19,126,44,250,85,78,38,72,11,35,34,183,184,60,76,48,173,86,50,61,64,251,1,5,28,34,38,32,974,7,631,1,46,5,477,65,476,477,543,4,182,10,9,127,259,5304,40,140,153,84,15,155,14,17,47,937,518,224,124,9,12,9,1,2,50,141,209,50,226,33,34,138,4094,43,140,8256,50,403,65,362,343,164,19,133,466,85,71,73,29,38,21,1385,86,73,96,29,74,108,1861,5,709,193,4,1904,463,3,17,367,63,3,489,62,81,17,205,75,1237,240,66,85,89,26,82,53,84,46,2,69,2,131,19,2,8,59,49,67,52,2637,162,690,431,125,36,65,20,2669,37,1089,169,867,87,22,207,0,2199,404,678,2972,163,1629,22,33,38,63,36,74,44,112,593,62,2,53,90,3,2,303,297,1,59,13,1811,2727,2135,487,2509,320,52,5337,6383,916,2769,4560,5773,22,13,54,58,20,73,110,18,26,49,483,0.0,0.0,0.0,0.0,0.0,0.0,0.0,0.0,0.0,0.0,0.0,0.0,0.0,0.0,0.0,0.0,0.0,0.0,0.0,0.0,0.0,0.0,0.0,0.0,0.0,0.0,0.0,0.0,0.0,0.0,0.0,0.0,0.0,0.0,0.0,0.0,0.0,0.0,0.0,0.0,0.0,0.0,0.0,0.0,0.0,0.0,0.0,0.0,0.0,0.0,0.0,0.0,0.0,0.0,0.0,0.0,0.0,0.0,0.0,0.0,0.0,0.0,0.0,0.0,0.0,0.0,0.0,0.0,0.0,0.0,0.0,0.0,0.0,0.0,0.0,0.0,0.0,0.0,0.0,0.0,0.0,0.0,0.0,0.0,0.0,0.0,0.0,0.0,0.0,0.0,0.0,0.0,0.0,0.0,0.0,0.0,0.0,0.0,0.0,0.0,0.0,0.0,0.0,0.0,0.0,0.0,0.0,0.0,0.0,0.0,0.0,0.0,0.0,0.0,0.0,0.0,0.0,0.0,0.0,0.0,0.0,0.0,0.0,0.0,0.0,0.0,0.0,0.0,0.0,0.0,0.0,0.0,0.0,0.0,0.0,0.0,0.0,0.0,0.0,0.0,0.0,0.0,0.0,0.0,0.0,0.0,0.0,0.0,0.0,0.0
ENCFF000ZHJ,0.05922503810314576,5214,40,465,5393,136,19125,647,42,39,45,59,383,511,963,2280,5036,361,29,567,547,13,41,6,2,6,91,274,437,2647,291,19,17,50,224,216,8,192,1,3,821,912,4,60,5,13,44,679,3252,22,90,150,200,32,33,556,16,18,30,18,66,152,62,1974,30,44,62,2,6522,5132,528,156,104,170,408,13,150,79,111,132,37,171,165,305,73,73,447,0,134,57,2,109,29,7,165,195,2586,16575,967,12,2396,3401,328,3068,207,83,358,134,163,1,215,570,611,4,559,2750,400,2627,94,404,422,760,195,4190,192,604,243,56,202,35,4,2222,1416,135,2474,971,1020,2039,32,519,325,131,390,6211,24,42,16,6,1,6,187,26,43,1056,319,43,410,5676,594,31,130,65,72,275,363,322,444,2,12,3,143,0,242,94,168,1098,5,8,101,90,117,1243,549,4093,269,3103,3449,1730,3944,1518,3391,18,2624,3178,964,749,2257,1641,620,103,32,72,19,78,110,21,8,0,3,437,32,4683,1653,1308,13,19065,4019,459,2712,3441,94,48,4634,1968,7606,745,3217,10,3048,3,24,101,21,30,109,40,427,172,7,96,147,86,120,63,278,192,30,13,523,330,170,227,165,66,75,87,53,52,28,44,156,606,149,53,194,342,276,2014,8941,114,278,305,185,98,76,67,140,90,12,655,62,124,472,35,212,64,417,179,136,105,127,37,62,52,356,327,128,128,100,257,159,105,102,118,512,2,2,52,66,69,34,1126,4,827,3,63,18,620,53,568,681,707,1,214,11,9,153,317,10469,46,183,233,108,25,313,18,15,50,1607,663,380,83,3,30,11,4,5,94,94,222,69,358,94,86,189,7199,34,267,10449,64,509,139,668,264,287,40,81,501,145,107,105,47,60,16,1056,134,119,130,78,161,160,2475,4,1103,260,4,2389,623,11,13,613,49,5,727,109,151,13,339,145,2967,498,83,118,113,52,141,90,86,95,2,91,0,181,20,4,8,38,21,91,81,3820,386,1414,890,231,63,56,12,2521,50,1446,245,891,96,22,251,0,2842,532,933,4121,851,2373,28,10,41,143,71,142,90,204,754,117,4,37,142,1,3,302,321,1,53,14,1980,4520,3475,924,3080,448,57,8543,9043,1588,4534,6731,7508,27,23,94,117,34,116,93,44,31,52,699,0.0,0.0,0.0,0.0,0.0,0.0,0.0,0.0,0.0,0.0,0.0,0.0,0.0,0.0,0.0,0.0,0.0,0.0,0.0,0.0,0.0,0.0,0.0,0.0,0.0,0.0,0.0,0.0,0.0,0.0,0.0,0.0,0.0,0.0,0.0,0.0,0.0,0.0,0.0,0.0,0.0,0.0,0.0,0.0,0.0,0.0,0.0,0.0,0.0,0.0,0.0,0.0,0.0,0.0,0.0,0.0,0.0,0.0,0.0,0.0,0.0,0.0,0.0,0.0,0.0,0.0,0.0,0.0,0.0,0.0,0.0,0.0,0.0,0.0,0.0,0.0,0.0,0.0,0.0,0.0,0.0,0.0,0.0,0.0,0.0,0.0,0.0,0.0,0.0,0.0,0.0,0.0,0.0,0.0,0.0,0.0,0.0,0.0,0.0,0.0,0.0,0.0,0.0,0.0,0.0,0.0,0.0,0.0,0.0,0.0,0.0,0.0,0.0,0.0,0.0,0.0,0.0,0.0,0.0,0.0,0.0,0.0,0.0,0.0,0.0,0.0,0.0,0.0,0.0,0.0,0.0,0.0,0.0,0.0,0.0,0.0,0.0,0.0,0.0,0.0,0.0,0.0,0.0,0.0,0.0,0.0,0.0,0.0,0.0,0.0
ENCFF342TZT,0.24618345677903694,51944,199,5674,119847,1826,265642,14235,968,1246,596,1182,9801,10924,23198,76219,108545,8648,1659,13621,9946,239,1028,175,106,294,1916,349,11653,63152,6969,454,132,1130,7898,6725,54,6001,41,26,17517,21264,312,1223,223,79,1611,17870,81887,56,1765,3835,5999,726,403,9275,268,687,734,380,1628,4572,802,41741,7414,375,121,145,131276,113354,10532,4673,3094,4520,7436,465,4861,2211,3507,3801,1044,4115,4644,6883,1837,2490,13499,22,3828,2416,22,2009,230,50,3488,3774,38983,399837,17791,219,48990,76477,8826,66450,5587,2802,7608,2058,2147,69,4357,12029,12009,1123,10540,46367,7913,122444,984,4507,4539,16724,2106,251674,5075,9638,4115,1061,4098,1362,394,45230,38932,349,155765,26326,18086,46974,92,12752,10918,4784,8296,118655,356,247,470,125,39,83,4551,614,847,19422,7242,948,9088,138572,12109,804,4817,12847,12620,8040,9264,8740,8310,80,327,134,4241,142,6220,2616,3381,566,36,56,1714,1370,4466,23249,12361,82790,6562,73329,69455,36250,117376,34934,77126,704,55197,70464,18581,15357,52667,32447,13675,2366,83,1092,535,2120,4225,355,98,79,150,6827,1080,161490,31914,47336,1546,304592,87962,7652,65743,76062,1620,1165,97024,44057,155897,11718,73895,273,62290,41,660,1355,157,1292,4022,471,13524,5194,17,2976,3431,2498,4072,1817,9463,5683,217,418,14929,8734,5173,4160,5271,1382,2904,3149,1727,1356,1141,548,4514,13350,4380,1619,4789,8415,7881,39799,280396,347,7955,4890,4788,3357,2630,2884,4127,2278,85,14171,2042,4164,10977,1413,5282,1825,9879,4707,4165,2506,3871,127,2103,1493,9150,8390,3277,4081,3247,5223,5064,3415,3160,4018,13488,30,54,1742,2919,683,589,24524,436,14760,19,757,110,14268,1218,11663,11540,19339,104,6628,281,213,3907,6915,293832,1160,3377,6110,1997,32,9938,517,1629,1581,37549,17527,9097,2565,264,451,230,29,143,2858,3171,4277,2343,7664,2230,1906,6080,206397,967,6960,212573,2200,13689,4109,21533,889,8581,1220,182,7467,3302,4505,4614,1491,1668,634,2533,5145,4143,4587,1227,4703,5155,50988,201,29718,3921,250,45439,10272,33,593,11028,1569,56,19759,3447,1543,275,11146,4419,52031,11749,916,3097,4571,1890,3297,3913,1615,2184,61,1021,136,4344,214,115,416,373,2378,1862,2178,112413,4557,34018,16331,3894,1597,1962,752,50304,112,29016,4728,19073,3534,764,4922,55,60926,11944,19165,85398,17287,80079,764,720,1646,3338,1773,4392,3332,4215,20289,4377,76,292,4256,104,102,8199,6826,161,195,263,49365,83943,76050,17321,69457,8535,799,237344,190370,33158,94562,136763,160189,1007,356,2978,2843,914,3821,1434,929,629,1320,14417,0.0,0.0,0.0,0.0,0.0,0.0,0.0,0.0,0.0,0.0,0.0,0.0,0.0,0.0,0.0,0.0,0.0,0.0,0.0,0.0,0.0,0.0,0.0,0.0,0.0,0.0,0.0,0.0,0.0,0.0,0.0,0.0,0.0,0.0,0.0,0.0,0.0,0.0,0.0,0.0,0.0,0.0,0.0,0.0,0.0,0.0,0.0,0.0,0.0,0.0,0.0,0.0,0.0,0.0,0.0,0.0,0.0,0.0,0.0,0.0,0.0,0.0,0.0,0.0,0.0,0.0,0.0,0.0,0.0,0.0,0.0,0.0,0.0,0.0,0.0,0.0,0.0,0.0,0.0,0.0,0.0,0.0,0.0,0.0,0.0,0.0,0.0,0.0,0.0,0.0,0.0,0.0,0.0,0.0,0.0,0.0,0.0,0.0,0.0,0.0,0.0,0.0,0.0,0.0,0.0,0.0,0.0,0.0,0.0,0.0,0.0,0.0,0.0,0.0,0.0,0.0,0.0,0.0,0.0,0.0,0.0,0.0,0.0,0.0,0.0,0.0,0.0,0.0,0.0,0.0,0.0,0.0,0.0,0.0,0.0,0.0,0.0,0.0,0.0,0.0,0.0,0.0,0.0,0.0,0.0,0.0,0.0,0.0,0.0,0.0
ENCFF000XHE,0.06936074477671121,6204,15,226,2894,94,11193,616,31,49,23,80,200,389,587,930,3094,252,31,387,410,12,53,9,7,10,45,377,213,2372,284,26,19,40,110,98,13,104,4,3,599,819,3,60,4,6,45,315,1999,52,58,67,65,35,38,596,21,27,22,11,75,113,17,900,18,74,120,12,3034,2989,540,64,43,131,475,17,85,35,52,49,15,68,69,261,30,38,198,1,42,20,4,100,23,3,103,69,926,11829,756,4,2094,2896,180,2433,101,43,422,133,137,2,222,608,535,19,341,2316,284,3141,62,299,246,620,128,4326,100,464,221,41,244,33,8,2266,972,238,1561,561,1073,1965,59,339,231,77,279,1788,46,54,5,10,3,2,161,21,86,670,357,45,322,2823,228,39,67,143,120,215,269,269,495,12,14,10,59,3,105,44,174,880,2,0,53,82,62,1145,478,3185,142,2187,2547,939,2131,880,1757,14,1874,2115,747,693,1711,1252,464,52,77,61,8,28,48,15,6,3,3,251,25,2247,774,1106,23,15816,2362,270,1851,1678,89,54,2667,1156,3601,514,2984,9,3251,8,17,110,80,23,64,13,220,167,3,34,51,27,56,24,153,93,16,20,279,223,127,218,57,25,31,34,22,22,27,33,71,305,78,26,107,169,148,769,1431,197,153,269,107,46,41,43,53,29,19,607,28,43,380,23,111,34,272,52,72,40,49,30,22,33,143,143,43,48,54,198,84,48,41,46,214,2,2,22,33,88,16,1085,11,760,0,42,27,421,72,537,516,406,5,179,6,8,73,266,4132,58,170,125,73,19,138,17,28,61,918,432,260,120,3,43,7,0,7,36,165,209,47,230,25,34,99,4070,39,110,8577,27,415,49,297,345,135,27,160,578,57,60,60,27,19,18,1873,85,57,56,25,79,77,1707,7,639,178,0,1984,521,1,18,379,70,5,417,47,116,22,169,76,1605,189,75,66,60,33,69,48,87,8,1,72,2,136,21,2,14,75,43,83,42,1813,245,586,507,161,37,66,13,2799,45,986,144,899,110,14,218,4,2081,420,628,2936,88,1202,17,8,19,97,34,63,31,96,450,48,4,58,76,3,5,327,315,0,60,18,1764,2423,1816,403,2379,303,13,4554,5723,834,2476,4413,5468,14,25,53,53,18,41,130,31,43,42,472,0.0,0.0,0.0,0.0,0.0,0.0,0.0,0.0,0.0,0.0,0.0,0.0,0.0,0.0,0.0,0.0,0.0,0.0,0.0,0.0,0.0,0.0,0.0,0.0,0.0,0.0,0.0,0.0,0.0,0.0,0.0,0.0,0.0,0.0,0.0,0.0,0.0,0.0,0.0,0.0,0.0,0.0,0.0,0.0,0.0,0.0,0.0,0.0,0.0,0.0,0.0,0.0,0.0,0.0,0.0,0.0,0.0,0.0,0.0,0.0,0.0,0.0,0.0,0.0,0.0,0.0,0.0,0.0,0.0,0.0,0.0,0.0,0.0,0.0,0.0,0.0,0.0,0.0,0.0,0.0,0.0,0.0,0.0,0.0,0.0,0.0,0.0,0.0,0.0,0.0,0.0,0.0,0.0,0.0,0.0,0.0,0.0,0.0,0.0,0.0,0.0,0.0,0.0,0.0,0.0,0.0,0.0,0.0,0.0,0.0,0.0,0.0,0.0,0.0,0.0,0.0,0.0,0.0,0.0,0.0,0.0,0.0,0.0,0.0,0.0,0.0,0.0,0.0,0.0,0.0,0.0,0.0,0.0,0.0,0.0,0.0,0.0,0.0,0.0,0.0,0.0,0.0,0.0,0.0,0.0,0.0,0.0,0.0,0.0,0.0
ENCFF000YMQ,0.07059820303268538,2627,7,223,2487,41,5452,341,27,22,11,28,168,189,342,1250,1400,173,24,242,286,12,43,5,2,2,46,79,178,1333,162,11,9,22,101,91,5,90,1,1,389,615,1,39,1,5,40,277,1256,8,59,36,72,31,29,351,5,19,37,8,48,80,16,550,10,15,21,3,2449,2834,409,63,45,57,327,17,61,34,50,54,9,47,59,235,33,33,179,1,39,24,0,64,11,2,78,64,932,9102,569,5,1588,2173,125,1946,115,29,253,102,94,0,161,378,402,13,277,1779,136,1509,29,154,122,446,66,2113,57,389,130,36,173,20,4,1608,539,77,948,385,810,1495,15,252,144,63,202,2579,18,18,4,6,1,2,89,15,28,572,232,39,231,2403,228,28,60,72,62,132,269,232,311,4,6,2,52,2,96,47,164,189,5,0,31,43,45,804,391,2313,121,1449,1784,859,1815,753,1449,12,1448,1609,534,497,1301,1027,368,41,26,39,2,32,42,8,2,0,4,235,9,1939,657,426,8,10776,2046,203,1459,1106,64,54,2053,992,2999,346,2453,10,2691,0,14,42,18,16,44,11,177,95,5,42,40,32,44,24,111,89,12,12,206,155,81,128,78,16,18,41,26,24,19,27,56,243,62,29,94,124,104,600,1151,71,107,199,65,36,29,27,41,31,7,400,22,43,254,22,81,18,215,60,60,34,59,11,31,26,142,90,38,51,40,134,93,41,40,51,174,1,1,22,23,26,11,784,8,511,1,37,5,329,45,371,377,378,0,125,3,11,82,241,3518,39,110,125,51,8,121,13,9,28,759,334,160,68,5,6,7,0,2,36,84,155,37,236,35,21,88,2988,18,103,6551,32,313,48,263,87,130,24,33,248,53,54,49,23,14,8,488,60,46,64,18,64,57,1383,3,560,123,2,1485,379,2,10,361,55,5,327,53,97,17,146,57,916,195,31,60,53,21,56,27,63,34,1,57,2,118,10,12,13,30,16,32,45,2360,127,584,352,113,28,69,15,2038,10,774,105,660,74,11,162,3,1581,309,498,2250,124,717,16,8,21,39,21,65,33,70,411,55,1,12,55,2,1,250,227,0,11,14,1256,1913,1536,343,1852,255,11,3738,4381,707,2026,3403,4046,15,17,39,38,12,43,78,23,18,37,383,0.0,0.0,0.0,0.0,0.0,0.0,0.0,0.0,0.0,0.0,0.0,0.0,0.0,0.0,0.0,0.0,0.0,0.0,0.0,0.0,0.0,0.0,0.0,0.0,0.0,0.0,0.0,0.0,0.0,0.0,0.0,0.0,0.0,0.0,0.0,0.0,0.0,0.0,0.0,0.0,0.0,0.0,0.0,0.0,0.0,0.0,0.0,0.0,0.0,0.0,0.0,0.0,0.0,0.0,0.0,0.0,0.0,0.0,0.0,0.0,0.0,0.0,0.0,0.0,0.0,0.0,0.0,0.0,0.0,0.0,0.0,0.0,0.0,0.0,0.0,0.0,0.0,0.0,0.0,0.0,0.0,0.0,0.0,0.0,0.0,0.0,0.0,0.0,0.0,0.0,0.0,0.0,0.0,0.0,0.0,0.0,0.0,0.0,0.0,0.0,0.0,0.0,0.0,0.0,0.0,0.0,0.0,0.0,0.0,0.0,0.0,0.0,0.0,0.0,0.0,0.0,0.0,0.0,0.0,0.0,0.0,0.0,0.0,0.0,0.0,0.0,0.0,0.0,0.0,0.0,0.0,0.0,0.0,0.0,0.0,0.0,0.0,0.0,0.0,0.0,0.0,0.0,0.0,0.0,0.0,0.0,0.0,0.0,0.0,0.0
ENCFF000QUH,0.02249198861913026,5611,10,208,605,5,1808,486,13,26,14,103,146,191,373,273,415,151,30,406,442,55,51,19,93,97,23,318,117,332,645,25,25,18,39,29,14,105,13,30,501,860,23,124,6,12,47,225,251,9,9,8,3,36,195,1159,42,27,89,86,199,88,2,165,65,46,12,7,1707,2026,911,15,5,123,422,0,22,11,8,3,0,6,34,239,3,2,82,35,7,3,35,282,82,44,117,13,275,11036,476,7,1360,1909,97,1713,27,3,461,165,143,42,335,432,560,22,189,1433,125,670,10,48,43,479,17,335,33,315,417,336,261,27,8,1235,484,877,230,345,2496,1751,55,309,320,39,354,512,30,173,10,20,13,4,153,57,97,509,223,38,216,726,74,97,25,43,99,184,151,145,1925,19,657,48,8,14,35,1,126,44,10,0,5,154,10,955,299,2720,93,1579,2321,749,669,806,1157,8,1367,1505,738,565,1688,938,544,43,182,116,6,5,4,64,64,22,27,207,24,634,423,248,40,23474,2225,118,2195,587,338,122,2533,1280,1788,86,2995,14,2484,24,27,101,10,1,25,9,250,199,93,1,9,2,3,6,66,49,125,23,140,251,120,662,3,0,5,4,1,0,2,99,12,507,80,5,71,79,46,201,378,154,112,448,28,16,4,1,4,6,55,816,2,8,417,5,46,3,164,7,6,1,9,233,3,20,32,54,3,4,5,234,18,4,1,7,53,1,7,3,0,168,4,1252,68,1017,5,33,25,474,114,698,404,537,29,190,41,33,31,370,1635,62,170,148,66,3,107,12,39,53,770,507,160,139,43,94,25,0,42,4,28,205,21,253,9,7,41,915,23,42,4806,18,254,6,136,586,91,5,406,1349,7,19,21,6,6,23,4604,44,8,25,19,17,20,1436,69,390,199,35,3147,1363,12,17,436,61,69,343,8,1608,46,87,16,792,77,213,17,17,6,19,2,366,3,22,189,10,103,135,58,23,151,73,61,54,617,55,111,230,22,22,306,24,1857,14,672,79,838,288,92,219,6,1632,330,449,2913,150,93,8,175,3,18,9,19,3,145,117,32,4,227,5,27,37,448,259,0,76,39,1109,1474,1271,213,1563,146,8,2140,3833,743,1585,2450,2934,25,21,6,7,0,2,519,32,110,32,214,0.0,0.0,0.0,0.0,0.0,0.0,0.0,0.0,0.0,0.0,0.0,0.0,0.0,0.0,0.0,0.0,0.0,0.0,0.0,0.0,0.0,0.0,0.0,0.0,0.0,0.0,0.0,0.0,0.0,0.0,0.0,0.0,0.0,0.0,0.0,0.0,0.0,0.0,0.0,0.0,0.0,0.0,0.0,0.0,0.0,0.0,0.0,0.0,0.0,0.0,0.0,0.0,0.0,0.0,0.0,0.0,0.0,0.0,0.0,0.0,0.0,0.0,0.0,0.0,0.0,0.0,0.0,0.0,0.0,0.0,0.0,0.0,0.0,0.0,0.0,0.0,0.0,0.0,0.0,0.0,0.0,0.0,0.0,0.0,0.0,0.0,0.0,0.0,0.0,0.0,0.0,0.0,0.0,0.0,0.0,0.0,0.0,0.0,0.0,0.0,0.0,0.0,0.0,0.0,0.0,0.0,0.0,0.0,0.0,0.0,0.0,0.0,0.0,0.0,0.0,0.0,0.0,0.0,0.0,0.0,0.0,0.0,0.0,0.0,0.0,0.0,0.0,0.0,0.0,0.0,0.0,0.0,0.0,0.0,0.0,0.0,0.0,0.0,0.0,0.0,0.0,0.0,0.0,0.0,0.0,0.0,0.0,0.0,0.0,0.0
ENCFF781IDS,0.128911141530252,155991,112,1477,20753,230,94574,9942,363,282,179,1031,5011,1320,3266,12259,11665,2162,823,3584,5656,131,707,70,215,171,2280,9297,3416,12543,3889,167,54,494,2390,2191,21,2534,47,12,8088,8718,70,215,65,15,688,5996,9859,599,1170,1481,1590,207,324,5620,69,410,470,330,1619,3329,106,3440,151,142,2327,490,21901,39320,5814,1379,785,2145,5960,45,1690,716,885,985,264,1356,1926,2380,522,757,4042,45,962,877,19,976,273,37,1069,580,6425,138415,8722,197,23851,32866,3222,28612,1812,843,3381,1216,1637,43,3293,7464,9160,158,5675,32501,1012,20793,86,489,652,5773,233,27556,1322,6846,2248,300,1985,127,173,26345,2837,3901,7118,4193,13651,25195,263,4488,3389,1428,3388,18616,314,612,53,102,58,19,1717,365,1446,11856,3758,343,3495,20156,1326,206,1672,1119,673,2560,4841,5963,8540,95,184,33,1116,67,1335,647,809,396,10,20,522,509,1512,11155,5515,40281,2621,17946,28231,11621,18408,13259,23341,113,21511,27241,10211,9638,23824,17133,3622,1072,757,606,24,771,1339,149,63,18,80,4814,158,20843,7811,4459,308,159174,38212,3912,23818,8103,1170,674,27351,23911,35556,2659,43758,125,47601,131,252,1128,146,352,1131,344,4401,2299,49,773,706,772,1207,606,3069,1631,463,354,4957,3760,1784,4842,1792,397,1052,989,458,342,267,520,1197,3725,947,429,1243,3268,2070,5204,39168,8479,2660,3386,1390,1046,844,787,1052,588,271,7642,604,1800,5312,432,1858,697,3917,2027,1294,1346,1102,943,503,448,2852,2099,1157,938,834,2499,1936,1112,736,1234,2965,31,50,463,930,1033,313,15798,415,10399,29,155,103,4942,818,8568,7171,8456,54,2482,533,64,1456,3146,58992,876,2071,2834,1110,189,2379,63,202,1560,19870,5383,11030,1389,240,250,227,10,159,734,1278,2189,1099,3915,659,514,981,29873,206,1930,98882,424,5548,1200,6802,9453,2084,346,850,5959,804,1415,1457,387,311,83,115011,2003,1213,1317,465,1237,1550,22028,105,13105,1102,30,29733,7383,41,454,6546,1260,275,6819,882,1797,283,4455,1137,9290,977,1756,802,1386,722,900,1050,1318,627,74,921,72,2409,274,678,146,613,415,204,457,21617,747,5253,3225,458,884,1154,404,28707,508,11038,1649,10006,1675,67,2337,31,34507,5841,10397,38830,1643,8554,103,302,450,1187,641,1188,939,1228,5782,1127,16,138,1090,38,76,2978,2967,9,471,357,23941,28540,22758,6072,27586,4220,537,46669,70925,13077,31940,55947,71143,139,77,844,754,350,1051,1143,474,406,773,7150,0.0,0.0,0.0,0.0,0.0,0.0,0.0,0.0,0.0,0.0,0.0,0.0,0.0,0.0,0.0,0.0,0.0,0.0,0.0,0.0,0.0,0.0,0.0,0.0,0.0,0.0,0.0,0.0,0.0,0.0,0.0,0.0,0.0,0.0,0.0,0.0,0.0,0.0,0.0,0.0,0.0,0.0,0.0,0.0,0.0,0.0,0.0,0.0,0.0,0.0,0.0,0.0,0.0,0.0,0.0,0.0,0.0,0.0,0.0,0.0,0.0,0.0,0.0,0.0,0.0,0.0,0.0,0.0,0.0,0.0,0.0,0.0,0.0,0.0,0.0,0.0,0.0,0.0,0.0,0.0,0.0,0.0,0.0,0.0,0.0,0.0,0.0,0.0,0.0,0.0,0.0,0.0,0.0,0.0,0.0,0.0,0.0,0.0,0.0,0.0,0.0,0.0,0.0,0.0,0.0,0.0,0.0,0.0,0.0,0.0,0.0,0.0,0.0,0.0,0.0,0.0,0.0,0.0,0.0,0.0,0.0,0.0,0.0,0.0,0.0,0.0,0.0,0.0,0.0,0.0,0.0,0.0,0.0,0.0,0.0,0.0,0.0,0.0,0.0,0.0,0.0,0.0,0.0,0.0,0.0,0.0,0.0,0.0,0.0,0.0
ENCFF002EKX,0.14689798655703581,411218,202,2075,37755,393,122563,8747,439,192,142,440,4179,1423,5127,22072,18300,1594,635,6356,4453,120,550,31,79,37,1398,56536,4033,27301,3638,104,48,467,2888,2561,30,3143,28,4,6339,7693,73,292,68,53,744,6761,23522,2305,844,2260,2021,166,184,3944,93,269,153,171,708,2184,614,15602,526,307,16263,93,41806,38379,3991,1774,1075,2563,4271,68,1969,964,1015,1242,376,1728,1805,2228,562,1137,4905,19,1207,1068,9,835,868,94,1520,1071,17300,130535,6877,118,18436,29053,3999,25053,1826,1032,3099,1324,1583,38,3088,5975,6566,135,4367,28450,1487,37940,203,949,954,5823,429,63397,1862,4823,1867,255,1591,145,57,21284,4281,15980,23271,6722,8949,20188,3528,4941,7576,1720,3520,41408,313,1991,71,43,28,34,1399,388,428,8521,2614,201,3531,37782,2621,179,1993,1054,682,2181,3364,3081,4661,57,100,58,1499,53,1775,835,780,76,21,7,602,400,1742,9544,4622,35031,2809,18858,28297,12391,33213,14944,26682,125,21334,27701,8587,7592,23256,15002,4325,854,2491,990,25,1139,1817,115,40,32,37,3257,91,50841,9232,5530,1312,186729,34315,5239,20262,24258,821,427,29695,15626,53436,1729,29929,91,26727,33,245,622,34,476,1284,307,5752,1952,43,1058,908,929,1575,800,3427,1757,243,171,5572,3996,1933,2641,2487,505,1361,1289,756,490,383,302,1566,4764,1149,584,1493,3349,2474,11433,41429,45113,3177,2822,1516,1230,1002,969,1295,773,133,6973,807,2363,4943,480,1920,884,4073,2324,1608,1292,1449,396,639,641,3463,2676,1299,1091,1089,2391,2192,1738,938,1690,3908,44,33,603,1288,563,515,10698,193,7644,33,182,55,5028,501,6032,5708,8080,22,2296,103,32,1506,2576,63104,3085,1588,2876,963,198,2690,83,441,1168,19283,7991,4587,979,61,142,60,28,45,899,1450,2004,1135,3824,935,593,1979,52637,653,2244,81677,574,5199,1422,8832,54852,2752,391,6063,15198,1189,1617,1567,479,378,97,329773,2362,1471,1581,683,1598,1682,22115,34,15641,1074,40,22488,8259,36,297,4775,866,26,7607,1015,835,131,4554,1505,23626,2017,7383,1092,1514,860,1089,1254,944,707,33,884,39,2466,121,61,58,3276,456,206,848,30959,1052,7900,3885,645,563,674,287,21318,2713,10753,2263,7277,1051,57,2043,5,30698,5863,10148,37901,1488,17016,181,300,545,1409,816,1365,1239,1511,8464,1270,24,99,1592,41,41,2149,2232,8,2177,81,21001,33694,27724,6872,24120,3745,542,56267,72956,11483,32546,57835,62296,170,67,1012,898,367,1362,620,303,157,683,5619,0.0,0.0,0.0,0.0,0.0,0.0,0.0,0.0,0.0,0.0,0.0,0.0,0.0,0.0,0.0,0.0,0.0,0.0,0.0,0.0,0.0,0.0,0.0,0.0,0.0,0.0,0.0,0.0,0.0,0.0,0.0,0.0,0.0,0.0,0.0,0.0,0.0,0.0,0.0,0.0,0.0,0.0,0.0,0.0,0.0,0.0,0.0,0.0,0.0,0.0,0.0,0.0,0.0,0.0,0.0,0.0,0.0,0.0,0.0,0.0,0.0,0.0,0.0,0.0,0.0,0.0,0.0,0.0,0.0,0.0,0.0,0.0,0.0,0.0,0.0,0.0,0.0,0.0,0.0,0.0,0.0,0.0,0.0,0.0,0.0,0.0,0.0,0.0,0.0,0.0,0.0,0.0,0.0,0.0,0.0,0.0,0.0,0.0,0.0,0.0,0.0,0.0,0.0,0.0,0.0,0.0,0.0,0.0,0.0,0.0,0.0,0.0,0.0,0.0,0.0,0.0,0.0,0.0,0.0,0.0,0.0,0.0,0.0,0.0,0.0,0.0,0.0,0.0,0.0,0.0,0.0,0.0,0.0,0.0,0.0,0.0,0.0,0.0,0.0,0.0,0.0,0.0,0.0,0.0,0.0,0.0,0.0,0.0,0.0,0.0
ENCFF000CRB,0.18214329763288767,59392,548,6372,58399,1434,243870,13195,372,1265,476,942,5266,10335,22646,24451,79231,7436,1182,14819,9706,247,1190,136,200,186,3006,809,5640,36400,7643,522,279,935,3064,2866,50,3618,136,43,14123,19678,364,1266,79,217,1271,10467,31071,169,753,1839,2273,929,801,10520,390,712,790,371,2018,2672,518,17248,1264,587,236,126,76094,77427,12141,1794,1192,2014,8186,532,2145,881,1405,1517,391,1595,2020,6504,754,884,6007,86,1508,809,86,2339,493,97,2727,2100,26690,314415,18259,236,48276,71809,4878,61415,1998,1021,10214,3538,4226,92,5472,13453,14192,461,7452,58124,5846,56674,995,3971,3932,15573,1663,75492,2300,10732,5115,2603,5048,786,444,49748,30875,585,40030,19668,18187,49415,159,7590,10241,2107,6622,71921,1077,431,248,243,117,180,4128,660,1066,17700,8177,1495,6421,58205,4902,852,1979,3510,2614,5211,6727,5909,9715,286,476,142,1672,86,2980,903,1162,802,37,8,865,1633,1766,25236,12270,77799,3697,57823,64336,26583,45440,23533,47050,671,49697,59136,19680,15756,44247,32305,10544,1638,215,1856,101,901,1506,373,329,73,448,6727,1046,67285,18241,28451,594,388472,68433,5441,50739,39763,2265,972,70348,35264,91914,9184,77837,412,74337,161,1098,1239,257,445,1621,529,6248,4123,101,1076,1508,962,1492,606,4260,2462,337,611,8401,5145,3755,6838,1899,521,1085,1245,613,601,439,905,1820,9560,2129,597,3095,4007,3904,14949,27940,632,4165,5098,2104,1447,1156,1078,1697,822,216,12479,777,1403,9187,600,2565,689,6534,1664,1657,886,1459,270,789,1005,3931,3992,1319,1507,1194,4093,2584,1340,1278,1604,6727,36,99,658,1046,1239,1301,26457,512,17970,46,915,185,11837,1441,12694,12293,12923,95,5760,636,354,3230,7162,134972,1048,3591,3596,1819,37,4845,443,490,1255,30791,15506,5563,2724,217,439,245,18,227,1035,3767,4193,994,5740,880,845,2524,89136,604,3493,205608,1076,10319,1613,9702,1157,4456,485,411,6494,1336,1763,1896,527,713,450,5002,2146,1578,1919,872,1894,2266,46116,369,17707,3976,54,44497,13113,118,529,13730,1257,181,11066,1301,2369,635,5326,1920,31658,4376,953,1278,1969,704,2149,1473,2460,1187,54,1844,128,3293,351,706,526,739,723,1828,1769,45869,3704,13383,10565,2196,876,2522,609,63588,175,26043,2747,21909,2734,834,5308,46,58168,11138,19178,79306,3269,25708,426,1144,624,1363,1016,1834,1259,2629,13999,1739,133,401,1731,47,145,7167,7243,45,306,529,41347,65540,53602,12676,60366,6667,1223,110352,154509,22801,70450,109000,137216,686,332,1238,1093,386,1418,2535,496,734,1455,11650,0.0,0.0,0.0,0.0,0.0,0.0,0.0,0.0,0.0,0.0,0.0,0.0,0.0,0.0,0.0,0.0,0.0,0.0,0.0,0.0,0.0,0.0,0.0,0.0,0.0,0.0,0.0,0.0,0.0,0.0,0.0,0.0,0.0,0.0,0.0,0.0,0.0,0.0,0.0,0.0,0.0,0.0,0.0,0.0,0.0,0.0,0.0,0.0,0.0,0.0,0.0,0.0,0.0,0.0,0.0,0.0,0.0,0.0,0.0,0.0,0.0,0.0,0.0,0.0,0.0,0.0,0.0,0.0,0.0,0.0,0.0,0.0,0.0,0.0,0.0,0.0,0.0,0.0,0.0,0.0,0.0,0.0,0.0,0.0,0.0,0.0,0.0,0.0,0.0,0.0,0.0,0.0,0.0,0.0,0.0,0.0,0.0,0.0,0.0,0.0,0.0,0.0,0.0,0.0,0.0,0.0,0.0,0.0,0.0,0.0,0.0,0.0,0.0,0.0,0.0,0.0,0.0,0.0,0.0,0.0,0.0,0.0,0.0,0.0,0.0,0.0,0.0,0.0,0.0,0.0,0.0,0.0,0.0,0.0,0.0,0.0,0.0,0.0,0.0,0.0,0.0,0.0,0.0,0.0,0.0,0.0,0.0,0.0,0.0,0.0
ENCFF001GDH,0.07016885251320239,12550,16,645,4795,159,22104,2858,47,105,68,178,604,793,1848,2619,6164,740,115,1420,1127,58,172,15,11,10,175,39,539,3721,922,40,38,81,495,426,5,487,5,6,2766,4081,10,121,12,4,282,1143,2084,3,123,163,230,97,124,5556,44,68,76,22,184,297,112,2275,137,76,7,31,9035,9898,4773,185,120,220,3523,57,326,76,123,164,37,168,425,1856,72,70,590,2,138,78,7,315,26,12,229,230,3407,36701,3084,25,7765,12015,433,10555,407,90,2401,745,374,4,2180,5404,4189,25,2561,11808,507,4690,85,344,342,1788,135,5804,376,1526,672,177,830,108,21,9885,2532,38,3538,1702,8064,9465,8,794,860,228,764,6618,98,52,23,40,9,8,447,105,143,3573,1160,134,860,5078,570,90,226,607,729,889,901,816,6392,24,43,15,174,3,248,87,173,635,2,2,77,113,316,6213,1566,9528,464,6026,7860,2825,5648,4864,6956,65,8076,9108,2744,2756,10639,4241,1339,193,9,126,13,80,142,69,17,9,28,748,77,6380,2359,2329,40,68683,7982,701,6792,4467,238,127,8865,3775,11671,691,12922,51,11808,20,67,170,34,49,279,68,1706,1398,9,99,166,69,138,76,822,411,1103,55,785,1466,385,5428,185,38,94,122,56,74,38,1321,179,1810,214,55,321,641,511,1721,4136,28,509,3545,239,151,113,109,140,69,936,2644,88,129,2213,47,1043,49,1426,149,197,77,133,365,81,68,418,373,129,155,133,1587,330,121,123,149,571,4,8,53,95,151,48,6214,36,5185,10,132,10,1389,385,4232,1628,2722,2,507,21,65,198,848,12318,141,398,1772,263,1,577,69,133,187,3771,1529,562,255,7,46,36,4,16,102,225,431,186,803,86,91,319,7337,54,348,34366,70,1928,152,1087,87,475,48,12,785,142,373,398,50,67,48,258,492,170,343,75,219,379,7389,20,3007,691,13,15147,2533,17,75,1596,127,15,1126,132,318,65,847,196,2976,561,94,138,371,75,192,116,1143,97,8,229,9,627,36,11,69,83,119,142,175,5096,304,1462,973,222,125,185,29,14214,13,6881,263,3275,313,53,528,8,6555,1641,2013,16135,456,2720,47,35,58,127,73,299,111,1069,1130,293,10,43,135,3,11,840,1113,2,13,43,5884,11625,9949,1344,7906,909,116,14569,26495,5406,9748,17527,21312,88,26,114,116,31,130,740,62,88,157,1424,0.0,0.0,0.0,0.0,0.0,0.0,0.0,0.0,0.0,0.0,0.0,0.0,0.0,0.0,0.0,0.0,0.0,0.0,0.0,0.0,0.0,0.0,0.0,0.0,0.0,0.0,0.0,0.0,0.0,0.0,0.0,0.0,0.0,0.0,0.0,0.0,0.0,0.0,0.0,0.0,0.0,0.0,0.0,0.0,0.0,0.0,0.0,0.0,0.0,0.0,0.0,0.0,0.0,0.0,0.0,0.0,0.0,0.0,0.0,0.0,0.0,0.0,0.0,0.0,0.0,0.0,0.0,0.0,0.0,0.0,0.0,0.0,0.0,0.0,0.0,0.0,0.0,0.0,0.0,0.0,0.0,0.0,0.0,0.0,0.0,0.0,0.0,0.0,0.0,0.0,0.0,0.0,0.0,0.0,0.0,0.0,0.0,0.0,0.0,0.0,0.0,0.0,0.0,0.0,0.0,0.0,0.0,0.0,0.0,0.0,0.0,0.0,0.0,0.0,0.0,0.0,0.0,0.0,0.0,0.0,0.0,0.0,0.0,0.0,0.0,0.0,0.0,0.0,0.0,0.0,0.0,0.0,0.0,0.0,0.0,0.0,0.0,0.0,0.0,0.0,0.0,0.0,0.0,0.0,0.0,0.0,0.0,0.0,0.0,0.0
ENCFF617CUF,0.06569715033557726,771606,3203,5481,653,1,25024,1606,54,143,111,802,705,95,435,68,8,897,532,1674,3919,130,481,84,97,7,177,15248,891,305,1717,523,2964,828,518,397,780,654,9,0,4644,5441,13,295,12,885,106,1569,151,5359,143,194,410,259,658,39951,99,197,129,39,422,347,1,2,51,121,1560,0,15857,43362,15029,277,187,13114,3814,203,263,152,250,232,44,233,269,2123,83,118,914,17,219,115,905,1139,31,0,436,201,81,104201,5600,29,55335,25977,707,23127,269,160,2850,999,1068,2,48440,24691,6996,334,3550,61244,148,4257,1,1,207,4090,1,107,246,5717,3008,456,1772,230,38,14797,833,10233,206,670,7565,29661,25376,2098,143,271,4783,1013,72,4677,6,52,47,9,1015,119,234,7192,2129,402,1515,753,357,2586,243,365,394,970,1487,1298,11705,49,73,14,252,2,462,194,566,443,546,0,5210,281,256,11099,4238,45091,907,20067,23957,5216,4252,8260,37026,57,16753,18163,7913,6708,20148,35511,2953,253,948,169,15,85,259,70,60,34,10,2869,4,5573,4079,2,10,201603,12520,2802,13828,567,448,588,15263,6281,11353,119,27610,44,23424,22,105,1006,1,73,221,125,1068,998,7,153,229,152,194,88,618,307,4480,63,2430,998,844,2639,285,74,126,168,167,77,61,968,256,2356,933,93,706,647,533,895,256,22342,773,18098,437,172,161,185,218,168,446,4494,113,175,2718,76,595,93,1542,267,220,160,219,23,135,1106,635,585,210,281,148,1774,522,154,203,225,1039,159,9,98,145,207,6,15267,104,10814,19,268,26,2543,333,13395,4937,2526,0,1158,76,128,21,1998,7148,624,3968,7042,617,181,696,67,31,318,6140,2023,703,694,63,459,68,0,4,195,36,1225,130,1152,115,116,124,510,1753,517,71718,595,2861,216,1284,17661,718,91,13289,42080,215,293,258,75,79,207,206673,304,229,250,348,269,266,12303,57,3775,2242,0,58390,4405,1,128,4248,389,48,2274,191,556,333,959,276,180,165,4802,176,270,116,363,239,736,47,4,1997,115,796,114,100,102,4034,549,23,119,1134,13,1214,535,56,63,370,1,28667,1451,10482,695,6223,486,81,2006,3,16117,2518,4613,51370,354,390,426,8,74,406,1829,250,188,416,724,280,7,3522,261,0,2,5215,2093,21,3252,190,10029,17113,27167,2170,14760,1970,98,18465,40884,7366,16183,30469,34286,126,138,206,171,60,203,597,128,483,225,4058,0.0,0.0,0.0,0.0,0.0,0.0,0.0,0.0,0.0,0.0,0.0,0.0,0.0,0.0,0.0,0.0,0.0,0.0,0.0,0.0,0.0,0.0,0.0,0.0,0.0,0.0,0.0,0.0,0.0,0.0,0.0,0.0,0.0,0.0,0.0,0.0,0.0,0.0,0.0,0.0,0.0,0.0,0.0,0.0,0.0,0.0,0.0,0.0,0.0,0.0,0.0,0.0,0.0,0.0,0.0,0.0,0.0,0.0,0.0,0.0,0.0,0.0,0.0,0.0,0.0,0.0,0.0,0.0,0.0,0.0,0.0,0.0,0.0,0.0,0.0,0.0,0.0,0.0,0.0,0.0,0.0,0.0,0.0,0.0,0.0,0.0,0.0,0.0,0.0,0.0,0.0,0.0,0.0,0.0,0.0,0.0,0.0,0.0,0.0,0.0,0.0,0.0,0.0,0.0,0.0,0.0,0.0,0.0,0.0,0.0,0.0,0.0,0.0,0.0,0.0,0.0,0.0,0.0,0.0,0.0,0.0,0.0,0.0,0.0,0.0,0.0,0.0,0.0,0.0,0.0,0.0,0.0,0.0,0.0,0.0,0.0,0.0,0.0,0.0,0.0,0.0,0.0,0.0,0.0,0.0,0.0,0.0,0.0,0.0,0.0
ENCFF109ECO,0.12958080489650078,51811,444,3546,59393,491,100669,15632,476,255,294,654,4587,1810,6315,18739,26353,2006,951,5176,5396,135,741,61,71,110,1587,2429,4140,31977,3963,204,89,598,2876,2425,35,2613,23,0,8903,10670,285,511,82,125,876,7835,24996,194,1002,1743,1987,382,309,5827,131,387,266,208,841,2496,930,17802,695,217,631,255,53044,50414,6092,1684,958,2396,5456,217,1839,814,1032,1207,387,1610,1671,3348,595,1041,5184,16,1168,1047,28,1099,145,25,2058,1359,24243,176680,9900,185,26421,40402,3272,34190,1782,985,4416,1344,1699,21,3383,7464,7990,230,5148,35645,1735,41446,189,946,1380,7479,406,66170,1794,6044,2456,445,2291,229,57,28590,6740,1075,35490,7337,11706,28174,108,5286,4619,1681,4129,38956,381,318,131,130,56,28,2238,458,821,10846,3896,528,3894,59438,3666,334,1782,1131,818,2896,3922,3639,6056,52,140,71,1503,47,1906,888,1723,1515,19,20,690,596,1599,13656,6479,43724,3107,24009,36674,14773,32249,16047,31007,266,27803,34096,10772,9511,29313,20327,5619,1205,268,639,182,990,1649,150,40,30,190,4485,104,46063,11222,7725,335,280015,42415,5070,28296,29880,1262,541,39916,18885,63758,2378,40043,117,38469,38,330,1151,81,432,1282,371,5557,2914,29,1062,1090,882,1397,736,3446,1870,240,281,6650,3813,2101,3229,2317,476,1128,1077,600,480,369,408,1770,6015,1194,476,1830,3526,2615,13002,109162,2186,3218,3647,1611,1178,938,886,1342,747,72,8640,832,1931,5495,477,2109,728,4438,1895,1434,1112,1341,263,684,665,3384,2709,1134,1258,1269,2864,2290,1576,969,1439,4910,33,60,593,1067,613,329,15372,132,9318,22,310,92,6596,810,7956,7198,8805,29,2890,107,87,1083,3574,106668,657,2148,3033,1175,90,3146,90,617,1526,20765,7164,6771,1478,91,180,38,18,72,972,1738,2175,930,3902,957,742,1779,77792,338,2504,118423,684,6720,1347,8194,3168,3058,461,549,4588,1087,1552,1548,660,504,260,15173,1990,1443,1567,646,1624,1766,25746,52,15934,1548,33,28318,7528,102,421,7307,1163,48,9054,1080,1026,168,4704,1415,30366,3035,676,1048,1577,918,1200,1212,1128,742,47,917,78,2424,239,150,111,286,506,224,823,37013,1024,10374,5054,855,802,798,155,28470,90,14551,1619,10497,1379,176,2649,21,36745,6349,12219,46861,7630,17469,202,215,529,1450,907,1346,1188,1668,5422,1339,18,213,1609,33,45,3424,3587,13,236,169,25945,41583,32906,8660,32820,4564,523,83474,90811,14077,42331,72203,80357,276,119,1003,944,389,1282,795,394,257,701,7099,0.0,0.0,0.0,0.0,0.0,0.0,0.0,0.0,0.0,0.0,0.0,0.0,0.0,0.0,0.0,0.0,0.0,0.0,0.0,0.0,0.0,0.0,0.0,0.0,0.0,0.0,0.0,0.0,0.0,0.0,0.0,0.0,0.0,0.0,0.0,0.0,0.0,0.0,0.0,0.0,0.0,0.0,0.0,0.0,0.0,0.0,0.0,0.0,0.0,0.0,0.0,0.0,0.0,0.0,0.0,0.0,0.0,0.0,0.0,0.0,0.0,0.0,0.0,0.0,0.0,0.0,0.0,0.0,0.0,0.0,0.0,0.0,0.0,0.0,0.0,0.0,0.0,0.0,0.0,0.0,0.0,0.0,0.0,0.0,0.0,0.0,0.0,0.0,0.0,0.0,0.0,0.0,0.0,0.0,0.0,0.0,0.0,0.0,0.0,0.0,0.0,0.0,0.0,0.0,0.0,0.0,0.0,0.0,0.0,0.0,0.0,0.0,0.0,0.0,0.0,0.0,0.0,0.0,0.0,0.0,0.0,0.0,0.0,0.0,0.0,0.0,0.0,0.0,0.0,0.0,0.0,0.0,0.0,0.0,0.0,0.0,0.0,0.0,0.0,0.0,0.0,0.0,0.0,0.0,0.0,0.0,0.0,0.0,0.0,0.0
ENCFF387BUL,0.17107477771167806,455132,15210,18736,94079,1859,253315,42214,1201,1712,1673,8614,21605,9432,21602,49435,56831,13504,2988,38443,31043,1632,5438,534,597,599,4084,24864,11129,61421,26014,1999,1407,5121,6167,5471,701,10050,233,869,54328,72850,557,4197,81,7061,3584,25748,60447,2859,2405,2195,3857,4046,4150,57103,1279,2826,2295,2729,5088,13058,1406,35159,2448,4180,6116,3300,200401,244848,63971,3465,1877,8594,53930,2255,4008,1362,2239,2760,581,2644,4078,23660,1071,1238,10946,113,2464,1491,114,11216,1504,348,8058,3212,56215,1008930,72468,400,191019,269109,10172,228997,4468,1669,41697,12132,14268,130,23390,55143,57926,1466,22594,236824,8477,125520,1283,5200,6187,50948,2463,143473,3917,37368,18813,6747,20556,2218,999,249461,33846,13671,76225,23980,128418,195422,3927,21384,21848,4054,22231,119350,4689,5005,257,845,592,234,16192,2526,12929,51879,33059,4301,28980,90787,7306,3020,3901,15678,16557,17361,30750,25255,64342,405,1266,464,2753,163,5060,1489,11743,49382,192,2,3322,4723,3578,106510,46951,296321,9376,131712,177329,68321,98058,64663,116513,1554,177357,199393,81332,61706,150442,121524,46147,4198,4427,4787,294,1267,2445,1392,500,1830,244,23091,1198,115328,39861,22669,1973,2853852,199491,21024,163893,63726,8950,5090,207927,103990,218599,10654,349672,1078,359125,841,2074,10141,5860,762,3164,2782,16071,16465,540,1626,2493,1494,2592,1149,9654,5190,5567,1367,22228,17299,9896,27615,3196,740,1786,2030,999,942,731,5413,2645,24835,3484,1001,8903,9513,7647,29931,62287,11784,9121,29088,5064,2592,2199,1761,2571,1180,3550,68143,1521,2429,38926,1006,7127,1179,22026,2583,3050,1310,2555,5270,1178,2606,7402,7098,2200,2429,2067,15490,5890,2298,2068,2327,11948,203,141,1129,1763,5837,707,105172,999,73302,90,3660,428,41550,6808,57712,38633,37807,219,16011,498,1404,11880,28401,210689,5098,19413,12096,6617,723,10070,2317,4581,7319,76393,45369,36493,10780,230,2525,684,111,287,1728,7162,15844,2417,19394,1438,1336,4855,116443,1955,6477,803202,4998,37326,2785,19718,29658,10167,989,10071,42394,2087,3823,4165,982,1283,1535,133330,4598,3018,3907,2626,3840,4664,162744,408,50475,16497,560,195858,49005,166,2240,36248,8597,353,28807,2326,13952,2443,13625,3598,48673,6055,8518,2177,3906,1247,3877,2557,10971,4547,264,6409,225,10543,3198,124,1657,5857,7926,2831,4180,120381,4597,21183,16068,3349,2727,6254,1676,285336,1515,108462,10274,87751,10334,1488,17976,963,200603,39170,64665,356211,7200,47013,919,2818,1045,3514,13361,4144,1892,6953,34716,3623,352,5333,2569,274,293,30298,30670,220,4922,1622,169429,208913,138629,34990,221466,25238,4170,342976,531663,57721,210299,373057,490422,1387,1252,1986,1795,707,2281,11676,1832,3480,4005,34175,0.0,0.0,0.0,0.0,0.0,0.0,0.0,0.0,0.0,0.0,0.0,0.0,0.0,0.0,0.0,0.0,0.0,0.0,0.0,0.0,0.0,0.0,0.0,0.0,0.0,0.0,0.0,0.0,0.0,0.0,0.0,0.0,0.0,0.0,0.0,0.0,0.0,0.0,0.0,0.0,0.0,0.0,0.0,0.0,0.0,0.0,0.0,0.0,0.0,0.0,0.0,0.0,0.0,0.0,0.0,0.0,0.0,0.0,0.0,0.0,0.0,0.0,0.0,0.0,0.0,0.0,0.0,0.0,0.0,0.0,0.0,0.0,0.0,0.0,0.0,0.0,0.0,0.0,0.0,0.0,0.0,0.0,0.0,0.0,0.0,0.0,0.0,0.0,0.0,0.0,0.0,0.0,0.0,0.0,0.0,0.0,0.0,0.0,0.0,0.0,0.0,0.0,0.0,0.0,0.0,0.0,0.0,0.0,0.0,0.0,0.0,0.0,0.0,0.0,0.0,0.0,0.0,0.0,0.0,0.0,0.0,0.0,0.0,0.0,0.0,0.0,0.0,0.0,0.0,0.0,0.0,0.0,0.0,0.0,0.0,0.0,0.0,0.0,0.0,0.0,0.0,0.0,0.0,0.0,0.0,0.0,0.0,0.0,0.0,0.0
ENCFF000ONI,0.1282289781263233,88076,413,3324,34539,601,85507,5004,287,558,261,572,3343,4523,9172,19891,31977,3281,431,4248,4829,152,608,94,49,43,1455,8249,3322,17275,3135,233,308,449,2045,1944,185,1908,31,58,6862,9276,88,532,49,108,1081,6808,17737,762,544,1076,1568,368,238,5210,142,307,337,100,579,1622,329,10099,583,452,2269,133,38798,37375,5611,1138,771,2289,4739,303,1367,589,846,936,263,1025,1357,2997,503,589,3694,19,950,564,31,953,122,20,957,1251,11262,138813,8189,113,22844,34337,2503,29231,1328,642,4369,1377,1542,29,2216,5974,5927,159,4136,25939,2584,24699,463,1845,1781,7684,743,33789,1399,4865,2367,601,2178,328,126,24525,13719,7687,20797,8157,9299,22599,1091,4529,2604,1280,3624,35772,444,930,114,101,47,49,1933,215,621,8914,3867,578,3493,35447,3173,366,1276,770,746,2618,3662,2936,4252,58,121,28,1072,25,1833,686,689,776,145,5,839,617,1081,11919,5850,35873,2161,25668,25922,12465,21973,11806,25795,254,23025,27527,8720,7357,19497,15283,5218,817,2027,533,60,561,938,152,76,26,25,3312,348,30907,10079,13829,176,182366,30071,3564,22810,21090,839,464,32592,15597,47629,3903,35426,206,33992,53,359,976,348,314,1070,296,3506,1866,36,695,1051,588,981,437,2654,1580,206,458,4451,2790,1901,2192,1294,313,672,836,384,378,311,429,1119,4483,1240,422,1633,2452,2216,11354,18341,4484,2493,2681,1325,904,693,664,1015,502,106,6282,526,866,4457,394,1566,414,3665,1094,1111,613,1004,158,533,613,2398,2550,934,977,760,2117,1364,808,818,964,3797,30,53,385,684,408,294,11749,48,7845,19,446,52,5724,602,5495,5557,6340,34,2433,103,145,1268,3124,58490,851,2120,2134,912,297,2788,156,110,547,14418,5284,3838,1155,13,142,103,19,64,745,957,1985,721,3121,525,587,1414,47904,672,2138,101539,543,4925,1053,5564,8403,2579,339,3001,8197,918,1137,1224,523,459,342,29222,1343,976,1286,490,1286,1501,21373,63,9235,1811,13,21817,5454,18,229,5463,708,70,6156,846,938,238,3178,1253,17458,3152,1283,912,1222,495,1167,961,1016,763,14,853,24,1560,79,15,141,952,158,670,537,24861,1659,9101,4432,1123,371,688,137,28686,870,13744,2765,9815,1029,300,2273,43,30264,5219,10093,39491,1464,16216,344,212,417,1247,637,1240,791,1391,5406,1122,38,735,1142,10,18,3169,3326,29,1398,208,20378,34130,26031,6651,29048,3474,618,58232,75722,11226,34537,56540,67209,304,177,842,728,232,935,1040,234,304,605,5792,0.0,0.0,0.0,0.0,0.0,0.0,0.0,0.0,0.0,0.0,0.0,0.0,0.0,0.0,0.0,0.0,0.0,0.0,0.0,0.0,0.0,0.0,0.0,0.0,0.0,0.0,0.0,0.0,0.0,0.0,0.0,0.0,0.0,0.0,0.0,0.0,0.0,0.0,0.0,0.0,0.0,0.0,0.0,0.0,0.0,0.0,0.0,0.0,0.0,0.0,0.0,0.0,0.0,0.0,0.0,0.0,0.0,0.0,0.0,0.0,0.0,0.0,0.0,0.0,0.0,0.0,0.0,0.0,0.0,0.0,0.0,0.0,0.0,0.0,0.0,0.0,0.0,0.0,0.0,0.0,0.0,0.0,0.0,0.0,0.0,0.0,0.0,0.0,0.0,0.0,0.0,0.0,0.0,0.0,0.0,0.0,0.0,0.0,0.0,0.0,0.0,0.0,0.0,0.0,0.0,0.0,0.0,0.0,0.0,0.0,0.0,0.0,0.0,0.0,0.0,0.0,0.0,0.0,0.0,0.0,0.0,0.0,0.0,0.0,0.0,0.0,0.0,0.0,0.0,0.0,0.0,0.0,0.0,0.0,0.0,0.0,0.0,0.0,0.0,0.0,0.0,0.0,0.0,0.0,0.0,0.0,0.0,0.0,0.0,0.0
ENCFF527WMD,0.152381943906038,67949,153,4338,69231,455,174251,6738,336,181,145,311,3526,1321,5262,30923,23039,1737,534,3032,3922,85,478,40,42,46,1108,4730,3527,43775,2785,117,61,482,2568,2151,44,2386,17,4,6306,7683,74,367,79,33,698,6096,22361,454,549,1626,1828,284,160,3274,63,294,199,141,613,1805,399,11940,263,177,1462,111,35731,32109,3498,1587,935,1954,3012,161,1725,790,970,1098,269,1437,1495,2413,522,941,4396,14,1120,884,16,769,196,54,1052,1349,35365,133684,6597,98,17661,26296,3079,22398,1614,805,2889,976,1241,12,2196,4566,5032,180,3774,24963,1922,33297,292,1421,1599,5642,671,68524,1732,4542,1788,327,1490,217,29,18764,6415,1896,36722,6818,6863,19400,205,4218,2710,1476,2737,29662,222,439,91,57,27,23,1535,417,355,7197,2450,243,3504,67287,4063,227,1614,1171,1216,2099,3199,3194,3227,30,91,42,1392,41,1744,797,787,68,15,10,661,459,1508,8357,4333,29505,2356,19359,22631,12118,34948,14152,26429,234,19299,24728,6948,6130,19145,12911,4449,821,543,375,43,877,1461,100,30,46,73,3080,115,49196,11359,7442,393,136432,29462,3251,17535,21549,782,307,29173,14078,48388,2087,24687,54,23591,27,269,659,19,355,1107,209,4467,2048,23,970,926,799,1313,563,3002,1689,102,148,5211,3199,1579,1713,2032,437,1055,1057,569,393,295,190,1584,3706,1051,443,1345,2758,2395,14400,45422,4066,2866,2507,1408,1110,931,829,1270,689,34,6090,698,1657,4063,434,1717,635,3341,1726,1399,976,1253,164,570,576,3010,2453,1035,1087,1047,2082,1779,1451,947,1413,4097,40,52,560,1003,384,1014,11091,233,6949,43,224,73,5096,550,5791,5514,5558,53,2317,71,33,1308,2184,64889,594,1354,2227,788,163,2600,72,251,992,15994,4078,4297,1146,106,253,68,37,69,810,1205,1504,913,2902,887,601,1942,91839,391,1972,76703,571,4868,1237,7487,5378,2548,358,921,4629,1017,1418,1461,432,408,179,28198,1729,1306,1401,527,1421,1580,19210,26,12481,1046,68,18363,5688,21,279,4074,836,23,6986,1008,709,86,3835,1277,33422,2897,846,855,1397,698,1058,1194,837,704,7,578,25,1928,189,125,70,457,1903,294,1021,45433,1346,11427,5394,974,505,467,206,20365,189,9819,1585,6509,1034,103,2022,12,24417,4281,8054,31072,1053,17107,169,217,496,1118,592,1274,961,1317,7567,1264,20,249,1423,45,41,2289,2322,20,340,65,17303,27265,22126,5439,20463,2825,231,65787,60449,11033,27341,46912,51795,210,78,848,886,316,1208,511,248,120,563,5386,0.0,0.0,0.0,0.0,0.0,0.0,0.0,0.0,0.0,0.0,0.0,0.0,0.0,0.0,0.0,0.0,0.0,0.0,0.0,0.0,0.0,0.0,0.0,0.0,0.0,0.0,0.0,0.0,0.0,0.0,0.0,0.0,0.0,0.0,0.0,0.0,0.0,0.0,0.0,0.0,0.0,0.0,0.0,0.0,0.0,0.0,0.0,0.0,0.0,0.0,0.0,0.0,0.0,0.0,0.0,0.0,0.0,0.0,0.0,0.0,0.0,0.0,0.0,0.0,0.0,0.0,0.0,0.0,0.0,0.0,0.0,0.0,0.0,0.0,0.0,0.0,0.0,0.0,0.0,0.0,0.0,0.0,0.0,0.0,0.0,0.0,0.0,0.0,0.0,0.0,0.0,0.0,0.0,0.0,0.0,0.0,0.0,0.0,0.0,0.0,0.0,0.0,0.0,0.0,0.0,0.0,0.0,0.0,0.0,0.0,0.0,0.0,0.0,0.0,0.0,0.0,0.0,0.0,0.0,0.0,0.0,0.0,0.0,0.0,0.0,0.0,0.0,0.0,0.0,0.0,0.0,0.0,0.0,0.0,0.0,0.0,0.0,0.0,0.0,0.0,0.0,0.0,0.0,0.0,0.0,0.0,0.0,0.0,0.0,0.0
ENCFF530SFF,0.13358562953922062,493067,1384,4691,33721,373,41795,5253,240,293,192,436,2915,2580,7003,13033,13569,2540,322,4843,4318,99,476,64,57,46,901,38633,2995,20703,2645,184,2565,528,1679,1426,1227,1578,30,38,6481,7708,50,561,45,543,480,4819,22686,6535,371,1012,1209,283,277,4383,126,228,306,130,468,1339,662,11466,388,584,10298,82,44610,39215,4556,1004,636,9389,3624,190,1072,405,713,774,214,949,939,2649,366,495,3332,19,800,460,13,773,147,34,1282,1263,20292,131189,7459,128,19945,29679,2090,25824,1258,584,3708,1264,1466,27,2050,5209,4989,179,3941,23323,1854,18999,255,1178,1511,6549,454,27168,1310,4845,2159,593,1783,302,67,18982,8614,23640,21148,6662,8336,18011,7693,3890,2943,1071,5871,39119,516,5858,83,76,26,54,1491,151,513,7871,3120,449,3705,34334,3416,342,934,751,755,2326,3309,2667,3945,55,106,33,977,22,1711,510,1345,722,1013,23,2987,586,861,11377,4797,43769,1914,22464,23880,12570,26289,11118,23549,127,21186,25045,8321,6399,18303,13403,5854,759,8179,854,178,541,799,96,75,37,51,3282,289,36544,10991,7137,303,267876,32996,6477,22317,21465,854,417,35002,18169,54824,2506,31334,151,28488,30,275,618,179,241,808,204,3243,1638,34,594,870,564,835,366,2098,1303,314,157,3721,2489,1519,2282,1050,365,538,709,299,296,267,386,1057,4994,1312,302,1541,2191,1845,12669,49309,25142,1959,2327,1134,765,610,535,901,501,138,5442,361,718,3695,281,1205,318,3273,1013,987,608,858,305,410,1554,2221,2170,692,859,658,1710,1285,668,684,947,3704,10,28,334,517,351,282,9821,120,6642,23,323,106,4487,503,5066,5175,6291,20,2091,94,124,1661,2685,65609,2425,3557,1761,895,2217,2629,123,144,546,13731,5744,2607,891,45,216,98,8,24,589,1307,1905,511,3054,479,462,1484,45464,1874,1817,88714,612,4039,899,4723,39666,2348,272,17127,45531,731,775,898,294,358,697,202435,1044,763,925,435,1056,1145,18751,48,8408,1628,26,19027,5182,39,156,4919,548,32,5365,748,1023,227,2673,915,22404,3408,5332,822,876,381,1029,698,898,718,41,844,24,1497,205,50,106,4722,303,525,836,21490,988,9384,4431,839,408,642,180,23306,3819,11349,8766,8182,861,321,2024,28,26277,4891,8459,36615,4060,15387,937,225,307,3219,1226,1005,694,1363,7041,897,39,4088,991,20,32,2644,2475,12,8389,166,16826,34936,26556,6840,26105,3220,826,53229,73168,11881,34529,53688,60028,173,144,714,624,158,798,1052,227,325,506,5302,0.0,0.0,0.0,0.0,0.0,0.0,0.0,0.0,0.0,0.0,0.0,0.0,0.0,0.0,0.0,0.0,0.0,0.0,0.0,0.0,0.0,0.0,0.0,0.0,0.0,0.0,0.0,0.0,0.0,0.0,0.0,0.0,0.0,0.0,0.0,0.0,0.0,0.0,0.0,0.0,0.0,0.0,0.0,0.0,0.0,0.0,0.0,0.0,0.0,0.0,0.0,0.0,0.0,0.0,0.0,0.0,0.0,0.0,0.0,0.0,0.0,0.0,0.0,0.0,0.0,0.0,0.0,0.0,0.0,0.0,0.0,0.0,0.0,0.0,0.0,0.0,0.0,0.0,0.0,0.0,0.0,0.0,0.0,0.0,0.0,0.0,0.0,0.0,0.0,0.0,0.0,0.0,0.0,0.0,0.0,0.0,0.0,0.0,0.0,0.0,0.0,0.0,0.0,0.0,0.0,0.0,0.0,0.0,0.0,0.0,0.0,0.0,0.0,0.0,0.0,0.0,0.0,0.0,0.0,0.0,0.0,0.0,0.0,0.0,0.0,0.0,0.0,0.0,0.0,0.0,0.0,0.0,0.0,0.0,0.0,0.0,0.0,0.0,0.0,0.0,0.0,0.0,0.0,0.0,0.0,0.0,0.0,0.0,0.0,0.0
ENCFF350YIV,0.11770001483105516,60563,171,6007,47487,250,54737,9571,241,361,512,1403,4659,1840,4957,20774,10847,3690,865,6264,9692,321,1570,164,75,61,1461,213,4463,34913,7308,669,363,828,2028,1727,43,2951,37,54,14827,25200,184,1673,24,62,1077,8522,21420,24,853,1287,1497,1007,1585,18787,486,777,632,513,1286,2441,301,6001,362,1256,946,279,54631,73458,21708,1140,721,1523,18245,568,1367,532,760,999,230,1082,1441,8107,436,573,4858,32,846,475,22,3001,684,133,2238,1277,10920,302875,20641,164,57073,77729,3528,68433,1389,660,12783,4115,4115,39,6023,16038,14796,173,9522,73625,1542,25218,200,806,1427,16181,362,25302,1311,11559,5552,1551,5949,878,203,75352,7458,84,15760,5407,39514,59076,52,6719,2280,1208,6815,84102,1432,385,127,206,164,38,4719,619,1492,19555,10033,1488,6713,46768,3036,1118,1321,3184,2264,4704,8454,7136,17395,143,348,95,1079,19,2074,645,2730,1917,25,3,554,1220,1060,35461,15179,89962,3173,40060,50833,21492,31623,22429,41574,346,53809,61033,27225,19782,45002,33373,11704,1313,33,1048,134,524,945,341,168,105,52,7379,137,31874,13728,3920,214,391674,54640,5403,46607,12534,2147,1427,61211,25056,60139,1710,90110,288,91240,84,739,2009,664,254,962,421,5589,4745,18,708,997,619,915,469,3009,1559,3216,353,7790,4839,3418,8223,1247,367,652,809,342,390,228,1493,1080,7691,1286,326,2943,3221,2982,13317,15480,256,3178,9068,1783,1001,760,645,1020,578,971,15447,447,808,10536,351,2435,329,7231,1157,1096,662,952,1549,435,822,2977,2719,820,1005,709,5461,2088,781,817,1099,5235,67,44,395,595,1176,245,31238,122,21751,45,1110,109,11929,1933,15503,18719,11327,11,4751,68,516,1077,9252,49084,1339,3758,3743,2183,39,3597,471,737,1347,22345,7144,5673,2739,60,746,256,0,34,674,6212,5642,766,10680,514,479,1472,51898,430,2651,289560,684,11029,1011,6508,638,3605,311,64,6532,874,1141,1207,367,456,546,1853,1409,1031,1251,596,1203,1460,46482,43,17825,4127,56,58552,13512,100,591,9671,1296,57,10127,845,4353,590,4118,1196,17766,2570,1053,721,1341,411,1609,904,3210,514,27,2355,21,3242,366,90,466,695,399,304,736,18483,790,7535,3501,684,570,1668,230,76771,87,35539,2285,27171,2613,521,6087,59,54381,9755,16986,82872,2407,10766,252,303,350,883,418,1275,768,2343,4504,1063,61,363,1104,23,17,9146,9764,7,132,394,48274,62749,43197,10942,66253,7503,652,103729,151808,18994,62136,114239,141961,327,361,719,745,203,854,4596,604,1039,1308,11339,0.0,0.0,0.0,0.0,0.0,0.0,0.0,0.0,0.0,0.0,0.0,0.0,0.0,0.0,0.0,0.0,0.0,0.0,0.0,0.0,0.0,0.0,0.0,0.0,0.0,0.0,0.0,0.0,0.0,0.0,0.0,0.0,0.0,0.0,0.0,0.0,0.0,0.0,0.0,0.0,0.0,0.0,0.0,0.0,0.0,0.0,0.0,0.0,0.0,0.0,0.0,0.0,0.0,0.0,0.0,0.0,0.0,0.0,0.0,0.0,0.0,0.0,0.0,0.0,0.0,0.0,0.0,0.0,0.0,0.0,0.0,0.0,0.0,0.0,0.0,0.0,0.0,0.0,0.0,0.0,0.0,0.0,0.0,0.0,0.0,0.0,0.0,0.0,0.0,0.0,0.0,0.0,0.0,0.0,0.0,0.0,0.0,0.0,0.0,0.0,0.0,0.0,0.0,0.0,0.0,0.0,0.0,0.0,0.0,0.0,0.0,0.0,0.0,0.0,0.0,0.0,0.0,0.0,0.0,0.0,0.0,0.0,0.0,0.0,0.0,0.0,0.0,0.0,0.0,0.0,0.0,0.0,0.0,0.0,0.0,0.0,0.0,0.0,0.0,0.0,0.0,0.0,0.0,0.0,0.0,0.0,0.0,0.0,0.0,0.0
ENCFF950ZNN,0.1297189909525499,173651,155,3799,50805,666,246804,7661,582,214,251,783,5655,1825,7310,35145,27274,1781,529,8471,5232,129,534,38,115,88,1613,16995,5014,38029,3291,98,39,465,3627,3347,51,3543,23,21,7949,7542,204,308,103,37,713,8073,37118,634,746,2533,2549,133,249,4054,109,269,172,197,619,3310,1902,31427,5757,408,4510,291,67456,44272,4172,2217,1319,2842,3556,44,2423,1115,1347,1625,521,2153,2169,2275,784,1432,6124,25,1654,1454,25,837,309,49,1897,1764,58820,144275,7453,133,19408,31801,4888,26705,2335,1290,2805,1238,2010,36,3316,7167,7024,290,5234,30666,2082,118186,273,1315,1706,6244,625,191861,2463,5766,2630,417,1443,126,51,18931,6320,4925,47282,12600,8614,20087,555,5952,9293,2092,3220,69165,623,971,88,65,41,21,1437,494,948,9400,2497,249,5260,53384,4506,149,2403,1467,1831,2353,3944,3711,4488,33,118,65,1881,63,2487,1070,2157,230,19,11,758,363,2213,10324,5048,34075,3378,21166,29622,15726,45644,18143,33266,208,23663,31669,7645,7836,26410,14552,5632,1001,980,763,20,1309,2357,103,57,44,56,4103,118,68504,13387,10440,377,203715,44921,5209,28936,48012,736,668,38559,23085,88526,2901,35175,145,26439,45,150,1147,40,588,1674,271,7064,1716,205,1443,1263,1160,1974,1010,4409,2138,324,176,6221,4522,2162,2999,3075,608,1668,1575,990,560,411,214,1919,6440,1494,693,1702,3862,2997,19643,83639,15946,3889,3195,1909,1616,1241,1240,1706,1036,103,8539,930,2918,4856,605,2309,1054,4637,3166,1958,1774,1827,417,793,700,4608,3422,1853,1516,1533,2387,2742,1948,1141,2086,4437,40,61,830,1593,580,629,10848,177,8716,26,253,83,5053,418,6877,6559,9170,37,2069,82,28,2957,2004,116595,1251,1690,3768,934,152,3130,119,814,1316,21749,10590,7553,915,42,145,72,29,75,1175,1697,1905,1347,3739,1219,762,2423,77244,227,2741,84763,739,5453,1809,9746,18671,3086,527,1706,7412,1450,1819,2031,548,507,78,104644,2596,2016,1957,982,1855,2202,23085,38,17322,1055,48,22830,6425,31,275,5083,998,60,9627,1321,1287,107,5085,1713,29994,3273,2146,1379,1836,1066,1227,1697,1121,1222,43,773,31,2917,299,142,88,1030,1324,235,1246,63847,1583,12391,6490,1111,705,597,260,20851,872,9387,2144,6761,1035,32,2012,17,34324,6998,10879,43797,2114,33434,207,301,637,1912,1035,1639,1556,1893,8431,1664,33,117,2102,44,57,2096,1947,61,893,77,20275,40067,33829,8413,26153,3594,869,93998,81735,14336,38681,63474,68048,208,64,1321,1146,459,1725,874,350,194,635,6710,0.0,0.0,0.0,0.0,0.0,0.0,0.0,0.0,0.0,0.0,0.0,0.0,0.0,0.0,0.0,0.0,0.0,0.0,0.0,0.0,0.0,0.0,0.0,0.0,0.0,0.0,0.0,0.0,0.0,0.0,0.0,0.0,0.0,0.0,0.0,0.0,0.0,0.0,0.0,0.0,0.0,0.0,0.0,0.0,0.0,0.0,0.0,0.0,0.0,0.0,0.0,0.0,0.0,0.0,0.0,0.0,0.0,0.0,0.0,0.0,0.0,0.0,0.0,0.0,0.0,0.0,0.0,0.0,0.0,0.0,0.0,0.0,0.0,0.0,0.0,0.0,0.0,0.0,0.0,0.0,0.0,0.0,0.0,0.0,0.0,0.0,0.0,0.0,0.0,0.0,0.0,0.0,0.0,0.0,0.0,0.0,0.0,0.0,0.0,0.0,0.0,0.0,0.0,0.0,0.0,0.0,0.0,0.0,0.0,0.0,0.0,0.0,0.0,0.0,0.0,0.0,0.0,0.0,0.0,0.0,0.0,0.0,0.0,0.0,0.0,0.0,0.0,0.0,0.0,0.0,0.0,0.0,0.0,0.0,0.0,0.0,0.0,0.0,0.0,0.0,0.0,0.0,0.0,0.0,0.0,0.0,0.0,0.0,0.0,0.0
ENCFF224PDC,0.1495661835339169,45290,298,7019,93173,697,222091,8716,532,246,276,536,5598,1842,7688,42303,28786,3054,790,4733,5987,123,737,41,36,84,1654,1288,5447,56843,4610,196,90,713,4234,3701,67,3867,28,3,11308,12124,119,1015,94,72,1175,9623,32059,93,1182,2481,3029,374,240,5650,145,443,518,762,1026,2648,618,17115,383,245,413,141,57778,56334,5678,2498,1601,2942,5097,200,2616,1144,1709,2016,433,2255,2554,3780,864,1361,6984,16,1677,1317,30,1084,292,213,1978,2051,49228,226338,13240,203,32423,46575,4567,39107,2788,1364,4928,1993,2274,55,3221,6692,7406,1035,6665,37158,2738,43637,388,1984,2427,9430,938,89752,2834,6943,2832,449,2627,259,66,29995,9941,772,52864,10477,10579,29605,112,6900,3468,2490,4347,42337,577,273,150,98,27,54,4559,637,495,11828,4578,398,12006,94130,6104,320,2661,1061,1065,3781,8347,8171,5584,56,183,34,2277,55,2863,1317,1572,775,44,19,1013,685,2542,13913,6753,45681,3910,31495,38634,21245,59381,22823,40976,307,30295,38480,9943,10005,29371,26844,7306,1476,141,974,65,1306,2320,160,45,33,111,5122,156,70927,18129,9371,840,239568,48668,4965,29952,31186,1171,551,50001,26760,77995,2829,40174,75,38392,29,474,1029,50,615,1931,389,7196,2996,33,1432,1591,1230,2101,830,5278,2751,123,237,8367,5029,2629,2522,3159,803,1491,1806,920,622,456,351,2612,6908,1578,740,2319,4580,3825,29808,80024,1438,4665,3976,2319,1898,1481,1446,2058,1163,60,8608,990,2566,6479,652,2806,988,5383,2741,2156,1665,2176,185,934,753,4845,4162,1767,1834,1604,3318,2983,2075,1409,2175,6321,36,49,853,1518,627,2076,16622,259,11676,32,355,72,8699,904,9179,8629,8910,91,6308,97,56,5862,3653,101676,590,2118,3790,1341,66,4161,96,330,1610,27982,6286,6629,1936,85,239,147,71,84,1347,5828,2248,1480,4313,1297,893,3474,131032,362,3113,121035,899,7541,2070,11018,1981,3944,493,364,4441,1604,2351,2315,800,681,245,8830,2960,2240,2346,989,2447,2539,33939,27,20256,2056,92,28896,11953,26,469,7220,1102,50,10893,1577,804,136,6290,2122,44724,4568,597,1411,2264,1085,1651,1929,988,3610,40,897,40,2780,210,430,115,282,1358,372,1544,64770,1824,21147,8575,1349,908,1593,1003,30251,121,15352,2456,10798,2489,131,3098,20,50143,9338,15357,56774,2146,24616,288,993,799,1831,905,2090,1717,1977,25298,2049,37,231,2263,687,57,4803,3842,29,150,111,28818,45239,37879,8799,34341,4851,504,101050,101296,19110,46850,77533,87727,328,134,1465,1360,496,1840,877,399,218,1047,8226,0.0,0.0,0.0,0.0,0.0,0.0,0.0,0.0,0.0,0.0,0.0,0.0,0.0,0.0,0.0,0.0,0.0,0.0,0.0,0.0,0.0,0.0,0.0,0.0,0.0,0.0,0.0,0.0,0.0,0.0,0.0,0.0,0.0,0.0,0.0,0.0,0.0,0.0,0.0,0.0,0.0,0.0,0.0,0.0,0.0,0.0,0.0,0.0,0.0,0.0,0.0,0.0,0.0,0.0,0.0,0.0,0.0,0.0,0.0,0.0,0.0,0.0,0.0,0.0,0.0,0.0,0.0,0.0,0.0,0.0,0.0,0.0,0.0,0.0,0.0,0.0,0.0,0.0,0.0,0.0,0.0,0.0,0.0,0.0,0.0,0.0,0.0,0.0,0.0,0.0,0.0,0.0,0.0,0.0,0.0,0.0,0.0,0.0,0.0,0.0,0.0,0.0,0.0,0.0,0.0,0.0,0.0,0.0,0.0,0.0,0.0,0.0,0.0,0.0,0.0,0.0,0.0,0.0,0.0,0.0,0.0,0.0,0.0,0.0,0.0,0.0,0.0,0.0,0.0,0.0,0.0,0.0,0.0,0.0,0.0,0.0,0.0,0.0,0.0,0.0,0.0,0.0,0.0,0.0,0.0,0.0,0.0,0.0,0.0,0.0
ENCFF000YLZ,0.056301766112360874,13695,32,289,3152,66,7249,579,23,22,14,84,202,222,462,1564,1692,229,35,443,795,45,63,6,4,8,63,1144,251,1768,359,21,39,42,111,113,15,132,0,39,756,889,1,47,1,5,44,406,1554,129,72,58,98,28,27,674,15,24,43,14,74,98,18,688,22,28,435,3,3282,4305,745,74,53,320,492,17,91,40,57,66,13,72,79,307,48,37,233,1,60,41,0,97,15,2,142,86,1148,14279,837,8,2349,3360,188,2822,91,40,424,111,194,2,278,942,874,8,613,2679,180,2010,44,197,183,701,73,2573,88,762,431,96,252,25,8,2385,633,492,1013,465,1144,2231,169,327,229,87,321,3259,44,127,10,5,3,1,146,19,104,1323,384,52,344,3084,275,29,67,72,71,227,863,814,592,9,7,1,66,1,118,55,173,164,20,1,95,71,67,1224,563,3777,180,2055,2580,1208,2281,1140,2264,22,2098,2563,958,745,2218,1504,470,62,243,109,8,48,57,14,4,0,10,483,11,2615,1023,445,11,17810,2901,385,2180,1406,75,73,2999,1544,4179,394,4306,11,4481,4,22,119,17,22,69,21,281,179,23,60,75,48,61,29,180,94,27,17,317,239,160,246,97,29,36,41,24,35,24,42,96,363,89,32,151,169,119,785,1768,576,184,322,109,54,43,33,52,45,2,550,27,52,390,24,125,35,288,86,72,56,65,38,35,50,166,188,65,61,62,203,98,35,57,68,268,1,0,23,34,70,22,1246,15,973,2,50,4,497,79,648,727,714,1,181,6,9,127,340,4804,135,222,160,84,40,170,15,11,55,1075,651,224,95,8,23,10,0,2,46,98,271,49,316,43,28,92,3822,70,132,9885,43,400,75,377,1053,168,16,396,1210,64,61,54,48,40,32,4686,67,72,85,46,83,101,2057,3,740,182,4,2665,608,3,23,467,55,4,467,50,190,21,215,66,1113,266,149,67,72,32,85,44,188,61,1,103,4,287,11,5,11,143,33,42,44,2863,195,727,447,124,28,111,24,3404,107,1249,256,1013,102,23,245,0,2645,531,896,4024,137,940,50,38,20,116,45,76,47,98,537,51,5,57,80,4,4,329,341,1,165,21,1770,2757,2155,475,2669,343,25,5116,6412,1037,2999,5095,6018,22,18,60,45,18,54,120,25,42,49,719,0.0,0.0,0.0,0.0,0.0,0.0,0.0,0.0,0.0,0.0,0.0,0.0,0.0,0.0,0.0,0.0,0.0,0.0,0.0,0.0,0.0,0.0,0.0,0.0,0.0,0.0,0.0,0.0,0.0,0.0,0.0,0.0,0.0,0.0,0.0,0.0,0.0,0.0,0.0,0.0,0.0,0.0,0.0,0.0,0.0,0.0,0.0,0.0,0.0,0.0,0.0,0.0,0.0,0.0,0.0,0.0,0.0,0.0,0.0,0.0,0.0,0.0,0.0,0.0,0.0,0.0,0.0,0.0,0.0,0.0,0.0,0.0,0.0,0.0,0.0,0.0,0.0,0.0,0.0,0.0,0.0,0.0,0.0,0.0,0.0,0.0,0.0,0.0,0.0,0.0,0.0,0.0,0.0,0.0,0.0,0.0,0.0,0.0,0.0,0.0,0.0,0.0,0.0,0.0,0.0,0.0,0.0,0.0,0.0,0.0,0.0,0.0,0.0,0.0,0.0,0.0,0.0,0.0,0.0,0.0,0.0,0.0,0.0,0.0,0.0,0.0,0.0,0.0,0.0,0.0,0.0,0.0,0.0,0.0,0.0,0.0,0.0,0.0,0.0,0.0,0.0,0.0,0.0,0.0,0.0,0.0,0.0,0.0,0.0,0.0
ENCFF001GCT,0.15773340188042384,22101,62,2171,13967,210,44018,4974,106,228,244,336,2068,1530,3759,6701,11583,1710,284,4392,4269,106,500,52,66,51,997,85,2343,14376,3111,164,93,325,1247,1286,16,1660,61,3,5553,7855,43,388,29,17,570,3694,5658,20,288,878,916,389,207,4104,104,220,320,103,539,882,324,7257,343,163,33,18,28562,29754,4653,744,492,691,3000,232,840,347,585,657,158,674,850,2477,260,417,2374,14,617,354,21,861,151,34,755,826,9907,112538,7004,67,18256,27662,2113,24011,923,427,4388,1792,2230,26,2143,4862,5025,209,3149,21318,1190,11794,165,641,958,5923,263,13599,832,4395,1932,622,1949,275,167,20222,5613,140,13327,3940,6439,18937,20,3024,2249,868,2642,21394,283,136,49,81,21,34,1655,231,268,7595,3317,528,2747,14820,1814,335,910,751,665,1909,2660,2212,3400,92,279,34,729,33,1210,410,360,903,6,4,421,519,794,9889,4551,29359,1472,17039,22544,9868,17973,9840,18828,204,19151,22849,6688,5897,16790,12878,3879,582,48,546,36,478,658,131,113,19,40,2806,255,18974,6693,4461,464,130494,24156,1952,18149,12941,1050,593,25806,12195,34525,1385,32170,129,30980,68,435,495,40,207,684,243,2699,1627,52,430,638,373,649,316,1695,1050,73,220,3145,2122,1551,1725,929,246,421,549,249,216,167,328,754,3402,795,265,1277,1655,1479,5052,11449,114,1582,1901,894,656,521,467,657,334,51,4664,294,585,3661,251,996,234,2549,775,780,446,752,78,278,376,1635,1579,617,670,430,1619,1087,598,510,759,2517,14,16,252,416,382,774,10654,169,6789,6,340,48,4705,529,4578,5010,4848,41,2110,65,144,555,2697,32097,482,1436,1331,702,14,1796,140,172,453,11721,4331,1737,1143,16,128,87,17,52,446,837,1515,495,2086,322,346,906,19625,160,1308,80804,407,4446,723,4130,205,1847,185,56,2198,572,759,828,272,284,161,783,886,705,815,355,822,934,19225,61,7222,1588,79,17339,5133,39,222,6336,546,62,4245,587,730,242,2253,909,8681,1376,395,471,786,251,1009,598,815,303,24,680,38,1291,95,103,162,234,348,341,495,15299,599,4946,2752,481,251,1026,277,25330,48,11110,1098,8218,878,311,1859,13,22861,4585,7924,31266,1452,8757,193,139,250,590,287,893,529,982,3937,733,31,107,727,36,38,2654,2879,16,71,177,16280,26264,20711,4783,24572,2702,507,39163,59959,8615,26470,43561,53696,136,91,514,440,116,620,1114,128,277,527,4994,0.0,0.0,0.0,0.0,0.0,0.0,0.0,0.0,0.0,0.0,0.0,0.0,0.0,0.0,0.0,0.0,0.0,0.0,0.0,0.0,0.0,0.0,0.0,0.0,0.0,0.0,0.0,0.0,0.0,0.0,0.0,0.0,0.0,0.0,0.0,0.0,0.0,0.0,0.0,0.0,0.0,0.0,0.0,0.0,0.0,0.0,0.0,0.0,0.0,0.0,0.0,0.0,0.0,0.0,0.0,0.0,0.0,0.0,0.0,0.0,0.0,0.0,0.0,0.0,0.0,0.0,0.0,0.0,0.0,0.0,0.0,0.0,0.0,0.0,0.0,0.0,0.0,0.0,0.0,0.0,0.0,0.0,0.0,0.0,0.0,0.0,0.0,0.0,0.0,0.0,0.0,0.0,0.0,0.0,0.0,0.0,0.0,0.0,0.0,0.0,0.0,0.0,0.0,0.0,0.0,0.0,0.0,0.0,0.0,0.0,0.0,0.0,0.0,0.0,0.0,0.0,0.0,0.0,0.0,0.0,0.0,0.0,0.0,0.0,0.0,0.0,0.0,0.0,0.0,0.0,0.0,0.0,0.0,0.0,0.0,0.0,0.0,0.0,0.0,0.0,0.0,0.0,0.0,0.0,0.0,0.0,0.0,0.0,0.0,0.0
ENCFF000CRA,0.15831988770801242,44907,253,4848,53102,1045,159326,9323,326,798,433,755,4484,7388,13865,21599,49466,5325,904,8168,8463,243,922,147,111,93,1342,228,4670,52500,6078,362,168,706,2468,2389,43,2847,115,21,11970,15139,122,1055,133,139,956,8416,17967,40,637,1726,1927,757,581,7914,248,538,576,293,1549,1996,572,22348,322,365,83,77,68333,64100,8983,1503,1010,1615,6152,480,1695,769,1175,1238,349,1433,1584,4930,639,754,5125,29,1251,694,51,1638,362,33,1662,1743,28796,228266,13376,184,35699,57522,3928,49203,1616,857,8900,3668,4729,73,4668,10629,10627,396,7042,47331,3609,40592,722,2687,2955,12169,1308,61957,1895,8997,4042,1270,3809,525,329,37676,20629,184,41592,13018,14268,37463,53,6692,3754,1671,5954,61170,647,304,153,167,54,44,2962,467,687,15718,6107,1023,5655,53414,4126,576,1648,1662,1602,4063,5188,4712,7767,230,361,40,1404,97,2618,861,986,981,12,7,778,1410,1420,19841,9653,60619,3108,44744,56537,21834,43886,20559,40416,475,41484,50002,14071,12093,37483,25186,7420,1405,98,1161,99,880,1253,288,274,41,165,5936,553,40575,15043,20579,473,271337,47740,4050,35016,38369,2001,988,52456,24299,79602,6570,59816,240,57804,152,1094,1081,140,406,1350,524,5269,2951,48,928,1305,813,1340,561,3296,2073,233,423,6788,4277,2923,6235,1828,528,922,1056,508,496,334,614,1682,8579,1881,471,2413,3107,2891,12098,32072,269,3306,4085,1803,1223,937,872,1349,725,158,9450,648,1135,6818,533,2099,543,5848,1664,1469,893,1323,245,700,747,3407,3466,1138,1293,930,3131,2066,1168,1124,1482,5840,15,50,536,884,1020,1725,21478,257,14392,33,691,167,10175,1036,10372,11297,9736,50,4498,414,287,2440,5518,102734,834,2719,2897,1442,27,3933,244,1044,896,24399,8555,4394,2662,173,274,176,26,105,982,1266,2874,736,4469,713,694,1630,73337,471,2963,161149,757,8234,1436,7784,513,3608,417,127,4573,1223,1307,1486,464,579,324,1967,1690,1394,1498,801,1668,1808,37148,303,15019,3316,70,35238,9472,113,394,13924,858,118,9239,1147,1874,478,4411,1693,28907,3486,765,1063,1599,524,1935,1194,1637,837,33,1334,82,2930,230,729,269,593,348,1003,895,46498,2879,11797,8544,1665,609,2111,362,49902,114,20391,2144,16074,1924,573,3763,40,47993,9866,15815,63877,3626,28648,363,278,480,1169,681,1512,1060,2365,7192,1416,89,229,1535,23,42,5252,5479,37,176,231,30139,50862,45545,9245,45271,5036,328,91633,119768,18244,55346,85294,106136,479,261,1028,969,276,1248,2370,378,580,1097,10010,0.0,0.0,0.0,0.0,0.0,0.0,0.0,0.0,0.0,0.0,0.0,0.0,0.0,0.0,0.0,0.0,0.0,0.0,0.0,0.0,0.0,0.0,0.0,0.0,0.0,0.0,0.0,0.0,0.0,0.0,0.0,0.0,0.0,0.0,0.0,0.0,0.0,0.0,0.0,0.0,0.0,0.0,0.0,0.0,0.0,0.0,0.0,0.0,0.0,0.0,0.0,0.0,0.0,0.0,0.0,0.0,0.0,0.0,0.0,0.0,0.0,0.0,0.0,0.0,0.0,0.0,0.0,0.0,0.0,0.0,0.0,0.0,0.0,0.0,0.0,0.0,0.0,0.0,0.0,0.0,0.0,0.0,0.0,0.0,0.0,0.0,0.0,0.0,0.0,0.0,0.0,0.0,0.0,0.0,0.0,0.0,0.0,0.0,0.0,0.0,0.0,0.0,0.0,0.0,0.0,0.0,0.0,0.0,0.0,0.0,0.0,0.0,0.0,0.0,0.0,0.0,0.0,0.0,0.0,0.0,0.0,0.0,0.0,0.0,0.0,0.0,0.0,0.0,0.0,0.0,0.0,0.0,0.0,0.0,0.0,0.0,0.0,0.0,0.0,0.0,0.0,0.0,0.0,0.0,0.0,0.0,0.0,0.0,0.0,0.0
ENCFF940FBY,0.143332283438159,52783,255,6005,108414,650,318494,12911,537,505,393,1038,8717,2438,8981,41383,41442,3426,2009,5789,8294,272,1346,217,99,262,1733,862,5459,60658,6696,357,129,847,3652,3195,61,3812,98,23,16092,17966,342,703,180,61,1046,11161,33760,60,1182,2267,2758,600,799,10928,122,703,477,559,1515,6765,488,22155,751,171,279,1276,63536,63072,10532,2242,1377,2998,9127,399,2448,1087,1436,1711,451,2050,2201,5695,788,1323,6840,28,1484,1335,102,3167,578,59,1643,1806,51529,258737,14851,341,40577,55824,4130,48141,2371,1272,7408,2363,2786,111,5404,11168,12068,241,7625,75904,2600,54033,336,1876,2170,11650,826,108091,2405,10395,4193,769,3842,645,96,54262,11636,397,59023,11056,22262,50346,62,7016,5038,2297,5292,45564,336,267,178,298,42,52,3837,997,3166,15308,6387,1100,5784,103594,5152,622,2265,1991,2110,4296,7097,7198,9329,265,614,81,1971,331,2387,1127,2448,439,12,56,983,1380,2207,20481,10520,70996,4056,36887,47471,20491,59897,26171,47014,456,43346,52224,19565,14859,40801,27409,7780,1468,89,499,90,1308,2103,319,167,115,1433,7683,166,80414,16995,12875,807,307780,51698,5924,36747,36024,2009,1003,52625,22625,78153,3554,63981,118,64472,242,668,4642,202,561,1701,396,7373,4635,63,1345,1334,1162,1774,907,4680,2442,256,413,9428,5403,3059,4430,2903,632,1512,1500,764,679,443,547,2214,6426,1614,677,2210,4671,3493,18401,78164,752,4939,7327,2190,1577,1248,1277,1847,982,192,13488,951,2430,9143,588,3494,1020,6532,2437,2027,1397,1767,814,911,897,4573,3697,1504,1618,1533,5270,3187,1998,1232,1965,6367,55,436,774,1454,1638,2309,31615,722,19023,80,587,428,10814,1818,14974,10969,10222,81,4567,142,121,1354,6335,112810,986,3247,4162,1758,32,3909,111,390,2557,25296,8067,23745,2763,1360,1586,70,29,545,1186,1960,3398,1300,5630,1253,903,2677,146450,362,3028,182427,827,10303,1880,10869,1363,3842,579,223,5010,1376,2084,2108,750,599,366,5519,2565,1928,2066,838,2056,2320,38104,74,21450,2265,118,45659,12184,65,744,9113,1719,218,11988,1414,2989,381,6515,1926,51102,3931,570,1309,2074,1048,1552,1775,1961,723,46,1484,326,4083,751,508,392,259,2370,355,1159,61819,1768,14908,7480,1274,1104,999,282,56708,128,21207,2259,17558,2527,374,5635,64,43347,8158,14719,61370,2054,28965,250,226,698,1690,820,1811,1421,2294,8321,1881,23,271,2069,50,56,6481,6892,41,116,530,39373,50190,38518,9331,44842,6303,692,120426,120318,18617,50093,95425,108219,433,216,1203,1128,465,1659,1433,769,537,1109,10541,0.0,0.0,0.0,0.0,0.0,0.0,0.0,0.0,0.0,0.0,0.0,0.0,0.0,0.0,0.0,0.0,0.0,0.0,0.0,0.0,0.0,0.0,0.0,0.0,0.0,0.0,0.0,0.0,0.0,0.0,0.0,0.0,0.0,0.0,0.0,0.0,0.0,0.0,0.0,0.0,0.0,0.0,0.0,0.0,0.0,0.0,0.0,0.0,0.0,0.0,0.0,0.0,0.0,0.0,0.0,0.0,0.0,0.0,0.0,0.0,0.0,0.0,0.0,0.0,0.0,0.0,0.0,0.0,0.0,0.0,0.0,0.0,0.0,0.0,0.0,0.0,0.0,0.0,0.0,0.0,0.0,0.0,0.0,0.0,0.0,0.0,0.0,0.0,0.0,0.0,0.0,0.0,0.0,0.0,0.0,0.0,0.0,0.0,0.0,0.0,0.0,0.0,0.0,0.0,0.0,0.0,0.0,0.0,0.0,0.0,0.0,0.0,0.0,0.0,0.0,0.0,0.0,0.0,0.0,0.0,0.0,0.0,0.0,0.0,0.0,0.0,0.0,0.0,0.0,0.0,0.0,0.0,0.0,0.0,0.0,0.0,0.0,0.0,0.0,0.0,0.0,0.0,0.0,0.0,0.0,0.0,0.0,0.0,0.0,0.0
ENCFF407DCK,0.11710168066311366,16293,70,1886,24854,289,49973,3281,194,126,141,289,1982,980,5306,14585,11759,1149,478,2139,3305,96,522,33,39,31,668,91,2141,16848,2417,111,40,290,1229,1173,22,1186,10,0,4382,6681,40,252,35,16,338,3968,18103,9,390,870,946,322,118,4722,48,243,102,24,480,869,333,8865,246,144,23,6,28662,27023,3818,829,480,1251,3576,182,797,438,541,535,164,816,726,2072,277,580,2767,7,587,534,0,503,7084,26,1062,936,10274,95449,5680,58,15954,22608,1693,19914,718,478,2810,802,866,4,2653,4775,4406,51,2830,32823,952,21071,96,497,778,4435,255,32839,1024,3417,1547,193,1346,97,21,25537,4741,57,15244,5138,7036,17414,5,2701,1962,747,2064,46662,170,62,73,69,130,19,1316,257,137,5963,2505,234,1984,26113,2343,238,820,290,221,1641,2231,2083,3857,17,21,9,771,5,1019,467,526,90,12,20,403,360,705,8243,3777,33728,1933,15582,19602,8054,19272,9099,21004,114,14871,17930,10578,5713,15137,10872,3429,553,11,347,68,473,780,61,7,9,41,2399,56,23045,7234,4011,108,104501,22080,3000,15732,15046,665,237,22168,9601,34410,1076,22155,25,22088,12,177,381,3,215,579,183,2930,1693,8,517,521,472,685,374,1532,862,460,102,3479,2112,1193,1886,1104,275,569,560,285,236,177,306,932,2700,532,247,927,1568,1217,6934,45332,90,1629,2467,846,552,387,436,591,408,138,3671,370,930,3671,240,1037,373,2516,1037,756,531,678,338,354,327,1768,1350,616,631,582,1782,1115,788,505,796,2695,13,12,333,502,297,121,10727,55,5723,19,154,30,3594,513,5380,3821,12486,18,1647,32,41,758,5000,50282,318,1028,1490,711,20,1521,47,227,1061,9254,3859,1757,875,7,63,26,14,8,443,658,1187,433,2222,478,347,1688,35248,158,1270,67992,295,3818,722,3841,341,1471,241,31,1821,551,678,693,292,249,153,677,846,635,631,302,701,795,14715,13,8625,870,5,16750,8479,31,257,4249,386,19,4991,487,1026,119,2282,705,21131,1882,232,574,725,384,523,598,681,338,9,471,12,1305,44,37,34,75,171,127,484,28381,691,6511,3280,607,495,329,78,23141,54,7004,844,7325,766,60,1575,4,14451,2666,4782,21307,2977,18819,108,58,275,700,331,606,527,889,4851,627,14,120,745,3,12,2051,2142,12,61,44,14183,26472,19933,5290,17926,2481,288,40327,52969,8511,25110,42643,44048,127,78,478,460,167,612,456,177,268,416,3719,0.0,0.0,0.0,0.0,0.0,0.0,0.0,0.0,0.0,0.0,0.0,0.0,0.0,0.0,0.0,0.0,0.0,0.0,0.0,0.0,0.0,0.0,0.0,0.0,0.0,0.0,0.0,0.0,0.0,0.0,0.0,0.0,0.0,0.0,0.0,0.0,0.0,0.0,0.0,0.0,0.0,0.0,0.0,0.0,0.0,0.0,0.0,0.0,0.0,0.0,0.0,0.0,0.0,0.0,0.0,0.0,0.0,0.0,0.0,0.0,0.0,0.0,0.0,0.0,0.0,0.0,0.0,0.0,0.0,0.0,0.0,0.0,0.0,0.0,0.0,0.0,0.0,0.0,0.0,0.0,0.0,0.0,0.0,0.0,0.0,0.0,0.0,0.0,0.0,0.0,0.0,0.0,0.0,0.0,0.0,0.0,0.0,0.0,0.0,0.0,0.0,0.0,0.0,0.0,0.0,0.0,0.0,0.0,0.0,0.0,0.0,0.0,0.0,0.0,0.0,0.0,0.0,0.0,0.0,0.0,0.0,0.0,0.0,0.0,0.0,0.0,0.0,0.0,0.0,0.0,0.0,0.0,0.0,0.0,0.0,0.0,0.0,0.0,0.0,0.0,0.0,0.0,0.0,0.0,0.0,0.0,0.0,0.0,0.0,0.0
ENCFF000VPE,0.08365590125339895,5113,18,284,2507,55,3859,478,34,30,21,100,215,373,618,1396,1546,281,36,420,612,27,63,5,2,3,43,309,235,1554,290,23,18,22,115,95,17,134,5,36,696,751,2,62,2,3,27,355,2009,23,43,57,67,29,31,560,12,21,23,12,65,96,19,840,43,57,118,6,3276,4022,630,73,38,87,355,17,65,30,41,57,11,45,79,297,29,37,224,1,57,29,1,93,9,5,172,100,797,12888,771,3,2121,3106,180,2640,105,33,410,130,213,2,288,830,831,13,492,2177,216,1885,35,170,154,605,82,3181,82,572,427,183,219,38,3,2283,1055,184,2327,683,1103,2113,59,277,184,62,232,2453,25,31,11,8,4,3,135,15,111,818,313,62,249,2723,294,32,54,129,133,188,931,674,539,5,13,2,61,2,122,52,278,352,7,1,35,66,51,1134,496,3354,133,2066,2317,1098,2759,935,1843,15,1945,2312,729,625,1944,1316,433,45,60,64,9,30,40,14,10,0,2,434,23,3023,828,897,12,15037,2345,242,1902,1515,51,94,2760,1339,3586,327,3130,10,2899,1,18,83,31,13,53,10,225,151,18,43,55,42,47,29,153,87,19,14,261,204,118,214,89,22,39,33,20,24,15,38,79,375,77,24,154,169,121,935,2735,192,118,301,91,46,29,33,48,19,8,514,33,46,321,12,114,25,253,79,59,39,40,23,31,33,143,148,51,57,40,195,90,39,42,56,246,0,1,29,28,52,7,1022,5,761,1,41,4,444,58,524,465,650,1,171,6,15,77,297,4551,78,155,145,87,11,143,9,16,41,874,747,209,77,1,11,10,1,2,43,95,217,30,248,36,32,133,3708,49,138,8273,39,404,49,292,302,143,12,135,500,63,44,36,40,30,21,1332,67,48,48,62,71,73,1798,5,698,209,3,2059,430,1,22,378,44,6,397,52,104,18,205,81,894,265,60,48,47,26,82,42,98,40,2,74,0,194,6,6,18,61,26,73,38,1898,143,663,390,107,33,98,7,2894,28,982,154,884,102,23,182,1,2390,514,718,3260,206,1331,25,18,20,58,31,57,36,136,381,47,2,41,63,4,4,294,301,5,49,10,1635,2684,2028,451,2454,320,15,5358,5931,943,2714,4742,5540,21,18,61,49,20,42,113,24,30,30,488,0.0,0.0,0.0,0.0,0.0,0.0,0.0,0.0,0.0,0.0,0.0,0.0,0.0,0.0,0.0,0.0,0.0,0.0,0.0,0.0,0.0,0.0,0.0,0.0,0.0,0.0,0.0,0.0,0.0,0.0,0.0,0.0,0.0,0.0,0.0,0.0,0.0,0.0,0.0,0.0,0.0,0.0,0.0,0.0,0.0,0.0,0.0,0.0,0.0,0.0,0.0,0.0,0.0,0.0,0.0,0.0,0.0,0.0,0.0,0.0,0.0,0.0,0.0,0.0,0.0,0.0,0.0,0.0,0.0,0.0,0.0,0.0,0.0,0.0,0.0,0.0,0.0,0.0,0.0,0.0,0.0,0.0,0.0,0.0,0.0,0.0,0.0,0.0,0.0,0.0,0.0,0.0,0.0,0.0,0.0,0.0,0.0,0.0,0.0,0.0,0.0,0.0,0.0,0.0,0.0,0.0,0.0,0.0,0.0,0.0,0.0,0.0,0.0,0.0,0.0,0.0,0.0,0.0,0.0,0.0,0.0,0.0,0.0,0.0,0.0,0.0,0.0,0.0,0.0,0.0,0.0,0.0,0.0,0.0,0.0,0.0,0.0,0.0,0.0,0.0,0.0,0.0,0.0,0.0,0.0,0.0,0.0,0.0,0.0,0.0
ENCFF000ZJA,0.11831433224183399,82316,135,3815,30313,621,132597,4609,258,447,320,539,2800,2425,5248,12914,30318,2374,353,4189,5064,174,564,46,32,32,792,4244,2926,15786,2935,208,275,407,1620,1504,131,1591,11,11,6831,9701,34,562,24,34,509,5220,15770,499,493,930,1320,349,266,17912,149,306,245,59,588,1201,427,11051,245,261,1277,12,45352,42872,7331,986,654,1818,137879,229,1068,519,731,744,197,974,967,3619,451,497,3258,4,788,493,11,911,115,26,1055,1150,15977,147615,8640,145,24112,34259,2106,29713,979,572,4836,1657,1267,13,2395,8320,6776,51,4657,29914,1796,19044,382,1530,1940,7356,729,26439,1223,5287,2401,507,2143,379,81,142229,7160,2796,14652,5187,279070,25744,849,3950,2155,1001,3568,35624,230,834,141,100,19,16,1892,211,487,9552,3874,575,3025,31238,2914,334,941,713,698,2800,3327,2945,10054,30,131,6,888,15,1752,583,657,2357,94,20,747,579,865,13705,5874,37035,2179,23470,28098,12749,23999,12095,26696,216,25319,30017,9067,8060,23144,15444,4259,841,852,633,120,495,802,130,61,15,21,3954,161,28822,10466,6708,135,170004,32091,3955,22903,19435,893,574,35020,15413,50385,3090,33912,117,34151,82,241,756,38,226,835,240,3797,2321,88,662,884,589,821,431,2172,1249,1398,184,4181,2797,1655,4381,1138,315,622,641,358,325,248,863,1062,4705,1143,342,1499,2156,1879,9920,78994,2877,2072,6145,1182,658,579,634,849,549,1274,7024,450,840,4932,272,2101,361,4094,1032,840,555,868,909,467,582,2131,2300,738,888,681,6084,1427,723,736,870,3865,20,19,404,567,600,266,14278,47,9681,15,496,127,5597,685,7098,5684,6961,9,1985,66,127,824,4451,76821,654,1704,2399,984,343,2426,133,178,505,14615,5118,2570,1040,21,161,76,6,33,601,678,2027,431,3757,484,466,1211,38075,683,2005,107533,446,5186,901,4390,4707,2244,261,1947,6770,712,832,935,340,392,293,24002,1037,844,958,527,1012,1106,21955,35,9230,1892,14,29874,6294,83,219,5103,479,25,5953,712,1088,262,2534,968,18691,2826,1101,778,982,515,937,784,1660,518,11,908,12,1860,75,32,130,707,136,411,604,20562,1557,8214,4656,997,423,529,97,30068,751,15444,2006,10183,931,229,2378,13,24820,4543,8284,41274,7319,14736,294,78,319,1031,390,959,686,1540,4801,830,30,486,961,5,13,3762,3551,7,968,168,20308,38156,29271,7004,29747,3518,493,64915,81541,11967,36277,59866,70407,251,132,707,672,226,785,1070,359,349,544,5755,0.0,0.0,0.0,0.0,0.0,0.0,0.0,0.0,0.0,0.0,0.0,0.0,0.0,0.0,0.0,0.0,0.0,0.0,0.0,0.0,0.0,0.0,0.0,0.0,0.0,0.0,0.0,0.0,0.0,0.0,0.0,0.0,0.0,0.0,0.0,0.0,0.0,0.0,0.0,0.0,0.0,0.0,0.0,0.0,0.0,0.0,0.0,0.0,0.0,0.0,0.0,0.0,0.0,0.0,0.0,0.0,0.0,0.0,0.0,0.0,0.0,0.0,0.0,0.0,0.0,0.0,0.0,0.0,0.0,0.0,0.0,0.0,0.0,0.0,0.0,0.0,0.0,0.0,0.0,0.0,0.0,0.0,0.0,0.0,0.0,0.0,0.0,0.0,0.0,0.0,0.0,0.0,0.0,0.0,0.0,0.0,0.0,0.0,0.0,0.0,0.0,0.0,0.0,0.0,0.0,0.0,0.0,0.0,0.0,0.0,0.0,0.0,0.0,0.0,0.0,0.0,0.0,0.0,0.0,0.0,0.0,0.0,0.0,0.0,0.0,0.0,0.0,0.0,0.0,0.0,0.0,0.0,0.0,0.0,0.0,0.0,0.0,0.0,0.0,0.0,0.0,0.0,0.0,0.0,0.0,0.0,0.0,0.0,0.0,0.0
ENCFF515LZE,0.11605893886671123,117097,57,1291,14397,217,45565,4666,207,199,130,363,2395,977,1996,6208,9003,894,593,2244,2356,78,312,28,83,54,792,8252,2037,9053,1891,62,25,219,1472,1396,10,1455,35,4,3675,4276,79,180,72,18,365,3605,9276,570,513,950,962,78,179,2423,41,177,109,215,576,1237,158,3286,93,157,1950,121,14624,23362,2472,941,546,1401,2773,34,966,442,586,627,207,892,1065,1216,283,514,2502,21,650,553,11,463,209,18,891,357,2564,64370,3324,114,9306,15191,2012,13121,988,542,1772,670,932,22,1647,3182,3916,203,2496,15706,677,14538,66,283,403,2886,202,24023,791,2540,1132,196,916,77,46,12631,2108,4696,6665,2853,5572,12067,274,2678,2141,833,2025,14372,232,630,36,56,27,8,858,237,404,4759,1529,156,1702,13436,993,142,972,1248,998,1211,2031,2340,2604,35,84,21,698,42,897,444,287,127,4,9,315,181,880,4842,2425,17669,1440,8725,13781,5411,10612,6998,12498,74,10947,14320,4001,3977,11409,7536,1879,492,617,210,18,528,834,62,43,5,22,1808,110,14101,3623,3450,282,63682,14237,1996,9152,6046,540,268,13811,6435,17607,926,16738,72,16184,70,131,438,64,219,672,147,2631,1002,22,535,471,523,746,393,1764,955,91,100,2705,2069,1031,1350,1167,252,654,598,362,199,162,131,812,1988,451,261,710,1734,1290,3936,11943,6647,1675,1557,839,653,479,497,645,415,49,3678,425,1184,2527,280,930,401,2146,1278,768,846,720,105,314,275,1855,1287,738,617,611,1309,1131,807,465,851,1765,12,6,272,663,360,220,5646,156,4182,16,101,56,2641,353,3329,3182,3471,52,1173,145,57,682,1249,29133,559,852,1515,521,66,1401,52,503,690,10111,3169,3007,660,41,96,180,12,106,462,397,929,569,2098,436,299,628,23428,172,1144,48940,293,2802,715,4340,8942,1306,203,1061,4811,558,905,858,233,194,57,84004,1181,765,718,260,748,896,11530,74,7946,580,28,12883,3476,11,237,2594,474,97,4067,539,507,136,2506,777,11998,719,1105,536,817,441,528,702,580,330,38,525,18,1125,159,152,29,493,197,112,376,10289,381,3303,1649,270,359,506,169,13607,456,4991,852,4211,869,29,1077,8,16609,2780,5086,19776,619,7301,69,175,264,726,398,762,646,775,2557,707,7,66,785,10,45,1200,1234,16,445,78,11145,13938,11255,2800,12719,1925,309,24378,34398,5218,14148,26581,32130,81,31,491,500,198,642,321,271,98,359,3037,0.0,0.0,0.0,0.0,0.0,0.0,0.0,0.0,0.0,0.0,0.0,0.0,0.0,0.0,0.0,0.0,0.0,0.0,0.0,0.0,0.0,0.0,0.0,0.0,0.0,0.0,0.0,0.0,0.0,0.0,0.0,0.0,0.0,0.0,0.0,0.0,0.0,0.0,0.0,0.0,0.0,0.0,0.0,0.0,0.0,0.0,0.0,0.0,0.0,0.0,0.0,0.0,0.0,0.0,0.0,0.0,0.0,0.0,0.0,0.0,0.0,0.0,0.0,0.0,0.0,0.0,0.0,0.0,0.0,0.0,0.0,0.0,0.0,0.0,0.0,0.0,0.0,0.0,0.0,0.0,0.0,0.0,0.0,0.0,0.0,0.0,0.0,0.0,0.0,0.0,0.0,0.0,0.0,0.0,0.0,0.0,0.0,0.0,0.0,0.0,0.0,0.0,0.0,0.0,0.0,0.0,0.0,0.0,0.0,0.0,0.0,0.0,0.0,0.0,0.0,0.0,0.0,0.0,0.0,0.0,0.0,0.0,0.0,0.0,0.0,0.0,0.0,0.0,0.0,0.0,0.0,0.0,0.0,0.0,0.0,0.0,0.0,0.0,0.0,0.0,0.0,0.0,0.0,0.0,0.0,0.0,0.0,0.0,0.0,0.0
ENCFF439JZQ,0.06245002599234196,958509,4265,16587,126634,1840,202099,20409,749,1196,877,2021,10888,10344,27431,60303,58271,10119,1066,21136,16820,345,1813,245,235,177,3984,92461,11103,79841,9475,671,4783,1885,6254,5815,2734,6198,106,283,25154,29293,331,2105,257,1133,2637,18451,88380,13718,1441,4009,4663,1121,969,17805,529,945,1169,560,1733,5148,2579,47611,1877,5904,23094,293,175236,157688,18788,3743,2249,19478,14919,781,4340,1620,2530,2895,740,3258,4061,9562,1407,1842,12501,58,2735,1535,39,3297,640,99,5148,5022,85111,505886,29786,539,79113,116577,8259,101765,4732,1977,14612,4834,5564,38,8232,21642,21213,651,15678,90033,7546,98399,1443,5954,6925,26070,2376,136211,5220,17606,8458,2309,6800,1031,301,78094,34351,52007,87275,26055,40235,71664,15881,15386,13348,4486,17036,158214,1760,11665,405,309,126,117,5693,663,2216,30999,12431,1658,14141,130564,12534,1151,3955,3959,4100,9291,12756,10997,16501,263,310,134,3482,84,6176,2007,5092,166875,1744,83,5826,2048,3470,43007,19124,141728,7364,84665,93144,48827,98032,44135,90483,621,82368,99286,31093,27128,73043,54754,22606,3076,19824,2862,1191,1775,3043,412,128,144,162,12591,1020,141774,42486,27451,993,928655,131655,20217,86847,87797,2996,2003,136400,70351,211729,11620,124647,696,111481,49,1086,2798,598,888,3242,1222,12717,6821,180,2089,3043,1890,2971,1246,8612,4881,1559,1183,14136,9013,6197,8744,4010,1064,2158,2347,1067,1079,814,1508,3758,19818,4270,1207,5491,7857,7579,49919,207229,58859,7667,10134,4232,3109,2296,1936,3079,1629,567,22380,1450,2593,14664,1115,4732,1085,12876,3555,3538,1965,2976,1327,1441,4651,8051,7970,2473,3242,2258,6619,4883,2451,2430,3234,13914,86,84,1276,1825,1329,1089,38859,427,26938,140,1309,264,17859,1771,20195,20491,24057,53,7969,248,527,6816,10213,258382,6068,13848,7526,3174,3762,10442,490,1228,2015,54300,24424,10094,3481,84,738,322,68,87,2277,5187,7630,2226,11613,1675,1483,6045,169161,4638,6956,352029,2257,15597,3445,18113,92011,9058,987,31359,87867,2723,3419,3691,1310,1378,2115,389695,4162,3143,3920,1844,4253,4703,70584,120,31351,5940,111,73937,20811,147,723,19941,2256,114,20782,2530,4112,658,10561,3719,78489,13194,12200,2794,3794,1300,3793,2613,3530,3353,46,3302,72,5852,769,252,467,9714,2078,2065,3432,107313,5058,35355,19087,3878,1757,2785,497,92559,8824,45215,19454,31570,3645,1122,8052,80,107542,18874,34057,146307,16811,59020,2878,1065,1059,8902,3901,4101,2438,5195,26907,3617,79,7336,3331,105,76,9728,9835,56,21104,464,69149,140268,102306,27984,102515,12358,2377,221538,285712,46264,135586,213840,240249,652,458,2403,2089,649,2857,3790,918,1223,1988,20621,0.0,0.0,0.0,0.0,0.0,0.0,0.0,0.0,0.0,0.0,0.0,0.0,0.0,0.0,0.0,0.0,0.0,0.0,0.0,0.0,0.0,0.0,0.0,0.0,0.0,0.0,0.0,0.0,0.0,0.0,0.0,0.0,0.0,0.0,0.0,0.0,0.0,0.0,0.0,0.0,0.0,0.0,0.0,0.0,0.0,0.0,0.0,0.0,0.0,0.0,0.0,0.0,0.0,0.0,0.0,0.0,0.0,0.0,0.0,0.0,0.0,0.0,0.0,0.0,0.0,0.0,0.0,0.0,0.0,0.0,0.0,0.0,0.0,0.0,0.0,0.0,0.0,0.0,0.0,0.0,0.0,0.0,0.0,0.0,0.0,0.0,0.0,0.0,0.0,0.0,0.0,0.0,0.0,0.0,0.0,0.0,0.0,0.0,0.0,0.0,0.0,0.0,0.0,0.0,0.0,0.0,0.0,0.0,0.0,0.0,0.0,0.0,0.0,0.0,0.0,0.0,0.0,0.0,0.0,0.0,0.0,0.0,0.0,0.0,0.0,0.0,0.0,0.0,0.0,0.0,0.0,0.0,0.0,0.0,0.0,0.0,0.0,0.0,0.0,0.0,0.0,0.0,0.0,0.0,0.0,0.0,0.0,0.0,0.0,0.0
ENCFF109IFT,0.07769604719031632,123087,1279,3887,30383,404,48658,6179,278,318,282,717,3049,2727,6501,12405,14800,2827,454,5497,5200,154,605,106,75,62,974,8631,3072,19951,3573,261,597,529,1638,1476,276,1761,35,78,8183,10404,52,778,47,377,582,5417,20964,1357,439,977,1261,439,402,6421,148,301,431,174,689,1553,541,9981,446,631,2225,126,44670,59611,6834,956,574,2801,5075,300,1112,442,665,773,193,848,1009,3459,357,505,3369,16,754,394,14,1160,282,41,1709,1162,18042,162220,10074,164,27137,38351,2417,33549,1791,545,4972,1669,1772,13,3020,7629,7183,237,4602,31009,1891,21449,311,1302,1591,8176,553,26960,1205,5863,2667,853,2490,369,98,27976,9176,5335,19312,6396,11733,25677,1505,4285,2987,1041,4312,35708,724,1287,91,92,27,48,1908,267,780,9354,4378,603,4443,30152,3137,374,1043,1212,1099,2657,3903,3478,5840,64,106,57,872,20,1628,545,2311,1104,240,34,976,838,920,15022,6590,43901,2228,26137,30476,14364,25810,12967,26110,208,26910,31358,13558,8585,23461,17736,7014,884,1796,866,248,450,773,166,66,42,86,3879,246,33344,11226,7108,423,296001,37154,4477,26722,19101,1215,1000,39013,19450,53118,2689,42917,227,40196,25,360,934,249,208,866,225,3339,2175,34,564,844,524,840,369,2310,1344,475,242,4202,2795,1915,3039,1025,250,540,664,301,301,236,560,996,5471,1171,307,1826,2342,2016,12022,41364,5339,2219,3410,1189,782,618,474,819,446,206,7917,390,721,4809,277,1584,323,3949,981,962,510,873,373,393,789,2085,2081,712,829,663,2141,1387,639,687,843,3681,29,37,344,521,470,369,13280,171,8939,28,508,90,5955,753,7035,6736,6883,28,2489,83,152,1920,3874,64676,947,2386,2291,1083,568,2628,179,240,736,15909,6494,3190,1216,66,287,129,3,38,565,1648,2488,548,3552,411,417,1424,41475,610,1889,116160,609,5616,897,5165,9262,2492,246,3802,12365,704,933,1004,349,352,272,43997,1103,764,999,420,1080,1145,24441,77,9539,2121,29,24933,7377,48,242,5795,833,35,5846,714,1518,272,2935,1012,20279,3186,1389,765,1003,368,964,725,1313,825,36,1094,38,2094,190,87,146,1169,571,553,828,20957,1162,8670,4608,862,421,870,156,34261,824,14669,2827,11531,1246,412,2622,38,32369,6483,10197,45204,3605,14517,363,322,323,1350,1192,1018,611,1495,8172,914,30,1085,922,30,62,3692,3695,25,1683,184,22883,41971,29555,7861,33890,4297,893,61991,89987,13386,39308,68127,78334,203,155,649,594,173,755,1277,290,461,646,6324,0.0,0.0,0.0,0.0,0.0,0.0,0.0,0.0,0.0,0.0,0.0,0.0,0.0,0.0,0.0,0.0,0.0,0.0,0.0,0.0,0.0,0.0,0.0,0.0,0.0,0.0,0.0,0.0,0.0,0.0,0.0,0.0,0.0,0.0,0.0,0.0,0.0,0.0,0.0,0.0,0.0,0.0,0.0,0.0,0.0,0.0,0.0,0.0,0.0,0.0,0.0,0.0,0.0,0.0,0.0,0.0,0.0,0.0,0.0,0.0,0.0,0.0,0.0,0.0,0.0,0.0,0.0,0.0,0.0,0.0,0.0,0.0,0.0,0.0,0.0,0.0,0.0,0.0,0.0,0.0,0.0,0.0,0.0,0.0,0.0,0.0,0.0,0.0,0.0,0.0,0.0,0.0,0.0,0.0,0.0,0.0,0.0,0.0,0.0,0.0,0.0,0.0,0.0,0.0,0.0,0.0,0.0,0.0,0.0,0.0,0.0,0.0,0.0,0.0,0.0,0.0,0.0,0.0,0.0,0.0,0.0,0.0,0.0,0.0,0.0,0.0,0.0,0.0,0.0,0.0,0.0,0.0,0.0,0.0,0.0,0.0,0.0,0.0,0.0,0.0,0.0,0.0,0.0,0.0,0.0,0.0,0.0,0.0,0.0,0.0
ENCFF000WTC,0.08712389313096602,22029,182,2373,10532,91,17862,5436,59,143,154,484,1380,665,2104,2898,3102,1495,315,2743,4140,184,610,71,54,79,928,141,1164,6161,2364,231,137,260,888,879,9,1497,11,31,5219,8181,19,614,4,99,1168,3281,3981,31,355,186,312,305,346,5444,103,304,322,153,686,644,112,2931,235,384,38,49,24148,31823,6128,420,127,432,4809,127,649,103,150,298,42,158,836,2724,57,92,1157,28,150,97,14,1218,126,33,1194,408,3700,124362,9916,63,25780,33075,1282,28359,920,136,4599,1640,1864,8,2565,6294,6610,215,2287,25687,751,9532,47,267,570,6583,100,6597,656,4584,2457,745,2284,329,1307,27681,3428,279,6333,2274,13265,22386,18,2260,817,554,2029,7927,754,141,39,69,34,39,1871,318,484,7032,4298,485,2467,10706,744,309,563,1535,1196,1740,4256,3658,4857,60,98,55,218,26,464,127,2085,708,5,0,78,625,624,12563,5781,32960,1137,15829,22405,8292,9826,7435,13565,163,21085,23671,8471,8217,17972,15629,5179,651,27,529,32,93,187,160,34,73,87,2606,61,9904,4866,1556,312,174404,24253,2326,20027,5674,1048,506,25297,11485,24413,512,39712,149,40592,12,269,592,90,45,522,234,1434,1511,34,109,161,108,184,67,1629,896,164,334,2352,1714,1111,2374,178,59,115,184,78,65,45,433,190,3750,298,66,1076,1433,1082,3269,9087,170,1180,2649,482,455,353,108,205,83,106,6521,83,149,4025,69,869,61,2200,195,396,107,198,107,95,191,600,661,160,159,122,1587,558,127,154,183,1147,14,12,57,126,442,45,12107,190,7892,13,451,53,4307,1918,6266,4905,4104,6,1947,81,143,795,3058,24560,482,1753,1465,732,11,1561,185,346,576,9323,2953,1393,1126,71,153,126,15,13,145,1711,2118,557,2625,85,91,509,12302,114,645,98725,314,4448,271,2528,353,1084,34,71,2617,159,721,732,70,76,165,1284,779,366,785,222,527,817,18603,127,5556,1611,40,21756,5436,30,257,5063,844,15,2945,146,990,278,2208,455,4523,958,319,161,664,69,354,156,1162,405,17,649,31,1137,118,27,179,245,625,158,525,6786,278,2177,1596,211,332,930,195,30076,41,12555,618,10707,1229,222,2139,30,27310,4623,7975,33608,1554,3708,55,340,75,208,194,590,129,413,3327,586,8,173,193,47,69,3442,3615,11,46,172,22118,27755,16693,4892,29103,3545,330,42862,67183,7760,27940,49004,64100,203,180,150,122,49,181,1213,220,443,515,4338,0.0,0.0,0.0,0.0,0.0,0.0,0.0,0.0,0.0,0.0,0.0,0.0,0.0,0.0,0.0,0.0,0.0,0.0,0.0,0.0,0.0,0.0,0.0,0.0,0.0,0.0,0.0,0.0,0.0,0.0,0.0,0.0,0.0,0.0,0.0,0.0,0.0,0.0,0.0,0.0,0.0,0.0,0.0,0.0,0.0,0.0,0.0,0.0,0.0,0.0,0.0,0.0,0.0,0.0,0.0,0.0,0.0,0.0,0.0,0.0,0.0,0.0,0.0,0.0,0.0,0.0,0.0,0.0,0.0,0.0,0.0,0.0,0.0,0.0,0.0,0.0,0.0,0.0,0.0,0.0,0.0,0.0,0.0,0.0,0.0,0.0,0.0,0.0,0.0,0.0,0.0,0.0,0.0,0.0,0.0,0.0,0.0,0.0,0.0,0.0,0.0,0.0,0.0,0.0,0.0,0.0,0.0,0.0,0.0,0.0,0.0,0.0,0.0,0.0,0.0,0.0,0.0,0.0,0.0,0.0,0.0,0.0,0.0,0.0,0.0,0.0,0.0,0.0,0.0,0.0,0.0,0.0,0.0,0.0,0.0,0.0,0.0,0.0,0.0,0.0,0.0,0.0,0.0,0.0,0.0,0.0,0.0,0.0,0.0,0.0
ENCFF000ZQP,0.04954414362883589,2363,14,163,1191,17,1928,168,14,15,10,27,94,146,283,591,772,134,19,171,178,3,18,0,1,3,25,139,110,1200,127,17,8,14,72,55,5,62,0,3,263,391,2,30,3,2,18,187,1039,22,33,26,47,15,21,252,7,11,18,7,30,39,22,503,11,14,62,3,1823,1783,262,32,26,50,192,10,44,9,19,28,7,24,46,124,21,17,118,1,17,15,1,58,7,0,42,41,505,5932,437,4,1086,1465,92,1283,56,18,167,67,47,0,102,255,237,1,167,1148,88,891,18,78,82,286,27,1374,46,205,94,28,114,23,8,1125,447,84,625,265,424,946,23,137,117,33,141,1058,20,22,0,4,1,3,83,7,22,357,167,24,137,1196,144,13,29,47,37,111,161,153,214,3,6,3,36,2,64,25,108,259,3,0,24,25,31,489,241,1594,74,1014,1201,526,1048,466,856,7,965,1114,375,343,782,680,242,32,29,35,0,21,31,10,3,0,17,135,13,1193,442,443,4,8011,1235,140,956,899,35,24,1393,646,2015,128,1557,3,1615,2,8,35,9,16,15,5,127,73,2,21,25,16,26,15,82,44,12,9,173,100,65,107,31,12,24,14,14,17,13,22,42,181,47,8,51,91,63,394,1095,95,84,119,51,25,23,13,21,17,3,268,15,34,183,14,50,19,141,40,37,20,23,13,12,12,88,76,22,27,20,97,39,26,19,30,122,0,2,11,18,32,9,488,2,355,0,19,2,225,38,215,238,233,1,73,8,12,54,140,2371,26,94,67,39,7,85,11,10,31,477,244,95,61,1,3,4,0,1,19,52,77,24,119,17,11,59,1719,18,63,4442,18,214,30,162,154,82,12,59,272,29,35,25,26,10,13,699,46,35,35,28,28,36,866,5,337,88,2,919,244,1,5,178,30,3,231,29,60,16,107,32,507,138,28,32,34,10,36,24,44,15,2,37,0,66,8,2,8,28,28,30,44,1530,67,369,199,43,19,23,10,1429,20,556,85,493,46,10,112,1,962,188,311,1489,55,525,12,7,11,35,29,43,16,44,292,30,2,18,38,0,1,169,142,0,28,10,881,1346,1038,233,1203,167,20,2405,3045,489,1357,2283,2768,7,6,27,23,9,23,45,7,22,18,216,0.0,0.0,0.0,0.0,0.0,0.0,0.0,0.0,0.0,0.0,0.0,0.0,0.0,0.0,0.0,0.0,0.0,0.0,0.0,0.0,0.0,0.0,0.0,0.0,0.0,0.0,0.0,0.0,0.0,0.0,0.0,0.0,0.0,0.0,0.0,0.0,0.0,0.0,0.0,0.0,0.0,0.0,0.0,0.0,0.0,0.0,0.0,0.0,0.0,0.0,0.0,0.0,0.0,0.0,0.0,0.0,0.0,0.0,0.0,0.0,0.0,0.0,0.0,0.0,0.0,0.0,0.0,0.0,0.0,0.0,0.0,0.0,0.0,0.0,0.0,0.0,0.0,0.0,0.0,0.0,0.0,0.0,0.0,0.0,0.0,0.0,0.0,0.0,0.0,0.0,0.0,0.0,0.0,0.0,0.0,0.0,0.0,0.0,0.0,0.0,0.0,0.0,0.0,0.0,0.0,0.0,0.0,0.0,0.0,0.0,0.0,0.0,0.0,0.0,0.0,0.0,0.0,0.0,0.0,0.0,0.0,0.0,0.0,0.0,0.0,0.0,0.0,0.0,0.0,0.0,0.0,0.0,0.0,0.0,0.0,0.0,0.0,0.0,0.0,0.0,0.0,0.0,0.0,0.0,0.0,0.0,0.0,0.0,0.0,0.0
ENCFF615VIX,0.27748431013182845,43834,443,5519,51121,2481,182327,6524,455,1518,283,982,5465,18289,32307,25653,85669,9382,512,11209,8463,180,571,157,52,74,1100,607,4737,43448,3725,274,201,515,2980,2715,50,2620,16,36,9535,11095,61,670,36,141,1137,8423,42518,62,754,1100,2332,461,286,5451,148,279,554,158,761,2841,1387,30233,2669,799,175,197,94975,61967,5851,1720,1171,1277,4251,108,1941,723,1269,1486,327,1401,2002,3753,603,669,4770,20,1472,749,31,1159,346,56,2046,2642,36072,202652,12866,177,31945,44539,3581,38470,1851,953,4675,1580,1823,25,2642,7058,7348,282,5666,27375,8429,49807,1957,8944,7405,13238,4303,75080,2782,7159,3838,976,2547,331,79,28597,48434,525,54053,28773,10045,23935,147,7544,5269,1742,3594,93192,622,251,285,123,79,83,2109,271,946,13818,5051,718,5634,57536,6756,421,1776,2003,1807,3520,5749,4909,4835,122,110,29,1525,26,2583,860,2191,117,26,16,604,711,1606,14489,6922,45562,3024,52443,45486,21004,51949,16941,36255,598,31514,38170,10681,9783,27588,18696,10444,1390,139,1377,73,667,1287,166,108,28,56,4571,1059,70517,20826,48889,313,296750,56968,4177,42597,62050,905,984,71671,32716,111128,15827,51948,669,42531,35,381,1370,817,477,1709,269,4595,1865,20,940,1301,896,1496,579,4179,2305,215,393,5564,3844,2267,2263,1482,427,853,1055,523,591,468,562,1542,8587,2495,605,2217,3466,3350,18368,90065,551,3040,3101,1776,1293,1073,1065,1549,704,81,9237,712,908,5359,654,2092,600,4305,1437,1527,764,1356,146,660,747,3073,3873,1234,1354,949,2543,1818,871,1209,1145,5154,14,26,627,891,464,227,13197,71,9990,24,629,41,6566,648,8247,8024,10381,24,3254,167,203,3371,3243,182263,507,2643,2773,974,50,4954,124,234,487,21243,11673,5990,1085,22,156,144,10,60,1084,1160,2498,1047,4864,713,715,3431,80746,585,2787,141484,1046,5638,1574,7801,803,4147,491,360,4551,1200,1836,1912,579,671,208,3282,1957,1553,1763,614,1784,2072,26706,139,10562,2724,30,26624,7175,23,186,6382,1359,61,7032,1274,1010,221,4458,1768,44457,9275,711,1345,1862,607,1308,1335,1108,1426,7,1035,49,2197,100,18,165,450,633,2552,1433,69296,7691,20103,15189,3782,1282,1021,192,34231,127,16549,2231,12728,1229,583,2799,200,37965,6988,13109,51591,12414,43172,372,709,616,1111,818,1850,1030,1785,9772,1773,64,207,1552,12,17,3983,3513,39,155,233,26189,59138,41773,11366,39292,4347,2378,93082,114229,19708,62686,78612,92640,461,224,1150,956,416,1279,1187,266,458,914,8133,0.0,0.0,0.0,0.0,0.0,0.0,0.0,0.0,0.0,0.0,0.0,0.0,0.0,0.0,0.0,0.0,0.0,0.0,0.0,0.0,0.0,0.0,0.0,0.0,0.0,0.0,0.0,0.0,0.0,0.0,0.0,0.0,0.0,0.0,0.0,0.0,0.0,0.0,0.0,0.0,0.0,0.0,0.0,0.0,0.0,0.0,0.0,0.0,0.0,0.0,0.0,0.0,0.0,0.0,0.0,0.0,0.0,0.0,0.0,0.0,0.0,0.0,0.0,0.0,0.0,0.0,0.0,0.0,0.0,0.0,0.0,0.0,0.0,0.0,0.0,0.0,0.0,0.0,0.0,0.0,0.0,0.0,0.0,0.0,0.0,0.0,0.0,0.0,0.0,0.0,0.0,0.0,0.0,0.0,0.0,0.0,0.0,0.0,0.0,0.0,0.0,0.0,0.0,0.0,0.0,0.0,0.0,0.0,0.0,0.0,0.0,0.0,0.0,0.0,0.0,0.0,0.0,0.0,0.0,0.0,0.0,0.0,0.0,0.0,0.0,0.0,0.0,0.0,0.0,0.0,0.0,0.0,0.0,0.0,0.0,0.0,0.0,0.0,0.0,0.0,0.0,0.0,0.0,0.0,0.0,0.0,0.0,0.0,0.0,0.0
ENCFF052HTJ,0.0844366064929661,5821,49,343,1828,26,2777,455,26,29,19,46,282,193,463,915,933,197,29,409,395,9,41,9,3,6,75,338,232,1269,246,17,17,35,122,84,11,118,3,11,592,640,9,53,6,19,34,390,851,62,27,76,94,30,36,407,10,23,41,9,45,140,20,741,45,56,89,17,3043,3139,435,62,42,142,350,29,85,39,64,57,18,70,90,232,33,38,263,2,51,30,3,82,17,2,67,83,892,11341,663,5,1814,2511,162,2294,103,35,331,107,97,0,202,518,521,9,357,1955,121,1287,8,67,81,527,27,1664,89,359,170,59,165,26,12,1834,612,217,1032,478,814,1610,55,317,256,100,288,2237,50,50,13,10,2,0,147,23,76,688,277,46,270,1917,204,30,85,108,96,200,257,214,429,4,11,2,73,2,128,32,148,132,11,2,53,49,76,963,415,2901,145,1758,1986,963,1798,873,1784,19,1818,2118,755,562,1587,1188,474,60,89,49,29,45,61,16,5,2,3,249,18,2172,714,527,35,16664,2461,284,1799,1322,70,47,2760,1375,3696,152,2787,16,2481,2,24,84,39,17,51,10,271,143,5,40,48,38,48,29,172,97,39,10,285,183,141,195,85,21,44,43,24,32,16,41,86,360,89,22,139,150,155,770,2401,215,166,233,85,68,41,38,48,34,17,493,40,45,292,32,105,32,257,72,70,39,64,29,38,61,191,160,55,53,53,141,94,50,41,65,285,6,4,26,40,46,16,898,13,614,1,42,12,376,60,413,469,493,5,176,5,10,213,253,4303,53,164,122,69,21,220,12,17,60,1112,510,331,68,4,16,14,1,6,40,110,170,44,261,29,37,96,2764,43,134,7798,40,332,69,375,339,187,15,157,591,48,73,79,25,22,20,1788,85,69,77,44,82,92,1518,5,654,141,4,1705,461,4,20,446,45,5,457,44,124,12,207,73,1186,175,73,67,77,31,81,65,96,74,2,93,4,120,20,10,5,61,59,37,44,1380,66,568,264,49,32,69,14,2195,51,939,183,788,77,29,159,8,2143,395,719,3042,191,1041,28,26,23,75,62,78,37,114,494,69,3,29,72,3,1,225,234,2,93,14,1514,2807,2103,558,2295,268,35,4390,6179,911,2715,4572,5317,15,22,55,50,11,38,87,26,27,55,477,0.0,0.0,0.0,0.0,0.0,0.0,0.0,0.0,0.0,0.0,0.0,0.0,0.0,0.0,0.0,0.0,0.0,0.0,0.0,0.0,0.0,0.0,0.0,0.0,0.0,0.0,0.0,0.0,0.0,0.0,0.0,0.0,0.0,0.0,0.0,0.0,0.0,0.0,0.0,0.0,0.0,0.0,0.0,0.0,0.0,0.0,0.0,0.0,0.0,0.0,0.0,0.0,0.0,0.0,0.0,0.0,0.0,0.0,0.0,0.0,0.0,0.0,0.0,0.0,0.0,0.0,0.0,0.0,0.0,0.0,0.0,0.0,0.0,0.0,0.0,0.0,0.0,0.0,0.0,0.0,0.0,0.0,0.0,0.0,0.0,0.0,0.0,0.0,0.0,0.0,0.0,0.0,0.0,0.0,0.0,0.0,0.0,0.0,0.0,0.0,0.0,0.0,0.0,0.0,0.0,0.0,0.0,0.0,0.0,0.0,0.0,0.0,0.0,0.0,0.0,0.0,0.0,0.0,0.0,0.0,0.0,0.0,0.0,0.0,0.0,0.0,0.0,0.0,0.0,0.0,0.0,0.0,0.0,0.0,0.0,0.0,0.0,0.0,0.0,0.0,0.0,0.0,0.0,0.0,0.0,0.0,0.0,0.0,0.0,0.0
ENCFF002EHU,0.11823952262645931,121937,441,3055,50489,400,136602,9891,668,221,226,756,11199,1486,6118,27725,20993,2022,803,7514,5332,108,658,64,137,86,2088,10881,5383,27505,4244,126,61,553,3876,3369,48,3523,58,12,9559,9656,107,425,83,70,861,9550,28387,517,1290,2286,2638,204,378,5376,158,329,302,259,962,9595,599,17238,3285,665,2968,1803,49824,43842,5092,2383,1396,3233,5462,72,2472,1292,1354,1588,603,2387,2352,3012,851,1428,6629,28,1596,1720,50,1094,258,51,1310,1221,19465,160741,9273,152,24679,39437,4775,34373,2474,1453,3488,1362,1808,59,3610,7343,7954,259,6381,32347,1631,34280,177,833,1242,6994,412,60079,2288,5837,2159,571,2045,226,107,26663,5213,3991,30126,8650,8998,26036,299,5938,8655,2104,4076,58963,455,600,94,81,47,43,1999,370,4564,11237,3508,274,4286,49092,3358,205,2648,1074,1088,2810,3803,3523,5982,107,185,89,1954,49,2403,1172,1102,133,20,39,756,491,2481,12214,5818,41093,4070,22888,33002,15185,35195,18638,35873,178,27020,34662,8983,9272,28187,20226,5536,1238,555,715,38,1296,2426,146,45,54,95,4741,77,49482,11260,7010,412,231927,42975,5246,28925,27629,1006,582,39174,20257,64882,2049,39670,165,34738,30,268,1965,175,753,1666,367,7730,2424,42,1485,1175,1177,1880,1044,4693,2313,287,258,7535,4783,2758,3265,3556,597,2047,1556,868,670,514,403,1909,6463,1671,855,2058,4495,3235,14382,60676,9145,4159,3584,2293,1428,1195,1268,1765,1049,136,8577,1086,3079,5880,646,2470,1313,5195,3044,1894,1629,1810,409,921,706,4724,3689,1703,1631,1635,3171,3058,2108,1138,2154,5131,60,57,840,1751,566,386,12567,117,9359,38,221,76,6101,528,7443,6973,9416,23,2815,127,44,2396,3029,83898,883,1921,3623,1223,79,3728,114,229,1544,23725,9957,38838,1328,42,127,70,20,65,1193,1589,1994,1313,5149,1271,926,1956,68837,376,3259,106430,766,6697,1808,10592,11257,3496,557,1511,6520,1552,1939,2132,710,554,112,69403,2799,1909,2070,778,1994,2203,27560,108,19754,1499,76,27412,7998,48,401,6029,1131,82,10535,1393,852,153,5753,1937,30124,2986,1693,1635,1984,1349,1189,1765,1310,1074,56,860,56,3031,206,34,67,708,508,237,945,37685,1000,10932,4865,693,781,783,225,26170,623,12869,2262,9262,1477,48,2548,17,40683,8346,12216,50191,2478,27224,174,476,823,2058,1209,1821,1547,1930,6653,1750,29,150,2101,43,65,2781,2854,36,571,142,27316,42963,32806,8634,31732,5122,1479,78243,93703,14053,40404,75937,81750,198,83,1279,1142,608,1703,776,339,226,801,7234,0.0,0.0,0.0,0.0,0.0,0.0,0.0,0.0,0.0,0.0,0.0,0.0,0.0,0.0,0.0,0.0,0.0,0.0,0.0,0.0,0.0,0.0,0.0,0.0,0.0,0.0,0.0,0.0,0.0,0.0,0.0,0.0,0.0,0.0,0.0,0.0,0.0,0.0,0.0,0.0,0.0,0.0,0.0,0.0,0.0,0.0,0.0,0.0,0.0,0.0,0.0,0.0,0.0,0.0,0.0,0.0,0.0,0.0,0.0,0.0,0.0,0.0,0.0,0.0,0.0,0.0,0.0,0.0,0.0,0.0,0.0,0.0,0.0,0.0,0.0,0.0,0.0,0.0,0.0,0.0,0.0,0.0,0.0,0.0,0.0,0.0,0.0,0.0,0.0,0.0,0.0,0.0,0.0,0.0,0.0,0.0,0.0,0.0,0.0,0.0,0.0,0.0,0.0,0.0,0.0,0.0,0.0,0.0,0.0,0.0,0.0,0.0,0.0,0.0,0.0,0.0,0.0,0.0,0.0,0.0,0.0,0.0,0.0,0.0,0.0,0.0,0.0,0.0,0.0,0.0,0.0,0.0,0.0,0.0,0.0,0.0,0.0,0.0,0.0,0.0,0.0,0.0,0.0,0.0,0.0,0.0,0.0,0.0,0.0,0.0
ENCFF000YTI,0.035623251574320426,600,6,50,348,12,817,145,5,9,5,7,24,30,75,186,191,32,2,49,63,5,12,2,0,2,8,20,30,210,50,4,0,5,19,14,0,22,0,0,127,117,0,9,0,0,15,44,213,2,9,3,16,4,3,103,2,4,6,0,10,12,1,86,2,14,7,0,396,536,62,6,2,13,72,0,12,7,9,3,2,10,10,54,5,8,24,0,7,6,0,8,0,0,21,9,141,1851,129,2,329,440,20,394,121,7,47,14,24,0,29,100,98,0,75,366,22,265,14,27,22,100,11,268,13,76,28,6,47,2,3,357,119,25,167,52,205,334,6,48,33,9,35,350,5,7,2,1,1,2,12,1,11,129,56,7,43,358,31,6,4,9,8,35,85,77,74,0,1,0,12,0,21,8,76,860,1,0,3,11,16,191,74,496,21,275,375,173,260,107,269,2,347,427,136,94,290,229,73,8,6,5,1,6,7,1,0,0,1,62,2,286,141,66,2,2243,709,26,297,175,17,15,431,174,494,44,517,1,624,0,4,9,6,0,10,8,38,23,0,6,6,7,2,3,32,16,12,3,36,40,14,44,16,2,7,6,0,3,6,5,9,48,12,4,20,19,12,108,167,17,31,65,18,5,7,4,8,5,3,79,5,5,38,2,6,7,29,7,11,3,9,8,5,4,21,26,5,5,10,29,7,5,4,4,34,0,1,5,2,3,5,176,1,124,0,5,3,54,6,91,74,90,0,20,2,3,11,56,839,7,26,26,13,0,26,2,1,6,143,89,30,16,0,3,0,0,0,6,14,36,10,37,3,3,13,467,6,18,1440,4,61,10,43,22,16,3,7,80,4,7,15,9,4,2,158,15,10,12,5,8,16,291,2,104,36,0,368,54,1,3,68,12,0,63,5,21,2,44,9,115,25,7,6,3,4,10,2,21,2,0,13,1,18,0,1,3,6,3,4,6,329,27,92,58,9,6,11,0,601,7,158,19,152,21,2,28,1,324,68,94,466,17,109,2,3,0,12,8,11,5,11,51,10,0,7,8,0,0,49,47,0,2,1,275,392,335,63,387,49,1,702,908,149,398,720,827,6,3,9,1,6,7,13,0,3,6,86,0.0,0.0,0.0,0.0,0.0,0.0,0.0,0.0,0.0,0.0,0.0,0.0,0.0,0.0,0.0,0.0,0.0,0.0,0.0,0.0,0.0,0.0,0.0,0.0,0.0,0.0,0.0,0.0,0.0,0.0,0.0,0.0,0.0,0.0,0.0,0.0,0.0,0.0,0.0,0.0,0.0,0.0,0.0,0.0,0.0,0.0,0.0,0.0,0.0,0.0,0.0,0.0,0.0,0.0,0.0,0.0,0.0,0.0,0.0,0.0,0.0,0.0,0.0,0.0,0.0,0.0,0.0,0.0,0.0,0.0,0.0,0.0,0.0,0.0,0.0,0.0,0.0,0.0,0.0,0.0,0.0,0.0,0.0,0.0,0.0,0.0,0.0,0.0,0.0,0.0,0.0,0.0,0.0,0.0,0.0,0.0,0.0,0.0,0.0,0.0,0.0,0.0,0.0,0.0,0.0,0.0,0.0,0.0,0.0,0.0,0.0,0.0,0.0,0.0,0.0,0.0,0.0,0.0,0.0,0.0,0.0,0.0,0.0,0.0,0.0,0.0,0.0,0.0,0.0,0.0,0.0,0.0,0.0,0.0,0.0,0.0,0.0,0.0,0.0,0.0,0.0,0.0,0.0,0.0,0.0,0.0,0.0,0.0,0.0,0.0
ENCFF295MWI,0.24034262984171845,7882,162,754,31673,399,97722,2802,206,161,61,166,1925,1359,4886,13000,25762,882,183,2671,1339,27,140,23,12,24,326,125,2100,25076,1051,35,13,201,1732,1631,15,1491,1,3,2523,2921,19,67,11,23,309,3308,18216,9,319,782,1248,72,42,1233,23,85,68,34,193,930,814,12312,480,311,43,37,27195,15175,1171,1036,675,893,1114,32,1105,499,642,778,215,912,1029,1072,339,591,2579,1,688,600,4,245,75,6,506,720,22356,51626,2314,44,6458,10949,1744,9369,1081,571,824,243,324,8,598,1347,1518,376,1750,6554,1363,32775,155,767,807,2396,335,55120,1026,1354,517,99,458,76,23,5830,5117,86,24697,4766,2687,5522,12,2053,2923,944,1148,30149,764,35,118,23,9,21,553,91,146,2767,849,197,1885,31151,2106,59,1055,1228,823,1104,880,856,1165,9,9,23,880,13,1089,548,424,244,2,9,296,127,985,2575,1409,11292,1215,11670,12728,5339,23624,5948,12105,234,7707,10283,2073,2044,8174,4310,2645,442,10,472,30,513,971,37,7,13,80,893,77,28966,5962,9553,90,93900,15839,1464,9973,21274,251,137,16422,8916,35381,2165,9505,28,8367,4,76,237,18,262,865,63,2549,658,6,633,683,507,893,380,2129,1073,20,94,2486,1748,829,605,1251,286,622,641,366,279,227,55,1016,2407,1179,323,703,1671,1405,6756,65529,105,1630,677,863,680,553,591,818,425,4,2735,424,1033,1946,274,987,460,1543,1030,888,583,822,9,377,192,1752,1494,702,706,615,939,1065,763,588,903,1950,8,3,377,705,93,116,3022,47,2059,1,100,11,2208,159,1638,1698,3439,10,825,22,9,1409,714,74608,120,563,1304,316,5,1553,40,107,329,6756,3466,1700,351,14,34,37,1,10,572,959,505,574,1236,478,392,988,53459,141,1111,27750,316,2129,790,4226,220,1406,241,47,1177,648,987,965,344,278,63,759,1115,887,950,156,944,1046,8119,4,6129,479,16,6542,1711,15,123,1497,311,4,3435,703,146,38,2359,842,22308,2460,109,558,972,400,514,835,190,347,10,156,22,820,21,10,41,37,694,223,336,17632,921,6338,2850,618,314,164,103,5483,15,3146,792,2314,438,39,600,7,9015,1883,3048,13174,2631,16804,99,185,339,727,403,816,733,739,3430,801,4,39,841,7,17,835,740,10,22,21,7165,13081,13656,2786,8924,1219,1546,28182,27776,5491,14446,20169,23262,196,37,609,501,212,738,160,90,47,199,2107,0.0,0.0,0.0,0.0,0.0,0.0,0.0,0.0,0.0,0.0,0.0,0.0,0.0,0.0,0.0,0.0,0.0,0.0,0.0,0.0,0.0,0.0,0.0,0.0,0.0,0.0,0.0,0.0,0.0,0.0,0.0,0.0,0.0,0.0,0.0,0.0,0.0,0.0,0.0,0.0,0.0,0.0,0.0,0.0,0.0,0.0,0.0,0.0,0.0,0.0,0.0,0.0,0.0,0.0,0.0,0.0,0.0,0.0,0.0,0.0,0.0,0.0,0.0,0.0,0.0,0.0,0.0,0.0,0.0,0.0,0.0,0.0,0.0,0.0,0.0,0.0,0.0,0.0,0.0,0.0,0.0,0.0,0.0,0.0,0.0,0.0,0.0,0.0,0.0,0.0,0.0,0.0,0.0,0.0,0.0,0.0,0.0,0.0,0.0,0.0,0.0,0.0,0.0,0.0,0.0,0.0,0.0,0.0,0.0,0.0,0.0,0.0,0.0,0.0,0.0,0.0,0.0,0.0,0.0,0.0,0.0,0.0,0.0,0.0,0.0,0.0,0.0,0.0,0.0,0.0,0.0,0.0,0.0,0.0,0.0,0.0,0.0,0.0,0.0,0.0,0.0,0.0,0.0,0.0,0.0,0.0,0.0,0.0,0.0,0.0
ENCFF000VVH,0.05444125373929861,3033,7,227,1800,36,4040,279,29,32,10,43,200,172,429,1108,1119,168,22,184,293,11,40,7,2,1,32,144,233,1408,180,8,17,34,105,103,7,93,4,3,432,495,3,39,4,1,24,328,1261,17,49,58,91,20,26,333,6,18,11,3,38,92,22,693,12,34,44,9,2648,2524,355,49,41,102,304,10,57,45,37,55,21,72,84,196,35,32,203,1,56,35,0,56,28,4,73,84,946,8590,525,3,1404,2005,122,1842,107,37,214,49,70,0,131,380,337,1,280,1578,151,1698,36,175,131,443,73,2120,88,321,112,34,155,15,7,1437,627,97,1160,410,616,1355,40,274,132,77,194,2060,11,28,5,2,2,2,90,11,40,570,200,24,206,1927,269,17,60,49,51,148,200,184,265,1,10,1,51,0,108,42,183,572,3,0,32,41,44,774,333,2165,127,1439,1746,764,1880,748,1562,12,1438,1618,455,462,1237,966,356,56,25,32,7,45,48,8,2,1,4,210,16,2458,749,472,16,10264,1869,196,1469,1236,44,34,2116,967,3206,237,1952,9,1997,6,11,46,33,16,59,7,179,116,2,42,65,38,54,32,145,90,16,13,240,164,87,144,75,15,30,44,31,42,21,38,86,288,56,26,122,163,111,798,2001,126,119,201,63,47,28,46,61,40,8,364,33,41,257,15,98,30,215,79,57,39,61,16,33,28,142,137,51,59,51,133,93,45,54,75,214,1,1,35,38,32,17,674,4,473,0,28,6,335,37,356,344,380,0,110,1,7,46,212,3413,42,91,113,59,7,146,6,16,33,712,281,200,56,2,7,11,1,2,48,47,157,38,233,32,38,116,2539,33,147,6279,32,285,52,260,155,154,20,53,333,54,43,59,32,18,12,675,73,61,74,27,73,63,1274,4,504,130,3,1393,428,1,20,326,29,3,370,41,77,19,177,63,828,235,57,63,65,21,72,39,59,37,1,52,1,112,3,1,10,33,20,32,29,1622,127,642,362,83,21,33,6,1770,18,754,132,584,56,15,145,0,1441,311,474,2138,147,854,24,10,19,57,27,60,43,90,399,44,2,18,73,0,2,210,195,1,24,8,1231,2223,1802,428,1845,245,15,3827,4825,740,2258,3659,4176,9,10,53,42,14,46,62,29,33,39,352,0.0,0.0,0.0,0.0,0.0,0.0,0.0,0.0,0.0,0.0,0.0,0.0,0.0,0.0,0.0,0.0,0.0,0.0,0.0,0.0,0.0,0.0,0.0,0.0,0.0,0.0,0.0,0.0,0.0,0.0,0.0,0.0,0.0,0.0,0.0,0.0,0.0,0.0,0.0,0.0,0.0,0.0,0.0,0.0,0.0,0.0,0.0,0.0,0.0,0.0,0.0,0.0,0.0,0.0,0.0,0.0,0.0,0.0,0.0,0.0,0.0,0.0,0.0,0.0,0.0,0.0,0.0,0.0,0.0,0.0,0.0,0.0,0.0,0.0,0.0,0.0,0.0,0.0,0.0,0.0,0.0,0.0,0.0,0.0,0.0,0.0,0.0,0.0,0.0,0.0,0.0,0.0,0.0,0.0,0.0,0.0,0.0,0.0,0.0,0.0,0.0,0.0,0.0,0.0,0.0,0.0,0.0,0.0,0.0,0.0,0.0,0.0,0.0,0.0,0.0,0.0,0.0,0.0,0.0,0.0,0.0,0.0,0.0,0.0,0.0,0.0,0.0,0.0,0.0,0.0,0.0,0.0,0.0,0.0,0.0,0.0,0.0,0.0,0.0,0.0,0.0,0.0,0.0,0.0,0.0,0.0,0.0,0.0,0.0,0.0
ENCFF695YKZ,0.1536726602972238,135033,326,3818,69355,830,256233,8980,538,324,258,512,5237,2566,8474,32301,52066,2275,951,8104,6088,121,801,57,102,103,1884,10523,5230,40474,4050,188,131,633,3463,2984,48,3217,41,5,8842,11619,99,537,68,79,952,9107,36623,950,1110,2247,2615,387,252,5448,122,453,263,234,912,2299,782,24189,3053,602,3089,60,63278,57981,5817,2256,1288,3024,4975,220,2277,1058,1412,1669,465,2035,1994,3550,854,1421,6614,24,1526,1343,28,1053,252,56,1757,1863,35053,191404,9679,140,26813,41849,4381,35506,2133,1260,4674,1591,1905,31,3540,8002,8360,112,5676,36641,2551,64625,318,1590,1922,7852,675,107894,2259,6681,2701,439,2318,298,81,29314,10100,4094,37307,9264,11974,27739,399,6456,8847,2131,4693,73118,733,971,255,115,47,32,2165,467,359,11141,3748,325,4586,68059,4568,335,2183,905,735,3165,3946,3961,5458,28,151,50,1919,42,2474,1151,960,257,14,19,959,665,1987,13672,6677,46443,3769,31422,44260,17708,52463,19932,36923,429,30049,37771,10832,9840,28294,19435,6248,1259,1153,843,58,1243,2139,138,55,36,46,4845,153,91303,14320,12450,363,251379,47189,5753,32712,40319,1309,505,45346,21992,80124,3394,40098,170,36349,12,331,783,24,533,1716,303,6666,3041,47,1423,1373,1217,1848,865,4247,2430,226,247,7741,4628,2481,2917,3004,638,1475,1446,804,597,435,341,2366,6837,1616,735,2062,3758,3192,18382,67207,8573,4106,3442,1993,1456,1247,1243,1732,1027,69,8568,1014,2591,6081,592,2508,981,5381,2507,1919,1555,1800,238,871,769,4518,3525,1568,1655,1564,2999,2671,2154,1285,2058,5930,34,43,789,1412,557,732,16334,198,9713,35,359,91,7318,780,8104,7606,10016,63,3255,141,87,3480,3642,130002,1103,2107,3374,1357,342,3733,187,670,1621,23787,10677,4455,1542,51,208,97,10,41,1147,1855,2008,1099,4270,1198,880,2678,101194,730,2898,115457,846,7195,1803,10547,11962,3580,513,2424,8448,1475,1846,1954,721,584,237,63106,2451,1759,1912,742,2001,2223,28706,62,18721,1666,72,28847,7404,33,455,6899,1145,71,10808,1391,1138,160,5469,1904,43026,3860,1676,1319,1925,1078,1464,1728,1307,1012,44,940,52,2703,207,74,98,904,587,456,1149,56129,1782,12777,6602,1300,797,797,257,30654,330,16392,2568,10506,1401,141,2714,16,36464,6741,12106,47818,2509,37370,268,226,700,1812,946,1691,1482,2050,10198,1737,27,476,2071,31,71,3325,3535,49,874,129,27481,47129,37579,9602,35321,5102,790,101006,101720,16506,47679,79342,85917,373,118,1210,1224,436,1730,799,361,248,839,8248,0.0,0.0,0.0,0.0,0.0,0.0,0.0,0.0,0.0,0.0,0.0,0.0,0.0,0.0,0.0,0.0,0.0,0.0,0.0,0.0,0.0,0.0,0.0,0.0,0.0,0.0,0.0,0.0,0.0,0.0,0.0,0.0,0.0,0.0,0.0,0.0,0.0,0.0,0.0,0.0,0.0,0.0,0.0,0.0,0.0,0.0,0.0,0.0,0.0,0.0,0.0,0.0,0.0,0.0,0.0,0.0,0.0,0.0,0.0,0.0,0.0,0.0,0.0,0.0,0.0,0.0,0.0,0.0,0.0,0.0,0.0,0.0,0.0,0.0,0.0,0.0,0.0,0.0,0.0,0.0,0.0,0.0,0.0,0.0,0.0,0.0,0.0,0.0,0.0,0.0,0.0,0.0,0.0,0.0,0.0,0.0,0.0,0.0,0.0,0.0,0.0,0.0,0.0,0.0,0.0,0.0,0.0,0.0,0.0,0.0,0.0,0.0,0.0,0.0,0.0,0.0,0.0,0.0,0.0,0.0,0.0,0.0,0.0,0.0,0.0,0.0,0.0,0.0,0.0,0.0,0.0,0.0,0.0,0.0,0.0,0.0,0.0,0.0,0.0,0.0,0.0,0.0,0.0,0.0,0.0,0.0,0.0,0.0,0.0,0.0
ENCFF001HON,0.19891250079355577,56792,148,3507,53918,946,107182,4698,317,645,266,497,3425,5990,11397,23971,39556,3841,459,5305,5340,132,554,72,48,36,866,2699,3515,37302,3094,229,234,464,2006,1863,98,1874,23,20,6308,9522,70,606,58,37,623,5801,30872,388,512,1155,1640,386,237,4816,134,287,353,91,658,1548,621,20975,1428,368,870,90,57152,47650,5679,1214,777,1645,3790,251,1307,634,885,964,272,1095,1247,3236,495,653,3877,14,1095,616,23,1057,115,25,1252,1716,38757,156886,9149,121,24555,34259,2635,29523,1236,743,4284,1333,1445,16,2225,6174,6549,72,3998,26968,3286,44792,724,2988,2599,7951,1206,76615,1476,5104,2516,593,2157,346,122,24259,16911,1521,27764,10676,8705,23434,573,4288,3593,1266,3476,54371,558,504,137,110,38,38,1873,279,515,9350,3892,663,3386,53777,4067,381,1283,926,881,2795,3590,2938,4174,79,107,25,1151,27,1941,701,689,63,64,1,744,654,1086,12632,6054,38157,2241,30301,30477,13796,29496,12904,27120,323,24529,29636,9411,7846,20406,15557,5176,846,562,699,67,581,1048,146,66,19,74,3499,348,49745,13209,17689,185,167574,36343,3508,28811,35606,892,535,39852,18903,68929,6176,39916,292,36209,47,310,678,157,373,1035,211,3989,1966,18,745,1053,693,1012,507,2580,1517,183,177,4717,2754,1955,2184,1339,424,740,865,435,391,327,376,1279,5072,1436,444,1749,2427,2298,15655,35105,1840,2465,2531,1448,944,716,709,1102,582,104,6235,521,961,4525,464,1649,414,3703,1240,1163,712,1033,162,521,563,2633,2685,940,1107,794,2247,1532,845,922,1118,4219,29,40,459,753,381,342,11658,97,7870,18,472,68,5929,612,5598,5735,7069,21,2454,96,167,1260,3338,95037,620,1829,2052,947,192,2816,189,322,686,14395,6722,3249,1103,32,133,116,19,55,765,1469,2213,567,3285,571,566,1987,71703,492,2291,103240,591,5205,1156,5705,3039,2723,347,1161,5661,898,1113,1145,429,464,298,14419,1263,1145,1237,505,1188,1387,21875,65,9825,1871,22,21534,5628,93,254,5337,587,39,6524,978,1055,225,3143,1258,29757,4106,804,882,1205,549,1310,1034,1104,528,14,869,24,1689,104,53,143,568,245,859,845,36671,2738,13172,6403,1726,510,617,152,29531,305,13523,1973,10312,1233,324,2417,31,26957,5084,9214,38680,3072,22929,312,178,387,1152,468,1233,843,1571,7784,1103,45,368,1144,16,26,3412,3499,13,579,172,20839,38196,29586,7381,31044,3598,692,71898,80450,12898,39288,58964,70401,388,158,837,812,238,1023,924,236,381,567,6187,0.0,0.0,0.0,0.0,0.0,0.0,0.0,0.0,0.0,0.0,0.0,0.0,0.0,0.0,0.0,0.0,0.0,0.0,0.0,0.0,0.0,0.0,0.0,0.0,0.0,0.0,0.0,0.0,0.0,0.0,0.0,0.0,0.0,0.0,0.0,0.0,0.0,0.0,0.0,0.0,0.0,0.0,0.0,0.0,0.0,0.0,0.0,0.0,0.0,0.0,0.0,0.0,0.0,0.0,0.0,0.0,0.0,0.0,0.0,0.0,0.0,0.0,0.0,0.0,0.0,0.0,0.0,0.0,0.0,0.0,0.0,0.0,0.0,0.0,0.0,0.0,0.0,0.0,0.0,0.0,0.0,0.0,0.0,0.0,0.0,0.0,0.0,0.0,0.0,0.0,0.0,0.0,0.0,0.0,0.0,0.0,0.0,0.0,0.0,0.0,0.0,0.0,0.0,0.0,0.0,0.0,0.0,0.0,0.0,0.0,0.0,0.0,0.0,0.0,0.0,0.0,0.0,0.0,0.0,0.0,0.0,0.0,0.0,0.0,0.0,0.0,0.0,0.0,0.0,0.0,0.0,0.0,0.0,0.0,0.0,0.0,0.0,0.0,0.0,0.0,0.0,0.0,0.0,0.0,0.0,0.0,0.0,0.0,0.0,0.0
ENCFF000BVH,0.147961496815502,281967,177,4813,36082,799,111949,6550,348,823,318,23722,79243,6047,16503,18805,37268,5010,683,9652,10936,141,690,63,237,219,2420,11335,3922,22856,6269,260,589,529,2312,2219,889,2087,85,4370,57136,10888,47,577,88,43,799,6548,17936,1643,597,1160,1888,548,549,5785,200,420,859,427,2476,47696,286,11527,237,363,2667,18187,49406,55400,6881,1260,1003,4000,5043,315,1549,688,1064,1151,274,1322,1531,3654,540,777,4280,66,1177,634,55,1157,497,39,1219,1454,19497,184285,9978,294,26708,40028,3130,34726,1454,872,5151,1575,1610,58,2692,7394,7835,118,17325,32297,5033,30708,552,2259,2333,8892,934,40628,1690,7208,7447,790,2753,331,134,27394,19891,19212,13816,14739,12910,26756,1965,36025,5456,1461,8440,54310,439,1184,150,174,100,32,2081,230,40810,12173,4677,650,5106,38507,3537,549,1465,1821,1384,3876,3930,3483,12722,185,294,55,1243,254,2218,783,905,806,231,3,1246,1356,1317,14018,6630,50059,2519,33115,33983,17116,32751,15686,30861,341,27534,32747,10814,10705,25317,18253,7332,926,3678,1151,1432,630,1144,268,339,16,75,14425,1669,38728,12717,17104,323,259690,44728,4558,32248,30064,2050,7698,46589,25115,66227,7263,46342,227,47144,225,320,36641,35128,413,1218,323,4283,2385,27,926,1303,837,1165,582,3065,1822,217,567,5199,3089,2270,2613,1564,453,841,965,471,439,374,470,1425,5438,1844,491,1984,2790,2536,8888,24003,8958,2767,2892,1670,996,779,895,1228,818,102,7829,562,1109,5141,485,1801,482,4281,1404,1342,856,1262,201,564,943,3222,3111,1099,1226,936,2476,1811,929,1080,1117,4679,15,22,535,874,1177,419,15141,536,10035,17,512,55,6446,1067,7220,18761,23312,177,4103,1157,264,1892,4241,91067,1172,3484,2450,1156,2159,3373,165,171,697,21910,34263,170867,1640,187,396,372,30,287,935,1441,2611,706,4147,685,612,1416,53016,1081,2446,123967,683,5867,1291,6679,16486,2966,419,10398,32134,1120,1345,1395,506,503,366,172519,1543,1216,1354,445,1443,1779,25886,851,11008,2562,55,26440,7311,38,319,6948,1087,295,7369,1110,2273,450,3642,1382,15185,3044,1573,1003,1388,625,1172,1122,1430,883,354,1221,70,6367,306,212,274,1393,397,1870,896,39822,2247,10444,6386,1509,727,1328,498,35105,1042,18048,4984,12320,2067,1283,2853,4902,37808,5830,12342,47015,3491,14863,445,335,477,2961,622,1370,969,1901,8288,1260,94,1381,1348,21,141,3892,3986,9,1496,183,22868,40154,31907,8123,35165,3835,573,66887,89176,14723,41607,64676,80135,317,208,1021,995,297,1123,1472,578,644,821,8157,0.0,0.0,0.0,0.0,0.0,0.0,0.0,0.0,0.0,0.0,0.0,0.0,0.0,0.0,0.0,0.0,0.0,0.0,0.0,0.0,0.0,0.0,0.0,0.0,0.0,0.0,0.0,0.0,0.0,0.0,0.0,0.0,0.0,0.0,0.0,0.0,0.0,0.0,0.0,0.0,0.0,0.0,0.0,0.0,0.0,0.0,0.0,0.0,0.0,0.0,0.0,0.0,0.0,0.0,0.0,0.0,0.0,0.0,0.0,0.0,0.0,0.0,0.0,0.0,0.0,0.0,0.0,0.0,0.0,0.0,0.0,0.0,0.0,0.0,0.0,0.0,0.0,0.0,0.0,0.0,0.0,0.0,0.0,0.0,0.0,0.0,0.0,0.0,0.0,0.0,0.0,0.0,0.0,0.0,0.0,0.0,0.0,0.0,0.0,0.0,0.0,0.0,0.0,0.0,0.0,0.0,0.0,0.0,0.0,0.0,0.0,0.0,0.0,0.0,0.0,0.0,0.0,0.0,0.0,0.0,0.0,0.0,0.0,0.0,0.0,0.0,0.0,0.0,0.0,0.0,0.0,0.0,0.0,0.0,0.0,0.0,0.0,0.0,0.0,0.0,0.0,0.0,0.0,0.0,0.0,0.0,0.0,0.0,0.0,0.0
ENCFF000ZRO,0.06940889116738114,3110,17,221,1954,28,3299,240,29,38,21,75,139,265,500,1002,1373,214,27,335,286,8,32,1,4,2,48,137,205,1988,167,14,10,22,112,92,5,92,2,1,423,642,3,48,3,6,26,323,1818,26,65,45,82,32,27,392,12,22,27,7,54,90,30,821,12,30,42,65,2759,2929,399,64,54,88,307,18,75,44,52,41,12,52,66,226,22,34,186,1,41,21,0,76,8,5,71,53,873,9454,629,4,1652,2245,134,2046,88,33,316,88,97,0,145,413,418,7,259,1725,151,1576,21,123,99,463,46,2320,77,352,148,44,169,29,5,1713,791,82,1095,500,712,1567,35,234,204,66,184,1673,23,29,7,3,3,1,103,14,29,537,254,33,228,1939,200,26,65,81,48,166,240,236,433,3,12,4,53,1,104,42,204,751,4,0,34,46,54,903,398,2449,145,1593,1941,802,1809,684,1464,18,1489,1769,580,516,1394,1090,364,51,26,48,2,26,48,11,0,0,8,232,21,1982,719,696,14,11825,2152,216,1558,1512,61,354,2153,1248,3476,259,2317,8,2549,4,12,63,237,11,46,15,218,135,2,27,64,31,45,21,130,78,22,13,253,178,103,225,68,25,24,51,25,17,19,41,84,278,79,32,96,141,116,740,1365,96,126,178,84,47,31,28,50,23,24,411,35,49,302,22,64,23,217,65,60,33,57,35,27,25,133,135,52,52,48,135,70,46,38,44,228,0,1,29,24,35,11,880,5,584,1,28,2,342,65,420,326,435,1,136,7,8,62,224,4066,42,100,130,64,4,128,17,5,50,708,444,149,74,7,11,9,1,1,35,90,163,35,226,44,17,82,2852,20,96,6814,33,313,51,274,170,147,15,78,304,42,54,48,34,17,14,690,56,51,57,29,64,67,1427,3,602,127,4,1503,462,0,24,283,43,1,373,50,108,15,154,65,880,185,50,51,57,24,68,39,77,28,0,58,2,115,6,1,5,39,41,37,72,2495,106,640,284,103,26,47,11,2398,13,856,129,747,60,19,164,0,1644,308,504,2291,107,908,15,8,18,41,27,56,53,64,413,49,1,18,80,1,7,260,231,0,31,9,1368,2239,1701,414,1950,282,28,3841,5105,1198,2330,3598,4715,9,19,36,48,22,52,100,13,23,28,396,0.0,0.0,0.0,0.0,0.0,0.0,0.0,0.0,0.0,0.0,0.0,0.0,0.0,0.0,0.0,0.0,0.0,0.0,0.0,0.0,0.0,0.0,0.0,0.0,0.0,0.0,0.0,0.0,0.0,0.0,0.0,0.0,0.0,0.0,0.0,0.0,0.0,0.0,0.0,0.0,0.0,0.0,0.0,0.0,0.0,0.0,0.0,0.0,0.0,0.0,0.0,0.0,0.0,0.0,0.0,0.0,0.0,0.0,0.0,0.0,0.0,0.0,0.0,0.0,0.0,0.0,0.0,0.0,0.0,0.0,0.0,0.0,0.0,0.0,0.0,0.0,0.0,0.0,0.0,0.0,0.0,0.0,0.0,0.0,0.0,0.0,0.0,0.0,0.0,0.0,0.0,0.0,0.0,0.0,0.0,0.0,0.0,0.0,0.0,0.0,0.0,0.0,0.0,0.0,0.0,0.0,0.0,0.0,0.0,0.0,0.0,0.0,0.0,0.0,0.0,0.0,0.0,0.0,0.0,0.0,0.0,0.0,0.0,0.0,0.0,0.0,0.0,0.0,0.0,0.0,0.0,0.0,0.0,0.0,0.0,0.0,0.0,0.0,0.0,0.0,0.0,0.0,0.0,0.0,0.0,0.0,0.0,0.0,0.0,0.0
ENCFF298NKC,0.1318211582087285,39015,146,2072,42438,417,95389,5798,297,193,177,399,2889,1343,5138,14985,18689,1456,628,4084,3828,94,536,50,97,53,972,1998,3053,26920,2756,128,59,393,2013,1733,21,1993,25,5,5784,7593,76,303,26,42,632,5294,26076,165,514,1200,1390,270,186,4058,78,250,179,125,551,1489,717,14295,521,310,614,69,39456,32610,4300,1233,696,1592,3842,143,1372,647,889,885,256,1203,1174,2455,446,774,3740,26,908,754,20,781,143,20,1212,1017,27175,115331,6767,114,17848,28195,2493,23725,1268,724,3124,979,1238,19,2511,5128,5568,153,3748,24103,1343,32245,175,877,1091,5099,385,51053,1364,4210,1762,564,1546,232,38,19900,5058,857,26461,5693,7609,19353,86,3794,4025,1276,2444,41170,512,269,102,70,29,30,1517,286,329,7287,2555,301,3115,40589,2684,259,1311,883,626,1983,2773,2570,4409,32,79,39,1032,28,1427,610,987,641,13,22,519,570,1176,9611,4668,30925,2223,17666,25225,10477,28719,11787,22024,195,20039,24415,7825,6734,19376,13188,4226,808,159,676,26,723,1188,91,30,23,80,3573,88,40295,8730,6249,227,168086,30386,3448,19615,23446,816,397,28371,13974,49833,2006,29055,73,27733,19,209,670,24,296,961,239,3767,1990,30,761,781,621,1092,517,2543,1472,181,171,4653,2830,1519,2718,1588,344,757,796,446,325,230,270,1262,3999,987,391,1189,2459,1962,10951,85571,1668,2281,2528,1153,810,670,735,939,591,74,6641,544,1471,4012,292,1509,501,3126,1425,1053,799,1020,278,527,501,2673,1976,884,897,881,1959,1643,1104,769,1081,3319,31,26,441,768,420,277,10083,89,6045,26,199,55,4534,549,5610,5056,6630,21,2072,72,44,1435,2354,81128,465,1519,2035,915,84,2268,74,241,1217,13817,5789,3360,1142,57,150,39,4,40,668,1096,1584,688,2879,717,511,1425,56783,234,1748,80251,457,4686,1003,6063,2373,2071,308,415,3249,804,1148,1159,409,362,165,11965,1401,1064,1084,477,1172,1320,18659,24,11297,1066,38,19045,5655,60,254,4133,765,42,6170,769,814,131,3326,1077,26359,3056,463,743,1084,590,827,898,910,549,41,733,33,1858,269,29,58,232,285,195,595,22093,982,8125,3927,713,548,422,129,20546,98,9761,1213,7521,1067,84,1945,7,25331,4891,8296,33290,4156,19680,146,156,433,983,468,994,834,1030,5082,1017,14,169,1169,19,30,2390,2359,11,167,114,18489,29197,22938,6201,22599,3210,921,52606,63578,9856,28711,50426,55245,178,65,720,720,262,891,591,305,137,539,4983,0.0,0.0,0.0,0.0,0.0,0.0,0.0,0.0,0.0,0.0,0.0,0.0,0.0,0.0,0.0,0.0,0.0,0.0,0.0,0.0,0.0,0.0,0.0,0.0,0.0,0.0,0.0,0.0,0.0,0.0,0.0,0.0,0.0,0.0,0.0,0.0,0.0,0.0,0.0,0.0,0.0,0.0,0.0,0.0,0.0,0.0,0.0,0.0,0.0,0.0,0.0,0.0,0.0,0.0,0.0,0.0,0.0,0.0,0.0,0.0,0.0,0.0,0.0,0.0,0.0,0.0,0.0,0.0,0.0,0.0,0.0,0.0,0.0,0.0,0.0,0.0,0.0,0.0,0.0,0.0,0.0,0.0,0.0,0.0,0.0,0.0,0.0,0.0,0.0,0.0,0.0,0.0,0.0,0.0,0.0,0.0,0.0,0.0,0.0,0.0,0.0,0.0,0.0,0.0,0.0,0.0,0.0,0.0,0.0,0.0,0.0,0.0,0.0,0.0,0.0,0.0,0.0,0.0,0.0,0.0,0.0,0.0,0.0,0.0,0.0,0.0,0.0,0.0,0.0,0.0,0.0,0.0,0.0,0.0,0.0,0.0,0.0,0.0,0.0,0.0,0.0,0.0,0.0,0.0,0.0,0.0,0.0,0.0,0.0,0.0
ENCFF213CYO,0.14850945993726966,53474,294,2520,56333,616,115470,7748,396,253,243,536,4497,2015,6753,41498,25932,2071,758,5244,5101,120,783,93,151,74,1448,3052,4512,36881,3648,177,74,608,3013,2648,28,2724,21,3,7777,10925,89,413,102,98,832,7808,46941,243,1006,1801,2220,322,254,7101,96,432,223,129,802,1983,484,22741,3826,105,795,107,57931,62637,5764,1816,1074,2474,5613,245,1985,940,1158,1310,379,1782,1749,3204,626,1133,5546,15,1313,1099,19,1095,219,33,2169,1482,21804,180567,10063,101,26338,39530,3653,33740,1808,1015,4144,1253,1581,26,3137,7664,8212,234,4831,35933,2000,53194,239,1274,1721,7384,581,117478,2115,6010,2411,673,2254,511,112,29358,8883,1355,64562,9878,14311,30445,127,5411,4831,1732,3513,49852,223,376,132,89,34,15,2035,422,386,9515,3583,291,3688,61417,4514,483,1895,1597,1530,2944,4342,4200,6506,51,107,110,1699,42,2174,1007,943,167,25,45,736,596,1704,13903,6956,43295,3335,26163,36354,15811,62193,17803,33132,265,27278,34485,10494,9489,25524,18608,5448,1109,353,710,23,989,1623,119,34,48,75,4566,127,74380,13258,9324,494,209137,42948,4565,30378,32549,1032,494,41639,20875,71449,2495,39117,112,35642,28,253,777,25,506,1392,295,5772,2829,45,1157,1214,954,1566,738,3692,2037,253,158,6683,4170,2085,2596,2440,561,1276,1186,669,529,399,388,1848,5676,1343,542,1672,3481,2683,17706,171791,2433,3550,3523,1735,1288,1085,1052,1443,825,101,7800,856,2074,5538,491,2218,762,4535,2012,1703,1253,1535,150,830,591,3675,3010,1273,1430,1211,2919,2355,1769,1032,1742,4993,25,25,687,1163,593,243,14957,103,8836,19,273,95,6415,713,7298,6375,9324,17,2717,73,79,1638,3277,108651,701,1875,3042,1128,92,3206,106,412,1480,19185,7272,4563,1364,95,200,64,21,35,979,2164,2171,1050,4111,1020,770,2103,83819,381,2454,111820,691,6580,1558,8855,3696,3060,457,635,4361,1262,1651,1619,595,525,191,15874,2141,1438,1694,780,1739,1858,25295,44,16407,1401,70,26636,6189,26,420,5227,1086,35,9014,1125,728,136,4899,1602,24534,3108,724,1116,1703,857,1215,1428,1046,709,21,792,16,2366,176,168,83,309,436,267,998,48641,1474,12793,6449,1313,879,663,161,29297,142,13089,1868,10222,1494,114,2601,25,35461,6324,10460,43917,5145,41235,207,173,608,1515,809,1519,1271,1649,8198,1459,14,255,1643,44,60,3493,3445,18,272,80,25651,39464,30858,7700,35858,4521,500,91962,86879,13646,39512,70074,78376,222,92,1085,935,324,1356,732,347,234,735,6756,0.0,0.0,0.0,0.0,0.0,0.0,0.0,0.0,0.0,0.0,0.0,0.0,0.0,0.0,0.0,0.0,0.0,0.0,0.0,0.0,0.0,0.0,0.0,0.0,0.0,0.0,0.0,0.0,0.0,0.0,0.0,0.0,0.0,0.0,0.0,0.0,0.0,0.0,0.0,0.0,0.0,0.0,0.0,0.0,0.0,0.0,0.0,0.0,0.0,0.0,0.0,0.0,0.0,0.0,0.0,0.0,0.0,0.0,0.0,0.0,0.0,0.0,0.0,0.0,0.0,0.0,0.0,0.0,0.0,0.0,0.0,0.0,0.0,0.0,0.0,0.0,0.0,0.0,0.0,0.0,0.0,0.0,0.0,0.0,0.0,0.0,0.0,0.0,0.0,0.0,0.0,0.0,0.0,0.0,0.0,0.0,0.0,0.0,0.0,0.0,0.0,0.0,0.0,0.0,0.0,0.0,0.0,0.0,0.0,0.0,0.0,0.0,0.0,0.0,0.0,0.0,0.0,0.0,0.0,0.0,0.0,0.0,0.0,0.0,0.0,0.0,0.0,0.0,0.0,0.0,0.0,0.0,0.0,0.0,0.0,0.0,0.0,0.0,0.0,0.0,0.0,0.0,0.0,0.0,0.0,0.0,0.0,0.0,0.0,0.0
ENCFF745MHE,0.19284612029151654,58625,279,10037,60201,2035,162734,8237,606,1041,442,922,6540,10585,18703,34971,59280,7119,637,9689,12365,216,878,158,61,65,1355,199,6216,44599,5040,465,305,773,3291,2971,71,3019,41,12,12635,16459,96,1042,86,56,744,10467,38106,33,994,1678,2806,708,457,8399,244,460,772,240,1129,2769,1290,24996,1199,674,124,51,100194,90516,8902,2048,1486,1682,6522,188,2128,1019,1518,1677,414,1899,2078,5925,761,945,7050,41,1709,1005,49,1911,282,49,3918,2851,38817,310751,19718,228,50508,67329,4336,58399,1975,1259,7408,2491,2894,26,4267,10791,10499,165,8644,44556,6359,45251,1490,7326,6761,17019,3398,63175,2819,10209,5582,1368,3944,531,172,44500,28123,249,34814,17818,14796,37861,96,9291,3833,2058,5573,80353,1023,269,195,178,64,62,3137,430,693,21780,7585,1016,7944,69901,7182,607,2078,1123,1080,4992,8279,7052,7076,143,192,56,1813,53,3745,1133,1649,339,37,55,872,1208,1732,24842,10950,69363,4507,55152,54880,26834,59029,23923,52850,457,48767,59341,16268,15678,37671,29781,10277,1934,43,1615,107,832,1740,267,161,40,77,6828,718,66300,25091,24014,292,304715,68161,6335,47768,48751,1275,999,82411,37847,117485,11399,71323,433,65846,58,494,1198,153,621,1811,288,6632,2876,46,1188,1778,1241,1698,802,4408,2387,338,385,7864,4459,3163,3497,2084,637,1117,1295,645,744,570,805,2111,11092,2859,789,3241,4250,4077,25247,100981,363,3595,4639,2590,1478,1175,1328,1855,1006,189,11082,890,1474,7408,729,2624,747,7028,1972,1867,1196,1742,222,880,1104,4433,4876,1561,1781,1328,3729,2647,1199,1539,1611,8077,36,70,812,1177,651,590,20877,144,15380,39,871,79,9080,1033,10469,11931,13461,51,4170,230,386,2022,4998,153766,827,3043,3671,1713,54,6170,206,186,884,26722,10977,5218,1658,21,261,221,15,48,1368,1678,3716,924,7402,939,902,4309,86674,717,4313,226626,1005,7753,1867,8790,472,5018,653,102,5820,1582,1785,1909,756,837,350,1509,2109,1749,1896,815,1995,2319,38131,137,15214,4287,26,39368,10650,174,304,10524,957,102,11181,1517,1717,422,5235,2078,57287,7813,1072,1706,2010,898,1724,1611,1726,1155,18,1902,34,2939,161,27,248,611,271,1843,1672,71835,6106,22517,13896,3333,1174,1600,196,52971,96,25361,3004,18753,1773,715,4634,40,51481,10042,16572,73615,13481,34310,455,319,705,1595,755,1937,1419,2667,12446,1843,72,273,1883,31,26,5950,5202,38,228,342,39377,81149,55845,15473,60457,6763,680,131662,166322,25491,85032,114531,138502,378,407,1452,1332,457,1513,1764,471,711,1053,11969,0.0,0.0,0.0,0.0,0.0,0.0,0.0,0.0,0.0,0.0,0.0,0.0,0.0,0.0,0.0,0.0,0.0,0.0,0.0,0.0,0.0,0.0,0.0,0.0,0.0,0.0,0.0,0.0,0.0,0.0,0.0,0.0,0.0,0.0,0.0,0.0,0.0,0.0,0.0,0.0,0.0,0.0,0.0,0.0,0.0,0.0,0.0,0.0,0.0,0.0,0.0,0.0,0.0,0.0,0.0,0.0,0.0,0.0,0.0,0.0,0.0,0.0,0.0,0.0,0.0,0.0,0.0,0.0,0.0,0.0,0.0,0.0,0.0,0.0,0.0,0.0,0.0,0.0,0.0,0.0,0.0,0.0,0.0,0.0,0.0,0.0,0.0,0.0,0.0,0.0,0.0,0.0,0.0,0.0,0.0,0.0,0.0,0.0,0.0,0.0,0.0,0.0,0.0,0.0,0.0,0.0,0.0,0.0,0.0,0.0,0.0,0.0,0.0,0.0,0.0,0.0,0.0,0.0,0.0,0.0,0.0,0.0,0.0,0.0,0.0,0.0,0.0,0.0,0.0,0.0,0.0,0.0,0.0,0.0,0.0,0.0,0.0,0.0,0.0,0.0,0.0,0.0,0.0,0.0,0.0,0.0,0.0,0.0,0.0,0.0
ENCFF000YVH,0.20421111194157976,32515,50,1274,9385,307,26917,2294,66,130,114,196,864,1072,1965,5678,7318,892,146,2257,2363,65,222,31,35,46,290,2504,796,5505,1154,111,138,138,478,432,100,526,12,6,2329,3390,18,211,1,24,188,1569,4368,250,165,237,347,157,121,1951,71,119,351,87,268,460,80,2413,99,142,443,15,12100,16066,2285,269,175,742,1621,40,348,140,193,219,35,238,303,1189,99,129,837,9,238,124,16,483,73,13,432,280,3954,56187,3805,45,9876,13326,680,11050,304,126,1690,575,578,11,909,2492,2641,59,1320,10113,870,8055,218,1046,926,3216,472,9599,346,2444,1284,303,875,121,56,10379,2973,1486,3953,1936,4123,8386,497,1361,1157,274,1181,10047,160,337,16,36,12,23,716,93,173,3931,1725,231,1545,9384,781,145,289,524,453,830,1679,1509,1752,28,58,27,246,13,432,144,376,105,34,2,313,263,258,5175,2291,15455,643,8808,10757,4509,7159,3807,7761,74,9066,10673,3683,3313,7207,6188,1948,254,381,302,6,110,245,53,42,17,31,1355,103,7972,3259,2425,87,63042,11450,1064,8599,4550,401,217,11608,6490,15676,1763,17423,78,17566,22,96,243,51,64,254,82,980,613,19,150,239,149,207,86,632,356,93,80,1250,841,562,918,271,84,135,190,77,88,79,153,297,1525,419,93,502,603,521,1984,3285,1395,587,956,344,217,165,153,210,126,33,2513,122,163,1531,87,383,79,994,220,225,128,231,65,99,173,563,634,225,214,164,688,406,172,193,194,1013,13,19,90,138,197,173,4806,80,3529,16,194,29,1859,260,2399,2450,2156,6,858,60,68,575,1072,16982,286,830,571,283,631,732,51,84,165,4311,2274,826,433,28,112,60,5,33,144,532,886,170,1343,136,112,320,11314,155,537,43895,144,1617,255,1260,2242,718,68,1055,5043,200,269,304,126,110,106,16278,316,236,252,167,272,323,7890,53,2683,800,15,8670,2386,18,64,1896,295,53,1765,192,469,129,792,306,3833,709,623,208,302,115,238,170,529,282,15,375,24,638,53,13,72,396,171,271,276,10024,891,2123,1843,450,136,433,175,13367,332,5191,726,4161,474,106,880,12,10585,2099,3249,13999,498,3246,114,112,89,2313,187,264,171,344,2840,265,18,516,237,21,14,1260,1189,1,760,73,7773,12658,8713,2319,11929,1197,127,19507,28262,3907,13343,19725,25877,64,53,191,174,64,214,457,97,163,252,2353,0.0,0.0,0.0,0.0,0.0,0.0,0.0,0.0,0.0,0.0,0.0,0.0,0.0,0.0,0.0,0.0,0.0,0.0,0.0,0.0,0.0,0.0,0.0,0.0,0.0,0.0,0.0,0.0,0.0,0.0,0.0,0.0,0.0,0.0,0.0,0.0,0.0,0.0,0.0,0.0,0.0,0.0,0.0,0.0,0.0,0.0,0.0,0.0,0.0,0.0,0.0,0.0,0.0,0.0,0.0,0.0,0.0,0.0,0.0,0.0,0.0,0.0,0.0,0.0,0.0,0.0,0.0,0.0,0.0,0.0,0.0,0.0,0.0,0.0,0.0,0.0,0.0,0.0,0.0,0.0,0.0,0.0,0.0,0.0,0.0,0.0,0.0,0.0,0.0,0.0,0.0,0.0,0.0,0.0,0.0,0.0,0.0,0.0,0.0,0.0,0.0,0.0,0.0,0.0,0.0,0.0,0.0,0.0,0.0,0.0,0.0,0.0,0.0,0.0,0.0,0.0,0.0,0.0,0.0,0.0,0.0,0.0,0.0,0.0,0.0,0.0,0.0,0.0,0.0,0.0,0.0,0.0,0.0,0.0,0.0,0.0,0.0,0.0,0.0,0.0,0.0,0.0,0.0,0.0,0.0,0.0,0.0,0.0,0.0,0.0
ENCFF000ZLN,0.07026334355256753,2186,12,256,2741,75,6522,309,22,28,11,27,219,291,664,1241,2029,264,30,274,352,9,38,4,1,3,48,44,262,1839,210,19,15,32,146,153,2,131,1,1,474,707,5,37,4,2,52,380,1803,7,76,71,108,28,19,384,7,18,26,11,64,97,44,1024,22,32,8,2,3913,3396,429,80,42,73,338,12,111,42,53,64,18,87,82,235,36,43,238,0,61,43,2,69,20,3,104,107,1077,11555,685,9,1810,2539,183,2339,107,59,349,100,150,1,162,460,480,3,308,2005,254,2584,64,251,210,557,117,3582,104,407,161,38,184,29,4,1770,916,20,1417,610,606,1605,14,309,197,115,205,2798,24,14,10,8,1,1,117,7,22,630,283,28,244,2862,336,22,84,53,48,186,342,310,337,2,18,6,62,2,163,79,240,276,1,0,57,49,86,950,432,2820,166,1955,2264,1117,2486,908,1932,12,1752,2132,659,579,1495,1177,467,64,6,49,5,32,74,7,3,0,2,255,20,3163,1038,847,79,13034,2442,240,1824,2067,66,43,2951,1257,4465,417,2501,10,2553,1,17,48,5,18,60,8,227,148,0,69,71,50,65,34,170,109,13,17,315,224,106,168,99,21,57,49,36,30,22,32,98,323,106,30,131,172,144,1197,3937,38,177,210,98,68,48,47,61,45,4,480,33,63,322,29,113,22,269,96,82,60,78,12,30,31,184,176,72,76,54,166,108,60,63,78,275,3,0,25,38,25,11,838,6,557,3,37,5,392,45,395,432,489,5,154,9,15,57,225,5153,30,94,167,70,3,183,10,21,51,948,365,192,80,3,11,9,3,6,64,96,170,53,235,54,33,155,3785,28,161,8035,39,365,68,375,59,195,16,16,249,71,74,79,34,40,16,221,75,83,84,37,106,109,1667,2,769,137,3,1735,427,0,17,396,44,5,496,62,62,18,253,82,1606,277,50,67,103,33,87,53,68,16,3,85,3,125,14,2,9,28,13,64,56,2334,211,831,510,154,38,76,17,2084,4,866,116,791,82,23,190,1,1692,330,567,2473,370,1114,15,12,41,64,28,78,43,85,673,77,2,16,93,2,2,301,267,0,7,10,1509,2743,2204,467,2144,297,25,4817,5768,957,2833,4382,5110,26,14,69,66,14,56,78,25,34,44,406,0.0,0.0,0.0,0.0,0.0,0.0,0.0,0.0,0.0,0.0,0.0,0.0,0.0,0.0,0.0,0.0,0.0,0.0,0.0,0.0,0.0,0.0,0.0,0.0,0.0,0.0,0.0,0.0,0.0,0.0,0.0,0.0,0.0,0.0,0.0,0.0,0.0,0.0,0.0,0.0,0.0,0.0,0.0,0.0,0.0,0.0,0.0,0.0,0.0,0.0,0.0,0.0,0.0,0.0,0.0,0.0,0.0,0.0,0.0,0.0,0.0,0.0,0.0,0.0,0.0,0.0,0.0,0.0,0.0,0.0,0.0,0.0,0.0,0.0,0.0,0.0,0.0,0.0,0.0,0.0,0.0,0.0,0.0,0.0,0.0,0.0,0.0,0.0,0.0,0.0,0.0,0.0,0.0,0.0,0.0,0.0,0.0,0.0,0.0,0.0,0.0,0.0,0.0,0.0,0.0,0.0,0.0,0.0,0.0,0.0,0.0,0.0,0.0,0.0,0.0,0.0,0.0,0.0,0.0,0.0,0.0,0.0,0.0,0.0,0.0,0.0,0.0,0.0,0.0,0.0,0.0,0.0,0.0,0.0,0.0,0.0,0.0,0.0,0.0,0.0,0.0,0.0,0.0,0.0,0.0,0.0,0.0,0.0,0.0,0.0
ENCFF002EBO,0.1764072301986049,32090,325,2732,22425,574,75804,4605,234,367,242,510,2549,3089,6485,13684,22335,2594,376,4105,4649,150,602,59,62,63,691,805,2534,18705,3057,194,126,414,1414,1297,37,1555,15,22,5642,8688,51,479,46,59,517,4423,14322,112,443,814,1143,367,250,5062,154,315,271,111,597,1206,390,8652,185,282,237,67,35029,37161,5754,855,571,1076,4458,230,981,489,632,753,164,827,910,2916,350,420,2934,13,650,408,18,1012,471,47,891,1038,12483,130145,8226,79,22295,31211,2077,26726,872,482,4148,1256,1313,19,2303,5713,5711,76,3316,25285,2043,27903,434,1706,1716,6716,752,35685,1053,4771,2320,558,2253,352,112,24561,9159,642,17705,6218,9459,22397,198,3457,2425,955,2753,26376,235,247,76,85,39,32,1768,278,493,8130,3871,531,3524,24088,2531,353,942,1069,893,2326,3255,2920,4261,82,103,45,817,27,1365,496,881,331,20,2,455,632,810,11610,5581,33312,1783,22182,25669,11169,21983,10519,21372,253,21756,25421,8239,7432,18558,14713,4750,707,215,649,46,408,720,156,70,18,42,3052,276,32536,8843,7803,226,175909,28398,2784,21369,16449,941,443,30645,13994,42438,3299,34327,141,34807,54,272,637,151,255,795,189,2964,1846,22,537,704,450,665,355,1845,1135,214,196,3704,2350,1631,2184,964,244,562,573,307,263,225,401,916,3923,939,285,1303,1786,1769,7450,17958,562,1805,2205,1044,642,510,495,817,423,121,5987,385,739,4121,280,1250,317,3100,900,825,452,744,214,404,456,1917,1851,718,737,550,1914,1185,632,582,738,3086,26,25,300,512,399,307,11340,130,7537,17,438,50,5135,677,5489,4955,5672,28,2220,113,136,1036,3208,48008,549,1616,1671,867,56,2103,191,444,514,11696,4914,2566,1096,47,158,83,14,48,521,1040,2120,446,3194,392,395,1269,31621,318,1649,98558,471,4614,792,4293,962,2133,264,358,3468,682,780,841,274,363,169,4622,965,690,886,334,953,997,19669,88,7965,1747,31,20871,6776,10,248,4594,633,48,5389,639,986,276,2358,890,11821,2381,521,643,858,354,941,730,1071,621,25,845,39,1357,63,29,163,322,322,523,592,21591,1612,6770,4296,1030,388,691,192,28752,105,12258,1346,9642,1118,268,2239,23,23629,4350,7922,33389,1347,11050,203,217,313,712,475,854,583,1194,6042,824,29,210,836,23,48,3167,3427,10,173,167,20249,33174,24204,6085,28574,3451,485,51356,72658,10260,33308,52820,64067,223,124,559,552,186,660,1061,276,360,511,5248,0.0,0.0,0.0,0.0,0.0,0.0,0.0,0.0,0.0,0.0,0.0,0.0,0.0,0.0,0.0,0.0,0.0,0.0,0.0,0.0,0.0,0.0,0.0,0.0,0.0,0.0,0.0,0.0,0.0,0.0,0.0,0.0,0.0,0.0,0.0,0.0,0.0,0.0,0.0,0.0,0.0,0.0,0.0,0.0,0.0,0.0,0.0,0.0,0.0,0.0,0.0,0.0,0.0,0.0,0.0,0.0,0.0,0.0,0.0,0.0,0.0,0.0,0.0,0.0,0.0,0.0,0.0,0.0,0.0,0.0,0.0,0.0,0.0,0.0,0.0,0.0,0.0,0.0,0.0,0.0,0.0,0.0,0.0,0.0,0.0,0.0,0.0,0.0,0.0,0.0,0.0,0.0,0.0,0.0,0.0,0.0,0.0,0.0,0.0,0.0,0.0,0.0,0.0,0.0,0.0,0.0,0.0,0.0,0.0,0.0,0.0,0.0,0.0,0.0,0.0,0.0,0.0,0.0,0.0,0.0,0.0,0.0,0.0,0.0,0.0,0.0,0.0,0.0,0.0,0.0,0.0,0.0,0.0,0.0,0.0,0.0,0.0,0.0,0.0,0.0,0.0,0.0,0.0,0.0,0.0,0.0,0.0,0.0,0.0,0.0
ENCFF000SAB,0.22501850316158412,121917,646,9563,62808,1307,232312,20830,654,1832,1143,2443,6662,13210,29220,19483,79491,12421,2757,25161,22668,660,3243,345,244,357,2591,469,7496,45722,19382,1229,577,1786,4087,3676,57,7619,194,251,24176,46484,287,2472,62,210,2631,17738,25233,76,1522,1406,2441,2202,1381,28485,1161,1553,2110,728,6808,4125,554,22201,1412,1921,95,46,129613,176878,33673,2275,1181,2998,21241,1160,2596,1065,1550,1767,344,1726,2836,14913,833,773,7667,280,1591,1041,420,6757,1366,1262,11354,2201,15035,651140,42354,406,116000,158490,8109,135264,2856,1091,27324,8474,13455,310,14140,37285,37200,940,13716,136186,9400,74591,856,3702,4666,32695,1667,83098,2680,26736,14684,3454,12069,1892,982,137090,42343,354,48372,27185,45830,119444,113,12258,18293,2452,13414,82748,1457,966,468,612,101,196,10177,1775,3187,36538,21951,3227,12336,56794,4516,2079,2624,5595,4656,10443,24528,20545,22568,2265,969,351,1682,218,3578,899,2082,1387,25,0,935,3676,2353,61227,30372,173910,6271,102463,122810,46756,57700,41448,76756,1262,107531,122214,42260,39684,84500,78748,18987,2497,133,3859,102,771,1551,1156,631,139,752,15002,2270,86363,27863,38297,6310,755325,124985,11425,108553,55909,6234,2609,134104,62512,141379,9697,191156,609,192755,334,936,2747,78,515,2149,722,10454,9812,934,969,1665,926,1612,850,6609,3681,781,910,14388,10311,7235,9906,2044,349,1290,1291,616,581,562,2094,1754,15900,2633,666,6044,6437,5595,15774,25691,524,6284,13109,2882,1664,1436,1092,1641,658,470,28301,1186,1799,20925,725,4547,822,12631,1636,2031,772,1710,1016,698,1397,4644,4773,1408,1495,1429,9159,4177,1810,1340,1326,8785,77,209,855,1086,3597,606,66856,1974,45623,171,2109,381,25120,3850,30530,26650,23492,257,12979,2432,865,5580,17656,167258,2832,7535,5933,3841,20,6718,510,2443,2794,41937,26684,7214,6627,704,707,638,141,653,1138,5043,11000,1565,11928,935,1144,3919,92415,853,4583,483787,1535,23781,1712,14284,1381,6632,815,241,12755,1346,2570,2756,682,938,1202,4914,2967,2107,2668,1665,2424,3176,106681,1606,32394,8580,222,108968,29520,61,1377,19269,2607,552,18429,1465,5205,1565,8367,2434,43866,3939,1912,1629,2751,992,2652,1632,5613,747,220,3720,307,7319,704,38,1267,1472,1541,3419,3448,51338,3771,12937,11757,2105,1502,5687,1874,170927,132,61478,4261,54688,8293,2412,12011,43,105071,20092,36273,158468,3720,30890,408,1553,749,1863,1267,2707,1137,2707,29371,2363,148,855,1698,88,657,18064,19780,7,176,903,97773,123670,85177,22179,137788,15314,1750,192564,308184,37260,126938,224860,293410,1032,790,1290,1182,534,1409,7033,1132,1821,2445,23923,0.0,0.0,0.0,0.0,0.0,0.0,0.0,0.0,0.0,0.0,0.0,0.0,0.0,0.0,0.0,0.0,0.0,0.0,0.0,0.0,0.0,0.0,0.0,0.0,0.0,0.0,0.0,0.0,0.0,0.0,0.0,0.0,0.0,0.0,0.0,0.0,0.0,0.0,0.0,0.0,0.0,0.0,0.0,0.0,0.0,0.0,0.0,0.0,0.0,0.0,0.0,0.0,0.0,0.0,0.0,0.0,0.0,0.0,0.0,0.0,0.0,0.0,0.0,0.0,0.0,0.0,0.0,0.0,0.0,0.0,0.0,0.0,0.0,0.0,0.0,0.0,0.0,0.0,0.0,0.0,0.0,0.0,0.0,0.0,0.0,0.0,0.0,0.0,0.0,0.0,0.0,0.0,0.0,0.0,0.0,0.0,0.0,0.0,0.0,0.0,0.0,0.0,0.0,0.0,0.0,0.0,0.0,0.0,0.0,0.0,0.0,0.0,0.0,0.0,0.0,0.0,0.0,0.0,0.0,0.0,0.0,0.0,0.0,0.0,0.0,0.0,0.0,0.0,0.0,0.0,0.0,0.0,0.0,0.0,0.0,0.0,0.0,0.0,0.0,0.0,0.0,0.0,0.0,0.0,0.0,0.0,0.0,0.0,0.0,0.0
ENCFF118VNJ,0.1643441971674657,2978,21,496,8465,129,23531,1046,72,59,24,57,619,456,2086,4342,9284,319,91,1001,549,9,65,4,13,21,118,16,543,3772,361,14,3,58,406,386,9,320,1,2,911,1199,13,39,2,13,88,919,5055,6,85,200,268,32,36,683,18,31,36,12,72,350,260,5396,154,66,3,37,11925,8135,775,270,153,295,688,25,246,124,176,189,62,224,249,442,100,147,729,1,160,141,4,130,148,5,116,347,6541,18040,914,24,2468,3754,472,3343,253,151,426,119,117,0,346,712,616,8,613,3095,505,12841,60,266,307,786,112,20051,275,504,207,36,181,16,8,2515,2440,15,5592,1891,1183,2825,7,629,1135,245,407,5764,53,21,72,11,17,9,231,64,102,1057,331,53,441,8392,876,34,238,249,231,360,366,336,579,1,19,4,213,6,269,151,116,34,0,4,99,62,258,1379,608,4950,386,4897,4470,1909,5169,2051,3890,82,2647,3449,1066,801,3051,1817,723,150,5,205,7,114,254,5,3,6,13,369,22,7255,2345,3697,21,31689,6354,620,3926,9037,104,49,6375,3194,14707,856,3590,7,3279,5,27,109,7,62,206,43,778,299,4,185,140,129,183,101,496,284,154,44,769,513,264,445,328,65,171,165,91,67,68,90,268,803,231,83,208,443,365,2070,7176,15,429,480,232,180,130,146,205,108,73,926,123,256,736,67,243,128,553,260,209,137,183,34,96,84,463,418,172,176,176,364,259,204,147,190,638,8,1,109,159,48,80,1452,32,1053,3,44,15,702,141,930,679,1342,7,297,10,11,240,406,25787,37,182,400,110,10,483,11,33,123,2153,1280,863,146,16,6,7,5,22,149,307,215,108,515,149,103,333,16701,33,329,12407,97,748,197,1100,43,422,61,7,343,164,229,194,84,61,21,107,270,194,238,82,224,246,2621,7,1971,168,10,2954,743,1,27,544,105,9,1069,150,79,18,591,213,6974,687,31,158,218,136,143,196,124,64,3,76,10,282,11,1,13,7,67,83,181,6701,265,1990,1027,196,79,63,31,2888,8,1223,212,1015,129,17,280,2,2889,556,954,4338,352,3787,33,21,103,189,98,189,153,230,1062,211,0,10,212,0,2,287,318,2,7,9,2398,5193,4495,1092,3181,462,246,12338,10368,2089,4952,7658,8151,76,6,157,130,52,179,101,38,30,45,687,0.0,0.0,0.0,0.0,0.0,0.0,0.0,0.0,0.0,0.0,0.0,0.0,0.0,0.0,0.0,0.0,0.0,0.0,0.0,0.0,0.0,0.0,0.0,0.0,0.0,0.0,0.0,0.0,0.0,0.0,0.0,0.0,0.0,0.0,0.0,0.0,0.0,0.0,0.0,0.0,0.0,0.0,0.0,0.0,0.0,0.0,0.0,0.0,0.0,0.0,0.0,0.0,0.0,0.0,0.0,0.0,0.0,0.0,0.0,0.0,0.0,0.0,0.0,0.0,0.0,0.0,0.0,0.0,0.0,0.0,0.0,0.0,0.0,0.0,0.0,0.0,0.0,0.0,0.0,0.0,0.0,0.0,0.0,0.0,0.0,0.0,0.0,0.0,0.0,0.0,0.0,0.0,0.0,0.0,0.0,0.0,0.0,0.0,0.0,0.0,0.0,0.0,0.0,0.0,0.0,0.0,0.0,0.0,0.0,0.0,0.0,0.0,0.0,0.0,0.0,0.0,0.0,0.0,0.0,0.0,0.0,0.0,0.0,0.0,0.0,0.0,0.0,0.0,0.0,0.0,0.0,0.0,0.0,0.0,0.0,0.0,0.0,0.0,0.0,0.0,0.0,0.0,0.0,0.0,0.0,0.0,0.0,0.0,0.0,0.0
ENCFF000OGC,0.14870550129438403,38270,259,2503,23131,490,65798,3931,187,342,201,489,2204,2529,5176,13842,18499,2174,397,3571,4238,139,595,60,65,42,639,1661,2432,21401,2932,235,140,374,1338,1229,62,1422,26,20,4992,8740,69,488,25,58,456,4106,14373,167,393,718,1000,378,263,5477,135,287,290,88,571,1155,317,8238,208,268,468,64,32285,33937,5664,779,525,1088,4906,252,873,420,600,737,182,776,843,2756,334,381,2646,8,692,354,10,1026,530,30,888,919,11704,122243,7878,62,21231,29740,1935,25460,822,467,4079,1188,1173,19,2085,5942,5428,76,2949,24155,1820,24039,361,1571,1481,6422,674,31941,924,4367,2138,558,2167,335,105,24572,7255,896,18377,5064,9705,21992,320,3049,2154,909,2724,25825,172,414,76,75,28,26,1707,327,439,7327,3868,543,3197,23923,2328,355,860,831,682,2116,3151,2842,4299,58,73,55,740,23,1281,510,524,230,27,0,463,594,709,11753,5294,32023,1690,19715,23718,9856,21456,9507,19376,203,20133,23758,7793,7052,17045,13829,4027,608,354,563,37,380,687,162,47,22,35,2802,213,32000,7957,6172,165,151400,26039,2556,20043,14965,896,399,28017,12382,38556,2809,32581,129,33345,50,221,764,182,216,746,140,2674,1696,28,484,663,456,726,307,1890,1079,286,168,3356,2375,1539,2078,895,217,450,530,264,251,209,417,852,3524,897,259,1296,1692,1549,7222,14349,968,1713,2474,1027,602,453,460,681,361,195,5330,393,667,4192,252,1095,319,2835,793,777,390,701,196,356,447,1753,1775,576,688,513,2026,1048,605,568,704,2905,22,31,348,468,385,162,11163,101,7448,18,377,50,5148,579,5263,4748,5216,23,2009,100,114,989,3041,40428,507,1481,1615,831,76,1837,209,373,545,10542,4313,2340,1089,39,142,90,12,58,496,949,1893,407,2860,418,379,1248,30677,312,1521,93110,433,4626,759,4066,1778,1900,259,647,3871,626,735,816,396,322,221,8040,899,693,840,281,859,950,18957,51,7500,1669,21,20678,6887,11,213,4178,504,64,4887,625,1025,266,2244,914,11833,2065,564,629,801,296,863,637,1064,565,22,788,35,1314,71,21,161,409,228,460,506,21496,1368,6309,3691,943,328,643,169,28424,185,11716,1307,9577,1021,255,2161,22,21309,4032,7218,31092,877,10857,218,195,305,723,411,820,525,994,5362,763,16,306,784,24,33,3243,3281,5,356,168,18773,29076,22161,5439,26738,3039,416,48533,67207,9413,29675,48542,59447,174,146,563,531,204,636,995,204,401,440,4992,0.0,0.0,0.0,0.0,0.0,0.0,0.0,0.0,0.0,0.0,0.0,0.0,0.0,0.0,0.0,0.0,0.0,0.0,0.0,0.0,0.0,0.0,0.0,0.0,0.0,0.0,0.0,0.0,0.0,0.0,0.0,0.0,0.0,0.0,0.0,0.0,0.0,0.0,0.0,0.0,0.0,0.0,0.0,0.0,0.0,0.0,0.0,0.0,0.0,0.0,0.0,0.0,0.0,0.0,0.0,0.0,0.0,0.0,0.0,0.0,0.0,0.0,0.0,0.0,0.0,0.0,0.0,0.0,0.0,0.0,0.0,0.0,0.0,0.0,0.0,0.0,0.0,0.0,0.0,0.0,0.0,0.0,0.0,0.0,0.0,0.0,0.0,0.0,0.0,0.0,0.0,0.0,0.0,0.0,0.0,0.0,0.0,0.0,0.0,0.0,0.0,0.0,0.0,0.0,0.0,0.0,0.0,0.0,0.0,0.0,0.0,0.0,0.0,0.0,0.0,0.0,0.0,0.0,0.0,0.0,0.0,0.0,0.0,0.0,0.0,0.0,0.0,0.0,0.0,0.0,0.0,0.0,0.0,0.0,0.0,0.0,0.0,0.0,0.0,0.0,0.0,0.0,0.0,0.0,0.0,0.0,0.0,0.0,0.0,0.0
ENCFF000VTN,0.07255290858870059,1430,17,147,1301,43,3666,206,22,19,10,30,139,207,386,764,1279,142,16,182,191,6,23,3,5,2,31,39,142,1192,145,10,13,14,91,70,4,67,1,2,290,414,0,34,1,8,20,191,992,4,28,55,45,16,14,270,5,12,15,5,28,75,21,524,11,11,14,6,1907,1835,244,42,30,54,235,10,50,23,40,34,7,37,39,156,16,28,120,0,28,18,2,55,13,3,64,58,689,6430,407,3,1101,1489,81,1314,67,16,192,45,47,0,95,254,273,3,182,1185,173,1511,26,129,106,344,55,1939,66,200,101,32,100,17,3,1038,552,21,977,382,453,1045,20,182,103,38,128,1668,3,9,3,2,1,2,75,12,26,363,190,21,180,1389,191,9,37,49,46,111,162,142,237,3,6,3,37,0,90,25,154,357,0,0,18,36,35,562,252,1557,106,1177,1281,571,1387,503,1086,11,967,1232,364,363,926,718,267,35,13,28,4,24,34,16,5,3,0,152,12,1847,509,507,6,10118,1425,151,1038,1012,39,24,1522,647,2236,247,1528,3,1554,0,5,38,30,12,26,12,124,79,1,29,40,28,38,16,90,51,15,10,160,123,75,105,58,23,21,26,20,19,9,15,56,178,48,19,97,88,89,510,1118,31,84,145,50,32,21,22,32,27,12,307,23,38,219,16,63,17,148,56,44,30,40,5,19,27,115,104,45,38,31,96,66,28,45,44,149,3,1,20,27,25,10,515,5,343,1,27,1,241,33,265,280,257,0,99,7,3,52,182,2766,22,87,96,40,2,92,7,17,30,554,226,122,58,3,6,4,1,2,38,49,129,33,124,31,20,59,2012,22,90,4624,21,197,36,211,39,102,12,16,167,37,38,39,26,21,11,220,56,40,52,13,69,42,924,2,409,108,0,1036,361,0,7,209,31,3,238,38,55,4,106,39,671,119,19,34,40,16,44,31,40,33,1,37,1,74,3,3,4,12,15,43,23,1146,131,380,288,64,21,29,10,1404,2,564,90,474,49,13,104,3,1049,239,355,1532,79,646,10,4,19,43,20,48,30,59,303,37,3,6,51,1,0,160,165,0,7,6,902,1603,1225,292,1303,176,17,2895,3457,517,1642,2584,3107,18,14,33,35,12,41,53,15,20,24,254,0.0,0.0,0.0,0.0,0.0,0.0,0.0,0.0,0.0,0.0,0.0,0.0,0.0,0.0,0.0,0.0,0.0,0.0,0.0,0.0,0.0,0.0,0.0,0.0,0.0,0.0,0.0,0.0,0.0,0.0,0.0,0.0,0.0,0.0,0.0,0.0,0.0,0.0,0.0,0.0,0.0,0.0,0.0,0.0,0.0,0.0,0.0,0.0,0.0,0.0,0.0,0.0,0.0,0.0,0.0,0.0,0.0,0.0,0.0,0.0,0.0,0.0,0.0,0.0,0.0,0.0,0.0,0.0,0.0,0.0,0.0,0.0,0.0,0.0,0.0,0.0,0.0,0.0,0.0,0.0,0.0,0.0,0.0,0.0,0.0,0.0,0.0,0.0,0.0,0.0,0.0,0.0,0.0,0.0,0.0,0.0,0.0,0.0,0.0,0.0,0.0,0.0,0.0,0.0,0.0,0.0,0.0,0.0,0.0,0.0,0.0,0.0,0.0,0.0,0.0,0.0,0.0,0.0,0.0,0.0,0.0,0.0,0.0,0.0,0.0,0.0,0.0,0.0,0.0,0.0,0.0,0.0,0.0,0.0,0.0,0.0,0.0,0.0,0.0,0.0,0.0,0.0,0.0,0.0,0.0,0.0,0.0,0.0,0.0,0.0
ENCFF499OWE,0.13126127017118513,1480499,784,5806,35548,601,98515,7179,196,290,210,392,1900,2419,4728,19830,23137,2057,267,3671,4013,116,379,62,74,43,658,123566,1774,35749,2516,153,3702,361,1129,963,2417,1222,16,19,4940,7019,51,522,54,225,490,3709,17389,16894,348,542,783,286,256,6126,103,236,280,106,571,868,307,10317,573,368,30963,48,33081,31346,5205,653,402,28798,4687,202,778,258,412,490,113,548,720,2432,279,273,2049,13,514,251,19,737,169,14,987,758,11771,106584,6740,274,18364,26142,1477,22603,792,372,3798,1288,1383,19,2300,5284,5137,93,2707,25773,1824,21603,405,1624,1630,5953,720,39642,864,4513,2308,565,2214,210,106,23756,7020,61440,30534,4893,13929,18040,19715,2885,2063,776,13197,31295,268,14214,112,47,15,18,1387,148,675,6902,2971,445,3098,37176,2234,306,714,1378,1145,1950,6454,7391,6077,128,123,34,529,25,1107,316,1020,763,1278,22,8386,793,647,10200,4668,68815,1348,19187,23843,9822,29851,9274,16877,160,19419,22850,9715,5977,15800,12883,3984,539,21539,582,59,281,496,107,44,29,30,2778,209,32353,7635,6105,177,189504,26035,12835,19371,16740,824,368,25306,12802,38877,2897,29393,147,27165,21,437,569,124,151,570,206,2330,1965,44,372,472,360,460,226,1492,917,1063,370,2823,1909,1274,1801,628,174,334,376,181,162,154,426,569,3245,725,186,1147,1487,1382,7582,41751,74708,1495,2909,785,534,396,330,528,267,309,5118,257,460,4430,230,1057,233,2450,616,598,282,512,439,222,2647,1315,1286,422,505,385,1670,836,434,404,486,2627,16,29,232,351,586,294,9894,109,7468,18,370,686,5233,656,4983,4740,4691,6,1747,74,137,526,2780,48726,7606,8308,1377,665,5904,1796,140,139,529,9971,4266,2011,934,31,1618,88,15,19,345,1127,1597,421,2394,268,263,1215,45501,5497,1204,78495,373,3541,538,3389,115808,1609,164,58613,126370,430,614,663,237,222,1845,649756,761,512,699,351,732,798,17234,63,6365,1409,45,20344,4677,415,187,3929,561,25,4078,448,2408,189,1969,687,17112,2482,21104,416,635,231,560,480,957,368,17,725,17,1264,450,128,145,15685,872,501,654,35419,1547,6131,3981,932,432,668,141,28821,11729,9786,29014,7893,961,234,1768,25,24537,4461,7039,37232,2677,18735,1740,186,172,6903,662,655,391,1113,4532,640,38,17468,530,15,28,2607,2662,9,22417,80,16330,26049,19119,4634,22864,2853,425,45258,58659,8328,27126,44120,50774,187,120,407,368,123,513,1415,238,316,498,4334,0.0,0.0,0.0,0.0,0.0,0.0,0.0,0.0,0.0,0.0,0.0,0.0,0.0,0.0,0.0,0.0,0.0,0.0,0.0,0.0,0.0,0.0,0.0,0.0,0.0,0.0,0.0,0.0,0.0,0.0,0.0,0.0,0.0,0.0,0.0,0.0,0.0,0.0,0.0,0.0,0.0,0.0,0.0,0.0,0.0,0.0,0.0,0.0,0.0,0.0,0.0,0.0,0.0,0.0,0.0,0.0,0.0,0.0,0.0,0.0,0.0,0.0,0.0,0.0,0.0,0.0,0.0,0.0,0.0,0.0,0.0,0.0,0.0,0.0,0.0,0.0,0.0,0.0,0.0,0.0,0.0,0.0,0.0,0.0,0.0,0.0,0.0,0.0,0.0,0.0,0.0,0.0,0.0,0.0,0.0,0.0,0.0,0.0,0.0,0.0,0.0,0.0,0.0,0.0,0.0,0.0,0.0,0.0,0.0,0.0,0.0,0.0,0.0,0.0,0.0,0.0,0.0,0.0,0.0,0.0,0.0,0.0,0.0,0.0,0.0,0.0,0.0,0.0,0.0,0.0,0.0,0.0,0.0,0.0,0.0,0.0,0.0,0.0,0.0,0.0,0.0,0.0,0.0,0.0,0.0,0.0,0.0,0.0,0.0,0.0
ENCFF000XUG,0.06777380157840429,3608,22,220,1842,43,4031,396,25,31,12,68,180,270,533,813,1328,183,36,294,314,11,49,5,6,3,34,172,167,2411,219,16,13,24,80,69,8,123,2,2,611,630,5,45,2,6,37,286,1323,18,41,45,75,28,16,374,9,21,31,7,62,90,14,760,31,119,41,17,2817,2996,503,63,30,80,405,16,79,32,49,48,14,46,73,242,19,22,162,0,45,32,1,77,16,2,106,59,943,9585,654,8,1743,2380,149,2103,148,35,275,104,87,2,160,458,430,7,300,2094,205,2231,54,172,159,490,75,2807,61,404,146,46,190,18,9,1714,788,121,1234,450,924,1606,25,279,203,58,171,2806,26,37,1,5,1,0,122,15,48,570,265,26,266,1755,165,27,48,104,84,158,262,231,311,2,16,5,34,5,86,29,215,2351,3,0,48,62,46,990,387,2628,128,1774,2110,795,2279,761,1585,15,1695,2003,648,630,1456,1159,463,51,32,49,12,20,51,20,9,5,17,223,28,2870,712,692,19,13409,2217,224,1697,1396,65,49,2315,1082,3122,315,2669,7,2747,5,13,118,75,15,43,13,141,139,2,33,51,24,44,33,136,84,19,19,215,183,94,206,60,15,26,29,22,26,19,26,53,277,67,12,134,137,85,633,1250,111,103,239,70,39,43,24,36,24,11,506,24,38,313,19,93,23,198,41,53,40,40,10,18,19,119,125,37,53,34,145,78,36,36,53,187,0,0,18,28,32,14,869,11,564,1,36,7,366,46,371,401,367,0,131,6,10,104,245,3564,48,135,108,65,13,120,14,16,41,740,409,226,94,6,13,5,1,5,30,66,184,37,197,44,27,102,2634,32,95,7139,23,344,49,223,169,122,20,71,387,36,50,58,33,26,16,781,61,52,57,21,74,71,1475,8,554,158,0,1615,462,2,16,371,43,9,354,39,118,18,202,52,1044,174,48,55,56,27,48,36,82,59,4,74,2,111,13,3,15,47,21,57,47,1237,159,512,347,97,40,48,7,2242,30,781,102,778,111,9,162,8,1653,317,469,2277,118,885,14,15,12,52,32,65,34,68,423,46,2,26,77,0,2,278,224,1,30,8,1413,2189,1542,381,1991,307,17,4212,5165,726,2186,3782,4583,9,16,38,38,10,40,101,28,31,30,346,0.0,0.0,0.0,0.0,0.0,0.0,0.0,0.0,0.0,0.0,0.0,0.0,0.0,0.0,0.0,0.0,0.0,0.0,0.0,0.0,0.0,0.0,0.0,0.0,0.0,0.0,0.0,0.0,0.0,0.0,0.0,0.0,0.0,0.0,0.0,0.0,0.0,0.0,0.0,0.0,0.0,0.0,0.0,0.0,0.0,0.0,0.0,0.0,0.0,0.0,0.0,0.0,0.0,0.0,0.0,0.0,0.0,0.0,0.0,0.0,0.0,0.0,0.0,0.0,0.0,0.0,0.0,0.0,0.0,0.0,0.0,0.0,0.0,0.0,0.0,0.0,0.0,0.0,0.0,0.0,0.0,0.0,0.0,0.0,0.0,0.0,0.0,0.0,0.0,0.0,0.0,0.0,0.0,0.0,0.0,0.0,0.0,0.0,0.0,0.0,0.0,0.0,0.0,0.0,0.0,0.0,0.0,0.0,0.0,0.0,0.0,0.0,0.0,0.0,0.0,0.0,0.0,0.0,0.0,0.0,0.0,0.0,0.0,0.0,0.0,0.0,0.0,0.0,0.0,0.0,0.0,0.0,0.0,0.0,0.0,0.0,0.0,0.0,0.0,0.0,0.0,0.0,0.0,0.0,0.0,0.0,0.0,0.0,0.0,0.0
ENCFF000VCR,0.0498657261364995,912,2,77,573,2,1121,436,2,12,3,45,101,88,150,244,482,73,27,105,152,11,29,4,2,7,16,15,49,409,140,10,7,8,51,32,1,53,0,2,318,360,3,20,0,1,28,123,316,0,37,8,25,9,19,372,5,12,16,19,41,46,3,101,4,23,2,15,836,1284,319,17,14,21,296,11,28,5,11,9,0,22,35,125,6,6,44,0,9,4,0,88,21,2,40,15,179,4733,358,4,905,1257,40,1139,192,8,188,47,66,0,101,260,225,3,150,1088,53,506,6,50,29,248,14,486,25,185,95,21,103,8,1,1254,300,3,224,163,974,969,2,149,65,13,90,794,30,8,0,10,1,1,61,16,39,281,161,16,106,615,42,12,17,42,42,66,113,112,335,2,3,0,14,1,12,14,156,567,0,0,9,26,17,596,189,1486,70,682,1103,278,453,384,608,6,898,969,327,318,765,574,173,15,2,15,4,8,9,9,4,1,2,98,5,512,199,238,9,5634,1075,108,706,279,52,44,1001,381,860,79,1450,5,1608,4,11,78,64,3,18,2,65,66,1,15,14,6,13,4,63,32,20,10,84,87,40,152,18,3,5,8,6,5,6,21,17,115,17,6,53,60,37,155,200,7,55,166,27,15,19,8,10,3,9,323,4,12,190,2,32,5,88,12,20,2,15,17,5,8,34,31,13,13,11,81,25,8,8,9,52,0,0,6,7,34,4,487,5,371,0,14,3,176,47,235,196,147,0,61,6,7,39,195,1350,19,70,61,26,0,42,10,19,22,360,154,153,55,15,10,8,0,2,8,11,69,14,99,6,5,32,886,4,18,3875,12,174,13,86,11,38,4,4,102,7,16,26,6,5,4,53,27,10,30,7,19,21,762,5,246,72,6,1040,228,1,14,164,30,2,132,15,69,14,83,20,240,40,12,16,25,7,19,10,55,8,0,32,3,69,5,1,10,9,64,10,13,398,27,106,85,19,15,32,17,1395,3,501,40,413,59,7,94,3,909,175,272,1237,22,166,4,17,5,12,6,23,10,23,235,25,0,5,21,1,8,185,174,0,2,8,805,967,695,145,1166,182,14,1840,2746,288,1043,1992,2570,11,11,9,6,4,14,63,10,18,11,200,0.0,0.0,0.0,0.0,0.0,0.0,0.0,0.0,0.0,0.0,0.0,0.0,0.0,0.0,0.0,0.0,0.0,0.0,0.0,0.0,0.0,0.0,0.0,0.0,0.0,0.0,0.0,0.0,0.0,0.0,0.0,0.0,0.0,0.0,0.0,0.0,0.0,0.0,0.0,0.0,0.0,0.0,0.0,0.0,0.0,0.0,0.0,0.0,0.0,0.0,0.0,0.0,0.0,0.0,0.0,0.0,0.0,0.0,0.0,0.0,0.0,0.0,0.0,0.0,0.0,0.0,0.0,0.0,0.0,0.0,0.0,0.0,0.0,0.0,0.0,0.0,0.0,0.0,0.0,0.0,0.0,0.0,0.0,0.0,0.0,0.0,0.0,0.0,0.0,0.0,0.0,0.0,0.0,0.0,0.0,0.0,0.0,0.0,0.0,0.0,0.0,0.0,0.0,0.0,0.0,0.0,0.0,0.0,0.0,0.0,0.0,0.0,0.0,0.0,0.0,0.0,0.0,0.0,0.0,0.0,0.0,0.0,0.0,0.0,0.0,0.0,0.0,0.0,0.0,0.0,0.0,0.0,0.0,0.0,0.0,0.0,0.0,0.0,0.0,0.0,0.0,0.0,0.0,0.0,0.0,0.0,0.0,0.0,0.0,0.0
ENCFF373PSV,0.09163337726020267,24718,51,347,2122,32,3429,408,13,19,21,51,246,199,510,1107,1015,203,33,497,379,12,45,8,19,9,68,2179,212,1469,236,11,103,20,125,104,59,116,0,7,585,675,5,57,7,13,36,364,1486,359,37,71,94,34,18,387,13,27,29,7,58,118,45,714,77,61,522,18,3400,4733,423,69,31,519,358,23,72,24,49,56,18,51,68,216,22,29,250,0,61,35,1,54,13,1,106,79,1410,11108,709,10,1875,2531,165,2237,128,45,312,106,106,5,192,464,457,13,327,2105,135,1549,22,86,124,545,32,2096,91,407,187,55,158,13,7,1866,705,1285,1385,522,774,1641,399,332,295,80,422,2876,41,308,5,4,2,4,144,20,54,679,323,51,273,2162,254,19,70,145,128,201,284,293,371,12,7,3,54,4,108,44,173,115,46,2,130,45,73,961,415,3116,161,1753,2168,1070,1974,1002,1875,13,1781,2087,840,579,1674,1216,506,52,493,59,23,32,49,16,4,1,5,274,14,2492,829,492,29,19156,3057,488,1960,1433,78,64,2876,1452,4063,175,3122,15,2617,0,16,69,26,13,64,19,237,135,1,42,54,28,55,26,158,92,36,12,272,178,101,165,73,21,48,56,25,26,15,35,60,381,78,29,126,174,133,895,3720,1279,114,233,77,48,38,41,57,29,16,564,28,43,301,23,89,22,244,73,69,38,69,25,25,92,165,148,49,62,38,146,105,39,50,67,251,2,2,23,38,34,44,995,18,645,1,30,7,349,50,516,457,540,1,156,7,12,139,255,5337,127,257,134,78,125,185,14,25,35,1082,556,259,73,2,27,6,1,2,34,114,172,35,263,23,23,160,2953,114,153,8015,39,390,61,317,2253,192,24,909,2286,58,58,51,17,28,45,10753,61,56,67,42,67,78,1627,5,662,145,3,1658,435,1,24,525,80,0,412,56,86,18,194,65,1247,206,258,52,78,32,47,64,74,71,2,65,5,120,12,8,9,222,59,32,102,1758,74,675,343,58,34,61,7,2254,182,972,456,749,89,29,192,6,2069,419,609,2902,311,1192,60,18,17,172,53,63,35,100,483,56,3,175,65,0,5,235,242,0,440,14,1680,3029,2115,578,2419,295,26,4656,5979,932,2769,4846,5339,19,9,56,30,6,52,70,25,39,53,434,0.0,0.0,0.0,0.0,0.0,0.0,0.0,0.0,0.0,0.0,0.0,0.0,0.0,0.0,0.0,0.0,0.0,0.0,0.0,0.0,0.0,0.0,0.0,0.0,0.0,0.0,0.0,0.0,0.0,0.0,0.0,0.0,0.0,0.0,0.0,0.0,0.0,0.0,0.0,0.0,0.0,0.0,0.0,0.0,0.0,0.0,0.0,0.0,0.0,0.0,0.0,0.0,0.0,0.0,0.0,0.0,0.0,0.0,0.0,0.0,0.0,0.0,0.0,0.0,0.0,0.0,0.0,0.0,0.0,0.0,0.0,0.0,0.0,0.0,0.0,0.0,0.0,0.0,0.0,0.0,0.0,0.0,0.0,0.0,0.0,0.0,0.0,0.0,0.0,0.0,0.0,0.0,0.0,0.0,0.0,0.0,0.0,0.0,0.0,0.0,0.0,0.0,0.0,0.0,0.0,0.0,0.0,0.0,0.0,0.0,0.0,0.0,0.0,0.0,0.0,0.0,0.0,0.0,0.0,0.0,0.0,0.0,0.0,0.0,0.0,0.0,0.0,0.0,0.0,0.0,0.0,0.0,0.0,0.0,0.0,0.0,0.0,0.0,0.0,0.0,0.0,0.0,0.0,0.0,0.0,0.0,0.0,0.0,0.0,0.0
ENCFF070AZA,0.15302953877511105,333945,494,2572,20064,251,31007,2383,111,142,94,212,1237,1195,2829,8432,9287,1142,141,2415,2081,82,258,35,16,23,352,30692,1271,11380,1250,97,1259,212,739,711,738,806,15,12,2973,3936,32,244,14,107,248,2212,10699,4168,188,345,602,163,127,2574,42,134,139,62,240,579,194,6450,114,199,8705,45,20735,18261,2716,476,284,6873,2228,104,486,208,325,380,79,380,464,1218,177,240,1445,6,369,219,6,462,67,26,549,561,9350,64371,3726,52,9841,14491,985,12448,504,228,1829,557,600,12,1075,2592,2522,43,1794,11174,955,11656,174,813,836,3130,327,20027,593,2128,1062,285,896,168,56,10467,4056,18949,12746,2904,4723,9483,4827,1659,1468,501,4034,22499,240,4180,37,33,18,12,650,115,281,3819,1537,240,1909,20317,1552,152,438,528,462,1193,1557,1357,2229,45,53,25,459,8,696,250,465,139,527,3,1964,304,444,5348,2478,21840,833,10414,12142,5684,13459,5052,10236,78,9889,12088,4016,3195,8750,6549,2601,306,6934,367,33,213,349,61,28,6,18,1341,110,16994,5050,3226,111,109458,15176,4249,9830,10732,388,255,15653,7963,24637,1458,14515,55,14266,15,114,342,64,108,394,94,1476,916,17,266,391,240,345,163,1049,585,259,111,1655,1148,753,993,488,133,250,280,152,122,98,226,449,2325,543,128,696,891,908,6049,14581,18000,924,1285,500,335,281,277,377,215,94,2851,185,348,2123,172,689,159,1535,408,409,231,364,158,177,734,958,967,328,423,289,958,606,283,325,409,1527,8,15,185,239,140,89,5009,65,3400,11,199,47,2312,281,2592,2286,2770,11,987,26,69,303,1296,28069,2073,2318,890,387,1410,1140,84,142,245,6075,2772,1165,446,18,105,39,12,6,303,494,842,254,1352,221,174,1066,25091,1460,843,42420,268,1956,443,2200,32356,1003,95,12830,30765,313,430,448,130,174,500,151047,518,371,466,203,457,532,8856,16,3934,861,12,9490,2130,26,111,2247,319,11,2419,346,585,99,1239,472,7288,1587,4265,322,397,149,489,335,479,450,17,368,8,702,82,19,67,3498,212,238,368,14570,638,4352,2245,492,213,306,104,12030,2709,5224,5620,4211,471,103,991,17,12144,2182,3721,17254,1017,8367,712,68,136,2271,445,490,293,641,3082,434,20,2823,385,4,15,1397,1370,17,6104,50,8869,15423,11724,2912,12313,1495,146,29869,33610,5208,15442,24581,29096,102,78,309,274,81,376,508,98,151,298,2518,0.0,0.0,0.0,0.0,0.0,0.0,0.0,0.0,0.0,0.0,0.0,0.0,0.0,0.0,0.0,0.0,0.0,0.0,0.0,0.0,0.0,0.0,0.0,0.0,0.0,0.0,0.0,0.0,0.0,0.0,0.0,0.0,0.0,0.0,0.0,0.0,0.0,0.0,0.0,0.0,0.0,0.0,0.0,0.0,0.0,0.0,0.0,0.0,0.0,0.0,0.0,0.0,0.0,0.0,0.0,0.0,0.0,0.0,0.0,0.0,0.0,0.0,0.0,0.0,0.0,0.0,0.0,0.0,0.0,0.0,0.0,0.0,0.0,0.0,0.0,0.0,0.0,0.0,0.0,0.0,0.0,0.0,0.0,0.0,0.0,0.0,0.0,0.0,0.0,0.0,0.0,0.0,0.0,0.0,0.0,0.0,0.0,0.0,0.0,0.0,0.0,0.0,0.0,0.0,0.0,0.0,0.0,0.0,0.0,0.0,0.0,0.0,0.0,0.0,0.0,0.0,0.0,0.0,0.0,0.0,0.0,0.0,0.0,0.0,0.0,0.0,0.0,0.0,0.0,0.0,0.0,0.0,0.0,0.0,0.0,0.0,0.0,0.0,0.0,0.0,0.0,0.0,0.0,0.0,0.0,0.0,0.0,0.0,0.0,0.0
ENCFF000PYD,0.1310627602088733,77233,175,2071,11314,141,30415,8350,86,210,219,2241,1926,791,2095,4938,4922,1698,391,7135,19422,431,675,65,86,72,584,875,1555,7899,8822,220,143,319,822,669,22,1500,38,2901,16245,8998,42,536,11,60,452,3144,4332,75,308,302,396,462,266,8921,146,316,545,141,911,725,35,2308,237,247,248,66,24947,48496,9249,407,191,674,4852,262,528,148,241,312,50,311,572,2862,123,142,1388,23,256,127,22,1146,134,49,1943,450,3809,180008,9903,65,26069,36650,1380,30600,1586,174,5451,1642,3796,10,3991,14180,16007,125,15016,31013,799,11974,105,365,702,6847,170,8623,530,12594,15993,6283,2555,302,97,31394,4052,755,6158,2420,13627,27251,152,2572,3232,502,2570,11810,672,323,77,93,17,26,1902,279,2152,41771,4749,605,2871,10087,927,364,489,1381,939,2139,8765,9060,11267,167,76,38,319,33,639,154,1739,1299,12,11,171,675,473,13865,6147,36949,1264,18325,24818,10037,11411,9618,17965,187,23284,27423,9006,8097,35656,17402,4531,503,270,738,28,154,273,166,84,22,72,8674,117,11765,6404,1587,205,189429,37404,2632,21926,4824,1247,2761,27755,14157,27020,969,54770,156,57583,41,265,2005,109,75,407,173,2035,1824,324,149,272,162,299,114,1264,667,334,145,2796,2089,1287,3047,366,82,186,226,112,110,91,400,290,3291,523,99,1236,1248,1032,2722,12919,492,1204,3649,582,326,317,193,299,146,101,6463,169,256,4100,120,836,123,2534,259,380,138,281,316,147,224,824,783,228,264,202,1801,771,264,222,287,1481,22,42,120,164,1046,166,16779,182,11937,32,444,76,4925,868,9008,11369,9917,26,2122,151,171,1189,4051,38742,595,1655,1286,789,26,1431,201,271,693,9607,15322,1758,1364,77,141,121,9,75,198,1054,2484,414,2916,152,159,526,12664,171,843,110513,282,5281,315,2411,1074,1114,116,332,3386,221,464,502,110,148,193,4808,552,393,567,903,525,578,21147,104,6368,1685,51,33773,6232,33,277,4478,715,94,3444,226,2191,271,2275,425,4527,1012,471,239,530,147,464,257,1874,589,18,705,64,6915,152,12,220,340,870,212,478,11088,378,2513,1988,282,302,1943,431,49912,119,13078,881,11263,1510,256,2409,10,30241,7012,9057,50406,1527,4141,82,468,107,317,219,555,205,477,4356,499,36,240,288,52,38,4074,4194,8,240,204,22307,28266,19233,4540,29322,3582,284,41653,67855,8248,28316,50447,64728,161,139,225,170,75,232,1597,290,417,482,8793,0.0,0.0,0.0,0.0,0.0,0.0,0.0,0.0,0.0,0.0,0.0,0.0,0.0,0.0,0.0,0.0,0.0,0.0,0.0,0.0,0.0,0.0,0.0,0.0,0.0,0.0,0.0,0.0,0.0,0.0,0.0,0.0,0.0,0.0,0.0,0.0,0.0,0.0,0.0,0.0,0.0,0.0,0.0,0.0,0.0,0.0,0.0,0.0,0.0,0.0,0.0,0.0,0.0,0.0,0.0,0.0,0.0,0.0,0.0,0.0,0.0,0.0,0.0,0.0,0.0,0.0,0.0,0.0,0.0,0.0,0.0,0.0,0.0,0.0,0.0,0.0,0.0,0.0,0.0,0.0,0.0,0.0,0.0,0.0,0.0,0.0,0.0,0.0,0.0,0.0,0.0,0.0,0.0,0.0,0.0,0.0,0.0,0.0,0.0,0.0,0.0,0.0,0.0,0.0,0.0,0.0,0.0,0.0,0.0,0.0,0.0,0.0,0.0,0.0,0.0,0.0,0.0,0.0,0.0,0.0,0.0,0.0,0.0,0.0,0.0,0.0,0.0,0.0,0.0,0.0,0.0,0.0,0.0,0.0,0.0,0.0,0.0,0.0,0.0,0.0,0.0,0.0,0.0,0.0,0.0,0.0,0.0,0.0,0.0,0.0
ENCFF314HHA,0.18201694529903928,37779,128,3020,35179,897,87277,5801,334,496,282,794,3833,3980,9732,18390,24189,3393,425,5165,5701,143,677,79,50,95,1000,860,3490,52458,3628,284,147,477,1947,1825,59,2062,34,52,8705,10454,47,724,39,41,740,5954,23250,116,550,1231,1531,439,279,5677,150,337,405,336,723,1819,334,15269,625,453,300,191,52698,53073,7475,1197,843,1351,5075,469,1329,523,869,969,228,1103,1288,3624,455,562,3890,10,954,555,15,1143,287,56,1583,1513,21246,165582,10045,123,26655,38105,2714,32855,1220,708,4984,1535,1791,20,2887,6716,7027,339,4441,37025,2901,46805,762,2748,2491,8563,1127,68182,1569,5887,2796,699,2567,365,190,26825,13052,741,28451,9018,11362,26701,158,5117,2762,1328,3653,60825,751,283,118,106,22,49,2508,328,855,10324,4409,656,5526,37257,3652,377,1331,1078,825,3165,4728,4116,4733,94,144,41,1135,37,2030,596,1187,292,35,18,585,818,1139,15042,6967,44402,2562,31479,38695,16414,45881,14858,30373,298,28091,33696,10646,9289,24102,19653,6323,969,281,1054,88,594,1005,206,72,27,134,3950,370,66079,13891,12258,1149,182752,39410,3790,28519,27569,1092,541,42118,21368,62952,4855,43321,223,41025,31,348,960,473,325,1051,256,4003,2036,33,690,1014,658,1045,354,2669,1590,178,266,4994,3057,2005,2428,1300,381,660,812,351,373,248,417,1234,5440,1323,392,1848,2448,2411,11512,30545,643,2473,2823,1428,959,793,683,1157,615,134,7280,482,880,5003,401,1641,393,4177,1174,1127,660,992,160,456,596,2547,2574,951,1096,749,2343,1598,832,864,1100,4225,14,31,404,710,417,263,13394,161,9131,10,494,45,6337,715,6605,6631,7561,36,2971,128,172,3067,3532,75914,634,1982,2245,1017,77,3011,205,214,671,17854,6633,4301,1383,42,181,120,26,46,695,1955,2146,685,3486,529,516,1279,47803,377,2266,114620,587,5623,1199,5613,1150,2572,283,405,4077,864,1128,1220,384,457,270,4955,1345,1069,1194,554,1261,1411,24678,83,10528,2186,34,24589,7928,83,272,7602,756,58,6891,893,1308,276,3276,1273,23434,3769,612,803,1203,449,1273,932,1197,1443,44,1077,49,1812,89,36,165,402,261,752,871,24368,2277,9789,6542,1538,572,1077,358,31725,125,13737,1726,11436,1399,339,2720,78,34193,6198,10646,44390,2947,21783,273,248,345,888,449,1236,865,1473,11117,1139,40,203,1178,143,44,4023,3773,24,248,193,24332,42012,31630,8187,33832,4027,342,75718,89846,14395,42826,66249,78220,303,177,817,713,196,985,1190,279,442,853,6550,0.0,0.0,0.0,0.0,0.0,0.0,0.0,0.0,0.0,0.0,0.0,0.0,0.0,0.0,0.0,0.0,0.0,0.0,0.0,0.0,0.0,0.0,0.0,0.0,0.0,0.0,0.0,0.0,0.0,0.0,0.0,0.0,0.0,0.0,0.0,0.0,0.0,0.0,0.0,0.0,0.0,0.0,0.0,0.0,0.0,0.0,0.0,0.0,0.0,0.0,0.0,0.0,0.0,0.0,0.0,0.0,0.0,0.0,0.0,0.0,0.0,0.0,0.0,0.0,0.0,0.0,0.0,0.0,0.0,0.0,0.0,0.0,0.0,0.0,0.0,0.0,0.0,0.0,0.0,0.0,0.0,0.0,0.0,0.0,0.0,0.0,0.0,0.0,0.0,0.0,0.0,0.0,0.0,0.0,0.0,0.0,0.0,0.0,0.0,0.0,0.0,0.0,0.0,0.0,0.0,0.0,0.0,0.0,0.0,0.0,0.0,0.0,0.0,0.0,0.0,0.0,0.0,0.0,0.0,0.0,0.0,0.0,0.0,0.0,0.0,0.0,0.0,0.0,0.0,0.0,0.0,0.0,0.0,0.0,0.0,0.0,0.0,0.0,0.0,0.0,0.0,0.0,0.0,0.0,0.0,0.0,0.0,0.0,0.0,0.0
ENCFF044LTS,0.11597837893666242,137930,55,1685,15121,206,54324,4368,315,153,102,413,3960,914,2790,10797,8834,1127,441,2603,3067,60,403,27,60,48,1030,9271,2839,14647,2639,96,33,315,1756,1642,14,1746,22,4,4271,5414,61,171,160,8,436,4842,11699,819,633,1231,1245,109,179,4456,74,218,89,131,700,2680,158,6116,184,154,2651,422,20391,23013,2907,1099,707,1729,3996,43,1181,553,611,763,225,1139,1061,1608,455,769,3431,29,851,734,10,550,1149,61,873,531,7180,85006,4717,103,12708,20028,2477,17357,1062,673,2098,748,917,11,1968,4292,4541,34,2864,23662,790,19759,75,455,582,3876,254,30221,1140,3173,1228,181,1107,117,35,16711,2324,3711,10673,3435,7672,14787,1154,3353,2945,976,2293,16983,104,1513,44,69,77,13,1020,297,1070,5910,2082,168,2430,15970,1306,117,1249,405,236,1478,2151,2074,4136,39,108,40,985,47,1222,587,273,101,8,15,440,310,1122,7957,3208,23533,1832,11935,17280,7380,17860,9891,17408,96,14213,18850,5176,5501,15836,9938,2559,627,563,441,35,703,1132,119,55,13,29,2179,94,23257,4914,3148,223,97903,19485,2740,12283,9356,558,307,17397,7866,25552,852,19729,42,18869,109,149,740,50,366,829,172,3597,1364,21,740,638,596,955,588,2166,1151,423,140,3596,2713,1305,1629,1584,311,904,786,459,309,251,343,992,2642,652,357,992,2061,1604,5364,27185,8725,1926,3382,1038,793,553,608,855,507,230,4019,580,1622,3470,338,1316,555,2932,1606,1016,944,967,424,425,432,2399,1722,897,709,774,1655,1517,1123,562,1014,2738,14,16,417,780,461,314,7396,116,6074,15,122,67,3536,383,4136,3577,4651,35,1592,151,22,695,2836,37353,770,983,1895,714,88,1818,115,387,868,12184,3649,8862,758,79,92,51,9,89,550,653,1307,596,2793,651,435,845,23802,276,1577,58829,412,3385,973,5356,10080,1785,289,2477,7159,711,919,1004,343,245,73,109718,1350,936,977,347,955,1157,13939,49,9879,727,17,16853,7879,8,264,3138,454,91,5371,702,860,102,2948,1001,11017,959,1360,737,1012,586,727,861,702,473,64,763,83,1633,71,191,36,599,118,120,346,15398,538,4336,2261,307,446,494,177,15063,554,7411,1156,5684,773,24,1324,9,18919,3465,6615,24977,980,10285,87,126,405,1098,545,769,769,1154,3629,849,6,85,1005,15,26,1673,1592,2,469,109,14147,24503,19519,5009,17217,2777,389,34069,52280,7505,23543,41802,44655,78,42,659,629,305,882,518,371,632,453,3718,0.0,0.0,0.0,0.0,0.0,0.0,0.0,0.0,0.0,0.0,0.0,0.0,0.0,0.0,0.0,0.0,0.0,0.0,0.0,0.0,0.0,0.0,0.0,0.0,0.0,0.0,0.0,0.0,0.0,0.0,0.0,0.0,0.0,0.0,0.0,0.0,0.0,0.0,0.0,0.0,0.0,0.0,0.0,0.0,0.0,0.0,0.0,0.0,0.0,0.0,0.0,0.0,0.0,0.0,0.0,0.0,0.0,0.0,0.0,0.0,0.0,0.0,0.0,0.0,0.0,0.0,0.0,0.0,0.0,0.0,0.0,0.0,0.0,0.0,0.0,0.0,0.0,0.0,0.0,0.0,0.0,0.0,0.0,0.0,0.0,0.0,0.0,0.0,0.0,0.0,0.0,0.0,0.0,0.0,0.0,0.0,0.0,0.0,0.0,0.0,0.0,0.0,0.0,0.0,0.0,0.0,0.0,0.0,0.0,0.0,0.0,0.0,0.0,0.0,0.0,0.0,0.0,0.0,0.0,0.0,0.0,0.0,0.0,0.0,0.0,0.0,0.0,0.0,0.0,0.0,0.0,0.0,0.0,0.0,0.0,0.0,0.0,0.0,0.0,0.0,0.0,0.0,0.0,0.0,0.0,0.0,0.0,0.0,0.0,0.0
ENCFF000VFF,0.14730958015009127,2542,63,350,17846,387,32604,506,55,171,21,36,500,2074,3964,8434,13446,1069,97,1254,500,13,51,3,2,4,72,10,663,11182,320,24,16,76,463,346,2,324,1,3,752,1009,13,52,3,26,77,932,11135,3,157,186,308,36,23,431,19,14,44,13,78,225,219,9236,77,73,4,9,15839,5294,537,284,175,139,363,17,296,146,206,217,78,274,286,369,142,123,666,2,230,108,1,157,19,3,152,357,5970,18153,717,15,2192,3587,432,3204,276,142,351,127,124,5,204,595,548,36,558,2261,1350,11450,340,1511,912,1049,578,22399,375,445,214,47,204,43,14,2012,5303,7,12556,3424,973,1915,5,615,1075,284,385,13435,18,11,33,10,2,3,170,26,29,996,310,88,483,17895,1355,19,253,529,454,383,340,264,352,6,8,17,253,7,367,186,279,220,2,2,108,62,244,1127,576,4439,381,5536,5774,1898,11725,1782,4115,43,2535,3402,817,765,2519,1508,1262,115,3,79,10,98,189,18,2,2,3,274,208,13726,2587,5905,81,41095,5159,431,3629,14210,82,43,5879,2627,17953,2413,3138,17,3084,2,32,66,19,64,215,22,618,178,2,164,243,141,233,91,489,306,12,15,695,443,182,169,296,77,168,175,117,104,69,41,294,635,336,106,261,503,424,4723,11569,10,432,204,261,167,143,163,218,150,10,744,135,179,554,92,259,142,451,265,254,149,211,9,111,64,473,522,219,254,185,248,283,154,214,223,608,1,2,114,153,32,32,1112,26,778,3,73,3,709,65,626,579,1067,0,292,18,12,140,297,21663,38,170,305,99,5,480,7,150,47,1709,1440,427,96,17,11,19,1,11,189,142,210,122,381,137,86,783,23315,63,387,10538,119,691,226,1023,32,527,81,6,363,217,218,209,105,92,22,68,259,224,214,38,301,259,2562,15,1255,232,6,2271,560,1,28,547,100,5,880,200,73,19,518,248,11199,1492,70,197,213,104,216,201,94,28,3,77,14,242,8,4,21,21,170,376,125,13081,1235,2932,2019,714,140,90,60,2506,4,1257,322,1028,184,91,270,1,2181,450,943,3690,297,9439,69,66,94,159,116,242,150,282,1832,218,10,18,299,3,5,418,324,0,2,16,1957,4772,4337,981,3125,416,109,17243,9246,1870,5386,6460,7444,83,31,183,188,66,220,102,38,28,59,735,0.0,0.0,0.0,0.0,0.0,0.0,0.0,0.0,0.0,0.0,0.0,0.0,0.0,0.0,0.0,0.0,0.0,0.0,0.0,0.0,0.0,0.0,0.0,0.0,0.0,0.0,0.0,0.0,0.0,0.0,0.0,0.0,0.0,0.0,0.0,0.0,0.0,0.0,0.0,0.0,0.0,0.0,0.0,0.0,0.0,0.0,0.0,0.0,0.0,0.0,0.0,0.0,0.0,0.0,0.0,0.0,0.0,0.0,0.0,0.0,0.0,0.0,0.0,0.0,0.0,0.0,0.0,0.0,0.0,0.0,0.0,0.0,0.0,0.0,0.0,0.0,0.0,0.0,0.0,0.0,0.0,0.0,0.0,0.0,0.0,0.0,0.0,0.0,0.0,0.0,0.0,0.0,0.0,0.0,0.0,0.0,0.0,0.0,0.0,0.0,0.0,0.0,0.0,0.0,0.0,0.0,0.0,0.0,0.0,0.0,0.0,0.0,0.0,0.0,0.0,0.0,0.0,0.0,0.0,0.0,0.0,0.0,0.0,0.0,0.0,0.0,0.0,0.0,0.0,0.0,0.0,0.0,0.0,0.0,0.0,0.0,0.0,0.0,0.0,0.0,0.0,0.0,0.0,0.0,0.0,0.0,0.0,0.0,0.0,0.0
ENCFF000PWI,0.1523222088343458,34047,102,2421,22463,433,64039,4421,194,329,257,492,2220,1708,3648,12211,15264,2068,316,3077,4737,112,565,75,53,65,814,893,2411,15226,2844,215,153,386,1371,1260,36,1435,15,11,5617,8142,22,439,10,28,445,4125,11371,109,392,690,1077,298,247,4922,117,253,448,142,587,1081,150,4051,176,170,285,29,26543,36077,5513,756,552,951,6689,193,911,379,605,646,167,778,842,2749,308,387,2529,19,675,367,20,888,141,17,846,817,7978,127627,7738,64,21323,29331,1896,25525,808,482,3796,1141,1204,16,2019,6396,6814,93,3581,25380,1442,19140,331,1204,1388,6484,530,23236,939,5075,2357,499,1949,298,113,24322,5200,839,8948,3674,14214,21397,168,3286,1687,899,2710,21203,255,280,61,69,20,27,1746,184,339,8282,3719,497,3049,23011,2218,522,882,788,606,2212,3329,2821,4410,53,71,51,714,13,1266,432,853,726,25,0,439,620,778,11184,5355,32567,1536,19296,23515,10591,18740,9779,20528,185,20469,23836,8368,6794,17260,14489,3953,614,210,541,42,395,650,125,51,14,41,3302,172,21816,7854,4686,165,118676,26817,2552,19648,9470,848,463,27208,13422,34065,2966,36615,158,38508,42,278,582,52,213,678,207,2769,1613,18,543,683,434,713,334,1872,1033,201,168,3757,2229,1570,2122,865,236,496,536,278,273,190,379,859,3316,965,289,1345,1650,1546,5709,8996,695,1718,2246,1023,637,496,478,723,377,105,5761,380,635,3802,237,1204,281,2923,758,715,409,681,120,366,381,1772,1737,622,638,490,1934,1053,589,561,669,2790,27,44,277,450,348,324,12192,145,7903,15,377,99,4946,586,5709,5237,6288,13,2053,88,125,1105,2925,39176,553,1541,1532,796,31,1901,138,147,500,10537,4097,2032,1095,44,198,78,5,46,500,1108,2154,382,3008,401,364,895,27704,288,1535,94423,370,4454,750,3855,1119,1768,225,351,3313,634,743,788,267,293,209,5039,880,659,812,365,826,933,18679,75,7510,1713,17,21479,5336,36,232,4771,590,76,4780,614,1143,231,2254,862,10665,2078,516,561,805,309,757,647,1135,545,18,767,33,1389,99,62,155,329,214,378,482,25685,1240,6538,3599,871,354,726,271,28545,157,12198,1484,9520,1156,283,2221,15,22508,4136,7387,32153,1082,9082,180,192,276,670,321,795,551,1050,5765,741,17,196,766,30,22,3120,3150,14,211,141,18205,27736,20118,5041,25894,2929,258,45022,61819,8842,28610,45744,57598,168,139,585,524,156,588,952,212,351,517,5387,0.0,0.0,0.0,0.0,0.0,0.0,0.0,0.0,0.0,0.0,0.0,0.0,0.0,0.0,0.0,0.0,0.0,0.0,0.0,0.0,0.0,0.0,0.0,0.0,0.0,0.0,0.0,0.0,0.0,0.0,0.0,0.0,0.0,0.0,0.0,0.0,0.0,0.0,0.0,0.0,0.0,0.0,0.0,0.0,0.0,0.0,0.0,0.0,0.0,0.0,0.0,0.0,0.0,0.0,0.0,0.0,0.0,0.0,0.0,0.0,0.0,0.0,0.0,0.0,0.0,0.0,0.0,0.0,0.0,0.0,0.0,0.0,0.0,0.0,0.0,0.0,0.0,0.0,0.0,0.0,0.0,0.0,0.0,0.0,0.0,0.0,0.0,0.0,0.0,0.0,0.0,0.0,0.0,0.0,0.0,0.0,0.0,0.0,0.0,0.0,0.0,0.0,0.0,0.0,0.0,0.0,0.0,0.0,0.0,0.0,0.0,0.0,0.0,0.0,0.0,0.0,0.0,0.0,0.0,0.0,0.0,0.0,0.0,0.0,0.0,0.0,0.0,0.0,0.0,0.0,0.0,0.0,0.0,0.0,0.0,0.0,0.0,0.0,0.0,0.0,0.0,0.0,0.0,0.0,0.0,0.0,0.0,0.0,0.0,0.0
ENCFF889CFT,0.1613138389334435,125033,316,5732,120158,1257,345642,19485,1119,514,420,907,8582,4433,12686,65865,71902,3549,1531,17218,8674,190,1047,177,270,183,4328,7966,9190,92481,7239,247,107,1112,6992,6541,93,7393,74,8,14428,16184,220,706,168,92,1730,15928,72967,430,1870,4849,5229,337,412,6886,241,573,442,373,1571,4439,1764,38559,1025,756,2087,48,102308,91611,7472,4196,2551,5327,7335,195,4905,2207,2650,3094,907,4163,4371,4986,1324,2673,11704,64,2965,2533,56,2042,629,134,2443,3004,52734,293319,14875,243,38900,60077,9269,51869,4834,2468,5791,2466,3150,70,5269,10271,11267,528,9599,53776,4419,103919,603,2875,2816,12750,1368,171879,4094,9774,3894,822,3316,303,183,39056,13607,2841,68490,18511,16618,43011,392,10469,22740,4083,5941,159133,1377,669,200,166,97,33,3370,716,424,18144,5592,439,8389,118755,7480,382,4847,2831,2029,4681,6256,6519,8269,70,289,151,3867,109,4329,2000,2244,422,33,0,1521,821,4428,18384,9363,66331,6126,44855,52578,26860,76991,31405,57842,471,45687,59403,14861,15001,47858,30417,10780,1939,502,957,25,2742,4438,252,92,74,83,5844,273,122198,22464,21694,816,387435,78923,7178,43549,65093,1439,914,69201,40292,130802,6658,59210,157,53980,38,505,1200,31,1029,3229,685,12955,3848,59,2514,2342,2123,3857,1701,8497,4170,152,311,13025,8971,4451,4688,5763,1205,3173,2979,1738,1054,768,399,3749,11018,2971,1255,3342,7684,5749,27617,71842,6933,7535,5270,3472,3011,2486,2356,3145,1798,69,16489,1844,5758,10239,1155,4753,1807,9157,5604,3935,3174,3417,264,1490,1325,8522,6395,3230,2791,2699,4942,5376,3972,2285,4033,9264,69,83,1459,3022,912,825,22033,428,15234,77,347,126,11037,832,12220,12152,15640,106,5419,265,58,5576,4658,195135,991,3539,6466,1924,66,6461,204,405,2642,45047,20290,6872,2286,137,281,187,67,103,2095,2228,3028,2741,6616,2372,1394,7311,192849,572,5346,168893,1416,11449,3413,21425,9166,6465,902,1129,8143,2810,3830,3918,1043,934,204,53856,5542,3748,3846,1338,3790,4187,47570,68,33913,2396,142,42802,12873,70,714,9845,2120,109,18208,2597,1398,246,10478,3462,76363,5501,1605,2397,3882,2014,2604,3173,2001,2060,91,1610,84,5009,321,206,132,656,1463,625,2129,104573,3346,20597,9299,1712,1242,1352,670,37807,598,25490,3908,14351,2959,141,4302,11,72620,13163,22934,82562,2398,59056,387,966,1273,3566,1908,3296,2904,3291,31490,3349,63,225,3797,81,194,5180,4557,39,617,112,43929,65562,58268,14502,55290,7758,4202,178781,151131,24363,66262,114979,132897,607,145,2399,2139,975,3290,990,313,333,1590,12344,0.0,0.0,0.0,0.0,0.0,0.0,0.0,0.0,0.0,0.0,0.0,0.0,0.0,0.0,0.0,0.0,0.0,0.0,0.0,0.0,0.0,0.0,0.0,0.0,0.0,0.0,0.0,0.0,0.0,0.0,0.0,0.0,0.0,0.0,0.0,0.0,0.0,0.0,0.0,0.0,0.0,0.0,0.0,0.0,0.0,0.0,0.0,0.0,0.0,0.0,0.0,0.0,0.0,0.0,0.0,0.0,0.0,0.0,0.0,0.0,0.0,0.0,0.0,0.0,0.0,0.0,0.0,0.0,0.0,0.0,0.0,0.0,0.0,0.0,0.0,0.0,0.0,0.0,0.0,0.0,0.0,0.0,0.0,0.0,0.0,0.0,0.0,0.0,0.0,0.0,0.0,0.0,0.0,0.0,0.0,0.0,0.0,0.0,0.0,0.0,0.0,0.0,0.0,0.0,0.0,0.0,0.0,0.0,0.0,0.0,0.0,0.0,0.0,0.0,0.0,0.0,0.0,0.0,0.0,0.0,0.0,0.0,0.0,0.0,0.0,0.0,0.0,0.0,0.0,0.0,0.0,0.0,0.0,0.0,0.0,0.0,0.0,0.0,0.0,0.0,0.0,0.0,0.0,0.0,0.0,0.0,0.0,0.0,0.0,0.0
ENCFF935OLR,0.17444658878932337,1310469,8448,21803,138355,2520,313041,41510,1504,1968,1811,7853,20961,11541,27562,88025,71962,14735,2952,40213,33585,1857,5248,517,596,1430,4817,103037,14387,98437,27686,1872,2503,3494,9169,8283,2774,11658,211,638,49375,75916,977,4500,134,3333,4900,30640,98119,12006,2578,3320,5351,3673,3977,57299,1148,2733,2564,2177,5094,11751,2661,64828,3099,4231,26118,2498,253431,263527,59204,5156,2776,25309,51606,2340,6103,2003,3164,3665,802,3787,6218,24559,1616,1955,14669,123,3330,1929,160,9789,1825,332,10702,4992,102559,1038356,71833,1600,187015,261919,12943,225438,7050,2366,39315,12383,13880,137,22774,56580,58199,1587,25161,250850,11362,167487,1859,7689,8310,52283,3598,223969,6082,38301,19420,7187,20160,2347,860,232047,40363,55227,125694,29726,110356,193673,14767,24001,22128,6284,32921,177597,3822,16312,352,794,302,266,15845,2416,9660,60303,33381,4242,30199,141043,11883,3019,5654,11392,12223,18443,30864,25487,53273,418,1240,430,3767,154,6889,2258,10353,36104,931,1,9931,5821,5374,105859,46567,296857,11242,145133,183906,76768,135294,76325,135129,1587,175200,200393,77909,60703,159230,121844,41382,4499,19074,5163,321,1923,3457,1345,447,204,254,24371,1375,168367,51705,28093,1711,2239162,213772,31115,171827,106538,8998,4763,223436,112054,286767,14789,314308,1293,314671,576,2449,9482,4392,1072,4829,1906,19415,16204,411,2292,3673,2108,3487,1553,14462,7500,4669,1698,24733,19125,11992,25406,4802,1118,2407,2872,1309,1263,1037,5650,4022,30247,4895,1406,9354,12619,10905,46312,110052,50253,12261,26589,6226,3873,3416,2423,3611,1824,2999,55523,1949,3466,37089,1369,9037,1559,23013,3862,4313,2033,3481,4789,1693,4374,10030,9731,3165,3432,2934,16158,7281,3399,2802,3369,16605,202,436,1596,2367,4162,1178,109941,1549,73536,126,3387,861,41744,6659,53897,41149,42157,198,17108,470,1560,12599,27266,273399,8478,16590,14540,6783,3663,13746,1855,4390,6241,83399,47209,30682,11461,289,1720,681,115,217,2590,8310,15166,3419,19443,1864,1819,6911,171695,5165,8945,796047,4287,37279,3962,27799,111087,12586,1205,42232,113413,2985,5939,6222,1416,1605,2510,514519,6916,4167,6110,3653,5783,6745,161173,490,59598,15439,200,192002,48589,192,2269,36022,6310,267,33462,3162,11016,2153,17604,5141,83851,11046,26613,3005,5724,1730,5133,3653,10279,4898,294,6349,139,11789,1436,331,1530,16006,7717,3217,4549,171716,6729,32540,21513,4686,2787,10637,2949,270898,7271,103746,24217,86110,10338,1799,18682,686,207259,40041,68468,335831,8894,79136,2013,2489,1467,8279,6967,6097,2704,7973,40783,5396,229,15623,3828,234,305,29299,29130,223,19373,2280,170887,230073,161427,40815,227271,25650,4367,396307,550439,67409,237428,399932,509435,1315,1074,2857,2597,922,3153,11365,1821,3055,4360,37753,0.0,0.0,0.0,0.0,0.0,0.0,0.0,0.0,0.0,0.0,0.0,0.0,0.0,0.0,0.0,0.0,0.0,0.0,0.0,0.0,0.0,0.0,0.0,0.0,0.0,0.0,0.0,0.0,0.0,0.0,0.0,0.0,0.0,0.0,0.0,0.0,0.0,0.0,0.0,0.0,0.0,0.0,0.0,0.0,0.0,0.0,0.0,0.0,0.0,0.0,0.0,0.0,0.0,0.0,0.0,0.0,0.0,0.0,0.0,0.0,0.0,0.0,0.0,0.0,0.0,0.0,0.0,0.0,0.0,0.0,0.0,0.0,0.0,0.0,0.0,0.0,0.0,0.0,0.0,0.0,0.0,0.0,0.0,0.0,0.0,0.0,0.0,0.0,0.0,0.0,0.0,0.0,0.0,0.0,0.0,0.0,0.0,0.0,0.0,0.0,0.0,0.0,0.0,0.0,0.0,0.0,0.0,0.0,0.0,0.0,0.0,0.0,0.0,0.0,0.0,0.0,0.0,0.0,0.0,0.0,0.0,0.0,0.0,0.0,0.0,0.0,0.0,0.0,0.0,0.0,0.0,0.0,0.0,0.0,0.0,0.0,0.0,0.0,0.0,0.0,0.0,0.0,0.0,0.0,0.0,0.0,0.0,0.0,0.0,0.0
ENCFF693GDA,0.13874039338871336,142455,133,1551,26132,292,133330,10743,421,353,217,1041,5140,1416,4152,14843,15810,2195,722,4404,6125,234,718,69,225,122,2312,9854,3617,15812,4567,164,45,526,2594,2352,19,2563,33,10,9388,8855,60,230,52,17,749,6522,12384,541,1083,1673,1737,198,348,6080,85,429,431,272,1706,3399,126,5464,214,196,2685,468,25604,42171,5582,1502,950,2417,8657,49,1781,847,940,1095,289,1485,1972,2477,558,980,4432,28,1037,971,26,970,277,42,1043,682,9503,145152,9050,238,25513,33546,3453,29232,1841,897,3512,1236,1647,37,3355,7640,9450,164,6441,33946,1286,26757,160,628,753,6094,323,38041,1512,7595,2498,289,2167,135,111,27819,3490,4310,8879,5099,21785,25608,283,4952,4778,1645,3755,25828,296,585,46,106,57,16,1699,413,1268,12861,3787,309,3627,25349,1685,280,1861,1297,606,2585,4907,6009,7444,100,162,54,1330,70,1591,745,809,493,7,9,574,463,1698,11075,5694,41048,2855,19109,29285,12056,23390,14194,24827,129,23047,28821,10924,9242,25403,17396,3948,1048,948,725,49,919,1490,155,71,15,148,5185,288,26219,8456,5646,339,176191,37509,3916,22272,11314,1035,751,28788,17250,39099,3578,46168,159,50123,159,314,1275,138,409,1273,453,4779,2212,47,910,910,831,1261,681,3253,1625,336,239,5525,3864,1955,3590,2079,433,1184,1104,662,377,314,289,1329,3787,1111,458,1389,3258,2173,5671,11159,9088,2987,3866,1431,1152,844,855,1168,621,60,8175,720,2089,5236,459,2068,747,4208,2181,1476,1307,1263,447,592,514,3155,2336,1252,977,995,2671,2055,1320,776,1461,3359,24,44,508,1056,1167,377,15636,539,9962,30,183,159,5132,813,8132,7847,9311,46,2510,447,61,1595,3163,61850,998,2258,2981,1157,88,2620,50,172,1569,21136,6466,10117,1466,160,306,125,15,153,819,1275,2248,1055,3967,806,595,1110,38316,310,2163,100738,515,5723,1293,7377,10852,2474,392,771,6227,965,1546,1534,420,338,117,87291,2040,1436,1354,621,1395,1608,21921,67,13906,1195,37,31592,7456,36,468,7229,1402,225,7305,980,2564,329,4640,1306,11739,1217,1403,954,1465,845,929,1246,1532,776,75,958,70,2721,316,2505,133,641,347,223,521,27081,1038,6171,3417,548,873,1202,369,30202,484,11697,1682,10169,1587,63,2514,31,35154,5884,11671,41496,920,10445,128,300,517,1328,774,1404,1022,1371,6806,1199,22,145,1261,44,79,3076,2903,17,432,374,24310,29584,24133,6174,28356,4161,570,51099,69360,11127,29760,56227,68417,162,86,886,799,372,1160,677,389,313,818,7669,0.0,0.0,0.0,0.0,0.0,0.0,0.0,0.0,0.0,0.0,0.0,0.0,0.0,0.0,0.0,0.0,0.0,0.0,0.0,0.0,0.0,0.0,0.0,0.0,0.0,0.0,0.0,0.0,0.0,0.0,0.0,0.0,0.0,0.0,0.0,0.0,0.0,0.0,0.0,0.0,0.0,0.0,0.0,0.0,0.0,0.0,0.0,0.0,0.0,0.0,0.0,0.0,0.0,0.0,0.0,0.0,0.0,0.0,0.0,0.0,0.0,0.0,0.0,0.0,0.0,0.0,0.0,0.0,0.0,0.0,0.0,0.0,0.0,0.0,0.0,0.0,0.0,0.0,0.0,0.0,0.0,0.0,0.0,0.0,0.0,0.0,0.0,0.0,0.0,0.0,0.0,0.0,0.0,0.0,0.0,0.0,0.0,0.0,0.0,0.0,0.0,0.0,0.0,0.0,0.0,0.0,0.0,0.0,0.0,0.0,0.0,0.0,0.0,0.0,0.0,0.0,0.0,0.0,0.0,0.0,0.0,0.0,0.0,0.0,0.0,0.0,0.0,0.0,0.0,0.0,0.0,0.0,0.0,0.0,0.0,0.0,0.0,0.0,0.0,0.0,0.0,0.0,0.0,0.0,0.0,0.0,0.0,0.0,0.0,0.0
ENCFF452LQU,0.7096536860479352,92642920,840693,3933,2427,14,13138,1999,33,33,84,4929,637,772,521,909,1423,1461,327,1346,2098,89,1120,38,21,889,324,2367108,773,1741,2204,221,5398,834,294,197,87,400,0,0,3870,8300,96,95,14,172405,84,1778,1040,633094,964,136,161,86,124,55625,0,137,24,0,566,456,45,856,161,48,340603,62,17547,59500,8819,166,104,27616,8306,28,127,61,113,110,16,205,159,2021,64,90,636,0,112,107,0,881,22,0,923,70,699,132058,7891,117,80848,24511,304,22179,245,77,3739,538,681,0,121867,38162,5454,18,2237,36738,106,4625,1,28,170,3312,56,2405,125,4059,1358,319,1694,92,0,27122,1007,913176,1346,644,9173,42070,272907,1525,775,152,219535,3049,21,686122,17,69,1,1,1916,281,216,4103,2839,188,1214,1859,255,147,251,218,158,1334,1706,2502,15158,56,11,19,54,0,178,56,3602,4876,0,0,875,152,175,10538,3948,546930,1680,9641,16975,4819,4551,6163,6765,59,18420,21519,9840,6907,22686,71490,3113,467,10992,75,2,109,220,36,3,0,0,3769,1,6355,2832,498,2,78796271,12263,172375,16683,1600,742,1087,14574,7744,11737,140,30928,26,31725,1,64,1145,14,52,110,97,948,1540,0,49,45,87,134,66,413,179,553,48,1721,1465,589,2676,208,13,173,82,58,21,10,640,153,1217,139,31,354,539,243,1046,2737,4218283,467,17573,334,100,74,73,107,47,165,5989,86,180,2766,37,667,44,1369,171,142,56,104,50,111,123,318,212,89,124,82,1892,752,122,103,103,455,6,0,72,75,299,16,12298,183,8588,0,137,22,2649,344,6441,5390,2172,0,1942,5,7,100,1992,14451,79429,5528,18046,805,1093,282,36,79,1446,4588,1640,1144,980,19,283,0,0,0,66,115,1295,159,1991,77,87,643,3484,113007,651,75089,97603,3718,140,1004,2400042,374,71,705242,1450201,77,197,136,52,22,91,46934997,228,147,109,66,101,155,12021,232,4904,1448,0,46508,5455,0,244,2920,877,7,2180,70,361,143,1974,126,1445,203,567221,89,184,181,377,109,805,35,23,599,4,948,94,1558,22,286165,168,46,65,2290,93,746,377,33,608,2746,665,32825,201918,11164,6480,8208,919,15,2119,0,15351,2011,6738,103543,147,1587,120,12,55,178,327066,130,122,220,392,102,0,7876,145,0,0,3448,2819,0,232582,20,15738,14702,9968,1852,17320,3337,195,27271,45469,4659,11273,37727,43869,58,88,54,53,54,73,628,144,162,262,2991,0.0,0.0,0.0,0.0,0.0,0.0,0.0,0.0,0.0,0.0,0.0,0.0,0.0,0.0,0.0,0.0,0.0,0.0,0.0,0.0,0.0,0.0,0.0,0.0,0.0,0.0,0.0,0.0,0.0,0.0,0.0,0.0,0.0,0.0,0.0,0.0,0.0,0.0,0.0,0.0,0.0,0.0,0.0,0.0,0.0,0.0,0.0,0.0,0.0,0.0,0.0,0.0,0.0,0.0,0.0,0.0,0.0,0.0,0.0,0.0,0.0,0.0,0.0,0.0,0.0,0.0,0.0,0.0,0.0,0.0,0.0,0.0,0.0,0.0,0.0,0.0,0.0,0.0,0.0,0.0,0.0,0.0,0.0,0.0,0.0,0.0,0.0,0.0,0.0,0.0,0.0,0.0,0.0,0.0,0.0,0.0,0.0,0.0,0.0,0.0,0.0,0.0,0.0,0.0,0.0,0.0,0.0,0.0,0.0,0.0,0.0,0.0,0.0,0.0,0.0,0.0,0.0,0.0,0.0,0.0,0.0,0.0,0.0,0.0,0.0,0.0,0.0,0.0,0.0,0.0,0.0,0.0,0.0,0.0,0.0,0.0,0.0,0.0,0.0,0.0,0.0,0.0,0.0,0.0,0.0,0.0,0.0,0.0,0.0,0.0
ENCFF797TCA,0.19044446384150943,64176,306,5223,85057,3300,817361,11200,360,835,474,987,5414,8363,18300,38137,148286,6499,660,9374,9723,380,1297,152,170,130,1700,1088,4826,71559,7108,521,284,806,2622,2464,79,3226,25,15,13083,18913,67,1250,24,118,1169,8580,31376,196,915,1511,1981,884,487,11319,297,628,1234,374,1315,2322,363,17323,392,501,299,89,71743,90081,12777,1459,1035,1870,8931,610,1716,696,1011,1240,317,1329,1706,6546,592,736,5284,11,1291,695,23,2012,242,87,1741,1799,37868,296098,19357,212,49878,76709,3744,66043,1738,819,11487,3744,5108,60,6559,14048,14593,899,7252,67326,6355,63868,1841,6765,7078,16063,3192,88542,2218,10959,5138,1567,5373,678,22750,51463,26684,612,60008,17227,20622,59331,237,8809,5861,1808,9064,98506,1449,467,211,195,25,64,4010,447,968,18124,9535,1182,7919,74748,4564,663,1750,2439,1703,5150,7926,6862,9223,145,231,64,1424,26,2422,823,1934,255,32,17,758,1488,1403,26024,12288,73292,3755,52875,68197,24896,67023,21470,46031,556,47769,55670,17405,16715,42407,33443,10088,1454,307,2741,84,749,1197,334,132,24,158,7528,752,72218,17092,19443,717,392710,63165,5354,47298,33953,2205,1004,65739,35523,89839,17302,98681,430,99690,97,737,1378,195,388,1411,525,6020,3635,69,945,1185,740,1264,513,3627,2213,522,388,7573,4910,3438,4912,1606,469,818,1059,462,448,349,803,1641,8288,2210,465,2766,3267,3092,13668,22292,949,3504,5583,1943,1271,980,843,1276,696,226,12706,645,1205,8950,476,2340,539,6823,1353,1368,802,1256,348,667,740,3383,3547,1132,1245,967,4144,2330,1023,1081,1441,5590,23,35,551,777,1121,672,30844,345,19556,42,1603,94,11515,1468,13376,14130,13375,47,4703,337,325,3922,6702,151787,1160,3679,3356,1719,72,4084,311,374,1617,25972,10583,4897,2925,150,398,212,24,83,905,7293,4219,855,5693,645,671,2053,93043,524,3068,219289,880,10020,1444,7649,1544,3518,383,488,6536,1116,1484,1595,522,592,446,7307,1856,1388,1625,1080,1572,1691,46399,177,18042,4167,153,46761,15746,299,547,17540,1502,145,11233,1109,2776,593,4742,1622,24037,4355,984,1033,1696,643,1907,1285,2428,1966,103,1821,53,3409,748,224,381,715,499,1655,1029,60630,7570,12660,13889,3998,1118,1819,429,62866,191,27432,2665,21955,2828,648,4798,29,61137,11818,18340,80282,2672,44193,333,799,474,1264,548,1662,1001,2233,14844,1526,109,301,1407,36,75,7316,7670,24,456,332,40999,64024,48193,11342,59373,6386,595,133288,142707,20738,67760,105797,131752,560,283,997,908,275,1184,2379,2053,834,1532,11338,0.0,0.0,0.0,0.0,0.0,0.0,0.0,0.0,0.0,0.0,0.0,0.0,0.0,0.0,0.0,0.0,0.0,0.0,0.0,0.0,0.0,0.0,0.0,0.0,0.0,0.0,0.0,0.0,0.0,0.0,0.0,0.0,0.0,0.0,0.0,0.0,0.0,0.0,0.0,0.0,0.0,0.0,0.0,0.0,0.0,0.0,0.0,0.0,0.0,0.0,0.0,0.0,0.0,0.0,0.0,0.0,0.0,0.0,0.0,0.0,0.0,0.0,0.0,0.0,0.0,0.0,0.0,0.0,0.0,0.0,0.0,0.0,0.0,0.0,0.0,0.0,0.0,0.0,0.0,0.0,0.0,0.0,0.0,0.0,0.0,0.0,0.0,0.0,0.0,0.0,0.0,0.0,0.0,0.0,0.0,0.0,0.0,0.0,0.0,0.0,0.0,0.0,0.0,0.0,0.0,0.0,0.0,0.0,0.0,0.0,0.0,0.0,0.0,0.0,0.0,0.0,0.0,0.0,0.0,0.0,0.0,0.0,0.0,0.0,0.0,0.0,0.0,0.0,0.0,0.0,0.0,0.0,0.0,0.0,0.0,0.0,0.0,0.0,0.0,0.0,0.0,0.0,0.0,0.0,0.0,0.0,0.0,0.0,0.0,0.0
ENCFF503KIS,0.08256430580691143,121495,903,5487,35227,558,68077,6969,312,459,292,620,3443,3468,7804,20142,24904,3352,475,6071,5657,187,777,85,93,88,1101,8603,3495,32784,3742,274,595,587,1955,1677,296,1938,31,80,8828,11349,84,879,107,293,600,6166,24815,1319,512,1136,1517,452,411,6832,151,349,505,215,674,1702,562,14711,402,800,2236,120,55454,70873,7065,1121,715,2876,5148,358,1347,504,817,896,267,1068,1158,3783,419,585,3877,13,931,513,20,1255,271,52,1917,1495,16339,185606,10901,147,29241,41562,2816,36191,1956,644,5192,1602,1750,24,2982,7713,7568,257,5068,31971,2528,24483,390,1630,2020,9171,692,31688,1584,6321,2860,871,2691,339,133,29667,10990,5625,25031,7814,13726,26987,1518,4954,3582,1281,4766,45072,475,1370,100,107,42,41,2079,244,775,10336,4735,635,4542,36711,3994,442,1149,1548,1923,3143,4035,3756,5793,86,154,54,1033,23,1970,645,2468,1277,199,37,979,767,1072,16190,7138,47631,2382,30046,34198,16150,32092,14721,29412,241,30000,35437,15000,9386,25816,19723,7686,1067,1773,871,263,558,988,130,67,36,77,4414,348,43599,13373,9697,423,278131,42751,4993,29970,26825,1219,987,45237,21902,65317,3318,43991,177,41724,29,377,935,218,269,1067,246,3947,2314,35,647,959,637,948,447,2598,1571,367,258,4652,3034,2155,2868,1253,366,615,812,326,353,301,616,1208,5888,1308,438,2142,2777,2404,15875,57337,5209,2437,3480,1353,917,728,643,955,505,191,8565,474,825,5087,345,1667,377,4377,1058,1056,584,972,388,443,896,2561,2781,795,993,745,2498,1598,799,813,1027,4553,37,25,366,605,466,359,15057,257,10001,18,605,84,6466,758,7634,7014,7814,33,2982,96,185,2167,4107,73711,1020,2571,2421,1115,444,3105,179,268,713,17719,7187,3543,1292,36,199,144,21,43,683,1208,2814,631,3967,509,489,3334,51674,693,2206,127946,689,6156,1058,5891,9192,2898,321,3487,12391,784,1021,1100,342,411,326,41841,1290,957,1084,529,1265,1426,25863,70,10965,2299,37,26587,7514,34,233,6395,949,32,6929,857,1629,243,3317,1198,15381,3603,1487,937,1162,438,1251,968,1384,1299,47,1007,31,1875,203,31,139,1150,903,700,1057,33744,1556,10562,5750,1063,571,1014,226,37059,716,16675,3073,12658,1463,393,2955,30,34578,6889,11129,48539,4533,19044,426,501,364,1412,902,1132,718,1655,11480,1090,41,1089,1040,35,40,4149,3867,31,1799,173,25237,46405,33387,9031,38142,4685,711,70189,99779,14868,44685,75096,87467,296,174,833,705,186,929,1331,314,407,786,7000,0.0,0.0,0.0,0.0,0.0,0.0,0.0,0.0,0.0,0.0,0.0,0.0,0.0,0.0,0.0,0.0,0.0,0.0,0.0,0.0,0.0,0.0,0.0,0.0,0.0,0.0,0.0,0.0,0.0,0.0,0.0,0.0,0.0,0.0,0.0,0.0,0.0,0.0,0.0,0.0,0.0,0.0,0.0,0.0,0.0,0.0,0.0,0.0,0.0,0.0,0.0,0.0,0.0,0.0,0.0,0.0,0.0,0.0,0.0,0.0,0.0,0.0,0.0,0.0,0.0,0.0,0.0,0.0,0.0,0.0,0.0,0.0,0.0,0.0,0.0,0.0,0.0,0.0,0.0,0.0,0.0,0.0,0.0,0.0,0.0,0.0,0.0,0.0,0.0,0.0,0.0,0.0,0.0,0.0,0.0,0.0,0.0,0.0,0.0,0.0,0.0,0.0,0.0,0.0,0.0,0.0,0.0,0.0,0.0,0.0,0.0,0.0,0.0,0.0,0.0,0.0,0.0,0.0,0.0,0.0,0.0,0.0,0.0,0.0,0.0,0.0,0.0,0.0,0.0,0.0,0.0,0.0,0.0,0.0,0.0,0.0,0.0,0.0,0.0,0.0,0.0,0.0,0.0,0.0,0.0,0.0,0.0,0.0,0.0,0.0
ENCFF673OFT,0.14257575900398645,42628,280,4082,42686,2596,183546,16081,222,1247,233,616,4145,15160,23383,19503,79372,7392,413,9110,6751,202,564,138,28,35,3954,234,3182,39357,3064,280,172,403,3325,3007,41,2855,28,12,10655,12568,52,616,41,80,3444,6403,35687,29,495,859,1409,401,485,10322,152,272,477,123,624,1370,1263,19055,1672,508,91,32,70935,57231,10256,1404,669,811,7489,89,2081,377,730,1149,211,841,2785,4650,319,407,3720,15,828,378,25,1226,362,35,1830,1945,30246,183785,12312,192,30575,48189,2513,41774,2654,522,6741,2210,2281,11,4774,11276,10453,98,6483,34243,7652,52257,2135,9683,7320,12512,4695,70368,2991,7419,3452,897,3205,382,88,33428,36023,204,41226,21132,27080,29819,73,5559,3960,1715,3774,56630,395,180,213,104,118,50,1741,353,530,14147,4515,659,5089,49458,4789,301,1625,1433,1327,3679,5381,4748,9610,138,136,24,951,21,1868,513,1316,389,6,14,437,605,1952,17789,6194,41013,2231,45388,43023,17282,40537,16058,29852,484,30020,35947,10383,9925,30695,20199,10881,1273,58,1153,42,491,741,166,117,29,62,3928,755,47901,16335,41134,136,358451,47194,3558,33017,46047,849,720,55435,29838,81494,15590,51039,464,44365,38,509,807,99,268,2005,964,4155,2698,53,550,823,557,831,329,5191,2899,2133,980,4142,4250,1891,7679,911,338,435,859,298,297,234,1510,1000,9600,1548,347,1540,3880,3271,15036,47761,256,3314,7674,1208,1295,1045,591,998,476,1546,8072,373,539,6352,372,1755,303,4306,875,1248,512,872,570,353,496,1982,2603,772,855,509,3641,1242,488,729,830,3594,8,58,343,541,514,307,14115,39,11783,17,606,80,5642,1097,9113,8166,10273,18,2369,94,240,543,3000,138211,459,2123,4449,873,29,4679,109,368,447,55221,8639,3682,1105,70,163,151,14,52,673,905,2237,1501,4885,438,371,3654,71058,323,1982,142014,592,5860,1177,6725,440,2763,230,137,3574,733,2324,2684,285,366,173,1458,2675,1237,2484,1097,1641,2536,25042,112,9437,2484,21,40674,7213,22,153,26093,665,47,5378,735,1527,259,5393,1472,26167,6339,600,703,2505,361,893,845,2140,503,6,1084,39,3260,106,59,181,409,681,2373,1157,50329,8037,13701,13691,3720,955,1886,98,35588,89,25979,1707,12599,1302,375,2518,38,116115,8246,32419,77548,6678,24173,259,401,307,664,348,1739,684,2312,9835,2020,53,155,867,4,13,3470,3503,20,109,180,25177,53314,39367,11545,36346,3820,1605,76892,109566,19275,54291,75130,91072,458,248,676,607,190,866,1584,312,383,2123,7118,0.0,0.0,0.0,0.0,0.0,0.0,0.0,0.0,0.0,0.0,0.0,0.0,0.0,0.0,0.0,0.0,0.0,0.0,0.0,0.0,0.0,0.0,0.0,0.0,0.0,0.0,0.0,0.0,0.0,0.0,0.0,0.0,0.0,0.0,0.0,0.0,0.0,0.0,0.0,0.0,0.0,0.0,0.0,0.0,0.0,0.0,0.0,0.0,0.0,0.0,0.0,0.0,0.0,0.0,0.0,0.0,0.0,0.0,0.0,0.0,0.0,0.0,0.0,0.0,0.0,0.0,0.0,0.0,0.0,0.0,0.0,0.0,0.0,0.0,0.0,0.0,0.0,0.0,0.0,0.0,0.0,0.0,0.0,0.0,0.0,0.0,0.0,0.0,0.0,0.0,0.0,0.0,0.0,0.0,0.0,0.0,0.0,0.0,0.0,0.0,0.0,0.0,0.0,0.0,0.0,0.0,0.0,0.0,0.0,0.0,0.0,0.0,0.0,0.0,0.0,0.0,0.0,0.0,0.0,0.0,0.0,0.0,0.0,0.0,0.0,0.0,0.0,0.0,0.0,0.0,0.0,0.0,0.0,0.0,0.0,0.0,0.0,0.0,0.0,0.0,0.0,0.0,0.0,0.0,0.0,0.0,0.0,0.0,0.0,0.0
ENCFF000BKB,0.06638534049719666,7623,37,1588,11569,501,54252,1276,58,236,109,96,872,3119,4961,5938,17019,1566,125,1406,1823,42,164,23,4,7,234,31,1036,8010,970,78,51,132,640,487,9,543,15,1,2007,3366,17,206,5,5,139,1535,7339,3,152,307,398,149,99,2743,56,82,105,42,212,358,155,3826,75,172,15,3,14607,17338,2165,315,221,319,1566,49,355,162,219,254,65,325,303,1318,251,168,1021,10,268,157,12,455,59,7,1574,460,4448,58865,2647,36,9499,10893,734,13611,1340,191,1523,409,344,9,775,2071,1879,38,1494,10304,1757,11141,397,1645,1212,2785,791,14138,475,1689,717,215,933,124,28,7581,9931,45,8013,4361,3851,8449,11,1313,1009,319,997,11905,82,48,29,44,8,6,541,84,135,2627,1038,174,1169,11765,1251,134,260,178,239,760,1038,988,2556,11,83,6,280,11,582,216,1871,3739,1,1,147,246,216,8974,1764,13062,702,12122,13559,3875,9827,3726,9650,75,7982,8889,3176,2228,8393,4920,1777,222,12,175,21,136,216,75,48,5,9,1166,218,11914,4421,6480,35,59484,12639,901,7718,9337,300,2778,11200,4890,18470,3083,9828,49,10358,23,82,140,23,88,246,69,999,726,11,172,230,175,311,150,751,437,382,67,1221,912,546,876,348,138,227,186,80,125,117,413,452,1484,367,121,1309,686,579,4197,7707,72,695,1866,354,209,138,170,282,192,136,1951,139,250,1552,104,508,153,1130,301,281,198,274,337,197,124,773,715,279,307,185,974,406,200,238,309,1085,7,19,121,138,172,126,4473,24,2598,9,206,24,1681,189,1723,1942,2037,18,656,35,71,350,1372,25807,142,484,881,262,9,680,44,17,131,7030,1861,770,441,16,86,53,3,28,204,252,614,144,934,256,170,547,18175,118,718,42762,120,5266,292,1418,67,695,109,14,899,276,253,284,195,151,55,237,327,221,255,107,322,348,7303,38,2692,748,2,7837,1757,9,66,1714,97,33,1864,183,477,87,1003,355,5115,1159,157,262,294,141,315,194,394,198,10,349,6,487,37,14,55,113,12,506,169,10826,1458,2928,2631,763,170,549,25,14957,25,4190,446,4504,315,88,781,2,7868,5029,2587,12097,600,5609,57,31,122,206,130,300,168,448,1756,202,19,49,317,4,2,1180,1020,0,32,82,5722,10454,9627,1934,9260,1592,121,24197,27248,5066,11014,23448,23381,99,44,167,224,75,197,442,72,106,122,1886,0.0,0.0,0.0,0.0,0.0,0.0,0.0,0.0,0.0,0.0,0.0,0.0,0.0,0.0,0.0,0.0,0.0,0.0,0.0,0.0,0.0,0.0,0.0,0.0,0.0,0.0,0.0,0.0,0.0,0.0,0.0,0.0,0.0,0.0,0.0,0.0,0.0,0.0,0.0,0.0,0.0,0.0,0.0,0.0,0.0,0.0,0.0,0.0,0.0,0.0,0.0,0.0,0.0,0.0,0.0,0.0,0.0,0.0,0.0,0.0,0.0,0.0,0.0,0.0,0.0,0.0,0.0,0.0,0.0,0.0,0.0,0.0,0.0,0.0,0.0,0.0,0.0,0.0,0.0,0.0,0.0,0.0,0.0,0.0,0.0,0.0,0.0,0.0,0.0,0.0,0.0,0.0,0.0,0.0,0.0,0.0,0.0,0.0,0.0,0.0,0.0,0.0,0.0,0.0,0.0,0.0,0.0,0.0,0.0,0.0,0.0,0.0,0.0,0.0,0.0,0.0,0.0,0.0,0.0,0.0,0.0,0.0,0.0,0.0,0.0,0.0,0.0,0.0,0.0,0.0,0.0,0.0,0.0,0.0,0.0,0.0,0.0,0.0,0.0,0.0,0.0,0.0,0.0,0.0,0.0,0.0,0.0,0.0,0.0,0.0
ENCFF790YHC,0.22940552594622876,60873,404,9121,136520,5893,409525,9437,783,1909,398,781,8495,25706,41631,70079,153791,12669,647,13044,12864,178,745,138,43,54,1295,318,8841,107702,4856,424,261,848,4977,4507,109,4047,32,11,14849,16363,97,953,135,88,914,12754,106296,50,1189,2469,4465,647,383,7446,223,441,884,117,963,3412,3170,57448,3710,1121,146,36,173400,113939,7816,2976,2140,2171,5511,142,3240,1369,2434,2638,684,2814,3037,5942,1077,1528,9750,30,2606,1282,56,1617,317,45,3354,4690,87174,349817,17686,258,47218,68209,5787,59049,2959,1866,6367,2088,2327,7,3760,10080,9943,315,9510,39958,14982,111838,4703,21343,16498,21349,10560,184613,4869,9803,4934,1148,3420,579,151,38255,59761,385,127045,37739,14291,34635,156,12038,6366,3031,5819,174029,553,264,337,144,57,64,2824,370,649,22681,6644,1057,9806,150058,12177,518,2999,2101,1670,5947,7430,6150,6000,170,153,60,2928,47,5154,1738,1764,153,32,65,1355,1071,2745,22004,10317,71391,5402,80149,71407,33259,113866,29122,66855,740,50638,64274,16263,14520,40857,28470,13672,2369,61,1862,111,1329,2577,245,134,38,78,6655,1454,146620,38267,61264,264,397294,92195,8562,62901,109985,1133,879,117318,49861,195010,32530,71754,901,58558,31,509,1092,107,856,2749,299,8606,2805,40,1830,2542,1843,2661,1081,6535,3717,294,358,9282,5523,3358,3353,3063,1005,1638,2135,1116,968,803,718,3018,14648,4682,1162,3952,5705,5617,43780,210689,440,4991,4067,3512,2218,1792,2092,2678,1554,159,11047,1220,1960,7999,1124,3511,1076,8579,2968,2796,1754,2647,253,1269,1411,5964,6933,2388,2636,1927,3883,3499,1617,2348,2471,10495,29,83,1182,1735,490,615,18586,157,14157,23,1040,82,9674,796,10419,11373,15747,31,4382,196,283,1912,4409,315724,692,2990,4531,1724,99,8655,159,181,735,32716,14399,6231,1473,68,327,243,36,67,2089,3091,3476,1389,7995,1374,1186,9147,186522,899,5892,221208,1483,8208,2886,12738,548,6721,810,221,6553,2374,2779,2889,980,1201,418,2050,3037,2603,2881,1011,3044,3284,41500,146,18459,4628,28,37684,10694,42,269,11205,911,53,13256,2476,1424,325,7359,3160,74727,15659,1275,2379,3101,1244,2447,2474,1480,1848,33,2046,37,3326,119,67,181,627,1047,4518,2290,140154,17882,37842,30426,8669,2145,1347,259,43849,177,24069,4052,17835,1778,798,4498,42,49941,10231,16974,77562,25873,79022,675,847,1024,2123,1151,2992,2143,3632,24239,2824,100,253,2836,7,40,5404,4886,11,242,263,40726,100060,73264,19917,63298,7170,1895,183663,190278,34430,104929,128174,150234,673,347,2192,1948,628,2491,1447,524,648,1152,12398,0.0,0.0,0.0,0.0,0.0,0.0,0.0,0.0,0.0,0.0,0.0,0.0,0.0,0.0,0.0,0.0,0.0,0.0,0.0,0.0,0.0,0.0,0.0,0.0,0.0,0.0,0.0,0.0,0.0,0.0,0.0,0.0,0.0,0.0,0.0,0.0,0.0,0.0,0.0,0.0,0.0,0.0,0.0,0.0,0.0,0.0,0.0,0.0,0.0,0.0,0.0,0.0,0.0,0.0,0.0,0.0,0.0,0.0,0.0,0.0,0.0,0.0,0.0,0.0,0.0,0.0,0.0,0.0,0.0,0.0,0.0,0.0,0.0,0.0,0.0,0.0,0.0,0.0,0.0,0.0,0.0,0.0,0.0,0.0,0.0,0.0,0.0,0.0,0.0,0.0,0.0,0.0,0.0,0.0,0.0,0.0,0.0,0.0,0.0,0.0,0.0,0.0,0.0,0.0,0.0,0.0,0.0,0.0,0.0,0.0,0.0,0.0,0.0,0.0,0.0,0.0,0.0,0.0,0.0,0.0,0.0,0.0,0.0,0.0,0.0,0.0,0.0,0.0,0.0,0.0,0.0,0.0,0.0,0.0,0.0,0.0,0.0,0.0,0.0,0.0,0.0,0.0,0.0,0.0,0.0,0.0,0.0,0.0,0.0,0.0
ENCFF223MPF,0.3748678744980482,34584,552,3045,208583,4417,1292585,9367,997,1635,201,782,8605,13208,55579,57583,304368,8708,899,32647,5919,101,446,199,141,173,1436,315,8994,230880,4160,119,57,791,7210,6283,45,7307,16,21,10714,11142,110,329,58,113,1878,14896,223656,32,1515,2872,5494,218,218,3396,291,310,400,116,802,4476,7633,108101,25626,489,101,159,259915,150937,3560,4548,2968,3621,3025,150,4656,1976,3195,3586,867,3791,4349,3703,1527,2275,10337,13,3234,2433,17,1070,1231,209,5922,6892,170062,366354,9540,193,25798,41450,8504,34023,4802,2494,2724,797,1000,21,1809,5802,6460,424,6537,21870,13737,318746,1680,8372,9040,13369,3894,570666,7563,6192,2301,323,1607,458,14,18398,61603,613,243461,56303,7446,18737,28,10865,42648,4427,4305,318780,185,97,1136,90,81,84,2004,400,642,11847,3918,858,13800,229008,22371,247,4720,1441,2073,4908,3637,4578,3749,97,87,53,4072,52,4747,2217,2500,201,13,90,1034,469,4662,8730,4960,41590,6002,94343,87362,44942,206745,29643,53564,2040,29751,39588,7401,6944,35618,15091,15072,1973,39,5728,96,2038,4121,118,30,11,177,4495,860,224566,61174,108304,583,609921,165351,13968,110589,205828,770,759,150236,92276,344735,24172,58070,352,28541,14,217,1009,56,1168,3670,242,9790,2851,10,2711,2596,2226,3863,1527,9094,4651,99,261,11474,8575,3503,1898,4855,1192,2684,3105,1616,1165,900,198,4198,18964,5311,1285,3264,7394,6670,48703,697179,307,7054,2869,3693,3065,2628,2681,3560,1957,25,14061,1898,4114,7880,1334,4483,1922,5546,4333,3929,2298,3670,62,1620,1153,7103,6923,2990,3256,2664,3540,4395,3003,2602,3414,8578,25,41,1671,2983,328,1681,10646,131,7688,13,1144,41,9164,500,8613,8187,24696,119,3805,149,36,780,2446,896827,353,2821,5512,1327,21,8048,70,367,840,35263,39340,7550,1022,180,79,178,72,102,2518,893,2076,2600,4769,2040,1740,20445,437139,639,4437,97814,1602,9329,3578,20348,616,7012,1103,103,3757,2888,4006,4314,1354,1195,205,2175,5070,3888,4164,1129,4116,4604,33160,124,22551,1709,31,25536,10041,25,357,5153,2386,42,13092,3028,475,126,9313,3552,161810,17691,407,2499,3919,1897,1837,3722,739,1095,14,569,109,3580,122,65,194,110,3736,2275,5475,233248,9509,59286,32723,6664,1676,741,421,17379,56,15070,4437,10072,2641,204,2336,40,31772,5746,12843,45380,37495,146551,633,1853,1504,3059,1721,3587,3111,2708,44653,3813,10,104,3869,4,50,2697,2388,7,75,126,25735,89161,73728,20554,37076,4570,12068,115866,143829,39067,98351,104721,103270,2116,188,2578,2252,945,3304,478,599,209,968,8966,0.0,0.0,0.0,0.0,0.0,0.0,0.0,0.0,0.0,0.0,0.0,0.0,0.0,0.0,0.0,0.0,0.0,0.0,0.0,0.0,0.0,0.0,0.0,0.0,0.0,0.0,0.0,0.0,0.0,0.0,0.0,0.0,0.0,0.0,0.0,0.0,0.0,0.0,0.0,0.0,0.0,0.0,0.0,0.0,0.0,0.0,0.0,0.0,0.0,0.0,0.0,0.0,0.0,0.0,0.0,0.0,0.0,0.0,0.0,0.0,0.0,0.0,0.0,0.0,0.0,0.0,0.0,0.0,0.0,0.0,0.0,0.0,0.0,0.0,0.0,0.0,0.0,0.0,0.0,0.0,0.0,0.0,0.0,0.0,0.0,0.0,0.0,0.0,0.0,0.0,0.0,0.0,0.0,0.0,0.0,0.0,0.0,0.0,0.0,0.0,0.0,0.0,0.0,0.0,0.0,0.0,0.0,0.0,0.0,0.0,0.0,0.0,0.0,0.0,0.0,0.0,0.0,0.0,0.0,0.0,0.0,0.0,0.0,0.0,0.0,0.0,0.0,0.0,0.0,0.0,0.0,0.0,0.0,0.0,0.0,0.0,0.0,0.0,0.0,0.0,0.0,0.0,0.0,0.0,0.0,0.0,0.0,0.0,0.0,0.0
ENCFF000YEM,0.14372148317827513,48871,266,3862,41873,726,83594,5802,267,529,286,634,3435,4026,8825,22413,28121,3358,412,6257,6009,140,611,50,48,48,802,1180,3448,30636,3351,257,146,530,1921,1789,42,2034,34,24,7808,10506,81,654,75,68,559,5737,26274,148,505,1197,1614,410,304,6109,145,316,313,77,649,1539,472,16025,307,252,372,88,53331,51693,6690,1104,855,1218,4942,279,1303,537,878,941,227,1094,1230,3642,486,557,4052,12,960,501,13,1083,167,20,1003,1328,20785,170069,10282,94,27378,38712,2701,33741,1253,676,4895,1495,1667,25,2887,7309,7541,152,4943,31048,2328,32430,493,1947,2194,8454,908,51069,1550,5977,2965,652,2275,388,142,28610,12830,865,32208,8732,10097,26094,251,4842,4238,1257,3554,53881,450,562,123,95,33,25,2120,330,612,10958,4785,605,3876,41917,3470,416,1220,900,856,3133,4245,3560,5062,63,161,32,1049,32,1959,589,901,120,34,8,611,693,979,14876,6792,42595,2258,28828,33624,14713,34113,13620,28239,284,27470,33000,10993,9057,22855,17311,5469,870,215,772,88,626,1063,139,41,17,46,4081,320,39662,12216,11473,201,198687,37180,3726,27064,27574,1006,579,40410,19285,63142,4149,40225,163,39672,55,306,841,158,322,1015,208,3776,2118,44,728,1012,623,1041,433,2523,1495,256,176,4817,2836,1981,2399,1382,511,697,839,418,372,277,497,1178,5300,1418,387,1645,2359,2170,12759,39810,734,2431,2881,1413,903,698,746,1098,585,153,7153,480,831,5080,343,1644,403,4342,1251,1023,731,1002,259,490,507,2571,2521,870,1033,790,2249,1575,825,917,1097,4294,27,37,419,612,489,223,15558,86,9662,25,468,83,6414,675,7576,6456,7434,30,2290,96,193,1044,3607,89914,619,1871,2220,1087,283,2786,167,146,581,15014,7081,3196,1318,51,134,104,5,20,744,551,2223,633,3636,498,456,1990,53942,363,2152,121036,545,5578,1079,5380,1384,2500,293,523,4774,910,1070,1079,398,429,256,7998,1266,997,1128,469,1220,1292,23754,63,11018,2176,18,24854,6359,24,264,5976,626,37,6644,951,1665,282,3066,1180,26878,3409,718,805,1229,449,1309,1013,1164,484,14,1016,21,1869,208,52,219,404,181,611,882,34858,1886,10699,5786,1306,589,712,150,34060,177,14095,1632,11413,1292,306,2673,35,27004,5140,9445,40285,3766,21516,254,114,374,892,549,1188,905,1453,7135,1097,48,257,1190,13,20,3704,3882,3,222,229,23317,41824,31249,7826,34020,4059,534,66160,89333,13879,42432,65199,76895,286,168,803,771,200,937,1221,346,457,633,6893,0.0,0.0,0.0,0.0,0.0,0.0,0.0,0.0,0.0,0.0,0.0,0.0,0.0,0.0,0.0,0.0,0.0,0.0,0.0,0.0,0.0,0.0,0.0,0.0,0.0,0.0,0.0,0.0,0.0,0.0,0.0,0.0,0.0,0.0,0.0,0.0,0.0,0.0,0.0,0.0,0.0,0.0,0.0,0.0,0.0,0.0,0.0,0.0,0.0,0.0,0.0,0.0,0.0,0.0,0.0,0.0,0.0,0.0,0.0,0.0,0.0,0.0,0.0,0.0,0.0,0.0,0.0,0.0,0.0,0.0,0.0,0.0,0.0,0.0,0.0,0.0,0.0,0.0,0.0,0.0,0.0,0.0,0.0,0.0,0.0,0.0,0.0,0.0,0.0,0.0,0.0,0.0,0.0,0.0,0.0,0.0,0.0,0.0,0.0,0.0,0.0,0.0,0.0,0.0,0.0,0.0,0.0,0.0,0.0,0.0,0.0,0.0,0.0,0.0,0.0,0.0,0.0,0.0,0.0,0.0,0.0,0.0,0.0,0.0,0.0,0.0,0.0,0.0,0.0,0.0,0.0,0.0,0.0,0.0,0.0,0.0,0.0,0.0,0.0,0.0,0.0,0.0,0.0,0.0,0.0,0.0,0.0,0.0,0.0,0.0
ENCFF000XQA,0.05816794904726852,5001,35,248,3169,79,6510,299,35,39,24,38,254,381,823,1531,2248,341,22,392,306,11,38,4,4,0,60,248,285,4292,213,18,16,42,160,160,8,119,3,1,495,682,7,52,0,4,34,408,2290,29,41,105,107,26,21,353,6,19,26,5,47,136,24,1369,23,33,95,8,4338,3671,446,83,62,137,347,18,103,57,77,72,16,99,88,283,46,46,248,1,74,55,1,61,9,1,125,119,1813,10936,603,5,1592,2400,187,2090,102,50,299,95,103,2,138,441,412,1,303,2216,284,3642,90,365,254,618,134,5222,130,435,143,39,180,28,6,1565,1180,198,2238,816,694,1630,56,293,247,96,269,5255,31,39,7,13,5,1,119,17,46,656,269,49,322,3357,355,27,81,33,32,180,269,230,248,2,11,1,83,7,165,62,148,201,10,0,51,58,73,982,447,2976,174,2295,2409,1223,3772,1035,2202,18,1782,2061,698,563,1523,1230,427,56,57,65,4,54,87,9,6,2,5,267,38,5368,1193,1163,33,11948,2666,301,1924,2585,57,38,2939,1436,5040,554,2451,14,2406,6,16,51,30,16,63,23,251,158,5,59,89,42,83,42,142,123,9,16,317,228,137,141,90,37,55,49,33,46,17,33,88,341,118,28,141,182,166,1181,2554,178,168,168,111,75,40,48,63,55,8,444,51,86,335,28,110,53,296,91,85,65,75,10,36,43,211,184,79,97,76,155,130,53,97,81,316,1,1,42,48,19,28,840,3,589,0,25,9,474,47,374,428,553,1,160,9,10,140,244,5880,54,118,144,71,18,173,11,4,42,1122,480,251,91,2,20,9,0,3,60,90,156,44,240,47,56,123,4786,51,169,7387,27,348,92,436,299,216,29,130,514,98,53,73,36,48,17,1397,93,75,72,37,117,115,1618,2,756,163,2,1569,475,7,12,444,35,4,486,68,76,18,215,102,1997,322,80,77,93,40,130,70,64,88,3,86,4,134,5,0,5,48,3,85,66,2218,288,910,565,162,52,41,7,2043,31,919,175,736,79,24,179,2,1929,356,628,2774,228,1600,20,8,32,98,48,99,60,142,621,80,5,25,115,0,1,239,226,2,44,15,1416,2835,2323,556,2235,258,22,5895,5752,1038,2823,4407,4970,18,9,63,70,22,90,75,12,22,36,506,0.0,0.0,0.0,0.0,0.0,0.0,0.0,0.0,0.0,0.0,0.0,0.0,0.0,0.0,0.0,0.0,0.0,0.0,0.0,0.0,0.0,0.0,0.0,0.0,0.0,0.0,0.0,0.0,0.0,0.0,0.0,0.0,0.0,0.0,0.0,0.0,0.0,0.0,0.0,0.0,0.0,0.0,0.0,0.0,0.0,0.0,0.0,0.0,0.0,0.0,0.0,0.0,0.0,0.0,0.0,0.0,0.0,0.0,0.0,0.0,0.0,0.0,0.0,0.0,0.0,0.0,0.0,0.0,0.0,0.0,0.0,0.0,0.0,0.0,0.0,0.0,0.0,0.0,0.0,0.0,0.0,0.0,0.0,0.0,0.0,0.0,0.0,0.0,0.0,0.0,0.0,0.0,0.0,0.0,0.0,0.0,0.0,0.0,0.0,0.0,0.0,0.0,0.0,0.0,0.0,0.0,0.0,0.0,0.0,0.0,0.0,0.0,0.0,0.0,0.0,0.0,0.0,0.0,0.0,0.0,0.0,0.0,0.0,0.0,0.0,0.0,0.0,0.0,0.0,0.0,0.0,0.0,0.0,0.0,0.0,0.0,0.0,0.0,0.0,0.0,0.0,0.0,0.0,0.0,0.0,0.0,0.0,0.0,0.0,0.0
ENCFF900DXM,0.1718247996411175,101867,474,11387,130789,2735,371621,13321,870,1878,669,1163,10370,18127,42750,71627,123545,13058,1004,15015,14939,276,1369,205,118,106,2836,2537,10605,72710,7973,622,400,1366,5990,5398,176,5419,53,35,20594,25839,147,1809,133,118,1543,17355,84028,379,1663,3717,5032,1115,614,12842,414,788,963,261,1619,4343,1939,46440,2963,1738,822,132,157148,128928,14924,3513,2450,3987,9756,639,3954,1652,2734,3088,806,3569,3705,9176,1515,1850,12662,36,3079,1710,44,2580,399,49,3157,5062,56476,435617,24934,314,66701,97417,7765,85783,3654,2293,11304,3236,3691,46,5979,16475,16419,434,12804,72725,9785,103073,2046,7848,7905,22530,3364,161506,4699,14368,6496,1649,5668,795,259,60276,55652,1642,91674,36071,21191,63246,656,14333,8874,3811,9690,163137,977,752,500,207,79,105,5023,564,1162,28049,10191,1593,10719,136149,13317,893,3780,2182,2182,8082,10280,8672,10532,176,236,74,3531,52,6181,2136,3768,1451,95,63,1981,1660,3351,34760,16703,105384,7104,89625,91661,43647,94438,39010,84002,784,68821,83855,24650,21808,57629,44517,15795,2773,502,1833,194,1784,3151,338,124,61,75,10367,1087,134613,39560,49227,583,506910,110874,10031,81369,91988,2258,1313,122039,58316,195001,17048,97454,674,90482,66,757,1628,271,1003,3019,465,11864,5153,46,2338,3140,2116,3198,1403,7606,4523,500,549,13351,8004,5609,6002,4062,1271,2124,2549,1241,1245,905,1004,4031,17034,4500,1330,5402,7406,7088,43622,120678,1961,7067,6641,4190,2831,2218,2215,3430,2001,244,17752,1601,2779,12647,1243,4544,1256,12084,3921,3363,2203,3176,340,1609,1833,8099,8269,2825,3220,2389,6136,4771,2554,2721,3445,13302,64,84,1338,2165,864,732,31679,158,21134,49,1281,135,16197,1539,16077,16396,21184,52,6706,268,308,5057,8610,262403,1399,4475,5880,2811,222,9538,372,345,1566,44767,18089,8852,2980,42,357,253,55,95,2394,3092,6140,1749,10505,1776,1506,5966,176598,1174,7319,297182,1745,14201,3438,16338,3056,7831,926,1177,11647,2844,3125,3431,1232,1368,645,14173,3789,3199,3430,1444,3704,4094,62786,175,29115,5791,68,59935,17064,65,663,15991,1434,91,19497,2749,2629,593,9554,3729,79061,14815,1812,2693,3607,1454,3786,3020,2696,2746,42,2521,73,4511,235,56,354,1128,522,2385,2435,116565,7519,38166,20039,4653,1809,2092,319,75365,413,35268,5214,28195,2876,1079,7027,67,80597,14960,25960,115297,10883,74762,855,913,1141,2862,1322,3654,2590,4892,18442,3400,128,570,3578,56,95,9203,8933,71,709,389,58807,118519,89917,22460,88178,10621,3207,202653,242607,40754,121980,178350,203023,967,520,2527,2438,662,3054,2497,663,1032,1741,18121,0.0,0.0,0.0,0.0,0.0,0.0,0.0,0.0,0.0,0.0,0.0,0.0,0.0,0.0,0.0,0.0,0.0,0.0,0.0,0.0,0.0,0.0,0.0,0.0,0.0,0.0,0.0,0.0,0.0,0.0,0.0,0.0,0.0,0.0,0.0,0.0,0.0,0.0,0.0,0.0,0.0,0.0,0.0,0.0,0.0,0.0,0.0,0.0,0.0,0.0,0.0,0.0,0.0,0.0,0.0,0.0,0.0,0.0,0.0,0.0,0.0,0.0,0.0,0.0,0.0,0.0,0.0,0.0,0.0,0.0,0.0,0.0,0.0,0.0,0.0,0.0,0.0,0.0,0.0,0.0,0.0,0.0,0.0,0.0,0.0,0.0,0.0,0.0,0.0,0.0,0.0,0.0,0.0,0.0,0.0,0.0,0.0,0.0,0.0,0.0,0.0,0.0,0.0,0.0,0.0,0.0,0.0,0.0,0.0,0.0,0.0,0.0,0.0,0.0,0.0,0.0,0.0,0.0,0.0,0.0,0.0,0.0,0.0,0.0,0.0,0.0,0.0,0.0,0.0,0.0,0.0,0.0,0.0,0.0,0.0,0.0,0.0,0.0,0.0,0.0,0.0,0.0,0.0,0.0,0.0,0.0,0.0,0.0,0.0,0.0
ENCFF000CST,0.10029549743179902,11829,33,1500,11334,227,30640,2812,55,186,74,191,758,1715,3145,4560,10645,1366,198,1858,2230,92,255,40,16,23,231,8,843,8861,1294,86,47,119,657,415,6,611,22,5,2914,4874,41,263,21,7,251,1600,3468,3,174,218,330,162,156,4983,63,120,134,49,283,381,134,4912,77,191,3,17,16774,23746,4682,267,172,322,3157,81,305,110,195,259,53,241,319,2289,120,114,837,4,180,115,14,502,103,14,2198,323,6440,74661,4318,30,13714,16272,709,19678,1514,133,2324,665,503,9,1434,4169,3792,151,2008,14178,839,9318,170,671,586,3125,330,12595,383,1890,827,283,1100,145,52,12050,9436,20,8415,2875,6913,12654,2,1133,1156,290,1277,12580,192,48,46,50,12,12,682,174,178,3637,1684,259,1356,10963,814,117,300,788,832,1195,1351,1313,6059,26,75,12,243,7,428,113,3253,13238,3,1,108,265,278,12959,2293,16981,620,12571,17184,4014,8499,4750,10369,106,10281,10877,4913,3405,13701,6297,2001,241,1,339,14,135,183,89,34,9,50,1125,180,8314,4180,4740,47,81779,15199,958,9321,8665,356,4255,13067,5735,20558,1468,14651,55,15563,37,113,213,33,48,229,58,1429,1414,34,145,203,133,217,86,730,399,1038,79,1229,1362,560,2754,275,79,153,162,63,85,61,1104,267,2111,368,90,1593,730,504,2695,7117,27,627,3461,313,184,158,130,232,107,791,3036,100,182,2534,76,478,97,1529,253,223,125,201,231,100,130,563,582,186,216,157,1499,431,167,200,190,912,5,17,108,111,255,37,6868,45,4554,7,186,21,2098,354,3442,2246,2948,12,884,56,96,816,1432,28869,197,678,1446,327,3,760,75,486,313,8689,2540,756,394,75,68,57,5,38,142,319,781,152,1250,107,116,484,15659,96,494,61577,143,7753,224,1370,89,678,80,10,1108,183,255,273,139,88,71,242,313,236,259,111,258,343,9084,55,3561,889,33,14279,2697,117,92,2996,208,31,1760,178,484,109,1201,290,5375,820,170,172,291,102,286,196,857,215,24,328,26,590,83,48,79,131,164,248,242,9971,651,2410,1585,372,166,738,61,24517,11,4913,446,5946,507,102,826,9,9760,6906,2858,16366,806,5329,52,119,118,186,94,280,152,845,1737,248,21,48,239,5,20,1766,1576,11,16,78,8007,12364,10722,2028,11535,2141,99,22227,33472,6035,12344,28956,30648,133,70,169,156,50,224,666,126,155,203,1875,0.0,0.0,0.0,0.0,0.0,0.0,0.0,0.0,0.0,0.0,0.0,0.0,0.0,0.0,0.0,0.0,0.0,0.0,0.0,0.0,0.0,0.0,0.0,0.0,0.0,0.0,0.0,0.0,0.0,0.0,0.0,0.0,0.0,0.0,0.0,0.0,0.0,0.0,0.0,0.0,0.0,0.0,0.0,0.0,0.0,0.0,0.0,0.0,0.0,0.0,0.0,0.0,0.0,0.0,0.0,0.0,0.0,0.0,0.0,0.0,0.0,0.0,0.0,0.0,0.0,0.0,0.0,0.0,0.0,0.0,0.0,0.0,0.0,0.0,0.0,0.0,0.0,0.0,0.0,0.0,0.0,0.0,0.0,0.0,0.0,0.0,0.0,0.0,0.0,0.0,0.0,0.0,0.0,0.0,0.0,0.0,0.0,0.0,0.0,0.0,0.0,0.0,0.0,0.0,0.0,0.0,0.0,0.0,0.0,0.0,0.0,0.0,0.0,0.0,0.0,0.0,0.0,0.0,0.0,0.0,0.0,0.0,0.0,0.0,0.0,0.0,0.0,0.0,0.0,0.0,0.0,0.0,0.0,0.0,0.0,0.0,0.0,0.0,0.0,0.0,0.0,0.0,0.0,0.0,0.0,0.0,0.0,0.0,0.0,0.0
ENCFF002EKU,0.13738071273107041,109352,196,2006,42832,455,135034,8520,468,205,180,489,4217,1640,5442,24856,20494,1728,734,7539,4405,91,558,21,101,66,1598,9282,4193,29877,3538,122,54,455,3064,2752,33,3348,46,7,6826,7957,73,288,85,52,772,7164,26163,551,876,2209,2114,173,197,3971,115,324,216,196,785,2467,758,17045,587,420,2378,146,45601,41196,4025,1847,1127,2427,4276,69,2074,961,1097,1297,423,1776,2044,2327,622,1095,5185,37,1347,1178,33,937,662,111,1451,1112,19778,134967,7101,135,18953,30060,4027,25106,2103,1075,3113,1322,1720,35,3090,5883,6305,164,4342,29018,1554,41623,213,1032,1180,5772,465,71032,1777,4960,1883,313,1736,183,68,20965,4964,3438,26957,7599,8765,20505,498,4939,9324,1715,3005,46837,368,597,54,76,53,26,1497,410,477,8470,2824,201,3721,42555,2847,193,2127,1392,879,2349,3309,3083,4740,68,128,79,1535,47,1912,863,1039,77,15,21,664,448,1862,9526,4636,32931,2857,19775,29965,12761,35565,14999,26740,126,21468,27650,7524,7574,23180,15024,4701,875,551,1217,25,1199,1831,118,48,28,55,3128,78,57682,10232,6349,1301,197398,37373,4133,22083,26717,830,462,32248,17488,59100,1914,30889,101,28305,31,205,682,23,489,1391,290,5825,2042,39,1075,946,949,1622,799,3809,1836,189,183,5789,4096,1915,2571,2518,485,1495,1256,710,483,323,259,1613,5037,1219,586,1488,3536,2619,12188,49859,7858,3330,2825,1543,1258,1170,1032,1401,762,101,7742,830,2538,4984,481,1980,869,4132,2423,1791,1275,1488,248,697,603,3712,2751,1377,1266,1139,2334,2306,1721,968,1758,4028,38,29,688,1366,481,448,10773,205,7714,46,194,78,5339,492,6392,5744,8380,30,2358,113,43,1839,2310,71047,724,1676,3000,934,66,2992,117,586,1193,20204,9260,5115,1161,86,159,71,22,74,874,1716,2004,1271,4092,1002,650,2147,59788,234,2357,84676,634,5388,1481,9312,9771,2757,425,1298,5500,1159,1709,1734,512,422,88,59683,2424,1640,1612,654,1595,1773,23152,48,15800,1116,51,22237,7605,19,352,4483,955,59,7772,1132,864,138,4772,1611,26062,2088,1412,1106,1655,990,1085,1422,933,737,45,882,73,2426,197,71,56,556,647,227,1129,35126,1124,8596,4343,683,609,799,379,21866,554,10939,1747,7474,1164,65,2036,6,31019,5809,10012,37674,1392,18867,171,352,574,1522,832,1420,1283,1450,10043,1432,16,114,1626,43,54,2351,2239,9,512,123,22127,34144,27988,7407,25478,3976,681,59898,74163,11819,32917,58805,64469,145,75,1027,880,425,1454,599,331,189,704,5748,0.0,0.0,0.0,0.0,0.0,0.0,0.0,0.0,0.0,0.0,0.0,0.0,0.0,0.0,0.0,0.0,0.0,0.0,0.0,0.0,0.0,0.0,0.0,0.0,0.0,0.0,0.0,0.0,0.0,0.0,0.0,0.0,0.0,0.0,0.0,0.0,0.0,0.0,0.0,0.0,0.0,0.0,0.0,0.0,0.0,0.0,0.0,0.0,0.0,0.0,0.0,0.0,0.0,0.0,0.0,0.0,0.0,0.0,0.0,0.0,0.0,0.0,0.0,0.0,0.0,0.0,0.0,0.0,0.0,0.0,0.0,0.0,0.0,0.0,0.0,0.0,0.0,0.0,0.0,0.0,0.0,0.0,0.0,0.0,0.0,0.0,0.0,0.0,0.0,0.0,0.0,0.0,0.0,0.0,0.0,0.0,0.0,0.0,0.0,0.0,0.0,0.0,0.0,0.0,0.0,0.0,0.0,0.0,0.0,0.0,0.0,0.0,0.0,0.0,0.0,0.0,0.0,0.0,0.0,0.0,0.0,0.0,0.0,0.0,0.0,0.0,0.0,0.0,0.0,0.0,0.0,0.0,0.0,0.0,0.0,0.0,0.0,0.0,0.0,0.0,0.0,0.0,0.0,0.0,0.0,0.0,0.0,0.0,0.0,0.0
ENCFF183BQH,0.11721099417715533,40505,52,2045,27415,306,50322,3414,121,123,116,188,1580,889,4174,14014,10526,1575,145,2747,2403,34,207,22,2,10,645,4829,1722,18042,1262,69,224,205,955,868,848,836,4,6,3787,3660,21,181,23,16,253,2911,12697,143,199,572,799,112,70,1769,54,117,144,18,162,771,223,9375,218,110,766,6,28412,25004,2015,578,346,1200,1353,63,631,284,422,498,156,522,560,1237,186,294,1883,3,452,301,3,326,36,7,481,803,15153,72644,3227,63,9664,14245,1183,12406,609,363,1588,516,577,4,960,2534,2786,24,2390,11679,989,15705,223,831,1068,3462,314,24555,853,2350,992,193,700,107,14,7366,5319,14084,9201,4474,3208,9574,451,2289,1598,586,1572,34288,115,449,114,17,5,4,736,72,135,4806,1435,201,1755,29248,2404,115,571,494,350,1247,1481,1300,1568,15,13,9,538,7,1117,306,964,63,699,7,500,257,507,5182,2673,17415,1181,12683,14631,8344,21269,6782,14145,45,10561,13353,4021,3264,10204,6993,3001,379,970,417,23,244,468,42,6,4,23,1964,60,25892,6955,3402,52,92558,20424,2244,12021,14644,331,235,20811,10047,35356,2383,15892,143,14681,3,137,262,10,138,456,131,2019,840,7,380,485,305,520,177,1215,707,111,121,2576,1154,999,1006,656,168,350,412,224,179,133,129,675,2617,803,168,794,1209,1282,6096,33420,6434,987,990,612,433,352,373,499,329,21,3882,233,505,1690,191,628,193,1857,548,503,330,488,76,286,495,1286,1250,416,495,384,857,730,529,429,584,2554,8,30,229,329,132,252,5288,29,3256,5,175,19,2446,227,2984,2733,3727,6,1028,20,43,672,1352,44577,220,1185,855,447,300,1435,64,165,224,7563,3388,1461,427,5,47,37,3,8,341,676,1151,262,1925,286,230,960,34108,283,1127,47597,258,1920,515,2669,7850,1383,152,517,2982,447,499,495,154,236,107,8344,602,470,532,288,604,624,9547,9,4560,773,7,9181,2747,9,68,3028,441,7,3217,429,383,72,1560,542,11363,2787,684,444,567,211,560,449,452,388,5,464,11,733,52,22,36,1031,203,183,406,28433,795,6865,3565,700,343,237,53,10804,557,6951,2205,3911,404,160,1167,7,13189,2520,3940,18284,3025,11090,152,93,211,483,227,573,443,735,3994,529,11,291,599,4,11,1205,1123,1,1649,24,8832,19376,14855,4168,12495,1645,97,36068,36627,6508,19424,27960,29839,144,47,408,357,96,470,290,63,145,247,3214,0.0,0.0,0.0,0.0,0.0,0.0,0.0,0.0,0.0,0.0,0.0,0.0,0.0,0.0,0.0,0.0,0.0,0.0,0.0,0.0,0.0,0.0,0.0,0.0,0.0,0.0,0.0,0.0,0.0,0.0,0.0,0.0,0.0,0.0,0.0,0.0,0.0,0.0,0.0,0.0,0.0,0.0,0.0,0.0,0.0,0.0,0.0,0.0,0.0,0.0,0.0,0.0,0.0,0.0,0.0,0.0,0.0,0.0,0.0,0.0,0.0,0.0,0.0,0.0,0.0,0.0,0.0,0.0,0.0,0.0,0.0,0.0,0.0,0.0,0.0,0.0,0.0,0.0,0.0,0.0,0.0,0.0,0.0,0.0,0.0,0.0,0.0,0.0,0.0,0.0,0.0,0.0,0.0,0.0,0.0,0.0,0.0,0.0,0.0,0.0,0.0,0.0,0.0,0.0,0.0,0.0,0.0,0.0,0.0,0.0,0.0,0.0,0.0,0.0,0.0,0.0,0.0,0.0,0.0,0.0,0.0,0.0,0.0,0.0,0.0,0.0,0.0,0.0,0.0,0.0,0.0,0.0,0.0,0.0,0.0,0.0,0.0,0.0,0.0,0.0,0.0,0.0,0.0,0.0,0.0,0.0,0.0,0.0,0.0,0.0
ENCFF000ZPY,0.06672040697512924,5211,13,718,4943,113,11406,659,70,55,31,64,466,506,1009,2385,3396,467,56,639,772,31,106,10,4,6,103,87,610,4643,468,35,25,71,360,278,7,286,1,3,1033,1553,5,83,6,2,67,896,4271,13,108,169,255,69,53,837,39,39,47,11,96,241,82,1754,21,57,34,5,6776,7205,961,168,118,202,750,20,199,123,148,157,51,213,174,547,102,120,595,1,157,101,1,191,14,0,242,212,1808,23963,1495,21,4106,5755,333,5253,238,128,640,236,208,1,328,960,942,7,714,4398,399,4278,73,355,299,1288,171,5942,230,931,365,98,421,62,25,3874,1516,61,2224,966,1532,3873,34,656,342,179,572,4088,48,40,13,14,2,4,243,38,78,1410,639,82,594,5295,679,45,168,84,87,393,548,523,693,12,24,7,186,5,371,145,448,2169,4,0,109,112,148,2115,952,6075,372,3940,4446,2110,4492,2153,4565,26,3904,4793,1444,1283,3231,2704,862,144,12,81,15,90,168,19,10,2,9,609,28,4822,2102,1222,33,20708,4979,511,3727,3132,159,75,5477,2433,8471,669,5700,24,5909,2,35,89,23,50,138,29,596,290,2,122,143,123,185,91,409,232,34,20,751,456,280,329,260,67,118,106,109,86,48,62,247,733,196,90,340,450,355,2130,3296,75,371,433,233,130,82,95,171,125,13,1062,83,141,779,58,241,84,569,213,188,118,191,23,84,74,460,416,169,172,161,369,234,139,150,187,656,4,4,89,111,68,35,1893,3,1223,2,64,8,938,97,891,909,1034,7,356,16,24,124,534,8263,89,298,324,153,5,398,21,19,93,2002,922,466,183,3,15,22,1,1,126,188,401,75,555,114,98,212,6583,66,407,18001,77,843,162,886,135,418,51,59,626,161,145,143,79,85,37,495,173,169,162,56,222,148,3553,6,1561,360,4,3710,914,5,37,831,79,7,1186,141,139,37,476,204,2198,539,77,176,156,76,177,133,162,55,1,154,3,290,15,3,23,53,49,85,106,6059,349,1887,970,278,78,118,16,4898,20,2038,294,1733,181,47,423,3,3613,779,1303,5906,256,2357,42,16,63,154,68,190,119,238,940,156,4,39,241,2,5,601,569,2,29,21,3338,5823,4438,1027,4851,643,57,9781,12517,1903,5755,9283,11230,45,28,150,180,86,144,189,28,58,63,1027,0.0,0.0,0.0,0.0,0.0,0.0,0.0,0.0,0.0,0.0,0.0,0.0,0.0,0.0,0.0,0.0,0.0,0.0,0.0,0.0,0.0,0.0,0.0,0.0,0.0,0.0,0.0,0.0,0.0,0.0,0.0,0.0,0.0,0.0,0.0,0.0,0.0,0.0,0.0,0.0,0.0,0.0,0.0,0.0,0.0,0.0,0.0,0.0,0.0,0.0,0.0,0.0,0.0,0.0,0.0,0.0,0.0,0.0,0.0,0.0,0.0,0.0,0.0,0.0,0.0,0.0,0.0,0.0,0.0,0.0,0.0,0.0,0.0,0.0,0.0,0.0,0.0,0.0,0.0,0.0,0.0,0.0,0.0,0.0,0.0,0.0,0.0,0.0,0.0,0.0,0.0,0.0,0.0,0.0,0.0,0.0,0.0,0.0,0.0,0.0,0.0,0.0,0.0,0.0,0.0,0.0,0.0,0.0,0.0,0.0,0.0,0.0,0.0,0.0,0.0,0.0,0.0,0.0,0.0,0.0,0.0,0.0,0.0,0.0,0.0,0.0,0.0,0.0,0.0,0.0,0.0,0.0,0.0,0.0,0.0,0.0,0.0,0.0,0.0,0.0,0.0,0.0,0.0,0.0,0.0,0.0,0.0,0.0,0.0,0.0
ENCFF000WYN,0.1512306558973715,40878,136,4647,33272,545,69477,6184,297,385,323,505,3517,2586,5470,15055,18186,2567,517,4970,5914,138,659,80,57,64,969,1057,3597,23287,3433,247,170,505,2544,2403,74,2403,26,13,7333,10246,67,755,27,51,1107,6887,18174,113,529,1116,1577,401,276,5651,155,377,329,138,686,1549,563,11377,336,207,331,37,46794,53488,6518,1330,791,1436,4457,230,1769,596,881,1035,256,1226,1753,3325,496,601,3939,20,968,547,15,1155,214,22,1807,1307,9415,160722,9276,109,25327,38482,2694,33268,1714,644,4819,1561,1824,25,2777,7087,7481,297,4756,28826,2025,26916,385,1520,1858,8553,601,37882,1744,5721,2714,639,2313,329,116,27631,7909,905,20652,5648,11718,26378,285,5034,2785,1580,3557,43518,291,289,96,89,38,20,2038,256,497,10709,4440,617,3533,34356,3346,397,1454,1228,1037,3089,5738,6265,4707,47,110,50,1192,22,1948,664,1015,182,27,18,552,659,1408,14103,6655,41199,2390,24265,30432,14551,31266,13374,28670,224,27186,32637,10249,9117,23226,18039,5848,856,261,631,83,588,1025,139,84,36,28,4108,258,34532,11965,5713,251,174092,36605,3828,25995,20636,1077,558,39340,18417,56286,3010,41058,231,41075,69,314,702,93,344,1336,213,4143,2050,24,704,1068,683,1024,481,3435,1973,211,229,4711,2920,2112,2423,1311,391,762,862,423,383,316,402,1305,5467,1260,419,1798,2843,2785,9701,38282,779,2846,2775,1486,1183,946,739,1054,557,125,6978,539,973,5198,440,1841,444,4267,1256,1188,670,1039,186,515,653,2616,2725,926,1032,797,2343,1553,843,882,1097,4446,19,31,433,708,581,274,12487,104,8322,29,455,43,6303,643,6436,6283,7275,27,2656,148,164,1284,3532,71079,616,1952,2625,1056,47,3536,196,683,685,15256,6005,3007,1264,39,145,94,11,87,707,582,2284,967,3729,559,501,1472,41714,393,2386,121063,524,5631,1122,6134,1238,2692,356,503,4365,942,1499,1641,451,453,251,6261,1764,1153,1644,530,1514,1870,23356,101,10452,2133,39,24827,6495,18,280,6991,696,111,6804,908,1265,288,3932,1306,22878,3257,675,883,1653,513,1326,953,1299,731,22,1083,30,1765,87,90,181,378,182,426,717,37848,1461,9635,4975,1023,439,753,151,33468,185,14880,1715,11977,1553,386,2762,21,29537,5440,10341,42990,3418,17764,280,261,390,951,479,1522,900,1500,6687,1515,56,278,1119,14,29,3703,3795,16,271,226,23982,41215,30204,7796,33741,4032,493,69506,88358,13454,42311,64663,78108,222,173,812,734,227,975,1100,338,381,662,6854,0.0,0.0,0.0,0.0,0.0,0.0,0.0,0.0,0.0,0.0,0.0,0.0,0.0,0.0,0.0,0.0,0.0,0.0,0.0,0.0,0.0,0.0,0.0,0.0,0.0,0.0,0.0,0.0,0.0,0.0,0.0,0.0,0.0,0.0,0.0,0.0,0.0,0.0,0.0,0.0,0.0,0.0,0.0,0.0,0.0,0.0,0.0,0.0,0.0,0.0,0.0,0.0,0.0,0.0,0.0,0.0,0.0,0.0,0.0,0.0,0.0,0.0,0.0,0.0,0.0,0.0,0.0,0.0,0.0,0.0,0.0,0.0,0.0,0.0,0.0,0.0,0.0,0.0,0.0,0.0,0.0,0.0,0.0,0.0,0.0,0.0,0.0,0.0,0.0,0.0,0.0,0.0,0.0,0.0,0.0,0.0,0.0,0.0,0.0,0.0,0.0,0.0,0.0,0.0,0.0,0.0,0.0,0.0,0.0,0.0,0.0,0.0,0.0,0.0,0.0,0.0,0.0,0.0,0.0,0.0,0.0,0.0,0.0,0.0,0.0,0.0,0.0,0.0,0.0,0.0,0.0,0.0,0.0,0.0,0.0,0.0,0.0,0.0,0.0,0.0,0.0,0.0,0.0,0.0,0.0,0.0,0.0,0.0,0.0,0.0
ENCFF000YIR,0.14310102028537414,161079,253,3107,29539,557,74198,5885,224,301,220,607,2555,1945,4522,18080,17642,2163,310,3458,5246,127,536,74,36,38,843,12736,2397,16452,2692,170,468,357,1456,1220,306,1372,16,26,6408,7798,32,492,13,62,461,4198,14442,1427,401,764,1084,322,221,5261,113,258,301,73,490,1256,194,6326,238,172,3921,83,31107,37817,5350,761,576,3397,4103,207,885,421,583,651,173,796,837,2844,307,438,2694,6,641,367,7,763,65,12,907,971,12085,128526,7778,116,21440,29257,1833,25610,903,457,3671,1136,1273,4,2061,5802,6038,68,4294,24260,1533,20705,313,1382,1439,6482,581,28847,1037,5436,2478,471,1909,232,112,21490,6031,10738,10708,4442,10070,20426,2170,3596,1875,859,3950,30397,226,1831,64,76,15,27,1627,155,536,9805,3439,487,3015,30365,2480,289,900,767,548,2273,4180,4281,4259,50,75,21,749,19,1324,476,752,246,238,5,977,497,765,11321,5225,35697,1772,20201,24253,11554,22389,9709,20177,153,20016,23962,9006,7037,17895,14191,4119,706,2872,584,67,361,706,106,29,7,36,3870,143,25352,8879,5091,145,151797,28298,4011,19857,12695,731,592,29260,14382,39665,3405,35610,167,36799,34,331,764,127,224,768,247,2932,1635,21,494,713,433,694,309,1822,1087,346,146,3622,2103,1503,2093,906,258,522,594,281,271,200,337,793,3752,1092,252,1257,1758,1585,6424,23473,8253,1705,2387,980,614,498,491,788,403,119,5733,349,624,3652,275,1160,302,3049,853,754,419,699,219,332,751,1819,1855,628,721,606,1813,1175,641,568,761,3085,26,40,314,450,333,221,11399,93,7739,20,379,151,4544,546,5691,5683,6084,6,1913,74,143,988,2798,50948,1126,2450,1552,805,647,2089,132,137,530,11626,4694,2630,1027,38,152,83,7,19,511,1129,1976,421,3022,347,339,959,35007,918,1631,95407,447,4198,741,3834,13679,1986,243,5099,14493,649,722,827,252,278,398,68713,826,695,845,421,833,1036,17917,40,7767,1664,14,21899,5141,31,200,5295,692,46,4990,593,1411,220,2245,909,12519,2557,2108,549,872,347,926,690,1171,528,16,801,18,1579,66,47,146,1876,206,366,433,30413,1295,7364,4103,929,454,662,156,28031,1223,12578,3166,9335,925,229,2111,43,22733,4105,7780,32956,2339,10191,423,137,264,1398,438,789,556,1134,5817,726,35,895,788,20,10,2929,2946,2,2373,125,17945,29874,21879,5602,26189,2943,226,48881,63883,9910,30372,47984,58725,164,126,544,560,133,639,902,240,319,589,5780,0.0,0.0,0.0,0.0,0.0,0.0,0.0,0.0,0.0,0.0,0.0,0.0,0.0,0.0,0.0,0.0,0.0,0.0,0.0,0.0,0.0,0.0,0.0,0.0,0.0,0.0,0.0,0.0,0.0,0.0,0.0,0.0,0.0,0.0,0.0,0.0,0.0,0.0,0.0,0.0,0.0,0.0,0.0,0.0,0.0,0.0,0.0,0.0,0.0,0.0,0.0,0.0,0.0,0.0,0.0,0.0,0.0,0.0,0.0,0.0,0.0,0.0,0.0,0.0,0.0,0.0,0.0,0.0,0.0,0.0,0.0,0.0,0.0,0.0,0.0,0.0,0.0,0.0,0.0,0.0,0.0,0.0,0.0,0.0,0.0,0.0,0.0,0.0,0.0,0.0,0.0,0.0,0.0,0.0,0.0,0.0,0.0,0.0,0.0,0.0,0.0,0.0,0.0,0.0,0.0,0.0,0.0,0.0,0.0,0.0,0.0,0.0,0.0,0.0,0.0,0.0,0.0,0.0,0.0,0.0,0.0,0.0,0.0,0.0,0.0,0.0,0.0,0.0,0.0,0.0,0.0,0.0,0.0,0.0,0.0,0.0,0.0,0.0,0.0,0.0,0.0,0.0,0.0,0.0,0.0,0.0,0.0,0.0,0.0,0.0
ENCFF000WAP,0.06812481035298563,1877,5,164,1369,47,3430,233,15,20,12,51,159,184,379,768,1083,155,17,177,240,5,22,4,3,3,38,61,164,1096,154,9,7,20,72,57,5,80,2,3,380,421,2,31,5,1,23,207,928,8,30,54,73,15,10,278,9,13,19,12,34,70,22,497,6,16,23,11,1882,1902,270,41,33,43,232,12,60,25,36,40,9,47,47,147,15,29,140,0,39,30,1,50,44,2,46,49,703,6627,387,2,1173,1593,89,1348,103,19,197,56,45,1,98,268,242,2,197,1228,121,1351,28,117,102,359,51,1713,61,253,118,31,115,15,2,1231,527,32,980,339,503,1103,14,234,104,56,148,1582,12,31,4,1,1,0,73,14,42,382,197,16,177,1472,181,11,48,49,45,105,164,146,221,1,6,4,48,3,74,34,162,465,3,0,25,47,33,655,296,1626,106,1152,1347,606,1283,575,1129,3,1031,1168,417,354,918,737,263,24,20,41,3,28,38,8,4,0,1,162,14,1838,518,390,7,8188,1544,147,1072,936,48,33,1541,696,2333,223,1646,1,1647,4,13,86,61,6,39,12,118,78,2,28,51,35,40,20,78,48,12,14,169,125,67,112,44,16,18,26,27,21,11,23,53,182,53,13,89,103,81,485,1151,36,86,114,66,36,37,21,34,29,4,295,24,41,214,13,52,20,142,54,39,25,40,9,20,20,105,98,45,41,29,110,70,28,29,36,179,0,2,18,19,22,10,561,5,336,0,21,3,275,38,241,281,268,3,105,4,14,37,187,2644,29,66,91,45,1,109,5,14,26,595,250,229,70,0,4,3,0,4,24,44,113,25,138,28,26,65,1953,26,88,4770,20,255,35,208,80,104,15,53,212,42,30,41,22,18,17,473,45,35,42,13,39,49,929,7,398,107,1,1133,354,4,6,240,25,5,289,38,46,12,142,52,621,134,24,41,30,21,64,28,49,18,0,53,2,63,3,1,6,18,11,35,26,1267,112,444,251,75,28,36,6,1489,10,626,59,511,60,13,92,7,1084,217,366,1646,101,636,13,10,16,33,22,33,29,73,312,37,1,10,59,1,2,164,154,0,15,15,998,1639,1325,326,1401,209,16,2904,3759,554,1695,2703,3349,14,8,26,34,16,44,49,22,23,19,276,0.0,0.0,0.0,0.0,0.0,0.0,0.0,0.0,0.0,0.0,0.0,0.0,0.0,0.0,0.0,0.0,0.0,0.0,0.0,0.0,0.0,0.0,0.0,0.0,0.0,0.0,0.0,0.0,0.0,0.0,0.0,0.0,0.0,0.0,0.0,0.0,0.0,0.0,0.0,0.0,0.0,0.0,0.0,0.0,0.0,0.0,0.0,0.0,0.0,0.0,0.0,0.0,0.0,0.0,0.0,0.0,0.0,0.0,0.0,0.0,0.0,0.0,0.0,0.0,0.0,0.0,0.0,0.0,0.0,0.0,0.0,0.0,0.0,0.0,0.0,0.0,0.0,0.0,0.0,0.0,0.0,0.0,0.0,0.0,0.0,0.0,0.0,0.0,0.0,0.0,0.0,0.0,0.0,0.0,0.0,0.0,0.0,0.0,0.0,0.0,0.0,0.0,0.0,0.0,0.0,0.0,0.0,0.0,0.0,0.0,0.0,0.0,0.0,0.0,0.0,0.0,0.0,0.0,0.0,0.0,0.0,0.0,0.0,0.0,0.0,0.0,0.0,0.0,0.0,0.0,0.0,0.0,0.0,0.0,0.0,0.0,0.0,0.0,0.0,0.0,0.0,0.0,0.0,0.0,0.0,0.0,0.0,0.0,0.0,0.0
ENCFF095UOK,0.03194903468692268,4259,5,388,728,13,2718,2533,8,29,30,52,385,65,164,896,254,210,45,332,536,48,96,17,3,4,917,59,183,429,584,50,23,52,536,620,2,594,6,1,985,1818,2,105,0,0,800,948,336,4,36,40,59,84,137,1879,33,33,44,21,105,104,2,69,20,108,16,0,3808,5087,1615,176,35,78,1444,32,297,8,19,131,4,14,578,609,11,13,288,0,20,11,3,202,7,0,139,67,77,20685,1474,13,4206,6678,242,5742,677,7,1120,383,380,0,664,1734,1503,9,608,5645,214,1639,4,21,72,1528,7,312,360,876,345,163,595,47,15,5674,422,47,520,227,3181,4965,20,551,141,202,579,572,123,34,3,21,53,6,328,43,80,1275,693,85,477,879,91,61,182,123,191,367,622,606,1719,9,23,5,53,3,78,8,348,1530,0,0,16,109,351,2512,917,6188,186,2645,3842,1801,1155,1577,2910,22,3868,4293,1910,1347,4225,2804,1171,120,17,77,12,24,20,39,22,6,0,377,4,1251,849,95,7,25723,3802,351,3228,718,208,59,4435,2409,3062,35,7371,14,6925,18,126,81,6,6,359,311,382,364,15,16,24,10,21,12,1072,531,202,166,447,450,335,1196,28,9,11,74,13,14,5,280,35,1039,45,8,210,758,531,538,322,44,555,1198,78,157,139,11,56,9,138,1101,15,22,1034,17,265,12,506,15,134,14,24,174,6,42,114,165,17,32,19,516,90,11,19,22,199,1,7,6,15,155,3,2531,3,2032,2,77,5,987,271,1318,898,957,1,372,5,38,40,736,2098,98,324,915,137,0,618,12,41,101,6890,575,430,205,1,19,16,1,8,13,87,341,290,475,12,11,70,901,18,108,17183,23,1036,121,852,88,183,10,21,511,21,425,520,11,15,33,285,573,148,609,166,160,707,3665,8,1277,348,0,5740,1222,0,37,2934,78,17,587,18,387,63,1110,146,202,115,65,21,545,9,64,24,281,17,2,126,1,245,9,1,26,82,4,15,67,564,21,213,217,16,18,357,4,7169,18,4040,135,2183,178,35,349,6,16118,1259,4519,11338,150,224,15,7,10,29,14,234,15,183,188,330,2,43,34,0,0,604,645,3,12,33,3558,4498,3465,1088,4462,565,30,6399,11836,1846,4535,9678,11347,33,22,14,13,9,46,311,33,59,221,727,0.0,0.0,0.0,0.0,0.0,0.0,0.0,0.0,0.0,0.0,0.0,0.0,0.0,0.0,0.0,0.0,0.0,0.0,0.0,0.0,0.0,0.0,0.0,0.0,0.0,0.0,0.0,0.0,0.0,0.0,0.0,0.0,0.0,0.0,0.0,0.0,0.0,0.0,0.0,0.0,0.0,0.0,0.0,0.0,0.0,0.0,0.0,0.0,0.0,0.0,0.0,0.0,0.0,0.0,0.0,0.0,0.0,0.0,0.0,0.0,0.0,0.0,0.0,0.0,0.0,0.0,0.0,0.0,0.0,0.0,0.0,0.0,0.0,0.0,0.0,0.0,0.0,0.0,0.0,0.0,0.0,0.0,0.0,0.0,0.0,0.0,0.0,0.0,0.0,0.0,0.0,0.0,0.0,0.0,0.0,0.0,0.0,0.0,0.0,0.0,0.0,0.0,0.0,0.0,0.0,0.0,0.0,0.0,0.0,0.0,0.0,0.0,0.0,0.0,0.0,0.0,0.0,0.0,0.0,0.0,0.0,0.0,0.0,0.0,0.0,0.0,0.0,0.0,0.0,0.0,0.0,0.0,0.0,0.0,0.0,0.0,0.0,0.0,0.0,0.0,0.0,0.0,0.0,0.0,0.0,0.0,0.0,0.0,0.0,0.0
ENCFF300UZJ,0.15175766868837154,73475,387,7557,164811,1708,395967,19750,1125,667,739,1161,11701,5254,19824,81174,83561,5660,1862,17314,13494,273,1756,75,219,189,4061,580,11931,109592,10009,435,161,1510,7867,7546,105,7811,54,6,20105,27202,249,1277,115,99,2573,20675,68113,85,2748,5359,6004,909,506,12218,207,978,559,360,1927,5942,1707,53548,7964,801,206,287,147665,146519,13008,5218,3000,6623,11438,532,5619,2525,3131,3822,985,4931,4926,7907,1666,3183,14935,54,3649,2989,79,2489,426,143,6175,4130,107446,429665,21584,364,60806,94096,10323,79686,4865,2851,10796,3603,4489,53,8339,17288,18670,503,14022,82584,5465,124648,600,3022,4195,18820,1357,209702,5521,15009,6021,1123,5492,536,174,68026,22224,429,83913,21354,21752,64785,77,14060,19993,4933,8746,208979,1166,305,345,236,103,144,5981,1184,996,26954,9245,968,11184,165899,11513,797,5282,2506,2174,7309,9507,9478,12586,153,251,133,4575,79,5924,2575,1801,440,43,25,2071,1508,4780,30111,15409,101409,8428,70693,95565,42401,103607,46049,83969,800,67261,84754,23539,22278,64144,47922,13699,2856,105,2592,140,2947,4901,259,94,56,118,10278,333,165924,34320,27848,1516,481220,112398,11039,76808,85540,3167,1256,109871,57489,185563,7694,99168,372,89725,56,912,2031,33,1260,3804,844,15286,7092,77,3230,3286,2590,4406,1944,9788,5788,294,537,18128,10909,5814,6258,6809,1623,3376,3620,1799,1298,934,675,5407,14537,3362,1489,4423,9123,7511,45609,122377,508,9515,7725,4673,3680,2848,2812,4007,2377,124,17607,2256,5754,14136,1358,5758,2233,12377,5785,4499,3425,4282,551,2060,1885,10359,8562,3630,3967,3325,7004,6308,4706,3063,4795,13642,107,99,1861,3193,1424,1411,37828,502,22714,77,679,217,17960,2015,18277,19139,22882,64,7420,144,136,1852,8106,275684,1346,4668,7871,2961,46,8472,241,1279,3983,59414,23185,12968,3608,100,235,217,56,118,2648,4896,5279,2783,9264,2655,1901,7717,230743,790,6552,259382,1841,16427,4245,24545,1309,8343,1205,221,8089,3370,4289,4400,1560,1334,566,4176,5740,4259,4477,1916,4892,5196,68061,98,42842,3650,114,65213,19492,639,958,14435,2184,91,23888,3195,2365,359,13023,4381,121063,9163,857,2862,4684,2344,3578,3697,2568,2623,76,2173,80,6474,452,194,167,327,1149,900,3018,186866,4335,37234,17439,3251,1930,2262,1145,81322,212,34998,4947,24884,3990,331,6777,36,83630,14076,29228,103973,5467,113654,646,1372,1627,4106,1945,3973,3397,4513,44534,4120,54,346,4737,184,180,9111,8334,73,237,231,62849,104710,83815,21323,78929,11225,7111,205915,227033,36169,107244,178288,195078,675,239,2957,2761,971,3899,1828,918,512,2127,18718,0.0,0.0,0.0,0.0,0.0,0.0,0.0,0.0,0.0,0.0,0.0,0.0,0.0,0.0,0.0,0.0,0.0,0.0,0.0,0.0,0.0,0.0,0.0,0.0,0.0,0.0,0.0,0.0,0.0,0.0,0.0,0.0,0.0,0.0,0.0,0.0,0.0,0.0,0.0,0.0,0.0,0.0,0.0,0.0,0.0,0.0,0.0,0.0,0.0,0.0,0.0,0.0,0.0,0.0,0.0,0.0,0.0,0.0,0.0,0.0,0.0,0.0,0.0,0.0,0.0,0.0,0.0,0.0,0.0,0.0,0.0,0.0,0.0,0.0,0.0,0.0,0.0,0.0,0.0,0.0,0.0,0.0,0.0,0.0,0.0,0.0,0.0,0.0,0.0,0.0,0.0,0.0,0.0,0.0,0.0,0.0,0.0,0.0,0.0,0.0,0.0,0.0,0.0,0.0,0.0,0.0,0.0,0.0,0.0,0.0,0.0,0.0,0.0,0.0,0.0,0.0,0.0,0.0,0.0,0.0,0.0,0.0,0.0,0.0,0.0,0.0,0.0,0.0,0.0,0.0,0.0,0.0,0.0,0.0,0.0,0.0,0.0,0.0,0.0,0.0,0.0,0.0,0.0,0.0,0.0,0.0,0.0,0.0,0.0,0.0
ENCFF429KAX,0.1366508470114741,256033,108,1394,26128,248,99498,7591,365,193,157,765,3569,929,2762,15173,10715,1542,514,3742,4609,107,484,51,83,64,1719,23323,2963,16107,3192,107,27,389,2188,2020,16,2178,21,1,6579,6646,43,148,28,16,617,5164,12799,1321,819,1369,1507,117,200,4230,63,247,347,166,770,2073,170,5447,208,111,6042,164,22609,32761,3849,1325,746,2315,4116,30,1598,699,797,917,271,1272,1576,1882,446,855,3715,16,874,855,15,698,145,26,840,618,9561,112533,6555,138,18301,25122,2794,21935,1582,748,2753,1010,1412,27,2649,5854,6976,92,4576,26948,891,21449,122,491,690,4749,276,31701,1231,5940,1965,181,1534,122,79,19346,2436,9162,8916,4027,9918,19422,700,4052,4205,1389,3152,23573,227,1309,39,59,37,19,1308,301,527,9407,2770,246,3082,25502,1620,152,1606,688,365,1892,4073,5070,5000,42,70,30,1118,29,1285,631,485,89,12,7,504,294,1355,8721,4216,31223,2362,14124,22365,10231,19950,11441,21033,99,17705,22484,8652,7050,19108,12877,3170,771,1881,658,25,801,1273,84,24,9,78,4018,68,24552,7094,3356,304,125497,29688,3756,16572,9812,697,643,22559,13567,33160,2667,33548,160,35889,36,256,919,66,363,1016,370,4064,1674,39,747,745,661,1180,569,2732,1326,308,152,4628,3040,1568,2533,1785,361,972,891,515,332,248,245,1146,3012,969,409,1114,2568,1745,5603,12354,19630,2408,2775,1162,877,751,784,984,566,95,5978,622,1810,4012,362,1591,595,3267,1895,1216,1040,1071,395,460,454,2719,1936,990,846,917,2066,1728,1185,645,1166,2859,31,46,468,907,682,398,11490,258,7647,21,151,125,4162,555,6235,6538,7750,19,1839,109,31,1359,2318,48132,1600,1599,2273,791,125,2052,39,120,1110,16060,5405,4740,1035,92,206,68,14,64,656,1248,1727,843,3166,725,496,906,34493,353,1732,76411,398,4321,1073,6458,23624,2032,286,1520,9695,819,1238,1360,376,289,65,173336,1849,1148,1240,582,1196,1303,17516,19,11439,913,31,22982,5919,36,300,5910,959,94,6027,782,1510,154,3711,1067,11591,1238,2886,790,1208,668,846,931,1059,616,25,724,29,2213,185,226,45,1330,278,169,372,26604,718,5824,3004,434,568,796,276,21308,1377,9543,1701,7523,982,43,1906,19,27566,4864,9414,34191,862,10164,97,210,428,1102,615,1100,878,1144,5258,1034,14,100,1083,37,28,2184,2146,18,1168,112,17775,23470,19097,5006,21084,3069,395,41387,52716,8622,23147,43787,51386,77,57,740,639,306,977,509,255,193,660,5916,0.0,0.0,0.0,0.0,0.0,0.0,0.0,0.0,0.0,0.0,0.0,0.0,0.0,0.0,0.0,0.0,0.0,0.0,0.0,0.0,0.0,0.0,0.0,0.0,0.0,0.0,0.0,0.0,0.0,0.0,0.0,0.0,0.0,0.0,0.0,0.0,0.0,0.0,0.0,0.0,0.0,0.0,0.0,0.0,0.0,0.0,0.0,0.0,0.0,0.0,0.0,0.0,0.0,0.0,0.0,0.0,0.0,0.0,0.0,0.0,0.0,0.0,0.0,0.0,0.0,0.0,0.0,0.0,0.0,0.0,0.0,0.0,0.0,0.0,0.0,0.0,0.0,0.0,0.0,0.0,0.0,0.0,0.0,0.0,0.0,0.0,0.0,0.0,0.0,0.0,0.0,0.0,0.0,0.0,0.0,0.0,0.0,0.0,0.0,0.0,0.0,0.0,0.0,0.0,0.0,0.0,0.0,0.0,0.0,0.0,0.0,0.0,0.0,0.0,0.0,0.0,0.0,0.0,0.0,0.0,0.0,0.0,0.0,0.0,0.0,0.0,0.0,0.0,0.0,0.0,0.0,0.0,0.0,0.0,0.0,0.0,0.0,0.0,0.0,0.0,0.0,0.0,0.0,0.0,0.0,0.0,0.0,0.0,0.0,0.0
ENCFF000WRK,0.08459875285813709,3138,277,339,3699,80,8061,601,33,54,18,62,311,508,1014,1986,2946,365,44,471,490,29,78,7,4,3,132,68,336,1945,337,30,27,69,191,184,1,172,4,6,763,1044,2,61,6,69,96,573,2212,14,78,89,157,34,43,637,18,24,38,9,82,126,39,1200,58,65,18,12,4592,4175,703,110,64,96,580,23,111,56,96,86,28,100,120,372,63,45,296,1,89,46,1,131,23,4,146,141,1336,15268,1001,10,2705,3895,204,3265,149,64,498,146,176,1,247,691,686,19,488,3006,273,2415,55,227,212,798,117,3323,154,527,225,83,272,26,12,2850,1493,42,2219,931,1055,2675,9,478,255,104,311,4183,47,16,7,14,4,7,179,31,69,909,493,71,443,3677,356,25,103,101,118,261,393,344,491,4,15,9,92,3,184,74,275,1992,0,1,66,85,93,1408,667,4010,271,2728,3150,1285,2810,1210,2623,25,2462,2883,939,848,2260,1710,897,85,7,60,12,61,66,22,14,4,5,383,32,3476,1106,1377,19,60991,3355,336,2655,2344,99,45,3979,1781,5444,479,3949,17,3989,2,21,134,71,26,90,29,304,180,4,77,102,61,73,46,270,141,25,40,419,298,151,268,120,32,70,62,41,45,40,70,122,493,120,38,149,222,194,1363,2690,45,221,318,118,82,60,53,68,48,16,749,45,86,498,37,153,56,366,115,118,78,91,15,41,45,242,242,93,86,74,272,125,62,71,95,337,1,4,40,59,49,21,1384,7,869,1,51,5,611,80,639,651,658,2,234,7,17,129,355,6431,59,219,239,105,5,263,11,21,74,1595,562,386,121,5,18,9,3,6,62,98,246,76,358,46,46,136,5288,39,203,11443,127,584,95,460,64,220,30,32,391,107,95,96,48,30,21,287,123,90,124,36,134,140,2328,9,1051,238,3,2518,653,3,32,613,59,8,589,66,99,25,275,120,1846,387,65,115,126,57,118,61,94,76,3,75,1,207,13,3,31,26,26,65,63,2782,218,1001,575,138,43,76,24,3423,10,1452,183,1198,113,22,272,2,3359,587,1092,4096,247,1837,14,31,23,95,161,119,49,147,521,80,1,22,139,0,2,383,404,3,14,22,2269,3686,2787,630,3293,462,71,6618,8205,1206,3688,6220,7364,47,30,93,89,23,103,125,36,44,64,625,0.0,0.0,0.0,0.0,0.0,0.0,0.0,0.0,0.0,0.0,0.0,0.0,0.0,0.0,0.0,0.0,0.0,0.0,0.0,0.0,0.0,0.0,0.0,0.0,0.0,0.0,0.0,0.0,0.0,0.0,0.0,0.0,0.0,0.0,0.0,0.0,0.0,0.0,0.0,0.0,0.0,0.0,0.0,0.0,0.0,0.0,0.0,0.0,0.0,0.0,0.0,0.0,0.0,0.0,0.0,0.0,0.0,0.0,0.0,0.0,0.0,0.0,0.0,0.0,0.0,0.0,0.0,0.0,0.0,0.0,0.0,0.0,0.0,0.0,0.0,0.0,0.0,0.0,0.0,0.0,0.0,0.0,0.0,0.0,0.0,0.0,0.0,0.0,0.0,0.0,0.0,0.0,0.0,0.0,0.0,0.0,0.0,0.0,0.0,0.0,0.0,0.0,0.0,0.0,0.0,0.0,0.0,0.0,0.0,0.0,0.0,0.0,0.0,0.0,0.0,0.0,0.0,0.0,0.0,0.0,0.0,0.0,0.0,0.0,0.0,0.0,0.0,0.0,0.0,0.0,0.0,0.0,0.0,0.0,0.0,0.0,0.0,0.0,0.0,0.0,0.0,0.0,0.0,0.0,0.0,0.0,0.0,0.0,0.0,0.0
ENCFF000ZSE,0.05324924631455896,2340,15,238,1893,41,3322,305,22,20,11,27,157,287,546,912,1363,224,28,358,340,17,52,5,4,2,36,44,170,1899,275,11,16,26,120,97,0,118,1,1,444,751,5,51,1,4,48,318,1588,7,79,61,83,31,31,467,21,18,25,9,46,76,30,810,15,32,12,3,2837,3179,481,47,37,56,377,13,62,40,36,62,14,59,58,224,29,33,155,1,50,33,0,96,14,2,107,71,766,10193,672,2,1763,2569,134,2301,121,28,322,98,136,0,177,587,534,7,277,2199,172,1526,33,125,120,510,56,2137,84,458,170,51,199,19,14,2036,816,26,996,501,858,1719,8,250,231,77,191,1613,25,15,8,6,3,2,124,18,92,583,281,47,252,1920,204,21,52,59,65,198,329,299,368,45,15,6,45,2,105,37,178,324,0,0,33,52,45,985,444,3070,125,1768,2017,881,1760,847,1645,14,1751,2061,754,603,1472,1171,413,45,11,65,4,26,45,8,7,1,15,300,26,1839,741,733,20,12562,2129,245,1636,1454,84,46,2407,1131,3431,249,2955,3,2931,1,19,52,12,10,32,16,212,118,28,45,46,31,52,26,116,76,16,12,272,197,130,184,63,12,29,30,26,31,22,37,70,313,66,26,108,128,105,712,991,36,117,270,87,45,22,34,34,41,16,480,17,34,335,15,88,25,227,53,62,39,50,55,27,42,127,128,42,61,32,143,88,42,47,42,189,2,0,24,34,92,17,916,5,759,1,29,4,362,61,515,399,439,4,159,13,7,74,304,3896,32,130,137,71,5,133,12,9,42,784,413,168,104,4,14,7,0,2,30,78,190,37,227,44,30,89,2785,18,94,7591,26,330,47,256,53,140,14,13,234,56,47,45,33,24,16,231,77,56,69,40,68,73,1592,7,628,154,6,1845,435,1,16,335,40,1,425,51,179,21,183,73,754,180,43,60,51,18,72,32,88,30,0,74,1,140,7,1,13,27,25,36,47,2299,111,570,313,99,35,73,16,2651,5,951,100,791,83,22,185,1,1830,369,653,2852,105,776,6,13,17,46,28,60,34,74,409,58,6,17,71,0,1,260,307,2,12,13,1503,2292,1655,418,2099,299,40,3991,5349,749,2334,4012,4892,21,21,43,36,14,43,144,13,31,31,389,0.0,0.0,0.0,0.0,0.0,0.0,0.0,0.0,0.0,0.0,0.0,0.0,0.0,0.0,0.0,0.0,0.0,0.0,0.0,0.0,0.0,0.0,0.0,0.0,0.0,0.0,0.0,0.0,0.0,0.0,0.0,0.0,0.0,0.0,0.0,0.0,0.0,0.0,0.0,0.0,0.0,0.0,0.0,0.0,0.0,0.0,0.0,0.0,0.0,0.0,0.0,0.0,0.0,0.0,0.0,0.0,0.0,0.0,0.0,0.0,0.0,0.0,0.0,0.0,0.0,0.0,0.0,0.0,0.0,0.0,0.0,0.0,0.0,0.0,0.0,0.0,0.0,0.0,0.0,0.0,0.0,0.0,0.0,0.0,0.0,0.0,0.0,0.0,0.0,0.0,0.0,0.0,0.0,0.0,0.0,0.0,0.0,0.0,0.0,0.0,0.0,0.0,0.0,0.0,0.0,0.0,0.0,0.0,0.0,0.0,0.0,0.0,0.0,0.0,0.0,0.0,0.0,0.0,0.0,0.0,0.0,0.0,0.0,0.0,0.0,0.0,0.0,0.0,0.0,0.0,0.0,0.0,0.0,0.0,0.0,0.0,0.0,0.0,0.0,0.0,0.0,0.0,0.0,0.0,0.0,0.0,0.0,0.0,0.0,0.0
ENCFF984PAZ,0.08312749741710583,308241,3591,16094,105902,2619,264502,20173,854,1617,880,2101,10965,14032,36773,67457,76477,12299,1339,23021,18981,544,2354,291,260,204,3045,21077,10970,71805,10607,792,1349,1735,5919,5520,665,6455,78,230,26471,32781,374,2431,241,1086,1813,18839,87009,3119,1532,3318,4500,1246,1083,20351,619,981,1360,624,2106,4997,3361,52558,3956,2857,5772,348,194167,235679,21410,3467,2159,7850,16197,997,4088,1629,2548,2916,709,3079,3771,11385,1416,1727,12150,57,2855,1672,58,3777,810,160,6191,4956,98983,570287,34630,451,94093,131775,8617,115004,5200,1995,15933,5116,5611,108,9867,26080,24241,718,15988,102077,10582,148275,2151,8756,8566,27798,3829,198624,5244,20546,9501,2518,7620,1037,340,91110,45746,12756,91568,35014,40631,83511,3627,16203,13323,3826,13421,148145,1629,3071,448,346,110,91,6702,1001,2069,34932,15504,1993,16349,114668,13448,1272,3745,5109,6050,10073,14833,13210,18014,326,368,224,3277,43,6230,1971,5490,140611,467,89,2533,2274,3234,50335,22421,146396,7661,95510,110229,51494,98766,46661,92311,766,94970,110894,44618,29102,79839,64102,24217,3401,4506,2845,1218,1605,2799,486,193,125,149,15401,1904,138938,44003,37482,1080,1075757,143734,15087,102592,102165,3245,3222,151313,76045,229149,16033,157318,1049,133209,57,1062,2990,568,875,3063,787,12270,7030,81,2107,3048,1833,2939,1374,8196,4619,1428,644,14258,9224,6418,8593,3794,1083,1987,2379,998,1108,820,1935,3723,21431,4358,1110,6388,8253,7343,53523,189791,12368,7014,11237,4221,2753,2128,1879,2956,1746,732,25533,1415,2605,15154,1183,5012,1221,13623,3479,3351,1900,2949,979,1336,2605,7829,8059,2518,3123,2349,7532,4762,2433,2471,2964,13811,94,164,1143,1907,1265,899,45028,496,30436,72,1654,258,19099,2081,23341,24250,25146,105,8598,298,503,7180,12200,276021,2815,7908,7248,3452,1118,10083,704,1761,2432,54531,26573,9944,4052,109,725,443,67,92,2196,5604,9401,1821,13165,1471,1534,6566,155964,1979,7196,411633,2369,18465,3314,17980,22086,9007,982,8102,29644,2424,3186,3320,1319,1332,1003,97144,3831,2956,3455,1870,3925,4037,80936,156,32943,7082,117,85342,22619,107,828,23349,2533,76,21269,2523,4494,728,10080,3592,64641,12563,4090,3048,3463,1503,3621,2682,4015,3379,75,3331,76,6748,794,343,530,2974,4095,3359,3874,145493,7514,34459,23488,4879,2133,3522,719,108268,2046,48207,8527,37087,3981,1043,8851,142,108273,21441,34747,155394,16380,61003,1235,1338,1178,3979,3459,3518,2257,5554,29610,3209,92,2312,3362,81,84,11879,11527,113,4433,432,77478,153362,107972,30568,118501,14293,2115,255805,318408,49581,148055,239737,273942,834,577,2448,2211,683,2798,4118,968,1487,2104,22803,0.0,0.0,0.0,0.0,0.0,0.0,0.0,0.0,0.0,0.0,0.0,0.0,0.0,0.0,0.0,0.0,0.0,0.0,0.0,0.0,0.0,0.0,0.0,0.0,0.0,0.0,0.0,0.0,0.0,0.0,0.0,0.0,0.0,0.0,0.0,0.0,0.0,0.0,0.0,0.0,0.0,0.0,0.0,0.0,0.0,0.0,0.0,0.0,0.0,0.0,0.0,0.0,0.0,0.0,0.0,0.0,0.0,0.0,0.0,0.0,0.0,0.0,0.0,0.0,0.0,0.0,0.0,0.0,0.0,0.0,0.0,0.0,0.0,0.0,0.0,0.0,0.0,0.0,0.0,0.0,0.0,0.0,0.0,0.0,0.0,0.0,0.0,0.0,0.0,0.0,0.0,0.0,0.0,0.0,0.0,0.0,0.0,0.0,0.0,0.0,0.0,0.0,0.0,0.0,0.0,0.0,0.0,0.0,0.0,0.0,0.0,0.0,0.0,0.0,0.0,0.0,0.0,0.0,0.0,0.0,0.0,0.0,0.0,0.0,0.0,0.0,0.0,0.0,0.0,0.0,0.0,0.0,0.0,0.0,0.0,0.0,0.0,0.0,0.0,0.0,0.0,0.0,0.0,0.0,0.0,0.0,0.0,0.0,0.0,0.0
ENCFF000OWS,0.1520256966729886,85450,903,4445,34391,534,84014,11710,314,620,375,894,5042,4499,9169,20232,28565,4064,627,5891,7587,246,1001,132,59,73,3599,6120,4226,16840,4869,355,286,701,4341,4510,182,4210,25,105,10404,15667,85,995,59,382,5073,9926,16699,512,892,1052,1710,700,416,9652,214,501,451,346,1066,2009,354,9661,963,831,1667,203,51762,55760,14406,1953,835,2201,8232,375,2953,635,918,1085,265,1149,3800,4787,526,580,4400,26,945,615,26,1742,158,39,1370,1542,11159,218295,14553,149,39568,59488,3784,51897,4100,766,7859,2610,3324,36,4134,11338,11380,182,5722,44914,3382,28531,365,1473,1759,12776,605,32628,2887,8215,3897,1068,5492,490,353,45419,13814,4955,21361,8556,17029,39926,815,6591,2745,3168,4999,35121,1072,880,237,155,80,46,3256,431,1112,13720,6818,876,4912,36163,3239,518,2684,1712,1592,3862,6674,5495,8618,140,181,50,1200,31,2124,689,1877,1801,113,2,791,1164,2453,20875,9747,58940,2823,35027,39884,18592,24589,17473,35155,388,38648,45684,14600,12809,36196,26470,10137,1209,1143,695,73,522,1036,285,83,42,30,5085,304,33186,13127,13279,286,423048,44675,4560,35537,22513,1643,842,49190,22605,58919,3671,63604,303,62121,81,491,1245,393,351,2266,826,4766,3282,63,754,1102,666,1083,517,8018,3516,1460,1533,6260,4851,3114,4514,1325,338,757,850,422,433,337,755,1259,7429,1434,466,2403,5709,4097,12667,17001,3754,5106,6735,1679,1553,1298,782,1118,550,256,11290,617,955,8291,428,2193,522,5053,1265,1497,675,1108,330,575,850,2829,2799,923,1033,780,3578,1755,901,894,1032,4835,22,48,525,748,703,177,19803,100,13628,26,725,46,9464,1289,9888,8749,9917,30,3909,144,249,1556,5490,63869,1198,3673,5351,1322,274,6036,239,382,1135,21797,7288,5320,1960,25,244,131,14,77,781,1711,3335,2448,4937,605,632,1423,46564,617,2455,168904,931,9452,1223,9499,6274,3349,346,2127,8550,954,3041,3664,504,485,434,22529,4047,1323,3856,927,2841,3866,35959,96,13230,2965,65,39980,9007,42,424,9861,1525,80,8143,933,2007,403,6754,1702,17402,3414,1388,1004,3415,519,1258,994,2094,823,23,1152,34,2498,140,35,254,964,380,647,706,25677,1453,9314,5142,1007,591,1271,217,52002,629,25677,2724,17342,1913,522,3894,68,52936,8725,17252,65166,1890,16710,339,389,461,1195,982,2843,839,1799,6037,2664,42,825,1153,31,56,5575,5758,48,987,322,36334,53704,38520,10492,48691,5871,689,80043,124832,17122,53462,93339,112900,393,212,874,835,295,983,1856,383,648,1026,9085,0.0,0.0,0.0,0.0,0.0,0.0,0.0,0.0,0.0,0.0,0.0,0.0,0.0,0.0,0.0,0.0,0.0,0.0,0.0,0.0,0.0,0.0,0.0,0.0,0.0,0.0,0.0,0.0,0.0,0.0,0.0,0.0,0.0,0.0,0.0,0.0,0.0,0.0,0.0,0.0,0.0,0.0,0.0,0.0,0.0,0.0,0.0,0.0,0.0,0.0,0.0,0.0,0.0,0.0,0.0,0.0,0.0,0.0,0.0,0.0,0.0,0.0,0.0,0.0,0.0,0.0,0.0,0.0,0.0,0.0,0.0,0.0,0.0,0.0,0.0,0.0,0.0,0.0,0.0,0.0,0.0,0.0,0.0,0.0,0.0,0.0,0.0,0.0,0.0,0.0,0.0,0.0,0.0,0.0,0.0,0.0,0.0,0.0,0.0,0.0,0.0,0.0,0.0,0.0,0.0,0.0,0.0,0.0,0.0,0.0,0.0,0.0,0.0,0.0,0.0,0.0,0.0,0.0,0.0,0.0,0.0,0.0,0.0,0.0,0.0,0.0,0.0,0.0,0.0,0.0,0.0,0.0,0.0,0.0,0.0,0.0,0.0,0.0,0.0,0.0,0.0,0.0,0.0,0.0,0.0,0.0,0.0,0.0,0.0,0.0
ENCFF002EDO,0.198702565288462,69513,199,3769,40153,961,106314,7445,323,668,377,636,3585,5820,12712,22104,34507,4503,522,7408,6838,190,792,114,89,112,1087,3277,3951,55977,4484,298,244,618,2167,2051,92,2405,45,10,9328,12743,67,795,49,45,848,6995,27181,338,655,1359,1782,605,378,7320,168,412,473,207,993,1724,341,17876,579,788,815,63,60512,61019,9223,1332,827,1812,6307,415,1469,685,1016,1152,252,1178,1472,4462,531,716,4286,19,1099,658,30,1495,299,45,1817,1620,24737,200922,12060,121,32189,46576,3127,39944,1354,775,6073,1814,2113,28,3274,8263,8518,213,4888,44251,3928,58453,894,3396,3001,10642,1464,83301,1682,7203,3334,928,3190,534,212,33767,18094,6508,32665,11314,14158,33567,470,5248,4601,1430,4589,65893,596,624,151,118,43,56,2752,380,558,12060,5683,860,5769,42023,4042,519,1478,2078,1645,3668,5043,4499,5902,95,186,87,1228,63,2116,761,1315,203,80,8,787,908,1236,18481,8549,53926,2701,37885,41122,18308,47392,16813,33963,365,33319,39687,13425,11177,27868,23211,7462,1084,804,1198,83,663,1132,252,137,84,171,4675,545,74059,15531,18865,587,216864,47514,4370,34651,34027,1341,648,49556,24435,72631,6280,53496,220,51590,58,415,798,132,350,1193,271,4488,2531,33,765,1120,675,1116,523,3022,1828,246,274,5483,3535,2483,3131,1491,408,817,932,445,440,327,552,1334,6339,1628,453,2134,2835,2729,11657,23567,2250,2846,3375,1600,1021,763,793,1167,648,161,9230,552,1007,6037,446,1904,486,4704,1299,1252,688,1122,190,591,710,2948,2854,988,1176,841,2803,1791,966,999,1192,4730,23,36,520,765,584,385,16902,196,11171,20,599,74,7656,892,8225,7611,8602,52,3415,206,227,2666,4648,86481,871,2632,2514,1258,192,3272,309,310,914,18780,8615,3446,1663,63,279,143,26,64,802,1814,2766,725,4366,623,606,1612,59129,560,2456,141946,697,7108,1178,6716,3667,3198,386,1543,7017,992,1255,1397,424,509,303,17858,1503,1204,1343,566,1407,1552,29792,155,12172,2587,37,30316,9139,120,400,7661,1091,93,7877,1012,1671,354,3856,1368,28996,4256,1148,941,1408,609,1591,1080,1657,1298,59,1479,41,2130,181,28,245,762,586,1095,1109,28814,2860,10960,7186,1808,641,1096,265,41180,319,17272,2338,14441,1823,402,3292,27,36378,6538,12018,51502,1975,22471,403,335,438,1254,604,1409,909,1731,10088,1279,50,539,1262,42,75,4724,4945,24,813,243,29286,47674,35687,9135,42113,4705,397,89397,105698,16113,48868,77257,92781,402,229,962,820,262,1104,1475,316,561,897,7986,0.0,0.0,0.0,0.0,0.0,0.0,0.0,0.0,0.0,0.0,0.0,0.0,0.0,0.0,0.0,0.0,0.0,0.0,0.0,0.0,0.0,0.0,0.0,0.0,0.0,0.0,0.0,0.0,0.0,0.0,0.0,0.0,0.0,0.0,0.0,0.0,0.0,0.0,0.0,0.0,0.0,0.0,0.0,0.0,0.0,0.0,0.0,0.0,0.0,0.0,0.0,0.0,0.0,0.0,0.0,0.0,0.0,0.0,0.0,0.0,0.0,0.0,0.0,0.0,0.0,0.0,0.0,0.0,0.0,0.0,0.0,0.0,0.0,0.0,0.0,0.0,0.0,0.0,0.0,0.0,0.0,0.0,0.0,0.0,0.0,0.0,0.0,0.0,0.0,0.0,0.0,0.0,0.0,0.0,0.0,0.0,0.0,0.0,0.0,0.0,0.0,0.0,0.0,0.0,0.0,0.0,0.0,0.0,0.0,0.0,0.0,0.0,0.0,0.0,0.0,0.0,0.0,0.0,0.0,0.0,0.0,0.0,0.0,0.0,0.0,0.0,0.0,0.0,0.0,0.0,0.0,0.0,0.0,0.0,0.0,0.0,0.0,0.0,0.0,0.0,0.0,0.0,0.0,0.0,0.0,0.0,0.0,0.0,0.0,0.0
ENCFF000YFD,0.06246126301505317,13814,98,429,6006,109,10932,804,54,52,40,59,307,415,904,2938,2939,426,42,773,652,25,86,9,14,11,97,925,422,2758,425,22,59,52,206,186,17,211,3,1,875,1229,2,86,5,24,77,621,3002,115,67,126,151,44,58,746,30,39,66,33,78,152,39,1641,23,57,230,5,5780,5924,751,123,92,300,677,29,132,80,95,105,23,137,137,439,55,87,373,1,105,58,8,149,19,3,145,140,2325,19146,1109,16,3036,4397,274,3772,138,73,547,187,178,2,323,868,879,12,635,3640,385,3155,79,282,308,964,149,4609,194,753,329,93,355,57,19,3049,1319,549,1908,945,1573,2960,158,538,655,139,505,6664,50,127,21,12,0,6,192,30,81,1190,538,77,570,5968,486,38,124,155,119,363,643,571,711,3,21,3,102,0,222,79,148,3567,16,2,94,102,104,1646,702,5068,281,3212,3510,1779,4030,1579,3206,21,3096,3444,1264,941,2714,2045,759,95,214,120,14,64,93,26,6,0,9,520,51,4438,1500,1054,26,30711,4691,463,3184,2850,123,69,4744,2441,7155,721,5479,28,5714,1,43,112,34,31,121,41,383,241,6,80,125,72,103,61,282,170,77,32,511,366,227,296,179,35,77,73,55,42,32,63,140,612,158,46,202,269,244,1374,3186,469,243,386,168,86,68,74,97,60,17,814,66,102,525,41,186,60,396,130,137,92,112,41,49,67,295,253,119,111,92,300,168,91,97,117,457,3,5,43,64,88,82,1733,27,1194,3,54,20,639,101,840,848,974,2,295,19,13,196,362,7634,115,294,236,120,49,245,17,27,80,1764,1052,323,160,6,35,15,4,6,71,194,321,58,384,87,59,168,7653,107,247,13147,70,611,124,601,908,288,36,287,1135,126,136,117,66,31,37,3984,137,115,137,78,135,124,2873,10,1157,275,3,3158,874,11,34,802,72,14,775,102,221,36,348,122,1864,385,178,133,139,42,146,78,169,91,6,133,6,216,13,5,17,115,44,82,79,4853,323,1137,770,194,62,100,39,3978,154,1755,342,1301,150,34,331,3,3513,671,1114,4839,313,1594,37,25,27,138,130,157,72,172,981,105,4,77,176,6,10,458,422,1,150,18,2497,4208,3304,766,3614,486,37,7945,9247,1461,4291,7090,8474,33,26,89,112,41,96,160,42,42,72,836,0.0,0.0,0.0,0.0,0.0,0.0,0.0,0.0,0.0,0.0,0.0,0.0,0.0,0.0,0.0,0.0,0.0,0.0,0.0,0.0,0.0,0.0,0.0,0.0,0.0,0.0,0.0,0.0,0.0,0.0,0.0,0.0,0.0,0.0,0.0,0.0,0.0,0.0,0.0,0.0,0.0,0.0,0.0,0.0,0.0,0.0,0.0,0.0,0.0,0.0,0.0,0.0,0.0,0.0,0.0,0.0,0.0,0.0,0.0,0.0,0.0,0.0,0.0,0.0,0.0,0.0,0.0,0.0,0.0,0.0,0.0,0.0,0.0,0.0,0.0,0.0,0.0,0.0,0.0,0.0,0.0,0.0,0.0,0.0,0.0,0.0,0.0,0.0,0.0,0.0,0.0,0.0,0.0,0.0,0.0,0.0,0.0,0.0,0.0,0.0,0.0,0.0,0.0,0.0,0.0,0.0,0.0,0.0,0.0,0.0,0.0,0.0,0.0,0.0,0.0,0.0,0.0,0.0,0.0,0.0,0.0,0.0,0.0,0.0,0.0,0.0,0.0,0.0,0.0,0.0,0.0,0.0,0.0,0.0,0.0,0.0,0.0,0.0,0.0,0.0,0.0,0.0,0.0,0.0,0.0,0.0,0.0,0.0,0.0,0.0
ENCFF000CPF,0.18368080977362555,61046,145,6174,15078,395,95870,7068,287,661,691,926,3785,3423,7492,5940,25453,5449,6890,6460,11018,371,2576,492,315,64,702,173,5129,10324,9093,1028,418,1056,2254,1928,47,3591,33,4,14366,32233,41,1582,32,60,666,9482,12400,8,859,949,1586,1450,811,19480,416,904,707,110,2311,2141,79,5774,447,458,51,27,64779,91759,24913,1234,908,1759,14839,831,1410,626,894,1099,290,1220,1389,11278,490,675,5208,32,939,598,26,6637,163,32,1857,1154,6603,391110,27536,113,76864,95144,4116,84713,1373,705,14822,3424,3230,17,7859,20393,18794,148,7890,87375,2250,33182,275,1121,1783,19723,464,20523,1455,13757,6841,1683,7570,935,376,85454,12383,72,9058,7119,27109,79768,14,6574,3082,1370,8509,20034,352,565,95,642,230,52,6264,809,1024,20939,13974,4970,7961,15620,2416,1640,1372,1359,1307,5866,9284,7927,17427,94,159,252,1088,21,2067,681,2055,728,5,4,708,1588,1179,46533,19084,130390,4118,53259,63689,25822,25281,22616,45373,595,67077,75179,55954,25099,50131,44078,9737,1531,20,1045,52,596,1095,506,123,183,13,8275,264,23310,14747,9275,148,342620,68840,7123,62397,14140,3012,1055,77201,28858,68872,2651,112513,309,122401,42,498,1220,45,362,1144,403,6110,5632,18,823,1165,714,1054,530,3183,1857,1570,341,8905,6329,4050,8117,1773,372,918,808,486,467,333,2378,1434,8724,1920,474,3505,3410,2353,6963,10539,297,3673,9893,2180,919,679,762,1105,616,621,20527,636,1089,14875,404,3760,504,9208,1293,1101,745,1096,182,616,685,3622,3067,998,1057,902,6588,2676,1029,863,1070,5100,37,57,504,775,1097,240,42118,98,29416,601,1561,53,16193,2145,21068,13482,14595,20,5731,350,878,821,10425,60824,1861,5389,5119,2707,17,3302,453,386,1717,20806,7255,3804,4063,157,523,199,6,64,808,947,5487,617,7253,715,629,1261,23968,395,2878,310296,596,15926,1111,6575,692,3363,381,53,8145,1049,1152,1280,479,562,745,2544,1534,1088,1318,398,1237,1485,62166,210,22939,5233,24,68622,18849,6,747,10798,1990,46,12760,957,2683,850,4586,1323,5164,1778,1351,917,1347,550,1680,1041,4372,363,17,2492,14,3647,529,59,665,813,373,624,872,13355,1102,7908,4251,774,694,1762,184,107113,106,37569,2558,47997,3628,412,8144,9,49782,9856,16172,79443,2539,9726,251,208,486,1071,493,1278,904,1793,6349,1243,37,479,1279,15,45,12425,12766,7,162,398,60194,73099,51364,11101,85272,9310,683,115854,178600,22513,73564,132057,182264,505,532,893,856,248,882,3390,682,1859,1192,13327,0.0,0.0,0.0,0.0,0.0,0.0,0.0,0.0,0.0,0.0,0.0,0.0,0.0,0.0,0.0,0.0,0.0,0.0,0.0,0.0,0.0,0.0,0.0,0.0,0.0,0.0,0.0,0.0,0.0,0.0,0.0,0.0,0.0,0.0,0.0,0.0,0.0,0.0,0.0,0.0,0.0,0.0,0.0,0.0,0.0,0.0,0.0,0.0,0.0,0.0,0.0,0.0,0.0,0.0,0.0,0.0,0.0,0.0,0.0,0.0,0.0,0.0,0.0,0.0,0.0,0.0,0.0,0.0,0.0,0.0,0.0,0.0,0.0,0.0,0.0,0.0,0.0,0.0,0.0,0.0,0.0,0.0,0.0,0.0,0.0,0.0,0.0,0.0,0.0,0.0,0.0,0.0,0.0,0.0,0.0,0.0,0.0,0.0,0.0,0.0,0.0,0.0,0.0,0.0,0.0,0.0,0.0,0.0,0.0,0.0,0.0,0.0,0.0,0.0,0.0,0.0,0.0,0.0,0.0,0.0,0.0,0.0,0.0,0.0,0.0,0.0,0.0,0.0,0.0,0.0,0.0,0.0,0.0,0.0,0.0,0.0,0.0,0.0,0.0,0.0,0.0,0.0,0.0,0.0,0.0,0.0,0.0,0.0,0.0,0.0
ENCFF000WQC,0.16629733760101212,40237,271,2535,13798,694,60412,3649,174,295,170,314,1891,3115,5611,7054,19363,2168,230,3050,3942,89,325,67,45,36,392,2064,1852,11593,2126,168,181,307,1057,857,92,998,24,13,4201,6086,61,376,36,86,267,3131,15767,332,288,571,824,256,190,3784,102,176,260,76,442,926,151,6386,121,224,565,32,25351,28212,3628,569,402,1059,3069,104,706,266,467,501,120,568,652,2047,268,281,1955,12,486,269,24,669,680,21,1007,730,6771,99373,6595,71,16565,23180,1375,19992,633,366,2734,874,1021,14,1610,4184,4107,39,2510,17454,2096,22122,541,2557,2040,5579,1196,26161,791,3659,1967,495,1579,208,94,18640,8538,1765,10601,5409,7114,14196,497,2588,1236,615,1958,20565,328,401,40,62,27,25,1136,309,285,6708,2681,400,2095,14901,1819,260,604,446,385,1512,2731,2215,2891,31,52,19,565,15,1033,371,498,110,52,6,363,410,519,8536,3816,24490,1324,17825,19363,8060,13603,7282,15974,157,16019,18865,5957,5433,12981,10250,3210,554,363,432,42,265,539,118,77,17,14,2276,178,16917,6562,7944,121,121637,19865,2037,14640,12132,548,380,21894,10262,30712,3821,24279,94,24021,42,223,434,117,169,495,137,1976,1104,18,360,532,345,509,258,1350,759,218,109,2407,1634,1132,1500,637,206,359,388,218,205,159,304,612,2881,748,247,1021,1234,1137,5443,13745,1331,1221,1767,746,433,315,378,534,271,106,3930,289,414,2702,199,815,224,2272,601,535,313,508,185,270,391,1321,1390,478,549,377,1341,796,372,449,486,2165,14,36,241,364,302,217,7579,79,5468,18,363,32,3277,459,3813,3895,3802,18,1318,66,124,586,2103,37966,437,1202,1172,601,90,1635,66,80,281,8112,3410,1770,614,39,94,85,3,34,422,727,1539,276,2384,315,295,695,20077,303,1243,75753,316,2947,543,2836,2134,1434,177,1122,4652,488,535,599,253,252,176,12447,646,517,562,276,584,669,13585,55,5305,1306,14,14269,5597,12,127,3511,309,44,3584,406,663,193,1642,610,10850,1674,504,482,643,248,560,482,694,248,3,561,27,1070,41,19,82,450,84,628,454,13976,2030,5901,4207,1069,305,554,124,20787,271,8405,1223,6835,648,177,1574,33,16837,3447,5917,24272,1637,8794,199,237,252,613,359,582,385,798,3909,575,34,274,607,24,26,2043,2010,18,357,120,13110,24104,16877,4500,20394,2209,229,35976,52190,7680,25053,36982,45392,152,114,451,432,130,483,718,185,213,361,3866,0.0,0.0,0.0,0.0,0.0,0.0,0.0,0.0,0.0,0.0,0.0,0.0,0.0,0.0,0.0,0.0,0.0,0.0,0.0,0.0,0.0,0.0,0.0,0.0,0.0,0.0,0.0,0.0,0.0,0.0,0.0,0.0,0.0,0.0,0.0,0.0,0.0,0.0,0.0,0.0,0.0,0.0,0.0,0.0,0.0,0.0,0.0,0.0,0.0,0.0,0.0,0.0,0.0,0.0,0.0,0.0,0.0,0.0,0.0,0.0,0.0,0.0,0.0,0.0,0.0,0.0,0.0,0.0,0.0,0.0,0.0,0.0,0.0,0.0,0.0,0.0,0.0,0.0,0.0,0.0,0.0,0.0,0.0,0.0,0.0,0.0,0.0,0.0,0.0,0.0,0.0,0.0,0.0,0.0,0.0,0.0,0.0,0.0,0.0,0.0,0.0,0.0,0.0,0.0,0.0,0.0,0.0,0.0,0.0,0.0,0.0,0.0,0.0,0.0,0.0,0.0,0.0,0.0,0.0,0.0,0.0,0.0,0.0,0.0,0.0,0.0,0.0,0.0,0.0,0.0,0.0,0.0,0.0,0.0,0.0,0.0,0.0,0.0,0.0,0.0,0.0,0.0,0.0,0.0,0.0,0.0,0.0,0.0,0.0,0.0
ENCFF000ZJX,0.03959342095843793,2477,5,125,1237,31,3811,159,28,11,11,13,104,149,244,643,1273,122,9,129,164,5,10,2,0,4,17,127,97,711,77,6,7,8,66,36,2,60,0,1,251,265,4,23,1,3,13,142,846,14,19,31,30,11,15,184,1,10,12,6,19,31,13,465,9,16,40,1,1596,1349,168,43,30,54,145,7,33,20,26,22,9,25,38,96,10,19,103,0,14,7,1,33,4,0,54,48,570,4866,287,14,797,1110,82,968,195,20,126,39,44,0,59,169,171,2,118,860,109,932,29,109,87,261,46,1192,46,195,109,16,71,10,6,899,514,82,633,280,331,642,23,137,96,29,112,1533,19,15,3,3,0,2,54,2,12,271,131,19,132,1304,117,11,30,33,35,68,104,88,157,0,5,0,34,0,68,33,174,563,3,0,24,26,27,445,186,1393,72,906,1063,469,949,358,795,11,808,934,316,251,657,523,183,32,20,19,1,16,21,6,1,1,0,101,10,1149,373,437,1,6020,1402,125,737,779,27,31,1121,543,1756,178,1021,3,1008,1,7,23,5,4,30,8,101,53,2,13,28,10,21,15,85,44,6,7,133,81,54,60,36,8,19,22,13,15,8,13,44,148,29,12,80,90,62,475,1443,88,63,82,38,19,19,19,25,15,2,236,15,30,172,8,51,19,125,31,48,23,25,7,8,13,71,56,33,50,26,61,40,26,28,17,117,2,2,14,20,29,9,353,6,237,0,12,3,144,16,159,200,208,3,71,3,14,50,144,2690,19,53,56,36,13,64,11,10,13,422,198,83,27,2,3,6,1,2,26,39,71,25,84,27,13,50,1861,19,57,3264,10,167,27,165,152,76,9,84,222,27,37,25,17,10,4,568,46,28,36,10,33,39,673,0,272,67,3,849,211,14,11,156,19,1,201,20,115,6,120,41,671,107,33,25,38,9,31,22,31,21,3,30,1,66,7,1,6,7,16,20,20,1064,75,318,199,41,15,27,4,984,21,498,67,298,22,4,79,1,1151,173,267,1191,115,593,11,7,6,26,11,24,18,46,236,28,0,17,40,3,4,103,87,0,23,6,695,1190,864,195,969,127,30,2325,2729,401,1161,2044,2372,10,3,21,20,12,26,34,10,13,15,195,0.0,0.0,0.0,0.0,0.0,0.0,0.0,0.0,0.0,0.0,0.0,0.0,0.0,0.0,0.0,0.0,0.0,0.0,0.0,0.0,0.0,0.0,0.0,0.0,0.0,0.0,0.0,0.0,0.0,0.0,0.0,0.0,0.0,0.0,0.0,0.0,0.0,0.0,0.0,0.0,0.0,0.0,0.0,0.0,0.0,0.0,0.0,0.0,0.0,0.0,0.0,0.0,0.0,0.0,0.0,0.0,0.0,0.0,0.0,0.0,0.0,0.0,0.0,0.0,0.0,0.0,0.0,0.0,0.0,0.0,0.0,0.0,0.0,0.0,0.0,0.0,0.0,0.0,0.0,0.0,0.0,0.0,0.0,0.0,0.0,0.0,0.0,0.0,0.0,0.0,0.0,0.0,0.0,0.0,0.0,0.0,0.0,0.0,0.0,0.0,0.0,0.0,0.0,0.0,0.0,0.0,0.0,0.0,0.0,0.0,0.0,0.0,0.0,0.0,0.0,0.0,0.0,0.0,0.0,0.0,0.0,0.0,0.0,0.0,0.0,0.0,0.0,0.0,0.0,0.0,0.0,0.0,0.0,0.0,0.0,0.0,0.0,0.0,0.0,0.0,0.0,0.0,0.0,0.0,0.0,0.0,0.0,0.0,0.0,0.0
ENCFF002EBG,0.17633111852819053,93879,423,4469,49013,948,140882,8815,323,501,417,958,3924,3538,8220,28704,32959,3975,547,6310,8411,238,977,136,75,57,1285,4900,4060,26993,4975,323,312,645,2300,1993,122,2330,30,35,10182,14760,57,849,12,113,750,7130,23460,555,647,1217,1726,637,442,9219,221,470,753,196,1014,1850,362,11909,342,337,1414,67,53406,66139,10234,1393,856,2359,7846,402,1522,630,999,1083,299,1228,1425,4985,562,638,4557,10,1078,643,14,1592,168,21,1459,1514,21396,226038,14006,155,38242,52516,3136,45563,1477,773,7180,2125,2437,28,3974,10561,11096,175,6487,44837,2938,39044,709,2738,2711,11386,1158,51380,1582,9150,4279,1008,3720,538,218,39769,10840,3539,18611,7855,17703,38521,866,5860,3562,1489,5351,51214,419,889,110,138,28,43,3037,355,799,15247,6633,978,5452,49925,3994,587,1454,1349,1074,3953,7368,7283,7782,77,122,39,1238,23,2090,764,1183,210,98,3,818,968,1230,20054,9406,59073,2980,35043,42702,19366,36068,16829,34535,348,35260,41577,15326,12356,30185,24846,7249,1132,1067,1060,71,592,1103,229,89,21,109,6131,295,41753,14823,8804,305,266156,49616,4763,35764,22748,1541,928,50282,25064,68794,6894,65847,300,68618,68,462,1150,163,363,1165,344,4763,2928,55,834,1105,758,1042,534,3088,1841,491,279,5982,3929,2702,3894,1435,420,865,829,414,412,357,711,1315,6162,1764,439,2167,2788,2594,10437,19934,3136,3025,4249,1632,957,736,741,1107,615,158,9641,586,1080,6714,433,1981,518,5244,1310,1158,722,1102,411,586,763,3030,2876,977,1100,879,3294,1885,932,946,1151,4738,33,43,481,760,781,484,21152,196,13935,39,744,112,8585,1076,10108,9612,10581,26,3534,190,258,1812,5518,77022,1127,2947,2805,1453,211,3282,219,262,916,18838,8098,3751,1859,83,287,157,21,64,774,2013,3612,718,5267,594,636,1640,59326,648,2616,166881,649,7510,1160,6227,5183,3133,387,1780,8734,959,1292,1289,449,482,395,24567,1509,1196,1286,721,1414,1539,33285,107,13218,2966,42,37620,9745,64,381,9152,1037,80,8435,964,2491,452,3821,1385,19196,3867,1281,975,1392,545,1518,1049,2067,837,19,1480,70,2550,173,82,260,969,463,785,730,48616,2671,11032,6885,1707,651,1285,359,51560,527,20936,2730,17728,1918,415,3922,29,39826,7348,13534,57654,2244,16046,408,334,434,1274,671,1367,891,1736,9294,1265,57,545,1291,39,36,5488,5714,15,935,260,31921,48496,36389,8662,45716,5183,456,84365,109630,16309,50699,81249,101116,296,236,873,854,243,1008,1840,412,634,897,9565,0.0,0.0,0.0,0.0,0.0,0.0,0.0,0.0,0.0,0.0,0.0,0.0,0.0,0.0,0.0,0.0,0.0,0.0,0.0,0.0,0.0,0.0,0.0,0.0,0.0,0.0,0.0,0.0,0.0,0.0,0.0,0.0,0.0,0.0,0.0,0.0,0.0,0.0,0.0,0.0,0.0,0.0,0.0,0.0,0.0,0.0,0.0,0.0,0.0,0.0,0.0,0.0,0.0,0.0,0.0,0.0,0.0,0.0,0.0,0.0,0.0,0.0,0.0,0.0,0.0,0.0,0.0,0.0,0.0,0.0,0.0,0.0,0.0,0.0,0.0,0.0,0.0,0.0,0.0,0.0,0.0,0.0,0.0,0.0,0.0,0.0,0.0,0.0,0.0,0.0,0.0,0.0,0.0,0.0,0.0,0.0,0.0,0.0,0.0,0.0,0.0,0.0,0.0,0.0,0.0,0.0,0.0,0.0,0.0,0.0,0.0,0.0,0.0,0.0,0.0,0.0,0.0,0.0,0.0,0.0,0.0,0.0,0.0,0.0,0.0,0.0,0.0,0.0,0.0,0.0,0.0,0.0,0.0,0.0,0.0,0.0,0.0,0.0,0.0,0.0,0.0,0.0,0.0,0.0,0.0,0.0,0.0,0.0,0.0,0.0
ENCFF000ZCS,0.17557756026172794,2123,3295,144,1424,39,3185,563,13,12,6,28,105,109,225,751,809,116,21,191,227,8,34,2,4,1,40,83,106,742,153,11,13,430,69,58,2,83,0,2,356,462,1,28,0,914,41,222,696,7,80,31,41,17,27,337,11,19,20,11,30,55,5,299,5,15,28,3,2105,2003,363,31,14,55,314,12,37,27,27,31,8,27,48,161,22,18,92,0,20,21,0,61,5,2,35,37,493,6969,495,6,1247,1681,84,1564,64,20,229,61,77,0,148,392,369,3,251,1314,80,967,20,92,85,321,32,1152,46,316,123,29,161,11,4,1328,335,51,475,252,752,1239,15,151,111,32,152,1327,19,20,1,2,0,2,88,15,16,464,186,29,159,1244,109,9,40,69,51,143,334,327,298,3,7,2,30,0,60,29,101,450,1,1,20,25,40,722,315,1949,103,1001,1280,590,1098,491,1014,5,1117,1309,505,406,995,756,2895,18,19,96,3,20,21,5,3,1,1,171,10,1156,438,206,6,710259,1426,136,1129,576,52,38,2471,1763,1854,183,2190,4,2473,1,13,26,12,15,25,17,143,92,2,25,36,22,27,13,110,49,15,11,160,123,77,144,39,7,14,24,8,10,9,33,33,180,45,13,67,108,82,330,790,44,64,144,57,34,26,18,29,16,6,316,16,21,224,11,58,15,162,34,32,22,30,22,6,17,65,94,28,31,35,132,62,20,29,21,118,1,0,12,12,23,13,635,9,455,3,27,5,244,49,340,306,337,1,92,2,6,65,169,2427,35,88,87,41,2,97,6,14,24,570,214,113,63,1,8,10,0,2,20,70,124,21,141,14,17,42,1788,25,59,5105,1180,245,30,175,96,89,10,30,181,15,37,35,25,14,9,400,42,32,25,6,40,47,1036,3,409,113,1,1404,316,1,9,304,31,3,255,24,106,7,120,35,442,86,33,21,44,8,53,23,57,24,0,48,2,91,23,4,6,24,31,23,19,1283,91,298,186,45,21,49,10,1629,7,598,67,581,59,13,121,1,1186,231,403,1743,90,428,5,9,15,35,1752,37,19,94,315,38,0,17,41,0,0,204,193,0,10,9,1074,1391,1110,250,1378,185,12,2637,3267,464,1455,2587,3216,6,17,21,36,10,29,59,9,8,16,280,0.0,0.0,0.0,0.0,0.0,0.0,0.0,0.0,0.0,0.0,0.0,0.0,0.0,0.0,0.0,0.0,0.0,0.0,0.0,0.0,0.0,0.0,0.0,0.0,0.0,0.0,0.0,0.0,0.0,0.0,0.0,0.0,0.0,0.0,0.0,0.0,0.0,0.0,0.0,0.0,0.0,0.0,0.0,0.0,0.0,0.0,0.0,0.0,0.0,0.0,0.0,0.0,0.0,0.0,0.0,0.0,0.0,0.0,0.0,0.0,0.0,0.0,0.0,0.0,0.0,0.0,0.0,0.0,0.0,0.0,0.0,0.0,0.0,0.0,0.0,0.0,0.0,0.0,0.0,0.0,0.0,0.0,0.0,0.0,0.0,0.0,0.0,0.0,0.0,0.0,0.0,0.0,0.0,0.0,0.0,0.0,0.0,0.0,0.0,0.0,0.0,0.0,0.0,0.0,0.0,0.0,0.0,0.0,0.0,0.0,0.0,0.0,0.0,0.0,0.0,0.0,0.0,0.0,0.0,0.0,0.0,0.0,0.0,0.0,0.0,0.0,0.0,0.0,0.0,0.0,0.0,0.0,0.0,0.0,0.0,0.0,0.0,0.0,0.0,0.0,0.0,0.0,0.0,0.0,0.0,0.0,0.0,0.0,0.0,0.0
ENCFF001HKU,0.1388715858458624,22905,98,1698,22187,603,92664,2648,159,272,135,365,1928,2415,5513,10251,21504,1853,260,3443,4104,106,345,51,13,23,504,405,1997,21557,2081,117,75,283,1149,986,38,1088,18,52,4066,5536,59,324,29,27,301,3198,15987,47,267,613,875,214,154,3387,72,157,208,41,372,799,675,11432,795,112,145,43,32946,26453,4151,635,443,707,2272,166,730,342,477,579,137,621,665,1847,267,368,2229,9,545,309,11,550,47,14,705,899,13062,88586,5222,69,14061,22516,1620,18517,625,402,3096,863,2056,9,1933,5427,5096,67,2836,17603,1714,25225,446,1534,1594,4551,667,36680,838,3892,2358,517,1277,172,46,16303,7341,361,20342,4995,5514,14240,103,2634,2043,743,1986,31237,240,153,61,42,9,23,1125,168,1193,6434,2290,351,1783,23955,2287,206,695,374,382,1644,3945,3099,2775,30,64,22,655,6,1099,446,415,71,13,3,355,348,654,8138,3789,23705,1334,16934,19549,9124,21866,8391,16238,144,16002,19582,5556,4804,13462,9359,2969,486,96,492,40,335,615,71,34,13,24,2460,177,25806,7139,6325,93,116816,20442,1964,16764,19310,530,426,22452,10991,39404,3027,24888,161,22040,18,149,456,62,171,594,109,2535,1072,226,424,553,374,569,271,1424,815,117,87,2588,1713,1093,1419,724,218,398,498,225,197,159,202,713,3078,773,218,1049,1371,1325,7778,23274,367,1291,2240,819,522,381,428,604,333,64,3536,294,533,2623,226,899,219,2422,689,603,373,550,304,309,445,1515,1381,477,567,483,1287,906,466,484,603,2481,18,10,246,427,342,125,8032,35,6556,10,282,40,3217,384,4605,3829,4142,16,1407,64,100,993,2201,53676,286,1165,1211,585,39,1720,83,86,350,8254,4019,1890,673,32,69,54,13,19,447,472,1277,329,2034,318,278,1125,30049,244,1257,64135,361,3032,591,3102,563,1445,196,203,2126,529,582,616,252,231,155,2539,693,571,647,432,657,763,13087,31,5725,1117,24,14076,3360,13,171,3183,267,25,3730,554,978,133,1728,731,14521,2693,344,488,655,355,634,530,905,310,8,507,16,1460,110,45,97,221,103,446,420,18877,1526,6690,3914,931,312,486,69,20501,67,7952,952,6092,673,184,1389,15,17334,3367,6228,27627,1469,13824,152,106,210,487,267,636,482,877,3741,595,25,116,688,7,6,1878,2063,11,112,97,12447,23949,17624,4110,18025,2249,329,47639,50452,7539,24942,37054,42499,164,98,473,444,134,540,756,148,228,282,4181,0.0,0.0,0.0,0.0,0.0,0.0,0.0,0.0,0.0,0.0,0.0,0.0,0.0,0.0,0.0,0.0,0.0,0.0,0.0,0.0,0.0,0.0,0.0,0.0,0.0,0.0,0.0,0.0,0.0,0.0,0.0,0.0,0.0,0.0,0.0,0.0,0.0,0.0,0.0,0.0,0.0,0.0,0.0,0.0,0.0,0.0,0.0,0.0,0.0,0.0,0.0,0.0,0.0,0.0,0.0,0.0,0.0,0.0,0.0,0.0,0.0,0.0,0.0,0.0,0.0,0.0,0.0,0.0,0.0,0.0,0.0,0.0,0.0,0.0,0.0,0.0,0.0,0.0,0.0,0.0,0.0,0.0,0.0,0.0,0.0,0.0,0.0,0.0,0.0,0.0,0.0,0.0,0.0,0.0,0.0,0.0,0.0,0.0,0.0,0.0,0.0,0.0,0.0,0.0,0.0,0.0,0.0,0.0,0.0,0.0,0.0,0.0,0.0,0.0,0.0,0.0,0.0,0.0,0.0,0.0,0.0,0.0,0.0,0.0,0.0,0.0,0.0,0.0,0.0,0.0,0.0,0.0,0.0,0.0,0.0,0.0,0.0,0.0,0.0,0.0,0.0,0.0,0.0,0.0,0.0,0.0,0.0,0.0,0.0,0.0
ENCFF424HPQ,0.14190746185869146,55812,240,1614,58310,506,155099,9503,495,199,180,600,4643,2018,5834,25373,23373,1936,939,8725,4851,97,761,28,68,40,1661,6023,4304,32867,4151,141,46,524,3473,2943,23,3879,14,1,7851,9350,85,325,95,38,914,8025,33425,148,980,2413,2315,195,265,4834,90,355,237,244,925,2385,768,25304,702,426,815,87,58906,49768,5180,2121,1157,2734,5636,81,2381,997,1211,1415,435,1841,2356,2906,674,1196,5818,33,1445,1252,48,1299,662,268,2446,1161,17842,164097,7578,195,21619,35035,4269,29550,2456,1126,4255,1962,2344,46,3765,7119,7824,257,5080,36623,1915,42400,319,1419,1217,6861,485,79826,1995,6473,2234,335,2019,209,87,25493,5496,1679,30222,8885,10314,23683,122,5730,11731,1928,3264,60117,369,266,50,57,41,29,1798,395,339,9298,3331,214,3466,56116,3084,214,2377,1590,1088,2718,4188,3811,5606,87,172,89,1742,45,2056,882,1031,108,19,30,714,491,2205,11236,5630,39800,3315,22846,36413,14107,44309,16639,29574,156,25632,32814,9225,9079,26225,18525,5482,1043,1869,1436,29,1255,2042,160,32,50,73,3818,91,66691,11887,8222,3255,240494,42420,4538,26744,37612,1226,576,37308,20330,71797,2077,36436,87,33774,12,240,801,25,512,1540,384,6328,2464,46,1183,1002,1046,1835,809,4460,2167,164,194,6614,4778,2344,2616,2729,527,1544,1451,813,477,386,318,1760,5844,1252,620,1697,4259,2913,15804,60271,2547,3965,3538,1759,1485,1263,1076,1535,830,100,8759,842,2559,5791,564,2227,870,4516,2516,1921,1428,1635,253,672,596,4035,3107,1434,1346,1300,2744,2601,1907,1001,1842,4330,36,48,756,1400,643,492,13731,333,9429,44,216,95,6227,595,7742,6889,9621,28,2619,97,30,2127,2769,78992,577,2052,3486,1076,27,3275,34,519,1559,21165,11333,4359,1313,104,193,136,41,74,938,2001,2648,1485,3991,1066,740,2911,75135,258,2598,101617,661,6388,1615,10236,6686,2952,445,397,3817,1276,1969,1948,599,435,126,19123,2779,1785,1858,726,1800,2074,28954,47,17414,1511,81,26825,7243,45,391,5648,1161,61,8678,1161,993,171,5548,1559,43159,2403,635,1191,1886,987,1113,1598,863,311,72,970,64,2932,290,62,61,257,709,285,1280,43868,1445,9374,4946,818,702,906,501,27292,241,12241,1795,9289,1473,91,2814,10,34195,6389,11248,41521,1833,23083,205,385,599,1664,830,1667,1303,1625,14017,1635,29,150,1773,49,87,2975,2869,2,170,104,26297,34599,27992,7425,28287,4050,736,68969,79216,12952,34135,62070,70574,165,89,1126,1009,435,1471,772,356,229,783,6552,0.0,0.0,0.0,0.0,0.0,0.0,0.0,0.0,0.0,0.0,0.0,0.0,0.0,0.0,0.0,0.0,0.0,0.0,0.0,0.0,0.0,0.0,0.0,0.0,0.0,0.0,0.0,0.0,0.0,0.0,0.0,0.0,0.0,0.0,0.0,0.0,0.0,0.0,0.0,0.0,0.0,0.0,0.0,0.0,0.0,0.0,0.0,0.0,0.0,0.0,0.0,0.0,0.0,0.0,0.0,0.0,0.0,0.0,0.0,0.0,0.0,0.0,0.0,0.0,0.0,0.0,0.0,0.0,0.0,0.0,0.0,0.0,0.0,0.0,0.0,0.0,0.0,0.0,0.0,0.0,0.0,0.0,0.0,0.0,0.0,0.0,0.0,0.0,0.0,0.0,0.0,0.0,0.0,0.0,0.0,0.0,0.0,0.0,0.0,0.0,0.0,0.0,0.0,0.0,0.0,0.0,0.0,0.0,0.0,0.0,0.0,0.0,0.0,0.0,0.0,0.0,0.0,0.0,0.0,0.0,0.0,0.0,0.0,0.0,0.0,0.0,0.0,0.0,0.0,0.0,0.0,0.0,0.0,0.0,0.0,0.0,0.0,0.0,0.0,0.0,0.0,0.0,0.0,0.0,0.0,0.0,0.0,0.0,0.0,0.0
ENCFF114XZJ,0.2505659275778819,38541,1026,1994,16111,380,34464,4505,132,202,189,1252,3196,1253,2369,8415,7695,1577,409,5048,3826,190,775,47,90,76,400,1811,1172,7539,2972,248,166,387,658,601,34,1122,25,159,5860,9356,52,544,8,414,422,2999,10332,161,278,167,382,488,436,6307,145,373,272,198,603,1905,132,6305,298,402,443,577,27793,30735,7038,370,191,789,5759,277,416,165,213,323,49,232,504,3146,148,123,1243,12,232,140,15,1325,193,37,1084,407,9141,122327,8922,37,23481,31674,1249,27156,547,181,4874,1523,1689,13,2636,6481,6716,221,2669,26165,1340,17446,295,1255,1058,6243,610,22357,408,4525,2409,825,2651,294,103,28572,3926,997,10372,2785,11403,24177,247,2757,2656,440,2510,16565,486,400,28,96,22,27,2057,336,1644,6443,4336,591,3359,15699,1094,413,394,1626,1870,1942,3524,3077,5617,58,126,69,259,21,538,157,1343,2614,16,2,231,679,383,12891,5884,32915,1147,16416,22460,8062,15130,7311,13223,178,20144,22649,8322,7408,16757,14879,4887,501,304,565,64,98,238,178,79,16,41,2961,124,16091,4861,2558,202,318046,23721,2602,20444,9188,1159,601,25759,12320,28053,2039,38860,137,40087,53,232,1515,1054,82,352,190,1746,1731,34,152,272,147,277,151,1079,573,320,156,2513,1987,1268,2883,338,77,196,183,83,100,83,598,290,3148,375,117,1080,1084,781,4598,19769,866,1105,2739,599,291,248,157,286,108,239,6550,162,239,4122,101,845,155,2396,287,321,127,272,345,141,241,799,805,198,251,241,1904,726,237,204,213,1243,28,16,113,164,472,22,12656,111,8498,17,427,44,4961,785,6279,4949,4581,29,1966,54,157,1511,3344,32317,628,1557,1247,729,56,1023,261,538,848,8188,5960,5729,1340,33,158,103,10,48,205,955,1931,269,2315,166,162,597,19409,217,783,96462,655,4728,308,2057,1997,1134,126,588,4078,197,416,485,129,141,180,8255,462,323,410,193,386,502,19861,53,6221,1835,24,22906,5731,32,292,4022,711,30,3525,196,1184,304,1564,368,6715,1036,733,277,444,146,390,275,1192,451,22,722,12,1297,185,14,146,465,1128,495,507,19492,1093,3012,2358,653,291,839,213,32976,141,11679,980,11098,1363,152,2178,155,22638,4585,6639,32832,1614,6847,78,347,139,376,774,430,204,568,4280,404,22,442,274,37,46,3791,3946,23,407,159,20660,24886,15569,4058,27702,3130,421,47391,62565,6744,26024,45082,59628,175,146,234,175,89,232,1342,193,406,417,4235,0.0,0.0,0.0,0.0,0.0,0.0,0.0,0.0,0.0,0.0,0.0,0.0,0.0,0.0,0.0,0.0,0.0,0.0,0.0,0.0,0.0,0.0,0.0,0.0,0.0,0.0,0.0,0.0,0.0,0.0,0.0,0.0,0.0,0.0,0.0,0.0,0.0,0.0,0.0,0.0,0.0,0.0,0.0,0.0,0.0,0.0,0.0,0.0,0.0,0.0,0.0,0.0,0.0,0.0,0.0,0.0,0.0,0.0,0.0,0.0,0.0,0.0,0.0,0.0,0.0,0.0,0.0,0.0,0.0,0.0,0.0,0.0,0.0,0.0,0.0,0.0,0.0,0.0,0.0,0.0,0.0,0.0,0.0,0.0,0.0,0.0,0.0,0.0,0.0,0.0,0.0,0.0,0.0,0.0,0.0,0.0,0.0,0.0,0.0,0.0,0.0,0.0,0.0,0.0,0.0,0.0,0.0,0.0,0.0,0.0,0.0,0.0,0.0,0.0,0.0,0.0,0.0,0.0,0.0,0.0,0.0,0.0,0.0,0.0,0.0,0.0,0.0,0.0,0.0,0.0,0.0,0.0,0.0,0.0,0.0,0.0,0.0,0.0,0.0,0.0,0.0,0.0,0.0,0.0,0.0,0.0,0.0,0.0,0.0,0.0
ENCFF569DYW,0.1318370828223195,986511,9873,16386,112870,1276,185667,31331,1001,1139,1119,4071,14961,7966,21528,57105,48914,10295,2060,27786,22647,1109,3257,532,497,491,3289,91830,10140,88174,16323,1150,1824,2871,5564,5084,1944,7073,150,407,33197,46915,240,3056,68,3265,2865,20054,69449,7002,1678,2416,3718,2022,1701,33366,865,1693,1755,1100,2989,8531,1994,35671,3071,2610,23143,1553,171255,192684,33905,3152,1857,19098,29979,1338,3762,1437,2181,2592,529,2597,3766,15460,1158,1340,10050,79,2427,1358,127,6456,1045,362,5736,3610,58968,658538,44564,337,118611,167557,8392,142596,3889,1587,24685,7723,9686,108,14060,34895,33237,828,17704,136341,6180,79832,762,3358,4916,34032,1497,110355,3745,25971,12471,4679,12640,1544,577,146644,30043,60784,85613,21590,67704,120974,13677,16666,14891,3451,22241,148289,2947,12093,233,519,154,305,10101,1583,6038,39727,21991,3032,14958,112612,8967,1904,3526,9166,7677,11646,19237,15972,29215,392,637,387,2695,109,5135,1522,6948,1830,395,122,6184,4004,3202,66750,29350,190877,7527,97369,122569,52937,98916,49853,90336,925,114530,131422,46376,38371,100656,79443,29216,2804,14380,4319,299,1286,2333,878,346,157,399,16831,946,119795,36973,19325,2185,2001206,149249,26849,116311,63366,5077,3149,156401,78023,188150,7333,203683,858,196163,214,1554,5646,2898,776,2963,1183,12523,10452,324,1646,2467,1569,2468,1106,8205,4557,2564,1250,16556,12338,7886,17555,3403,732,1707,2029,963,932,832,3222,2765,20708,3610,1054,6591,8398,7034,35191,117088,42707,7636,16626,4151,2445,1943,1681,2519,1148,1985,35311,1327,2303,22318,1006,5566,1139,14726,2603,2915,1375,2542,2852,1254,3659,6966,6686,2130,2378,1949,10132,4655,2205,1964,2417,11639,177,129,1069,1648,2500,926,68907,1015,46077,102,2348,331,25975,3677,35417,28031,29831,176,11709,400,856,10703,16942,218483,6498,11810,8621,4462,3719,9063,991,1560,3665,58939,30383,21935,6430,154,913,533,59,184,1769,7360,10627,2093,13833,1431,1322,7754,142000,3936,5987,499315,3975,24173,2838,18117,95580,9161,909,33800,89233,2130,3306,3584,985,1168,2225,403878,3877,2799,3530,1938,3561,4141,106514,354,37708,9069,236,122035,31572,225,1252,24104,4060,255,21078,2169,6886,1360,10489,3238,72042,8021,20039,2226,3340,1245,3787,2444,6373,3543,231,4264,159,7947,1176,82,826,11854,3830,1772,3817,86516,3201,23975,14046,2496,1733,4459,1293,175132,6014,67032,19351,53220,6231,1618,12055,510,130558,24634,42779,189754,11463,61412,1608,1892,988,5656,7138,3586,1931,5139,32631,3139,84,15729,2552,154,233,17966,17755,111,18354,758,104635,156091,106468,28894,146519,17162,1221,242931,362320,46342,152238,262647,325485,828,678,1987,1772,607,2301,7018,1136,2024,3077,25912,0.0,0.0,0.0,0.0,0.0,0.0,0.0,0.0,0.0,0.0,0.0,0.0,0.0,0.0,0.0,0.0,0.0,0.0,0.0,0.0,0.0,0.0,0.0,0.0,0.0,0.0,0.0,0.0,0.0,0.0,0.0,0.0,0.0,0.0,0.0,0.0,0.0,0.0,0.0,0.0,0.0,0.0,0.0,0.0,0.0,0.0,0.0,0.0,0.0,0.0,0.0,0.0,0.0,0.0,0.0,0.0,0.0,0.0,0.0,0.0,0.0,0.0,0.0,0.0,0.0,0.0,0.0,0.0,0.0,0.0,0.0,0.0,0.0,0.0,0.0,0.0,0.0,0.0,0.0,0.0,0.0,0.0,0.0,0.0,0.0,0.0,0.0,0.0,0.0,0.0,0.0,0.0,0.0,0.0,0.0,0.0,0.0,0.0,0.0,0.0,0.0,0.0,0.0,0.0,0.0,0.0,0.0,0.0,0.0,0.0,0.0,0.0,0.0,0.0,0.0,0.0,0.0,0.0,0.0,0.0,0.0,0.0,0.0,0.0,0.0,0.0,0.0,0.0,0.0,0.0,0.0,0.0,0.0,0.0,0.0,0.0,0.0,0.0,0.0,0.0,0.0,0.0,0.0,0.0,0.0,0.0,0.0,0.0,0.0,0.0
ENCFF002BBF,0.17432735210888464,31313,147,3934,47016,1348,132223,6275,378,1088,243,474,3411,11190,23568,27238,63316,7038,613,4898,5407,191,697,129,75,108,991,85,4020,32321,3669,301,157,484,2273,2223,29,2149,22,5,8736,12204,79,670,66,41,641,6752,37543,21,725,1230,1922,488,281,7387,197,335,400,120,675,1661,739,23745,389,555,36,15,66937,48690,7928,1328,967,1317,5655,237,1609,670,1043,1173,291,1310,1410,4406,647,793,4792,15,1135,646,16,1198,700,22,1416,1869,22585,173962,9764,102,27550,40743,3084,36262,1399,844,5393,1615,1595,19,3061,7527,6852,168,5558,36450,5169,58010,1005,3928,3335,9291,1717,80212,1903,5797,2704,714,2711,330,123,30355,31408,105,42468,20077,11382,28023,29,5178,2563,1598,3667,82397,398,174,296,105,62,53,2151,402,464,10937,4458,697,4009,51759,5546,382,1431,937,928,3169,4083,3630,6617,62,110,19,1326,44,2296,840,1454,160,17,8,665,692,1340,15657,6757,43794,2721,42339,37669,16150,36834,15625,33851,380,27232,32769,10979,8974,27026,17412,6881,1052,31,755,61,689,1183,155,50,17,208,3651,630,44459,15945,30489,186,211624,42612,3774,29970,47887,1072,521,46999,20622,79384,8672,37843,153,38364,51,334,637,42,385,1104,205,4656,2605,15,964,1259,781,1123,542,3014,1876,1208,239,5285,3755,2143,4019,1624,416,849,848,509,492,373,1024,1520,5833,1643,514,1906,2698,2744,15668,42739,140,2809,4096,1614,1009,801,806,1291,687,597,8242,596,1051,6118,481,1790,532,4514,1450,1385,809,1196,353,669,536,3178,3079,1060,1191,904,3165,1854,1029,1053,1264,5136,23,45,499,849,395,263,15832,94,10825,29,567,40,6756,810,8625,6402,10906,37,2859,98,205,2246,4155,122359,542,1927,2527,1120,32,3457,224,1042,762,16944,6199,3020,1297,52,155,121,18,59,833,1184,2422,712,3948,680,632,3323,84941,475,2608,121611,735,5933,1248,6659,317,3208,372,72,3544,1146,1192,1267,443,573,266,978,1515,1214,1321,485,1526,1546,25690,111,11708,2389,37,29304,8234,62,270,7371,758,80,7541,1042,1397,319,3526,1469,45360,5699,576,1032,1279,528,1354,1115,1397,751,29,957,73,1843,114,63,160,328,671,1495,1048,62161,3921,15634,9529,2549,937,927,299,41024,58,14412,1807,12362,1543,473,2790,13,26201,5138,9260,42125,3355,40506,297,153,513,1070,545,1340,973,2255,13262,1173,58,172,1410,12,25,4042,4018,13,103,185,24277,44523,37305,8628,34604,4168,365,77339,97924,16950,46624,70544,82143,556,212,947,953,233,1057,1291,339,485,638,7178,0.0,0.0,0.0,0.0,0.0,0.0,0.0,0.0,0.0,0.0,0.0,0.0,0.0,0.0,0.0,0.0,0.0,0.0,0.0,0.0,0.0,0.0,0.0,0.0,0.0,0.0,0.0,0.0,0.0,0.0,0.0,0.0,0.0,0.0,0.0,0.0,0.0,0.0,0.0,0.0,0.0,0.0,0.0,0.0,0.0,0.0,0.0,0.0,0.0,0.0,0.0,0.0,0.0,0.0,0.0,0.0,0.0,0.0,0.0,0.0,0.0,0.0,0.0,0.0,0.0,0.0,0.0,0.0,0.0,0.0,0.0,0.0,0.0,0.0,0.0,0.0,0.0,0.0,0.0,0.0,0.0,0.0,0.0,0.0,0.0,0.0,0.0,0.0,0.0,0.0,0.0,0.0,0.0,0.0,0.0,0.0,0.0,0.0,0.0,0.0,0.0,0.0,0.0,0.0,0.0,0.0,0.0,0.0,0.0,0.0,0.0,0.0,0.0,0.0,0.0,0.0,0.0,0.0,0.0,0.0,0.0,0.0,0.0,0.0,0.0,0.0,0.0,0.0,0.0,0.0,0.0,0.0,0.0,0.0,0.0,0.0,0.0,0.0,0.0,0.0,0.0,0.0,0.0,0.0,0.0,0.0,0.0,0.0,0.0,0.0
ENCFF000RKY,0.12257399147017946,45627,124,3749,29491,652,110449,4961,289,624,340,4862,13142,1924,4035,11672,19609,2520,684,4253,7693,208,975,172,196,40,669,547,3679,20260,4275,425,171,477,1637,1418,31,1852,11,457,15573,14007,327,1036,30,45,467,5876,15391,49,593,898,1297,507,589,13811,175,392,328,305,939,7530,257,5856,253,160,140,2495,39985,52034,9937,903,658,1196,37825,349,1040,486,693,751,212,1007,951,5015,457,534,3711,26,834,544,14,1646,114,21,1120,951,11827,189034,12523,171,34177,47130,2526,41054,953,579,6924,2215,1919,11,3796,11559,10220,85,7660,55161,1617,24844,447,1501,1821,9953,667,31240,1152,7700,4889,867,3341,574,147,93495,6093,395,11961,4127,92793,38140,81,8891,1801,1114,4103,21262,222,321,70,170,50,24,2683,306,6196,12932,5714,1037,3790,30269,2280,1001,1014,733,745,3182,4356,3859,12161,68,74,115,929,28,1693,586,1063,1025,19,30,519,753,896,19586,8974,55175,2358,27783,34326,14856,25366,14791,32392,238,34042,39448,18387,11975,29054,20509,5214,1038,103,503,182,475,908,188,90,67,27,6703,100,24554,10803,4193,120,184131,38282,3889,30494,11796,1334,1826,40124,17118,45365,2888,50864,191,52906,132,568,5544,5816,284,847,254,3908,3033,42,683,885,570,852,430,2191,1213,1073,207,5364,3262,2308,4484,1207,318,676,653,381,355,248,1074,1056,5046,1159,407,1892,2335,1927,7286,45612,354,2424,5172,1328,704,523,585,821,478,927,9084,483,843,6605,335,1805,445,4890,1050,937,587,853,1011,504,522,2462,2265,789,862,706,4588,1578,748,743,906,4000,47,89,404,574,770,344,20373,47,13496,91,696,632,7940,1213,9915,9243,9089,17,2938,172,263,574,4888,54272,825,2185,3727,1332,34,2575,225,98,903,13812,9354,25576,1592,91,414,114,5,29,636,871,3328,420,5003,489,516,860,34451,390,2111,161339,496,7245,900,4720,822,2425,326,198,4381,836,954,920,429,401,299,2774,1019,942,967,443,1009,1067,28037,222,10930,2511,13,36627,7197,7,345,6113,801,34,7273,742,5754,366,2864,986,16116,1779,704,755,905,438,1150,784,2518,356,18,1812,36,2877,1285,24,202,390,146,363,559,19700,1476,6927,4208,923,411,855,94,52794,116,16125,1651,16492,1498,427,4167,792,29792,5885,10035,50904,4118,15020,197,126,378,862,444,915,661,1549,4425,946,37,263,1058,3,17,5514,5179,9,170,303,27573,43517,32340,7383,39420,4587,369,66041,98927,14043,42525,71919,88355,174,208,746,702,217,799,1663,501,669,731,7937,0.0,0.0,0.0,0.0,0.0,0.0,0.0,0.0,0.0,0.0,0.0,0.0,0.0,0.0,0.0,0.0,0.0,0.0,0.0,0.0,0.0,0.0,0.0,0.0,0.0,0.0,0.0,0.0,0.0,0.0,0.0,0.0,0.0,0.0,0.0,0.0,0.0,0.0,0.0,0.0,0.0,0.0,0.0,0.0,0.0,0.0,0.0,0.0,0.0,0.0,0.0,0.0,0.0,0.0,0.0,0.0,0.0,0.0,0.0,0.0,0.0,0.0,0.0,0.0,0.0,0.0,0.0,0.0,0.0,0.0,0.0,0.0,0.0,0.0,0.0,0.0,0.0,0.0,0.0,0.0,0.0,0.0,0.0,0.0,0.0,0.0,0.0,0.0,0.0,0.0,0.0,0.0,0.0,0.0,0.0,0.0,0.0,0.0,0.0,0.0,0.0,0.0,0.0,0.0,0.0,0.0,0.0,0.0,0.0,0.0,0.0,0.0,0.0,0.0,0.0,0.0,0.0,0.0,0.0,0.0,0.0,0.0,0.0,0.0,0.0,0.0,0.0,0.0,0.0,0.0,0.0,0.0,0.0,0.0,0.0,0.0,0.0,0.0,0.0,0.0,0.0,0.0,0.0,0.0,0.0,0.0,0.0,0.0,0.0,0.0
ENCFF567MSF,0.13322425888194786,136853,438,4977,48958,793,172876,9309,381,627,430,870,4360,4175,10786,23027,48847,4085,1040,7695,7853,265,1065,95,102,110,1139,8570,4599,76215,5764,413,263,674,2610,2334,111,3075,35,24,11596,17883,295,916,64,182,1039,8541,23516,1034,1003,1557,1944,728,588,13462,281,540,472,186,1400,2193,734,17141,2276,373,2339,208,60269,59624,11791,1493,934,2721,12593,463,1730,774,996,1155,310,1365,1545,5373,673,805,5190,22,1150,811,35,1638,391,95,1519,1509,23269,241680,14409,117,39440,56266,3303,49382,1849,895,8530,2807,2576,33,4954,11100,11084,237,7106,63496,2840,40372,393,1907,1916,11424,900,53882,1716,10441,4101,2523,3939,558,103,47824,13663,5607,41674,11004,28287,41968,809,5951,6446,1730,6127,58935,832,1350,141,178,63,68,3486,691,955,15339,6249,859,5990,47456,4077,662,1643,2102,1632,4068,5407,4734,10155,86,282,69,1378,81,2143,791,1780,1761,85,24,764,1253,1495,29207,10124,74304,3008,39448,46234,19406,47607,18951,37289,473,40387,48647,18566,13491,36484,24835,7155,1212,1561,976,118,815,1353,236,102,45,48,6190,335,43518,14906,13264,283,342842,50371,5478,38825,31628,2545,812,49884,22753,71924,4988,65938,176,63167,62,494,1240,167,411,1216,406,5663,5553,87,886,1140,802,1249,587,3228,2009,1677,353,8170,5617,3005,7819,1882,462,1013,1034,440,476,335,759,1510,6852,1438,506,2391,3423,2875,13672,40775,5993,3470,5749,1824,1107,833,853,1197,625,550,11195,732,1434,8732,468,2414,640,6632,1582,1336,817,1248,1918,649,2161,3493,2962,1022,1241,1046,3569,2263,1351,1043,1483,5731,44,73,557,915,1274,559,24276,144,14557,47,573,347,9714,1359,11043,9675,10746,47,4803,271,238,2061,6599,96675,1366,3324,3820,1643,458,3933,275,759,1710,21354,10363,6125,2314,77,483,128,16,95,842,1165,3467,787,5527,732,684,2144,67373,937,2811,176101,656,8942,1286,8677,10060,3398,425,3440,10839,1055,1429,1412,512,612,524,49472,1695,1291,1466,760,1631,1741,39070,151,17339,2850,99,40486,11227,58,423,8028,1301,78,10100,1055,2390,431,4618,1488,31481,3888,1912,1064,1605,651,1674,1184,2307,1260,291,1332,58,3141,1583,83,333,1307,387,635,865,38124,1910,11428,6117,1282,833,1091,272,50319,441,23318,2508,16745,2241,379,4565,48,38249,7575,13652,68963,3737,24954,258,468,537,1691,777,1489,1003,2032,7806,1312,48,1097,1472,34,82,5728,6045,7,1389,600,35364,52057,39634,9685,47210,5759,709,99886,125065,16885,54443,92259,108648,436,199,974,886,299,1105,5391,628,582,956,10316,0.0,0.0,0.0,0.0,0.0,0.0,0.0,0.0,0.0,0.0,0.0,0.0,0.0,0.0,0.0,0.0,0.0,0.0,0.0,0.0,0.0,0.0,0.0,0.0,0.0,0.0,0.0,0.0,0.0,0.0,0.0,0.0,0.0,0.0,0.0,0.0,0.0,0.0,0.0,0.0,0.0,0.0,0.0,0.0,0.0,0.0,0.0,0.0,0.0,0.0,0.0,0.0,0.0,0.0,0.0,0.0,0.0,0.0,0.0,0.0,0.0,0.0,0.0,0.0,0.0,0.0,0.0,0.0,0.0,0.0,0.0,0.0,0.0,0.0,0.0,0.0,0.0,0.0,0.0,0.0,0.0,0.0,0.0,0.0,0.0,0.0,0.0,0.0,0.0,0.0,0.0,0.0,0.0,0.0,0.0,0.0,0.0,0.0,0.0,0.0,0.0,0.0,0.0,0.0,0.0,0.0,0.0,0.0,0.0,0.0,0.0,0.0,0.0,0.0,0.0,0.0,0.0,0.0,0.0,0.0,0.0,0.0,0.0,0.0,0.0,0.0,0.0,0.0,0.0,0.0,0.0,0.0,0.0,0.0,0.0,0.0,0.0,0.0,0.0,0.0,0.0,0.0,0.0,0.0,0.0,0.0,0.0,0.0,0.0,0.0
ENCFF001RUP,0.17865097025247514,110924,77,2651,19422,237,71554,9408,269,313,411,1163,2615,1053,2742,9336,10350,2744,832,3813,6644,240,1104,84,76,55,1522,7179,3143,13312,5966,355,233,509,1829,1522,85,2476,22,16,9425,15159,50,819,14,29,813,6247,8020,909,1019,817,1193,677,510,10160,197,519,687,199,1209,1458,65,2362,195,249,2157,98,31200,49523,10751,1035,592,2207,8799,483,1235,490,680,833,161,799,1107,4619,395,527,3205,16,641,509,9,1537,135,30,1215,729,4588,196047,13334,155,36640,47664,2264,41691,1214,514,7010,1847,1957,21,3820,10066,10823,221,5474,45269,1058,19538,141,583,837,9616,265,18900,991,8500,3514,764,3707,471,204,42990,3824,15259,7132,3223,20962,41189,973,4313,2386,1168,5427,15196,370,1013,43,157,28,57,3372,535,637,12896,6218,897,4652,18704,1796,628,1054,1200,936,3257,6523,6915,8615,54,139,59,864,27,1350,473,1673,349,136,4,516,892,962,18536,9532,56681,2427,25080,36093,14536,18539,13782,26530,370,32765,37730,16146,12214,29601,23969,5669,938,1272,635,48,429,770,191,67,18,146,5708,117,19976,9297,2473,298,170180,38768,4683,30774,6474,1638,1084,38499,17353,37554,1730,62820,204,68163,38,514,1413,108,241,846,591,3991,3691,41,555,697,451,786,375,2381,1353,340,279,6460,3597,2532,4336,1099,221,671,656,321,307,230,567,938,4505,878,322,1776,2472,1982,5356,10019,5490,2468,4934,1332,704,617,538,749,344,122,9754,472,898,6661,331,1934,443,4255,887,876,446,791,370,400,578,2115,1900,644,816,665,3051,1531,804,628,817,3566,50,63,349,536,834,501,22770,296,13514,29,547,146,8882,1356,10645,9072,9926,24,3823,137,180,1604,6633,38221,1346,2977,2367,1334,312,2275,315,357,1545,16714,5413,3672,2208,88,265,123,16,72,476,1726,3365,697,4027,468,462,975,22103,710,1851,155649,461,8432,872,5614,9295,2401,274,2584,9371,601,1032,1048,314,408,457,40726,1218,906,1113,482,1092,1233,30961,54,12524,2340,47,38493,10103,51,422,8068,1272,75,7204,659,2460,338,3627,1069,8912,1551,1512,655,1087,448,1124,821,2217,667,20,1102,41,2317,113,43,322,1100,304,220,460,21870,673,5499,3020,533,640,1152,342,52398,298,19594,2100,17137,2228,301,4136,42,36778,6433,13200,52268,1516,7993,222,326,316,1048,396,1015,634,1058,7016,988,12,531,878,46,34,6014,6198,20,1380,234,33897,37986,27121,7043,42631,5250,475,61589,94678,11579,38455,72787,92356,214,181,559,513,216,706,1452,441,533,917,8203,0.0,0.0,0.0,0.0,0.0,0.0,0.0,0.0,0.0,0.0,0.0,0.0,0.0,0.0,0.0,0.0,0.0,0.0,0.0,0.0,0.0,0.0,0.0,0.0,0.0,0.0,0.0,0.0,0.0,0.0,0.0,0.0,0.0,0.0,0.0,0.0,0.0,0.0,0.0,0.0,0.0,0.0,0.0,0.0,0.0,0.0,0.0,0.0,0.0,0.0,0.0,0.0,0.0,0.0,0.0,0.0,0.0,0.0,0.0,0.0,0.0,0.0,0.0,0.0,0.0,0.0,0.0,0.0,0.0,0.0,0.0,0.0,0.0,0.0,0.0,0.0,0.0,0.0,0.0,0.0,0.0,0.0,0.0,0.0,0.0,0.0,0.0,0.0,0.0,0.0,0.0,0.0,0.0,0.0,0.0,0.0,0.0,0.0,0.0,0.0,0.0,0.0,0.0,0.0,0.0,0.0,0.0,0.0,0.0,0.0,0.0,0.0,0.0,0.0,0.0,0.0,0.0,0.0,0.0,0.0,0.0,0.0,0.0,0.0,0.0,0.0,0.0,0.0,0.0,0.0,0.0,0.0,0.0,0.0,0.0,0.0,0.0,0.0,0.0,0.0,0.0,0.0,0.0,0.0,0.0,0.0,0.0,0.0,0.0,0.0
ENCFF001HUW,0.14840309935182416,44688,119,3524,41913,663,64318,4535,229,557,219,603,2618,4939,7747,23276,32369,3193,396,7626,6692,119,591,58,46,45,757,1344,2925,39022,3344,196,144,418,1674,1528,52,1658,24,208,7047,9079,45,525,26,52,477,5070,23008,183,439,987,1298,418,284,5812,135,290,433,147,695,1210,338,12152,260,404,449,25,42441,41981,6405,1009,736,1148,3800,253,1123,484,741,858,217,919,974,2988,406,559,3393,7,815,452,14,903,125,35,2306,1333,12392,148180,8965,89,24053,35749,2415,29858,1006,635,4872,1530,2895,19,3380,9228,9163,156,4562,28146,2563,33203,517,1982,2061,7640,787,47148,1280,5774,3801,679,2141,300,100,26107,14030,1346,29352,7789,9833,23108,267,3754,5480,1039,3188,67502,486,351,134,93,30,33,1981,397,1327,10386,3703,579,4973,42923,3120,337,1074,874,710,2556,12318,9812,4437,55,99,57,912,19,1705,539,596,40,47,3,568,595,942,12767,5971,37812,1980,30035,28723,12940,33224,12576,24909,346,24461,29717,9152,7863,21707,16221,4801,751,365,1090,55,452,868,128,72,32,21,3863,322,66199,11547,15289,262,163569,31936,2788,23929,24578,932,637,34359,17138,52904,4552,40264,160,37746,42,252,693,34,276,868,192,3740,1886,165,669,884,537,852,385,2177,1277,158,163,4192,2614,1752,2123,1189,313,673,676,360,331,219,330,1089,4527,1136,333,1580,2050,2032,10989,24204,965,2065,2890,1216,816,609,619,937,499,105,5595,459,810,4349,349,1311,365,3384,1013,935,552,886,265,447,553,2224,2114,749,902,710,1962,1325,751,757,917,3500,17,16,374,605,466,202,12945,127,9678,31,400,65,5343,618,6592,5679,7449,24,2509,98,138,2202,3623,77520,563,1569,1845,878,94,2380,134,137,578,12959,8575,2552,1093,25,130,117,19,40,637,1247,2136,496,3263,524,450,1561,61415,327,1869,103023,507,4919,917,5110,1527,2351,308,655,4090,760,917,970,345,388,246,7899,1067,865,976,674,1050,1209,20928,42,8955,1843,39,22566,5992,26,246,4839,519,56,5733,795,1523,260,2718,979,23247,3776,641,708,967,387,1023,853,1300,979,26,815,36,1771,113,30,162,401,326,713,747,30139,1942,12501,5358,1323,434,1063,299,37389,187,13576,1549,10133,1248,303,2396,12,28485,5508,10081,43585,1670,17314,238,259,351,846,426,1012,673,1244,5512,934,43,276,974,7,16,3262,3256,55,323,138,18857,32949,24913,6223,27890,3284,402,52219,70529,11050,34114,51741,63168,374,147,673,656,195,850,1179,214,338,530,6118,0.0,0.0,0.0,0.0,0.0,0.0,0.0,0.0,0.0,0.0,0.0,0.0,0.0,0.0,0.0,0.0,0.0,0.0,0.0,0.0,0.0,0.0,0.0,0.0,0.0,0.0,0.0,0.0,0.0,0.0,0.0,0.0,0.0,0.0,0.0,0.0,0.0,0.0,0.0,0.0,0.0,0.0,0.0,0.0,0.0,0.0,0.0,0.0,0.0,0.0,0.0,0.0,0.0,0.0,0.0,0.0,0.0,0.0,0.0,0.0,0.0,0.0,0.0,0.0,0.0,0.0,0.0,0.0,0.0,0.0,0.0,0.0,0.0,0.0,0.0,0.0,0.0,0.0,0.0,0.0,0.0,0.0,0.0,0.0,0.0,0.0,0.0,0.0,0.0,0.0,0.0,0.0,0.0,0.0,0.0,0.0,0.0,0.0,0.0,0.0,0.0,0.0,0.0,0.0,0.0,0.0,0.0,0.0,0.0,0.0,0.0,0.0,0.0,0.0,0.0,0.0,0.0,0.0,0.0,0.0,0.0,0.0,0.0,0.0,0.0,0.0,0.0,0.0,0.0,0.0,0.0,0.0,0.0,0.0,0.0,0.0,0.0,0.0,0.0,0.0,0.0,0.0,0.0,0.0,0.0,0.0,0.0,0.0,0.0,0.0
ENCFF522PUA,0.17577882836160655,194495,119,3988,36603,583,126476,6227,274,384,261,779,3733,2852,8168,18000,35032,2892,669,5437,5095,131,629,54,62,61,828,12871,3381,47031,3685,233,255,411,1968,1657,106,2023,12,36,7579,10230,167,676,54,39,599,5877,18381,1695,492,1102,1446,466,311,6958,193,326,309,168,911,2160,659,13383,1867,265,3508,320,45096,41007,6538,1107,700,2645,4766,275,1291,602,802,896,260,994,1111,3225,493,590,3884,18,905,589,22,918,232,58,1021,1203,18299,155436,9083,102,24255,35487,2360,31334,1321,658,4633,1422,1434,23,2494,6245,6309,145,4575,31111,2173,29917,307,1433,1414,7459,731,41739,1352,5542,2551,692,2204,280,66,25960,9920,8082,28022,8033,10103,25500,1588,4564,4870,1246,5019,44195,459,2193,106,90,35,39,2262,374,1034,9594,3852,552,4019,36328,3277,422,1100,1127,865,2645,3452,3129,4868,65,111,30,1039,46,1729,639,1007,493,156,29,789,692,936,13579,6399,43373,2088,26394,30229,13298,32740,13115,26448,290,25544,31122,10604,8416,21829,16141,4634,817,2146,659,144,611,993,143,45,19,20,3943,245,31373,10867,9617,181,158781,33824,4784,26230,24317,1095,577,35636,16063,53929,3457,38131,137,36161,27,291,1058,195,351,896,220,4001,2678,38,709,940,610,886,456,2341,1421,250,281,5491,3005,2085,2681,1405,404,747,758,384,399,270,421,1169,4624,1087,406,1666,2402,2133,11236,46435,9126,2460,3098,1365,817,623,662,969,561,113,6340,547,1160,4848,367,1588,506,4015,1296,962,666,968,293,552,726,2657,2274,832,1003,793,2225,1541,968,808,1170,4413,31,50,426,685,534,432,13961,60,8296,35,410,388,6212,724,6479,5896,6894,25,2862,169,107,1439,3706,74582,1179,2185,2010,984,860,2856,169,406,948,14598,7269,7278,1401,27,159,66,9,41,702,861,2204,578,3468,558,527,1599,50290,1110,2072,111623,536,5769,938,5908,14255,2310,312,6553,14375,800,938,1082,372,427,333,80169,1264,938,1135,518,1227,1279,22866,80,11322,1767,73,24982,6330,42,298,5222,652,56,7139,775,1131,220,3163,1093,24199,3218,2224,817,1117,508,1086,886,1326,916,60,800,43,1816,246,33,190,1702,190,445,749,30008,1482,9302,4676,1021,538,703,158,29664,516,14421,2314,10273,1297,265,2759,69,25440,5049,8958,38460,4088,19110,200,308,386,1793,474,1109,753,1440,5720,994,24,1801,1073,15,44,3430,3751,7,1883,145,22100,34636,26740,6504,30607,3706,452,70117,79432,11866,35976,58979,69898,283,157,723,691,240,840,1258,348,342,704,6616,0.0,0.0,0.0,0.0,0.0,0.0,0.0,0.0,0.0,0.0,0.0,0.0,0.0,0.0,0.0,0.0,0.0,0.0,0.0,0.0,0.0,0.0,0.0,0.0,0.0,0.0,0.0,0.0,0.0,0.0,0.0,0.0,0.0,0.0,0.0,0.0,0.0,0.0,0.0,0.0,0.0,0.0,0.0,0.0,0.0,0.0,0.0,0.0,0.0,0.0,0.0,0.0,0.0,0.0,0.0,0.0,0.0,0.0,0.0,0.0,0.0,0.0,0.0,0.0,0.0,0.0,0.0,0.0,0.0,0.0,0.0,0.0,0.0,0.0,0.0,0.0,0.0,0.0,0.0,0.0,0.0,0.0,0.0,0.0,0.0,0.0,0.0,0.0,0.0,0.0,0.0,0.0,0.0,0.0,0.0,0.0,0.0,0.0,0.0,0.0,0.0,0.0,0.0,0.0,0.0,0.0,0.0,0.0,0.0,0.0,0.0,0.0,0.0,0.0,0.0,0.0,0.0,0.0,0.0,0.0,0.0,0.0,0.0,0.0,0.0,0.0,0.0,0.0,0.0,0.0,0.0,0.0,0.0,0.0,0.0,0.0,0.0,0.0,0.0,0.0,0.0,0.0,0.0,0.0,0.0,0.0,0.0,0.0,0.0,0.0
ENCFF000YCZ,0.052333961337931355,1991,26,154,2022,33,4140,304,29,26,13,30,158,219,469,911,1399,167,15,239,249,13,34,2,5,5,31,53,168,4422,167,19,22,41,89,81,3,91,2,0,363,513,4,38,2,3,34,284,1278,1,31,48,75,16,16,333,13,18,8,4,50,75,19,778,20,24,28,5,2512,2351,333,46,40,52,375,7,41,24,39,31,8,59,50,199,21,29,165,0,32,28,1,71,3,1,48,79,958,8278,512,5,1421,1976,113,1777,60,27,219,71,88,1,148,407,374,12,244,1820,153,1516,28,153,127,401,55,2126,66,284,144,28,138,19,8,1474,646,36,2140,462,577,1227,8,212,137,32,152,3086,34,13,5,7,1,3,94,17,46,479,278,37,197,2053,202,25,51,53,48,138,189,180,297,3,11,0,44,2,83,36,162,577,1,0,48,50,34,741,327,2198,120,1406,1670,714,1856,645,1302,19,1416,1587,577,467,1101,881,309,37,8,29,4,31,34,9,6,1,1,224,17,2066,593,619,8,11480,1939,220,1276,1327,47,21,1921,859,2879,252,2022,6,1976,2,23,65,23,19,30,14,161,94,1,24,59,22,42,22,99,67,18,12,194,146,92,112,59,12,32,28,25,27,18,23,45,245,49,20,94,114,110,708,1194,45,106,187,61,44,18,24,31,23,9,366,24,36,251,15,64,33,197,57,66,32,35,21,16,16,151,117,43,49,33,118,71,36,43,38,187,1,1,21,34,21,7,670,6,481,2,27,7,287,40,318,300,403,2,109,6,10,61,185,3497,45,108,123,63,6,118,13,6,32,639,277,160,82,1,9,6,0,5,36,22,96,37,171,24,27,104,2709,18,90,5747,26,263,38,234,60,123,11,22,246,51,50,39,27,20,13,241,62,43,59,13,64,63,1185,4,466,108,1,1360,326,2,20,302,29,5,347,45,91,17,133,62,1170,184,38,44,37,19,52,43,63,20,1,46,3,83,10,1,7,16,11,37,28,1582,123,554,352,93,28,37,11,1734,6,654,85,593,59,12,142,1,1299,257,457,1993,113,958,11,2,22,57,59,38,29,76,315,44,2,14,57,2,5,207,190,0,9,8,1204,1902,1564,314,1690,280,25,3290,4354,604,1832,3201,3806,18,14,44,47,15,43,61,24,35,26,279,0.0,0.0,0.0,0.0,0.0,0.0,0.0,0.0,0.0,0.0,0.0,0.0,0.0,0.0,0.0,0.0,0.0,0.0,0.0,0.0,0.0,0.0,0.0,0.0,0.0,0.0,0.0,0.0,0.0,0.0,0.0,0.0,0.0,0.0,0.0,0.0,0.0,0.0,0.0,0.0,0.0,0.0,0.0,0.0,0.0,0.0,0.0,0.0,0.0,0.0,0.0,0.0,0.0,0.0,0.0,0.0,0.0,0.0,0.0,0.0,0.0,0.0,0.0,0.0,0.0,0.0,0.0,0.0,0.0,0.0,0.0,0.0,0.0,0.0,0.0,0.0,0.0,0.0,0.0,0.0,0.0,0.0,0.0,0.0,0.0,0.0,0.0,0.0,0.0,0.0,0.0,0.0,0.0,0.0,0.0,0.0,0.0,0.0,0.0,0.0,0.0,0.0,0.0,0.0,0.0,0.0,0.0,0.0,0.0,0.0,0.0,0.0,0.0,0.0,0.0,0.0,0.0,0.0,0.0,0.0,0.0,0.0,0.0,0.0,0.0,0.0,0.0,0.0,0.0,0.0,0.0,0.0,0.0,0.0,0.0,0.0,0.0,0.0,0.0,0.0,0.0,0.0,0.0,0.0,0.0,0.0,0.0,0.0,0.0,0.0
ENCFF002EEV,0.18775892607814168,83695,311,3856,101976,723,109157,7516,279,474,373,911,3562,2663,6585,80021,25365,3190,466,5806,8468,170,843,88,45,62,1253,4079,3491,59487,4238,316,306,568,2004,1798,110,2114,15,34,9105,12138,38,673,24,114,669,6021,63843,402,601,1120,1488,531,332,8362,209,397,611,151,722,1694,263,32330,315,271,1122,67,68782,58406,8815,1131,792,1959,7163,345,1328,587,887,966,228,1071,1226,4223,480,588,3886,10,920,548,20,1282,128,30,1249,1385,45550,197300,12105,158,33728,45362,2750,39287,1243,749,6029,1742,1962,23,3353,9313,9648,161,6048,39352,2286,31330,536,2017,2212,9938,843,87941,1406,9034,4214,708,2997,413,205,34721,8996,3201,56201,7009,16932,32162,706,5147,3296,1346,4636,93348,358,682,110,97,27,27,2586,301,675,15282,5576,763,4575,100954,3346,506,1197,1319,1016,3319,5897,5868,6913,65,92,39,1097,32,1907,657,931,602,106,10,746,826,1068,17478,8261,52528,2573,29834,36910,17141,68660,14614,30648,280,31062,36533,14221,10928,26740,21211,6095,930,965,933,69,547,961,171,48,21,60,6665,229,58135,13623,7045,233,233159,44094,4262,30940,41642,1300,874,43981,22129,84166,4979,56791,242,59551,56,511,1149,133,315,1009,349,4216,2593,34,734,1059,676,993,469,2728,1474,540,222,5332,3286,2368,3417,1291,395,745,784,375,341,298,556,1117,5542,1645,398,1899,2517,2280,9346,50805,2680,2541,3614,1479,872,677,673,1058,530,168,8556,497,920,5966,398,1702,474,4704,1177,1113,616,1007,342,575,647,2594,2637,793,992,758,2805,1727,825,850,1030,4196,42,40,426,638,619,341,19480,162,11980,31,625,136,7355,862,8840,8654,9443,15,2761,97,206,1564,4818,105140,930,2637,2453,1256,327,2920,201,176,801,17111,7277,3330,1574,58,266,134,16,45,717,1693,3077,654,4702,558,547,1268,109383,532,2261,145716,539,6608,1073,5587,4607,2800,323,1488,7390,882,1084,1198,434,457,349,20674,1367,1045,1174,663,1257,1431,27874,54,11451,2449,33,34485,8229,77,296,7975,1000,68,7366,935,2229,343,3308,1248,47503,3520,1153,856,1215,512,1331,999,1802,763,29,1229,31,2500,123,87,230,885,417,544,700,87491,1927,9991,5860,1515,580,1071,265,43872,421,17964,2319,14893,1540,344,3477,29,34682,6359,12035,51081,2555,43740,333,263,394,1307,585,1213,830,1551,8390,1154,47,425,1075,26,28,4733,4865,15,836,262,27442,44178,32702,8157,39722,4487,408,94740,96264,14783,45866,72446,89610,268,176,783,699,219,964,1479,366,509,771,9628,0.0,0.0,0.0,0.0,0.0,0.0,0.0,0.0,0.0,0.0,0.0,0.0,0.0,0.0,0.0,0.0,0.0,0.0,0.0,0.0,0.0,0.0,0.0,0.0,0.0,0.0,0.0,0.0,0.0,0.0,0.0,0.0,0.0,0.0,0.0,0.0,0.0,0.0,0.0,0.0,0.0,0.0,0.0,0.0,0.0,0.0,0.0,0.0,0.0,0.0,0.0,0.0,0.0,0.0,0.0,0.0,0.0,0.0,0.0,0.0,0.0,0.0,0.0,0.0,0.0,0.0,0.0,0.0,0.0,0.0,0.0,0.0,0.0,0.0,0.0,0.0,0.0,0.0,0.0,0.0,0.0,0.0,0.0,0.0,0.0,0.0,0.0,0.0,0.0,0.0,0.0,0.0,0.0,0.0,0.0,0.0,0.0,0.0,0.0,0.0,0.0,0.0,0.0,0.0,0.0,0.0,0.0,0.0,0.0,0.0,0.0,0.0,0.0,0.0,0.0,0.0,0.0,0.0,0.0,0.0,0.0,0.0,0.0,0.0,0.0,0.0,0.0,0.0,0.0,0.0,0.0,0.0,0.0,0.0,0.0,0.0,0.0,0.0,0.0,0.0,0.0,0.0,0.0,0.0,0.0,0.0,0.0,0.0,0.0,0.0
ENCFF001FEM,0.06439026306015125,11519,8,359,2869,52,6491,7321,13,15,25,97,951,164,492,1724,1058,282,51,638,575,29,95,13,1,3,2100,128,277,2514,381,23,19,43,1115,1449,3,1493,2,0,2552,3140,0,43,1,4,1827,1488,1629,9,50,64,92,23,73,3452,11,28,28,2,39,97,44,1169,23,23,31,11,5470,5029,3803,215,38,144,2344,43,777,30,46,90,19,41,1528,1373,13,29,250,3,49,26,1,157,3,2,130,146,1170,19660,1691,7,4386,10999,307,8845,1325,33,1663,489,215,2,1480,4245,2793,11,2237,8268,635,2693,23,92,119,1105,39,3107,819,836,328,113,493,34,4,5884,754,584,2668,575,3699,7814,45,1071,275,312,885,2703,31,37,8,13,2,1,200,52,60,2686,580,69,445,3799,229,43,257,252,442,490,438,425,4354,25,9,4,57,0,108,50,96,4515,2,1,23,60,577,4375,727,5025,229,2396,4290,1918,2490,3458,4272,15,3674,4220,1443,1718,9723,2437,1818,95,36,74,9,26,53,28,2,1,0,408,3,3578,1434,350,7,52188,4207,383,3150,2734,169,118,5722,2086,5671,152,7842,14,6533,3,57,84,0,9,493,147,1063,986,0,38,51,24,54,23,2329,1537,1418,141,345,1401,636,4140,77,17,28,67,26,18,13,895,74,1462,70,24,163,1662,800,1363,2349,102,1301,3192,109,137,133,34,71,36,665,1412,20,45,2153,35,175,13,980,52,97,30,53,151,29,50,165,151,45,66,37,1542,185,46,50,45,257,0,3,21,39,114,23,4034,6,3555,0,88,3,1056,338,3097,868,1098,0,231,0,16,107,364,4893,62,231,1859,230,7,1241,15,147,112,59330,693,589,100,0,9,11,2,1,32,92,201,532,605,34,25,154,3987,35,163,21646,52,1961,72,2012,163,817,17,89,551,47,778,1171,16,14,20,895,1181,88,1084,521,256,1862,4007,1,1676,354,3,14162,1492,0,27,2883,78,0,524,46,309,20,2190,128,948,661,36,44,1144,20,96,56,788,55,3,132,0,455,13,0,26,39,28,18,67,2328,83,592,615,69,51,573,12,9965,12,8326,200,1966,154,33,276,27,98146,2079,23481,33927,320,1221,30,12,24,50,30,307,32,775,381,526,0,50,56,2,0,414,591,1,38,24,3988,5884,6358,2558,4099,559,29,8423,15039,3097,5334,9859,13250,38,10,43,45,7,58,599,41,31,3304,691,0.0,0.0,0.0,0.0,0.0,0.0,0.0,0.0,0.0,0.0,0.0,0.0,0.0,0.0,0.0,0.0,0.0,0.0,0.0,0.0,0.0,0.0,0.0,0.0,0.0,0.0,0.0,0.0,0.0,0.0,0.0,0.0,0.0,0.0,0.0,0.0,0.0,0.0,0.0,0.0,0.0,0.0,0.0,0.0,0.0,0.0,0.0,0.0,0.0,0.0,0.0,0.0,0.0,0.0,0.0,0.0,0.0,0.0,0.0,0.0,0.0,0.0,0.0,0.0,0.0,0.0,0.0,0.0,0.0,0.0,0.0,0.0,0.0,0.0,0.0,0.0,0.0,0.0,0.0,0.0,0.0,0.0,0.0,0.0,0.0,0.0,0.0,0.0,0.0,0.0,0.0,0.0,0.0,0.0,0.0,0.0,0.0,0.0,0.0,0.0,0.0,0.0,0.0,0.0,0.0,0.0,0.0,0.0,0.0,0.0,0.0,0.0,0.0,0.0,0.0,0.0,0.0,0.0,0.0,0.0,0.0,0.0,0.0,0.0,0.0,0.0,0.0,0.0,0.0,0.0,0.0,0.0,0.0,0.0,0.0,0.0,0.0,0.0,0.0,0.0,0.0,0.0,0.0,0.0,0.0,0.0,0.0,0.0,0.0,0.0
ENCFF800RTW,0.09485387450846719,1806024,4019,12210,588,2,11859,1894,51,226,121,705,706,115,508,77,13,1773,595,1805,4578,155,674,148,74,13812,179,32322,1129,361,2337,435,6616,1317,540,372,1583,727,11,0,6370,7297,13,479,1,1181,157,1987,130,13000,202,236,375,306,440,58828,127,313,185,73,537,402,2,3,51,179,4588,0,20537,45588,21484,274,179,32139,5208,295,288,128,179,276,50,251,262,2706,116,155,1203,36,182,120,16,1381,16,0,612,196,99,134728,7458,22,74275,27796,818,24640,294,159,3921,1126,1111,85,51990,27982,8419,209,4964,89551,157,5982,0,0,238,5539,0,110,296,6614,3452,533,1980,209,47,19807,1175,21201,221,969,9535,45543,62961,3436,194,282,9295,1189,64,13794,13,75,57,10,1351,160,251,8877,2898,585,1837,722,401,1412,307,311,326,1343,1876,1729,20397,50,48,10,213,0,427,125,921,465,1106,0,12281,324,240,14839,5709,71918,1076,14466,19745,8119,4902,8836,26511,71,35369,37902,9174,10134,23023,37662,3778,339,2100,163,9,133,249,87,67,19,20,3065,1,5938,4099,14,4,265072,16072,5911,17514,652,703,480,18570,7804,13097,37,49665,64,36979,82,123,881,0,74,248,183,1351,1429,0,181,263,155,285,128,742,347,4533,106,5601,1408,1047,21771,306,98,191,172,86,75,72,1600,308,2421,1136,116,837,752,618,1140,302,45186,856,16390,479,191,163,175,208,164,598,6768,171,249,3211,83,622,92,1990,299,242,149,220,26,148,2059,751,595,225,361,214,2469,642,164,210,234,1223,203,17,89,159,261,5,23713,313,14380,53,387,51,3285,477,12701,7140,3429,0,1515,76,123,20,2377,10681,1191,6592,7864,780,393,766,99,87,449,7850,2089,782,887,102,1011,51,0,0,181,46,1712,134,1573,150,105,145,584,4227,607,107415,903,8366,279,1584,37019,796,108,32904,104245,232,259,261,107,93,410,506751,299,254,274,546,315,324,16711,5284,4825,2618,3,71005,5273,5,168,3956,615,11,2905,197,765,268,1104,237,215,178,9660,158,239,106,375,206,1055,39,0,2689,4,932,256,515,143,8091,341,18,135,1054,32,1331,658,68,126,28392,541,32977,3065,30077,946,7991,836,91,3032,2,27732,3080,11784,70548,454,465,968,62,91,500,2701,269,184,427,844,232,10,8691,251,0,0,5497,2746,9,6676,80,14001,33299,17202,2670,19425,2721,126,24327,52765,7155,21218,51027,44347,96,495,203,182,52,252,865,162,621,273,5108,0.0,0.0,0.0,0.0,0.0,0.0,0.0,0.0,0.0,0.0,0.0,0.0,0.0,0.0,0.0,0.0,0.0,0.0,0.0,0.0,0.0,0.0,0.0,0.0,0.0,0.0,0.0,0.0,0.0,0.0,0.0,0.0,0.0,0.0,0.0,0.0,0.0,0.0,0.0,0.0,0.0,0.0,0.0,0.0,0.0,0.0,0.0,0.0,0.0,0.0,0.0,0.0,0.0,0.0,0.0,0.0,0.0,0.0,0.0,0.0,0.0,0.0,0.0,0.0,0.0,0.0,0.0,0.0,0.0,0.0,0.0,0.0,0.0,0.0,0.0,0.0,0.0,0.0,0.0,0.0,0.0,0.0,0.0,0.0,0.0,0.0,0.0,0.0,0.0,0.0,0.0,0.0,0.0,0.0,0.0,0.0,0.0,0.0,0.0,0.0,0.0,0.0,0.0,0.0,0.0,0.0,0.0,0.0,0.0,0.0,0.0,0.0,0.0,0.0,0.0,0.0,0.0,0.0,0.0,0.0,0.0,0.0,0.0,0.0,0.0,0.0,0.0,0.0,0.0,0.0,0.0,0.0,0.0,0.0,0.0,0.0,0.0,0.0,0.0,0.0,0.0,0.0,0.0,0.0,0.0,0.0,0.0,0.0,0.0,0.0
ENCFF000XOV,0.07547834795165964,2067,12,116,1092,49,3134,216,29,25,10,22,113,188,364,578,1035,145,16,207,243,14,38,1,0,3,25,103,103,1558,146,8,8,18,72,69,2,79,2,0,323,447,8,38,1,3,27,265,855,7,33,46,47,8,12,295,7,7,17,8,44,45,8,541,13,19,35,3,1925,2051,327,42,21,59,296,7,48,23,30,36,7,31,41,138,26,14,100,2,34,17,0,56,9,2,73,50,649,6652,416,3,1183,1579,73,1351,102,20,190,58,60,0,113,313,272,1,184,1455,130,1629,33,117,123,340,57,2082,41,276,117,27,127,15,6,1243,626,63,870,353,756,1148,14,159,143,46,162,1893,16,29,3,5,0,0,84,11,28,377,186,18,176,1193,171,19,37,60,51,124,192,175,242,5,10,2,36,2,81,30,144,1037,2,0,29,47,35,685,285,1819,109,1187,1424,572,1556,544,1103,15,1127,1259,415,371,986,765,257,26,17,36,5,15,41,8,2,2,11,163,16,2039,514,537,19,8348,1841,112,1086,919,40,30,1637,679,2205,231,1697,8,1730,1,7,39,21,13,28,4,147,95,2,26,36,22,35,13,73,48,16,10,178,125,64,116,40,8,20,32,14,19,13,26,55,149,37,20,75,100,79,459,764,61,66,133,60,33,19,13,40,20,7,355,18,37,206,5,61,30,133,57,36,31,25,8,14,15,102,89,33,32,25,100,53,29,32,32,104,2,2,13,25,20,14,564,7,398,1,16,6,240,31,239,254,299,0,81,8,12,63,169,2977,24,97,71,43,4,89,8,10,31,530,247,112,63,2,8,2,1,3,16,59,97,37,158,28,16,53,1708,15,67,4944,23,229,42,212,94,82,10,41,201,37,36,32,26,23,13,431,38,31,44,24,50,49,1036,2,392,104,0,1157,323,3,15,260,40,3,269,31,51,6,141,37,707,113,34,37,33,12,36,23,56,30,0,51,0,78,8,0,8,19,17,35,43,832,106,337,246,71,21,38,7,1739,18,541,74,532,62,8,117,3,1031,237,357,1616,90,677,9,6,10,30,22,35,23,45,301,36,1,12,53,0,3,169,173,0,22,7,993,1536,1191,250,1407,180,8,2915,3519,524,1549,2752,3133,15,10,27,29,8,31,61,10,24,19,287,0.0,0.0,0.0,0.0,0.0,0.0,0.0,0.0,0.0,0.0,0.0,0.0,0.0,0.0,0.0,0.0,0.0,0.0,0.0,0.0,0.0,0.0,0.0,0.0,0.0,0.0,0.0,0.0,0.0,0.0,0.0,0.0,0.0,0.0,0.0,0.0,0.0,0.0,0.0,0.0,0.0,0.0,0.0,0.0,0.0,0.0,0.0,0.0,0.0,0.0,0.0,0.0,0.0,0.0,0.0,0.0,0.0,0.0,0.0,0.0,0.0,0.0,0.0,0.0,0.0,0.0,0.0,0.0,0.0,0.0,0.0,0.0,0.0,0.0,0.0,0.0,0.0,0.0,0.0,0.0,0.0,0.0,0.0,0.0,0.0,0.0,0.0,0.0,0.0,0.0,0.0,0.0,0.0,0.0,0.0,0.0,0.0,0.0,0.0,0.0,0.0,0.0,0.0,0.0,0.0,0.0,0.0,0.0,0.0,0.0,0.0,0.0,0.0,0.0,0.0,0.0,0.0,0.0,0.0,0.0,0.0,0.0,0.0,0.0,0.0,0.0,0.0,0.0,0.0,0.0,0.0,0.0,0.0,0.0,0.0,0.0,0.0,0.0,0.0,0.0,0.0,0.0,0.0,0.0,0.0,0.0,0.0,0.0,0.0,0.0
ENCFF828MSV,0.15476651740107858,648084,7172,20357,135915,1656,245690,31404,1361,1538,1345,5761,20500,11782,22719,80557,90118,12025,2089,25764,24978,935,3502,379,306,382,4473,42294,13018,125839,18219,1394,2198,2923,7115,6326,1032,8395,166,671,43827,53879,204,2968,223,2689,2781,24752,95165,6179,2077,4113,5287,2738,2399,38355,891,1901,1854,1426,3536,10963,1652,53041,1054,3416,12920,2422,204295,209198,42204,4248,2746,12896,32565,1427,4931,1962,2925,3419,900,3860,4445,17647,1715,1999,14246,96,3276,1868,84,8138,1050,223,6860,5086,61202,822439,51187,382,134626,205676,10360,176465,4634,2340,28450,8408,9741,92,17351,41032,42507,845,20028,167400,8414,87261,1089,4604,6205,40232,2117,112263,4966,27422,13570,4087,13741,1600,711,159375,33857,28014,85990,23330,79628,136795,8030,21157,14757,4640,20940,173669,2664,7750,324,524,340,183,10902,1422,8613,43662,23073,2961,20195,139797,11996,2045,4353,9190,10315,14154,20817,17257,37456,254,704,234,3604,124,6502,2228,6996,23266,670,40,5039,3565,3984,76360,34178,240787,9250,121104,145250,63743,126451,58182,114759,1223,139986,160704,62024,45059,116619,89263,33361,4145,9065,3643,413,1901,3383,856,300,730,325,18591,1000,163453,46665,31991,1319,1911111,171619,20754,127219,91144,5833,3194,177290,85999,237335,10688,230438,683,235639,331,1619,6514,4464,1095,3711,2038,16219,11581,339,2432,3540,2203,3451,1622,9923,5889,3506,997,20674,14145,8993,18526,4533,1209,2368,2786,1397,1326,998,3520,4110,23037,4423,1397,7758,9484,8773,51323,132586,24699,9782,20332,5437,3185,2586,2375,3567,1870,1891,46696,1822,3157,27509,1353,6610,1488,20073,4034,3802,2198,3516,3135,1741,3152,9369,9083,3000,3408,2836,11694,6115,3106,2857,3548,15430,159,121,1520,2327,3348,1089,76619,767,51526,80,2433,269,31178,4344,40391,29892,33726,130,12879,363,896,7822,20047,241121,5962,15501,10566,5171,2756,11485,1067,1496,5028,71522,32103,29627,7212,125,1112,506,45,200,2564,4324,11936,2335,16916,1919,1805,10627,184355,3320,8348,596116,4068,27464,3721,21671,47235,10841,1134,22175,65213,3027,4077,4344,1352,1575,1635,248972,4960,3599,4347,2685,4490,5170,120802,278,45408,11730,284,134819,34770,187,1533,27843,5765,220,28285,3012,8395,1546,13118,4430,55889,11421,11890,2962,4307,1656,4700,3381,7059,4516,171,4961,187,8864,2348,99,878,6831,3509,2105,3703,130016,4345,35160,17425,3419,2294,4362,855,188801,3831,88449,13650,62036,6772,1373,13365,677,153427,29145,52228,248513,8972,68338,1498,2054,1376,5901,6729,4615,2743,7610,40457,3939,232,5700,3733,206,168,20526,20799,170,8901,1113,122595,185847,131793,33080,167267,19677,2668,292647,437073,57203,185163,306606,378112,1188,825,2774,2534,781,3263,7769,1363,2271,3330,28493,0.0,0.0,0.0,0.0,0.0,0.0,0.0,0.0,0.0,0.0,0.0,0.0,0.0,0.0,0.0,0.0,0.0,0.0,0.0,0.0,0.0,0.0,0.0,0.0,0.0,0.0,0.0,0.0,0.0,0.0,0.0,0.0,0.0,0.0,0.0,0.0,0.0,0.0,0.0,0.0,0.0,0.0,0.0,0.0,0.0,0.0,0.0,0.0,0.0,0.0,0.0,0.0,0.0,0.0,0.0,0.0,0.0,0.0,0.0,0.0,0.0,0.0,0.0,0.0,0.0,0.0,0.0,0.0,0.0,0.0,0.0,0.0,0.0,0.0,0.0,0.0,0.0,0.0,0.0,0.0,0.0,0.0,0.0,0.0,0.0,0.0,0.0,0.0,0.0,0.0,0.0,0.0,0.0,0.0,0.0,0.0,0.0,0.0,0.0,0.0,0.0,0.0,0.0,0.0,0.0,0.0,0.0,0.0,0.0,0.0,0.0,0.0,0.0,0.0,0.0,0.0,0.0,0.0,0.0,0.0,0.0,0.0,0.0,0.0,0.0,0.0,0.0,0.0,0.0,0.0,0.0,0.0,0.0,0.0,0.0,0.0,0.0,0.0,0.0,0.0,0.0,0.0,0.0,0.0,0.0,0.0,0.0,0.0,0.0,0.0
ENCFF619PFQ,0.10195766164939385,90107,4384,3733,13674,165,29038,10368,151,247,670,849,2271,1212,3445,5238,5347,2368,593,8202,6600,362,986,116,117,112,813,4817,1967,9211,7813,317,262,1008,8758,852,88,1843,68,34,16012,23813,47,1039,12,1833,710,4602,12960,331,370,357,669,662,653,13875,246,526,517,727,2109,1223,161,3338,561,828,997,148,39180,81753,12635,483,1308,1455,12839,421,638,175,259,731,73,323,691,5018,164,176,1888,17,311,182,39,2479,351,119,1685,513,5220,256808,15213,73,43684,59796,1786,52961,33068,177,8701,2633,3162,24,7449,13929,13688,237,6262,51669,1065,13949,71,316,868,9768,110,10513,566,8862,4336,1349,3975,449,232,57466,6726,3153,10141,4316,47926,46336,685,3492,4635,652,4383,17635,893,773,49,128,107,76,3165,472,1707,11719,6839,898,4509,11646,1681,679,563,3667,2911,3399,8164,7399,14720,132,194,97,353,25,842,158,76966,2115,24,43,538,948,546,23076,9183,84923,1607,29439,73072,14617,26715,22028,31994,290,50090,52231,18820,12729,77441,27049,12142,798,656,1019,54,176,312,311,104,427,73,7719,172,16599,8833,2680,657,1043436,42142,4383,32186,7239,1618,1086,42977,20976,66451,782,75879,211,75922,106,428,929,239,84,501,766,3328,3832,136,158,309,193,325,134,1738,793,15095,326,3793,3652,1991,15683,375,68,210,251,84,85,106,1427,354,5421,619,111,3033,2833,1364,4641,18648,2286,4639,6928,14080,379,380,197,325,131,826,14407,190,316,7698,125,2499,151,4356,307,414,167,308,1551,127,557,992,1097,282,305,277,3357,951,259,281,293,2245,34,41,136,202,1301,178,23613,273,21244,38,703,114,7805,1430,26435,11463,8518,40,3118,88,293,2993,5786,40733,916,7372,2437,1324,89,2115,284,646,1294,15816,9464,2617,2044,54,344,127,24,45,382,1523,4482,433,5080,168,177,1150,15714,386,1334,209256,1607,7462,350,3489,5871,1870,103,1511,7960,249,621,647,135,172,280,23153,767,432,599,605,628,735,35490,74,10980,2915,145,80545,12272,67,677,10794,1772,76,4940,282,3598,468,11323,491,7795,1744,1594,1947,1022,191,611,323,2532,868,66,1249,58,4041,1081,25,278,1079,1028,336,992,10609,280,3631,3109,265,456,1404,344,65890,307,24801,1993,36287,1946,371,14209,46,52474,9159,14201,83524,2466,7582,144,638,121,443,2810,689,221,1292,6626,575,30,1262,348,61,61,10793,5705,18,1007,315,32813,53426,35901,7004,45621,6108,335,81433,169116,18825,48269,97042,139570,277,251,265,222,422,291,2637,388,648,710,7075,0.0,0.0,0.0,0.0,0.0,0.0,0.0,0.0,0.0,0.0,0.0,0.0,0.0,0.0,0.0,0.0,0.0,0.0,0.0,0.0,0.0,0.0,0.0,0.0,0.0,0.0,0.0,0.0,0.0,0.0,0.0,0.0,0.0,0.0,0.0,0.0,0.0,0.0,0.0,0.0,0.0,0.0,0.0,0.0,0.0,0.0,0.0,0.0,0.0,0.0,0.0,0.0,0.0,0.0,0.0,0.0,0.0,0.0,0.0,0.0,0.0,0.0,0.0,0.0,0.0,0.0,0.0,0.0,0.0,0.0,0.0,0.0,0.0,0.0,0.0,0.0,0.0,0.0,0.0,0.0,0.0,0.0,0.0,0.0,0.0,0.0,0.0,0.0,0.0,0.0,0.0,0.0,0.0,0.0,0.0,0.0,0.0,0.0,0.0,0.0,0.0,0.0,0.0,0.0,0.0,0.0,0.0,0.0,0.0,0.0,0.0,0.0,0.0,0.0,0.0,0.0,0.0,0.0,0.0,0.0,0.0,0.0,0.0,0.0,0.0,0.0,0.0,0.0,0.0,0.0,0.0,0.0,0.0,0.0,0.0,0.0,0.0,0.0,0.0,0.0,0.0,0.0,0.0,0.0,0.0,0.0,0.0,0.0,0.0,0.0
ENCFF000RYG,0.05402945090384902,24199,50,1008,11752,92,25790,1519,80,45,101,73,691,271,1009,4204,3448,482,121,1216,1190,31,165,7,3,5,186,2736,872,13014,877,54,43,117,496,422,36,456,2,1,1740,2498,17,161,10,10,132,1445,8374,83,160,359,343,94,51,1397,52,92,75,19,119,366,139,6717,380,124,316,1,16043,14591,1429,328,163,499,1101,58,318,142,205,191,42,180,274,795,145,112,898,0,201,144,2,198,28,13,358,385,7282,41224,2241,18,6300,9266,569,8097,723,170,1127,345,397,3,735,1982,2026,45,1256,7524,377,8033,42,360,394,1801,92,13953,393,1531,565,105,504,72,15,5822,1305,1173,5107,1472,2334,6555,335,1074,1003,286,801,11530,143,279,22,14,5,4,519,63,68,2285,1046,129,946,12300,1090,80,289,238,232,578,794,770,1150,4,15,2,260,4,435,155,898,2171,14,17,118,155,243,3776,1635,9960,541,5478,7496,3525,9615,3426,6382,58,6293,7535,2291,1929,5720,4255,1281,193,468,179,15,84,268,35,4,4,30,1224,13,11851,3375,531,44,42243,11036,1200,7110,8995,249,161,10051,5031,19464,412,9317,40,8567,1,80,142,3,100,221,44,989,563,13,148,209,158,229,81,630,383,75,60,1245,758,545,606,282,59,195,158,82,101,66,92,297,1498,273,135,483,654,575,3677,20440,1595,589,731,342,182,157,132,279,116,24,1636,136,263,1072,92,400,110,912,279,226,116,194,54,111,155,614,706,190,250,197,575,363,274,186,259,1118,7,14,103,174,110,152,3395,4,2034,6,107,9,1475,161,1716,1571,2054,0,596,6,27,454,958,20238,241,601,515,284,112,630,49,48,199,3743,1732,761,344,1,35,13,4,3,178,534,727,165,1084,122,153,639,16611,141,499,32772,100,1531,282,1326,2502,679,84,519,1764,280,210,264,122,130,120,6535,308,203,257,135,353,343,5884,6,2607,416,6,5976,1714,7,52,1540,215,2,1612,189,220,48,891,277,3844,918,444,312,286,126,330,195,290,187,3,178,4,485,45,3,23,349,64,37,244,9066,234,2463,1179,204,145,95,23,7288,204,3925,596,2643,324,52,713,4,7717,1643,2459,10895,1642,6999,51,97,129,286,119,241,172,313,1275,205,6,182,277,2,3,848,876,5,568,23,5573,10364,8232,2213,7597,1010,85,18461,22147,3573,9887,16957,18132,57,19,162,186,87,187,259,72,67,145,1688,0.0,0.0,0.0,0.0,0.0,0.0,0.0,0.0,0.0,0.0,0.0,0.0,0.0,0.0,0.0,0.0,0.0,0.0,0.0,0.0,0.0,0.0,0.0,0.0,0.0,0.0,0.0,0.0,0.0,0.0,0.0,0.0,0.0,0.0,0.0,0.0,0.0,0.0,0.0,0.0,0.0,0.0,0.0,0.0,0.0,0.0,0.0,0.0,0.0,0.0,0.0,0.0,0.0,0.0,0.0,0.0,0.0,0.0,0.0,0.0,0.0,0.0,0.0,0.0,0.0,0.0,0.0,0.0,0.0,0.0,0.0,0.0,0.0,0.0,0.0,0.0,0.0,0.0,0.0,0.0,0.0,0.0,0.0,0.0,0.0,0.0,0.0,0.0,0.0,0.0,0.0,0.0,0.0,0.0,0.0,0.0,0.0,0.0,0.0,0.0,0.0,0.0,0.0,0.0,0.0,0.0,0.0,0.0,0.0,0.0,0.0,0.0,0.0,0.0,0.0,0.0,0.0,0.0,0.0,0.0,0.0,0.0,0.0,0.0,0.0,0.0,0.0,0.0,0.0,0.0,0.0,0.0,0.0,0.0,0.0,0.0,0.0,0.0,0.0,0.0,0.0,0.0,0.0,0.0,0.0,0.0,0.0,0.0,0.0,0.0
ENCFF101CQF,0.1536930186518939,21960,91,1566,50364,561,204936,6427,397,284,255,399,3641,1731,6376,17160,35888,1628,527,5365,4046,83,476,35,54,45,1205,196,3990,32401,3145,122,61,475,2649,2434,21,2388,26,4,6211,7874,58,408,79,22,679,6615,27364,23,801,1705,2058,265,134,3454,57,251,177,118,574,1635,840,16731,5902,393,77,46,47931,42653,3596,1707,1013,2160,3237,149,1738,818,1073,1242,365,1666,1568,2435,628,1038,4829,23,1226,1006,7,644,176,62,1506,1385,19105,136595,7048,126,18592,29117,3365,24849,1505,923,3351,1262,1567,31,2654,5674,6420,120,4131,24018,2068,38497,202,1122,1227,5720,480,63469,1694,4057,1552,314,1508,129,39,18133,7076,79,27366,7026,6542,18217,21,4747,6113,1586,2968,57730,438,106,126,108,65,58,1865,306,267,8384,2701,245,3430,48836,4101,240,1700,778,788,2255,3929,3677,3761,52,98,25,1528,35,1945,884,540,156,22,9,661,463,1585,8869,4678,32167,2624,23330,28744,12822,29366,14079,26814,343,20788,25905,7937,6443,19934,13650,4354,912,33,830,43,953,1542,82,23,19,63,2957,152,54185,12194,11983,728,140777,34770,3444,26282,29898,839,354,33632,18072,61900,3359,35428,172,28397,12,293,497,16,472,1297,232,5025,2002,50,1101,1111,893,1422,724,3054,1836,156,180,5750,3416,1891,1811,2265,547,1129,1050,602,493,386,223,1784,5276,1564,519,1470,2941,2530,16115,39726,142,3107,2340,1506,1216,894,924,1364,792,31,5707,750,1952,4237,492,1725,771,3825,1989,1443,1117,1401,130,672,558,3612,2782,1190,1298,1185,2151,2002,1552,1022,1554,4416,35,30,654,1164,386,491,10167,97,6235,14,284,47,5218,483,5086,5559,8404,60,2257,69,36,1269,2438,92014,367,1382,2414,1075,34,3065,91,164,934,16623,7337,3326,994,30,46,41,13,30,909,756,1626,849,2556,964,677,1567,77170,272,2115,75404,627,4916,1460,7949,350,2711,440,59,2416,1186,1466,1448,551,465,153,1252,1868,1423,1447,535,1509,1660,20438,44,13869,1095,41,18931,6093,26,296,4103,628,31,8032,1095,757,136,4157,1396,23571,3698,277,1050,1474,797,1159,1209,641,638,11,461,24,1883,59,76,41,92,267,302,673,39067,1133,9671,4514,772,515,480,171,19077,45,9885,1588,6962,917,94,1851,8,24579,4814,8787,33931,1975,26924,206,141,557,1352,634,1324,1173,1426,4384,1291,22,103,1623,32,44,2234,2296,13,48,64,18508,32437,27113,7060,24396,3384,414,53720,71265,12292,33397,54681,58898,270,105,954,952,346,1269,565,279,177,580,5732,0.0,0.0,0.0,0.0,0.0,0.0,0.0,0.0,0.0,0.0,0.0,0.0,0.0,0.0,0.0,0.0,0.0,0.0,0.0,0.0,0.0,0.0,0.0,0.0,0.0,0.0,0.0,0.0,0.0,0.0,0.0,0.0,0.0,0.0,0.0,0.0,0.0,0.0,0.0,0.0,0.0,0.0,0.0,0.0,0.0,0.0,0.0,0.0,0.0,0.0,0.0,0.0,0.0,0.0,0.0,0.0,0.0,0.0,0.0,0.0,0.0,0.0,0.0,0.0,0.0,0.0,0.0,0.0,0.0,0.0,0.0,0.0,0.0,0.0,0.0,0.0,0.0,0.0,0.0,0.0,0.0,0.0,0.0,0.0,0.0,0.0,0.0,0.0,0.0,0.0,0.0,0.0,0.0,0.0,0.0,0.0,0.0,0.0,0.0,0.0,0.0,0.0,0.0,0.0,0.0,0.0,0.0,0.0,0.0,0.0,0.0,0.0,0.0,0.0,0.0,0.0,0.0,0.0,0.0,0.0,0.0,0.0,0.0,0.0,0.0,0.0,0.0,0.0,0.0,0.0,0.0,0.0,0.0,0.0,0.0,0.0,0.0,0.0,0.0,0.0,0.0,0.0,0.0,0.0,0.0,0.0,0.0,0.0,0.0,0.0
ENCFF910ZOL,0.12954204181383783,97506,78,1295,21583,192,84061,8033,289,220,186,713,3657,1050,2653,13102,9674,1717,576,2865,4597,116,535,56,135,95,1650,6600,2811,13082,3257,166,53,381,1950,1859,18,2209,30,5,6336,7379,62,149,45,23,526,4947,10340,374,920,1373,1303,155,312,4449,36,287,400,244,1155,2202,105,3641,112,138,1661,288,19414,32308,4740,1110,699,1749,4691,47,1352,584,755,896,198,1187,1441,1833,410,675,3532,37,833,739,16,816,205,30,825,463,6542,113766,6987,151,19796,26918,2782,23451,1423,693,2832,1035,1330,33,2773,6147,7394,141,4501,27159,806,19118,99,410,628,4726,185,27180,1056,5558,1995,213,1609,85,96,21500,2215,2813,7297,3424,10829,20606,173,3622,2911,1164,2769,19486,295,425,29,83,32,15,1407,314,734,9646,3077,244,2858,20916,1315,176,1449,791,487,2029,3753,4467,6366,76,146,36,1007,38,1170,557,653,238,5,18,421,362,1319,8964,4593,31789,2099,14569,23698,9532,17787,10974,19532,98,18155,22723,8345,7674,19366,13953,3003,880,486,502,32,707,1179,110,59,22,63,3979,134,19928,6221,3027,252,124656,29713,3286,18279,7479,869,542,22166,16234,29508,2196,35793,116,38889,93,190,820,87,310,906,296,3750,1899,41,646,592,637,1069,515,2497,1268,327,217,4443,3048,1401,3451,1542,364,830,802,423,272,200,350,1029,3026,867,341,1084,2481,1652,4668,33528,5158,2268,2847,1149,808,692,643,858,473,175,6311,550,1539,4233,335,1569,504,3245,1692,1043,1063,943,517,442,363,2448,1799,960,771,751,1975,1734,1017,617,1105,2431,32,30,395,812,715,311,12418,313,8298,39,156,98,4086,579,6635,5904,6582,41,2035,343,34,1239,2517,49171,647,1660,2404,946,88,1936,42,126,1216,16061,4325,6404,1218,218,266,147,6,123,609,1230,1758,837,3180,573,394,847,29074,170,1616,81507,430,4390,948,5783,6494,1881,258,507,4224,755,1077,1164,315,261,101,61672,1687,1030,1014,465,974,1232,18206,69,10806,1008,49,23661,5969,36,374,5313,1048,153,5608,704,1362,221,3494,964,9430,920,1185,776,1079,588,745,879,1129,671,47,796,44,1988,244,481,107,374,348,139,399,21812,696,4712,2756,424,716,955,377,24271,373,9423,1276,8107,1259,62,2031,24,28160,4669,8706,31958,1280,8413,82,270,389,968,535,1035,801,1027,5344,926,14,103,977,45,48,2483,2354,6,325,196,19595,23699,18396,4961,22686,3552,425,40381,57937,9607,25450,46225,56701,99,56,635,618,303,916,805,377,319,606,5676,0.0,0.0,0.0,0.0,0.0,0.0,0.0,0.0,0.0,0.0,0.0,0.0,0.0,0.0,0.0,0.0,0.0,0.0,0.0,0.0,0.0,0.0,0.0,0.0,0.0,0.0,0.0,0.0,0.0,0.0,0.0,0.0,0.0,0.0,0.0,0.0,0.0,0.0,0.0,0.0,0.0,0.0,0.0,0.0,0.0,0.0,0.0,0.0,0.0,0.0,0.0,0.0,0.0,0.0,0.0,0.0,0.0,0.0,0.0,0.0,0.0,0.0,0.0,0.0,0.0,0.0,0.0,0.0,0.0,0.0,0.0,0.0,0.0,0.0,0.0,0.0,0.0,0.0,0.0,0.0,0.0,0.0,0.0,0.0,0.0,0.0,0.0,0.0,0.0,0.0,0.0,0.0,0.0,0.0,0.0,0.0,0.0,0.0,0.0,0.0,0.0,0.0,0.0,0.0,0.0,0.0,0.0,0.0,0.0,0.0,0.0,0.0,0.0,0.0,0.0,0.0,0.0,0.0,0.0,0.0,0.0,0.0,0.0,0.0,0.0,0.0,0.0,0.0,0.0,0.0,0.0,0.0,0.0,0.0,0.0,0.0,0.0,0.0,0.0,0.0,0.0,0.0,0.0,0.0,0.0,0.0,0.0,0.0,0.0,0.0
ENCFF000ZFN,0.06647691188768977,2169,11,159,1374,20,3126,247,20,14,9,42,94,89,226,753,767,110,16,157,204,7,27,2,4,3,29,99,95,758,171,10,20,17,62,49,7,78,2,3,333,429,0,27,1,3,30,198,768,13,32,32,42,11,13,276,8,25,20,3,26,56,8,316,11,10,23,4,1515,1968,283,50,22,47,570,8,44,19,34,25,7,36,43,139,19,17,122,0,17,10,1,54,4,2,72,40,564,6662,459,6,1132,1626,79,1484,184,22,204,54,58,0,100,323,320,5,228,1354,79,989,22,80,68,323,46,1087,66,307,111,34,124,14,7,1407,361,76,503,185,1275,1132,12,151,107,44,132,1397,23,18,4,3,3,1,78,9,31,413,191,25,149,1347,120,11,34,43,27,102,183,194,292,3,5,0,33,0,60,31,182,1415,2,0,19,33,35,632,276,1713,85,1000,1327,527,1059,450,993,6,1110,1228,387,390,961,726,267,35,22,28,0,29,25,13,0,0,8,180,6,1195,475,231,7,8245,1679,116,1045,627,36,65,1502,674,1835,178,1926,11,2036,1,13,50,14,14,30,11,115,101,0,23,32,14,25,15,82,52,13,7,143,135,82,109,54,23,23,25,20,10,9,26,37,205,43,5,74,80,66,340,702,59,77,182,44,25,16,23,24,14,5,335,29,28,196,11,64,15,124,30,29,18,30,12,13,16,93,65,27,37,30,104,48,25,27,37,104,2,0,14,18,26,7,668,6,358,1,29,3,230,46,320,292,281,0,91,3,6,42,161,2406,22,76,100,43,9,78,2,3,24,534,270,102,57,5,11,5,1,1,28,53,138,22,141,23,19,54,1708,18,65,4923,12,252,36,160,80,94,9,25,241,27,28,37,14,23,7,420,47,30,36,20,39,41,962,2,370,91,1,1121,278,1,9,235,35,4,239,20,80,21,143,41,469,91,38,34,35,9,45,24,54,20,2,49,1,91,7,1,4,17,19,21,18,1273,71,352,195,45,14,46,13,1660,6,554,65,504,53,8,125,0,1069,212,412,1590,69,395,11,9,5,30,19,32,26,46,243,34,1,13,38,1,1,196,172,1,15,8,928,1462,1014,232,1312,178,10,2568,3151,468,1378,2468,3013,7,13,31,20,10,26,47,20,24,17,296,0.0,0.0,0.0,0.0,0.0,0.0,0.0,0.0,0.0,0.0,0.0,0.0,0.0,0.0,0.0,0.0,0.0,0.0,0.0,0.0,0.0,0.0,0.0,0.0,0.0,0.0,0.0,0.0,0.0,0.0,0.0,0.0,0.0,0.0,0.0,0.0,0.0,0.0,0.0,0.0,0.0,0.0,0.0,0.0,0.0,0.0,0.0,0.0,0.0,0.0,0.0,0.0,0.0,0.0,0.0,0.0,0.0,0.0,0.0,0.0,0.0,0.0,0.0,0.0,0.0,0.0,0.0,0.0,0.0,0.0,0.0,0.0,0.0,0.0,0.0,0.0,0.0,0.0,0.0,0.0,0.0,0.0,0.0,0.0,0.0,0.0,0.0,0.0,0.0,0.0,0.0,0.0,0.0,0.0,0.0,0.0,0.0,0.0,0.0,0.0,0.0,0.0,0.0,0.0,0.0,0.0,0.0,0.0,0.0,0.0,0.0,0.0,0.0,0.0,0.0,0.0,0.0,0.0,0.0,0.0,0.0,0.0,0.0,0.0,0.0,0.0,0.0,0.0,0.0,0.0,0.0,0.0,0.0,0.0,0.0,0.0,0.0,0.0,0.0,0.0,0.0,0.0,0.0,0.0,0.0,0.0,0.0,0.0,0.0,0.0
ENCFF000YNE,0.06570344654215131,4515,22,120,1501,28,3543,263,19,16,13,52,114,117,238,801,890,127,9,228,239,9,30,4,3,4,37,317,125,864,136,9,15,18,72,65,11,77,0,2,335,414,3,32,0,3,26,185,760,33,27,31,49,18,14,264,9,15,27,4,32,59,8,342,11,13,103,3,1759,1945,272,39,26,81,233,13,39,24,32,32,8,29,52,152,28,16,133,0,34,20,0,45,3,1,52,51,629,6542,422,6,1108,1531,72,1358,77,22,170,50,61,0,101,316,319,1,216,1243,91,1060,17,114,96,320,28,1344,55,267,98,33,110,12,3,1120,359,171,594,254,628,1094,69,156,111,41,141,1609,13,49,6,2,3,0,88,6,18,434,199,19,182,1513,130,18,37,45,41,108,207,206,258,2,4,3,35,2,80,31,124,120,6,0,29,32,35,644,253,1795,91,994,1298,540,1171,489,1069,9,996,1189,466,385,969,711,243,20,57,22,4,18,24,4,1,2,4,215,5,1221,480,262,7,9773,1503,168,1077,672,41,65,1497,711,2107,248,1895,7,1977,3,13,77,13,11,32,15,124,76,2,28,37,28,34,15,90,47,12,10,176,127,86,135,45,12,31,27,14,12,11,20,42,159,64,21,80,98,79,419,678,194,71,130,54,30,28,18,31,20,3,295,14,22,206,2,49,18,134,40,41,27,40,12,14,29,95,69,32,39,30,93,54,36,31,31,131,1,1,21,22,30,8,636,5,381,0,21,7,265,37,267,272,295,0,110,10,8,48,130,2419,40,84,81,56,9,95,11,6,31,563,274,126,35,3,8,3,0,3,32,61,113,29,137,29,15,61,1891,41,75,4691,26,208,39,183,312,88,16,104,436,33,46,22,20,17,17,1468,42,41,40,18,51,40,1031,2,414,92,2,1134,266,1,20,257,33,1,253,41,72,12,100,51,547,128,58,30,39,16,36,25,57,22,3,48,2,71,2,1,11,51,11,28,22,1477,82,356,202,63,19,49,11,1499,28,572,122,474,44,11,121,0,1084,225,423,1689,70,464,21,8,10,63,18,42,26,55,247,24,2,29,46,2,1,184,150,1,52,6,962,1430,1130,250,1342,152,9,2671,3087,533,1510,2382,3084,13,11,29,49,15,31,49,10,21,18,324,0.0,0.0,0.0,0.0,0.0,0.0,0.0,0.0,0.0,0.0,0.0,0.0,0.0,0.0,0.0,0.0,0.0,0.0,0.0,0.0,0.0,0.0,0.0,0.0,0.0,0.0,0.0,0.0,0.0,0.0,0.0,0.0,0.0,0.0,0.0,0.0,0.0,0.0,0.0,0.0,0.0,0.0,0.0,0.0,0.0,0.0,0.0,0.0,0.0,0.0,0.0,0.0,0.0,0.0,0.0,0.0,0.0,0.0,0.0,0.0,0.0,0.0,0.0,0.0,0.0,0.0,0.0,0.0,0.0,0.0,0.0,0.0,0.0,0.0,0.0,0.0,0.0,0.0,0.0,0.0,0.0,0.0,0.0,0.0,0.0,0.0,0.0,0.0,0.0,0.0,0.0,0.0,0.0,0.0,0.0,0.0,0.0,0.0,0.0,0.0,0.0,0.0,0.0,0.0,0.0,0.0,0.0,0.0,0.0,0.0,0.0,0.0,0.0,0.0,0.0,0.0,0.0,0.0,0.0,0.0,0.0,0.0,0.0,0.0,0.0,0.0,0.0,0.0,0.0,0.0,0.0,0.0,0.0,0.0,0.0,0.0,0.0,0.0,0.0,0.0,0.0,0.0,0.0,0.0,0.0,0.0,0.0,0.0,0.0,0.0
ENCFF415CLL,0.13793435143295585,75132,1083,1206,12379,153,14813,2286,58,100,99,191,703,805,1725,3989,5196,885,140,1943,1676,79,221,24,15,25,230,6398,869,6901,1158,97,233,227,563,463,181,608,9,19,2621,3625,38,217,10,240,203,1684,5509,749,206,232,314,141,120,2607,76,100,120,100,283,394,141,3389,111,339,1659,39,13616,14375,2691,312,155,1493,2378,91,350,131,188,235,50,230,454,1204,117,117,807,7,214,128,11,465,59,16,596,315,4266,53771,3662,24,9742,12971,776,11561,386,148,1855,606,619,10,1033,2713,2684,89,1337,10626,630,6847,105,445,512,2642,189,9625,354,1968,933,345,1020,105,40,10687,2576,3289,7755,1800,4595,8962,853,1147,1108,365,1571,8441,170,756,30,36,7,17,706,140,292,2988,1618,188,1361,12048,913,128,301,609,505,858,1370,1181,2353,18,29,23,230,6,403,148,659,19673,90,1,570,293,307,5275,2453,15274,596,8125,9915,4049,7287,3896,7242,67,8517,10258,3441,2846,8092,6378,2689,276,1079,253,18,109,211,67,17,12,33,1173,81,9466,3146,2231,83,183017,10973,1670,8582,5981,397,179,12252,6024,15558,896,15240,46,15358,4,116,242,60,86,277,159,976,720,19,153,227,137,204,107,772,385,188,72,1229,1038,593,1213,263,66,141,167,73,92,85,260,239,1668,307,90,483,688,579,3258,6160,3465,658,1327,377,227,184,132,209,116,120,2928,130,193,1860,83,438,91,1167,209,251,116,235,188,106,272,629,561,186,239,167,746,410,189,172,207,969,10,13,92,130,183,70,5047,42,3549,7,211,69,2037,274,2490,2154,2169,11,932,16,79,427,1311,16712,512,912,760,346,183,813,68,172,307,4242,2264,772,478,15,101,37,8,10,165,640,831,193,1120,123,104,363,15315,275,509,38269,343,1766,234,1434,6097,713,78,2502,6312,168,296,313,100,97,141,27855,370,231,346,141,348,404,8031,9,2908,784,12,9509,2351,29,134,1854,384,9,1833,187,511,83,968,319,6140,819,1388,216,336,91,262,202,476,210,13,344,5,657,76,6,56,749,411,192,234,7916,393,2158,1313,276,152,327,68,12050,697,5114,1409,4174,456,73,914,4,10314,1939,3353,15125,575,3453,140,160,85,580,697,321,162,377,2284,305,3,896,249,13,10,1523,1376,6,1318,76,8655,11859,8550,2198,11521,1431,201,21686,27617,3657,11944,20715,25554,90,68,180,162,58,196,487,95,122,239,2071,0.0,0.0,0.0,0.0,0.0,0.0,0.0,0.0,0.0,0.0,0.0,0.0,0.0,0.0,0.0,0.0,0.0,0.0,0.0,0.0,0.0,0.0,0.0,0.0,0.0,0.0,0.0,0.0,0.0,0.0,0.0,0.0,0.0,0.0,0.0,0.0,0.0,0.0,0.0,0.0,0.0,0.0,0.0,0.0,0.0,0.0,0.0,0.0,0.0,0.0,0.0,0.0,0.0,0.0,0.0,0.0,0.0,0.0,0.0,0.0,0.0,0.0,0.0,0.0,0.0,0.0,0.0,0.0,0.0,0.0,0.0,0.0,0.0,0.0,0.0,0.0,0.0,0.0,0.0,0.0,0.0,0.0,0.0,0.0,0.0,0.0,0.0,0.0,0.0,0.0,0.0,0.0,0.0,0.0,0.0,0.0,0.0,0.0,0.0,0.0,0.0,0.0,0.0,0.0,0.0,0.0,0.0,0.0,0.0,0.0,0.0,0.0,0.0,0.0,0.0,0.0,0.0,0.0,0.0,0.0,0.0,0.0,0.0,0.0,0.0,0.0,0.0,0.0,0.0,0.0,0.0,0.0,0.0,0.0,0.0,0.0,0.0,0.0,0.0,0.0,0.0,0.0,0.0,0.0,0.0,0.0,0.0,0.0,0.0,0.0
ENCFF303UIF,0.19606102676492101,10249403,41366,56576,475665,3012,480893,68850,1608,2180,1568,3964,19137,12775,23979,181657,113749,14851,2401,33518,35438,1026,4236,503,560,358,6744,831299,17489,340425,23725,1717,34215,7608,10368,8779,22639,11647,284,375,49506,64786,264,4278,340,11518,6178,36583,321316,123106,2629,6383,7117,2780,2426,59994,819,2090,3064,1578,4496,8621,2508,175280,1389,5086,229314,758,382651,302311,48406,6018,3488,183380,59533,2013,6773,2537,4036,4639,1133,5121,6793,22281,2232,2641,19205,96,4431,2393,180,7865,1788,210,8417,6283,115257,1051978,61980,3293,164761,249858,14080,220798,9961,3238,34593,12530,15569,135,21332,49169,47777,1025,27375,204714,10672,115614,1588,6971,8402,51676,3125,275679,7056,38301,20819,4827,17374,1769,958,241939,40093,492238,166547,25164,184067,172227,154691,25604,20139,6893,117628,431727,1629,135008,584,899,235,221,13470,2070,5404,60170,27829,4019,30737,452920,17701,2698,6356,7367,5875,15982,24825,22949,45154,841,1361,351,5191,132,9627,3005,10824,18138,11512,76,63951,8260,5820,92241,41006,454560,11865,151465,191266,87761,343559,80516,155280,1212,174660,204897,77318,52618,149684,109681,48405,4922,187358,4713,471,2811,4491,990,514,144,114,23621,1364,378870,65074,31232,2470,3715964,219098,96726,161293,223519,6765,3793,229788,117754,414456,13822,243201,863,242127,229,4303,5607,1649,1372,5448,1944,22476,15149,458,3191,4936,2953,4736,2033,14285,8459,5360,4362,25859,17377,11992,19489,6326,1704,3204,3845,1813,1695,1245,3353,5607,30976,6952,1908,11176,14185,13079,66824,281950,491830,13765,26522,7187,4965,3952,3111,4532,2717,3144,47359,2446,4073,34497,1818,8931,1988,23538,5415,5530,3131,4700,6903,2201,16524,12958,12374,4138,4806,3580,15085,8067,4051,4140,4903,22146,184,441,1971,2985,6539,1842,92058,822,68514,155,2828,3328,41031,4361,45093,44344,39738,162,16228,472,1179,8024,24223,487868,58216,58006,12841,6672,42218,16380,1213,2403,4383,96527,37698,20030,8090,359,7585,802,79,165,3461,10682,15732,3750,22187,2598,2229,15430,561801,38343,11005,693291,8291,32683,5065,30514,868733,14923,1440,382645,904685,4060,6004,6292,1965,2033,12452,4584013,7125,5070,6260,3238,6686,7151,167993,417,57982,14423,178,184449,39590,881,1739,37435,4509,244,46725,4001,16400,1747,19052,6317,269265,21375,120474,3687,6631,2157,6947,4359,8250,3292,233,5882,80,12106,1165,352,1083,94944,3110,2811,5691,286018,7039,49797,23772,5730,2311,5557,1285,235209,67742,100225,150888,71036,9242,2130,17724,256,196780,33236,62779,281809,14006,185316,13616,1270,1654,71980,22952,6539,3620,10517,76161,6055,478,87921,5517,632,553,26355,26803,108,160993,946,146276,242563,180464,45104,207915,25482,2417,469226,553956,74719,250650,407047,477549,1123,1014,3775,3468,984,4449,8991,1609,2444,4164,40683,0.0,0.0,0.0,0.0,0.0,0.0,0.0,0.0,0.0,0.0,0.0,0.0,0.0,0.0,0.0,0.0,0.0,0.0,0.0,0.0,0.0,0.0,0.0,0.0,0.0,0.0,0.0,0.0,0.0,0.0,0.0,0.0,0.0,0.0,0.0,0.0,0.0,0.0,0.0,0.0,0.0,0.0,0.0,0.0,0.0,0.0,0.0,0.0,0.0,0.0,0.0,0.0,0.0,0.0,0.0,0.0,0.0,0.0,0.0,0.0,0.0,0.0,0.0,0.0,0.0,0.0,0.0,0.0,0.0,0.0,0.0,0.0,0.0,0.0,0.0,0.0,0.0,0.0,0.0,0.0,0.0,0.0,0.0,0.0,0.0,0.0,0.0,0.0,0.0,0.0,0.0,0.0,0.0,0.0,0.0,0.0,0.0,0.0,0.0,0.0,0.0,0.0,0.0,0.0,0.0,0.0,0.0,0.0,0.0,0.0,0.0,0.0,0.0,0.0,0.0,0.0,0.0,0.0,0.0,0.0,0.0,0.0,0.0,0.0,0.0,0.0,0.0,0.0,0.0,0.0,0.0,0.0,0.0,0.0,0.0,0.0,0.0,0.0,0.0,0.0,0.0,0.0,0.0,0.0,0.0,0.0,0.0,0.0,0.0,0.0
ENCFF000CLT,0.17644782653288257,8910,49,963,7058,155,24090,2185,52,156,62,486,1957,1045,2351,4386,7940,989,417,1578,1732,52,299,50,66,32,197,15,916,6212,1323,103,35,125,448,463,8,624,8,64,3100,3489,27,264,19,38,172,1660,5736,3,134,267,370,159,144,2017,39,107,162,76,293,1077,143,3964,94,97,7,291,13122,13238,2396,278,175,316,1489,107,325,142,192,240,50,320,325,1155,106,140,1005,10,199,117,8,605,54,13,404,322,4197,50365,3194,58,8491,12204,767,10445,300,161,1723,564,666,22,1033,2535,2449,42,1420,10153,630,6926,114,421,464,2526,149,9207,337,1781,959,291,951,133,62,9074,3321,8,5331,1969,3210,9128,5,1552,883,313,1041,6825,160,51,21,62,29,6,746,91,737,3042,1446,292,1077,7778,721,152,329,374,350,836,1157,1077,1967,39,89,47,227,7,444,147,510,38,2,1,131,235,284,4769,2118,14820,584,8622,9512,4015,7871,3863,7587,109,8510,9926,5393,2906,6869,5613,1869,264,7,179,27,132,244,67,43,14,117,1301,89,8534,3002,3284,115,61718,10465,921,8175,6753,407,289,11167,5085,15699,1038,13907,46,14154,36,113,652,471,69,249,56,990,683,5,168,247,150,254,100,682,412,94,76,1338,815,631,904,328,98,172,195,99,81,63,168,278,1467,368,113,458,643,589,2524,5530,35,658,984,376,215,171,178,239,124,39,2813,129,223,1590,80,472,97,1187,295,245,153,251,28,142,129,647,611,194,224,217,722,440,209,174,227,1065,6,14,97,184,191,117,4823,54,3209,11,148,21,1922,235,2522,2008,2313,8,916,62,77,266,1208,17627,200,661,597,333,4,755,63,81,262,4065,2162,3428,475,30,160,31,2,14,164,288,763,168,1190,134,123,349,10891,76,637,37149,160,1867,268,1464,93,638,77,10,934,193,249,280,110,119,91,235,349,274,300,105,292,324,7633,59,2942,687,36,7821,2232,20,111,1738,299,32,1910,207,358,99,840,290,5008,655,170,176,315,128,354,221,442,113,17,326,19,561,203,25,90,113,113,153,255,7221,388,2063,1175,267,131,327,79,11595,17,4584,376,4224,451,120,880,76,7935,1596,2789,12345,475,4903,51,79,73,238,115,281,203,413,1908,270,15,45,267,14,22,1421,1259,8,17,49,7155,10795,8118,1905,10393,1192,154,18158,25229,3488,11397,18300,23460,99,62,188,169,55,240,388,99,247,190,1979,0.0,0.0,0.0,0.0,0.0,0.0,0.0,0.0,0.0,0.0,0.0,0.0,0.0,0.0,0.0,0.0,0.0,0.0,0.0,0.0,0.0,0.0,0.0,0.0,0.0,0.0,0.0,0.0,0.0,0.0,0.0,0.0,0.0,0.0,0.0,0.0,0.0,0.0,0.0,0.0,0.0,0.0,0.0,0.0,0.0,0.0,0.0,0.0,0.0,0.0,0.0,0.0,0.0,0.0,0.0,0.0,0.0,0.0,0.0,0.0,0.0,0.0,0.0,0.0,0.0,0.0,0.0,0.0,0.0,0.0,0.0,0.0,0.0,0.0,0.0,0.0,0.0,0.0,0.0,0.0,0.0,0.0,0.0,0.0,0.0,0.0,0.0,0.0,0.0,0.0,0.0,0.0,0.0,0.0,0.0,0.0,0.0,0.0,0.0,0.0,0.0,0.0,0.0,0.0,0.0,0.0,0.0,0.0,0.0,0.0,0.0,0.0,0.0,0.0,0.0,0.0,0.0,0.0,0.0,0.0,0.0,0.0,0.0,0.0,0.0,0.0,0.0,0.0,0.0,0.0,0.0,0.0,0.0,0.0,0.0,0.0,0.0,0.0,0.0,0.0,0.0,0.0,0.0,0.0,0.0,0.0,0.0,0.0,0.0,0.0
ENCFF658PHC,0.2870093677405124,108233,425,2779,21934,939,69829,4525,177,348,328,1123,2738,2712,4424,11222,17443,2569,517,5906,5238,286,1015,79,79,74,433,7805,1582,11065,3972,334,356,414,812,754,129,1523,25,139,6544,12729,61,661,10,174,446,3934,13033,928,362,229,551,701,732,8810,186,494,358,200,829,1814,196,8469,474,431,1881,445,38766,41180,9861,460,274,2115,7928,355,578,235,304,389,80,360,527,4304,191,176,1544,21,359,236,23,1711,253,55,1301,513,13160,170767,12352,34,32899,43128,1648,36916,629,207,6761,1919,1992,15,3333,8075,8576,231,3219,36965,2653,32525,737,3031,2196,9058,1416,39604,628,6425,3196,992,3520,433,119,40202,7243,4171,16048,4711,16294,34287,1178,3083,3100,548,4066,25576,627,1522,46,146,30,46,2900,419,1350,8750,6109,689,4568,21125,1610,567,517,2051,2187,2692,4586,4160,7401,54,189,56,371,24,715,235,1583,2088,62,0,636,766,498,17772,8372,46191,1584,24740,32648,10838,20231,9341,17880,294,27538,30596,11119,10402,22373,20159,5792,649,1396,774,63,163,323,254,63,27,38,3793,187,22890,6521,5704,233,230429,30821,4147,28994,13720,1734,695,36109,15345,37477,4803,54746,209,55956,105,309,1492,708,142,440,160,2154,2391,43,238,350,209,341,196,1301,663,351,209,3624,2545,1773,3370,477,91,293,273,139,167,112,663,389,3923,490,147,1534,1412,1002,6641,31506,3629,1461,3661,788,342,272,280,362,144,261,8627,258,369,5683,158,1115,195,3238,379,379,183,346,268,185,381,1142,985,299,385,308,2648,1018,327,281,301,1654,21,37,172,245,633,73,17541,143,11339,21,631,53,6991,1002,8060,6623,5622,23,2692,63,214,1639,4700,46018,1141,2193,1582,1147,262,1241,334,547,1109,9962,6521,4753,1832,29,196,115,8,38,240,1048,2534,287,3081,179,246,913,27625,547,1014,134631,417,6400,385,2667,8552,1486,154,3068,10211,286,498,522,160,191,293,36221,634,405,545,208,532,605,26229,70,8458,2633,30,30845,7926,28,428,5381,842,32,4767,295,1555,410,1878,499,8739,1502,2041,343,520,210,550,358,1678,512,39,1032,17,1582,333,19,260,1274,1298,945,575,28220,2623,4192,4480,1271,522,1014,244,47154,717,15357,1985,15694,1733,208,3114,121,27753,5266,8421,41032,2439,9261,184,371,177,675,383,513,264,720,5151,481,38,1408,367,39,52,5620,5548,34,1855,198,28844,32786,20542,5441,37855,4393,552,66451,84057,8399,35211,60917,81572,240,207,297,273,104,302,1841,307,618,647,5708,0.0,0.0,0.0,0.0,0.0,0.0,0.0,0.0,0.0,0.0,0.0,0.0,0.0,0.0,0.0,0.0,0.0,0.0,0.0,0.0,0.0,0.0,0.0,0.0,0.0,0.0,0.0,0.0,0.0,0.0,0.0,0.0,0.0,0.0,0.0,0.0,0.0,0.0,0.0,0.0,0.0,0.0,0.0,0.0,0.0,0.0,0.0,0.0,0.0,0.0,0.0,0.0,0.0,0.0,0.0,0.0,0.0,0.0,0.0,0.0,0.0,0.0,0.0,0.0,0.0,0.0,0.0,0.0,0.0,0.0,0.0,0.0,0.0,0.0,0.0,0.0,0.0,0.0,0.0,0.0,0.0,0.0,0.0,0.0,0.0,0.0,0.0,0.0,0.0,0.0,0.0,0.0,0.0,0.0,0.0,0.0,0.0,0.0,0.0,0.0,0.0,0.0,0.0,0.0,0.0,0.0,0.0,0.0,0.0,0.0,0.0,0.0,0.0,0.0,0.0,0.0,0.0,0.0,0.0,0.0,0.0,0.0,0.0,0.0,0.0,0.0,0.0,0.0,0.0,0.0,0.0,0.0,0.0,0.0,0.0,0.0,0.0,0.0,0.0,0.0,0.0,0.0,0.0,0.0,0.0,0.0,0.0,0.0,0.0,0.0
ENCFF860JXB,0.31021507631158585,167580,589,2260,19864,491,40714,3040,143,281,228,867,2248,2679,4215,9239,16785,2137,411,3179,3483,174,649,56,57,46,260,14908,1267,10510,2508,212,578,351,698,653,317,992,28,103,4457,8083,17,429,12,271,226,2808,11428,1778,316,219,483,390,400,5520,118,322,237,121,611,1377,176,5397,280,346,3669,356,25511,28067,6393,377,234,3120,4989,214,438,178,269,280,88,385,404,2838,213,162,1257,5,320,190,5,1122,88,36,824,418,9276,110790,7946,32,21513,28175,1099,24096,493,206,4319,1243,1301,6,2109,5146,5596,74,2348,22873,1715,15352,354,1584,1220,5726,752,21152,487,3890,2105,608,2270,233,87,26869,7194,8532,9863,4098,10403,21421,2575,2328,1562,389,3366,23037,395,2263,39,98,22,35,1774,263,1107,5792,4162,447,2602,20209,1326,301,415,1307,1117,1780,3046,2795,4917,46,111,28,335,17,585,222,974,2387,201,1,964,512,335,11614,5394,31615,1183,18227,21788,7283,16881,6373,12602,214,17851,20014,7032,6735,14635,13380,3991,432,2497,526,51,133,320,180,45,5,47,2523,136,18421,5032,7061,196,220732,19810,3802,18426,10422,1025,493,23880,9635,25945,3127,34423,148,36316,50,201,1051,607,117,341,93,1711,1512,35,205,323,181,352,156,973,538,286,118,2488,1728,1108,2352,399,88,244,232,137,131,100,457,345,2569,383,153,1093,1040,755,5618,18261,8002,1008,2408,593,301,202,224,321,146,187,5278,210,323,3843,108,791,164,2227,355,331,178,288,215,158,391,930,861,312,318,289,1773,727,283,279,281,1268,7,9,146,225,402,59,11565,88,7248,6,460,23,4553,670,5350,4011,3963,11,1631,43,125,917,2953,40237,1315,1856,1149,752,766,922,194,161,706,6346,3900,3983,1221,27,110,75,1,16,215,667,1559,227,2045,189,204,990,28125,769,832,88413,372,4279,337,1897,15691,1086,120,6005,16159,228,374,382,163,205,361,70077,442,333,414,143,426,446,17478,47,5972,1749,29,19731,5013,20,289,3610,446,24,3425,276,829,261,1423,345,8090,1332,3227,312,387,171,380,292,978,293,17,679,17,1080,140,14,132,1666,445,629,378,14838,1418,3753,2568,678,351,675,96,30140,1409,10251,2675,10161,1017,108,1993,106,16680,3360,5340,26016,1326,8227,239,187,157,1188,598,412,258,589,3351,362,36,1438,383,20,18,3397,3435,6,3687,136,18289,21960,14571,3516,24681,2790,184,45026,55564,5960,24076,40344,53754,216,144,257,251,80,282,1104,200,341,394,3766,0.0,0.0,0.0,0.0,0.0,0.0,0.0,0.0,0.0,0.0,0.0,0.0,0.0,0.0,0.0,0.0,0.0,0.0,0.0,0.0,0.0,0.0,0.0,0.0,0.0,0.0,0.0,0.0,0.0,0.0,0.0,0.0,0.0,0.0,0.0,0.0,0.0,0.0,0.0,0.0,0.0,0.0,0.0,0.0,0.0,0.0,0.0,0.0,0.0,0.0,0.0,0.0,0.0,0.0,0.0,0.0,0.0,0.0,0.0,0.0,0.0,0.0,0.0,0.0,0.0,0.0,0.0,0.0,0.0,0.0,0.0,0.0,0.0,0.0,0.0,0.0,0.0,0.0,0.0,0.0,0.0,0.0,0.0,0.0,0.0,0.0,0.0,0.0,0.0,0.0,0.0,0.0,0.0,0.0,0.0,0.0,0.0,0.0,0.0,0.0,0.0,0.0,0.0,0.0,0.0,0.0,0.0,0.0,0.0,0.0,0.0,0.0,0.0,0.0,0.0,0.0,0.0,0.0,0.0,0.0,0.0,0.0,0.0,0.0,0.0,0.0,0.0,0.0,0.0,0.0,0.0,0.0,0.0,0.0,0.0,0.0,0.0,0.0,0.0,0.0,0.0,0.0,0.0,0.0,0.0,0.0,0.0,0.0,0.0,0.0
ENCFF420HAW,0.1454403740206739,5920842,39382,47327,327252,4066,497147,49629,1701,2906,1496,6477,22176,25038,58432,198301,143833,21883,2529,37951,35181,2156,3874,497,309,310,5789,508008,20001,228723,32698,1455,19487,7106,11493,10451,16914,12388,174,451,52180,72975,284,4057,292,12277,4356,34921,267244,63311,3228,5885,8026,2741,2637,70355,8689,1924,2427,1507,4257,10984,3858,146185,4607,3543,152840,1214,382198,267468,72039,6816,4062,107710,88249,1687,8013,2956,4470,4930,1351,5877,7619,22817,2617,3144,21150,106,4893,2955,177,7459,1075,211,16239,8863,159183,1038384,57520,708,156687,249342,15483,214851,7671,3628,30796,9234,10012,96,20788,52976,46440,1132,30008,264080,16863,167006,2969,12984,11949,50778,5941,310593,9755,36124,18019,5432,18350,2485,614,228488,74447,272894,191320,54419,115261,169072,83682,30196,26171,9186,75059,327927,2172,67929,664,731,237,284,12642,2059,6178,59819,29725,3927,24235,328418,25014,2255,8568,7392,6262,17230,29133,22864,80688,376,836,195,5819,284,10600,3614,6785,1728,7215,106,38661,4144,6628,103056,40270,387150,13537,165967,182702,85800,273543,83950,166166,1288,157687,190288,81412,54032,164925,101996,52273,5109,102921,4312,1445,3152,5053,1065,553,123,170,24452,1858,342237,74777,58272,1259,3294390,236537,65361,171182,222982,6339,4750,255768,123025,424652,24321,296206,1951,272215,404,2040,7897,5007,1596,6136,1192,24177,27568,247,3792,5371,3565,5255,2580,16507,9373,30568,1382,26328,21501,11055,27039,7041,1959,3964,4314,2018,2024,1560,12610,6589,33142,7702,2252,10367,14994,14063,94239,419719,301896,16659,37030,7973,6308,4518,3532,5257,3067,12023,45052,2923,4775,47910,2056,9239,2237,27733,6258,6668,3563,5419,5476,2685,12777,14113,14193,4786,5260,4187,16878,8485,4411,4555,5433,22984,786,183,2204,3386,4196,1503,88445,1619,64778,141,3145,694,36511,4874,48084,48654,50327,111,15370,535,1963,9783,38469,507162,40680,41089,17373,6452,28810,17710,1007,1245,4360,91436,44111,25054,7261,262,1066,686,91,233,3932,7185,14465,5148,22950,2977,2813,10523,421603,21298,12633,715098,6174,32563,5899,33215,544037,15598,1783,245410,547587,4974,6513,7260,2366,2323,10455,2520242,8181,5669,7037,2938,8599,8194,162590,425,60527,14361,78,218043,41002,129,1667,37282,3750,273,37494,4479,7786,1708,19629,7074,195909,25228,86894,4794,7036,2441,6833,4649,8619,5300,275,6281,155,13255,517,132,988,62859,3345,4572,4909,286452,10933,60126,33202,8015,3128,5305,1063,249225,42809,103130,99081,72962,7486,1976,16728,370,178680,35427,71296,311737,33407,164278,10463,1002,2093,38677,24134,7777,3977,14277,43777,6147,260,62033,6329,110,136,23677,22821,33,99441,1051,142618,238496,196539,44858,200831,24198,2895,469615,534253,83006,238644,392929,465963,1827,1116,4405,4267,1208,4925,20745,2135,5243,4275,39624,0.0,0.0,0.0,0.0,0.0,0.0,0.0,0.0,0.0,0.0,0.0,0.0,0.0,0.0,0.0,0.0,0.0,0.0,0.0,0.0,0.0,0.0,0.0,0.0,0.0,0.0,0.0,0.0,0.0,0.0,0.0,0.0,0.0,0.0,0.0,0.0,0.0,0.0,0.0,0.0,0.0,0.0,0.0,0.0,0.0,0.0,0.0,0.0,0.0,0.0,0.0,0.0,0.0,0.0,0.0,0.0,0.0,0.0,0.0,0.0,0.0,0.0,0.0,0.0,0.0,0.0,0.0,0.0,0.0,0.0,0.0,0.0,0.0,0.0,0.0,0.0,0.0,0.0,0.0,0.0,0.0,0.0,0.0,0.0,0.0,0.0,0.0,0.0,0.0,0.0,0.0,0.0,0.0,0.0,0.0,0.0,0.0,0.0,0.0,0.0,0.0,0.0,0.0,0.0,0.0,0.0,0.0,0.0,0.0,0.0,0.0,0.0,0.0,0.0,0.0,0.0,0.0,0.0,0.0,0.0,0.0,0.0,0.0,0.0,0.0,0.0,0.0,0.0,0.0,0.0,0.0,0.0,0.0,0.0,0.0,0.0,0.0,0.0,0.0,0.0,0.0,0.0,0.0,0.0,0.0,0.0,0.0,0.0,0.0,0.0
ENCFF000ZSP,0.08604819024630657,4119,35,410,2690,63,4503,409,49,45,25,52,231,460,808,1356,1936,339,37,372,432,17,66,4,1,2,55,162,285,2593,323,17,11,48,185,106,8,133,5,2,587,1044,5,63,2,7,38,491,2342,21,61,84,115,29,27,654,14,26,44,10,72,116,54,1170,29,113,59,2,4272,4555,696,99,55,111,479,14,86,54,55,80,19,84,95,368,53,51,297,5,80,51,2,129,16,0,119,122,1227,14858,962,10,2643,3434,168,3046,102,54,470,141,135,0,242,599,654,5,402,2804,248,2274,47,213,166,755,104,3336,114,551,248,73,265,40,27,2538,1214,111,1435,788,1216,2443,43,354,227,103,344,2330,36,33,10,8,5,1,183,20,55,817,393,51,358,2780,350,28,75,79,66,276,459,433,472,10,20,3,60,2,152,63,286,702,1,1,47,82,56,1399,569,4045,203,2706,2778,1231,2537,1126,2329,29,2463,2822,1003,756,1993,1680,495,71,42,67,6,48,49,11,13,0,9,360,22,2802,1142,1096,13,16470,3062,306,2259,2148,84,58,3391,1492,4968,417,3675,11,3808,6,22,72,17,13,58,18,284,210,2,52,70,38,74,43,176,111,32,21,363,245,185,236,113,30,52,54,26,41,29,54,76,471,106,39,215,226,182,1087,1766,112,165,319,136,50,41,57,68,44,19,627,30,67,417,30,137,47,348,97,76,56,78,18,37,51,193,201,82,97,52,230,92,63,68,71,296,2,5,28,37,49,21,1220,5,835,1,52,9,531,83,630,543,642,1,231,8,19,88,338,5420,60,171,179,97,9,205,9,17,58,1151,522,225,111,2,6,15,0,7,53,106,271,41,348,49,34,152,3884,50,201,10655,39,498,59,407,190,212,28,69,414,79,76,73,43,37,24,800,88,79,85,40,92,74,2214,12,906,222,2,2502,583,1,25,535,46,5,596,71,137,30,251,100,1158,316,60,76,71,38,99,59,131,33,0,91,3,153,4,2,14,53,27,79,52,3355,182,924,505,170,45,90,12,3475,26,1242,192,1172,100,27,288,2,2486,483,749,3644,133,1226,21,11,17,84,44,83,50,137,483,53,2,33,107,1,5,385,333,2,28,18,2139,3420,2504,607,2880,421,44,5860,7339,1187,3358,5719,6804,29,33,73,72,17,61,142,29,37,61,520,0.0,0.0,0.0,0.0,0.0,0.0,0.0,0.0,0.0,0.0,0.0,0.0,0.0,0.0,0.0,0.0,0.0,0.0,0.0,0.0,0.0,0.0,0.0,0.0,0.0,0.0,0.0,0.0,0.0,0.0,0.0,0.0,0.0,0.0,0.0,0.0,0.0,0.0,0.0,0.0,0.0,0.0,0.0,0.0,0.0,0.0,0.0,0.0,0.0,0.0,0.0,0.0,0.0,0.0,0.0,0.0,0.0,0.0,0.0,0.0,0.0,0.0,0.0,0.0,0.0,0.0,0.0,0.0,0.0,0.0,0.0,0.0,0.0,0.0,0.0,0.0,0.0,0.0,0.0,0.0,0.0,0.0,0.0,0.0,0.0,0.0,0.0,0.0,0.0,0.0,0.0,0.0,0.0,0.0,0.0,0.0,0.0,0.0,0.0,0.0,0.0,0.0,0.0,0.0,0.0,0.0,0.0,0.0,0.0,0.0,0.0,0.0,0.0,0.0,0.0,0.0,0.0,0.0,0.0,0.0,0.0,0.0,0.0,0.0,0.0,0.0,0.0,0.0,0.0,0.0,0.0,0.0,0.0,0.0,0.0,0.0,0.0,0.0,0.0,0.0,0.0,0.0,0.0,0.0,0.0,0.0,0.0,0.0,0.0,0.0
ENCFF002AZQ,0.26463192660637747,32891,451,3551,128372,2092,256978,7422,584,1151,315,568,5421,12761,27026,55736,92206,7298,1129,12639,6404,121,593,46,80,67,916,192,6361,78734,3978,286,122,687,4015,3629,38,2962,14,18,9808,11441,154,581,77,181,919,9953,73157,33,985,2107,3402,478,259,5088,178,342,590,204,1003,2472,1738,58033,591,669,70,50,117292,60437,5921,2487,1690,1837,3893,231,2776,1195,1895,2096,539,2354,2465,4047,954,1192,7266,33,2040,1137,72,1741,359,150,1969,2998,41575,202521,9004,168,24943,40938,4688,35599,2457,1515,4609,1356,1570,52,2537,6694,6775,362,5829,28036,8169,83081,1805,6955,5092,10748,2715,163166,2952,5653,2516,683,2333,582,207,23840,34841,190,91025,23740,10949,23620,64,6947,10403,2583,4241,97794,214,188,277,93,28,47,2053,346,483,12114,3940,757,4982,130150,9199,373,2571,4432,3391,4069,3905,3293,4269,80,142,168,2253,124,3642,1289,1608,189,19,16,1024,791,2272,12770,6551,48035,3345,46428,49048,19549,81929,19015,41999,490,29808,38257,10131,8646,28275,17667,10090,1307,55,1117,56,1070,2093,207,116,43,126,3620,1195,123369,23091,38769,1530,340965,55354,4203,34831,94123,1157,553,56790,28353,137854,13266,37118,177,34990,31,354,726,110,707,2153,247,6667,2458,28,1498,2061,1367,2150,957,5024,3009,169,223,7284,4524,2911,2261,2687,702,1472,1635,929,793,646,404,2417,7479,2747,861,2742,4512,4176,29515,88681,191,4379,2580,2654,1837,1469,1494,2267,1159,96,8954,1091,1695,6204,832,2732,973,5574,2357,2270,1266,2127,136,1125,858,4734,5206,1850,2132,1587,2909,2670,1601,1855,2040,7369,27,51,979,1458,499,594,13530,447,9206,23,653,69,7897,672,7548,6930,10890,33,3972,359,147,2397,3417,164923,556,2126,3316,1151,26,5644,146,1143,590,20777,14107,4426,1237,265,184,197,42,104,1516,1721,2562,1188,4680,1136,1091,6371,159049,708,4095,122493,1355,6976,2160,11187,404,5043,634,111,4130,1859,2310,2384,776,930,273,1427,2595,2170,2390,631,2470,2794,28821,274,14832,2832,88,24886,6360,20,292,6316,1117,81,9622,1882,988,245,5950,2564,90621,9810,620,1704,2464,910,2227,2077,1005,378,35,1032,121,2422,185,31,248,332,1252,2414,1498,93098,6256,22297,13077,3781,1166,1173,737,29382,75,15051,2716,11262,1892,1117,2947,26,28456,5717,10745,45789,3915,64701,517,717,914,1688,1024,2479,1771,2692,20369,2270,64,184,2270,19,79,4271,3645,3,91,156,24651,50301,43271,10821,36159,4324,864,119618,105262,19742,55611,72020,85204,629,229,1683,1563,467,2003,1064,441,436,811,8229,0.0,0.0,0.0,0.0,0.0,0.0,0.0,0.0,0.0,0.0,0.0,0.0,0.0,0.0,0.0,0.0,0.0,0.0,0.0,0.0,0.0,0.0,0.0,0.0,0.0,0.0,0.0,0.0,0.0,0.0,0.0,0.0,0.0,0.0,0.0,0.0,0.0,0.0,0.0,0.0,0.0,0.0,0.0,0.0,0.0,0.0,0.0,0.0,0.0,0.0,0.0,0.0,0.0,0.0,0.0,0.0,0.0,0.0,0.0,0.0,0.0,0.0,0.0,0.0,0.0,0.0,0.0,0.0,0.0,0.0,0.0,0.0,0.0,0.0,0.0,0.0,0.0,0.0,0.0,0.0,0.0,0.0,0.0,0.0,0.0,0.0,0.0,0.0,0.0,0.0,0.0,0.0,0.0,0.0,0.0,0.0,0.0,0.0,0.0,0.0,0.0,0.0,0.0,0.0,0.0,0.0,0.0,0.0,0.0,0.0,0.0,0.0,0.0,0.0,0.0,0.0,0.0,0.0,0.0,0.0,0.0,0.0,0.0,0.0,0.0,0.0,0.0,0.0,0.0,0.0,0.0,0.0,0.0,0.0,0.0,0.0,0.0,0.0,0.0,0.0,0.0,0.0,0.0,0.0,0.0,0.0,0.0,0.0,0.0,0.0
ENCFF379LAP,0.12972960790031843,80182,113,1436,26883,265,104783,7923,344,215,184,614,3585,1041,3073,15755,11918,1747,533,3219,4629,111,597,55,152,108,1628,5271,3001,16013,3084,134,43,429,2090,1896,15,2182,37,5,6306,6990,43,172,52,20,547,5256,12878,292,813,1576,1431,158,280,4434,61,279,377,182,928,2009,128,4567,206,154,1426,179,22001,34290,4315,1254,748,1886,4246,41,1479,611,734,871,255,1238,1414,1987,411,737,3615,27,922,786,13,767,196,21,823,556,8828,117688,6944,157,19192,28578,2858,25075,1507,756,2855,1022,1304,47,2592,5862,7021,142,4697,27981,906,23211,133,633,699,4934,255,34741,1305,5844,2000,194,1498,91,86,20231,2662,1963,8915,4119,9813,20282,151,3960,3419,1256,2819,24017,255,403,42,64,48,13,1385,281,561,9527,3170,285,2965,25808,1554,198,1490,686,382,2030,3824,4563,5172,88,118,42,1146,48,1312,582,490,129,14,23,454,303,1381,9000,4464,31476,2316,15469,24627,10706,20448,11819,20925,113,18135,23243,8030,7665,19152,13700,3119,858,411,520,15,803,1308,103,40,18,86,3861,83,25651,10484,3779,255,125569,29911,3311,18702,9265,747,465,24104,13703,36115,2710,34271,134,36705,51,213,801,53,343,967,314,4004,2815,36,744,693,693,1106,619,2599,1330,257,172,4571,3275,1583,8944,1676,359,941,885,486,310,237,256,1101,3189,924,389,1037,2508,1775,5379,46489,4413,2420,2663,1222,901,766,674,937,516,59,5949,561,1628,4102,354,1557,564,3371,1850,1174,1093,1008,229,490,422,2682,1959,1045,847,826,1965,1739,1188,661,1108,2855,34,44,420,812,567,372,11571,284,7685,34,156,76,4158,563,6219,5983,6908,30,2030,211,29,1325,2450,57780,591,1538,2302,993,48,2147,48,124,1191,18693,4784,4983,1116,144,229,162,9,110,624,1328,1879,913,3336,620,494,848,36380,210,1755,86587,436,4630,1043,6252,5545,1991,284,419,3824,775,1175,1259,352,296,103,43189,1679,1073,1111,481,1127,1312,18218,45,11721,947,33,23593,6125,25,342,5628,931,151,6078,798,1212,198,3655,1051,11527,1160,807,771,1202,618,793,998,1107,698,32,791,46,1989,204,310,89,321,311,162,466,26555,819,5596,3304,504,609,858,364,22708,276,9840,1360,7889,1238,46,1995,12,27255,4800,8573,32262,1783,10091,126,274,418,1110,590,1055,787,1071,5555,1016,16,121,1130,45,41,2398,2329,9,283,144,18813,24774,24513,5328,22265,3294,447,42778,56227,10377,24214,46244,54444,107,58,737,664,310,949,532,355,197,603,6144,0.0,0.0,0.0,0.0,0.0,0.0,0.0,0.0,0.0,0.0,0.0,0.0,0.0,0.0,0.0,0.0,0.0,0.0,0.0,0.0,0.0,0.0,0.0,0.0,0.0,0.0,0.0,0.0,0.0,0.0,0.0,0.0,0.0,0.0,0.0,0.0,0.0,0.0,0.0,0.0,0.0,0.0,0.0,0.0,0.0,0.0,0.0,0.0,0.0,0.0,0.0,0.0,0.0,0.0,0.0,0.0,0.0,0.0,0.0,0.0,0.0,0.0,0.0,0.0,0.0,0.0,0.0,0.0,0.0,0.0,0.0,0.0,0.0,0.0,0.0,0.0,0.0,0.0,0.0,0.0,0.0,0.0,0.0,0.0,0.0,0.0,0.0,0.0,0.0,0.0,0.0,0.0,0.0,0.0,0.0,0.0,0.0,0.0,0.0,0.0,0.0,0.0,0.0,0.0,0.0,0.0,0.0,0.0,0.0,0.0,0.0,0.0,0.0,0.0,0.0,0.0,0.0,0.0,0.0,0.0,0.0,0.0,0.0,0.0,0.0,0.0,0.0,0.0,0.0,0.0,0.0,0.0,0.0,0.0,0.0,0.0,0.0,0.0,0.0,0.0,0.0,0.0,0.0,0.0,0.0,0.0,0.0,0.0,0.0,0.0
ENCFF040FYM,0.19102889746451876,1833110,1978,10286,37227,455,85784,15720,205,580,615,3101,4069,2147,7725,17093,14321,6428,1088,16574,14722,663,2139,163,165,179,1900,161808,4139,29621,9156,733,3657,1064,2393,2074,3390,4188,54,468,17924,29234,88,1669,69,656,1638,11885,23407,11999,1547,917,1216,1125,822,24261,462,938,925,451,2232,2094,302,15732,1611,9259,37856,474,92487,130167,24978,1489,507,31420,21578,891,1672,345,686,925,149,683,2052,9588,314,404,4132,29,683,404,58,4186,734,145,3506,1305,17142,418282,31600,369,86374,110171,4123,97082,2171,479,16041,5162,5703,40,8585,21698,21360,671,10856,87874,2619,36524,259,1068,2170,23685,442,34943,1725,15975,9455,2180,8903,901,749,102756,11306,111314,30329,8702,47528,75780,28081,7132,9606,1834,25411,39834,1084,22090,115,253,78,99,6879,842,2215,25687,14257,1604,8416,36362,3036,1216,1545,5915,3969,6437,10402,9410,21612,126,234,236,890,78,1801,376,3299,2487241,571,93,13820,2424,1473,45698,20381,130177,3825,53743,75777,29391,44467,25205,44162,606,69421,77926,30038,25776,60915,56091,13096,1750,23910,1678,106,326,767,528,101,124,530,10590,381,45327,19235,5260,825,649885,79708,30872,69570,25255,3190,3165,89414,46969,94793,2121,145937,492,143948,56,992,3464,276,221,1259,2771,5635,6525,101,454,715,415,715,333,4210,2168,1836,742,9294,6541,3924,9534,909,205,498,717,267,228,190,2013,788,11120,1485,286,3201,4559,3152,13207,76799,87413,3743,13992,2189,1099,1051,505,873,391,1072,21665,333,710,15448,369,3240,278,7279,716,1246,362,754,1000,340,3324,2846,2655,624,758,610,6068,2087,628,585,642,4353,53,51,297,472,2052,369,42044,375,31529,30,1537,363,15914,2466,21071,15680,17978,72,6629,159,558,3653,10354,103031,5650,12601,4967,2851,4908,4516,758,1779,2448,27352,18676,4498,4579,109,866,233,73,88,525,3025,6622,1278,7800,404,400,2185,45107,6846,2379,332176,1033,14606,870,7525,177713,3895,257,55956,149797,536,1626,1883,309,386,2647,753282,1992,1079,1845,1073,1613,1931,62969,122,19385,5253,187,84622,19370,228,956,15174,1927,76,10966,672,4418,1052,5970,1289,39671,3529,34826,674,1742,336,1546,768,4354,1335,56,2570,83,4490,1163,40,545,23362,2519,721,1864,35503,1080,8278,6102,736,2270,2977,549,108390,10952,46866,24474,34778,3899,532,7151,71,82630,15163,22835,114551,8853,21680,1333,805,302,5488,1525,1749,495,1571,12143,1594,54,20472,728,180,73,12251,12368,41,36679,556,80756,92847,57806,15254,98606,11823,2562,146632,222568,25542,88847,168964,217083,537,392,508,488,195,724,4197,923,1164,1654,14590,0.0,0.0,0.0,0.0,0.0,0.0,0.0,0.0,0.0,0.0,0.0,0.0,0.0,0.0,0.0,0.0,0.0,0.0,0.0,0.0,0.0,0.0,0.0,0.0,0.0,0.0,0.0,0.0,0.0,0.0,0.0,0.0,0.0,0.0,0.0,0.0,0.0,0.0,0.0,0.0,0.0,0.0,0.0,0.0,0.0,0.0,0.0,0.0,0.0,0.0,0.0,0.0,0.0,0.0,0.0,0.0,0.0,0.0,0.0,0.0,0.0,0.0,0.0,0.0,0.0,0.0,0.0,0.0,0.0,0.0,0.0,0.0,0.0,0.0,0.0,0.0,0.0,0.0,0.0,0.0,0.0,0.0,0.0,0.0,0.0,0.0,0.0,0.0,0.0,0.0,0.0,0.0,0.0,0.0,0.0,0.0,0.0,0.0,0.0,0.0,0.0,0.0,0.0,0.0,0.0,0.0,0.0,0.0,0.0,0.0,0.0,0.0,0.0,0.0,0.0,0.0,0.0,0.0,0.0,0.0,0.0,0.0,0.0,0.0,0.0,0.0,0.0,0.0,0.0,0.0,0.0,0.0,0.0,0.0,0.0,0.0,0.0,0.0,0.0,0.0,0.0,0.0,0.0,0.0,0.0,0.0,0.0,0.0,0.0,0.0
ENCFF000WEI,0.07524089499996608,5011,19,339,3115,67,7182,881,39,40,29,45,270,327,763,1832,2373,296,26,376,466,15,52,3,4,5,60,258,295,2556,262,24,18,41,187,130,5,141,5,3,644,871,4,52,2,9,41,500,2267,28,58,98,148,25,22,852,14,23,25,13,66,133,46,1240,18,31,94,5,4373,4018,475,101,72,121,398,22,106,59,92,71,24,92,91,317,61,58,312,1,87,46,0,83,23,2,111,139,1697,13363,775,6,2169,3060,202,2612,153,63,340,134,111,2,191,538,548,5,398,2337,257,2736,65,239,256,695,105,3771,136,428,218,53,238,30,4,2185,1028,153,2084,784,862,2033,73,407,222,100,312,3629,31,42,6,12,4,3,146,25,59,796,373,46,342,3298,393,23,104,91,75,255,366,312,405,6,9,5,95,3,174,76,214,331,7,0,53,58,91,1231,543,3430,201,2371,2668,1216,3127,1135,2425,8,2163,2474,690,703,1824,1503,530,74,53,58,5,56,80,14,4,1,4,323,25,4329,1164,874,15,16336,3071,304,2253,2178,79,58,3436,1446,5304,458,3102,6,3126,2,18,105,55,28,67,19,308,147,2,67,85,68,99,58,208,121,12,23,379,252,147,199,119,39,60,47,45,41,26,39,134,463,123,55,186,210,170,1266,2595,158,205,270,129,74,63,70,96,54,8,562,44,88,423,36,121,41,316,92,94,78,105,13,53,47,241,224,83,79,69,209,129,69,79,100,339,2,1,41,46,42,24,1088,8,681,4,40,3,525,74,470,499,563,3,179,11,19,98,290,5605,59,165,183,94,13,251,21,26,61,1171,478,298,104,1,16,15,1,5,75,86,218,48,330,53,52,184,4366,49,169,9497,55,409,75,423,252,255,30,116,456,84,84,85,48,60,26,1131,89,90,81,35,114,103,1874,4,882,203,3,2719,625,0,25,525,55,6,559,68,95,25,271,113,1531,360,74,91,88,38,91,69,86,69,5,88,0,140,5,3,7,62,35,77,66,2964,226,1025,571,151,36,65,10,2597,42,1116,181,937,96,21,228,2,2166,469,701,3277,204,1453,26,12,35,90,43,88,61,130,668,73,4,36,124,5,2,344,271,0,50,24,1936,3464,2681,677,2827,362,35,6109,7544,1272,3556,5563,6542,16,21,79,76,29,84,140,35,32,37,552,0.0,0.0,0.0,0.0,0.0,0.0,0.0,0.0,0.0,0.0,0.0,0.0,0.0,0.0,0.0,0.0,0.0,0.0,0.0,0.0,0.0,0.0,0.0,0.0,0.0,0.0,0.0,0.0,0.0,0.0,0.0,0.0,0.0,0.0,0.0,0.0,0.0,0.0,0.0,0.0,0.0,0.0,0.0,0.0,0.0,0.0,0.0,0.0,0.0,0.0,0.0,0.0,0.0,0.0,0.0,0.0,0.0,0.0,0.0,0.0,0.0,0.0,0.0,0.0,0.0,0.0,0.0,0.0,0.0,0.0,0.0,0.0,0.0,0.0,0.0,0.0,0.0,0.0,0.0,0.0,0.0,0.0,0.0,0.0,0.0,0.0,0.0,0.0,0.0,0.0,0.0,0.0,0.0,0.0,0.0,0.0,0.0,0.0,0.0,0.0,0.0,0.0,0.0,0.0,0.0,0.0,0.0,0.0,0.0,0.0,0.0,0.0,0.0,0.0,0.0,0.0,0.0,0.0,0.0,0.0,0.0,0.0,0.0,0.0,0.0,0.0,0.0,0.0,0.0,0.0,0.0,0.0,0.0,0.0,0.0,0.0,0.0,0.0,0.0,0.0,0.0,0.0,0.0,0.0,0.0,0.0,0.0,0.0,0.0,0.0
ENCFF002DHL,0.11650201842611979,47059,72,1618,10585,146,25678,4945,154,168,169,357,1588,890,1992,7765,6522,1257,356,1757,2863,104,483,31,35,29,510,3121,1801,12517,2588,148,66,285,961,932,34,1138,11,13,4185,8443,37,389,28,14,324,3195,8285,304,441,638,764,278,357,5138,134,202,227,68,461,882,92,3102,79,124,893,58,17682,23279,5233,546,393,1092,5075,221,699,319,399,458,123,567,554,4018,261,333,1963,6,409,313,6,613,782,20,710,524,4449,88896,5383,55,15038,21204,1343,18590,595,362,3475,1033,868,10,1884,5057,4357,47,2643,22723,709,11073,70,310,422,4282,144,13408,626,3299,1495,304,1508,265,60,20940,2809,2168,8078,2298,10235,17843,454,2168,1042,661,2345,12768,177,409,42,58,24,25,1401,282,312,5597,2485,347,2300,11574,1395,239,640,611,507,1550,2234,1980,5557,40,100,46,524,26,887,368,534,264,35,4,363,491,576,8104,4046,24731,1171,12484,16247,6951,13756,7216,14545,156,14956,17556,6299,5371,13914,10279,2472,417,559,294,55,327,526,91,32,20,22,2160,77,17375,4820,2428,193,88681,17727,2221,13232,6132,640,278,17843,7191,21053,780,23465,48,24493,34,240,456,77,155,501,112,2276,2348,15,378,504,333,497,236,1230,757,522,143,3095,1812,1169,2169,733,188,409,415,220,187,127,641,643,2288,534,246,872,1281,1146,4558,9366,2102,1358,3190,729,429,309,324,497,264,624,3931,302,577,3152,185,973,261,2192,624,531,369,517,236,274,320,1413,1144,436,528,449,1421,903,551,404,581,2356,12,12,221,348,296,188,9400,124,5762,22,216,78,4115,581,4456,3521,3718,23,1807,44,84,481,3035,22780,509,1121,1669,667,159,1318,138,203,658,8430,2563,2152,874,13,107,47,3,23,358,631,1600,352,2307,296,261,721,15439,304,1025,75349,254,3588,591,3145,3485,1233,170,1231,3861,399,571,522,226,214,204,16389,671,516,546,212,608,643,13737,31,6623,1162,12,20073,6993,12,163,3448,377,26,3958,401,826,125,1771,560,7396,1282,620,430,561,247,612,492,1059,368,17,574,17,1013,43,26,106,516,129,131,255,11325,376,3876,1623,312,267,386,122,24534,137,9261,1062,7021,803,136,1603,13,15904,3101,5771,23640,718,6943,108,116,230,602,220,560,404,1338,3210,538,10,366,604,15,31,2432,2478,11,404,88,14559,20453,16192,3606,18897,2383,210,31600,49091,6794,20720,36452,43044,111,79,372,384,118,452,1796,284,294,412,3576,0.0,0.0,0.0,0.0,0.0,0.0,0.0,0.0,0.0,0.0,0.0,0.0,0.0,0.0,0.0,0.0,0.0,0.0,0.0,0.0,0.0,0.0,0.0,0.0,0.0,0.0,0.0,0.0,0.0,0.0,0.0,0.0,0.0,0.0,0.0,0.0,0.0,0.0,0.0,0.0,0.0,0.0,0.0,0.0,0.0,0.0,0.0,0.0,0.0,0.0,0.0,0.0,0.0,0.0,0.0,0.0,0.0,0.0,0.0,0.0,0.0,0.0,0.0,0.0,0.0,0.0,0.0,0.0,0.0,0.0,0.0,0.0,0.0,0.0,0.0,0.0,0.0,0.0,0.0,0.0,0.0,0.0,0.0,0.0,0.0,0.0,0.0,0.0,0.0,0.0,0.0,0.0,0.0,0.0,0.0,0.0,0.0,0.0,0.0,0.0,0.0,0.0,0.0,0.0,0.0,0.0,0.0,0.0,0.0,0.0,0.0,0.0,0.0,0.0,0.0,0.0,0.0,0.0,0.0,0.0,0.0,0.0,0.0,0.0,0.0,0.0,0.0,0.0,0.0,0.0,0.0,0.0,0.0,0.0,0.0,0.0,0.0,0.0,0.0,0.0,0.0,0.0,0.0,0.0,0.0,0.0,0.0,0.0,0.0,0.0
ENCFF000VCJ,0.07457888720010673,2020,6,271,2182,52,4832,367,24,34,22,24,165,310,548,1186,1842,277,41,324,347,13,44,11,4,2,61,12,211,1854,254,22,20,38,100,98,4,117,2,1,444,846,3,51,5,0,48,376,1476,2,54,46,84,32,23,565,14,29,23,10,59,82,28,712,14,33,4,4,3377,3565,579,67,38,77,434,17,75,33,45,65,13,58,73,293,20,35,224,0,46,27,0,97,25,1,73,99,1044,12260,789,10,2119,2841,158,2552,112,39,354,101,106,0,180,528,544,3,365,2312,188,1903,34,153,162,588,82,2226,83,429,216,62,240,26,6,2245,947,10,1344,589,970,2067,5,286,196,77,258,2928,26,12,10,11,5,2,144,16,34,700,355,42,295,2354,281,25,57,63,52,193,278,266,444,3,8,2,68,3,137,45,180,401,0,0,40,62,55,1188,577,3202,147,1981,2259,982,2135,948,1845,13,1918,2237,837,639,1539,1318,386,62,2,47,7,35,54,17,0,1,0,288,32,2509,828,858,7,12414,2505,251,2058,1482,88,50,2867,1206,3695,315,3159,19,3264,7,28,52,8,13,77,6,222,161,2,50,69,29,44,19,162,84,17,25,279,187,121,193,65,25,45,26,26,24,21,50,79,351,92,18,118,162,132,773,1982,17,121,241,79,51,35,27,44,32,8,476,29,55,417,13,105,33,249,72,64,43,56,22,27,28,133,150,41,62,44,178,107,59,48,77,207,1,2,21,34,64,14,1033,3,694,2,39,11,461,58,471,429,404,1,176,9,14,85,291,4534,51,141,140,83,0,167,10,16,47,860,348,168,111,1,29,9,0,1,49,48,183,43,231,30,29,140,3460,22,120,8918,41,427,60,293,22,145,21,6,243,45,53,43,28,20,12,92,78,67,72,27,79,82,1775,8,698,176,3,1948,511,3,14,373,40,3,487,40,107,24,205,60,1347,222,46,55,70,14,71,42,90,33,3,74,2,123,7,3,8,21,22,58,43,2194,148,618,353,110,36,74,7,2726,8,1206,105,974,95,18,228,0,2108,417,662,3063,218,1107,14,13,18,51,23,79,44,88,568,63,2,24,91,1,2,373,315,1,6,12,1791,2803,1967,494,2655,365,53,5281,6229,937,2815,4787,5758,23,24,46,62,21,48,103,24,35,44,454,0.0,0.0,0.0,0.0,0.0,0.0,0.0,0.0,0.0,0.0,0.0,0.0,0.0,0.0,0.0,0.0,0.0,0.0,0.0,0.0,0.0,0.0,0.0,0.0,0.0,0.0,0.0,0.0,0.0,0.0,0.0,0.0,0.0,0.0,0.0,0.0,0.0,0.0,0.0,0.0,0.0,0.0,0.0,0.0,0.0,0.0,0.0,0.0,0.0,0.0,0.0,0.0,0.0,0.0,0.0,0.0,0.0,0.0,0.0,0.0,0.0,0.0,0.0,0.0,0.0,0.0,0.0,0.0,0.0,0.0,0.0,0.0,0.0,0.0,0.0,0.0,0.0,0.0,0.0,0.0,0.0,0.0,0.0,0.0,0.0,0.0,0.0,0.0,0.0,0.0,0.0,0.0,0.0,0.0,0.0,0.0,0.0,0.0,0.0,0.0,0.0,0.0,0.0,0.0,0.0,0.0,0.0,0.0,0.0,0.0,0.0,0.0,0.0,0.0,0.0,0.0,0.0,0.0,0.0,0.0,0.0,0.0,0.0,0.0,0.0,0.0,0.0,0.0,0.0,0.0,0.0,0.0,0.0,0.0,0.0,0.0,0.0,0.0,0.0,0.0,0.0,0.0,0.0,0.0,0.0,0.0,0.0,0.0,0.0,0.0
ENCFF192IAC,0.2003893763014844,141482,105,2830,15234,394,83522,8242,321,485,446,778,2846,2508,5906,8810,21330,3078,984,4234,6122,202,1188,50,156,166,954,9465,3338,14904,6410,433,170,575,1745,1520,85,2678,58,21,8352,16524,93,780,58,34,783,6748,9306,1188,976,966,1155,720,531,9717,307,516,474,158,1900,1604,143,4561,219,380,2389,115,34515,49742,11152,1047,645,2373,7932,558,1132,540,660,806,199,889,1171,4967,388,496,3486,46,715,522,30,1749,1282,114,1363,769,5905,199587,12897,125,35818,48420,2620,42015,1175,566,7995,2029,1958,41,4003,9661,9570,189,4633,43780,1775,32418,229,1066,1154,9490,471,35178,1104,7198,3391,962,3976,705,147,45151,7673,4662,11402,5493,16627,43068,1046,4356,3001,1090,5887,17434,346,1362,95,267,79,75,3637,735,703,11161,6481,764,5011,15942,1939,683,1196,1817,1428,3441,4214,4016,8260,105,254,161,931,82,1339,507,1402,1104,51,1,650,1087,988,18487,9597,55086,2441,28965,40120,14641,19983,15078,27456,491,33411,39026,13359,12975,28622,23850,6372,959,1786,609,69,524,833,242,109,58,123,4507,211,25779,8860,6780,370,179286,38095,4691,32251,10612,1964,633,39251,15165,39801,2475,56802,119,59355,86,422,970,111,291,843,225,4063,3922,42,552,787,526,758,379,2364,1520,278,289,5952,3742,2353,3982,1220,263,664,697,370,317,229,633,1005,4537,777,333,1820,2457,1985,6204,10651,5109,2525,4289,1450,704,535,568,784,437,163,10578,533,935,7032,306,2077,431,4458,1004,972,523,818,279,419,567,2369,1846,620,753,726,3063,1757,999,680,857,3770,40,73,388,605,883,374,22332,404,13201,55,547,138,9388,1553,10199,7800,7750,78,4442,423,206,1339,6704,46604,1427,3058,2370,1490,360,2420,483,756,1633,15693,5539,3684,2333,197,223,169,23,112,568,1340,3482,637,4465,500,494,1161,26208,938,2083,157391,460,8362,851,6224,10029,2195,320,3620,11518,688,1001,1095,301,422,468,59302,1263,905,1027,331,1100,1295,32719,261,13324,2514,37,35928,12820,18,451,6368,1223,127,7744,668,1973,330,3778,1135,8704,1443,1864,743,1052,453,1221,808,1911,718,58,1309,80,2102,139,48,405,1300,622,395,616,16194,1056,5293,3556,751,620,1019,400,52051,425,20382,2519,16810,2363,319,3968,40,33642,6401,10829,48333,1213,8746,203,404,370,1190,440,978,624,1235,6119,974,14,1613,936,46,103,5792,6538,12,1324,253,35617,40107,29938,6899,44125,5270,562,64315,103381,12279,40739,76770,96209,256,170,611,614,208,787,1781,500,591,808,7428,0.0,0.0,0.0,0.0,0.0,0.0,0.0,0.0,0.0,0.0,0.0,0.0,0.0,0.0,0.0,0.0,0.0,0.0,0.0,0.0,0.0,0.0,0.0,0.0,0.0,0.0,0.0,0.0,0.0,0.0,0.0,0.0,0.0,0.0,0.0,0.0,0.0,0.0,0.0,0.0,0.0,0.0,0.0,0.0,0.0,0.0,0.0,0.0,0.0,0.0,0.0,0.0,0.0,0.0,0.0,0.0,0.0,0.0,0.0,0.0,0.0,0.0,0.0,0.0,0.0,0.0,0.0,0.0,0.0,0.0,0.0,0.0,0.0,0.0,0.0,0.0,0.0,0.0,0.0,0.0,0.0,0.0,0.0,0.0,0.0,0.0,0.0,0.0,0.0,0.0,0.0,0.0,0.0,0.0,0.0,0.0,0.0,0.0,0.0,0.0,0.0,0.0,0.0,0.0,0.0,0.0,0.0,0.0,0.0,0.0,0.0,0.0,0.0,0.0,0.0,0.0,0.0,0.0,0.0,0.0,0.0,0.0,0.0,0.0,0.0,0.0,0.0,0.0,0.0,0.0,0.0,0.0,0.0,0.0,0.0,0.0,0.0,0.0,0.0,0.0,0.0,0.0,0.0,0.0,0.0,0.0,0.0,0.0,0.0,0.0
ENCFF000RIX,0.15276970129193296,63171,236,3763,37832,697,92702,5469,354,506,329,644,3955,3852,8856,35492,28034,3384,595,8628,6624,167,670,81,60,48,1247,2773,3761,64774,4190,271,286,506,2288,2172,96,2182,67,59,8445,11523,87,666,27,83,833,7563,46651,281,754,1177,1720,517,330,7297,175,378,399,233,1011,1654,406,21063,333,296,868,55,58252,50238,7437,1232,792,1817,6770,371,1465,736,901,1028,253,1158,1487,4034,608,635,4134,39,1024,680,39,1316,368,62,1288,1419,17125,191874,11092,89,29822,42941,2778,37098,1380,763,5443,1609,1883,22,3072,7906,7942,150,5273,33509,2662,35219,558,2180,2137,10060,879,58018,1573,6912,3331,737,2779,345,161,32512,11175,1389,46710,8784,20237,32655,462,5646,6955,1407,4451,49683,330,602,68,146,46,30,2241,356,605,12096,5157,674,3858,41259,3617,428,1405,1018,751,3477,3964,3391,5287,58,212,27,1175,29,2068,762,860,6061,70,13,726,763,1209,14915,7387,44449,2406,27471,30382,14760,32720,13429,29419,269,29006,34761,10974,9442,24075,17965,6098,977,585,878,31,515,1079,190,81,11,2,4202,281,54590,13692,10569,315,190140,39951,3876,28905,32047,1160,609,41092,21068,69726,4235,44186,163,44131,68,423,816,128,395,1149,264,4196,2351,29,825,996,756,1034,557,2911,1718,349,323,5491,3193,2431,2681,1401,351,919,740,481,517,386,558,1196,5842,1421,508,1946,2684,2506,11905,21750,1730,2941,3192,1521,916,717,781,1079,563,136,7996,579,1075,5704,454,1710,486,4314,1213,1236,615,1110,322,661,650,2799,2738,919,1105,887,2871,1747,971,879,1042,4497,46,160,514,764,1035,1828,17988,310,11961,75,590,141,8170,923,9097,9166,8696,61,2906,265,184,1014,4085,59006,779,2119,2440,1081,131,3149,198,503,886,17306,10338,3739,1505,86,449,111,28,70,774,1353,2436,677,4169,634,651,1748,52502,598,2419,135078,520,6214,1206,6021,3040,2817,392,1256,6189,957,1183,1382,490,529,304,14915,1432,1105,1276,585,1412,1552,27590,133,10866,2445,39,27652,6985,35,302,6534,805,105,7556,959,1595,298,3464,1395,32396,3101,1045,1001,1307,580,1328,1037,1298,354,29,1008,31,2927,851,32,232,484,535,682,921,41464,1967,10021,5598,1401,495,815,194,37047,284,16009,2014,12666,1429,326,2958,30,28666,5400,10447,43635,1815,29817,269,402,520,1163,590,1353,837,1702,8310,1269,80,469,1197,18,53,4424,4476,31,553,156,25115,41426,31700,7732,36226,4101,380,76318,91424,14643,42730,66501,81406,254,146,937,854,281,1013,1457,336,501,754,7750,0.0,0.0,0.0,0.0,0.0,0.0,0.0,0.0,0.0,0.0,0.0,0.0,0.0,0.0,0.0,0.0,0.0,0.0,0.0,0.0,0.0,0.0,0.0,0.0,0.0,0.0,0.0,0.0,0.0,0.0,0.0,0.0,0.0,0.0,0.0,0.0,0.0,0.0,0.0,0.0,0.0,0.0,0.0,0.0,0.0,0.0,0.0,0.0,0.0,0.0,0.0,0.0,0.0,0.0,0.0,0.0,0.0,0.0,0.0,0.0,0.0,0.0,0.0,0.0,0.0,0.0,0.0,0.0,0.0,0.0,0.0,0.0,0.0,0.0,0.0,0.0,0.0,0.0,0.0,0.0,0.0,0.0,0.0,0.0,0.0,0.0,0.0,0.0,0.0,0.0,0.0,0.0,0.0,0.0,0.0,0.0,0.0,0.0,0.0,0.0,0.0,0.0,0.0,0.0,0.0,0.0,0.0,0.0,0.0,0.0,0.0,0.0,0.0,0.0,0.0,0.0,0.0,0.0,0.0,0.0,0.0,0.0,0.0,0.0,0.0,0.0,0.0,0.0,0.0,0.0,0.0,0.0,0.0,0.0,0.0,0.0,0.0,0.0,0.0,0.0,0.0,0.0,0.0,0.0,0.0,0.0,0.0,0.0,0.0,0.0
ENCFF611SVJ,0.1160343114036792,32542,47,2294,13265,98,32324,7744,171,231,319,571,1844,1032,2241,9004,5597,2251,999,3753,5140,239,1028,70,27,34,969,279,2351,7721,5146,364,107,489,1167,1145,11,2312,6,4,9340,15647,29,914,17,24,846,5695,9588,36,510,608,674,686,525,22342,181,512,377,62,1036,1036,60,2724,732,73,103,35,28193,49110,12652,646,365,1100,10113,496,788,248,387,448,119,542,951,4782,296,347,2391,6,427,322,8,1503,321,15,1094,473,2773,185609,13166,99,35134,52961,1948,45490,965,305,8552,2495,2441,11,4530,12112,12581,72,4311,43080,609,16332,53,305,624,9912,138,17835,714,6926,2993,1010,3993,585,71,88104,3690,163,12071,2657,48605,46105,20,3275,1560,752,4008,10302,154,219,48,126,10,52,3454,466,434,10282,6141,650,3445,13981,1352,608,633,955,1072,2923,4536,4413,11691,51,107,27,587,21,992,287,2794,1136,9,6,270,931,599,21217,9132,56607,2045,23292,32300,12612,19938,12337,23076,315,36935,41941,18332,11835,29582,21751,5971,864,50,381,291,321,520,213,60,9,19,4668,59,19729,7297,2281,413,192668,31879,3458,29943,5726,1580,574,34875,14865,29624,639,63503,97,64315,69,497,725,41,152,537,1157,3563,3789,268,331,455,293,490,261,1783,1151,964,274,5062,3519,2161,5056,716,175,370,364,207,159,131,962,593,3952,465,205,1551,2169,1354,4788,17493,286,1845,6283,1028,445,377,268,505,253,700,11697,300,595,7375,167,2155,244,4220,603,530,322,470,1135,255,388,1525,1222,370,498,430,3267,1250,461,375,545,2863,15,24,225,304,1198,100,23377,53,13948,15,583,395,7974,1244,10784,6380,6825,5,3284,66,227,406,7621,28563,1060,3300,2503,1342,14,1772,220,423,1542,13503,4125,2289,2164,24,860,71,1,10,331,1538,2543,493,3315,286,287,840,17635,165,1313,149924,271,7797,525,3829,642,1588,186,108,3645,406,665,839,224,217,438,2026,980,492,834,554,687,922,29193,27,11686,2079,16,40625,9048,122,446,6274,1270,15,6161,388,7439,264,2792,553,5610,1122,431,386,737,310,767,428,1854,180,3,973,8,1706,600,120,306,306,96,109,354,10611,343,3587,2064,313,566,902,92,51822,54,17402,930,16041,1912,186,3732,11,32394,5443,9671,42891,1875,7760,124,61,178,512,236,664,356,1142,2608,603,17,234,580,31,17,5459,6416,10,111,243,34058,38622,24963,5879,41879,5046,370,63313,101629,10275,38152,76740,90891,173,156,334,347,120,437,2095,415,565,817,6379,0.0,0.0,0.0,0.0,0.0,0.0,0.0,0.0,0.0,0.0,0.0,0.0,0.0,0.0,0.0,0.0,0.0,0.0,0.0,0.0,0.0,0.0,0.0,0.0,0.0,0.0,0.0,0.0,0.0,0.0,0.0,0.0,0.0,0.0,0.0,0.0,0.0,0.0,0.0,0.0,0.0,0.0,0.0,0.0,0.0,0.0,0.0,0.0,0.0,0.0,0.0,0.0,0.0,0.0,0.0,0.0,0.0,0.0,0.0,0.0,0.0,0.0,0.0,0.0,0.0,0.0,0.0,0.0,0.0,0.0,0.0,0.0,0.0,0.0,0.0,0.0,0.0,0.0,0.0,0.0,0.0,0.0,0.0,0.0,0.0,0.0,0.0,0.0,0.0,0.0,0.0,0.0,0.0,0.0,0.0,0.0,0.0,0.0,0.0,0.0,0.0,0.0,0.0,0.0,0.0,0.0,0.0,0.0,0.0,0.0,0.0,0.0,0.0,0.0,0.0,0.0,0.0,0.0,0.0,0.0,0.0,0.0,0.0,0.0,0.0,0.0,0.0,0.0,0.0,0.0,0.0,0.0,0.0,0.0,0.0,0.0,0.0,0.0,0.0,0.0,0.0,0.0,0.0,0.0,0.0,0.0,0.0,0.0,0.0,0.0
ENCFF000XHU,0.07240918073500789,3209,21,206,2701,90,10050,413,32,34,14,38,184,386,570,878,2816,273,38,364,331,25,53,8,9,12,45,129,197,2280,244,21,15,26,115,89,2,129,1,4,509,812,4,34,2,4,44,346,1959,15,61,55,62,28,32,483,10,23,22,8,68,86,16,844,17,65,43,3,3057,2909,505,55,48,81,445,14,60,43,55,62,14,52,81,282,33,33,179,1,49,28,3,109,17,5,101,89,897,11489,770,3,1956,2672,150,2396,185,30,363,99,115,2,233,518,520,18,298,2132,268,3025,65,305,250,561,136,4111,84,419,179,55,222,33,8,2120,1092,87,1587,585,930,1909,25,258,200,54,254,1823,53,32,4,3,2,0,139,20,28,626,360,44,285,2557,223,26,68,108,132,199,249,222,413,9,13,4,53,2,108,36,266,1525,2,0,42,53,66,1071,522,2939,169,2098,2395,842,1982,816,1661,23,1704,2021,650,619,1599,1142,441,44,24,48,3,36,40,13,6,3,5,230,29,2205,758,1073,15,14281,2611,226,1748,1602,83,80,2542,1134,3415,488,2780,8,3041,0,13,44,25,12,45,11,185,156,3,40,57,38,54,21,147,86,13,20,261,219,98,184,75,25,42,31,18,20,18,38,77,282,60,25,116,144,97,816,1440,74,128,256,88,58,39,24,62,28,10,552,35,61,315,22,82,23,218,65,77,44,53,17,24,19,132,132,40,39,40,163,79,33,46,74,194,0,2,27,38,43,17,1008,22,649,5,37,10,433,66,480,522,402,1,156,4,13,72,263,4340,41,129,133,72,5,135,11,43,48,858,425,194,96,8,29,15,0,9,38,171,222,40,219,28,26,94,3866,19,114,8200,25,401,53,309,143,152,12,56,340,53,68,57,27,20,14,694,73,53,67,21,70,74,1711,9,617,188,1,1825,432,1,30,366,48,1,390,46,105,22,198,68,1555,177,54,43,71,19,75,35,89,11,3,68,1,89,17,4,17,33,62,85,43,1727,251,575,471,131,47,70,15,2869,14,937,109,841,104,17,185,1,1935,442,595,2639,84,1120,11,7,13,55,27,74,38,71,446,56,2,28,65,0,2,313,322,1,21,14,1674,2409,1686,432,2318,336,25,4453,5610,777,2345,4207,5302,21,17,50,40,18,47,108,28,55,36,425,0.0,0.0,0.0,0.0,0.0,0.0,0.0,0.0,0.0,0.0,0.0,0.0,0.0,0.0,0.0,0.0,0.0,0.0,0.0,0.0,0.0,0.0,0.0,0.0,0.0,0.0,0.0,0.0,0.0,0.0,0.0,0.0,0.0,0.0,0.0,0.0,0.0,0.0,0.0,0.0,0.0,0.0,0.0,0.0,0.0,0.0,0.0,0.0,0.0,0.0,0.0,0.0,0.0,0.0,0.0,0.0,0.0,0.0,0.0,0.0,0.0,0.0,0.0,0.0,0.0,0.0,0.0,0.0,0.0,0.0,0.0,0.0,0.0,0.0,0.0,0.0,0.0,0.0,0.0,0.0,0.0,0.0,0.0,0.0,0.0,0.0,0.0,0.0,0.0,0.0,0.0,0.0,0.0,0.0,0.0,0.0,0.0,0.0,0.0,0.0,0.0,0.0,0.0,0.0,0.0,0.0,0.0,0.0,0.0,0.0,0.0,0.0,0.0,0.0,0.0,0.0,0.0,0.0,0.0,0.0,0.0,0.0,0.0,0.0,0.0,0.0,0.0,0.0,0.0,0.0,0.0,0.0,0.0,0.0,0.0,0.0,0.0,0.0,0.0,0.0,0.0,0.0,0.0,0.0,0.0,0.0,0.0,0.0,0.0,0.0
ENCFF175LIK,0.09135985405581923,45020,151,1356,16538,210,54627,3966,237,125,437,398,1864,1051,3081,8597,11051,1440,709,2521,3225,175,718,38,44,34,816,2464,1867,11430,2938,176,60,331,1139,1024,19,1347,15,2,5608,9774,72,359,68,20,438,3848,10235,206,715,681,785,386,802,11775,52,349,131,56,711,1023,407,5689,1603,163,758,70,24474,30257,7954,652,413,1124,8861,172,773,323,426,512,152,654,692,2812,250,394,2267,9,445,406,11,1021,126,22,677,557,11655,113833,7956,61,22778,29263,1403,25203,760,371,4268,1013,876,13,3721,6143,6245,70,3469,35333,721,20788,76,402,636,5128,164,28696,723,4055,1756,971,2161,215,17,34361,3567,1025,11300,3066,28454,26303,77,2454,2632,650,2453,21618,248,265,30,55,14,23,1901,460,308,6691,3507,325,2278,16902,1369,382,714,609,515,1896,2654,2579,8996,56,113,24,606,14,769,332,1155,3212,13,7,281,447,674,13225,5463,32983,1768,15000,23867,7814,16672,11058,16815,173,20940,24640,9581,7571,19564,14250,3131,674,262,385,58,393,622,108,13,15,28,2972,60,19887,5805,3259,137,149627,23722,3359,19411,10819,1029,326,24203,10250,29812,1023,41086,43,34090,53,189,539,36,171,494,163,3659,2917,111,434,442,357,534,305,1468,782,1429,172,3784,2968,1185,7325,886,175,447,439,248,162,128,861,713,2805,423,215,912,1593,1045,6024,35680,2038,1576,4897,821,447,390,362,534,303,729,9564,311,743,5039,178,1267,312,2881,781,613,448,544,1954,274,364,1572,1120,487,516,516,2260,1199,634,380,642,2133,17,20,266,427,652,178,15544,59,9780,25,227,51,4519,722,8337,4165,5364,12,2002,30,37,861,2969,45236,646,1465,2853,935,66,1252,73,233,1621,9864,3881,2547,1322,22,133,27,8,15,366,579,1491,371,2055,380,254,1504,26276,179,1129,91373,257,4840,583,3458,3074,1276,180,489,3335,426,603,636,247,199,210,14864,795,566,640,321,665,736,17934,18,9454,1047,30,29191,7667,48,397,3560,771,19,4750,448,1994,140,2483,536,9381,1093,536,429,596,357,586,503,1959,358,19,855,38,1476,1521,29,71,240,247,104,373,12086,415,4053,2115,333,647,416,75,51488,78,9042,831,10647,1066,66,2214,6,17924,3061,5542,27407,1644,9577,86,91,215,555,298,567,401,1174,2831,548,7,173,658,9,11,3239,3482,9,227,260,20519,25321,18709,4562,23637,3349,297,43866,62793,7678,24497,49388,56302,164,90,344,374,149,497,1227,343,889,473,4061,0.0,0.0,0.0,0.0,0.0,0.0,0.0,0.0,0.0,0.0,0.0,0.0,0.0,0.0,0.0,0.0,0.0,0.0,0.0,0.0,0.0,0.0,0.0,0.0,0.0,0.0,0.0,0.0,0.0,0.0,0.0,0.0,0.0,0.0,0.0,0.0,0.0,0.0,0.0,0.0,0.0,0.0,0.0,0.0,0.0,0.0,0.0,0.0,0.0,0.0,0.0,0.0,0.0,0.0,0.0,0.0,0.0,0.0,0.0,0.0,0.0,0.0,0.0,0.0,0.0,0.0,0.0,0.0,0.0,0.0,0.0,0.0,0.0,0.0,0.0,0.0,0.0,0.0,0.0,0.0,0.0,0.0,0.0,0.0,0.0,0.0,0.0,0.0,0.0,0.0,0.0,0.0,0.0,0.0,0.0,0.0,0.0,0.0,0.0,0.0,0.0,0.0,0.0,0.0,0.0,0.0,0.0,0.0,0.0,0.0,0.0,0.0,0.0,0.0,0.0,0.0,0.0,0.0,0.0,0.0,0.0,0.0,0.0,0.0,0.0,0.0,0.0,0.0,0.0,0.0,0.0,0.0,0.0,0.0,0.0,0.0,0.0,0.0,0.0,0.0,0.0,0.0,0.0,0.0,0.0,0.0,0.0,0.0,0.0,0.0
ENCFF000WRR,0.08031542980529774,4224,20,309,2984,58,7054,598,37,65,22,93,291,514,877,1510,2692,375,47,450,520,19,71,10,7,5,120,181,293,1532,352,26,22,43,190,187,4,202,1,6,793,1086,6,55,9,6,171,597,1588,27,72,65,105,35,48,613,16,33,30,17,86,144,23,901,57,52,55,12,3975,3928,688,107,59,133,593,22,149,49,68,88,15,83,132,332,55,41,287,2,74,45,1,116,28,3,117,118,959,14803,966,15,2628,3773,178,3302,152,37,491,155,174,0,259,721,703,24,440,2917,247,2127,58,216,204,797,75,2707,148,597,252,82,302,42,10,2934,1354,147,1819,886,1238,2500,29,385,261,119,370,3266,71,46,10,10,8,8,217,19,76,912,458,50,442,3013,297,33,121,134,146,260,397,381,567,11,17,2,83,3,177,49,201,270,9,1,41,70,110,1401,626,3880,210,2573,2881,1233,2222,1168,2389,22,2410,2794,909,861,2127,1692,644,73,41,64,8,52,67,22,14,5,5,355,16,2811,985,1242,21,21337,3091,327,2459,2027,113,43,3491,1674,4640,421,3897,17,3928,2,24,137,85,13,112,39,300,202,2,67,80,52,69,42,297,140,23,36,387,276,169,288,108,30,48,57,34,31,18,47,100,467,101,41,165,259,211,1072,1708,104,236,326,118,85,53,55,69,42,8,777,42,81,513,21,144,50,347,70,88,40,79,21,33,38,207,225,89,61,48,221,125,64,80,84,315,1,1,27,45,56,18,1317,8,878,2,45,2,622,93,637,628,623,1,240,10,9,147,364,5674,72,208,230,94,6,257,14,24,62,1302,533,359,152,2,16,10,0,6,40,104,224,109,316,53,46,129,4122,48,171,10774,32,543,89,532,232,224,25,73,483,81,144,128,40,39,18,763,177,113,153,53,139,134,2363,17,927,245,7,2506,629,5,27,537,94,5,532,72,121,21,305,94,1457,314,66,67,124,37,102,64,110,84,2,102,6,197,18,1,18,37,36,61,57,2365,194,798,440,120,53,98,24,3423,19,1382,165,1152,133,32,295,8,3039,596,983,4144,183,1305,20,38,23,79,58,132,62,104,529,125,0,39,106,3,6,407,362,1,28,16,2321,3329,2503,599,3175,449,64,5823,7826,1174,3492,5829,7120,38,31,76,63,31,79,105,33,44,51,575,0.0,0.0,0.0,0.0,0.0,0.0,0.0,0.0,0.0,0.0,0.0,0.0,0.0,0.0,0.0,0.0,0.0,0.0,0.0,0.0,0.0,0.0,0.0,0.0,0.0,0.0,0.0,0.0,0.0,0.0,0.0,0.0,0.0,0.0,0.0,0.0,0.0,0.0,0.0,0.0,0.0,0.0,0.0,0.0,0.0,0.0,0.0,0.0,0.0,0.0,0.0,0.0,0.0,0.0,0.0,0.0,0.0,0.0,0.0,0.0,0.0,0.0,0.0,0.0,0.0,0.0,0.0,0.0,0.0,0.0,0.0,0.0,0.0,0.0,0.0,0.0,0.0,0.0,0.0,0.0,0.0,0.0,0.0,0.0,0.0,0.0,0.0,0.0,0.0,0.0,0.0,0.0,0.0,0.0,0.0,0.0,0.0,0.0,0.0,0.0,0.0,0.0,0.0,0.0,0.0,0.0,0.0,0.0,0.0,0.0,0.0,0.0,0.0,0.0,0.0,0.0,0.0,0.0,0.0,0.0,0.0,0.0,0.0,0.0,0.0,0.0,0.0,0.0,0.0,0.0,0.0,0.0,0.0,0.0,0.0,0.0,0.0,0.0,0.0,0.0,0.0,0.0,0.0,0.0,0.0,0.0,0.0,0.0,0.0,0.0
ENCFF754VFN,0.17739684741892983,23410,73,2278,25367,381,60223,5185,230,241,270,470,2572,2035,4249,17373,17977,2356,662,3140,3940,110,596,59,40,53,888,280,3048,17320,3199,238,72,413,1684,1465,40,1878,11,10,6606,9524,56,656,34,37,519,5587,19343,40,493,994,1281,378,249,5402,131,304,307,123,750,1219,155,6610,1838,79,93,70,32044,44117,6081,916,637,1353,4014,267,1063,488,679,805,199,937,1010,2923,394,520,3407,14,817,541,5,923,142,22,1462,897,6718,147191,8831,106,23497,34425,2328,29766,1150,599,4303,1225,1265,32,2411,6429,6579,156,3585,27316,1509,28379,184,894,1151,6671,431,48552,1136,4774,1984,538,2109,443,91,26121,7418,231,29592,5075,9519,25956,34,3757,2187,1063,3187,22897,204,147,78,72,14,48,2149,290,347,7715,3595,423,2753,29056,2872,408,1050,1524,1522,2540,3669,3286,4493,34,111,71,957,23,1533,568,1204,245,15,13,483,642,957,12215,6103,36591,2029,22472,26393,12103,28025,11584,23204,267,22801,27749,8982,7677,19681,15610,4420,793,36,420,114,538,913,114,46,27,37,3376,166,35073,8837,7466,318,120244,28831,2878,23317,12901,865,471,30573,13651,38126,2042,35552,121,33653,13,280,593,29,265,907,272,3593,2262,20,593,780,560,837,393,2242,1316,136,179,4889,2662,1782,2039,1287,353,651,659,363,329,226,320,1058,4150,884,347,1342,2103,1882,9945,42949,207,2032,2699,1225,759,558,572,874,491,43,6452,471,1059,4243,294,1526,406,3607,1007,864,568,839,96,451,478,2288,1962,733,850,780,1856,1336,806,733,975,3776,11,20,322,632,404,193,12800,74,7324,19,338,36,5643,663,5776,5231,6120,19,2539,86,103,995,3566,52707,613,1821,1683,901,13,2409,174,275,833,12703,4352,2973,1337,49,154,48,8,26,617,1358,1986,484,2978,509,459,1275,40518,252,1897,99751,511,5564,932,5210,538,2123,292,131,2942,728,979,1012,378,374,281,1717,1104,923,931,447,979,1105,21251,50,9852,1522,31,21030,5261,10,289,4386,701,21,6325,701,936,192,2889,983,11182,2428,372,656,986,438,974,792,1024,495,17,581,9,1491,101,49,154,225,271,281,603,22428,918,7581,3662,772,494,613,149,28758,75,13037,1226,9610,1359,235,2514,19,25646,4668,8067,34064,2955,15821,218,99,344,808,358,911,721,1139,5295,892,20,147,994,35,34,3444,3559,22,118,119,22030,31310,23970,5961,29999,3711,282,62773,72488,10152,31813,55380,66718,225,141,667,614,201,796,841,284,282,600,5416,0.0,0.0,0.0,0.0,0.0,0.0,0.0,0.0,0.0,0.0,0.0,0.0,0.0,0.0,0.0,0.0,0.0,0.0,0.0,0.0,0.0,0.0,0.0,0.0,0.0,0.0,0.0,0.0,0.0,0.0,0.0,0.0,0.0,0.0,0.0,0.0,0.0,0.0,0.0,0.0,0.0,0.0,0.0,0.0,0.0,0.0,0.0,0.0,0.0,0.0,0.0,0.0,0.0,0.0,0.0,0.0,0.0,0.0,0.0,0.0,0.0,0.0,0.0,0.0,0.0,0.0,0.0,0.0,0.0,0.0,0.0,0.0,0.0,0.0,0.0,0.0,0.0,0.0,0.0,0.0,0.0,0.0,0.0,0.0,0.0,0.0,0.0,0.0,0.0,0.0,0.0,0.0,0.0,0.0,0.0,0.0,0.0,0.0,0.0,0.0,0.0,0.0,0.0,0.0,0.0,0.0,0.0,0.0,0.0,0.0,0.0,0.0,0.0,0.0,0.0,0.0,0.0,0.0,0.0,0.0,0.0,0.0,0.0,0.0,0.0,0.0,0.0,0.0,0.0,0.0,0.0,0.0,0.0,0.0,0.0,0.0,0.0,0.0,0.0,0.0,0.0,0.0,0.0,0.0,0.0,0.0,0.0,0.0,0.0,0.0
ENCFF435FIG,0.07674362502638196,9894,97,291,2398,31,3836,509,16,31,18,57,236,226,525,1008,1209,208,33,404,462,9,59,8,5,6,78,715,268,1561,292,22,39,46,132,139,30,138,4,3,671,872,5,60,2,32,47,457,1648,95,34,72,99,46,30,540,18,25,34,20,41,118,41,836,29,67,174,10,3606,4767,533,75,47,248,394,31,92,41,49,73,16,68,77,278,22,36,284,0,64,40,1,80,21,4,147,113,1497,13328,787,11,2194,2961,194,2631,154,51,394,117,157,0,261,644,592,20,374,2552,163,1702,26,94,126,647,44,2154,102,491,249,84,199,24,6,2277,750,413,1607,560,972,2102,144,332,278,89,371,2871,53,102,6,10,1,1,109,23,64,738,355,53,343,2380,234,35,96,100,84,217,318,272,509,6,9,6,66,3,136,49,191,96,17,2,75,75,78,1189,531,3629,186,2146,2490,1104,2091,1042,2083,7,2214,2492,1055,699,1898,1410,594,70,143,82,23,32,70,13,3,3,9,333,19,2738,931,548,35,24437,3045,366,2155,1541,91,80,3176,1541,4303,194,3442,10,3290,6,29,78,25,5,68,16,290,195,2,50,55,35,85,28,175,109,35,17,309,205,126,237,85,22,45,52,24,24,15,51,72,445,102,21,147,178,189,1015,3237,487,147,287,101,65,51,46,69,40,17,638,37,57,420,20,143,20,298,75,67,47,77,23,31,55,201,169,46,62,61,176,133,56,69,73,288,4,5,20,35,45,30,1069,16,771,0,36,9,468,68,582,521,556,2,216,5,12,149,323,5134,81,214,173,94,44,223,15,23,52,1296,529,268,86,8,33,3,0,4,47,141,192,50,295,35,35,121,3236,57,164,9440,47,456,80,397,747,166,25,319,984,47,74,81,26,25,32,3608,81,55,95,35,101,101,1973,11,735,179,1,1983,597,1,19,480,86,2,477,56,129,29,238,86,1646,271,131,44,80,26,81,59,100,54,8,78,4,152,18,4,17,78,40,49,74,1715,67,737,384,68,37,70,17,2806,70,1145,222,937,124,34,214,3,2699,565,852,3679,296,1199,35,33,34,102,76,89,38,122,657,80,3,92,75,3,5,301,284,0,135,19,1888,3352,2465,633,2753,366,80,5009,7285,1082,3206,5350,6322,11,12,56,50,18,66,110,29,36,52,506,0.0,0.0,0.0,0.0,0.0,0.0,0.0,0.0,0.0,0.0,0.0,0.0,0.0,0.0,0.0,0.0,0.0,0.0,0.0,0.0,0.0,0.0,0.0,0.0,0.0,0.0,0.0,0.0,0.0,0.0,0.0,0.0,0.0,0.0,0.0,0.0,0.0,0.0,0.0,0.0,0.0,0.0,0.0,0.0,0.0,0.0,0.0,0.0,0.0,0.0,0.0,0.0,0.0,0.0,0.0,0.0,0.0,0.0,0.0,0.0,0.0,0.0,0.0,0.0,0.0,0.0,0.0,0.0,0.0,0.0,0.0,0.0,0.0,0.0,0.0,0.0,0.0,0.0,0.0,0.0,0.0,0.0,0.0,0.0,0.0,0.0,0.0,0.0,0.0,0.0,0.0,0.0,0.0,0.0,0.0,0.0,0.0,0.0,0.0,0.0,0.0,0.0,0.0,0.0,0.0,0.0,0.0,0.0,0.0,0.0,0.0,0.0,0.0,0.0,0.0,0.0,0.0,0.0,0.0,0.0,0.0,0.0,0.0,0.0,0.0,0.0,0.0,0.0,0.0,0.0,0.0,0.0,0.0,0.0,0.0,0.0,0.0,0.0,0.0,0.0,0.0,0.0,0.0,0.0,0.0,0.0,0.0,0.0,0.0,0.0
ENCFF578XLP,0.28089876768169525,9973229,3002,37910,78705,1126,187737,15981,522,493,588,2119,7350,3523,9098,54480,37072,4411,642,12093,11180,260,1033,131,79,125,1341,825740,5358,72463,6352,429,41856,1010,3023,2627,16433,3193,50,336,16544,18037,86,1899,76,840,1087,9708,78036,109302,767,1678,1972,710,470,12404,245,579,547,113,1045,3720,757,31238,1243,667,247144,646,107738,75346,12265,1747,1069,182356,14762,383,1997,908,1102,1337,310,1350,1953,5882,788,797,5868,14,1269,796,15,1732,3616,51,3101,2260,63114,317936,18560,166,49403,68798,4237,59536,2119,958,9538,3526,4630,38,6963,15872,15363,317,9700,64003,3732,40780,526,2458,3285,14888,1182,85359,2570,10303,6726,1400,4056,620,268,58188,13136,496854,64413,9966,17463,45270,152740,8693,7359,1989,76817,101291,1193,127867,309,165,59,55,3476,459,2749,20373,8428,1170,8133,84420,6484,625,1939,2808,2820,5277,9230,7102,15734,79,206,54,1480,39,2774,942,2853,836,13306,175,52255,1244,1632,28168,11387,283629,3781,46314,59584,26733,70184,24661,47297,335,48743,58912,19796,16020,47207,32355,13079,1403,184808,2119,213,712,1321,260,62,47,138,7743,281,69729,19876,10189,426,694084,67485,109523,48693,45222,1861,1534,78505,40843,122142,5058,83253,474,71337,55,612,2372,1251,453,1533,369,6814,5262,133,1037,1386,993,1297,692,4109,2388,2936,496,7380,5890,3453,7042,1670,471,1041,1053,524,534,443,1835,1724,11868,1963,548,2886,5088,3829,26670,187046,537236,3865,8173,2063,1434,1198,928,1334,770,1652,13528,777,1328,11195,644,2320,606,7787,1621,1525,807,1327,3876,730,14842,3624,3691,1195,1329,1098,5318,2301,1097,1107,1366,7005,111,78,627,901,1091,1032,27832,372,21811,39,802,299,10311,1737,15774,18434,16176,37,4031,103,327,4178,8472,180058,53392,56553,5164,1805,53747,4849,376,620,1113,24123,14033,10484,1846,79,499,150,30,53,974,3157,3903,1107,6608,792,762,4347,102995,39126,3349,201267,1313,8700,1495,8792,894887,4589,479,385815,969201,1219,1718,1705,648,649,13319,4557672,2012,1370,1688,904,2089,2123,41821,86,16610,3640,43,51811,21568,60,387,13646,1215,65,10171,1190,3020,488,5638,1829,55642,7714,158536,1433,1813,758,1713,1269,2140,816,22,1631,15,3333,175,44,221,85787,1394,779,1318,57897,2336,16752,8867,1647,902,1357,282,76489,80457,25107,105873,20105,2153,572,5137,220,58034,11893,24578,108083,20442,51914,13169,527,551,65467,2231,1853,1080,2600,9012,1599,57,102722,1468,22,65,6347,6163,35,183628,228,39262,77792,58328,13309,56608,6316,1095,131333,160597,23857,77006,122052,135226,366,254,1071,1044,376,1175,3802,572,700,1249,11036,0.0,0.0,0.0,0.0,0.0,0.0,0.0,0.0,0.0,0.0,0.0,0.0,0.0,0.0,0.0,0.0,0.0,0.0,0.0,0.0,0.0,0.0,0.0,0.0,0.0,0.0,0.0,0.0,0.0,0.0,0.0,0.0,0.0,0.0,0.0,0.0,0.0,0.0,0.0,0.0,0.0,0.0,0.0,0.0,0.0,0.0,0.0,0.0,0.0,0.0,0.0,0.0,0.0,0.0,0.0,0.0,0.0,0.0,0.0,0.0,0.0,0.0,0.0,0.0,0.0,0.0,0.0,0.0,0.0,0.0,0.0,0.0,0.0,0.0,0.0,0.0,0.0,0.0,0.0,0.0,0.0,0.0,0.0,0.0,0.0,0.0,0.0,0.0,0.0,0.0,0.0,0.0,0.0,0.0,0.0,0.0,0.0,0.0,0.0,0.0,0.0,0.0,0.0,0.0,0.0,0.0,0.0,0.0,0.0,0.0,0.0,0.0,0.0,0.0,0.0,0.0,0.0,0.0,0.0,0.0,0.0,0.0,0.0,0.0,0.0,0.0,0.0,0.0,0.0,0.0,0.0,0.0,0.0,0.0,0.0,0.0,0.0,0.0,0.0,0.0,0.0,0.0,0.0,0.0,0.0,0.0,0.0,0.0,0.0,0.0
ENCFF000PEH,0.12210630147030653,40204,176,2585,32742,948,130066,5730,164,480,328,496,2221,4117,6204,11041,33329,3016,448,5743,5329,209,834,115,73,73,661,1107,2736,31337,4046,298,213,449,1462,1294,43,1944,17,10,6913,12598,64,628,35,54,637,5060,21270,150,497,691,1043,579,299,7210,251,357,398,160,709,1133,197,10514,228,836,290,35,40058,41699,8203,866,522,1051,5923,312,1003,407,625,634,162,740,976,4301,398,362,2474,17,639,348,43,1590,300,41,1254,930,10904,172126,11240,86,30170,41166,2313,35761,952,453,6305,1835,1968,30,3118,8156,8048,313,4226,34745,2802,41587,734,2714,2399,8942,1303,54330,1136,6331,3095,848,3225,474,190,33793,10544,729,21562,6213,13140,30273,174,3622,3668,929,3533,22547,596,338,70,141,24,51,2462,358,483,9968,5431,682,3749,30890,2381,610,822,1692,1240,2781,3981,3554,6898,59,167,57,793,42,1324,440,1069,1000,21,0,429,781,833,15829,7654,43281,1910,28015,33661,12747,24523,11793,22884,302,26631,30219,10217,9256,22636,18237,5885,733,212,765,27,403,623,248,58,26,57,3527,316,27082,9706,11028,415,177027,32825,3379,26881,18651,1404,495,36792,16325,46041,4974,45172,141,47253,37,281,627,71,196,733,210,2931,2456,29,491,699,472,652,306,2282,1250,262,233,4171,2897,1845,3127,926,247,510,564,262,255,221,585,781,4524,825,306,1480,1891,1658,8152,14700,675,2022,3350,1154,652,516,450,694,394,237,7952,346,631,5440,283,1362,333,3416,741,762,445,695,179,334,389,1842,1829,586,717,589,2554,1267,628,611,711,2737,18,25,332,434,629,226,16157,254,11035,36,653,134,6786,943,7680,6851,6207,23,2647,59,213,1141,4079,49123,740,2101,1951,958,41,2037,243,470,752,12242,5850,2327,1840,112,353,208,13,100,482,2739,3146,536,3458,380,341,1189,43018,337,1553,128563,410,6099,677,4578,1273,2123,258,462,4273,635,836,889,358,340,258,5817,937,701,887,355,900,1138,26333,35,9130,2391,34,28566,6852,50,368,5530,806,51,5543,636,1438,345,2626,878,20334,2283,603,586,923,298,937,591,1356,181,25,936,32,1746,171,28,249,450,600,854,696,20844,2488,6920,5475,1484,489,959,239,40352,116,15584,1514,13589,1584,256,3017,24,29131,5401,9228,40745,1139,14832,195,208,300,739,382,860,491,1032,7132,792,19,358,743,40,75,4544,4915,13,225,228,26290,34924,24902,6231,36333,4219,298,61015,84683,10980,36300,61232,78434,282,184,515,556,175,600,2250,344,689,627,6495,0.0,0.0,0.0,0.0,0.0,0.0,0.0,0.0,0.0,0.0,0.0,0.0,0.0,0.0,0.0,0.0,0.0,0.0,0.0,0.0,0.0,0.0,0.0,0.0,0.0,0.0,0.0,0.0,0.0,0.0,0.0,0.0,0.0,0.0,0.0,0.0,0.0,0.0,0.0,0.0,0.0,0.0,0.0,0.0,0.0,0.0,0.0,0.0,0.0,0.0,0.0,0.0,0.0,0.0,0.0,0.0,0.0,0.0,0.0,0.0,0.0,0.0,0.0,0.0,0.0,0.0,0.0,0.0,0.0,0.0,0.0,0.0,0.0,0.0,0.0,0.0,0.0,0.0,0.0,0.0,0.0,0.0,0.0,0.0,0.0,0.0,0.0,0.0,0.0,0.0,0.0,0.0,0.0,0.0,0.0,0.0,0.0,0.0,0.0,0.0,0.0,0.0,0.0,0.0,0.0,0.0,0.0,0.0,0.0,0.0,0.0,0.0,0.0,0.0,0.0,0.0,0.0,0.0,0.0,0.0,0.0,0.0,0.0,0.0,0.0,0.0,0.0,0.0,0.0,0.0,0.0,0.0,0.0,0.0,0.0,0.0,0.0,0.0,0.0,0.0,0.0,0.0,0.0,0.0,0.0,0.0,0.0,0.0,0.0,0.0
ENCFF423JMB,0.14408509612095155,7677,87,474,10347,87,19228,3602,78,48,58,128,870,307,1306,3533,4211,439,175,1826,1157,24,144,5,16,18,399,200,846,6008,854,38,10,116,638,543,4,678,13,2,2018,2145,17,102,7,24,217,1574,5913,16,162,396,442,65,48,997,24,82,74,71,166,407,180,3129,101,114,53,13,10616,10035,1121,381,213,414,1022,36,429,165,230,293,84,370,424,620,118,229,988,3,240,185,6,227,62,6,433,279,5902,34324,2188,36,5441,8255,820,7082,412,201,962,359,449,9,707,1462,1599,74,1129,6387,376,6500,31,166,258,1406,75,9640,371,1303,516,111,451,57,21,5830,1396,87,6595,1448,2077,5134,9,1134,1435,352,704,10547,160,38,17,9,4,9,460,69,71,2180,761,52,1196,9970,712,53,431,290,184,574,1111,990,1163,11,24,12,307,8,385,162,418,245,3,8,147,140,399,2382,1183,8547,615,5411,8552,3368,7013,3213,6097,64,5746,7084,1993,1747,6106,4498,1496,249,27,297,12,226,374,26,6,8,26,851,44,10018,2362,1742,198,71628,9209,958,5689,5395,276,104,8263,4802,13676,415,8667,29,8035,3,99,178,5,91,273,102,1126,586,9,207,220,167,302,140,797,431,20,38,1342,856,423,733,480,90,216,239,129,77,62,44,397,1323,296,102,290,753,526,2834,12953,147,698,652,319,271,230,197,272,147,9,2144,162,412,1176,87,444,165,884,419,330,243,297,33,134,143,735,572,262,254,248,541,475,318,182,379,962,4,2,122,216,145,143,2776,52,1749,4,50,27,1399,167,1527,1545,2010,6,681,14,13,649,651,20215,113,492,580,226,4,641,33,93,380,4746,2231,874,365,7,25,24,1,6,183,435,439,225,643,224,160,370,14374,42,486,21441,171,1334,287,1873,295,609,87,36,710,241,341,320,111,110,45,1189,462,325,358,115,386,440,5731,9,3252,337,31,5548,1617,39,85,1793,250,8,1719,211,215,21,1054,317,6205,692,83,210,385,176,257,259,211,206,14,131,9,535,39,18,16,33,167,62,219,5565,178,2083,1047,161,158,220,71,5592,17,2729,345,2014,262,32,509,5,9094,1715,2596,10108,694,4298,38,82,103,287,164,335,207,344,1792,324,7,45,324,31,16,711,705,2,20,11,5717,8426,7006,1743,6883,947,350,14083,19074,2889,8439,14778,16958,40,21,218,182,70,265,165,99,29,158,1499,0.0,0.0,0.0,0.0,0.0,0.0,0.0,0.0,0.0,0.0,0.0,0.0,0.0,0.0,0.0,0.0,0.0,0.0,0.0,0.0,0.0,0.0,0.0,0.0,0.0,0.0,0.0,0.0,0.0,0.0,0.0,0.0,0.0,0.0,0.0,0.0,0.0,0.0,0.0,0.0,0.0,0.0,0.0,0.0,0.0,0.0,0.0,0.0,0.0,0.0,0.0,0.0,0.0,0.0,0.0,0.0,0.0,0.0,0.0,0.0,0.0,0.0,0.0,0.0,0.0,0.0,0.0,0.0,0.0,0.0,0.0,0.0,0.0,0.0,0.0,0.0,0.0,0.0,0.0,0.0,0.0,0.0,0.0,0.0,0.0,0.0,0.0,0.0,0.0,0.0,0.0,0.0,0.0,0.0,0.0,0.0,0.0,0.0,0.0,0.0,0.0,0.0,0.0,0.0,0.0,0.0,0.0,0.0,0.0,0.0,0.0,0.0,0.0,0.0,0.0,0.0,0.0,0.0,0.0,0.0,0.0,0.0,0.0,0.0,0.0,0.0,0.0,0.0,0.0,0.0,0.0,0.0,0.0,0.0,0.0,0.0,0.0,0.0,0.0,0.0,0.0,0.0,0.0,0.0,0.0,0.0,0.0,0.0,0.0,0.0
ENCFF064QXB,0.07205105148457423,13123,24,1074,1432,6,7481,1337,42,95,150,216,390,141,578,377,271,757,224,1083,2045,102,433,42,18,10,253,18,512,1246,2044,176,95,176,164,129,5,623,24,3,3224,5917,181,429,1,3,187,1449,570,1,122,68,72,326,277,4271,117,211,196,36,417,361,1,233,83,117,8,13,10816,16603,4800,98,40,248,3279,150,128,50,44,74,13,47,134,2085,35,45,525,7,57,31,10,749,33,2,380,96,475,70318,4881,32,13757,18082,546,15702,143,39,3321,879,690,2,1416,3837,3827,39,2688,16684,193,4214,4,23,209,3841,8,743,95,2826,1395,429,1975,213,61,19362,1008,11,571,765,6474,15670,4,952,416,107,1584,1898,59,102,17,116,17,13,1232,158,275,4624,2735,372,1616,1110,199,280,112,266,246,1000,1694,1450,3684,24,375,5,55,30,196,27,376,1051,4,0,32,365,99,8263,3689,23572,609,8786,11628,4414,4108,3810,6646,147,13009,14030,6617,4621,11167,8476,1685,238,3,206,13,30,54,137,77,11,8,1607,86,2773,2108,147,18,62529,11372,1199,11832,631,730,200,13930,5204,9399,45,22461,63,23633,64,125,351,25,5,58,98,750,1203,183,21,63,35,46,23,382,158,205,119,1323,968,728,1430,70,13,43,39,25,17,15,392,67,1441,131,28,638,443,334,564,404,77,506,1750,249,64,48,38,56,29,164,3240,29,47,2830,18,518,33,1421,60,83,22,53,321,20,114,275,268,34,48,43,1147,295,75,36,62,638,3,9,18,25,606,29,7891,15,5163,12,333,42,2994,609,3480,2894,2033,5,1092,75,205,101,2316,6145,380,824,806,444,0,348,89,74,339,3719,1140,583,817,14,166,71,2,18,28,139,1134,68,1205,30,40,133,1386,55,262,57125,68,2858,79,709,103,446,38,4,1465,36,97,94,28,39,103,373,134,72,107,58,106,135,12558,64,3532,1122,1,13613,3365,7,175,2067,206,35,2157,49,1820,183,587,92,620,158,216,55,113,30,176,40,822,31,1,539,8,588,704,33,112,201,17,64,155,986,48,530,433,57,86,415,32,22314,5,6827,408,7331,754,132,1524,2,10786,2014,3419,17662,361,676,19,12,15,108,39,120,31,178,549,87,15,126,64,3,5,2367,2558,0,6,148,11177,12627,8484,2013,15635,1897,128,19959,34135,3304,12843,25868,33126,54,76,44,38,8,47,1147,112,270,203,2466,0.0,0.0,0.0,0.0,0.0,0.0,0.0,0.0,0.0,0.0,0.0,0.0,0.0,0.0,0.0,0.0,0.0,0.0,0.0,0.0,0.0,0.0,0.0,0.0,0.0,0.0,0.0,0.0,0.0,0.0,0.0,0.0,0.0,0.0,0.0,0.0,0.0,0.0,0.0,0.0,0.0,0.0,0.0,0.0,0.0,0.0,0.0,0.0,0.0,0.0,0.0,0.0,0.0,0.0,0.0,0.0,0.0,0.0,0.0,0.0,0.0,0.0,0.0,0.0,0.0,0.0,0.0,0.0,0.0,0.0,0.0,0.0,0.0,0.0,0.0,0.0,0.0,0.0,0.0,0.0,0.0,0.0,0.0,0.0,0.0,0.0,0.0,0.0,0.0,0.0,0.0,0.0,0.0,0.0,0.0,0.0,0.0,0.0,0.0,0.0,0.0,0.0,0.0,0.0,0.0,0.0,0.0,0.0,0.0,0.0,0.0,0.0,0.0,0.0,0.0,0.0,0.0,0.0,0.0,0.0,0.0,0.0,0.0,0.0,0.0,0.0,0.0,0.0,0.0,0.0,0.0,0.0,0.0,0.0,0.0,0.0,0.0,0.0,0.0,0.0,0.0,0.0,0.0,0.0,0.0,0.0,0.0,0.0,0.0,0.0
ENCFF001HNP,0.07978962282561133,17737,70,1024,15220,310,52703,3339,93,191,124,618,1026,1866,2861,4336,14476,1280,243,3634,3623,73,259,47,36,40,302,126,1157,12938,1948,131,67,200,695,596,5,740,14,181,3639,4381,25,285,17,24,265,2066,8277,17,189,328,456,183,145,2853,79,134,173,76,379,446,86,4070,105,497,36,12,16286,18410,3484,368,216,394,2097,110,416,171,246,289,69,323,424,1364,142,180,1204,10,281,147,11,524,100,27,1129,421,4789,75043,4539,28,11973,18798,1042,15454,443,231,3193,1020,2816,20,2341,6691,6391,117,2527,14793,1111,15650,235,876,877,3465,353,21160,494,3355,2244,546,1116,143,60,13877,4694,347,8105,2860,5006,11695,47,1510,2216,394,1337,13464,386,80,63,38,16,18,908,126,1316,5300,1890,280,1412,14468,1067,190,424,945,645,1199,4601,4104,2676,66,74,33,334,9,564,177,473,921,6,1,163,274,374,6084,2798,18014,828,12180,13880,5782,9950,5554,9915,128,10895,13264,4097,3640,10389,7233,2368,311,51,443,15,148,299,75,22,20,22,2205,161,12865,4180,5602,157,88858,13433,1127,10666,8046,603,594,14835,7365,19777,1809,20371,67,18917,16,111,567,20,78,353,76,1557,865,282,188,318,165,276,143,966,579,100,97,1637,1299,772,1262,390,85,202,247,105,125,85,184,361,2031,386,122,622,787,812,3277,6396,118,839,1644,465,283,227,178,305,151,53,3187,146,296,2058,110,568,128,1462,275,357,172,279,300,143,294,733,785,268,316,227,903,524,228,236,284,1216,15,17,115,195,496,103,7015,99,6398,13,215,30,2611,403,4417,3472,2854,8,1152,47,81,503,1638,23207,233,826,714,395,8,964,81,198,306,5723,3987,1525,592,16,116,72,2,25,217,993,1581,249,1504,164,191,569,20364,113,628,49905,217,2362,317,1985,242,942,105,91,1438,247,397,391,137,140,98,889,483,300,397,529,395,450,10359,25,3655,830,11,12047,2495,19,110,2058,348,22,2201,258,943,121,1137,402,8564,1148,216,244,408,146,397,261,537,83,10,363,17,1170,109,14,72,142,374,379,294,8192,863,3055,2049,547,206,448,139,20294,26,6080,527,5007,615,121,1083,1,14813,3092,4967,22589,545,5479,85,338,114,248,144,400,207,433,2966,385,12,90,290,18,35,1595,1749,7,35,75,9968,15316,10865,2815,13572,1541,143,23336,34959,4690,15630,25434,30718,147,86,231,204,67,282,1121,123,245,262,3215,0.0,0.0,0.0,0.0,0.0,0.0,0.0,0.0,0.0,0.0,0.0,0.0,0.0,0.0,0.0,0.0,0.0,0.0,0.0,0.0,0.0,0.0,0.0,0.0,0.0,0.0,0.0,0.0,0.0,0.0,0.0,0.0,0.0,0.0,0.0,0.0,0.0,0.0,0.0,0.0,0.0,0.0,0.0,0.0,0.0,0.0,0.0,0.0,0.0,0.0,0.0,0.0,0.0,0.0,0.0,0.0,0.0,0.0,0.0,0.0,0.0,0.0,0.0,0.0,0.0,0.0,0.0,0.0,0.0,0.0,0.0,0.0,0.0,0.0,0.0,0.0,0.0,0.0,0.0,0.0,0.0,0.0,0.0,0.0,0.0,0.0,0.0,0.0,0.0,0.0,0.0,0.0,0.0,0.0,0.0,0.0,0.0,0.0,0.0,0.0,0.0,0.0,0.0,0.0,0.0,0.0,0.0,0.0,0.0,0.0,0.0,0.0,0.0,0.0,0.0,0.0,0.0,0.0,0.0,0.0,0.0,0.0,0.0,0.0,0.0,0.0,0.0,0.0,0.0,0.0,0.0,0.0,0.0,0.0,0.0,0.0,0.0,0.0,0.0,0.0,0.0,0.0,0.0,0.0,0.0,0.0,0.0,0.0,0.0,0.0
ENCFF031OAX,0.13978075306045723,192616,117,1523,26001,222,95956,7358,403,291,186,693,4865,1125,2961,17320,11250,1720,596,3088,5237,116,585,58,130,67,1823,14673,3244,16282,3318,127,58,464,2279,2016,11,2382,31,4,7447,7395,45,172,64,15,602,5692,13255,891,826,1586,1558,143,263,4432,59,289,334,175,1050,3273,114,4267,174,175,3999,484,21915,35455,4538,1345,826,2324,12354,29,1502,713,831,991,253,1427,1538,2046,525,808,4134,17,989,878,7,788,192,21,924,588,8003,123959,7573,148,20880,28262,3271,24847,1528,911,3008,1132,1357,29,2845,6213,7475,147,5605,29393,918,21846,120,515,608,5181,234,32498,1306,6138,2195,239,1617,90,114,25980,2547,5685,8917,3829,42125,21555,459,4291,2963,1403,3297,22703,275,887,34,80,34,18,1475,285,1306,10795,3050,261,3202,25442,1574,238,1599,579,343,2045,3912,4533,5470,69,83,43,1245,37,1430,646,604,202,3,12,540,352,1468,9625,4797,34127,2491,15970,24804,10790,20774,12482,22639,93,19847,24991,9007,7757,20936,15064,3270,878,1262,464,27,831,1411,111,51,22,96,4363,98,23845,7249,3931,240,122798,31112,3754,18479,8824,759,522,24054,13927,32161,2420,35702,126,38749,73,211,947,98,404,1104,351,4301,1866,41,822,752,755,1156,648,2822,1400,315,201,4858,3469,1719,2884,1922,392,1090,960,531,387,257,254,1184,3102,975,390,1241,2695,1851,5526,16776,13255,2590,3014,1281,945,783,764,995,574,61,6367,680,1967,4401,397,1698,638,3669,2067,1281,1210,1137,246,544,451,2901,2190,1182,891,915,2178,1924,1231,724,1208,3097,26,40,459,1003,723,407,12388,295,8235,26,164,89,4459,582,6589,6574,7600,15,2008,235,37,1289,2570,50844,1219,1731,2536,1074,94,2168,60,121,1309,17124,4799,11122,1215,161,310,130,12,120,746,1231,1974,925,3652,732,502,906,35028,269,1847,86543,505,4765,1103,6620,15466,2158,319,1123,7533,983,1260,1366,363,278,96,133811,1795,1221,1222,579,1195,1371,19069,33,12393,1084,23,25016,6173,38,369,5738,996,137,6530,911,1348,253,3898,1120,11660,1180,1865,875,1226,763,828,1130,1202,700,35,857,37,2257,203,510,95,829,350,142,432,24906,777,5546,3085,466,679,892,309,23973,841,10351,1640,8497,1220,64,2153,14,28756,4998,9781,34793,989,10495,106,244,445,1143,689,1113,936,1198,5812,1103,7,100,1171,25,42,2495,2422,15,730,241,19787,25718,20579,5503,24288,3574,468,45405,59142,9527,25405,48262,57695,137,51,789,694,341,1056,509,342,231,663,6443,0.0,0.0,0.0,0.0,0.0,0.0,0.0,0.0,0.0,0.0,0.0,0.0,0.0,0.0,0.0,0.0,0.0,0.0,0.0,0.0,0.0,0.0,0.0,0.0,0.0,0.0,0.0,0.0,0.0,0.0,0.0,0.0,0.0,0.0,0.0,0.0,0.0,0.0,0.0,0.0,0.0,0.0,0.0,0.0,0.0,0.0,0.0,0.0,0.0,0.0,0.0,0.0,0.0,0.0,0.0,0.0,0.0,0.0,0.0,0.0,0.0,0.0,0.0,0.0,0.0,0.0,0.0,0.0,0.0,0.0,0.0,0.0,0.0,0.0,0.0,0.0,0.0,0.0,0.0,0.0,0.0,0.0,0.0,0.0,0.0,0.0,0.0,0.0,0.0,0.0,0.0,0.0,0.0,0.0,0.0,0.0,0.0,0.0,0.0,0.0,0.0,0.0,0.0,0.0,0.0,0.0,0.0,0.0,0.0,0.0,0.0,0.0,0.0,0.0,0.0,0.0,0.0,0.0,0.0,0.0,0.0,0.0,0.0,0.0,0.0,0.0,0.0,0.0,0.0,0.0,0.0,0.0,0.0,0.0,0.0,0.0,0.0,0.0,0.0,0.0,0.0,0.0,0.0,0.0,0.0,0.0,0.0,0.0,0.0,0.0
ENCFF000CXI,0.07082236706766781,441640,2301,4849,44,0,976,462,15,90,14,251,114,27,49,17,2,294,67,216,489,10,55,3,3,0,10,21270,112,17,476,65,448,105,67,55,8,101,0,0,983,987,0,30,0,546,14,259,5,4890,49,80,64,38,346,25207,15,30,46,1,111,22,0,3,5,4,10495,0,2361,48753,3866,32,26,688,1119,45,40,20,33,41,2,27,33,370,22,38,173,2,18,23,0,352,1675,2,18667,17,1,29556,1141,2,29874,4323,77,4512,221,24,838,726,588,0,25157,9347,1236,407,705,16582,9,663,0,0,17,621,0,9,42,1088,412,17,250,25,0,12365,232,6862,149,34,1218,17537,8555,912,50,38,430,104,0,2021,0,5,5,4,191,44,28,988,364,99,226,94,28,913,53,34,46,145,335,364,6739,46,1,1,37,0,52,22,1150,6875,3,0,55,24,38,2231,1262,6918,186,1514,1908,741,424,1681,3287,7,2545,2668,3274,2019,8350,58559,727,43,1513,13,4,38,39,10,0,0,0,401,0,614,390,1,3,306969,2404,1190,6602,61,85,78,1832,872,1351,0,4729,0,4789,12,13,168,0,12,37,23,145,298,0,16,19,17,47,17,82,44,734,12,386,344,120,1630,51,19,25,29,12,25,13,840,57,267,95,19,90,94,63,112,39,26285,125,8125,60,24,19,26,26,16,71,1004,32,54,1025,18,115,24,196,56,35,16,26,11,24,57,126,60,27,32,25,1067,95,32,16,55,159,65,1,17,23,42,1,3371,2,3328,7,27,2,437,40,2541,1487,562,0,173,0,7,97,261,3063,3890,824,790,119,707,147,11,4,139,1521,288,74,106,52,728,1,0,0,23,3,284,13,177,8,10,35,29,928,65,11409,955,536,29,278,30292,172,17,2403,5072,27,113,38,17,9,10,78590,39,47,33,66,28,53,2551,3,642,1246,0,73733,4731,0,24,462,128,0,302,24,218,19,205,33,30,17,2296,26,33,8,37,44,124,2,0,331,0,113,0,28,12,1299,39,0,3,69,3,180,45,30,24,37,33,7449,648,2055,248,808,91,3,401,0,6180,346,567,13159,28,78,7,0,22,48,5903,38,27,46,85,30,0,331,28,0,0,623,369,19,774,1,2043,9292,4071,287,2326,647,24,2900,14681,1490,2540,7088,5814,7,10,24,19,8,24,64,13,422,34,695,0.0,0.0,0.0,0.0,0.0,0.0,0.0,0.0,0.0,0.0,0.0,0.0,0.0,0.0,0.0,0.0,0.0,0.0,0.0,0.0,0.0,0.0,0.0,0.0,0.0,0.0,0.0,0.0,0.0,0.0,0.0,0.0,0.0,0.0,0.0,0.0,0.0,0.0,0.0,0.0,0.0,0.0,0.0,0.0,0.0,0.0,0.0,0.0,0.0,0.0,0.0,0.0,0.0,0.0,0.0,0.0,0.0,0.0,0.0,0.0,0.0,0.0,0.0,0.0,0.0,0.0,0.0,0.0,0.0,0.0,0.0,0.0,0.0,0.0,0.0,0.0,0.0,0.0,0.0,0.0,0.0,0.0,0.0,0.0,0.0,0.0,0.0,0.0,0.0,0.0,0.0,0.0,0.0,0.0,0.0,0.0,0.0,0.0,0.0,0.0,0.0,0.0,0.0,0.0,0.0,0.0,0.0,0.0,0.0,0.0,0.0,0.0,0.0,0.0,0.0,0.0,0.0,0.0,0.0,0.0,0.0,0.0,0.0,0.0,0.0,0.0,0.0,0.0,0.0,0.0,0.0,0.0,0.0,0.0,0.0,0.0,0.0,0.0,0.0,0.0,0.0,0.0,0.0,0.0,0.0,0.0,0.0,0.0,0.0,0.0
ENCFF002DZS,0.19590470761259177,80887,1645,3946,41371,727,81914,8432,355,590,426,750,3798,5416,9167,25600,33392,4118,643,5866,6795,241,903,114,108,124,1097,4201,3763,26223,4710,360,308,838,2185,1896,157,2360,26,26,9388,14418,91,832,72,528,775,7040,32805,532,674,1178,1652,643,410,9573,198,534,519,300,1119,1772,296,13275,807,218,1127,124,53799,65480,9648,1206,799,2018,6835,484,1421,648,949,1043,277,1170,1331,4815,544,602,4175,34,1032,582,34,1688,278,33,2001,1401,13617,222216,14035,111,37022,53773,3127,45705,1321,738,7115,2113,2471,31,4073,10169,10474,288,5040,41704,2957,40042,654,2320,2356,10749,972,68060,1535,7712,3659,1241,3675,725,287,41210,15750,2838,47017,9424,19143,38568,780,5325,3216,1355,4745,38772,374,840,133,160,39,44,2972,390,784,12187,6051,816,4474,45436,4082,721,1334,3025,3078,3939,6656,5756,7168,83,198,110,1131,63,2092,695,1418,663,94,13,826,1025,1191,19868,9403,57227,2691,36448,39952,17182,43003,16068,32371,435,34656,40884,14192,12003,28236,23146,7845,1094,939,996,65,612,1035,239,121,29,54,4918,422,53442,13507,16039,516,440507,42919,4484,35423,24812,1430,665,47888,22140,62388,4923,55069,253,54410,59,375,958,214,323,1074,352,4449,2806,65,775,1070,753,1031,504,2908,1735,327,270,5820,3577,2536,3226,1356,383,772,842,425,412,295,631,1249,6179,1405,474,2126,2765,2526,13170,38866,2754,2823,4053,1656,895,743,771,1063,579,251,9961,604,948,6599,418,1872,468,4904,1212,1150,671,1069,333,551,698,2827,2730,964,1072,870,3051,1815,918,911,1052,4624,26,42,471,733,631,297,18871,156,12474,27,626,104,7875,967,8845,7816,8527,29,3408,210,294,1692,5126,83509,1057,2798,2563,1279,230,3091,279,494,863,17614,7080,3951,1877,89,296,153,14,47,781,2557,2979,682,4429,581,534,1893,63497,612,2444,152661,1018,7316,1105,6137,4519,2910,391,2008,8162,926,1212,1262,440,466,385,22219,1394,1089,1233,584,1301,1491,32286,137,12737,2912,53,33276,7822,36,381,6787,1028,75,7712,962,1589,423,3635,1339,16850,3486,1169,944,1293,517,1439,1105,1626,707,24,1273,34,2144,196,84,267,871,559,829,893,36162,2121,10836,6120,1538,587,1140,254,47581,453,19266,2465,16153,1910,424,3629,42,39522,7288,12194,53993,2502,25835,364,198,408,1226,1370,1315,857,1896,8325,1229,60,691,1164,76,58,5336,5576,36,872,249,31635,47793,35080,8586,46429,5141,357,96153,110125,14833,49723,81495,99646,382,254,871,800,231,929,1716,411,563,893,7895,0.0,0.0,0.0,0.0,0.0,0.0,0.0,0.0,0.0,0.0,0.0,0.0,0.0,0.0,0.0,0.0,0.0,0.0,0.0,0.0,0.0,0.0,0.0,0.0,0.0,0.0,0.0,0.0,0.0,0.0,0.0,0.0,0.0,0.0,0.0,0.0,0.0,0.0,0.0,0.0,0.0,0.0,0.0,0.0,0.0,0.0,0.0,0.0,0.0,0.0,0.0,0.0,0.0,0.0,0.0,0.0,0.0,0.0,0.0,0.0,0.0,0.0,0.0,0.0,0.0,0.0,0.0,0.0,0.0,0.0,0.0,0.0,0.0,0.0,0.0,0.0,0.0,0.0,0.0,0.0,0.0,0.0,0.0,0.0,0.0,0.0,0.0,0.0,0.0,0.0,0.0,0.0,0.0,0.0,0.0,0.0,0.0,0.0,0.0,0.0,0.0,0.0,0.0,0.0,0.0,0.0,0.0,0.0,0.0,0.0,0.0,0.0,0.0,0.0,0.0,0.0,0.0,0.0,0.0,0.0,0.0,0.0,0.0,0.0,0.0,0.0,0.0,0.0,0.0,0.0,0.0,0.0,0.0,0.0,0.0,0.0,0.0,0.0,0.0,0.0,0.0,0.0,0.0,0.0,0.0,0.0,0.0,0.0,0.0,0.0
ENCFF085HHB,0.12944493027366205,509935,89,3860,43734,435,105818,13239,693,617,428,1038,6635,2818,4946,20228,20163,2567,1850,5268,7463,167,956,138,217,186,2435,38601,5836,24753,5367,231,89,787,4178,4119,40,4772,91,11,10457,13581,264,671,161,27,1217,10995,27587,2325,1262,2843,2907,248,494,7435,133,611,383,564,1989,3730,209,6732,155,509,10077,453,38881,66721,7572,2565,1425,3861,8153,97,2941,1278,1478,1882,480,2413,2886,3757,852,1443,7430,90,1730,1561,52,1775,840,104,2957,1021,6608,200247,11021,215,31735,52205,5709,43829,3189,1456,6037,2668,3519,99,5470,10517,12750,907,7459,50981,1705,36439,143,722,1037,8693,516,62702,2372,8149,3350,768,2880,217,167,41023,5220,12271,16988,6483,17785,39534,1270,7685,3852,2571,5784,40314,985,2443,62,198,156,29,2600,715,1070,14514,5043,485,5225,41311,2591,463,3135,4870,3592,3733,5578,7148,8518,123,293,85,2264,117,2530,1107,2658,1115,13,16,926,612,2757,15663,8230,56612,4205,24113,40415,15788,28759,20249,36632,377,34060,43638,13331,12937,34675,24236,6020,1474,2603,338,30,1483,2512,263,113,71,80,5916,300,40255,10105,6628,764,172624,39929,6967,27661,13354,1842,999,38513,16673,43785,1973,55798,179,55496,154,369,1616,117,686,2025,490,7585,3078,97,1544,1418,1309,2210,1179,5313,2566,207,286,8516,5837,2960,4346,3486,706,1894,1782,1053,648,502,407,2196,5879,1182,775,2146,5332,3504,10151,45690,34976,4917,4995,2321,1826,1574,1464,1947,1086,98,12207,1247,3527,8020,786,3150,1296,6206,3748,2457,2114,1964,293,934,743,5136,3757,2080,1688,1632,3689,3391,2312,1330,2320,5074,43,30,910,1709,1281,699,18050,626,13186,60,214,156,7929,882,10684,10054,10102,154,3623,453,184,1849,3848,74069,2714,2911,4652,1570,365,4025,116,1452,2323,30417,6824,8126,2283,174,371,418,46,327,1294,1732,2952,1741,7048,1294,979,1874,64572,462,3573,158477,800,9006,2152,11956,42380,3736,638,2824,19028,1635,2517,2528,604,563,160,378418,3544,2367,2356,767,2198,2654,36216,334,22152,1820,157,42085,11601,53,671,8573,1568,318,12107,1560,1630,438,7198,2125,37049,1963,5044,1575,2369,1228,1686,1910,1884,1198,80,1831,134,3738,414,404,168,2379,667,184,936,32364,873,8944,4118,635,1099,1521,580,45075,2001,15984,2646,13578,2634,58,3421,26,53919,9251,15317,60810,2129,20986,220,577,888,2105,1220,2252,1733,1994,6784,1961,21,215,2078,69,116,4274,3917,30,1848,242,37312,42523,33177,9078,40967,6609,709,72680,106710,14996,41631,83280,101724,214,74,1467,1354,571,1997,1164,966,335,1117,9662,0.0,0.0,0.0,0.0,0.0,0.0,0.0,0.0,0.0,0.0,0.0,0.0,0.0,0.0,0.0,0.0,0.0,0.0,0.0,0.0,0.0,0.0,0.0,0.0,0.0,0.0,0.0,0.0,0.0,0.0,0.0,0.0,0.0,0.0,0.0,0.0,0.0,0.0,0.0,0.0,0.0,0.0,0.0,0.0,0.0,0.0,0.0,0.0,0.0,0.0,0.0,0.0,0.0,0.0,0.0,0.0,0.0,0.0,0.0,0.0,0.0,0.0,0.0,0.0,0.0,0.0,0.0,0.0,0.0,0.0,0.0,0.0,0.0,0.0,0.0,0.0,0.0,0.0,0.0,0.0,0.0,0.0,0.0,0.0,0.0,0.0,0.0,0.0,0.0,0.0,0.0,0.0,0.0,0.0,0.0,0.0,0.0,0.0,0.0,0.0,0.0,0.0,0.0,0.0,0.0,0.0,0.0,0.0,0.0,0.0,0.0,0.0,0.0,0.0,0.0,0.0,0.0,0.0,0.0,0.0,0.0,0.0,0.0,0.0,0.0,0.0,0.0,0.0,0.0,0.0,0.0,0.0,0.0,0.0,0.0,0.0,0.0,0.0,0.0,0.0,0.0,0.0,0.0,0.0,0.0,0.0,0.0,0.0,0.0,0.0
ENCFF000WQK,0.0673042549741655,5269,44,349,3780,71,8201,1089,37,58,29,61,308,515,1002,2394,3044,420,47,527,479,30,76,10,12,4,107,334,313,2023,335,21,28,50,200,196,5,182,0,3,734,1071,6,56,3,10,98,571,2187,25,87,100,144,47,46,638,14,32,45,18,69,148,43,1156,66,64,101,15,4509,4152,711,132,71,143,647,19,134,53,93,92,26,106,149,351,58,52,349,3,92,44,3,123,10,1,116,133,1250,15720,1071,12,2859,4070,245,3338,110,70,484,144,156,5,275,800,743,21,467,3077,302,2529,58,248,241,774,119,3493,148,585,246,99,340,41,15,2908,1592,649,2237,1010,1458,2595,59,488,306,97,361,4179,74,44,11,12,12,6,188,33,95,981,499,76,400,3812,392,32,102,106,130,281,442,370,553,10,9,1,107,3,181,61,203,318,8,1,68,92,104,1458,650,4117,260,2758,3076,1320,2662,1263,2681,30,2695,3001,1020,925,2261,1806,724,83,78,65,4,53,81,21,5,3,7,348,37,3527,1181,1394,17,26571,3315,345,2681,2419,129,50,3945,1737,5443,533,4264,18,4092,8,38,117,54,24,85,37,341,177,2,74,90,71,78,44,272,158,22,34,419,304,189,274,132,44,80,78,55,44,26,49,120,480,123,37,173,236,211,1386,2343,191,232,313,141,66,56,54,98,57,8,722,45,64,496,40,153,49,349,94,121,74,97,18,53,48,313,240,84,108,84,234,130,82,80,103,323,2,3,39,45,60,27,1344,14,956,2,52,8,568,99,646,685,690,3,235,12,18,164,354,6506,78,249,209,103,18,229,20,23,65,1450,603,338,161,4,22,12,0,4,67,130,254,94,340,67,52,138,5266,56,212,11244,46,587,104,521,353,271,36,121,540,110,111,81,43,44,16,1202,126,99,108,38,118,127,2387,6,997,259,1,2538,734,2,21,625,91,1,627,71,123,30,288,114,1759,325,72,102,92,34,119,80,104,89,2,114,3,205,16,3,78,44,43,84,63,2971,213,1022,585,134,56,125,14,3652,43,1414,227,1192,129,18,289,1,3127,581,1005,4239,197,1701,37,27,33,86,68,133,65,169,537,116,3,44,147,9,2,395,398,3,51,22,2376,3718,2885,710,3294,443,71,6807,8511,1218,3818,6367,7643,37,26,77,92,23,94,159,26,64,75,633,0.0,0.0,0.0,0.0,0.0,0.0,0.0,0.0,0.0,0.0,0.0,0.0,0.0,0.0,0.0,0.0,0.0,0.0,0.0,0.0,0.0,0.0,0.0,0.0,0.0,0.0,0.0,0.0,0.0,0.0,0.0,0.0,0.0,0.0,0.0,0.0,0.0,0.0,0.0,0.0,0.0,0.0,0.0,0.0,0.0,0.0,0.0,0.0,0.0,0.0,0.0,0.0,0.0,0.0,0.0,0.0,0.0,0.0,0.0,0.0,0.0,0.0,0.0,0.0,0.0,0.0,0.0,0.0,0.0,0.0,0.0,0.0,0.0,0.0,0.0,0.0,0.0,0.0,0.0,0.0,0.0,0.0,0.0,0.0,0.0,0.0,0.0,0.0,0.0,0.0,0.0,0.0,0.0,0.0,0.0,0.0,0.0,0.0,0.0,0.0,0.0,0.0,0.0,0.0,0.0,0.0,0.0,0.0,0.0,0.0,0.0,0.0,0.0,0.0,0.0,0.0,0.0,0.0,0.0,0.0,0.0,0.0,0.0,0.0,0.0,0.0,0.0,0.0,0.0,0.0,0.0,0.0,0.0,0.0,0.0,0.0,0.0,0.0,0.0,0.0,0.0,0.0,0.0,0.0,0.0,0.0,0.0,0.0,0.0,0.0
ENCFF002EBT,0.16733345861970547,47120,227,3829,37339,815,100732,5687,361,568,329,609,3706,4747,10392,22636,32333,3762,521,6482,6164,143,751,68,63,74,985,1492,3755,30136,3882,252,172,507,2208,2083,78,2178,24,20,7726,10930,54,708,62,86,716,6426,23363,198,604,1247,1716,497,296,6282,193,365,405,176,740,1742,657,14496,286,463,396,103,53147,51583,6933,1268,826,1538,5078,332,1420,623,963,1081,248,1256,1336,3706,572,680,4258,17,1041,632,21,1286,425,74,1163,1641,21001,175126,10737,99,28904,40589,2907,34917,1358,743,5130,1515,1648,31,2711,7217,7367,87,4515,31436,2938,37906,554,2356,2462,9087,1004,51732,1564,5993,2953,748,2542,407,148,30626,14165,3678,29135,9696,11292,28174,479,4933,3932,1360,3796,43099,331,406,136,103,36,39,2399,424,586,10716,4853,685,5073,39600,3855,475,1408,1463,1191,3198,4287,3721,5059,80,122,63,1202,32,2005,685,1009,5841,44,5,687,751,1242,14981,7284,43860,2478,30885,34895,15456,33224,14056,30406,298,28674,33827,10390,9155,24103,19026,6265,995,522,985,68,614,1032,184,75,23,33,3893,383,53053,13146,12775,274,214173,40952,3949,29402,26913,1155,602,43397,20428,65066,4946,43550,189,43660,47,311,757,183,374,1161,220,4132,2318,29,818,1036,774,1115,487,2884,1700,200,256,5227,3154,2161,2643,1450,451,807,921,454,422,308,480,1368,5695,1383,473,1927,2606,2552,11699,36319,1067,2591,2890,1606,1027,764,745,1174,644,145,7724,530,1062,5381,440,1776,465,4194,1308,1187,750,1111,212,565,592,2731,2765,895,1120,813,2460,1734,926,947,1166,4415,26,34,441,733,498,414,14180,191,9422,20,522,44,6748,733,7091,6652,7982,40,2939,144,174,1633,3865,78407,707,2062,2313,1161,91,3144,246,531,687,16213,7493,3597,1383,36,156,140,33,46,794,1612,2764,637,4406,610,591,1982,51542,447,2407,128038,622,6011,1172,6337,1958,2840,328,692,4708,992,1165,1277,436,501,277,8059,1422,1158,1270,466,1332,1450,25641,87,11263,2390,32,26437,7975,27,248,5992,869,60,7286,1034,1207,327,3438,1288,19178,3748,760,948,1360,492,1444,1012,1300,929,24,1101,27,1971,97,38,190,471,538,851,886,34888,2199,10709,6251,1457,627,830,302,36027,209,15705,2129,12398,1441,386,2851,36,31609,5869,10520,44369,2497,18138,315,299,424,1097,516,1257,915,1583,9530,1184,40,377,1255,27,38,3937,4286,12,469,174,27111,45715,33740,8576,38005,4402,560,74154,99284,14836,46861,72274,85886,315,202,860,925,267,1002,1195,332,466,768,7237,0.0,0.0,0.0,0.0,0.0,0.0,0.0,0.0,0.0,0.0,0.0,0.0,0.0,0.0,0.0,0.0,0.0,0.0,0.0,0.0,0.0,0.0,0.0,0.0,0.0,0.0,0.0,0.0,0.0,0.0,0.0,0.0,0.0,0.0,0.0,0.0,0.0,0.0,0.0,0.0,0.0,0.0,0.0,0.0,0.0,0.0,0.0,0.0,0.0,0.0,0.0,0.0,0.0,0.0,0.0,0.0,0.0,0.0,0.0,0.0,0.0,0.0,0.0,0.0,0.0,0.0,0.0,0.0,0.0,0.0,0.0,0.0,0.0,0.0,0.0,0.0,0.0,0.0,0.0,0.0,0.0,0.0,0.0,0.0,0.0,0.0,0.0,0.0,0.0,0.0,0.0,0.0,0.0,0.0,0.0,0.0,0.0,0.0,0.0,0.0,0.0,0.0,0.0,0.0,0.0,0.0,0.0,0.0,0.0,0.0,0.0,0.0,0.0,0.0,0.0,0.0,0.0,0.0,0.0,0.0,0.0,0.0,0.0,0.0,0.0,0.0,0.0,0.0,0.0,0.0,0.0,0.0,0.0,0.0,0.0,0.0,0.0,0.0,0.0,0.0,0.0,0.0,0.0,0.0,0.0,0.0,0.0,0.0,0.0,0.0
ENCFF117PYQ,0.15493120717551997,144865,860,2284,12079,150,23979,3195,122,144,102,495,1865,1078,2009,7206,8321,1185,192,2540,2396,96,356,32,44,41,436,11032,1193,11247,1723,136,462,329,736,630,264,755,16,48,4238,5161,17,274,20,337,301,2346,8201,1798,193,388,487,259,188,3842,68,164,160,139,381,945,160,4888,88,325,3357,191,19243,20079,4021,412,235,2753,3388,118,449,177,285,306,58,348,450,1693,132,187,1385,11,320,173,11,799,84,14,707,448,5437,79283,5039,30,13139,19643,987,16746,503,207,2755,811,884,13,1754,3922,4070,92,1904,16598,736,8299,113,394,568,3737,211,10328,476,2621,1300,423,1289,170,73,15438,3239,7316,8245,2289,8278,13016,2015,1966,1500,473,2878,15428,244,1877,20,52,37,18,1005,140,742,4285,2129,286,1957,12256,1159,211,425,923,1012,1376,1921,1654,3916,18,75,24,377,10,698,210,817,1923,162,1,874,347,401,7325,3365,25583,942,11780,14060,6235,11122,5704,11038,117,13507,15654,6073,4422,11603,8628,3376,398,2356,358,27,188,326,82,29,123,28,1727,96,14863,4519,2818,145,181992,16825,2743,12276,8661,567,299,16883,8614,22463,939,22656,61,23149,20,146,552,427,100,359,230,1538,1176,24,225,315,200,334,134,945,576,424,106,1959,1374,885,1953,457,113,228,284,118,119,95,307,413,2266,415,140,749,899,836,4678,10872,6446,898,2041,510,289,244,202,345,191,208,4857,180,304,2798,116,625,131,2017,403,397,232,327,348,165,375,878,875,279,320,288,1135,576,290,273,351,1442,13,10,134,207,320,97,7329,84,5030,7,236,30,2980,427,3834,2849,3372,17,1323,33,91,857,1877,22192,1096,1896,1001,509,642,1110,97,157,464,7101,3106,2552,672,16,145,39,7,23,231,422,1095,242,1660,166,173,1044,16510,679,831,57249,390,2675,359,2045,12385,1011,111,5494,13906,273,421,412,112,145,255,62283,433,375,383,274,457,496,11737,33,4265,1062,32,13129,3304,12,132,2688,624,21,2707,309,814,145,1269,410,4972,1045,2284,283,454,132,457,317,690,419,14,505,21,892,243,13,82,1484,357,196,422,11525,382,3282,1695,282,223,435,119,18909,913,8772,2517,5931,666,132,1284,44,14940,2838,5041,25021,844,6237,255,218,134,961,805,405,252,734,4105,371,21,1327,311,22,24,1945,2036,22,2316,95,11870,17840,12846,3080,16070,1893,298,26898,42045,5677,17803,29724,36321,91,79,244,232,72,318,744,128,218,324,2728,0.0,0.0,0.0,0.0,0.0,0.0,0.0,0.0,0.0,0.0,0.0,0.0,0.0,0.0,0.0,0.0,0.0,0.0,0.0,0.0,0.0,0.0,0.0,0.0,0.0,0.0,0.0,0.0,0.0,0.0,0.0,0.0,0.0,0.0,0.0,0.0,0.0,0.0,0.0,0.0,0.0,0.0,0.0,0.0,0.0,0.0,0.0,0.0,0.0,0.0,0.0,0.0,0.0,0.0,0.0,0.0,0.0,0.0,0.0,0.0,0.0,0.0,0.0,0.0,0.0,0.0,0.0,0.0,0.0,0.0,0.0,0.0,0.0,0.0,0.0,0.0,0.0,0.0,0.0,0.0,0.0,0.0,0.0,0.0,0.0,0.0,0.0,0.0,0.0,0.0,0.0,0.0,0.0,0.0,0.0,0.0,0.0,0.0,0.0,0.0,0.0,0.0,0.0,0.0,0.0,0.0,0.0,0.0,0.0,0.0,0.0,0.0,0.0,0.0,0.0,0.0,0.0,0.0,0.0,0.0,0.0,0.0,0.0,0.0,0.0,0.0,0.0,0.0,0.0,0.0,0.0,0.0,0.0,0.0,0.0,0.0,0.0,0.0,0.0,0.0,0.0,0.0,0.0,0.0,0.0,0.0,0.0,0.0,0.0,0.0
ENCFF001HXB,0.10218690883790148,19389,83,1040,7156,145,21616,2751,51,108,107,629,935,786,1903,3528,5312,849,142,2523,3296,156,213,17,32,14,237,292,824,7355,2180,77,49,142,485,496,13,714,8,138,3117,3653,27,187,6,35,217,1611,3291,87,139,203,312,155,134,3011,50,110,127,50,253,395,149,3581,237,130,97,26,14196,15130,3698,291,193,390,1713,137,372,100,175,241,52,229,350,1164,91,151,994,6,193,104,3,484,60,13,538,289,5368,55829,3589,50,9579,17475,887,13492,353,146,2918,993,3552,5,2143,7108,6569,85,2283,14410,622,5553,59,310,435,2770,133,6843,388,3500,2299,339,954,128,59,15410,2709,1513,6487,1749,5177,10602,88,1268,1238,369,1081,11603,197,98,78,39,17,8,725,110,1723,4379,1604,256,1217,7528,807,153,349,534,433,972,2992,2090,2547,53,67,15,237,12,444,114,244,993,8,2,96,294,317,5488,2410,16799,642,8181,10587,5171,8408,5425,8438,78,11151,13911,4066,3288,10650,6370,2183,254,80,388,32,123,218,69,22,21,27,1943,100,9997,3392,2010,105,132476,11238,916,9228,6283,434,586,11730,5716,16320,605,20773,68,17792,17,103,552,44,69,295,111,1468,741,601,143,227,138,223,98,813,440,100,64,1323,1249,675,1738,300,61,155,203,82,78,50,171,291,1927,329,74,489,720,683,2603,6278,210,607,1785,331,265,184,154,218,134,64,2510,113,190,1782,96,430,87,1248,214,267,132,214,550,108,251,553,522,173,217,151,799,389,195,173,202,935,3,4,80,160,571,87,7120,49,6678,4,182,16,2057,419,4749,3044,2269,41,1009,28,56,402,1950,16173,228,873,746,333,13,786,72,131,237,5066,2844,1033,490,20,77,20,5,8,175,382,874,215,1210,118,102,455,9895,88,515,43391,200,2016,246,1608,391,740,81,275,1374,154,337,349,92,98,81,2456,403,287,360,244,358,386,9807,16,3071,686,22,10610,2362,22,77,1906,264,26,1684,191,1092,117,960,290,4634,948,179,177,342,134,321,208,618,140,21,315,16,1353,62,23,83,134,309,141,302,7041,266,2244,1110,225,139,879,96,20725,48,5882,511,4252,454,101,880,13,14468,3205,4890,23337,577,4360,63,78,94,208,118,359,178,472,2006,288,15,105,220,4,14,1332,1623,0,108,53,8291,13502,10359,2121,11626,1363,260,20854,31771,4423,14077,22040,26456,68,53,178,164,53,211,1071,99,158,155,2771,0.0,0.0,0.0,0.0,0.0,0.0,0.0,0.0,0.0,0.0,0.0,0.0,0.0,0.0,0.0,0.0,0.0,0.0,0.0,0.0,0.0,0.0,0.0,0.0,0.0,0.0,0.0,0.0,0.0,0.0,0.0,0.0,0.0,0.0,0.0,0.0,0.0,0.0,0.0,0.0,0.0,0.0,0.0,0.0,0.0,0.0,0.0,0.0,0.0,0.0,0.0,0.0,0.0,0.0,0.0,0.0,0.0,0.0,0.0,0.0,0.0,0.0,0.0,0.0,0.0,0.0,0.0,0.0,0.0,0.0,0.0,0.0,0.0,0.0,0.0,0.0,0.0,0.0,0.0,0.0,0.0,0.0,0.0,0.0,0.0,0.0,0.0,0.0,0.0,0.0,0.0,0.0,0.0,0.0,0.0,0.0,0.0,0.0,0.0,0.0,0.0,0.0,0.0,0.0,0.0,0.0,0.0,0.0,0.0,0.0,0.0,0.0,0.0,0.0,0.0,0.0,0.0,0.0,0.0,0.0,0.0,0.0,0.0,0.0,0.0,0.0,0.0,0.0,0.0,0.0,0.0,0.0,0.0,0.0,0.0,0.0,0.0,0.0,0.0,0.0,0.0,0.0,0.0,0.0,0.0,0.0,0.0,0.0,0.0,0.0
ENCFF158QWF,0.1330002437821934,152972,482,3718,25836,317,42283,7001,223,332,239,552,2525,2314,6192,16765,13028,2458,392,5407,4519,154,567,78,61,62,829,10887,2550,15818,3183,192,559,399,1432,1273,303,1519,18,24,6568,9194,36,603,41,129,562,4526,17039,1498,476,733,1128,385,292,6291,180,295,353,160,557,1111,453,11394,249,479,2719,86,40176,42480,6692,845,510,2952,5973,265,968,370,624,675,162,805,893,3098,342,369,2801,11,670,383,14,1178,216,37,1150,1012,16669,143603,9123,188,24011,33695,1939,29553,937,495,4471,1351,1478,15,2834,6463,6404,149,3534,28075,1588,18860,241,992,1326,7059,380,26708,1012,4915,2421,869,2409,271,115,27426,8794,5693,13766,5565,15233,23097,2269,3544,2821,897,3890,41751,491,1857,88,102,37,27,1856,269,574,8137,3819,531,3384,26892,2528,354,919,1736,1586,2616,3392,2983,5490,88,116,49,784,13,1373,459,1439,560,202,7,968,826,821,12657,5823,39811,1809,22109,26668,12383,25109,10711,21153,245,22926,26815,9623,7584,19814,15533,5715,731,2243,845,75,385,658,162,65,23,38,3159,248,28163,9067,6836,249,242521,31157,3997,22365,18718,918,515,33674,16883,47594,2140,37285,130,36993,41,403,727,178,214,732,456,2947,2138,36,472,714,443,705,267,1953,1182,543,194,3757,2482,1621,2426,891,239,475,546,271,257,161,543,818,4559,947,276,1439,1884,1874,8776,19633,7142,1800,2828,1016,679,581,485,731,421,201,7441,338,596,4912,267,1367,279,3238,821,757,440,692,565,304,624,1843,1766,619,678,532,2063,1189,568,584,712,3121,20,25,305,461,471,197,11890,138,8651,22,452,256,5254,647,5779,5545,5848,34,2294,74,151,1363,3178,53730,1069,2686,1866,951,685,2278,151,254,617,12699,5940,2434,1202,36,419,101,15,15,523,1377,2058,510,2902,395,325,1204,34100,731,1679,98346,508,4785,757,4330,11409,2030,202,4886,13852,605,788,933,259,308,334,57705,958,685,862,405,911,1043,21285,50,8366,1963,52,28622,5662,36,265,5318,768,29,5458,581,1764,265,2499,853,16058,2858,1704,558,910,363,883,647,1206,796,29,868,21,1706,207,60,179,1529,701,447,738,24946,915,6605,3657,684,419,805,218,32263,962,12672,2895,10503,1069,317,2306,24,28467,5017,8444,40296,2045,13361,377,303,221,1394,506,932,560,1265,6376,816,23,1143,781,43,28,3437,3330,12,2115,125,21355,34378,24228,5972,30359,3634,753,56694,77564,10343,35412,55924,65919,202,152,584,522,158,608,1156,255,423,616,5363,0.0,0.0,0.0,0.0,0.0,0.0,0.0,0.0,0.0,0.0,0.0,0.0,0.0,0.0,0.0,0.0,0.0,0.0,0.0,0.0,0.0,0.0,0.0,0.0,0.0,0.0,0.0,0.0,0.0,0.0,0.0,0.0,0.0,0.0,0.0,0.0,0.0,0.0,0.0,0.0,0.0,0.0,0.0,0.0,0.0,0.0,0.0,0.0,0.0,0.0,0.0,0.0,0.0,0.0,0.0,0.0,0.0,0.0,0.0,0.0,0.0,0.0,0.0,0.0,0.0,0.0,0.0,0.0,0.0,0.0,0.0,0.0,0.0,0.0,0.0,0.0,0.0,0.0,0.0,0.0,0.0,0.0,0.0,0.0,0.0,0.0,0.0,0.0,0.0,0.0,0.0,0.0,0.0,0.0,0.0,0.0,0.0,0.0,0.0,0.0,0.0,0.0,0.0,0.0,0.0,0.0,0.0,0.0,0.0,0.0,0.0,0.0,0.0,0.0,0.0,0.0,0.0,0.0,0.0,0.0,0.0,0.0,0.0,0.0,0.0,0.0,0.0,0.0,0.0,0.0,0.0,0.0,0.0,0.0,0.0,0.0,0.0,0.0,0.0,0.0,0.0,0.0,0.0,0.0,0.0,0.0,0.0,0.0,0.0,0.0
ENCFF655ROQ,0.12443905137472001,153393,134,5522,77455,1052,224541,21328,1042,1088,617,1424,10044,5176,9323,31395,45798,4256,2538,11198,10678,267,1434,162,469,451,3493,8329,8681,41026,7885,340,98,1055,6171,6212,62,6904,176,20,15738,19611,607,1005,341,65,1744,15731,43536,510,1907,4128,4357,312,862,10277,256,845,773,957,3150,6055,476,13809,397,742,2307,757,63643,100291,10659,3777,2187,5298,11406,157,4244,2013,2228,2669,718,3630,4135,5100,1298,2263,10758,126,2636,2355,107,2590,1425,216,4986,1562,13465,283209,15142,360,44091,72037,8402,61152,4478,2110,8408,3979,5085,187,7946,14856,18040,1781,10803,72645,3084,94410,380,1897,2081,12298,1028,159550,3720,11653,5084,1453,3984,382,345,56186,9715,3590,28410,12565,24092,53864,315,11344,10693,3754,6631,85436,1649,706,161,291,173,93,3893,1248,1670,20710,6965,766,8062,72152,4270,756,4518,8681,6841,5133,7901,9283,11535,147,454,152,3254,233,3878,1738,3466,1513,22,34,1280,931,3932,21201,11327,74351,6077,37736,64138,23622,46672,29508,52631,575,47964,61927,17327,17952,48956,32981,8609,2135,569,722,41,2224,3636,325,162,158,199,8568,496,51595,13441,14040,822,243569,57538,7038,39804,24089,2748,1287,56684,25976,73096,4552,78147,237,76110,281,500,2447,213,1118,2877,629,10907,4317,172,2178,2066,1929,3270,1721,7493,3802,315,485,11846,8498,4369,6222,5105,926,2906,2578,1572,948,735,617,3144,8476,1797,1205,3133,7543,5177,15251,77826,8118,7124,6891,3443,2685,2100,2001,2809,1597,147,19276,1901,5047,11164,1176,4383,1693,8726,5460,3306,2969,2869,351,1373,1059,7765,5577,2996,2417,2393,5258,4940,3350,1980,3484,7357,63,69,1301,2610,1552,938,24162,1033,17762,92,376,182,11037,1231,14731,14036,14934,237,5211,799,249,3560,5550,138018,1187,4006,6457,2096,120,5993,306,2767,3285,42947,13648,13613,3057,424,500,829,73,598,1896,2498,4175,2558,10186,2009,1478,3304,123929,453,5233,216750,1144,12185,3027,17411,9883,5297,903,633,8768,2452,3727,3667,955,844,217,76746,5021,3356,3454,1141,3251,3867,52266,662,31674,2843,321,59142,15873,64,919,11785,2443,620,17211,2404,2454,632,10542,3261,62213,3005,1580,2477,3388,1984,2250,2868,3036,1865,195,2702,274,5553,701,470,311,633,1425,459,1571,55264,2056,13749,7421,1372,1596,2374,1139,64212,486,22204,3199,17951,4699,112,4784,48,75614,13475,21953,86592,3313,36302,290,922,1341,3164,1794,3124,2392,2962,11352,3090,35,263,3040,128,286,5709,5439,53,454,320,50923,59696,46900,12208,56130,8881,1441,105428,148376,20525,59550,114697,140145,376,128,2139,1937,939,2770,1634,1600,604,1659,14123,0.0,0.0,0.0,0.0,0.0,0.0,0.0,0.0,0.0,0.0,0.0,0.0,0.0,0.0,0.0,0.0,0.0,0.0,0.0,0.0,0.0,0.0,0.0,0.0,0.0,0.0,0.0,0.0,0.0,0.0,0.0,0.0,0.0,0.0,0.0,0.0,0.0,0.0,0.0,0.0,0.0,0.0,0.0,0.0,0.0,0.0,0.0,0.0,0.0,0.0,0.0,0.0,0.0,0.0,0.0,0.0,0.0,0.0,0.0,0.0,0.0,0.0,0.0,0.0,0.0,0.0,0.0,0.0,0.0,0.0,0.0,0.0,0.0,0.0,0.0,0.0,0.0,0.0,0.0,0.0,0.0,0.0,0.0,0.0,0.0,0.0,0.0,0.0,0.0,0.0,0.0,0.0,0.0,0.0,0.0,0.0,0.0,0.0,0.0,0.0,0.0,0.0,0.0,0.0,0.0,0.0,0.0,0.0,0.0,0.0,0.0,0.0,0.0,0.0,0.0,0.0,0.0,0.0,0.0,0.0,0.0,0.0,0.0,0.0,0.0,0.0,0.0,0.0,0.0,0.0,0.0,0.0,0.0,0.0,0.0,0.0,0.0,0.0,0.0,0.0,0.0,0.0,0.0,0.0,0.0,0.0,0.0,0.0,0.0,0.0
ENCFF837KRM,0.25531727208347677,561480,16423,31458,249635,5917,521553,69521,2125,3240,3426,21524,54433,19420,37039,130171,114945,25522,6258,78277,61983,3223,11625,949,1531,1339,6375,23087,19560,116217,48105,3859,2596,6571,10270,9144,427,18275,487,2739,91724,145494,976,8012,115,6653,6760,46507,155236,2045,4192,2410,6162,7494,6772,100986,2383,5799,4615,3280,9999,33751,1795,96523,5210,6278,5276,10320,436596,479055,111671,5498,3012,11537,92601,4694,6435,2460,3496,4198,828,4211,7007,48718,2107,2002,18416,256,3839,2497,272,20464,3136,790,16292,5847,141380,1935879,142223,601,371961,500602,18915,425771,7603,2631,77441,22948,26412,249,40992,101302,107521,3864,42714,411491,20934,267125,4406,19386,16169,98717,8781,342114,6572,74962,38794,13063,40931,4659,1589,451911,59503,12561,157837,42702,177927,388233,3140,44659,40898,6113,39141,260023,7946,6022,367,1727,480,517,32791,5346,28049,102954,69867,8984,52528,243857,16286,6022,6345,26540,28357,31115,54962,48699,89814,911,2060,948,4139,341,7976,2396,19303,40877,215,7,3307,11104,5669,200371,93547,519068,17753,258077,359656,125769,240347,112705,203735,3174,319933,356566,130460,117609,265145,233839,75836,7102,3433,9176,1042,1768,3881,2865,1020,491,613,47129,1990,249533,74897,39549,3856,4939156,368327,38987,331369,144964,18505,10676,410553,192699,436983,31467,620523,2234,642340,951,3501,26043,18458,1335,5226,2566,26159,28101,458,2712,4125,2332,3784,2178,16152,8717,4790,2601,39741,30824,20297,45287,4796,1006,2855,3009,1493,1623,1323,8743,4330,48615,6042,1635,16536,16720,12365,70798,310989,10939,16615,44064,9012,4254,3395,2551,4082,1738,3742,101480,2591,4160,65286,1603,12857,2104,37122,4005,4791,1801,4125,5149,1926,3379,12500,12055,3445,3654,3444,30046,11167,3451,3297,3180,19308,430,305,1824,2699,7885,456,199717,1903,132734,172,7076,628,78302,12111,99499,79373,72098,483,30617,874,2580,23275,53649,500665,10159,24741,19246,12394,659,16017,4339,9229,13321,124788,94939,102876,21494,508,2600,1564,190,571,2785,15540,29452,3938,34924,2384,2583,9136,295280,3021,11403,1529106,10153,73322,4469,32606,27693,17242,1776,7573,59514,3187,6225,6563,1934,2367,2820,110112,7279,4945,6406,2512,5992,7514,311080,832,97930,29243,484,362580,92225,556,4924,64230,10896,634,53335,3421,18156,4954,23263,5694,103950,15941,11009,3926,6559,2319,5684,4013,19163,6809,555,11782,290,19642,3130,183,3146,7048,17121,7253,8240,303640,16319,45550,36184,9285,5036,12593,3650,523619,1980,184710,13621,176709,20429,2623,35345,2993,354078,69841,105197,513018,25240,106747,1111,5991,2072,5064,12594,6475,3028,8794,66254,6005,392,6287,3950,687,536,60440,61380,495,5879,2456,328157,391278,245064,63920,435548,49232,7704,741283,984518,102622,408142,706091,935456,2585,2283,3140,2981,1265,3477,20814,3523,6345,6817,66171,0.0,0.0,0.0,0.0,0.0,0.0,0.0,0.0,0.0,0.0,0.0,0.0,0.0,0.0,0.0,0.0,0.0,0.0,0.0,0.0,0.0,0.0,0.0,0.0,0.0,0.0,0.0,0.0,0.0,0.0,0.0,0.0,0.0,0.0,0.0,0.0,0.0,0.0,0.0,0.0,0.0,0.0,0.0,0.0,0.0,0.0,0.0,0.0,0.0,0.0,0.0,0.0,0.0,0.0,0.0,0.0,0.0,0.0,0.0,0.0,0.0,0.0,0.0,0.0,0.0,0.0,0.0,0.0,0.0,0.0,0.0,0.0,0.0,0.0,0.0,0.0,0.0,0.0,0.0,0.0,0.0,0.0,0.0,0.0,0.0,0.0,0.0,0.0,0.0,0.0,0.0,0.0,0.0,0.0,0.0,0.0,0.0,0.0,0.0,0.0,0.0,0.0,0.0,0.0,0.0,0.0,0.0,0.0,0.0,0.0,0.0,0.0,0.0,0.0,0.0,0.0,0.0,0.0,0.0,0.0,0.0,0.0,0.0,0.0,0.0,0.0,0.0,0.0,0.0,0.0,0.0,0.0,0.0,0.0,0.0,0.0,0.0,0.0,0.0,0.0,0.0,0.0,0.0,0.0,0.0,0.0,0.0,0.0,0.0,0.0
ENCFF595BTS,0.1495221620619237,163489,410,3692,119168,1042,263173,13185,847,449,411,825,8271,3628,14564,53161,49454,3697,1463,11269,9158,167,1182,43,70,53,2585,11737,8336,71006,6288,309,191,995,5456,5106,65,5047,24,5,14952,17488,124,707,141,89,1500,14430,69600,1111,1412,3945,4289,598,381,8132,177,686,478,245,1438,3612,1763,49368,1125,651,3380,78,116988,92046,9189,3685,2153,4796,7720,385,3911,1795,2291,2736,716,3458,3330,5709,1276,2194,10845,48,2503,2137,54,1808,743,205,4007,2826,37166,294125,13470,257,39238,61541,6983,51942,3591,2130,7598,2807,3658,65,5671,12204,13015,283,9216,58046,4389,82095,585,2930,2759,12704,1078,159016,3824,10768,3903,614,3474,419,111,42911,14330,4331,69080,16319,16316,43008,480,10710,12940,3485,7010,101842,403,1055,217,135,40,42,3360,589,421,17162,5542,571,6561,119084,8814,617,3753,1995,1443,5222,7233,6358,8524,87,198,82,3392,67,4190,1944,1505,229,33,52,1516,1009,3440,20881,10413,71242,5781,45106,65064,27608,85643,30976,59939,435,45874,57536,16428,14670,44386,30766,10108,1998,1418,1995,84,2003,3313,169,59,47,94,7126,267,134175,26474,16711,4202,403814,75367,8588,49855,75445,1952,889,71608,36253,142490,4885,60095,156,56489,16,534,1235,33,928,2850,460,10833,4807,54,2261,2304,1925,2963,1462,6778,4053,275,306,12487,7393,4078,4131,4607,1046,2517,2514,1329,1004,763,498,3763,10076,2474,1123,3220,6773,5295,33859,114410,9898,6688,5296,3178,2426,1975,1945,2868,1707,146,12867,1656,3974,9447,959,4072,1626,8462,4108,3230,2328,2934,386,1469,1296,7379,6132,2527,2679,2501,4906,4311,3198,2165,3350,10104,54,78,1383,2299,858,859,23977,363,15188,67,479,115,11936,1176,12767,12288,16943,49,4967,158,79,2586,5313,159472,1430,3247,5191,1899,434,6162,75,727,2189,35634,15921,7060,2276,106,222,160,53,72,1925,2777,4576,1988,7013,1958,1436,6034,149459,1096,4847,189065,1391,11353,2993,17388,13300,6182,879,2832,11449,2538,3001,3146,1170,1003,451,69302,3965,2993,3292,1225,3307,3679,47467,59,30211,2769,81,43648,12540,56,683,9549,1724,72,16509,2201,1522,238,8970,3054,81753,6894,2162,2215,3252,1693,2505,2718,1605,454,71,1531,63,4563,411,76,125,1013,561,628,2085,85626,2746,21872,10377,1961,1033,1386,558,48305,379,21333,3977,16406,2253,288,4586,18,51644,9233,18355,70184,5185,57841,456,560,1227,2864,1517,2717,2287,3254,22321,2948,57,592,3365,62,96,5441,5398,10,850,153,39345,66178,55577,14126,50241,7100,1284,131848,145729,25291,67341,112060,124001,418,171,2031,2023,715,2766,1219,667,421,1280,12686,0.0,0.0,0.0,0.0,0.0,0.0,0.0,0.0,0.0,0.0,0.0,0.0,0.0,0.0,0.0,0.0,0.0,0.0,0.0,0.0,0.0,0.0,0.0,0.0,0.0,0.0,0.0,0.0,0.0,0.0,0.0,0.0,0.0,0.0,0.0,0.0,0.0,0.0,0.0,0.0,0.0,0.0,0.0,0.0,0.0,0.0,0.0,0.0,0.0,0.0,0.0,0.0,0.0,0.0,0.0,0.0,0.0,0.0,0.0,0.0,0.0,0.0,0.0,0.0,0.0,0.0,0.0,0.0,0.0,0.0,0.0,0.0,0.0,0.0,0.0,0.0,0.0,0.0,0.0,0.0,0.0,0.0,0.0,0.0,0.0,0.0,0.0,0.0,0.0,0.0,0.0,0.0,0.0,0.0,0.0,0.0,0.0,0.0,0.0,0.0,0.0,0.0,0.0,0.0,0.0,0.0,0.0,0.0,0.0,0.0,0.0,0.0,0.0,0.0,0.0,0.0,0.0,0.0,0.0,0.0,0.0,0.0,0.0,0.0,0.0,0.0,0.0,0.0,0.0,0.0,0.0,0.0,0.0,0.0,0.0,0.0,0.0,0.0,0.0,0.0,0.0,0.0,0.0,0.0,0.0,0.0,0.0,0.0,0.0,0.0
ENCFF190IBB,0.15341681654427392,41384,281,4282,66735,1242,285179,10295,486,560,410,564,5458,3927,15325,41872,56722,3274,775,9717,6206,142,827,67,76,47,1612,1310,5565,50016,4445,233,93,740,4040,3680,54,3624,24,8,10239,12740,144,560,110,52,978,9841,49927,124,989,2568,2775,460,246,6183,141,420,314,163,885,2426,2015,35216,4455,560,375,46,85131,61653,6449,2406,1412,3083,5618,281,2704,1207,1637,1758,457,2178,2229,3879,905,1490,7280,29,1618,1436,34,1155,296,48,2208,2300,64148,204825,11303,141,30465,46214,4591,39599,2463,1368,5027,1601,1914,32,3435,7693,8258,297,6029,37081,4000,131904,449,2363,2503,9589,1010,204251,2740,7405,2843,453,2598,228,56,31547,16384,532,61490,16140,11367,30593,71,7214,10533,2405,4589,87598,663,237,241,100,38,34,2587,594,299,12037,4594,523,6282,69053,6587,449,2419,1527,1964,3610,4626,4623,5920,46,104,48,2174,28,2787,1289,1108,90427,28,15,938,728,2355,14609,7217,48458,4007,37635,39823,19645,52749,21092,40723,680,32671,41994,11265,10372,31630,22116,7361,1406,112,926,44,1418,2182,151,31,29,40,4843,349,85387,17705,21430,437,263202,56530,5487,37987,60487,1202,531,52586,28105,106797,5839,48356,217,43699,16,374,873,64,603,1829,335,6945,3353,32,1505,1535,1292,2064,978,4877,2683,151,229,8630,4856,2675,3057,3160,765,1542,1592,894,649,447,339,2375,7526,1791,774,2153,4519,3708,25840,55828,1042,4334,3574,2340,1709,1291,1258,1893,1144,62,9236,991,2566,6628,660,2794,1053,5836,2626,2150,1536,1948,187,1041,886,4840,4072,1708,1838,1605,3250,2990,2375,1356,2170,6789,42,62,881,1543,560,531,16347,175,10163,37,490,76,8105,778,8659,8472,11292,53,4019,60,82,3302,3912,149427,615,2322,3610,1443,38,4492,123,818,1687,25767,12722,4152,1802,17,131,65,25,30,1240,2093,3076,1344,4356,1273,982,3732,112658,421,3378,131632,923,7652,2018,11956,1579,4144,555,265,4450,1551,2031,2174,746,664,292,6890,2811,2011,2164,853,2209,2437,31593,38,19837,1832,27,31647,8760,39,427,6845,1087,22,11443,1546,1065,165,6315,2060,39003,5862,642,1459,2148,1020,1683,1719,1295,1566,21,1073,24,2977,185,60,97,208,1394,795,1330,78905,2444,16460,8137,1746,963,763,278,32585,100,16161,2312,11589,1525,146,3151,20,41518,7569,13204,53926,2465,37833,337,490,795,1919,943,1852,1538,2034,11622,1978,33,224,2150,27,43,3700,3752,43,145,61,31488,49672,41178,10565,39648,5384,961,119066,110982,18216,50883,87072,96801,598,134,1291,1300,486,1883,846,316,197,893,8954,0.0,0.0,0.0,0.0,0.0,0.0,0.0,0.0,0.0,0.0,0.0,0.0,0.0,0.0,0.0,0.0,0.0,0.0,0.0,0.0,0.0,0.0,0.0,0.0,0.0,0.0,0.0,0.0,0.0,0.0,0.0,0.0,0.0,0.0,0.0,0.0,0.0,0.0,0.0,0.0,0.0,0.0,0.0,0.0,0.0,0.0,0.0,0.0,0.0,0.0,0.0,0.0,0.0,0.0,0.0,0.0,0.0,0.0,0.0,0.0,0.0,0.0,0.0,0.0,0.0,0.0,0.0,0.0,0.0,0.0,0.0,0.0,0.0,0.0,0.0,0.0,0.0,0.0,0.0,0.0,0.0,0.0,0.0,0.0,0.0,0.0,0.0,0.0,0.0,0.0,0.0,0.0,0.0,0.0,0.0,0.0,0.0,0.0,0.0,0.0,0.0,0.0,0.0,0.0,0.0,0.0,0.0,0.0,0.0,0.0,0.0,0.0,0.0,0.0,0.0,0.0,0.0,0.0,0.0,0.0,0.0,0.0,0.0,0.0,0.0,0.0,0.0,0.0,0.0,0.0,0.0,0.0,0.0,0.0,0.0,0.0,0.0,0.0,0.0,0.0,0.0,0.0,0.0,0.0,0.0,0.0,0.0,0.0,0.0,0.0
ENCFF000BTN,0.10488981730151914,11286,53,1116,12615,248,45358,3168,86,186,105,227,1112,1606,3682,5887,12189,1467,317,1785,1933,133,353,22,22,24,340,22,1233,10756,1699,98,36,170,715,583,7,801,13,5,2885,5575,27,344,25,17,239,2231,7927,2,285,363,457,219,194,4419,84,167,121,46,332,554,208,5442,185,91,7,26,18521,20368,4467,379,227,550,3482,130,468,199,266,298,59,398,383,1961,184,215,1303,6,290,195,6,636,59,12,543,442,8563,77817,4436,54,12309,18555,930,17808,1169,226,2595,737,594,13,1521,3963,3639,55,2078,15933,985,14145,165,727,656,3400,351,20089,510,2393,1003,303,1508,175,32,16136,5174,18,7055,3339,12352,13646,2,1656,1492,427,1726,15468,200,72,35,69,14,20,1050,168,214,3949,1916,251,1579,12500,1182,202,415,441,510,1291,1640,1549,4131,23,98,12,326,8,603,231,2496,3072,5,4,148,284,362,15255,3095,19032,964,11575,13245,5468,11256,6146,11732,104,13087,14917,5755,4182,10831,8293,2079,367,3,250,29,193,303,92,28,13,13,1482,121,11016,4280,4147,91,96246,14441,1415,11331,9919,473,303,15669,6625,21709,1614,18377,43,19370,30,151,346,68,121,308,77,1664,1347,23,252,266,207,346,167,994,542,540,102,2064,1505,771,2143,431,119,255,220,140,134,102,571,447,1968,381,168,713,855,765,3858,9686,53,903,2187,515,271,197,183,297,212,335,3112,155,341,2744,103,658,156,1828,362,343,206,304,278,212,185,933,772,315,337,275,1387,568,311,260,346,1393,12,12,133,207,328,82,7051,32,4623,7,222,44,2923,463,3370,2613,3070,16,1167,30,87,460,2031,26720,294,802,1418,470,8,902,88,160,483,5631,2373,1185,643,14,86,34,7,16,238,364,1036,230,1348,198,163,650,18111,109,765,55794,164,7671,362,1952,156,899,104,16,1462,295,358,356,171,145,115,317,473,312,391,132,402,477,10769,21,4663,954,7,14978,3542,40,116,3482,223,29,2791,255,778,112,1204,341,5304,1066,174,263,396,175,381,299,878,205,6,417,17,727,32,7,86,150,123,294,249,9611,647,2917,1954,461,226,344,67,18648,21,6815,529,5806,592,117,1242,3,11388,5928,3494,18309,935,6448,60,72,135,314,157,331,239,652,1400,313,14,80,376,9,8,1822,1965,3,32,190,10855,15452,12688,2561,14829,1896,264,27696,38720,5635,15215,29446,34294,116,78,228,241,79,277,606,167,182,250,2617,0.0,0.0,0.0,0.0,0.0,0.0,0.0,0.0,0.0,0.0,0.0,0.0,0.0,0.0,0.0,0.0,0.0,0.0,0.0,0.0,0.0,0.0,0.0,0.0,0.0,0.0,0.0,0.0,0.0,0.0,0.0,0.0,0.0,0.0,0.0,0.0,0.0,0.0,0.0,0.0,0.0,0.0,0.0,0.0,0.0,0.0,0.0,0.0,0.0,0.0,0.0,0.0,0.0,0.0,0.0,0.0,0.0,0.0,0.0,0.0,0.0,0.0,0.0,0.0,0.0,0.0,0.0,0.0,0.0,0.0,0.0,0.0,0.0,0.0,0.0,0.0,0.0,0.0,0.0,0.0,0.0,0.0,0.0,0.0,0.0,0.0,0.0,0.0,0.0,0.0,0.0,0.0,0.0,0.0,0.0,0.0,0.0,0.0,0.0,0.0,0.0,0.0,0.0,0.0,0.0,0.0,0.0,0.0,0.0,0.0,0.0,0.0,0.0,0.0,0.0,0.0,0.0,0.0,0.0,0.0,0.0,0.0,0.0,0.0,0.0,0.0,0.0,0.0,0.0,0.0,0.0,0.0,0.0,0.0,0.0,0.0,0.0,0.0,0.0,0.0,0.0,0.0,0.0,0.0,0.0,0.0,0.0,0.0,0.0,0.0
ENCFF000ZGD,0.04534274452480222,3634,7,285,1813,48,6785,322,27,15,12,25,180,166,281,724,1623,164,13,264,361,7,37,4,1,0,43,166,203,871,197,11,16,29,105,90,4,98,3,0,443,565,0,43,1,4,27,341,994,21,22,61,71,31,23,393,8,20,18,8,32,87,25,633,11,35,44,0,2476,2501,342,70,37,87,289,8,62,28,49,54,12,71,71,191,24,31,176,1,62,30,0,48,14,0,59,73,860,9389,534,85,1428,2029,133,1866,196,32,213,79,77,1,159,359,364,1,261,1864,134,1030,23,120,141,425,44,1346,73,425,336,32,148,32,4,1549,479,93,835,324,582,1345,29,250,177,45,217,2081,17,35,8,0,1,0,106,11,20,625,217,23,198,1789,224,15,45,27,31,145,209,180,252,1,12,0,58,0,108,35,98,339,4,0,45,86,47,772,311,2811,132,1549,1966,998,1590,831,1658,7,1527,1847,749,429,1368,904,271,45,20,44,7,35,57,7,3,1,0,265,12,1657,676,369,4,9544,1854,196,1340,1124,53,43,1970,863,2844,222,1924,5,1969,2,16,64,5,17,49,18,207,114,5,50,65,36,44,23,106,79,14,11,247,151,97,117,62,25,30,39,24,21,16,20,73,296,75,33,107,196,133,697,2226,81,141,172,66,48,32,29,36,27,6,397,26,37,295,19,101,30,212,50,72,51,66,33,32,28,156,170,44,53,41,110,73,61,46,78,221,0,3,19,42,50,12,743,1,455,1,27,17,357,29,317,537,377,1,120,3,13,55,245,3431,34,73,109,57,10,143,7,4,36,793,291,173,67,0,14,5,1,2,44,34,147,18,194,43,23,92,2419,32,150,6258,32,325,65,249,196,144,10,64,285,61,48,52,35,29,18,778,55,58,62,27,65,74,1491,1,546,132,2,1515,381,22,10,312,17,0,454,47,155,16,175,56,997,159,60,63,62,23,62,44,96,33,2,52,0,124,17,0,2,28,6,24,30,1204,94,518,289,71,23,49,5,1720,31,899,134,596,38,19,131,1,1816,320,525,2432,212,795,13,4,18,56,24,43,44,98,294,54,5,31,86,0,0,172,177,0,34,6,1304,2247,1660,411,1850,326,28,3993,5126,763,2238,3932,4287,12,14,51,48,15,60,62,41,19,30,440,0.0,0.0,0.0,0.0,0.0,0.0,0.0,0.0,0.0,0.0,0.0,0.0,0.0,0.0,0.0,0.0,0.0,0.0,0.0,0.0,0.0,0.0,0.0,0.0,0.0,0.0,0.0,0.0,0.0,0.0,0.0,0.0,0.0,0.0,0.0,0.0,0.0,0.0,0.0,0.0,0.0,0.0,0.0,0.0,0.0,0.0,0.0,0.0,0.0,0.0,0.0,0.0,0.0,0.0,0.0,0.0,0.0,0.0,0.0,0.0,0.0,0.0,0.0,0.0,0.0,0.0,0.0,0.0,0.0,0.0,0.0,0.0,0.0,0.0,0.0,0.0,0.0,0.0,0.0,0.0,0.0,0.0,0.0,0.0,0.0,0.0,0.0,0.0,0.0,0.0,0.0,0.0,0.0,0.0,0.0,0.0,0.0,0.0,0.0,0.0,0.0,0.0,0.0,0.0,0.0,0.0,0.0,0.0,0.0,0.0,0.0,0.0,0.0,0.0,0.0,0.0,0.0,0.0,0.0,0.0,0.0,0.0,0.0,0.0,0.0,0.0,0.0,0.0,0.0,0.0,0.0,0.0,0.0,0.0,0.0,0.0,0.0,0.0,0.0,0.0,0.0,0.0,0.0,0.0,0.0,0.0,0.0,0.0,0.0,0.0
ENCFF000WWM,0.22396547479631068,23951,43,804,8082,242,34566,1371,83,246,57,141,844,2307,4450,3590,14399,1452,160,1507,1294,38,144,21,31,21,214,1563,735,4706,912,54,69,103,510,422,36,482,12,9,1652,2209,32,150,29,15,173,1393,4616,218,112,265,314,110,61,1092,43,99,96,43,369,408,97,3061,169,133,387,36,11587,11096,1421,269,148,515,936,49,311,114,167,205,55,223,286,713,107,112,788,16,223,124,16,305,62,24,554,275,3331,37670,2111,29,6011,8449,598,8129,786,130,1033,333,369,9,557,1496,1497,85,940,6296,989,8867,208,675,638,1913,281,12407,330,1264,641,155,522,104,54,5842,7893,843,6081,3819,2058,5717,250,1026,1141,279,813,10427,122,261,41,36,8,20,494,80,189,2135,927,135,857,7972,768,93,314,376,336,639,838,722,1083,28,55,16,239,13,412,136,701,16340,25,0,192,207,258,3863,1374,9251,499,8816,8467,3019,5875,2802,6248,102,5777,6789,2161,1999,5238,3686,1275,188,444,192,10,115,200,47,36,19,35,749,163,8778,2570,6959,71,46469,10346,805,6542,7121,281,682,8816,4528,13668,1779,8970,55,8481,18,81,189,80,76,244,58,832,448,7,153,210,157,176,102,592,362,21,48,1044,649,514,536,295,86,155,165,88,77,57,98,241,1077,1858,73,521,567,534,2201,3912,833,568,723,289,205,164,143,236,125,20,1671,115,160,1119,75,361,96,801,237,223,126,208,27,116,123,553,540,199,227,178,462,329,184,189,222,885,5,19,116,153,170,73,3135,54,1898,16,115,11,1442,144,1442,1428,1687,41,718,126,34,639,884,24513,209,531,460,238,93,676,48,61,172,4196,1927,955,310,18,45,28,3,48,144,339,465,155,763,147,131,367,14379,122,473,26810,135,2044,250,1373,1625,598,60,629,2274,174,261,316,84,91,85,8643,287,241,238,125,297,318,5101,98,2041,488,20,5155,1377,12,75,1247,193,40,1302,190,266,68,757,277,5043,698,314,169,253,105,301,216,319,269,22,181,19,397,56,7,63,249,96,273,189,7268,592,2103,1372,324,133,248,74,8554,133,3165,510,2547,363,126,584,15,7556,2093,2299,9453,339,4628,91,133,99,265,124,275,172,322,1541,264,11,250,222,8,24,940,857,5,298,92,4959,9182,6406,1534,7276,920,251,15010,19400,2977,9348,14420,16636,127,45,163,134,49,193,251,55,103,167,1449,0.0,0.0,0.0,0.0,0.0,0.0,0.0,0.0,0.0,0.0,0.0,0.0,0.0,0.0,0.0,0.0,0.0,0.0,0.0,0.0,0.0,0.0,0.0,0.0,0.0,0.0,0.0,0.0,0.0,0.0,0.0,0.0,0.0,0.0,0.0,0.0,0.0,0.0,0.0,0.0,0.0,0.0,0.0,0.0,0.0,0.0,0.0,0.0,0.0,0.0,0.0,0.0,0.0,0.0,0.0,0.0,0.0,0.0,0.0,0.0,0.0,0.0,0.0,0.0,0.0,0.0,0.0,0.0,0.0,0.0,0.0,0.0,0.0,0.0,0.0,0.0,0.0,0.0,0.0,0.0,0.0,0.0,0.0,0.0,0.0,0.0,0.0,0.0,0.0,0.0,0.0,0.0,0.0,0.0,0.0,0.0,0.0,0.0,0.0,0.0,0.0,0.0,0.0,0.0,0.0,0.0,0.0,0.0,0.0,0.0,0.0,0.0,0.0,0.0,0.0,0.0,0.0,0.0,0.0,0.0,0.0,0.0,0.0,0.0,0.0,0.0,0.0,0.0,0.0,0.0,0.0,0.0,0.0,0.0,0.0,0.0,0.0,0.0,0.0,0.0,0.0,0.0,0.0,0.0,0.0,0.0,0.0,0.0,0.0,0.0
ENCFF000XEW,0.08575347649229023,2874,12,173,1680,61,5463,301,35,33,11,21,105,251,377,505,1508,180,23,241,220,13,33,7,4,6,29,158,150,1331,185,19,8,16,82,62,8,73,1,0,326,596,0,32,2,5,39,240,1190,15,40,47,38,18,18,330,8,13,29,8,48,62,9,548,18,72,44,6,2037,2155,436,36,39,64,315,16,44,17,36,29,9,35,45,223,19,18,134,0,24,21,3,68,18,2,68,52,579,8545,561,2,1476,1895,110,1785,54,19,259,89,78,1,134,367,381,7,231,1484,180,1760,35,181,175,450,82,2327,54,316,135,39,143,28,6,1610,601,122,959,416,755,1479,23,195,118,43,185,1168,19,39,7,6,1,5,103,18,25,473,224,32,198,1574,146,16,37,79,68,125,221,226,296,4,8,3,29,1,72,19,187,1072,2,0,25,54,47,783,383,2329,95,1467,1732,604,1328,605,1176,9,1294,1415,473,444,1080,927,322,43,33,24,2,18,32,11,5,1,1,204,17,1314,537,599,12,10273,1667,187,1304,1059,73,23,1770,781,2311,294,2137,4,2214,4,13,23,13,7,20,2,147,103,0,25,26,33,32,14,97,52,16,14,197,139,97,146,45,14,22,23,14,20,15,28,44,216,38,11,110,100,87,546,958,72,86,166,44,33,12,22,31,24,6,433,17,23,239,12,76,17,142,30,37,31,31,8,18,18,92,78,24,45,20,133,55,32,22,30,141,0,3,11,20,30,14,721,11,468,5,51,6,302,39,311,283,272,2,129,9,12,45,189,2417,40,113,99,58,7,73,10,20,33,577,262,128,69,3,22,6,0,9,27,98,175,24,175,25,15,82,2335,20,76,6046,19,257,40,211,176,91,11,63,292,40,47,39,24,16,14,678,36,24,36,16,44,46,1248,5,471,135,1,1372,322,1,17,257,33,4,311,25,69,20,114,43,954,153,42,28,45,24,62,32,55,7,0,46,0,95,5,0,14,37,15,41,28,1110,155,397,325,87,30,42,5,2004,16,637,100,632,58,18,153,2,1464,324,431,1981,105,733,9,8,10,42,20,31,27,99,258,32,3,26,38,3,6,247,217,1,19,3,1199,1656,1331,293,1725,206,7,3079,4092,587,1738,3108,3794,13,20,33,44,15,40,99,21,36,17,319,0.0,0.0,0.0,0.0,0.0,0.0,0.0,0.0,0.0,0.0,0.0,0.0,0.0,0.0,0.0,0.0,0.0,0.0,0.0,0.0,0.0,0.0,0.0,0.0,0.0,0.0,0.0,0.0,0.0,0.0,0.0,0.0,0.0,0.0,0.0,0.0,0.0,0.0,0.0,0.0,0.0,0.0,0.0,0.0,0.0,0.0,0.0,0.0,0.0,0.0,0.0,0.0,0.0,0.0,0.0,0.0,0.0,0.0,0.0,0.0,0.0,0.0,0.0,0.0,0.0,0.0,0.0,0.0,0.0,0.0,0.0,0.0,0.0,0.0,0.0,0.0,0.0,0.0,0.0,0.0,0.0,0.0,0.0,0.0,0.0,0.0,0.0,0.0,0.0,0.0,0.0,0.0,0.0,0.0,0.0,0.0,0.0,0.0,0.0,0.0,0.0,0.0,0.0,0.0,0.0,0.0,0.0,0.0,0.0,0.0,0.0,0.0,0.0,0.0,0.0,0.0,0.0,0.0,0.0,0.0,0.0,0.0,0.0,0.0,0.0,0.0,0.0,0.0,0.0,0.0,0.0,0.0,0.0,0.0,0.0,0.0,0.0,0.0,0.0,0.0,0.0,0.0,0.0,0.0,0.0,0.0,0.0,0.0,0.0,0.0
ENCFF196VCR,0.13287938046212855,348588,126,3465,46658,561,124543,11242,589,550,347,782,5972,2822,4988,17088,26450,2396,1626,5693,6088,115,756,80,238,230,2036,26522,5373,23730,4519,176,49,655,3732,3843,36,4171,116,13,9108,10912,254,488,186,40,1074,9450,26811,1619,1094,2646,2733,179,450,5482,155,500,421,510,1906,3220,326,8139,240,341,6868,293,38306,60214,5525,2385,1349,3440,5965,88,2771,1216,1401,1673,449,2277,2625,3106,844,1455,6699,72,1618,1432,49,1383,798,114,3077,1085,8088,167826,8466,229,24412,41434,5276,35138,2704,1419,4462,2084,2658,107,4159,8138,9830,930,6314,38956,1862,57683,245,1112,1331,7493,568,96312,2230,6800,2756,680,2238,181,162,30827,5612,8681,17898,7159,13002,30144,844,6910,5281,2338,4661,66603,1032,1684,94,242,127,63,2181,684,747,12050,3770,447,4725,43725,2557,412,2742,4657,3355,3102,5057,6019,6936,118,420,122,2089,186,2463,1078,1929,952,24,37,912,599,2552,13391,6726,48672,3764,23236,40100,14702,34535,19241,33960,388,29200,37895,11426,10786,29260,20503,5589,1314,1807,373,44,1530,2311,236,186,116,104,4911,319,47091,9272,8962,651,163162,35157,5048,23532,14618,1540,713,34099,16150,44633,2859,43239,154,42101,166,279,1265,99,690,1829,367,6924,2419,92,1459,1348,1236,2178,1107,4767,2270,167,272,7380,5297,2515,3411,3185,647,1853,1645,1006,601,452,323,2063,5206,1153,734,1843,4517,3203,9533,44975,23646,4386,3737,2018,1672,1279,1305,1784,1002,64,10705,1159,3031,6522,700,2756,1074,5565,3588,2171,1899,1936,190,894,649,4793,3409,1873,1590,1451,2954,3076,2162,1168,2162,4681,50,53,815,1708,959,474,13433,449,9807,47,230,84,6396,679,8204,7645,8923,154,2988,583,151,1855,2998,82342,1760,2271,3949,1218,359,3544,124,1647,1809,26844,7470,6735,1663,209,277,397,26,347,1230,1355,2323,1683,5825,1219,855,1827,75497,360,3152,123110,763,7309,1997,11191,28844,3386,553,1917,13049,1606,2236,2258,556,496,123,258215,3087,2113,2143,689,2058,2433,30365,362,19264,1560,150,32840,9043,34,541,6945,1370,327,10758,1510,1180,368,6266,1910,35983,1834,3787,1513,2104,1232,1435,1783,1539,1112,121,1551,138,3193,335,404,173,1688,602,283,980,31102,1138,8395,4487,767,835,1256,573,33082,1352,13105,2412,9882,2393,88,2854,24,43646,7382,12617,48419,1986,18412,209,575,748,2020,1141,1857,1595,1915,6707,1803,16,131,1987,44,124,3253,2934,39,1410,192,28980,36296,29331,7676,32942,5120,635,62113,88522,12814,36577,68131,82712,238,60,1332,1318,582,1871,926,740,313,917,8228,0.0,0.0,0.0,0.0,0.0,0.0,0.0,0.0,0.0,0.0,0.0,0.0,0.0,0.0,0.0,0.0,0.0,0.0,0.0,0.0,0.0,0.0,0.0,0.0,0.0,0.0,0.0,0.0,0.0,0.0,0.0,0.0,0.0,0.0,0.0,0.0,0.0,0.0,0.0,0.0,0.0,0.0,0.0,0.0,0.0,0.0,0.0,0.0,0.0,0.0,0.0,0.0,0.0,0.0,0.0,0.0,0.0,0.0,0.0,0.0,0.0,0.0,0.0,0.0,0.0,0.0,0.0,0.0,0.0,0.0,0.0,0.0,0.0,0.0,0.0,0.0,0.0,0.0,0.0,0.0,0.0,0.0,0.0,0.0,0.0,0.0,0.0,0.0,0.0,0.0,0.0,0.0,0.0,0.0,0.0,0.0,0.0,0.0,0.0,0.0,0.0,0.0,0.0,0.0,0.0,0.0,0.0,0.0,0.0,0.0,0.0,0.0,0.0,0.0,0.0,0.0,0.0,0.0,0.0,0.0,0.0,0.0,0.0,0.0,0.0,0.0,0.0,0.0,0.0,0.0,0.0,0.0,0.0,0.0,0.0,0.0,0.0,0.0,0.0,0.0,0.0,0.0,0.0,0.0,0.0,0.0,0.0,0.0,0.0,0.0
ENCFF001HHL,0.14006434454709657,33611,102,1407,12695,214,35668,3642,76,187,170,448,1501,1469,3196,5875,11350,1445,207,3317,4153,121,385,29,48,29,439,1101,1334,14902,2150,142,134,252,773,682,34,1022,23,153,3916,5545,34,311,14,42,400,2438,7710,159,222,408,521,247,165,3525,95,176,185,98,364,693,275,5796,186,203,338,54,22039,24311,4039,475,297,734,2627,167,534,186,300,363,104,359,503,1772,156,248,1405,8,328,188,13,703,209,47,1503,459,7559,98801,5573,63,14591,20382,1289,17233,536,242,2988,913,1688,16,1731,5031,5101,70,2353,16470,1086,10504,157,569,731,4154,215,13542,551,3336,2733,645,1393,202,86,17548,5247,2296,11478,3320,5769,14332,456,2014,2006,491,1712,18178,349,249,38,65,23,44,1247,171,906,6829,2574,337,2014,12560,1215,245,486,837,885,1458,3505,2814,2857,94,63,34,404,16,704,228,552,1897,38,1,254,369,471,7301,3476,21962,888,13004,15378,6680,11953,6278,11711,147,13931,16505,5180,4702,12664,9682,3078,393,371,397,31,207,350,102,44,30,14,2101,213,19169,4871,4218,193,131377,17971,1501,13811,10661,673,421,19163,9401,25729,1379,24548,91,23765,38,149,479,124,105,375,96,1775,1114,176,286,375,207,362,138,1137,654,68,117,2000,1499,951,1592,523,112,246,301,154,122,102,227,399,2325,510,145,798,1005,929,4213,9078,763,979,1619,540,334,263,240,334,192,65,3863,177,319,2654,127,680,128,1698,403,431,217,381,169,187,256,919,899,301,360,290,1106,651,302,282,325,1405,13,2,157,242,453,148,7749,88,5744,9,267,21,3174,423,4203,3391,3735,26,1463,47,110,798,2122,29422,347,1141,909,547,74,1130,73,294,403,6958,3856,1612,729,50,90,54,8,33,271,743,1270,291,1527,174,199,714,17941,170,780,59046,284,2922,406,2474,1456,1136,118,809,2511,291,465,504,140,152,151,7185,547,460,483,308,457,574,12786,47,4630,954,48,13693,3698,4,130,2551,420,49,2765,299,788,149,1328,508,7678,1307,407,266,523,188,481,330,679,331,16,420,17,1103,72,24,145,263,353,364,449,13145,496,3627,1978,403,220,579,151,22084,126,7974,1135,6149,722,153,1316,26,17837,3594,5447,24088,760,7597,128,254,197,382,228,496,264,583,4102,423,10,302,375,22,19,2136,2323,17,408,103,12356,18193,13141,3264,17201,2063,206,30440,42109,5840,18850,30335,38156,101,79,290,280,71,317,911,154,179,339,3288,0.0,0.0,0.0,0.0,0.0,0.0,0.0,0.0,0.0,0.0,0.0,0.0,0.0,0.0,0.0,0.0,0.0,0.0,0.0,0.0,0.0,0.0,0.0,0.0,0.0,0.0,0.0,0.0,0.0,0.0,0.0,0.0,0.0,0.0,0.0,0.0,0.0,0.0,0.0,0.0,0.0,0.0,0.0,0.0,0.0,0.0,0.0,0.0,0.0,0.0,0.0,0.0,0.0,0.0,0.0,0.0,0.0,0.0,0.0,0.0,0.0,0.0,0.0,0.0,0.0,0.0,0.0,0.0,0.0,0.0,0.0,0.0,0.0,0.0,0.0,0.0,0.0,0.0,0.0,0.0,0.0,0.0,0.0,0.0,0.0,0.0,0.0,0.0,0.0,0.0,0.0,0.0,0.0,0.0,0.0,0.0,0.0,0.0,0.0,0.0,0.0,0.0,0.0,0.0,0.0,0.0,0.0,0.0,0.0,0.0,0.0,0.0,0.0,0.0,0.0,0.0,0.0,0.0,0.0,0.0,0.0,0.0,0.0,0.0,0.0,0.0,0.0,0.0,0.0,0.0,0.0,0.0,0.0,0.0,0.0,0.0,0.0,0.0,0.0,0.0,0.0,0.0,0.0,0.0,0.0,0.0,0.0,0.0,0.0,0.0
ENCFF000VPJ,0.0820866232571947,2448,4,140,1312,27,2252,242,34,13,9,29,113,173,268,796,882,123,15,168,229,15,30,3,1,7,37,147,124,875,164,13,9,20,103,62,3,69,1,2,354,474,1,31,1,0,16,239,1133,21,29,30,48,16,17,268,6,15,16,10,34,46,6,359,26,12,48,3,1820,2187,342,40,29,67,238,16,43,23,27,31,15,45,45,170,21,18,127,1,35,27,0,66,16,6,88,43,436,7465,486,4,1176,1768,78,1565,111,19,245,76,79,4,122,315,318,11,178,1363,90,1088,28,70,83,374,31,1715,62,278,107,42,135,16,7,1316,543,137,1286,343,601,1291,21,165,96,43,167,1357,10,16,3,5,0,2,93,9,28,365,208,20,165,1451,175,27,44,108,118,140,226,199,282,4,3,0,36,2,87,21,239,553,5,1,27,47,34,700,309,1916,97,1222,1441,598,1498,521,1104,9,1188,1360,463,430,992,786,240,35,29,29,6,24,39,11,10,2,3,143,15,1634,512,506,11,6516,1482,141,1126,786,45,30,1593,692,2062,159,1722,6,1753,2,14,44,14,10,28,11,147,78,3,34,32,18,34,14,79,55,8,13,188,127,76,123,53,15,26,25,17,17,22,20,61,173,40,22,74,88,65,564,1557,88,89,171,55,32,24,23,35,30,2,349,16,30,195,5,60,24,144,42,42,28,42,4,25,19,116,88,27,47,23,109,48,28,37,38,132,1,1,15,19,16,13,595,5,408,0,25,3,233,34,284,246,267,1,87,1,5,41,168,2685,23,93,79,58,5,107,6,17,23,522,211,127,48,4,7,6,1,1,26,54,102,19,154,20,23,58,2050,18,83,5081,23,252,34,168,143,92,21,54,244,26,31,28,16,17,10,575,31,37,42,19,37,60,1064,4,427,97,1,1058,256,1,10,204,35,4,258,39,53,13,144,53,499,135,37,24,43,14,49,35,43,31,0,28,0,69,3,0,8,28,30,23,30,1178,73,396,202,50,20,27,10,1766,12,616,68,536,59,13,140,1,1264,257,369,1693,113,744,5,8,15,44,11,31,26,55,282,32,0,18,51,1,3,202,192,0,22,5,1084,1519,1214,292,1461,197,11,3258,3626,528,1608,2753,3401,7,5,34,48,15,26,54,10,18,25,260,0.0,0.0,0.0,0.0,0.0,0.0,0.0,0.0,0.0,0.0,0.0,0.0,0.0,0.0,0.0,0.0,0.0,0.0,0.0,0.0,0.0,0.0,0.0,0.0,0.0,0.0,0.0,0.0,0.0,0.0,0.0,0.0,0.0,0.0,0.0,0.0,0.0,0.0,0.0,0.0,0.0,0.0,0.0,0.0,0.0,0.0,0.0,0.0,0.0,0.0,0.0,0.0,0.0,0.0,0.0,0.0,0.0,0.0,0.0,0.0,0.0,0.0,0.0,0.0,0.0,0.0,0.0,0.0,0.0,0.0,0.0,0.0,0.0,0.0,0.0,0.0,0.0,0.0,0.0,0.0,0.0,0.0,0.0,0.0,0.0,0.0,0.0,0.0,0.0,0.0,0.0,0.0,0.0,0.0,0.0,0.0,0.0,0.0,0.0,0.0,0.0,0.0,0.0,0.0,0.0,0.0,0.0,0.0,0.0,0.0,0.0,0.0,0.0,0.0,0.0,0.0,0.0,0.0,0.0,0.0,0.0,0.0,0.0,0.0,0.0,0.0,0.0,0.0,0.0,0.0,0.0,0.0,0.0,0.0,0.0,0.0,0.0,0.0,0.0,0.0,0.0,0.0,0.0,0.0,0.0,0.0,0.0,0.0,0.0,0.0
ENCFF785WPL,0.18037622963283545,34284,177,3497,23281,688,54429,5275,200,448,193,388,2517,4806,9056,13164,21612,3195,304,3892,5165,136,422,68,42,37,778,1089,2353,12295,2198,217,167,352,1391,1290,81,1384,21,9,5621,7310,31,547,26,63,686,4113,13215,98,378,666,969,285,246,4137,82,194,324,114,488,1070,355,7966,681,514,296,22,35398,34661,4415,751,493,877,3265,85,962,306,524,665,138,662,994,2619,231,306,2526,13,615,254,16,874,170,17,970,1013,9998,123569,8734,115,22029,30366,1723,26255,920,436,3460,1219,1351,13,2094,5394,5342,131,3226,21377,2500,17545,528,2490,2258,7395,1184,23334,1173,4695,2594,676,1766,235,98,21168,13787,861,15678,8527,7332,18137,299,3774,1538,961,2392,27435,493,242,108,79,56,30,1428,158,348,8543,3456,455,3247,24442,2357,274,852,848,863,1854,3828,3288,3522,94,104,27,734,23,1331,390,901,95,20,9,416,545,767,11079,4949,31223,1645,23187,23373,10993,18548,9741,20760,202,21044,24878,7645,7222,16513,13576,5147,751,210,543,33,312,628,130,77,25,14,2997,319,23727,8817,12353,168,160610,26820,2368,20538,17507,713,424,31860,14943,41898,4457,32802,262,30571,21,256,507,84,205,822,245,2464,1211,35,434,584,371,637,253,2048,1123,207,248,3182,1914,1272,1888,768,225,373,501,250,221,171,382,725,4466,988,227,1288,1689,1719,7930,20925,773,1566,2271,892,633,541,420,647,374,85,5212,270,452,3489,272,1116,247,2819,711,706,364,619,119,298,493,1518,1853,558,643,420,1568,933,394,544,550,2882,9,33,266,422,350,182,9624,55,6960,18,345,44,3887,475,4951,5125,5007,11,2121,84,168,1052,2286,51808,430,1593,1565,689,77,2353,103,122,391,11626,4304,2192,753,10,134,88,7,36,445,894,1795,511,3045,273,295,1028,30756,282,1590,98880,414,3479,668,3468,1305,1977,204,594,3911,519,917,915,276,276,188,5671,1022,677,924,397,850,1045,17814,87,6654,1783,42,18271,4718,12,160,5159,529,47,4178,575,842,193,2387,776,12535,2637,525,579,960,266,673,585,956,531,11,828,7,1307,78,20,102,410,207,744,610,21987,2160,7056,4806,1186,386,784,130,25131,195,10988,1378,8581,853,342,2010,14,26422,4818,8277,34640,2984,12291,205,235,233,575,327,852,501,981,4370,773,27,218,638,25,9,2752,2610,16,245,168,17424,33120,22432,6042,26733,3150,637,50127,69931,10465,34043,49216,59959,194,160,504,448,144,632,864,199,324,511,5060,0.0,0.0,0.0,0.0,0.0,0.0,0.0,0.0,0.0,0.0,0.0,0.0,0.0,0.0,0.0,0.0,0.0,0.0,0.0,0.0,0.0,0.0,0.0,0.0,0.0,0.0,0.0,0.0,0.0,0.0,0.0,0.0,0.0,0.0,0.0,0.0,0.0,0.0,0.0,0.0,0.0,0.0,0.0,0.0,0.0,0.0,0.0,0.0,0.0,0.0,0.0,0.0,0.0,0.0,0.0,0.0,0.0,0.0,0.0,0.0,0.0,0.0,0.0,0.0,0.0,0.0,0.0,0.0,0.0,0.0,0.0,0.0,0.0,0.0,0.0,0.0,0.0,0.0,0.0,0.0,0.0,0.0,0.0,0.0,0.0,0.0,0.0,0.0,0.0,0.0,0.0,0.0,0.0,0.0,0.0,0.0,0.0,0.0,0.0,0.0,0.0,0.0,0.0,0.0,0.0,0.0,0.0,0.0,0.0,0.0,0.0,0.0,0.0,0.0,0.0,0.0,0.0,0.0,0.0,0.0,0.0,0.0,0.0,0.0,0.0,0.0,0.0,0.0,0.0,0.0,0.0,0.0,0.0,0.0,0.0,0.0,0.0,0.0,0.0,0.0,0.0,0.0,0.0,0.0,0.0,0.0,0.0,0.0,0.0,0.0
ENCFF001RGD,0.06076898139936266,795886,1555,1470,136,0,2001,642,38,25,12,9782,176,110,87,48,5,509,128,2745,963,44,124,0,0,0,124,48133,368,45,1449,48,8,39,155,100,0,148,0,0,1101,1762,0,22,0,256,59,455,19,2368,124,132,91,46,8,107784,0,35,6,0,108,115,0,6,49,0,9036,0,5877,21542,33312,67,41,545,3242,5,77,28,37,52,10,55,215,403,20,28,190,0,44,54,0,149,0,0,301,30,0,75985,2222,2,137839,5142,200,4945,126,39,1263,138,220,0,93171,13832,2150,7,1206,19104,19,1074,0,0,82,1053,0,20,74,2565,516,8,299,11,39,5144,314,26129,45,319,2007,47262,186,593,101,89,334,144,0,21988,0,13,1,1,294,68,60,2379,711,27,248,137,36,84,66,10,2,340,6826,5623,6935,0,1,0,51,0,54,34,1632,17,0,0,19,22,71,5594,1978,19694,312,2190,3531,4338,958,2443,4166,6,4415,4687,8293,2736,24900,20161,770,156,725,633,0,55,106,17,0,0,0,3725,0,2632,2144,2,10,116883,7941,516,6222,122,137,1343,4747,4870,7674,39,8753,0,8181,0,10,440,0,22,62,94,275,582,0,32,25,31,70,36,183,129,2269,12,927,375,242,2599,86,12,77,54,13,13,12,145,169,531,103,12,115,286,107,191,50,90954,144,9105,130,38,33,32,41,15,420,1255,31,84,750,16,243,27,433,82,46,33,65,6,33,75,156,119,47,55,52,1495,156,46,38,52,219,2,22,24,55,56,0,5664,1,3820,3,26,0,609,64,4763,1458,10399,0,358,1,0,13,378,16666,1688,301,3318,195,0,155,4,9,215,4057,2773,303,203,3,34,0,0,0,59,55,743,68,772,28,30,27,59,350,151,39155,15,769,56,484,38601,277,45,628,20784,45,80,132,25,22,47,285457,113,57,84,43,73,94,5109,0,1565,343,0,97852,1392,0,101,638,110,0,416,38,63,35,395,56,71,44,8567,50,100,33,82,59,656,2,0,226,0,266,0,0,5,8465,1,0,97,232,0,257,109,7,70,38,0,8643,6919,1938,271,1812,203,0,697,0,29028,1051,1112,50132,402,211,6,0,18,59,218,86,37,70,12,60,0,18,123,0,0,866,458,16,4765,2,4614,5742,6503,525,3786,1265,67,5624,22580,2108,4289,24816,11707,28,10,44,26,46,48,69,16,115,111,1284,0.0,0.0,0.0,0.0,0.0,0.0,0.0,0.0,0.0,0.0,0.0,0.0,0.0,0.0,0.0,0.0,0.0,0.0,0.0,0.0,0.0,0.0,0.0,0.0,0.0,0.0,0.0,0.0,0.0,0.0,0.0,0.0,0.0,0.0,0.0,0.0,0.0,0.0,0.0,0.0,0.0,0.0,0.0,0.0,0.0,0.0,0.0,0.0,0.0,0.0,0.0,0.0,0.0,0.0,0.0,0.0,0.0,0.0,0.0,0.0,0.0,0.0,0.0,0.0,0.0,0.0,0.0,0.0,0.0,0.0,0.0,0.0,0.0,0.0,0.0,0.0,0.0,0.0,0.0,0.0,0.0,0.0,0.0,0.0,0.0,0.0,0.0,0.0,0.0,0.0,0.0,0.0,0.0,0.0,0.0,0.0,0.0,0.0,0.0,0.0,0.0,0.0,0.0,0.0,0.0,0.0,0.0,0.0,0.0,0.0,0.0,0.0,0.0,0.0,0.0,0.0,0.0,0.0,0.0,0.0,0.0,0.0,0.0,0.0,0.0,0.0,0.0,0.0,0.0,0.0,0.0,0.0,0.0,0.0,0.0,0.0,0.0,0.0,0.0,0.0,0.0,0.0,0.0,0.0,0.0,0.0,0.0,0.0,0.0,0.0
ENCFF911ENH,0.0800367717909304,438975,4474,13809,110190,1444,174901,22584,935,1235,932,2511,11221,9733,23978,44981,53268,10227,1591,19583,18869,639,2320,341,229,253,3416,30819,11065,71966,12523,926,2094,2069,6059,5287,985,6320,128,326,29264,36941,234,2759,161,1388,2034,19312,76870,4673,1556,3440,4476,1558,1474,23071,586,1081,1609,591,2419,5523,1938,35260,1574,2409,7958,509,161585,210037,24341,3511,2228,9886,18791,980,4136,1519,2487,2939,745,3163,3563,12296,1377,1729,11977,53,2774,1549,73,4075,1098,124,6176,4384,64868,586438,36247,703,97419,138045,8193,121387,6541,1995,17940,5838,6311,72,11152,27217,26356,859,16511,113554,7130,77222,1053,4948,5742,29838,2027,97289,4556,21060,9826,3202,9091,1419,368,100562,32931,19162,70072,23246,42954,92373,5607,15505,11304,4043,15301,129396,2448,4885,334,394,117,152,7261,930,2729,34068,15541,2159,16189,108484,11435,1365,3714,4249,3977,9622,14290,12595,20695,278,431,225,3252,74,5832,1794,8301,3956,820,102,3416,3070,3279,54605,23709,160097,7783,93531,109035,50765,93496,46194,92955,792,96951,112996,48710,30698,85255,63198,25539,3037,6214,3101,804,1634,2808,560,248,175,346,14168,986,120148,39642,26128,1509,1069421,132938,15774,95514,69159,4087,3423,141177,69564,191497,9332,154364,734,144713,144,1276,3277,924,777,3157,901,12089,7739,105,1959,2954,1784,2787,1381,8265,4759,1573,921,15458,10167,6954,10307,3700,1013,1918,2274,988,982,892,2051,3566,19739,4228,1118,6725,8350,7402,43513,146882,19168,7758,12194,4077,2815,2164,1849,2927,1675,730,28787,1510,2609,17196,1025,5744,1148,13640,3435,3302,1868,3080,1324,1457,2700,7944,7650,2435,3105,2289,7777,4736,2420,2451,3075,13302,98,162,1199,1919,1659,1155,48805,568,32095,57,1811,322,21121,2716,25181,24820,25461,67,9335,345,561,7130,14351,231874,3616,8844,7503,3736,1901,9515,669,878,2530,56293,23463,11499,4222,230,1128,491,23,113,2139,5958,9388,1938,13124,1619,1471,5247,149135,2356,6928,418982,2359,20326,3171,18249,32875,8965,968,13640,44617,2485,3190,3487,1175,1281,1093,156686,3945,2931,3544,1559,3817,4127,87901,279,34217,7854,125,89168,26223,193,939,20632,3082,126,21233,2479,5667,1007,10393,3510,72938,11602,5138,2753,3592,1389,3630,2618,4554,2930,163,4035,150,7489,691,297,515,4205,2005,1946,3060,76030,4348,31202,16340,3141,1717,3239,748,122499,2949,53318,10327,41921,4373,1488,9510,171,117789,23056,36918,161877,13025,52080,1333,1222,1105,4677,4107,3638,2269,5466,28943,3266,83,3572,3413,114,158,13342,13124,106,6407,678,82873,150308,105400,28409,123171,15483,3290,222726,323308,47952,141173,244144,280751,773,603,2409,2116,629,2676,4540,1052,1690,2324,22836,0.0,0.0,0.0,0.0,0.0,0.0,0.0,0.0,0.0,0.0,0.0,0.0,0.0,0.0,0.0,0.0,0.0,0.0,0.0,0.0,0.0,0.0,0.0,0.0,0.0,0.0,0.0,0.0,0.0,0.0,0.0,0.0,0.0,0.0,0.0,0.0,0.0,0.0,0.0,0.0,0.0,0.0,0.0,0.0,0.0,0.0,0.0,0.0,0.0,0.0,0.0,0.0,0.0,0.0,0.0,0.0,0.0,0.0,0.0,0.0,0.0,0.0,0.0,0.0,0.0,0.0,0.0,0.0,0.0,0.0,0.0,0.0,0.0,0.0,0.0,0.0,0.0,0.0,0.0,0.0,0.0,0.0,0.0,0.0,0.0,0.0,0.0,0.0,0.0,0.0,0.0,0.0,0.0,0.0,0.0,0.0,0.0,0.0,0.0,0.0,0.0,0.0,0.0,0.0,0.0,0.0,0.0,0.0,0.0,0.0,0.0,0.0,0.0,0.0,0.0,0.0,0.0,0.0,0.0,0.0,0.0,0.0,0.0,0.0,0.0,0.0,0.0,0.0,0.0,0.0,0.0,0.0,0.0,0.0,0.0,0.0,0.0,0.0,0.0,0.0,0.0,0.0,0.0,0.0,0.0,0.0,0.0,0.0,0.0,0.0
ENCFF996HGW,0.09641882562322591,52595,615,5126,79964,409,85108,9363,435,254,306,838,5821,1889,6022,25738,20923,2389,1258,4862,7289,153,1128,59,84,120,1952,1344,5180,29172,5446,254,140,798,3437,3328,76,3541,48,4,12019,16931,356,769,83,122,1097,9479,25195,122,1079,2360,2502,520,839,13555,139,596,372,339,1231,2863,748,14198,460,365,405,252,54191,61045,10725,2076,1154,3146,11921,433,2523,1030,1343,1602,425,2003,2528,4605,707,1375,6701,36,1445,1178,28,1638,141,25,2157,1567,20309,224218,13086,197,36738,54592,4322,47377,2250,1172,7478,2029,2336,32,5164,11148,11455,144,7298,55282,1754,36996,198,819,1270,9731,475,54146,2235,8454,3353,933,3290,438,65,46169,6576,515,29126,6844,15656,43600,65,6586,3800,2267,4737,33875,383,231,134,198,98,121,3016,646,1123,15564,5247,543,5111,82119,4633,509,2331,1021,919,3749,5630,5295,14207,211,230,89,1966,60,2472,1068,1362,636,46,16,977,839,2075,20687,9005,58194,3964,27318,39817,17579,29686,22720,42932,280,40290,48247,14945,13261,37398,26989,7907,1283,226,536,94,1196,1971,137,72,36,95,6162,122,43512,13102,6396,377,325487,50366,5742,33233,26060,1708,976,46125,21176,66216,2135,55174,162,54249,29,484,1820,46,499,1605,552,7722,4696,30,1375,1306,1107,1804,827,4520,2556,2039,418,8732,5761,2819,5087,2834,693,1362,1548,740,516,351,1625,2295,6064,1238,626,2156,4724,3403,17206,58878,1101,4391,6845,1997,1635,1278,1050,1652,1000,796,11145,908,2255,8253,560,2886,854,6027,2532,1957,1501,1725,1311,848,902,4472,3530,1484,1581,1433,4391,2876,1978,1197,1973,6492,33,75,703,1278,779,356,22006,165,13834,33,362,73,8825,1019,10665,9493,11408,59,3926,105,169,1003,9640,87254,786,2863,4065,1693,79,3983,101,768,2367,24921,7240,8354,1929,225,403,49,39,70,1111,2507,3304,1365,6899,1214,751,1987,98894,342,3077,179120,851,8927,1842,10629,1908,3956,492,303,4893,1389,1903,2001,677,581,356,8404,2534,1864,1935,733,1933,2248,33896,55,20833,2200,43,41623,10293,83,572,6942,1372,80,11865,1258,1403,229,6272,1883,27008,4044,640,1296,2029,944,1711,1499,2304,907,27,1424,101,3415,341,64,146,244,251,299,804,35520,969,11569,4827,730,934,808,195,42527,97,17830,2156,14705,1982,188,3945,16,45516,7932,17328,68208,3976,15915,288,202,637,1670,830,1707,1401,2741,7631,1758,42,262,1962,33,56,4724,4862,8,169,381,35395,54689,36941,10468,45280,5989,554,108151,121868,15836,53189,101192,104466,270,135,1199,1172,393,1653,2371,546,701,1089,9476,0.0,0.0,0.0,0.0,0.0,0.0,0.0,0.0,0.0,0.0,0.0,0.0,0.0,0.0,0.0,0.0,0.0,0.0,0.0,0.0,0.0,0.0,0.0,0.0,0.0,0.0,0.0,0.0,0.0,0.0,0.0,0.0,0.0,0.0,0.0,0.0,0.0,0.0,0.0,0.0,0.0,0.0,0.0,0.0,0.0,0.0,0.0,0.0,0.0,0.0,0.0,0.0,0.0,0.0,0.0,0.0,0.0,0.0,0.0,0.0,0.0,0.0,0.0,0.0,0.0,0.0,0.0,0.0,0.0,0.0,0.0,0.0,0.0,0.0,0.0,0.0,0.0,0.0,0.0,0.0,0.0,0.0,0.0,0.0,0.0,0.0,0.0,0.0,0.0,0.0,0.0,0.0,0.0,0.0,0.0,0.0,0.0,0.0,0.0,0.0,0.0,0.0,0.0,0.0,0.0,0.0,0.0,0.0,0.0,0.0,0.0,0.0,0.0,0.0,0.0,0.0,0.0,0.0,0.0,0.0,0.0,0.0,0.0,0.0,0.0,0.0,0.0,0.0,0.0,0.0,0.0,0.0,0.0,0.0,0.0,0.0,0.0,0.0,0.0,0.0,0.0,0.0,0.0,0.0,0.0,0.0,0.0,0.0,0.0,0.0
ENCFF000WHC,0.06692771432319151,2862,15,307,2508,58,6188,370,23,43,15,37,247,299,649,1436,1980,257,38,328,445,18,49,6,4,4,40,93,248,2058,290,23,11,25,137,116,6,146,2,3,493,847,2,64,0,4,50,434,1748,9,47,77,98,41,30,489,13,27,20,8,56,120,44,885,18,35,30,9,3642,3663,552,87,50,96,469,21,76,45,53,68,15,70,83,323,41,43,212,1,71,46,1,111,23,1,108,116,1298,13025,833,8,2358,3064,195,2680,125,42,375,116,107,2,194,596,492,4,363,2370,218,2329,56,217,191,703,107,2971,112,434,206,54,262,26,10,2348,941,61,1631,647,998,2125,12,311,213,93,256,3003,15,22,7,10,4,0,174,18,49,730,385,45,371,2700,315,24,79,88,69,229,330,310,414,6,9,2,77,3,150,50,327,198,4,0,49,67,77,1210,538,3247,194,2227,2613,1105,2569,984,2051,28,2043,2369,810,756,1783,1446,513,66,16,53,7,37,78,26,8,0,2,318,22,3304,948,741,21,14694,2818,303,2150,1773,85,59,3119,1334,4459,357,3362,7,3470,2,12,84,28,18,52,14,266,141,1,66,75,37,60,31,179,108,25,17,334,247,123,204,101,31,57,48,35,31,23,42,101,353,87,38,159,187,153,956,2735,65,154,286,108,53,48,39,59,36,5,525,21,60,450,22,137,35,296,101,88,52,75,14,28,32,214,173,61,67,40,184,133,54,50,60,257,2,2,41,47,39,24,1069,14,725,0,44,5,491,61,524,464,519,1,156,7,8,63,320,5015,46,134,150,94,8,162,20,36,47,1038,389,225,121,0,14,6,1,0,59,90,237,33,290,38,35,158,3611,34,147,9652,43,481,64,363,89,182,26,25,359,75,59,77,32,28,16,369,77,50,63,28,97,81,1892,6,813,183,1,2156,657,2,23,397,50,4,531,62,90,25,226,83,1137,250,48,62,78,28,81,62,101,59,3,89,5,155,6,9,20,39,28,44,57,2308,152,835,463,117,34,65,14,2804,14,1159,130,969,95,22,263,2,2036,417,753,3116,215,1145,17,20,24,67,40,78,47,84,527,69,3,28,84,2,2,346,317,1,17,18,1942,3159,2427,545,2680,393,36,5487,7103,1137,3213,5462,6342,30,16,57,64,24,60,110,26,46,47,502,0.0,0.0,0.0,0.0,0.0,0.0,0.0,0.0,0.0,0.0,0.0,0.0,0.0,0.0,0.0,0.0,0.0,0.0,0.0,0.0,0.0,0.0,0.0,0.0,0.0,0.0,0.0,0.0,0.0,0.0,0.0,0.0,0.0,0.0,0.0,0.0,0.0,0.0,0.0,0.0,0.0,0.0,0.0,0.0,0.0,0.0,0.0,0.0,0.0,0.0,0.0,0.0,0.0,0.0,0.0,0.0,0.0,0.0,0.0,0.0,0.0,0.0,0.0,0.0,0.0,0.0,0.0,0.0,0.0,0.0,0.0,0.0,0.0,0.0,0.0,0.0,0.0,0.0,0.0,0.0,0.0,0.0,0.0,0.0,0.0,0.0,0.0,0.0,0.0,0.0,0.0,0.0,0.0,0.0,0.0,0.0,0.0,0.0,0.0,0.0,0.0,0.0,0.0,0.0,0.0,0.0,0.0,0.0,0.0,0.0,0.0,0.0,0.0,0.0,0.0,0.0,0.0,0.0,0.0,0.0,0.0,0.0,0.0,0.0,0.0,0.0,0.0,0.0,0.0,0.0,0.0,0.0,0.0,0.0,0.0,0.0,0.0,0.0,0.0,0.0,0.0,0.0,0.0,0.0,0.0,0.0,0.0,0.0,0.0,0.0
ENCFF308HCL,0.10624892301405574,160873,670,11168,171134,1175,203930,37549,640,366,660,1333,7832,3063,16251,100650,35842,7209,813,13293,16143,206,1347,163,18,221,2749,14750,8565,106531,6779,508,588,955,5163,4462,2930,4357,3,84,26031,20442,27,1294,5,248,1006,15158,85746,642,1160,2270,3715,743,498,12961,221,735,1089,219,994,3755,1248,60766,1973,669,4264,20,177682,140552,12289,2641,1900,4697,10990,257,3304,1409,2041,2247,650,2623,2693,7101,999,1594,9514,20,2139,1495,21,2243,279,6,2301,4135,91133,413413,21621,274,60758,82770,5289,74499,3531,1714,9106,2679,2918,0,5933,16072,17181,266,15485,69995,4339,67178,915,3409,5282,18394,1381,131697,4612,16184,7371,1793,3878,594,64,49093,19702,24816,62104,18488,26398,56104,1427,11886,6495,2947,8266,202167,894,1281,335,80,42,41,4073,501,870,31336,8932,1167,8593,179954,12665,602,2928,4007,2807,6285,10150,10582,11108,30,62,158,2699,1,5371,1824,9981,522,6284,63,1721,1068,2568,32910,15397,97980,6955,63238,81381,44534,130191,36596,74337,333,60578,73152,23206,19142,62387,41433,19402,2572,4093,2081,331,1238,2183,333,23,14,980,12377,220,142806,38090,10495,258,796735,112438,13080,72260,84128,1785,1900,121514,54625,200807,9093,103437,860,95696,23,743,1766,10,697,2382,556,9910,4104,20,1810,2292,1500,2413,991,6660,3477,932,471,13150,6388,5519,7298,2972,852,1575,1773,931,1052,764,820,3084,15132,4193,1063,4889,6364,5675,33813,346933,34953,4909,6115,3213,1988,1686,1675,2638,1582,188,26929,1024,2140,10182,717,3617,1016,10236,2560,2609,1627,2325,443,1352,2578,6966,6231,2145,2241,2029,5141,3695,2128,2043,2791,12842,29,118,1000,1630,1199,855,30040,44,18802,41,959,55,12708,1188,20088,15773,20995,16,5248,33,279,2799,8002,282839,1287,7272,5114,2878,835,7380,382,1090,1522,37413,18249,7519,2486,142,373,329,28,21,1787,3156,6288,1292,11887,1463,1162,4591,196294,1788,5469,291050,1534,11741,2410,12060,35302,6702,649,2126,12342,2063,2438,2567,1087,995,716,28008,2814,2220,2733,1793,3121,3050,51839,9,23944,4649,154,61564,15794,6,362,17323,3439,4,16358,2158,2240,432,7655,2761,69578,15314,3610,2367,2842,1100,2668,2303,2868,1785,12,2478,43,4235,238,57,183,8738,2507,507,1837,175327,3479,35985,18532,2964,2113,1613,229,63666,1986,35369,9474,24816,2203,780,6653,51,66363,13757,19501,96481,31828,76098,640,377,998,2113,1241,2989,2007,3418,20081,2678,64,628,2774,25,77,7344,7056,0,3581,316,53528,111621,81202,21920,72949,9588,617,206592,207140,36477,110317,161860,175925,591,202,2104,1713,549,2194,1695,602,824,1276,18243,0.0,0.0,0.0,0.0,0.0,0.0,0.0,0.0,0.0,0.0,0.0,0.0,0.0,0.0,0.0,0.0,0.0,0.0,0.0,0.0,0.0,0.0,0.0,0.0,0.0,0.0,0.0,0.0,0.0,0.0,0.0,0.0,0.0,0.0,0.0,0.0,0.0,0.0,0.0,0.0,0.0,0.0,0.0,0.0,0.0,0.0,0.0,0.0,0.0,0.0,0.0,0.0,0.0,0.0,0.0,0.0,0.0,0.0,0.0,0.0,0.0,0.0,0.0,0.0,0.0,0.0,0.0,0.0,0.0,0.0,0.0,0.0,0.0,0.0,0.0,0.0,0.0,0.0,0.0,0.0,0.0,0.0,0.0,0.0,0.0,0.0,0.0,0.0,0.0,0.0,0.0,0.0,0.0,0.0,0.0,0.0,0.0,0.0,0.0,0.0,0.0,0.0,0.0,0.0,0.0,0.0,0.0,0.0,0.0,0.0,0.0,0.0,0.0,0.0,0.0,0.0,0.0,0.0,0.0,0.0,0.0,0.0,0.0,0.0,0.0,0.0,0.0,0.0,0.0,0.0,0.0,0.0,0.0,0.0,0.0,0.0,0.0,0.0,0.0,0.0,0.0,0.0,0.0,0.0,0.0,0.0,0.0,0.0,0.0,0.0
ENCFF096WNB,0.12612833837721485,35571,1446,1795,6506,79,15167,4314,93,116,157,399,1091,433,1596,2873,2026,1137,276,4539,3001,176,500,49,69,71,453,1785,946,4100,2277,167,105,358,499,426,40,930,22,18,3841,6893,81,432,5,497,433,2250,3122,167,164,140,240,304,258,4908,124,221,278,164,449,624,107,2595,390,296,483,84,19282,24054,4945,279,131,718,4242,214,373,84,152,194,32,180,398,2104,75,83,896,22,167,100,22,880,185,46,917,266,3291,90461,6391,42,17116,23675,1002,20110,383,108,3686,1195,1450,16,2210,5422,5365,245,1901,19689,720,8385,48,215,473,4668,112,7786,307,3831,1773,684,1913,236,79,20513,2313,999,7274,1812,8967,17890,259,1786,2928,310,1952,7831,400,382,29,63,21,26,1520,287,522,5131,3189,464,2742,5869,672,344,316,1272,1438,1487,2769,2348,4355,35,107,54,177,11,437,84,759,205,15,10,223,676,290,9677,4226,25017,805,11542,15831,6425,7411,5896,10104,133,15711,17700,6540,5504,12962,11253,3504,356,276,550,23,95,187,133,63,39,41,2123,125,8166,3723,859,239,272647,19534,1969,16176,4490,773,378,20356,11141,20069,404,30425,135,29189,20,211,511,115,37,264,193,1369,1476,36,94,166,83,158,76,813,426,337,172,1952,1552,1092,2460,200,41,117,162,63,47,43,455,172,2772,355,58,813,858,692,2314,8713,830,787,2306,351,241,208,103,185,67,255,4668,103,145,3020,82,579,78,1760,143,264,81,160,376,58,282,526,527,160,168,119,1434,499,141,154,141,1061,37,13,75,84,397,74,9511,111,6526,16,324,60,3462,558,4916,3984,3461,30,1736,54,132,1739,2505,21054,414,1187,945,576,34,994,233,536,573,7585,4525,1359,955,14,137,81,10,27,95,1038,1564,239,1870,87,103,382,7237,140,464,70326,537,3274,185,1978,2133,956,78,570,3339,116,344,328,84,91,154,8755,360,242,361,208,301,411,15203,57,4595,1186,17,17409,4628,45,178,3137,527,27,2354,129,1018,189,1202,268,4262,469,604,140,349,95,296,179,1044,528,38,530,22,950,197,10,123,433,944,223,539,8573,175,1375,1392,173,208,705,246,24688,150,9251,718,7961,1046,183,1573,33,20396,3805,5982,28250,1169,3510,85,393,65,229,899,336,127,449,3821,340,9,513,171,34,35,2604,2643,34,458,101,15019,19943,12685,3594,20830,2287,457,28096,48940,5514,19409,34953,44509,99,107,122,108,39,160,1068,175,261,359,3354,0.0,0.0,0.0,0.0,0.0,0.0,0.0,0.0,0.0,0.0,0.0,0.0,0.0,0.0,0.0,0.0,0.0,0.0,0.0,0.0,0.0,0.0,0.0,0.0,0.0,0.0,0.0,0.0,0.0,0.0,0.0,0.0,0.0,0.0,0.0,0.0,0.0,0.0,0.0,0.0,0.0,0.0,0.0,0.0,0.0,0.0,0.0,0.0,0.0,0.0,0.0,0.0,0.0,0.0,0.0,0.0,0.0,0.0,0.0,0.0,0.0,0.0,0.0,0.0,0.0,0.0,0.0,0.0,0.0,0.0,0.0,0.0,0.0,0.0,0.0,0.0,0.0,0.0,0.0,0.0,0.0,0.0,0.0,0.0,0.0,0.0,0.0,0.0,0.0,0.0,0.0,0.0,0.0,0.0,0.0,0.0,0.0,0.0,0.0,0.0,0.0,0.0,0.0,0.0,0.0,0.0,0.0,0.0,0.0,0.0,0.0,0.0,0.0,0.0,0.0,0.0,0.0,0.0,0.0,0.0,0.0,0.0,0.0,0.0,0.0,0.0,0.0,0.0,0.0,0.0,0.0,0.0,0.0,0.0,0.0,0.0,0.0,0.0,0.0,0.0,0.0,0.0,0.0,0.0,0.0,0.0,0.0,0.0,0.0,0.0
ENCFF000VUK,0.0799689296545052,2063,24,234,1943,60,5137,275,20,20,17,40,178,256,463,1104,1631,207,24,277,283,9,32,4,3,8,42,54,208,1649,233,13,14,24,118,99,1,103,1,0,462,679,11,42,3,8,26,342,1412,4,44,54,85,18,19,375,16,19,21,14,50,92,29,775,14,30,19,5,2858,2717,382,66,40,68,310,15,67,41,62,54,26,57,66,223,48,33,193,0,58,22,0,95,31,3,96,87,1040,9226,555,2,1590,2276,122,1923,126,36,295,90,103,3,135,385,421,5,266,1752,215,2012,37,164,144,472,93,2615,89,339,178,40,147,27,3,1643,732,41,1480,463,647,1553,12,264,171,52,216,2334,16,17,9,7,0,2,116,14,48,558,247,22,279,2072,224,19,50,54,50,160,240,198,304,11,10,4,49,4,96,49,184,440,2,0,31,51,62,831,408,2359,138,1696,1839,796,1988,755,1615,17,1485,1831,604,484,1284,977,359,46,5,26,5,23,57,22,3,2,2,237,19,2603,734,599,11,12313,1988,219,1514,1410,61,34,2216,942,3386,312,2266,13,2345,1,18,67,34,18,48,13,210,112,3,53,61,28,46,19,152,81,14,8,235,194,104,173,65,24,30,38,36,31,21,24,65,272,70,22,105,135,144,801,1742,34,126,167,73,43,33,24,56,39,5,444,24,66,292,25,81,30,208,72,73,32,64,16,27,28,167,116,63,54,44,147,90,53,51,60,191,1,2,25,29,31,25,784,14,515,1,30,2,364,50,361,424,400,1,158,8,9,65,218,3613,40,119,111,52,2,145,11,30,44,787,353,226,81,5,6,4,2,4,52,66,127,37,225,33,33,95,2822,20,108,6676,39,309,69,317,70,152,24,24,217,62,55,57,30,29,6,265,70,60,66,26,66,70,1396,11,601,144,1,1510,478,0,22,286,44,7,391,39,91,16,182,73,949,217,29,62,57,34,68,49,67,66,0,64,2,98,9,2,8,21,32,44,43,1914,163,574,397,126,23,54,13,2068,5,814,115,699,82,11,170,2,1551,358,544,2303,111,933,13,10,10,48,41,65,40,78,458,60,3,16,80,1,3,252,218,0,12,9,1412,2317,1834,453,1966,255,21,4034,5101,758,2285,3816,4615,19,13,66,46,19,51,99,17,22,35,393,0.0,0.0,0.0,0.0,0.0,0.0,0.0,0.0,0.0,0.0,0.0,0.0,0.0,0.0,0.0,0.0,0.0,0.0,0.0,0.0,0.0,0.0,0.0,0.0,0.0,0.0,0.0,0.0,0.0,0.0,0.0,0.0,0.0,0.0,0.0,0.0,0.0,0.0,0.0,0.0,0.0,0.0,0.0,0.0,0.0,0.0,0.0,0.0,0.0,0.0,0.0,0.0,0.0,0.0,0.0,0.0,0.0,0.0,0.0,0.0,0.0,0.0,0.0,0.0,0.0,0.0,0.0,0.0,0.0,0.0,0.0,0.0,0.0,0.0,0.0,0.0,0.0,0.0,0.0,0.0,0.0,0.0,0.0,0.0,0.0,0.0,0.0,0.0,0.0,0.0,0.0,0.0,0.0,0.0,0.0,0.0,0.0,0.0,0.0,0.0,0.0,0.0,0.0,0.0,0.0,0.0,0.0,0.0,0.0,0.0,0.0,0.0,0.0,0.0,0.0,0.0,0.0,0.0,0.0,0.0,0.0,0.0,0.0,0.0,0.0,0.0,0.0,0.0,0.0,0.0,0.0,0.0,0.0,0.0,0.0,0.0,0.0,0.0,0.0,0.0,0.0,0.0,0.0,0.0,0.0,0.0,0.0,0.0,0.0,0.0
ENCFF000CUA,0.13568966095865842,16210,56,1246,15591,206,30369,2410,87,133,97,282,1742,988,2258,5875,7631,1042,163,2093,3031,70,238,28,14,13,940,48,1795,7618,1750,113,55,222,985,816,9,1023,37,3,3970,4764,31,299,25,7,325,2839,7687,9,231,783,758,186,126,2513,37,125,156,79,301,686,153,4296,97,93,25,20,18659,20422,2766,578,413,516,1886,109,679,264,451,506,129,519,591,1578,241,313,1829,2,515,212,5,479,42,10,502,605,6332,72712,4690,49,12241,18498,1332,15816,905,353,2653,1040,1496,14,1408,3250,3289,45,2221,14019,768,10014,149,491,703,3918,221,13507,682,3294,1355,330,1122,147,104,11327,3127,43,9810,2414,3951,11595,16,2540,701,602,1743,15395,133,69,32,35,11,8,925,167,215,5683,1928,219,1715,15904,1344,133,560,308,282,1233,2502,2128,2156,42,103,5,564,18,918,326,918,362,6,0,355,416,537,6185,2929,18791,1075,12505,15483,6970,13412,7135,14430,98,13615,16330,4089,3846,11812,7867,2441,503,13,259,22,341,522,84,55,12,31,2220,84,13274,4794,2490,282,70288,14721,1295,10706,7803,519,493,16004,7293,22443,1151,18338,90,17722,19,242,416,39,138,512,140,1886,887,3,348,464,341,551,186,1244,732,90,96,2375,1355,852,1113,729,237,324,458,194,164,103,172,679,2358,624,190,949,1175,1065,4666,11176,62,1184,1347,641,506,398,363,571,326,59,2941,226,406,2318,193,772,183,1813,656,587,338,502,35,223,256,1316,1348,438,570,318,1078,800,366,448,626,1962,4,8,197,308,229,467,6662,74,4354,4,197,37,3182,300,3196,4119,3324,20,1302,42,68,414,1785,22109,246,791,1007,440,2,1245,54,72,273,7774,2542,1656,702,11,45,40,2,4,333,409,941,325,1307,225,228,429,18547,164,998,50829,278,2666,512,2718,127,1277,130,25,1479,423,487,560,259,197,120,443,612,501,520,329,651,694,12209,28,5033,1024,23,11872,3024,12,109,4207,233,22,3030,484,443,111,1589,600,6283,998,244,321,582,194,721,443,492,207,4,387,12,1060,32,109,97,161,48,160,282,12434,537,3747,2113,385,170,689,163,14208,42,6221,799,5019,497,159,1113,12,16145,3292,5210,22008,1264,6636,149,63,179,389,195,622,411,686,2047,579,17,75,571,37,6,1762,1614,6,68,68,10004,17298,15012,3134,15200,1763,193,25953,39787,6270,18116,28526,35074,101,82,360,322,90,485,512,102,154,363,3550,0.0,0.0,0.0,0.0,0.0,0.0,0.0,0.0,0.0,0.0,0.0,0.0,0.0,0.0,0.0,0.0,0.0,0.0,0.0,0.0,0.0,0.0,0.0,0.0,0.0,0.0,0.0,0.0,0.0,0.0,0.0,0.0,0.0,0.0,0.0,0.0,0.0,0.0,0.0,0.0,0.0,0.0,0.0,0.0,0.0,0.0,0.0,0.0,0.0,0.0,0.0,0.0,0.0,0.0,0.0,0.0,0.0,0.0,0.0,0.0,0.0,0.0,0.0,0.0,0.0,0.0,0.0,0.0,0.0,0.0,0.0,0.0,0.0,0.0,0.0,0.0,0.0,0.0,0.0,0.0,0.0,0.0,0.0,0.0,0.0,0.0,0.0,0.0,0.0,0.0,0.0,0.0,0.0,0.0,0.0,0.0,0.0,0.0,0.0,0.0,0.0,0.0,0.0,0.0,0.0,0.0,0.0,0.0,0.0,0.0,0.0,0.0,0.0,0.0,0.0,0.0,0.0,0.0,0.0,0.0,0.0,0.0,0.0,0.0,0.0,0.0,0.0,0.0,0.0,0.0,0.0,0.0,0.0,0.0,0.0,0.0,0.0,0.0,0.0,0.0,0.0,0.0,0.0,0.0,0.0,0.0,0.0,0.0,0.0,0.0
ENCFF000ZCJ,0.18406583078647462,1955,1911,147,1580,27,3258,442,16,24,7,33,113,105,199,831,819,108,16,172,237,7,42,3,3,1,34,83,118,853,163,15,9,272,72,54,3,64,0,2,335,479,2,33,0,589,27,222,883,7,33,27,40,17,18,320,6,12,16,7,35,57,5,381,6,17,19,0,2038,1985,330,30,25,58,275,11,34,30,24,27,8,40,45,147,16,14,120,1,33,21,1,60,5,1,39,44,540,6802,508,3,1271,1725,94,1460,54,23,229,58,69,3,124,346,379,2,221,1389,86,982,26,99,97,354,36,1255,49,293,137,26,173,8,6,1267,316,42,476,196,691,1179,18,165,88,37,160,1578,21,15,1,3,0,0,77,12,22,458,223,16,174,1490,135,15,29,58,36,128,279,251,274,3,3,2,41,1,55,30,117,627,3,0,20,39,33,667,288,1813,99,1008,1300,599,1180,515,1019,8,1023,1171,475,435,990,770,2010,37,16,66,3,18,35,9,2,0,4,180,10,1330,487,224,9,495268,1498,156,1146,694,48,23,2180,1533,2128,165,2035,10,2368,2,12,40,9,11,30,9,148,88,2,23,21,25,23,13,95,63,12,10,176,121,59,149,37,16,20,17,14,12,10,32,48,171,46,12,74,88,68,417,1222,54,75,148,58,23,17,16,28,17,9,313,19,24,192,7,53,15,132,28,43,25,20,14,6,12,88,76,26,32,36,111,45,24,28,19,125,1,1,16,19,19,13,701,8,458,1,30,4,235,55,316,284,267,0,76,1,8,48,177,2446,28,84,64,39,4,79,1,12,23,555,223,118,85,0,9,2,0,3,23,66,132,30,141,25,21,49,2106,18,69,5201,866,231,32,174,74,76,13,12,175,27,34,29,12,10,5,308,41,30,35,24,41,52,992,1,435,98,0,1224,317,0,10,281,23,1,259,42,84,11,98,54,529,108,29,29,36,21,46,22,64,39,1,39,0,100,8,1,6,27,31,30,18,1462,98,384,237,67,21,42,14,1640,8,615,92,544,71,7,122,0,1188,238,398,1702,151,458,10,9,7,27,1125,32,17,93,296,31,0,15,47,0,2,192,191,0,13,14,1029,1454,1109,263,1418,146,6,2808,3360,508,1522,2562,3049,12,7,20,25,13,26,49,11,15,20,275,0.0,0.0,0.0,0.0,0.0,0.0,0.0,0.0,0.0,0.0,0.0,0.0,0.0,0.0,0.0,0.0,0.0,0.0,0.0,0.0,0.0,0.0,0.0,0.0,0.0,0.0,0.0,0.0,0.0,0.0,0.0,0.0,0.0,0.0,0.0,0.0,0.0,0.0,0.0,0.0,0.0,0.0,0.0,0.0,0.0,0.0,0.0,0.0,0.0,0.0,0.0,0.0,0.0,0.0,0.0,0.0,0.0,0.0,0.0,0.0,0.0,0.0,0.0,0.0,0.0,0.0,0.0,0.0,0.0,0.0,0.0,0.0,0.0,0.0,0.0,0.0,0.0,0.0,0.0,0.0,0.0,0.0,0.0,0.0,0.0,0.0,0.0,0.0,0.0,0.0,0.0,0.0,0.0,0.0,0.0,0.0,0.0,0.0,0.0,0.0,0.0,0.0,0.0,0.0,0.0,0.0,0.0,0.0,0.0,0.0,0.0,0.0,0.0,0.0,0.0,0.0,0.0,0.0,0.0,0.0,0.0,0.0,0.0,0.0,0.0,0.0,0.0,0.0,0.0,0.0,0.0,0.0,0.0,0.0,0.0,0.0,0.0,0.0,0.0,0.0,0.0,0.0,0.0,0.0,0.0,0.0,0.0,0.0,0.0,0.0
ENCFF000QBT,0.15530965867831,46073,184,2325,25925,462,78504,5377,162,357,251,509,1956,1874,4124,13721,17307,2305,389,3735,5471,170,889,86,63,49,728,947,2093,15513,3341,233,164,377,1511,1359,37,1705,28,11,8816,10341,35,501,10,59,666,4156,11407,109,432,539,897,424,278,9336,134,359,502,104,714,968,142,5482,202,226,284,42,30004,40747,8263,720,452,960,112430,269,943,361,502,507,134,585,1166,3345,282,309,2231,11,532,325,22,1242,86,16,826,688,9955,142713,9809,61,27068,35988,1801,31523,1118,360,5373,1400,1422,29,2621,8653,7766,184,8986,30246,1692,20811,310,1418,1385,7298,561,25647,958,6554,2871,594,2721,346,130,98654,5857,555,10467,4118,266353,26673,147,3146,2383,888,3008,25567,262,356,89,113,16,34,1959,259,439,13849,4808,681,3196,25152,2179,472,823,925,802,2360,3768,3361,7466,47,96,30,639,20,1100,420,696,815,20,0,381,622,776,14189,6461,39260,1636,20842,26427,10983,18317,10206,19855,218,23039,26569,11453,8325,23395,17434,4766,655,235,810,21,325,640,171,54,30,60,3759,174,21914,7821,4693,158,169694,35903,2799,23947,11188,1052,521,30685,15001,38124,3174,45107,189,48918,70,255,664,82,194,790,247,2673,2338,23,405,622,359,576,297,2195,1234,998,164,3551,2797,1726,3527,719,207,420,463,223,230,161,628,684,3474,966,230,1329,1950,1530,5202,6849,532,2010,3643,942,585,443,396,588,300,402,6354,353,524,5287,210,1184,269,3239,629,652,317,603,294,309,420,1445,1386,498,532,465,3459,1079,537,474,529,2509,30,44,258,410,485,243,15969,130,11382,30,523,75,5757,815,8181,6954,8160,16,2077,102,176,1129,3604,40137,664,1749,1973,883,41,1927,153,298,644,10643,4500,1846,1318,79,415,129,13,51,363,1331,2161,611,3420,331,340,839,30729,268,1313,113204,349,5772,608,4009,1133,1789,218,343,3598,545,822,1082,289,252,232,5076,1063,667,1057,312,889,1144,22180,67,8095,1909,26,29695,6628,32,302,4984,671,86,4683,497,1394,328,2654,769,9539,1704,517,482,939,241,748,557,2254,559,19,878,44,1654,92,19,195,355,292,447,436,25097,1336,5480,3415,845,365,826,287,38421,136,13893,1261,12956,1354,217,2749,24,24958,4714,7822,36918,895,8053,186,234,305,596,355,840,429,1058,5371,820,17,209,679,20,22,3837,4119,9,195,183,23593,29888,21504,5092,31032,3451,297,49994,70322,9684,31152,51764,68083,213,134,450,458,151,571,1281,258,372,539,6442,0.0,0.0,0.0,0.0,0.0,0.0,0.0,0.0,0.0,0.0,0.0,0.0,0.0,0.0,0.0,0.0,0.0,0.0,0.0,0.0,0.0,0.0,0.0,0.0,0.0,0.0,0.0,0.0,0.0,0.0,0.0,0.0,0.0,0.0,0.0,0.0,0.0,0.0,0.0,0.0,0.0,0.0,0.0,0.0,0.0,0.0,0.0,0.0,0.0,0.0,0.0,0.0,0.0,0.0,0.0,0.0,0.0,0.0,0.0,0.0,0.0,0.0,0.0,0.0,0.0,0.0,0.0,0.0,0.0,0.0,0.0,0.0,0.0,0.0,0.0,0.0,0.0,0.0,0.0,0.0,0.0,0.0,0.0,0.0,0.0,0.0,0.0,0.0,0.0,0.0,0.0,0.0,0.0,0.0,0.0,0.0,0.0,0.0,0.0,0.0,0.0,0.0,0.0,0.0,0.0,0.0,0.0,0.0,0.0,0.0,0.0,0.0,0.0,0.0,0.0,0.0,0.0,0.0,0.0,0.0,0.0,0.0,0.0,0.0,0.0,0.0,0.0,0.0,0.0,0.0,0.0,0.0,0.0,0.0,0.0,0.0,0.0,0.0,0.0,0.0,0.0,0.0,0.0,0.0,0.0,0.0,0.0,0.0,0.0,0.0
ENCFF000SBP,0.27518540261929975,99550,411,6901,8202,143,66559,13093,165,660,1109,2000,3429,1523,4578,3292,3947,6472,1863,9844,16794,813,3763,257,220,344,862,387,3499,4629,15180,1143,624,1337,2089,2074,13,6495,77,28,20244,45519,72,2109,30,217,2290,11830,3096,77,1270,144,285,2006,1169,32136,924,1496,1156,813,3541,1798,37,1601,762,1601,43,54,80414,138171,37608,956,115,1792,78982,900,1310,143,193,466,42,227,2265,14375,126,58,3125,75,198,146,142,8097,1472,906,4273,523,1607,571430,46660,239,124422,154985,4561,132884,2240,122,24584,7698,8023,93,12612,29908,29654,1510,9447,136866,2407,33049,75,310,1423,28056,129,6837,1235,21672,11117,3391,12691,1468,715,179045,9290,256,4041,5492,143140,121302,42,8183,3382,1147,12410,7836,981,869,41,556,44,109,10018,1484,1550,29381,23754,2571,10293,6525,931,1962,1121,7699,6046,9119,16636,15049,28228,402,625,405,199,163,600,105,3580,425,5,1,101,2275,1322,62223,30245,155937,4854,68628,104127,32971,29006,28837,50040,992,96816,106627,37473,39400,74165,77791,17276,2106,129,2432,27,88,208,1185,197,205,882,11780,137,18180,15456,1504,8347,600239,96413,11341,95414,5982,5654,2224,108611,42805,76866,622,192738,436,207081,166,800,2404,61,40,1066,400,5513,8592,107,85,246,85,204,168,4694,2469,1391,452,10098,8646,4752,12161,272,44,147,208,69,65,92,2763,247,11553,677,89,3850,4590,2354,6188,3615,536,4479,13711,1907,774,605,91,233,81,1058,29268,213,288,21848,70,3694,104,10163,213,659,79,207,734,79,258,1745,1605,170,159,228,10121,2972,162,156,129,2445,25,162,127,108,3092,70,68082,1966,43901,72,2094,186,23813,4781,32097,21188,17175,81,8295,157,810,3269,16350,57600,3185,7195,5666,3971,3,3685,751,1327,3142,23569,9579,3100,7139,908,544,458,60,295,137,4379,9875,1420,10166,155,175,1331,7509,375,1978,478475,646,23157,407,6876,1923,2953,138,88,11841,150,1664,1999,130,172,1028,5062,1939,697,1928,389,1090,2188,95203,170,26488,8580,285,112983,29694,73,1542,16946,2937,195,12559,151,4221,1467,6714,830,4615,1260,1708,257,1604,218,1130,260,5749,252,297,3488,228,5268,1115,59,1525,1324,2090,512,2119,8628,489,3598,3842,336,1420,4199,2132,170125,18,51992,2474,56850,7939,441,10489,34,82054,15955,24266,122084,2209,4669,43,1368,139,463,416,1444,134,615,23275,1341,18,1295,208,172,535,20025,21612,3,86,767,109603,102387,60376,15270,134774,16121,1223,173318,276067,27032,106444,204593,284789,702,742,150,157,83,118,6832,1556,1916,2195,18370,0.0,0.0,0.0,0.0,0.0,0.0,0.0,0.0,0.0,0.0,0.0,0.0,0.0,0.0,0.0,0.0,0.0,0.0,0.0,0.0,0.0,0.0,0.0,0.0,0.0,0.0,0.0,0.0,0.0,0.0,0.0,0.0,0.0,0.0,0.0,0.0,0.0,0.0,0.0,0.0,0.0,0.0,0.0,0.0,0.0,0.0,0.0,0.0,0.0,0.0,0.0,0.0,0.0,0.0,0.0,0.0,0.0,0.0,0.0,0.0,0.0,0.0,0.0,0.0,0.0,0.0,0.0,0.0,0.0,0.0,0.0,0.0,0.0,0.0,0.0,0.0,0.0,0.0,0.0,0.0,0.0,0.0,0.0,0.0,0.0,0.0,0.0,0.0,0.0,0.0,0.0,0.0,0.0,0.0,0.0,0.0,0.0,0.0,0.0,0.0,0.0,0.0,0.0,0.0,0.0,0.0,0.0,0.0,0.0,0.0,0.0,0.0,0.0,0.0,0.0,0.0,0.0,0.0,0.0,0.0,0.0,0.0,0.0,0.0,0.0,0.0,0.0,0.0,0.0,0.0,0.0,0.0,0.0,0.0,0.0,0.0,0.0,0.0,0.0,0.0,0.0,0.0,0.0,0.0,0.0,0.0,0.0,0.0,0.0,0.0
ENCFF000PRJ,0.1375033312867375,162317,197,3736,21954,412,56159,6985,275,347,312,676,3033,2372,5091,12077,14037,2741,509,4875,6391,222,911,91,70,69,796,13192,3294,34681,4310,362,445,501,1933,1726,287,2303,23,22,8456,13226,66,666,31,51,828,6290,15101,1421,594,966,1382,617,494,8388,168,398,394,173,896,1434,220,8712,464,436,3869,53,43785,55446,9698,1187,716,3109,10018,377,1396,489,781,933,185,935,1331,4355,433,504,3524,10,809,491,7,1434,155,20,1472,1101,10162,185135,11813,102,32255,45642,2703,39333,1362,571,6220,1891,1975,16,3339,8508,8557,122,4647,44016,2029,31294,394,1491,1599,9648,780,39597,1356,7264,3423,881,3275,498,174,37561,7917,11851,17378,5240,19627,34104,1885,4498,2696,1289,5163,36088,525,2073,53,176,45,39,2745,356,712,11250,5957,859,4918,23066,2579,526,1248,1168,950,3091,5371,4632,6473,63,240,59,965,42,1693,583,1337,2648,217,2,1146,933,1128,19701,8682,55128,2336,29472,36556,15792,30696,14678,29106,288,32434,38556,13192,11147,27720,22311,6537,880,2573,813,56,562,922,269,95,63,110,4511,243,43622,11117,7126,443,182426,37919,4922,30143,16105,1415,633,40551,18238,49530,2821,54819,220,54541,60,369,850,177,270,977,425,3821,2604,28,613,863,572,871,410,2651,1530,319,196,4882,3260,2250,3564,1263,326,599,738,310,346,255,625,1085,4915,1142,352,1842,2496,2245,8237,15604,7400,2588,3769,1411,924,770,605,930,476,202,9201,449,790,6225,383,1731,405,4339,1012,1058,562,925,261,440,835,2225,2226,772,907,699,2731,1545,745,774,967,3490,32,36,412,580,743,271,17029,116,11624,24,579,77,7660,988,8538,7196,7824,37,3020,101,241,1940,4811,49231,1377,3244,2616,1244,564,2780,250,262,868,14947,5891,2875,1750,49,248,128,13,46,632,1191,2756,750,3962,439,482,1069,30095,922,2018,143636,558,7028,958,5695,13650,2645,288,5713,14185,811,1179,1254,369,401,478,60759,1359,1032,1227,489,1248,1439,28759,92,10974,2495,36,31219,8545,76,385,7050,1144,121,6907,802,2753,378,3325,1167,17911,2569,2270,794,1250,505,1308,829,1739,1054,41,1273,39,1971,205,20,246,1584,293,556,719,17940,1324,7396,4329,966,442,877,185,44178,1079,16621,3463,14662,1784,287,3238,26,31812,6056,10878,47451,1691,14208,427,239,333,1574,470,1321,620,1323,7611,1127,40,1586,945,46,21,4949,5158,33,2536,242,29888,42013,30162,7640,40930,4747,350,69855,98585,13178,42826,71299,90580,277,208,726,651,246,781,1705,274,470,721,7548,0.0,0.0,0.0,0.0,0.0,0.0,0.0,0.0,0.0,0.0,0.0,0.0,0.0,0.0,0.0,0.0,0.0,0.0,0.0,0.0,0.0,0.0,0.0,0.0,0.0,0.0,0.0,0.0,0.0,0.0,0.0,0.0,0.0,0.0,0.0,0.0,0.0,0.0,0.0,0.0,0.0,0.0,0.0,0.0,0.0,0.0,0.0,0.0,0.0,0.0,0.0,0.0,0.0,0.0,0.0,0.0,0.0,0.0,0.0,0.0,0.0,0.0,0.0,0.0,0.0,0.0,0.0,0.0,0.0,0.0,0.0,0.0,0.0,0.0,0.0,0.0,0.0,0.0,0.0,0.0,0.0,0.0,0.0,0.0,0.0,0.0,0.0,0.0,0.0,0.0,0.0,0.0,0.0,0.0,0.0,0.0,0.0,0.0,0.0,0.0,0.0,0.0,0.0,0.0,0.0,0.0,0.0,0.0,0.0,0.0,0.0,0.0,0.0,0.0,0.0,0.0,0.0,0.0,0.0,0.0,0.0,0.0,0.0,0.0,0.0,0.0,0.0,0.0,0.0,0.0,0.0,0.0,0.0,0.0,0.0,0.0,0.0,0.0,0.0,0.0,0.0,0.0,0.0,0.0,0.0,0.0,0.0,0.0,0.0,0.0
ENCFF000BDH,0.13389758916689803,31822,131,2857,33618,709,114853,6534,169,391,249,615,2454,3763,6091,10925,28275,3230,609,5491,5321,201,891,173,72,106,963,170,2488,32668,4364,330,177,403,1327,1251,16,2011,24,29,6558,13872,98,874,23,49,889,5019,20839,36,428,676,914,611,467,11680,232,428,437,180,894,1365,155,10046,235,762,49,100,40321,42737,11331,710,454,854,8412,343,962,335,521,559,126,586,993,4692,244,319,2408,33,563,295,70,1776,184,37,1346,806,10581,177487,11765,123,32408,44454,2132,39187,888,351,7459,2162,2073,40,3600,10344,8621,355,4326,38401,2419,33735,467,1909,1863,9184,885,47394,1012,6726,3077,983,3521,518,196,37999,9768,137,24410,5899,21578,34100,31,3631,3949,793,3575,23777,578,246,78,164,51,64,2709,448,765,10288,5716,920,3798,30554,2135,587,832,1121,1019,2728,4385,3874,10174,94,275,96,639,52,1160,371,850,630,14,0,288,884,759,17876,7869,46734,1920,27394,33490,12185,23047,12469,22427,251,27567,31165,12251,10366,23914,19513,5258,727,33,821,33,311,518,277,93,41,70,3762,332,26380,8768,9573,424,186029,33420,3133,28823,17769,1388,614,36827,16844,44700,3878,46921,174,49045,71,439,812,278,174,700,339,3049,3018,31,428,546,323,587,237,1996,1175,1313,262,4241,3429,1970,5175,721,193,417,454,243,239,156,1223,702,4756,868,197,1676,1946,1607,6747,12824,181,1931,5420,988,578,453,371,623,301,720,8259,302,558,6384,232,1465,274,3625,658,692,332,533,604,280,412,1594,1641,494,632,425,4428,1196,483,468,539,2664,28,72,251,335,1429,139,18328,259,13180,42,713,109,7179,938,9197,6971,6297,35,2900,131,216,1135,4681,47087,792,1977,2375,1124,11,2045,250,368,853,16284,5724,3049,1852,114,540,295,16,147,405,3087,3343,539,3737,338,314,1288,41648,230,1363,132113,440,6750,685,4363,409,2112,202,57,3595,460,728,834,254,265,229,1323,1011,656,847,402,791,1042,27773,121,9338,2346,28,36526,7881,77,336,5617,620,68,5395,502,3028,349,2601,805,22080,1920,525,476,861,347,885,536,1836,198,39,1024,25,1891,309,73,310,388,212,689,688,19036,1816,5850,4306,1082,434,1048,170,46356,49,17633,1301,14901,1823,443,3116,24,36024,5461,11214,47153,1175,14264,172,187,234,563,265,791,411,1302,5975,784,27,215,672,40,78,4933,5271,46,64,238,27288,36208,25661,6608,37474,4556,433,60697,87322,10899,36311,64403,82177,333,233,446,404,155,601,2384,387,727,778,6200,0.0,0.0,0.0,0.0,0.0,0.0,0.0,0.0,0.0,0.0,0.0,0.0,0.0,0.0,0.0,0.0,0.0,0.0,0.0,0.0,0.0,0.0,0.0,0.0,0.0,0.0,0.0,0.0,0.0,0.0,0.0,0.0,0.0,0.0,0.0,0.0,0.0,0.0,0.0,0.0,0.0,0.0,0.0,0.0,0.0,0.0,0.0,0.0,0.0,0.0,0.0,0.0,0.0,0.0,0.0,0.0,0.0,0.0,0.0,0.0,0.0,0.0,0.0,0.0,0.0,0.0,0.0,0.0,0.0,0.0,0.0,0.0,0.0,0.0,0.0,0.0,0.0,0.0,0.0,0.0,0.0,0.0,0.0,0.0,0.0,0.0,0.0,0.0,0.0,0.0,0.0,0.0,0.0,0.0,0.0,0.0,0.0,0.0,0.0,0.0,0.0,0.0,0.0,0.0,0.0,0.0,0.0,0.0,0.0,0.0,0.0,0.0,0.0,0.0,0.0,0.0,0.0,0.0,0.0,0.0,0.0,0.0,0.0,0.0,0.0,0.0,0.0,0.0,0.0,0.0,0.0,0.0,0.0,0.0,0.0,0.0,0.0,0.0,0.0,0.0,0.0,0.0,0.0,0.0,0.0,0.0,0.0,0.0,0.0,0.0
ENCFF000BDX,0.18891812589462123,55405,273,5472,58155,1916,306336,10167,448,943,586,1086,5130,9061,15412,20319,74523,6674,968,10732,10156,304,1382,281,132,115,1608,371,5293,51969,7134,488,265,783,2688,2461,39,3429,23,54,12381,21519,158,1279,69,102,1309,9700,38604,66,978,1272,2004,960,634,12651,381,737,745,284,1784,2763,447,20651,487,1635,139,221,78682,78991,14301,1536,925,1754,11429,587,1862,743,1079,1317,304,1437,1742,7122,600,737,5290,44,1173,728,55,2744,350,76,2306,1935,22885,320484,20126,219,54837,74423,4379,64368,1862,905,10481,3146,3200,56,5461,14570,14405,585,7546,60328,5881,94226,1506,5498,4779,16894,2358,122897,2075,11176,5519,1431,5139,844,384,58919,22978,269,39411,13858,25698,54289,75,7575,7290,1734,6468,39816,931,375,190,214,113,76,4408,622,1174,18407,9371,1485,6654,54988,4937,1080,1757,2291,1853,5200,7476,6861,10502,131,322,143,1424,68,2575,762,1501,2902,19,22,726,1440,1488,28061,13794,79348,3551,54776,62219,24457,43200,21930,44427,577,49039,56652,19378,17333,39540,33494,9489,1503,93,1535,102,683,1271,360,105,75,99,7012,763,51497,19059,23970,722,328193,63608,5897,49608,38224,2243,1005,70100,32943,91349,10203,79074,287,81829,85,584,1371,400,387,1392,424,5813,4327,42,918,1150,781,1223,524,3982,2164,425,390,7684,5258,3603,4975,1669,434,936,1028,487,507,457,923,1507,9508,1883,471,3187,3724,3395,14858,42712,341,3650,5863,2061,1303,981,856,1368,670,260,12675,684,1174,9536,550,2543,602,6533,1451,1418,836,1218,344,604,930,3528,3444,1050,1293,982,4895,2454,962,1055,1277,6167,41,83,585,804,1090,322,28450,494,19334,111,1151,224,12080,1449,13217,12533,11885,65,5400,415,370,2429,7247,107894,1221,3467,3620,1990,43,4634,413,596,1369,25534,11738,6053,2844,227,819,373,35,166,937,5097,5925,990,6953,720,668,2278,78944,577,3173,232077,902,10959,1420,8583,883,3936,429,216,6492,1057,1489,1598,517,596,505,2925,1914,1423,1708,904,1762,1971,46982,304,17280,4001,42,49031,12324,122,606,10752,1208,124,10437,1152,2427,569,4997,1632,38484,5032,966,1106,1784,653,1801,1206,2521,430,44,1835,47,2948,253,58,401,613,520,1677,1523,39161,5313,13741,11271,3077,1043,1803,369,70518,142,28613,2458,24148,3135,837,5450,69,55598,10211,18442,78496,3997,26398,340,382,462,1197,620,1669,1026,2061,12124,1583,38,410,1426,41,82,8083,8215,38,154,322,47450,69599,47898,12878,66012,7915,778,113729,159313,21275,70003,117325,146257,579,337,983,916,294,1156,2650,706,1111,1443,12008,0.0,0.0,0.0,0.0,0.0,0.0,0.0,0.0,0.0,0.0,0.0,0.0,0.0,0.0,0.0,0.0,0.0,0.0,0.0,0.0,0.0,0.0,0.0,0.0,0.0,0.0,0.0,0.0,0.0,0.0,0.0,0.0,0.0,0.0,0.0,0.0,0.0,0.0,0.0,0.0,0.0,0.0,0.0,0.0,0.0,0.0,0.0,0.0,0.0,0.0,0.0,0.0,0.0,0.0,0.0,0.0,0.0,0.0,0.0,0.0,0.0,0.0,0.0,0.0,0.0,0.0,0.0,0.0,0.0,0.0,0.0,0.0,0.0,0.0,0.0,0.0,0.0,0.0,0.0,0.0,0.0,0.0,0.0,0.0,0.0,0.0,0.0,0.0,0.0,0.0,0.0,0.0,0.0,0.0,0.0,0.0,0.0,0.0,0.0,0.0,0.0,0.0,0.0,0.0,0.0,0.0,0.0,0.0,0.0,0.0,0.0,0.0,0.0,0.0,0.0,0.0,0.0,0.0,0.0,0.0,0.0,0.0,0.0,0.0,0.0,0.0,0.0,0.0,0.0,0.0,0.0,0.0,0.0,0.0,0.0,0.0,0.0,0.0,0.0,0.0,0.0,0.0,0.0,0.0,0.0,0.0,0.0,0.0,0.0,0.0
ENCFF002EVT,0.18616473621841675,48240,239,4404,51871,1028,124481,8378,363,795,423,809,4027,6760,13392,25069,46276,5059,796,9201,8110,244,1074,117,126,167,1224,724,4376,39527,5311,391,243,671,2422,2178,46,2793,59,32,10115,15958,142,919,96,93,923,7911,29565,99,688,1310,1823,710,465,9010,263,530,512,202,1216,2061,506,18547,386,414,214,97,64499,70117,10408,1445,961,1656,7312,480,1507,673,1077,1214,298,1307,1562,5205,620,717,4670,45,1166,649,28,1965,277,57,1405,1566,23630,242177,15331,157,40440,56440,3453,47913,1548,882,7516,2186,2447,26,4033,10246,10482,320,6169,44940,3732,46970,741,2861,2852,12174,1264,67811,1743,8260,4217,1116,3782,562,242,43726,20195,650,40176,12479,13997,39167,134,5863,6142,1692,4875,65833,828,367,155,198,56,50,3354,532,767,14454,7423,1049,5469,51312,4142,654,1580,1918,1666,4232,6088,5130,7587,97,256,62,1292,78,2315,779,1371,457,30,7,723,1076,1405,21000,10386,61359,3015,41572,48231,18887,40849,17414,35704,457,38751,45418,15348,13118,31807,25886,8062,1225,149,1196,58,673,1192,263,105,49,104,5281,482,47127,15108,19275,277,264087,50904,4660,38361,34835,1684,778,54522,26853,78406,6307,61372,241,62588,70,447,1122,201,347,1260,347,4918,3295,53,841,1217,784,1176,551,3319,2016,273,339,6235,4050,2895,3440,1549,416,924,1013,467,494,370,682,1418,6845,1687,466,2363,3055,2879,14150,23812,528,3213,4223,1666,1086,854,855,1298,664,162,10637,647,1120,7291,494,2127,555,5314,1399,1352,792,1175,247,619,672,3218,3089,1124,1243,950,3399,2143,1119,1033,1269,4999,42,48,551,811,705,338,21111,127,13676,53,723,89,9471,1082,10027,9118,9789,51,3914,220,326,2069,5504,106743,913,2751,2803,1501,48,3502,305,324,1127,20031,10183,3970,2110,128,246,189,20,111,876,999,3227,765,4566,677,692,2601,72489,493,2793,172828,750,8619,1223,7113,1051,3377,411,326,5284,1065,1425,1455,517,568,368,4359,1620,1334,1459,601,1589,1710,34953,144,13923,3031,56,36496,9681,47,471,8058,1103,82,8724,1074,1905,452,4125,1498,33268,3818,795,1007,1513,568,1573,1202,1914,768,50,1519,64,2478,240,58,303,541,490,1075,1170,42896,2823,12285,7324,1880,688,1177,407,52687,101,20971,2173,17694,2392,455,3975,43,39921,7378,13344,57156,2114,25388,329,297,465,1143,638,1443,914,1848,10999,1431,62,360,1392,49,69,5935,5993,5,196,290,34885,54052,39195,10038,49625,5678,915,87875,121867,17246,55358,89117,109820,423,257,983,896,275,1151,1835,428,639,933,9371,0.0,0.0,0.0,0.0,0.0,0.0,0.0,0.0,0.0,0.0,0.0,0.0,0.0,0.0,0.0,0.0,0.0,0.0,0.0,0.0,0.0,0.0,0.0,0.0,0.0,0.0,0.0,0.0,0.0,0.0,0.0,0.0,0.0,0.0,0.0,0.0,0.0,0.0,0.0,0.0,0.0,0.0,0.0,0.0,0.0,0.0,0.0,0.0,0.0,0.0,0.0,0.0,0.0,0.0,0.0,0.0,0.0,0.0,0.0,0.0,0.0,0.0,0.0,0.0,0.0,0.0,0.0,0.0,0.0,0.0,0.0,0.0,0.0,0.0,0.0,0.0,0.0,0.0,0.0,0.0,0.0,0.0,0.0,0.0,0.0,0.0,0.0,0.0,0.0,0.0,0.0,0.0,0.0,0.0,0.0,0.0,0.0,0.0,0.0,0.0,0.0,0.0,0.0,0.0,0.0,0.0,0.0,0.0,0.0,0.0,0.0,0.0,0.0,0.0,0.0,0.0,0.0,0.0,0.0,0.0,0.0,0.0,0.0,0.0,0.0,0.0,0.0,0.0,0.0,0.0,0.0,0.0,0.0,0.0,0.0,0.0,0.0,0.0,0.0,0.0,0.0,0.0,0.0,0.0,0.0,0.0,0.0,0.0,0.0,0.0
ENCFF630LYO,0.6580921389562283,93652989,298924,7236,968,2,8327,2638,94,108,65,4625,615,298,445,197,398,1627,1020,1071,2319,61,618,508,691,22,281,2507250,631,477,1568,227,5697,438,414,289,71,460,8,0,6534,4744,23,138,278,47054,99,1651,280,580815,414,233,263,96,744,66398,5,127,36,73,840,266,5,185,62,10,426498,9,13859,54057,11543,222,156,28969,5444,30,237,119,150,196,37,169,163,1243,72,139,788,16,140,211,0,1163,2,0,636,62,292,132066,5320,338,83596,19547,420,17608,327,115,2252,789,811,2,83156,35450,5315,220,2622,57764,70,3166,6,25,105,2749,14,645,172,4678,1610,759,1087,60,17,17254,759,1014088,403,542,6987,37314,273100,1831,469,213,104171,990,115,663899,0,43,152,7,883,181,121,4338,2198,125,865,814,115,573,205,2039,995,950,1352,1402,16929,283,24,26,126,0,205,106,3216,3847,0,0,874,100,254,8916,3106,573723,788,8450,12259,4285,4071,4542,8758,60,14946,16278,8281,6033,21295,72670,2065,331,13031,13,12,76,229,39,8,29,0,2237,0,4005,1967,135,5,18905772,13731,105926,13442,620,689,779,10878,6176,8316,99,24625,3,22564,48,59,667,1,67,206,127,997,1084,17,139,117,108,167,63,591,242,789,48,2129,1120,549,3504,264,61,141,144,113,65,53,541,125,1387,216,68,380,697,301,780,915,4481150,561,15714,402,88,78,154,172,71,118,6775,151,249,2134,81,642,69,1211,233,139,114,161,22,69,215,552,358,150,179,162,2159,1044,209,100,167,678,10,1,86,206,205,12,12348,57,6710,17,95,0,1961,232,7167,4154,2061,0,1102,31,96,52,1501,20867,97329,4477,14340,468,1170,361,20,47,836,4429,1218,557,735,74,561,11,0,2,133,17,1037,77,1182,99,93,201,888,94797,490,53784,44031,2655,124,1256,2825327,500,89,480556,1215412,133,237,224,72,35,114,40919207,295,216,173,68,206,209,8960,12,3899,1548,4,46974,7166,0,280,2019,1223,2,1632,140,168,148,1314,184,463,73,633255,113,194,152,170,197,719,21,10,1002,0,664,1025,1109,4,293892,392,7,83,1175,2,840,536,40,385,914,48,33834,199247,8897,10896,5576,677,14,1513,0,19151,1987,3308,67847,116,569,105,0,57,214,117155,146,171,292,139,209,0,5206,156,0,0,2520,1740,0,241351,3374,11928,19109,8759,1848,12812,2720,240,18050,60194,3738,16655,41534,30881,17,67,108,80,95,130,356,198,438,231,3200,0.0,0.0,0.0,0.0,0.0,0.0,0.0,0.0,0.0,0.0,0.0,0.0,0.0,0.0,0.0,0.0,0.0,0.0,0.0,0.0,0.0,0.0,0.0,0.0,0.0,0.0,0.0,0.0,0.0,0.0,0.0,0.0,0.0,0.0,0.0,0.0,0.0,0.0,0.0,0.0,0.0,0.0,0.0,0.0,0.0,0.0,0.0,0.0,0.0,0.0,0.0,0.0,0.0,0.0,0.0,0.0,0.0,0.0,0.0,0.0,0.0,0.0,0.0,0.0,0.0,0.0,0.0,0.0,0.0,0.0,0.0,0.0,0.0,0.0,0.0,0.0,0.0,0.0,0.0,0.0,0.0,0.0,0.0,0.0,0.0,0.0,0.0,0.0,0.0,0.0,0.0,0.0,0.0,0.0,0.0,0.0,0.0,0.0,0.0,0.0,0.0,0.0,0.0,0.0,0.0,0.0,0.0,0.0,0.0,0.0,0.0,0.0,0.0,0.0,0.0,0.0,0.0,0.0,0.0,0.0,0.0,0.0,0.0,0.0,0.0,0.0,0.0,0.0,0.0,0.0,0.0,0.0,0.0,0.0,0.0,0.0,0.0,0.0,0.0,0.0,0.0,0.0,0.0,0.0,0.0,0.0,0.0,0.0,0.0,0.0
ENCFF000YCE,0.08414113198493602,2725,18,257,3488,81,6505,512,35,49,27,50,249,432,832,1592,2689,347,52,473,443,14,66,4,5,9,55,40,270,2620,309,30,19,46,162,120,2,157,3,2,652,983,7,70,6,5,55,454,2206,4,56,66,102,33,30,628,17,26,39,11,65,123,31,1146,25,37,14,7,4181,4254,653,86,56,85,492,26,92,51,83,88,15,66,106,346,50,42,269,2,73,36,1,151,13,3,119,103,1427,14995,951,11,2540,3657,197,3096,110,41,454,142,143,1,238,661,662,22,406,2903,324,2573,48,239,198,766,100,3796,94,553,231,81,302,39,15,2831,1264,26,2546,819,1042,2510,4,365,345,88,309,4475,54,22,3,15,3,2,209,33,58,886,458,59,403,3294,296,36,73,109,107,235,352,309,492,4,18,3,92,4,160,46,154,1004,2,0,39,88,74,1421,662,3891,206,2554,3005,1225,2823,1098,2202,17,2391,2730,941,808,2075,1647,570,80,12,78,4,51,71,21,6,0,9,314,35,3098,1063,1156,13,16712,3330,282,2379,2210,107,69,3523,1548,4739,440,3891,7,4010,6,23,99,33,24,69,15,273,183,4,48,92,49,67,42,174,107,18,24,354,249,155,245,104,26,50,64,46,40,28,53,96,414,96,31,158,177,156,1104,1460,24,194,276,103,59,42,58,66,42,11,693,27,63,481,38,118,42,329,67,79,43,87,23,35,31,206,190,70,70,70,215,93,69,71,79,260,1,3,27,45,46,21,1317,5,906,2,50,10,564,77,614,548,563,3,209,10,14,111,378,6403,66,185,173,100,2,193,13,19,68,1180,589,243,124,11,17,11,1,8,56,56,223,42,281,62,44,171,5006,48,179,10759,26,571,65,412,43,188,23,17,319,73,57,81,37,46,19,193,109,91,89,32,94,107,2267,10,858,204,5,2395,661,1,30,502,69,7,554,56,128,23,231,105,1861,248,42,61,63,27,74,61,138,39,3,94,6,179,30,2,19,34,18,83,73,2729,231,772,480,151,46,78,25,3455,1,1239,133,1141,154,17,280,1,2367,452,767,3408,106,1517,22,19,21,74,38,75,50,112,618,82,2,20,113,4,2,398,411,0,9,26,2131,3089,2475,561,3009,406,39,5709,7296,1093,3159,5559,6940,31,24,57,66,27,65,115,28,34,59,586,0.0,0.0,0.0,0.0,0.0,0.0,0.0,0.0,0.0,0.0,0.0,0.0,0.0,0.0,0.0,0.0,0.0,0.0,0.0,0.0,0.0,0.0,0.0,0.0,0.0,0.0,0.0,0.0,0.0,0.0,0.0,0.0,0.0,0.0,0.0,0.0,0.0,0.0,0.0,0.0,0.0,0.0,0.0,0.0,0.0,0.0,0.0,0.0,0.0,0.0,0.0,0.0,0.0,0.0,0.0,0.0,0.0,0.0,0.0,0.0,0.0,0.0,0.0,0.0,0.0,0.0,0.0,0.0,0.0,0.0,0.0,0.0,0.0,0.0,0.0,0.0,0.0,0.0,0.0,0.0,0.0,0.0,0.0,0.0,0.0,0.0,0.0,0.0,0.0,0.0,0.0,0.0,0.0,0.0,0.0,0.0,0.0,0.0,0.0,0.0,0.0,0.0,0.0,0.0,0.0,0.0,0.0,0.0,0.0,0.0,0.0,0.0,0.0,0.0,0.0,0.0,0.0,0.0,0.0,0.0,0.0,0.0,0.0,0.0,0.0,0.0,0.0,0.0,0.0,0.0,0.0,0.0,0.0,0.0,0.0,0.0,0.0,0.0,0.0,0.0,0.0,0.0,0.0,0.0,0.0,0.0,0.0,0.0,0.0,0.0
ENCFF001FNC,0.06786714970201951,17091,15,794,5545,126,14855,3574,28,90,64,177,450,727,1529,2424,4427,832,101,1112,1253,74,225,25,9,5,163,125,487,3811,965,56,45,85,277,228,4,326,6,3,2905,5891,12,194,8,4,144,988,3001,20,98,106,187,127,181,5626,47,85,67,23,150,244,64,1987,192,77,36,32,8964,12320,7419,165,90,252,4357,78,175,69,113,118,26,124,161,2841,56,85,535,1,134,78,4,365,35,1,304,234,3675,43431,4040,15,10632,14421,381,13558,179,84,2661,703,378,7,2573,7836,4915,18,2601,14440,399,5850,84,292,303,2147,120,7501,201,1664,748,146,1255,126,23,11572,2367,126,2843,1450,9594,11905,24,767,626,170,1235,5604,101,78,22,39,8,5,628,171,143,4081,1494,174,951,5217,476,105,158,614,783,992,1223,1045,8385,31,42,3,140,1,240,89,241,404,2,0,59,129,180,7849,1935,13165,562,6861,8808,2806,5101,5540,7157,73,9001,9555,5041,3241,13431,5229,1097,216,31,155,12,73,119,79,11,6,14,903,55,6600,2321,2164,37,75085,7876,806,7775,3756,289,166,10048,3649,11253,661,14377,55,15337,27,96,238,34,35,161,65,1720,1832,9,78,124,78,115,55,455,222,2380,47,848,1876,405,7184,133,36,87,92,50,34,41,2153,139,1351,177,41,365,460,287,1826,2378,99,373,6009,238,129,75,101,125,92,1705,2726,67,103,3391,49,312,58,1523,148,123,88,123,241,58,78,395,328,112,128,100,3716,293,111,103,103,592,3,9,42,84,237,37,5911,24,5364,5,133,7,1673,377,4134,1667,2946,5,527,13,94,186,1015,11924,181,426,2012,332,12,360,65,138,262,3830,1380,485,332,6,36,26,2,11,95,221,537,84,1055,60,69,287,7512,63,298,39626,78,2293,132,774,216,461,36,63,1072,98,143,170,56,49,69,906,203,124,154,60,165,192,8294,1,3656,686,5,20997,2379,84,67,3322,129,11,1205,108,371,52,546,145,3295,475,145,100,179,74,188,125,1449,78,7,299,6,549,45,8,82,111,52,122,149,4072,242,1531,883,200,113,219,32,19248,13,4114,322,4415,372,38,630,10,7301,1964,2020,20225,341,2412,28,24,51,136,54,158,97,1023,1124,138,8,71,128,2,4,1092,1480,0,30,49,7348,11759,11033,1530,9390,1132,106,15321,26753,4753,9453,19926,23284,96,31,107,94,36,116,723,80,128,139,1434,0.0,0.0,0.0,0.0,0.0,0.0,0.0,0.0,0.0,0.0,0.0,0.0,0.0,0.0,0.0,0.0,0.0,0.0,0.0,0.0,0.0,0.0,0.0,0.0,0.0,0.0,0.0,0.0,0.0,0.0,0.0,0.0,0.0,0.0,0.0,0.0,0.0,0.0,0.0,0.0,0.0,0.0,0.0,0.0,0.0,0.0,0.0,0.0,0.0,0.0,0.0,0.0,0.0,0.0,0.0,0.0,0.0,0.0,0.0,0.0,0.0,0.0,0.0,0.0,0.0,0.0,0.0,0.0,0.0,0.0,0.0,0.0,0.0,0.0,0.0,0.0,0.0,0.0,0.0,0.0,0.0,0.0,0.0,0.0,0.0,0.0,0.0,0.0,0.0,0.0,0.0,0.0,0.0,0.0,0.0,0.0,0.0,0.0,0.0,0.0,0.0,0.0,0.0,0.0,0.0,0.0,0.0,0.0,0.0,0.0,0.0,0.0,0.0,0.0,0.0,0.0,0.0,0.0,0.0,0.0,0.0,0.0,0.0,0.0,0.0,0.0,0.0,0.0,0.0,0.0,0.0,0.0,0.0,0.0,0.0,0.0,0.0,0.0,0.0,0.0,0.0,0.0,0.0,0.0,0.0,0.0,0.0,0.0,0.0,0.0
ENCFF000YEN,0.06671779327543727,2522,9,231,2656,35,4348,329,25,23,15,41,181,285,493,1228,1607,216,27,288,307,11,25,5,3,3,43,58,234,1934,181,18,15,48,134,94,1,93,1,1,413,594,5,44,1,4,36,323,1735,8,39,65,90,21,25,373,10,19,13,5,37,88,31,890,14,17,25,4,2971,2880,370,52,31,60,287,15,72,34,47,61,11,65,40,215,24,37,200,1,63,32,0,81,8,1,61,89,1206,9796,589,7,1601,2141,167,2063,145,36,264,92,67,0,144,390,426,9,330,1797,187,1665,30,171,145,472,70,2612,69,376,148,48,175,17,7,1636,778,53,1867,554,664,1534,17,261,198,63,224,3267,36,21,8,9,3,2,122,19,36,587,263,26,244,2474,244,21,63,60,56,184,224,184,321,1,14,0,53,3,122,27,180,103,1,0,38,41,51,872,384,2454,123,1636,1954,879,2043,776,1650,8,1610,1767,636,569,1369,976,341,39,12,37,6,42,41,7,9,3,3,213,20,2325,759,706,7,12050,2071,202,1531,1605,60,50,2370,1090,3593,289,2306,11,2338,3,16,46,18,29,57,16,196,119,3,41,54,25,52,26,135,72,15,9,264,160,94,162,91,28,51,39,15,22,12,39,66,274,59,30,116,163,101,903,2045,28,134,220,95,55,45,42,54,26,6,387,25,56,292,17,79,23,219,57,69,44,56,17,34,31,146,148,51,61,44,128,88,34,45,59,216,0,1,20,36,32,13,865,5,532,2,28,1,327,52,446,380,399,2,114,6,17,52,213,4770,38,105,139,56,13,139,10,10,34,791,356,162,89,2,7,5,0,3,42,25,128,34,174,27,28,126,3593,21,119,6801,31,297,53,277,62,167,19,47,272,73,50,55,29,28,12,380,73,50,65,23,77,74,1348,2,628,137,1,1475,377,0,22,301,28,1,380,39,85,10,179,65,1445,200,46,67,60,34,97,45,67,25,1,65,3,92,10,1,11,14,11,52,45,2054,131,668,372,98,31,39,11,2102,9,784,100,700,59,19,154,0,1496,289,514,2206,185,1177,10,4,21,44,27,48,43,75,392,39,3,15,80,0,0,248,221,0,16,10,1292,2306,1863,412,1845,289,20,4014,5058,817,2309,3837,4421,14,19,41,47,15,47,76,20,36,36,384,0.0,0.0,0.0,0.0,0.0,0.0,0.0,0.0,0.0,0.0,0.0,0.0,0.0,0.0,0.0,0.0,0.0,0.0,0.0,0.0,0.0,0.0,0.0,0.0,0.0,0.0,0.0,0.0,0.0,0.0,0.0,0.0,0.0,0.0,0.0,0.0,0.0,0.0,0.0,0.0,0.0,0.0,0.0,0.0,0.0,0.0,0.0,0.0,0.0,0.0,0.0,0.0,0.0,0.0,0.0,0.0,0.0,0.0,0.0,0.0,0.0,0.0,0.0,0.0,0.0,0.0,0.0,0.0,0.0,0.0,0.0,0.0,0.0,0.0,0.0,0.0,0.0,0.0,0.0,0.0,0.0,0.0,0.0,0.0,0.0,0.0,0.0,0.0,0.0,0.0,0.0,0.0,0.0,0.0,0.0,0.0,0.0,0.0,0.0,0.0,0.0,0.0,0.0,0.0,0.0,0.0,0.0,0.0,0.0,0.0,0.0,0.0,0.0,0.0,0.0,0.0,0.0,0.0,0.0,0.0,0.0,0.0,0.0,0.0,0.0,0.0,0.0,0.0,0.0,0.0,0.0,0.0,0.0,0.0,0.0,0.0,0.0,0.0,0.0,0.0,0.0,0.0,0.0,0.0,0.0,0.0,0.0,0.0,0.0,0.0
ENCFF715EGE,0.09127294129601146,1705884,3721,18099,792,3,12295,2624,74,365,167,877,953,147,675,110,28,1752,522,2557,5770,205,713,236,9339,34,298,33549,1257,419,2805,751,5765,1210,645,484,1712,985,13,1,9335,9069,184,655,13,1540,187,2525,160,11005,247,267,474,427,664,53479,161,316,199,135,562,510,1,16,70,196,4867,1,24914,56418,33353,339,274,30894,6043,332,380,131,274,287,47,308,341,3294,129,127,1371,45,289,132,29,1889,24,0,667,249,125,161025,9692,26,77472,41877,991,36762,398,224,4832,1691,1697,0,47677,35269,17013,636,6291,103424,190,6828,0,2,294,6426,0,145,310,8266,4286,898,2521,315,57,25784,1492,22152,218,1024,11004,49067,57793,4779,205,371,9733,1560,121,13942,16,79,96,10,1656,200,295,10979,3401,618,2235,943,484,2159,323,982,916,1602,2347,2072,33751,95,62,16,314,0,520,191,1196,513,1133,0,11102,480,335,19484,6894,78127,1179,14295,20829,8725,7408,11545,42131,102,27460,29622,9887,11245,32118,46364,4693,395,1977,240,15,150,270,120,55,40,3,4144,8,7178,4974,17,20,320266,19321,5545,21385,861,864,645,22034,9896,16189,102,44691,81,42790,48,145,1238,6,87,302,250,1659,1592,5,189,339,185,250,128,824,407,6714,120,4703,1709,1261,14160,354,107,226,223,128,86,64,1537,332,4593,1382,117,1042,945,624,1320,364,46687,1014,19721,541,246,217,190,286,202,724,7526,169,271,3947,117,750,95,2396,334,313,183,246,35,179,2244,900,781,262,344,234,2459,766,228,252,309,1419,306,27,115,195,256,10,30703,27,20326,32,433,10,3941,556,17077,9073,3951,1,1794,110,122,72,2847,13196,1285,7566,8713,958,370,841,112,100,573,9995,2742,933,1003,134,1263,94,0,2,258,49,2074,159,1928,134,131,170,639,3687,681,118429,897,5083,274,1893,38639,999,123,30199,104633,275,314,301,106,117,489,458536,334,296,338,710,333,381,21090,263,5794,3745,2,75383,6182,8,218,5304,832,29,3541,273,810,323,1601,370,301,230,9964,221,321,109,480,283,1430,58,0,2784,6,1378,279,71,203,8795,693,54,209,1417,23,1510,790,84,134,1079,9,66106,2987,19713,1025,10079,873,132,3847,3,30549,4382,7236,63727,628,558,980,7875,92,559,2290,328,231,541,1056,303,10,7813,359,0,0,7833,3091,0,6643,249,17057,28920,25533,3357,25413,3591,138,29900,68862,9150,28814,49502,56099,93,206,251,202,73,256,1004,211,1182,366,6055,0.0,0.0,0.0,0.0,0.0,0.0,0.0,0.0,0.0,0.0,0.0,0.0,0.0,0.0,0.0,0.0,0.0,0.0,0.0,0.0,0.0,0.0,0.0,0.0,0.0,0.0,0.0,0.0,0.0,0.0,0.0,0.0,0.0,0.0,0.0,0.0,0.0,0.0,0.0,0.0,0.0,0.0,0.0,0.0,0.0,0.0,0.0,0.0,0.0,0.0,0.0,0.0,0.0,0.0,0.0,0.0,0.0,0.0,0.0,0.0,0.0,0.0,0.0,0.0,0.0,0.0,0.0,0.0,0.0,0.0,0.0,0.0,0.0,0.0,0.0,0.0,0.0,0.0,0.0,0.0,0.0,0.0,0.0,0.0,0.0,0.0,0.0,0.0,0.0,0.0,0.0,0.0,0.0,0.0,0.0,0.0,0.0,0.0,0.0,0.0,0.0,0.0,0.0,0.0,0.0,0.0,0.0,0.0,0.0,0.0,0.0,0.0,0.0,0.0,0.0,0.0,0.0,0.0,0.0,0.0,0.0,0.0,0.0,0.0,0.0,0.0,0.0,0.0,0.0,0.0,0.0,0.0,0.0,0.0,0.0,0.0,0.0,0.0,0.0,0.0,0.0,0.0,0.0,0.0,0.0,0.0,0.0,0.0,0.0,0.0
ENCFF687CSH,0.1464885083993704,33130,357,2286,42148,498,122920,5823,354,186,204,364,3420,1491,6575,27522,23152,1628,583,4800,3922,70,505,37,55,79,1019,1346,3561,31665,2959,110,45,471,2307,2113,31,2188,20,2,5736,7637,63,303,59,86,675,5943,26916,135,716,1457,1664,211,180,4292,70,280,180,123,576,1548,808,16935,641,254,369,72,44762,37905,3881,1515,862,1934,3460,149,1620,747,931,1136,290,1401,1391,2361,518,950,4317,22,1103,865,15,709,420,32,857,1409,24634,119048,6800,91,17883,26449,2923,23076,2081,802,2905,906,1038,26,2236,4695,4942,81,3747,22989,1646,38994,181,947,1202,5348,429,66291,1626,4237,1617,249,1525,169,26,19813,6460,573,29745,6782,7364,19518,237,4131,5020,1422,2670,43519,178,215,125,82,42,24,1435,365,307,7486,2704,258,3628,43520,3587,251,1502,1056,651,2147,2773,2582,3938,41,69,47,1349,24,1735,805,3610,1631,8,11,593,448,1370,9327,4428,29296,2533,19458,27034,11915,35367,13163,24498,211,18896,24132,6596,6512,19352,13075,4157,838,162,821,32,852,1453,80,35,18,49,2980,99,58227,10407,6478,235,192353,33317,3597,21265,26833,808,374,31572,14867,57093,2259,27285,92,25981,37,217,619,23,357,1164,159,4494,2035,21,924,941,786,1291,603,2879,1605,213,173,5186,3157,1656,2013,1952,440,987,959,532,411,288,225,1565,4190,1023,474,1284,2636,2092,11738,46376,1199,2744,2526,1341,990,786,763,1153,719,96,6032,717,1623,3995,385,1676,693,3370,1767,1284,1007,1276,175,658,510,2984,2499,1101,1103,1037,1988,1920,1324,854,1393,4052,35,33,563,938,359,352,9686,121,6114,20,221,49,4892,516,5195,4907,7008,28,2038,70,49,1129,2367,76106,451,1373,2306,874,61,2454,101,586,1089,14764,6294,3513,994,44,104,44,21,49,836,1129,1735,792,3377,889,601,1971,59991,258,1953,81233,596,4838,1261,7043,1725,2473,321,327,3015,1032,1279,1283,449,409,197,8116,1624,1226,1368,500,1357,1494,18849,23,12641,1062,18,19325,7063,14,321,4258,749,29,7119,888,637,112,3717,1188,19505,2803,401,881,1341,637,960,1122,817,745,29,677,29,1741,76,40,61,152,308,214,666,33564,1014,9110,4533,768,525,475,205,20103,87,9738,1439,7435,969,84,1810,12,23394,4287,7774,31074,1828,19250,178,190,501,1220,678,1139,1043,1292,6349,1155,8,150,1321,18,40,2192,2260,8,125,110,19194,33003,26406,6580,23589,3252,709,59749,69587,11619,32650,54778,57835,198,71,810,865,274,1105,525,300,195,539,5230,0.0,0.0,0.0,0.0,0.0,0.0,0.0,0.0,0.0,0.0,0.0,0.0,0.0,0.0,0.0,0.0,0.0,0.0,0.0,0.0,0.0,0.0,0.0,0.0,0.0,0.0,0.0,0.0,0.0,0.0,0.0,0.0,0.0,0.0,0.0,0.0,0.0,0.0,0.0,0.0,0.0,0.0,0.0,0.0,0.0,0.0,0.0,0.0,0.0,0.0,0.0,0.0,0.0,0.0,0.0,0.0,0.0,0.0,0.0,0.0,0.0,0.0,0.0,0.0,0.0,0.0,0.0,0.0,0.0,0.0,0.0,0.0,0.0,0.0,0.0,0.0,0.0,0.0,0.0,0.0,0.0,0.0,0.0,0.0,0.0,0.0,0.0,0.0,0.0,0.0,0.0,0.0,0.0,0.0,0.0,0.0,0.0,0.0,0.0,0.0,0.0,0.0,0.0,0.0,0.0,0.0,0.0,0.0,0.0,0.0,0.0,0.0,0.0,0.0,0.0,0.0,0.0,0.0,0.0,0.0,0.0,0.0,0.0,0.0,0.0,0.0,0.0,0.0,0.0,0.0,0.0,0.0,0.0,0.0,0.0,0.0,0.0,0.0,0.0,0.0,0.0,0.0,0.0,0.0,0.0,0.0,0.0,0.0,0.0,0.0
ENCFF447NYN,0.13534768398602043,53551,248,1966,62706,391,193502,24764,487,330,248,1247,3221,1959,4447,13851,30296,3424,1704,20583,10223,886,1322,283,493,465,3716,736,3756,63649,7820,289,95,744,2808,3332,36,5321,97,164,11866,15072,91,551,33,69,1848,8910,16211,32,1637,1388,1661,336,547,9728,171,607,500,448,1852,1748,237,8868,919,1303,142,34,45109,75703,10392,1703,815,1832,9273,112,2294,644,914,1291,208,1369,2179,3392,426,634,4365,60,918,655,37,2239,449,117,5643,559,11496,241239,15983,277,42319,68406,3668,56245,2579,720,8107,2811,6744,67,8811,19124,21037,361,7672,64180,1793,41127,92,413,878,10003,274,59290,1257,11586,6725,1167,3933,306,97,56093,5317,649,38296,9238,19374,47205,35,4645,23404,1789,2890,37197,1342,221,56,189,120,107,3991,1213,2301,13924,6712,472,4158,48054,1201,486,2493,7514,4287,4149,16968,13194,13309,162,304,223,1363,86,1295,479,3884,1991,25,4,469,828,2309,19781,10310,67704,3462,30420,53071,17313,22206,19812,29450,259,41964,55111,16633,15975,45249,32632,9458,1566,101,3395,34,517,1476,266,73,58,41,6477,185,64093,11398,10588,953,356079,47889,5444,32015,13147,1829,1060,48415,36784,54369,1405,72354,98,67140,25,405,1157,32,345,1367,736,4865,3901,437,601,697,463,1218,445,4425,1838,89,336,7398,5544,2586,5932,1466,251,852,1070,429,293,195,424,898,9275,783,288,1579,4446,2758,7462,19881,318,3423,7853,1570,1281,1331,704,1136,391,75,18445,686,1924,8981,463,2826,453,4298,1049,1634,559,1071,898,358,1013,2264,2317,772,919,997,3723,2622,932,693,959,3304,63,70,462,905,1930,273,28675,579,23548,65,336,167,8668,1256,19272,13355,11069,85,4617,193,67,3218,5362,55046,667,4133,3597,1607,2,3357,188,548,3139,31644,20787,4041,2756,155,268,291,41,184,626,4332,4037,1760,5135,707,519,2315,66463,133,2598,160306,498,9879,1020,11670,1474,3216,444,131,4007,698,2019,1927,431,283,185,3937,2792,1604,1771,1276,1920,1822,41827,124,14874,1985,130,51659,12958,70,901,8391,2285,102,7247,938,2726,286,6423,1332,39978,1464,322,812,1742,931,956,1138,2256,1725,92,1670,99,4568,689,32,264,147,7032,558,1946,44508,854,5975,4845,500,1444,2759,750,66239,63,24132,1146,16500,3288,88,4180,15,64233,12450,20772,79713,1166,15516,158,1362,413,1168,611,1688,838,911,15610,1415,20,245,1210,118,114,5827,5779,31,80,138,49777,43715,31271,9559,49027,8359,2852,72892,117536,15080,41296,93224,113511,178,105,637,556,521,912,1634,326,280,1451,10246,0.0,0.0,0.0,0.0,0.0,0.0,0.0,0.0,0.0,0.0,0.0,0.0,0.0,0.0,0.0,0.0,0.0,0.0,0.0,0.0,0.0,0.0,0.0,0.0,0.0,0.0,0.0,0.0,0.0,0.0,0.0,0.0,0.0,0.0,0.0,0.0,0.0,0.0,0.0,0.0,0.0,0.0,0.0,0.0,0.0,0.0,0.0,0.0,0.0,0.0,0.0,0.0,0.0,0.0,0.0,0.0,0.0,0.0,0.0,0.0,0.0,0.0,0.0,0.0,0.0,0.0,0.0,0.0,0.0,0.0,0.0,0.0,0.0,0.0,0.0,0.0,0.0,0.0,0.0,0.0,0.0,0.0,0.0,0.0,0.0,0.0,0.0,0.0,0.0,0.0,0.0,0.0,0.0,0.0,0.0,0.0,0.0,0.0,0.0,0.0,0.0,0.0,0.0,0.0,0.0,0.0,0.0,0.0,0.0,0.0,0.0,0.0,0.0,0.0,0.0,0.0,0.0,0.0,0.0,0.0,0.0,0.0,0.0,0.0,0.0,0.0,0.0,0.0,0.0,0.0,0.0,0.0,0.0,0.0,0.0,0.0,0.0,0.0,0.0,0.0,0.0,0.0,0.0,0.0,0.0,0.0,0.0,0.0,0.0,0.0
ENCFF154HBU,0.14384529055685935,61912,112,2565,36599,510,115414,11845,473,562,337,777,4892,2780,5264,14274,25317,2752,1406,6410,5992,195,942,93,211,129,1648,2583,4259,17670,4530,202,64,606,2923,2882,19,3422,46,15,8551,11475,197,449,124,24,764,8479,19235,183,1573,1921,2077,222,483,6752,115,470,330,476,1605,2642,369,9488,348,305,751,226,37802,53628,7074,1764,1029,2647,8433,72,1990,926,1001,1333,337,1719,2067,3061,614,1061,5228,52,1215,1111,38,1844,681,96,2944,775,7858,165895,10536,191,29211,43047,4034,38066,2039,1066,4748,1928,2658,79,4479,7875,9643,549,5619,41498,1712,35942,166,708,911,7191,487,61490,1738,6401,2599,625,2550,189,211,37867,6187,1170,17459,7571,18257,33285,93,5419,6063,1752,3645,33376,715,304,98,112,86,16,2224,661,797,11327,4741,505,4197,33452,2175,380,2174,5129,3884,3031,4655,5503,7716,88,218,71,1596,62,1795,822,1061,359,8,11,619,446,1910,13429,7183,43052,3408,21420,33094,12340,23167,15447,26899,257,27689,35266,10367,10813,27640,20035,4767,1449,172,434,17,1110,1862,179,70,47,58,4471,286,35169,8911,10125,546,161812,34003,4366,23861,16641,1513,701,35197,15899,44069,2759,50622,120,51643,113,280,1021,64,468,1302,284,5408,2708,78,1047,942,986,1510,848,3694,1850,111,236,6223,4271,2181,3644,2437,515,1337,1228,683,445,347,334,1498,4780,941,558,1619,3873,2490,7490,28517,2638,3393,4194,1899,1243,986,1011,1255,710,53,12001,831,2366,6603,518,2335,769,4646,2526,1549,1487,1478,158,626,591,3719,2611,1410,1160,1170,2983,2630,1502,879,1577,3573,35,35,656,1195,1110,530,15576,457,11798,44,266,129,6454,829,9318,7257,8278,78,3245,331,123,1594,3496,73920,637,2422,3265,1326,35,2845,284,1389,2152,21763,7673,6321,1849,131,260,388,31,271,910,990,2333,1196,4969,881,646,1925,61937,208,2669,127638,562,7497,1458,8934,3395,2729,447,329,4297,1128,1701,1763,485,368,137,26520,2459,1582,1590,545,1542,1772,28285,225,16549,1619,180,35872,9479,27,622,6119,1638,230,8540,1163,1477,281,5888,1503,30127,1491,615,1150,1598,930,1128,1400,1600,891,48,1442,98,2836,384,227,94,217,667,233,902,23066,927,6963,3563,623,1144,1608,435,37906,184,12484,1599,11929,2759,58,2856,11,39435,7063,11242,45537,1424,18609,139,383,592,1558,814,1511,1181,1436,4747,1376,5,198,1461,43,101,3959,3821,26,163,162,33571,32785,25150,6937,34550,6080,800,62279,86906,11911,32324,68151,84553,323,89,973,907,472,1355,1100,589,335,960,7505,0.0,0.0,0.0,0.0,0.0,0.0,0.0,0.0,0.0,0.0,0.0,0.0,0.0,0.0,0.0,0.0,0.0,0.0,0.0,0.0,0.0,0.0,0.0,0.0,0.0,0.0,0.0,0.0,0.0,0.0,0.0,0.0,0.0,0.0,0.0,0.0,0.0,0.0,0.0,0.0,0.0,0.0,0.0,0.0,0.0,0.0,0.0,0.0,0.0,0.0,0.0,0.0,0.0,0.0,0.0,0.0,0.0,0.0,0.0,0.0,0.0,0.0,0.0,0.0,0.0,0.0,0.0,0.0,0.0,0.0,0.0,0.0,0.0,0.0,0.0,0.0,0.0,0.0,0.0,0.0,0.0,0.0,0.0,0.0,0.0,0.0,0.0,0.0,0.0,0.0,0.0,0.0,0.0,0.0,0.0,0.0,0.0,0.0,0.0,0.0,0.0,0.0,0.0,0.0,0.0,0.0,0.0,0.0,0.0,0.0,0.0,0.0,0.0,0.0,0.0,0.0,0.0,0.0,0.0,0.0,0.0,0.0,0.0,0.0,0.0,0.0,0.0,0.0,0.0,0.0,0.0,0.0,0.0,0.0,0.0,0.0,0.0,0.0,0.0,0.0,0.0,0.0,0.0,0.0,0.0,0.0,0.0,0.0,0.0,0.0
ENCFF971GOU,0.16691482936703037,76469,335,3413,70292,852,196148,8500,552,372,384,540,5012,2658,11199,38342,46638,2558,847,6886,6100,129,735,99,94,56,1442,5229,5674,58484,3949,208,101,689,3901,3604,48,3586,30,5,8864,11821,66,527,124,67,1018,9567,46080,448,1109,2488,2854,348,265,5247,107,436,226,165,848,2496,1836,24214,4535,572,1407,65,70139,59743,5737,2454,1556,2864,4871,200,2636,1242,1562,1773,479,2339,2322,3716,821,1457,7220,35,1796,1494,19,1139,185,48,1453,2049,53798,181062,10470,143,27688,40960,4795,34755,2462,1337,4179,1294,1518,26,2893,6841,7237,200,5782,38368,2737,71377,330,1527,1980,8076,733,121625,2620,6465,2556,455,2203,242,90,27993,11706,1992,54633,11782,9954,27388,175,6340,6794,2403,4360,91513,787,449,137,112,54,50,2291,482,322,11285,4078,566,4734,71683,5611,419,2516,2005,1453,3412,4361,4080,5498,62,81,63,2196,20,2675,1239,1241,399,10,32,873,568,2416,13270,6902,44249,3881,32153,41123,18398,60467,20836,38904,465,29696,37584,9776,9984,29803,18993,6845,1387,512,1202,92,1349,2322,106,31,29,55,4493,179,76419,16760,13930,456,280426,51275,5879,34907,44524,1077,520,48911,24397,88179,4464,42275,133,37052,24,302,816,17,640,1846,272,7033,2935,26,1539,1586,1324,2038,901,4828,2827,160,213,8083,4969,2624,2765,3254,755,1613,1700,874,625,513,332,2574,6255,1925,809,2123,4352,3631,23275,95665,4201,4457,3523,2144,1714,1353,1388,2022,1159,61,9607,1086,2730,6277,624,2672,1082,5394,2832,2152,1520,2016,115,1032,708,4963,4076,1769,1905,1633,3108,2940,2076,1520,2208,6114,38,72,847,1609,466,511,16054,152,9803,40,327,47,7592,693,8195,7530,11244,33,3240,63,50,3053,3309,171127,778,2152,3770,1405,151,4177,93,360,1523,23227,9245,4614,1492,38,216,74,18,59,1296,1884,2532,1346,4327,1360,908,4594,112703,477,3023,119268,907,7645,2096,11545,5628,3961,616,902,5743,1631,2196,2195,813,627,228,27850,2874,2021,2276,803,2246,2509,29178,42,19441,1589,46,27987,7929,73,483,6396,1211,38,11034,1546,685,137,6231,2137,40791,4792,1042,1357,2295,1154,1625,1895,1305,1131,28,1131,38,2706,165,49,79,427,752,369,1129,48188,1764,15390,7184,1314,809,656,209,30011,173,13705,2389,10132,1461,103,2825,13,32450,5990,11068,44545,4208,40854,280,309,783,1826,1024,1870,1677,2077,9493,1969,22,324,2303,29,43,3573,3489,29,370,70,27793,47137,41205,9951,35629,4850,483,106322,100933,17236,48307,77661,86330,385,112,1358,1374,490,1772,681,395,230,773,8094,0.0,0.0,0.0,0.0,0.0,0.0,0.0,0.0,0.0,0.0,0.0,0.0,0.0,0.0,0.0,0.0,0.0,0.0,0.0,0.0,0.0,0.0,0.0,0.0,0.0,0.0,0.0,0.0,0.0,0.0,0.0,0.0,0.0,0.0,0.0,0.0,0.0,0.0,0.0,0.0,0.0,0.0,0.0,0.0,0.0,0.0,0.0,0.0,0.0,0.0,0.0,0.0,0.0,0.0,0.0,0.0,0.0,0.0,0.0,0.0,0.0,0.0,0.0,0.0,0.0,0.0,0.0,0.0,0.0,0.0,0.0,0.0,0.0,0.0,0.0,0.0,0.0,0.0,0.0,0.0,0.0,0.0,0.0,0.0,0.0,0.0,0.0,0.0,0.0,0.0,0.0,0.0,0.0,0.0,0.0,0.0,0.0,0.0,0.0,0.0,0.0,0.0,0.0,0.0,0.0,0.0,0.0,0.0,0.0,0.0,0.0,0.0,0.0,0.0,0.0,0.0,0.0,0.0,0.0,0.0,0.0,0.0,0.0,0.0,0.0,0.0,0.0,0.0,0.0,0.0,0.0,0.0,0.0,0.0,0.0,0.0,0.0,0.0,0.0,0.0,0.0,0.0,0.0,0.0,0.0,0.0,0.0,0.0,0.0,0.0
ENCFF000ZPB,0.0433061478054146,2382,14,300,2628,70,7220,344,29,34,9,56,232,446,723,1324,2772,334,21,339,332,9,29,6,3,7,34,59,240,2167,191,20,14,24,145,117,3,121,1,5,436,694,0,55,0,6,34,363,1958,4,55,68,84,27,21,375,8,27,24,5,59,101,37,919,24,79,29,8,3488,3472,441,75,52,79,317,17,78,34,40,57,9,81,79,275,34,42,195,0,46,31,2,77,15,3,123,86,1039,10646,730,7,1937,2633,167,2319,173,41,287,98,100,2,174,447,442,12,320,1998,276,3155,76,299,229,534,120,3758,111,444,132,44,181,18,4,1814,1244,41,1441,734,718,1780,22,274,227,74,208,3105,41,18,8,11,1,1,145,23,45,621,312,29,278,2747,296,19,79,127,129,177,212,208,378,3,13,3,67,3,114,51,368,4223,2,0,46,43,69,968,436,2773,173,2173,2456,933,2463,821,1750,23,1827,1995,649,646,1544,1163,508,58,6,51,6,35,67,14,8,2,2,245,32,3307,809,1241,13,13981,2481,217,1753,2037,82,60,2721,1219,4200,531,2654,6,2758,3,18,62,22,11,48,15,220,132,0,32,59,47,61,28,155,79,15,9,264,205,108,162,82,27,42,44,32,26,16,35,88,330,74,38,124,177,132,943,2085,51,150,220,101,53,24,29,44,34,11,550,43,52,333,21,98,20,194,82,60,45,51,11,36,41,162,175,60,50,46,173,87,59,51,66,196,0,1,25,41,44,7,906,4,545,1,37,5,399,54,416,414,492,4,153,10,8,104,258,5649,40,132,140,65,5,166,9,12,67,820,464,222,92,0,9,7,1,3,48,91,174,37,247,35,44,133,4207,15,139,7981,26,365,58,340,83,176,18,26,315,46,52,54,28,19,10,312,79,55,52,19,59,84,1629,9,641,148,8,1675,471,1,18,353,69,2,397,46,79,16,197,90,2359,253,28,56,62,28,72,46,76,50,5,65,3,94,7,1,6,17,29,97,59,2281,249,786,556,158,54,55,14,2306,4,836,120,758,93,19,190,2,1873,384,555,2530,210,1336,19,16,14,48,29,68,42,83,579,59,3,21,87,5,5,281,288,0,15,12,1583,2569,1949,459,2307,323,8,4715,5814,887,2666,4348,5009,22,15,42,60,7,63,80,21,26,43,433,0.0,0.0,0.0,0.0,0.0,0.0,0.0,0.0,0.0,0.0,0.0,0.0,0.0,0.0,0.0,0.0,0.0,0.0,0.0,0.0,0.0,0.0,0.0,0.0,0.0,0.0,0.0,0.0,0.0,0.0,0.0,0.0,0.0,0.0,0.0,0.0,0.0,0.0,0.0,0.0,0.0,0.0,0.0,0.0,0.0,0.0,0.0,0.0,0.0,0.0,0.0,0.0,0.0,0.0,0.0,0.0,0.0,0.0,0.0,0.0,0.0,0.0,0.0,0.0,0.0,0.0,0.0,0.0,0.0,0.0,0.0,0.0,0.0,0.0,0.0,0.0,0.0,0.0,0.0,0.0,0.0,0.0,0.0,0.0,0.0,0.0,0.0,0.0,0.0,0.0,0.0,0.0,0.0,0.0,0.0,0.0,0.0,0.0,0.0,0.0,0.0,0.0,0.0,0.0,0.0,0.0,0.0,0.0,0.0,0.0,0.0,0.0,0.0,0.0,0.0,0.0,0.0,0.0,0.0,0.0,0.0,0.0,0.0,0.0,0.0,0.0,0.0,0.0,0.0,0.0,0.0,0.0,0.0,0.0,0.0,0.0,0.0,0.0,0.0,0.0,0.0,0.0,0.0,0.0,0.0,0.0,0.0,0.0,0.0,0.0
ENCFF000VWH,0.14388145771091035,45547,125,1635,12985,311,39184,1641,117,197,114,200,1494,1570,3568,8439,11738,1133,125,1750,2058,42,225,27,12,13,314,3358,1415,10766,1111,70,119,179,760,729,81,652,12,6,2727,3319,19,176,19,37,157,2289,8437,371,217,428,636,129,75,1882,77,116,111,27,183,603,208,5185,111,94,1056,28,19034,17520,1851,469,311,971,1381,77,515,241,362,419,106,494,473,1162,216,260,1661,4,397,236,12,306,118,11,429,596,7896,55819,3069,42,8650,12572,1035,10853,439,290,1461,434,482,6,813,2166,2035,16,1640,9663,999,14676,241,935,987,2883,402,20488,579,1785,845,187,696,137,37,8115,4610,2059,9840,3282,3058,8303,715,1900,940,496,1442,15263,69,417,50,31,13,8,654,106,199,3594,1239,223,1490,14416,1615,132,478,194,158,1059,1325,1148,1421,17,31,9,437,3,800,275,220,373,75,7,411,198,364,4402,2110,14267,931,10144,11303,5486,12497,5056,11066,87,8938,10860,3088,2709,7611,5659,1858,339,637,254,35,242,410,54,23,8,8,1348,95,19082,4869,4022,79,63613,13612,1681,9124,9470,261,204,14570,6571,23172,1778,12140,55,11661,24,94,273,69,151,396,68,1663,673,11,340,414,283,384,218,990,555,105,64,1749,1013,748,793,568,174,299,309,190,153,116,129,517,1969,552,173,654,964,874,4691,24830,2472,934,812,570,351,265,284,458,238,48,2035,237,387,1611,149,567,192,1459,576,441,240,383,94,230,292,1054,1057,378,413,358,860,652,333,362,437,1853,7,11,178,308,137,174,4095,29,2733,10,148,17,2108,187,2050,2084,2809,11,833,37,49,357,1237,30781,354,810,783,394,186,1214,54,142,190,5415,2301,1407,413,8,54,27,14,14,310,373,865,200,1567,233,236,684,17935,282,973,39973,207,1843,465,2129,3444,1089,147,1568,4361,392,400,409,216,188,150,18299,476,441,411,169,497,534,7913,17,3804,719,4,8086,2599,8,83,1937,175,21,2635,411,314,72,1146,456,7080,1605,583,369,455,265,487,370,374,256,3,378,16,595,31,17,55,502,38,257,280,12738,872,4182,2411,543,184,206,55,9565,378,4881,1126,3532,347,104,828,15,8975,1776,3158,14212,1782,6812,154,52,183,578,257,469,366,671,2748,467,19,229,461,7,4,1057,1068,1,583,61,7606,16290,12369,3198,11435,1377,137,24529,32633,5404,16248,24082,26640,105,45,353,310,88,386,358,140,127,228,2407,0.0,0.0,0.0,0.0,0.0,0.0,0.0,0.0,0.0,0.0,0.0,0.0,0.0,0.0,0.0,0.0,0.0,0.0,0.0,0.0,0.0,0.0,0.0,0.0,0.0,0.0,0.0,0.0,0.0,0.0,0.0,0.0,0.0,0.0,0.0,0.0,0.0,0.0,0.0,0.0,0.0,0.0,0.0,0.0,0.0,0.0,0.0,0.0,0.0,0.0,0.0,0.0,0.0,0.0,0.0,0.0,0.0,0.0,0.0,0.0,0.0,0.0,0.0,0.0,0.0,0.0,0.0,0.0,0.0,0.0,0.0,0.0,0.0,0.0,0.0,0.0,0.0,0.0,0.0,0.0,0.0,0.0,0.0,0.0,0.0,0.0,0.0,0.0,0.0,0.0,0.0,0.0,0.0,0.0,0.0,0.0,0.0,0.0,0.0,0.0,0.0,0.0,0.0,0.0,0.0,0.0,0.0,0.0,0.0,0.0,0.0,0.0,0.0,0.0,0.0,0.0,0.0,0.0,0.0,0.0,0.0,0.0,0.0,0.0,0.0,0.0,0.0,0.0,0.0,0.0,0.0,0.0,0.0,0.0,0.0,0.0,0.0,0.0,0.0,0.0,0.0,0.0,0.0,0.0,0.0,0.0,0.0,0.0,0.0,0.0
ENCFF651VMP,0.15958459798648827,64313,179,2573,65944,724,126385,8658,496,299,170,496,4221,2248,10649,36054,33086,2053,742,6749,5065,119,721,83,178,193,1499,4307,4373,47345,3733,165,87,497,2904,2998,50,2779,17,2,7937,9648,99,488,87,46,854,7574,45982,386,821,1939,2211,312,241,4537,109,383,255,141,799,1931,719,24376,418,487,1236,56,57868,42641,4685,1856,1111,2436,4232,230,2100,967,1196,1334,372,1886,1805,3102,659,1133,5446,22,1333,1127,21,895,620,47,1433,1897,24696,154011,7822,151,21761,34397,3734,29102,1868,1067,3865,1384,1761,34,3043,6324,6341,306,5024,32151,2421,52217,229,1251,1512,6773,610,88227,1969,5766,2369,429,2049,196,109,24478,10019,1641,44936,10527,9300,23800,158,5197,7151,1819,3399,121219,736,435,169,76,71,60,1965,449,297,9308,3496,343,3789,67104,4811,336,1981,1163,692,2661,3545,3421,4803,70,104,61,1721,35,2131,977,971,163,18,14,804,546,1742,11012,5392,38628,3119,27243,34286,14536,43410,16569,31176,354,23758,29896,8969,7975,24557,16280,5701,1034,491,1056,39,1021,1779,99,47,47,204,3700,193,54485,13962,11172,344,188812,41087,4313,25201,39200,1066,450,38613,20948,74418,2763,31490,70,30232,31,308,696,30,451,1364,271,5438,2636,21,1202,1252,1039,1524,727,3526,2091,191,216,6572,4013,2162,2321,2446,553,1190,1277,690,497,421,279,1877,4993,1331,567,1669,3345,2733,14826,45532,3252,3379,2939,1626,1310,987,991,1507,890,83,7473,870,2148,5148,491,2084,828,4112,2088,1615,1187,1572,177,761,664,3696,3096,1301,1386,1236,2534,2160,1641,1120,1716,4935,58,42,722,1183,475,434,13505,189,8287,32,219,78,6116,611,6939,6515,9156,56,2876,115,80,3314,3155,102175,633,1806,2683,1086,135,3138,139,983,1445,20219,8730,3811,1257,72,152,106,19,57,933,2043,2095,1034,3708,1000,698,3823,95137,456,2338,95181,692,6170,1520,9210,4751,3090,475,997,4722,1198,1551,1630,584,536,185,24446,2102,1518,1626,647,1689,1943,24710,77,15088,1404,81,23460,8105,102,383,7268,1074,100,8855,1173,1258,211,4693,1648,55260,3643,851,1099,1696,940,1223,1358,1113,918,43,662,37,2436,213,80,101,374,1087,462,1260,68853,1791,13807,6181,1310,671,876,500,32115,156,11788,1837,8747,1357,140,2305,20,29333,5372,10187,38802,1801,48027,223,277,581,1530,730,1467,1155,1618,13856,1405,23,267,1737,32,64,2789,2964,34,402,115,22461,36975,32178,7840,28731,3830,480,74677,81527,13922,38510,62707,69526,333,94,1112,1101,341,1388,666,349,303,726,6810,0.0,0.0,0.0,0.0,0.0,0.0,0.0,0.0,0.0,0.0,0.0,0.0,0.0,0.0,0.0,0.0,0.0,0.0,0.0,0.0,0.0,0.0,0.0,0.0,0.0,0.0,0.0,0.0,0.0,0.0,0.0,0.0,0.0,0.0,0.0,0.0,0.0,0.0,0.0,0.0,0.0,0.0,0.0,0.0,0.0,0.0,0.0,0.0,0.0,0.0,0.0,0.0,0.0,0.0,0.0,0.0,0.0,0.0,0.0,0.0,0.0,0.0,0.0,0.0,0.0,0.0,0.0,0.0,0.0,0.0,0.0,0.0,0.0,0.0,0.0,0.0,0.0,0.0,0.0,0.0,0.0,0.0,0.0,0.0,0.0,0.0,0.0,0.0,0.0,0.0,0.0,0.0,0.0,0.0,0.0,0.0,0.0,0.0,0.0,0.0,0.0,0.0,0.0,0.0,0.0,0.0,0.0,0.0,0.0,0.0,0.0,0.0,0.0,0.0,0.0,0.0,0.0,0.0,0.0,0.0,0.0,0.0,0.0,0.0,0.0,0.0,0.0,0.0,0.0,0.0,0.0,0.0,0.0,0.0,0.0,0.0,0.0,0.0,0.0,0.0,0.0,0.0,0.0,0.0,0.0,0.0,0.0,0.0,0.0,0.0
ENCFF066MNO,0.1889272486955358,69501,306,8039,80780,3526,702531,14561,870,1333,672,1127,9262,13614,24018,52141,152718,9708,986,13956,13410,295,1428,198,141,124,2191,379,10122,84149,7946,537,331,1250,5750,5195,91,5288,74,19,19482,24507,172,1611,270,81,1711,16391,89703,64,1621,3423,4675,1009,464,11866,343,778,773,124,1645,3941,1361,36145,691,816,137,39,126285,109825,13755,3344,2386,3255,9247,553,3821,1677,2537,2831,697,3295,3632,8389,1415,1734,11765,25,2821,1599,41,2354,418,44,2513,4442,88564,427274,22681,251,61560,88528,7422,77568,3538,2172,10541,2997,3262,53,5170,14443,14804,314,11288,65106,9343,121959,2705,9697,8954,21700,4226,169291,4565,12658,6009,1490,5576,849,330,57452,36634,346,67579,22249,20840,56920,112,13103,8980,3782,8803,138684,1416,417,367,232,93,54,4919,576,880,25178,10370,1609,12480,92173,11165,898,3599,2565,2289,7674,9811,8219,9969,153,261,54,3246,64,5802,2006,2829,675,49,36,1730,1732,3101,32017,15357,98383,6327,81698,84387,39909,78638,35723,77067,713,64950,79080,22999,20693,54630,41861,14147,2533,100,1906,160,1747,2933,360,153,34,101,8946,882,94966,33198,39530,587,418560,96548,8309,65846,68277,2344,1221,104450,50794,163075,18169,88754,411,86490,95,664,1422,107,930,2988,447,11255,4936,33,2251,2980,1987,2994,1331,7432,4496,478,540,12869,7909,5227,5741,4141,1184,2070,2392,1171,1153,833,948,3717,14613,3666,1219,4719,6749,6493,40360,83097,427,7111,6110,4074,2680,1997,2221,3080,1828,239,16321,1528,2725,12149,1093,4394,1229,11318,3620,3206,2067,3080,478,1603,1609,7885,7904,2618,3053,2339,5784,4669,2619,2634,3220,12854,130,122,1339,1982,982,812,31461,471,21015,62,1426,162,15890,1489,15446,15508,18709,61,6589,399,408,6728,8125,215699,1227,4382,5656,2698,77,8793,437,971,1323,40065,16166,7650,2896,92,312,231,55,151,2213,4084,5431,1697,8902,1744,1473,7738,135573,1047,6776,270479,1792,13535,3217,16550,774,7414,876,178,8359,2718,3043,3292,1112,1350,594,2544,3727,2999,3328,1260,3514,3994,59454,270,28047,5608,59,55553,16705,75,662,14830,1456,112,18453,2611,2349,571,9079,3618,58512,11071,1474,2389,3550,1315,3699,2794,2411,1196,28,2101,37,4226,241,287,329,794,908,2388,2033,78735,9130,33138,19975,4917,1545,1941,463,71150,210,35835,4703,26630,3268,1026,6960,29,70925,13334,23940,104321,7267,63227,774,559,1126,2610,1309,3588,2506,4495,14498,3259,96,361,3447,11,62,8685,8405,79,278,344,56700,105439,80525,20317,83444,9628,1024,183605,222871,35894,108534,161950,189298,831,464,2412,2253,628,2860,2390,707,1026,1647,16581,0.0,0.0,0.0,0.0,0.0,0.0,0.0,0.0,0.0,0.0,0.0,0.0,0.0,0.0,0.0,0.0,0.0,0.0,0.0,0.0,0.0,0.0,0.0,0.0,0.0,0.0,0.0,0.0,0.0,0.0,0.0,0.0,0.0,0.0,0.0,0.0,0.0,0.0,0.0,0.0,0.0,0.0,0.0,0.0,0.0,0.0,0.0,0.0,0.0,0.0,0.0,0.0,0.0,0.0,0.0,0.0,0.0,0.0,0.0,0.0,0.0,0.0,0.0,0.0,0.0,0.0,0.0,0.0,0.0,0.0,0.0,0.0,0.0,0.0,0.0,0.0,0.0,0.0,0.0,0.0,0.0,0.0,0.0,0.0,0.0,0.0,0.0,0.0,0.0,0.0,0.0,0.0,0.0,0.0,0.0,0.0,0.0,0.0,0.0,0.0,0.0,0.0,0.0,0.0,0.0,0.0,0.0,0.0,0.0,0.0,0.0,0.0,0.0,0.0,0.0,0.0,0.0,0.0,0.0,0.0,0.0,0.0,0.0,0.0,0.0,0.0,0.0,0.0,0.0,0.0,0.0,0.0,0.0,0.0,0.0,0.0,0.0,0.0,0.0,0.0,0.0,0.0,0.0,0.0,0.0,0.0,0.0,0.0,0.0,0.0
ENCFF845SVA,0.1716951362204333,8457,78,680,21900,217,49254,2386,159,88,88,153,1289,752,3084,7774,13053,763,189,2247,1367,18,170,18,21,16,388,177,1336,13303,996,40,10,155,1025,917,7,956,5,2,2179,2827,27,109,13,19,255,2551,12232,21,220,591,704,70,74,1249,34,93,85,42,204,614,449,7120,247,303,60,20,19103,13779,1358,647,362,668,1148,57,687,289,410,434,131,580,605,895,212,308,1682,8,442,348,1,297,52,15,528,534,13351,45667,2289,49,6505,10394,1197,8453,642,319,1016,342,421,12,713,1553,1825,125,1488,7845,911,16859,86,460,520,2034,204,27212,664,1447,566,97,530,92,21,6597,3100,96,14155,3073,2413,6376,13,1667,2482,571,951,20826,320,38,75,17,12,7,541,97,102,2547,876,99,1417,21152,1487,74,680,445,284,862,1024,949,1379,4,26,19,558,9,660,299,444,108,6,6,221,148,608,3002,1585,10982,984,8524,10422,4659,12984,4689,9040,123,7114,8996,2339,2308,7237,4714,2016,352,18,375,20,336,607,22,8,18,31,951,54,20285,4460,5022,121,68305,13746,1349,8651,12548,297,121,13210,7075,25283,1206,9872,29,9208,5,72,194,6,201,525,75,1666,693,6,389,382,340,515,245,1192,688,27,54,1969,1223,648,705,760,175,396,436,237,172,116,72,619,1944,559,202,551,1111,918,5536,36000,142,1128,811,536,453,355,356,538,273,18,2540,286,665,1510,144,715,298,1178,679,570,405,522,38,233,181,1155,992,422,478,455,787,755,492,362,584,1485,7,10,225,385,119,93,3414,39,2135,5,72,12,1900,196,1789,1734,2644,9,788,24,16,842,800,44694,136,573,947,347,15,1117,32,109,398,6046,2882,1199,389,12,34,25,8,10,344,559,574,334,1050,333,202,749,33665,93,823,28443,212,1795,465,2850,261,897,152,45,985,370,552,542,187,167,63,994,680,505,588,172,570,657,7179,9,4626,412,18,6473,1872,20,110,1411,334,10,2635,405,202,40,1524,501,14147,1599,106,338,558,289,349,474,277,286,12,210,11,716,33,18,25,24,511,142,333,11828,514,4353,2010,319,222,135,61,6543,15,3431,545,2605,393,32,670,7,9375,1750,2971,11920,1662,9678,61,121,206,481,249,550,402,497,2679,521,3,47,542,8,13,828,805,7,29,20,6959,11698,10054,2570,8568,1223,824,21787,24680,4483,12041,18971,21271,125,24,394,329,133,416,169,104,47,208,1851,0.0,0.0,0.0,0.0,0.0,0.0,0.0,0.0,0.0,0.0,0.0,0.0,0.0,0.0,0.0,0.0,0.0,0.0,0.0,0.0,0.0,0.0,0.0,0.0,0.0,0.0,0.0,0.0,0.0,0.0,0.0,0.0,0.0,0.0,0.0,0.0,0.0,0.0,0.0,0.0,0.0,0.0,0.0,0.0,0.0,0.0,0.0,0.0,0.0,0.0,0.0,0.0,0.0,0.0,0.0,0.0,0.0,0.0,0.0,0.0,0.0,0.0,0.0,0.0,0.0,0.0,0.0,0.0,0.0,0.0,0.0,0.0,0.0,0.0,0.0,0.0,0.0,0.0,0.0,0.0,0.0,0.0,0.0,0.0,0.0,0.0,0.0,0.0,0.0,0.0,0.0,0.0,0.0,0.0,0.0,0.0,0.0,0.0,0.0,0.0,0.0,0.0,0.0,0.0,0.0,0.0,0.0,0.0,0.0,0.0,0.0,0.0,0.0,0.0,0.0,0.0,0.0,0.0,0.0,0.0,0.0,0.0,0.0,0.0,0.0,0.0,0.0,0.0,0.0,0.0,0.0,0.0,0.0,0.0,0.0,0.0,0.0,0.0,0.0,0.0,0.0,0.0,0.0,0.0,0.0,0.0,0.0,0.0,0.0,0.0
ENCFF000YXF,0.07587902231230671,4595,8,268,1272,20,3735,455,24,68,27,69,153,90,197,663,699,189,45,309,651,30,116,10,8,3,40,81,187,678,380,27,26,36,100,76,0,124,1,1,761,1189,0,59,1,2,33,358,632,6,60,60,82,42,52,934,22,38,37,4,85,121,10,280,23,27,29,6,2647,4081,1018,53,44,84,1125,19,62,32,40,46,7,62,59,360,45,33,161,2,40,29,0,157,3,0,106,61,427,15801,1125,4,3175,3881,146,3503,68,39,512,138,123,1,269,1245,1127,19,603,4806,98,1299,19,61,105,783,37,982,68,991,387,71,363,41,9,3605,346,45,406,285,2736,3176,9,281,142,47,327,1320,22,27,5,14,3,1,234,30,58,1153,555,68,351,1257,162,78,62,116,73,223,393,346,931,1,7,7,33,2,101,31,228,449,0,0,26,69,40,1669,748,4456,181,2122,2655,1115,1423,1166,2404,20,2602,2823,1525,981,2267,2098,472,57,19,64,7,26,42,16,1,6,3,590,7,1381,852,224,1,15613,3135,341,2848,620,109,68,3142,1562,3484,183,4941,18,5724,7,23,98,36,10,41,26,214,211,1,27,48,27,41,20,132,72,49,22,368,259,158,382,68,18,30,45,20,19,16,76,74,356,75,17,155,140,108,403,707,60,141,433,105,35,35,22,49,31,23,834,25,41,500,10,135,30,353,46,53,34,51,15,23,19,161,120,44,45,29,324,69,35,28,47,192,4,5,25,28,42,22,2100,6,1470,2,68,15,598,84,1010,784,803,3,214,5,17,30,389,3666,74,212,183,92,6,115,12,16,64,864,348,233,155,31,68,8,0,0,29,62,347,36,420,35,35,57,1532,29,112,13135,26,591,53,240,104,167,22,29,378,42,54,47,18,24,27,402,60,44,53,28,46,72,2445,9,871,252,1,3681,694,1,29,498,90,6,456,37,160,27,157,63,445,108,54,51,47,25,90,36,254,20,2,149,2,163,6,5,17,35,37,28,42,1187,74,425,246,60,23,58,10,4747,12,1319,209,1535,107,17,321,1,2167,411,728,3756,122,410,10,25,17,53,19,73,34,67,289,54,1,31,66,1,4,523,481,6,14,20,2400,3094,2186,493,3295,419,38,4940,7389,1057,3194,5598,7379,20,24,52,48,23,37,145,33,48,55,859,0.0,0.0,0.0,0.0,0.0,0.0,0.0,0.0,0.0,0.0,0.0,0.0,0.0,0.0,0.0,0.0,0.0,0.0,0.0,0.0,0.0,0.0,0.0,0.0,0.0,0.0,0.0,0.0,0.0,0.0,0.0,0.0,0.0,0.0,0.0,0.0,0.0,0.0,0.0,0.0,0.0,0.0,0.0,0.0,0.0,0.0,0.0,0.0,0.0,0.0,0.0,0.0,0.0,0.0,0.0,0.0,0.0,0.0,0.0,0.0,0.0,0.0,0.0,0.0,0.0,0.0,0.0,0.0,0.0,0.0,0.0,0.0,0.0,0.0,0.0,0.0,0.0,0.0,0.0,0.0,0.0,0.0,0.0,0.0,0.0,0.0,0.0,0.0,0.0,0.0,0.0,0.0,0.0,0.0,0.0,0.0,0.0,0.0,0.0,0.0,0.0,0.0,0.0,0.0,0.0,0.0,0.0,0.0,0.0,0.0,0.0,0.0,0.0,0.0,0.0,0.0,0.0,0.0,0.0,0.0,0.0,0.0,0.0,0.0,0.0,0.0,0.0,0.0,0.0,0.0,0.0,0.0,0.0,0.0,0.0,0.0,0.0,0.0,0.0,0.0,0.0,0.0,0.0,0.0,0.0,0.0,0.0,0.0,0.0,0.0
ENCFF142IUW,0.041122896305130024,19855,709,1749,11353,446,28192,1582,91,180,76,136,919,1849,3734,6989,8522,1400,95,1706,1474,46,208,33,15,19,220,1188,1180,8204,971,94,121,165,743,553,47,509,10,8,2534,3214,24,250,16,125,132,1673,12208,181,175,288,401,141,103,1972,52,99,121,53,194,481,285,5791,287,146,318,26,19767,21820,2050,364,253,661,1543,50,412,159,249,323,82,325,300,1266,180,174,1100,4,254,160,5,343,39,12,579,525,10225,52723,2991,24,8951,12874,795,11165,1070,252,1549,562,455,6,877,2545,2220,71,1444,9911,1457,16647,419,1838,1268,2964,845,21656,623,2151,736,243,791,118,23,8818,4755,777,9095,4124,3730,7917,279,1352,1156,370,1139,17581,140,177,36,41,12,14,584,96,192,2807,1455,193,1682,10930,1817,113,337,353,491,876,1431,1315,1868,32,44,8,290,3,667,232,1408,94,48,6,217,200,332,5267,2059,14267,730,10041,10724,5069,11626,4398,8995,59,9356,10347,4900,2490,7642,5774,2787,291,225,236,54,141,232,50,21,25,7,1278,139,15219,4413,3865,65,93479,13756,1306,9313,10636,312,253,14456,6618,22501,2739,14073,73,13084,5,93,233,32,75,228,79,1139,577,14,193,278,206,292,143,819,409,174,65,1390,970,560,841,299,108,200,190,97,136,88,216,395,1883,377,121,751,833,659,8535,18146,723,752,1239,427,218,175,147,262,194,66,2472,131,212,1478,100,562,107,1061,337,351,202,298,105,149,249,809,803,231,294,208,749,438,242,274,297,1209,7,5,107,174,156,103,4458,30,2889,10,202,28,1734,221,2023,2277,2126,3,758,27,80,462,1295,24814,206,693,721,376,86,851,62,120,202,4715,1981,902,401,5,63,69,3,6,210,414,976,182,1112,201,150,839,22749,176,721,39101,210,1755,293,1586,1149,867,93,530,2212,265,241,275,148,144,95,4695,380,238,350,136,369,405,8061,23,2988,755,5,8673,2118,7,60,2024,193,6,1875,240,441,89,951,348,6218,1406,308,322,278,143,323,214,421,299,5,361,5,613,60,20,40,205,209,419,307,15486,1575,3890,3119,801,202,329,47,10799,163,4468,809,3837,357,109,865,12,9578,2195,3285,14507,1507,6107,113,86,104,347,538,311,177,447,2560,235,18,164,329,6,14,1252,1099,11,270,54,6976,13421,10401,2393,10809,1480,146,29483,29880,4778,12821,23578,26120,69,65,237,262,67,240,364,79,145,169,2264,0.0,0.0,0.0,0.0,0.0,0.0,0.0,0.0,0.0,0.0,0.0,0.0,0.0,0.0,0.0,0.0,0.0,0.0,0.0,0.0,0.0,0.0,0.0,0.0,0.0,0.0,0.0,0.0,0.0,0.0,0.0,0.0,0.0,0.0,0.0,0.0,0.0,0.0,0.0,0.0,0.0,0.0,0.0,0.0,0.0,0.0,0.0,0.0,0.0,0.0,0.0,0.0,0.0,0.0,0.0,0.0,0.0,0.0,0.0,0.0,0.0,0.0,0.0,0.0,0.0,0.0,0.0,0.0,0.0,0.0,0.0,0.0,0.0,0.0,0.0,0.0,0.0,0.0,0.0,0.0,0.0,0.0,0.0,0.0,0.0,0.0,0.0,0.0,0.0,0.0,0.0,0.0,0.0,0.0,0.0,0.0,0.0,0.0,0.0,0.0,0.0,0.0,0.0,0.0,0.0,0.0,0.0,0.0,0.0,0.0,0.0,0.0,0.0,0.0,0.0,0.0,0.0,0.0,0.0,0.0,0.0,0.0,0.0,0.0,0.0,0.0,0.0,0.0,0.0,0.0,0.0,0.0,0.0,0.0,0.0,0.0,0.0,0.0,0.0,0.0,0.0,0.0,0.0,0.0,0.0,0.0,0.0,0.0,0.0,0.0
ENCFF000ZHD,0.06068510369539506,2517,8,142,1575,31,5463,205,19,9,11,19,105,131,214,570,1398,108,12,158,174,4,18,4,3,0,25,170,125,790,96,11,11,10,81,60,7,60,3,0,223,352,1,20,2,4,23,188,820,14,26,50,48,12,10,222,3,15,12,4,25,40,20,539,6,15,32,1,1847,1596,218,36,18,58,170,12,48,13,22,42,12,51,47,124,21,23,122,0,33,21,2,42,4,2,64,45,734,5545,337,3,877,1232,77,1126,49,22,123,41,49,0,83,239,227,2,187,997,116,746,23,110,126,252,46,1214,66,212,78,21,79,9,3,879,327,102,711,243,439,847,23,130,100,48,130,1813,15,21,5,7,1,0,50,9,15,313,137,20,140,1598,168,10,44,21,25,71,139,126,188,2,3,0,58,3,57,30,103,174,3,1,28,31,34,443,208,1429,59,912,1174,487,1085,420,917,8,878,1044,337,309,788,565,225,31,32,24,2,20,34,4,2,1,3,151,10,1234,459,300,5,7012,1216,143,879,894,30,21,1406,637,2118,193,1205,0,1327,2,7,33,2,11,29,14,122,76,0,34,31,21,39,17,92,43,6,5,141,110,44,90,38,14,17,24,20,5,14,15,50,165,46,12,54,93,68,521,2349,73,82,159,51,34,30,30,27,20,6,250,17,36,183,19,58,16,123,33,47,22,28,11,17,13,83,72,35,38,42,97,58,27,31,30,137,2,0,16,16,34,6,415,5,304,2,22,4,218,31,190,191,259,0,86,3,5,32,113,2822,26,68,78,34,8,91,8,7,13,485,189,95,36,1,12,7,2,4,26,33,78,21,99,20,31,59,2008,20,65,3718,15,191,32,177,117,87,11,50,215,31,28,27,22,20,9,644,44,43,29,25,49,36,773,1,387,75,0,895,241,6,15,193,20,0,242,27,53,9,108,50,821,130,33,34,26,20,46,20,35,29,0,29,2,72,4,0,7,29,12,22,28,985,99,427,262,48,24,17,0,1036,16,409,83,331,34,7,108,0,899,172,287,1323,211,641,12,3,13,30,18,34,23,41,205,34,2,11,50,2,2,132,121,0,17,6,756,1400,955,249,1042,168,13,2684,2899,428,1361,2265,2524,12,3,25,40,13,27,50,12,7,10,195,0.0,0.0,0.0,0.0,0.0,0.0,0.0,0.0,0.0,0.0,0.0,0.0,0.0,0.0,0.0,0.0,0.0,0.0,0.0,0.0,0.0,0.0,0.0,0.0,0.0,0.0,0.0,0.0,0.0,0.0,0.0,0.0,0.0,0.0,0.0,0.0,0.0,0.0,0.0,0.0,0.0,0.0,0.0,0.0,0.0,0.0,0.0,0.0,0.0,0.0,0.0,0.0,0.0,0.0,0.0,0.0,0.0,0.0,0.0,0.0,0.0,0.0,0.0,0.0,0.0,0.0,0.0,0.0,0.0,0.0,0.0,0.0,0.0,0.0,0.0,0.0,0.0,0.0,0.0,0.0,0.0,0.0,0.0,0.0,0.0,0.0,0.0,0.0,0.0,0.0,0.0,0.0,0.0,0.0,0.0,0.0,0.0,0.0,0.0,0.0,0.0,0.0,0.0,0.0,0.0,0.0,0.0,0.0,0.0,0.0,0.0,0.0,0.0,0.0,0.0,0.0,0.0,0.0,0.0,0.0,0.0,0.0,0.0,0.0,0.0,0.0,0.0,0.0,0.0,0.0,0.0,0.0,0.0,0.0,0.0,0.0,0.0,0.0,0.0,0.0,0.0,0.0,0.0,0.0,0.0,0.0,0.0,0.0,0.0,0.0
ENCFF498XBD,0.10284960346958266,132396,2610,4070,33617,383,69445,8730,248,353,281,829,3399,2228,5717,22162,16772,2540,429,6381,5574,237,676,125,73,40,956,8873,2771,28619,4290,257,500,831,1655,1366,278,1798,36,71,9076,12025,198,1390,67,864,598,5781,24325,1262,460,900,1151,491,583,10243,184,341,504,482,828,1814,279,16526,376,440,2625,257,47728,44087,10654,880,567,2683,11866,310,1165,409,627,734,172,784,1037,3904,393,406,2992,7,700,358,22,1470,270,23,1143,957,18123,165960,10898,109,29154,46006,2138,40267,1208,529,6707,2222,2368,15,5593,12053,11843,165,5580,38279,1657,19384,273,1055,1386,8567,493,33150,1067,6334,3039,1781,3226,470,178,47002,7199,5641,24384,5951,41073,31373,1549,4283,3002,1084,4976,32806,606,1208,90,124,58,25,2259,322,1358,10860,5001,607,3665,34427,2575,423,974,1662,1418,3204,6440,5442,11730,123,234,40,773,21,1482,504,1371,973,145,38,902,776,861,18582,7421,52410,1920,24477,31851,13190,29989,14243,26179,234,30832,35222,15483,9512,28637,20515,6924,903,1784,672,135,393,753,211,119,29,51,4483,245,36102,9904,6069,461,446379,36500,4239,25418,24356,1222,723,36698,18116,54104,2256,53956,279,51456,77,589,1034,406,227,893,844,3792,3427,99,504,735,469,720,352,2231,1207,2242,306,4270,3130,1985,5964,928,239,498,602,307,282,229,1305,869,7113,1133,320,1832,2228,2097,8766,33620,5429,2060,6262,1139,732,580,501,754,349,877,8228,361,582,6513,311,1385,306,4437,815,841,427,716,1342,369,888,1972,1930,647,765,549,2986,1329,624,566,732,3528,48,21,333,489,1282,185,16365,379,11478,8,546,115,6672,1086,8454,7231,7791,27,2784,70,285,1357,4723,58256,1037,3760,2669,1062,544,2566,181,249,1119,16094,6861,4186,1478,34,634,101,16,31,567,875,3030,506,4770,396,378,1240,40827,753,1914,133142,798,5690,792,4590,9693,2516,243,4112,12299,592,971,1002,279,320,378,47853,1139,772,950,656,1023,1056,27234,45,9871,2385,37,34166,7924,28,274,8963,747,85,6237,686,2316,343,2929,931,21942,2532,1759,620,975,366,958,684,1923,601,37,1131,35,2130,488,190,223,1473,433,424,667,29334,957,7048,4181,717,527,1169,131,47216,838,16724,2977,12984,1373,319,2924,87,37459,7294,12397,62034,2632,19918,496,351,300,1150,2057,1090,564,2128,4239,924,45,1351,764,34,27,4645,4195,13,1952,237,26169,42308,32264,7369,38411,4115,712,71797,99912,12981,41096,71946,89661,236,162,588,544,168,712,2471,371,523,852,6249,0.0,0.0,0.0,0.0,0.0,0.0,0.0,0.0,0.0,0.0,0.0,0.0,0.0,0.0,0.0,0.0,0.0,0.0,0.0,0.0,0.0,0.0,0.0,0.0,0.0,0.0,0.0,0.0,0.0,0.0,0.0,0.0,0.0,0.0,0.0,0.0,0.0,0.0,0.0,0.0,0.0,0.0,0.0,0.0,0.0,0.0,0.0,0.0,0.0,0.0,0.0,0.0,0.0,0.0,0.0,0.0,0.0,0.0,0.0,0.0,0.0,0.0,0.0,0.0,0.0,0.0,0.0,0.0,0.0,0.0,0.0,0.0,0.0,0.0,0.0,0.0,0.0,0.0,0.0,0.0,0.0,0.0,0.0,0.0,0.0,0.0,0.0,0.0,0.0,0.0,0.0,0.0,0.0,0.0,0.0,0.0,0.0,0.0,0.0,0.0,0.0,0.0,0.0,0.0,0.0,0.0,0.0,0.0,0.0,0.0,0.0,0.0,0.0,0.0,0.0,0.0,0.0,0.0,0.0,0.0,0.0,0.0,0.0,0.0,0.0,0.0,0.0,0.0,0.0,0.0,0.0,0.0,0.0,0.0,0.0,0.0,0.0,0.0,0.0,0.0,0.0,0.0,0.0,0.0,0.0,0.0,0.0,0.0,0.0,0.0
ENCFF000PFR,0.16023302398085187,54184,79,4323,30565,754,83680,6491,330,483,392,796,4135,3180,7800,17640,20800,3644,708,5930,7929,222,978,105,79,109,1041,1366,4589,47553,4777,358,277,660,2614,2310,65,2640,26,30,10395,15207,102,848,49,17,872,8016,22060,150,887,1393,1961,668,359,8420,205,497,468,145,948,1893,332,12979,768,536,384,73,58410,70261,11336,1517,1002,1686,7356,473,1741,765,1082,1255,309,1467,1657,5103,639,774,5098,24,1221,690,24,1612,180,30,1985,1666,16938,226324,13677,146,37877,53779,3575,46439,1649,932,7022,2289,2364,29,3667,9838,9662,92,5903,51799,2944,50128,721,2713,2693,12163,1137,63827,1956,8413,4066,1012,3679,586,175,40679,11085,2803,22937,7513,15356,39042,224,6133,3227,1632,4993,53703,530,414,95,177,51,51,3203,448,805,14558,6763,913,5801,33479,4050,574,1602,1161,1047,4048,6079,5324,7016,64,271,70,1432,97,2391,917,1360,986,67,16,829,1133,1419,22927,10237,62791,3313,37759,45593,20565,45553,19376,40157,364,39696,47433,15851,13353,32473,27150,7404,1245,337,976,70,733,1314,264,120,51,155,5709,367,63808,16003,10078,563,194004,48258,5000,37582,23899,1517,745,52134,23247,68798,4676,61711,268,61154,69,461,917,156,394,1317,310,5256,3005,44,978,1287,853,1249,647,3442,1981,297,300,6692,4032,2818,3693,1690,512,925,1018,461,521,390,717,1632,6829,1616,570,2443,3277,2898,12634,29018,882,3351,4032,1897,1157,930,957,1372,780,220,10036,648,1195,7204,484,2156,602,5678,1526,1450,848,1273,240,666,753,3335,3285,1168,1309,1025,3334,2159,1090,1038,1377,5342,28,41,567,856,789,405,19470,136,13315,45,686,96,8921,1101,9432,8671,9384,25,3473,125,252,2105,5268,73222,931,2717,2975,1453,82,3710,344,248,990,18862,7411,3866,1888,42,238,148,26,71,962,1429,3353,791,5200,710,690,1466,43060,527,2960,171207,687,8133,1415,7284,1738,3415,437,667,5780,1152,1364,1449,495,588,345,7065,1674,1256,1623,668,1606,1772,34138,99,14223,2861,24,35710,10023,86,420,8945,960,130,9159,1173,1885,433,4411,1544,25155,3980,914,1143,1578,589,1656,1216,1836,1292,29,1569,60,2330,181,20,235,513,347,722,990,25320,2228,11527,6780,1513,674,975,195,48958,196,19564,2358,17070,2022,403,3862,38,37999,7410,13152,57099,2705,20384,349,247,525,1231,545,1525,1030,1930,10111,1459,47,381,1446,31,43,5732,5810,14,367,276,34536,55612,39872,10329,48708,5587,403,92156,121546,17333,56234,89958,110113,339,229,1101,993,284,1211,1667,403,587,884,9393,0.0,0.0,0.0,0.0,0.0,0.0,0.0,0.0,0.0,0.0,0.0,0.0,0.0,0.0,0.0,0.0,0.0,0.0,0.0,0.0,0.0,0.0,0.0,0.0,0.0,0.0,0.0,0.0,0.0,0.0,0.0,0.0,0.0,0.0,0.0,0.0,0.0,0.0,0.0,0.0,0.0,0.0,0.0,0.0,0.0,0.0,0.0,0.0,0.0,0.0,0.0,0.0,0.0,0.0,0.0,0.0,0.0,0.0,0.0,0.0,0.0,0.0,0.0,0.0,0.0,0.0,0.0,0.0,0.0,0.0,0.0,0.0,0.0,0.0,0.0,0.0,0.0,0.0,0.0,0.0,0.0,0.0,0.0,0.0,0.0,0.0,0.0,0.0,0.0,0.0,0.0,0.0,0.0,0.0,0.0,0.0,0.0,0.0,0.0,0.0,0.0,0.0,0.0,0.0,0.0,0.0,0.0,0.0,0.0,0.0,0.0,0.0,0.0,0.0,0.0,0.0,0.0,0.0,0.0,0.0,0.0,0.0,0.0,0.0,0.0,0.0,0.0,0.0,0.0,0.0,0.0,0.0,0.0,0.0,0.0,0.0,0.0,0.0,0.0,0.0,0.0,0.0,0.0,0.0,0.0,0.0,0.0,0.0,0.0,0.0
ENCFF163PYU,0.15205146624996546,47242,147,3073,47510,372,116432,4549,240,158,109,241,2666,975,3755,21127,16663,1295,350,2227,2677,46,310,35,17,29,706,3330,2548,30175,1983,102,52,297,1758,1512,16,1620,11,2,4443,5400,56,233,53,44,500,4327,16188,275,387,1047,1266,164,111,2555,44,214,126,93,382,1346,316,8757,208,100,986,107,26430,23370,2545,1118,669,1337,2161,108,1177,519,713,800,204,975,1060,1663,363,637,3172,7,847,638,5,562,132,21,814,942,24647,95388,4764,76,12437,18721,2076,15482,1055,606,2036,719,882,18,1487,3279,3555,107,2806,17730,1438,23389,193,936,1140,4064,460,48095,1225,3285,1248,208,994,130,32,13508,4661,1172,25597,4965,4730,13376,164,2967,1974,1014,1987,21864,164,319,81,45,16,15,1083,253,311,5270,1670,175,2367,46543,2827,146,1044,804,779,1476,2280,2174,2393,19,57,27,956,23,1240,531,655,68,15,7,413,340,1045,6059,2997,20906,1681,14006,16855,8480,24996,9642,18600,165,13783,17303,4756,4401,13449,8792,3127,559,354,305,39,608,1054,43,20,20,43,2231,76,34574,8085,5534,255,99093,21499,2339,12791,16015,518,273,21239,10018,35089,1546,17634,33,16911,16,188,530,14,276,827,132,3178,1409,16,710,668,588,882,397,2083,1222,92,109,3677,2254,1207,1155,1429,307,768,730,387,309,203,128,1107,2741,781,313,964,2012,1687,10332,35204,2699,2092,1752,1029,807,644,626,929,526,38,4216,456,1217,2840,316,1169,469,2419,1230,954,734,839,140,445,387,2190,1764,782,859,765,1487,1299,979,657,1050,2868,30,41,390,684,281,677,7764,134,4986,30,135,61,3657,393,4012,3820,4093,39,1521,42,23,890,1623,48832,410,1029,1520,558,137,1883,43,150,663,11174,3143,3309,719,61,164,34,27,33,579,777,1084,576,2015,602,418,1398,63419,256,1384,54954,383,3214,878,5331,3636,1777,233,682,3046,763,1001,975,344,281,119,19479,1272,928,977,319,1041,1086,13569,13,8642,749,49,13055,3997,12,211,2891,556,30,4924,704,458,65,2662,901,23721,2103,579,604,963,528,739,822,525,509,11,357,11,1353,106,98,47,324,1044,189,704,31613,867,8166,3826,643,391,327,119,14293,106,6741,1113,4660,711,65,1345,6,16710,3036,5768,21853,908,12448,104,139,323,813,416,841,743,966,5241,918,10,168,1024,29,28,1680,1615,24,212,46,12075,19626,15661,4011,14433,1994,189,45774,43280,7842,19829,33338,36676,144,51,613,555,192,821,358,211,119,389,3832,0.0,0.0,0.0,0.0,0.0,0.0,0.0,0.0,0.0,0.0,0.0,0.0,0.0,0.0,0.0,0.0,0.0,0.0,0.0,0.0,0.0,0.0,0.0,0.0,0.0,0.0,0.0,0.0,0.0,0.0,0.0,0.0,0.0,0.0,0.0,0.0,0.0,0.0,0.0,0.0,0.0,0.0,0.0,0.0,0.0,0.0,0.0,0.0,0.0,0.0,0.0,0.0,0.0,0.0,0.0,0.0,0.0,0.0,0.0,0.0,0.0,0.0,0.0,0.0,0.0,0.0,0.0,0.0,0.0,0.0,0.0,0.0,0.0,0.0,0.0,0.0,0.0,0.0,0.0,0.0,0.0,0.0,0.0,0.0,0.0,0.0,0.0,0.0,0.0,0.0,0.0,0.0,0.0,0.0,0.0,0.0,0.0,0.0,0.0,0.0,0.0,0.0,0.0,0.0,0.0,0.0,0.0,0.0,0.0,0.0,0.0,0.0,0.0,0.0,0.0,0.0,0.0,0.0,0.0,0.0,0.0,0.0,0.0,0.0,0.0,0.0,0.0,0.0,0.0,0.0,0.0,0.0,0.0,0.0,0.0,0.0,0.0,0.0,0.0,0.0,0.0,0.0,0.0,0.0,0.0,0.0,0.0,0.0,0.0,0.0
ENCFF000WUD,0.08217264420750928,3877,30,367,4149,82,8919,660,40,65,30,92,332,596,1134,2019,3476,508,59,630,579,27,85,13,13,6,114,94,348,2119,434,32,28,61,191,195,5,218,1,6,944,1295,6,80,4,7,111,611,2342,17,93,117,154,41,51,780,21,30,40,20,74,195,38,1420,51,72,29,15,5196,4767,883,110,70,133,675,25,156,70,78,103,31,94,148,438,58,54,373,0,75,63,5,194,16,7,147,156,1515,18197,1163,14,3178,4501,271,4134,139,60,599,191,204,5,340,799,769,26,524,3522,344,2749,52,231,237,957,119,3736,176,655,300,105,359,38,19,3493,1788,66,2678,1152,1298,3114,15,545,403,152,397,4843,73,26,16,16,7,7,239,27,98,1057,540,63,504,4086,393,49,129,138,186,324,490,414,638,10,24,9,121,7,183,70,198,184,6,0,62,96,106,1750,826,4821,263,3352,3478,1494,3012,1422,2828,34,3014,3522,1116,1000,2541,2075,757,72,20,78,11,59,104,12,9,7,5,428,42,4037,1245,1721,35,25291,3903,375,3209,2686,127,73,4275,2005,6009,559,4921,19,4832,2,43,156,97,20,99,50,343,265,5,73,99,73,82,50,298,151,25,30,452,351,202,320,121,41,61,93,43,44,30,63,124,539,131,46,195,283,217,1351,2155,55,234,394,138,85,70,58,77,53,17,857,49,89,599,31,200,46,397,120,108,52,105,15,42,61,251,240,98,101,84,298,153,75,92,98,353,1,5,45,57,48,20,1575,11,1049,1,74,1,713,109,836,770,788,5,283,13,29,209,388,7306,73,256,265,122,4,262,20,24,86,1510,700,436,166,3,25,11,0,4,68,136,282,77,379,65,40,167,5764,35,228,13226,63,630,83,611,122,283,28,41,431,96,118,117,40,49,21,465,135,120,126,47,135,164,2821,5,1117,267,8,3064,805,4,37,660,96,9,759,89,148,39,326,127,2137,375,87,87,107,47,115,78,148,102,3,119,2,229,17,0,17,43,44,96,79,3158,218,1092,585,141,53,104,16,4118,17,1688,202,1395,132,40,286,7,3527,676,1119,4984,166,1977,26,47,33,80,48,121,58,120,655,117,4,30,141,2,2,480,437,3,14,32,2709,4153,3178,727,3728,532,102,7449,9546,1379,4277,7054,8670,43,23,91,85,27,97,170,42,50,68,726,0.0,0.0,0.0,0.0,0.0,0.0,0.0,0.0,0.0,0.0,0.0,0.0,0.0,0.0,0.0,0.0,0.0,0.0,0.0,0.0,0.0,0.0,0.0,0.0,0.0,0.0,0.0,0.0,0.0,0.0,0.0,0.0,0.0,0.0,0.0,0.0,0.0,0.0,0.0,0.0,0.0,0.0,0.0,0.0,0.0,0.0,0.0,0.0,0.0,0.0,0.0,0.0,0.0,0.0,0.0,0.0,0.0,0.0,0.0,0.0,0.0,0.0,0.0,0.0,0.0,0.0,0.0,0.0,0.0,0.0,0.0,0.0,0.0,0.0,0.0,0.0,0.0,0.0,0.0,0.0,0.0,0.0,0.0,0.0,0.0,0.0,0.0,0.0,0.0,0.0,0.0,0.0,0.0,0.0,0.0,0.0,0.0,0.0,0.0,0.0,0.0,0.0,0.0,0.0,0.0,0.0,0.0,0.0,0.0,0.0,0.0,0.0,0.0,0.0,0.0,0.0,0.0,0.0,0.0,0.0,0.0,0.0,0.0,0.0,0.0,0.0,0.0,0.0,0.0,0.0,0.0,0.0,0.0,0.0,0.0,0.0,0.0,0.0,0.0,0.0,0.0,0.0,0.0,0.0,0.0,0.0,0.0,0.0,0.0,0.0
ENCFF000YLR,0.05436810515711009,3022,21,154,1338,24,3524,585,25,15,22,61,133,94,218,671,797,158,25,266,342,17,50,7,5,3,46,105,155,729,263,19,15,27,106,79,1,80,0,2,519,640,0,39,1,4,44,254,698,14,68,33,55,27,34,505,10,24,32,7,62,52,10,295,7,27,36,1,1934,2564,456,56,36,67,420,17,71,34,33,43,6,51,56,256,28,20,124,1,45,24,1,67,6,0,78,53,489,9452,668,8,1811,2503,93,2140,225,26,310,89,92,1,167,505,567,3,325,1991,105,1065,13,88,85,473,29,1083,73,429,192,39,224,18,12,1968,379,94,507,250,921,1747,7,226,126,58,211,1423,21,23,1,9,1,1,95,18,41,668,280,38,259,1332,154,24,46,67,54,143,473,512,484,2,1,3,36,2,75,32,253,636,3,0,25,55,57,939,396,2644,125,1437,1747,771,1236,642,1386,7,1607,1783,694,682,1427,1070,383,48,24,56,6,15,36,10,1,2,42,285,11,1226,609,258,9,11910,1970,182,1504,592,71,48,2007,891,2388,179,2987,17,3424,4,21,59,14,10,44,22,175,128,1,28,39,33,40,23,138,65,27,14,235,145,128,204,56,7,35,24,19,26,16,32,52,261,57,24,118,110,81,398,611,84,114,266,65,28,17,19,41,18,12,489,22,38,257,12,88,29,202,44,45,20,40,24,19,26,113,98,41,39,29,163,84,28,30,37,150,4,1,23,22,39,17,953,19,663,0,35,10,361,52,445,434,405,1,137,15,7,70,284,2481,50,144,108,62,5,104,6,10,45,717,315,166,100,3,18,11,0,4,37,60,187,36,195,31,23,77,1687,19,88,7334,18,332,52,193,116,102,17,33,311,31,52,44,52,23,12,494,56,38,50,18,68,57,1462,10,519,169,3,1831,436,0,22,374,44,4,332,31,155,24,158,45,464,105,45,40,52,30,57,24,101,28,3,68,1,110,12,9,15,37,18,22,31,1225,79,394,215,51,21,74,8,2620,13,878,107,844,79,10,185,4,1566,350,561,2491,96,382,5,13,15,51,30,50,28,75,308,45,3,18,55,0,4,303,253,0,22,9,1458,1880,1448,358,2008,313,16,3157,4616,637,1994,3516,4396,12,17,40,34,10,30,89,23,29,35,362,0.0,0.0,0.0,0.0,0.0,0.0,0.0,0.0,0.0,0.0,0.0,0.0,0.0,0.0,0.0,0.0,0.0,0.0,0.0,0.0,0.0,0.0,0.0,0.0,0.0,0.0,0.0,0.0,0.0,0.0,0.0,0.0,0.0,0.0,0.0,0.0,0.0,0.0,0.0,0.0,0.0,0.0,0.0,0.0,0.0,0.0,0.0,0.0,0.0,0.0,0.0,0.0,0.0,0.0,0.0,0.0,0.0,0.0,0.0,0.0,0.0,0.0,0.0,0.0,0.0,0.0,0.0,0.0,0.0,0.0,0.0,0.0,0.0,0.0,0.0,0.0,0.0,0.0,0.0,0.0,0.0,0.0,0.0,0.0,0.0,0.0,0.0,0.0,0.0,0.0,0.0,0.0,0.0,0.0,0.0,0.0,0.0,0.0,0.0,0.0,0.0,0.0,0.0,0.0,0.0,0.0,0.0,0.0,0.0,0.0,0.0,0.0,0.0,0.0,0.0,0.0,0.0,0.0,0.0,0.0,0.0,0.0,0.0,0.0,0.0,0.0,0.0,0.0,0.0,0.0,0.0,0.0,0.0,0.0,0.0,0.0,0.0,0.0,0.0,0.0,0.0,0.0,0.0,0.0,0.0,0.0,0.0,0.0,0.0,0.0
ENCFF558FDQ,0.12971884621470192,207948,799,1924,9416,112,14429,1411,71,83,72,173,901,563,1835,5186,3673,743,131,1522,1577,40,156,23,18,18,254,19423,783,4851,916,73,736,182,373,366,512,445,19,11,2148,2642,15,190,5,232,126,1371,5040,2201,122,213,312,114,117,1886,40,75,98,49,196,464,137,2593,226,128,5851,45,12055,12701,1784,265,165,3625,1474,69,278,111,165,238,60,251,234,924,112,113,917,2,219,143,5,293,37,13,329,330,3765,45938,2417,29,7159,10244,626,8891,288,142,1310,425,434,6,774,2251,2038,28,1195,8822,459,5447,52,274,424,2144,124,7261,324,1721,831,245,586,103,33,6954,2151,11188,4457,1692,3051,7055,2724,1201,878,246,2600,11367,128,2107,16,24,14,13,518,49,261,2702,1182,150,936,9923,897,96,244,256,246,707,1035,844,1616,17,23,8,230,5,437,145,395,69,290,5,1310,193,221,3948,1670,14882,574,6744,7963,3869,7211,3846,7010,51,7638,8717,2624,2254,5810,4833,1676,266,3362,201,27,119,207,35,19,25,19,1190,57,9830,3093,1360,77,135045,10256,2832,7163,4731,289,179,10564,4996,14519,628,11714,75,10081,10,82,243,60,66,207,48,984,592,22,160,225,126,226,101,538,325,218,50,1141,705,475,779,279,89,138,159,83,76,48,164,275,1616,345,68,513,601,545,3164,11250,11900,538,991,333,177,143,123,233,127,75,1832,116,198,1267,82,351,78,1062,235,228,138,246,198,104,555,610,601,203,205,165,605,384,199,167,189,1064,5,9,82,164,98,54,3601,28,2602,14,131,33,1416,192,1917,1863,1860,5,642,24,62,400,930,16528,1572,1521,575,303,1074,703,70,57,174,3979,1787,1007,309,6,162,22,7,2,167,317,652,116,998,127,115,367,11810,841,595,31324,237,1284,226,1263,19462,647,81,7641,19887,187,202,229,96,99,394,91537,259,201,226,151,242,280,6502,14,2571,584,22,6806,2022,15,61,1485,174,13,1696,177,482,73,671,252,4434,813,3541,198,229,111,263,189,383,168,12,272,9,524,96,6,45,2213,108,103,256,7450,247,2251,1363,207,130,182,52,8923,1997,3789,4165,2887,329,92,771,35,8769,1736,2732,13613,1162,3146,313,95,81,1201,515,227,145,408,2341,206,13,2007,228,3,12,931,916,4,3967,34,5796,11767,8043,2163,8991,1080,192,16889,24452,3694,11401,18149,20521,48,51,191,146,40,191,422,67,97,142,1727,0.0,0.0,0.0,0.0,0.0,0.0,0.0,0.0,0.0,0.0,0.0,0.0,0.0,0.0,0.0,0.0,0.0,0.0,0.0,0.0,0.0,0.0,0.0,0.0,0.0,0.0,0.0,0.0,0.0,0.0,0.0,0.0,0.0,0.0,0.0,0.0,0.0,0.0,0.0,0.0,0.0,0.0,0.0,0.0,0.0,0.0,0.0,0.0,0.0,0.0,0.0,0.0,0.0,0.0,0.0,0.0,0.0,0.0,0.0,0.0,0.0,0.0,0.0,0.0,0.0,0.0,0.0,0.0,0.0,0.0,0.0,0.0,0.0,0.0,0.0,0.0,0.0,0.0,0.0,0.0,0.0,0.0,0.0,0.0,0.0,0.0,0.0,0.0,0.0,0.0,0.0,0.0,0.0,0.0,0.0,0.0,0.0,0.0,0.0,0.0,0.0,0.0,0.0,0.0,0.0,0.0,0.0,0.0,0.0,0.0,0.0,0.0,0.0,0.0,0.0,0.0,0.0,0.0,0.0,0.0,0.0,0.0,0.0,0.0,0.0,0.0,0.0,0.0,0.0,0.0,0.0,0.0,0.0,0.0,0.0,0.0,0.0,0.0,0.0,0.0,0.0,0.0,0.0,0.0,0.0,0.0,0.0,0.0,0.0,0.0
ENCFF030MWT,0.1815894981613533,31984,115,2346,28255,459,64997,4430,249,245,204,465,2149,1833,4644,16835,15366,2064,270,3287,4548,110,516,75,21,29,708,783,2260,13784,2724,198,108,296,1279,1078,34,1255,8,11,5519,7366,19,453,8,24,430,3935,12985,128,428,598,960,325,258,4568,119,245,394,107,437,1026,205,7202,229,160,245,32,31620,35542,4916,686,457,859,3438,212,781,362,532,604,148,644,697,2673,335,334,2530,10,550,344,7,798,144,18,750,863,12826,120873,7160,83,20428,27430,1599,23771,725,375,3526,944,1067,7,1993,5340,5816,63,3658,22748,1525,18833,338,1236,1377,5947,533,26645,925,4619,2197,491,1907,238,92,19944,6001,506,10144,4480,8285,20105,157,3223,1803,786,2713,30452,203,240,54,76,10,16,1515,159,332,8507,3273,505,2699,28980,2287,295,750,667,572,2029,3840,3736,3822,56,52,13,666,11,1181,410,878,187,21,17,349,471,671,10331,5023,30925,1623,18328,22696,10623,20264,8918,18350,152,18247,21787,8056,6482,15861,12792,3872,627,225,532,75,295,605,106,48,5,161,3194,141,22791,8311,4482,119,132564,27239,2586,19178,13281,779,481,28531,13542,39421,3220,33574,169,34540,47,261,576,60,205,627,141,2584,1364,11,507,614,418,594,305,1596,933,209,182,3277,1873,1428,1951,726,204,467,448,231,289,253,332,785,3512,970,239,1223,1614,1411,5612,26826,644,1614,2215,868,556,405,447,660,328,89,5220,315,595,3544,253,1017,267,2947,710,622,367,611,159,315,367,1642,1720,525,651,539,1765,984,504,522,583,2707,6,25,288,410,420,211,10423,94,6925,8,375,74,4510,580,5094,4714,5573,7,1703,69,109,766,2800,48601,443,1402,1392,798,57,1837,115,101,465,10176,4292,1838,928,29,244,72,11,29,465,796,1796,362,2819,346,366,894,32718,266,1472,87794,308,3902,646,3272,1025,1670,213,360,3254,533,699,676,313,295,179,4645,807,635,709,327,727,829,17304,31,6906,1521,10,19578,4976,27,188,4748,553,68,4496,590,1228,207,2046,691,10332,2303,458,571,671,319,772,554,1029,421,10,707,9,1286,67,67,103,316,156,355,422,26350,1115,6327,3737,847,368,661,130,26185,132,10422,1266,9262,884,196,2123,20,19869,3790,6997,29622,2607,8642,149,125,258,615,323,724,461,1002,4720,640,18,143,704,17,16,2943,2705,9,223,124,16747,26961,19765,5020,23425,2764,298,44751,58338,8994,28112,43311,53295,181,119,521,463,159,591,832,228,377,489,5131,0.0,0.0,0.0,0.0,0.0,0.0,0.0,0.0,0.0,0.0,0.0,0.0,0.0,0.0,0.0,0.0,0.0,0.0,0.0,0.0,0.0,0.0,0.0,0.0,0.0,0.0,0.0,0.0,0.0,0.0,0.0,0.0,0.0,0.0,0.0,0.0,0.0,0.0,0.0,0.0,0.0,0.0,0.0,0.0,0.0,0.0,0.0,0.0,0.0,0.0,0.0,0.0,0.0,0.0,0.0,0.0,0.0,0.0,0.0,0.0,0.0,0.0,0.0,0.0,0.0,0.0,0.0,0.0,0.0,0.0,0.0,0.0,0.0,0.0,0.0,0.0,0.0,0.0,0.0,0.0,0.0,0.0,0.0,0.0,0.0,0.0,0.0,0.0,0.0,0.0,0.0,0.0,0.0,0.0,0.0,0.0,0.0,0.0,0.0,0.0,0.0,0.0,0.0,0.0,0.0,0.0,0.0,0.0,0.0,0.0,0.0,0.0,0.0,0.0,0.0,0.0,0.0,0.0,0.0,0.0,0.0,0.0,0.0,0.0,0.0,0.0,0.0,0.0,0.0,0.0,0.0,0.0,0.0,0.0,0.0,0.0,0.0,0.0,0.0,0.0,0.0,0.0,0.0,0.0,0.0,0.0,0.0,0.0,0.0,0.0
ENCFF000VQR,0.11791927395505172,3334,19,218,2591,90,7447,411,38,65,16,41,172,664,1056,1326,3852,381,39,517,348,12,54,9,5,6,52,123,223,2555,250,25,12,25,137,111,4,142,3,1,476,715,6,49,2,4,39,366,2089,13,36,61,76,32,16,393,12,25,21,12,72,81,48,1234,10,51,53,3,3689,3044,476,79,46,107,345,11,99,33,54,87,12,59,79,235,35,41,177,1,61,35,3,110,17,3,117,79,1130,11214,655,9,1862,2533,155,2383,193,31,333,101,105,3,177,483,484,12,264,1981,383,3062,89,325,195,599,149,4185,102,358,155,53,213,38,11,1966,1730,53,2056,969,744,1807,21,257,348,76,229,3789,53,25,8,11,6,0,140,20,34,544,318,45,319,2570,276,24,95,137,117,190,252,215,389,11,10,3,77,5,129,36,151,1371,2,0,30,54,56,976,464,2949,131,2365,2460,922,2173,809,1706,20,1766,1906,646,610,1486,1230,473,39,31,78,1,38,65,21,3,2,1,213,53,2623,798,1774,16,15391,2595,231,1860,2409,91,61,2602,1350,4273,640,2902,12,2917,4,18,39,24,16,67,15,203,148,1,46,60,33,55,27,158,95,4,19,285,207,117,153,86,21,45,39,34,34,27,42,100,303,73,18,146,157,132,938,1396,70,143,207,98,58,54,33,62,43,4,559,35,50,370,22,97,28,223,53,70,34,62,7,40,32,158,153,55,61,47,146,94,50,59,63,219,3,3,38,49,33,16,910,15,596,1,39,4,413,62,447,422,485,4,200,22,11,209,258,6478,59,138,129,67,6,152,8,59,35,987,542,152,97,6,11,19,2,4,39,124,177,42,201,41,45,177,4426,30,125,7656,39,434,66,382,112,171,29,62,337,53,77,71,41,29,18,712,87,69,79,33,74,89,1740,6,660,147,6,1729,446,1,21,353,54,4,436,55,88,25,221,90,1248,201,36,56,72,23,86,56,93,57,0,70,4,106,14,6,16,27,28,108,48,2605,260,730,503,166,45,76,15,2373,12,892,141,836,109,20,167,3,2102,386,643,2657,85,1283,20,18,30,59,33,80,45,90,564,56,5,28,80,3,6,305,297,2,22,12,1614,2380,1831,445,2242,310,48,4754,5678,814,2436,4200,5117,37,24,49,66,29,65,88,23,31,31,400,0.0,0.0,0.0,0.0,0.0,0.0,0.0,0.0,0.0,0.0,0.0,0.0,0.0,0.0,0.0,0.0,0.0,0.0,0.0,0.0,0.0,0.0,0.0,0.0,0.0,0.0,0.0,0.0,0.0,0.0,0.0,0.0,0.0,0.0,0.0,0.0,0.0,0.0,0.0,0.0,0.0,0.0,0.0,0.0,0.0,0.0,0.0,0.0,0.0,0.0,0.0,0.0,0.0,0.0,0.0,0.0,0.0,0.0,0.0,0.0,0.0,0.0,0.0,0.0,0.0,0.0,0.0,0.0,0.0,0.0,0.0,0.0,0.0,0.0,0.0,0.0,0.0,0.0,0.0,0.0,0.0,0.0,0.0,0.0,0.0,0.0,0.0,0.0,0.0,0.0,0.0,0.0,0.0,0.0,0.0,0.0,0.0,0.0,0.0,0.0,0.0,0.0,0.0,0.0,0.0,0.0,0.0,0.0,0.0,0.0,0.0,0.0,0.0,0.0,0.0,0.0,0.0,0.0,0.0,0.0,0.0,0.0,0.0,0.0,0.0,0.0,0.0,0.0,0.0,0.0,0.0,0.0,0.0,0.0,0.0,0.0,0.0,0.0,0.0,0.0,0.0,0.0,0.0,0.0,0.0,0.0,0.0,0.0,0.0,0.0
ENCFF427QLC,0.10786228355966325,1163495,7518,19634,91954,1261,168814,19992,845,1066,833,2024,10212,8296,19074,54757,59703,8677,1243,17101,15367,422,1958,287,209,161,3033,102580,9785,88867,10244,772,5333,2357,5314,4605,3227,5577,73,223,26960,30710,192,2152,210,2111,1614,16553,67989,15678,1320,3542,3989,1384,1009,20927,531,982,1197,625,1786,5251,1530,42396,1312,1885,27324,482,154720,144372,22257,3153,1970,22465,17965,777,3414,1375,2175,2536,708,2740,3104,10528,1204,1446,10961,55,2416,1411,40,4342,596,105,4719,3975,47156,523526,30850,385,82678,125291,7381,109771,4359,1646,16087,4826,5515,64,9990,24569,23803,568,13857,102331,6018,63064,937,3738,5044,25616,1463,78720,4088,17150,7919,2365,7496,897,376,85610,25053,68404,65130,19396,44153,76831,18339,13539,10785,3471,18763,124893,1391,14451,254,271,285,114,5990,734,3080,28307,13282,1789,12318,97530,10363,1242,3175,4294,5046,8799,11824,10461,20806,242,332,125,2849,56,5447,1666,5396,3099,2549,102,6806,2047,2849,45153,19863,167139,6432,82357,91362,45927,90661,42425,82834,647,88943,104698,39180,26769,73331,54793,22050,2959,22897,2354,727,1484,2573,392,179,515,167,12019,674,119008,36456,23183,812,1053155,120057,20632,82859,72878,3244,1690,125008,62594,181168,7794,136819,603,130418,124,1019,2505,856,796,2573,1327,11436,7102,166,1745,2727,1702,2447,1143,7145,4219,2521,670,13388,9214,5554,10477,3407,977,1745,2177,961,988,762,1991,3158,17241,3690,1054,5423,7539,6480,41496,162409,64884,6773,12267,3702,2451,1857,1669,2549,1513,966,26572,1327,2320,15890,958,4154,1034,13514,3067,2841,1666,2604,1932,1273,4404,7036,6962,2333,2590,2025,6908,4127,2145,2146,2763,12059,79,90,1017,1672,1789,1019,44639,491,30284,57,1435,246,18143,2140,23588,19262,22681,64,7698,205,572,5250,11307,195563,7245,13138,6900,3326,5213,9060,481,713,2609,48998,20296,11051,3774,69,687,338,31,115,1944,2960,8026,1665,11711,1411,1354,8750,132398,5698,6311,365921,2196,16165,2737,15276,107148,7962,816,40223,111403,2187,2694,2953,1095,1096,2112,471385,3424,2554,3102,1935,3273,3610,73913,148,29590,6484,140,78722,20942,129,798,18647,3016,118,19149,2132,4681,721,8688,3110,40451,9779,13949,2448,3077,1190,3252,2348,4159,3182,74,3278,113,5531,1201,63,415,11415,1996,1517,2747,87765,3362,28223,14846,2476,1500,2713,604,105315,10288,53696,21373,34828,3601,995,8430,143,97411,18883,33287,156533,11730,52163,2801,1236,961,9244,6933,3087,2020,4855,29820,2826,134,9777,3019,83,89,11307,10984,55,22642,605,69051,131363,95776,24272,102830,12435,1648,191579,285557,42467,125767,204926,237372,664,499,2154,1879,532,2337,4335,893,1311,1941,18981,0.0,0.0,0.0,0.0,0.0,0.0,0.0,0.0,0.0,0.0,0.0,0.0,0.0,0.0,0.0,0.0,0.0,0.0,0.0,0.0,0.0,0.0,0.0,0.0,0.0,0.0,0.0,0.0,0.0,0.0,0.0,0.0,0.0,0.0,0.0,0.0,0.0,0.0,0.0,0.0,0.0,0.0,0.0,0.0,0.0,0.0,0.0,0.0,0.0,0.0,0.0,0.0,0.0,0.0,0.0,0.0,0.0,0.0,0.0,0.0,0.0,0.0,0.0,0.0,0.0,0.0,0.0,0.0,0.0,0.0,0.0,0.0,0.0,0.0,0.0,0.0,0.0,0.0,0.0,0.0,0.0,0.0,0.0,0.0,0.0,0.0,0.0,0.0,0.0,0.0,0.0,0.0,0.0,0.0,0.0,0.0,0.0,0.0,0.0,0.0,0.0,0.0,0.0,0.0,0.0,0.0,0.0,0.0,0.0,0.0,0.0,0.0,0.0,0.0,0.0,0.0,0.0,0.0,0.0,0.0,0.0,0.0,0.0,0.0,0.0,0.0,0.0,0.0,0.0,0.0,0.0,0.0,0.0,0.0,0.0,0.0,0.0,0.0,0.0,0.0,0.0,0.0,0.0,0.0,0.0,0.0,0.0,0.0,0.0,0.0
ENCFF001FRB,0.04586640345750675,18171,46,1081,5323,213,22444,3010,67,123,58,210,621,991,1977,2328,5981,864,125,1923,1345,76,204,25,12,19,198,30,608,6018,1157,60,46,115,516,447,4,530,7,14,3285,6310,20,157,9,3,362,1379,3495,4,145,151,252,133,194,6344,39,81,81,32,200,326,75,2049,57,108,11,23,11067,13204,7445,227,146,258,5184,68,376,96,157,149,33,159,469,2950,90,86,629,5,153,94,1,388,41,12,286,229,3733,48830,4275,36,11327,17420,465,14990,427,105,3119,786,423,0,2802,8166,5312,53,5065,17140,694,8479,143,681,567,2212,273,9700,444,1895,830,212,1352,137,26,11330,2975,31,2611,1964,6710,12773,6,975,888,307,1040,8142,154,66,17,30,19,10,573,171,168,4863,1587,163,1080,5245,663,101,257,957,1260,1409,1227,1053,9176,21,52,10,167,4,302,102,207,726,2,0,86,155,294,8602,1980,12599,559,7817,11313,3570,7927,5543,8816,66,9939,10975,4188,3745,16414,5569,1819,268,10,171,22,74,139,74,22,7,27,957,61,9197,2775,2455,43,91475,9901,889,8215,4596,307,219,11458,4370,13742,1132,15243,40,16431,16,90,252,58,46,302,95,2301,2191,17,90,164,107,165,85,1010,496,2255,59,942,2388,482,6791,231,67,112,126,49,61,45,2413,161,2266,223,53,376,775,501,2697,5253,45,648,5683,293,149,128,104,144,93,1925,3182,93,139,3131,62,367,59,2040,176,175,88,154,325,95,96,475,446,148,137,133,2138,311,154,135,187,587,2,8,68,111,213,84,7938,14,6467,1,173,12,1712,394,5184,2093,3378,5,563,28,73,224,951,13674,181,495,2119,346,1,635,84,199,225,4915,1721,580,345,9,45,28,3,15,114,235,643,227,1093,96,101,462,9396,75,389,43532,78,2364,190,1212,120,554,57,16,990,134,379,392,84,94,40,357,517,163,352,70,270,438,9174,9,3530,849,3,20368,3075,3,65,2250,126,14,1331,138,343,92,971,206,2996,576,143,140,443,96,212,147,1555,111,8,276,10,901,41,6,71,100,97,203,156,4372,553,1815,1520,316,134,222,32,20958,12,7293,338,4707,385,45,619,17,8558,2369,2292,20129,503,3085,29,32,69,128,87,266,112,1670,1367,305,19,54,174,1,6,1128,1504,4,22,77,7780,18275,13854,1664,10009,1267,86,19311,37689,5569,15120,24288,30036,133,48,131,133,31,147,1025,83,116,151,1636,0.0,0.0,0.0,0.0,0.0,0.0,0.0,0.0,0.0,0.0,0.0,0.0,0.0,0.0,0.0,0.0,0.0,0.0,0.0,0.0,0.0,0.0,0.0,0.0,0.0,0.0,0.0,0.0,0.0,0.0,0.0,0.0,0.0,0.0,0.0,0.0,0.0,0.0,0.0,0.0,0.0,0.0,0.0,0.0,0.0,0.0,0.0,0.0,0.0,0.0,0.0,0.0,0.0,0.0,0.0,0.0,0.0,0.0,0.0,0.0,0.0,0.0,0.0,0.0,0.0,0.0,0.0,0.0,0.0,0.0,0.0,0.0,0.0,0.0,0.0,0.0,0.0,0.0,0.0,0.0,0.0,0.0,0.0,0.0,0.0,0.0,0.0,0.0,0.0,0.0,0.0,0.0,0.0,0.0,0.0,0.0,0.0,0.0,0.0,0.0,0.0,0.0,0.0,0.0,0.0,0.0,0.0,0.0,0.0,0.0,0.0,0.0,0.0,0.0,0.0,0.0,0.0,0.0,0.0,0.0,0.0,0.0,0.0,0.0,0.0,0.0,0.0,0.0,0.0,0.0,0.0,0.0,0.0,0.0,0.0,0.0,0.0,0.0,0.0,0.0,0.0,0.0,0.0,0.0,0.0,0.0,0.0,0.0,0.0,0.0
ENCFF157INU,0.12237695031492041,40479,124,3278,48721,535,253049,8911,367,221,243,541,3897,1634,6675,18038,27505,1903,708,13040,5363,127,785,25,43,33,1309,982,3590,21473,5011,185,46,514,2637,3456,51,3734,40,7,7532,12183,56,523,43,19,1313,7818,25035,97,940,1664,1668,324,388,14870,67,458,226,110,771,1568,799,16028,457,133,276,59,49761,51458,8296,1548,812,1882,8842,268,2218,777,872,1064,287,1353,3096,3675,495,930,4662,9,968,893,16,1136,6738,34,1589,1423,22448,193310,17148,98,32112,44514,3446,38043,2358,817,5120,1708,1787,19,3703,9198,8338,72,5015,34724,1702,36417,185,854,1178,7636,375,58318,1776,6363,2494,382,2877,280,59,34400,6313,383,27765,6865,12833,30292,43,5132,14329,2087,3274,38233,489,175,132,93,50,26,2456,566,312,11275,4284,388,5274,50063,3537,380,1941,1123,995,2701,3568,3477,7405,79,83,44,1355,20,1620,744,1512,832,9,13,570,530,1741,15043,6363,56492,2785,23823,35312,13249,32508,16327,28546,247,26242,31320,20653,10788,32838,18004,6639,949,94,645,420,826,1289,121,33,23,56,3884,88,29046,14039,6951,383,239982,44092,4162,32093,26212,1290,460,42006,19105,67095,2227,39313,56,39245,24,344,834,29,366,1275,254,5246,3192,31,841,865,736,1190,643,3972,3080,2114,180,5983,4635,2015,5409,1981,480,1022,978,535,399,312,1082,1539,7275,1146,456,1430,4181,2577,13400,30513,923,3802,8454,1408,1216,993,747,1153,679,788,7175,672,1648,9834,404,1994,639,4612,1590,1493,921,1204,1249,630,558,3000,2398,1008,1190,953,4075,2059,1276,852,1404,4017,30,16,531,923,527,340,16223,93,10911,22,386,50,8364,1367,8997,9045,10701,17,2983,36,50,1412,4513,75095,566,1685,4231,1188,49,3271,95,404,1849,19408,13633,3707,1457,38,269,64,9,60,752,1680,2456,1479,4125,759,498,2460,68111,280,2183,128041,532,7243,1249,8761,1411,2661,361,216,3703,960,1634,2025,486,428,254,5959,2514,1357,1856,653,1778,2329,28127,21,14856,1507,33,41547,15799,23,388,5514,726,21,7635,903,1777,213,5779,1325,18038,2888,429,853,1817,712,1132,999,1724,247,9,842,9,3023,42,25,85,206,391,259,726,31522,1097,8764,4551,732,735,668,131,36899,74,12298,1453,11467,1342,121,2455,15,33882,6948,14991,58303,1690,27047,200,304,440,1181,576,1470,948,2079,7471,1429,20,143,1307,6,10,3518,3713,13,118,90,26391,39833,38584,7320,31267,4388,1377,66887,99630,18832,43483,72875,81664,212,97,826,779,250,1069,1234,296,252,829,7399,0.0,0.0,0.0,0.0,0.0,0.0,0.0,0.0,0.0,0.0,0.0,0.0,0.0,0.0,0.0,0.0,0.0,0.0,0.0,0.0,0.0,0.0,0.0,0.0,0.0,0.0,0.0,0.0,0.0,0.0,0.0,0.0,0.0,0.0,0.0,0.0,0.0,0.0,0.0,0.0,0.0,0.0,0.0,0.0,0.0,0.0,0.0,0.0,0.0,0.0,0.0,0.0,0.0,0.0,0.0,0.0,0.0,0.0,0.0,0.0,0.0,0.0,0.0,0.0,0.0,0.0,0.0,0.0,0.0,0.0,0.0,0.0,0.0,0.0,0.0,0.0,0.0,0.0,0.0,0.0,0.0,0.0,0.0,0.0,0.0,0.0,0.0,0.0,0.0,0.0,0.0,0.0,0.0,0.0,0.0,0.0,0.0,0.0,0.0,0.0,0.0,0.0,0.0,0.0,0.0,0.0,0.0,0.0,0.0,0.0,0.0,0.0,0.0,0.0,0.0,0.0,0.0,0.0,0.0,0.0,0.0,0.0,0.0,0.0,0.0,0.0,0.0,0.0,0.0,0.0,0.0,0.0,0.0,0.0,0.0,0.0,0.0,0.0,0.0,0.0,0.0,0.0,0.0,0.0,0.0,0.0,0.0,0.0,0.0,0.0
ENCFF000CVM,0.15431804473805902,37099,146,5077,93988,904,122274,6841,317,611,342,574,4154,6164,10445,21902,40467,4481,538,6060,6932,169,769,93,31,34,1419,89,4368,52080,4554,306,189,558,2342,2259,35,2496,56,9,9452,13636,80,754,29,43,915,7600,52382,20,670,1586,1885,633,385,7517,167,452,467,112,832,1803,643,17632,436,461,52,34,60257,58591,8537,1384,978,1448,5800,406,1671,689,1053,1194,304,1357,1528,4539,617,717,4941,21,1111,647,32,1387,214,32,1573,1595,23151,209706,12221,137,32828,48985,3439,43057,1580,861,7124,2076,1967,15,3530,8958,8877,140,5696,37218,3275,37919,627,2617,2596,11114,1174,74771,1776,7345,3409,899,3495,401,164,34917,15781,100,23802,9489,15091,32910,34,5885,3212,1572,4390,100773,354,222,165,128,38,48,2692,361,550,13435,5699,784,4947,93209,4293,496,1629,811,830,3914,5041,4261,6246,85,147,28,1392,15,2512,745,1016,260,20,5,742,1016,1284,18363,8362,54401,2910,38331,39599,18571,52080,17327,35681,340,34736,42027,12550,11234,29125,22419,6558,1169,20,806,84,728,1141,198,118,7,21,4812,419,58779,14511,16648,208,227359,46923,4159,32363,32492,1225,670,48134,22019,73089,5619,49792,235,49278,47,481,802,31,349,1203,399,5184,3067,57,865,1270,792,1194,509,3234,1864,441,334,6201,3927,2645,3704,1612,460,866,988,514,419,356,789,1526,7052,1530,475,2408,2973,3062,15462,55927,135,2988,3966,1696,1090,883,856,1356,720,273,8682,556,1119,6348,486,1939,517,5533,1421,1415,827,1202,516,652,806,3150,3099,1034,1223,932,3103,1955,1058,1015,1329,5604,17,49,489,800,754,365,17518,137,11469,24,634,75,7970,986,8364,8490,9319,45,3433,134,227,1858,4885,98130,635,2340,2900,1250,29,3867,184,277,791,21147,7335,3516,1603,22,153,121,27,37,852,1370,2859,830,4414,624,624,2653,112918,451,2866,147336,745,7052,1311,7409,277,3500,368,28,3958,1039,1331,1440,483,503,336,911,1584,1250,1406,651,1466,1715,32226,90,13691,2843,35,32265,7957,64,333,8977,682,50,8440,1041,1714,317,4143,1458,35721,3991,677,1002,1442,539,1644,1132,1665,836,13,1117,22,2201,136,38,187,439,310,888,861,53783,2389,11556,6568,1686,568,1056,172,42298,81,19637,1868,14239,1643,644,3471,20,45480,8005,13242,58515,3375,35779,294,236,459,1091,539,1475,935,2347,7967,1363,103,167,1396,27,30,4818,4855,15,104,397,29743,51258,38338,9736,43601,5733,451,107376,117661,16839,52346,86560,99139,359,215,961,879,280,1112,1596,345,484,874,8557,0.0,0.0,0.0,0.0,0.0,0.0,0.0,0.0,0.0,0.0,0.0,0.0,0.0,0.0,0.0,0.0,0.0,0.0,0.0,0.0,0.0,0.0,0.0,0.0,0.0,0.0,0.0,0.0,0.0,0.0,0.0,0.0,0.0,0.0,0.0,0.0,0.0,0.0,0.0,0.0,0.0,0.0,0.0,0.0,0.0,0.0,0.0,0.0,0.0,0.0,0.0,0.0,0.0,0.0,0.0,0.0,0.0,0.0,0.0,0.0,0.0,0.0,0.0,0.0,0.0,0.0,0.0,0.0,0.0,0.0,0.0,0.0,0.0,0.0,0.0,0.0,0.0,0.0,0.0,0.0,0.0,0.0,0.0,0.0,0.0,0.0,0.0,0.0,0.0,0.0,0.0,0.0,0.0,0.0,0.0,0.0,0.0,0.0,0.0,0.0,0.0,0.0,0.0,0.0,0.0,0.0,0.0,0.0,0.0,0.0,0.0,0.0,0.0,0.0,0.0,0.0,0.0,0.0,0.0,0.0,0.0,0.0,0.0,0.0,0.0,0.0,0.0,0.0,0.0,0.0,0.0,0.0,0.0,0.0,0.0,0.0,0.0,0.0,0.0,0.0,0.0,0.0,0.0,0.0,0.0,0.0,0.0,0.0,0.0,0.0
ENCFF754HPK,0.16411692159054128,1576977,2467,8668,98124,682,80105,13584,349,518,292,1023,5699,3793,13788,49282,23522,3679,418,8215,7149,315,723,97,72,52,1258,120113,3943,81663,4495,265,4733,705,3057,2993,3840,3520,40,116,11347,12098,44,676,95,744,1772,8394,62223,15619,475,1448,1513,564,591,12248,165,312,483,202,692,2182,595,41920,723,886,33073,353,86314,50269,8469,1835,782,24445,9089,353,2379,538,799,1004,217,1024,2351,3989,508,563,4344,9,914,577,8,1073,280,24,1593,1608,49963,209762,11799,1330,30876,46757,3237,40640,2799,687,7223,2668,3751,21,6143,12771,11268,249,6740,40977,3259,34887,459,1968,2172,10415,837,79712,2348,7168,3484,835,2751,443,137,33512,15076,72575,51307,11723,43857,31795,23703,6437,5910,2463,18049,87765,471,16139,151,92,33,72,2220,231,2086,12758,4629,605,5016,95874,4022,512,1988,1350,1377,3414,9124,8303,11375,148,322,26,1051,18,1946,645,1569,455,1603,63,9319,1412,1900,17374,7984,77733,2447,30008,35653,18354,78303,18088,32765,228,35606,41928,13428,9305,32728,19998,8882,1023,23089,1091,115,542,1008,185,117,13,109,4540,263,96525,14108,11325,463,412320,42564,16225,29222,55948,1120,887,48605,23577,94867,3854,53253,236,46129,67,568,1321,561,326,1714,1129,4566,2860,65,651,924,649,980,429,4973,2758,761,499,4928,4106,2488,3777,1286,355,714,774,395,423,296,971,1236,6829,1433,407,2043,4175,3799,12458,96140,77814,4288,6408,1487,1625,1344,669,1040,519,1121,9731,513,808,7412,435,2241,400,4973,1114,1470,582,1018,2129,525,3327,2520,2694,838,1020,763,3737,1574,770,836,962,4646,40,36,416,640,1093,175,18552,56,14457,16,512,272,7647,1147,9837,8201,8919,21,2832,67,188,1599,4519,108039,8489,10016,4309,1139,6640,4893,160,181,820,19184,9566,5791,1696,36,2880,135,21,65,763,1883,2716,1524,4800,535,516,1730,107732,6007,2320,130245,879,6773,1122,8333,121493,3038,342,58778,139056,848,2188,2331,463,497,2053,688341,2731,1160,2550,1059,2502,2376,27815,56,11687,2442,61,36819,7328,166,356,7653,1049,59,7012,870,2298,355,5574,1777,58694,5528,23549,916,1996,540,1357,862,1754,1026,33,1017,17,3212,210,142,169,15096,792,607,810,77711,1806,11115,6074,1449,576,1604,277,51947,11507,18518,22965,13228,1370,441,2982,106,35501,6710,13548,60341,7367,33206,1528,579,384,8276,1769,2290,766,2107,8103,2144,53,18851,1026,175,31,4165,4012,9,24877,274,25055,48871,36964,8251,36813,4352,480,99418,104117,16194,50605,76844,86512,257,162,837,712,253,881,1986,431,415,738,7960,0.0,0.0,0.0,0.0,0.0,0.0,0.0,0.0,0.0,0.0,0.0,0.0,0.0,0.0,0.0,0.0,0.0,0.0,0.0,0.0,0.0,0.0,0.0,0.0,0.0,0.0,0.0,0.0,0.0,0.0,0.0,0.0,0.0,0.0,0.0,0.0,0.0,0.0,0.0,0.0,0.0,0.0,0.0,0.0,0.0,0.0,0.0,0.0,0.0,0.0,0.0,0.0,0.0,0.0,0.0,0.0,0.0,0.0,0.0,0.0,0.0,0.0,0.0,0.0,0.0,0.0,0.0,0.0,0.0,0.0,0.0,0.0,0.0,0.0,0.0,0.0,0.0,0.0,0.0,0.0,0.0,0.0,0.0,0.0,0.0,0.0,0.0,0.0,0.0,0.0,0.0,0.0,0.0,0.0,0.0,0.0,0.0,0.0,0.0,0.0,0.0,0.0,0.0,0.0,0.0,0.0,0.0,0.0,0.0,0.0,0.0,0.0,0.0,0.0,0.0,0.0,0.0,0.0,0.0,0.0,0.0,0.0,0.0,0.0,0.0,0.0,0.0,0.0,0.0,0.0,0.0,0.0,0.0,0.0,0.0,0.0,0.0,0.0,0.0,0.0,0.0,0.0,0.0,0.0,0.0,0.0,0.0,0.0,0.0,0.0
ENCFF287MXM,0.15102929869166118,1963070,25633,31518,266839,2935,349055,65114,2934,2806,2422,6981,23404,17189,38112,87078,111786,20065,3877,52423,44279,1899,6009,579,517,856,6240,164497,21115,150855,31626,2551,5799,5096,12858,11421,4979,15177,311,1067,72381,91310,1046,5188,229,6983,5880,43638,118693,18048,4123,5061,8049,3666,3830,63148,1563,3076,3196,2744,8795,13231,3324,71582,2983,4362,40242,2200,331241,372598,69148,8236,3964,38131,60104,2285,9153,3108,4657,5503,1254,5464,8534,30181,2846,2821,21590,144,5126,2921,181,12181,2149,464,15856,7184,94351,1397225,91969,902,248205,339481,19067,291236,9546,3416,47454,16057,17179,219,28180,70572,72345,1985,35614,276665,14064,168309,1832,8620,10641,68480,3910,223637,8784,51015,24498,8247,25409,2972,1087,276325,56828,90644,175378,41473,119199,226908,19360,31170,28209,9423,45186,188702,5135,21204,689,978,321,357,18618,3005,10367,78218,42166,4876,35704,263472,18002,3435,8677,17453,14902,23658,34675,30515,64705,590,1280,741,5642,257,9847,3151,22290,8670,2333,128,14440,7438,7748,133434,60338,393378,15128,197255,252535,105392,167616,96766,180063,2021,225646,259699,92359,75518,211818,161912,73010,6500,31324,6562,615,2627,5065,1794,448,377,751,31787,1831,212436,73783,45577,2787,5205806,287264,43033,221062,131268,10800,5585,306031,156666,375584,17683,404313,1509,398618,421,3004,8880,3598,1688,6812,4421,24390,19743,499,3279,5399,3096,5119,2547,19920,10630,5384,1944,31237,24564,15466,32652,6398,1442,3521,3895,1906,2362,1699,6173,5827,43101,6984,2064,12162,18604,15047,68487,165259,87042,16510,33638,9110,5363,4644,3532,5217,2739,2698,83196,2907,5241,46750,2175,11116,2529,29335,5457,6427,2797,5344,5080,2622,7060,14286,14936,4572,5030,4142,19518,9431,4903,4287,4769,23213,187,226,2424,3450,4892,1849,131557,1524,91422,184,4749,1565,52187,7618,67415,55576,56252,304,21918,745,1923,10987,32352,409887,13523,26089,18272,8588,6313,20431,2089,5136,7958,111714,58417,30020,12917,631,2409,990,186,310,3867,15964,20503,5473,27560,2957,2690,8787,328128,6838,13127,1007605,9296,44974,5807,37631,171415,17897,1873,67832,177848,4451,8041,8293,2123,2402,3600,783134,9664,5942,8701,3569,8947,9366,200777,656,73814,19478,387,243895,57417,580,3081,50170,9713,350,44602,4639,14573,2586,23645,8082,145037,17020,37070,4636,7938,2626,6594,5071,11785,6016,458,8848,269,16829,2276,301,1670,20735,11318,4272,6618,174284,7832,49796,29840,5797,4152,9383,2151,313843,14212,135174,36400,103742,12356,2446,22881,650,273552,50331,85616,408022,18890,78221,3104,3838,2352,14074,17602,8551,3852,10137,56627,7787,338,23284,5264,434,502,37293,34788,124,32802,1763,221182,304625,211551,56967,292724,34836,5962,520672,722129,91780,305583,526468,668364,2023,1539,4425,3781,1357,4705,13635,2243,3611,5975,52025,0.0,0.0,0.0,0.0,0.0,0.0,0.0,0.0,0.0,0.0,0.0,0.0,0.0,0.0,0.0,0.0,0.0,0.0,0.0,0.0,0.0,0.0,0.0,0.0,0.0,0.0,0.0,0.0,0.0,0.0,0.0,0.0,0.0,0.0,0.0,0.0,0.0,0.0,0.0,0.0,0.0,0.0,0.0,0.0,0.0,0.0,0.0,0.0,0.0,0.0,0.0,0.0,0.0,0.0,0.0,0.0,0.0,0.0,0.0,0.0,0.0,0.0,0.0,0.0,0.0,0.0,0.0,0.0,0.0,0.0,0.0,0.0,0.0,0.0,0.0,0.0,0.0,0.0,0.0,0.0,0.0,0.0,0.0,0.0,0.0,0.0,0.0,0.0,0.0,0.0,0.0,0.0,0.0,0.0,0.0,0.0,0.0,0.0,0.0,0.0,0.0,0.0,0.0,0.0,0.0,0.0,0.0,0.0,0.0,0.0,0.0,0.0,0.0,0.0,0.0,0.0,0.0,0.0,0.0,0.0,0.0,0.0,0.0,0.0,0.0,0.0,0.0,0.0,0.0,0.0,0.0,0.0,0.0,0.0,0.0,0.0,0.0,0.0,0.0,0.0,0.0,0.0,0.0,0.0,0.0,0.0,0.0,0.0,0.0,0.0
ENCFF000YLI,0.08470091968323186,4651,22,326,4240,78,9529,681,29,44,25,71,271,316,689,2241,2530,314,39,467,517,23,75,4,5,9,80,165,315,2242,364,34,26,35,173,146,5,165,2,0,795,1073,3,61,3,4,63,510,2096,19,80,86,126,49,41,671,10,38,68,18,97,137,29,1034,26,36,63,4,4393,4873,741,93,57,141,616,24,108,56,69,72,18,94,124,415,50,47,271,0,97,55,1,115,17,3,124,130,1695,16739,1064,6,2863,3941,226,3422,145,66,467,150,168,4,258,745,781,11,498,3123,277,2787,58,250,221,858,124,3569,121,661,278,64,302,48,17,2954,941,133,1562,669,1336,2655,33,373,335,105,393,4347,43,35,15,10,4,2,233,32,57,1115,499,75,414,4242,328,45,103,117,109,291,568,524,609,6,12,9,88,1,149,62,227,353,6,1,53,91,77,1488,641,4267,238,2633,3132,1396,3018,1269,2603,24,2594,2956,1029,914,2257,1825,639,75,44,75,7,45,53,15,8,0,32,452,14,3464,1178,756,14,19927,3641,364,2717,1880,115,66,3826,1961,5378,609,4876,15,5031,4,34,82,33,33,84,27,333,196,2,68,98,57,70,33,227,122,20,26,397,296,208,285,107,25,57,52,36,50,28,59,122,464,142,47,165,212,188,975,2114,84,212,290,131,69,55,58,76,54,12,746,63,90,491,32,120,52,361,89,116,53,94,41,42,32,244,224,88,109,75,260,130,75,92,79,320,7,4,39,50,70,37,1538,18,1044,2,83,13,619,104,677,695,770,0,235,10,19,119,402,6062,71,198,223,114,8,223,18,20,67,1233,621,295,125,5,42,9,4,8,55,134,271,52,373,60,33,148,5306,39,207,12053,44,497,90,410,196,220,31,61,506,77,80,68,62,55,19,834,96,87,90,50,117,135,2533,9,988,265,5,2817,787,3,29,656,70,4,611,66,188,25,275,88,1373,296,57,71,88,51,104,77,169,53,1,109,8,223,11,3,13,53,39,70,49,3887,228,898,625,139,44,104,24,3899,19,1492,187,1317,139,33,322,6,2676,523,917,4008,204,1221,20,23,35,71,49,104,48,119,747,73,4,33,122,7,5,451,421,2,25,24,2338,3569,2712,634,3299,418,40,6571,7986,1212,3734,5977,7276,24,24,78,73,33,76,157,27,46,59,661,0.0,0.0,0.0,0.0,0.0,0.0,0.0,0.0,0.0,0.0,0.0,0.0,0.0,0.0,0.0,0.0,0.0,0.0,0.0,0.0,0.0,0.0,0.0,0.0,0.0,0.0,0.0,0.0,0.0,0.0,0.0,0.0,0.0,0.0,0.0,0.0,0.0,0.0,0.0,0.0,0.0,0.0,0.0,0.0,0.0,0.0,0.0,0.0,0.0,0.0,0.0,0.0,0.0,0.0,0.0,0.0,0.0,0.0,0.0,0.0,0.0,0.0,0.0,0.0,0.0,0.0,0.0,0.0,0.0,0.0,0.0,0.0,0.0,0.0,0.0,0.0,0.0,0.0,0.0,0.0,0.0,0.0,0.0,0.0,0.0,0.0,0.0,0.0,0.0,0.0,0.0,0.0,0.0,0.0,0.0,0.0,0.0,0.0,0.0,0.0,0.0,0.0,0.0,0.0,0.0,0.0,0.0,0.0,0.0,0.0,0.0,0.0,0.0,0.0,0.0,0.0,0.0,0.0,0.0,0.0,0.0,0.0,0.0,0.0,0.0,0.0,0.0,0.0,0.0,0.0,0.0,0.0,0.0,0.0,0.0,0.0,0.0,0.0,0.0,0.0,0.0,0.0,0.0,0.0,0.0,0.0,0.0,0.0,0.0,0.0
ENCFF002BBI,0.06668054728420038,49232,43,2267,13231,376,44921,11004,96,194,228,491,1116,2089,4916,7316,12862,2246,336,2531,3582,232,798,55,16,23,510,263,1184,7275,3818,213,202,227,701,488,27,975,9,7,7221,16731,15,594,12,6,327,2717,6068,14,573,225,447,425,478,17511,174,250,256,59,525,680,134,3638,252,712,111,37,24755,37507,18111,342,224,657,12607,244,420,163,235,273,52,309,507,6872,123,219,1423,1,282,163,6,1231,1200,12,2441,389,5678,126314,10276,55,28892,44939,1067,45577,468,178,7774,2213,1116,2,6093,16600,8641,26,6589,43681,1180,14767,193,831,902,6510,327,15656,437,5087,2374,528,5242,402,48,57513,6300,166,5014,5011,41010,39731,91,2016,1339,408,2730,14934,176,244,98,90,41,26,1694,523,550,11216,4493,612,2997,13037,1113,371,411,1503,1694,1970,3604,3298,22171,15,74,10,311,0,483,172,872,3564,3,0,183,401,352,24382,6011,37035,1629,21305,29834,8723,13592,15855,27442,173,20728,23111,10305,9370,32313,17290,3556,640,48,410,36,136,280,187,29,6,166,2582,131,15487,6428,5307,62,192561,23363,2266,23800,7787,984,439,27635,10320,28134,2349,44209,120,46828,23,347,671,73,107,329,191,4715,4183,8,172,287,186,293,141,1067,518,7282,146,2476,5530,989,15299,383,96,222,228,128,133,70,4176,307,3028,512,136,978,1247,740,3217,5500,163,1076,14811,634,242,220,165,298,139,2840,8372,157,249,10542,111,748,133,3828,326,291,184,312,813,124,175,953,775,219,290,234,8213,910,217,262,338,1458,3,14,101,200,353,101,22190,65,18695,2,455,24,4870,859,14613,4778,9611,15,1486,32,221,454,3957,29182,504,1461,4762,1019,11,949,174,224,833,10007,3205,1428,1144,57,133,100,1,26,226,263,1677,242,4361,160,140,847,18414,170,845,130202,170,4979,243,1679,697,1126,97,118,3109,222,352,372,145,174,163,1986,487,277,421,136,380,435,23743,25,11704,2087,15,59852,12216,23,182,4509,400,58,3687,202,1677,250,1518,362,6061,1292,522,249,483,159,328,292,3198,219,1,997,8,1856,35,5,234,349,167,330,352,12622,833,3083,3110,497,388,688,66,51058,73,11207,1100,15262,1108,146,2140,12,19112,3921,6206,42386,991,5651,67,40,92,270,165,346,208,2871,2431,406,21,145,358,5,8,3663,5019,0,90,164,21589,40784,28040,4146,27503,3287,331,43652,83576,12585,35799,59709,70372,382,133,218,252,60,254,2670,347,400,380,4169,0.0,0.0,0.0,0.0,0.0,0.0,0.0,0.0,0.0,0.0,0.0,0.0,0.0,0.0,0.0,0.0,0.0,0.0,0.0,0.0,0.0,0.0,0.0,0.0,0.0,0.0,0.0,0.0,0.0,0.0,0.0,0.0,0.0,0.0,0.0,0.0,0.0,0.0,0.0,0.0,0.0,0.0,0.0,0.0,0.0,0.0,0.0,0.0,0.0,0.0,0.0,0.0,0.0,0.0,0.0,0.0,0.0,0.0,0.0,0.0,0.0,0.0,0.0,0.0,0.0,0.0,0.0,0.0,0.0,0.0,0.0,0.0,0.0,0.0,0.0,0.0,0.0,0.0,0.0,0.0,0.0,0.0,0.0,0.0,0.0,0.0,0.0,0.0,0.0,0.0,0.0,0.0,0.0,0.0,0.0,0.0,0.0,0.0,0.0,0.0,0.0,0.0,0.0,0.0,0.0,0.0,0.0,0.0,0.0,0.0,0.0,0.0,0.0,0.0,0.0,0.0,0.0,0.0,0.0,0.0,0.0,0.0,0.0,0.0,0.0,0.0,0.0,0.0,0.0,0.0,0.0,0.0,0.0,0.0,0.0,0.0,0.0,0.0,0.0,0.0,0.0,0.0,0.0,0.0,0.0,0.0,0.0,0.0,0.0,0.0
ENCFF604AHS,0.16806762362896838,246658,984,11271,228419,2516,628078,28285,1716,1144,1250,1785,16975,8915,37206,124341,151152,8713,2748,22813,19742,369,2451,305,315,190,4578,16805,18131,190247,13253,639,309,2341,12850,11635,149,11800,94,27,29685,39398,203,1758,285,187,3201,31492,149397,1548,3800,7850,9269,1198,849,17637,362,1462,825,449,2816,8042,5820,78927,15105,1967,4512,176,230569,196066,19630,7820,4835,9435,16695,832,8665,3957,5285,5977,1625,7474,7494,12407,2684,4888,23256,77,5574,4869,50,3962,621,177,4931,6613,172786,601961,34366,453,93577,137212,15256,116901,8096,4458,13996,4165,5035,72,9834,22717,24070,693,18711,127764,9023,230867,1056,5168,6619,27158,2330,386885,8161,21688,8790,1556,7215,832,224,94884,40149,6180,178061,38951,33935,93557,579,20931,22781,7523,14008,296605,2572,1519,477,327,133,170,7593,1637,1065,37205,14095,1855,15459,232634,18728,1413,8041,6470,4569,11428,14113,13171,18763,192,284,237,7021,62,8783,3914,4451,838,48,72,2952,2127,7512,45280,23594,148212,12510,107706,135596,60811,195744,68300,127623,1637,99662,124459,33386,32999,98625,64314,22812,4425,1714,4159,317,4432,7576,371,121,90,157,15428,621,247219,55783,45091,1515,923424,169352,19812,115267,144525,3760,1761,162087,80741,288506,14218,142516,483,127073,62,1013,2612,41,1988,6132,926,22799,9975,102,4927,5015,3990,6519,3145,15535,8822,578,749,26625,16191,8798,9250,10560,2324,5387,5363,2852,2126,1640,1055,8092,20625,6133,2484,6959,14116,11703,75658,308323,13052,14412,11837,7084,5393,4390,4319,6332,3757,170,31925,3400,8648,21054,2110,9097,3488,17714,8918,6912,4959,6369,384,3371,2312,15952,12893,5547,6034,5385,10335,9719,6751,4627,7300,19990,167,229,2856,5028,1592,1677,53827,474,33018,137,1025,151,24782,2321,27185,25056,36862,94,10646,228,199,9908,11187,552804,2753,7387,12087,4800,459,13209,426,1149,5154,76154,30603,15090,5008,128,713,182,55,131,4314,6269,8569,4438,14496,4219,2927,14880,361973,1598,10192,398115,2818,25410,6565,36955,18775,12891,1862,2794,18845,5101,7091,7172,2562,2232,871,88316,8888,6730,7196,2642,7278,7996,97310,109,63403,5562,162,93645,26768,270,1488,21037,4031,101,36308,5052,2496,503,20042,6650,130499,15536,3387,4620,7143,3625,5383,5959,4573,3849,85,3588,110,8682,489,149,290,1521,2697,1305,3805,155475,5770,49586,23109,4279,2673,2136,695,102279,557,46789,7769,35522,4756,439,9887,35,107952,20273,36898,148033,14505,132376,915,1038,2511,6096,3168,6168,5318,6634,31244,6485,62,1016,7344,107,164,11978,11750,101,1214,250,92879,154598,134713,32268,118533,16495,1700,348129,333521,57847,159488,258885,288101,1351,442,4381,4297,1524,6051,2327,1319,942,2718,26677,0.0,0.0,0.0,0.0,0.0,0.0,0.0,0.0,0.0,0.0,0.0,0.0,0.0,0.0,0.0,0.0,0.0,0.0,0.0,0.0,0.0,0.0,0.0,0.0,0.0,0.0,0.0,0.0,0.0,0.0,0.0,0.0,0.0,0.0,0.0,0.0,0.0,0.0,0.0,0.0,0.0,0.0,0.0,0.0,0.0,0.0,0.0,0.0,0.0,0.0,0.0,0.0,0.0,0.0,0.0,0.0,0.0,0.0,0.0,0.0,0.0,0.0,0.0,0.0,0.0,0.0,0.0,0.0,0.0,0.0,0.0,0.0,0.0,0.0,0.0,0.0,0.0,0.0,0.0,0.0,0.0,0.0,0.0,0.0,0.0,0.0,0.0,0.0,0.0,0.0,0.0,0.0,0.0,0.0,0.0,0.0,0.0,0.0,0.0,0.0,0.0,0.0,0.0,0.0,0.0,0.0,0.0,0.0,0.0,0.0,0.0,0.0,0.0,0.0,0.0,0.0,0.0,0.0,0.0,0.0,0.0,0.0,0.0,0.0,0.0,0.0,0.0,0.0,0.0,0.0,0.0,0.0,0.0,0.0,0.0,0.0,0.0,0.0,0.0,0.0,0.0,0.0,0.0,0.0,0.0,0.0,0.0,0.0,0.0,0.0
ENCFF533AZL,0.08640023616209017,42595,410,2571,13364,171,20705,3388,146,209,124,479,2082,1475,3400,7044,7145,1449,197,3014,2770,75,288,44,44,33,482,2517,1695,9598,1697,123,183,259,898,884,104,1030,26,92,4314,4987,62,317,52,167,271,2963,6306,419,222,467,697,212,251,3019,91,155,208,124,320,1004,153,5379,374,402,733,150,22423,23574,3211,519,363,1088,2457,173,607,244,417,427,117,495,552,1687,236,283,1947,13,445,264,12,568,110,11,623,599,6282,84262,4797,57,12945,19497,1338,16628,799,294,2311,785,824,14,1507,3887,3869,60,2656,14393,960,9746,146,511,704,3997,210,12631,645,2876,1333,449,1177,144,79,13794,5028,1503,7270,3454,6153,11765,393,2461,1927,638,2040,16301,327,390,51,46,29,18,975,116,620,5070,2034,258,2088,14435,1607,205,582,807,704,1453,1880,1762,2882,51,77,18,494,9,1000,285,1142,1018,48,12,366,345,494,7149,3186,21330,1070,13352,14408,7252,13429,6667,14118,67,13441,15674,5271,4173,11955,8734,3431,437,567,431,199,307,473,63,52,15,8,1992,178,16406,5613,4175,191,121757,18656,1994,13335,9671,548,315,19842,9939,27145,1217,20137,107,18424,31,159,596,332,156,427,124,1875,1064,27,329,471,323,444,219,1289,744,260,135,2314,1419,979,1450,586,163,322,397,149,158,136,270,567,2916,670,199,942,1261,1122,5822,17411,1536,1068,1681,720,430,337,309,460,282,138,3822,207,367,2311,179,778,201,2034,575,493,321,473,206,239,403,1246,1254,441,490,387,1107,707,407,387,443,2143,13,15,200,287,293,145,6508,79,4393,15,202,52,2909,399,3373,3376,3599,14,1332,59,115,1350,1764,32287,318,1180,1055,546,132,1517,89,103,377,8409,3860,2342,538,39,138,61,8,22,354,796,1344,290,1973,237,232,668,20190,299,1117,57250,282,2496,521,2584,2618,1292,134,1126,4342,386,451,457,201,195,128,13170,607,443,564,235,574,686,11574,37,4964,1053,25,12374,3104,39,110,3427,418,28,3277,408,761,121,1558,553,8697,1291,486,463,576,213,523,447,599,423,12,576,33,956,113,88,62,417,388,264,412,9712,468,4393,2090,363,201,515,87,16812,255,7097,1269,5300,510,223,1338,36,15392,2869,5149,21803,1577,7775,179,185,214,534,481,598,340,821,3634,487,30,237,492,17,16,1825,1665,5,627,82,11190,20958,15463,4004,16774,2087,291,31624,45063,6852,19957,33184,38430,98,81,417,339,114,458,681,157,192,306,3230,0.0,0.0,0.0,0.0,0.0,0.0,0.0,0.0,0.0,0.0,0.0,0.0,0.0,0.0,0.0,0.0,0.0,0.0,0.0,0.0,0.0,0.0,0.0,0.0,0.0,0.0,0.0,0.0,0.0,0.0,0.0,0.0,0.0,0.0,0.0,0.0,0.0,0.0,0.0,0.0,0.0,0.0,0.0,0.0,0.0,0.0,0.0,0.0,0.0,0.0,0.0,0.0,0.0,0.0,0.0,0.0,0.0,0.0,0.0,0.0,0.0,0.0,0.0,0.0,0.0,0.0,0.0,0.0,0.0,0.0,0.0,0.0,0.0,0.0,0.0,0.0,0.0,0.0,0.0,0.0,0.0,0.0,0.0,0.0,0.0,0.0,0.0,0.0,0.0,0.0,0.0,0.0,0.0,0.0,0.0,0.0,0.0,0.0,0.0,0.0,0.0,0.0,0.0,0.0,0.0,0.0,0.0,0.0,0.0,0.0,0.0,0.0,0.0,0.0,0.0,0.0,0.0,0.0,0.0,0.0,0.0,0.0,0.0,0.0,0.0,0.0,0.0,0.0,0.0,0.0,0.0,0.0,0.0,0.0,0.0,0.0,0.0,0.0,0.0,0.0,0.0,0.0,0.0,0.0,0.0,0.0,0.0,0.0,0.0,0.0
ENCFF000XSE,0.19117039607463374,58130,212,2908,27715,711,81185,6023,223,510,297,590,2901,4011,8883,14376,25110,3479,498,6135,5538,169,680,61,86,90,774,2581,3118,37576,3614,249,201,451,1796,1596,85,1936,33,30,7702,10661,73,631,53,78,731,5344,18649,331,547,981,1347,461,308,5859,178,383,431,187,866,1321,233,12464,483,591,694,89,46246,49357,7398,1000,673,1442,5445,397,1184,512,771,833,200,968,1136,3562,405,463,3295,21,842,471,22,1266,236,57,1419,1175,17021,162614,10157,79,26860,38281,2486,32789,1115,597,5075,1531,1699,25,2736,7040,7054,176,3897,35668,2829,43102,632,2509,2278,8534,1025,59646,1417,5943,2824,776,2564,381,176,29160,13104,1793,22604,8526,12595,27070,411,4182,4027,1118,3601,45194,564,545,92,107,32,69,2266,310,555,9784,4752,677,4773,29057,2858,455,1158,1986,1550,2918,4237,3834,4932,73,192,81,967,69,1652,589,1287,229,51,10,588,754,973,15000,7140,43907,2190,29671,34260,14223,33488,13243,26873,341,27237,32245,10548,9139,22839,19130,6199,874,623,954,43,469,851,241,72,54,195,3834,378,52224,11810,13305,619,187779,37827,3488,28717,24037,1217,574,39865,19740,55564,4713,44393,189,44285,55,318,730,161,289,953,228,3492,2165,24,635,856,552,862,375,2499,1525,218,227,4383,2775,1971,2623,1151,337,611,685,341,305,247,419,1028,4916,1168,345,1617,2238,1976,8303,24639,1534,2185,2709,1269,807,645,615,899,461,126,7685,476,731,5038,360,1545,347,3675,900,934,521,904,150,463,522,2217,2225,752,852,684,2249,1431,731,739,878,3540,20,26,338,615,508,312,13779,173,9132,21,462,76,6254,759,6695,6296,7227,46,2683,203,183,2351,3594,70086,689,2173,2043,1021,138,2622,266,305,742,14633,6946,2801,1384,68,257,127,18,84,672,1578,2398,562,3552,481,457,1185,41276,423,1875,117386,575,5861,966,5190,2863,2384,277,1262,5627,730,1011,1079,347,384,263,15387,1164,894,1037,460,1084,1247,23865,146,9665,2129,36,24500,7512,61,323,6177,951,97,6113,764,1398,317,3019,1127,20432,3037,794,780,1086,413,1090,843,1483,1049,56,1119,44,1762,165,29,178,608,621,751,982,20857,2028,7929,5682,1294,437,951,250,34650,304,14027,1883,11744,1509,316,2656,29,29139,5468,9377,40937,2249,16214,248,305,365,945,444,1073,729,1247,8621,1016,36,408,942,61,43,3940,4128,25,454,166,24597,38595,28174,7169,34206,3898,343,67779,85671,12694,39601,62625,76963,306,181,675,645,182,838,1274,250,415,721,6338,0.0,0.0,0.0,0.0,0.0,0.0,0.0,0.0,0.0,0.0,0.0,0.0,0.0,0.0,0.0,0.0,0.0,0.0,0.0,0.0,0.0,0.0,0.0,0.0,0.0,0.0,0.0,0.0,0.0,0.0,0.0,0.0,0.0,0.0,0.0,0.0,0.0,0.0,0.0,0.0,0.0,0.0,0.0,0.0,0.0,0.0,0.0,0.0,0.0,0.0,0.0,0.0,0.0,0.0,0.0,0.0,0.0,0.0,0.0,0.0,0.0,0.0,0.0,0.0,0.0,0.0,0.0,0.0,0.0,0.0,0.0,0.0,0.0,0.0,0.0,0.0,0.0,0.0,0.0,0.0,0.0,0.0,0.0,0.0,0.0,0.0,0.0,0.0,0.0,0.0,0.0,0.0,0.0,0.0,0.0,0.0,0.0,0.0,0.0,0.0,0.0,0.0,0.0,0.0,0.0,0.0,0.0,0.0,0.0,0.0,0.0,0.0,0.0,0.0,0.0,0.0,0.0,0.0,0.0,0.0,0.0,0.0,0.0,0.0,0.0,0.0,0.0,0.0,0.0,0.0,0.0,0.0,0.0,0.0,0.0,0.0,0.0,0.0,0.0,0.0,0.0,0.0,0.0,0.0,0.0,0.0,0.0,0.0,0.0,0.0
ENCFF000ZKJ,0.17459219940339665,40494,221,3417,47560,849,107847,5443,304,482,277,600,3782,4079,9838,23002,30560,3704,596,6314,6638,156,798,66,33,31,1160,555,4001,28611,3905,304,175,569,2277,2059,34,2404,15,14,8263,12380,59,741,57,55,779,6753,29297,105,596,1384,1770,532,338,6790,191,410,423,152,827,1667,734,20652,398,486,202,39,63150,57556,7955,1332,913,1448,5455,337,1494,601,979,1167,295,1343,1428,4291,565,690,4560,22,1129,633,21,1494,336,93,1820,1718,17510,201389,11515,123,31726,44904,3077,38887,1457,809,5904,1842,2206,19,3012,8038,8089,114,5016,38773,3212,38917,691,2657,2457,10030,1010,60979,1735,6992,3316,763,2917,436,146,32582,12996,501,27984,8739,11444,29946,133,5552,4581,1563,4097,51044,254,301,81,121,32,28,2558,347,502,11541,5203,669,3860,48336,4346,480,1517,1086,929,3565,5265,4526,5459,105,161,59,1259,34,2259,703,980,14949,14,9,747,788,1301,17126,8355,49614,2626,32411,39375,17006,40523,15741,32723,274,32025,38382,11888,10608,25955,21651,6398,1075,117,934,94,652,1105,213,78,29,31,4495,328,58146,14789,12292,1999,239657,43291,4371,32731,35321,1285,685,46927,21783,74838,4669,48301,188,48021,31,338,759,69,367,1223,266,4688,2438,20,821,1151,797,1166,521,3196,1812,214,222,5717,3379,2370,2697,1559,437,821,1005,464,415,302,511,1391,6090,1460,441,2111,2892,2648,15043,37908,427,2981,3296,1713,994,864,858,1224,684,156,8278,570,1048,6165,432,1985,456,4793,1408,1255,765,1201,200,585,640,2865,3028,975,1233,898,2804,1926,921,1089,1226,4809,35,37,452,803,508,292,16102,178,10297,24,568,60,7344,808,7570,7603,8809,39,3089,149,157,1180,4274,75019,730,2055,2454,1234,31,3270,177,438,719,17288,7994,3139,1601,72,175,149,27,61,827,1553,3117,732,4594,623,567,2591,58757,437,2524,145494,623,6819,1261,6436,887,3114,355,313,4542,1025,1307,1333,495,495,317,3492,1543,1307,1417,606,1483,1606,30005,104,12148,2589,36,28880,7580,16,336,6760,761,64,7765,1076,1203,318,3796,1362,30929,3870,755,896,1426,577,1452,1163,1237,225,41,1211,33,2119,244,59,216,429,238,832,1056,39313,2292,11538,6559,1493,559,986,270,39567,128,16729,1885,13827,1572,463,3357,27,30195,5777,10886,45301,2534,20853,319,259,443,965,621,1464,950,1744,11943,1268,46,286,1322,35,64,4623,4591,4,207,218,27345,46640,34742,8959,39773,4617,628,81168,101109,15656,47845,74294,89603,324,184,952,913,236,1136,1407,409,523,732,7668,0.0,0.0,0.0,0.0,0.0,0.0,0.0,0.0,0.0,0.0,0.0,0.0,0.0,0.0,0.0,0.0,0.0,0.0,0.0,0.0,0.0,0.0,0.0,0.0,0.0,0.0,0.0,0.0,0.0,0.0,0.0,0.0,0.0,0.0,0.0,0.0,0.0,0.0,0.0,0.0,0.0,0.0,0.0,0.0,0.0,0.0,0.0,0.0,0.0,0.0,0.0,0.0,0.0,0.0,0.0,0.0,0.0,0.0,0.0,0.0,0.0,0.0,0.0,0.0,0.0,0.0,0.0,0.0,0.0,0.0,0.0,0.0,0.0,0.0,0.0,0.0,0.0,0.0,0.0,0.0,0.0,0.0,0.0,0.0,0.0,0.0,0.0,0.0,0.0,0.0,0.0,0.0,0.0,0.0,0.0,0.0,0.0,0.0,0.0,0.0,0.0,0.0,0.0,0.0,0.0,0.0,0.0,0.0,0.0,0.0,0.0,0.0,0.0,0.0,0.0,0.0,0.0,0.0,0.0,0.0,0.0,0.0,0.0,0.0,0.0,0.0,0.0,0.0,0.0,0.0,0.0,0.0,0.0,0.0,0.0,0.0,0.0,0.0,0.0,0.0,0.0,0.0,0.0,0.0,0.0,0.0,0.0,0.0,0.0,0.0
ENCFF002EMF,0.15037247319714245,99816,324,2660,74618,840,176830,15410,728,383,328,727,6299,3197,7504,46109,39032,2576,1056,10745,6321,162,909,96,236,169,2413,9350,6091,45877,5527,189,66,701,4383,3956,65,4925,38,11,11458,12727,151,613,188,65,1220,11011,57550,428,1306,3205,3084,246,380,6674,124,503,398,427,1367,3530,485,25276,5799,144,2200,257,65918,75402,6652,2569,1461,3561,6819,124,3175,1375,1603,1863,604,2553,3003,3674,904,1662,7415,47,1938,1548,48,1542,594,101,2944,1537,23433,234921,13171,151,33915,53599,6160,45136,3129,1574,5244,2074,2871,90,5190,10596,12366,703,6557,45041,2563,77265,313,1755,1926,9407,832,161585,2666,8293,3238,830,2847,856,323,36945,11389,4486,81245,18047,19622,36929,233,7401,12453,2619,4494,66227,525,559,128,89,41,50,2484,641,752,11862,4574,305,4813,78419,5158,486,3245,5662,5491,3872,7177,6899,7843,85,282,216,2456,105,2777,1267,1795,130,25,36,996,783,2823,16156,7864,55827,4541,34270,45636,19671,69947,22389,39906,313,34668,45175,12873,12137,35686,23696,7431,1466,569,1086,43,1733,2683,176,73,91,116,4989,233,94904,14671,16654,1100,258436,54109,5379,35373,37396,1166,713,48456,28130,82498,3759,50956,118,43625,30,320,996,46,711,1967,611,8110,3129,63,1609,1423,1331,2345,1077,5416,2721,242,265,8638,6148,3124,3787,3645,658,2029,1800,1131,735,502,372,2263,8011,1697,831,2057,5249,3908,19997,95210,6706,5066,4431,2357,1896,1568,1419,2030,1145,103,13317,1178,3650,7330,710,2975,1216,6211,3490,2428,1851,2129,323,978,870,5443,4035,2013,1835,1661,3522,3305,2512,1388,2514,5874,49,57,936,1793,739,559,17707,297,12431,37,257,143,7685,694,10097,8831,12250,47,3575,185,75,3249,3681,137669,876,2760,4383,1376,50,4303,174,773,1877,29030,12824,8057,1829,206,310,162,20,97,1320,3956,2516,1816,5376,1426,923,3279,130914,396,3388,125782,927,8298,1998,13433,9980,3890,578,1009,5883,1799,2378,2473,746,595,156,47634,3584,2292,2431,1083,2332,2710,35853,93,23220,1758,144,34694,8261,46,554,6581,1719,66,11414,1640,1209,193,7012,2214,29490,2899,1329,1685,2358,1325,1680,2038,1476,1256,27,978,54,3564,339,158,105,483,1294,408,1604,58524,2087,13963,6922,1339,1023,1236,589,36362,604,16871,2429,11607,2088,93,3287,16,55546,10797,15852,61918,2393,46042,232,402,885,2256,1240,2074,1792,2123,11738,2162,30,187,2294,115,112,3991,3850,50,481,150,35327,49249,40331,10032,44178,6294,587,127150,113646,16973,48240,89548,101910,377,114,1421,1303,675,1956,931,439,286,1241,8501,0.0,0.0,0.0,0.0,0.0,0.0,0.0,0.0,0.0,0.0,0.0,0.0,0.0,0.0,0.0,0.0,0.0,0.0,0.0,0.0,0.0,0.0,0.0,0.0,0.0,0.0,0.0,0.0,0.0,0.0,0.0,0.0,0.0,0.0,0.0,0.0,0.0,0.0,0.0,0.0,0.0,0.0,0.0,0.0,0.0,0.0,0.0,0.0,0.0,0.0,0.0,0.0,0.0,0.0,0.0,0.0,0.0,0.0,0.0,0.0,0.0,0.0,0.0,0.0,0.0,0.0,0.0,0.0,0.0,0.0,0.0,0.0,0.0,0.0,0.0,0.0,0.0,0.0,0.0,0.0,0.0,0.0,0.0,0.0,0.0,0.0,0.0,0.0,0.0,0.0,0.0,0.0,0.0,0.0,0.0,0.0,0.0,0.0,0.0,0.0,0.0,0.0,0.0,0.0,0.0,0.0,0.0,0.0,0.0,0.0,0.0,0.0,0.0,0.0,0.0,0.0,0.0,0.0,0.0,0.0,0.0,0.0,0.0,0.0,0.0,0.0,0.0,0.0,0.0,0.0,0.0,0.0,0.0,0.0,0.0,0.0,0.0,0.0,0.0,0.0,0.0,0.0,0.0,0.0,0.0,0.0,0.0,0.0,0.0,0.0
ENCFF000YUM,0.11841756317565497,25961,98,2130,22320,476,60134,3715,100,329,189,359,1361,2279,5284,11070,16478,2149,328,4354,3867,149,571,49,43,47,519,698,1569,17358,2418,176,131,309,876,750,33,1154,17,6,4302,7553,20,451,10,53,348,3103,10618,45,342,366,607,302,223,4456,126,295,352,105,524,676,216,7421,231,235,96,14,28633,32004,5041,502,288,682,4397,151,579,220,361,418,86,403,521,2464,200,243,1580,13,373,208,9,991,108,35,783,651,11736,113724,7372,61,20571,27087,1279,23473,901,252,3652,1066,1194,8,2014,5127,5459,110,2537,21696,1525,18360,351,1445,1442,5790,613,23361,706,4252,2158,457,1937,228,50,22363,7757,559,10398,4751,8822,19753,143,2332,2585,524,2166,25347,266,212,45,68,18,26,1418,200,297,6631,3919,469,2884,22451,1792,304,510,1243,1004,1764,2935,2817,3848,33,72,26,416,5,834,257,1123,1386,18,1,242,449,437,10962,4991,28656,1376,18245,22274,8742,18645,7412,14746,180,18331,20940,7095,6612,14530,12989,3839,464,205,577,26,195,360,110,44,19,30,2539,175,21478,6498,6223,156,127738,25078,2276,19097,13283,822,591,25918,12653,34236,3368,34304,164,35637,33,180,495,35,101,416,167,1864,1478,22,274,387,246,390,154,1155,674,175,128,2600,1674,1197,1851,485,146,257,312,146,144,89,331,484,3159,730,139,1156,1140,1020,5154,10932,494,1142,2186,661,369,303,231,391,228,85,5176,172,349,3307,139,786,146,2219,436,455,271,440,85,185,272,1123,1060,347,395,314,1568,768,328,354,399,1831,23,12,183,254,385,287,10365,110,6641,15,415,34,4051,529,4951,4340,4421,21,1726,89,134,1167,2591,40278,433,1489,1124,656,34,1250,132,208,483,8040,4703,1276,1116,82,155,106,11,33,321,982,1898,276,2415,221,216,880,29166,187,903,86270,292,4144,449,2401,757,1298,124,186,2607,348,485,488,137,181,158,2957,596,444,529,276,495,589,16597,50,5853,1454,20,18127,4909,18,218,4084,592,62,3666,311,913,248,1692,514,9877,1844,388,289,516,185,561,388,1063,535,21,685,33,1062,82,14,129,304,341,470,512,22294,1322,4810,3255,794,341,673,189,27025,103,10333,983,9288,988,190,1988,7,19072,3874,5972,27046,1126,9681,110,233,190,408,200,537,315,606,4892,415,13,186,424,15,38,3040,2993,2,174,117,17263,24429,16621,4397,24536,2837,297,45064,56177,7354,25519,41366,52799,193,128,273,332,83,366,936,182,284,445,4288,0.0,0.0,0.0,0.0,0.0,0.0,0.0,0.0,0.0,0.0,0.0,0.0,0.0,0.0,0.0,0.0,0.0,0.0,0.0,0.0,0.0,0.0,0.0,0.0,0.0,0.0,0.0,0.0,0.0,0.0,0.0,0.0,0.0,0.0,0.0,0.0,0.0,0.0,0.0,0.0,0.0,0.0,0.0,0.0,0.0,0.0,0.0,0.0,0.0,0.0,0.0,0.0,0.0,0.0,0.0,0.0,0.0,0.0,0.0,0.0,0.0,0.0,0.0,0.0,0.0,0.0,0.0,0.0,0.0,0.0,0.0,0.0,0.0,0.0,0.0,0.0,0.0,0.0,0.0,0.0,0.0,0.0,0.0,0.0,0.0,0.0,0.0,0.0,0.0,0.0,0.0,0.0,0.0,0.0,0.0,0.0,0.0,0.0,0.0,0.0,0.0,0.0,0.0,0.0,0.0,0.0,0.0,0.0,0.0,0.0,0.0,0.0,0.0,0.0,0.0,0.0,0.0,0.0,0.0,0.0,0.0,0.0,0.0,0.0,0.0,0.0,0.0,0.0,0.0,0.0,0.0,0.0,0.0,0.0,0.0,0.0,0.0,0.0,0.0,0.0,0.0,0.0,0.0,0.0,0.0,0.0,0.0,0.0,0.0,0.0
ENCFF526TGW,0.1458787878633052,124604,377,6155,61037,1105,141807,13412,476,634,554,953,5658,4597,13835,28973,31075,5908,866,12170,10780,323,1294,129,113,122,1776,6066,6464,88938,7012,486,460,844,3781,3415,157,4145,45,26,16995,20893,89,1217,60,125,1550,11806,42492,736,992,2123,2698,845,473,11679,338,622,704,297,1378,2753,583,29077,2209,1352,1464,81,111495,106137,15542,2233,1395,2935,10021,735,2696,1004,1474,1786,446,1835,2354,6701,778,1005,6999,39,1718,961,28,2497,389,76,3295,2691,39189,321416,18820,251,51847,73700,5136,64413,2708,1261,9688,3112,3354,42,5446,14176,14035,388,8936,77578,4393,76548,972,3399,4019,16114,1401,112928,3144,12046,5389,1461,4891,737,290,50942,18464,4620,46496,14173,22853,54527,869,8565,8356,2403,7260,101169,1062,1223,222,189,64,102,4474,602,902,19861,8129,1287,9639,64947,6591,876,2326,3939,2903,5944,7859,7174,9591,112,261,187,1939,90,3613,1192,3586,1961,103,67,1294,1551,2103,30438,14737,89526,4901,55065,66769,31635,80353,29941,58101,484,54989,65092,22396,18092,48572,38614,12990,1791,1336,2104,85,933,1819,381,96,129,567,8548,502,121269,27650,14732,964,390915,82956,8930,61353,49459,2231,1105,90628,41639,121795,6005,87669,398,80899,46,738,1289,119,555,1857,608,7456,4457,56,1223,1688,1100,1771,707,5280,3028,421,427,9611,5588,3985,5561,2236,585,1258,1481,717,662,450,904,2114,10948,2427,675,3532,4869,4756,19739,164630,3850,4685,5626,2547,1665,1386,1205,1762,1020,252,16927,863,1698,9716,673,3088,707,7663,1971,1946,1110,1739,370,947,1324,4655,4536,1577,1774,1342,4322,3025,1666,1581,1862,8296,56,94,757,1224,843,723,27594,290,17853,54,856,120,12592,1446,14510,12542,15385,55,5375,192,335,4685,7551,155685,1315,4515,4289,2239,431,5462,575,687,1450,31577,14753,5328,2793,115,437,205,53,84,1288,2950,4718,1310,7629,1078,892,2613,81871,1048,3879,229865,1102,11119,1866,11192,6261,5130,560,2481,11433,1514,2108,2215,677,783,561,30613,2511,1879,2264,1115,2297,2503,48403,125,20084,4062,66,49292,15351,105,638,13368,2017,103,12502,1478,2798,499,6560,2188,43107,7557,1635,1594,2324,766,2288,1646,2823,2380,57,2240,91,3375,320,39,354,1233,1311,991,2094,41206,2568,17523,11568,2108,1229,1582,385,64504,903,28344,3622,22488,2856,590,5886,36,59243,11256,18843,83683,17574,38180,489,590,706,1892,828,2308,1419,2501,17331,2184,52,1219,2090,84,58,7571,7752,31,1451,296,48622,86036,61609,16736,66348,8095,749,142482,177027,28065,82684,135272,152091,423,293,1320,1310,385,1752,2085,517,775,1390,13281,0.0,0.0,0.0,0.0,0.0,0.0,0.0,0.0,0.0,0.0,0.0,0.0,0.0,0.0,0.0,0.0,0.0,0.0,0.0,0.0,0.0,0.0,0.0,0.0,0.0,0.0,0.0,0.0,0.0,0.0,0.0,0.0,0.0,0.0,0.0,0.0,0.0,0.0,0.0,0.0,0.0,0.0,0.0,0.0,0.0,0.0,0.0,0.0,0.0,0.0,0.0,0.0,0.0,0.0,0.0,0.0,0.0,0.0,0.0,0.0,0.0,0.0,0.0,0.0,0.0,0.0,0.0,0.0,0.0,0.0,0.0,0.0,0.0,0.0,0.0,0.0,0.0,0.0,0.0,0.0,0.0,0.0,0.0,0.0,0.0,0.0,0.0,0.0,0.0,0.0,0.0,0.0,0.0,0.0,0.0,0.0,0.0,0.0,0.0,0.0,0.0,0.0,0.0,0.0,0.0,0.0,0.0,0.0,0.0,0.0,0.0,0.0,0.0,0.0,0.0,0.0,0.0,0.0,0.0,0.0,0.0,0.0,0.0,0.0,0.0,0.0,0.0,0.0,0.0,0.0,0.0,0.0,0.0,0.0,0.0,0.0,0.0,0.0,0.0,0.0,0.0,0.0,0.0,0.0,0.0,0.0,0.0,0.0,0.0,0.0
ENCFF869EIB,0.14137401386059414,60081,170,2065,35356,402,122470,5012,288,153,186,310,3294,1229,5440,18745,21871,1364,507,3923,3572,51,407,25,62,44,984,4435,3110,23879,2352,127,63,403,2178,1855,36,1900,13,1,5592,6687,84,319,50,38,603,5362,23969,448,610,1286,1619,227,190,3007,64,263,169,106,554,1506,719,11563,3155,283,1203,77,38247,34946,3310,1314,863,1739,2812,144,1397,669,883,968,271,1339,1362,2113,490,846,3963,13,921,844,12,610,110,18,974,1059,18500,114711,6314,104,16461,25513,2602,21479,1270,727,2700,821,993,13,1893,4313,4940,70,3759,20590,1337,29691,178,770,1072,4809,368,52351,1471,3994,1354,270,1269,170,24,16771,5582,1591,23711,5847,6690,16841,188,3966,3846,1303,2683,38174,169,408,80,67,40,22,1244,235,319,6803,2348,243,2912,38080,3034,197,1339,523,410,1909,2419,2284,3124,44,98,29,1142,23,1583,705,832,72,12,30,570,364,1211,7948,3877,26796,2302,17873,23344,11336,27491,11673,22593,197,17396,22063,6069,5741,17336,12157,3781,803,434,493,162,744,1307,65,25,13,39,3113,78,40674,9637,7553,195,145258,31174,3852,21426,21561,681,301,28962,14704,48324,1965,27819,156,23275,8,204,507,18,324,1032,206,4069,1741,18,845,857,702,1141,501,2523,1400,123,146,4566,2684,1520,1559,1702,367,840,921,480,350,280,206,1427,4224,945,411,1256,2505,1991,13059,97301,3658,2451,2127,1252,913,726,690,1065,637,50,5102,605,1438,3501,360,1461,642,3084,1588,1176,871,1014,105,589,483,2698,2184,970,956,878,1780,1626,1198,760,1232,3706,20,23,502,855,312,249,8155,74,5554,12,194,22,4170,418,4552,4632,6241,26,1937,64,49,739,2153,86522,515,1292,2033,727,161,2581,52,153,840,14082,5457,3402,894,32,82,34,7,33,746,974,1394,753,2716,716,505,2262,51894,389,1848,73421,534,4281,1091,6216,4938,2140,337,1042,4317,826,1129,1226,474,358,138,24498,1416,1079,1139,534,1206,1301,16696,26,11244,988,25,16760,4705,48,246,4278,719,34,6495,860,488,102,3377,1110,16885,2550,786,868,1191,683,876,1015,654,621,13,594,9,1538,75,30,75,396,331,178,775,25386,777,8375,4035,697,514,440,109,16855,125,9344,1398,6202,842,97,1569,7,21970,3976,7160,29370,5565,15674,151,266,431,1030,543,1007,847,1153,5675,1116,21,227,1185,14,32,1984,2018,8,334,75,16730,30419,22908,6476,21163,2925,929,52266,62093,10277,29243,49621,52690,147,54,837,768,271,1032,506,203,127,494,4792,0.0,0.0,0.0,0.0,0.0,0.0,0.0,0.0,0.0,0.0,0.0,0.0,0.0,0.0,0.0,0.0,0.0,0.0,0.0,0.0,0.0,0.0,0.0,0.0,0.0,0.0,0.0,0.0,0.0,0.0,0.0,0.0,0.0,0.0,0.0,0.0,0.0,0.0,0.0,0.0,0.0,0.0,0.0,0.0,0.0,0.0,0.0,0.0,0.0,0.0,0.0,0.0,0.0,0.0,0.0,0.0,0.0,0.0,0.0,0.0,0.0,0.0,0.0,0.0,0.0,0.0,0.0,0.0,0.0,0.0,0.0,0.0,0.0,0.0,0.0,0.0,0.0,0.0,0.0,0.0,0.0,0.0,0.0,0.0,0.0,0.0,0.0,0.0,0.0,0.0,0.0,0.0,0.0,0.0,0.0,0.0,0.0,0.0,0.0,0.0,0.0,0.0,0.0,0.0,0.0,0.0,0.0,0.0,0.0,0.0,0.0,0.0,0.0,0.0,0.0,0.0,0.0,0.0,0.0,0.0,0.0,0.0,0.0,0.0,0.0,0.0,0.0,0.0,0.0,0.0,0.0,0.0,0.0,0.0,0.0,0.0,0.0,0.0,0.0,0.0,0.0,0.0,0.0,0.0,0.0,0.0,0.0,0.0,0.0,0.0
ENCFF001FLG,0.07871694987416057,20964,80,1491,20452,842,102784,6135,127,325,144,292,1452,3268,4879,6619,26920,2000,291,3071,2836,110,366,49,22,27,478,50,1690,16479,2006,137,67,225,975,998,7,1131,10,4,4229,7758,31,336,23,32,552,3069,14216,11,283,447,608,265,243,7243,103,180,176,63,370,639,148,6667,111,482,12,6,23918,24421,6680,548,363,538,4796,156,683,263,382,414,95,468,747,3076,208,258,1625,11,387,236,20,748,92,8,625,627,7737,91577,6028,57,16338,25132,1344,21996,703,302,3867,1109,972,16,2803,7472,5346,112,3674,19575,2275,30162,606,2467,1900,4714,1047,40314,746,3332,1579,359,1431,249,73,18835,7700,80,11790,4841,9726,18279,19,2107,2126,561,1710,13739,254,108,61,68,22,26,1157,227,230,6455,2767,424,2128,18730,1819,222,585,805,772,1421,2121,1900,7344,32,105,18,460,12,837,304,407,976,8,4,215,319,538,10215,3645,22254,1198,17092,19483,6897,14497,8579,15157,159,14432,16737,5849,5028,15049,9319,3072,448,15,425,31,202,426,109,33,22,27,1822,194,16913,6142,9260,140,110036,18768,1660,15730,13400,582,256,20859,9340,29103,4149,22994,69,24000,27,144,316,39,162,492,110,2485,2054,13,292,458,297,457,205,1471,864,1185,154,2193,2371,1061,5146,560,153,346,320,165,159,147,1128,516,2703,580,192,800,1356,1103,6871,12369,71,1251,4205,656,394,308,298,433,233,855,4459,248,424,3778,162,1048,220,2305,502,519,287,461,279,230,240,1159,1139,358,429,376,2920,836,373,375,416,1800,17,21,237,315,692,186,10872,90,8417,18,385,40,3626,472,6858,3421,3535,21,1252,71,83,557,1855,34725,320,963,1932,591,2,1295,111,206,369,10416,3296,1305,788,40,170,94,5,59,327,1041,1441,392,2198,271,261,818,31045,176,977,72683,260,3667,474,2797,203,1254,140,33,1856,417,565,614,229,192,125,608,681,428,586,237,607,813,14441,39,5144,1264,7,23405,3871,18,137,3055,359,39,3038,368,619,180,1675,565,12033,1547,251,384,666,219,476,376,1051,115,7,502,15,1059,134,32,116,171,165,598,382,13779,2215,4775,4313,1187,311,429,88,24723,33,9543,741,7249,795,121,1394,11,19947,2819,5768,26113,930,8851,104,78,228,432,207,566,332,1376,3628,545,22,102,500,14,35,2095,2358,5,35,111,13434,20981,16435,3560,18386,2155,158,34881,48004,6790,20970,35366,43395,216,79,364,345,104,372,1345,197,287,356,3490,0.0,0.0,0.0,0.0,0.0,0.0,0.0,0.0,0.0,0.0,0.0,0.0,0.0,0.0,0.0,0.0,0.0,0.0,0.0,0.0,0.0,0.0,0.0,0.0,0.0,0.0,0.0,0.0,0.0,0.0,0.0,0.0,0.0,0.0,0.0,0.0,0.0,0.0,0.0,0.0,0.0,0.0,0.0,0.0,0.0,0.0,0.0,0.0,0.0,0.0,0.0,0.0,0.0,0.0,0.0,0.0,0.0,0.0,0.0,0.0,0.0,0.0,0.0,0.0,0.0,0.0,0.0,0.0,0.0,0.0,0.0,0.0,0.0,0.0,0.0,0.0,0.0,0.0,0.0,0.0,0.0,0.0,0.0,0.0,0.0,0.0,0.0,0.0,0.0,0.0,0.0,0.0,0.0,0.0,0.0,0.0,0.0,0.0,0.0,0.0,0.0,0.0,0.0,0.0,0.0,0.0,0.0,0.0,0.0,0.0,0.0,0.0,0.0,0.0,0.0,0.0,0.0,0.0,0.0,0.0,0.0,0.0,0.0,0.0,0.0,0.0,0.0,0.0,0.0,0.0,0.0,0.0,0.0,0.0,0.0,0.0,0.0,0.0,0.0,0.0,0.0,0.0,0.0,0.0,0.0,0.0,0.0,0.0,0.0,0.0
ENCFF001HVQ,0.10082484956746379,18590,66,1447,13968,265,36999,2427,104,167,105,446,1199,1855,3370,8099,12626,1352,232,3058,3597,83,280,12,24,16,386,251,1245,12173,1606,101,51,176,718,728,23,761,16,163,3637,4294,16,250,25,29,275,2311,8134,29,230,461,572,180,138,2899,67,136,123,41,311,517,261,6086,162,163,98,18,20285,18446,3385,437,287,445,2018,132,486,197,313,350,81,393,430,1448,170,209,1431,14,368,193,6,531,69,11,1112,539,7076,70447,4207,50,11221,18431,1162,15246,499,247,2525,748,1857,8,2028,5826,5735,66,2460,14605,1086,13135,184,703,800,3574,328,17905,496,3263,2253,392,1037,153,24,13966,5200,374,5874,3064,4771,11256,60,1796,1621,469,1348,16849,216,107,61,38,25,15,886,147,1094,5323,1860,263,1338,14728,1339,175,485,533,447,1299,3724,2878,2332,35,43,26,392,5,662,260,302,1439,11,6,203,345,411,6248,2934,18462,876,12881,13902,6580,11910,5936,10814,127,12037,14654,4295,3554,10805,7579,2384,413,63,747,55,197,367,77,8,13,23,2016,122,15619,5000,5308,92,100560,14522,1263,11285,10883,494,430,16082,8452,25134,1754,20053,94,18273,11,116,481,36,101,389,83,1705,850,233,262,397,237,347,165,1037,578,115,65,1833,1314,895,1273,408,135,281,283,121,131,93,163,428,2260,511,136,733,914,915,4112,13593,202,876,1869,475,328,221,249,360,219,66,2778,178,311,2151,129,586,129,1662,381,431,229,314,241,163,330,892,886,315,380,289,942,638,284,346,324,1531,19,10,159,229,385,124,7062,33,5778,7,199,24,2549,401,4098,2950,3748,20,1145,19,51,491,1711,31767,237,868,874,472,22,1092,67,143,277,6085,3738,1329,555,11,40,31,8,7,242,403,912,261,1519,170,214,1014,21556,121,883,48870,227,2257,396,2210,364,1037,123,112,1464,267,436,434,160,167,87,1645,473,362,427,587,415,504,10380,12,3939,898,16,11702,2603,16,143,2524,228,15,2489,318,959,102,1171,491,4964,1782,223,284,467,212,476,356,658,351,5,403,5,1186,86,12,63,154,223,259,294,11340,752,3691,2058,459,193,435,58,18292,42,6305,638,4941,574,115,1008,5,15530,2832,5483,24038,974,6925,98,114,175,378,168,448,273,527,2861,467,20,97,394,4,18,1622,1643,3,89,80,9575,17219,12530,2929,14001,1714,130,26946,38048,5608,17411,27591,31310,149,69,272,260,82,330,706,109,138,216,3137,0.0,0.0,0.0,0.0,0.0,0.0,0.0,0.0,0.0,0.0,0.0,0.0,0.0,0.0,0.0,0.0,0.0,0.0,0.0,0.0,0.0,0.0,0.0,0.0,0.0,0.0,0.0,0.0,0.0,0.0,0.0,0.0,0.0,0.0,0.0,0.0,0.0,0.0,0.0,0.0,0.0,0.0,0.0,0.0,0.0,0.0,0.0,0.0,0.0,0.0,0.0,0.0,0.0,0.0,0.0,0.0,0.0,0.0,0.0,0.0,0.0,0.0,0.0,0.0,0.0,0.0,0.0,0.0,0.0,0.0,0.0,0.0,0.0,0.0,0.0,0.0,0.0,0.0,0.0,0.0,0.0,0.0,0.0,0.0,0.0,0.0,0.0,0.0,0.0,0.0,0.0,0.0,0.0,0.0,0.0,0.0,0.0,0.0,0.0,0.0,0.0,0.0,0.0,0.0,0.0,0.0,0.0,0.0,0.0,0.0,0.0,0.0,0.0,0.0,0.0,0.0,0.0,0.0,0.0,0.0,0.0,0.0,0.0,0.0,0.0,0.0,0.0,0.0,0.0,0.0,0.0,0.0,0.0,0.0,0.0,0.0,0.0,0.0,0.0,0.0,0.0,0.0,0.0,0.0,0.0,0.0,0.0,0.0,0.0,0.0
ENCFF000NJE,0.12966973942904847,29064,125,2404,24565,347,42557,5172,182,277,220,375,2160,2045,3336,14532,13293,1919,355,2430,4003,265,558,69,48,64,653,788,2481,15833,2676,208,140,353,1346,1192,37,1378,14,11,5530,8677,54,457,30,40,403,4409,19413,108,411,753,1044,370,236,5237,141,314,289,141,601,1014,62,5152,586,89,187,35,26808,37297,5440,763,531,991,4301,244,895,476,570,639,161,794,847,2789,325,414,2689,13,629,371,19,981,189,29,1112,752,5034,128107,8105,77,21554,31877,1905,27299,802,501,4978,2250,1436,36,2244,6117,6298,157,3121,24864,1409,20704,285,1182,1214,6337,463,35189,917,4545,2195,592,2144,535,151,24490,5752,752,26350,3789,12028,24036,122,3193,1021,835,2828,21085,180,267,48,76,22,25,1682,202,456,7308,3570,550,2522,26538,2210,381,957,1070,1001,2293,4152,3711,4223,31,110,27,740,22,1326,528,466,455,25,9,401,654,735,11958,5718,33742,1698,19207,22015,9923,24867,9818,20891,172,21677,25710,8430,6910,16690,13750,3713,641,162,364,36,391,731,138,65,20,35,3019,144,29966,7311,5455,247,112010,23034,2422,19875,9806,789,371,25514,11150,30950,2091,32785,139,31910,44,255,575,81,251,703,326,3016,1668,55,503,684,441,707,346,1880,1032,238,134,3413,2777,1488,1787,895,245,515,523,276,311,222,382,846,3425,843,293,1252,1721,1567,8158,19484,556,1814,2366,997,651,459,467,672,367,155,5794,375,664,3807,284,1223,317,3101,829,703,427,641,189,386,346,1856,1732,635,662,512,1900,1175,602,592,697,2848,10,27,337,456,442,228,11525,81,7766,20,374,177,4976,575,5155,4634,4975,11,1813,107,137,706,3062,36519,549,1503,1510,759,41,1897,150,219,463,9976,3282,2170,1014,32,159,90,11,38,539,1473,1771,398,2675,414,390,961,32410,317,1597,91988,376,4373,786,3889,994,1788,229,291,3233,613,751,795,300,306,203,4056,901,734,832,405,794,868,19149,70,7685,1685,11,20269,4585,14,226,4305,471,40,4884,637,956,231,2197,824,9567,1879,561,580,771,487,860,639,930,426,5,633,11,1389,186,34,147,331,155,333,422,20398,1101,5928,3151,839,297,678,157,28173,122,10932,1262,9171,988,218,2131,19,22103,4275,6967,31072,1270,14760,183,95,285,672,377,795,519,1196,4300,704,35,176,742,9,22,3142,3223,15,193,151,18606,27618,20528,5032,27209,3157,185,54610,65272,8754,28710,48024,59390,202,132,558,521,185,624,992,296,299,493,4888,0.0,0.0,0.0,0.0,0.0,0.0,0.0,0.0,0.0,0.0,0.0,0.0,0.0,0.0,0.0,0.0,0.0,0.0,0.0,0.0,0.0,0.0,0.0,0.0,0.0,0.0,0.0,0.0,0.0,0.0,0.0,0.0,0.0,0.0,0.0,0.0,0.0,0.0,0.0,0.0,0.0,0.0,0.0,0.0,0.0,0.0,0.0,0.0,0.0,0.0,0.0,0.0,0.0,0.0,0.0,0.0,0.0,0.0,0.0,0.0,0.0,0.0,0.0,0.0,0.0,0.0,0.0,0.0,0.0,0.0,0.0,0.0,0.0,0.0,0.0,0.0,0.0,0.0,0.0,0.0,0.0,0.0,0.0,0.0,0.0,0.0,0.0,0.0,0.0,0.0,0.0,0.0,0.0,0.0,0.0,0.0,0.0,0.0,0.0,0.0,0.0,0.0,0.0,0.0,0.0,0.0,0.0,0.0,0.0,0.0,0.0,0.0,0.0,0.0,0.0,0.0,0.0,0.0,0.0,0.0,0.0,0.0,0.0,0.0,0.0,0.0,0.0,0.0,0.0,0.0,0.0,0.0,0.0,0.0,0.0,0.0,0.0,0.0,0.0,0.0,0.0,0.0,0.0,0.0,0.0,0.0,0.0,0.0,0.0,0.0
ENCFF575IES,0.35719703333192837,23458089,688934,63510,1388,1,15064,6758,131,224,93,34763,736,694,535,149,298,7011,835,8661,5233,157,1041,358,336,3,679,926254,1112,343,8888,383,5647,813,438,332,189,595,1,0,20981,11573,1,342,43,14893,405,3167,176,107666,1077,138,202,332,251,435304,38,293,82,39,5260,386,0,117,65,18,125445,2,41833,304885,44215,175,105,18038,19248,206,354,91,121,167,24,252,297,2678,79,92,1055,79,105,242,12,2448,432,54,22542,43,94,834580,19567,400,596442,51394,432,47948,493,161,7443,2348,4401,1,876758,318903,13035,222,11757,267859,74,8513,0,1,234,8255,0,262,234,10512,3996,318,3164,125,2,61087,1607,393624,258,718,24919,304590,92658,7331,961,223,29543,1238,15,215477,0,79,205,13,2462,540,297,11287,5241,287,2197,873,204,547,362,824,449,2088,2434,2792,99112,110,15,19,139,6,226,84,7328,11133,1,0,500,277,251,34431,8987,195921,3404,66183,28192,22141,5653,16267,27718,96,40109,42046,39286,19054,113781,506604,5102,785,8118,140,13,99,310,159,6,9,19,11665,6,15367,6094,156,17,69213151,20877,120146,63993,538,1316,5449,27276,13750,17783,218,75775,13,63237,35,144,2563,2,78,179,497,1538,2779,11,103,126,80,209,147,725,249,6446,255,3892,2653,1254,16751,523,42,287,110,104,64,47,1049,126,4102,459,59,1025,1029,334,1158,414,1598068,745,126635,698,92,89,97,117,61,3072,19956,190,323,5324,170,1155,290,2449,243,194,113,159,149,517,411,690,428,146,141,172,19834,1438,348,89,153,796,128,207,120,165,474,12,29480,41,22544,0,255,3,4713,773,24391,11274,6212,0,2891,159,109,190,3692,108885,28250,5169,24821,1710,170,562,46,126,2898,14506,7870,1876,1329,433,815,7,4,9,114,127,2820,111,2005,114,156,487,880,21925,775,190931,79563,6158,145,2726,870088,897,107,63956,390446,100,311,234,110,63,169,6793149,293,172,249,623,186,203,32404,38,11497,2723,3,346869,25205,0,603,4432,2359,8,2842,133,559,367,3217,155,684,158,246735,221,182,238,337,135,1977,50,7,2411,24,1439,90,148,72,122851,630,8,180,2259,12,1383,497,68,1024,1232,45,114556,113022,33419,1841,12857,1841,18,3483,1,59781,5419,6427,525986,284,1142,89,9,114,257,151053,167,131,458,361,163,0,1541,164,2,4,10147,4435,212,106278,41,30909,44540,39213,4168,29654,6992,510,41423,114534,13528,28417,99719,75645,98,130,158,92,83,143,936,237,612,497,7195,0.0,0.0,0.0,0.0,0.0,0.0,0.0,0.0,0.0,0.0,0.0,0.0,0.0,0.0,0.0,0.0,0.0,0.0,0.0,0.0,0.0,0.0,0.0,0.0,0.0,0.0,0.0,0.0,0.0,0.0,0.0,0.0,0.0,0.0,0.0,0.0,0.0,0.0,0.0,0.0,0.0,0.0,0.0,0.0,0.0,0.0,0.0,0.0,0.0,0.0,0.0,0.0,0.0,0.0,0.0,0.0,0.0,0.0,0.0,0.0,0.0,0.0,0.0,0.0,0.0,0.0,0.0,0.0,0.0,0.0,0.0,0.0,0.0,0.0,0.0,0.0,0.0,0.0,0.0,0.0,0.0,0.0,0.0,0.0,0.0,0.0,0.0,0.0,0.0,0.0,0.0,0.0,0.0,0.0,0.0,0.0,0.0,0.0,0.0,0.0,0.0,0.0,0.0,0.0,0.0,0.0,0.0,0.0,0.0,0.0,0.0,0.0,0.0,0.0,0.0,0.0,0.0,0.0,0.0,0.0,0.0,0.0,0.0,0.0,0.0,0.0,0.0,0.0,0.0,0.0,0.0,0.0,0.0,0.0,0.0,0.0,0.0,0.0,0.0,0.0,0.0,0.0,0.0,0.0,0.0,0.0,0.0,0.0,0.0,0.0
ENCFF639RMG,0.1517151709556574,48138,129,3027,46913,334,116354,4459,245,128,114,275,2569,952,3786,20976,16569,1251,405,2286,2769,66,327,37,19,35,735,3213,2532,30317,1873,88,47,335,1802,1511,26,1658,14,1,4335,5217,61,261,49,21,487,4292,15950,300,383,1168,1321,161,96,2439,53,213,127,90,386,1359,293,8933,217,113,999,101,25951,23416,2455,1081,655,1311,2210,96,1218,496,692,803,192,997,1103,1650,377,677,3065,4,776,644,11,548,137,28,813,939,24597,94250,4575,68,12387,18226,2083,15658,1089,593,2070,714,870,15,1536,3168,3576,93,2798,17516,1384,23544,189,935,1119,4003,445,47734,1243,3114,1257,205,1043,143,18,13412,4697,1163,25743,4731,4943,13479,156,2821,1908,1131,1971,21827,161,309,81,53,23,14,1104,289,321,5132,1700,158,2568,46248,2877,153,1169,779,791,1481,2234,2194,2353,16,54,32,979,33,1214,574,573,41,18,8,436,356,1040,6014,3135,21011,1702,13686,16611,8564,24781,9741,18486,183,13516,17149,4814,4311,13106,8989,3144,543,383,285,34,603,995,42,18,22,58,2209,69,34992,8018,5476,260,99369,21330,2432,13060,16051,523,255,20998,10092,34846,1515,17206,43,16530,10,185,514,7,259,796,142,3211,1303,23,685,636,562,916,433,2192,1204,72,136,3581,2228,1189,1150,1398,338,675,700,422,304,234,134,1122,2713,724,314,980,2021,1637,10234,34775,2843,2048,1665,1061,784,617,622,915,499,42,4209,504,1164,2879,273,1175,443,2284,1235,906,698,873,118,396,387,2071,1654,784,771,691,1533,1342,912,664,1010,2825,25,27,401,727,270,631,7800,140,4957,31,171,50,3642,383,3986,3665,3977,29,1474,48,28,821,1510,48666,396,964,1584,575,125,1815,41,168,745,11045,3174,3427,742,63,188,53,23,32,560,812,1028,640,2110,600,411,1394,63571,238,1333,54204,423,3389,904,5069,3642,1809,257,625,3058,700,985,1011,356,298,114,19575,1299,907,978,307,1068,1102,13325,15,8579,753,55,12898,3998,11,221,2938,597,16,4871,668,499,61,2636,955,23423,2040,579,634,973,509,670,837,538,487,8,429,19,1351,97,79,60,334,1093,202,736,31793,921,8067,3779,623,362,319,117,14185,133,6998,1166,4800,724,66,1365,9,16772,2916,5671,21701,876,12075,149,155,337,828,350,871,723,951,5153,923,10,161,968,36,26,1670,1692,14,222,47,12087,19368,15675,3928,14548,1971,216,46092,42839,7878,19498,32992,36583,153,35,621,566,194,825,355,177,104,410,3849,0.0,0.0,0.0,0.0,0.0,0.0,0.0,0.0,0.0,0.0,0.0,0.0,0.0,0.0,0.0,0.0,0.0,0.0,0.0,0.0,0.0,0.0,0.0,0.0,0.0,0.0,0.0,0.0,0.0,0.0,0.0,0.0,0.0,0.0,0.0,0.0,0.0,0.0,0.0,0.0,0.0,0.0,0.0,0.0,0.0,0.0,0.0,0.0,0.0,0.0,0.0,0.0,0.0,0.0,0.0,0.0,0.0,0.0,0.0,0.0,0.0,0.0,0.0,0.0,0.0,0.0,0.0,0.0,0.0,0.0,0.0,0.0,0.0,0.0,0.0,0.0,0.0,0.0,0.0,0.0,0.0,0.0,0.0,0.0,0.0,0.0,0.0,0.0,0.0,0.0,0.0,0.0,0.0,0.0,0.0,0.0,0.0,0.0,0.0,0.0,0.0,0.0,0.0,0.0,0.0,0.0,0.0,0.0,0.0,0.0,0.0,0.0,0.0,0.0,0.0,0.0,0.0,0.0,0.0,0.0,0.0,0.0,0.0,0.0,0.0,0.0,0.0,0.0,0.0,0.0,0.0,0.0,0.0,0.0,0.0,0.0,0.0,0.0,0.0,0.0,0.0,0.0,0.0,0.0,0.0,0.0,0.0,0.0,0.0,0.0
ENCFF000PXK,0.15661279150693722,40402,74,1642,8760,192,30709,2827,114,142,196,759,1179,650,1312,5162,6083,982,178,2012,2908,85,357,53,28,29,527,2272,1190,5500,1777,114,145,202,679,630,65,758,13,12,3585,4941,14,264,8,17,271,2160,4333,286,179,382,524,210,131,3091,69,181,213,65,411,629,34,1145,77,105,607,41,12462,19723,3415,303,245,926,4327,130,457,195,280,323,72,374,403,1631,143,190,1329,9,295,182,5,524,58,6,437,361,2388,71902,4656,61,12330,16820,944,14656,431,217,2304,588,682,10,1234,3609,3580,59,2254,14955,622,8777,143,475,610,3588,252,9109,503,3256,1389,329,1247,166,90,14383,1926,1334,2894,1438,12112,12664,429,1769,727,421,1810,7618,133,421,35,55,13,18,1003,139,249,5386,2235,318,1778,9416,893,205,410,332,251,1120,1967,1911,3018,34,36,10,316,11,647,215,427,113,48,4,331,343,382,6663,3073,20308,916,10049,12745,5925,8156,5199,10957,96,11705,13597,5438,4104,10357,8303,2218,330,507,279,15,184,361,86,28,11,35,2538,44,9019,4326,1315,60,66708,14236,1539,11221,2978,488,684,14620,6751,16517,1094,21263,86,22159,28,171,786,61,92,361,173,1422,957,17,253,319,236,336,181,800,553,212,111,1867,1220,861,1523,455,130,238,276,128,126,103,246,423,1928,493,124,716,891,733,2474,4882,1384,849,1450,486,302,236,213,326,185,75,3689,180,310,2231,114,632,141,1679,427,350,207,363,112,166,298,875,872,290,317,272,1147,612,266,276,350,1466,10,24,153,221,259,154,7327,62,4759,12,237,74,2699,354,3491,3172,3389,7,1121,96,76,520,1967,18055,415,1123,824,467,126,1117,84,70,320,6187,2306,1275,625,42,124,56,5,24,241,537,1143,220,1641,191,177,334,10478,244,762,54349,187,2575,330,1918,2230,885,112,880,3661,278,365,418,154,139,153,13008,424,338,403,215,432,461,10684,43,4127,969,15,13099,2949,14,138,2995,495,35,2617,290,699,140,1167,433,3976,842,526,271,411,159,412,283,737,273,17,516,7,811,103,19,107,407,99,120,195,9813,512,2701,1588,358,207,427,116,17322,235,7099,999,5662,582,155,1371,12,12931,2357,4657,19221,693,3607,119,112,127,465,166,393,270,544,3061,382,18,217,382,16,9,1854,1831,5,432,93,10471,15886,11608,2796,15026,1752,139,23270,34887,5103,15608,26293,32732,54,66,303,239,95,282,573,120,204,311,3319,0.0,0.0,0.0,0.0,0.0,0.0,0.0,0.0,0.0,0.0,0.0,0.0,0.0,0.0,0.0,0.0,0.0,0.0,0.0,0.0,0.0,0.0,0.0,0.0,0.0,0.0,0.0,0.0,0.0,0.0,0.0,0.0,0.0,0.0,0.0,0.0,0.0,0.0,0.0,0.0,0.0,0.0,0.0,0.0,0.0,0.0,0.0,0.0,0.0,0.0,0.0,0.0,0.0,0.0,0.0,0.0,0.0,0.0,0.0,0.0,0.0,0.0,0.0,0.0,0.0,0.0,0.0,0.0,0.0,0.0,0.0,0.0,0.0,0.0,0.0,0.0,0.0,0.0,0.0,0.0,0.0,0.0,0.0,0.0,0.0,0.0,0.0,0.0,0.0,0.0,0.0,0.0,0.0,0.0,0.0,0.0,0.0,0.0,0.0,0.0,0.0,0.0,0.0,0.0,0.0,0.0,0.0,0.0,0.0,0.0,0.0,0.0,0.0,0.0,0.0,0.0,0.0,0.0,0.0,0.0,0.0,0.0,0.0,0.0,0.0,0.0,0.0,0.0,0.0,0.0,0.0,0.0,0.0,0.0,0.0,0.0,0.0,0.0,0.0,0.0,0.0,0.0,0.0,0.0,0.0,0.0,0.0,0.0,0.0,0.0
ENCFF286UWB,0.14813927651072054,391139,32843,17172,342996,2822,451973,46780,1513,2056,1772,7374,26845,16348,34744,246196,117586,15613,2273,37894,35390,2720,4555,505,529,344,4257,17233,15029,298714,32997,1354,1241,7179,8438,7640,532,10466,275,917,52161,72363,185,3798,178,11408,3898,28575,270272,2595,3264,4782,5881,2910,3305,66090,2176,2090,2393,1282,4280,14354,2644,160014,2658,3124,4419,3135,335852,234399,67083,4968,2927,8521,65370,1837,5826,2276,3182,3983,907,4388,5806,21547,1956,2151,15907,114,3762,2154,112,7917,1885,422,23101,5998,183402,1055110,58402,530,155305,238213,12595,205083,5732,2546,34152,11179,13439,95,28952,60753,55066,999,30179,237526,11494,107175,1798,7409,8160,45754,3302,317291,6811,33765,20849,5967,20441,2997,1104,218046,48021,9970,235235,36927,216750,173079,2708,26825,22053,6634,21562,343580,2751,3580,502,731,297,228,11831,1599,10582,58498,28458,5888,29273,340761,16211,2390,6253,7182,8788,16726,28686,22811,85797,586,1160,302,4251,967,7808,2476,6984,10989,244,47,3295,4337,4860,109888,38830,269235,11181,135956,168163,71953,284483,80691,147419,1334,153313,182953,77545,53571,167137,100167,46001,4322,3364,5204,568,2326,3808,1657,460,173,3588,22445,1587,300733,58829,37943,1501,5729684,198265,19368,145152,210749,6312,4780,206118,101869,375283,15654,290518,1191,277949,913,2467,9547,6750,1255,4572,1282,23353,23782,626,2820,3973,2585,3825,1926,12130,7093,22175,1348,24142,22078,10709,40069,5216,1403,3007,3100,1470,1420,1147,10119,4634,28628,6019,1663,8854,11381,10964,53263,240144,9541,13867,34678,5997,4717,3292,2663,4058,2066,9130,45121,2112,3666,46260,1598,7627,1762,25769,4413,4608,2473,4004,7200,1992,3277,10966,10553,3458,3925,3048,17194,7003,3400,3338,4048,18858,3206,185,1730,2546,5466,2365,104826,2139,69751,170,2980,1089,33683,5808,55131,43362,41505,178,14668,489,2674,8894,30165,425105,4144,11411,15539,5711,955,13815,1481,1686,4191,84039,46472,41719,8630,316,1303,762,89,374,2849,7218,12982,3643,19742,2181,2045,8404,387101,2340,9554,686315,9787,30399,4259,26057,19606,12213,1307,8168,34239,3447,4990,5592,1538,1843,1486,94699,5994,4251,5264,2374,6007,6062,147486,393,54821,13590,443,201182,46522,164,1664,35063,4544,555,31278,3520,9043,1950,15964,5298,268104,16048,5596,3307,5409,1981,5581,3649,10713,3909,244,6051,94,12324,639,1187,1090,4077,3699,3058,4310,282287,6966,45737,21982,5213,2641,6053,1056,261429,1551,84895,10076,68713,8030,2028,15358,920,188855,39746,65165,357600,11161,212410,1473,1298,1589,4581,22457,5695,3094,13028,36421,4809,290,3146,4531,216,228,23105,23074,114,3703,2135,138116,214848,181635,37115,186772,22165,2115,461210,502228,70962,215089,365564,441417,1481,960,3072,2872,969,3651,20266,2527,4997,4660,34567,0.0,0.0,0.0,0.0,0.0,0.0,0.0,0.0,0.0,0.0,0.0,0.0,0.0,0.0,0.0,0.0,0.0,0.0,0.0,0.0,0.0,0.0,0.0,0.0,0.0,0.0,0.0,0.0,0.0,0.0,0.0,0.0,0.0,0.0,0.0,0.0,0.0,0.0,0.0,0.0,0.0,0.0,0.0,0.0,0.0,0.0,0.0,0.0,0.0,0.0,0.0,0.0,0.0,0.0,0.0,0.0,0.0,0.0,0.0,0.0,0.0,0.0,0.0,0.0,0.0,0.0,0.0,0.0,0.0,0.0,0.0,0.0,0.0,0.0,0.0,0.0,0.0,0.0,0.0,0.0,0.0,0.0,0.0,0.0,0.0,0.0,0.0,0.0,0.0,0.0,0.0,0.0,0.0,0.0,0.0,0.0,0.0,0.0,0.0,0.0,0.0,0.0,0.0,0.0,0.0,0.0,0.0,0.0,0.0,0.0,0.0,0.0,0.0,0.0,0.0,0.0,0.0,0.0,0.0,0.0,0.0,0.0,0.0,0.0,0.0,0.0,0.0,0.0,0.0,0.0,0.0,0.0,0.0,0.0,0.0,0.0,0.0,0.0,0.0,0.0,0.0,0.0,0.0,0.0,0.0,0.0,0.0,0.0,0.0,0.0
ENCFF911IYJ,0.12499854364949298,38965,157,1864,65161,569,168131,7938,560,183,219,488,4828,2098,6979,32607,28545,1748,574,8954,4355,52,456,19,41,44,1608,1752,4789,42669,3085,116,36,473,3509,3176,46,3579,19,6,7447,6524,83,267,114,48,796,7765,37941,105,745,2690,2544,124,186,2790,116,218,241,218,565,2587,953,27343,656,461,517,81,61889,46831,3199,2191,1288,2653,3076,60,2427,1108,1341,1582,462,2211,2319,2191,747,1333,5867,19,1601,1397,63,900,495,143,2215,1339,21215,141977,5635,126,15803,27557,4700,23097,2354,1305,3017,1638,2445,62,2965,6076,6596,322,5186,26075,2253,48011,349,1694,1422,5571,592,93253,2295,5125,1815,329,1243,263,78,15911,6036,672,40666,10940,6624,17201,102,5700,11990,2000,2802,61194,318,161,86,50,19,11,1191,274,234,8611,2003,143,3414,64693,4342,166,2518,1642,1132,2266,3436,2923,3451,61,134,64,1880,68,2399,978,1526,283,24,42,765,386,2209,8495,4314,31560,3277,21706,35112,14531,49001,16422,30585,223,20991,28199,6748,6904,22973,14212,5402,1011,126,1303,34,1342,2131,94,39,31,58,3417,76,85384,13677,11201,2711,209844,41055,4313,23697,41542,730,495,35632,19314,76773,2500,25288,75,21625,14,167,670,23,564,1561,315,6375,1554,36,1321,1191,1151,1973,963,4439,2085,116,155,5995,4388,2123,1824,3050,638,1736,1608,948,549,423,203,1818,5580,1344,637,1734,3942,3102,17781,109734,1577,3894,2396,1699,1608,1254,1202,1618,961,68,8083,988,2696,4520,589,2161,976,4320,3102,1969,1670,1775,201,754,622,4540,3432,1738,1485,1423,2348,2558,1980,1163,2077,4405,29,67,805,1586,419,755,9853,286,7696,55,169,74,5203,372,5982,6067,9015,35,2009,91,34,1913,1607,100043,305,1464,3187,812,25,3275,27,483,930,20885,11157,4559,1003,109,174,120,52,93,1067,1794,2210,1377,3808,1181,766,3680,87236,240,2647,79811,702,5268,1743,10342,2142,3157,504,196,2898,1467,1912,2095,573,525,64,11257,2883,1936,1905,814,1817,2210,24810,45,17041,1198,80,20570,5928,37,245,4783,1019,69,9074,1359,575,116,5217,1901,50579,2882,414,1404,1923,1167,1286,1705,590,337,42,824,57,2742,184,80,45,133,593,282,1447,50970,1705,11449,5988,955,542,744,486,17939,130,9465,1960,5787,1006,49,1840,6,29458,5472,9694,35308,3240,41640,218,545,730,1820,967,1747,1516,1754,17308,1775,40,125,1916,46,99,2057,1701,7,140,110,17635,34416,29180,7774,22589,3193,636,67851,70671,13087,32987,54383,58600,196,43,1181,1160,512,1676,418,373,142,634,6218,0.0,0.0,0.0,0.0,0.0,0.0,0.0,0.0,0.0,0.0,0.0,0.0,0.0,0.0,0.0,0.0,0.0,0.0,0.0,0.0,0.0,0.0,0.0,0.0,0.0,0.0,0.0,0.0,0.0,0.0,0.0,0.0,0.0,0.0,0.0,0.0,0.0,0.0,0.0,0.0,0.0,0.0,0.0,0.0,0.0,0.0,0.0,0.0,0.0,0.0,0.0,0.0,0.0,0.0,0.0,0.0,0.0,0.0,0.0,0.0,0.0,0.0,0.0,0.0,0.0,0.0,0.0,0.0,0.0,0.0,0.0,0.0,0.0,0.0,0.0,0.0,0.0,0.0,0.0,0.0,0.0,0.0,0.0,0.0,0.0,0.0,0.0,0.0,0.0,0.0,0.0,0.0,0.0,0.0,0.0,0.0,0.0,0.0,0.0,0.0,0.0,0.0,0.0,0.0,0.0,0.0,0.0,0.0,0.0,0.0,0.0,0.0,0.0,0.0,0.0,0.0,0.0,0.0,0.0,0.0,0.0,0.0,0.0,0.0,0.0,0.0,0.0,0.0,0.0,0.0,0.0,0.0,0.0,0.0,0.0,0.0,0.0,0.0,0.0,0.0,0.0,0.0,0.0,0.0,0.0,0.0,0.0,0.0,0.0,0.0
ENCFF001FPN,0.06943047406433583,25872,43,1741,10189,289,32564,2520,73,153,86,271,992,1246,2898,4882,9087,1333,173,1929,2054,117,398,37,10,13,315,137,922,8929,1429,114,58,167,583,562,7,654,8,8,4977,10481,17,333,12,15,370,1853,6957,24,193,266,400,172,303,10512,72,147,149,37,243,465,118,5039,253,128,38,39,17928,20268,11122,329,199,432,7355,131,387,140,192,242,57,300,468,5017,118,146,1004,2,217,146,2,545,37,11,480,401,4620,69889,5952,41,15740,25419,743,23029,405,152,4504,1269,653,5,3135,9689,6639,50,3999,20132,802,12654,178,718,659,3420,268,15998,495,2464,1183,266,1521,169,38,18516,4161,161,8139,2724,10557,17296,29,1409,953,394,1833,12335,180,117,32,44,18,15,879,176,234,6398,2337,266,1613,10011,976,145,349,1226,1509,1751,1815,1580,11692,43,60,6,237,8,447,154,338,1623,4,5,139,216,335,11311,3007,20773,894,12361,16150,5110,11356,7931,12689,87,17338,18876,7136,5083,19369,8037,2049,325,41,243,26,137,252,123,32,8,8,1467,99,16027,4289,3381,48,149267,13944,1476,12568,8457,443,293,17175,6551,21920,1387,21861,79,22328,16,161,307,69,79,292,58,3206,3396,147,167,262,175,244,124,919,518,3216,112,1558,2966,679,7483,374,89,180,203,111,91,85,3566,306,2455,352,98,622,982,653,3518,13292,121,813,8053,433,236,205,161,252,132,3507,4973,147,252,5504,103,545,112,3107,261,274,167,245,416,163,134,735,659,237,262,197,3626,592,242,211,258,1125,3,8,131,159,294,55,10085,30,7743,7,249,15,2676,598,6410,2666,5009,7,862,29,100,293,1755,24486,259,666,4263,520,16,838,85,150,370,6774,2436,929,518,8,53,45,4,9,174,295,921,200,1864,145,128,686,13428,102,623,67050,139,3498,275,1611,280,796,87,78,1634,240,374,386,98,111,73,1051,444,287,373,118,361,437,11956,19,5014,1125,17,28125,4362,15,103,3261,185,15,2195,211,540,139,1108,341,5531,1103,248,262,404,129,310,229,2285,192,7,466,14,924,37,37,141,170,35,227,239,11125,638,2589,2039,410,249,320,39,29482,35,8868,573,7311,519,103,1003,10,11464,2741,3534,26667,1422,5764,72,33,96,239,125,332,207,2655,2027,334,13,98,284,4,9,1657,2095,1,29,74,10988,21823,18343,2688,15380,1851,145,30295,49418,7573,16968,33779,42067,193,66,228,202,51,248,1124,144,158,218,2571,0.0,0.0,0.0,0.0,0.0,0.0,0.0,0.0,0.0,0.0,0.0,0.0,0.0,0.0,0.0,0.0,0.0,0.0,0.0,0.0,0.0,0.0,0.0,0.0,0.0,0.0,0.0,0.0,0.0,0.0,0.0,0.0,0.0,0.0,0.0,0.0,0.0,0.0,0.0,0.0,0.0,0.0,0.0,0.0,0.0,0.0,0.0,0.0,0.0,0.0,0.0,0.0,0.0,0.0,0.0,0.0,0.0,0.0,0.0,0.0,0.0,0.0,0.0,0.0,0.0,0.0,0.0,0.0,0.0,0.0,0.0,0.0,0.0,0.0,0.0,0.0,0.0,0.0,0.0,0.0,0.0,0.0,0.0,0.0,0.0,0.0,0.0,0.0,0.0,0.0,0.0,0.0,0.0,0.0,0.0,0.0,0.0,0.0,0.0,0.0,0.0,0.0,0.0,0.0,0.0,0.0,0.0,0.0,0.0,0.0,0.0,0.0,0.0,0.0,0.0,0.0,0.0,0.0,0.0,0.0,0.0,0.0,0.0,0.0,0.0,0.0,0.0,0.0,0.0,0.0,0.0,0.0,0.0,0.0,0.0,0.0,0.0,0.0,0.0,0.0,0.0,0.0,0.0,0.0,0.0,0.0,0.0,0.0,0.0,0.0
ENCFF651BYL,0.843875335721769,58092801,973950,2963,259,0,2538,570,8,24,23,2094,172,116,103,61,123,456,153,457,602,20,130,12,775,13,153,3049107,191,102,652,62,12828,372,85,87,499,121,10,0,3149,1558,0,32,8,45512,28,550,80,320961,183,38,52,19,32,32971,6,17,9,5,212,99,1,66,10,8,456728,3,4853,20076,3927,61,23,37728,2148,9,89,14,36,36,10,41,75,396,10,13,181,16,16,32,9,239,8,0,813,8,25,45069,1682,20,40974,5234,141,4775,205,12,857,248,216,0,43821,17224,3293,2,2185,14954,19,1019,0,7,42,948,0,135,37,1212,370,30,378,14,0,5474,274,1299504,82,120,2267,14057,210425,937,129,42,44701,258,0,450459,0,12,7,3,377,72,16,1101,684,32,353,164,32,43,77,62,38,306,388,447,8983,16,5,2,30,0,74,19,2771,10526,0,0,989,32,54,3698,918,235955,305,4032,4494,1841,740,2232,2117,13,4681,5150,3135,1818,8623,24066,1930,146,10577,8,0,33,107,28,2,22,0,861,1,1024,513,54,6,160954920,2957,133547,5260,176,152,351,3560,2325,2227,21,7923,2,7189,0,16,147,1,10,31,13,335,361,0,21,17,16,50,17,131,47,263,38,481,457,113,1543,91,13,37,18,9,15,7,245,38,484,63,6,90,164,67,190,153,5203569,120,7635,87,12,31,21,20,11,52,1923,24,65,751,8,153,5,456,40,59,64,31,1,10,90,153,61,24,50,29,853,160,30,21,27,122,3,0,8,28,90,0,3578,27,2155,0,41,0,604,96,1866,1376,622,2,375,16,10,38,533,3558,89284,5690,3715,208,372,109,7,36,243,1655,393,131,211,24,105,4,0,1,18,40,249,28,240,11,9,86,266,65390,158,17734,52688,814,44,265,2714473,66,7,284893,782608,33,46,58,10,9,70,20441251,60,37,32,8,39,42,3559,10,5470,588,0,22041,1804,36,57,682,328,0,519,27,90,35,440,52,223,22,795878,26,30,45,86,22,160,0,5,258,0,141,21,120,13,523163,55,5,38,243,17,157,134,15,178,135,14,9492,388905,4009,2420,1699,284,4,479,0,6488,516,1407,30280,28,200,262,2,9,87,93076,51,23,80,56,38,0,5944,37,4,6,794,693,0,346635,11,4212,3740,3052,472,4113,1270,39,5689,13754,1242,2773,11013,9704,18,18,17,17,13,39,105,53,101,69,761,0.0,0.0,0.0,0.0,0.0,0.0,0.0,0.0,0.0,0.0,0.0,0.0,0.0,0.0,0.0,0.0,0.0,0.0,0.0,0.0,0.0,0.0,0.0,0.0,0.0,0.0,0.0,0.0,0.0,0.0,0.0,0.0,0.0,0.0,0.0,0.0,0.0,0.0,0.0,0.0,0.0,0.0,0.0,0.0,0.0,0.0,0.0,0.0,0.0,0.0,0.0,0.0,0.0,0.0,0.0,0.0,0.0,0.0,0.0,0.0,0.0,0.0,0.0,0.0,0.0,0.0,0.0,0.0,0.0,0.0,0.0,0.0,0.0,0.0,0.0,0.0,0.0,0.0,0.0,0.0,0.0,0.0,0.0,0.0,0.0,0.0,0.0,0.0,0.0,0.0,0.0,0.0,0.0,0.0,0.0,0.0,0.0,0.0,0.0,0.0,0.0,0.0,0.0,0.0,0.0,0.0,0.0,0.0,0.0,0.0,0.0,0.0,0.0,0.0,0.0,0.0,0.0,0.0,0.0,0.0,0.0,0.0,0.0,0.0,0.0,0.0,0.0,0.0,0.0,0.0,0.0,0.0,0.0,0.0,0.0,0.0,0.0,0.0,0.0,0.0,0.0,0.0,0.0,0.0,0.0,0.0,0.0,0.0,0.0,0.0
ENCFF581WJA,0.14532320847216898,58692,429,3285,67531,789,175235,11156,535,626,366,658,5271,4249,14069,23140,56307,3280,921,8768,6452,157,900,52,118,94,1739,2796,5699,42722,5099,260,84,773,3866,3590,49,3935,39,7,10970,13891,157,595,62,90,1119,10033,40997,254,1008,2541,2660,450,266,7561,118,495,355,189,1038,2415,1190,21804,1037,719,805,77,66731,60310,7108,2351,1354,3140,6832,332,2597,1276,1557,1720,463,2152,2353,4273,896,1319,7128,28,1639,1469,21,1348,367,62,2180,1871,40807,212349,11993,214,32179,49384,4749,41725,2394,1273,5687,1884,1991,37,4005,8759,9155,346,6941,42491,3578,57215,330,1664,2011,9793,807,85180,2523,7365,2885,608,2918,551,77,36328,15792,1429,42155,13666,13933,33678,140,7058,9252,2388,4819,72511,964,378,329,119,52,61,2771,484,410,12402,4918,509,6397,65149,4816,493,2462,1461,1186,3811,5163,4534,6867,45,157,57,2111,40,2717,1214,1169,26101,28,36,895,795,2269,16383,7952,53400,4073,41118,43750,19219,46543,20925,40884,768,35116,43919,13076,11025,33757,23057,7286,1476,346,1212,58,1262,2098,157,35,60,161,5232,351,67449,15664,23413,453,282094,54900,5776,34311,42318,1385,658,51955,26239,86854,5367,49375,165,47319,28,422,1088,128,623,1799,359,6904,3760,57,1467,1442,1212,1954,913,4795,2679,308,261,8515,5174,3033,4106,3043,672,1543,1548,827,659,438,489,2372,7313,1824,724,2190,4604,3638,18951,77984,2080,4527,3969,2245,1534,1272,1267,1834,1043,127,10663,1089,2482,7110,649,2776,1104,6109,2637,2018,1348,1856,398,977,882,4795,3786,1614,1710,1567,3502,2893,2264,1432,2155,6862,38,108,880,1521,684,631,18206,242,10843,43,350,102,8486,941,9715,8795,11896,31,4157,86,96,3255,4549,170660,736,2610,3711,1562,84,4515,137,500,1852,26382,11486,4465,1842,41,121,83,12,50,1178,2444,3059,1333,4765,1191,1106,2539,121361,530,3419,140908,796,8227,1878,11851,3247,4144,625,682,5168,1605,2014,2138,738,662,302,17149,2643,1955,2194,699,2356,2545,33416,30,20429,1939,55,33064,10235,80,444,6987,1272,43,11376,1481,1258,176,6409,2045,41614,5047,878,1417,2102,1133,1621,1760,1447,1134,28,1271,32,3222,314,81,87,336,938,702,1226,37051,1874,14314,6795,1189,949,791,389,36785,145,18038,2224,12899,1642,184,3428,28,44901,8617,14364,59378,4634,29705,277,429,793,1961,1059,1917,1510,2025,10354,1832,18,355,2052,35,55,3931,4363,25,277,202,32975,50627,41235,10533,41650,5711,1275,89990,114418,18070,50954,88536,99924,602,142,1305,1313,472,1720,1002,427,241,911,9043,0.0,0.0,0.0,0.0,0.0,0.0,0.0,0.0,0.0,0.0,0.0,0.0,0.0,0.0,0.0,0.0,0.0,0.0,0.0,0.0,0.0,0.0,0.0,0.0,0.0,0.0,0.0,0.0,0.0,0.0,0.0,0.0,0.0,0.0,0.0,0.0,0.0,0.0,0.0,0.0,0.0,0.0,0.0,0.0,0.0,0.0,0.0,0.0,0.0,0.0,0.0,0.0,0.0,0.0,0.0,0.0,0.0,0.0,0.0,0.0,0.0,0.0,0.0,0.0,0.0,0.0,0.0,0.0,0.0,0.0,0.0,0.0,0.0,0.0,0.0,0.0,0.0,0.0,0.0,0.0,0.0,0.0,0.0,0.0,0.0,0.0,0.0,0.0,0.0,0.0,0.0,0.0,0.0,0.0,0.0,0.0,0.0,0.0,0.0,0.0,0.0,0.0,0.0,0.0,0.0,0.0,0.0,0.0,0.0,0.0,0.0,0.0,0.0,0.0,0.0,0.0,0.0,0.0,0.0,0.0,0.0,0.0,0.0,0.0,0.0,0.0,0.0,0.0,0.0,0.0,0.0,0.0,0.0,0.0,0.0,0.0,0.0,0.0,0.0,0.0,0.0,0.0,0.0,0.0,0.0,0.0,0.0,0.0,0.0,0.0
ENCFF000VGH,0.07049614056284823,1000,4,103,913,23,2685,145,18,18,10,17,77,138,302,385,904,126,25,142,179,10,39,4,1,1,17,1,96,677,141,7,3,14,41,49,1,63,1,0,279,410,4,28,4,0,15,174,557,0,44,39,44,11,23,237,4,17,10,7,61,39,10,345,5,26,4,0,1441,1630,324,33,17,39,199,9,38,27,20,34,11,27,29,156,19,23,86,4,21,15,0,83,9,6,56,27,270,5956,373,2,1067,1530,66,1232,138,19,175,64,49,2,101,265,250,8,134,1625,113,942,23,91,58,302,40,1302,32,260,108,33,118,58,5,1089,498,1,491,306,419,1106,0,125,103,29,117,941,11,11,4,7,4,0,77,15,17,318,206,16,110,878,100,31,36,58,42,96,143,112,195,4,13,3,31,1,41,17,149,431,0,0,8,26,27,613,278,1612,81,957,1173,474,850,447,924,9,969,1067,357,374,809,653,205,23,1,23,2,12,28,10,7,4,4,156,14,1062,359,484,38,6440,1312,118,1085,711,55,33,1205,525,1582,166,1567,3,1598,7,6,28,4,6,24,5,100,97,2,18,21,21,21,15,86,33,8,7,154,87,50,103,39,11,30,15,7,14,14,22,26,128,29,10,65,90,61,292,535,2,72,135,38,18,17,17,20,11,4,325,10,27,199,8,46,8,108,28,30,15,29,4,13,12,60,63,23,20,22,85,36,17,27,17,97,3,11,15,10,26,9,622,12,432,2,25,2,228,21,321,277,197,3,91,13,7,26,149,1894,22,71,82,38,0,66,7,16,28,394,181,86,66,23,20,7,0,7,16,31,127,19,139,10,15,60,1437,11,59,4678,12,227,28,135,6,74,13,2,117,32,26,33,16,15,14,23,30,18,24,4,25,38,926,21,326,92,2,976,249,3,9,186,38,6,203,22,37,11,98,39,531,57,19,29,19,10,46,18,44,12,4,67,2,68,11,1,5,10,18,26,29,778,71,241,179,35,13,26,11,1553,1,517,52,508,61,17,129,0,822,205,296,1339,46,406,4,9,14,19,11,25,23,25,256,29,1,5,51,0,5,211,156,0,2,11,818,1141,851,205,1164,182,16,2060,2792,459,1228,2218,2567,13,8,21,22,8,24,59,12,41,16,254,0.0,0.0,0.0,0.0,0.0,0.0,0.0,0.0,0.0,0.0,0.0,0.0,0.0,0.0,0.0,0.0,0.0,0.0,0.0,0.0,0.0,0.0,0.0,0.0,0.0,0.0,0.0,0.0,0.0,0.0,0.0,0.0,0.0,0.0,0.0,0.0,0.0,0.0,0.0,0.0,0.0,0.0,0.0,0.0,0.0,0.0,0.0,0.0,0.0,0.0,0.0,0.0,0.0,0.0,0.0,0.0,0.0,0.0,0.0,0.0,0.0,0.0,0.0,0.0,0.0,0.0,0.0,0.0,0.0,0.0,0.0,0.0,0.0,0.0,0.0,0.0,0.0,0.0,0.0,0.0,0.0,0.0,0.0,0.0,0.0,0.0,0.0,0.0,0.0,0.0,0.0,0.0,0.0,0.0,0.0,0.0,0.0,0.0,0.0,0.0,0.0,0.0,0.0,0.0,0.0,0.0,0.0,0.0,0.0,0.0,0.0,0.0,0.0,0.0,0.0,0.0,0.0,0.0,0.0,0.0,0.0,0.0,0.0,0.0,0.0,0.0,0.0,0.0,0.0,0.0,0.0,0.0,0.0,0.0,0.0,0.0,0.0,0.0,0.0,0.0,0.0,0.0,0.0,0.0,0.0,0.0,0.0,0.0,0.0,0.0
ENCFF247ECT,0.09270072531184484,23347,43,1049,18464,211,50544,5234,229,98,111,407,2195,876,2262,6736,8207,1178,569,3690,3124,103,578,33,56,48,1806,65,2106,16431,3034,85,54,392,1504,1663,32,1865,41,5,5596,7190,74,748,36,13,701,4671,13124,10,700,1105,949,135,359,5399,61,280,107,183,646,1088,366,6544,901,157,70,42,23507,25372,4916,804,473,1371,6170,231,1135,413,510,603,208,835,1234,1765,284,559,2515,12,563,523,21,941,249,45,891,529,6334,108934,6268,110,16866,25078,1979,22531,1207,482,3279,1275,1416,25,3769,9033,9037,88,4188,20274,635,11641,43,225,415,4630,100,13958,772,3422,1366,307,1549,87,19,22148,2403,61,12909,3875,8562,22492,5,2700,5037,941,2015,23239,610,96,40,57,43,49,1417,359,214,6824,2579,118,1877,18144,1407,186,1087,975,807,1760,4225,7917,7599,53,178,36,731,16,899,403,1194,2122,8,1,337,356,982,9686,4840,26504,1787,11928,17402,7485,12278,9649,15888,90,22069,26230,6206,7930,18283,15372,3145,666,21,428,15,609,817,68,15,29,12,5968,46,19468,5574,2815,192,126006,22309,2657,16044,11403,819,333,20936,10153,29215,945,38513,65,35175,11,170,419,19,246,721,467,3480,2188,21,483,452,435,730,404,2026,1054,513,142,3842,2871,1193,4675,1205,243,693,574,353,210,168,513,780,4120,529,280,803,2425,1399,5042,9632,58,2037,3614,830,680,609,440,630,404,376,7623,349,1202,4214,188,1290,380,2725,1175,780,655,687,532,300,402,1805,1325,652,565,585,2212,1325,890,410,814,2146,10,53,263,544,688,120,10696,76,7594,22,114,34,3767,587,6474,4186,8255,22,1830,56,13,975,2400,34643,268,1575,2001,742,7,1638,51,266,1330,14516,6271,2103,1089,75,118,29,8,51,446,414,1614,702,3246,530,275,864,27709,94,1291,79194,332,4009,696,4927,305,1428,215,11,1867,499,947,987,224,196,69,678,1371,776,873,519,830,972,19599,28,9579,846,25,28273,4571,7,282,4253,873,62,4849,474,1001,135,2932,727,6600,851,200,511,873,412,672,595,924,392,23,739,13,1567,751,84,35,56,429,111,449,20014,421,4475,1861,319,565,438,143,27682,22,9218,817,7125,1113,41,1741,9,25122,4458,9181,32164,546,11456,69,228,265,741,379,820,572,1119,4662,684,16,97,762,23,66,2202,2389,23,23,59,19307,25459,18103,4662,20666,3175,366,40348,57708,7681,22859,46386,49612,120,47,468,421,193,670,1052,179,189,513,4003,0.0,0.0,0.0,0.0,0.0,0.0,0.0,0.0,0.0,0.0,0.0,0.0,0.0,0.0,0.0,0.0,0.0,0.0,0.0,0.0,0.0,0.0,0.0,0.0,0.0,0.0,0.0,0.0,0.0,0.0,0.0,0.0,0.0,0.0,0.0,0.0,0.0,0.0,0.0,0.0,0.0,0.0,0.0,0.0,0.0,0.0,0.0,0.0,0.0,0.0,0.0,0.0,0.0,0.0,0.0,0.0,0.0,0.0,0.0,0.0,0.0,0.0,0.0,0.0,0.0,0.0,0.0,0.0,0.0,0.0,0.0,0.0,0.0,0.0,0.0,0.0,0.0,0.0,0.0,0.0,0.0,0.0,0.0,0.0,0.0,0.0,0.0,0.0,0.0,0.0,0.0,0.0,0.0,0.0,0.0,0.0,0.0,0.0,0.0,0.0,0.0,0.0,0.0,0.0,0.0,0.0,0.0,0.0,0.0,0.0,0.0,0.0,0.0,0.0,0.0,0.0,0.0,0.0,0.0,0.0,0.0,0.0,0.0,0.0,0.0,0.0,0.0,0.0,0.0,0.0,0.0,0.0,0.0,0.0,0.0,0.0,0.0,0.0,0.0,0.0,0.0,0.0,0.0,0.0,0.0,0.0,0.0,0.0,0.0,0.0
ENCFF000NJM,0.13939405913053338,123595,385,5161,43114,693,81930,13934,450,720,498,970,5287,5655,8747,26292,32182,4569,820,5795,8532,318,1111,182,153,185,1331,7105,5034,28438,5688,466,471,776,2632,2490,224,2908,31,56,11818,17455,86,1051,96,118,874,8840,34212,701,813,1607,2121,756,582,12379,258,588,653,326,1355,2572,180,10201,654,488,1856,278,55375,76281,11730,1576,1071,2699,9516,496,1770,808,1231,1262,329,1466,1676,5995,696,849,5444,49,1408,775,35,2169,462,68,2455,1526,10612,264457,16479,194,44527,65003,3864,55561,1668,948,9051,3144,2901,56,4977,13386,13273,436,6539,52615,2960,38054,524,2115,2332,13331,898,62241,1833,9287,4421,1590,4553,1465,337,51273,15204,5993,48011,8945,28446,47755,1489,6795,2407,1782,6327,37230,352,1129,128,167,49,59,3611,464,1304,15196,7120,1113,5477,47802,4545,877,1766,3063,2944,4542,8715,7718,9214,109,232,151,1515,82,2592,898,1544,3194,181,15,1148,1308,1493,23934,11142,71007,3423,41926,46064,20432,47158,19964,40880,428,43506,51598,17730,14187,35136,28148,8152,1362,1261,918,97,778,1328,328,151,75,98,5940,433,56139,15188,15852,541,255830,48557,5354,38823,21057,1705,855,53657,23673,64219,4313,64137,236,64518,87,535,1266,433,491,1486,519,5846,3616,107,967,1416,962,1414,624,3733,2171,511,412,7154,4866,3268,4281,1841,520,961,1042,546,571,428,846,1691,7135,1960,596,2658,3637,3109,14404,37105,5186,3525,5073,2032,1134,921,959,1478,782,289,11741,753,1287,8075,563,2393,638,6226,1599,1548,874,1373,442,749,939,3550,3484,1146,1399,1129,3972,2418,1108,1140,1327,5876,40,57,564,864,885,366,23349,189,15644,24,825,206,9748,1219,10875,9420,10058,29,4121,246,313,1704,6089,82076,1387,3532,3325,1668,526,4206,331,514,983,21164,7430,5862,2358,132,460,197,18,62,1000,2732,3752,778,5651,784,749,1911,63763,959,3207,186264,902,9120,1446,7806,7730,3818,413,3267,12477,1234,1520,1653,601,616,531,39965,1756,1442,1640,804,1720,1904,39582,187,16007,3629,77,42844,9521,45,454,8891,1145,96,9973,1261,2135,466,4514,1619,17871,4078,1724,1132,1673,763,1814,1321,2054,952,37,1429,44,2753,405,94,340,1381,609,851,963,37645,1999,11904,6274,1428,699,1609,365,59415,665,23407,3364,19649,2233,568,4461,62,46890,8750,14826,65429,2943,27948,492,250,538,1764,772,1581,1092,2358,9132,1538,46,904,1553,69,74,6923,6651,41,1366,316,37869,57906,42021,10246,56243,6402,404,107544,134249,17805,58737,98948,121476,424,300,1128,1101,345,1251,2128,527,679,1099,9670,0.0,0.0,0.0,0.0,0.0,0.0,0.0,0.0,0.0,0.0,0.0,0.0,0.0,0.0,0.0,0.0,0.0,0.0,0.0,0.0,0.0,0.0,0.0,0.0,0.0,0.0,0.0,0.0,0.0,0.0,0.0,0.0,0.0,0.0,0.0,0.0,0.0,0.0,0.0,0.0,0.0,0.0,0.0,0.0,0.0,0.0,0.0,0.0,0.0,0.0,0.0,0.0,0.0,0.0,0.0,0.0,0.0,0.0,0.0,0.0,0.0,0.0,0.0,0.0,0.0,0.0,0.0,0.0,0.0,0.0,0.0,0.0,0.0,0.0,0.0,0.0,0.0,0.0,0.0,0.0,0.0,0.0,0.0,0.0,0.0,0.0,0.0,0.0,0.0,0.0,0.0,0.0,0.0,0.0,0.0,0.0,0.0,0.0,0.0,0.0,0.0,0.0,0.0,0.0,0.0,0.0,0.0,0.0,0.0,0.0,0.0,0.0,0.0,0.0,0.0,0.0,0.0,0.0,0.0,0.0,0.0,0.0,0.0,0.0,0.0,0.0,0.0,0.0,0.0,0.0,0.0,0.0,0.0,0.0,0.0,0.0,0.0,0.0,0.0,0.0,0.0,0.0,0.0,0.0,0.0,0.0,0.0,0.0,0.0,0.0
ENCFF002AVH,0.18806151475757954,64940,217,4270,60457,1140,112668,6916,353,829,270,573,3965,7482,16827,33562,45222,5209,538,6690,6663,165,745,146,129,133,1160,3066,4356,45114,4016,270,249,551,2370,2402,94,2347,22,7,9118,12229,94,785,90,67,689,7163,43612,424,654,1431,1992,563,308,6257,206,404,467,163,880,1747,713,22865,317,543,916,43,66125,52822,7168,1447,992,1886,4552,340,1624,711,1073,1179,302,1406,1516,4098,629,732,5009,24,1276,669,26,1273,560,38,1553,2207,25134,192111,10291,120,28649,42917,3392,37365,1477,870,5544,1760,2074,31,3005,7351,7273,254,5152,35617,4182,50837,890,3264,3091,9954,1424,75726,1898,6482,3193,801,2735,408,171,29463,22711,1573,43590,14792,11176,28926,572,5632,3955,1552,4162,114243,770,637,187,100,82,67,2301,438,552,11850,4849,787,4206,65000,5610,472,1560,1146,899,3480,4637,4002,5094,90,113,53,1373,37,2400,877,1240,139,80,11,897,817,1356,15449,7563,48271,2896,38213,38410,17187,44865,16409,34729,373,29723,36015,11362,9466,26063,19371,7170,1117,638,1020,84,731,1219,166,82,47,183,4194,506,55233,17083,20619,300,215135,45504,4215,30750,42961,1207,570,48365,23990,82311,6780,41091,161,41115,54,406,782,116,396,1332,272,4868,2349,32,925,1322,850,1258,626,3204,1929,262,252,5804,3415,2450,2811,1664,492,886,1023,496,462,366,492,1690,6308,1753,569,2055,2856,2915,16041,40396,2068,3017,3062,1676,1148,862,857,1293,765,141,8198,679,1174,5707,475,1865,547,5017,1553,1366,822,1234,209,629,744,3228,3217,1056,1318,1030,2713,1936,1010,1092,1422,5358,44,46,565,886,483,434,15660,192,10400,47,572,63,7254,728,7691,7479,9562,29,3288,212,204,2926,4148,103314,815,2191,2384,1245,179,3701,246,861,743,18901,7985,3450,1407,71,206,163,26,45,927,1939,2612,671,4225,711,678,3604,84281,573,2868,127748,722,6510,1395,7288,3293,3351,399,1414,6943,1085,1307,1372,522,552,349,16664,1632,1266,1350,606,1467,1697,28370,153,12477,2565,84,26991,8912,99,301,8381,803,110,8396,1128,1731,317,3911,1545,51169,5538,946,1060,1459,604,1555,1204,1370,906,34,1079,36,2087,196,90,182,747,877,1150,1284,67968,3361,15822,8556,2203,723,1189,422,40982,367,15919,2278,12681,1465,484,3067,19,30944,5877,11058,47513,2680,45540,362,228,525,1285,617,1576,972,2023,14343,1348,56,423,1471,34,37,4259,4198,20,690,163,25739,47133,37478,9292,37757,4340,375,85740,101939,16755,50087,73125,87454,404,197,990,954,268,1190,1237,422,502,803,7789,0.0,0.0,0.0,0.0,0.0,0.0,0.0,0.0,0.0,0.0,0.0,0.0,0.0,0.0,0.0,0.0,0.0,0.0,0.0,0.0,0.0,0.0,0.0,0.0,0.0,0.0,0.0,0.0,0.0,0.0,0.0,0.0,0.0,0.0,0.0,0.0,0.0,0.0,0.0,0.0,0.0,0.0,0.0,0.0,0.0,0.0,0.0,0.0,0.0,0.0,0.0,0.0,0.0,0.0,0.0,0.0,0.0,0.0,0.0,0.0,0.0,0.0,0.0,0.0,0.0,0.0,0.0,0.0,0.0,0.0,0.0,0.0,0.0,0.0,0.0,0.0,0.0,0.0,0.0,0.0,0.0,0.0,0.0,0.0,0.0,0.0,0.0,0.0,0.0,0.0,0.0,0.0,0.0,0.0,0.0,0.0,0.0,0.0,0.0,0.0,0.0,0.0,0.0,0.0,0.0,0.0,0.0,0.0,0.0,0.0,0.0,0.0,0.0,0.0,0.0,0.0,0.0,0.0,0.0,0.0,0.0,0.0,0.0,0.0,0.0,0.0,0.0,0.0,0.0,0.0,0.0,0.0,0.0,0.0,0.0,0.0,0.0,0.0,0.0,0.0,0.0,0.0,0.0,0.0,0.0,0.0,0.0,0.0,0.0,0.0
ENCFF736BPA,0.13990818734782423,910121,90,3333,40643,423,102371,13094,602,630,388,865,5817,2768,4538,17429,19668,2389,1564,5543,7196,143,926,93,284,205,2322,76012,5413,22274,5156,211,81,650,3895,3866,46,4229,85,16,9680,12763,233,550,145,20,1109,9886,23208,4559,1207,2484,2609,249,490,7060,122,551,381,543,1679,2936,213,6316,173,423,20135,209,36656,62976,7297,2285,1327,3548,7713,83,2768,1135,1354,1621,435,2122,2630,3420,815,1379,6449,64,1505,1411,46,1517,898,100,2918,918,7335,178423,9952,190,28922,47809,5192,40809,2803,1312,5718,2717,3530,102,5512,10474,12714,833,6923,42785,1303,31923,109,572,878,8054,319,48242,2167,7905,3287,778,2791,250,192,38964,5193,26359,15970,6415,16559,38264,2384,7463,4228,2287,6582,51154,857,4517,85,174,78,22,2358,738,601,13804,4757,458,5011,38215,2405,463,2730,4737,3430,3618,6849,8594,8638,114,240,52,1969,98,2271,1059,2168,1002,14,18,846,573,2462,14744,7635,52845,3756,21966,37866,14129,26559,18644,33807,266,31909,40798,12449,11936,31826,22514,5353,1264,5162,433,41,1365,2306,206,121,71,68,5923,278,37286,8969,7047,701,159248,35428,7432,24644,11979,1748,845,35221,15763,40789,1860,50858,150,49637,125,340,1208,97,663,1763,495,7009,2968,105,1385,1247,1193,1947,1062,4925,2366,270,267,7501,5399,2636,4245,3166,601,1760,1627,894,542,437,414,1917,5338,1110,754,1885,4819,3267,8915,43192,66440,4474,4672,2144,1714,1353,1221,1723,926,127,11266,1092,3072,7312,699,2873,1052,5624,3384,2073,1847,1855,280,804,667,4675,3243,1782,1474,1501,3420,3176,2109,1149,2191,4631,52,35,790,1590,1096,558,16148,480,11596,47,227,126,7096,821,9524,9172,9809,172,3459,369,180,1835,3620,69657,4577,2700,4264,1347,863,3691,163,1429,2112,28137,6885,5303,2118,152,413,391,27,304,1285,1612,2674,1634,6477,1228,789,1816,61549,535,3133,148633,721,8000,1869,11057,81904,3295,549,5171,30446,1503,2245,2296,561,560,145,700531,3205,2037,2164,761,2107,2468,33528,283,20177,1648,143,39177,9913,69,685,7917,1458,283,10823,1433,1708,399,6619,1927,32449,1670,9879,1505,2102,1123,1519,1790,1832,978,73,1702,106,3438,275,365,175,4832,565,186,891,28160,952,8062,3713,584,980,1455,580,44296,3945,14675,3141,12358,2428,61,3308,31,51031,8604,14646,57815,1973,14766,182,481,743,1829,983,2036,1563,1861,6299,1803,18,187,1948,40,126,3857,3668,32,3582,232,33231,38429,29976,8093,36583,5887,345,64921,95453,13199,37794,74797,91369,187,78,1280,1232,575,1766,1078,1022,348,1103,9095,0.0,0.0,0.0,0.0,0.0,0.0,0.0,0.0,0.0,0.0,0.0,0.0,0.0,0.0,0.0,0.0,0.0,0.0,0.0,0.0,0.0,0.0,0.0,0.0,0.0,0.0,0.0,0.0,0.0,0.0,0.0,0.0,0.0,0.0,0.0,0.0,0.0,0.0,0.0,0.0,0.0,0.0,0.0,0.0,0.0,0.0,0.0,0.0,0.0,0.0,0.0,0.0,0.0,0.0,0.0,0.0,0.0,0.0,0.0,0.0,0.0,0.0,0.0,0.0,0.0,0.0,0.0,0.0,0.0,0.0,0.0,0.0,0.0,0.0,0.0,0.0,0.0,0.0,0.0,0.0,0.0,0.0,0.0,0.0,0.0,0.0,0.0,0.0,0.0,0.0,0.0,0.0,0.0,0.0,0.0,0.0,0.0,0.0,0.0,0.0,0.0,0.0,0.0,0.0,0.0,0.0,0.0,0.0,0.0,0.0,0.0,0.0,0.0,0.0,0.0,0.0,0.0,0.0,0.0,0.0,0.0,0.0,0.0,0.0,0.0,0.0,0.0,0.0,0.0,0.0,0.0,0.0,0.0,0.0,0.0,0.0,0.0,0.0,0.0,0.0,0.0,0.0,0.0,0.0,0.0,0.0,0.0,0.0,0.0,0.0
ENCFF000WWS,0.17504450862992596,77194,619,5587,61043,1253,186321,11511,509,1209,587,1162,5851,10141,20041,31079,68517,7101,913,10524,9910,366,1373,156,123,131,2331,2667,5605,32154,6762,447,319,934,3407,3157,99,3632,62,76,13102,19659,127,1129,111,206,1776,10688,31911,307,1010,1814,2451,813,533,11354,353,651,684,301,1409,2838,681,19912,1019,1014,760,252,77188,76637,12982,1969,1196,2244,9214,566,2287,944,1460,1650,374,1733,2303,6496,795,840,5989,28,1505,847,54,2276,316,81,1996,2081,22317,287786,18776,278,50573,72975,4690,62280,2218,1039,10437,4397,3447,55,5081,12989,13528,483,7425,56374,5263,52056,809,3285,3496,15818,1522,70436,2423,10687,5298,1408,4970,691,296,54930,30510,2139,41328,18051,18990,50552,400,7958,6684,2194,6309,69496,1071,655,249,225,102,88,4224,479,1311,17934,8707,1384,7364,61234,5275,749,2058,2394,2413,5236,8032,6626,9789,137,243,113,1744,60,2937,1039,2013,384,72,0,991,1446,1895,26089,12906,75375,3950,54068,56881,24388,41466,22554,45709,651,48692,57189,18363,16372,40270,32978,10760,1594,662,1312,77,916,1484,335,111,80,110,6671,688,59011,18321,30213,500,428156,62950,5833,49480,41860,2214,967,69166,33099,94121,8419,79913,359,78764,101,641,1547,493,475,1885,708,6443,3932,56,1093,1619,952,1614,746,4639,2716,387,543,8300,5571,3935,4945,2029,535,1155,1292,611,590,460,882,1832,8830,2132,658,3102,4137,3983,17896,28838,1633,4263,5424,2255,1525,1300,1101,1730,859,239,14358,783,1429,9315,618,2820,716,6662,1782,1796,1005,1728,323,844,894,4032,4200,1345,1631,1240,4253,2639,1443,1319,1649,6674,46,72,684,1099,965,406,25976,189,17550,32,932,94,11858,1414,12390,11654,12837,74,5029,264,354,3594,6916,124204,1235,3826,3907,1867,149,4681,377,438,1360,27516,12191,6531,2600,59,326,191,33,138,1177,2360,4332,1178,6256,888,864,2509,88700,690,3502,216550,1042,10663,1743,9760,3168,4383,518,1156,8265,1376,1985,2140,622,726,452,13691,2281,1806,2151,942,2064,2480,44798,188,17993,3943,104,46297,12197,60,571,10787,1580,123,11102,1437,2146,537,5725,2096,34028,5278,1290,1336,2124,711,2203,1572,2360,1576,53,1643,70,3125,269,36,369,895,828,1366,1238,48596,3305,15133,8609,2025,942,1665,443,65463,328,27862,3143,22283,2595,756,4991,75,62434,11128,19827,81573,2293,31509,440,821,645,1627,996,2046,1247,2516,10586,1964,79,564,1751,61,77,7353,7496,64,575,450,45186,67634,49291,12571,62491,7578,1890,114493,154125,21597,69224,113330,140407,653,353,1299,1167,373,1469,2287,492,789,1315,11719,0.0,0.0,0.0,0.0,0.0,0.0,0.0,0.0,0.0,0.0,0.0,0.0,0.0,0.0,0.0,0.0,0.0,0.0,0.0,0.0,0.0,0.0,0.0,0.0,0.0,0.0,0.0,0.0,0.0,0.0,0.0,0.0,0.0,0.0,0.0,0.0,0.0,0.0,0.0,0.0,0.0,0.0,0.0,0.0,0.0,0.0,0.0,0.0,0.0,0.0,0.0,0.0,0.0,0.0,0.0,0.0,0.0,0.0,0.0,0.0,0.0,0.0,0.0,0.0,0.0,0.0,0.0,0.0,0.0,0.0,0.0,0.0,0.0,0.0,0.0,0.0,0.0,0.0,0.0,0.0,0.0,0.0,0.0,0.0,0.0,0.0,0.0,0.0,0.0,0.0,0.0,0.0,0.0,0.0,0.0,0.0,0.0,0.0,0.0,0.0,0.0,0.0,0.0,0.0,0.0,0.0,0.0,0.0,0.0,0.0,0.0,0.0,0.0,0.0,0.0,0.0,0.0,0.0,0.0,0.0,0.0,0.0,0.0,0.0,0.0,0.0,0.0,0.0,0.0,0.0,0.0,0.0,0.0,0.0,0.0,0.0,0.0,0.0,0.0,0.0,0.0,0.0,0.0,0.0,0.0,0.0,0.0,0.0,0.0,0.0
ENCFF000BLB,0.1019379635637774,19763,97,2173,10474,224,31228,3736,121,181,179,368,1628,1343,2845,4923,7503,1550,271,2444,3276,104,432,40,21,23,541,76,1647,16191,2278,185,84,236,923,808,14,1033,28,15,4728,7199,93,461,7,32,413,3151,5770,16,342,542,627,307,238,4618,93,222,197,68,448,814,131,4541,476,220,44,44,21942,26456,5053,494,322,580,3904,206,578,231,323,411,96,471,571,2297,233,221,1775,7,376,259,10,767,75,12,704,572,6139,97735,6143,61,17101,26776,1298,22737,838,289,4069,1307,1156,7,2326,5411,5886,17,2949,20547,874,13041,161,577,778,5311,262,14392,605,3605,1745,581,1938,252,106,21103,4328,93,6650,2807,10592,18675,18,2402,815,545,2304,12226,192,105,39,67,12,14,1395,182,427,6669,2928,437,2112,10638,1275,268,518,540,618,1912,2576,2235,4227,68,94,15,448,11,854,260,805,1892,4,10,219,521,480,10209,4172,28066,1193,15146,18418,7977,15332,8701,15739,152,18393,21270,6739,6062,15438,10848,3071,467,22,379,47,242,414,84,73,8,79,2411,127,12650,5611,2811,75,115331,20092,1812,16098,8169,630,575,21412,9380,25317,1279,29085,158,28010,40,353,547,66,124,428,279,2237,1660,40,291,408,251,378,213,1203,634,367,159,2530,1786,1235,2397,562,132,281,328,163,165,112,571,440,3130,522,178,1027,1197,1165,4025,14754,84,1231,2500,598,437,304,307,430,199,249,4926,232,401,3120,173,868,209,2657,464,427,270,425,453,202,321,1166,1114,329,388,336,1546,781,361,314,407,2268,10,26,165,311,473,175,9256,53,6771,5,322,79,4245,630,4681,3964,3966,12,1652,59,139,538,2891,34587,372,1378,1460,652,5,1461,99,185,438,9223,2927,1715,883,14,115,76,2,17,291,396,1463,286,2163,244,246,462,13321,145,1160,75396,252,3589,470,2719,210,1304,146,37,1958,355,496,540,153,202,149,719,591,426,540,318,536,631,15961,39,6163,1432,13,18065,4328,18,169,4230,444,35,3829,372,1298,184,1601,480,5811,1219,302,363,545,214,573,374,1075,207,47,688,22,1086,156,64,114,229,103,219,299,10528,611,3372,2056,417,210,510,46,24759,46,9265,770,7542,782,250,1733,15,20545,3905,6084,29064,1657,7295,111,78,164,420,186,573,268,1144,2451,530,63,136,433,19,7,2487,2776,3,59,223,15237,21932,16507,3941,20307,2349,174,41224,52170,6962,21732,37790,46502,156,92,307,308,98,366,1049,201,248,439,3847,0.0,0.0,0.0,0.0,0.0,0.0,0.0,0.0,0.0,0.0,0.0,0.0,0.0,0.0,0.0,0.0,0.0,0.0,0.0,0.0,0.0,0.0,0.0,0.0,0.0,0.0,0.0,0.0,0.0,0.0,0.0,0.0,0.0,0.0,0.0,0.0,0.0,0.0,0.0,0.0,0.0,0.0,0.0,0.0,0.0,0.0,0.0,0.0,0.0,0.0,0.0,0.0,0.0,0.0,0.0,0.0,0.0,0.0,0.0,0.0,0.0,0.0,0.0,0.0,0.0,0.0,0.0,0.0,0.0,0.0,0.0,0.0,0.0,0.0,0.0,0.0,0.0,0.0,0.0,0.0,0.0,0.0,0.0,0.0,0.0,0.0,0.0,0.0,0.0,0.0,0.0,0.0,0.0,0.0,0.0,0.0,0.0,0.0,0.0,0.0,0.0,0.0,0.0,0.0,0.0,0.0,0.0,0.0,0.0,0.0,0.0,0.0,0.0,0.0,0.0,0.0,0.0,0.0,0.0,0.0,0.0,0.0,0.0,0.0,0.0,0.0,0.0,0.0,0.0,0.0,0.0,0.0,0.0,0.0,0.0,0.0,0.0,0.0,0.0,0.0,0.0,0.0,0.0,0.0,0.0,0.0,0.0,0.0,0.0,0.0
ENCFF482RON,0.2231582981971158,108825,512,4194,41305,900,243747,12707,356,734,575,945,3682,5125,9834,15479,68448,5599,1491,11246,8607,336,1743,94,296,220,1749,6251,4788,24618,8186,537,248,857,2490,2482,48,4545,78,36,13231,22900,392,1407,57,142,1953,9748,20098,968,1740,913,1483,1051,879,13115,455,871,775,396,2137,2160,422,12049,795,1812,1416,177,63821,77920,15691,1451,731,2624,11328,744,1799,653,833,1036,235,1093,1881,6701,526,634,4604,70,923,604,58,3027,574,151,2311,1226,13908,303021,19828,200,54215,72685,4035,62506,1806,678,11282,3235,3406,45,6038,14641,15494,948,6438,65693,3950,50311,420,2024,2082,14227,882,66126,1597,10774,4844,1676,5530,908,245,63132,18465,2646,21785,10705,22026,59871,412,6049,9622,1591,6825,43948,1788,1239,188,243,64,108,5345,1100,958,16267,8991,1223,6856,37943,3026,1040,1619,4986,3580,4978,7178,6910,11410,203,351,260,1182,92,1800,623,3045,557,39,3,615,1452,1513,27097,13884,80646,3324,52324,63702,22742,36774,20467,37273,760,48721,57098,20510,17774,43659,36160,10871,1166,1287,1663,63,537,1124,375,141,162,189,6629,433,41331,13796,21099,712,416391,66403,6622,51584,27807,2944,870,66030,32789,73739,6828,86773,251,89424,56,635,1337,131,354,1311,575,5168,5726,51,723,983,631,1008,473,3806,2207,287,443,9009,5615,3596,5142,1408,294,799,858,410,394,265,717,1300,8709,1208,367,2734,3762,3019,10978,33200,2663,3625,6551,1828,1166,924,637,1077,549,152,17119,632,1240,10040,413,2790,510,5992,1166,1201,578,1036,245,556,612,2869,2546,825,1063,917,4059,2278,1034,811,1077,4781,32,85,471,672,1195,109,33042,776,18599,71,940,153,13613,1801,15666,11906,12265,104,6423,272,223,6217,9029,130684,1896,4569,3377,2002,75,3614,640,1668,2480,26930,12672,5670,3355,170,391,248,55,191,674,3570,4693,1173,5388,653,591,2620,78964,780,2446,219758,729,12995,1190,9041,8208,3322,391,1699,9603,844,1521,1742,383,480,688,32288,1927,1237,1745,511,1583,1855,48704,207,18304,3575,190,51197,15818,93,690,9619,2126,137,9914,869,2593,439,5750,1388,28382,2443,1897,875,1644,607,1362,992,2811,1137,89,1479,83,2849,327,81,443,1161,1686,1050,1688,29829,2124,8498,6131,1396,1010,1710,746,76568,293,27771,1968,24220,3788,453,5700,47,55877,10131,17804,74548,3275,14883,232,1666,401,983,673,1501,784,1464,13951,1415,31,1657,1112,74,144,8733,9413,104,995,380,53328,57540,40713,11185,64638,8290,683,100732,148683,18093,58198,108850,139594,759,300,723,713,257,981,2391,639,884,1392,11018,0.0,0.0,0.0,0.0,0.0,0.0,0.0,0.0,0.0,0.0,0.0,0.0,0.0,0.0,0.0,0.0,0.0,0.0,0.0,0.0,0.0,0.0,0.0,0.0,0.0,0.0,0.0,0.0,0.0,0.0,0.0,0.0,0.0,0.0,0.0,0.0,0.0,0.0,0.0,0.0,0.0,0.0,0.0,0.0,0.0,0.0,0.0,0.0,0.0,0.0,0.0,0.0,0.0,0.0,0.0,0.0,0.0,0.0,0.0,0.0,0.0,0.0,0.0,0.0,0.0,0.0,0.0,0.0,0.0,0.0,0.0,0.0,0.0,0.0,0.0,0.0,0.0,0.0,0.0,0.0,0.0,0.0,0.0,0.0,0.0,0.0,0.0,0.0,0.0,0.0,0.0,0.0,0.0,0.0,0.0,0.0,0.0,0.0,0.0,0.0,0.0,0.0,0.0,0.0,0.0,0.0,0.0,0.0,0.0,0.0,0.0,0.0,0.0,0.0,0.0,0.0,0.0,0.0,0.0,0.0,0.0,0.0,0.0,0.0,0.0,0.0,0.0,0.0,0.0,0.0,0.0,0.0,0.0,0.0,0.0,0.0,0.0,0.0,0.0,0.0,0.0,0.0,0.0,0.0,0.0,0.0,0.0,0.0,0.0,0.0
ENCFF226OBW,0.1396539564401318,786334,7964,4717,41431,412,44968,13724,151,276,258,1228,3904,1990,3915,19944,14499,2116,357,4967,5003,232,637,70,55,81,1779,80835,2365,22634,3592,270,2350,972,2229,2191,2459,2742,46,357,11524,10346,114,577,28,1648,1547,5412,17873,8690,413,534,818,458,807,8337,166,349,421,252,951,1955,371,11358,328,495,19985,560,38775,36858,9729,1725,379,15950,8246,246,1859,297,481,582,105,507,1766,3230,288,282,2268,18,516,274,26,1290,184,42,1506,865,14366,145342,10056,62,27194,39955,2186,34439,2056,340,5992,2373,2507,28,4089,10446,10604,282,4710,33583,1994,21479,240,1233,1265,8259,500,33181,1494,6030,2812,1439,2901,363,158,34859,6182,41948,24957,4610,24547,26278,8447,4350,2317,2689,10460,24248,723,9247,137,88,69,34,1978,339,2338,8875,4307,542,4741,41046,2062,351,1808,1798,1537,2944,4927,4006,10947,119,254,62,627,26,982,290,2369,1378,930,9,4737,705,1681,16212,6501,49446,1604,20746,26714,13351,21422,12094,21739,233,25834,30318,9671,8148,29505,18126,12759,745,13841,656,108,282,509,238,60,35,142,3775,159,27221,8204,4994,300,1045894,32126,10598,21836,18861,1162,927,32025,19666,43788,2243,50644,208,46651,77,368,1477,896,135,1261,1513,3152,3050,149,326,522,335,504,212,4098,1939,1536,498,3239,3676,1674,5318,642,164,337,471,193,212,150,1103,553,4957,744,201,1325,3131,2394,9036,21539,39928,2860,5672,934,1233,1280,353,586,267,610,12232,280,501,6860,240,1433,235,3440,485,1101,274,502,841,271,1692,1426,1534,466,535,445,2320,960,442,403,513,2393,16,29,218,317,765,202,15009,125,12987,13,498,59,6007,861,9277,6936,6531,28,2467,69,244,1015,3433,44852,4580,5092,2907,872,2386,3620,192,552,798,15351,5908,5416,1257,79,638,72,29,59,339,1606,2156,1599,3471,301,283,940,50232,2492,1328,113320,1443,5117,703,5571,79931,1935,205,29192,66433,464,1829,1769,235,266,1233,337297,2293,890,2096,687,2147,1809,23548,46,8425,2326,37,32612,6441,60,315,8359,2126,108,4449,474,1988,391,4146,1626,20043,2077,15135,416,1572,217,666,503,1514,656,40,891,27,2440,211,21,232,7969,733,486,601,24224,1113,5189,3466,737,436,1936,199,39104,8208,14716,11783,10898,1368,276,2380,151,35453,6445,11067,59084,1957,12041,1088,257,211,5466,4683,2111,354,1327,4983,1916,82,9013,493,67,52,3860,3953,13,16550,237,24049,34047,25985,5845,31594,3936,325,62194,82356,10708,34688,60646,75273,296,174,407,409,135,494,1944,265,408,703,5468,0.0,0.0,0.0,0.0,0.0,0.0,0.0,0.0,0.0,0.0,0.0,0.0,0.0,0.0,0.0,0.0,0.0,0.0,0.0,0.0,0.0,0.0,0.0,0.0,0.0,0.0,0.0,0.0,0.0,0.0,0.0,0.0,0.0,0.0,0.0,0.0,0.0,0.0,0.0,0.0,0.0,0.0,0.0,0.0,0.0,0.0,0.0,0.0,0.0,0.0,0.0,0.0,0.0,0.0,0.0,0.0,0.0,0.0,0.0,0.0,0.0,0.0,0.0,0.0,0.0,0.0,0.0,0.0,0.0,0.0,0.0,0.0,0.0,0.0,0.0,0.0,0.0,0.0,0.0,0.0,0.0,0.0,0.0,0.0,0.0,0.0,0.0,0.0,0.0,0.0,0.0,0.0,0.0,0.0,0.0,0.0,0.0,0.0,0.0,0.0,0.0,0.0,0.0,0.0,0.0,0.0,0.0,0.0,0.0,0.0,0.0,0.0,0.0,0.0,0.0,0.0,0.0,0.0,0.0,0.0,0.0,0.0,0.0,0.0,0.0,0.0,0.0,0.0,0.0,0.0,0.0,0.0,0.0,0.0,0.0,0.0,0.0,0.0,0.0,0.0,0.0,0.0,0.0,0.0,0.0,0.0,0.0,0.0,0.0,0.0
ENCFF770EWM,0.15267081834094098,31472,159,3194,60337,751,130394,9173,437,283,265,589,4764,2441,12106,35105,32641,2697,870,6160,6356,121,810,84,102,94,1991,156,5205,43808,4248,183,91,677,3566,3252,52,3386,22,2,9628,12364,50,634,97,34,1014,9154,44001,35,957,2177,2574,405,263,5806,95,523,255,145,902,2135,660,22179,565,546,41,12,61803,52405,6086,2022,1319,2731,5405,275,2256,1113,1449,1553,456,2082,2048,3806,699,1373,6495,23,1504,1272,15,1087,111,40,1859,1788,23229,195878,10501,163,29008,44371,4458,37650,2131,1167,5125,1635,2187,27,3242,7272,8114,266,5996,37285,2606,55664,257,1246,1922,8455,618,88504,2329,6863,2788,450,2446,187,68,31091,11482,108,41538,11362,11777,30489,20,6387,6087,2083,4173,119970,656,175,249,86,25,47,2460,572,267,11800,4612,378,4851,62604,5081,399,2305,919,550,3380,4861,4800,5971,71,103,30,1992,32,2448,1084,1267,792,22,18,921,701,2058,14192,7315,46857,3740,32074,42657,18610,43863,19527,36820,333,30734,37368,10879,10279,29329,21268,6180,1287,21,965,102,1288,2034,144,35,40,104,4770,193,54366,16041,11258,485,212138,50468,5244,32559,37907,1300,634,47397,24308,81070,2907,41113,84,39918,15,364,829,6,584,1659,319,6595,3323,15,1433,1449,1110,1912,882,4304,2433,121,252,8080,4787,2582,2639,2847,666,1446,1522,817,574,448,284,2406,6142,1465,679,2053,3733,3337,15920,61418,119,4007,3645,2069,1476,1198,1212,1672,1067,24,8162,994,2460,6398,547,2539,970,5281,2378,1901,1411,1754,139,821,746,4394,3633,1423,1642,1515,3247,2693,1994,1233,2049,6256,34,32,801,1370,629,353,16589,168,9674,25,308,72,7833,789,8068,8100,10278,37,3480,76,61,3552,3856,112174,605,2052,3164,1395,25,3837,124,762,1677,24009,8368,4016,1712,27,90,78,21,36,1183,2107,2454,1204,4119,1201,732,3851,88975,347,2881,124023,802,7531,1728,10840,497,3616,537,44,3811,1442,1824,1871,699,605,284,971,2426,1856,1891,756,1969,2260,30453,46,18835,1856,49,29685,9781,195,489,9473,938,59,10958,1376,1387,182,5752,1863,53900,4001,399,1268,1998,1032,1468,1626,1322,1089,31,889,25,2837,187,149,85,147,603,485,1459,71805,1910,15478,7586,1462,938,998,423,37848,76,15430,2122,11543,1641,144,2992,8,36210,6623,12555,47655,3032,46872,330,258,696,1801,781,1721,1435,2008,16878,1710,27,181,2017,40,43,3782,3858,27,133,104,29912,46935,38187,9949,37457,5125,676,87038,103816,16805,47750,82222,90723,350,131,1281,1190,384,1714,738,299,228,862,8301,0.0,0.0,0.0,0.0,0.0,0.0,0.0,0.0,0.0,0.0,0.0,0.0,0.0,0.0,0.0,0.0,0.0,0.0,0.0,0.0,0.0,0.0,0.0,0.0,0.0,0.0,0.0,0.0,0.0,0.0,0.0,0.0,0.0,0.0,0.0,0.0,0.0,0.0,0.0,0.0,0.0,0.0,0.0,0.0,0.0,0.0,0.0,0.0,0.0,0.0,0.0,0.0,0.0,0.0,0.0,0.0,0.0,0.0,0.0,0.0,0.0,0.0,0.0,0.0,0.0,0.0,0.0,0.0,0.0,0.0,0.0,0.0,0.0,0.0,0.0,0.0,0.0,0.0,0.0,0.0,0.0,0.0,0.0,0.0,0.0,0.0,0.0,0.0,0.0,0.0,0.0,0.0,0.0,0.0,0.0,0.0,0.0,0.0,0.0,0.0,0.0,0.0,0.0,0.0,0.0,0.0,0.0,0.0,0.0,0.0,0.0,0.0,0.0,0.0,0.0,0.0,0.0,0.0,0.0,0.0,0.0,0.0,0.0,0.0,0.0,0.0,0.0,0.0,0.0,0.0,0.0,0.0,0.0,0.0,0.0,0.0,0.0,0.0,0.0,0.0,0.0,0.0,0.0,0.0,0.0,0.0,0.0,0.0,0.0,0.0
ENCFF000NUL,0.12638917073123596,79495,127,3175,13674,156,35094,9846,273,316,352,933,2922,1252,2995,9446,7583,2441,878,3629,6439,274,1049,76,102,82,938,4040,3161,14347,5914,361,143,557,1745,1509,51,2359,24,28,8390,16377,39,813,37,25,707,6201,10241,333,1071,931,1174,676,593,12121,188,469,406,199,1224,1629,176,4023,139,273,1149,135,32486,46822,11641,950,580,1792,12039,501,1116,495,684,801,197,922,1097,5509,411,484,3552,14,711,507,14,1645,2938,354,1625,796,5196,188022,12360,125,33990,45976,2328,40526,1050,594,7224,2106,2038,31,4082,9919,9398,141,4833,49800,964,17089,71,400,735,9070,172,16376,1019,7208,3557,792,3603,595,101,48736,4465,3172,10070,3429,24633,42336,531,4368,2297,1104,4682,16350,263,734,46,187,74,50,3435,538,790,12051,5962,749,4208,14568,1874,649,1053,1273,1069,3118,4638,4215,11092,87,127,92,930,46,1414,551,1520,1009,48,5,482,962,906,18670,9048,52791,2459,24309,33308,13686,19511,14818,27309,350,32842,38404,13519,12397,31057,22918,5341,898,691,492,103,509,851,222,44,53,64,4860,143,23346,8404,3063,405,186208,35105,4321,28604,8309,1614,730,36325,14209,36451,939,54227,99,56992,68,460,1094,181,261,830,247,4503,3785,53,582,750,565,818,373,2195,1246,1144,327,5964,3940,2234,4501,1276,257,655,625,351,331,221,976,1027,4455,858,355,1912,2364,1973,6628,12892,2781,2289,6194,1384,716,566,536,851,458,451,9565,487,976,7270,296,1808,419,4445,957,852,530,834,652,460,622,2403,1941,669,845,687,3203,1585,894,625,906,3994,30,27,372,552,808,392,22082,219,13857,48,521,513,9204,1383,10773,7432,7626,42,3677,104,193,928,6856,34002,1201,2590,2328,1465,206,2421,374,516,1476,16023,5150,4333,2166,69,296,87,19,40,530,1058,3489,539,4582,505,455,1110,18842,473,1849,154200,448,8249,835,5611,5100,2391,277,1556,6863,690,921,966,364,383,439,22039,1184,867,979,401,1050,1154,30094,90,13394,2324,23,39361,18050,13,415,6510,901,71,7609,685,2243,286,3522,977,9816,1735,983,637,1015,413,1107,786,1916,643,46,1549,53,2191,85,73,304,697,321,169,447,14277,433,5606,2439,394,616,898,243,54964,188,20140,1756,16358,2027,259,3682,46,31763,6186,10959,48618,1354,8837,175,254,302,945,449,966,642,1732,5095,902,12,565,944,47,45,5749,6046,14,642,233,32770,41106,31141,7174,41480,5256,497,61638,101404,12752,40217,76583,93197,212,166,592,618,194,745,1661,583,693,912,7570,0.0,0.0,0.0,0.0,0.0,0.0,0.0,0.0,0.0,0.0,0.0,0.0,0.0,0.0,0.0,0.0,0.0,0.0,0.0,0.0,0.0,0.0,0.0,0.0,0.0,0.0,0.0,0.0,0.0,0.0,0.0,0.0,0.0,0.0,0.0,0.0,0.0,0.0,0.0,0.0,0.0,0.0,0.0,0.0,0.0,0.0,0.0,0.0,0.0,0.0,0.0,0.0,0.0,0.0,0.0,0.0,0.0,0.0,0.0,0.0,0.0,0.0,0.0,0.0,0.0,0.0,0.0,0.0,0.0,0.0,0.0,0.0,0.0,0.0,0.0,0.0,0.0,0.0,0.0,0.0,0.0,0.0,0.0,0.0,0.0,0.0,0.0,0.0,0.0,0.0,0.0,0.0,0.0,0.0,0.0,0.0,0.0,0.0,0.0,0.0,0.0,0.0,0.0,0.0,0.0,0.0,0.0,0.0,0.0,0.0,0.0,0.0,0.0,0.0,0.0,0.0,0.0,0.0,0.0,0.0,0.0,0.0,0.0,0.0,0.0,0.0,0.0,0.0,0.0,0.0,0.0,0.0,0.0,0.0,0.0,0.0,0.0,0.0,0.0,0.0,0.0,0.0,0.0,0.0,0.0,0.0,0.0,0.0,0.0,0.0
ENCFF000WLN,0.157588736675655,30108,240,1938,14882,483,42396,2711,143,231,113,280,1642,2246,3533,6980,13290,1504,178,2540,3206,64,263,43,21,21,314,1571,1602,13349,1597,130,156,260,789,760,80,783,26,16,3428,4708,37,313,20,61,250,2533,11283,204,249,471,691,195,144,2786,69,131,187,58,339,825,199,6153,117,312,413,44,21707,22201,2831,501,348,841,2473,77,547,248,390,386,103,479,535,1714,219,231,1663,10,430,229,11,512,323,20,722,570,5571,78792,5076,60,13218,18241,1108,15645,542,315,2275,730,775,9,1264,3373,3246,49,2166,14576,1540,14851,388,1767,1430,4344,750,19980,633,2857,1457,349,1272,197,91,14516,5697,1570,11705,3502,5760,11196,369,2211,1261,541,1620,17775,221,300,37,76,33,24,918,143,277,5685,2287,344,1899,16078,1595,201,509,451,444,1272,2157,1754,2259,20,54,16,467,7,861,294,403,189,36,2,353,377,460,7112,3222,19852,1188,13443,13878,6417,15333,6110,13179,128,12720,15544,4791,4300,10576,8328,2606,457,330,318,34,224,401,76,38,11,25,1953,160,17360,5594,5829,116,97161,15963,1599,12024,10825,439,334,17629,8506,26798,2616,19135,78,19205,37,163,426,188,153,439,104,1719,896,21,298,433,276,405,191,1108,690,144,108,1994,1271,855,1121,546,159,314,361,212,190,137,243,566,2415,647,197,830,1032,1023,4904,15704,859,993,1307,668,377,260,309,449,251,77,3134,236,385,2197,191,614,190,1685,502,446,288,436,136,242,299,1083,1137,403,448,318,1092,639,289,393,425,1805,11,28,206,312,196,160,5865,32,4427,16,264,27,2656,307,2965,3143,2984,13,1106,62,118,575,1672,31031,319,938,966,483,67,1293,57,71,269,6615,2960,1803,569,16,81,53,5,24,328,521,1058,244,1895,273,236,793,20539,242,1037,60129,265,2271,466,2317,1524,1209,145,775,3200,370,474,493,185,213,118,7835,552,441,495,230,496,553,11070,42,4197,1065,10,11577,3663,4,93,2716,271,22,2862,416,517,119,1278,477,8379,1521,396,374,503,211,502,435,596,349,7,416,16,878,42,18,72,334,187,442,407,12276,1342,4588,2897,829,244,424,61,16828,205,7041,1002,5409,566,181,1258,57,14241,2777,4810,20314,1113,7022,163,90,185,508,312,479,344,708,4238,463,15,198,492,10,16,1630,1645,2,251,97,10642,21278,14870,3730,16458,1802,184,32171,43992,6426,21214,31120,37264,109,90,384,324,96,385,504,129,159,336,3251,0.0,0.0,0.0,0.0,0.0,0.0,0.0,0.0,0.0,0.0,0.0,0.0,0.0,0.0,0.0,0.0,0.0,0.0,0.0,0.0,0.0,0.0,0.0,0.0,0.0,0.0,0.0,0.0,0.0,0.0,0.0,0.0,0.0,0.0,0.0,0.0,0.0,0.0,0.0,0.0,0.0,0.0,0.0,0.0,0.0,0.0,0.0,0.0,0.0,0.0,0.0,0.0,0.0,0.0,0.0,0.0,0.0,0.0,0.0,0.0,0.0,0.0,0.0,0.0,0.0,0.0,0.0,0.0,0.0,0.0,0.0,0.0,0.0,0.0,0.0,0.0,0.0,0.0,0.0,0.0,0.0,0.0,0.0,0.0,0.0,0.0,0.0,0.0,0.0,0.0,0.0,0.0,0.0,0.0,0.0,0.0,0.0,0.0,0.0,0.0,0.0,0.0,0.0,0.0,0.0,0.0,0.0,0.0,0.0,0.0,0.0,0.0,0.0,0.0,0.0,0.0,0.0,0.0,0.0,0.0,0.0,0.0,0.0,0.0,0.0,0.0,0.0,0.0,0.0,0.0,0.0,0.0,0.0,0.0,0.0,0.0,0.0,0.0,0.0,0.0,0.0,0.0,0.0,0.0,0.0,0.0,0.0,0.0,0.0,0.0
ENCFF002EDR,0.16507398093978987,75613,319,4263,38430,1098,103009,6025,358,515,308,575,4199,4925,12102,23230,29627,4181,452,5945,6588,154,691,72,62,65,966,4106,4406,52891,3643,261,244,581,2342,2117,151,2322,30,19,9606,11069,56,687,52,71,621,7002,28785,551,615,1440,2031,417,313,6298,150,357,439,127,699,1801,461,19335,762,587,1220,58,66179,62331,7581,1408,979,1963,5186,368,1714,691,1065,1179,330,1416,1481,3847,632,720,4918,14,1181,658,28,1172,174,12,1745,1983,27259,189005,10234,141,28194,42055,3085,36304,1457,856,5058,1501,1811,31,2810,7512,7396,114,5184,39754,3622,59647,1005,3657,3490,9538,1559,84287,1968,6828,3058,767,2511,380,148,27147,15840,13274,29085,11111,12120,28627,692,5857,3470,1559,4503,64066,456,597,125,81,33,42,2286,294,508,12103,4435,703,5157,43072,4901,373,1492,1113,1011,3654,4623,4020,4899,66,166,43,1340,33,2403,863,1180,781,196,30,910,805,1364,16769,7673,49673,3163,36142,39511,19185,51483,17379,37133,276,31376,38266,12327,10044,25965,20771,6772,1202,1177,1012,88,648,1317,194,114,48,115,4956,470,76467,17966,15267,505,215713,46937,4890,32987,35206,1025,576,50782,23294,77749,6363,43834,204,42044,67,358,732,113,387,1252,296,4898,2146,30,976,1324,839,1209,611,3081,1825,261,205,5562,3265,2363,2800,1678,474,896,1031,522,461,304,497,1493,6748,1729,496,2071,3006,2846,14048,65200,3242,2925,2936,1800,1176,783,910,1356,752,145,7902,636,1129,5583,469,1954,516,5055,1520,1314,905,1266,196,681,791,3228,3219,1094,1289,993,2525,2011,1036,1127,1329,5478,26,31,477,840,443,356,14750,159,9790,24,523,85,6781,680,7129,7074,8677,32,2891,131,193,1978,3736,98436,713,2476,2673,1247,260,3690,183,173,654,18630,7588,3552,1261,34,178,124,24,37,956,1472,2530,704,4461,674,678,1589,55376,631,2914,130303,725,6098,1275,6717,5326,3090,388,1999,7589,1094,1294,1354,498,591,326,22886,1560,1269,1388,633,1489,1638,26548,68,12365,2434,24,26501,7924,282,303,7618,733,81,8265,1109,1443,267,3834,1528,29378,5473,1055,1112,1393,617,1602,1266,1431,1154,28,1356,33,2082,171,27,270,787,295,829,1094,29810,3044,13480,8204,1930,707,873,165,33127,579,14904,2789,12539,1404,323,2875,28,31380,6052,10510,47666,5715,23681,336,234,490,1342,733,1422,1038,1870,9595,1331,52,596,1458,27,39,3902,3974,19,1022,188,25803,51253,37312,9990,37505,4485,364,91249,103543,17201,51308,76472,86941,329,169,1042,989,288,1203,1095,332,459,821,7804,0.0,0.0,0.0,0.0,0.0,0.0,0.0,0.0,0.0,0.0,0.0,0.0,0.0,0.0,0.0,0.0,0.0,0.0,0.0,0.0,0.0,0.0,0.0,0.0,0.0,0.0,0.0,0.0,0.0,0.0,0.0,0.0,0.0,0.0,0.0,0.0,0.0,0.0,0.0,0.0,0.0,0.0,0.0,0.0,0.0,0.0,0.0,0.0,0.0,0.0,0.0,0.0,0.0,0.0,0.0,0.0,0.0,0.0,0.0,0.0,0.0,0.0,0.0,0.0,0.0,0.0,0.0,0.0,0.0,0.0,0.0,0.0,0.0,0.0,0.0,0.0,0.0,0.0,0.0,0.0,0.0,0.0,0.0,0.0,0.0,0.0,0.0,0.0,0.0,0.0,0.0,0.0,0.0,0.0,0.0,0.0,0.0,0.0,0.0,0.0,0.0,0.0,0.0,0.0,0.0,0.0,0.0,0.0,0.0,0.0,0.0,0.0,0.0,0.0,0.0,0.0,0.0,0.0,0.0,0.0,0.0,0.0,0.0,0.0,0.0,0.0,0.0,0.0,0.0,0.0,0.0,0.0,0.0,0.0,0.0,0.0,0.0,0.0,0.0,0.0,0.0,0.0,0.0,0.0,0.0,0.0,0.0,0.0,0.0,0.0
ENCFF167VUS,0.1290873336026713,162276,74,1249,20821,185,69276,6218,362,171,183,797,2936,767,1977,13227,7276,1391,427,2889,4460,103,372,41,53,46,1522,14122,2509,12896,2881,94,47,326,1845,1720,15,1935,22,4,6640,5727,23,161,34,16,551,4776,10709,758,828,1273,1327,117,177,3976,38,210,238,101,602,1769,109,3581,165,112,3938,142,17620,28197,3619,1082,639,1799,3707,24,1339,645,650,821,208,1089,1214,1588,382,696,3136,17,817,722,13,650,115,22,795,539,6379,99465,6114,215,17638,23361,2386,20098,1366,667,2380,921,1110,22,2213,5085,6416,80,4550,23015,627,15823,89,345,495,4137,172,23133,1016,5311,1728,163,1199,67,66,17034,1817,5634,7161,2930,8769,16738,479,3311,2448,1086,2640,18477,186,870,16,48,24,10,1081,227,474,9536,2352,191,2461,21016,1392,143,1372,414,237,1575,3500,4099,5009,21,64,36,988,25,1108,552,574,71,9,21,406,258,1239,7879,3640,27876,2102,12043,18773,8553,16885,10106,18145,65,15972,20357,7733,6294,18161,11489,2843,732,1192,420,21,655,1116,67,35,15,56,4237,77,19481,6309,2176,230,99473,27242,3375,14426,6901,542,709,18747,11573,26972,1738,29207,123,30465,46,204,873,50,289,872,371,3628,1696,36,644,617,556,936,517,2338,1179,407,128,3914,2625,1429,2503,1534,293,844,743,431,315,199,198,933,2717,766,316,981,2350,1619,4807,16025,12711,2199,2595,1033,750,637,610,849,432,58,5873,542,1554,3525,326,1368,515,2987,1492,1053,842,909,308,428,439,2222,1633,854,705,750,1844,1499,955,576,999,2517,16,24,380,830,525,340,9676,172,6820,12,131,75,3482,443,5625,5581,6556,23,1615,106,24,1070,2029,40652,1119,1654,2129,800,72,1780,43,116,1051,13702,4149,4181,901,84,178,67,2,66,564,1055,1537,729,3077,571,405,755,26830,287,1473,70017,354,3918,905,5554,14795,1801,301,956,6438,732,1067,1089,336,261,67,104812,1493,1014,947,459,1006,1127,15156,16,9799,847,19,21176,5020,30,280,4665,1077,66,5140,718,1087,119,3148,968,9476,980,1748,666,1056,618,654,824,970,572,20,596,29,2070,116,250,41,876,222,83,318,21130,573,4838,2456,369,558,680,252,18717,758,8297,1363,6888,857,42,1747,17,23693,4307,8370,29815,941,8145,87,173,381,1016,523,865,696,960,4828,902,26,105,974,22,21,1921,1812,2,686,160,17309,21678,17217,4416,19425,2911,316,35545,47270,7383,20625,40046,46010,63,54,601,557,297,775,432,237,162,548,5560,0.0,0.0,0.0,0.0,0.0,0.0,0.0,0.0,0.0,0.0,0.0,0.0,0.0,0.0,0.0,0.0,0.0,0.0,0.0,0.0,0.0,0.0,0.0,0.0,0.0,0.0,0.0,0.0,0.0,0.0,0.0,0.0,0.0,0.0,0.0,0.0,0.0,0.0,0.0,0.0,0.0,0.0,0.0,0.0,0.0,0.0,0.0,0.0,0.0,0.0,0.0,0.0,0.0,0.0,0.0,0.0,0.0,0.0,0.0,0.0,0.0,0.0,0.0,0.0,0.0,0.0,0.0,0.0,0.0,0.0,0.0,0.0,0.0,0.0,0.0,0.0,0.0,0.0,0.0,0.0,0.0,0.0,0.0,0.0,0.0,0.0,0.0,0.0,0.0,0.0,0.0,0.0,0.0,0.0,0.0,0.0,0.0,0.0,0.0,0.0,0.0,0.0,0.0,0.0,0.0,0.0,0.0,0.0,0.0,0.0,0.0,0.0,0.0,0.0,0.0,0.0,0.0,0.0,0.0,0.0,0.0,0.0,0.0,0.0,0.0,0.0,0.0,0.0,0.0,0.0,0.0,0.0,0.0,0.0,0.0,0.0,0.0,0.0,0.0,0.0,0.0,0.0,0.0,0.0,0.0,0.0,0.0,0.0,0.0,0.0
ENCFF000AZF,0.16573838770206267,73130,298,5515,53474,1067,171508,9158,410,1099,413,736,4679,10389,22699,26259,65067,7167,744,10768,7960,204,1051,138,131,154,1436,3182,4865,30575,5392,322,260,701,2875,2610,139,3139,93,35,10858,16160,84,1067,147,72,1022,8843,29981,474,731,1517,2247,689,525,8217,309,461,661,249,1273,2249,686,19500,1176,969,1035,114,72252,66661,9794,1633,1047,2180,6607,511,1910,769,1188,1422,364,1486,1779,5495,667,850,5695,30,1484,688,47,1778,349,102,1756,2065,22227,242086,14807,137,39126,57551,3873,50043,1712,1050,7657,2181,2630,49,3740,10362,10244,549,6425,45030,5089,47923,941,3335,3385,13146,1529,69020,2118,8549,4022,1127,3970,521,207,40247,30722,2003,39724,18437,13974,40050,571,6695,7180,1828,5478,67557,838,694,249,177,72,108,3624,332,827,14518,6459,1114,6394,54663,5184,687,1815,2041,1993,4530,5736,4732,6802,120,271,110,1560,63,2761,982,1260,676,85,5,847,1271,1569,20984,10354,61723,3276,49986,48842,21575,39098,19345,40539,535,38972,46639,15105,12931,32917,25987,8876,1321,648,1273,116,874,1335,252,141,31,171,5472,883,56878,16515,28968,357,303084,56961,5228,42666,41573,1776,726,61257,29989,87905,8017,61282,328,59022,65,538,997,204,487,1495,374,5611,3127,58,1000,1439,884,1309,596,3819,2297,209,371,7194,4330,3147,4036,1772,511,980,1182,523,534,385,699,1673,8709,2096,576,2633,3578,3548,16353,41057,2110,3474,4082,1950,1323,997,928,1414,788,158,10643,687,1307,7412,598,2285,607,5902,1696,1547,896,1389,156,707,940,3576,3687,1193,1486,1051,3503,2248,1285,1121,1389,6298,17,67,617,992,674,470,20506,203,13427,49,688,27,9556,1037,9974,9538,11210,75,4381,314,285,3688,5761,126834,1141,3174,3177,1567,212,4707,296,369,1019,23870,11574,4764,2045,38,260,185,16,69,1038,2010,3401,891,5393,770,688,2234,80128,730,3401,171445,840,8425,1615,8683,3274,3971,448,1438,7915,1286,1570,1606,558,629,382,16869,1857,1472,1744,760,1692,2029,37654,174,15166,3288,107,35582,9856,51,372,8831,1079,129,9493,1260,1877,444,4779,1686,32747,5367,1093,1192,1745,671,1648,1322,2055,1596,42,1382,82,2583,204,41,302,805,670,1588,1331,46616,3261,14241,8138,1961,876,1469,489,50548,366,22138,2680,17980,2041,698,4212,41,49239,8953,15103,66604,4355,31138,434,813,527,1438,754,1779,1129,2218,9414,1663,64,592,1505,57,103,5971,5920,62,599,293,34765,58284,42602,10949,49966,5923,1604,98529,129205,19105,59508,94864,112321,518,323,1139,1017,300,1280,1744,391,567,1199,9880,0.0,0.0,0.0,0.0,0.0,0.0,0.0,0.0,0.0,0.0,0.0,0.0,0.0,0.0,0.0,0.0,0.0,0.0,0.0,0.0,0.0,0.0,0.0,0.0,0.0,0.0,0.0,0.0,0.0,0.0,0.0,0.0,0.0,0.0,0.0,0.0,0.0,0.0,0.0,0.0,0.0,0.0,0.0,0.0,0.0,0.0,0.0,0.0,0.0,0.0,0.0,0.0,0.0,0.0,0.0,0.0,0.0,0.0,0.0,0.0,0.0,0.0,0.0,0.0,0.0,0.0,0.0,0.0,0.0,0.0,0.0,0.0,0.0,0.0,0.0,0.0,0.0,0.0,0.0,0.0,0.0,0.0,0.0,0.0,0.0,0.0,0.0,0.0,0.0,0.0,0.0,0.0,0.0,0.0,0.0,0.0,0.0,0.0,0.0,0.0,0.0,0.0,0.0,0.0,0.0,0.0,0.0,0.0,0.0,0.0,0.0,0.0,0.0,0.0,0.0,0.0,0.0,0.0,0.0,0.0,0.0,0.0,0.0,0.0,0.0,0.0,0.0,0.0,0.0,0.0,0.0,0.0,0.0,0.0,0.0,0.0,0.0,0.0,0.0,0.0,0.0,0.0,0.0,0.0,0.0,0.0,0.0,0.0,0.0,0.0
ENCFF962CXQ,0.15484211097688155,27709,1111,1808,6436,104,16426,4298,44,139,156,449,955,479,1647,3000,2408,1093,299,4646,3124,180,569,58,109,60,453,1133,988,4207,2335,167,106,317,487,421,16,947,19,31,3934,6722,70,459,9,424,446,2277,3435,98,156,153,263,298,237,4862,115,239,282,177,444,589,99,2654,337,796,276,71,19249,24394,5087,250,122,509,4330,255,317,109,144,214,34,176,347,2189,75,71,905,23,168,80,24,958,214,47,934,275,3387,92941,6733,37,17543,24477,1024,21269,391,89,3875,1266,1448,18,2245,5330,5397,260,1917,20133,661,8781,68,245,443,4855,105,8163,308,3968,1869,696,1932,247,78,21002,2450,563,6824,1860,9073,18481,161,1757,2893,316,1928,7506,356,256,25,67,28,27,1612,283,492,5175,3193,444,2659,6123,625,315,361,1236,1447,1427,2804,2474,4382,50,85,38,204,21,402,96,985,187353,17,6,202,643,305,9991,4234,25691,766,11737,16764,6608,7975,6042,10059,138,16144,18427,6582,5646,13530,11647,3783,341,181,513,35,86,166,150,54,32,37,2147,112,8209,3638,1013,239,304816,19629,1820,16413,4538,788,381,20516,10880,20146,518,31242,119,30748,38,193,588,148,35,288,176,1360,1489,40,83,149,99,183,78,818,488,333,122,1969,1559,979,2658,227,52,92,133,63,50,52,449,181,2727,407,64,774,798,717,2341,9538,557,814,2351,363,218,208,101,185,62,254,4975,120,154,3036,51,603,87,1937,172,239,77,167,405,77,238,520,555,162,159,132,1427,546,133,145,167,1055,26,26,75,117,411,54,9804,146,6720,19,279,61,3606,506,5045,4071,3435,30,1687,68,124,1600,2556,21652,477,1263,1022,580,20,992,234,584,654,7539,4821,1107,969,28,142,79,7,22,101,1007,1718,270,1793,80,93,365,7314,137,512,72859,669,3517,222,2036,1298,952,72,376,2700,128,318,322,64,94,127,5231,392,259,358,192,305,418,15180,43,4797,1200,36,18039,4590,39,193,3270,592,27,2452,155,1063,224,1239,266,4378,474,444,132,326,74,325,161,1009,445,33,580,23,1002,170,13,148,339,1085,209,590,8330,238,1511,1405,193,254,747,262,25222,101,9471,622,8096,1001,189,1655,35,20723,3933,6318,28867,1178,3524,69,388,61,177,687,362,137,417,3861,356,8,351,180,62,50,2647,2712,26,301,104,15418,20852,12749,3607,21143,2302,387,29523,49527,5649,20037,35922,46371,98,92,121,123,59,170,1048,165,300,398,3437,0.0,0.0,0.0,0.0,0.0,0.0,0.0,0.0,0.0,0.0,0.0,0.0,0.0,0.0,0.0,0.0,0.0,0.0,0.0,0.0,0.0,0.0,0.0,0.0,0.0,0.0,0.0,0.0,0.0,0.0,0.0,0.0,0.0,0.0,0.0,0.0,0.0,0.0,0.0,0.0,0.0,0.0,0.0,0.0,0.0,0.0,0.0,0.0,0.0,0.0,0.0,0.0,0.0,0.0,0.0,0.0,0.0,0.0,0.0,0.0,0.0,0.0,0.0,0.0,0.0,0.0,0.0,0.0,0.0,0.0,0.0,0.0,0.0,0.0,0.0,0.0,0.0,0.0,0.0,0.0,0.0,0.0,0.0,0.0,0.0,0.0,0.0,0.0,0.0,0.0,0.0,0.0,0.0,0.0,0.0,0.0,0.0,0.0,0.0,0.0,0.0,0.0,0.0,0.0,0.0,0.0,0.0,0.0,0.0,0.0,0.0,0.0,0.0,0.0,0.0,0.0,0.0,0.0,0.0,0.0,0.0,0.0,0.0,0.0,0.0,0.0,0.0,0.0,0.0,0.0,0.0,0.0,0.0,0.0,0.0,0.0,0.0,0.0,0.0,0.0,0.0,0.0,0.0,0.0,0.0,0.0,0.0,0.0,0.0,0.0
ENCFF879CBP,0.16335253275203732,1021049,5887,16935,120682,1482,209980,28871,1283,1431,1424,4807,15505,10111,24950,62020,62436,11797,2466,29395,24632,1105,3480,505,459,714,3732,81575,11827,84960,18811,1309,2803,2708,7158,6677,1985,8880,160,441,38375,52315,340,3127,150,2484,3666,23728,75037,11703,1972,3244,4695,2442,2488,38917,823,1805,1803,1242,3708,8069,2451,36842,2504,3642,23377,1412,182909,209059,40762,4217,2346,20258,35545,1493,4899,1767,2696,3135,697,3300,4708,16961,1578,1644,12762,92,2957,1643,102,6624,1400,311,6616,4484,69822,738636,49559,1886,131003,181747,10283,156678,5197,2105,26065,8275,9239,88,15376,37251,37169,834,19268,170339,8395,91684,985,4285,5620,37705,1923,121136,5236,26472,13328,5471,14003,1642,679,169494,35374,46372,83502,24786,88698,130276,13019,19000,15636,4942,24783,160003,3234,12557,313,523,170,265,11090,1662,5778,44248,23199,3025,18469,124747,10753,2017,4518,8779,6777,13493,19317,16185,36587,371,920,337,3280,124,5930,1952,7970,18987,1131,17,6025,4013,4290,72906,33149,218102,8892,112742,139928,60924,105624,56245,104433,1141,125345,145894,54607,42671,115336,85964,32312,3646,17367,4224,270,1582,3032,895,273,90,382,18048,1016,135403,44571,25422,2242,1649178,162978,23996,125531,72594,6039,3224,170435,84139,212345,9610,215376,858,213791,281,1602,5621,2591,912,3937,1492,14844,11403,239,2044,3145,1811,2963,1413,10939,5785,4086,1444,18541,13989,8647,16751,3969,968,1973,2439,1052,1135,851,3850,3528,23065,3971,1130,6793,9369,8722,41862,80176,44230,9526,18108,4997,3168,2889,2055,3166,1656,1952,41266,1663,2857,27084,1191,6972,1335,17143,3324,3798,1780,3051,3456,1444,4155,8273,8261,2717,2976,2480,11173,5751,2804,2481,2971,13844,88,403,1391,1968,2516,1116,79182,1170,51611,93,2387,685,29161,4357,38478,29493,34699,135,12644,415,906,10897,18505,242927,7964,14176,11006,4873,4014,11379,1066,1430,3874,64198,33803,19954,7560,295,1153,453,70,132,2146,7555,10770,2592,14493,1673,1546,8698,160237,4953,7482,547574,3062,26183,3348,21974,89099,9959,1047,38515,91472,2674,4553,4790,1188,1412,1983,436858,5345,3401,4983,3244,4660,5269,113502,401,43977,10804,268,130495,34477,265,1640,25905,5004,186,26043,2742,8115,1454,13508,4271,69204,10256,17416,2562,4511,1507,4113,2964,7039,4007,211,4723,146,8563,1612,225,966,10727,3915,1989,3970,93636,3759,30177,16696,2893,2175,6274,1330,187738,6874,74520,19593,58475,6887,1381,12882,436,137351,25764,46269,221228,6921,64155,2033,1743,1240,7504,5333,4705,2271,6345,35244,4421,195,9437,3371,181,221,19978,19487,99,16703,1312,122024,174638,125843,33311,164810,18975,1477,284208,406169,53521,180604,297227,368318,1051,750,2548,2161,757,2751,8238,1407,2214,3307,27643,0.0,0.0,0.0,0.0,0.0,0.0,0.0,0.0,0.0,0.0,0.0,0.0,0.0,0.0,0.0,0.0,0.0,0.0,0.0,0.0,0.0,0.0,0.0,0.0,0.0,0.0,0.0,0.0,0.0,0.0,0.0,0.0,0.0,0.0,0.0,0.0,0.0,0.0,0.0,0.0,0.0,0.0,0.0,0.0,0.0,0.0,0.0,0.0,0.0,0.0,0.0,0.0,0.0,0.0,0.0,0.0,0.0,0.0,0.0,0.0,0.0,0.0,0.0,0.0,0.0,0.0,0.0,0.0,0.0,0.0,0.0,0.0,0.0,0.0,0.0,0.0,0.0,0.0,0.0,0.0,0.0,0.0,0.0,0.0,0.0,0.0,0.0,0.0,0.0,0.0,0.0,0.0,0.0,0.0,0.0,0.0,0.0,0.0,0.0,0.0,0.0,0.0,0.0,0.0,0.0,0.0,0.0,0.0,0.0,0.0,0.0,0.0,0.0,0.0,0.0,0.0,0.0,0.0,0.0,0.0,0.0,0.0,0.0,0.0,0.0,0.0,0.0,0.0,0.0,0.0,0.0,0.0,0.0,0.0,0.0,0.0,0.0,0.0,0.0,0.0,0.0,0.0,0.0,0.0,0.0,0.0,0.0,0.0,0.0,0.0
ENCFF766EXC,0.11560763403057885,35595,109,4694,32286,645,66180,5147,237,502,343,565,3104,4355,9096,14118,25455,3714,440,3875,5465,173,832,110,22,26,869,666,3327,22129,4026,319,159,506,1622,1605,51,1803,10,31,7461,12686,39,806,19,21,449,5686,20411,105,471,949,1200,1190,394,17715,238,408,445,112,766,1502,715,14543,383,267,180,83,57812,57057,9231,957,593,1503,6433,366,1010,468,688,785,211,961,934,4668,443,518,3891,12,772,501,13,1391,34064,62,1017,1561,19519,191262,11070,70,31618,44875,2370,39249,1080,569,6038,1561,1539,6,5419,7841,7067,41,4861,58643,2633,37895,555,2085,2224,9885,869,46158,1292,6448,2883,784,3024,363,132,38104,12908,410,17748,8771,13233,39473,103,4476,1927,1037,4236,35197,215,290,159,117,464,38,2726,343,735,10960,5393,870,3844,32837,4009,487,959,758,749,3223,4199,3748,6460,80,82,18,903,26,1851,611,1123,121,24,23,553,815,860,20198,8752,85451,2467,48118,35984,15635,29991,14106,34145,397,30496,35669,25362,9962,27869,26835,7291,1002,133,741,197,487,783,177,195,15,30,4355,294,33798,13389,11754,85,190037,38113,4376,32900,27123,1324,517,46812,18205,63745,4285,47094,165,46316,50,352,780,235,235,773,265,3881,2514,17,663,908,565,816,416,2069,1235,627,224,4826,3071,2397,3310,1130,316,581,648,300,290,249,797,1078,5840,1205,339,1896,2238,2039,11804,44810,532,2240,4326,1234,708,525,512,875,514,536,7961,467,798,14326,343,1619,399,5270,1025,935,597,824,535,424,682,2352,2206,744,832,737,2865,1494,669,741,962,4243,27,20,360,500,476,263,16799,66,11567,27,502,41,7066,894,8516,6925,14742,17,2888,90,179,605,23733,78532,722,1865,2298,1301,39,2875,217,89,784,13579,5346,3427,1521,93,189,94,6,14,611,847,3020,499,4398,492,433,1415,48200,376,2211,148666,487,6396,889,4820,839,2558,306,288,4434,756,761,806,359,404,266,3754,942,698,842,390,949,1100,27580,85,11401,2499,21,31889,7278,10,294,6252,435,26,7329,744,1371,335,2773,954,22150,3666,659,813,938,449,1082,730,1513,488,7,1221,21,1722,42,13,186,491,65,660,707,24721,1852,9834,5701,1217,546,843,61,44474,136,16729,1713,16350,1386,377,3837,30,28215,5796,11363,54419,5142,13318,229,103,340,767,333,852,611,1522,4997,780,31,234,1006,7,15,4656,4600,16,205,213,25630,48254,31671,8143,37913,4603,516,73157,95590,14415,42808,77489,84635,287,232,639,598,192,757,1605,416,742,582,6987,0.0,0.0,0.0,0.0,0.0,0.0,0.0,0.0,0.0,0.0,0.0,0.0,0.0,0.0,0.0,0.0,0.0,0.0,0.0,0.0,0.0,0.0,0.0,0.0,0.0,0.0,0.0,0.0,0.0,0.0,0.0,0.0,0.0,0.0,0.0,0.0,0.0,0.0,0.0,0.0,0.0,0.0,0.0,0.0,0.0,0.0,0.0,0.0,0.0,0.0,0.0,0.0,0.0,0.0,0.0,0.0,0.0,0.0,0.0,0.0,0.0,0.0,0.0,0.0,0.0,0.0,0.0,0.0,0.0,0.0,0.0,0.0,0.0,0.0,0.0,0.0,0.0,0.0,0.0,0.0,0.0,0.0,0.0,0.0,0.0,0.0,0.0,0.0,0.0,0.0,0.0,0.0,0.0,0.0,0.0,0.0,0.0,0.0,0.0,0.0,0.0,0.0,0.0,0.0,0.0,0.0,0.0,0.0,0.0,0.0,0.0,0.0,0.0,0.0,0.0,0.0,0.0,0.0,0.0,0.0,0.0,0.0,0.0,0.0,0.0,0.0,0.0,0.0,0.0,0.0,0.0,0.0,0.0,0.0,0.0,0.0,0.0,0.0,0.0,0.0,0.0,0.0,0.0,0.0,0.0,0.0,0.0,0.0,0.0,0.0
ENCFF002ATN,0.1066442994971353,34258,60,3710,15853,286,42730,8080,177,315,281,501,1942,1869,4865,8699,10926,2622,524,3334,5249,247,947,87,22,16,670,74,2010,12049,4649,319,185,383,973,831,12,1557,15,3,6284,15253,35,909,18,15,458,4273,8255,22,478,478,671,779,415,15350,151,408,327,109,772,1030,218,4123,359,226,32,34,34460,51605,12228,524,317,824,9920,361,664,236,378,472,100,501,643,5354,263,278,2464,11,389,277,9,1556,5181,23,6496,686,7888,173412,12288,93,34354,48129,1717,44550,639,342,7748,2069,1985,13,5387,10784,9348,41,4514,52256,1184,17143,191,780,1036,9135,347,16837,725,6482,3049,936,4771,495,117,60384,6747,62,7638,4877,43433,39528,14,3128,1575,671,3657,17469,175,212,82,166,123,34,2611,398,678,11199,5868,850,3721,16416,1787,491,682,785,831,2626,5520,4612,12317,37,70,14,547,12,1023,305,856,254,9,4,278,1092,590,21396,8168,58719,2229,32633,34081,12089,17195,13616,32393,230,27856,32095,20642,11263,27218,21469,5040,858,22,512,46,275,432,214,82,13,64,3813,150,17979,8273,4750,194,197757,31092,3299,28769,9470,1374,476,36886,14464,35817,1697,54194,195,55796,46,438,660,69,149,452,258,3570,3110,26,321,437,300,444,230,1467,769,2694,216,3737,3700,1832,7438,641,146,372,369,169,202,183,1568,588,4569,726,208,1606,1746,1283,5627,11696,160,1710,6853,936,492,327,303,398,253,1232,8371,268,428,8624,192,1196,212,4829,535,501,283,466,1007,278,329,1526,1339,374,482,375,4189,1078,436,385,416,2550,14,26,217,312,577,167,21611,175,14669,13,634,48,6921,1198,12578,6300,14690,3,2377,47,243,585,8554,34932,748,1830,3092,1211,14,1645,205,154,892,11332,4266,2677,1632,29,188,148,9,16,341,673,2393,300,4059,276,249,908,21459,224,1333,143775,252,6678,484,2847,540,1612,164,34,3733,433,528,525,236,220,249,1120,700,469,554,338,610,647,29766,40,12137,2468,4,43704,19980,16,339,5745,377,24,5682,378,2396,330,2136,571,8775,1748,548,444,601,265,636,423,2167,256,7,1240,6,1903,55,17,239,438,99,311,455,14821,751,4710,3159,535,373,1063,68,54645,81,14740,1793,17833,1495,311,3160,16,26765,5448,8925,46807,1686,7664,127,73,191,469,229,668,345,1492,3706,510,35,206,532,7,7,5379,5896,5,97,186,26485,43959,28825,6091,36910,4241,520,57778,96285,13674,42684,69657,83241,300,228,357,362,138,407,2232,382,542,602,5857,0.0,0.0,0.0,0.0,0.0,0.0,0.0,0.0,0.0,0.0,0.0,0.0,0.0,0.0,0.0,0.0,0.0,0.0,0.0,0.0,0.0,0.0,0.0,0.0,0.0,0.0,0.0,0.0,0.0,0.0,0.0,0.0,0.0,0.0,0.0,0.0,0.0,0.0,0.0,0.0,0.0,0.0,0.0,0.0,0.0,0.0,0.0,0.0,0.0,0.0,0.0,0.0,0.0,0.0,0.0,0.0,0.0,0.0,0.0,0.0,0.0,0.0,0.0,0.0,0.0,0.0,0.0,0.0,0.0,0.0,0.0,0.0,0.0,0.0,0.0,0.0,0.0,0.0,0.0,0.0,0.0,0.0,0.0,0.0,0.0,0.0,0.0,0.0,0.0,0.0,0.0,0.0,0.0,0.0,0.0,0.0,0.0,0.0,0.0,0.0,0.0,0.0,0.0,0.0,0.0,0.0,0.0,0.0,0.0,0.0,0.0,0.0,0.0,0.0,0.0,0.0,0.0,0.0,0.0,0.0,0.0,0.0,0.0,0.0,0.0,0.0,0.0,0.0,0.0,0.0,0.0,0.0,0.0,0.0,0.0,0.0,0.0,0.0,0.0,0.0,0.0,0.0,0.0,0.0,0.0,0.0,0.0,0.0,0.0,0.0
ENCFF426IQZ,0.08222064112218956,377183,2903,16838,107577,1707,211249,21509,968,1357,929,2072,10964,10945,24192,61645,77832,10323,1469,18758,17824,555,2350,288,304,285,3459,26446,11084,102950,11528,842,1807,1692,5951,5277,929,6286,98,240,27425,34898,269,2718,333,920,2053,18913,77493,4055,1511,3448,4541,1373,1317,20716,585,1094,1489,663,2107,5457,1604,46029,1222,2829,6910,439,173369,216787,22383,3702,2296,8819,16402,977,4167,1660,2474,3002,802,3161,3690,11827,1375,1693,12120,98,2775,1629,68,4080,881,155,5929,4641,50324,578953,33851,440,91523,129541,8492,112550,5574,1928,16297,5293,5233,72,9328,23884,23776,837,15445,99948,7661,75344,1183,5163,6340,28096,2266,96717,4828,19027,9261,2794,8606,998,417,92030,33241,17240,77833,24084,42987,83627,4813,15585,11127,3994,14548,140623,1503,4130,297,369,114,134,6609,784,2322,32285,15105,2020,14038,114098,12045,1499,3760,5121,6115,9611,12853,11353,17971,251,479,184,3285,76,6004,1854,7236,5303,647,98,3068,2419,3236,49672,22237,148252,7589,93804,106198,50980,99858,45610,91997,781,93831,109766,46073,28633,79895,60906,23870,3220,5520,2817,801,1777,2899,456,202,91,257,13612,1100,135547,40937,30079,1222,865018,132607,15347,92716,82909,3608,2847,140653,68343,202127,10289,136742,595,129985,132,1244,2805,719,891,3175,754,12335,7202,124,2084,3175,1844,2927,1347,7866,4699,1176,777,14701,9522,6563,9514,3654,1042,2093,2450,1031,1049,915,1786,3727,18445,4172,1247,6304,8300,7184,49972,176854,16059,7573,10960,4298,2761,2138,1971,2953,1638,582,26942,1572,2698,15988,1132,4901,1198,13367,3461,3403,1843,3136,1143,1387,2643,7912,8178,2512,3068,2210,7682,4753,2451,2451,3129,13704,75,92,1268,1855,1541,1117,46781,736,30721,59,1735,286,19974,2364,24017,21484,24698,90,9299,318,614,7010,12596,229657,3173,8228,7418,3680,1406,9887,533,841,2285,55318,22744,10962,4049,99,641,429,37,108,2116,3712,8579,1937,12230,1485,1503,10160,161592,2151,6924,396292,2095,19094,3237,18653,28099,8768,958,10942,38105,2655,3231,3382,1184,1362,1018,131057,3813,3030,3495,1662,3952,4353,80772,231,34179,7180,123,82782,23616,114,842,20321,2855,120,21380,2527,5164,811,9953,3572,47980,11312,4513,2865,3574,1437,3723,2712,4347,4031,128,3176,87,5846,598,92,494,3724,2969,2200,3266,104515,4578,32760,17568,3332,1790,3124,638,115341,2561,52970,9513,38924,4454,1246,9107,137,107066,21267,34781,150569,13747,58560,1234,1532,1171,4283,2711,3629,2277,5184,35315,3275,128,3152,3273,114,102,12819,11982,115,5575,593,78160,143666,103641,28326,117888,14434,2296,217431,310597,46491,138511,231981,270369,849,599,2407,2104,656,2727,4432,996,1474,2476,21559,0.0,0.0,0.0,0.0,0.0,0.0,0.0,0.0,0.0,0.0,0.0,0.0,0.0,0.0,0.0,0.0,0.0,0.0,0.0,0.0,0.0,0.0,0.0,0.0,0.0,0.0,0.0,0.0,0.0,0.0,0.0,0.0,0.0,0.0,0.0,0.0,0.0,0.0,0.0,0.0,0.0,0.0,0.0,0.0,0.0,0.0,0.0,0.0,0.0,0.0,0.0,0.0,0.0,0.0,0.0,0.0,0.0,0.0,0.0,0.0,0.0,0.0,0.0,0.0,0.0,0.0,0.0,0.0,0.0,0.0,0.0,0.0,0.0,0.0,0.0,0.0,0.0,0.0,0.0,0.0,0.0,0.0,0.0,0.0,0.0,0.0,0.0,0.0,0.0,0.0,0.0,0.0,0.0,0.0,0.0,0.0,0.0,0.0,0.0,0.0,0.0,0.0,0.0,0.0,0.0,0.0,0.0,0.0,0.0,0.0,0.0,0.0,0.0,0.0,0.0,0.0,0.0,0.0,0.0,0.0,0.0,0.0,0.0,0.0,0.0,0.0,0.0,0.0,0.0,0.0,0.0,0.0,0.0,0.0,0.0,0.0,0.0,0.0,0.0,0.0,0.0,0.0,0.0,0.0,0.0,0.0,0.0,0.0,0.0,0.0
ENCFF000YDQ,0.04307604457902189,1412,9,165,1886,39,3087,245,23,13,10,21,97,156,352,1001,1088,165,12,192,218,5,27,2,2,1,30,26,144,1388,145,7,10,20,76,62,0,70,0,1,340,472,4,31,2,0,27,230,1264,7,30,43,61,20,21,283,9,3,5,4,34,54,17,699,13,23,17,4,2165,2091,297,38,22,58,231,21,54,33,36,43,10,38,47,159,23,22,127,2,36,20,1,64,7,0,58,48,862,7042,437,4,1162,1638,115,1423,59,26,203,60,59,0,115,327,317,4,219,1346,144,1213,31,104,101,327,44,1810,67,255,113,27,126,20,4,1191,522,21,1304,367,490,1088,9,180,124,47,146,2276,24,12,4,7,0,1,78,16,15,418,208,18,164,1865,131,25,42,34,27,118,192,152,268,1,12,0,37,2,84,30,150,227,2,0,25,44,29,656,264,1754,101,1198,1389,610,1584,508,1134,11,1105,1318,479,374,988,749,278,38,5,40,2,14,27,13,1,0,2,174,11,1681,542,482,9,8469,1449,159,1112,1098,46,21,1632,736,2506,185,1603,8,1779,1,12,32,15,11,36,6,144,90,3,32,44,13,30,18,73,54,12,9,180,126,70,127,46,11,25,29,17,19,11,26,47,196,54,17,85,105,94,653,1450,23,80,144,50,35,21,26,39,20,5,311,17,32,211,14,56,20,160,38,35,31,33,17,14,16,106,106,31,42,24,110,56,29,36,30,151,1,1,16,20,35,4,588,4,380,1,23,6,254,41,252,263,275,0,93,8,11,37,155,3331,28,65,89,46,3,100,8,6,16,560,269,118,68,4,19,2,0,2,37,35,97,27,156,21,23,81,2535,15,76,4880,19,243,31,180,44,91,10,13,158,44,40,40,24,16,6,163,46,44,42,10,54,49,1042,3,434,93,0,1140,336,0,15,228,18,2,261,26,69,11,127,45,1012,162,27,34,38,13,30,30,68,10,1,42,3,84,27,2,9,16,10,24,30,1490,116,458,259,66,25,32,10,1507,1,578,55,470,32,7,128,5,1008,207,360,1605,166,847,6,6,12,31,24,38,29,42,263,35,6,3,66,1,3,173,171,2,9,8,930,1694,1291,267,1366,191,15,2892,3679,515,1660,2739,3190,9,6,45,36,14,27,70,14,9,25,280,0.0,0.0,0.0,0.0,0.0,0.0,0.0,0.0,0.0,0.0,0.0,0.0,0.0,0.0,0.0,0.0,0.0,0.0,0.0,0.0,0.0,0.0,0.0,0.0,0.0,0.0,0.0,0.0,0.0,0.0,0.0,0.0,0.0,0.0,0.0,0.0,0.0,0.0,0.0,0.0,0.0,0.0,0.0,0.0,0.0,0.0,0.0,0.0,0.0,0.0,0.0,0.0,0.0,0.0,0.0,0.0,0.0,0.0,0.0,0.0,0.0,0.0,0.0,0.0,0.0,0.0,0.0,0.0,0.0,0.0,0.0,0.0,0.0,0.0,0.0,0.0,0.0,0.0,0.0,0.0,0.0,0.0,0.0,0.0,0.0,0.0,0.0,0.0,0.0,0.0,0.0,0.0,0.0,0.0,0.0,0.0,0.0,0.0,0.0,0.0,0.0,0.0,0.0,0.0,0.0,0.0,0.0,0.0,0.0,0.0,0.0,0.0,0.0,0.0,0.0,0.0,0.0,0.0,0.0,0.0,0.0,0.0,0.0,0.0,0.0,0.0,0.0,0.0,0.0,0.0,0.0,0.0,0.0,0.0,0.0,0.0,0.0,0.0,0.0,0.0,0.0,0.0,0.0,0.0,0.0,0.0,0.0,0.0,0.0,0.0
ENCFF021CAX,0.2060542124714775,35711,253,4542,64324,976,107878,6994,366,845,340,673,4177,8135,14390,23674,51670,5643,782,7118,7225,190,942,146,106,110,1009,130,4837,35744,4648,341,196,628,2866,2432,29,2954,31,18,10206,14079,239,918,43,86,910,8059,26340,16,864,1401,2306,631,449,7705,210,458,468,172,1099,1820,885,17388,402,406,44,77,67836,65020,9138,1622,1137,1468,6106,322,1899,734,1182,1426,301,1390,1866,4895,680,797,5270,40,1342,715,16,1775,401,59,2706,1926,23791,233785,13621,165,37072,50209,3861,43423,1937,978,6273,1720,1745,20,3161,8616,8457,270,5219,41558,4459,48504,860,2970,2950,10883,1374,69144,2068,7287,3616,996,3402,662,159,35888,21310,134,39595,12861,14642,35189,31,5876,4464,1819,4480,43156,811,253,200,128,84,49,2848,391,650,12645,5858,1032,5351,67574,4747,563,1805,2396,1838,3909,4870,4476,6612,120,134,93,1547,51,2521,915,2791,252,14,1,722,959,1567,18430,9059,53366,2997,41478,44104,19195,34331,17579,36260,465,34387,41087,12325,11810,30381,23047,9585,1205,20,923,58,684,1431,247,90,49,66,4191,780,48358,16037,22544,439,288680,52229,4308,37218,37802,1524,657,55706,26564,79806,6915,51181,213,52296,33,390,907,201,432,1525,285,4951,2772,14,946,1301,960,1325,645,3864,2197,271,399,6389,4094,2545,3344,1754,455,925,1186,547,534,424,585,1668,6904,1714,551,2395,3492,3124,15529,51162,178,3391,3754,1925,1345,1039,966,1474,755,159,12339,707,1144,6957,582,2256,633,5104,1601,1603,950,1368,140,665,669,3371,3646,1240,1402,1065,3100,2097,1089,1178,1326,5257,34,41,587,924,529,244,18481,168,12240,29,726,56,8465,925,9679,7919,10218,23,3617,227,326,1543,4923,124208,716,2905,3110,1403,23,4031,221,712,867,20113,8472,3815,1755,267,281,119,24,69,1056,2096,3231,954,5034,721,693,2123,89504,482,2813,154668,795,7831,1488,7911,450,3672,432,56,4530,1156,1675,1724,539,632,326,1292,1847,1585,1781,470,1805,2117,32221,165,13738,2852,36,32389,8578,31,440,6863,1604,38,8443,1276,1363,353,4736,1721,31872,4889,696,1141,1842,631,1606,1476,1549,769,33,1371,101,2230,139,69,239,410,1529,1342,1195,42926,2805,13439,7869,1961,772,1177,254,42347,48,18145,2227,15680,1817,594,3839,26,37415,6767,12828,53919,6001,17712,356,441,565,1156,568,1827,1086,1790,9837,1644,40,253,1554,32,28,5468,5156,9,54,230,32372,50111,38116,9475,45317,5504,730,91092,111893,17448,52596,81161,101108,569,256,1089,1091,392,1390,1455,408,747,946,8347,0.0,0.0,0.0,0.0,0.0,0.0,0.0,0.0,0.0,0.0,0.0,0.0,0.0,0.0,0.0,0.0,0.0,0.0,0.0,0.0,0.0,0.0,0.0,0.0,0.0,0.0,0.0,0.0,0.0,0.0,0.0,0.0,0.0,0.0,0.0,0.0,0.0,0.0,0.0,0.0,0.0,0.0,0.0,0.0,0.0,0.0,0.0,0.0,0.0,0.0,0.0,0.0,0.0,0.0,0.0,0.0,0.0,0.0,0.0,0.0,0.0,0.0,0.0,0.0,0.0,0.0,0.0,0.0,0.0,0.0,0.0,0.0,0.0,0.0,0.0,0.0,0.0,0.0,0.0,0.0,0.0,0.0,0.0,0.0,0.0,0.0,0.0,0.0,0.0,0.0,0.0,0.0,0.0,0.0,0.0,0.0,0.0,0.0,0.0,0.0,0.0,0.0,0.0,0.0,0.0,0.0,0.0,0.0,0.0,0.0,0.0,0.0,0.0,0.0,0.0,0.0,0.0,0.0,0.0,0.0,0.0,0.0,0.0,0.0,0.0,0.0,0.0,0.0,0.0,0.0,0.0,0.0,0.0,0.0,0.0,0.0,0.0,0.0,0.0,0.0,0.0,0.0,0.0,0.0,0.0,0.0,0.0,0.0,0.0,0.0
ENCFF000MOR,0.10134557244148215,1053702,72981,31568,360,2,5211,1280,30,80,67,761,414,95,282,52,569,760,421,1416,1264,90,241,76,346,23,140,155041,461,213,901,183,1700,11548,257,202,8475,334,3,0,2912,3448,0,173,0,11525,58,952,150,5794,105,74,178,173,330,77063,31,103,46,42,260,188,0,89,66,180,25753,0,10902,55559,14207,123,101,35099,4548,129,161,44,100,127,30,110,129,1882,73,63,418,59,133,53,0,762,7,2,302,114,100,69469,3056,19,99193,14255,348,13651,297,80,1779,559,459,0,40692,42663,4166,61,1559,35636,87,3014,0,6,120,2894,0,107,158,2572,791,846,1093,155,16,12636,743,91939,289,395,6199,25605,22590,2544,139,154,4517,647,55,15141,6,41,25,5,494,55,108,2784,1478,216,899,478,244,1955,132,185,216,1810,2071,2330,31669,23,30,17,130,2,225,82,528,7303,7394,0,4293,119,135,8127,2992,42138,540,6017,7993,5057,3211,3789,7945,45,15373,15008,10234,3349,16890,32594,28442,155,10745,2232,5,66,117,78,24,10,0,1674,8,4005,1941,85,3,2200318,9682,4572,11133,480,278,449,18179,12532,8478,45,15551,39,15119,69,36,864,0,35,114,90,650,768,2,97,138,102,137,60,315,154,1525,63,1256,745,380,2554,127,29,80,69,43,51,41,474,176,1016,293,48,502,387,305,537,265,189860,388,17803,213,72,75,104,143,51,329,3038,74,93,1531,39,302,55,935,142,150,56,129,16,94,3623,430,288,131,150,89,2655,225,90,100,112,461,23,6,74,87,148,6,7562,1,5312,13,193,26,1431,209,3855,3638,2089,0,555,82,143,6,967,19520,4249,21612,2391,226,891,357,14,11,186,5716,1441,350,382,125,1290,28,0,4,96,45,795,79,743,81,70,58,409,1712,288,46078,3358,2295,143,732,176822,370,64,17518,78318,94,154,152,58,65,2223,218036,184,95,165,177,118,193,9442,49,2237,1279,0,47710,2228,1,74,1218,278,12,1198,107,243,129,593,129,152,130,29199,90,131,56,137,100,588,14,0,491,0,417,60,34,31,28533,44,19,84,601,16,689,357,59,35,731,150,20865,15956,4173,2259,3726,326,51,1008,4,18098,1421,2101,18824,375,271,9975,0,38,547,55394,132,95,187,376,130,12,3064,181,0,0,2515,1207,2,31635,64,6961,11112,9781,1193,10914,2120,46,13169,23917,3088,9125,22230,22618,52,45,117,96,37,102,362,55,496,134,1953,0.0,0.0,0.0,0.0,0.0,0.0,0.0,0.0,0.0,0.0,0.0,0.0,0.0,0.0,0.0,0.0,0.0,0.0,0.0,0.0,0.0,0.0,0.0,0.0,0.0,0.0,0.0,0.0,0.0,0.0,0.0,0.0,0.0,0.0,0.0,0.0,0.0,0.0,0.0,0.0,0.0,0.0,0.0,0.0,0.0,0.0,0.0,0.0,0.0,0.0,0.0,0.0,0.0,0.0,0.0,0.0,0.0,0.0,0.0,0.0,0.0,0.0,0.0,0.0,0.0,0.0,0.0,0.0,0.0,0.0,0.0,0.0,0.0,0.0,0.0,0.0,0.0,0.0,0.0,0.0,0.0,0.0,0.0,0.0,0.0,0.0,0.0,0.0,0.0,0.0,0.0,0.0,0.0,0.0,0.0,0.0,0.0,0.0,0.0,0.0,0.0,0.0,0.0,0.0,0.0,0.0,0.0,0.0,0.0,0.0,0.0,0.0,0.0,0.0,0.0,0.0,0.0,0.0,0.0,0.0,0.0,0.0,0.0,0.0,0.0,0.0,0.0,0.0,0.0,0.0,0.0,0.0,0.0,0.0,0.0,0.0,0.0,0.0,0.0,0.0,0.0,0.0,0.0,0.0,0.0,0.0,0.0,0.0,0.0,0.0
ENCFF002EBA,0.18809683902825483,97366,351,3976,45242,893,122861,7782,296,570,413,779,3786,3515,8221,25447,31152,3869,551,6781,7679,215,960,131,79,93,1255,5256,3709,25416,4951,337,284,610,2041,1858,141,2235,26,44,9234,13552,55,795,20,82,760,6556,21071,637,577,1234,1633,586,363,8055,194,480,819,234,1115,1847,297,11543,325,333,1377,103,50528,60843,9236,1194,760,2330,6476,393,1403,628,864,1019,245,1086,1331,4823,448,623,4093,25,995,571,21,1556,200,24,1323,1307,20020,210211,12831,127,35133,48466,2914,42150,1292,683,6772,1983,2179,44,3658,9574,9915,162,5720,41175,2736,34984,630,2361,2466,10660,1024,46077,1499,8138,3923,912,3337,496,186,36974,11480,3754,17958,7951,15016,35680,867,5388,4296,1282,5151,47958,454,935,105,143,22,45,2843,326,800,13763,6144,856,5185,45589,3527,569,1317,1593,1199,3703,6137,6094,6976,90,127,51,1172,36,1944,769,1168,650,109,4,864,881,1153,18577,9013,55100,2672,32794,39714,17661,32853,15436,31818,339,32835,38866,13809,11458,27647,23128,6665,1059,1280,1086,57,543,938,242,114,29,72,5298,334,38474,13212,9864,296,254582,46212,4341,33558,22238,1406,741,47480,24103,64459,6077,61226,293,63681,72,453,1095,208,307,1117,323,4463,2749,37,750,997,638,1008,446,2847,1559,374,259,5559,3571,2575,3531,1284,388,761,826,419,395,297,643,1265,5869,1722,407,2131,2600,2327,9052,17913,3343,2637,3806,1445,928,722,718,1023,554,183,9230,561,959,6231,385,1802,433,4779,1211,1140,640,1028,308,562,766,2703,2632,934,986,828,2921,1783,936,911,1070,4382,38,38,429,700,704,536,19872,233,12773,37,704,117,8054,1058,9239,8556,9747,30,3369,200,260,1890,5049,75381,1064,2845,2457,1302,240,3055,240,269,868,17584,8199,3817,1875,80,288,146,22,65,721,1861,3318,635,4669,600,521,1427,55030,673,2349,154315,656,7220,1141,5891,5497,2930,313,2186,9202,809,1126,1329,412,465,415,29442,1375,1096,1247,584,1302,1405,31320,110,12288,2696,46,33574,8718,43,361,8240,962,97,7769,894,2161,444,3509,1214,18080,3306,1307,836,1220,540,1358,939,1805,845,44,1327,50,2360,171,98,294,1026,485,769,779,44009,2409,10169,6103,1501,579,1244,393,47705,544,19811,2673,16498,1806,419,3704,65,37390,6908,12467,53249,2122,14763,363,309,404,1308,613,1268,842,1589,8825,1177,43,611,1141,42,56,5193,5383,15,1089,231,29653,45065,33327,8255,42235,4841,436,76900,101409,14859,46458,74108,93180,293,229,825,761,215,963,1603,415,574,946,8462,0.0,0.0,0.0,0.0,0.0,0.0,0.0,0.0,0.0,0.0,0.0,0.0,0.0,0.0,0.0,0.0,0.0,0.0,0.0,0.0,0.0,0.0,0.0,0.0,0.0,0.0,0.0,0.0,0.0,0.0,0.0,0.0,0.0,0.0,0.0,0.0,0.0,0.0,0.0,0.0,0.0,0.0,0.0,0.0,0.0,0.0,0.0,0.0,0.0,0.0,0.0,0.0,0.0,0.0,0.0,0.0,0.0,0.0,0.0,0.0,0.0,0.0,0.0,0.0,0.0,0.0,0.0,0.0,0.0,0.0,0.0,0.0,0.0,0.0,0.0,0.0,0.0,0.0,0.0,0.0,0.0,0.0,0.0,0.0,0.0,0.0,0.0,0.0,0.0,0.0,0.0,0.0,0.0,0.0,0.0,0.0,0.0,0.0,0.0,0.0,0.0,0.0,0.0,0.0,0.0,0.0,0.0,0.0,0.0,0.0,0.0,0.0,0.0,0.0,0.0,0.0,0.0,0.0,0.0,0.0,0.0,0.0,0.0,0.0,0.0,0.0,0.0,0.0,0.0,0.0,0.0,0.0,0.0,0.0,0.0,0.0,0.0,0.0,0.0,0.0,0.0,0.0,0.0,0.0,0.0,0.0,0.0,0.0,0.0,0.0
ENCFF000YIQ,0.05273162343926996,2537,10,60,679,13,1546,136,14,2,5,14,56,41,101,376,408,60,4,71,116,6,16,1,1,0,20,196,52,401,68,4,13,7,37,21,7,27,2,0,171,193,0,16,0,2,11,84,408,14,18,14,27,8,4,144,5,2,9,1,15,27,4,159,7,20,60,2,803,901,145,15,12,52,119,1,24,11,6,21,0,17,17,80,12,13,50,0,10,4,0,25,3,0,34,19,264,3035,193,4,562,680,34,639,33,10,76,36,34,0,58,126,140,1,110,584,61,456,8,48,49,137,25,608,29,141,55,12,48,6,1,568,155,192,254,99,293,531,29,67,33,20,81,692,11,27,2,2,1,1,34,5,11,199,85,9,70,693,76,4,16,18,20,41,97,100,119,0,2,0,20,0,34,11,75,538,0,1,23,15,12,279,117,845,35,474,587,289,550,240,498,6,461,615,225,161,460,355,112,17,39,15,0,11,15,4,0,0,0,108,1,600,249,94,2,3813,731,94,485,291,18,16,745,345,911,102,905,1,896,1,8,25,8,1,12,4,56,39,0,9,18,10,14,7,38,26,8,5,76,49,35,52,20,7,10,8,9,6,6,13,24,90,26,5,41,51,28,198,860,117,32,90,29,18,10,4,10,8,1,131,10,14,79,6,24,8,64,17,20,8,18,10,7,13,47,43,23,16,12,37,34,16,16,15,62,0,2,7,7,10,7,301,1,162,0,16,0,108,12,135,129,119,0,37,1,2,15,84,1210,16,42,31,24,4,37,4,2,13,265,115,57,29,0,0,2,0,1,13,31,41,8,61,10,9,27,920,11,44,2311,6,100,16,71,200,45,6,77,227,18,10,23,13,6,8,823,10,15,20,10,25,22,410,1,199,45,0,523,119,1,3,128,12,0,110,9,31,5,79,15,262,56,28,21,29,7,30,16,25,10,1,23,0,36,2,0,0,25,5,12,14,693,46,187,116,28,7,11,5,741,23,258,49,253,35,3,61,0,537,103,167,753,101,257,10,4,6,23,10,17,9,15,109,13,0,6,19,2,0,77,74,0,40,1,409,769,494,147,637,85,7,1284,1530,242,668,1171,1373,6,5,11,23,3,12,29,2,13,7,148,0.0,0.0,0.0,0.0,0.0,0.0,0.0,0.0,0.0,0.0,0.0,0.0,0.0,0.0,0.0,0.0,0.0,0.0,0.0,0.0,0.0,0.0,0.0,0.0,0.0,0.0,0.0,0.0,0.0,0.0,0.0,0.0,0.0,0.0,0.0,0.0,0.0,0.0,0.0,0.0,0.0,0.0,0.0,0.0,0.0,0.0,0.0,0.0,0.0,0.0,0.0,0.0,0.0,0.0,0.0,0.0,0.0,0.0,0.0,0.0,0.0,0.0,0.0,0.0,0.0,0.0,0.0,0.0,0.0,0.0,0.0,0.0,0.0,0.0,0.0,0.0,0.0,0.0,0.0,0.0,0.0,0.0,0.0,0.0,0.0,0.0,0.0,0.0,0.0,0.0,0.0,0.0,0.0,0.0,0.0,0.0,0.0,0.0,0.0,0.0,0.0,0.0,0.0,0.0,0.0,0.0,0.0,0.0,0.0,0.0,0.0,0.0,0.0,0.0,0.0,0.0,0.0,0.0,0.0,0.0,0.0,0.0,0.0,0.0,0.0,0.0,0.0,0.0,0.0,0.0,0.0,0.0,0.0,0.0,0.0,0.0,0.0,0.0,0.0,0.0,0.0,0.0,0.0,0.0,0.0,0.0,0.0,0.0,0.0,0.0
ENCFF002AWB,0.15075864580404172,53841,197,6232,39178,739,123002,10181,443,501,454,806,7156,4166,11313,13383,29479,5383,566,14678,10349,236,1019,130,90,81,2693,247,7840,24774,5797,445,230,951,4226,4849,23,4491,35,13,17273,18586,69,1243,373,43,1606,12217,20429,52,1032,3128,3486,728,400,9182,297,558,942,120,1072,2811,619,15809,464,453,52,68,97104,131512,10075,2656,1867,2163,7052,401,3087,992,2059,2226,531,2618,2891,5881,871,1222,8804,19,2192,1002,30,1805,578,357,1827,3130,29236,346364,24825,346,58858,76755,5815,66179,2821,1636,8439,2549,3073,23,4940,10285,10100,467,8773,48067,3284,24212,322,1274,3068,15548,624,26367,3234,10360,4763,1164,4003,492,317,41529,16996,356,24064,11857,14807,40862,92,10025,9214,2920,6346,53506,278,314,139,129,29,59,4000,374,867,19538,6667,1030,26827,47022,5917,609,2926,1641,1312,6323,11951,10825,7125,168,95,14,2598,12,4282,1353,2099,256,25,2,1227,1190,2600,22260,11167,71145,4155,57551,69973,33416,46847,29579,56100,394,48836,60821,15599,14041,42310,45316,10777,2007,119,2827,117,1640,2294,297,160,8,23,6772,379,56982,26847,11396,3431,293875,89721,6255,49359,31323,1981,815,86032,61107,127948,4027,97276,454,88216,52,906,1024,185,573,2285,405,8453,3508,29,1703,2192,1330,2324,771,5707,3343,174,457,9470,6175,3530,3682,3276,981,1293,2137,814,635,526,710,2932,11584,3255,797,3157,4762,5044,15900,32215,330,4968,4593,2874,2279,1850,1636,2386,1546,172,12125,948,1779,9310,921,3198,804,8356,2872,2596,1676,2390,199,904,1002,5568,5772,1921,2339,1565,3993,3266,1706,1936,2674,8792,41,24,850,1484,639,1527,23021,392,15184,18,819,84,13384,1146,11161,12833,17160,14,7216,126,252,10620,5849,147933,970,3081,4392,1716,30,5906,657,405,1406,39795,15499,6851,2291,55,147,437,38,24,1676,1021,3498,1630,5356,1128,835,6363,66760,558,5000,180994,1159,10135,2497,11951,539,5218,515,125,5702,2056,2541,2587,700,830,440,1810,3009,2433,2670,1257,2803,3114,55012,65,21034,4047,129,42983,17725,506,492,10833,1118,31,12928,2026,1602,444,6928,2753,19587,4598,991,1608,2701,736,3397,2175,1732,9162,27,1432,22,3447,169,410,200,617,367,574,2150,43763,1597,24119,9952,1234,956,2646,1974,48959,232,23165,3711,19319,3260,622,4532,33,118043,22082,29118,114156,3857,30616,774,5387,693,1869,864,2820,1929,3195,97456,2448,61,262,2649,277,116,6249,6252,44,311,285,43834,81445,65604,13602,65288,7859,1493,111862,172681,29944,87233,127359,150160,417,281,1761,1596,346,2261,1646,680,587,1572,13084,0.0,0.0,0.0,0.0,0.0,0.0,0.0,0.0,0.0,0.0,0.0,0.0,0.0,0.0,0.0,0.0,0.0,0.0,0.0,0.0,0.0,0.0,0.0,0.0,0.0,0.0,0.0,0.0,0.0,0.0,0.0,0.0,0.0,0.0,0.0,0.0,0.0,0.0,0.0,0.0,0.0,0.0,0.0,0.0,0.0,0.0,0.0,0.0,0.0,0.0,0.0,0.0,0.0,0.0,0.0,0.0,0.0,0.0,0.0,0.0,0.0,0.0,0.0,0.0,0.0,0.0,0.0,0.0,0.0,0.0,0.0,0.0,0.0,0.0,0.0,0.0,0.0,0.0,0.0,0.0,0.0,0.0,0.0,0.0,0.0,0.0,0.0,0.0,0.0,0.0,0.0,0.0,0.0,0.0,0.0,0.0,0.0,0.0,0.0,0.0,0.0,0.0,0.0,0.0,0.0,0.0,0.0,0.0,0.0,0.0,0.0,0.0,0.0,0.0,0.0,0.0,0.0,0.0,0.0,0.0,0.0,0.0,0.0,0.0,0.0,0.0,0.0,0.0,0.0,0.0,0.0,0.0,0.0,0.0,0.0,0.0,0.0,0.0,0.0,0.0,0.0,0.0,0.0,0.0,0.0,0.0,0.0,0.0,0.0,0.0
ENCFF000ZEB,0.07704376115436187,15295,77,807,11834,215,24635,2086,76,102,72,183,674,875,1786,6194,6759,885,92,1726,1472,59,216,19,21,23,220,657,872,6503,1037,63,70,104,447,393,22,471,6,10,2217,2987,5,163,5,11,150,1379,5737,90,185,231,336,100,143,1906,51,106,224,41,212,359,58,2803,73,74,189,22,11439,12698,2081,273,147,367,2126,70,324,141,190,220,53,278,293,1024,167,126,784,6,204,123,7,348,52,6,329,294,4441,43723,2841,32,7604,10275,633,9126,291,174,1308,418,482,10,754,2151,2279,35,1706,8794,737,6956,184,761,637,2300,346,9322,381,1856,819,228,892,94,25,7939,2639,432,4270,1789,4487,7219,122,1233,885,305,979,12480,111,117,25,28,9,11,537,76,200,2864,1362,173,1169,11734,923,112,295,314,286,838,1630,1539,1997,34,23,12,227,6,455,204,392,2680,8,0,152,206,227,3955,1822,11360,630,7032,8224,3718,8038,3427,6815,55,6700,7876,3010,2343,6438,4854,1806,184,193,226,11,176,220,56,14,8,32,1130,77,9181,3294,2140,49,110393,10645,979,7323,5193,307,177,10032,5177,14443,1602,13216,46,13844,13,80,280,89,71,203,86,891,656,18,211,241,150,198,151,655,368,83,57,1158,851,500,835,326,74,168,158,124,117,79,175,293,1541,406,122,478,635,464,2809,5114,410,568,861,336,168,149,127,191,134,30,1981,129,190,1352,105,405,123,902,259,298,159,232,82,118,156,612,614,218,239,192,626,334,214,194,204,869,8,9,97,144,173,104,4254,46,2885,10,145,20,1713,232,1925,1937,2137,4,632,29,53,372,1017,16740,209,556,578,297,35,606,30,59,194,3435,2163,682,413,25,126,38,2,18,146,359,763,144,1015,186,140,370,14460,148,504,31521,129,1514,249,1187,690,658,99,221,1507,217,256,224,162,107,65,3091,319,215,273,110,292,339,6684,20,2567,621,7,7773,1994,17,90,1767,179,14,1688,173,627,83,726,276,3859,822,232,243,289,113,262,166,424,154,5,262,15,563,35,31,50,158,112,169,164,10507,694,2522,1554,445,126,249,70,10555,76,3941,596,3479,378,72,880,14,7587,1443,2456,10955,569,3191,59,65,88,240,156,245,168,599,1816,225,10,91,305,7,21,1156,1160,4,120,47,6343,9300,7327,1675,8737,1084,74,17440,21149,3231,9598,15854,19689,72,65,207,251,78,209,467,91,132,149,1877,0.0,0.0,0.0,0.0,0.0,0.0,0.0,0.0,0.0,0.0,0.0,0.0,0.0,0.0,0.0,0.0,0.0,0.0,0.0,0.0,0.0,0.0,0.0,0.0,0.0,0.0,0.0,0.0,0.0,0.0,0.0,0.0,0.0,0.0,0.0,0.0,0.0,0.0,0.0,0.0,0.0,0.0,0.0,0.0,0.0,0.0,0.0,0.0,0.0,0.0,0.0,0.0,0.0,0.0,0.0,0.0,0.0,0.0,0.0,0.0,0.0,0.0,0.0,0.0,0.0,0.0,0.0,0.0,0.0,0.0,0.0,0.0,0.0,0.0,0.0,0.0,0.0,0.0,0.0,0.0,0.0,0.0,0.0,0.0,0.0,0.0,0.0,0.0,0.0,0.0,0.0,0.0,0.0,0.0,0.0,0.0,0.0,0.0,0.0,0.0,0.0,0.0,0.0,0.0,0.0,0.0,0.0,0.0,0.0,0.0,0.0,0.0,0.0,0.0,0.0,0.0,0.0,0.0,0.0,0.0,0.0,0.0,0.0,0.0,0.0,0.0,0.0,0.0,0.0,0.0,0.0,0.0,0.0,0.0,0.0,0.0,0.0,0.0,0.0,0.0,0.0,0.0,0.0,0.0,0.0,0.0,0.0,0.0,0.0,0.0
ENCFF000BIL,0.07393970868455899,11190,68,1536,6209,158,27400,1607,52,115,100,181,849,924,2112,3430,6024,1081,181,1424,1901,67,320,49,7,3,362,26,925,4110,1373,116,48,161,470,364,11,593,16,8,2494,5143,13,343,9,5,203,1767,3772,2,166,237,344,245,151,6350,77,175,142,19,253,469,91,1981,92,86,21,18,13269,16630,3794,203,134,320,3150,107,251,130,165,183,44,226,225,1880,93,123,1049,3,160,115,4,529,31,6,458,259,2670,66028,4137,149,11272,16297,678,14511,619,128,2407,559,522,2,1406,3411,3039,11,1644,21537,605,6999,126,460,466,3509,195,7138,248,2562,1202,331,1253,188,43,14494,3338,14,3830,1915,9346,12612,2,1367,753,241,1363,6440,79,95,27,53,17,11,919,124,195,3812,1907,284,1294,6453,760,195,218,201,328,1020,1482,1272,3380,24,41,4,197,8,494,140,783,1122,3,5,119,797,187,7260,2986,20524,729,9490,12086,4750,7091,4445,8802,89,11769,13079,6719,3658,9664,7012,1678,255,0,218,38,130,178,66,34,7,7,1684,60,7445,3381,2059,41,72279,12295,1235,10013,4390,455,386,13570,5311,14132,897,16741,55,17665,19,179,291,48,61,199,101,1202,1007,2,149,199,114,177,106,647,296,626,102,1441,1055,743,1140,257,80,148,162,80,90,57,794,257,1795,318,83,732,667,579,2269,8886,48,650,2142,355,158,127,125,205,124,254,3455,101,185,2572,66,1144,87,1659,244,205,114,193,1612,113,172,636,556,150,176,173,1367,437,127,139,225,1127,12,29,94,109,388,67,6187,14,4048,7,228,85,2703,336,2558,2873,2101,7,926,26,88,207,2936,15820,272,777,1247,505,4,765,78,30,295,4908,1607,968,592,34,584,63,3,19,141,177,1002,111,1377,107,113,299,8789,94,601,51172,103,2515,202,1241,81,703,68,5,1368,175,191,223,117,91,90,272,302,179,239,101,229,254,10351,17,3536,958,2,11333,2819,60,137,2318,147,11,2245,162,1599,123,904,221,2901,711,206,194,230,103,259,170,737,121,29,647,8,807,64,7,87,202,24,157,176,5456,425,1895,1103,293,121,372,23,15936,11,7351,453,5664,488,114,1238,11,10061,2024,3360,16341,898,3052,50,16,84,188,95,230,145,497,1462,196,15,55,216,1,2,1757,1784,1,35,75,9846,14839,10480,2498,14538,1812,113,26910,38323,4455,14930,27521,33645,89,47,139,148,50,179,818,119,274,181,2266,0.0,0.0,0.0,0.0,0.0,0.0,0.0,0.0,0.0,0.0,0.0,0.0,0.0,0.0,0.0,0.0,0.0,0.0,0.0,0.0,0.0,0.0,0.0,0.0,0.0,0.0,0.0,0.0,0.0,0.0,0.0,0.0,0.0,0.0,0.0,0.0,0.0,0.0,0.0,0.0,0.0,0.0,0.0,0.0,0.0,0.0,0.0,0.0,0.0,0.0,0.0,0.0,0.0,0.0,0.0,0.0,0.0,0.0,0.0,0.0,0.0,0.0,0.0,0.0,0.0,0.0,0.0,0.0,0.0,0.0,0.0,0.0,0.0,0.0,0.0,0.0,0.0,0.0,0.0,0.0,0.0,0.0,0.0,0.0,0.0,0.0,0.0,0.0,0.0,0.0,0.0,0.0,0.0,0.0,0.0,0.0,0.0,0.0,0.0,0.0,0.0,0.0,0.0,0.0,0.0,0.0,0.0,0.0,0.0,0.0,0.0,0.0,0.0,0.0,0.0,0.0,0.0,0.0,0.0,0.0,0.0,0.0,0.0,0.0,0.0,0.0,0.0,0.0,0.0,0.0,0.0,0.0,0.0,0.0,0.0,0.0,0.0,0.0,0.0,0.0,0.0,0.0,0.0,0.0,0.0,0.0,0.0,0.0,0.0,0.0
ENCFF000OHX,0.15354185472409948,50176,395,3133,26874,660,94389,5695,233,543,294,1326,4832,3984,8058,15093,29552,3306,571,5707,5931,176,846,102,110,125,846,2041,2924,25488,4382,307,195,505,1648,1539,62,2101,36,139,7993,12270,100,690,38,125,662,5572,15588,269,528,862,1226,552,350,7087,205,400,427,209,953,2878,386,9563,247,360,507,559,41449,46522,7823,948,617,1377,7238,295,1095,509,722,811,174,900,1111,3836,428,487,3111,18,715,489,31,1533,671,78,1126,1142,12867,168077,10742,85,29041,40744,2494,34834,1035,513,5903,1657,1678,33,2916,7599,7744,155,4138,33239,2703,33452,505,2119,1987,9070,929,41454,1120,6057,3107,838,3072,514,182,35326,11893,1209,22889,7731,15153,30538,345,5063,3916,1088,3723,30473,290,544,91,180,69,76,2620,515,1683,10056,5661,791,4514,27189,2657,569,1090,1295,1122,2956,4423,3849,6172,118,175,88,918,48,1521,549,606,263,22,0,534,855,935,15318,7696,44859,2022,28320,33334,13298,25276,12477,25043,285,28042,32296,10935,9609,23102,19348,5497,829,456,823,90,429,749,269,125,34,88,4060,399,37616,9712,10845,306,197189,35628,3349,28101,18874,1323,721,38461,17311,48481,4190,46645,199,47711,111,318,2250,1296,240,872,243,3384,2487,40,546,816,501,766,388,2335,1322,206,260,4566,3085,2152,2944,1053,267,628,602,363,338,288,598,967,4481,1168,362,1821,2213,1998,7757,15510,1002,2197,3156,1209,696,586,567,824,435,155,7174,467,719,5633,345,1529,379,3753,918,914,474,820,199,450,549,2113,2168,723,820,628,2616,1465,718,683,786,3465,41,53,326,525,677,279,15843,213,10596,38,554,96,6872,896,7120,7148,7497,57,2926,186,232,1546,4385,57242,751,1956,2030,1148,77,2339,298,800,758,14027,7199,7540,1600,78,212,150,18,144,603,1369,2785,517,3726,472,498,1553,38671,407,1804,126989,503,6415,869,5164,2135,2450,263,823,4873,689,942,991,382,404,282,10010,1104,892,1015,356,1069,1200,26719,125,9958,2261,28,27856,8973,21,345,5601,687,135,6108,729,1304,400,2894,983,13492,2308,780,685,978,459,1085,769,1464,763,47,1013,75,1923,94,26,256,542,408,776,766,25408,1996,7193,4824,1256,432,858,355,40174,252,16092,1814,13633,1702,346,2979,166,30178,5399,9940,42163,1256,13205,230,296,353,817,554,1058,575,1221,7641,914,34,375,934,49,80,4395,4606,12,436,291,26369,37830,28469,6990,37591,4324,511,62074,90271,11825,39321,65116,81905,278,190,602,627,205,769,1511,285,532,681,6719,0.0,0.0,0.0,0.0,0.0,0.0,0.0,0.0,0.0,0.0,0.0,0.0,0.0,0.0,0.0,0.0,0.0,0.0,0.0,0.0,0.0,0.0,0.0,0.0,0.0,0.0,0.0,0.0,0.0,0.0,0.0,0.0,0.0,0.0,0.0,0.0,0.0,0.0,0.0,0.0,0.0,0.0,0.0,0.0,0.0,0.0,0.0,0.0,0.0,0.0,0.0,0.0,0.0,0.0,0.0,0.0,0.0,0.0,0.0,0.0,0.0,0.0,0.0,0.0,0.0,0.0,0.0,0.0,0.0,0.0,0.0,0.0,0.0,0.0,0.0,0.0,0.0,0.0,0.0,0.0,0.0,0.0,0.0,0.0,0.0,0.0,0.0,0.0,0.0,0.0,0.0,0.0,0.0,0.0,0.0,0.0,0.0,0.0,0.0,0.0,0.0,0.0,0.0,0.0,0.0,0.0,0.0,0.0,0.0,0.0,0.0,0.0,0.0,0.0,0.0,0.0,0.0,0.0,0.0,0.0,0.0,0.0,0.0,0.0,0.0,0.0,0.0,0.0,0.0,0.0,0.0,0.0,0.0,0.0,0.0,0.0,0.0,0.0,0.0,0.0,0.0,0.0,0.0,0.0,0.0,0.0,0.0,0.0,0.0,0.0
ENCFF553USA,0.14817578380898458,54111,154,7172,68542,928,89765,7995,289,444,264,632,4156,3846,7273,28177,23704,3543,513,4328,8443,214,723,119,22,35,1068,451,3490,29380,4287,359,262,522,2448,2411,58,2793,34,10,9383,14922,59,860,55,43,1382,6651,28723,55,513,1019,1345,574,545,11643,132,323,528,150,848,1572,410,12866,331,719,154,30,52075,57380,9848,1246,643,1032,7595,138,1705,394,723,1034,197,861,1923,5847,336,475,3904,18,806,426,30,1627,316,28,1692,1529,28500,220477,15609,326,39503,51913,2993,45697,1908,568,7242,2456,2341,8,4567,10146,9781,74,5951,45410,3538,26705,767,3242,3373,13086,1579,53469,2051,9260,4633,1168,3577,498,117,47648,11335,334,27800,7677,28952,35039,172,5848,1092,1356,4037,32077,378,298,99,182,42,46,2540,481,628,15380,6037,799,5088,69821,3542,470,1424,1210,1150,3541,7592,6623,6908,101,254,22,1018,30,1929,516,1302,1144,25,13,497,1279,1541,22059,8402,58348,2572,33971,39213,18008,38357,19841,35951,280,37960,44843,16415,12625,31599,22391,7495,1318,67,805,61,499,750,240,135,31,28,5305,233,42924,15665,8912,757,220196,42374,3499,31648,22972,1082,751,48654,22201,65656,4641,57404,205,58603,73,760,897,162,226,1497,263,4443,2866,65,549,809,516,863,289,4016,2236,1128,307,4932,3958,2041,4485,934,307,468,797,304,286,196,1249,923,6945,1398,335,1913,3205,2895,13357,42520,467,3040,7504,1379,1181,958,625,1004,457,830,9324,356,632,7461,359,2213,272,5067,834,1121,533,748,1745,375,643,2265,2639,728,848,547,4360,1313,535,726,770,4053,17,102,344,556,1027,627,23664,134,16377,32,665,292,7645,1460,12242,9728,7034,26,2820,103,266,728,4557,63659,716,2259,3672,1050,63,4058,198,161,673,20221,4729,3116,1554,59,680,185,23,57,664,1840,2782,1155,4969,379,320,1932,77905,362,2094,170267,469,6837,1019,6026,708,2798,224,261,4670,725,1764,1927,298,344,233,3053,1974,1161,1898,509,1348,1969,30996,102,10889,3076,36,40518,8646,170,251,9489,590,60,6752,715,3824,327,4619,1306,29072,4292,736,686,1862,383,1015,782,2103,541,9,1328,12,3420,821,116,213,560,631,822,983,45618,2816,10908,7338,1555,623,1281,105,50991,117,21099,1944,16003,1458,409,3287,58,41992,7742,14578,61273,2543,17187,252,140,276,766,307,1530,614,1964,7966,1585,54,245,846,16,16,4956,5397,11,183,252,30062,52413,37053,8996,44856,4637,404,87530,117989,18531,55323,79880,100326,309,257,640,590,178,790,1807,416,530,922,8165,0.0,0.0,0.0,0.0,0.0,0.0,0.0,0.0,0.0,0.0,0.0,0.0,0.0,0.0,0.0,0.0,0.0,0.0,0.0,0.0,0.0,0.0,0.0,0.0,0.0,0.0,0.0,0.0,0.0,0.0,0.0,0.0,0.0,0.0,0.0,0.0,0.0,0.0,0.0,0.0,0.0,0.0,0.0,0.0,0.0,0.0,0.0,0.0,0.0,0.0,0.0,0.0,0.0,0.0,0.0,0.0,0.0,0.0,0.0,0.0,0.0,0.0,0.0,0.0,0.0,0.0,0.0,0.0,0.0,0.0,0.0,0.0,0.0,0.0,0.0,0.0,0.0,0.0,0.0,0.0,0.0,0.0,0.0,0.0,0.0,0.0,0.0,0.0,0.0,0.0,0.0,0.0,0.0,0.0,0.0,0.0,0.0,0.0,0.0,0.0,0.0,0.0,0.0,0.0,0.0,0.0,0.0,0.0,0.0,0.0,0.0,0.0,0.0,0.0,0.0,0.0,0.0,0.0,0.0,0.0,0.0,0.0,0.0,0.0,0.0,0.0,0.0,0.0,0.0,0.0,0.0,0.0,0.0,0.0,0.0,0.0,0.0,0.0,0.0,0.0,0.0,0.0,0.0,0.0,0.0,0.0,0.0,0.0,0.0,0.0
ENCFF000WVF,0.07441415856842576,5855,62,512,5210,118,11568,1359,52,87,36,133,441,789,1395,2670,4357,578,79,756,781,27,113,12,10,9,194,179,502,2789,565,49,33,68,299,287,8,293,4,10,1327,1837,11,126,1,20,279,878,3047,18,104,126,197,65,79,1164,28,66,77,31,130,225,28,1684,86,118,56,22,6498,6436,1254,156,90,154,1131,54,245,98,130,142,40,129,208,616,79,70,433,4,118,67,3,217,27,5,173,219,1783,24348,1615,18,4478,6418,386,5594,227,74,853,314,303,4,455,1246,1312,36,791,5080,443,3555,78,335,303,1342,153,4683,229,939,393,151,592,57,139,5098,2286,114,3156,1421,2062,4249,31,768,399,215,590,5702,111,31,16,22,16,10,312,57,148,1473,755,89,676,5186,499,62,193,215,258,426,694,635,1098,16,32,12,122,5,259,125,348,1976,2,0,78,126,177,2438,1068,6557,375,4303,4795,2139,3946,1983,3804,46,4174,4709,1570,1496,3841,2887,1116,116,51,90,8,83,126,31,6,2,9,599,54,4922,1652,2070,36,38779,5005,492,4136,3397,172,79,5809,2691,7553,693,7101,27,7216,4,58,187,95,34,150,73,478,346,6,89,152,74,115,58,489,257,73,93,608,519,259,564,152,48,79,74,74,59,29,132,163,769,194,61,278,362,305,1785,2923,122,381,593,192,144,99,76,125,61,66,1292,77,99,822,40,223,61,518,154,157,93,112,23,54,47,342,306,109,142,108,388,202,108,126,114,470,3,3,50,78,102,23,2363,15,1627,3,87,3,921,252,1087,956,1042,7,399,24,36,233,562,9126,125,371,359,181,9,360,22,46,117,2395,882,516,224,3,23,29,3,11,79,191,397,166,536,75,62,208,7171,50,308,18168,75,912,142,785,206,351,42,49,675,116,174,179,96,67,28,837,223,149,212,65,202,230,4032,12,1588,395,17,4661,1154,2,40,1114,125,10,998,117,227,54,531,201,2574,470,89,138,218,63,154,105,232,103,1,134,7,325,32,2,35,80,73,128,106,4022,295,1342,797,195,79,171,33,6301,24,2522,259,2026,251,32,473,5,5654,1031,1680,7028,229,2542,35,59,34,103,92,179,69,211,852,155,9,44,174,6,11,703,707,3,29,49,3970,5552,4302,999,5292,684,97,10120,13471,1924,5686,9638,12169,54,53,117,104,25,114,273,54,64,99,957,0.0,0.0,0.0,0.0,0.0,0.0,0.0,0.0,0.0,0.0,0.0,0.0,0.0,0.0,0.0,0.0,0.0,0.0,0.0,0.0,0.0,0.0,0.0,0.0,0.0,0.0,0.0,0.0,0.0,0.0,0.0,0.0,0.0,0.0,0.0,0.0,0.0,0.0,0.0,0.0,0.0,0.0,0.0,0.0,0.0,0.0,0.0,0.0,0.0,0.0,0.0,0.0,0.0,0.0,0.0,0.0,0.0,0.0,0.0,0.0,0.0,0.0,0.0,0.0,0.0,0.0,0.0,0.0,0.0,0.0,0.0,0.0,0.0,0.0,0.0,0.0,0.0,0.0,0.0,0.0,0.0,0.0,0.0,0.0,0.0,0.0,0.0,0.0,0.0,0.0,0.0,0.0,0.0,0.0,0.0,0.0,0.0,0.0,0.0,0.0,0.0,0.0,0.0,0.0,0.0,0.0,0.0,0.0,0.0,0.0,0.0,0.0,0.0,0.0,0.0,0.0,0.0,0.0,0.0,0.0,0.0,0.0,0.0,0.0,0.0,0.0,0.0,0.0,0.0,0.0,0.0,0.0,0.0,0.0,0.0,0.0,0.0,0.0,0.0,0.0,0.0,0.0,0.0,0.0,0.0,0.0,0.0,0.0,0.0,0.0
ENCFF002EDX,0.18145763835229234,99956,293,3982,33851,926,101712,7637,323,673,364,866,4077,5061,11245,17419,31546,4306,594,7022,7032,186,871,91,89,94,1081,5013,3820,46173,4502,291,296,618,2208,1962,171,2469,42,48,9793,13205,73,757,54,84,879,6804,22946,501,673,1252,1781,543,350,7906,200,406,467,247,985,1823,305,15121,629,728,1385,187,59349,61981,9270,1338,870,2069,7017,441,1493,628,1040,1103,248,1190,1358,4277,514,726,4209,31,1075,628,33,1520,268,40,1887,1460,20918,204942,12751,146,33469,48279,2981,41497,1407,745,6622,1956,2245,28,3425,8909,9238,181,5077,45819,3566,54723,805,3146,2854,10783,1291,73510,1716,7597,3668,859,3177,521,230,36589,16374,4212,26778,10719,16931,34172,677,5477,4584,1442,4876,55817,615,902,119,159,38,60,2852,411,933,12414,5924,870,5668,35365,3663,554,1432,1986,1482,3655,5454,4912,6273,94,250,84,1184,60,2115,716,1368,238,118,24,911,945,1312,19145,8942,55411,2754,37415,42612,18702,43053,16826,33845,413,34643,41000,13506,11619,28669,23890,7290,1126,987,1077,88,687,1152,283,119,77,246,5042,473,63834,14976,16738,634,233346,46615,4775,35734,29842,1432,762,49992,24242,68477,5880,55956,271,54891,89,383,966,374,320,1209,391,4447,2732,29,808,1146,724,1111,482,3083,1719,262,283,5552,3622,2399,3483,1451,391,806,973,445,442,310,591,1362,6263,1457,461,2058,2839,2487,10480,45694,3047,2838,3678,1568,1029,783,856,1179,617,178,9677,586,994,6425,440,1915,496,4657,1305,1184,710,1175,202,533,739,2872,2832,963,1131,868,2908,1869,942,947,1095,4493,24,38,501,735,631,325,17331,193,11491,32,591,86,7716,957,8410,8037,8700,62,3308,216,223,2547,4624,89553,959,2938,2534,1290,295,3177,310,314,969,18272,8518,4401,1763,86,345,165,31,92,875,1746,2924,749,4456,592,572,1368,50423,674,2419,148823,696,7003,1156,6524,5578,3024,345,2462,9141,936,1233,1294,408,497,342,29962,1543,1233,1357,594,1413,1649,30045,147,12005,2631,28,31422,9254,84,389,7789,1080,109,7766,985,1713,372,3803,1329,24793,3765,1182,932,1378,534,1393,1090,1831,1233,72,1518,73,2146,177,32,246,838,587,1029,1120,25448,2646,10142,7274,1686,653,1081,257,43547,496,17318,2612,14733,1862,386,3296,63,36034,6874,11980,51274,4406,19401,355,308,414,1305,566,1395,935,1642,9920,1277,34,680,1185,48,66,5059,5041,16,811,234,30399,49500,35664,9297,43081,4848,413,84850,108594,16119,49471,79376,96835,351,206,909,790,261,1000,1571,343,525,824,8313,0.0,0.0,0.0,0.0,0.0,0.0,0.0,0.0,0.0,0.0,0.0,0.0,0.0,0.0,0.0,0.0,0.0,0.0,0.0,0.0,0.0,0.0,0.0,0.0,0.0,0.0,0.0,0.0,0.0,0.0,0.0,0.0,0.0,0.0,0.0,0.0,0.0,0.0,0.0,0.0,0.0,0.0,0.0,0.0,0.0,0.0,0.0,0.0,0.0,0.0,0.0,0.0,0.0,0.0,0.0,0.0,0.0,0.0,0.0,0.0,0.0,0.0,0.0,0.0,0.0,0.0,0.0,0.0,0.0,0.0,0.0,0.0,0.0,0.0,0.0,0.0,0.0,0.0,0.0,0.0,0.0,0.0,0.0,0.0,0.0,0.0,0.0,0.0,0.0,0.0,0.0,0.0,0.0,0.0,0.0,0.0,0.0,0.0,0.0,0.0,0.0,0.0,0.0,0.0,0.0,0.0,0.0,0.0,0.0,0.0,0.0,0.0,0.0,0.0,0.0,0.0,0.0,0.0,0.0,0.0,0.0,0.0,0.0,0.0,0.0,0.0,0.0,0.0,0.0,0.0,0.0,0.0,0.0,0.0,0.0,0.0,0.0,0.0,0.0,0.0,0.0,0.0,0.0,0.0,0.0,0.0,0.0,0.0,0.0,0.0
ENCFF000ZGJ,0.043623499631715995,4510,10,235,1812,51,7081,340,25,21,15,39,166,169,276,755,1770,157,25,283,334,4,19,2,1,1,39,300,174,829,157,11,12,26,88,85,9,91,0,0,446,516,1,33,1,4,33,333,968,34,28,48,78,21,11,400,6,10,19,4,38,64,25,660,8,34,60,5,2441,2356,348,54,50,95,257,7,68,32,41,36,17,64,53,173,38,20,173,0,51,29,1,42,23,0,77,77,839,9066,509,71,1336,1889,110,1740,84,36,201,58,64,0,124,374,357,3,278,1907,132,1089,27,131,114,446,62,1355,91,452,261,24,157,24,3,1365,439,158,836,340,533,1220,41,216,217,63,197,2194,16,33,5,7,5,3,100,14,28,576,198,27,167,1832,178,20,42,32,31,140,184,173,253,3,9,1,50,1,121,31,74,428,8,2,55,78,46,755,282,2773,131,1501,1955,951,1641,806,1400,8,1447,1711,705,401,1336,863,255,38,36,46,9,41,53,10,2,0,3,258,8,1624,654,355,7,9701,1676,197,1199,1066,60,18,1940,807,2886,264,1903,6,1889,2,8,67,6,20,49,22,189,111,6,41,69,25,36,18,96,62,10,21,214,148,86,137,64,15,29,44,29,21,15,26,63,269,61,19,101,157,109,620,2249,132,163,191,75,36,36,31,49,33,8,361,26,42,275,18,106,32,207,55,54,46,44,30,30,22,151,140,42,61,46,102,90,48,56,52,204,1,2,20,24,45,27,674,5,450,1,27,26,361,21,308,467,339,0,118,4,9,50,240,3396,51,85,120,45,10,132,8,9,25,755,384,169,66,1,12,9,0,2,28,40,109,24,171,30,23,62,2354,34,144,5933,32,243,55,271,249,143,12,99,372,53,56,61,24,23,9,1130,50,52,49,32,67,82,1465,2,569,129,0,1432,402,13,15,320,25,2,457,45,133,19,134,61,936,171,70,58,58,30,48,35,70,41,1,51,2,119,13,1,7,35,6,27,34,1191,114,469,314,78,30,36,3,1606,32,830,118,550,47,12,129,1,1723,258,502,2281,223,782,14,7,13,56,36,56,27,88,323,44,4,40,90,0,0,169,164,0,41,9,1250,2315,1613,369,1799,236,33,3772,4890,751,2122,3855,4196,9,7,54,51,17,39,55,32,12,23,422,0.0,0.0,0.0,0.0,0.0,0.0,0.0,0.0,0.0,0.0,0.0,0.0,0.0,0.0,0.0,0.0,0.0,0.0,0.0,0.0,0.0,0.0,0.0,0.0,0.0,0.0,0.0,0.0,0.0,0.0,0.0,0.0,0.0,0.0,0.0,0.0,0.0,0.0,0.0,0.0,0.0,0.0,0.0,0.0,0.0,0.0,0.0,0.0,0.0,0.0,0.0,0.0,0.0,0.0,0.0,0.0,0.0,0.0,0.0,0.0,0.0,0.0,0.0,0.0,0.0,0.0,0.0,0.0,0.0,0.0,0.0,0.0,0.0,0.0,0.0,0.0,0.0,0.0,0.0,0.0,0.0,0.0,0.0,0.0,0.0,0.0,0.0,0.0,0.0,0.0,0.0,0.0,0.0,0.0,0.0,0.0,0.0,0.0,0.0,0.0,0.0,0.0,0.0,0.0,0.0,0.0,0.0,0.0,0.0,0.0,0.0,0.0,0.0,0.0,0.0,0.0,0.0,0.0,0.0,0.0,0.0,0.0,0.0,0.0,0.0,0.0,0.0,0.0,0.0,0.0,0.0,0.0,0.0,0.0,0.0,0.0,0.0,0.0,0.0,0.0,0.0,0.0,0.0,0.0,0.0,0.0,0.0,0.0,0.0,0.0
ENCFF000ZEV,0.03669657595191593,7073,54,537,5242,73,8007,1528,32,31,30,63,293,234,588,2387,1848,345,38,611,685,13,82,5,1,9,81,293,358,3731,361,30,50,41,214,157,21,158,1,4,1110,1152,5,67,3,8,60,615,2531,29,75,108,131,49,33,715,22,21,68,19,61,163,56,1319,98,80,78,6,7402,5987,712,137,66,182,650,25,138,50,97,87,24,94,130,422,44,59,310,0,85,52,1,146,21,1,144,119,1949,19189,1183,9,3259,4279,229,3705,133,67,534,163,161,0,359,887,861,43,653,3586,256,2801,56,235,294,964,118,3722,164,827,279,81,333,40,5,3066,841,987,1712,681,1486,2955,69,463,359,122,435,5597,73,58,4,8,3,0,223,33,41,1356,632,55,481,5333,500,27,93,346,287,315,498,480,628,5,17,5,87,3,215,79,637,5627,25,6,83,103,85,1690,771,4972,248,2886,4018,1746,4401,1529,3095,17,3074,3520,1151,1007,2961,2102,1014,93,104,90,11,57,84,16,6,4,10,560,20,4426,1468,607,13,27315,4468,485,3505,2217,109,78,5171,2194,6519,465,6189,42,5516,2,35,96,16,28,76,43,364,248,1,66,98,61,85,45,254,166,25,31,503,308,236,340,107,34,63,78,48,44,32,44,137,610,2075,48,235,270,222,1481,12916,265,245,352,147,80,62,41,86,51,11,1319,46,86,508,37,164,47,397,111,100,69,108,17,27,69,267,236,80,94,79,266,145,83,83,100,420,1,5,31,51,54,68,1528,10,969,4,45,6,646,61,922,813,931,1,260,6,22,155,469,9792,61,351,233,133,13,282,19,61,70,1548,850,299,138,6,25,13,1,3,67,166,331,48,492,67,42,220,6502,63,228,14132,60,578,103,542,358,326,31,57,573,101,105,83,81,47,26,1300,117,93,98,70,147,110,2642,5,1110,229,8,3276,852,3,30,772,184,5,723,86,158,31,346,123,1940,524,85,92,114,59,111,69,150,80,2,101,1,184,17,7,11,60,149,53,92,5474,218,1321,748,194,65,84,17,3844,30,1726,296,1256,128,37,281,5,3247,646,942,4786,1311,2117,25,32,38,104,53,130,59,151,1001,93,1,35,125,1,8,451,496,0,88,23,2781,5694,3424,878,3780,493,39,9027,9576,1470,5720,7431,8757,24,29,86,91,22,86,140,32,48,62,842,0.0,0.0,0.0,0.0,0.0,0.0,0.0,0.0,0.0,0.0,0.0,0.0,0.0,0.0,0.0,0.0,0.0,0.0,0.0,0.0,0.0,0.0,0.0,0.0,0.0,0.0,0.0,0.0,0.0,0.0,0.0,0.0,0.0,0.0,0.0,0.0,0.0,0.0,0.0,0.0,0.0,0.0,0.0,0.0,0.0,0.0,0.0,0.0,0.0,0.0,0.0,0.0,0.0,0.0,0.0,0.0,0.0,0.0,0.0,0.0,0.0,0.0,0.0,0.0,0.0,0.0,0.0,0.0,0.0,0.0,0.0,0.0,0.0,0.0,0.0,0.0,0.0,0.0,0.0,0.0,0.0,0.0,0.0,0.0,0.0,0.0,0.0,0.0,0.0,0.0,0.0,0.0,0.0,0.0,0.0,0.0,0.0,0.0,0.0,0.0,0.0,0.0,0.0,0.0,0.0,0.0,0.0,0.0,0.0,0.0,0.0,0.0,0.0,0.0,0.0,0.0,0.0,0.0,0.0,0.0,0.0,0.0,0.0,0.0,0.0,0.0,0.0,0.0,0.0,0.0,0.0,0.0,0.0,0.0,0.0,0.0,0.0,0.0,0.0,0.0,0.0,0.0,0.0,0.0,0.0,0.0,0.0,0.0,0.0,0.0
ENCFF117NUS,0.2491625486914283,8165,154,838,34657,438,108272,3093,222,158,66,201,1976,1566,5535,14210,29690,1040,206,2957,1438,26,129,15,13,11,340,122,2278,26214,1068,37,12,223,1873,1746,12,1575,4,2,2647,3226,11,85,17,44,349,3513,18918,7,367,751,1342,100,41,1207,25,98,88,39,209,1017,929,13139,387,304,38,30,29954,15928,1235,1098,719,984,1063,35,1203,489,764,849,210,978,1043,1140,379,602,2808,3,764,680,2,295,67,7,574,756,23239,54161,2481,28,6820,11630,1981,9584,1186,581,861,234,322,4,591,1487,1541,440,1820,6355,1562,35739,190,905,840,2561,403,60177,1114,1426,551,98,454,63,17,6002,5916,80,26788,5560,2651,5671,12,2317,3293,1032,1164,31245,874,34,155,21,4,25,605,103,113,2930,853,140,1943,33847,2319,72,1143,1354,984,1208,911,876,1160,4,12,22,941,18,1091,578,486,114,4,6,325,120,1188,2708,1563,11656,1302,13048,13416,5824,23694,6253,12489,271,8026,10874,2121,2134,8740,4510,2909,458,20,445,18,545,1096,31,7,18,56,925,93,30845,6580,10933,111,99201,16717,1596,10376,23903,255,144,17465,9694,38254,2460,9719,28,8559,2,73,231,22,277,870,82,2731,675,3,672,716,531,923,357,2286,1173,19,80,2697,1823,913,639,1347,301,643,701,413,280,223,57,987,2799,1271,339,828,1864,1540,7274,64442,112,1700,734,978,742,620,688,868,514,3,3098,479,1093,2100,284,1074,510,1609,1069,958,578,891,13,411,234,1954,1667,725,856,705,942,1112,881,674,871,2195,11,11,404,726,108,141,3146,54,2108,4,128,16,2354,179,1846,1844,3718,10,821,29,13,1493,712,80976,132,567,1425,333,3,1844,45,126,316,7257,3771,1749,410,17,30,33,2,10,604,1000,499,582,1168,522,423,1129,59551,150,1190,28538,323,2354,879,4501,215,1524,258,32,1158,682,1096,1037,324,296,71,776,1237,945,1068,205,1060,1149,8774,7,6563,470,15,6923,1762,18,136,1576,390,3,3666,755,173,26,2502,923,23515,2745,115,648,983,476,493,871,212,365,8,163,17,929,18,8,40,31,959,298,351,19722,1009,6974,3177,663,266,206,95,5617,12,3354,921,2398,437,34,612,6,9560,1923,3240,13838,2692,17580,111,163,333,735,452,984,772,746,3558,909,2,37,935,15,17,827,748,11,26,17,7434,13576,14824,3032,9241,1292,1969,29332,28778,5925,15240,20929,24270,214,39,659,567,228,868,151,82,45,227,2226,0.0,0.0,0.0,0.0,0.0,0.0,0.0,0.0,0.0,0.0,0.0,0.0,0.0,0.0,0.0,0.0,0.0,0.0,0.0,0.0,0.0,0.0,0.0,0.0,0.0,0.0,0.0,0.0,0.0,0.0,0.0,0.0,0.0,0.0,0.0,0.0,0.0,0.0,0.0,0.0,0.0,0.0,0.0,0.0,0.0,0.0,0.0,0.0,0.0,0.0,0.0,0.0,0.0,0.0,0.0,0.0,0.0,0.0,0.0,0.0,0.0,0.0,0.0,0.0,0.0,0.0,0.0,0.0,0.0,0.0,0.0,0.0,0.0,0.0,0.0,0.0,0.0,0.0,0.0,0.0,0.0,0.0,0.0,0.0,0.0,0.0,0.0,0.0,0.0,0.0,0.0,0.0,0.0,0.0,0.0,0.0,0.0,0.0,0.0,0.0,0.0,0.0,0.0,0.0,0.0,0.0,0.0,0.0,0.0,0.0,0.0,0.0,0.0,0.0,0.0,0.0,0.0,0.0,0.0,0.0,0.0,0.0,0.0,0.0,0.0,0.0,0.0,0.0,0.0,0.0,0.0,0.0,0.0,0.0,0.0,0.0,0.0,0.0,0.0,0.0,0.0,0.0,0.0,0.0,0.0,0.0,0.0,0.0,0.0,0.0
ENCFF878CMP,0.14620644371221544,42439,187,3243,52980,960,493653,11591,630,350,368,661,6628,2297,8435,35687,46327,3035,913,8558,6815,122,766,42,82,83,2090,757,6830,55554,4847,225,88,861,4518,3938,90,4318,30,9,11180,13716,74,570,183,44,1368,11286,60238,92,1400,3181,3410,386,204,5761,109,436,220,68,959,2796,1030,23166,622,356,239,32,71066,59482,5969,2733,1697,3634,5486,252,3150,1343,1822,2016,559,2713,2598,4001,938,1749,8431,10,1936,1700,10,1047,226,32,1464,2352,59849,240209,12049,188,32979,48430,5911,41545,2717,1533,4933,1508,1784,19,3380,7789,9021,176,6656,38473,2710,77709,395,1904,2690,9981,799,125665,3352,7198,2715,438,2681,274,102,32228,10123,347,43612,10377,11640,31636,78,8320,9268,2691,4925,88929,802,204,167,107,50,16,2700,489,273,13653,4928,522,7919,58212,6132,374,2864,1321,1160,3906,5323,4725,6395,47,94,25,2607,36,3299,1454,1325,255,19,45,1209,817,2569,15585,7908,54582,4596,36068,50419,23832,50707,24234,46808,332,36493,45734,12105,11893,34505,24951,7384,1473,99,1200,206,1763,2778,121,35,10,36,5262,167,59547,16853,12275,461,230663,60002,6169,38138,37532,1446,686,57253,30235,95465,3989,48095,139,44303,17,334,813,17,690,2177,307,8722,3637,23,1830,1883,1542,2340,1101,5520,3286,181,275,10044,5752,3038,3070,3954,911,1773,2014,996,701,482,357,3091,8196,1750,828,2570,5006,4212,26051,116609,654,5128,3917,2561,2032,1631,1505,2221,1327,56,9820,1241,3082,7413,732,3049,1164,6606,3363,2549,2014,2355,295,1134,884,5949,4917,1974,2118,2017,3578,3547,2608,1668,2787,7789,98,44,987,1805,697,450,17913,302,11049,28,578,93,9049,915,8978,9592,12481,46,3796,110,60,4541,4182,137622,740,2430,4134,1621,47,4759,136,524,1754,28508,10717,4977,1755,56,126,50,32,48,1471,2493,2718,1603,5088,1511,1048,5083,89455,461,3807,142610,997,8790,2306,13955,1193,4788,684,155,4746,1944,2421,2367,1015,808,323,4628,3111,2342,2397,952,2621,2852,35393,58,24169,1967,43,32903,10124,39,491,7627,1208,51,14023,1812,903,179,7007,2262,37773,4732,597,1621,2543,1302,1966,2160,1234,765,15,885,22,3141,131,165,74,201,598,393,1339,46297,1957,18504,9066,1454,970,800,268,34028,149,18848,2852,13160,1826,183,3567,29,45463,8052,14437,58874,6941,44615,356,406,813,2255,993,2114,1926,2462,7104,2247,13,170,2624,4,27,4030,4081,58,174,85,34069,60580,46031,12532,44463,5735,900,107295,124411,20052,58777,99631,106866,294,156,1584,1530,505,2192,782,357,266,938,9659,0.0,0.0,0.0,0.0,0.0,0.0,0.0,0.0,0.0,0.0,0.0,0.0,0.0,0.0,0.0,0.0,0.0,0.0,0.0,0.0,0.0,0.0,0.0,0.0,0.0,0.0,0.0,0.0,0.0,0.0,0.0,0.0,0.0,0.0,0.0,0.0,0.0,0.0,0.0,0.0,0.0,0.0,0.0,0.0,0.0,0.0,0.0,0.0,0.0,0.0,0.0,0.0,0.0,0.0,0.0,0.0,0.0,0.0,0.0,0.0,0.0,0.0,0.0,0.0,0.0,0.0,0.0,0.0,0.0,0.0,0.0,0.0,0.0,0.0,0.0,0.0,0.0,0.0,0.0,0.0,0.0,0.0,0.0,0.0,0.0,0.0,0.0,0.0,0.0,0.0,0.0,0.0,0.0,0.0,0.0,0.0,0.0,0.0,0.0,0.0,0.0,0.0,0.0,0.0,0.0,0.0,0.0,0.0,0.0,0.0,0.0,0.0,0.0,0.0,0.0,0.0,0.0,0.0,0.0,0.0,0.0,0.0,0.0,0.0,0.0,0.0,0.0,0.0,0.0,0.0,0.0,0.0,0.0,0.0,0.0,0.0,0.0,0.0,0.0,0.0,0.0,0.0,0.0,0.0,0.0,0.0,0.0,0.0,0.0,0.0
ENCFF126VIC,0.23705547518676953,6672,121,642,22668,287,65272,2971,202,160,57,156,1503,1224,4427,8829,22242,894,158,3118,1329,23,157,5,20,23,317,52,1636,15851,1065,31,14,162,1358,1253,8,1230,5,3,2380,2902,10,93,12,28,349,2928,12675,4,345,563,957,74,52,1186,25,95,89,54,191,786,623,8541,305,379,16,32,20984,13448,1255,820,499,710,1171,58,885,386,538,612,163,699,866,926,275,486,2024,2,570,491,4,297,74,18,483,525,15075,47483,2498,34,6388,10495,1491,8707,918,381,841,279,310,8,637,1471,1549,226,1532,6592,1316,22164,132,592,639,2112,262,36559,814,1246,559,91,429,52,13,6097,4898,63,19113,4352,2367,5656,8,1808,3287,809,898,22865,696,31,128,10,6,24,586,92,115,2541,916,125,1664,21815,1564,75,885,1223,893,1009,839,844,1268,12,21,20,689,8,835,415,791,288,3,2,232,132,876,2677,1507,11107,1058,10989,11648,4700,15660,4911,9745,215,7103,9394,2081,1997,8070,4431,2648,409,12,474,18,372,784,32,2,14,81,836,91,22781,4989,9361,116,92730,14661,1437,9389,16747,255,157,14812,8473,28501,1801,9503,20,8650,1,62,184,15,239,671,73,1980,644,5,468,463,382,730,281,1672,880,22,75,2173,1488,708,654,950,207,507,504,303,231,171,55,724,2209,763,271,683,1453,1150,5222,28879,31,1313,682,739,521,451,471,607,354,9,3595,359,763,1775,216,864,381,1260,780,702,397,595,15,330,150,1423,1228,525,595,551,822,893,628,450,662,1537,5,8,296,505,109,61,3016,34,1967,0,86,10,1988,163,1955,1708,2932,4,788,14,10,1514,719,61055,109,610,1065,312,4,1386,43,214,361,6341,3451,1348,357,11,30,18,3,7,407,941,524,500,1012,399,335,826,42791,114,940,26559,290,1971,586,3583,144,1220,211,27,949,494,829,861,224,220,50,307,969,706,802,150,770,869,7573,9,5003,444,8,6510,1736,15,108,1405,505,5,2874,462,172,27,2056,674,17467,1809,96,439,802,340,395,653,244,362,4,148,15,753,32,13,46,14,1210,223,399,12989,666,4862,2314,421,283,156,104,5881,8,3331,658,2334,425,44,584,2,9010,1772,2841,11522,1194,12001,76,206,278,576,337,746,511,544,3570,737,3,32,646,12,19,816,783,6,7,16,7373,11604,10976,2544,8501,1259,1659,21607,25047,4918,12234,18710,21765,187,19,459,404,177,597,146,73,59,188,1852,0.0,0.0,0.0,0.0,0.0,0.0,0.0,0.0,0.0,0.0,0.0,0.0,0.0,0.0,0.0,0.0,0.0,0.0,0.0,0.0,0.0,0.0,0.0,0.0,0.0,0.0,0.0,0.0,0.0,0.0,0.0,0.0,0.0,0.0,0.0,0.0,0.0,0.0,0.0,0.0,0.0,0.0,0.0,0.0,0.0,0.0,0.0,0.0,0.0,0.0,0.0,0.0,0.0,0.0,0.0,0.0,0.0,0.0,0.0,0.0,0.0,0.0,0.0,0.0,0.0,0.0,0.0,0.0,0.0,0.0,0.0,0.0,0.0,0.0,0.0,0.0,0.0,0.0,0.0,0.0,0.0,0.0,0.0,0.0,0.0,0.0,0.0,0.0,0.0,0.0,0.0,0.0,0.0,0.0,0.0,0.0,0.0,0.0,0.0,0.0,0.0,0.0,0.0,0.0,0.0,0.0,0.0,0.0,0.0,0.0,0.0,0.0,0.0,0.0,0.0,0.0,0.0,0.0,0.0,0.0,0.0,0.0,0.0,0.0,0.0,0.0,0.0,0.0,0.0,0.0,0.0,0.0,0.0,0.0,0.0,0.0,0.0,0.0,0.0,0.0,0.0,0.0,0.0,0.0,0.0,0.0,0.0,0.0,0.0,0.0
ENCFF000XDR,0.18070482530127469,78967,287,3357,43293,1236,181192,7664,294,664,386,676,3503,5344,8979,15057,46946,3903,593,7171,6795,207,924,135,93,78,993,3921,3696,37941,4655,327,297,571,2087,1771,114,2244,21,28,8825,13626,70,811,65,115,797,6401,30752,475,562,1172,1578,578,382,8196,216,467,464,230,1067,1759,315,15534,230,995,1006,86,52717,51324,9109,1230,759,1861,6671,416,1357,623,856,980,217,1121,1310,4460,451,572,3837,27,946,539,42,1687,351,71,1462,1347,17473,207405,12948,130,34142,48069,2867,41573,1225,678,6980,2285,2424,52,3811,9615,9881,327,5100,39902,3480,54796,799,3095,2912,10521,1369,77621,1467,7452,3778,979,3233,528,191,37915,14575,2326,27921,8990,14778,34317,665,5134,4355,1310,4500,30733,734,793,144,138,45,55,2844,349,731,12592,6025,798,4510,41435,3546,552,1373,2259,1655,3386,4907,4384,6715,84,209,104,1048,40,2005,648,1359,556,89,8,706,883,1135,17940,8402,51502,2396,35406,40238,15818,33037,15047,30505,388,31677,37234,12255,10847,26637,21115,6919,935,849,884,69,525,1024,236,87,45,41,4411,440,38993,12902,16964,532,246018,41041,4109,30999,27434,1475,669,44746,20942,63106,6225,51589,197,52835,77,370,850,185,332,1077,273,4074,2771,51,725,962,676,1074,467,2733,1633,352,299,5414,3401,2335,3214,1308,354,684,832,379,362,299,605,1113,5923,1243,443,1963,2580,2449,10736,26821,2340,2581,3914,1423,994,712,685,1030,568,232,9482,487,931,6304,423,1816,466,4526,1173,1064,624,990,236,502,659,2619,2695,869,1035,809,3001,1725,856,890,993,4256,26,35,467,692,1023,361,18191,258,12642,57,690,133,8045,917,9063,8288,7977,46,3129,186,216,1503,4702,72045,974,2567,2285,1281,196,3074,279,466,931,16837,7824,3717,1898,81,558,207,12,114,772,3292,3762,686,4674,530,504,1666,59055,565,2256,150111,658,7116,1078,6029,4278,2730,311,1684,7642,858,1113,1224,406,446,337,20890,1382,1033,1219,549,1276,1534,29769,134,11673,2656,26,31810,7528,40,360,6747,1047,75,7442,846,1810,365,3406,1283,30042,3270,1155,763,1305,508,1304,1003,1559,258,30,1067,20,2164,244,67,249,875,698,999,901,28151,2950,10251,6930,1831,675,1107,262,46300,383,18115,2294,15061,1862,422,3313,32,37273,6673,11859,51217,2059,22263,318,222,391,1120,577,1227,788,1639,8651,1134,43,570,1105,36,106,4941,5162,19,750,258,30159,44701,32360,7941,41992,4680,443,75808,102202,14147,46305,74144,92847,376,227,779,755,276,900,1950,469,853,865,8271,0.0,0.0,0.0,0.0,0.0,0.0,0.0,0.0,0.0,0.0,0.0,0.0,0.0,0.0,0.0,0.0,0.0,0.0,0.0,0.0,0.0,0.0,0.0,0.0,0.0,0.0,0.0,0.0,0.0,0.0,0.0,0.0,0.0,0.0,0.0,0.0,0.0,0.0,0.0,0.0,0.0,0.0,0.0,0.0,0.0,0.0,0.0,0.0,0.0,0.0,0.0,0.0,0.0,0.0,0.0,0.0,0.0,0.0,0.0,0.0,0.0,0.0,0.0,0.0,0.0,0.0,0.0,0.0,0.0,0.0,0.0,0.0,0.0,0.0,0.0,0.0,0.0,0.0,0.0,0.0,0.0,0.0,0.0,0.0,0.0,0.0,0.0,0.0,0.0,0.0,0.0,0.0,0.0,0.0,0.0,0.0,0.0,0.0,0.0,0.0,0.0,0.0,0.0,0.0,0.0,0.0,0.0,0.0,0.0,0.0,0.0,0.0,0.0,0.0,0.0,0.0,0.0,0.0,0.0,0.0,0.0,0.0,0.0,0.0,0.0,0.0,0.0,0.0,0.0,0.0,0.0,0.0,0.0,0.0,0.0,0.0,0.0,0.0,0.0,0.0,0.0,0.0,0.0,0.0,0.0,0.0,0.0,0.0,0.0,0.0
ENCFF000ZPA,0.20022055551382126,46174,137,4349,44581,1253,142334,6507,338,778,262,750,3785,7495,13208,23342,55184,4848,484,7446,6560,158,783,55,94,92,868,1241,4085,36963,3736,266,266,523,2269,2052,46,2336,20,30,8125,12102,27,658,23,72,782,6637,32217,110,628,1090,1686,489,317,6738,142,434,367,206,973,1862,900,18095,354,612,313,143,61071,57498,8026,1251,893,1534,5568,268,1537,602,1008,1103,290,1261,1452,4118,520,724,4008,34,1100,589,14,1457,262,63,2058,1634,18193,188205,12686,117,33017,45022,3062,39448,1449,806,5664,1718,1875,14,3026,7706,8136,332,5320,35074,4211,59516,961,3736,3096,9956,1532,79680,1700,6422,3127,740,2791,372,107,33599,21025,979,26155,11878,12406,30815,264,4923,4677,1442,3642,53370,706,315,184,124,41,32,2415,355,735,11986,5452,632,4669,47616,4345,449,1367,2450,1837,3234,4261,4035,5879,101,121,74,1234,39,2029,722,1619,2417,48,11,769,820,1229,17130,8213,48833,2655,37680,41614,16025,39051,15272,31312,407,30749,36282,11463,10665,26130,20827,7386,1020,123,954,70,623,1111,257,78,50,53,4356,558,59490,14153,23944,421,240805,44830,4440,32162,35464,1342,673,47886,22064,74099,7873,47841,190,48774,66,346,940,261,323,1187,223,4398,2458,14,834,1162,771,1112,524,3019,1812,264,215,5378,3370,2276,2824,1452,445,839,862,473,434,324,493,1394,6049,1536,483,2120,2799,2526,12568,41819,771,2823,3128,1602,1091,834,782,1119,618,149,8934,547,981,5917,395,1847,505,4349,1374,1162,789,1137,146,602,701,2805,2874,1000,1173,855,2839,1897,874,1046,1247,4242,26,18,497,754,566,123,15825,160,10171,23,642,53,7356,856,7797,7141,8725,63,2990,255,178,2123,4129,107548,724,2354,2422,1243,97,3064,275,356,977,15981,8709,3947,1544,116,132,117,8,70,882,1502,2922,732,4251,643,495,2021,71323,479,2437,140279,704,6765,1313,6407,1441,2949,352,408,5124,868,1272,1345,474,511,311,6486,1456,1153,1390,473,1417,1610,27808,186,11719,2268,67,28798,7866,25,384,6648,970,83,7427,962,1315,353,3870,1337,47470,4249,642,901,1384,499,1341,1128,1405,760,57,1021,40,1891,155,25,202,473,620,1185,996,40059,3484,13124,7835,2114,734,924,302,37952,116,15511,1820,13828,1846,382,3058,42,32382,6346,10352,45709,3467,25714,353,267,424,1012,499,1365,966,1618,10469,1346,50,278,1284,27,66,4718,4712,1,264,209,29402,45974,33620,8675,39564,4883,405,78079,101686,14826,48150,72948,90396,504,226,938,895,215,1055,1366,357,509,797,7740,0.0,0.0,0.0,0.0,0.0,0.0,0.0,0.0,0.0,0.0,0.0,0.0,0.0,0.0,0.0,0.0,0.0,0.0,0.0,0.0,0.0,0.0,0.0,0.0,0.0,0.0,0.0,0.0,0.0,0.0,0.0,0.0,0.0,0.0,0.0,0.0,0.0,0.0,0.0,0.0,0.0,0.0,0.0,0.0,0.0,0.0,0.0,0.0,0.0,0.0,0.0,0.0,0.0,0.0,0.0,0.0,0.0,0.0,0.0,0.0,0.0,0.0,0.0,0.0,0.0,0.0,0.0,0.0,0.0,0.0,0.0,0.0,0.0,0.0,0.0,0.0,0.0,0.0,0.0,0.0,0.0,0.0,0.0,0.0,0.0,0.0,0.0,0.0,0.0,0.0,0.0,0.0,0.0,0.0,0.0,0.0,0.0,0.0,0.0,0.0,0.0,0.0,0.0,0.0,0.0,0.0,0.0,0.0,0.0,0.0,0.0,0.0,0.0,0.0,0.0,0.0,0.0,0.0,0.0,0.0,0.0,0.0,0.0,0.0,0.0,0.0,0.0,0.0,0.0,0.0,0.0,0.0,0.0,0.0,0.0,0.0,0.0,0.0,0.0,0.0,0.0,0.0,0.0,0.0,0.0,0.0,0.0,0.0,0.0,0.0
ENCFF000PDT,0.13911385819617017,127532,80,3317,21176,149,28710,9529,269,270,275,628,2581,1062,2125,9899,6654,1897,631,3100,5612,184,743,107,83,58,1138,10997,2617,15470,3676,307,520,456,1743,1632,411,1979,25,29,6926,11205,49,592,40,29,963,5320,10478,828,546,761,1107,517,379,8437,152,394,373,245,755,1339,68,1534,267,296,2438,62,27013,38989,11032,873,567,2600,7958,321,1060,504,617,727,148,746,1440,3732,349,446,2718,12,649,374,17,1435,258,38,917,734,2481,151838,10140,186,27280,38787,2092,33210,1212,498,5779,1761,2182,8,3000,7970,8044,103,4460,33519,989,13367,96,439,814,8338,205,13768,1078,6094,3130,771,3221,343,141,34869,3612,18237,4949,2320,15871,31515,1693,3833,982,1208,4051,26539,435,1353,62,110,31,21,2490,305,735,10222,4935,692,3441,21982,1620,463,1211,952,851,2482,5591,5594,6656,52,123,52,749,46,1227,462,1076,15902,489,11,819,908,912,15889,7533,44055,1897,20788,26729,12017,18982,12137,23411,200,27678,32056,11280,9315,23206,18569,4824,717,2284,376,66,355,719,196,83,29,41,3749,127,18596,7628,2659,168,126629,28203,4004,23013,5193,1113,574,30602,12324,29817,879,43321,159,45611,67,369,728,142,229,869,201,3179,2467,54,467,670,415,695,357,2660,1547,809,249,4216,2834,1951,3400,912,240,543,509,273,283,257,607,838,3765,683,291,1529,2243,1861,5856,11687,7919,2360,4935,1188,637,570,475,739,336,267,7718,427,674,5373,310,1417,346,3736,778,802,421,684,423,372,702,1940,1868,608,741,575,2840,1345,619,571,736,3152,18,44,337,494,753,311,15828,147,10339,22,500,144,6749,920,7393,6417,5597,40,2655,160,172,1310,4134,26879,1167,2504,2295,1065,351,2414,199,212,842,12517,3872,2648,1490,34,199,103,7,28,522,301,2279,619,3334,380,473,818,25416,670,1707,129668,405,5899,672,4809,12902,2133,232,3239,10581,648,943,1121,335,316,427,42206,1429,729,1241,408,1032,1335,24923,88,9272,2171,45,31324,6459,35,305,6488,823,110,5941,602,2057,313,2956,903,7754,1386,1802,636,1396,373,972,675,1911,501,33,946,41,1730,124,42,224,1406,387,176,367,12262,467,4915,2318,391,306,989,260,38109,851,17863,2939,12813,1772,319,2980,28,30094,5430,9643,43091,1671,5444,398,178,319,1117,364,1041,582,1293,7711,990,38,1119,800,42,38,4480,4620,4,2744,200,25404,36493,24725,6533,35642,4228,372,59165,89438,10182,36645,63486,78913,188,136,590,536,172,627,1406,313,475,680,6460,0.0,0.0,0.0,0.0,0.0,0.0,0.0,0.0,0.0,0.0,0.0,0.0,0.0,0.0,0.0,0.0,0.0,0.0,0.0,0.0,0.0,0.0,0.0,0.0,0.0,0.0,0.0,0.0,0.0,0.0,0.0,0.0,0.0,0.0,0.0,0.0,0.0,0.0,0.0,0.0,0.0,0.0,0.0,0.0,0.0,0.0,0.0,0.0,0.0,0.0,0.0,0.0,0.0,0.0,0.0,0.0,0.0,0.0,0.0,0.0,0.0,0.0,0.0,0.0,0.0,0.0,0.0,0.0,0.0,0.0,0.0,0.0,0.0,0.0,0.0,0.0,0.0,0.0,0.0,0.0,0.0,0.0,0.0,0.0,0.0,0.0,0.0,0.0,0.0,0.0,0.0,0.0,0.0,0.0,0.0,0.0,0.0,0.0,0.0,0.0,0.0,0.0,0.0,0.0,0.0,0.0,0.0,0.0,0.0,0.0,0.0,0.0,0.0,0.0,0.0,0.0,0.0,0.0,0.0,0.0,0.0,0.0,0.0,0.0,0.0,0.0,0.0,0.0,0.0,0.0,0.0,0.0,0.0,0.0,0.0,0.0,0.0,0.0,0.0,0.0,0.0,0.0,0.0,0.0,0.0,0.0,0.0,0.0,0.0,0.0
ENCFF000YCT,0.07241904614098114,2320,28,237,2946,57,5153,353,30,34,20,53,172,287,578,1429,1894,249,35,348,365,10,33,6,3,2,54,71,239,2265,202,21,15,34,123,111,2,126,0,2,464,724,7,41,5,7,29,359,1890,8,65,60,103,27,27,448,10,19,22,10,56,97,29,1013,22,23,13,1,3395,3310,496,86,44,80,393,16,74,35,56,67,9,68,83,265,36,42,217,1,58,36,3,86,12,0,64,84,1356,11135,732,3,1914,2708,147,2377,99,47,343,96,110,2,171,445,462,7,302,2114,194,2053,40,193,162,511,91,3101,80,407,177,38,191,25,10,2046,934,38,2134,579,704,1822,7,292,233,61,237,3655,30,25,4,5,2,3,143,17,42,634,338,52,281,2839,263,19,62,68,57,215,270,235,327,9,7,0,58,3,130,63,176,203,2,0,43,49,66,1040,461,2830,151,1907,2267,949,2340,844,1690,15,1761,2094,678,637,1478,1164,451,57,17,53,9,47,51,18,4,3,4,291,20,2507,889,803,12,15942,2403,234,1853,1835,79,36,2612,1226,3962,364,2741,9,2930,4,20,52,15,16,47,15,248,136,2,43,86,46,62,28,160,107,11,17,267,225,123,168,98,22,64,51,22,27,26,22,95,281,78,22,133,156,124,979,1593,34,152,224,106,66,48,39,59,38,11,502,40,48,375,22,99,38,245,65,88,46,61,10,43,24,184,162,60,77,40,167,83,58,57,61,228,0,2,27,32,45,10,922,5,585,0,32,3,424,56,416,418,481,1,147,11,10,76,225,5035,46,118,119,63,6,156,13,7,38,878,442,205,99,5,7,7,2,2,54,34,155,41,176,38,40,140,4034,34,129,8067,32,390,60,299,78,171,21,27,250,54,73,61,44,27,9,288,77,78,58,31,88,67,1724,2,661,158,2,1730,446,1,20,369,46,2,417,43,78,26,187,79,1620,227,49,65,71,38,58,45,76,31,0,73,1,118,12,1,8,30,15,45,48,2243,166,770,386,134,32,60,13,2420,3,978,119,846,87,15,204,3,1726,339,605,2570,144,1374,9,12,31,47,44,77,43,105,450,57,5,19,88,1,3,274,284,0,17,21,1554,2562,1938,468,2279,303,30,4600,5685,879,2636,4285,5050,21,19,53,58,19,59,82,17,22,28,476,0.0,0.0,0.0,0.0,0.0,0.0,0.0,0.0,0.0,0.0,0.0,0.0,0.0,0.0,0.0,0.0,0.0,0.0,0.0,0.0,0.0,0.0,0.0,0.0,0.0,0.0,0.0,0.0,0.0,0.0,0.0,0.0,0.0,0.0,0.0,0.0,0.0,0.0,0.0,0.0,0.0,0.0,0.0,0.0,0.0,0.0,0.0,0.0,0.0,0.0,0.0,0.0,0.0,0.0,0.0,0.0,0.0,0.0,0.0,0.0,0.0,0.0,0.0,0.0,0.0,0.0,0.0,0.0,0.0,0.0,0.0,0.0,0.0,0.0,0.0,0.0,0.0,0.0,0.0,0.0,0.0,0.0,0.0,0.0,0.0,0.0,0.0,0.0,0.0,0.0,0.0,0.0,0.0,0.0,0.0,0.0,0.0,0.0,0.0,0.0,0.0,0.0,0.0,0.0,0.0,0.0,0.0,0.0,0.0,0.0,0.0,0.0,0.0,0.0,0.0,0.0,0.0,0.0,0.0,0.0,0.0,0.0,0.0,0.0,0.0,0.0,0.0,0.0,0.0,0.0,0.0,0.0,0.0,0.0,0.0,0.0,0.0,0.0,0.0,0.0,0.0,0.0,0.0,0.0,0.0,0.0,0.0,0.0,0.0,0.0
ENCFF511KTN,0.14673410339315454,553552,3124,13041,73931,1100,185305,29688,669,1319,1297,2798,8598,6524,18169,33097,37799,10451,2106,34897,22722,1196,3899,386,570,358,3687,40610,8632,54447,18027,1316,1474,1911,4273,3831,644,7640,134,132,28404,52420,596,3797,54,1113,3268,18947,36440,4564,1310,1677,2692,2474,2525,36242,931,1922,2134,1064,3476,5306,1236,28087,2829,1984,11776,578,159474,186172,38422,2529,1258,10757,30637,1825,3045,990,1554,2025,351,1853,2821,17375,742,818,7906,118,1666,915,133,7294,1467,288,6809,2567,41710,710137,49477,348,131730,177040,8204,151246,3316,1025,27801,8974,8702,140,15992,36340,37143,1333,14761,157786,6394,85933,560,2699,4634,37277,1243,100151,2814,28264,13748,4925,14604,1776,586,152824,26970,23226,89979,20758,73170,138024,6037,14081,24799,2722,18767,92771,2886,8226,202,548,204,169,12083,1977,3304,39929,23941,3322,21212,68570,5807,2860,2865,8820,9657,11456,18953,17273,29304,381,601,346,1965,201,3957,921,7070,780,146,50,3676,3485,2552,72297,33083,196315,6440,96028,126556,51652,66426,46307,82772,1128,119404,135807,49946,41949,101093,85087,25259,2640,7895,4070,245,1004,1618,998,436,232,167,16086,1353,86912,30464,16355,1891,1126520,153695,18039,126154,50171,6146,2408,156000,83441,172563,6237,232133,959,216649,313,1856,3400,856,507,2310,1221,11061,11608,320,989,1739,966,1807,736,6854,3817,2217,1170,15953,11289,8262,17405,2172,431,1130,1567,606,599,517,2759,1921,19649,3446,640,6809,7102,5801,22829,70185,17155,6544,16167,3277,1884,1597,1087,1816,758,1406,37097,1049,1651,22807,812,4999,798,13762,1662,2302,729,1750,1865,774,2811,4973,5083,1457,1701,1271,10334,3983,1428,1375,1580,9626,195,319,725,1054,2940,772,73150,1088,49376,149,2508,619,28201,4133,35260,29592,25567,260,13847,487,1046,12530,18876,180423,4359,9787,7482,4577,881,8072,1502,3053,4423,61145,34814,11121,6859,177,1143,609,95,206,1112,7106,12394,1937,13411,917,1049,4109,90269,2444,4458,540768,2600,26243,2170,16899,41861,8505,631,17565,47564,1295,2618,2756,676,888,1540,199802,3111,2150,2790,1653,2618,3393,114826,366,36317,9052,266,129323,34604,212,1321,24424,4056,210,19721,1594,9033,1566,9345,2613,44946,4365,8555,1441,2812,887,3110,1739,7447,4257,225,4607,177,6612,1939,99,1037,6592,6511,2121,4256,91162,2525,14178,12872,2022,1501,4625,1693,200205,3877,70541,10994,60952,7201,1637,13616,157,150717,25902,46408,203704,8184,38544,1080,2600,676,3027,2449,3011,1183,3578,30149,2593,91,9386,1870,336,259,20932,20807,207,9516,792,111924,153160,100209,29037,157311,17214,3380,226445,366365,42729,148372,266817,341819,849,727,1281,1111,472,1640,7729,1109,2411,3099,26924,0.0,0.0,0.0,0.0,0.0,0.0,0.0,0.0,0.0,0.0,0.0,0.0,0.0,0.0,0.0,0.0,0.0,0.0,0.0,0.0,0.0,0.0,0.0,0.0,0.0,0.0,0.0,0.0,0.0,0.0,0.0,0.0,0.0,0.0,0.0,0.0,0.0,0.0,0.0,0.0,0.0,0.0,0.0,0.0,0.0,0.0,0.0,0.0,0.0,0.0,0.0,0.0,0.0,0.0,0.0,0.0,0.0,0.0,0.0,0.0,0.0,0.0,0.0,0.0,0.0,0.0,0.0,0.0,0.0,0.0,0.0,0.0,0.0,0.0,0.0,0.0,0.0,0.0,0.0,0.0,0.0,0.0,0.0,0.0,0.0,0.0,0.0,0.0,0.0,0.0,0.0,0.0,0.0,0.0,0.0,0.0,0.0,0.0,0.0,0.0,0.0,0.0,0.0,0.0,0.0,0.0,0.0,0.0,0.0,0.0,0.0,0.0,0.0,0.0,0.0,0.0,0.0,0.0,0.0,0.0,0.0,0.0,0.0,0.0,0.0,0.0,0.0,0.0,0.0,0.0,0.0,0.0,0.0,0.0,0.0,0.0,0.0,0.0,0.0,0.0,0.0,0.0,0.0,0.0,0.0,0.0,0.0,0.0,0.0,0.0
ENCFF228JTT,0.116509584572677,333026,13366,16987,58819,799,139796,41359,863,1065,1426,3897,10278,3856,14219,25874,18458,10371,2673,42900,28070,1596,4771,532,813,658,4151,17226,9008,38033,22201,1510,1062,3378,4758,4282,340,8976,199,237,35921,62632,634,4123,62,4535,4329,21148,29010,1571,1456,1384,2307,2967,2285,45963,1159,2335,2564,1526,4173,5747,1005,23870,3579,2910,4312,772,179125,225241,47237,2634,1102,6108,40028,2101,3182,807,1386,1989,285,1531,3316,20580,560,721,8307,181,1446,852,153,8576,1763,535,8964,2524,30538,850288,61424,415,160899,221269,9245,188822,3934,853,35342,11263,13985,148,20489,49888,49919,2196,18243,185762,5912,76866,466,1820,4363,44346,820,70866,2986,35292,17004,6400,17803,2000,652,190637,21649,9395,66637,17575,86148,167548,2692,16319,27015,2921,18996,69692,3755,3391,219,631,188,261,14518,2570,4888,48098,29802,4110,25371,53571,5915,2912,3050,12792,14464,13930,25659,23015,41122,482,878,537,1735,187,4039,803,8811,1878,109,93,2063,5843,2865,89521,38931,234945,7198,106986,151732,61484,70609,56366,93139,1189,148501,167807,61825,51347,125089,106513,34249,3297,2688,5160,235,780,1508,1161,532,328,408,20248,995,74777,34462,7899,2468,2659703,186555,18272,153964,42017,7421,3429,190410,104642,190917,3701,285631,1274,276401,244,2009,4763,1083,356,2633,1771,12484,14109,415,815,1558,746,1522,751,8026,4127,3630,1408,17642,14863,9537,23854,1919,366,939,1365,514,415,443,4539,1731,26375,3371,522,7672,8194,6758,21691,84230,8210,7289,21452,3518,2148,1786,988,1774,653,2450,44939,931,1558,29320,680,5570,694,16831,1381,2389,704,1593,3623,621,2481,4840,4949,1275,1445,1230,12831,4510,1322,1246,1396,9820,246,177,602,932,3520,534,88612,1135,61689,144,3004,503,33021,4862,46508,37644,31221,254,15707,523,1140,16569,22908,198338,4191,11768,9292,5223,296,9574,2001,4986,5691,70408,43761,12382,8606,213,1430,877,150,283,991,10074,14923,2325,16234,826,907,3348,65273,1376,4507,660359,5850,31340,1938,18549,19826,9013,642,5506,31501,1153,2984,3182,682,918,1369,82141,3614,2232,3139,1830,2865,3661,141455,529,43451,11256,279,164194,42512,396,1764,30575,5213,270,21803,1298,9448,1820,11053,2434,39520,4666,5584,1411,3132,845,2752,1604,9569,4816,263,5313,171,8840,1718,93,1324,4180,9624,1955,5462,77025,1820,13584,12714,1561,1831,6414,2391,234934,1382,86981,6314,73802,9244,1854,16019,246,191528,36403,56188,268891,11264,31793,723,3866,614,2001,8148,3446,1064,4089,36107,2835,82,5242,1583,413,359,25256,25073,256,4579,955,140514,189878,118489,33451,191452,21644,4066,265065,458522,52253,182553,328871,417787,910,949,1114,971,457,1362,10073,1458,2725,3617,31929,0.0,0.0,0.0,0.0,0.0,0.0,0.0,0.0,0.0,0.0,0.0,0.0,0.0,0.0,0.0,0.0,0.0,0.0,0.0,0.0,0.0,0.0,0.0,0.0,0.0,0.0,0.0,0.0,0.0,0.0,0.0,0.0,0.0,0.0,0.0,0.0,0.0,0.0,0.0,0.0,0.0,0.0,0.0,0.0,0.0,0.0,0.0,0.0,0.0,0.0,0.0,0.0,0.0,0.0,0.0,0.0,0.0,0.0,0.0,0.0,0.0,0.0,0.0,0.0,0.0,0.0,0.0,0.0,0.0,0.0,0.0,0.0,0.0,0.0,0.0,0.0,0.0,0.0,0.0,0.0,0.0,0.0,0.0,0.0,0.0,0.0,0.0,0.0,0.0,0.0,0.0,0.0,0.0,0.0,0.0,0.0,0.0,0.0,0.0,0.0,0.0,0.0,0.0,0.0,0.0,0.0,0.0,0.0,0.0,0.0,0.0,0.0,0.0,0.0,0.0,0.0,0.0,0.0,0.0,0.0,0.0,0.0,0.0,0.0,0.0,0.0,0.0,0.0,0.0,0.0,0.0,0.0,0.0,0.0,0.0,0.0,0.0,0.0,0.0,0.0,0.0,0.0,0.0,0.0,0.0,0.0,0.0,0.0,0.0,0.0
ENCFF000WAD,0.02910053500845922,1529,13,170,1942,50,4044,217,6,23,9,21,87,253,442,883,1394,186,15,214,249,12,46,4,0,0,21,14,120,1649,137,16,11,14,61,49,1,82,4,3,260,627,1,41,1,3,25,226,1154,0,66,20,31,30,17,454,5,26,12,6,45,59,12,827,19,8,2,4,2780,2226,452,37,21,49,372,9,37,14,21,25,8,30,33,188,21,17,98,0,31,18,0,73,5,2,72,41,897,8236,624,4,1690,2130,79,1867,76,16,273,99,76,0,356,607,601,3,264,1849,143,1507,53,169,114,461,97,2141,42,313,109,38,166,27,5,1732,820,11,1060,490,661,1840,0,170,95,25,168,2081,18,15,2,5,0,0,117,13,24,506,299,28,197,1946,361,22,40,61,49,124,254,224,398,4,4,1,27,0,61,24,189,115,0,1,19,40,20,1095,386,2180,102,1448,1644,570,1972,573,1106,9,1365,1497,548,514,1021,1013,296,36,2,36,4,12,22,11,5,1,2,181,12,2159,516,652,7,11527,4527,252,1438,1339,69,21,2001,677,2655,289,2357,8,2513,3,25,54,13,4,17,5,138,158,0,22,23,16,21,9,74,37,146,9,198,296,59,142,24,4,22,11,12,14,13,39,43,192,42,17,86,88,74,599,2290,12,95,223,41,23,15,7,26,17,18,318,17,21,298,4,64,13,177,23,25,20,25,17,19,21,71,92,22,32,23,136,59,22,31,27,131,1,0,23,12,35,13,776,4,512,0,27,3,333,41,305,273,304,3,101,1,6,36,229,3383,33,101,89,53,0,69,14,6,24,466,233,141,80,0,5,12,1,4,17,37,119,18,331,26,23,112,2668,19,57,7818,11,309,28,165,22,107,13,4,174,13,19,25,18,18,10,55,32,20,32,10,31,27,1266,3,466,118,0,1476,434,0,26,276,29,1,267,29,61,19,92,26,664,182,34,25,30,4,39,20,69,23,0,53,0,76,2,1,11,22,14,38,27,1527,178,421,272,84,23,35,8,1987,1,749,61,732,58,12,140,0,1968,467,380,3428,197,895,8,6,13,23,11,30,21,64,225,28,1,10,30,0,1,237,243,0,7,13,2095,2225,1320,309,2430,401,22,3820,4753,598,2064,3600,4894,20,11,32,16,5,24,139,9,24,22,275,0.0,0.0,0.0,0.0,0.0,0.0,0.0,0.0,0.0,0.0,0.0,0.0,0.0,0.0,0.0,0.0,0.0,0.0,0.0,0.0,0.0,0.0,0.0,0.0,0.0,0.0,0.0,0.0,0.0,0.0,0.0,0.0,0.0,0.0,0.0,0.0,0.0,0.0,0.0,0.0,0.0,0.0,0.0,0.0,0.0,0.0,0.0,0.0,0.0,0.0,0.0,0.0,0.0,0.0,0.0,0.0,0.0,0.0,0.0,0.0,0.0,0.0,0.0,0.0,0.0,0.0,0.0,0.0,0.0,0.0,0.0,0.0,0.0,0.0,0.0,0.0,0.0,0.0,0.0,0.0,0.0,0.0,0.0,0.0,0.0,0.0,0.0,0.0,0.0,0.0,0.0,0.0,0.0,0.0,0.0,0.0,0.0,0.0,0.0,0.0,0.0,0.0,0.0,0.0,0.0,0.0,0.0,0.0,0.0,0.0,0.0,0.0,0.0,0.0,0.0,0.0,0.0,0.0,0.0,0.0,0.0,0.0,0.0,0.0,0.0,0.0,0.0,0.0,0.0,0.0,0.0,0.0,0.0,0.0,0.0,0.0,0.0,0.0,0.0,0.0,0.0,0.0,0.0,0.0,0.0,0.0,0.0,0.0,0.0,0.0
ENCFF013EWP,0.15277157136956201,1577886,18298,22584,238237,2711,313039,41627,1122,1923,1566,3943,14741,13900,31162,79257,99654,14839,2572,36048,31643,1216,3964,377,377,449,4736,146353,15371,135805,20012,1722,6247,3785,9414,8222,3799,10565,188,547,47189,60677,697,3636,160,4400,4101,30254,102418,14953,2724,4281,6292,2352,1912,42936,1033,1960,2097,1419,5225,7412,3262,64026,1624,5629,40039,763,249525,264755,45567,5894,3209,31754,41382,1545,6470,2439,3459,4123,872,4159,6469,20730,2084,2196,16319,77,3837,2163,167,7651,1254,279,10980,5839,87524,960655,61112,718,163957,227651,13642,196273,6958,2616,31557,10832,11398,114,18447,46443,46708,1512,23861,186538,10891,147463,1743,8013,8697,47796,3708,213502,6535,34620,17077,5450,16496,2087,778,184630,44159,89377,154413,32027,81693,152104,18970,22004,20319,6915,31184,163630,3157,17967,506,613,161,254,12726,2122,5191,54889,26335,3280,23419,236958,15683,2560,6023,11294,9219,15746,24399,21618,41572,385,736,555,4376,112,7579,2632,11382,1222999,2323,48,10623,4977,5541,90512,40275,269206,10812,138981,178795,75373,131140,68053,129726,1452,155334,182297,61866,50186,141346,109150,44759,4539,26023,4527,326,2161,3932,1085,231,322,492,21328,1319,178819,56521,37471,1587,2925600,205799,33433,150537,113264,6656,3566,213521,108427,288972,16197,260606,892,259589,119,1974,5455,1488,1227,5015,3014,18164,14041,338,2848,4070,2410,4033,1753,13845,7583,4041,1348,22710,16712,10497,20828,5143,1234,2754,3010,1437,1712,1240,3984,4721,30622,5509,1591,8776,12473,10931,57607,139030,82207,11650,22567,6534,4183,3582,2757,4121,2054,2065,51892,2180,3984,31498,1589,7990,1766,20789,4317,4673,2237,4013,3573,1963,5803,10800,11009,3462,4052,3078,13869,7010,3587,3295,3835,17999,171,162,1707,2631,3094,1210,87316,965,62265,121,3085,1372,36102,4991,44671,38089,40781,135,15386,389,1174,7911,21777,320621,12135,18792,12898,5626,5839,14834,1319,3025,5051,78529,40210,15103,8296,380,1583,645,152,166,2898,11416,14097,3722,19639,2263,2067,7424,290052,6504,9447,680221,5413,31076,4443,27358,150325,12664,1292,56685,145013,3333,5710,5996,1532,1809,3162,634741,6831,4472,6226,2646,6243,6659,138469,291,51906,12170,240,161731,39197,484,1926,33265,5977,137,31664,3536,9240,1535,16854,5653,128228,15741,30377,3279,5774,1746,5159,3815,8178,3855,196,5997,118,11841,1498,192,991,15585,7295,3175,4577,153037,7314,42454,24563,5036,2926,5772,1362,206274,13431,90847,28040,69338,8090,1547,15649,250,185253,33639,59718,281204,11430,67772,2716,2380,1664,12699,11347,5997,3069,7295,40769,5736,154,16670,4242,253,245,24223,23025,85,30036,1203,146222,215837,151620,41218,198104,23931,2991,387552,496584,66173,218385,364483,451745,1496,1026,3003,2878,985,3599,9215,1569,2478,4016,36772,0.0,0.0,0.0,0.0,0.0,0.0,0.0,0.0,0.0,0.0,0.0,0.0,0.0,0.0,0.0,0.0,0.0,0.0,0.0,0.0,0.0,0.0,0.0,0.0,0.0,0.0,0.0,0.0,0.0,0.0,0.0,0.0,0.0,0.0,0.0,0.0,0.0,0.0,0.0,0.0,0.0,0.0,0.0,0.0,0.0,0.0,0.0,0.0,0.0,0.0,0.0,0.0,0.0,0.0,0.0,0.0,0.0,0.0,0.0,0.0,0.0,0.0,0.0,0.0,0.0,0.0,0.0,0.0,0.0,0.0,0.0,0.0,0.0,0.0,0.0,0.0,0.0,0.0,0.0,0.0,0.0,0.0,0.0,0.0,0.0,0.0,0.0,0.0,0.0,0.0,0.0,0.0,0.0,0.0,0.0,0.0,0.0,0.0,0.0,0.0,0.0,0.0,0.0,0.0,0.0,0.0,0.0,0.0,0.0,0.0,0.0,0.0,0.0,0.0,0.0,0.0,0.0,0.0,0.0,0.0,0.0,0.0,0.0,0.0,0.0,0.0,0.0,0.0,0.0,0.0,0.0,0.0,0.0,0.0,0.0,0.0,0.0,0.0,0.0,0.0,0.0,0.0,0.0,0.0,0.0,0.0,0.0,0.0,0.0,0.0
ENCFF002ACY,0.12456334654152672,30236,84,2665,29679,489,63017,5237,265,260,233,359,3052,1923,4824,13963,15237,2338,371,3104,4760,241,636,58,13,11,750,75,2928,19104,3036,225,139,386,2069,2172,23,2770,5,3,7479,10900,30,553,33,14,1408,5782,18959,14,444,879,1126,430,311,8803,127,289,311,143,617,1092,327,11222,211,375,33,11,41232,45505,9014,1187,580,918,6777,224,1663,380,662,878,162,791,1710,4010,394,448,3403,12,696,385,28,1277,458,53,1538,1273,9389,148619,8786,96,24584,36395,2757,31881,1699,509,5818,1848,1885,19,3809,8887,8228,76,4561,31579,2230,23547,423,1717,1493,8097,686,34378,1678,6337,2486,673,2597,335,86,28611,6360,78,17539,5257,15858,26315,45,4541,1400,1411,3329,28008,173,182,60,113,15,18,1767,260,403,9275,3956,547,2997,31196,3043,365,1371,715,632,2607,5149,4265,6856,62,146,13,846,13,1518,476,1079,185,18,10,441,625,1312,15157,6171,39287,1988,22621,29948,13226,27151,13460,25459,160,25248,30433,11251,8200,24004,16657,5734,944,27,844,41,398,679,160,57,11,24,3498,142,35742,11222,5005,1215,166404,30290,2789,23325,19568,914,462,34398,15000,48291,2495,38536,140,39907,60,364,530,21,234,1179,227,3774,2437,57,557,708,471,744,347,3473,2008,1234,172,4068,3582,1747,3677,981,288,528,677,288,273,197,937,961,5097,920,292,1498,2697,2348,12063,22918,154,2847,4451,1055,996,838,485,846,405,781,7331,337,628,5890,347,1574,339,3879,917,1108,520,757,538,378,406,2046,2088,646,745,578,2945,1258,597,652,777,3262,21,44,274,490,672,171,15416,82,10829,15,492,77,6536,933,8947,6293,7203,17,2108,64,161,761,3392,40850,597,1504,3234,862,22,2859,142,194,615,12574,4669,2230,1223,21,150,103,19,30,538,753,2100,1120,3813,425,373,1627,38086,307,1837,116213,368,5956,989,5618,368,2044,243,51,2982,666,1348,1482,297,345,184,844,1735,950,1689,449,1379,1815,24929,47,10159,2055,18,32184,6578,252,244,5387,484,30,5633,658,1274,240,3852,1154,21012,3174,467,622,1423,336,1023,672,1161,228,27,987,18,2405,435,16,128,289,128,402,551,24128,1541,7604,4435,989,403,1086,126,36075,44,13286,1288,11872,1101,254,2497,10,23789,5168,8931,38588,1487,15056,206,116,282,646,285,1415,601,1373,6973,1305,39,180,891,9,19,3731,4165,3,83,173,21271,32881,28581,5511,29497,3532,361,58693,77897,13653,34341,56747,68219,204,182,605,573,163,754,1325,356,432,508,6291,0.0,0.0,0.0,0.0,0.0,0.0,0.0,0.0,0.0,0.0,0.0,0.0,0.0,0.0,0.0,0.0,0.0,0.0,0.0,0.0,0.0,0.0,0.0,0.0,0.0,0.0,0.0,0.0,0.0,0.0,0.0,0.0,0.0,0.0,0.0,0.0,0.0,0.0,0.0,0.0,0.0,0.0,0.0,0.0,0.0,0.0,0.0,0.0,0.0,0.0,0.0,0.0,0.0,0.0,0.0,0.0,0.0,0.0,0.0,0.0,0.0,0.0,0.0,0.0,0.0,0.0,0.0,0.0,0.0,0.0,0.0,0.0,0.0,0.0,0.0,0.0,0.0,0.0,0.0,0.0,0.0,0.0,0.0,0.0,0.0,0.0,0.0,0.0,0.0,0.0,0.0,0.0,0.0,0.0,0.0,0.0,0.0,0.0,0.0,0.0,0.0,0.0,0.0,0.0,0.0,0.0,0.0,0.0,0.0,0.0,0.0,0.0,0.0,0.0,0.0,0.0,0.0,0.0,0.0,0.0,0.0,0.0,0.0,0.0,0.0,0.0,0.0,0.0,0.0,0.0,0.0,0.0,0.0,0.0,0.0,0.0,0.0,0.0,0.0,0.0,0.0,0.0,0.0,0.0,0.0,0.0,0.0,0.0,0.0,0.0
ENCFF000YZH,0.07337248589043252,29313,151,2263,20931,381,50373,9948,123,250,254,612,1568,1546,3803,10970,12038,2152,368,5067,5036,220,645,93,55,112,494,355,1687,14165,2827,241,187,346,1073,963,12,1465,22,72,7182,8931,21,438,5,59,504,3835,9286,28,427,417,564,344,263,5551,133,312,778,180,640,822,169,6333,232,323,85,57,30694,37340,6233,538,295,605,6098,167,690,206,294,445,97,382,795,2760,199,220,1608,14,380,221,15,1214,140,27,869,608,8949,133884,9777,59,26252,32716,1533,28297,794,237,4454,1425,1420,17,2465,6322,6912,746,3430,26287,1381,16614,284,1237,1350,7277,506,19379,836,5548,2856,653,2420,308,80,27673,5704,675,9517,4008,17984,22518,108,2678,2534,620,2409,24023,440,189,86,82,15,31,1810,261,482,9542,4464,643,3109,21411,1674,366,609,2234,1583,2021,3914,3634,4898,58,113,78,441,23,860,263,2569,3615,5,5,207,614,589,12944,5998,35108,1446,19247,25339,10284,17953,8592,16322,145,22307,25188,8761,8125,20234,15733,6415,608,98,701,21,207,367,171,45,31,226,3241,101,18666,7387,3946,195,177518,29190,2553,22266,10863,1047,743,29355,14766,35967,2645,44405,172,46290,32,374,712,55,103,555,196,1829,1746,21,235,356,247,398,161,1767,998,218,202,2868,2013,1302,2836,459,118,246,291,143,119,110,424,420,3608,840,129,1071,1443,1164,4869,11976,297,1359,2474,691,449,364,262,423,210,96,9696,198,321,3944,168,896,157,2381,387,511,214,326,143,159,281,1042,1125,323,404,266,1732,732,274,296,369,1773,19,52,185,222,469,241,12782,154,8675,48,542,45,4797,761,7387,5479,5341,6,2222,73,166,1190,3050,39100,473,2504,1525,856,28,1918,153,438,565,9209,5408,1504,1278,133,212,105,7,35,272,1394,2349,430,3047,214,219,778,26115,176,982,104115,538,4474,467,3250,597,1865,137,158,2956,329,692,697,145,173,159,2405,761,503,714,279,618,801,20145,64,6206,1762,50,23158,5959,24,248,4619,1686,60,3676,357,1159,268,2059,584,8734,1859,376,342,672,162,610,355,1257,412,21,841,42,1285,138,9,182,305,793,368,503,20198,1101,4525,3305,739,448,910,345,32699,79,12663,993,11029,1528,239,2371,21,23159,4466,7237,31637,2248,7180,122,349,170,370,248,650,288,507,5585,575,9,234,433,45,40,4020,3683,9,111,130,22816,30433,19580,5677,29728,3473,274,48681,69243,8681,30898,49499,65341,203,166,299,275,94,359,1237,341,404,548,5417,0.0,0.0,0.0,0.0,0.0,0.0,0.0,0.0,0.0,0.0,0.0,0.0,0.0,0.0,0.0,0.0,0.0,0.0,0.0,0.0,0.0,0.0,0.0,0.0,0.0,0.0,0.0,0.0,0.0,0.0,0.0,0.0,0.0,0.0,0.0,0.0,0.0,0.0,0.0,0.0,0.0,0.0,0.0,0.0,0.0,0.0,0.0,0.0,0.0,0.0,0.0,0.0,0.0,0.0,0.0,0.0,0.0,0.0,0.0,0.0,0.0,0.0,0.0,0.0,0.0,0.0,0.0,0.0,0.0,0.0,0.0,0.0,0.0,0.0,0.0,0.0,0.0,0.0,0.0,0.0,0.0,0.0,0.0,0.0,0.0,0.0,0.0,0.0,0.0,0.0,0.0,0.0,0.0,0.0,0.0,0.0,0.0,0.0,0.0,0.0,0.0,0.0,0.0,0.0,0.0,0.0,0.0,0.0,0.0,0.0,0.0,0.0,0.0,0.0,0.0,0.0,0.0,0.0,0.0,0.0,0.0,0.0,0.0,0.0,0.0,0.0,0.0,0.0,0.0,0.0,0.0,0.0,0.0,0.0,0.0,0.0,0.0,0.0,0.0,0.0,0.0,0.0,0.0,0.0,0.0,0.0,0.0,0.0,0.0,0.0
ENCFF001GXI,0.16237242675098365,21233,49,1630,19316,322,43571,2644,118,246,111,415,1654,2173,4274,9872,15865,1593,240,2727,3565,92,363,51,46,48,332,497,1468,11505,1945,112,74,212,1015,817,14,876,14,86,3961,5136,28,332,18,29,332,2630,10928,73,239,488,632,220,147,3096,88,151,171,79,336,751,191,7094,143,140,146,51,24374,23494,3784,517,341,637,2283,132,580,238,351,403,97,452,548,1756,185,245,1734,10,383,239,8,531,82,19,798,633,7891,82326,4939,51,13782,20011,1219,17353,1136,308,2736,806,1289,15,1561,4635,4602,59,2438,15493,1294,16233,230,944,1003,4106,406,24139,630,3350,1913,464,1235,187,72,15368,7882,457,10433,4027,5187,13676,90,2162,1548,550,1649,24496,230,159,51,47,17,12,1089,177,926,5573,2332,302,1962,19515,1615,182,486,472,505,1329,3310,2635,2692,27,68,19,475,18,832,287,1775,1527,12,6,234,325,445,7777,3368,21027,1047,14668,16110,7173,14834,6495,12949,148,13813,16215,4857,4261,12083,8615,2554,402,108,314,37,213,406,89,32,7,25,2107,157,19751,5795,6118,115,87792,19085,1736,12646,12758,548,806,18969,8661,28598,2067,21603,83,21293,24,146,490,111,149,423,95,1920,1053,169,306,425,268,458,189,1129,676,92,101,2177,1380,926,1327,573,166,288,306,164,153,134,225,485,2685,631,180,967,1081,1022,5142,18630,349,1061,1754,597,379,315,305,433,233,67,3461,241,375,2365,143,741,211,1867,473,487,273,462,203,179,307,1100,1095,388,423,333,1090,755,344,366,427,1840,7,20,189,297,366,104,7604,66,5601,6,272,26,2959,377,3866,3276,3509,20,1282,65,73,831,1983,39320,318,940,966,521,42,1222,91,98,367,7514,3524,1776,651,23,63,46,2,20,331,467,1203,265,1688,229,215,995,25982,176,941,58613,254,3379,440,2517,619,1160,146,228,2053,381,468,476,176,188,124,2628,592,475,494,261,493,605,11908,56,4790,1027,9,12370,3102,18,136,2690,312,25,3068,397,801,156,1476,509,15548,1650,297,398,466,197,520,403,726,291,15,486,15,1070,83,8,83,185,284,340,423,22148,878,4651,2644,611,247,505,99,19917,75,7393,768,5853,699,160,1332,19,14749,3291,5019,22187,1431,8599,124,171,153,392,212,526,359,633,3680,488,15,129,485,7,15,2261,2139,12,116,98,11729,19522,14498,3498,16374,1962,307,38489,42938,6387,20255,31814,37700,150,86,325,286,100,401,741,144,212,313,3458,0.0,0.0,0.0,0.0,0.0,0.0,0.0,0.0,0.0,0.0,0.0,0.0,0.0,0.0,0.0,0.0,0.0,0.0,0.0,0.0,0.0,0.0,0.0,0.0,0.0,0.0,0.0,0.0,0.0,0.0,0.0,0.0,0.0,0.0,0.0,0.0,0.0,0.0,0.0,0.0,0.0,0.0,0.0,0.0,0.0,0.0,0.0,0.0,0.0,0.0,0.0,0.0,0.0,0.0,0.0,0.0,0.0,0.0,0.0,0.0,0.0,0.0,0.0,0.0,0.0,0.0,0.0,0.0,0.0,0.0,0.0,0.0,0.0,0.0,0.0,0.0,0.0,0.0,0.0,0.0,0.0,0.0,0.0,0.0,0.0,0.0,0.0,0.0,0.0,0.0,0.0,0.0,0.0,0.0,0.0,0.0,0.0,0.0,0.0,0.0,0.0,0.0,0.0,0.0,0.0,0.0,0.0,0.0,0.0,0.0,0.0,0.0,0.0,0.0,0.0,0.0,0.0,0.0,0.0,0.0,0.0,0.0,0.0,0.0,0.0,0.0,0.0,0.0,0.0,0.0,0.0,0.0,0.0,0.0,0.0,0.0,0.0,0.0,0.0,0.0,0.0,0.0,0.0,0.0,0.0,0.0,0.0,0.0,0.0,0.0
ENCFF071WQZ,0.12327292095735572,131043,87,2322,24711,255,59002,14580,396,677,246,873,5794,1875,3274,11930,11511,1903,1223,4728,5041,149,823,64,178,122,1379,8893,3194,12894,4006,161,66,519,2632,3117,23,3145,43,20,8012,10308,130,339,80,11,773,6877,14452,675,1125,1422,1475,203,426,7511,60,442,255,377,1379,3926,117,6589,126,216,2393,679,26947,42644,6229,1335,796,2145,8022,68,2025,679,817,927,270,1293,2715,2580,497,762,4011,58,968,883,39,1226,620,53,2049,556,5174,135749,8269,154,23384,38119,3089,32407,2466,761,5002,1997,2484,50,4272,8909,10352,338,5106,34212,848,17885,79,330,530,5969,152,26189,1262,5757,2487,580,2512,184,214,36340,3457,3352,11566,4722,18477,31399,252,4728,3701,1940,3566,21028,392,709,62,101,50,10,1965,529,1854,9974,4083,275,3024,23045,1198,344,2224,2780,2210,2514,4921,6373,7221,70,121,48,1113,71,1236,558,747,397,10,12,526,438,2094,12000,5875,37697,2674,16415,26716,9647,20267,12999,23030,180,23818,29728,9888,9344,25535,17330,3751,1023,590,143,24,781,1262,152,46,41,81,4217,297,23999,5887,5124,444,129118,25272,3757,18650,10519,1285,719,25617,10469,29509,1173,42194,109,42667,156,263,1678,177,365,1270,314,4438,2578,77,786,747,728,1144,616,4005,1783,324,253,5213,3820,1816,4426,1809,344,1100,893,517,304,248,401,1076,3742,674,389,1292,4080,2505,4958,24310,8127,3257,4188,1299,1149,1078,690,1028,499,146,8083,662,1833,6185,369,1846,645,4163,1889,1400,1032,1064,308,522,465,2727,1993,1005,862,809,2691,2059,1091,637,1127,2965,24,18,422,929,1055,280,13673,208,9421,38,216,132,5496,779,7714,6371,6389,58,2584,247,69,825,3328,46538,967,1897,3816,1161,89,3892,181,825,1732,16813,5239,13672,1640,129,315,222,20,117,688,723,2001,1269,4507,766,530,1162,36596,294,1932,116865,457,6042,1084,7304,9475,2179,347,1013,6413,848,2118,1716,410,299,121,85054,3323,1270,1519,482,1522,1838,24516,198,14177,1355,63,32812,8478,35,487,6632,1013,265,6886,793,1611,334,5133,1148,21254,1036,1257,866,1539,821,879,1025,1746,501,34,1396,42,2296,212,264,90,559,416,150,521,14117,459,4704,2257,336,819,1112,262,38769,453,10622,1277,10978,1907,46,2490,30,29883,5761,9143,37963,1270,12612,110,231,499,1177,639,2220,881,1225,2800,1171,14,151,1149,24,61,3323,3342,10,462,135,25336,26910,20941,5288,27849,4234,416,49253,70190,9269,27353,56126,68426,143,73,762,723,357,965,1015,713,337,801,6306,0.0,0.0,0.0,0.0,0.0,0.0,0.0,0.0,0.0,0.0,0.0,0.0,0.0,0.0,0.0,0.0,0.0,0.0,0.0,0.0,0.0,0.0,0.0,0.0,0.0,0.0,0.0,0.0,0.0,0.0,0.0,0.0,0.0,0.0,0.0,0.0,0.0,0.0,0.0,0.0,0.0,0.0,0.0,0.0,0.0,0.0,0.0,0.0,0.0,0.0,0.0,0.0,0.0,0.0,0.0,0.0,0.0,0.0,0.0,0.0,0.0,0.0,0.0,0.0,0.0,0.0,0.0,0.0,0.0,0.0,0.0,0.0,0.0,0.0,0.0,0.0,0.0,0.0,0.0,0.0,0.0,0.0,0.0,0.0,0.0,0.0,0.0,0.0,0.0,0.0,0.0,0.0,0.0,0.0,0.0,0.0,0.0,0.0,0.0,0.0,0.0,0.0,0.0,0.0,0.0,0.0,0.0,0.0,0.0,0.0,0.0,0.0,0.0,0.0,0.0,0.0,0.0,0.0,0.0,0.0,0.0,0.0,0.0,0.0,0.0,0.0,0.0,0.0,0.0,0.0,0.0,0.0,0.0,0.0,0.0,0.0,0.0,0.0,0.0,0.0,0.0,0.0,0.0,0.0,0.0,0.0,0.0,0.0,0.0,0.0
ENCFF000XDX,0.1085782708811247,20351,60,1536,8233,241,35484,7215,98,209,170,394,1209,1089,2041,3814,7993,1415,319,2935,3403,146,487,189,84,124,396,176,1149,6625,2642,185,122,240,670,610,6,1060,51,14,4143,6768,34,335,6,22,391,2622,3743,13,288,296,405,322,254,4205,125,297,734,195,905,660,41,1763,105,273,38,47,16740,24717,4956,362,213,494,3508,154,445,174,213,257,51,316,514,2208,133,152,1147,21,278,158,43,975,204,49,635,370,2629,97498,7044,71,18332,24309,1155,20591,480,168,3540,1107,1257,33,2020,4994,5218,230,2165,20140,1003,11297,198,758,779,5127,364,10503,438,4144,2079,551,1945,332,112,21197,3368,152,4425,2204,8885,17460,31,1981,1548,411,1889,8343,309,160,19,81,22,36,1419,230,290,6175,3638,450,2364,8147,790,331,425,1059,747,1488,3030,2554,3983,63,194,81,270,29,522,198,795,688,7,0,141,495,447,9529,4440,26429,1008,13655,18789,6974,8884,6324,12088,159,15852,18501,6530,6257,12973,11739,3333,454,43,412,12,128,226,221,137,43,182,2214,105,8871,4060,2591,168,93207,18816,1704,15476,4145,855,388,18986,9119,19495,1565,32783,139,34005,120,191,474,109,119,365,149,1598,1291,39,163,264,143,225,140,1044,650,229,151,2048,1553,993,2002,338,74,190,205,110,116,75,305,312,2239,468,118,840,899,780,2179,2658,157,1054,1911,481,287,209,160,269,131,97,5193,157,255,3198,108,694,124,1871,290,341,149,269,225,135,189,768,784,230,250,205,1403,603,239,218,219,1137,29,42,140,181,909,174,10082,281,6638,40,328,124,3652,546,4939,4272,3367,46,1563,254,115,1090,2489,19943,421,1320,1016,607,7,1033,169,312,399,6809,3213,1272,1020,210,240,133,13,140,207,1242,1732,291,2112,160,140,423,10149,152,696,77061,231,3368,311,2054,260,1060,112,81,2027,215,419,519,121,137,151,1259,464,331,467,173,376,498,14904,177,4651,1516,53,16975,4466,31,171,3320,664,200,2725,219,1096,301,1263,365,4044,623,328,239,428,141,399,270,1198,390,48,587,59,981,179,19,179,216,354,305,401,8481,718,2241,1791,434,171,761,399,26443,31,9294,687,8329,1120,211,1722,27,18093,3369,5441,24412,613,3585,73,273,131,264,163,447,187,437,4527,422,19,151,276,50,70,2759,2844,10,46,149,15800,19710,13080,3555,21737,2397,238,30201,48243,5654,20506,34382,46773,117,128,198,201,69,240,1264,224,353,426,3794,0.0,0.0,0.0,0.0,0.0,0.0,0.0,0.0,0.0,0.0,0.0,0.0,0.0,0.0,0.0,0.0,0.0,0.0,0.0,0.0,0.0,0.0,0.0,0.0,0.0,0.0,0.0,0.0,0.0,0.0,0.0,0.0,0.0,0.0,0.0,0.0,0.0,0.0,0.0,0.0,0.0,0.0,0.0,0.0,0.0,0.0,0.0,0.0,0.0,0.0,0.0,0.0,0.0,0.0,0.0,0.0,0.0,0.0,0.0,0.0,0.0,0.0,0.0,0.0,0.0,0.0,0.0,0.0,0.0,0.0,0.0,0.0,0.0,0.0,0.0,0.0,0.0,0.0,0.0,0.0,0.0,0.0,0.0,0.0,0.0,0.0,0.0,0.0,0.0,0.0,0.0,0.0,0.0,0.0,0.0,0.0,0.0,0.0,0.0,0.0,0.0,0.0,0.0,0.0,0.0,0.0,0.0,0.0,0.0,0.0,0.0,0.0,0.0,0.0,0.0,0.0,0.0,0.0,0.0,0.0,0.0,0.0,0.0,0.0,0.0,0.0,0.0,0.0,0.0,0.0,0.0,0.0,0.0,0.0,0.0,0.0,0.0,0.0,0.0,0.0,0.0,0.0,0.0,0.0,0.0,0.0,0.0,0.0,0.0,0.0
ENCFF000CSM,0.12253462807175951,18245,69,2143,18477,481,76178,2925,122,263,208,350,1608,2320,5132,8578,20219,2041,325,2889,3356,111,452,54,31,21,486,48,1780,11007,2298,176,89,259,847,790,11,1041,20,17,4625,7044,195,493,28,12,289,3356,10924,8,246,499,679,331,262,4405,111,223,212,92,437,842,170,5461,471,156,19,42,24736,25849,5453,501,374,593,3224,193,571,279,358,481,129,481,519,2612,225,280,1923,15,450,243,12,808,71,4,807,644,8963,106485,6343,69,16998,24082,1266,21137,561,294,3464,941,944,14,2002,4831,4878,64,2884,20972,1472,18710,351,1422,1339,5424,591,24661,669,3873,1974,562,1911,311,89,20674,7017,38,10927,4577,7681,18379,7,2363,1656,578,2304,22928,180,126,55,104,23,26,1385,206,357,6327,2999,496,1964,19274,1640,282,509,533,467,1669,2366,1917,3888,48,332,24,466,19,909,334,633,220,6,6,220,545,431,9961,4348,32994,1261,17350,18968,8307,15014,7610,15506,197,17614,20433,10665,5868,14426,11083,2773,490,10,378,46,234,423,136,47,20,65,2298,211,21502,5968,5736,69,101101,20850,1960,16926,10992,654,370,22804,9726,28417,2681,26477,104,26804,45,230,551,77,139,452,139,2055,1475,108,369,489,310,397,197,1204,673,216,131,2659,1670,1198,1758,586,166,305,327,198,183,132,394,530,2850,650,182,1074,1267,1125,5434,16195,81,1202,2000,694,408,255,289,468,256,136,4411,244,437,3470,201,1026,190,2481,551,486,272,421,382,247,307,1320,1183,394,432,357,1517,817,393,377,434,2125,8,37,177,312,515,152,9252,57,6279,17,364,111,3847,547,4335,4072,3966,12,1609,75,128,448,2506,36521,462,1093,1323,680,8,1412,95,95,426,7733,3291,1749,907,20,269,94,3,36,329,747,1407,259,2124,241,260,851,25291,187,1120,75573,253,3709,485,2582,162,1310,160,19,1960,377,476,487,179,194,167,456,588,424,503,228,557,558,15524,49,5940,1443,6,16463,4510,93,144,3554,283,47,4047,362,2084,224,1557,484,9032,1788,334,403,537,211,556,385,870,280,9,780,14,1021,481,51,121,235,90,424,416,14138,1343,4461,3060,795,270,529,58,23405,41,8825,865,8540,849,205,1839,15,16170,3038,5440,26360,1400,8527,112,171,191,393,214,499,333,719,3436,462,46,104,520,6,16,2662,2662,8,43,195,14319,22227,16521,4114,20704,2410,289,38162,51020,7361,22778,37474,46898,172,126,385,365,97,417,1026,193,283,386,3916,0.0,0.0,0.0,0.0,0.0,0.0,0.0,0.0,0.0,0.0,0.0,0.0,0.0,0.0,0.0,0.0,0.0,0.0,0.0,0.0,0.0,0.0,0.0,0.0,0.0,0.0,0.0,0.0,0.0,0.0,0.0,0.0,0.0,0.0,0.0,0.0,0.0,0.0,0.0,0.0,0.0,0.0,0.0,0.0,0.0,0.0,0.0,0.0,0.0,0.0,0.0,0.0,0.0,0.0,0.0,0.0,0.0,0.0,0.0,0.0,0.0,0.0,0.0,0.0,0.0,0.0,0.0,0.0,0.0,0.0,0.0,0.0,0.0,0.0,0.0,0.0,0.0,0.0,0.0,0.0,0.0,0.0,0.0,0.0,0.0,0.0,0.0,0.0,0.0,0.0,0.0,0.0,0.0,0.0,0.0,0.0,0.0,0.0,0.0,0.0,0.0,0.0,0.0,0.0,0.0,0.0,0.0,0.0,0.0,0.0,0.0,0.0,0.0,0.0,0.0,0.0,0.0,0.0,0.0,0.0,0.0,0.0,0.0,0.0,0.0,0.0,0.0,0.0,0.0,0.0,0.0,0.0,0.0,0.0,0.0,0.0,0.0,0.0,0.0,0.0,0.0,0.0,0.0,0.0,0.0,0.0,0.0,0.0,0.0,0.0
ENCFF003ZKK,0.1968044535446623,55897,239,8501,78679,2809,207242,8803,626,1282,455,799,6753,14178,26714,42561,75869,8606,726,10126,12168,206,816,172,92,50,1336,107,6534,46190,5025,439,267,750,3350,3191,59,3131,47,6,13099,16705,102,1073,83,60,854,10270,51630,45,965,1890,2927,690,425,8319,270,460,710,179,1124,2805,1387,29999,2231,1053,96,37,99356,85959,9071,2059,1477,1699,6239,182,2277,967,1585,1766,431,1992,2257,5753,767,1027,7440,44,1725,903,65,1903,295,26,2453,3181,37347,293681,18704,243,48202,66863,4610,57781,2051,1292,7318,2448,2606,35,4283,11289,11314,258,8086,44133,8354,59878,2115,10380,8733,17994,5019,89968,3160,10388,5421,1434,3858,494,187,42903,38193,159,56271,24114,14259,38931,90,9584,4367,2121,5493,102211,651,290,289,188,59,83,3102,428,638,20699,7130,1052,7501,83543,7748,669,2109,1497,1368,4761,8085,6643,6835,122,200,60,2010,36,3937,1217,1686,179,25,24,978,1188,1865,24152,10944,69812,4365,60733,59263,27224,60161,24424,54104,532,47825,58642,16573,15555,37821,29202,10505,1924,58,1284,86,933,1816,232,152,37,46,6827,758,80125,25644,34067,317,318413,67815,5703,51508,58860,1314,1019,76563,37773,126317,15787,69085,626,63878,49,520,1081,158,602,1889,271,6652,2857,38,1307,1821,1254,1811,775,4603,2654,386,348,8009,4656,3137,3727,2213,677,1113,1482,756,745,543,841,2103,11297,2934,787,3159,4178,4173,26693,55886,274,3803,4586,2527,1662,1325,1371,1931,1094,164,10974,834,1439,7485,768,2728,719,7133,2088,1990,1264,1894,245,880,1110,4581,5096,1666,1919,1282,3482,2666,1212,1637,1712,8399,45,81,811,1263,586,495,19818,95,15055,37,906,71,8835,943,10464,11607,12174,30,4344,206,358,2766,4755,144984,707,3127,3700,1650,52,6319,189,187,786,27631,10863,5369,1641,23,291,234,28,86,1429,2038,3932,1071,7445,1016,868,3845,100322,668,4434,218838,1022,7859,1957,9386,410,5042,563,87,5655,1570,1873,2025,737,786,326,1000,2185,1801,1944,896,2139,2380,40188,165,16064,4330,48,38504,10819,43,314,10380,887,97,11138,1649,1553,423,5424,2189,46591,9529,1067,1617,2213,878,1905,1734,1791,1565,22,2042,38,3075,219,42,197,641,273,2262,1524,79816,8639,24021,16543,4307,1246,1521,187,51795,126,23656,3213,18980,1784,790,4687,45,53590,10417,17284,76293,5160,44541,497,518,673,1471,753,2089,1469,2869,12746,1973,95,240,2062,13,34,5749,5280,47,189,340,38929,82250,58204,15205,60666,6864,1487,135222,168229,26888,85687,115459,138460,441,346,1434,1376,419,1704,1726,494,706,1109,11674,0.0,0.0,0.0,0.0,0.0,0.0,0.0,0.0,0.0,0.0,0.0,0.0,0.0,0.0,0.0,0.0,0.0,0.0,0.0,0.0,0.0,0.0,0.0,0.0,0.0,0.0,0.0,0.0,0.0,0.0,0.0,0.0,0.0,0.0,0.0,0.0,0.0,0.0,0.0,0.0,0.0,0.0,0.0,0.0,0.0,0.0,0.0,0.0,0.0,0.0,0.0,0.0,0.0,0.0,0.0,0.0,0.0,0.0,0.0,0.0,0.0,0.0,0.0,0.0,0.0,0.0,0.0,0.0,0.0,0.0,0.0,0.0,0.0,0.0,0.0,0.0,0.0,0.0,0.0,0.0,0.0,0.0,0.0,0.0,0.0,0.0,0.0,0.0,0.0,0.0,0.0,0.0,0.0,0.0,0.0,0.0,0.0,0.0,0.0,0.0,0.0,0.0,0.0,0.0,0.0,0.0,0.0,0.0,0.0,0.0,0.0,0.0,0.0,0.0,0.0,0.0,0.0,0.0,0.0,0.0,0.0,0.0,0.0,0.0,0.0,0.0,0.0,0.0,0.0,0.0,0.0,0.0,0.0,0.0,0.0,0.0,0.0,0.0,0.0,0.0,0.0,0.0,0.0,0.0,0.0,0.0,0.0,0.0,0.0,0.0
ENCFF991YFL,0.23658749044955887,3674347,13495,22953,137667,1471,225458,34313,1186,1821,1570,5740,15970,11125,20717,69327,81943,12910,2700,33346,28520,1375,4888,571,614,616,4823,349676,12217,112315,22542,1685,7293,4010,6498,5528,9584,8744,185,503,40654,65465,433,3792,100,5782,3273,24676,77646,35281,2241,2695,4530,3203,3121,48038,959,2254,2251,1520,4534,9370,1552,48762,1209,3852,91606,1872,214951,231524,50689,3718,2183,64600,42507,1899,4206,1626,2586,3175,661,3200,3986,21521,1439,1701,11914,154,2806,1549,186,8715,1457,276,8603,4228,54008,918141,61763,396,163414,224095,10853,193078,4441,1878,34159,11193,11632,135,20995,45894,48408,1161,21106,194836,8353,82384,855,3837,5687,44882,1842,98918,4253,33214,16830,5687,18233,1953,987,201877,35001,240724,92083,23091,79092,166670,43011,19938,21077,4116,54402,161241,2735,44287,276,750,195,213,13976,1880,7602,49051,29842,3892,22889,137541,10127,2724,4097,12661,13763,15628,24851,21431,43595,250,799,324,3246,121,5960,1796,7919,25207,3415,1,29705,5027,3677,88785,41032,299073,9343,130042,163576,65777,115077,58573,109606,1611,149293,170016,64053,52217,126578,105758,37972,3840,68518,4879,234,1610,2849,1166,398,207,402,21169,1134,154678,44702,31584,2052,3288056,185864,50766,146467,82408,7864,3644,197797,99900,235988,9877,270025,829,279622,299,2077,6643,3419,898,3400,1423,15633,13275,341,2032,2904,1777,2960,1307,9345,5177,2979,1304,20841,15066,9990,18955,3944,919,1962,2418,1245,1085,847,4003,3350,22746,3999,1130,8100,8890,8140,42048,131215,155536,8920,21642,5205,2764,2287,2057,2981,1563,2070,46784,1669,2855,31074,1285,6851,1303,18594,3137,3437,1605,2957,2455,1387,5727,8187,7964,2525,2875,2476,13727,6186,2782,2372,2835,13611,128,117,1334,2078,3392,1040,91640,1156,61436,116,3025,854,36249,5526,44829,35375,35859,209,15637,472,1444,10984,24559,254810,19968,21063,9922,6091,11211,10051,1261,1741,5005,71564,37761,23585,8951,156,1150,659,60,223,2145,5592,12820,2167,16741,1621,1556,10024,184313,11702,7236,671049,6270,32404,3125,21075,381021,10729,1038,130725,341987,2391,3755,4106,1171,1448,5103,1639122,4413,3500,3890,2003,3954,4762,140848,404,50123,12937,243,159098,41279,246,2033,29000,5248,238,28435,2538,10142,1935,12860,3883,48271,9517,77235,2427,4183,1415,4215,2977,8924,5018,185,5505,162,9802,2195,130,1143,43166,4968,2370,4239,119636,3541,29466,15319,2743,2361,5740,1519,240079,21386,91062,62950,75961,8843,1508,16333,587,168897,30469,53079,248895,9833,61541,4115,2506,1179,17330,10160,4082,2187,5843,45778,3755,227,45937,3116,317,282,25711,26387,245,59867,1524,143537,189961,131079,33822,195308,22334,3586,312138,460736,55664,194808,333644,426060,1329,969,2444,2141,748,2752,10609,1441,3076,4239,32047,0.0,0.0,0.0,0.0,0.0,0.0,0.0,0.0,0.0,0.0,0.0,0.0,0.0,0.0,0.0,0.0,0.0,0.0,0.0,0.0,0.0,0.0,0.0,0.0,0.0,0.0,0.0,0.0,0.0,0.0,0.0,0.0,0.0,0.0,0.0,0.0,0.0,0.0,0.0,0.0,0.0,0.0,0.0,0.0,0.0,0.0,0.0,0.0,0.0,0.0,0.0,0.0,0.0,0.0,0.0,0.0,0.0,0.0,0.0,0.0,0.0,0.0,0.0,0.0,0.0,0.0,0.0,0.0,0.0,0.0,0.0,0.0,0.0,0.0,0.0,0.0,0.0,0.0,0.0,0.0,0.0,0.0,0.0,0.0,0.0,0.0,0.0,0.0,0.0,0.0,0.0,0.0,0.0,0.0,0.0,0.0,0.0,0.0,0.0,0.0,0.0,0.0,0.0,0.0,0.0,0.0,0.0,0.0,0.0,0.0,0.0,0.0,0.0,0.0,0.0,0.0,0.0,0.0,0.0,0.0,0.0,0.0,0.0,0.0,0.0,0.0,0.0,0.0,0.0,0.0,0.0,0.0,0.0,0.0,0.0,0.0,0.0,0.0,0.0,0.0,0.0,0.0,0.0,0.0,0.0,0.0,0.0,0.0,0.0,0.0
ENCFF000ZCN,0.18650689380345303,17628,19,899,1940,37,9208,23832,21,81,92,195,400,233,655,851,1172,579,223,936,2461,73,288,11,13,10,75,565,368,982,1036,138,92,113,159,148,12,315,2,8,1601,4288,0,223,0,7,57,1038,868,80,152,50,100,274,121,4633,27,169,140,34,235,261,10,381,83,92,136,8,8724,14830,3143,73,51,445,2834,104,78,31,48,51,12,57,105,1370,41,32,455,3,78,52,1,563,17,5,357,95,666,59408,5192,14,13121,15911,290,13284,127,37,2117,574,702,0,1063,2971,3643,9,999,11439,206,4131,29,126,276,3242,74,1557,122,2718,1640,280,1337,147,21,16121,1097,294,706,750,4911,10958,116,833,324,96,966,1824,82,160,2,42,5,16,1018,168,182,3820,2647,209,1115,1738,189,153,101,282,247,774,7692,8681,2333,12,16,2,79,8,117,36,127,78,11,2,88,200,85,6692,2864,15350,558,7921,11047,3456,3426,2704,5231,73,9456,10527,3731,4177,6772,6988,1235,239,95,235,12,26,63,66,20,8,10,1372,17,2384,1851,317,30,48083,8909,1032,9474,847,546,217,11278,4536,8501,254,20500,121,23024,7,92,208,29,22,78,25,563,662,9,25,55,42,62,25,290,118,47,53,897,783,417,876,83,21,45,34,28,26,12,269,82,1102,132,16,446,317,168,576,1204,296,265,1333,221,68,60,42,63,32,47,1932,47,52,1769,19,293,34,1079,60,75,37,59,52,26,59,206,227,47,56,48,924,235,35,55,50,348,3,10,25,44,174,57,5884,17,4048,6,297,8,2258,340,2605,2712,1369,2,637,19,69,125,1524,7282,301,617,431,292,13,224,66,28,270,2438,947,412,454,13,73,77,0,10,55,214,885,61,1210,39,33,97,1902,72,201,54748,40,1920,65,399,562,405,29,286,1847,56,107,110,19,37,68,3482,136,60,94,52,113,108,8470,12,2433,784,5,14897,2302,3,79,4532,108,17,1326,60,424,165,411,73,776,157,206,70,99,28,122,64,483,59,8,345,3,695,23,8,57,179,36,62,135,2004,150,628,585,100,84,367,30,18310,66,4826,352,5741,422,38,1003,9,8651,1679,2777,12767,441,829,43,30,27,136,30,87,33,111,1062,94,2,124,84,7,3,1724,1852,0,86,60,9307,11821,6208,1616,13798,1443,107,17310,28680,2905,12225,20431,28513,73,67,63,54,15,50,646,85,141,162,2410,0.0,0.0,0.0,0.0,0.0,0.0,0.0,0.0,0.0,0.0,0.0,0.0,0.0,0.0,0.0,0.0,0.0,0.0,0.0,0.0,0.0,0.0,0.0,0.0,0.0,0.0,0.0,0.0,0.0,0.0,0.0,0.0,0.0,0.0,0.0,0.0,0.0,0.0,0.0,0.0,0.0,0.0,0.0,0.0,0.0,0.0,0.0,0.0,0.0,0.0,0.0,0.0,0.0,0.0,0.0,0.0,0.0,0.0,0.0,0.0,0.0,0.0,0.0,0.0,0.0,0.0,0.0,0.0,0.0,0.0,0.0,0.0,0.0,0.0,0.0,0.0,0.0,0.0,0.0,0.0,0.0,0.0,0.0,0.0,0.0,0.0,0.0,0.0,0.0,0.0,0.0,0.0,0.0,0.0,0.0,0.0,0.0,0.0,0.0,0.0,0.0,0.0,0.0,0.0,0.0,0.0,0.0,0.0,0.0,0.0,0.0,0.0,0.0,0.0,0.0,0.0,0.0,0.0,0.0,0.0,0.0,0.0,0.0,0.0,0.0,0.0,0.0,0.0,0.0,0.0,0.0,0.0,0.0,0.0,0.0,0.0,0.0,0.0,0.0,0.0,0.0,0.0,0.0,0.0,0.0,0.0,0.0,0.0,0.0,0.0
ENCFF355DMM,0.1629695029700568,9505,38,580,14789,139,24876,1826,98,70,32,108,956,435,2131,8121,6409,460,170,1296,1117,22,170,12,28,38,328,431,1001,10403,768,24,12,130,687,637,8,656,3,2,1759,2212,23,118,21,10,217,1673,10612,36,208,425,479,72,48,1066,13,94,48,33,174,440,143,5204,107,109,117,5,12757,9586,1151,419,268,509,966,47,461,187,284,329,77,378,446,673,148,285,1232,7,301,238,10,204,108,7,327,418,5634,35165,1800,30,5092,7715,867,6730,377,223,910,338,401,6,691,1336,1421,60,1077,7080,516,10404,45,234,339,1583,97,17866,430,1285,523,85,508,43,20,5675,1988,173,9657,1999,2115,5358,15,1110,1450,422,755,27270,168,62,30,23,11,14,429,115,50,2004,796,82,869,14721,1138,80,436,228,119,610,807,772,1097,17,18,4,356,12,455,222,248,49,6,2,174,115,409,2521,1270,8646,679,5879,7530,3186,9555,3755,6983,58,5382,6724,1958,1695,5622,3734,1273,227,50,208,12,240,408,25,12,11,37,757,30,12062,3221,2221,80,41839,9150,937,5842,8782,230,93,8847,4575,16839,547,7335,11,6943,4,77,145,5,106,316,61,1318,587,5,280,259,243,345,154,870,487,37,36,1537,912,473,550,566,124,264,253,148,90,81,60,444,1129,296,135,363,764,635,3347,10714,321,811,647,376,277,245,227,339,184,16,1668,155,462,1163,106,465,177,945,458,377,285,360,37,171,144,892,676,285,336,273,585,516,376,250,416,1118,15,8,167,249,106,79,3043,46,1888,8,47,13,1400,152,1558,1539,2053,17,576,19,14,654,698,21823,110,404,652,253,12,718,28,214,269,4502,1794,790,324,16,27,28,8,7,202,421,486,242,790,216,168,863,20789,78,551,22054,156,1355,338,2115,493,680,93,89,834,280,356,357,128,120,52,2395,470,360,406,146,405,429,5570,10,3538,295,21,5404,1680,31,89,1600,241,17,2120,281,259,41,1055,353,12275,874,116,247,405,205,259,333,230,193,5,153,6,511,35,22,20,54,219,79,270,16009,357,3050,1362,270,161,210,92,7020,25,2748,440,2014,338,32,553,4,6345,1175,2206,8635,397,10482,57,50,154,304,159,351,291,364,3129,331,6,43,373,4,8,708,707,6,44,19,5237,8378,7067,1796,6589,911,107,17405,18597,3181,8607,14321,15947,60,25,207,220,84,335,180,79,67,149,1541,0.0,0.0,0.0,0.0,0.0,0.0,0.0,0.0,0.0,0.0,0.0,0.0,0.0,0.0,0.0,0.0,0.0,0.0,0.0,0.0,0.0,0.0,0.0,0.0,0.0,0.0,0.0,0.0,0.0,0.0,0.0,0.0,0.0,0.0,0.0,0.0,0.0,0.0,0.0,0.0,0.0,0.0,0.0,0.0,0.0,0.0,0.0,0.0,0.0,0.0,0.0,0.0,0.0,0.0,0.0,0.0,0.0,0.0,0.0,0.0,0.0,0.0,0.0,0.0,0.0,0.0,0.0,0.0,0.0,0.0,0.0,0.0,0.0,0.0,0.0,0.0,0.0,0.0,0.0,0.0,0.0,0.0,0.0,0.0,0.0,0.0,0.0,0.0,0.0,0.0,0.0,0.0,0.0,0.0,0.0,0.0,0.0,0.0,0.0,0.0,0.0,0.0,0.0,0.0,0.0,0.0,0.0,0.0,0.0,0.0,0.0,0.0,0.0,0.0,0.0,0.0,0.0,0.0,0.0,0.0,0.0,0.0,0.0,0.0,0.0,0.0,0.0,0.0,0.0,0.0,0.0,0.0,0.0,0.0,0.0,0.0,0.0,0.0,0.0,0.0,0.0,0.0,0.0,0.0,0.0,0.0,0.0,0.0,0.0,0.0
ENCFF087LWV,0.1672250126366609,86038,397,3659,50693,741,182164,12123,390,521,419,869,4550,2737,8239,29257,33729,3711,763,5905,7553,198,858,75,67,60,1591,4628,4574,28377,5240,338,127,703,2623,2389,64,2716,14,20,10518,13992,54,788,34,98,880,8080,22952,466,837,1564,1991,574,383,9887,188,488,648,149,1033,2162,288,10410,358,238,1384,147,49125,63128,15356,1588,1001,2512,7447,448,1744,828,1119,1215,313,1459,1618,4427,703,855,5374,15,1198,832,19,1179,131,24,1369,1515,19571,215900,12160,173,34069,47704,3301,41437,1799,944,6428,1877,1906,32,3578,9619,9836,120,6864,44025,2388,43646,382,1778,1856,10029,818,60360,1871,8626,3680,696,3146,472,120,36182,9904,3325,18660,8184,18114,37666,485,6221,4485,1660,5472,48031,345,733,119,129,26,53,2963,332,702,14716,5458,790,5071,51079,3969,573,1692,1178,946,3681,7273,8408,9947,62,111,33,1506,32,2237,874,1198,699,65,21,792,958,1450,17892,8860,55710,3035,33391,41421,19325,35778,18082,37421,345,33816,40415,14807,11627,30038,23545,6104,1118,829,958,107,792,1377,183,49,26,50,6096,246,43436,14559,8668,278,263177,50165,4937,34039,21020,1426,883,47372,23730,64908,5885,55948,276,58909,41,498,1156,93,452,1368,392,5535,3808,42,1022,1286,873,1304,677,3210,2041,514,251,7539,4132,2988,3764,1971,521,1013,1024,575,538,355,516,1715,6216,1811,587,2212,3225,2853,10496,43223,3253,3327,4171,1845,1136,893,871,1390,744,151,8538,738,1539,6323,483,2260,665,5669,1660,1397,853,1345,276,707,776,3703,3191,1078,1352,1109,3023,2121,1334,1090,1472,6049,46,67,617,998,595,579,20796,186,12381,35,600,85,8854,1043,9259,9445,11301,26,3820,127,160,1825,5527,90878,1103,2688,2755,1386,234,3743,207,215,1140,20809,8627,5287,1934,76,272,96,14,52,955,1946,3410,793,5209,840,765,1632,63581,660,2881,156760,674,8004,1382,8165,5230,3247,473,1624,7440,1090,1388,1513,534,596,428,25810,1715,1338,1547,699,1678,1769,31484,62,15670,2587,33,40324,9317,47,359,10619,962,77,9742,1104,1935,299,4452,1561,20193,3845,1052,1109,1647,718,1608,1298,1836,921,29,1221,62,2694,121,117,218,829,229,532,689,47961,1763,11402,6414,1410,642,957,276,45056,273,20070,2342,15630,1860,369,4097,38,38451,7176,13691,55894,4343,16701,295,277,558,1441,740,1481,1029,2044,8861,1411,38,306,1549,32,31,4947,5166,20,757,180,30585,45528,36666,8935,41624,4799,541,79599,103301,16331,46920,78326,94785,293,201,1036,993,309,1271,1294,517,495,931,9706,0.0,0.0,0.0,0.0,0.0,0.0,0.0,0.0,0.0,0.0,0.0,0.0,0.0,0.0,0.0,0.0,0.0,0.0,0.0,0.0,0.0,0.0,0.0,0.0,0.0,0.0,0.0,0.0,0.0,0.0,0.0,0.0,0.0,0.0,0.0,0.0,0.0,0.0,0.0,0.0,0.0,0.0,0.0,0.0,0.0,0.0,0.0,0.0,0.0,0.0,0.0,0.0,0.0,0.0,0.0,0.0,0.0,0.0,0.0,0.0,0.0,0.0,0.0,0.0,0.0,0.0,0.0,0.0,0.0,0.0,0.0,0.0,0.0,0.0,0.0,0.0,0.0,0.0,0.0,0.0,0.0,0.0,0.0,0.0,0.0,0.0,0.0,0.0,0.0,0.0,0.0,0.0,0.0,0.0,0.0,0.0,0.0,0.0,0.0,0.0,0.0,0.0,0.0,0.0,0.0,0.0,0.0,0.0,0.0,0.0,0.0,0.0,0.0,0.0,0.0,0.0,0.0,0.0,0.0,0.0,0.0,0.0,0.0,0.0,0.0,0.0,0.0,0.0,0.0,0.0,0.0,0.0,0.0,0.0,0.0,0.0,0.0,0.0,0.0,0.0,0.0,0.0,0.0,0.0,0.0,0.0,0.0,0.0,0.0,0.0
ENCFF996YTI,0.08762848963713887,345556,3505,18773,107494,1304,163988,27358,985,1559,1057,3532,13964,12168,26839,57255,58454,11420,1670,23847,22299,611,2300,384,396,328,3903,19815,12801,78008,12988,1001,1617,2110,7083,6725,647,7955,175,608,33957,38918,449,2697,406,1309,2086,22513,49507,3532,1870,3844,5604,1491,1671,24456,660,1252,1553,866,2631,6783,1285,42794,2606,4291,5647,981,175718,183876,26068,4210,2813,8521,20510,1388,4977,2033,3125,3552,943,3907,4449,13519,1684,2112,14777,113,3427,2050,85,4243,937,129,4438,4612,49856,664834,38433,550,104920,153823,10079,133324,5632,2523,18606,6118,6370,95,12089,31275,30730,559,20532,114203,7407,75972,927,3857,5763,31801,1613,100362,5243,22770,11208,3744,9427,1267,625,113348,37843,11981,57340,26463,50624,93918,3401,18924,15738,4794,16099,128866,2541,3146,449,382,122,106,7830,1032,3848,39301,16653,2251,15984,113330,11938,1647,4414,6634,5959,11394,15381,13948,23672,478,641,188,4023,75,7246,2310,6647,72924,485,86,2765,2727,3788,57363,25685,170988,8478,105432,114629,56735,105101,52986,108723,811,107314,125375,41625,34513,95130,69180,27234,3775,4456,3163,1633,2146,3373,536,319,152,108,15819,1237,130015,43813,32733,1684,987400,144877,15793,105892,77586,4712,2430,156299,79946,213529,9526,162797,951,151429,111,1361,5015,1782,1093,3736,972,14971,8521,225,2401,3728,2298,3585,1748,9761,5723,2251,911,17663,11353,7649,11706,4568,1429,2512,2942,1301,1367,1010,2337,4526,22902,5294,1510,6982,9861,8887,46401,140095,12434,8762,13744,4981,3185,2474,2472,3597,1997,984,30820,1721,3126,19030,1363,5755,1446,16467,4241,3823,2285,3767,1677,1775,3180,9656,9663,3106,3776,2654,8766,5501,2975,3156,3820,16131,152,99,1504,2314,2203,1094,52773,717,35229,87,1793,292,23077,3240,26677,27264,29139,162,10216,461,911,10395,14037,257169,2842,9449,8714,4541,1089,11596,637,817,3055,65234,30182,14957,4629,297,1010,578,57,146,2631,6325,10528,2293,16079,1956,1889,5279,162342,2393,8179,458869,2433,20641,3879,21635,20803,10591,1115,8964,33884,3059,3715,4099,1449,1533,1095,106998,4541,3551,4274,1976,4657,5198,90201,251,38597,8093,151,99683,24451,282,903,26735,3355,163,25094,3044,6255,809,12356,4346,68685,9936,4052,3632,4064,1608,4142,3192,4745,3289,100,4226,174,8390,883,568,501,3304,3356,2119,3281,76989,3648,34319,16727,2809,1740,3970,764,134694,2028,56592,9560,42688,4576,1581,9962,282,119916,23126,41355,174391,11948,61258,1342,1502,1408,4407,3859,4365,2861,6222,28397,3737,169,1775,4218,176,164,14312,13442,17,5023,765,91099,164365,121715,32418,135050,16269,2363,254840,358933,53283,158314,263712,307495,910,699,3207,2734,877,3349,5304,1194,1563,2534,25800,0.0,0.0,0.0,0.0,0.0,0.0,0.0,0.0,0.0,0.0,0.0,0.0,0.0,0.0,0.0,0.0,0.0,0.0,0.0,0.0,0.0,0.0,0.0,0.0,0.0,0.0,0.0,0.0,0.0,0.0,0.0,0.0,0.0,0.0,0.0,0.0,0.0,0.0,0.0,0.0,0.0,0.0,0.0,0.0,0.0,0.0,0.0,0.0,0.0,0.0,0.0,0.0,0.0,0.0,0.0,0.0,0.0,0.0,0.0,0.0,0.0,0.0,0.0,0.0,0.0,0.0,0.0,0.0,0.0,0.0,0.0,0.0,0.0,0.0,0.0,0.0,0.0,0.0,0.0,0.0,0.0,0.0,0.0,0.0,0.0,0.0,0.0,0.0,0.0,0.0,0.0,0.0,0.0,0.0,0.0,0.0,0.0,0.0,0.0,0.0,0.0,0.0,0.0,0.0,0.0,0.0,0.0,0.0,0.0,0.0,0.0,0.0,0.0,0.0,0.0,0.0,0.0,0.0,0.0,0.0,0.0,0.0,0.0,0.0,0.0,0.0,0.0,0.0,0.0,0.0,0.0,0.0,0.0,0.0,0.0,0.0,0.0,0.0,0.0,0.0,0.0,0.0,0.0,0.0,0.0,0.0,0.0,0.0,0.0,0.0
ENCFF000BDA,0.1535530979949305,27799,108,2664,40697,1213,173013,6357,242,460,272,464,2345,5070,7979,14766,43060,3513,517,5721,4611,134,685,109,57,77,773,85,2856,32168,3660,261,119,379,1539,1555,18,1879,24,7,6241,11688,75,656,40,51,889,5204,26175,16,501,788,1110,447,360,9009,166,311,363,157,711,1165,316,14064,239,811,34,25,43584,39686,8834,792,567,900,6319,240,1061,476,585,728,171,837,1151,4060,368,429,2911,15,683,408,52,1483,197,23,1102,1177,16195,155999,10047,98,26634,38913,2239,33679,1044,475,5669,1612,1659,36,3308,8461,7433,254,4318,30747,3459,54202,916,3526,2788,8245,1526,75830,1193,5396,2430,736,2710,392,134,29118,12662,66,25478,7435,13666,27477,14,3714,3868,975,3168,24789,416,168,110,119,34,54,2108,365,465,9473,4327,740,3415,39677,3124,420,983,1409,1064,2664,3918,3306,7626,57,186,59,856,26,1369,526,991,876,9,2,367,645,870,14709,6428,39017,2023,27847,31004,12072,26046,12308,23272,255,23965,27767,9941,8427,21543,16105,5201,762,14,774,37,401,674,240,74,22,62,3195,315,31966,10677,13567,310,178270,31788,2834,24854,24926,1082,475,35156,16460,51932,6198,38352,134,39803,61,343,576,55,221,813,259,3379,2519,27,523,767,417,664,354,2320,1406,1050,246,3879,3329,1715,4146,917,254,509,599,266,273,219,1087,880,4608,1072,330,1538,2143,1751,9606,17572,110,2118,4198,1053,722,566,486,746,401,648,6934,375,620,5563,337,1548,311,3757,795,834,442,708,445,386,442,1981,2024,608,720,560,3124,1267,558,602,753,3173,15,37,318,498,986,220,15053,180,10990,37,673,88,6287,670,8193,5901,6127,22,2369,118,169,963,3531,56652,587,1660,2565,1011,11,2332,226,325,725,14334,6247,2453,1435,74,520,171,11,109,487,2275,2590,639,3572,418,377,1598,54069,272,1694,114008,416,5762,840,4834,293,2191,242,43,3204,635,956,988,385,319,217,797,1134,757,1001,407,1017,1240,23766,116,9056,2050,17,30452,6522,58,251,5154,571,84,5304,604,1461,278,2942,935,24519,3396,498,635,1077,344,936,662,1483,132,17,871,23,1617,255,59,214,313,337,880,664,25719,3136,8699,6236,1761,546,759,133,35870,51,14125,1257,12208,1549,293,2519,9,28797,4724,9280,40292,1202,18009,185,160,294,683,341,969,534,1475,6132,909,27,180,781,28,54,3969,3941,12,63,220,23376,33969,25809,6129,31563,3906,363,61537,78996,11026,35324,57907,71751,361,182,545,539,186,648,1622,353,547,670,5756,0.0,0.0,0.0,0.0,0.0,0.0,0.0,0.0,0.0,0.0,0.0,0.0,0.0,0.0,0.0,0.0,0.0,0.0,0.0,0.0,0.0,0.0,0.0,0.0,0.0,0.0,0.0,0.0,0.0,0.0,0.0,0.0,0.0,0.0,0.0,0.0,0.0,0.0,0.0,0.0,0.0,0.0,0.0,0.0,0.0,0.0,0.0,0.0,0.0,0.0,0.0,0.0,0.0,0.0,0.0,0.0,0.0,0.0,0.0,0.0,0.0,0.0,0.0,0.0,0.0,0.0,0.0,0.0,0.0,0.0,0.0,0.0,0.0,0.0,0.0,0.0,0.0,0.0,0.0,0.0,0.0,0.0,0.0,0.0,0.0,0.0,0.0,0.0,0.0,0.0,0.0,0.0,0.0,0.0,0.0,0.0,0.0,0.0,0.0,0.0,0.0,0.0,0.0,0.0,0.0,0.0,0.0,0.0,0.0,0.0,0.0,0.0,0.0,0.0,0.0,0.0,0.0,0.0,0.0,0.0,0.0,0.0,0.0,0.0,0.0,0.0,0.0,0.0,0.0,0.0,0.0,0.0,0.0,0.0,0.0,0.0,0.0,0.0,0.0,0.0,0.0,0.0,0.0,0.0,0.0,0.0,0.0,0.0,0.0,0.0
ENCFF000CRH,0.14400264313461938,45556,217,5571,48121,608,111568,8366,308,564,400,801,4256,4294,9804,17386,31064,4422,679,7485,8395,242,1020,77,61,74,1784,102,4196,29092,5611,431,190,709,2310,2161,51,2932,58,19,11650,17493,168,918,57,63,1143,8328,23767,33,616,1549,1729,776,507,9801,249,519,530,161,1129,2040,316,9856,1028,377,76,56,53829,63486,11004,1288,812,1541,8048,554,1602,641,952,1048,261,1221,1558,5587,533,660,4765,20,1054,568,21,1883,242,54,2046,1471,21000,255038,16032,142,42028,61134,3659,53584,1499,759,9261,2717,2565,28,4749,12299,12848,135,6865,47117,2713,30181,432,1655,2130,13052,708,42343,1686,9058,4383,1284,4385,528,284,47168,13209,89,17485,8902,18021,42581,40,6356,3769,1611,5347,52615,485,249,117,188,58,102,3258,553,878,16057,7076,968,5080,48712,3445,573,1496,1694,1497,4822,5921,5131,8734,136,355,33,1178,30,2413,668,924,500,23,11,633,1376,1315,23391,10593,66750,3110,39425,42551,20475,36188,19489,38754,364,42014,49664,15078,14271,35888,27597,7844,1251,47,1098,132,684,1127,293,172,26,159,5548,462,44129,14429,10834,304,293055,52542,4796,40294,21168,1571,855,54650,24723,65697,3866,65470,286,63451,71,620,999,87,359,1263,434,5443,4101,67,775,1147,697,1094,521,3340,1875,608,442,6680,4426,3137,5260,1445,379,765,939,414,406,314,1029,1380,7641,1388,480,2471,3344,3209,10942,28687,190,3222,4897,1705,1087,840,734,1216,618,433,11236,566,991,7837,452,2090,512,6534,1367,1328,757,1187,822,557,918,3053,2989,991,1092,847,3638,1973,1037,935,1202,5902,24,47,493,760,1000,515,21798,137,14811,28,757,92,9167,1452,10659,10328,10197,47,4402,229,286,1344,6368,85915,958,3224,3400,1486,22,3937,301,456,960,24068,8036,3942,2130,70,262,176,6,64,822,2101,3383,863,5066,576,569,1577,60529,426,2810,183262,641,8797,1290,7263,440,3642,345,46,4581,1034,1449,1528,448,489,407,1205,1655,1209,1514,660,1467,1726,40458,141,15319,3391,27,40457,10388,403,422,9758,965,63,9196,985,2230,518,4223,1390,19419,3096,755,930,1556,545,1677,1024,2349,678,23,1401,57,2511,297,96,327,626,342,699,1052,29045,1685,9033,5657,1105,638,1319,193,53340,97,23686,2034,18042,1943,727,4354,31,47971,8950,14639,65874,2825,19615,319,489,427,1052,532,1487,895,2592,8478,1373,82,290,1287,26,43,5802,6187,26,100,434,36755,57103,41503,10781,50904,5946,859,98258,135065,18390,56514,96113,118128,372,253,906,773,224,994,2242,374,552,998,9865,0.0,0.0,0.0,0.0,0.0,0.0,0.0,0.0,0.0,0.0,0.0,0.0,0.0,0.0,0.0,0.0,0.0,0.0,0.0,0.0,0.0,0.0,0.0,0.0,0.0,0.0,0.0,0.0,0.0,0.0,0.0,0.0,0.0,0.0,0.0,0.0,0.0,0.0,0.0,0.0,0.0,0.0,0.0,0.0,0.0,0.0,0.0,0.0,0.0,0.0,0.0,0.0,0.0,0.0,0.0,0.0,0.0,0.0,0.0,0.0,0.0,0.0,0.0,0.0,0.0,0.0,0.0,0.0,0.0,0.0,0.0,0.0,0.0,0.0,0.0,0.0,0.0,0.0,0.0,0.0,0.0,0.0,0.0,0.0,0.0,0.0,0.0,0.0,0.0,0.0,0.0,0.0,0.0,0.0,0.0,0.0,0.0,0.0,0.0,0.0,0.0,0.0,0.0,0.0,0.0,0.0,0.0,0.0,0.0,0.0,0.0,0.0,0.0,0.0,0.0,0.0,0.0,0.0,0.0,0.0,0.0,0.0,0.0,0.0,0.0,0.0,0.0,0.0,0.0,0.0,0.0,0.0,0.0,0.0,0.0,0.0,0.0,0.0,0.0,0.0,0.0,0.0,0.0,0.0,0.0,0.0,0.0,0.0,0.0,0.0
ENCFF533MII,0.15572650963208265,60240,258,3060,86182,630,212264,8383,467,266,300,525,5013,2184,10562,56002,40467,2318,814,6638,5487,122,788,95,66,76,2520,3520,4824,46035,3835,171,75,616,3464,3300,44,3200,16,5,8372,11235,75,429,86,65,1611,8799,50951,275,1128,2021,2357,378,248,5900,126,396,219,120,819,2349,782,36961,3815,723,1066,170,74960,47837,5994,2059,1126,2565,5374,191,2357,976,1209,1546,381,1895,2398,3360,720,1177,5886,18,1387,1188,25,1047,162,23,1252,1751,40851,169468,10489,182,27378,40936,3901,35549,2363,1133,4265,1376,1843,24,3270,7175,7492,227,5236,34287,2254,47075,257,1163,1648,7751,534,100379,2217,5999,2264,358,2317,189,57,29042,9633,1593,51998,10131,10392,28730,160,5919,6688,2189,3724,79873,686,393,205,88,58,43,2374,445,540,10581,3747,388,4395,84705,4545,301,2176,961,1063,2939,4292,3567,5852,67,116,51,1811,28,2119,1075,1546,234,20,16,877,533,2196,13288,6674,43600,3533,28262,39160,16543,52748,17943,34088,328,27726,34640,10341,9646,27645,19972,6442,1250,440,793,73,1119,1966,102,31,27,25,4366,108,74547,13426,11746,309,277241,46281,4980,33167,51763,1176,508,44605,22774,91179,3279,42809,167,38866,21,319,837,21,532,1646,479,5972,2868,42,1226,1186,1020,1618,771,4528,2537,188,734,7310,4340,2202,2914,2521,617,1226,1438,743,490,387,348,2036,6288,1476,572,1832,4347,3329,17600,72503,3119,3945,3802,1825,1600,1163,1105,1569,945,60,9057,945,2284,5960,536,2434,825,4681,2227,1794,1281,1585,187,841,609,3928,3362,1429,1493,1310,3057,2460,1719,1135,1791,4991,27,41,695,1235,563,291,13960,71,9114,24,345,40,7037,765,7667,7279,9643,40,2907,69,67,2162,3363,124225,743,2237,3579,1253,181,4058,108,330,1602,24903,8456,5951,1474,34,109,54,18,51,1054,1604,2322,1354,4322,1050,770,2346,112354,409,2550,118995,701,6901,1713,9708,4345,3280,473,911,5374,1324,2136,2133,627,553,244,20567,2559,1739,2038,819,1997,2295,26534,44,17025,1551,41,27597,7736,46,467,6534,1172,35,9816,1252,920,147,5649,1752,49676,4681,816,1187,2060,965,1313,1455,1081,1006,31,860,36,2598,160,47,93,347,364,286,860,62675,1416,12767,5922,1018,897,675,155,28937,153,16394,2060,10705,1403,135,2713,13,47164,6973,13892,51662,2559,52896,236,427,608,1610,813,1748,1335,1803,6268,1793,13,270,1873,27,32,3359,3416,44,242,123,28437,43589,33407,8891,33884,4935,1931,100560,94371,15212,43205,76872,82150,360,120,1100,1138,415,1524,764,335,267,754,7430,0.0,0.0,0.0,0.0,0.0,0.0,0.0,0.0,0.0,0.0,0.0,0.0,0.0,0.0,0.0,0.0,0.0,0.0,0.0,0.0,0.0,0.0,0.0,0.0,0.0,0.0,0.0,0.0,0.0,0.0,0.0,0.0,0.0,0.0,0.0,0.0,0.0,0.0,0.0,0.0,0.0,0.0,0.0,0.0,0.0,0.0,0.0,0.0,0.0,0.0,0.0,0.0,0.0,0.0,0.0,0.0,0.0,0.0,0.0,0.0,0.0,0.0,0.0,0.0,0.0,0.0,0.0,0.0,0.0,0.0,0.0,0.0,0.0,0.0,0.0,0.0,0.0,0.0,0.0,0.0,0.0,0.0,0.0,0.0,0.0,0.0,0.0,0.0,0.0,0.0,0.0,0.0,0.0,0.0,0.0,0.0,0.0,0.0,0.0,0.0,0.0,0.0,0.0,0.0,0.0,0.0,0.0,0.0,0.0,0.0,0.0,0.0,0.0,0.0,0.0,0.0,0.0,0.0,0.0,0.0,0.0,0.0,0.0,0.0,0.0,0.0,0.0,0.0,0.0,0.0,0.0,0.0,0.0,0.0,0.0,0.0,0.0,0.0,0.0,0.0,0.0,0.0,0.0,0.0,0.0,0.0,0.0,0.0,0.0,0.0
ENCFF000XAA,0.10298501011947316,28485,84,2049,20569,473,45812,3587,106,142,140,319,1255,1253,2090,4834,9607,1200,258,2743,3721,84,405,57,32,32,468,922,1247,22385,1902,131,134,205,704,603,49,950,4,5,3817,5930,24,384,32,45,329,2613,11141,97,211,383,508,263,175,3672,99,157,236,105,378,700,107,4825,114,1015,172,19,20447,22383,3845,344,227,716,2972,92,449,176,278,326,68,315,506,2045,111,158,1481,20,272,165,26,739,185,29,702,478,5184,89166,6453,81,16903,22985,1042,19593,506,226,3134,1134,1355,13,1907,4773,4766,168,2235,19667,1271,17237,365,1739,1421,5240,794,24618,607,3907,2098,460,1560,262,70,17644,3305,1424,9033,2227,7249,15014,349,2130,1201,420,1655,15371,222,314,54,89,7,30,1120,147,234,6320,2934,385,2115,20201,1470,313,429,657,491,1307,2745,2318,3011,30,111,46,356,14,769,224,598,2510,12,2,222,463,379,8683,4018,24287,1094,13984,17440,6953,15715,6406,12951,102,15010,17539,6013,5456,11901,9870,2841,423,230,319,19,124,257,113,34,26,31,2283,56,15395,5087,2327,235,87264,16767,1650,13665,7717,665,366,18646,8568,23463,2135,24521,109,24858,12,183,416,48,87,367,150,1502,1023,19,195,287,226,342,119,1036,601,171,120,2088,1319,891,1462,352,82,211,253,87,127,94,299,392,2483,458,116,811,937,862,4930,10014,579,829,1843,589,272,253,204,369,223,91,3986,173,262,2568,138,731,136,1731,330,358,143,305,182,155,307,826,962,286,318,223,1175,623,248,268,307,1638,10,26,133,207,362,186,8069,91,5893,19,370,89,3158,403,4101,4056,3105,13,1310,60,95,568,1902,21779,289,1265,1017,498,22,1137,133,132,276,7432,3087,1530,835,53,279,131,10,23,203,2174,1797,258,2403,184,163,826,23488,175,766,75772,232,2759,365,2186,868,1181,115,413,2714,241,387,405,123,144,139,4770,503,333,433,305,435,505,13183,83,4252,1155,13,14694,3516,35,116,3278,490,35,2777,290,888,150,1237,454,11669,1705,355,272,411,127,412,284,714,83,10,525,10,1021,166,23,112,245,161,227,372,10609,1442,4076,2893,795,230,545,91,22203,131,8280,972,6761,797,201,1413,12,18225,3240,5896,23920,911,8010,90,87,127,306,160,463,229,515,2783,363,10,275,353,22,28,2088,2209,1,189,107,13294,21225,13664,4013,19280,2131,152,32425,47213,5972,21503,33211,42766,89,106,271,231,84,308,857,155,338,383,3703,0.0,0.0,0.0,0.0,0.0,0.0,0.0,0.0,0.0,0.0,0.0,0.0,0.0,0.0,0.0,0.0,0.0,0.0,0.0,0.0,0.0,0.0,0.0,0.0,0.0,0.0,0.0,0.0,0.0,0.0,0.0,0.0,0.0,0.0,0.0,0.0,0.0,0.0,0.0,0.0,0.0,0.0,0.0,0.0,0.0,0.0,0.0,0.0,0.0,0.0,0.0,0.0,0.0,0.0,0.0,0.0,0.0,0.0,0.0,0.0,0.0,0.0,0.0,0.0,0.0,0.0,0.0,0.0,0.0,0.0,0.0,0.0,0.0,0.0,0.0,0.0,0.0,0.0,0.0,0.0,0.0,0.0,0.0,0.0,0.0,0.0,0.0,0.0,0.0,0.0,0.0,0.0,0.0,0.0,0.0,0.0,0.0,0.0,0.0,0.0,0.0,0.0,0.0,0.0,0.0,0.0,0.0,0.0,0.0,0.0,0.0,0.0,0.0,0.0,0.0,0.0,0.0,0.0,0.0,0.0,0.0,0.0,0.0,0.0,0.0,0.0,0.0,0.0,0.0,0.0,0.0,0.0,0.0,0.0,0.0,0.0,0.0,0.0,0.0,0.0,0.0,0.0,0.0,0.0,0.0,0.0,0.0,0.0,0.0,0.0
ENCFF255HDL,0.18777734951182315,139259,128,2420,18092,435,79928,7643,244,370,417,608,2790,2313,6322,8750,18540,2870,805,4986,5364,186,865,49,107,134,746,10455,3127,26416,4962,350,169,499,1728,1551,81,2586,60,46,8859,13458,122,609,22,38,879,6208,11014,1270,1086,990,1161,614,416,8114,218,368,416,158,1514,1439,131,7382,780,478,2637,136,36724,51172,11032,1020,582,2159,7602,494,1249,483,603,755,191,834,1184,3988,386,425,3136,29,713,461,31,1456,272,70,1399,840,9526,175199,11094,112,30216,42241,2455,36625,1197,524,6877,1883,1984,31,3660,8738,8769,215,4273,45849,1959,41446,289,1413,1325,8332,639,52560,1141,6955,3083,915,3175,494,206,36286,8515,6027,13638,6467,16560,35526,722,4158,4273,1117,5177,29805,580,1371,93,152,38,87,2941,507,735,10558,5270,708,4863,18619,1999,607,1113,1849,1447,3136,4598,4121,6649,73,310,92,922,103,1291,483,1164,710,62,3,640,959,1025,17531,8408,51744,2250,28805,37732,14703,26525,14591,26801,453,29955,35436,13077,11179,26455,21831,6137,910,2000,941,68,496,794,276,142,111,472,4121,266,38584,9739,9316,681,173156,37052,4290,30016,15236,1671,534,37963,17788,43911,3072,52341,129,52581,62,388,829,127,247,853,333,3717,3364,53,515,739,441,701,338,2471,1595,244,272,5168,3295,2104,3873,1128,223,594,611,291,285,226,566,869,4593,779,330,1541,2439,1923,6122,14679,5525,2374,3652,1233,747,537,496,793,433,137,9500,487,892,5983,310,1825,372,4162,925,941,468,778,239,380,485,2205,1806,665,749,697,2513,1548,863,620,849,3411,24,67,356,559,869,266,18548,285,11227,66,447,82,7784,1208,8854,7394,7400,55,3620,342,236,2199,5031,55628,1212,2857,2180,1227,397,2367,414,389,1316,14691,6632,3914,2013,162,235,130,16,144,499,1277,2586,739,3596,442,463,919,30917,909,1813,131879,406,6998,815,5731,10794,2001,271,4245,10550,611,1021,1101,283,381,443,60770,1295,850,1109,399,1111,1291,28262,231,11351,2156,59,30390,9026,112,455,6510,1250,116,6864,627,1975,259,3462,1052,13010,1668,1875,710,1088,464,1161,681,1790,893,77,1291,97,1913,272,27,309,1208,716,392,762,13025,966,5352,3706,834,652,916,286,41456,505,15577,2191,13931,2209,223,3446,28,29724,5785,9562,44139,1552,11081,174,279,348,1165,426,1063,600,1154,6968,946,21,1823,823,54,83,4889,5332,18,1576,228,30100,35824,26873,6469,37299,4466,393,61698,88861,11501,35692,66321,82617,261,158,613,563,180,688,1529,405,449,780,6840,0.0,0.0,0.0,0.0,0.0,0.0,0.0,0.0,0.0,0.0,0.0,0.0,0.0,0.0,0.0,0.0,0.0,0.0,0.0,0.0,0.0,0.0,0.0,0.0,0.0,0.0,0.0,0.0,0.0,0.0,0.0,0.0,0.0,0.0,0.0,0.0,0.0,0.0,0.0,0.0,0.0,0.0,0.0,0.0,0.0,0.0,0.0,0.0,0.0,0.0,0.0,0.0,0.0,0.0,0.0,0.0,0.0,0.0,0.0,0.0,0.0,0.0,0.0,0.0,0.0,0.0,0.0,0.0,0.0,0.0,0.0,0.0,0.0,0.0,0.0,0.0,0.0,0.0,0.0,0.0,0.0,0.0,0.0,0.0,0.0,0.0,0.0,0.0,0.0,0.0,0.0,0.0,0.0,0.0,0.0,0.0,0.0,0.0,0.0,0.0,0.0,0.0,0.0,0.0,0.0,0.0,0.0,0.0,0.0,0.0,0.0,0.0,0.0,0.0,0.0,0.0,0.0,0.0,0.0,0.0,0.0,0.0,0.0,0.0,0.0,0.0,0.0,0.0,0.0,0.0,0.0,0.0,0.0,0.0,0.0,0.0,0.0,0.0,0.0,0.0,0.0,0.0,0.0,0.0,0.0,0.0,0.0,0.0,0.0,0.0
ENCFF000BSY,0.10126085886827502,12662,60,1532,7526,247,32142,2541,58,177,145,231,830,1303,2820,3344,8780,1282,270,1731,2389,141,437,42,15,18,265,17,924,6765,1860,167,70,209,436,406,5,748,18,5,2839,6011,30,366,65,11,190,1869,4403,4,178,215,289,296,255,4719,96,185,167,52,396,455,145,3095,162,168,9,23,16834,22316,5235,236,143,361,3394,143,282,106,145,197,49,208,283,2134,134,130,934,4,184,112,11,784,59,15,1054,297,4690,83802,5350,31,15927,21498,766,20077,702,141,2864,775,728,4,1930,4085,3915,36,1903,20694,856,10974,173,679,670,4172,292,11493,313,2814,1324,463,1837,280,74,21246,5284,20,4323,2616,10067,15788,6,1446,1003,297,1830,9342,177,93,27,98,18,20,1194,174,274,4328,2760,359,1679,7298,718,242,250,404,420,1269,2076,1860,3837,23,145,15,211,7,439,156,971,1256,4,1,92,384,222,10357,3744,25082,841,12615,16312,5723,8390,6226,11604,130,15733,17132,8175,4863,11266,9512,2206,350,1,259,14,120,180,115,49,14,6,2018,132,7233,3760,3108,91,92481,15013,1524,13095,6092,620,1443,16609,6990,18270,1304,22860,99,24357,46,174,295,56,48,212,70,1091,1141,66,135,176,137,189,96,736,347,281,98,1792,1276,823,1644,275,63,143,144,79,69,58,395,242,2010,339,85,1194,752,561,2461,5995,76,676,2174,425,198,137,124,184,120,100,3402,97,171,2903,72,560,107,1652,234,215,132,189,280,100,128,639,596,176,217,158,1265,457,160,180,196,1096,1,10,85,128,373,61,7926,37,5285,11,328,87,3286,503,3432,2826,2664,12,1161,58,138,372,2189,18638,351,826,1038,538,6,685,107,140,403,5879,1943,964,776,14,124,52,5,23,135,319,1309,165,1559,109,105,460,9927,104,575,64499,128,4580,212,1322,122,734,67,5,1674,145,219,235,112,84,115,326,254,189,247,102,257,307,12351,40,4250,1196,7,14603,3930,50,139,3088,230,47,2533,147,1566,202,977,265,3164,682,209,180,241,108,283,161,945,176,9,589,14,702,51,10,105,188,87,263,265,6474,624,2057,1654,354,162,599,68,24603,17,7382,549,7515,690,146,1538,6,12588,3934,4047,19278,833,3815,45,54,91,204,107,270,168,371,1344,218,11,113,231,11,9,2308,2376,1,23,268,12413,16780,11482,2685,18088,2265,193,28091,43578,5579,17830,34131,39891,108,110,150,143,43,185,719,173,258,231,2631,0.0,0.0,0.0,0.0,0.0,0.0,0.0,0.0,0.0,0.0,0.0,0.0,0.0,0.0,0.0,0.0,0.0,0.0,0.0,0.0,0.0,0.0,0.0,0.0,0.0,0.0,0.0,0.0,0.0,0.0,0.0,0.0,0.0,0.0,0.0,0.0,0.0,0.0,0.0,0.0,0.0,0.0,0.0,0.0,0.0,0.0,0.0,0.0,0.0,0.0,0.0,0.0,0.0,0.0,0.0,0.0,0.0,0.0,0.0,0.0,0.0,0.0,0.0,0.0,0.0,0.0,0.0,0.0,0.0,0.0,0.0,0.0,0.0,0.0,0.0,0.0,0.0,0.0,0.0,0.0,0.0,0.0,0.0,0.0,0.0,0.0,0.0,0.0,0.0,0.0,0.0,0.0,0.0,0.0,0.0,0.0,0.0,0.0,0.0,0.0,0.0,0.0,0.0,0.0,0.0,0.0,0.0,0.0,0.0,0.0,0.0,0.0,0.0,0.0,0.0,0.0,0.0,0.0,0.0,0.0,0.0,0.0,0.0,0.0,0.0,0.0,0.0,0.0,0.0,0.0,0.0,0.0,0.0,0.0,0.0,0.0,0.0,0.0,0.0,0.0,0.0,0.0,0.0,0.0,0.0,0.0,0.0,0.0,0.0,0.0
ENCFF738DUU,0.13238420113786717,77775,352,3245,53715,691,225538,14834,723,340,263,718,6839,2448,8468,32908,34602,2386,995,10808,6466,133,866,35,204,149,2411,4980,5977,43221,5624,160,48,687,4345,3992,53,4614,63,9,9832,11750,167,517,154,83,1218,10526,32381,257,1352,3134,2997,236,321,6061,163,406,323,327,1223,4177,874,21115,834,519,1224,338,58711,55982,5824,2618,1451,3500,6899,96,3007,1462,1624,1859,599,2568,2711,3347,942,1642,7183,35,1853,1581,41,1414,1239,154,1734,1523,28335,189613,10731,156,27893,43938,6020,36937,2906,1488,4461,1895,2429,73,4556,8914,9713,214,6652,40217,2253,70252,263,1443,1684,8683,699,111457,2652,6856,2867,571,2609,381,115,32147,7608,2418,37789,11174,13903,31191,492,6894,13135,2488,4464,58067,432,387,116,110,90,56,2209,735,1072,12675,4315,394,6250,54086,3696,298,3213,2355,1403,3408,4791,4786,7512,97,177,170,2210,96,2777,1241,1453,154,16,8,925,622,2685,13691,6739,48591,4195,29943,46252,18644,46586,22267,39244,263,32129,41431,11478,11510,34806,22178,6734,1274,361,1839,45,1728,2647,216,76,72,133,4343,150,76996,12968,10129,948,343219,52151,5039,30280,32889,1277,603,45451,23771,77151,3014,47387,119,41899,84,347,1015,59,727,1968,512,7771,2995,97,1563,1431,1315,2272,1093,5300,2691,273,298,8285,5853,3056,4253,3551,674,2062,1741,1088,685,481,421,2172,7254,1667,817,2197,4923,3626,13927,38726,3609,4842,4237,2285,1748,1381,1488,1947,1071,164,12201,1199,3432,7160,747,2930,1236,6311,3523,2363,1859,2083,405,952,917,5346,4008,1907,1761,1657,3412,3329,2567,1341,2515,5927,60,76,942,1753,873,847,15954,410,11372,64,279,140,7437,771,9478,8573,11657,75,3577,230,59,2650,3637,104262,620,2615,4126,1425,38,4208,254,1038,1838,30529,13190,10345,1665,114,294,124,41,151,1203,2395,2984,1707,6193,1414,937,2617,83672,320,3321,120497,813,7889,1975,13332,5427,3988,574,646,4826,1729,2389,2503,699,598,128,32448,3316,2254,2312,931,2324,2663,33647,96,22623,1600,68,33342,12774,66,502,7096,1492,148,11385,1487,1356,239,6824,2189,26834,2580,893,1597,2286,1443,1596,1968,1523,1579,59,1385,89,3522,184,101,126,312,1000,351,1350,44519,1702,11050,6184,936,896,1057,593,32687,352,16150,2298,10536,1811,64,3001,15,50121,9918,15837,58468,1630,25312,250,546,866,2173,1291,2109,1750,2320,11462,2018,19,137,2245,98,100,3381,3226,7,324,257,33236,50209,41866,10416,37675,5564,999,84314,110508,16748,48587,87063,95771,267,79,1446,1367,681,1916,950,458,304,1009,8523,0.0,0.0,0.0,0.0,0.0,0.0,0.0,0.0,0.0,0.0,0.0,0.0,0.0,0.0,0.0,0.0,0.0,0.0,0.0,0.0,0.0,0.0,0.0,0.0,0.0,0.0,0.0,0.0,0.0,0.0,0.0,0.0,0.0,0.0,0.0,0.0,0.0,0.0,0.0,0.0,0.0,0.0,0.0,0.0,0.0,0.0,0.0,0.0,0.0,0.0,0.0,0.0,0.0,0.0,0.0,0.0,0.0,0.0,0.0,0.0,0.0,0.0,0.0,0.0,0.0,0.0,0.0,0.0,0.0,0.0,0.0,0.0,0.0,0.0,0.0,0.0,0.0,0.0,0.0,0.0,0.0,0.0,0.0,0.0,0.0,0.0,0.0,0.0,0.0,0.0,0.0,0.0,0.0,0.0,0.0,0.0,0.0,0.0,0.0,0.0,0.0,0.0,0.0,0.0,0.0,0.0,0.0,0.0,0.0,0.0,0.0,0.0,0.0,0.0,0.0,0.0,0.0,0.0,0.0,0.0,0.0,0.0,0.0,0.0,0.0,0.0,0.0,0.0,0.0,0.0,0.0,0.0,0.0,0.0,0.0,0.0,0.0,0.0,0.0,0.0,0.0,0.0,0.0,0.0,0.0,0.0,0.0,0.0,0.0,0.0
ENCFF000XBX,0.1284778511701096,1180,5,188,762,14,2658,131,15,14,10,7,152,81,122,238,639,122,15,113,230,5,21,1,0,2,12,56,58,586,84,4,6,10,106,18,0,185,2,0,409,240,3,20,3,0,22,108,514,7,17,18,17,8,7,783,5,6,9,8,18,33,2,199,9,41,16,0,1522,2950,170,13,8,26,159,6,23,6,15,18,1,9,15,103,13,9,45,2,10,7,3,29,7,0,251,25,216,9257,503,1,1301,1329,39,1792,739,9,153,41,41,0,111,222,171,7,98,930,47,2178,14,71,47,777,44,940,24,157,48,26,85,8,2,1155,1098,43,1998,117,398,3096,13,57,62,23,93,455,10,10,2,6,1,2,44,6,10,227,101,7,90,699,50,8,16,44,34,155,116,107,761,3,1,1,14,0,34,10,355,3972,1,0,16,18,14,1671,187,1432,35,1767,1546,272,642,274,1502,4,1210,1961,254,377,927,933,143,13,8,10,0,6,5,9,0,0,1,100,3,976,432,250,5,6864,20913,66,758,388,28,468,1424,347,1333,122,1134,3,1417,0,2,18,5,5,11,4,54,77,1,11,17,11,13,5,43,26,6,5,87,50,30,52,16,6,11,11,4,3,1,11,19,93,16,6,217,35,36,197,461,34,42,383,24,16,8,6,14,9,2,189,9,10,100,6,40,5,68,13,17,13,16,6,6,6,38,22,18,19,8,63,28,14,8,16,53,0,0,9,8,13,3,695,1,221,1,12,5,152,20,170,178,131,1,249,0,5,22,932,16066,11,44,49,16,1,360,5,14,18,803,248,45,39,4,4,1,0,1,12,56,99,16,64,6,9,40,1042,10,34,7893,5,776,9,79,75,33,12,20,942,8,17,20,9,5,6,264,22,17,22,12,15,10,1053,3,225,93,2,865,144,1,10,118,15,3,148,7,30,7,542,23,428,42,17,11,14,7,21,8,19,2,1,25,0,27,1,0,4,15,8,21,12,423,55,157,106,24,10,183,4,9196,6,363,42,500,31,3,67,1,1517,806,328,1927,51,320,3,5,8,8,6,8,16,28,133,14,1,13,21,0,2,219,99,1,7,2,627,1992,2560,240,1429,336,5,3267,5658,503,1374,3760,4876,13,3,12,11,5,10,49,8,24,8,141,0.0,0.0,0.0,0.0,0.0,0.0,0.0,0.0,0.0,0.0,0.0,0.0,0.0,0.0,0.0,0.0,0.0,0.0,0.0,0.0,0.0,0.0,0.0,0.0,0.0,0.0,0.0,0.0,0.0,0.0,0.0,0.0,0.0,0.0,0.0,0.0,0.0,0.0,0.0,0.0,0.0,0.0,0.0,0.0,0.0,0.0,0.0,0.0,0.0,0.0,0.0,0.0,0.0,0.0,0.0,0.0,0.0,0.0,0.0,0.0,0.0,0.0,0.0,0.0,0.0,0.0,0.0,0.0,0.0,0.0,0.0,0.0,0.0,0.0,0.0,0.0,0.0,0.0,0.0,0.0,0.0,0.0,0.0,0.0,0.0,0.0,0.0,0.0,0.0,0.0,0.0,0.0,0.0,0.0,0.0,0.0,0.0,0.0,0.0,0.0,0.0,0.0,0.0,0.0,0.0,0.0,0.0,0.0,0.0,0.0,0.0,0.0,0.0,0.0,0.0,0.0,0.0,0.0,0.0,0.0,0.0,0.0,0.0,0.0,0.0,0.0,0.0,0.0,0.0,0.0,0.0,0.0,0.0,0.0,0.0,0.0,0.0,0.0,0.0,0.0,0.0,0.0,0.0,0.0,0.0,0.0,0.0,0.0,0.0,0.0
ENCFF257PAW,0.19584877699077402,78059,463,5809,107146,1309,370780,21145,749,891,794,1380,6802,5550,13823,54257,108545,6038,2103,15161,11810,362,2213,121,199,134,3679,1864,8151,108875,10440,523,207,1469,6007,5435,93,6985,47,12,16411,30273,191,1423,83,110,2176,17033,61895,160,1920,3151,3929,1112,652,16486,242,1137,668,430,2321,3879,1297,45452,1422,1338,468,187,120890,109518,16346,3509,1855,4264,15264,833,4102,1633,2122,2651,582,2801,3626,8518,1115,1917,9871,69,2095,1778,62,3124,496,121,4240,2381,47546,419224,26865,241,70853,101285,6639,86468,3782,1675,12910,3794,4045,44,8716,18480,20332,522,10083,86365,5214,89011,461,2198,2841,19075,1052,137069,3198,15157,6249,1182,6650,566,238,85697,19258,1015,87463,17259,31897,75390,117,9722,18168,3592,7568,121033,1041,451,185,277,81,119,6596,1106,764,21767,11670,1183,9716,103650,6120,1182,3669,2787,3829,6974,9493,9443,15805,56,249,113,3360,79,3914,1670,1510,426611,44,10,1327,1617,3516,34024,17192,108209,6274,66050,83066,32025,76907,34474,61177,1241,69892,83786,26647,23690,61636,49833,11411,2423,165,2016,86,1977,3165,362,62,40,156,10111,559,118479,23536,26730,1036,472262,94685,10491,66488,73510,3264,1142,90295,45817,143369,6875,109371,233,110642,36,1007,2030,235,760,2777,714,10576,8509,64,1891,2099,1459,2829,1197,7808,4110,355,497,15356,9306,5406,7207,4335,852,1916,2364,1231,836,556,916,3197,10899,2310,889,3699,7142,5527,28946,81665,1332,6999,8989,3471,2364,2175,1757,2577,1264,147,18316,1573,3736,14650,1062,4901,1378,9616,3325,3239,1806,2762,448,1112,1582,6365,5631,2149,2608,2078,7204,4745,3532,1980,2981,9962,77,115,1091,1969,1566,919,40973,486,24325,74,807,199,17034,2237,19932,16543,20516,90,8884,178,221,6330,10347,207144,1620,5349,6535,3148,77,6640,291,832,4162,47345,20352,6637,4461,39,302,175,30,131,1709,2980,6351,2280,7778,1693,1346,8487,175925,593,5165,293346,1302,16980,2615,20629,2609,7048,799,415,8711,2035,3432,3377,861,817,603,10810,4424,3190,3338,1215,3420,3739,66882,61,32200,3777,72,70680,21328,99,1203,12602,2169,69,17875,2090,2558,440,10511,2894,43400,5939,1051,1768,3281,1476,2909,2571,3240,2854,70,2202,85,5420,389,22,214,476,1824,1145,2275,93806,2655,19205,9335,1671,2197,2019,505,86994,180,40354,3188,29876,4025,332,8025,28,88279,14962,27797,105234,3939,55264,518,1021,1082,2708,1218,3127,2101,2642,24252,2912,32,474,2948,99,68,9577,10512,97,196,223,72508,84405,65923,17751,86469,12358,2080,170078,212040,29040,84347,168116,199376,752,287,1775,1666,744,2447,2233,623,555,1916,15634,0.0,0.0,0.0,0.0,0.0,0.0,0.0,0.0,0.0,0.0,0.0,0.0,0.0,0.0,0.0,0.0,0.0,0.0,0.0,0.0,0.0,0.0,0.0,0.0,0.0,0.0,0.0,0.0,0.0,0.0,0.0,0.0,0.0,0.0,0.0,0.0,0.0,0.0,0.0,0.0,0.0,0.0,0.0,0.0,0.0,0.0,0.0,0.0,0.0,0.0,0.0,0.0,0.0,0.0,0.0,0.0,0.0,0.0,0.0,0.0,0.0,0.0,0.0,0.0,0.0,0.0,0.0,0.0,0.0,0.0,0.0,0.0,0.0,0.0,0.0,0.0,0.0,0.0,0.0,0.0,0.0,0.0,0.0,0.0,0.0,0.0,0.0,0.0,0.0,0.0,0.0,0.0,0.0,0.0,0.0,0.0,0.0,0.0,0.0,0.0,0.0,0.0,0.0,0.0,0.0,0.0,0.0,0.0,0.0,0.0,0.0,0.0,0.0,0.0,0.0,0.0,0.0,0.0,0.0,0.0,0.0,0.0,0.0,0.0,0.0,0.0,0.0,0.0,0.0,0.0,0.0,0.0,0.0,0.0,0.0,0.0,0.0,0.0,0.0,0.0,0.0,0.0,0.0,0.0,0.0,0.0,0.0,0.0,0.0,0.0
ENCFF000ZIY,0.12425438363405991,54733,133,3327,26998,571,124873,4466,200,306,272,477,2461,1919,4157,11285,27737,2102,308,4060,4579,201,569,58,11,41,656,2237,2562,13643,2785,196,180,351,1423,1300,50,1487,12,4,6240,9485,69,514,13,41,535,4663,13332,294,476,735,1088,326,236,15598,111,236,242,91,490,1098,388,9926,214,285,649,28,39859,38870,7571,823,561,1240,123967,222,923,398,643,632,171,840,933,3560,343,453,2907,2,715,406,11,984,93,20,966,1065,14021,137557,8705,121,23445,32676,1839,28614,945,483,5006,1848,1174,3,2387,8457,6680,40,4441,29082,1645,17430,305,1358,1700,7000,616,23970,1133,5024,2291,477,2052,356,104,132408,6026,1497,13486,4423,268834,25332,395,3407,1973,857,3099,33024,290,501,85,96,21,20,1824,253,466,8855,3850,533,2728,27604,2597,331,888,728,667,2470,3305,2926,11631,48,134,17,786,14,1447,427,657,2109,49,19,593,564,810,13834,5713,34172,1898,21190,25994,11307,21141,11183,24142,170,23855,27715,8645,7581,21791,15096,4110,778,460,484,90,392,744,120,42,20,35,3565,135,25825,9051,5569,93,165346,29621,3371,21779,16988,950,572,31321,14024,45010,2718,33844,118,34190,44,244,699,52,242,739,209,3496,2438,132,528,776,461,731,349,1873,1109,1459,175,3785,2795,1519,4929,951,293,493,587,296,261,211,969,903,4189,995,292,1467,1983,1664,8732,61059,1618,1894,5695,1085,654,518,555,747,400,1639,6462,357,719,4714,265,2391,300,3555,876,808,464,728,1079,364,491,1924,1902,624,775,566,5792,1281,671,616,832,3144,19,30,318,501,689,214,14173,38,10018,11,510,99,5146,753,7451,5171,6119,16,1976,87,129,899,4535,60778,551,1469,2472,903,150,2101,130,227,516,12516,4738,2145,1051,35,133,62,4,34,557,648,1833,428,3424,444,433,1182,33296,550,1742,102692,401,4750,766,4019,2664,2055,267,906,4751,623,767,819,356,338,246,12430,972,743,866,494,902,1019,20618,30,8529,1822,19,29639,6604,153,207,4684,473,22,5283,617,979,259,2411,923,17023,2413,730,666,809,394,918,723,1934,415,16,793,16,1831,119,21,141,439,186,338,540,18587,1397,7006,3944,946,380,512,98,29776,415,14099,1435,9829,903,187,2178,14,22728,4162,7394,38185,5523,12768,220,81,247,821,351,853,561,1389,4126,778,26,296,880,9,22,3792,3616,10,537,166,19554,34452,26581,6191,27747,3433,474,59080,76837,11008,33239,54192,65649,204,140,588,583,189,709,1144,318,329,452,5380,0.0,0.0,0.0,0.0,0.0,0.0,0.0,0.0,0.0,0.0,0.0,0.0,0.0,0.0,0.0,0.0,0.0,0.0,0.0,0.0,0.0,0.0,0.0,0.0,0.0,0.0,0.0,0.0,0.0,0.0,0.0,0.0,0.0,0.0,0.0,0.0,0.0,0.0,0.0,0.0,0.0,0.0,0.0,0.0,0.0,0.0,0.0,0.0,0.0,0.0,0.0,0.0,0.0,0.0,0.0,0.0,0.0,0.0,0.0,0.0,0.0,0.0,0.0,0.0,0.0,0.0,0.0,0.0,0.0,0.0,0.0,0.0,0.0,0.0,0.0,0.0,0.0,0.0,0.0,0.0,0.0,0.0,0.0,0.0,0.0,0.0,0.0,0.0,0.0,0.0,0.0,0.0,0.0,0.0,0.0,0.0,0.0,0.0,0.0,0.0,0.0,0.0,0.0,0.0,0.0,0.0,0.0,0.0,0.0,0.0,0.0,0.0,0.0,0.0,0.0,0.0,0.0,0.0,0.0,0.0,0.0,0.0,0.0,0.0,0.0,0.0,0.0,0.0,0.0,0.0,0.0,0.0,0.0,0.0,0.0,0.0,0.0,0.0,0.0,0.0,0.0,0.0,0.0,0.0,0.0,0.0,0.0,0.0,0.0,0.0
ENCFF002EKS,0.1308193221776283,123440,317,2506,37612,448,135680,9519,491,191,201,544,5057,1606,5436,23906,20485,1719,758,7004,4987,113,627,29,105,82,1586,11044,4428,29790,4191,121,60,499,3108,2874,48,3322,31,7,7042,8682,103,321,110,56,761,7635,23782,549,978,2199,2106,173,215,4880,103,312,208,167,846,3388,624,14658,619,359,2660,312,41920,40719,4341,1835,1101,2639,5120,58,2001,1007,1090,1348,410,1830,1956,2552,705,1201,5233,29,1236,1196,17,945,1073,90,1297,1080,19867,137920,7792,113,20467,32357,4309,27255,2125,1039,3257,1223,1667,29,3342,6618,6853,122,4891,29772,1575,44555,166,967,1146,6063,408,69925,1855,5222,2035,370,1838,193,66,24397,4726,4620,25624,7393,10520,22913,1179,4892,8236,1735,3215,40853,293,708,74,96,57,40,1614,490,936,9396,3165,233,4419,38167,2697,219,2155,1578,998,2587,3537,3433,5550,40,142,98,1594,46,1969,939,894,140,17,19,676,494,1927,10248,5132,35519,3220,20354,30876,13404,32985,16048,28029,175,23305,29805,8316,8488,25099,16033,4741,987,687,1100,30,1218,1787,127,39,26,81,3411,84,53616,9451,6033,384,215619,37395,4121,21979,22793,980,475,32136,16850,54323,1891,33238,88,30176,45,245,802,36,519,1320,346,5766,2194,65,1125,1024,1014,1576,792,3739,1909,283,211,6106,4250,2064,2945,2657,531,1450,1262,751,477,339,372,1607,5080,1225,581,1649,3556,2614,10346,46585,8865,3340,3237,1646,1307,1012,1022,1366,783,145,8567,868,2662,5269,528,1974,859,4454,2523,1677,1281,1574,462,708,681,3848,2922,1438,1214,1229,2561,2395,1832,978,1764,4250,31,56,643,1269,562,634,11622,226,8487,34,192,83,5500,589,6921,5897,8338,42,2500,136,42,1800,2919,71848,833,1796,2963,1038,71,3044,190,661,1391,20446,8685,9008,1249,68,158,101,22,85,917,1710,2069,1149,4545,1082,651,1911,55731,289,2557,90771,589,5812,1393,9489,11564,2866,398,1456,5946,1150,1615,1730,526,388,96,71989,2322,1613,1615,668,1586,1792,24005,65,16576,1211,38,25075,10015,22,354,4897,1010,55,8302,1109,1112,141,4826,1603,19360,2068,1502,1153,1641,1084,1182,1347,1067,1055,36,1032,73,2481,115,88,69,649,660,227,876,31630,1096,8199,4196,603,670,686,333,25227,632,11731,1826,8012,1286,57,2177,17,34128,6627,10877,40781,1510,18520,160,331,600,1679,860,1426,1226,1546,8242,1385,15,148,1585,47,56,2404,2410,10,580,127,24324,37370,30639,7604,27737,4290,672,60944,81775,12392,35826,64251,70764,204,64,1019,917,418,1315,657,325,200,790,6264,0.0,0.0,0.0,0.0,0.0,0.0,0.0,0.0,0.0,0.0,0.0,0.0,0.0,0.0,0.0,0.0,0.0,0.0,0.0,0.0,0.0,0.0,0.0,0.0,0.0,0.0,0.0,0.0,0.0,0.0,0.0,0.0,0.0,0.0,0.0,0.0,0.0,0.0,0.0,0.0,0.0,0.0,0.0,0.0,0.0,0.0,0.0,0.0,0.0,0.0,0.0,0.0,0.0,0.0,0.0,0.0,0.0,0.0,0.0,0.0,0.0,0.0,0.0,0.0,0.0,0.0,0.0,0.0,0.0,0.0,0.0,0.0,0.0,0.0,0.0,0.0,0.0,0.0,0.0,0.0,0.0,0.0,0.0,0.0,0.0,0.0,0.0,0.0,0.0,0.0,0.0,0.0,0.0,0.0,0.0,0.0,0.0,0.0,0.0,0.0,0.0,0.0,0.0,0.0,0.0,0.0,0.0,0.0,0.0,0.0,0.0,0.0,0.0,0.0,0.0,0.0,0.0,0.0,0.0,0.0,0.0,0.0,0.0,0.0,0.0,0.0,0.0,0.0,0.0,0.0,0.0,0.0,0.0,0.0,0.0,0.0,0.0,0.0,0.0,0.0,0.0,0.0,0.0,0.0,0.0,0.0,0.0,0.0,0.0,0.0
ENCFF975UNN,0.14649612807302598,85866,268,3243,66235,630,179499,8122,488,240,281,544,4988,1986,10628,35479,35429,2318,790,6664,5451,124,677,55,45,66,1817,6186,4732,29258,3760,181,83,618,3294,3026,48,3076,25,13,8239,10837,71,436,74,60,1163,8557,35213,447,1004,2104,2374,323,247,5152,97,405,226,125,847,2261,920,21655,4041,592,1912,128,60694,48496,5642,2013,1155,2722,4847,227,2192,982,1255,1513,408,1930,2034,3373,712,1353,5994,17,1449,1281,35,979,155,26,1338,1815,25032,168151,9980,159,26516,39413,3947,34357,2090,1156,4081,1387,1684,23,3053,7139,7579,213,5544,32933,2223,42766,238,1261,1648,7575,532,77680,2221,5922,2323,344,2032,186,64,27064,9591,2557,38048,9563,9364,27227,285,5887,6548,2059,3877,68972,558,514,219,103,34,33,2149,380,514,10517,3613,365,4547,65640,4729,316,2107,1036,1066,2976,4096,3545,5339,50,133,46,1841,16,2314,1058,1437,275,21,29,800,551,1902,12694,6349,42281,3473,28106,37887,17205,37354,18050,34330,313,27007,33956,9602,9272,26565,18935,6094,1253,748,894,101,1059,1857,114,43,29,29,4463,129,58368,14080,11088,275,243175,47582,5318,34123,36273,1000,522,45650,23293,78598,3150,40680,188,36115,26,310,893,24,521,1550,298,6253,2844,51,1347,1318,1024,1779,848,4087,2350,173,264,7298,4332,2290,2727,2643,581,1331,1424,772,532,404,334,2163,6421,1605,637,1873,3868,3129,17616,72074,5324,3697,3408,1896,1512,1146,1072,1636,879,64,8335,940,2099,5521,565,2246,890,4747,2291,1866,1361,1662,146,828,670,3860,3367,1416,1516,1416,2829,2565,1801,1165,1897,5119,34,36,733,1284,506,286,13502,68,8527,34,330,48,6796,705,7510,6861,9687,25,2963,73,50,2252,3282,109975,879,2070,3286,1261,345,3754,93,349,1537,22694,8771,5249,1487,43,129,38,16,65,1043,1464,2396,1218,4103,1136,720,2516,90325,450,2655,115087,704,6847,1704,9656,7325,3458,476,1535,7308,1299,1714,1815,739,571,281,35608,2294,1754,1906,902,1933,2130,26204,44,16981,1552,54,26344,7546,33,484,6349,1065,29,10030,1251,791,142,5311,1730,32735,4496,1183,1175,1856,952,1329,1489,1012,1176,26,810,46,2508,130,32,78,544,364,260,934,46763,1364,13363,6234,1009,886,647,182,28104,206,14119,2205,10301,1307,105,2618,17,42507,7022,12521,50180,3706,38660,242,476,620,1731,793,1622,1364,1814,7161,1696,24,328,1815,43,48,3352,3304,38,440,146,26838,44060,34435,8872,32823,4740,1962,82817,93573,15476,43911,75244,80252,306,86,1140,1068,401,1487,645,388,251,726,7453,0.0,0.0,0.0,0.0,0.0,0.0,0.0,0.0,0.0,0.0,0.0,0.0,0.0,0.0,0.0,0.0,0.0,0.0,0.0,0.0,0.0,0.0,0.0,0.0,0.0,0.0,0.0,0.0,0.0,0.0,0.0,0.0,0.0,0.0,0.0,0.0,0.0,0.0,0.0,0.0,0.0,0.0,0.0,0.0,0.0,0.0,0.0,0.0,0.0,0.0,0.0,0.0,0.0,0.0,0.0,0.0,0.0,0.0,0.0,0.0,0.0,0.0,0.0,0.0,0.0,0.0,0.0,0.0,0.0,0.0,0.0,0.0,0.0,0.0,0.0,0.0,0.0,0.0,0.0,0.0,0.0,0.0,0.0,0.0,0.0,0.0,0.0,0.0,0.0,0.0,0.0,0.0,0.0,0.0,0.0,0.0,0.0,0.0,0.0,0.0,0.0,0.0,0.0,0.0,0.0,0.0,0.0,0.0,0.0,0.0,0.0,0.0,0.0,0.0,0.0,0.0,0.0,0.0,0.0,0.0,0.0,0.0,0.0,0.0,0.0,0.0,0.0,0.0,0.0,0.0,0.0,0.0,0.0,0.0,0.0,0.0,0.0,0.0,0.0,0.0,0.0,0.0,0.0,0.0,0.0,0.0,0.0,0.0,0.0,0.0
ENCFF000BIY,0.13408788580472433,15832,40,2055,13433,377,65074,2150,126,305,160,237,1191,2492,5096,6950,17168,2056,311,2166,3174,94,503,94,41,14,251,39,1602,11422,2059,203,98,260,722,620,10,935,12,3,3719,7500,19,444,11,17,204,2759,8621,6,253,368,557,338,274,4122,93,213,202,31,462,606,166,4427,140,182,22,6,22119,25034,5405,432,290,510,3094,153,457,242,276,344,86,399,424,2560,209,222,1648,40,341,211,8,1024,52,13,765,477,6297,99577,5980,56,18476,23407,1201,20992,847,248,3337,828,716,6,1459,4394,4052,53,2278,30165,1444,14193,282,1146,1018,5181,453,17296,569,3795,1843,450,1785,704,71,18089,7604,21,9626,4497,5899,18926,5,1877,1294,470,2032,15504,103,137,52,86,37,16,1349,160,240,5481,3020,532,2061,14078,1351,607,396,377,418,1454,2182,1952,3720,39,61,43,363,6,696,235,776,977,3,3,221,415,344,10714,5034,26341,1225,16122,17660,6887,14222,8035,16553,150,16851,18837,7526,5786,13637,10130,2533,467,7,323,18,182,352,109,57,43,25,2196,163,15675,5555,6014,54,85730,19047,1826,15303,9829,669,672,20749,8301,24542,2359,24867,73,26310,21,145,330,9,108,346,108,1636,1364,12,270,372,220,329,186,994,544,212,96,2422,1430,1059,1723,535,114,273,254,143,169,139,408,426,2569,678,153,1146,1081,848,4052,13875,88,1163,2130,587,275,216,225,358,191,78,4433,211,326,3140,139,837,206,2206,424,374,213,356,76,200,234,1068,997,281,381,286,1611,741,284,298,340,1729,53,108,176,239,279,91,10348,29,6976,61,351,14,3609,464,4785,3816,3665,5,1454,57,158,486,2339,32682,407,1112,1375,723,11,1147,112,53,350,6493,2514,1176,916,144,301,80,8,30,253,367,1638,192,2144,259,222,565,19967,172,960,78623,202,4470,375,2178,172,1071,124,5,1943,293,317,375,253,156,154,437,464,324,422,187,436,469,15108,54,5411,1344,6,15959,4019,8,174,2876,347,20,3369,341,611,213,1311,439,6874,1343,288,331,408,190,471,318,1337,222,8,919,8,834,194,8,143,229,59,411,360,11631,1081,3507,2327,606,231,479,22,24140,41,9752,719,8329,789,155,2222,2,13157,3157,4521,21404,1244,7632,79,61,193,301,195,391,292,565,2259,416,15,116,452,4,8,2856,2691,0,46,119,13869,20017,16280,3356,21499,2429,218,40671,47357,7379,20937,36225,46409,152,139,277,301,117,314,772,161,377,295,3688,0.0,0.0,0.0,0.0,0.0,0.0,0.0,0.0,0.0,0.0,0.0,0.0,0.0,0.0,0.0,0.0,0.0,0.0,0.0,0.0,0.0,0.0,0.0,0.0,0.0,0.0,0.0,0.0,0.0,0.0,0.0,0.0,0.0,0.0,0.0,0.0,0.0,0.0,0.0,0.0,0.0,0.0,0.0,0.0,0.0,0.0,0.0,0.0,0.0,0.0,0.0,0.0,0.0,0.0,0.0,0.0,0.0,0.0,0.0,0.0,0.0,0.0,0.0,0.0,0.0,0.0,0.0,0.0,0.0,0.0,0.0,0.0,0.0,0.0,0.0,0.0,0.0,0.0,0.0,0.0,0.0,0.0,0.0,0.0,0.0,0.0,0.0,0.0,0.0,0.0,0.0,0.0,0.0,0.0,0.0,0.0,0.0,0.0,0.0,0.0,0.0,0.0,0.0,0.0,0.0,0.0,0.0,0.0,0.0,0.0,0.0,0.0,0.0,0.0,0.0,0.0,0.0,0.0,0.0,0.0,0.0,0.0,0.0,0.0,0.0,0.0,0.0,0.0,0.0,0.0,0.0,0.0,0.0,0.0,0.0,0.0,0.0,0.0,0.0,0.0,0.0,0.0,0.0,0.0,0.0,0.0,0.0,0.0,0.0,0.0
ENCFF052KGA,0.21105068625621243,12881123,4932,47307,161313,2477,442604,32032,1170,985,1195,5136,15629,7970,20134,108746,87891,9662,1421,25337,23353,549,2387,268,179,281,2967,1006116,11458,153315,13514,855,51771,1859,6382,5693,21025,6836,132,753,35355,39309,282,3631,242,1527,2236,20350,156404,129685,1991,3544,4604,1421,1212,24641,533,1165,1201,265,2307,7979,1408,64045,1925,1664,302319,1430,218864,159529,25352,3647,2284,228492,28056,898,4165,1688,2506,3124,681,3261,3882,12675,1675,1841,12880,24,2783,1690,56,3727,5500,94,5922,5052,127498,671335,39482,341,104890,144703,9186,126474,4272,2021,19922,7021,9072,122,13558,32635,30997,656,19939,130454,8054,88763,1575,6689,7508,30989,2934,177625,5508,21785,13832,2925,9042,1630,519,117426,28058,615699,129319,22087,38007,96266,190081,18735,15015,4077,96392,208811,2700,153311,420,368,134,105,7842,1043,5783,41813,18036,2606,17616,172170,13875,1503,4106,6377,5772,11510,20022,15848,29322,185,362,208,3435,85,6468,2020,5391,1944,16945,278,68745,2775,3402,58404,24577,474892,8066,100033,128248,57092,144920,51912,100860,744,101558,122432,40892,33767,97926,67615,26791,3166,223103,4072,495,1554,3039,566,208,77,207,16570,668,143738,42077,22820,922,1299280,141189,136040,102805,92867,3998,3117,166433,80932,246792,12243,171369,809,152365,90,1356,5186,3530,941,3190,787,14290,9960,238,2283,3158,2023,2878,1566,8844,5227,4609,1036,16497,11898,7218,13971,4121,972,2236,2273,1181,1321,962,2930,3710,24172,4359,1221,6302,9858,8007,55983,367297,652778,8489,15613,4612,2947,2305,1964,3099,1714,2647,29184,1588,2845,22054,1279,5177,1392,15738,3392,3524,1808,2840,6277,1541,20703,8207,8179,2581,3027,2394,10970,5180,2515,2646,3149,14695,184,266,1336,1886,2375,2120,58931,829,43507,134,2031,642,22734,3245,31987,34855,31361,95,9266,168,774,9499,17311,355814,63016,77245,9710,3799,63449,10483,791,1374,2438,52220,29991,23058,4422,194,934,346,101,144,2195,6932,8774,2299,14297,1675,1677,9277,212352,55805,7933,430288,2699,19661,3199,19376,1083690,9345,1052,490047,1235295,2851,3663,3723,1274,1504,17802,5744909,4185,3093,3796,2017,4388,4394,90809,169,36050,7851,98,106440,40361,101,923,25691,2758,168,22367,2464,5866,879,11814,3918,109154,15827,208060,3103,3701,1524,3753,2625,4438,1502,47,3318,69,7159,411,208,588,114932,2782,1689,2748,121371,5538,35963,19941,3906,2065,3079,641,155568,99511,53660,167849,42724,4892,1279,10558,541,122464,24507,47380,214378,38215,108064,16038,1198,1302,77947,4225,4164,2260,5253,19292,3477,101,126664,3411,50,174,13989,13250,148,225489,514,85555,164043,119704,28756,122777,14301,2053,278578,335897,50563,160968,257174,285376,777,595,2464,2358,795,2799,6669,1345,1728,2735,24070,0.0,0.0,0.0,0.0,0.0,0.0,0.0,0.0,0.0,0.0,0.0,0.0,0.0,0.0,0.0,0.0,0.0,0.0,0.0,0.0,0.0,0.0,0.0,0.0,0.0,0.0,0.0,0.0,0.0,0.0,0.0,0.0,0.0,0.0,0.0,0.0,0.0,0.0,0.0,0.0,0.0,0.0,0.0,0.0,0.0,0.0,0.0,0.0,0.0,0.0,0.0,0.0,0.0,0.0,0.0,0.0,0.0,0.0,0.0,0.0,0.0,0.0,0.0,0.0,0.0,0.0,0.0,0.0,0.0,0.0,0.0,0.0,0.0,0.0,0.0,0.0,0.0,0.0,0.0,0.0,0.0,0.0,0.0,0.0,0.0,0.0,0.0,0.0,0.0,0.0,0.0,0.0,0.0,0.0,0.0,0.0,0.0,0.0,0.0,0.0,0.0,0.0,0.0,0.0,0.0,0.0,0.0,0.0,0.0,0.0,0.0,0.0,0.0,0.0,0.0,0.0,0.0,0.0,0.0,0.0,0.0,0.0,0.0,0.0,0.0,0.0,0.0,0.0,0.0,0.0,0.0,0.0,0.0,0.0,0.0,0.0,0.0,0.0,0.0,0.0,0.0,0.0,0.0,0.0,0.0,0.0,0.0,0.0,0.0,0.0
ENCFF472DNL,0.09293916240008626,294580,961,5594,38306,526,64097,6106,345,347,326,604,3621,3501,9191,20807,20504,3285,398,6483,5484,113,601,90,57,69,1032,24082,3673,28572,3166,213,1229,551,2181,1908,698,1966,23,88,8522,9867,73,612,132,327,636,6203,27027,3962,489,1261,1563,433,334,5524,158,280,427,127,579,1713,909,13927,1015,1187,6549,98,57091,54283,5726,1193,816,5713,4468,265,1440,537,868,1065,277,1139,1280,3206,504,622,4272,28,1000,523,15,990,218,40,1471,1637,25373,164026,9309,210,25118,36438,2781,31634,1508,707,4399,1504,1636,32,2670,6848,6549,128,5050,28552,2379,28611,427,1734,2226,8293,704,39788,1621,5672,2548,791,2217,263,117,24520,11564,16101,26001,8651,11004,22685,4255,5024,3989,1368,5484,54546,476,3436,89,101,35,61,1984,262,706,10257,4055,619,4066,41418,4331,403,1235,1347,1294,3070,3750,3299,4977,108,133,46,1217,36,2132,698,1734,3907,596,22,1772,735,1096,13343,6280,46383,2495,28309,30943,16339,33518,14488,29822,233,26563,32239,10331,8140,22648,17510,7287,996,5601,1030,319,628,998,114,49,23,56,4174,304,47355,14203,8855,413,305775,43672,6310,29540,27316,918,582,45438,22479,68165,3400,38928,229,34061,34,316,970,224,305,1020,266,4039,2079,38,775,1066,670,1017,489,2744,1573,394,267,4781,2933,1999,2571,1361,425,706,795,362,345,273,524,1290,6281,1399,390,1879,2680,2451,16867,68344,15103,2443,2991,1421,917,723,721,1053,651,223,7217,488,937,4612,365,1595,379,4379,1187,1168,684,1087,375,463,1363,2650,2666,953,1013,791,2058,1597,879,842,1160,4798,30,42,383,665,423,335,13214,171,8587,36,419,104,5729,627,6483,6471,8078,20,2676,99,137,2384,3161,89827,1789,3587,2234,1095,1299,3422,161,178,653,17660,7862,3424,1098,15,200,117,24,22,764,1612,2408,638,3695,551,526,2958,54885,1645,2421,111224,686,5118,1127,6013,25714,2960,341,10048,27559,959,1040,1129,412,441,568,121014,1277,1064,1212,663,1345,1397,23122,55,10444,2177,34,23197,6394,57,210,6256,684,28,6955,880,1309,210,3218,1245,21822,4301,3402,936,1221,458,1281,886,1121,1235,26,1027,23,1825,204,67,135,2770,587,618,1162,32326,1429,11778,6354,1104,524,897,186,29700,2439,14620,5576,10244,1097,426,2624,37,30167,5757,10110,44856,5630,21499,745,296,377,2381,1066,1265,766,1781,9911,1060,35,2253,1173,17,35,3312,3127,13,4972,177,21704,45683,33702,9157,33633,3953,330,72558,92657,15222,44525,68788,77371,221,176,876,723,202,983,1122,285,375,709,6854,0.0,0.0,0.0,0.0,0.0,0.0,0.0,0.0,0.0,0.0,0.0,0.0,0.0,0.0,0.0,0.0,0.0,0.0,0.0,0.0,0.0,0.0,0.0,0.0,0.0,0.0,0.0,0.0,0.0,0.0,0.0,0.0,0.0,0.0,0.0,0.0,0.0,0.0,0.0,0.0,0.0,0.0,0.0,0.0,0.0,0.0,0.0,0.0,0.0,0.0,0.0,0.0,0.0,0.0,0.0,0.0,0.0,0.0,0.0,0.0,0.0,0.0,0.0,0.0,0.0,0.0,0.0,0.0,0.0,0.0,0.0,0.0,0.0,0.0,0.0,0.0,0.0,0.0,0.0,0.0,0.0,0.0,0.0,0.0,0.0,0.0,0.0,0.0,0.0,0.0,0.0,0.0,0.0,0.0,0.0,0.0,0.0,0.0,0.0,0.0,0.0,0.0,0.0,0.0,0.0,0.0,0.0,0.0,0.0,0.0,0.0,0.0,0.0,0.0,0.0,0.0,0.0,0.0,0.0,0.0,0.0,0.0,0.0,0.0,0.0,0.0,0.0,0.0,0.0,0.0,0.0,0.0,0.0,0.0,0.0,0.0,0.0,0.0,0.0,0.0,0.0,0.0,0.0,0.0,0.0,0.0,0.0,0.0,0.0,0.0
ENCFF000VRZ,0.1427780461421569,33801,145,1929,10909,484,32301,2257,92,179,95,212,1334,1807,3262,5357,11166,1180,134,2031,2412,56,188,23,15,21,287,1992,1292,9729,1230,107,143,164,702,622,84,641,13,6,2789,3693,31,205,22,36,181,1956,7136,269,216,356,565,141,104,2034,53,95,130,40,220,577,224,3992,120,158,598,22,16779,17356,2155,419,266,880,1787,58,411,231,310,368,107,409,423,1315,168,188,1310,5,361,199,10,405,362,14,598,517,5854,60698,3800,43,9672,13858,930,11818,418,273,1608,568,668,12,950,2503,2576,34,1626,11127,1309,13290,349,1539,1296,3462,715,16603,517,2156,1170,291,917,175,43,10450,4910,1525,9050,3212,3954,8652,531,1854,928,450,1311,13212,152,334,33,49,19,20,607,102,200,4250,1660,215,1623,11407,1284,165,419,274,261,983,1676,1467,1724,30,33,10,392,10,734,284,338,132,65,6,365,260,330,5182,2286,15363,852,10804,11550,5241,10908,4844,10467,85,9741,11835,3744,3264,8117,6037,2124,329,467,256,32,168,341,52,31,15,24,1476,119,14636,4586,4531,62,74713,12731,1377,9169,8229,292,250,14110,6791,20839,2395,14040,61,13590,22,139,305,87,123,330,88,1320,706,17,247,349,296,358,157,900,560,106,70,1597,1021,666,871,484,144,230,305,146,139,100,198,454,2027,556,162,650,847,772,4166,9798,1453,771,1008,498,293,281,233,400,229,66,2399,165,290,1695,162,504,158,1466,383,363,292,330,106,185,260,870,978,322,387,274,786,534,283,318,338,1495,11,25,169,238,164,176,4587,42,3415,15,183,35,2041,245,2497,2378,2529,13,866,35,62,508,1232,25372,291,835,760,377,100,1077,57,148,166,5320,2334,1181,412,21,103,39,9,22,299,350,777,215,1535,210,191,686,14919,245,813,45661,214,1721,350,1907,1948,896,132,1039,3875,291,337,401,161,157,133,11086,410,331,416,172,417,439,8439,30,3332,906,18,8624,3361,11,69,2128,215,20,2270,288,387,95,1089,422,7432,1255,436,333,400,158,380,316,465,307,3,430,11,678,31,12,54,374,139,336,282,12833,1308,3634,2661,722,213,377,66,11924,253,5593,919,4072,382,128,990,20,11309,2292,3613,15603,1142,6804,164,64,142,423,232,448,277,589,2704,318,16,222,389,12,9,1198,1228,8,426,91,7906,15880,11613,3012,12207,1388,138,24713,32541,5073,16243,23125,27342,60,56,276,259,96,316,431,125,119,215,2382,0.0,0.0,0.0,0.0,0.0,0.0,0.0,0.0,0.0,0.0,0.0,0.0,0.0,0.0,0.0,0.0,0.0,0.0,0.0,0.0,0.0,0.0,0.0,0.0,0.0,0.0,0.0,0.0,0.0,0.0,0.0,0.0,0.0,0.0,0.0,0.0,0.0,0.0,0.0,0.0,0.0,0.0,0.0,0.0,0.0,0.0,0.0,0.0,0.0,0.0,0.0,0.0,0.0,0.0,0.0,0.0,0.0,0.0,0.0,0.0,0.0,0.0,0.0,0.0,0.0,0.0,0.0,0.0,0.0,0.0,0.0,0.0,0.0,0.0,0.0,0.0,0.0,0.0,0.0,0.0,0.0,0.0,0.0,0.0,0.0,0.0,0.0,0.0,0.0,0.0,0.0,0.0,0.0,0.0,0.0,0.0,0.0,0.0,0.0,0.0,0.0,0.0,0.0,0.0,0.0,0.0,0.0,0.0,0.0,0.0,0.0,0.0,0.0,0.0,0.0,0.0,0.0,0.0,0.0,0.0,0.0,0.0,0.0,0.0,0.0,0.0,0.0,0.0,0.0,0.0,0.0,0.0,0.0,0.0,0.0,0.0,0.0,0.0,0.0,0.0,0.0,0.0,0.0,0.0,0.0,0.0,0.0,0.0,0.0,0.0
ENCFF747RJL,0.14161855365178588,49744,275,4978,86566,937,440076,14798,738,375,308,1489,6383,3266,11269,35133,46869,2773,899,15671,9380,220,734,84,109,90,2136,575,6253,77898,5307,185,59,737,4571,4650,62,4629,58,495,11325,11448,124,399,104,78,1103,10755,55910,42,1304,2943,3157,233,256,6318,183,387,274,209,1061,3052,1668,39737,8236,443,132,61,90688,81299,6971,2743,1597,3570,5616,70,3075,1428,1650,2026,612,2668,2824,3356,951,1672,7771,34,1871,1736,30,1367,329,88,5679,2382,49878,228279,11836,184,31087,52618,6505,43607,3166,1605,5332,1928,5071,27,5466,14519,14846,157,8391,41558,2991,99318,424,2072,2422,9360,928,163956,3041,8818,4924,585,2361,178,112,33685,11614,433,39158,13980,11244,32585,60,7834,15846,2705,4225,87363,1097,163,154,80,62,24,2300,497,1590,16073,4310,418,5386,88057,5672,235,3118,1516,1304,3453,11239,11958,7026,118,170,59,2318,20,2950,1328,1405,522,21,20,922,408,2765,14466,7051,48775,4488,34658,48067,22370,50863,23042,40987,350,33058,45867,10171,10943,36720,21626,7480,1476,39,2165,35,1752,2853,136,31,25,228,6909,146,83303,20452,15489,414,411054,62045,6175,40118,59877,1044,1240,55374,51563,122969,4674,57776,208,45543,34,306,1415,19,679,1964,392,8957,2691,482,1697,1481,1389,2446,1210,5470,2704,180,203,8616,6206,3003,3142,3784,760,2113,1851,1054,676,523,336,2411,10420,1947,827,2376,5204,3884,21524,124102,578,5083,5274,2408,1883,1533,1472,2029,1193,75,11463,1242,3749,6989,748,3018,1203,6386,3553,2375,1986,2199,621,979,1043,5570,4196,2177,1876,1892,3391,3532,2495,1429,2515,6056,49,65,986,1920,1053,465,19821,277,15095,40,369,66,7517,678,12380,10141,14955,34,3333,149,44,3389,3706,185458,379,2542,4428,1384,34,4480,81,257,1835,28074,19341,5899,1505,73,140,87,35,76,1368,3275,2585,1648,4356,1550,961,4324,137610,298,3653,137217,907,7747,2034,13233,1015,4274,641,126,3962,1758,2428,2597,802,661,184,4132,3493,2379,2395,1712,2522,2709,34121,44,22979,1657,95,35935,8542,58,492,6419,1286,49,12145,1592,1403,177,6861,2289,26014,3698,406,1633,2440,1425,1577,2078,1866,1424,39,986,47,4210,293,137,65,102,1250,384,1460,58763,2341,14873,8493,1364,1042,1182,278,35039,109,18853,2456,10717,1613,68,2968,19,60601,12771,19547,80979,4371,36408,243,1034,849,2347,1224,2241,1747,2309,8175,2100,39,143,2492,35,52,3259,3550,26,113,103,31558,56745,46828,11572,39279,5963,2391,100665,120493,21287,54248,94611,98768,409,115,1546,1380,676,1990,1252,447,256,830,10044,0.0,0.0,0.0,0.0,0.0,0.0,0.0,0.0,0.0,0.0,0.0,0.0,0.0,0.0,0.0,0.0,0.0,0.0,0.0,0.0,0.0,0.0,0.0,0.0,0.0,0.0,0.0,0.0,0.0,0.0,0.0,0.0,0.0,0.0,0.0,0.0,0.0,0.0,0.0,0.0,0.0,0.0,0.0,0.0,0.0,0.0,0.0,0.0,0.0,0.0,0.0,0.0,0.0,0.0,0.0,0.0,0.0,0.0,0.0,0.0,0.0,0.0,0.0,0.0,0.0,0.0,0.0,0.0,0.0,0.0,0.0,0.0,0.0,0.0,0.0,0.0,0.0,0.0,0.0,0.0,0.0,0.0,0.0,0.0,0.0,0.0,0.0,0.0,0.0,0.0,0.0,0.0,0.0,0.0,0.0,0.0,0.0,0.0,0.0,0.0,0.0,0.0,0.0,0.0,0.0,0.0,0.0,0.0,0.0,0.0,0.0,0.0,0.0,0.0,0.0,0.0,0.0,0.0,0.0,0.0,0.0,0.0,0.0,0.0,0.0,0.0,0.0,0.0,0.0,0.0,0.0,0.0,0.0,0.0,0.0,0.0,0.0,0.0,0.0,0.0,0.0,0.0,0.0,0.0,0.0,0.0,0.0,0.0,0.0,0.0
ENCFF000ZET,0.08519487322239386,7834,25,607,4968,131,15722,924,55,59,48,120,490,385,653,2660,3293,478,82,659,1074,31,137,16,3,11,135,212,563,3150,717,69,47,67,303,262,11,325,7,3,1322,2126,3,146,3,9,111,945,2609,18,142,163,225,96,62,1279,28,73,103,34,172,239,28,926,62,47,80,16,6969,8793,1437,184,97,211,1151,62,220,96,123,145,42,176,190,800,74,98,535,5,129,77,6,241,17,5,211,191,1609,32061,2075,12,5648,7631,395,6522,218,98,996,284,269,1,507,1434,1447,13,923,6296,349,4350,116,436,384,1635,192,4889,234,1336,581,144,643,81,22,5803,1048,413,1756,752,2453,5571,45,711,345,172,728,4809,53,63,8,31,3,13,448,45,89,1968,970,130,791,5021,536,78,202,123,108,492,875,782,1110,5,9,2,168,7,302,110,366,668,10,1,105,159,126,3113,1425,8344,416,4656,5854,2624,4392,2323,4748,38,5134,5899,2116,1803,4092,3651,961,151,40,120,13,106,139,38,11,2,16,824,20,4464,1947,660,30,27050,6166,667,5109,1950,194,117,6714,3212,7911,749,9295,49,9645,7,48,182,25,34,133,56,573,427,6,114,158,83,141,79,363,205,40,42,833,565,377,515,213,57,117,106,84,53,44,98,214,805,760,66,339,413,340,1478,3167,185,387,630,213,118,86,90,135,86,16,1309,84,122,953,53,263,64,700,184,203,106,165,37,64,82,400,405,151,169,147,519,290,119,129,163,605,6,8,67,94,92,73,2955,18,1845,6,117,14,1243,176,1336,1286,1353,2,470,18,25,230,789,8005,140,350,373,205,12,383,26,27,135,2287,837,530,295,19,54,22,3,8,94,246,526,101,665,111,77,184,5965,87,339,23850,93,1130,160,869,279,406,50,109,834,134,147,126,61,68,52,1170,161,142,157,90,186,186,4968,17,1876,465,9,5510,1385,16,49,1188,138,12,1225,127,234,77,455,180,1943,458,140,151,161,89,207,105,296,129,3,190,2,366,19,5,31,93,31,76,96,5461,388,1409,919,226,85,157,44,7531,32,2984,357,2540,240,46,606,5,5169,977,1786,7812,370,1810,35,33,51,155,78,182,96,205,1252,132,2,44,220,6,2,898,878,0,41,33,4558,6899,4855,1220,6580,808,46,11286,15346,2113,7024,11504,14555,34,39,145,135,51,130,277,51,89,121,1309,0.0,0.0,0.0,0.0,0.0,0.0,0.0,0.0,0.0,0.0,0.0,0.0,0.0,0.0,0.0,0.0,0.0,0.0,0.0,0.0,0.0,0.0,0.0,0.0,0.0,0.0,0.0,0.0,0.0,0.0,0.0,0.0,0.0,0.0,0.0,0.0,0.0,0.0,0.0,0.0,0.0,0.0,0.0,0.0,0.0,0.0,0.0,0.0,0.0,0.0,0.0,0.0,0.0,0.0,0.0,0.0,0.0,0.0,0.0,0.0,0.0,0.0,0.0,0.0,0.0,0.0,0.0,0.0,0.0,0.0,0.0,0.0,0.0,0.0,0.0,0.0,0.0,0.0,0.0,0.0,0.0,0.0,0.0,0.0,0.0,0.0,0.0,0.0,0.0,0.0,0.0,0.0,0.0,0.0,0.0,0.0,0.0,0.0,0.0,0.0,0.0,0.0,0.0,0.0,0.0,0.0,0.0,0.0,0.0,0.0,0.0,0.0,0.0,0.0,0.0,0.0,0.0,0.0,0.0,0.0,0.0,0.0,0.0,0.0,0.0,0.0,0.0,0.0,0.0,0.0,0.0,0.0,0.0,0.0,0.0,0.0,0.0,0.0,0.0,0.0,0.0,0.0,0.0,0.0,0.0,0.0,0.0,0.0,0.0,0.0
ENCFF002EKP,0.13107630976520257,70437,180,2577,37541,459,146063,10387,569,221,199,555,4870,1728,5700,23447,22282,1840,781,7526,5009,104,723,38,149,119,1865,4772,4754,30657,4392,135,58,553,3239,3045,43,3760,51,13,7610,9024,122,372,105,44,894,8224,23793,301,966,2407,2267,185,213,4687,113,326,237,246,1029,2976,594,14104,573,436,1157,202,43118,43199,4682,1977,1262,2808,5104,91,2247,1060,1255,1453,403,1974,2173,2625,679,1273,5874,33,1329,1379,34,1053,1079,111,1407,1157,19016,147235,8478,139,22037,33979,4660,29155,2283,1241,3393,1394,1772,37,3592,6818,7444,163,4889,32361,1649,48197,209,1078,1233,6613,485,75068,1921,5525,2251,414,2028,275,77,25272,5207,2107,26361,7993,10558,24776,520,5455,8827,1915,3326,41024,341,342,69,84,56,60,1829,598,757,9680,3446,262,4810,38248,2681,252,2365,1837,1047,2618,3808,3750,5879,70,138,124,1743,57,2152,939,1179,156,19,22,771,527,2074,10813,5431,37468,3323,22309,33247,13971,33438,17018,30141,173,24682,32081,8852,8890,26189,16892,5457,1004,333,1315,38,1284,2049,136,48,61,79,3513,125,54939,9805,6668,539,201158,39055,4084,23344,22270,1017,495,34094,17634,55806,2044,35956,99,32649,64,269,791,38,559,1481,359,6022,2254,54,1269,1143,1037,1683,907,3981,2058,248,242,6502,4568,2278,3263,2763,544,1590,1355,824,535,366,338,1757,5419,1262,610,1671,3830,2808,10898,45399,3822,3704,3259,1787,1428,1147,1050,1478,854,131,9544,834,2730,5607,481,2240,931,4902,2660,1755,1375,1560,371,733,739,4159,3095,1478,1440,1322,2703,2702,1936,1005,1927,4571,45,44,705,1462,598,694,12732,286,8897,37,191,102,5709,585,7519,6458,8874,48,2695,170,50,2043,3014,75254,523,2004,3322,1080,42,3201,224,730,1503,22689,9338,6838,1279,89,189,96,27,106,974,1790,2394,1292,4923,1124,774,1929,57104,267,2597,95323,719,6244,1488,10270,5220,3115,497,672,4118,1332,1790,1853,561,462,104,32691,2565,1742,1797,703,1738,1919,25637,65,17410,1226,52,25922,9890,34,369,5034,1224,83,8735,1164,1165,146,5274,1691,20032,2031,856,1279,1797,1097,1247,1470,1185,1167,44,1157,103,2732,156,94,84,318,809,240,1019,32753,1272,8709,4491,659,703,716,407,26468,326,12734,1758,8346,1390,62,2455,13,37535,7151,11922,44870,1448,18793,183,437,668,1767,942,1556,1373,1585,9398,1577,9,144,1682,62,80,2725,2562,8,265,164,25890,38719,31965,8030,29724,4527,669,62660,85911,12686,37323,67805,74450,179,71,1116,1047,509,1456,722,343,227,818,6667,0.0,0.0,0.0,0.0,0.0,0.0,0.0,0.0,0.0,0.0,0.0,0.0,0.0,0.0,0.0,0.0,0.0,0.0,0.0,0.0,0.0,0.0,0.0,0.0,0.0,0.0,0.0,0.0,0.0,0.0,0.0,0.0,0.0,0.0,0.0,0.0,0.0,0.0,0.0,0.0,0.0,0.0,0.0,0.0,0.0,0.0,0.0,0.0,0.0,0.0,0.0,0.0,0.0,0.0,0.0,0.0,0.0,0.0,0.0,0.0,0.0,0.0,0.0,0.0,0.0,0.0,0.0,0.0,0.0,0.0,0.0,0.0,0.0,0.0,0.0,0.0,0.0,0.0,0.0,0.0,0.0,0.0,0.0,0.0,0.0,0.0,0.0,0.0,0.0,0.0,0.0,0.0,0.0,0.0,0.0,0.0,0.0,0.0,0.0,0.0,0.0,0.0,0.0,0.0,0.0,0.0,0.0,0.0,0.0,0.0,0.0,0.0,0.0,0.0,0.0,0.0,0.0,0.0,0.0,0.0,0.0,0.0,0.0,0.0,0.0,0.0,0.0,0.0,0.0,0.0,0.0,0.0,0.0,0.0,0.0,0.0,0.0,0.0,0.0,0.0,0.0,0.0,0.0,0.0,0.0,0.0,0.0,0.0,0.0,0.0
ENCFF580STU,0.10635766603048889,239069,134,4414,47119,485,114088,18747,779,675,472,1077,8151,3042,5112,21889,20043,2597,1653,7072,8155,185,956,108,189,180,2544,17997,6262,31799,5457,229,68,761,4593,4653,58,4966,58,20,11481,13678,288,667,160,42,1287,11980,35990,1027,1397,2891,3122,247,549,8454,139,559,454,638,1728,5307,238,6917,192,496,4932,795,40798,69807,7948,2768,1617,3861,9181,106,3404,1421,1546,2008,557,2599,3309,3760,911,1605,7748,75,1849,1751,57,1805,836,92,3171,1080,7571,201305,10808,247,31528,54082,5884,45733,3518,1631,6274,3128,4044,94,6041,11774,14464,824,8747,54970,1668,32793,131,687,1016,8830,464,56296,2521,8902,3731,795,2858,197,328,42370,5273,8399,17335,6999,20180,40250,597,8426,4940,2748,5032,45565,846,1224,68,165,120,14,2680,757,1806,16063,4795,513,5414,43974,2800,509,3333,4828,3773,3691,6681,8763,8662,89,262,74,2320,101,2738,1190,2428,954,22,49,934,643,3098,16227,8191,55875,4332,24264,42305,17132,34327,22532,39756,343,35465,45750,13821,13126,37341,24455,6193,1386,1255,360,57,1565,2656,196,69,70,99,6932,209,30905,9420,5362,522,169478,40222,5775,26564,13299,1660,1011,38177,16871,45489,1838,55510,218,53793,168,393,2107,149,755,2104,489,8442,3197,123,1598,1441,1422,2408,1305,5880,2879,389,315,8964,6257,3036,4786,3837,678,2167,1792,1029,674,516,467,2234,5933,1300,820,2117,6079,4011,12187,72239,15642,5315,5490,2450,1887,1641,1464,2023,1104,168,13603,1325,3826,8195,778,3304,1241,6384,3636,2582,2025,2082,410,947,827,5471,4146,2117,1859,1872,4072,3667,2482,1378,2357,5589,77,45,934,1871,1438,1110,19052,701,14141,106,261,261,8197,918,11667,10924,10738,169,3650,344,131,2149,3855,90265,1579,2927,5098,1498,217,4660,261,1198,2166,31367,8599,13991,2122,179,370,379,44,238,1409,1754,3373,1920,8777,1467,1003,2030,65268,370,3674,169146,904,8974,2144,13247,20198,3986,698,1122,10377,1709,2829,2780,789,654,148,150781,4022,2421,2505,910,2497,2877,38036,242,23801,1897,180,44864,11446,62,608,9378,1807,311,12691,1683,2027,410,7839,2333,44173,2285,2618,1730,2551,1504,1640,2173,2190,1387,85,1942,108,4008,448,392,153,1230,713,187,903,29302,1045,9814,4688,696,1207,1554,521,49519,967,16742,2572,13246,2578,74,3426,41,56099,10030,16354,66891,2859,24057,213,563,899,2233,1372,2502,1797,2127,7140,2283,25,217,2361,58,89,3967,3754,39,945,175,36516,46160,35593,9340,40751,6399,462,77608,111258,15101,44467,86802,104036,193,89,1471,1455,728,1969,1243,1172,357,1173,10532,0.0,0.0,0.0,0.0,0.0,0.0,0.0,0.0,0.0,0.0,0.0,0.0,0.0,0.0,0.0,0.0,0.0,0.0,0.0,0.0,0.0,0.0,0.0,0.0,0.0,0.0,0.0,0.0,0.0,0.0,0.0,0.0,0.0,0.0,0.0,0.0,0.0,0.0,0.0,0.0,0.0,0.0,0.0,0.0,0.0,0.0,0.0,0.0,0.0,0.0,0.0,0.0,0.0,0.0,0.0,0.0,0.0,0.0,0.0,0.0,0.0,0.0,0.0,0.0,0.0,0.0,0.0,0.0,0.0,0.0,0.0,0.0,0.0,0.0,0.0,0.0,0.0,0.0,0.0,0.0,0.0,0.0,0.0,0.0,0.0,0.0,0.0,0.0,0.0,0.0,0.0,0.0,0.0,0.0,0.0,0.0,0.0,0.0,0.0,0.0,0.0,0.0,0.0,0.0,0.0,0.0,0.0,0.0,0.0,0.0,0.0,0.0,0.0,0.0,0.0,0.0,0.0,0.0,0.0,0.0,0.0,0.0,0.0,0.0,0.0,0.0,0.0,0.0,0.0,0.0,0.0,0.0,0.0,0.0,0.0,0.0,0.0,0.0,0.0,0.0,0.0,0.0,0.0,0.0,0.0,0.0,0.0,0.0,0.0,0.0
ENCFF000DMU,0.05365820207327045,84709,1863,2101,55,0,558,363,7,12,13,93,115,18,21,4,39,138,47,171,274,8,40,8,11,5,160,3577,135,22,212,139,32,50,105,92,2,99,0,0,673,767,0,10,0,459,33,388,6,1529,45,121,68,12,93,12666,5,16,13,1,123,37,0,2,5,2,1015,0,1553,14744,2271,73,32,184,714,23,75,40,42,37,8,60,55,211,45,44,218,9,36,35,0,135,1,0,25,19,9,17543,773,0,17476,4730,101,4737,140,35,494,437,433,0,5845,7306,1070,0,397,6989,14,392,0,0,12,412,1,15,45,488,205,12,124,14,0,2692,114,2337,47,71,1091,9778,1897,670,28,70,303,89,3,311,1,1,3,0,86,42,24,674,210,20,169,80,62,342,67,6,10,126,138,158,3959,0,9,0,55,0,62,22,494,656,0,0,3,9,57,1273,656,3437,138,841,1267,567,378,1283,10461,6,2273,2259,1048,1133,5313,7987,459,34,171,5,3,33,65,6,0,6,0,260,0,315,209,8,0,259611,1927,316,3869,91,56,56,1295,703,955,3,2952,1,2552,8,2,112,0,15,30,24,185,143,0,31,27,38,64,25,109,57,347,43,401,204,72,960,70,22,53,37,20,23,21,292,67,343,31,24,82,107,62,108,44,9769,138,3258,65,39,18,43,38,23,64,894,38,80,466,20,160,38,222,62,63,31,48,4,42,60,117,90,43,30,44,1004,111,31,26,47,147,5,0,15,43,48,0,2753,0,2042,1,16,1,294,36,1630,985,373,0,157,4,9,0,175,1274,468,510,1106,43,388,85,0,9,110,3364,152,80,64,192,818,0,0,0,34,3,149,40,210,28,23,25,41,349,98,8134,660,354,44,346,6765,249,34,500,1768,48,92,54,12,25,7,32344,55,56,76,43,37,71,1559,1,588,1056,0,42373,447,0,10,343,88,4,305,40,101,10,212,44,28,35,121,34,49,16,43,43,99,0,0,137,0,126,13,0,6,121,8,0,4,136,3,139,43,18,30,24,0,3908,96,2151,83,588,48,1,448,0,10283,218,1223,8486,43,70,9,0,14,38,741,50,32,64,39,38,0,61,154,0,0,485,196,0,149,2,1675,2713,1478,450,1625,539,13,2054,5757,589,1442,4044,3995,4,11,43,30,4,52,45,18,175,37,369,0.0,0.0,0.0,0.0,0.0,0.0,0.0,0.0,0.0,0.0,0.0,0.0,0.0,0.0,0.0,0.0,0.0,0.0,0.0,0.0,0.0,0.0,0.0,0.0,0.0,0.0,0.0,0.0,0.0,0.0,0.0,0.0,0.0,0.0,0.0,0.0,0.0,0.0,0.0,0.0,0.0,0.0,0.0,0.0,0.0,0.0,0.0,0.0,0.0,0.0,0.0,0.0,0.0,0.0,0.0,0.0,0.0,0.0,0.0,0.0,0.0,0.0,0.0,0.0,0.0,0.0,0.0,0.0,0.0,0.0,0.0,0.0,0.0,0.0,0.0,0.0,0.0,0.0,0.0,0.0,0.0,0.0,0.0,0.0,0.0,0.0,0.0,0.0,0.0,0.0,0.0,0.0,0.0,0.0,0.0,0.0,0.0,0.0,0.0,0.0,0.0,0.0,0.0,0.0,0.0,0.0,0.0,0.0,0.0,0.0,0.0,0.0,0.0,0.0,0.0,0.0,0.0,0.0,0.0,0.0,0.0,0.0,0.0,0.0,0.0,0.0,0.0,0.0,0.0,0.0,0.0,0.0,0.0,0.0,0.0,0.0,0.0,0.0,0.0,0.0,0.0,0.0,0.0,0.0,0.0,0.0,0.0,0.0,0.0,0.0
ENCFF000YFQ,0.06916414985313636,6916,17,260,2890,56,6261,575,34,26,26,52,180,211,377,1582,1632,215,28,317,352,17,65,1,4,5,69,458,201,1562,242,24,23,33,108,92,24,139,1,3,504,829,2,64,1,6,44,346,1588,34,42,64,89,22,24,555,15,22,42,13,59,85,19,702,16,221,102,8,3061,3409,584,62,41,167,527,15,69,45,56,44,12,68,51,300,28,31,200,0,48,28,0,97,17,2,85,78,1143,11940,738,10,2148,2990,149,2513,98,44,372,98,115,0,210,560,568,13,381,2390,186,1870,34,198,151,566,89,2442,94,540,222,63,247,31,7,2300,594,2210,1047,414,1274,2081,129,330,212,74,331,3195,34,44,4,11,1,4,168,21,51,720,350,53,271,2670,239,32,60,99,85,200,347,321,471,9,11,2,57,1,117,36,131,32538,9,0,56,56,47,1157,517,3164,164,1870,2338,977,2044,884,1780,12,1826,2210,798,726,1686,1343,451,54,204,55,4,37,50,12,3,1,9,317,22,2379,775,465,9,16143,2615,296,1936,1320,87,48,2734,1328,3682,407,3796,18,3965,2,24,68,31,12,43,23,231,129,3,48,56,36,48,24,172,77,14,17,274,198,128,203,76,20,44,50,30,27,26,38,77,286,84,29,105,143,115,722,1057,250,147,227,92,47,36,28,51,44,4,623,30,52,376,19,96,35,264,72,65,37,69,15,21,43,119,132,60,53,56,177,98,40,51,54,208,0,1,23,27,37,19,1089,19,777,0,46,5,461,69,523,561,549,2,177,19,17,77,275,3865,54,159,145,66,19,146,12,15,64,955,1121,185,116,11,14,15,0,5,42,114,204,39,246,44,39,76,3880,46,101,8894,36,409,61,322,616,159,19,144,547,48,58,50,41,28,22,1931,76,50,66,30,74,78,1818,10,679,176,3,2269,527,6,24,414,64,4,410,55,98,31,182,74,947,218,85,53,59,23,73,50,97,43,2,78,1,154,6,5,30,66,34,45,35,2654,163,602,403,100,26,69,26,3193,55,1057,280,1000,109,21,230,7,2117,410,638,2783,95,905,29,16,18,70,40,61,35,101,542,48,1,87,75,4,3,318,286,0,138,14,1749,2506,1864,439,2471,310,24,5003,5794,777,2512,4394,5539,21,16,56,50,11,50,119,21,33,38,519,0.0,0.0,0.0,0.0,0.0,0.0,0.0,0.0,0.0,0.0,0.0,0.0,0.0,0.0,0.0,0.0,0.0,0.0,0.0,0.0,0.0,0.0,0.0,0.0,0.0,0.0,0.0,0.0,0.0,0.0,0.0,0.0,0.0,0.0,0.0,0.0,0.0,0.0,0.0,0.0,0.0,0.0,0.0,0.0,0.0,0.0,0.0,0.0,0.0,0.0,0.0,0.0,0.0,0.0,0.0,0.0,0.0,0.0,0.0,0.0,0.0,0.0,0.0,0.0,0.0,0.0,0.0,0.0,0.0,0.0,0.0,0.0,0.0,0.0,0.0,0.0,0.0,0.0,0.0,0.0,0.0,0.0,0.0,0.0,0.0,0.0,0.0,0.0,0.0,0.0,0.0,0.0,0.0,0.0,0.0,0.0,0.0,0.0,0.0,0.0,0.0,0.0,0.0,0.0,0.0,0.0,0.0,0.0,0.0,0.0,0.0,0.0,0.0,0.0,0.0,0.0,0.0,0.0,0.0,0.0,0.0,0.0,0.0,0.0,0.0,0.0,0.0,0.0,0.0,0.0,0.0,0.0,0.0,0.0,0.0,0.0,0.0,0.0,0.0,0.0,0.0,0.0,0.0,0.0,0.0,0.0,0.0,0.0,0.0,0.0
ENCFF000ZHP,0.06958063306732366,5626,48,346,4485,130,17302,628,35,49,23,42,243,386,667,1880,4500,299,31,453,432,13,53,5,4,4,66,266,320,2289,235,23,21,31,178,153,2,158,1,2,598,937,1,59,3,3,62,503,2463,44,63,76,118,33,37,503,13,19,35,13,57,124,66,1628,22,44,84,0,5037,4030,549,88,68,157,532,14,93,66,73,74,20,97,102,296,52,38,325,0,67,43,0,103,13,1,142,135,2111,13713,817,102,2234,3276,226,2865,164,68,389,139,123,2,189,565,533,9,394,2844,309,2264,94,344,294,788,159,3558,170,481,222,55,212,38,5,2347,1068,192,2244,702,1240,2067,55,381,258,97,334,5269,30,38,7,9,1,1,145,22,37,765,340,47,349,4457,405,27,84,68,84,270,336,273,460,2,13,2,111,1,169,68,224,591,7,3,68,71,91,1199,524,3541,217,2602,2953,1245,3187,1167,2484,25,2216,2675,871,747,1949,1464,572,67,43,69,16,53,85,14,3,2,4,325,25,3787,1207,954,6,17035,3091,372,2383,2792,81,51,3499,1584,5745,616,3076,13,3213,3,19,51,11,18,78,11,289,209,4,76,89,74,91,34,210,135,39,13,375,244,120,217,121,42,60,63,41,31,31,45,116,467,125,45,167,220,177,1453,5716,211,226,304,134,70,46,51,110,64,9,634,31,86,443,26,142,41,302,109,96,66,82,45,34,57,235,217,70,98,79,221,143,74,72,93,368,4,3,41,59,59,24,1085,13,746,3,54,0,495,67,510,524,620,2,188,2,19,106,289,7470,62,150,179,78,31,258,15,27,48,1205,510,264,127,3,12,8,0,6,60,86,228,65,333,63,36,175,5926,62,188,9509,46,467,105,430,292,199,37,107,533,98,85,78,58,36,26,1417,111,87,83,32,121,114,2122,4,885,189,1,2436,583,5,24,480,47,1,545,67,116,13,257,102,2491,350,83,94,81,45,124,63,106,66,3,81,1,141,23,1,6,49,23,70,73,3050,335,1026,625,201,43,54,7,2711,40,1151,186,954,82,27,202,2,2280,436,755,3606,495,1942,19,14,36,98,50,87,53,128,527,79,4,33,115,1,4,325,303,1,55,10,1950,3432,2635,637,2743,361,56,7339,7319,1214,3585,5640,6582,30,14,73,83,23,89,190,31,30,47,585,0.0,0.0,0.0,0.0,0.0,0.0,0.0,0.0,0.0,0.0,0.0,0.0,0.0,0.0,0.0,0.0,0.0,0.0,0.0,0.0,0.0,0.0,0.0,0.0,0.0,0.0,0.0,0.0,0.0,0.0,0.0,0.0,0.0,0.0,0.0,0.0,0.0,0.0,0.0,0.0,0.0,0.0,0.0,0.0,0.0,0.0,0.0,0.0,0.0,0.0,0.0,0.0,0.0,0.0,0.0,0.0,0.0,0.0,0.0,0.0,0.0,0.0,0.0,0.0,0.0,0.0,0.0,0.0,0.0,0.0,0.0,0.0,0.0,0.0,0.0,0.0,0.0,0.0,0.0,0.0,0.0,0.0,0.0,0.0,0.0,0.0,0.0,0.0,0.0,0.0,0.0,0.0,0.0,0.0,0.0,0.0,0.0,0.0,0.0,0.0,0.0,0.0,0.0,0.0,0.0,0.0,0.0,0.0,0.0,0.0,0.0,0.0,0.0,0.0,0.0,0.0,0.0,0.0,0.0,0.0,0.0,0.0,0.0,0.0,0.0,0.0,0.0,0.0,0.0,0.0,0.0,0.0,0.0,0.0,0.0,0.0,0.0,0.0,0.0,0.0,0.0,0.0,0.0,0.0,0.0,0.0,0.0,0.0,0.0,0.0
ENCFF000XBZ,0.06785167330050319,2510,15,132,1278,42,4292,293,34,22,16,38,173,146,237,374,1136,154,24,214,215,12,41,6,1,4,24,136,96,1163,180,11,24,18,98,43,5,70,0,1,370,593,3,42,0,2,35,203,1010,23,30,39,43,18,18,391,6,11,16,14,43,51,5,414,8,34,31,0,1717,1906,339,32,25,62,436,11,40,25,22,28,11,25,47,195,14,13,91,0,25,18,1,59,13,3,95,41,436,7750,484,2,1417,1890,84,1579,315,12,241,70,96,3,155,404,379,7,190,1463,113,1442,29,114,90,369,60,1732,59,272,124,38,149,15,5,1603,573,102,778,280,853,1295,28,134,118,33,168,928,21,19,3,4,0,4,100,9,20,433,219,21,134,1163,120,15,34,90,51,120,190,153,322,4,15,4,30,2,52,16,302,242,2,1,23,42,30,754,300,1947,75,1246,1512,567,1100,526,1032,5,1869,1409,458,414,1115,775,297,33,33,27,1,10,24,11,3,3,2,136,12,1118,421,447,12,9023,1826,125,1138,732,71,101,1519,643,1934,210,1886,2,2035,1,11,36,6,10,31,10,140,104,4,20,26,22,31,16,100,51,22,17,164,136,51,155,26,8,16,19,12,7,7,34,39,187,29,7,99,85,67,418,725,72,65,272,48,27,15,20,28,18,20,349,19,16,238,9,62,9,140,27,35,17,26,10,6,21,73,75,21,31,23,111,72,24,22,26,111,1,0,20,15,34,11,743,7,491,2,24,9,269,43,343,302,218,1,118,2,8,41,321,2429,32,97,80,33,6,108,7,10,28,606,218,101,75,3,38,13,1,3,21,102,171,17,152,16,9,68,1713,16,54,5662,19,293,31,167,134,82,6,53,255,25,36,36,25,10,13,666,34,34,31,23,45,37,1082,6,367,101,3,1332,315,4,13,249,38,1,226,26,80,20,161,31,724,81,37,32,34,14,50,22,63,6,0,42,1,77,10,0,4,24,21,35,25,773,114,301,244,62,23,38,8,1988,12,643,59,572,67,12,115,3,1347,335,416,1965,49,613,11,3,7,33,18,33,14,41,251,30,0,28,41,2,3,233,215,1,17,7,1126,1465,1145,232,1596,233,9,2709,4064,482,1495,2844,3546,11,8,30,23,11,20,92,13,35,27,257,0.0,0.0,0.0,0.0,0.0,0.0,0.0,0.0,0.0,0.0,0.0,0.0,0.0,0.0,0.0,0.0,0.0,0.0,0.0,0.0,0.0,0.0,0.0,0.0,0.0,0.0,0.0,0.0,0.0,0.0,0.0,0.0,0.0,0.0,0.0,0.0,0.0,0.0,0.0,0.0,0.0,0.0,0.0,0.0,0.0,0.0,0.0,0.0,0.0,0.0,0.0,0.0,0.0,0.0,0.0,0.0,0.0,0.0,0.0,0.0,0.0,0.0,0.0,0.0,0.0,0.0,0.0,0.0,0.0,0.0,0.0,0.0,0.0,0.0,0.0,0.0,0.0,0.0,0.0,0.0,0.0,0.0,0.0,0.0,0.0,0.0,0.0,0.0,0.0,0.0,0.0,0.0,0.0,0.0,0.0,0.0,0.0,0.0,0.0,0.0,0.0,0.0,0.0,0.0,0.0,0.0,0.0,0.0,0.0,0.0,0.0,0.0,0.0,0.0,0.0,0.0,0.0,0.0,0.0,0.0,0.0,0.0,0.0,0.0,0.0,0.0,0.0,0.0,0.0,0.0,0.0,0.0,0.0,0.0,0.0,0.0,0.0,0.0,0.0,0.0,0.0,0.0,0.0,0.0,0.0,0.0,0.0,0.0,0.0,0.0
ENCFF698KPI,0.14176579412751672,370392,83,1446,11852,172,37934,6457,225,155,213,493,2613,907,2712,6764,5527,1406,581,2953,4377,126,557,36,34,33,739,37572,2571,18492,2849,138,209,397,1775,1693,23,1919,16,11,7945,8560,80,298,37,14,454,4897,9288,3026,491,1244,1213,294,174,5382,54,298,163,99,695,1160,127,4939,582,202,10550,29,24653,36751,6248,1078,612,1732,6152,246,1289,546,609,728,205,1012,1183,2553,367,622,3261,4,675,609,11,767,119,22,1012,617,6552,113423,6842,104,19455,28415,2142,24404,1257,580,3696,1225,1410,15,2782,6061,6426,90,3761,38776,879,19132,74,415,701,5435,204,25908,1042,5590,2044,357,1885,181,66,24288,3101,24038,8119,2951,12186,24013,1388,3523,2606,1160,3977,21473,340,3046,56,91,24,25,1728,353,234,8540,3134,296,3151,12583,1440,318,1159,587,429,1998,4087,4184,4949,32,96,43,884,29,1192,534,756,19861,9,24,371,464,1080,11976,5341,36191,1966,16804,24154,10457,18993,11920,22484,141,21768,27065,9576,7730,21681,15195,3568,805,3990,462,27,634,1013,84,18,25,84,3859,153,29628,6911,3269,505,108160,25027,5532,17061,9301,962,450,23907,11575,28830,900,34127,71,33203,11,264,611,40,259,793,386,3508,2202,42,602,627,534,838,401,2304,1264,309,127,4477,2734,1460,3168,1371,307,676,694,361,285,205,353,1026,3273,682,330,1102,2201,1721,5459,31989,27216,2176,2930,982,764,643,539,811,445,153,6331,460,1099,4283,249,1428,454,3337,1094,947,636,890,248,434,484,2033,1670,695,775,657,2074,1476,901,595,882,3189,16,30,349,692,531,271,11989,101,7646,27,176,96,4952,628,6745,5420,6386,19,2084,44,45,915,2725,35417,2228,2086,2172,861,838,2141,82,244,1161,12184,4580,2204,1163,16,122,44,11,17,528,676,1749,695,2939,498,408,732,18440,1504,1497,91244,367,4801,845,5439,37658,1795,264,9341,19516,714,994,1017,336,258,181,212740,1420,931,1015,432,1053,1113,18753,29,10629,1030,8,22452,6455,78,350,4830,903,34,5573,683,1630,119,3331,930,10647,1445,5497,604,963,481,821,735,1230,679,19,880,34,1778,211,24,81,2781,201,125,438,9870,396,4283,2237,322,559,534,126,25438,1094,9218,2554,8047,1100,87,2102,8,22451,4263,7453,32466,2364,8541,129,110,324,890,410,995,653,913,4342,819,10,1254,918,34,25,2625,2752,7,2166,103,19891,27084,20362,4993,23621,3179,339,43818,62231,8784,25649,49918,56221,101,60,630,520,213,740,824,202,149,523,5671,0.0,0.0,0.0,0.0,0.0,0.0,0.0,0.0,0.0,0.0,0.0,0.0,0.0,0.0,0.0,0.0,0.0,0.0,0.0,0.0,0.0,0.0,0.0,0.0,0.0,0.0,0.0,0.0,0.0,0.0,0.0,0.0,0.0,0.0,0.0,0.0,0.0,0.0,0.0,0.0,0.0,0.0,0.0,0.0,0.0,0.0,0.0,0.0,0.0,0.0,0.0,0.0,0.0,0.0,0.0,0.0,0.0,0.0,0.0,0.0,0.0,0.0,0.0,0.0,0.0,0.0,0.0,0.0,0.0,0.0,0.0,0.0,0.0,0.0,0.0,0.0,0.0,0.0,0.0,0.0,0.0,0.0,0.0,0.0,0.0,0.0,0.0,0.0,0.0,0.0,0.0,0.0,0.0,0.0,0.0,0.0,0.0,0.0,0.0,0.0,0.0,0.0,0.0,0.0,0.0,0.0,0.0,0.0,0.0,0.0,0.0,0.0,0.0,0.0,0.0,0.0,0.0,0.0,0.0,0.0,0.0,0.0,0.0,0.0,0.0,0.0,0.0,0.0,0.0,0.0,0.0,0.0,0.0,0.0,0.0,0.0,0.0,0.0,0.0,0.0,0.0,0.0,0.0,0.0,0.0,0.0,0.0,0.0,0.0,0.0
ENCFF922VLO,0.13809952297820985,139274,368,2283,66154,522,212343,13404,506,971,258,850,5064,1542,5635,38632,23474,2393,713,8523,6438,154,734,45,140,99,2246,10397,4598,34281,4696,131,58,557,3535,3131,42,3635,24,9,9681,9675,77,267,39,71,964,8084,30327,593,1077,2439,2329,190,297,5658,74,361,645,264,972,2873,410,16516,516,245,2371,137,46506,53220,5435,1997,1108,2970,5694,51,2403,1028,1247,1378,447,1918,2412,2815,695,1377,5959,21,1383,1308,24,999,218,50,1159,1266,28461,169492,9173,167,25350,37064,4482,31863,2413,1221,3778,1567,1986,36,3927,8628,10102,244,6483,37823,1696,46844,261,1204,1327,7021,577,78898,1993,7956,2727,370,2091,194,136,25875,4495,6160,22096,8027,14340,26570,294,6089,10111,2090,3982,64745,447,698,76,60,34,19,1732,379,546,13106,3788,308,4639,63289,3157,249,2388,1737,893,2818,6190,7551,7043,74,119,78,1702,33,2074,935,1055,190,16,6,805,483,2274,12235,5949,43240,3522,23316,35624,16586,41091,17945,32541,164,26015,33599,11494,9887,28506,18793,5348,1112,988,1221,28,1266,1979,99,27,16,137,5167,119,49335,11740,6314,494,263180,48531,4494,26310,25771,1021,838,37892,24756,67163,5626,49565,238,51394,59,347,1034,40,568,1607,576,6689,2523,65,1235,1127,1025,1756,835,4340,2230,444,203,6794,4708,2352,3890,2924,536,1677,1495,900,527,369,336,1691,5602,1876,659,1689,4069,2893,9954,19621,8904,3823,3728,1768,1410,1233,1153,1519,809,110,9312,901,2743,5851,564,2394,915,4932,2750,1828,1468,1629,478,771,687,4084,3068,1526,1389,1245,2970,2667,1970,1009,1921,4590,44,59,734,1407,825,712,16444,507,10895,48,184,156,6022,610,9127,8665,11624,29,2688,162,36,2435,3118,89681,866,2164,3468,1177,58,3360,74,229,1547,24128,10974,5559,1339,272,337,107,25,78,975,2207,2687,1471,4969,1142,755,1740,83848,290,2692,107201,727,6584,1620,10256,10725,3131,437,709,6319,1331,1948,2087,556,446,99,76872,2827,1732,1863,847,1844,2087,26326,37,17857,1336,57,31479,8567,71,398,8014,1336,85,9054,1265,2169,205,5471,1718,25084,2268,1464,1154,1874,1077,1254,1546,1643,1014,39,1125,61,3479,229,189,81,639,589,205,802,57335,1534,10251,5498,899,765,986,440,30305,591,14504,2168,10204,1520,70,2968,35,40937,7745,13744,50815,1155,20432,168,412,662,1764,1003,1642,1334,1655,8719,1728,23,130,1858,68,44,2897,2935,17,552,139,25417,35357,29721,7495,30057,4259,572,71499,79004,13606,35599,63615,73610,203,66,1135,1065,439,1474,768,356,190,1026,8273,0.0,0.0,0.0,0.0,0.0,0.0,0.0,0.0,0.0,0.0,0.0,0.0,0.0,0.0,0.0,0.0,0.0,0.0,0.0,0.0,0.0,0.0,0.0,0.0,0.0,0.0,0.0,0.0,0.0,0.0,0.0,0.0,0.0,0.0,0.0,0.0,0.0,0.0,0.0,0.0,0.0,0.0,0.0,0.0,0.0,0.0,0.0,0.0,0.0,0.0,0.0,0.0,0.0,0.0,0.0,0.0,0.0,0.0,0.0,0.0,0.0,0.0,0.0,0.0,0.0,0.0,0.0,0.0,0.0,0.0,0.0,0.0,0.0,0.0,0.0,0.0,0.0,0.0,0.0,0.0,0.0,0.0,0.0,0.0,0.0,0.0,0.0,0.0,0.0,0.0,0.0,0.0,0.0,0.0,0.0,0.0,0.0,0.0,0.0,0.0,0.0,0.0,0.0,0.0,0.0,0.0,0.0,0.0,0.0,0.0,0.0,0.0,0.0,0.0,0.0,0.0,0.0,0.0,0.0,0.0,0.0,0.0,0.0,0.0,0.0,0.0,0.0,0.0,0.0,0.0,0.0,0.0,0.0,0.0,0.0,0.0,0.0,0.0,0.0,0.0,0.0,0.0,0.0,0.0,0.0,0.0,0.0,0.0,0.0,0.0
ENCFF000VXZ,0.06994768570100422,2071,10,163,1422,33,3475,228,31,22,11,73,201,206,358,840,1066,143,28,239,294,7,47,4,6,3,35,84,146,1179,191,13,6,12,79,66,3,76,2,6,467,512,1,32,1,3,21,252,959,9,39,28,58,28,15,325,5,20,5,8,30,123,16,542,7,27,24,20,2090,2193,347,54,37,59,291,9,59,22,33,43,11,57,52,178,22,20,127,3,39,23,0,68,38,4,56,58,728,7428,476,2,1320,1746,119,1524,52,26,243,62,68,0,101,326,345,7,254,1410,151,1384,33,100,107,360,57,1700,65,256,154,35,145,16,0,1462,521,47,1001,376,598,1166,19,319,140,53,171,1710,13,11,3,3,1,1,95,10,101,423,204,32,216,1506,177,16,52,52,64,139,192,184,294,3,8,1,31,0,91,37,122,347,4,0,28,39,49,651,274,1933,122,1274,1540,627,1437,573,1203,11,1299,1394,451,399,1061,827,306,35,21,42,7,29,44,11,4,0,3,181,19,1979,531,433,11,9690,1639,178,1273,981,43,29,1855,743,2514,212,1903,5,2036,1,4,150,112,13,36,6,156,124,0,30,44,18,42,23,98,66,18,6,228,166,73,130,60,12,31,22,26,22,16,35,60,236,57,17,74,112,96,526,1529,50,107,135,73,30,15,29,45,28,4,361,19,25,222,9,69,23,173,41,47,31,39,19,23,22,104,111,37,35,41,120,70,45,39,45,181,1,2,11,25,25,14,598,3,435,0,24,2,289,40,282,318,360,0,114,4,15,62,188,2846,19,101,105,49,5,108,9,17,29,628,331,338,63,3,7,5,1,3,26,59,118,33,160,26,21,84,2140,13,86,5466,24,259,43,246,90,94,15,31,193,37,35,31,26,19,8,287,53,33,44,17,58,46,1085,2,462,106,0,1283,409,1,13,262,29,3,309,41,52,14,135,58,638,161,37,51,37,17,38,26,58,35,1,45,1,102,6,3,8,27,18,32,38,1271,99,422,249,62,30,31,8,1749,13,651,76,579,62,12,139,8,1312,264,413,1771,120,628,16,10,24,39,15,49,20,65,346,41,2,12,47,0,1,199,179,0,23,10,1100,1869,1455,335,1637,248,23,3078,4163,569,1877,3025,3689,13,18,47,29,22,31,56,15,28,16,274,0.0,0.0,0.0,0.0,0.0,0.0,0.0,0.0,0.0,0.0,0.0,0.0,0.0,0.0,0.0,0.0,0.0,0.0,0.0,0.0,0.0,0.0,0.0,0.0,0.0,0.0,0.0,0.0,0.0,0.0,0.0,0.0,0.0,0.0,0.0,0.0,0.0,0.0,0.0,0.0,0.0,0.0,0.0,0.0,0.0,0.0,0.0,0.0,0.0,0.0,0.0,0.0,0.0,0.0,0.0,0.0,0.0,0.0,0.0,0.0,0.0,0.0,0.0,0.0,0.0,0.0,0.0,0.0,0.0,0.0,0.0,0.0,0.0,0.0,0.0,0.0,0.0,0.0,0.0,0.0,0.0,0.0,0.0,0.0,0.0,0.0,0.0,0.0,0.0,0.0,0.0,0.0,0.0,0.0,0.0,0.0,0.0,0.0,0.0,0.0,0.0,0.0,0.0,0.0,0.0,0.0,0.0,0.0,0.0,0.0,0.0,0.0,0.0,0.0,0.0,0.0,0.0,0.0,0.0,0.0,0.0,0.0,0.0,0.0,0.0,0.0,0.0,0.0,0.0,0.0,0.0,0.0,0.0,0.0,0.0,0.0,0.0,0.0,0.0,0.0,0.0,0.0,0.0,0.0,0.0,0.0,0.0,0.0,0.0,0.0
ENCFF000CFA,0.17460249380006837,34024,101,2706,20562,606,69490,4145,186,614,296,388,1889,5476,8273,10462,33450,3800,545,3393,7188,151,911,183,13,27,323,204,2883,13286,3809,422,162,557,1245,1149,30,1829,5,3,6533,14671,38,775,4,43,405,4967,10878,2,374,771,991,582,494,7220,146,381,379,24,784,1043,335,7166,308,253,24,19,37273,41083,10792,778,532,904,5646,343,904,340,534,659,138,634,869,4835,292,329,2717,136,573,352,11,2237,35,0,939,845,10654,171436,10855,88,33716,41933,2357,36976,805,396,5976,1493,1234,8,2419,6954,6453,164,3747,63111,2344,36412,467,1816,1579,9260,729,42529,881,9742,5338,815,3078,954,101,33119,14445,36,16427,7075,10363,40408,2,3014,1856,825,4083,24529,357,297,120,157,79,52,2565,341,441,11415,5297,1704,3350,20604,1960,1280,809,1759,1380,2509,3716,3286,6372,99,51,54,661,5,1076,456,1197,81,3,3,295,654,742,18982,9876,45166,1974,30375,30688,11786,17487,14259,26969,377,28784,33780,11263,10594,25497,17557,4657,771,1,529,26,294,600,152,26,65,24,4351,311,20352,8319,16820,41,150971,32289,2937,28417,17620,1200,460,36474,15199,40756,4396,46496,120,48461,15,216,589,18,202,674,213,2871,2615,3,443,668,405,604,285,1814,1033,286,145,4594,2672,1951,3301,913,232,446,561,245,281,169,704,740,4029,1365,255,1692,1858,1426,6384,9362,131,2311,3733,995,555,492,449,681,390,139,9811,312,549,5743,259,1375,286,4037,715,701,378,625,66,350,479,1876,1743,551,697,487,2665,1368,475,524,657,2760,186,199,253,428,380,224,18918,19,13560,144,620,20,6580,797,9636,8603,6981,19,2773,179,214,339,4563,62865,744,2287,1918,1264,8,1989,218,206,704,10736,3861,1931,1579,283,991,124,6,30,461,533,3686,435,4898,370,309,1633,37015,237,1458,148420,425,8212,736,4177,352,1901,214,31,3676,544,714,786,256,299,310,1044,855,640,846,430,763,947,26551,103,9871,2190,36,29212,8792,0,304,4995,950,26,5813,603,1107,316,2423,752,9952,1981,625,504,840,342,1014,547,2762,308,5,1966,24,2097,399,66,239,354,573,695,496,17502,1702,5518,3792,1056,421,724,101,46080,69,14478,1248,15165,1426,242,3680,10,21708,4296,7536,35511,1320,9699,163,140,251,554,286,785,523,902,4589,786,30,171,688,2,7,5190,5285,192,86,161,24723,33292,28582,5570,35269,3987,414,52750,79616,12498,35493,59361,77856,392,296,461,475,140,631,1443,327,1068,569,8887,0.0,0.0,0.0,0.0,0.0,0.0,0.0,0.0,0.0,0.0,0.0,0.0,0.0,0.0,0.0,0.0,0.0,0.0,0.0,0.0,0.0,0.0,0.0,0.0,0.0,0.0,0.0,0.0,0.0,0.0,0.0,0.0,0.0,0.0,0.0,0.0,0.0,0.0,0.0,0.0,0.0,0.0,0.0,0.0,0.0,0.0,0.0,0.0,0.0,0.0,0.0,0.0,0.0,0.0,0.0,0.0,0.0,0.0,0.0,0.0,0.0,0.0,0.0,0.0,0.0,0.0,0.0,0.0,0.0,0.0,0.0,0.0,0.0,0.0,0.0,0.0,0.0,0.0,0.0,0.0,0.0,0.0,0.0,0.0,0.0,0.0,0.0,0.0,0.0,0.0,0.0,0.0,0.0,0.0,0.0,0.0,0.0,0.0,0.0,0.0,0.0,0.0,0.0,0.0,0.0,0.0,0.0,0.0,0.0,0.0,0.0,0.0,0.0,0.0,0.0,0.0,0.0,0.0,0.0,0.0,0.0,0.0,0.0,0.0,0.0,0.0,0.0,0.0,0.0,0.0,0.0,0.0,0.0,0.0,0.0,0.0,0.0,0.0,0.0,0.0,0.0,0.0,0.0,0.0,0.0,0.0,0.0,0.0,0.0,0.0
ENCFF984DIG,0.10930125884109658,24555,100,1632,25450,158,30655,5686,95,47,111,193,1164,450,2413,15138,5307,1085,138,2031,2547,32,184,18,2,43,405,2361,1347,16011,990,76,81,129,802,696,437,623,0,13,4038,3018,4,211,1,47,143,2316,13080,115,169,318,572,113,70,1872,27,126,139,34,149,535,186,9116,322,100,668,6,26832,21314,1865,399,295,700,1579,37,496,210,336,305,102,419,369,1107,153,252,1481,1,288,219,3,348,48,1,328,607,13768,62901,3304,42,9146,12712,768,11523,530,251,1389,403,435,0,892,2450,2607,39,2327,10570,642,10094,129,496,753,2839,231,19792,706,2341,1162,289,611,92,5,7305,2921,3841,9371,2790,3897,8465,208,1705,986,457,1300,30358,143,189,54,11,7,4,642,85,138,4786,1334,169,1334,27025,1881,108,427,631,413,935,1593,1685,1645,3,11,20,420,0,790,271,1453,110,940,9,256,177,397,4933,2274,14877,1070,9465,12414,6739,19597,5547,11206,52,9305,11095,3674,2941,9437,6370,3014,380,636,304,44,179,297,45,5,0,162,1909,27,21573,5818,1563,42,120705,17086,2013,10935,12747,288,282,18553,8388,30178,1297,15642,147,14299,1,100,265,3,91,317,104,1552,615,1,273,362,226,382,166,974,531,147,57,2048,937,820,1115,462,151,244,291,146,178,115,109,465,2253,645,145,690,927,864,4999,52567,5254,759,942,497,309,255,244,392,240,28,4156,156,340,1566,112,537,132,1496,398,400,247,345,66,191,409,1008,906,333,352,306,745,527,327,310,443,1919,2,19,168,265,195,135,4642,10,2793,8,156,13,1811,194,3023,2419,3173,2,795,8,33,426,1253,42667,185,1082,806,447,136,1078,55,147,250,5689,2785,1193,366,27,66,54,6,3,290,510,886,196,1847,235,172,713,29312,266,830,43808,227,1758,346,1810,5435,1037,79,336,1858,330,366,381,153,151,87,4374,463,343,441,248,487,472,7924,2,3641,741,21,9151,2359,1,52,2680,508,0,2502,359,340,72,1204,408,10472,2326,546,340,424,157,410,334,448,301,3,385,10,689,37,10,24,1344,394,78,279,26612,513,5416,2777,441,324,243,31,9848,326,5409,1415,3695,310,133,987,5,10158,2091,3074,14891,4738,11407,94,48,158,360,199,479,302,541,3046,372,9,111,404,2,14,1048,1070,0,569,48,8060,16772,12326,3335,11131,1448,94,30854,31248,5577,16633,24628,26584,92,30,321,250,82,341,245,99,133,179,2675,0.0,0.0,0.0,0.0,0.0,0.0,0.0,0.0,0.0,0.0,0.0,0.0,0.0,0.0,0.0,0.0,0.0,0.0,0.0,0.0,0.0,0.0,0.0,0.0,0.0,0.0,0.0,0.0,0.0,0.0,0.0,0.0,0.0,0.0,0.0,0.0,0.0,0.0,0.0,0.0,0.0,0.0,0.0,0.0,0.0,0.0,0.0,0.0,0.0,0.0,0.0,0.0,0.0,0.0,0.0,0.0,0.0,0.0,0.0,0.0,0.0,0.0,0.0,0.0,0.0,0.0,0.0,0.0,0.0,0.0,0.0,0.0,0.0,0.0,0.0,0.0,0.0,0.0,0.0,0.0,0.0,0.0,0.0,0.0,0.0,0.0,0.0,0.0,0.0,0.0,0.0,0.0,0.0,0.0,0.0,0.0,0.0,0.0,0.0,0.0,0.0,0.0,0.0,0.0,0.0,0.0,0.0,0.0,0.0,0.0,0.0,0.0,0.0,0.0,0.0,0.0,0.0,0.0,0.0,0.0,0.0,0.0,0.0,0.0,0.0,0.0,0.0,0.0,0.0,0.0,0.0,0.0,0.0,0.0,0.0,0.0,0.0,0.0,0.0,0.0,0.0,0.0,0.0,0.0,0.0,0.0,0.0,0.0,0.0,0.0
ENCFF002EDV,0.18386916240770682,75164,323,4549,50285,1195,133050,8683,401,817,441,916,4670,6934,14970,26575,41964,5462,724,8140,8276,228,979,94,94,118,1226,2912,4883,68212,5107,354,309,748,2680,2518,106,2896,57,32,11575,15443,98,845,61,102,907,8406,34633,320,724,1563,2138,681,422,8958,239,511,513,198,1115,2253,436,22340,817,788,778,123,74550,74432,10829,1646,1053,2035,7475,501,1897,813,1147,1367,348,1460,1761,5147,668,870,5308,38,1321,780,30,1712,318,58,2259,1985,30371,242252,14342,175,39320,55949,3806,48143,1812,988,7191,2210,2473,46,3869,10104,10469,204,6118,52781,4804,71462,1140,4439,4013,12727,1776,102115,2120,8879,4340,1093,3642,534,250,40871,21787,2113,39271,14151,18428,39415,520,6531,5212,1790,5149,81826,750,649,152,149,54,78,3087,465,838,14872,6747,978,6838,52894,4940,557,1786,2222,1775,4378,6386,5736,7194,129,273,84,1536,69,2689,894,1510,229,78,28,894,1092,1527,22273,10410,64127,3413,46000,51248,22231,60702,20379,41737,506,40522,48607,15694,13596,33660,27652,8854,1404,690,1361,72,786,1406,326,131,85,236,5821,619,91565,19203,22345,775,280254,57317,5585,42458,41524,1715,765,60556,29146,88971,8134,63628,308,62076,73,479,1017,275,424,1496,375,5534,3083,30,967,1365,876,1454,631,3593,2247,338,331,6805,4237,2913,3890,1882,502,1029,1111,550,525,423,596,1624,7658,1832,570,2456,3540,3165,14400,46646,1975,3450,4174,1874,1355,1018,997,1464,836,183,10774,701,1282,7332,540,2277,572,5695,1656,1503,985,1439,261,735,854,3712,3513,1218,1396,1072,3238,2322,1138,1254,1521,5573,32,46,572,929,696,419,20154,221,13195,36,706,139,9251,1101,9955,9383,10641,62,3859,226,246,3142,5363,113825,1023,3067,3110,1499,187,4085,375,350,1022,21931,9987,4542,1982,84,358,198,36,91,1016,2059,3358,870,5313,752,805,1938,73053,614,3054,171156,809,8236,1466,8009,3218,3748,451,1381,7651,1215,1580,1636,560,641,346,15916,1762,1411,1678,668,1804,1928,34729,132,14504,3076,39,36245,10742,75,443,9528,1173,128,9302,1211,1966,448,4721,1773,34509,5281,1098,1193,1700,637,1804,1342,2044,1491,61,1680,87,2569,196,41,290,740,630,1321,1399,36343,3644,13540,9338,2247,788,1289,299,49525,361,20300,2617,16831,2266,409,3928,56,41811,7971,14046,61261,4052,27924,409,360,504,1389,726,1716,1201,2071,12020,1607,78,516,1587,39,64,5591,5673,23,632,297,35466,60030,43792,11632,50427,5767,518,109303,128746,19477,60927,94462,113388,468,247,1170,1057,304,1326,1756,381,589,975,9877,0.0,0.0,0.0,0.0,0.0,0.0,0.0,0.0,0.0,0.0,0.0,0.0,0.0,0.0,0.0,0.0,0.0,0.0,0.0,0.0,0.0,0.0,0.0,0.0,0.0,0.0,0.0,0.0,0.0,0.0,0.0,0.0,0.0,0.0,0.0,0.0,0.0,0.0,0.0,0.0,0.0,0.0,0.0,0.0,0.0,0.0,0.0,0.0,0.0,0.0,0.0,0.0,0.0,0.0,0.0,0.0,0.0,0.0,0.0,0.0,0.0,0.0,0.0,0.0,0.0,0.0,0.0,0.0,0.0,0.0,0.0,0.0,0.0,0.0,0.0,0.0,0.0,0.0,0.0,0.0,0.0,0.0,0.0,0.0,0.0,0.0,0.0,0.0,0.0,0.0,0.0,0.0,0.0,0.0,0.0,0.0,0.0,0.0,0.0,0.0,0.0,0.0,0.0,0.0,0.0,0.0,0.0,0.0,0.0,0.0,0.0,0.0,0.0,0.0,0.0,0.0,0.0,0.0,0.0,0.0,0.0,0.0,0.0,0.0,0.0,0.0,0.0,0.0,0.0,0.0,0.0,0.0,0.0,0.0,0.0,0.0,0.0,0.0,0.0,0.0,0.0,0.0,0.0,0.0,0.0,0.0,0.0,0.0,0.0,0.0
ENCFF000PZY,0.16501974619849272,72174,438,4005,34985,442,84110,12018,306,472,422,1219,3571,2176,5431,16277,17446,3574,718,7636,9267,342,1245,182,118,89,1481,2165,3355,23092,6619,461,286,661,2061,1983,69,2892,39,63,13496,17894,64,955,24,121,1193,7759,13188,261,701,811,1269,804,517,12856,277,617,953,268,1394,2034,169,6956,339,454,536,196,48909,68464,13704,1169,598,1677,12267,533,1476,465,760,901,188,839,1481,6257,407,408,3361,22,807,475,28,1991,242,34,1680,1005,11727,253040,17406,151,47471,63457,3059,55011,1544,513,9530,3117,2902,32,5068,14045,13917,204,7587,59204,2092,25877,255,1085,1723,13306,502,28264,1397,10873,5283,1160,4723,638,281,56254,8113,1794,16259,5670,43450,48216,408,5411,4884,1418,5342,34381,765,660,82,193,44,55,3930,477,1211,17195,8565,1179,6230,32150,2337,753,1380,1526,1299,4052,7841,7719,11959,88,131,57,950,43,1617,503,1888,9757,43,12,496,1239,1186,24692,11706,70386,2560,33938,45348,19695,25237,16543,31445,391,42031,48181,19719,15370,38565,30045,8897,1085,480,1242,63,462,867,292,112,39,87,6362,280,31806,14597,5502,412,326406,59649,5020,40410,14084,2043,1074,53426,26558,61847,3021,86704,351,92554,92,584,1436,404,246,1193,941,4100,4187,68,522,803,473,865,374,3137,1854,632,372,6217,4993,3110,5171,1086,198,564,716,333,260,260,1070,962,6256,1533,293,2229,2821,2591,6440,14511,1175,2993,5480,1420,970,801,518,886,373,584,13866,478,721,8269,395,1964,361,4963,856,1125,432,825,486,389,891,2192,2266,693,817,678,3868,1651,843,633,787,3824,73,71,362,507,1109,485,28250,782,19208,48,846,205,10044,1589,14863,12485,12858,53,4157,247,320,2577,6951,64111,1124,4166,2972,1553,92,3219,323,520,1176,21683,8793,4152,2490,141,460,258,24,120,597,3231,4243,852,5304,421,482,1488,39447,440,2018,202275,610,9463,927,6488,2462,2919,294,849,6597,694,1364,1458,331,406,393,11614,1609,1067,1393,763,1458,1586,39746,149,13448,3277,58,47836,11616,235,509,10331,2070,172,7632,740,3417,560,4739,1241,13358,1919,964,734,1410,390,1434,832,2543,1159,42,1531,85,3243,193,63,353,691,449,569,772,34259,1160,6555,4559,860,590,1843,513,74113,261,25470,2247,21212,2492,684,4786,64,50172,8778,16234,67415,2241,11139,274,596,335,857,642,1422,626,1449,9578,1238,42,462,975,53,50,7296,7530,13,488,385,40059,52809,38854,9426,55001,6341,630,81917,125180,17785,53620,92442,120953,322,269,632,588,213,792,2841,431,946,980,10641,0.0,0.0,0.0,0.0,0.0,0.0,0.0,0.0,0.0,0.0,0.0,0.0,0.0,0.0,0.0,0.0,0.0,0.0,0.0,0.0,0.0,0.0,0.0,0.0,0.0,0.0,0.0,0.0,0.0,0.0,0.0,0.0,0.0,0.0,0.0,0.0,0.0,0.0,0.0,0.0,0.0,0.0,0.0,0.0,0.0,0.0,0.0,0.0,0.0,0.0,0.0,0.0,0.0,0.0,0.0,0.0,0.0,0.0,0.0,0.0,0.0,0.0,0.0,0.0,0.0,0.0,0.0,0.0,0.0,0.0,0.0,0.0,0.0,0.0,0.0,0.0,0.0,0.0,0.0,0.0,0.0,0.0,0.0,0.0,0.0,0.0,0.0,0.0,0.0,0.0,0.0,0.0,0.0,0.0,0.0,0.0,0.0,0.0,0.0,0.0,0.0,0.0,0.0,0.0,0.0,0.0,0.0,0.0,0.0,0.0,0.0,0.0,0.0,0.0,0.0,0.0,0.0,0.0,0.0,0.0,0.0,0.0,0.0,0.0,0.0,0.0,0.0,0.0,0.0,0.0,0.0,0.0,0.0,0.0,0.0,0.0,0.0,0.0,0.0,0.0,0.0,0.0,0.0,0.0,0.0,0.0,0.0,0.0,0.0,0.0
ENCFF467MMC,0.15379249476836537,93919,1043,3099,20439,251,37314,4558,179,214,189,805,2949,1696,3373,12159,13554,1788,279,3732,3607,126,535,73,44,63,632,6078,1986,18764,2601,186,308,434,1052,952,156,1217,23,78,6377,7877,34,472,27,332,406,3644,14446,908,310,591,816,404,373,5562,121,285,252,207,497,1583,245,7700,157,511,1906,322,30261,30648,6035,605,364,1862,4721,229,744,300,479,479,130,575,704,2636,219,307,2057,11,532,259,17,1168,163,28,985,760,9020,119923,7486,63,19709,30118,1477,26054,734,375,4085,1217,1429,17,2549,5849,6375,126,2898,24528,1233,13103,171,676,909,5846,308,16648,779,3982,1909,573,2082,225,117,22896,5182,4154,13146,3473,11650,19827,1163,3095,2230,688,3030,25711,400,1099,47,77,50,20,1520,216,1160,6444,3236,445,2964,20951,1795,335,676,1353,1528,2099,3021,2568,5337,23,104,36,518,9,978,343,1097,3005,109,8,725,479,568,11138,5009,35103,1394,18085,20800,9333,19003,8644,16961,166,20144,23637,8941,6422,17024,13110,4943,601,1322,544,57,259,475,150,28,99,39,2697,160,24323,7002,4571,195,279550,24908,3001,18225,13381,848,446,25745,12575,35165,1606,33427,116,33758,57,252,936,580,191,547,256,2349,1666,50,330,534,336,504,236,1435,831,474,172,2984,2092,1358,2761,703,201,379,393,185,212,181,549,619,3516,630,201,1178,1437,1210,7693,20117,3462,1428,2918,815,466,368,353,534,267,313,6684,293,451,3833,189,995,215,2992,618,607,298,530,487,253,481,1384,1368,423,538,378,1811,977,453,434,512,2344,26,15,221,346,493,162,11162,86,7504,14,374,41,4617,614,5862,4377,4830,13,1814,45,144,1137,2821,35241,891,2307,1554,757,391,1681,160,223,701,10307,4728,4106,1018,16,147,75,0,36,417,682,1704,317,2528,282,274,1522,27769,477,1283,87002,595,4075,548,3197,6839,1590,167,3248,9436,471,592,628,209,226,250,35624,711,561,658,385,697,757,17631,48,6717,1676,31,19523,5154,21,255,4095,809,19,4101,442,1127,237,2023,638,8384,1708,1690,465,631,245,664,480,1079,656,27,682,38,1299,358,17,141,967,542,332,520,19376,648,5433,2517,488,310,646,126,27031,561,12959,1931,9104,978,205,1955,78,22443,4368,7573,35986,1365,10055,220,290,244,864,934,682,385,1078,5867,596,38,764,606,35,36,3038,3005,30,1282,166,17601,27240,19464,4809,24500,2859,373,42798,63510,8439,27251,45192,55095,184,125,398,400,121,459,1126,206,343,498,4141,0.0,0.0,0.0,0.0,0.0,0.0,0.0,0.0,0.0,0.0,0.0,0.0,0.0,0.0,0.0,0.0,0.0,0.0,0.0,0.0,0.0,0.0,0.0,0.0,0.0,0.0,0.0,0.0,0.0,0.0,0.0,0.0,0.0,0.0,0.0,0.0,0.0,0.0,0.0,0.0,0.0,0.0,0.0,0.0,0.0,0.0,0.0,0.0,0.0,0.0,0.0,0.0,0.0,0.0,0.0,0.0,0.0,0.0,0.0,0.0,0.0,0.0,0.0,0.0,0.0,0.0,0.0,0.0,0.0,0.0,0.0,0.0,0.0,0.0,0.0,0.0,0.0,0.0,0.0,0.0,0.0,0.0,0.0,0.0,0.0,0.0,0.0,0.0,0.0,0.0,0.0,0.0,0.0,0.0,0.0,0.0,0.0,0.0,0.0,0.0,0.0,0.0,0.0,0.0,0.0,0.0,0.0,0.0,0.0,0.0,0.0,0.0,0.0,0.0,0.0,0.0,0.0,0.0,0.0,0.0,0.0,0.0,0.0,0.0,0.0,0.0,0.0,0.0,0.0,0.0,0.0,0.0,0.0,0.0,0.0,0.0,0.0,0.0,0.0,0.0,0.0,0.0,0.0,0.0,0.0,0.0,0.0,0.0,0.0,0.0
ENCFF377UJH,0.1972385493441896,46597,1534,2098,14140,235,29672,4850,133,239,206,782,1994,1615,3273,6499,9253,1852,401,4040,3662,190,609,63,49,73,416,2538,1274,8537,2953,241,183,515,648,588,51,1132,36,73,6111,9129,19,526,4,739,360,3019,8367,238,282,236,418,512,511,6666,132,318,288,329,563,1289,127,3884,287,541,525,279,24811,30734,7546,378,203,917,6161,245,453,180,226,276,61,325,467,3096,132,146,1271,18,255,150,13,1423,151,53,918,407,6535,121651,8672,27,23465,32293,1136,26840,618,176,4979,1429,1696,15,2520,6446,6576,100,2766,27551,1130,13002,195,787,747,6309,371,14405,414,4461,2312,784,2521,291,129,32988,5322,1513,8733,3378,16941,24504,351,2273,2266,414,2538,17608,548,459,38,96,61,34,2029,278,1183,6404,4459,541,2933,13889,1023,400,448,1881,1526,2036,3645,3118,7116,80,138,39,272,14,532,177,1214,5097,25,0,305,604,378,13192,5747,34398,1168,17572,22729,8346,14221,7442,13608,200,21281,23849,9398,7487,17983,14515,5319,494,399,601,59,136,273,179,61,159,32,2578,142,15433,4968,3964,283,392899,22798,2609,19749,7795,1081,522,25779,11677,25220,1563,41927,124,43056,86,226,941,501,76,329,351,1724,1918,51,187,266,160,284,147,1087,534,561,158,2513,2066,1219,3487,338,83,192,194,115,120,82,660,316,2869,410,118,1129,1166,793,4557,15520,1153,1041,3460,587,270,201,163,294,107,391,7481,169,282,4561,123,855,140,2616,279,314,158,277,539,116,261,812,805,217,290,246,1906,720,242,241,216,1325,21,11,131,187,623,60,13639,130,9106,13,450,38,5096,832,6889,4541,4495,25,1851,43,179,1451,3497,32030,609,2069,1326,849,90,1102,192,257,751,8313,4471,3373,1304,30,159,92,12,27,196,832,2042,250,2398,165,171,927,19088,259,785,99511,649,4703,290,2050,3075,1085,114,856,4592,219,419,429,138,152,172,12554,462,285,364,307,420,484,19770,44,6192,1919,48,24036,5994,19,310,4262,947,48,3391,233,1647,311,1477,389,6600,1056,928,276,381,129,380,259,1304,440,20,723,31,1295,456,12,163,638,484,351,455,11131,681,2985,1889,445,324,830,157,37341,202,12936,1054,10937,1120,165,2185,76,21201,4468,6944,36019,1477,6458,88,272,114,362,1203,410,200,689,3749,387,36,532,275,41,35,3775,3742,11,601,189,20357,24841,16315,3995,27094,3054,198,43594,63718,6696,25296,45181,59505,182,152,217,207,81,235,1478,230,408,422,4081,0.0,0.0,0.0,0.0,0.0,0.0,0.0,0.0,0.0,0.0,0.0,0.0,0.0,0.0,0.0,0.0,0.0,0.0,0.0,0.0,0.0,0.0,0.0,0.0,0.0,0.0,0.0,0.0,0.0,0.0,0.0,0.0,0.0,0.0,0.0,0.0,0.0,0.0,0.0,0.0,0.0,0.0,0.0,0.0,0.0,0.0,0.0,0.0,0.0,0.0,0.0,0.0,0.0,0.0,0.0,0.0,0.0,0.0,0.0,0.0,0.0,0.0,0.0,0.0,0.0,0.0,0.0,0.0,0.0,0.0,0.0,0.0,0.0,0.0,0.0,0.0,0.0,0.0,0.0,0.0,0.0,0.0,0.0,0.0,0.0,0.0,0.0,0.0,0.0,0.0,0.0,0.0,0.0,0.0,0.0,0.0,0.0,0.0,0.0,0.0,0.0,0.0,0.0,0.0,0.0,0.0,0.0,0.0,0.0,0.0,0.0,0.0,0.0,0.0,0.0,0.0,0.0,0.0,0.0,0.0,0.0,0.0,0.0,0.0,0.0,0.0,0.0,0.0,0.0,0.0,0.0,0.0,0.0,0.0,0.0,0.0,0.0,0.0,0.0,0.0,0.0,0.0,0.0,0.0,0.0,0.0,0.0,0.0,0.0,0.0
ENCFF000WIK,0.10588302660121011,127602,323,2959,20253,473,52146,4948,202,304,202,563,1799,2079,4148,9662,15106,1916,406,3668,4837,163,578,46,67,53,723,10074,2094,15727,3489,227,415,377,1126,972,181,1306,33,33,4780,9223,30,505,13,89,399,3818,11706,1443,441,502,829,462,310,6242,137,314,296,112,629,1057,214,7297,530,250,3155,64,30504,35949,6476,631,455,2589,5501,232,753,326,514,510,118,587,654,3239,310,316,2123,17,521,326,20,1063,1312,35,1309,758,11291,131004,9121,51,23405,33298,1627,28905,683,340,4705,1341,1572,10,2560,6314,6378,89,2947,27740,1582,21498,366,1365,1452,6906,664,26206,783,4944,2452,674,2543,352,115,29599,6418,4672,12528,4059,12516,24195,1779,2962,1968,687,3210,24554,282,1639,55,125,55,36,1891,323,547,8118,4239,573,2986,20380,1820,381,669,689,721,2044,3381,2882,5223,51,110,33,573,11,1181,391,576,908,154,0,934,667,624,12893,5880,37862,1544,20511,24224,9676,18568,9503,18670,188,21897,25008,9562,7731,18021,15168,3931,597,2192,539,48,319,564,117,38,15,19,3062,220,24869,7187,5513,185,155570,25314,3223,21225,12187,1030,499,27794,12146,34762,2557,37959,156,37802,64,349,691,241,164,582,182,2442,1951,32,376,560,387,525,248,1515,830,334,195,3306,2237,1509,2215,732,161,389,426,228,228,174,445,714,3362,729,261,1356,1470,1547,5997,12112,5373,1532,2844,841,520,369,390,599,301,209,5304,304,498,4447,265,1063,249,2813,601,598,316,560,403,285,619,1504,1444,506,575,460,2054,945,520,489,510,2499,16,30,246,401,459,175,12588,86,8375,19,487,39,5015,697,5834,5055,5722,112,2192,55,166,844,3779,36944,1149,1878,1510,832,332,1657,150,441,543,9883,4228,2187,1193,27,135,113,12,48,396,873,2020,340,2730,299,333,1146,25737,528,1261,100031,330,4670,605,3331,9412,1765,220,3915,11269,478,597,631,246,283,347,50913,715,578,642,319,670,775,20130,42,7155,1821,19,22900,9334,17,236,4345,433,48,4728,494,1179,270,1964,687,10403,1604,1656,508,714,271,722,522,1186,573,16,785,22,1376,80,10,157,1394,197,436,483,18093,1244,5236,3239,842,327,713,151,33580,1086,13752,2460,10769,1131,261,2491,33,24169,4925,8187,34018,976,10129,401,145,240,1088,455,680,450,899,4372,659,22,795,655,13,24,3554,3573,16,1680,160,19793,29381,21105,5344,28415,3263,584,47746,67876,8829,30229,49069,62243,188,165,432,452,147,537,1251,242,352,456,5013,0.0,0.0,0.0,0.0,0.0,0.0,0.0,0.0,0.0,0.0,0.0,0.0,0.0,0.0,0.0,0.0,0.0,0.0,0.0,0.0,0.0,0.0,0.0,0.0,0.0,0.0,0.0,0.0,0.0,0.0,0.0,0.0,0.0,0.0,0.0,0.0,0.0,0.0,0.0,0.0,0.0,0.0,0.0,0.0,0.0,0.0,0.0,0.0,0.0,0.0,0.0,0.0,0.0,0.0,0.0,0.0,0.0,0.0,0.0,0.0,0.0,0.0,0.0,0.0,0.0,0.0,0.0,0.0,0.0,0.0,0.0,0.0,0.0,0.0,0.0,0.0,0.0,0.0,0.0,0.0,0.0,0.0,0.0,0.0,0.0,0.0,0.0,0.0,0.0,0.0,0.0,0.0,0.0,0.0,0.0,0.0,0.0,0.0,0.0,0.0,0.0,0.0,0.0,0.0,0.0,0.0,0.0,0.0,0.0,0.0,0.0,0.0,0.0,0.0,0.0,0.0,0.0,0.0,0.0,0.0,0.0,0.0,0.0,0.0,0.0,0.0,0.0,0.0,0.0,0.0,0.0,0.0,0.0,0.0,0.0,0.0,0.0,0.0,0.0,0.0,0.0,0.0,0.0,0.0,0.0,0.0,0.0,0.0,0.0,0.0
ENCFF000ZIJ,0.14513437956381675,178605,129,5595,49809,1243,240268,5316,346,425,376,504,4386,3706,7267,22347,55163,3027,322,5082,6269,103,529,62,38,28,1063,10959,4423,25619,2772,203,625,493,2593,2296,327,1990,21,8,8389,8962,46,561,55,27,493,7002,25943,1365,620,1565,2135,331,210,4175,95,271,338,73,501,1685,618,17790,293,353,3560,13,65860,51619,4629,1481,1080,3279,3199,233,1684,755,1248,1312,361,1593,1390,3029,674,889,5434,13,1339,752,20,797,132,35,1298,1817,25953,168741,8372,159,23204,35084,3153,30338,1524,967,3638,1163,1460,19,2184,5973,5954,47,5406,26684,2869,29463,650,2595,3277,8304,1164,46952,2017,5690,2636,539,1689,432,100,19544,10431,7519,25250,7582,7139,21364,2383,5987,2766,1633,4683,59177,311,1771,120,72,31,16,1667,185,353,11356,3483,622,3885,52828,4994,332,1561,495,507,3134,3705,3215,3613,46,95,28,1481,18,2568,922,704,260,274,66,1497,610,1333,12215,5966,41923,2882,30337,33469,16794,35602,15683,35147,222,26504,33381,9034,8009,22108,16300,5425,1126,2183,714,237,755,1381,101,69,25,13,4744,245,45826,15234,10293,157,157801,40133,5612,25820,30660,691,504,44405,19948,72311,5185,31623,148,29997,37,266,655,27,453,1311,211,4871,1865,20,1008,1495,928,1376,614,3220,1914,190,211,5585,2987,2177,2050,1844,575,969,1043,571,475,374,337,1694,6545,1675,562,2061,3212,3033,16152,142394,8599,2836,2342,1781,1146,902,973,1378,800,72,6542,673,1227,4444,536,1887,545,5078,1708,1349,949,1331,169,661,996,3403,3540,1220,1445,1113,2164,2080,1227,1166,1495,5996,32,43,577,915,339,486,11394,63,7559,27,566,53,5848,466,5890,6335,7894,25,2396,59,137,1360,2845,120216,1247,2618,2447,1032,884,3915,124,195,454,17660,6740,3456,921,23,110,74,27,39,978,1001,2321,701,4109,763,691,2132,62579,1759,3171,110645,668,5085,1518,6944,12211,3219,422,5866,16919,1187,1352,1378,558,610,498,69530,1574,1315,1465,703,1611,1717,24260,46,12053,2157,12,22330,5542,38,184,6119,535,36,8083,1217,935,230,3747,1601,32733,4857,1914,1129,1496,600,1566,1328,966,753,15,996,22,1819,87,27,111,1428,198,652,856,35479,2754,13816,7546,1764,566,520,155,24906,1662,14088,3664,8981,787,335,2479,13,28341,5365,9310,42156,12481,24403,537,98,516,1911,583,1538,1193,2117,7223,1430,48,887,1609,12,34,2893,2792,12,2460,121,20649,48235,35714,9384,31837,3708,639,85972,93292,16029,47340,69334,75481,310,147,1192,1029,294,1267,856,361,276,635,7197,0.0,0.0,0.0,0.0,0.0,0.0,0.0,0.0,0.0,0.0,0.0,0.0,0.0,0.0,0.0,0.0,0.0,0.0,0.0,0.0,0.0,0.0,0.0,0.0,0.0,0.0,0.0,0.0,0.0,0.0,0.0,0.0,0.0,0.0,0.0,0.0,0.0,0.0,0.0,0.0,0.0,0.0,0.0,0.0,0.0,0.0,0.0,0.0,0.0,0.0,0.0,0.0,0.0,0.0,0.0,0.0,0.0,0.0,0.0,0.0,0.0,0.0,0.0,0.0,0.0,0.0,0.0,0.0,0.0,0.0,0.0,0.0,0.0,0.0,0.0,0.0,0.0,0.0,0.0,0.0,0.0,0.0,0.0,0.0,0.0,0.0,0.0,0.0,0.0,0.0,0.0,0.0,0.0,0.0,0.0,0.0,0.0,0.0,0.0,0.0,0.0,0.0,0.0,0.0,0.0,0.0,0.0,0.0,0.0,0.0,0.0,0.0,0.0,0.0,0.0,0.0,0.0,0.0,0.0,0.0,0.0,0.0,0.0,0.0,0.0,0.0,0.0,0.0,0.0,0.0,0.0,0.0,0.0,0.0,0.0,0.0,0.0,0.0,0.0,0.0,0.0,0.0,0.0,0.0,0.0,0.0,0.0,0.0,0.0,0.0
ENCFF462QJA,0.1474777123384393,26910,106,1762,28728,494,258394,6361,365,270,286,447,3543,1711,4735,19329,28364,1971,756,4283,4683,111,894,87,80,50,956,237,4253,28598,3668,245,71,605,2723,2197,50,2450,22,1,7445,12020,82,427,98,30,697,6979,33424,32,931,1684,1877,371,305,5882,58,419,131,40,864,1695,515,12537,342,186,76,13,41538,41925,6172,1600,963,2122,5582,238,1767,875,979,1183,306,1560,1424,3279,542,1059,5035,11,1087,887,13,1083,776,12,1573,1283,32322,166321,9912,101,26101,36781,3351,32333,1565,930,4265,1187,1362,6,3098,7273,7502,118,4458,36160,1539,41603,233,1059,1299,7216,479,64396,1717,5189,2177,295,2187,275,54,30197,6294,148,20574,5419,9639,30325,24,4604,4636,1612,3347,47147,420,135,106,133,70,18,2259,465,204,9591,4242,774,4706,31664,3380,571,1646,835,777,2636,3847,3582,6424,32,56,48,1465,20,1916,853,1176,100,13,16,693,550,1508,15573,6743,49217,3242,23952,33531,13647,27089,15309,29058,323,26494,32486,20029,9633,24961,17663,4749,983,36,562,27,949,1546,125,13,27,36,3950,88,32030,9996,8321,230,158978,37362,4024,28414,20907,1273,425,35117,17176,54232,2372,40344,75,40030,17,241,523,4,388,1210,235,5123,2901,19,1060,985,864,1340,610,3071,1804,220,129,6270,4066,2075,3493,2486,535,1133,1092,537,424,331,630,1693,4723,1123,513,1533,2966,2435,13910,44268,175,3101,4208,1556,1126,887,898,1232,823,117,8464,726,1809,6231,415,1983,734,4669,1944,1408,1065,1344,234,748,576,3463,2683,1138,1268,1171,3037,2196,1484,946,1615,4520,56,39,578,1080,526,371,16504,154,11086,100,424,69,6691,758,9223,6324,7669,20,2655,69,46,2081,3788,76838,587,2124,2995,1222,17,2776,107,327,1493,15807,5854,3063,1480,78,1608,37,15,37,860,1325,2106,836,4540,952,627,2954,51762,254,2179,117363,644,6686,1323,8087,571,2656,374,49,3117,1098,1297,1427,527,468,268,1587,1802,1300,1395,814,1515,1608,24898,33,15889,1473,7,26634,12082,34,448,5118,1054,21,8100,1051,761,157,4507,1393,21299,2754,388,942,1472,785,1154,1190,1078,406,10,715,16,2234,66,100,68,129,353,226,638,23898,1142,9829,4498,841,714,544,103,33644,98,12179,1553,17143,1474,104,2997,9,28529,5780,10448,46500,2828,20096,181,195,457,1240,614,1180,1046,1409,3748,1307,3,153,1539,3,23,3558,3660,42,81,69,25308,35600,28559,6862,30510,4206,492,66767,80719,12157,35440,64850,73351,202,105,930,926,331,1155,787,303,418,618,6472,0.0,0.0,0.0,0.0,0.0,0.0,0.0,0.0,0.0,0.0,0.0,0.0,0.0,0.0,0.0,0.0,0.0,0.0,0.0,0.0,0.0,0.0,0.0,0.0,0.0,0.0,0.0,0.0,0.0,0.0,0.0,0.0,0.0,0.0,0.0,0.0,0.0,0.0,0.0,0.0,0.0,0.0,0.0,0.0,0.0,0.0,0.0,0.0,0.0,0.0,0.0,0.0,0.0,0.0,0.0,0.0,0.0,0.0,0.0,0.0,0.0,0.0,0.0,0.0,0.0,0.0,0.0,0.0,0.0,0.0,0.0,0.0,0.0,0.0,0.0,0.0,0.0,0.0,0.0,0.0,0.0,0.0,0.0,0.0,0.0,0.0,0.0,0.0,0.0,0.0,0.0,0.0,0.0,0.0,0.0,0.0,0.0,0.0,0.0,0.0,0.0,0.0,0.0,0.0,0.0,0.0,0.0,0.0,0.0,0.0,0.0,0.0,0.0,0.0,0.0,0.0,0.0,0.0,0.0,0.0,0.0,0.0,0.0,0.0,0.0,0.0,0.0,0.0,0.0,0.0,0.0,0.0,0.0,0.0,0.0,0.0,0.0,0.0,0.0,0.0,0.0,0.0,0.0,0.0,0.0,0.0,0.0,0.0,0.0,0.0
ENCFF049QNI,0.08704351394624835,20961,90,1856,13905,231,32095,2971,137,285,180,283,1534,1784,3661,5532,10928,1746,342,2496,3481,90,459,73,38,34,598,336,1832,10996,2530,211,101,291,870,804,19,1079,38,9,4756,7380,291,483,42,20,355,3484,7088,52,253,564,664,325,263,4567,113,243,239,49,510,854,82,3977,167,559,108,40,21050,26344,4982,473,358,641,3279,224,587,290,417,409,91,512,561,2517,250,283,1915,14,404,243,20,838,62,11,609,581,5952,99180,5885,77,16322,23635,1382,20812,570,338,3467,917,966,19,1904,4780,4579,96,3314,21175,1114,12950,175,715,802,5209,312,15318,589,3972,1929,503,1926,279,156,19766,5693,185,9278,3557,6658,18119,60,2320,1422,588,2435,17208,174,181,51,92,30,15,1480,296,388,6767,2983,561,2338,13726,1378,340,578,336,345,1664,2390,1963,3491,33,241,15,461,22,966,347,450,4363,5,0,290,527,464,9485,4433,29618,1135,15138,17396,7499,12644,7288,14999,150,17699,20731,8072,5479,14548,10521,2630,511,80,370,26,258,430,128,119,21,34,2413,223,13624,5082,5028,58,92557,18808,1701,15257,8370,745,380,20950,8972,24131,1632,25858,103,26255,99,218,593,109,152,474,166,1959,1517,109,310,478,305,463,221,1204,666,180,133,2622,1592,1328,1477,608,157,357,341,175,185,136,374,538,2620,608,220,1052,1175,1109,3816,5341,178,1256,1980,676,411,331,304,450,251,119,4411,239,433,3450,169,1002,211,2321,512,449,300,451,328,247,362,1262,1247,387,438,354,1541,865,424,355,441,2227,9,20,174,313,518,153,9521,35,6264,29,326,84,4142,478,4265,4304,3629,14,1784,86,231,431,2702,27781,441,1177,1347,714,18,1349,84,68,440,8262,3316,1756,892,26,139,78,3,41,320,306,1389,251,1902,308,267,699,18662,214,1147,73882,224,3582,469,2747,384,1428,147,136,2239,440,478,509,200,254,135,1800,588,453,500,224,571,618,16024,28,5883,1382,8,15930,4295,20,166,3104,339,66,4167,406,1656,240,1591,633,7298,962,350,417,486,285,669,411,918,160,10,686,24,1051,208,26,120,256,39,294,288,9908,737,3869,2068,514,183,473,122,23764,64,9135,910,8235,853,229,1906,10,16797,3018,5483,25090,793,6485,124,52,199,475,249,516,333,799,2560,500,33,136,611,8,11,2720,2717,0,79,347,13755,20245,15859,3706,20171,2575,216,32959,49420,6295,20636,37123,44519,139,121,341,374,124,485,953,125,280,398,4077,0.0,0.0,0.0,0.0,0.0,0.0,0.0,0.0,0.0,0.0,0.0,0.0,0.0,0.0,0.0,0.0,0.0,0.0,0.0,0.0,0.0,0.0,0.0,0.0,0.0,0.0,0.0,0.0,0.0,0.0,0.0,0.0,0.0,0.0,0.0,0.0,0.0,0.0,0.0,0.0,0.0,0.0,0.0,0.0,0.0,0.0,0.0,0.0,0.0,0.0,0.0,0.0,0.0,0.0,0.0,0.0,0.0,0.0,0.0,0.0,0.0,0.0,0.0,0.0,0.0,0.0,0.0,0.0,0.0,0.0,0.0,0.0,0.0,0.0,0.0,0.0,0.0,0.0,0.0,0.0,0.0,0.0,0.0,0.0,0.0,0.0,0.0,0.0,0.0,0.0,0.0,0.0,0.0,0.0,0.0,0.0,0.0,0.0,0.0,0.0,0.0,0.0,0.0,0.0,0.0,0.0,0.0,0.0,0.0,0.0,0.0,0.0,0.0,0.0,0.0,0.0,0.0,0.0,0.0,0.0,0.0,0.0,0.0,0.0,0.0,0.0,0.0,0.0,0.0,0.0,0.0,0.0,0.0,0.0,0.0,0.0,0.0,0.0,0.0,0.0,0.0,0.0,0.0,0.0,0.0,0.0,0.0,0.0,0.0,0.0
ENCFF000VQO,0.3398419185738182,94572,526,5725,51351,1359,177685,10384,418,1342,674,1605,4504,10992,17143,29475,73778,7979,1308,11654,12820,444,2320,242,228,291,949,1229,5347,41782,8849,777,480,1192,3057,2778,26,4678,32,58,13455,29103,32,1642,27,252,1578,10469,42167,602,1284,851,1939,1317,974,18450,372,1151,844,453,2429,2334,914,28784,572,1103,680,163,104081,103962,21233,1731,1037,2661,15823,628,1917,782,1101,1233,346,1464,2035,9731,707,845,5091,63,1200,793,18,4167,1273,104,2734,2009,28585,415337,29925,208,80823,104443,4852,89474,1940,1008,14803,4249,4483,33,7767,19012,20521,639,7810,83569,6142,67967,1017,4196,3661,20910,1715,88865,1890,14522,7597,2175,7888,940,408,93896,29574,910,36226,15583,31338,78914,162,7221,5672,1840,7822,76281,1775,737,150,269,71,49,6472,955,1409,22176,14978,1827,9588,54057,5150,1209,1862,4646,4353,6663,11009,10492,15359,270,262,248,1330,60,2363,938,2530,825,24,1,734,1681,1674,40521,19743,107220,4407,68358,78946,25947,55498,24754,48029,971,66817,75069,25971,25353,51120,49181,13661,1718,415,1687,89,586,1300,580,131,140,52,8239,903,60091,19175,31721,845,515620,75903,8162,68204,51435,3682,1405,89854,39512,110963,9583,125247,431,132796,96,674,1681,348,539,1516,305,6024,5158,36,967,1275,913,1275,691,4225,2462,513,346,9244,6733,4111,6574,1592,448,1042,1021,536,585,451,1260,1539,9576,1415,578,4003,4355,3064,17805,74856,836,4308,7723,2424,1330,998,929,1390,745,313,17454,745,1276,14053,480,3114,648,7573,1643,1532,792,1318,237,713,386,3595,3408,1146,1321,1114,6428,2846,1060,1105,1280,4331,30,8,655,963,1332,49,41330,570,25507,42,1517,96,17066,2444,18308,14708,14785,72,6054,367,402,4866,11105,166796,2034,4569,4044,2546,66,3720,721,1051,2382,24119,12633,4419,4464,149,433,508,48,86,1029,3165,6039,1060,7499,762,694,3837,90058,618,3062,320264,1061,16020,1461,8103,1975,3818,495,1245,10266,1148,1787,1762,605,614,733,15440,2016,1528,2043,219,1714,2085,63286,307,21406,5270,184,70212,18452,75,1000,12773,1636,108,12218,1137,3006,925,5820,1667,27063,4391,1348,1139,1855,715,1485,1222,3805,816,130,2244,75,3596,307,101,607,947,1125,1814,1816,55538,3861,16573,8248,2399,1139,2419,872,104410,93,33438,2804,36656,4549,547,6845,43,63608,12298,19376,90776,5371,29446,247,504,570,1277,882,1908,1079,1865,12919,1683,47,1204,1402,83,132,12504,13320,78,229,562,68760,81063,52296,13014,92379,10883,1793,159025,202703,22931,87705,144719,197131,920,579,1045,1007,306,1211,3552,741,1423,1461,14392,0.0,0.0,0.0,0.0,0.0,0.0,0.0,0.0,0.0,0.0,0.0,0.0,0.0,0.0,0.0,0.0,0.0,0.0,0.0,0.0,0.0,0.0,0.0,0.0,0.0,0.0,0.0,0.0,0.0,0.0,0.0,0.0,0.0,0.0,0.0,0.0,0.0,0.0,0.0,0.0,0.0,0.0,0.0,0.0,0.0,0.0,0.0,0.0,0.0,0.0,0.0,0.0,0.0,0.0,0.0,0.0,0.0,0.0,0.0,0.0,0.0,0.0,0.0,0.0,0.0,0.0,0.0,0.0,0.0,0.0,0.0,0.0,0.0,0.0,0.0,0.0,0.0,0.0,0.0,0.0,0.0,0.0,0.0,0.0,0.0,0.0,0.0,0.0,0.0,0.0,0.0,0.0,0.0,0.0,0.0,0.0,0.0,0.0,0.0,0.0,0.0,0.0,0.0,0.0,0.0,0.0,0.0,0.0,0.0,0.0,0.0,0.0,0.0,0.0,0.0,0.0,0.0,0.0,0.0,0.0,0.0,0.0,0.0,0.0,0.0,0.0,0.0,0.0,0.0,0.0,0.0,0.0,0.0,0.0,0.0,0.0,0.0,0.0,0.0,0.0,0.0,0.0,0.0,0.0,0.0,0.0,0.0,0.0,0.0,0.0
ENCFF061JXC,0.08918029187070874,21090,62,1700,8904,60,16175,2313,89,133,160,368,1028,585,1486,2587,3241,1252,340,1735,3371,153,571,65,20,33,492,180,1299,6364,2495,210,100,235,500,465,12,941,22,4,4950,8163,244,483,17,13,280,2686,3870,29,195,346,364,404,323,5375,93,259,245,43,452,636,24,1527,113,438,46,27,16021,23891,6492,292,175,529,4166,225,334,152,244,262,53,289,327,2809,130,136,1270,5,235,134,17,890,50,4,524,267,3376,96602,6521,64,17889,24950,980,21815,447,165,4249,1290,884,6,2142,5511,5384,48,3750,23382,433,7590,49,233,410,5311,79,6762,307,3983,1993,552,2286,306,102,25433,2532,109,3515,1608,8375,19876,44,1754,708,294,2323,9921,131,142,21,102,35,10,1523,268,429,7085,3303,537,1998,8820,637,376,360,311,310,1605,2328,2069,5012,33,267,15,256,22,608,171,491,6761,2,0,165,510,252,10639,4823,31692,1032,13024,16113,6464,9510,6360,11870,157,18587,20609,9196,5918,15570,10853,2185,378,47,297,20,138,247,132,89,19,19,2284,138,7885,3738,1483,50,89785,16469,1699,14993,3038,808,429,18662,7404,16578,454,28868,92,30077,75,237,626,80,74,275,173,1518,1653,238,166,260,168,217,101,759,436,379,167,2285,1509,1122,2360,351,81,168,192,109,107,90,604,312,2384,354,114,952,881,727,1852,2559,167,907,2575,476,201,167,151,231,128,320,4532,166,245,3519,103,839,114,2157,309,289,153,245,477,126,259,867,718,198,250,198,1742,564,239,197,291,1656,14,26,114,153,538,60,10186,21,6881,26,364,108,4002,737,4661,4160,3206,5,1592,67,274,204,2932,16029,517,1208,1347,645,5,868,88,72,444,6756,2248,1329,1059,21,162,56,2,12,189,204,1451,168,1768,143,171,318,10369,120,749,78901,129,3704,259,1750,291,1003,91,76,2023,203,264,303,119,125,150,1212,378,268,318,140,307,409,16419,32,5469,1425,5,18096,4465,16,179,3086,304,41,3597,198,2616,216,1122,343,3169,423,344,201,302,194,460,248,1108,85,2,689,10,1015,529,34,158,314,39,112,210,4386,232,1899,934,186,145,470,56,27809,41,9030,663,9028,828,213,1969,13,15394,2834,5157,24917,630,3880,73,23,104,276,128,299,176,564,1385,298,33,194,283,4,10,2896,3197,0,60,319,14502,18843,13772,3179,21020,2555,184,30890,49268,5518,19173,37568,45321,105,115,201,178,67,234,1252,174,343,319,3766,0.0,0.0,0.0,0.0,0.0,0.0,0.0,0.0,0.0,0.0,0.0,0.0,0.0,0.0,0.0,0.0,0.0,0.0,0.0,0.0,0.0,0.0,0.0,0.0,0.0,0.0,0.0,0.0,0.0,0.0,0.0,0.0,0.0,0.0,0.0,0.0,0.0,0.0,0.0,0.0,0.0,0.0,0.0,0.0,0.0,0.0,0.0,0.0,0.0,0.0,0.0,0.0,0.0,0.0,0.0,0.0,0.0,0.0,0.0,0.0,0.0,0.0,0.0,0.0,0.0,0.0,0.0,0.0,0.0,0.0,0.0,0.0,0.0,0.0,0.0,0.0,0.0,0.0,0.0,0.0,0.0,0.0,0.0,0.0,0.0,0.0,0.0,0.0,0.0,0.0,0.0,0.0,0.0,0.0,0.0,0.0,0.0,0.0,0.0,0.0,0.0,0.0,0.0,0.0,0.0,0.0,0.0,0.0,0.0,0.0,0.0,0.0,0.0,0.0,0.0,0.0,0.0,0.0,0.0,0.0,0.0,0.0,0.0,0.0,0.0,0.0,0.0,0.0,0.0,0.0,0.0,0.0,0.0,0.0,0.0,0.0,0.0,0.0,0.0,0.0,0.0,0.0,0.0,0.0,0.0,0.0,0.0,0.0,0.0,0.0
ENCFF907JCI,0.1044274893335969,1017877,4243,20725,109536,2089,230426,22197,1135,1247,1039,2480,13180,9599,28218,71452,54407,10439,1416,21134,20142,609,2288,291,253,391,3344,80156,12468,75505,13538,891,4480,2084,7130,6386,2306,7353,74,250,29809,37518,597,2702,273,1491,2133,21702,88365,13375,1585,4124,5194,1475,1356,25810,551,1141,1409,710,2138,6158,3069,59381,4061,2018,20906,451,204318,180236,25029,4118,2570,20318,20318,1040,4731,1884,2774,3375,860,3554,4270,13200,1564,1890,13947,72,3173,1779,83,3881,863,110,6233,5079,97829,606936,36697,2001,98120,142186,9358,124846,5478,2411,18111,5838,6370,74,11321,29508,27937,621,18159,132805,8350,134781,1819,7172,7754,31221,2959,183924,5812,21361,9923,3085,8756,1122,351,100121,33615,43430,90527,27976,46866,93257,14854,17791,12114,4834,19907,151383,1535,12013,375,359,173,107,7226,1032,2794,38731,16043,2301,17221,119235,13345,1413,4231,3709,4502,10677,16034,14277,22332,294,520,164,3787,70,6973,2241,6730,3351,2005,70,6012,2765,3945,54105,23525,175869,8613,96594,106743,56494,111534,53527,104723,657,104214,123946,43995,31757,90258,65789,24188,3551,17306,2702,813,2033,3334,496,262,127,96,15763,947,145949,45934,23636,898,1038147,150354,20844,106263,100091,3948,2454,156724,78162,239812,12479,159648,1203,140256,195,1335,3329,767,955,3635,1101,14540,8410,128,2400,3551,2169,3328,1562,9748,5483,2445,884,16845,11129,7734,11190,4350,1269,2196,2776,1161,1194,999,2660,4206,23157,4743,1350,6677,9655,8627,52056,212721,50576,8691,12974,4883,3138,2516,2196,3536,1942,1150,26988,1600,2980,18274,1240,6158,1305,16101,4005,3936,2235,3418,2425,1606,4893,9131,9082,2864,3570,2539,8660,5489,2874,2884,3605,15804,79,510,1313,2185,1792,1024,53626,707,35777,94,1755,496,21261,2702,26721,24465,27958,100,9530,289,700,6511,13614,271680,5912,11747,9592,4271,4394,11545,639,1645,2584,59324,25625,12507,4943,119,903,424,61,116,2571,4880,9546,2241,13956,1810,1794,6042,149968,4729,8105,447222,2382,19553,3624,20624,82590,10132,1136,35657,93236,3006,3872,4041,1423,1502,1851,408197,4565,3257,4225,2526,4497,5065,87904,266,39594,7645,72,96073,25785,126,876,23122,2517,98,24218,2955,5242,851,11909,4129,69378,12503,11424,3348,4137,1503,4109,3057,4897,3631,127,3607,78,7491,582,362,567,10106,2227,2263,3435,141346,6315,35012,22080,4476,1895,4306,1078,120361,7560,53850,20129,41047,4151,1296,10162,154,121495,24082,42465,185986,18085,65829,2429,1113,1303,8107,4092,4284,2633,6322,28631,3651,142,8538,3849,70,119,13304,12389,67,16948,980,85653,164805,120667,31331,126357,14983,2222,272847,341311,53274,162003,254544,295023,668,633,2766,2519,793,3182,5021,1301,1558,2346,24243,0.0,0.0,0.0,0.0,0.0,0.0,0.0,0.0,0.0,0.0,0.0,0.0,0.0,0.0,0.0,0.0,0.0,0.0,0.0,0.0,0.0,0.0,0.0,0.0,0.0,0.0,0.0,0.0,0.0,0.0,0.0,0.0,0.0,0.0,0.0,0.0,0.0,0.0,0.0,0.0,0.0,0.0,0.0,0.0,0.0,0.0,0.0,0.0,0.0,0.0,0.0,0.0,0.0,0.0,0.0,0.0,0.0,0.0,0.0,0.0,0.0,0.0,0.0,0.0,0.0,0.0,0.0,0.0,0.0,0.0,0.0,0.0,0.0,0.0,0.0,0.0,0.0,0.0,0.0,0.0,0.0,0.0,0.0,0.0,0.0,0.0,0.0,0.0,0.0,0.0,0.0,0.0,0.0,0.0,0.0,0.0,0.0,0.0,0.0,0.0,0.0,0.0,0.0,0.0,0.0,0.0,0.0,0.0,0.0,0.0,0.0,0.0,0.0,0.0,0.0,0.0,0.0,0.0,0.0,0.0,0.0,0.0,0.0,0.0,0.0,0.0,0.0,0.0,0.0,0.0,0.0,0.0,0.0,0.0,0.0,0.0,0.0,0.0,0.0,0.0,0.0,0.0,0.0,0.0,0.0,0.0,0.0,0.0,0.0,0.0
ENCFF000VYB,0.061411867522072734,2982,15,257,2198,63,6425,434,29,40,16,62,223,367,675,1230,2239,271,32,375,398,23,65,5,6,4,51,112,205,1738,270,16,16,32,122,97,3,117,3,1,528,719,3,54,5,3,39,349,1469,13,46,49,99,30,26,521,10,26,22,13,61,122,28,811,9,27,32,19,3102,3220,527,73,36,89,439,14,65,35,42,43,23,72,62,224,43,40,201,2,53,29,2,92,78,5,85,85,1061,11176,710,6,1954,2670,159,2366,91,48,342,101,110,3,237,479,448,12,339,2180,239,2361,72,230,170,580,95,2867,92,391,191,46,250,35,8,2220,1053,60,1575,634,916,1902,33,362,231,79,244,2561,16,25,4,10,5,4,149,28,63,644,348,40,360,2232,236,39,77,99,97,188,265,257,428,4,9,5,60,4,119,47,119,355,1,0,40,65,55,1065,490,2871,165,1990,2208,965,2154,902,1815,10,1791,2121,734,659,1609,1237,474,48,18,69,8,31,59,24,8,2,3,269,21,2883,789,872,30,15362,2512,235,1884,1604,91,49,2656,1201,3713,417,2919,10,3033,6,21,122,67,20,55,19,223,148,0,46,79,39,66,28,160,107,14,13,288,200,129,218,94,21,41,51,23,26,33,42,71,307,92,30,113,149,116,728,1415,51,158,244,99,42,40,28,58,31,9,527,30,52,381,24,94,33,238,68,60,38,80,28,30,31,163,158,50,59,50,164,79,55,48,43,233,1,2,31,41,34,24,900,13,692,3,35,1,422,65,451,439,479,1,164,11,13,97,280,4391,45,152,139,65,7,148,18,32,38,993,449,289,88,5,11,12,4,6,40,102,211,40,256,41,23,113,3195,23,139,8376,47,411,52,321,133,154,17,50,343,57,58,58,28,26,17,481,70,76,59,15,75,83,1736,6,679,174,3,1864,627,2,22,401,48,10,437,43,109,24,204,74,930,178,51,40,76,22,82,38,93,46,1,83,1,139,7,2,11,43,33,70,60,2009,170,661,410,115,28,64,21,2664,9,962,126,833,102,28,202,6,1941,369,586,2718,98,1042,14,15,18,65,32,54,35,105,468,63,3,25,92,3,4,291,300,1,20,17,1696,2562,2105,463,2348,328,32,4598,6066,868,2597,4503,5363,20,19,45,51,24,44,103,12,40,42,429,0.0,0.0,0.0,0.0,0.0,0.0,0.0,0.0,0.0,0.0,0.0,0.0,0.0,0.0,0.0,0.0,0.0,0.0,0.0,0.0,0.0,0.0,0.0,0.0,0.0,0.0,0.0,0.0,0.0,0.0,0.0,0.0,0.0,0.0,0.0,0.0,0.0,0.0,0.0,0.0,0.0,0.0,0.0,0.0,0.0,0.0,0.0,0.0,0.0,0.0,0.0,0.0,0.0,0.0,0.0,0.0,0.0,0.0,0.0,0.0,0.0,0.0,0.0,0.0,0.0,0.0,0.0,0.0,0.0,0.0,0.0,0.0,0.0,0.0,0.0,0.0,0.0,0.0,0.0,0.0,0.0,0.0,0.0,0.0,0.0,0.0,0.0,0.0,0.0,0.0,0.0,0.0,0.0,0.0,0.0,0.0,0.0,0.0,0.0,0.0,0.0,0.0,0.0,0.0,0.0,0.0,0.0,0.0,0.0,0.0,0.0,0.0,0.0,0.0,0.0,0.0,0.0,0.0,0.0,0.0,0.0,0.0,0.0,0.0,0.0,0.0,0.0,0.0,0.0,0.0,0.0,0.0,0.0,0.0,0.0,0.0,0.0,0.0,0.0,0.0,0.0,0.0,0.0,0.0,0.0,0.0,0.0,0.0,0.0,0.0
ENCFF000XEY,0.06735680834505263,5486,22,167,2542,83,8027,342,22,33,15,33,170,256,438,831,2102,178,22,292,314,11,28,6,3,2,38,360,204,2187,192,16,23,22,94,78,12,107,0,2,439,626,3,43,3,5,40,305,1910,48,39,46,76,21,22,358,10,15,20,5,40,94,16,880,13,42,117,0,2779,2427,478,51,33,124,374,14,64,26,50,39,10,63,80,225,26,26,181,2,59,32,4,68,10,3,85,73,979,9334,521,6,1551,2190,137,1966,72,42,290,97,98,0,168,465,447,10,295,1736,200,2440,62,211,181,480,118,3532,85,337,148,44,164,28,5,1663,688,224,1370,431,833,1404,72,250,151,67,200,1812,21,47,7,8,1,1,102,6,30,590,237,31,201,2496,249,19,57,70,66,158,195,205,446,1,8,7,62,0,101,36,176,175,7,1,42,41,44,866,371,2354,135,1688,1880,807,2008,743,1517,8,1385,1677,538,494,1307,842,357,50,62,48,3,27,49,6,4,1,1,209,11,2153,728,746,18,12757,1852,217,1452,1528,67,34,2100,955,3376,393,2178,4,2181,3,12,43,16,17,47,9,192,124,4,40,48,34,51,27,109,93,24,14,246,169,91,181,79,22,41,44,27,28,14,39,77,295,56,18,100,125,105,835,1710,209,109,254,87,51,29,41,40,38,25,404,23,51,282,17,101,27,216,70,72,37,43,18,27,32,130,128,55,41,46,137,97,49,58,62,221,1,1,16,26,40,11,821,5,594,2,33,3,317,44,419,348,384,0,121,8,10,56,202,3383,58,120,135,59,14,109,9,21,32,754,324,211,81,4,23,10,0,5,43,105,149,31,221,30,29,90,3417,36,118,6682,30,287,42,302,349,151,13,141,530,56,42,44,21,13,16,1686,63,75,60,25,77,64,1353,5,569,119,1,1472,342,1,13,295,45,5,359,40,98,20,137,61,1534,226,59,52,57,26,65,38,59,5,0,47,2,97,11,2,11,73,20,56,27,1614,212,602,368,103,27,44,6,1990,31,720,137,612,60,13,149,1,1513,295,474,2211,123,1198,19,6,11,75,26,63,40,120,372,46,4,35,63,2,5,219,240,0,74,12,1241,2079,1615,423,1848,250,9,4020,4726,701,2102,3513,4130,18,6,39,45,19,45,116,12,42,35,376,0.0,0.0,0.0,0.0,0.0,0.0,0.0,0.0,0.0,0.0,0.0,0.0,0.0,0.0,0.0,0.0,0.0,0.0,0.0,0.0,0.0,0.0,0.0,0.0,0.0,0.0,0.0,0.0,0.0,0.0,0.0,0.0,0.0,0.0,0.0,0.0,0.0,0.0,0.0,0.0,0.0,0.0,0.0,0.0,0.0,0.0,0.0,0.0,0.0,0.0,0.0,0.0,0.0,0.0,0.0,0.0,0.0,0.0,0.0,0.0,0.0,0.0,0.0,0.0,0.0,0.0,0.0,0.0,0.0,0.0,0.0,0.0,0.0,0.0,0.0,0.0,0.0,0.0,0.0,0.0,0.0,0.0,0.0,0.0,0.0,0.0,0.0,0.0,0.0,0.0,0.0,0.0,0.0,0.0,0.0,0.0,0.0,0.0,0.0,0.0,0.0,0.0,0.0,0.0,0.0,0.0,0.0,0.0,0.0,0.0,0.0,0.0,0.0,0.0,0.0,0.0,0.0,0.0,0.0,0.0,0.0,0.0,0.0,0.0,0.0,0.0,0.0,0.0,0.0,0.0,0.0,0.0,0.0,0.0,0.0,0.0,0.0,0.0,0.0,0.0,0.0,0.0,0.0,0.0,0.0,0.0,0.0,0.0,0.0,0.0
ENCFF000VOV,0.09223403773564802,2884,16,256,2422,46,3683,455,48,35,16,34,186,388,610,1357,1598,287,19,275,312,8,41,5,3,4,43,115,217,1475,223,19,15,30,119,75,3,114,1,0,487,709,8,70,2,0,46,353,1972,15,47,60,78,32,22,432,10,26,30,10,41,98,19,802,38,41,42,3,3152,3678,528,71,45,84,376,8,71,38,50,63,13,51,71,251,34,38,181,3,56,35,2,102,15,1,112,87,795,11795,710,7,2034,2690,137,2495,105,31,332,115,95,2,192,531,501,13,289,1916,225,1848,45,171,146,585,82,3153,97,367,174,68,216,30,11,2008,991,145,2377,620,1131,1865,28,282,154,60,256,2318,17,19,13,8,2,1,152,20,29,562,294,25,269,2654,287,39,50,106,119,194,371,348,368,4,12,2,54,2,104,35,279,437,5,0,35,66,40,1056,470,2964,137,1979,2153,914,2569,802,1666,14,1790,2118,686,592,1582,1221,378,58,26,47,2,27,50,14,9,1,6,283,37,2853,757,959,13,12393,2141,218,1875,1474,65,38,2609,1177,3430,307,2688,9,2676,2,13,61,36,19,42,25,210,163,2,39,57,38,38,28,142,76,27,17,265,220,127,174,76,20,33,42,19,17,22,31,82,330,71,24,131,147,110,1031,2638,80,145,252,79,42,41,20,50,33,12,516,32,46,335,20,112,19,262,80,55,39,58,19,29,35,155,151,55,60,33,164,87,37,44,44,209,1,2,25,19,36,10,906,1,612,1,36,5,385,66,437,389,398,2,148,7,17,62,237,4446,64,138,155,72,10,157,7,19,41,870,366,220,93,6,12,7,1,3,28,92,165,37,250,34,24,129,3667,33,140,7759,37,342,48,295,155,150,15,77,339,53,40,42,36,18,15,523,71,50,57,22,59,81,1696,9,645,174,0,1716,480,3,14,359,34,3,421,54,70,18,170,64,832,235,44,76,49,31,73,32,68,29,0,75,0,122,3,4,8,28,23,51,53,2014,153,687,386,72,44,66,12,2423,12,919,127,868,76,15,186,4,1965,355,542,2577,220,1357,15,7,16,67,25,67,38,81,371,53,3,25,91,2,2,307,278,0,21,7,1594,2627,1939,401,2286,339,11,5283,5852,820,2592,4314,5267,28,19,37,43,22,46,91,22,27,32,381,0.0,0.0,0.0,0.0,0.0,0.0,0.0,0.0,0.0,0.0,0.0,0.0,0.0,0.0,0.0,0.0,0.0,0.0,0.0,0.0,0.0,0.0,0.0,0.0,0.0,0.0,0.0,0.0,0.0,0.0,0.0,0.0,0.0,0.0,0.0,0.0,0.0,0.0,0.0,0.0,0.0,0.0,0.0,0.0,0.0,0.0,0.0,0.0,0.0,0.0,0.0,0.0,0.0,0.0,0.0,0.0,0.0,0.0,0.0,0.0,0.0,0.0,0.0,0.0,0.0,0.0,0.0,0.0,0.0,0.0,0.0,0.0,0.0,0.0,0.0,0.0,0.0,0.0,0.0,0.0,0.0,0.0,0.0,0.0,0.0,0.0,0.0,0.0,0.0,0.0,0.0,0.0,0.0,0.0,0.0,0.0,0.0,0.0,0.0,0.0,0.0,0.0,0.0,0.0,0.0,0.0,0.0,0.0,0.0,0.0,0.0,0.0,0.0,0.0,0.0,0.0,0.0,0.0,0.0,0.0,0.0,0.0,0.0,0.0,0.0,0.0,0.0,0.0,0.0,0.0,0.0,0.0,0.0,0.0,0.0,0.0,0.0,0.0,0.0,0.0,0.0,0.0,0.0,0.0,0.0,0.0,0.0,0.0,0.0,0.0
ENCFF000YRT,0.06920545999597656,4871,37,267,3167,53,7397,492,40,26,20,59,221,223,483,1829,1868,224,18,330,478,12,64,4,1,3,50,238,248,1841,268,25,23,30,154,123,5,109,2,1,617,768,3,44,0,7,60,372,1842,23,47,68,104,30,40,514,11,20,38,12,60,101,11,721,25,50,92,8,3211,3796,563,87,48,120,459,18,92,41,63,87,18,81,78,299,40,48,288,1,56,29,0,81,5,3,94,92,1255,12634,797,7,2180,2983,176,2607,112,42,357,100,107,1,213,595,572,6,474,2445,190,2174,43,216,178,648,92,2824,89,557,245,54,254,25,12,2083,642,177,1096,513,1226,2111,47,347,158,89,283,3346,32,38,7,8,1,0,137,15,38,901,347,40,296,3207,289,31,75,69,57,217,392,420,453,1,12,3,65,0,137,54,205,208,8,0,49,57,58,1132,527,3385,168,2021,2421,1178,2496,979,2098,8,1881,2357,903,668,1821,1409,451,55,50,68,4,42,69,10,5,1,3,436,17,2676,985,499,19,14966,2779,291,1936,1336,73,50,2914,1345,4103,411,3396,19,3753,3,34,78,30,21,55,22,264,164,4,53,70,34,77,33,168,93,57,14,335,219,149,231,92,29,48,43,31,22,26,36,91,367,102,31,138,181,142,893,1927,177,154,246,92,83,38,45,65,38,10,541,32,65,372,23,116,43,291,83,76,49,72,30,44,50,215,176,49,67,48,190,101,50,70,81,252,4,2,25,34,43,27,1189,11,722,1,41,8,470,43,566,595,614,1,165,10,16,69,289,4961,56,162,136,98,13,164,10,12,32,1106,440,261,103,2,22,8,0,3,44,105,212,48,280,45,34,99,4327,43,170,9484,45,401,100,392,284,204,19,95,452,63,84,70,57,23,19,1120,101,73,79,42,77,62,1722,2,713,183,2,2236,530,2,10,520,54,5,483,48,122,20,202,90,1147,257,70,67,65,45,93,50,116,50,2,61,1,180,8,2,9,37,22,50,46,3201,189,805,485,121,53,63,15,2805,28,1130,159,970,87,24,218,5,2079,393,719,3095,226,1038,20,15,24,71,40,87,45,95,561,70,2,20,105,4,0,310,328,2,45,17,1732,2814,2218,491,2533,307,13,5143,6081,1016,2889,4720,5700,9,21,74,70,27,54,106,17,25,45,614,0.0,0.0,0.0,0.0,0.0,0.0,0.0,0.0,0.0,0.0,0.0,0.0,0.0,0.0,0.0,0.0,0.0,0.0,0.0,0.0,0.0,0.0,0.0,0.0,0.0,0.0,0.0,0.0,0.0,0.0,0.0,0.0,0.0,0.0,0.0,0.0,0.0,0.0,0.0,0.0,0.0,0.0,0.0,0.0,0.0,0.0,0.0,0.0,0.0,0.0,0.0,0.0,0.0,0.0,0.0,0.0,0.0,0.0,0.0,0.0,0.0,0.0,0.0,0.0,0.0,0.0,0.0,0.0,0.0,0.0,0.0,0.0,0.0,0.0,0.0,0.0,0.0,0.0,0.0,0.0,0.0,0.0,0.0,0.0,0.0,0.0,0.0,0.0,0.0,0.0,0.0,0.0,0.0,0.0,0.0,0.0,0.0,0.0,0.0,0.0,0.0,0.0,0.0,0.0,0.0,0.0,0.0,0.0,0.0,0.0,0.0,0.0,0.0,0.0,0.0,0.0,0.0,0.0,0.0,0.0,0.0,0.0,0.0,0.0,0.0,0.0,0.0,0.0,0.0,0.0,0.0,0.0,0.0,0.0,0.0,0.0,0.0,0.0,0.0,0.0,0.0,0.0,0.0,0.0,0.0,0.0,0.0,0.0,0.0,0.0
ENCFF000YJM,0.07994391683113385,3557,18,165,2231,31,5625,437,20,27,17,42,159,179,360,1130,1424,173,20,276,394,17,32,6,6,3,48,185,191,1205,225,18,15,30,83,80,5,93,2,3,502,704,1,42,1,3,33,318,1100,27,53,52,65,28,20,435,15,19,26,9,53,88,13,529,11,14,48,4,2368,2811,471,62,43,81,365,18,68,37,38,53,13,55,76,218,32,27,202,0,53,22,1,87,9,3,66,77,903,9757,600,10,1728,2282,145,2052,115,32,254,75,100,2,197,452,459,9,332,1924,166,1644,34,175,127,528,70,2081,72,411,193,43,184,23,9,1746,545,144,738,349,869,1643,21,254,195,65,220,2326,21,40,3,2,2,2,119,14,31,620,317,32,261,2312,214,22,78,79,53,147,317,346,391,5,8,1,47,0,96,29,182,202,5,0,37,44,56,919,391,2668,130,1562,1867,803,1742,748,1503,13,1597,1810,695,568,1445,1065,372,47,39,49,2,33,37,13,8,1,6,285,11,1768,682,453,5,13010,2139,218,1722,1069,60,48,2214,1146,2965,338,2905,17,3110,0,19,48,22,13,46,23,190,124,2,34,67,29,46,29,126,97,23,26,229,168,105,180,63,10,32,34,24,21,20,34,80,278,84,24,117,129,97,579,852,98,117,209,79,42,26,26,51,32,9,409,28,41,295,14,88,23,214,70,51,41,61,17,31,26,145,133,47,62,49,162,69,38,41,46,197,2,2,26,25,32,19,933,12,639,2,26,13,364,39,378,412,480,0,157,6,10,60,224,3449,43,127,132,51,5,138,12,9,42,806,373,166,87,6,19,6,0,2,29,73,147,35,186,34,17,71,2803,31,91,7256,27,325,65,305,181,143,18,55,343,52,53,55,26,23,15,863,68,51,50,31,74,60,1424,14,535,152,1,1611,408,6,13,375,62,6,382,33,136,20,162,70,784,186,41,40,56,27,68,44,80,38,5,73,2,118,13,6,8,25,25,36,24,2157,122,507,338,87,33,66,9,2262,20,868,101,768,87,18,175,0,1619,306,596,2448,100,662,18,17,16,47,27,69,46,75,393,46,4,25,76,0,1,256,255,1,36,16,1387,2000,1582,390,1932,257,23,3677,4669,713,2206,3585,4513,18,4,30,53,13,39,76,12,35,35,437,0.0,0.0,0.0,0.0,0.0,0.0,0.0,0.0,0.0,0.0,0.0,0.0,0.0,0.0,0.0,0.0,0.0,0.0,0.0,0.0,0.0,0.0,0.0,0.0,0.0,0.0,0.0,0.0,0.0,0.0,0.0,0.0,0.0,0.0,0.0,0.0,0.0,0.0,0.0,0.0,0.0,0.0,0.0,0.0,0.0,0.0,0.0,0.0,0.0,0.0,0.0,0.0,0.0,0.0,0.0,0.0,0.0,0.0,0.0,0.0,0.0,0.0,0.0,0.0,0.0,0.0,0.0,0.0,0.0,0.0,0.0,0.0,0.0,0.0,0.0,0.0,0.0,0.0,0.0,0.0,0.0,0.0,0.0,0.0,0.0,0.0,0.0,0.0,0.0,0.0,0.0,0.0,0.0,0.0,0.0,0.0,0.0,0.0,0.0,0.0,0.0,0.0,0.0,0.0,0.0,0.0,0.0,0.0,0.0,0.0,0.0,0.0,0.0,0.0,0.0,0.0,0.0,0.0,0.0,0.0,0.0,0.0,0.0,0.0,0.0,0.0,0.0,0.0,0.0,0.0,0.0,0.0,0.0,0.0,0.0,0.0,0.0,0.0,0.0,0.0,0.0,0.0,0.0,0.0,0.0,0.0,0.0,0.0,0.0,0.0
ENCFF954GUR,0.12851201977563168,51242,288,3467,69487,731,191740,8861,552,283,296,481,5472,2204,11050,36927,38211,2358,756,7366,5801,113,734,71,77,67,1895,2303,5797,32656,3984,179,84,667,3737,3551,53,3361,27,10,8650,11165,80,475,100,87,1128,9606,38740,197,901,2307,2772,318,208,5202,151,409,253,153,769,2331,893,22528,3317,632,662,84,62676,51780,5565,2378,1356,3112,4825,189,2655,1133,1506,1689,472,2249,2208,3557,839,1449,6949,15,1725,1387,23,1027,194,52,1383,2133,25367,178171,10200,192,26640,41165,4686,35504,2404,1265,4203,1409,1794,33,3218,8357,7997,243,5768,34150,2473,46699,253,1251,1788,7874,633,84634,2470,6356,2449,383,2079,183,73,27106,9994,1062,40850,9936,9218,27600,119,6671,7850,2236,4015,72970,568,272,206,105,51,41,2257,408,359,11446,3804,390,4934,68887,5208,340,2481,1059,1080,3168,4014,3623,5378,63,120,74,2195,36,2634,1194,1143,460,21,27,985,600,2259,13132,6739,43506,3925,29738,39906,18008,40066,19918,37837,341,28734,36317,10053,9524,28230,20129,6359,1264,299,865,60,1347,2258,123,35,54,45,4574,124,62584,14478,11890,329,256885,49396,4842,34164,37798,1110,543,46945,24714,81962,3523,40684,175,36787,20,304,731,13,617,1865,302,6991,2915,26,1476,1483,1201,1933,955,4589,2615,224,283,8016,4793,2529,2857,3218,816,1530,1583,892,604,431,335,2554,6703,1756,635,2100,4389,3451,19352,49127,2087,4449,4730,2043,1623,1330,1291,1866,1098,61,8596,1009,2681,5923,672,2550,989,5390,2657,2076,1555,1975,140,946,724,4733,3905,1677,1782,1675,2987,2811,2207,1420,2226,6143,34,45,855,1494,546,389,13878,118,8879,24,334,43,7240,703,7463,7399,10485,40,3246,86,62,2713,3430,111961,628,2144,3619,1378,116,4221,89,292,1514,23845,9741,5089,1460,25,97,64,29,56,1261,1800,2241,1313,4376,1290,913,2712,96005,426,3103,118132,887,7148,1895,10860,2944,3775,571,593,4914,1522,2128,2132,782,655,245,14156,2693,2035,2211,869,2171,2394,28588,42,19367,1548,42,28730,7809,52,457,6434,1102,51,11247,1499,855,135,5959,2000,36134,4775,631,1359,2174,1110,1501,1745,1114,1367,31,928,30,2806,135,32,86,337,401,342,1041,51270,1532,14321,6562,1081,868,678,213,27401,100,14680,2308,10294,1440,148,2613,8,42436,7392,12965,51920,2283,39544,323,505,723,1935,873,1841,1517,2073,7594,1921,14,198,2105,29,50,3326,3325,46,218,144,28157,45640,37137,9351,34279,5030,1716,87100,99320,16602,46057,78262,84672,284,114,1303,1247,391,1810,678,387,212,801,8045,0.0,0.0,0.0,0.0,0.0,0.0,0.0,0.0,0.0,0.0,0.0,0.0,0.0,0.0,0.0,0.0,0.0,0.0,0.0,0.0,0.0,0.0,0.0,0.0,0.0,0.0,0.0,0.0,0.0,0.0,0.0,0.0,0.0,0.0,0.0,0.0,0.0,0.0,0.0,0.0,0.0,0.0,0.0,0.0,0.0,0.0,0.0,0.0,0.0,0.0,0.0,0.0,0.0,0.0,0.0,0.0,0.0,0.0,0.0,0.0,0.0,0.0,0.0,0.0,0.0,0.0,0.0,0.0,0.0,0.0,0.0,0.0,0.0,0.0,0.0,0.0,0.0,0.0,0.0,0.0,0.0,0.0,0.0,0.0,0.0,0.0,0.0,0.0,0.0,0.0,0.0,0.0,0.0,0.0,0.0,0.0,0.0,0.0,0.0,0.0,0.0,0.0,0.0,0.0,0.0,0.0,0.0,0.0,0.0,0.0,0.0,0.0,0.0,0.0,0.0,0.0,0.0,0.0,0.0,0.0,0.0,0.0,0.0,0.0,0.0,0.0,0.0,0.0,0.0,0.0,0.0,0.0,0.0,0.0,0.0,0.0,0.0,0.0,0.0,0.0,0.0,0.0,0.0,0.0,0.0,0.0,0.0,0.0,0.0,0.0
ENCFF000BHX,0.13673535420630298,21842,97,2809,31799,524,93989,5656,197,355,218,334,2377,3611,7237,14406,25722,2425,248,4802,3735,132,424,49,25,44,904,77,2358,21723,2776,144,66,323,1338,1374,17,1487,37,11,6118,7622,64,422,21,26,690,4404,18058,17,330,971,1111,344,219,4183,92,207,248,106,557,1152,357,8292,176,192,44,43,30936,29739,4832,872,545,873,3667,223,922,404,607,688,151,743,977,2311,352,385,2860,17,659,371,13,740,136,27,697,963,12826,116695,6656,138,16979,27478,1995,23861,932,510,4228,1318,1330,13,2388,5592,6069,104,3761,22231,2018,18768,320,1209,1340,6206,506,30840,999,3936,1754,478,1811,221,81,19353,9646,83,16308,6032,9278,18113,20,3435,2488,901,2509,33017,281,139,93,75,33,25,1384,205,416,7826,2903,390,2564,33190,2366,231,1014,874,894,2378,3072,2493,3742,68,132,11,781,35,1408,511,633,147,6,1,377,765,863,10106,4308,30657,1516,20308,21434,9968,20977,10473,20053,184,20082,24505,7470,6161,18055,11518,4998,702,28,568,43,453,685,119,129,8,34,2552,310,28433,8667,8859,172,178939,26340,2145,17484,17138,735,386,26013,13023,38963,3166,28699,151,27228,50,380,464,73,232,746,304,3040,1982,32,499,723,460,671,309,2058,1161,359,212,3440,2296,1560,3013,929,249,479,574,259,282,191,574,793,4320,873,287,1156,1701,1940,8198,17481,95,1831,2345,947,699,524,485,762,389,239,5537,351,651,3578,256,1126,305,3171,841,785,440,695,330,324,522,1776,1836,568,696,509,1577,1056,640,579,776,3294,9,32,287,450,540,251,9891,72,6815,13,338,57,4489,709,5326,5258,5473,23,2175,136,121,1110,3085,50260,422,1575,1826,721,7,2319,135,229,441,13998,5027,2171,830,29,111,109,13,60,472,830,1526,466,2399,413,359,945,42581,230,1646,80311,418,3941,696,4774,168,2185,208,52,2173,560,797,935,226,306,163,595,1044,742,893,405,958,1072,18653,107,7743,1622,16,18504,4326,62,190,6717,623,64,4577,635,1466,206,2473,903,13744,2410,389,547,982,353,967,668,1013,566,82,666,16,1862,187,28,130,276,162,525,511,21765,1338,6087,3243,748,297,622,116,23115,35,11531,1016,7312,918,437,1749,20,26021,4731,8316,35634,1188,15391,186,131,290,619,297,937,562,1553,5689,848,43,116,770,23,15,2471,2636,2,62,324,17896,30723,23253,6321,24006,3132,474,59277,74161,10615,30141,49872,57591,247,116,564,486,130,635,976,154,241,598,4745,0.0,0.0,0.0,0.0,0.0,0.0,0.0,0.0,0.0,0.0,0.0,0.0,0.0,0.0,0.0,0.0,0.0,0.0,0.0,0.0,0.0,0.0,0.0,0.0,0.0,0.0,0.0,0.0,0.0,0.0,0.0,0.0,0.0,0.0,0.0,0.0,0.0,0.0,0.0,0.0,0.0,0.0,0.0,0.0,0.0,0.0,0.0,0.0,0.0,0.0,0.0,0.0,0.0,0.0,0.0,0.0,0.0,0.0,0.0,0.0,0.0,0.0,0.0,0.0,0.0,0.0,0.0,0.0,0.0,0.0,0.0,0.0,0.0,0.0,0.0,0.0,0.0,0.0,0.0,0.0,0.0,0.0,0.0,0.0,0.0,0.0,0.0,0.0,0.0,0.0,0.0,0.0,0.0,0.0,0.0,0.0,0.0,0.0,0.0,0.0,0.0,0.0,0.0,0.0,0.0,0.0,0.0,0.0,0.0,0.0,0.0,0.0,0.0,0.0,0.0,0.0,0.0,0.0,0.0,0.0,0.0,0.0,0.0,0.0,0.0,0.0,0.0,0.0,0.0,0.0,0.0,0.0,0.0,0.0,0.0,0.0,0.0,0.0,0.0,0.0,0.0,0.0,0.0,0.0,0.0,0.0,0.0,0.0,0.0,0.0
ENCFF000BHE,0.1352973102717305,15409,54,1353,8769,406,56247,1909,51,340,117,162,801,3715,6426,4105,19989,1988,149,2165,1687,40,211,32,47,58,229,724,917,6226,1426,115,57,138,502,406,28,638,31,6,2349,3885,33,228,24,28,215,1607,4833,117,136,271,304,213,114,1956,90,116,138,95,535,426,101,3098,87,167,133,10,13512,15175,2208,297,177,474,1447,78,303,118,181,222,43,211,272,1321,207,110,797,13,209,135,45,596,95,59,889,344,3346,56226,3089,49,9426,11972,762,12216,3525,142,1830,548,491,19,816,2209,2139,128,1294,10183,1832,11045,360,1509,1194,3007,672,13057,442,1887,830,302,1001,218,79,8950,10412,362,6973,5261,3347,9140,122,1259,1640,255,1216,9009,155,167,38,53,10,23,711,153,191,2711,1487,224,1232,8461,896,175,267,526,572,944,1256,1093,2086,17,122,33,231,21,414,172,4232,2206,13,0,155,354,238,6672,2114,13958,684,12789,12688,3828,7963,3605,8268,146,8400,9410,3059,2707,7557,5601,2000,228,177,304,30,102,190,113,64,16,77,1109,264,9558,3481,8751,82,61392,15460,954,8754,9476,466,1344,12149,5756,16342,3229,12883,48,13286,46,89,229,64,62,220,63,840,705,12,111,206,153,200,92,640,365,60,80,1223,876,575,767,278,57,169,143,62,90,88,148,356,1330,323,112,892,650,563,2763,4716,355,650,1147,334,180,124,100,208,124,34,2284,121,170,1590,79,451,122,1020,192,213,116,220,55,170,132,633,675,168,220,167,690,390,209,177,199,988,6,27,96,134,302,107,4892,129,3180,21,258,47,1937,253,2096,2127,2032,26,945,169,84,713,1305,29116,206,689,584,269,19,696,83,77,185,5339,2456,854,532,109,83,89,7,81,166,445,755,154,933,171,120,437,16759,110,586,40521,135,3299,218,1381,668,676,69,212,1477,174,195,233,146,120,73,3189,258,185,247,68,320,370,8154,175,2710,800,16,8131,2058,7,95,1835,191,52,1635,157,432,133,929,280,4330,708,198,237,279,95,257,193,534,264,23,296,31,479,62,16,112,178,137,593,303,8712,1351,2121,2381,718,218,462,75,13929,121,4473,522,4486,588,121,863,5,8734,3259,2759,12586,483,4583,71,137,125,246,148,227,113,321,2137,224,30,202,245,10,25,4080,1363,0,141,109,7078,10520,8747,1994,10699,1433,184,21608,27016,4108,11328,21050,24455,138,75,154,157,58,174,496,85,158,162,1948,0.0,0.0,0.0,0.0,0.0,0.0,0.0,0.0,0.0,0.0,0.0,0.0,0.0,0.0,0.0,0.0,0.0,0.0,0.0,0.0,0.0,0.0,0.0,0.0,0.0,0.0,0.0,0.0,0.0,0.0,0.0,0.0,0.0,0.0,0.0,0.0,0.0,0.0,0.0,0.0,0.0,0.0,0.0,0.0,0.0,0.0,0.0,0.0,0.0,0.0,0.0,0.0,0.0,0.0,0.0,0.0,0.0,0.0,0.0,0.0,0.0,0.0,0.0,0.0,0.0,0.0,0.0,0.0,0.0,0.0,0.0,0.0,0.0,0.0,0.0,0.0,0.0,0.0,0.0,0.0,0.0,0.0,0.0,0.0,0.0,0.0,0.0,0.0,0.0,0.0,0.0,0.0,0.0,0.0,0.0,0.0,0.0,0.0,0.0,0.0,0.0,0.0,0.0,0.0,0.0,0.0,0.0,0.0,0.0,0.0,0.0,0.0,0.0,0.0,0.0,0.0,0.0,0.0,0.0,0.0,0.0,0.0,0.0,0.0,0.0,0.0,0.0,0.0,0.0,0.0,0.0,0.0,0.0,0.0,0.0,0.0,0.0,0.0,0.0,0.0,0.0,0.0,0.0,0.0,0.0,0.0,0.0,0.0,0.0,0.0
ENCFF043WCU,0.17584602271192426,10339171,22509,62546,196891,5917,820470,36987,1702,3181,1837,3989,19326,29907,62021,184550,241657,23574,4393,45483,31627,1216,3757,481,323,297,5717,950687,20025,187322,20651,1594,35972,5877,10601,9729,27106,10743,253,191,47743,66218,337,4035,233,6666,3324,34344,153081,144118,2893,6064,8336,2725,2767,50148,1080,2059,2894,858,4101,9564,4723,90075,4482,3071,278688,609,325455,327758,46798,6483,4132,178609,44016,1842,7112,3302,4628,5301,1326,5898,6476,21960,2715,3155,22076,93,5283,3012,130,6987,1226,350,8455,8777,131530,1020350,57844,539,160107,237961,15491,205203,6724,3764,30714,9348,9137,125,17964,46782,46197,1168,26781,185056,18744,228108,4205,16893,15291,51139,7865,315613,8303,33773,16635,4912,15305,2125,669,186413,82512,534092,86797,52468,111850,159194,145165,27360,31001,6928,115620,275734,2368,120712,819,611,207,209,12992,1680,5075,58986,26076,3565,22423,209016,21913,2565,6486,7600,6670,17890,23765,19357,39150,384,710,350,5873,142,10923,3575,7131,1439,15071,102,57241,4154,5756,90576,41051,424525,13848,185478,197710,91466,173081,89380,165549,1663,157539,187511,64222,50265,146468,106222,41726,5577,207133,5472,450,2987,5310,946,422,526,922,23485,2221,216488,74971,74632,1284,2772865,246940,104911,175481,171057,6672,3610,256816,133423,393454,33133,253210,1054,239779,226,2188,4869,1159,1708,5492,1544,23731,15153,842,3798,5586,3689,5197,2462,14092,8414,6520,1299,27049,17530,12388,16957,6980,2002,3766,4357,2022,2172,1549,4091,6469,36598,7778,2358,10440,14154,13664,82396,211076,625250,14114,23400,7918,4828,3585,3668,5711,3081,2221,47327,2764,5059,33184,2088,8625,2349,25615,6467,5918,3378,5455,4641,2795,20904,14588,14483,4859,5497,4341,14625,8878,4781,4720,5703,24584,167,167,2441,3543,2653,1194,89115,777,62015,113,3210,479,36404,5085,45101,40252,44614,194,16005,542,1308,9014,22637,482784,71547,65416,14053,6695,57978,16930,1133,2257,4315,94770,50109,19610,7500,321,1435,844,83,256,3988,10087,15017,3115,25000,3282,2738,11077,292085,53233,12991,708635,5595,32848,5660,31871,970062,16489,1758,423373,955131,4901,5733,5910,2253,2451,15506,4791359,7000,5337,6152,4112,6557,7349,144897,336,59157,13308,235,157974,47347,351,1672,34846,4212,189,42735,4721,10892,1619,17789,6572,115362,23257,139505,4774,6224,2553,7175,5234,8902,5642,250,6566,107,12055,1349,256,897,110520,2758,5671,5689,283560,15164,63342,38086,9295,3492,4572,844,214019,86759,88519,171904,71713,7495,2257,17299,222,188038,36370,59325,286130,20298,102062,15877,1613,2159,65748,16012,6349,4235,10213,55715,5803,204,94046,6113,135,166,23280,22354,73,176378,903,149914,264431,197570,49688,220463,26059,3019,421236,594016,84644,263744,418294,496353,1856,1026,4489,4061,1276,4972,9946,1798,2325,3825,37865,0.0,0.0,0.0,0.0,0.0,0.0,0.0,0.0,0.0,0.0,0.0,0.0,0.0,0.0,0.0,0.0,0.0,0.0,0.0,0.0,0.0,0.0,0.0,0.0,0.0,0.0,0.0,0.0,0.0,0.0,0.0,0.0,0.0,0.0,0.0,0.0,0.0,0.0,0.0,0.0,0.0,0.0,0.0,0.0,0.0,0.0,0.0,0.0,0.0,0.0,0.0,0.0,0.0,0.0,0.0,0.0,0.0,0.0,0.0,0.0,0.0,0.0,0.0,0.0,0.0,0.0,0.0,0.0,0.0,0.0,0.0,0.0,0.0,0.0,0.0,0.0,0.0,0.0,0.0,0.0,0.0,0.0,0.0,0.0,0.0,0.0,0.0,0.0,0.0,0.0,0.0,0.0,0.0,0.0,0.0,0.0,0.0,0.0,0.0,0.0,0.0,0.0,0.0,0.0,0.0,0.0,0.0,0.0,0.0,0.0,0.0,0.0,0.0,0.0,0.0,0.0,0.0,0.0,0.0,0.0,0.0,0.0,0.0,0.0,0.0,0.0,0.0,0.0,0.0,0.0,0.0,0.0,0.0,0.0,0.0,0.0,0.0,0.0,0.0,0.0,0.0,0.0,0.0,0.0,0.0,0.0,0.0,0.0,0.0,0.0
ENCFF708OIN,0.17329754409291542,21896,84,1981,18724,867,144417,3279,213,200,174,361,2337,2423,4714,12160,29270,1973,235,3751,3975,83,395,38,14,52,523,95,2321,17760,2039,148,75,269,1351,1096,28,1295,16,5,6414,6500,39,461,105,21,323,3815,20308,19,352,812,1072,283,148,3343,106,182,275,121,461,975,389,9275,167,180,35,9,35994,27634,3709,793,533,729,2640,158,850,347,622,636,165,730,780,2107,311,406,2651,7,679,348,12,629,72,47,710,1006,20703,110791,6061,86,16373,24775,1659,21544,822,493,3312,1257,1577,26,1887,4230,4357,67,3453,18215,1852,24530,539,1949,2044,5692,967,33992,1205,4223,2219,822,1650,202,209,17830,7059,82,19817,4809,6544,15612,36,3321,2045,798,2462,32542,410,122,54,59,18,7,1296,158,247,7911,4446,448,7614,21465,2587,236,857,418,399,2483,8393,6562,2929,45,40,9,749,17,1345,515,719,73,17,7,387,411,696,8714,4222,25717,1684,19270,23184,10303,19440,8891,18751,159,16980,20819,5781,5559,15133,10647,3902,697,40,1236,26,367,703,80,68,5,31,2971,143,22941,7981,6956,466,132283,25186,2208,16991,15779,736,404,29391,17752,45511,3812,26784,136,25156,33,317,481,20,189,723,142,2662,1251,13,462,629,464,716,289,1630,974,101,102,3303,1877,1287,1573,979,306,469,517,247,245,187,254,831,3908,946,276,1212,1642,1563,9314,52776,99,1529,1687,975,611,506,538,683,421,50,4209,350,613,2985,242,1055,295,2936,866,718,450,691,99,344,379,1826,1773,600,695,557,1472,1132,550,631,766,3026,20,29,290,496,309,200,8825,179,5931,17,357,36,4239,435,4308,5076,5121,18,1755,96,136,7606,2231,69259,360,1210,1406,712,20,1988,140,185,343,9743,4305,1868,974,10,85,80,13,29,477,1120,1300,357,2318,415,306,1837,29029,220,1598,71088,394,3515,740,3531,193,1686,189,34,1955,561,705,780,254,294,129,749,815,646,756,448,838,858,15763,54,6922,1478,13,16115,4371,16,161,3831,388,31,4476,623,672,187,2091,817,13020,2819,362,574,805,328,791,616,606,297,8,536,15,1419,99,37,105,190,157,451,427,18104,1806,7878,4896,948,422,985,617,19596,53,8801,1494,7078,1035,251,1829,10,21485,4295,6028,27286,5461,24985,187,135,248,537,290,778,543,997,3731,705,18,94,742,29,39,2695,2367,17,80,93,14329,27727,20963,4964,21265,2344,326,45230,57094,9039,28419,42317,48385,172,104,560,479,119,607,845,424,261,465,4833,0.0,0.0,0.0,0.0,0.0,0.0,0.0,0.0,0.0,0.0,0.0,0.0,0.0,0.0,0.0,0.0,0.0,0.0,0.0,0.0,0.0,0.0,0.0,0.0,0.0,0.0,0.0,0.0,0.0,0.0,0.0,0.0,0.0,0.0,0.0,0.0,0.0,0.0,0.0,0.0,0.0,0.0,0.0,0.0,0.0,0.0,0.0,0.0,0.0,0.0,0.0,0.0,0.0,0.0,0.0,0.0,0.0,0.0,0.0,0.0,0.0,0.0,0.0,0.0,0.0,0.0,0.0,0.0,0.0,0.0,0.0,0.0,0.0,0.0,0.0,0.0,0.0,0.0,0.0,0.0,0.0,0.0,0.0,0.0,0.0,0.0,0.0,0.0,0.0,0.0,0.0,0.0,0.0,0.0,0.0,0.0,0.0,0.0,0.0,0.0,0.0,0.0,0.0,0.0,0.0,0.0,0.0,0.0,0.0,0.0,0.0,0.0,0.0,0.0,0.0,0.0,0.0,0.0,0.0,0.0,0.0,0.0,0.0,0.0,0.0,0.0,0.0,0.0,0.0,0.0,0.0,0.0,0.0,0.0,0.0,0.0,0.0,0.0,0.0,0.0,0.0,0.0,0.0,0.0,0.0,0.0,0.0,0.0,0.0,0.0
ENCFF002BFB,0.1794721832043909,99614,158,2544,23390,523,82010,7779,327,379,362,662,3082,2341,6389,11756,18778,2960,864,4870,5578,203,907,55,89,96,915,6659,3450,36610,4720,311,139,515,1967,1827,67,2669,29,10,8851,13670,115,703,39,43,852,6676,14556,731,846,1174,1461,581,419,8274,195,404,409,158,1302,1368,177,8915,811,424,1922,50,41451,53319,10508,1335,749,2027,8212,455,1489,552,818,866,196,1054,1347,4169,456,551,3696,33,941,577,14,1263,191,31,1442,1007,11373,181052,10857,97,30573,43153,2803,37689,1393,641,6405,1837,1905,22,3385,8498,8588,159,4525,47823,1971,45355,319,1382,1411,8755,663,60265,1408,7082,2959,778,3169,528,161,35794,8744,4757,17382,6391,16681,36426,506,4571,3872,1303,4769,38040,604,1067,90,123,30,76,3024,437,559,10807,5312,651,4863,24195,2604,599,1305,1499,1231,3245,4847,4397,6567,58,241,92,1083,76,1576,614,1189,743,76,10,624,927,1279,18721,8413,52966,2495,29566,37762,15862,32539,15742,30104,405,31226,37590,13552,11128,28162,22376,6220,919,1258,850,55,632,1007,225,113,65,198,4534,267,48115,10983,9067,608,172847,39005,4317,30075,17828,1486,554,39766,18634,47995,2997,51611,139,51782,47,374,740,103,309,1003,368,4266,3436,37,664,942,564,936,454,2689,1674,261,245,6034,3761,2231,3604,1445,344,711,770,392,338,266,545,1143,4895,978,355,1681,2647,2252,7755,14672,3940,2702,3990,1470,828,710,641,975,523,156,8965,542,1093,6132,343,1943,467,4477,1172,1054,591,1067,253,424,639,2662,2174,790,947,767,2683,1733,1065,801,1055,4112,28,43,366,690,767,345,18393,190,11237,29,473,95,8213,1032,9074,7125,8157,50,3598,178,195,2207,5038,58585,1148,2944,2362,1275,312,2692,339,338,1359,16408,6370,3321,1845,75,223,98,18,67,687,1298,2749,780,3814,510,563,1070,35512,706,2159,135995,447,7383,1016,6494,7242,2479,353,2930,8175,876,1127,1220,356,420,419,37724,1433,1043,1231,456,1278,1527,29097,111,12586,2230,38,31140,9416,95,383,6947,1149,97,7768,841,2238,279,3863,1208,17163,2273,1348,767,1240,540,1291,911,1875,1015,59,1162,64,1993,185,23,270,900,401,413,786,16129,1111,6822,4035,954,598,871,228,41858,307,16224,1984,14100,2070,236,3531,32,32001,6034,10711,46816,1535,14922,216,298,381,1104,452,1192,698,1336,7508,1128,26,983,1084,43,56,5059,5401,18,1028,248,30647,39032,29047,7167,39061,4660,480,68156,92425,12556,38994,70295,85579,296,187,715,707,233,915,1395,388,464,798,7322,0.0,0.0,0.0,0.0,0.0,0.0,0.0,0.0,0.0,0.0,0.0,0.0,0.0,0.0,0.0,0.0,0.0,0.0,0.0,0.0,0.0,0.0,0.0,0.0,0.0,0.0,0.0,0.0,0.0,0.0,0.0,0.0,0.0,0.0,0.0,0.0,0.0,0.0,0.0,0.0,0.0,0.0,0.0,0.0,0.0,0.0,0.0,0.0,0.0,0.0,0.0,0.0,0.0,0.0,0.0,0.0,0.0,0.0,0.0,0.0,0.0,0.0,0.0,0.0,0.0,0.0,0.0,0.0,0.0,0.0,0.0,0.0,0.0,0.0,0.0,0.0,0.0,0.0,0.0,0.0,0.0,0.0,0.0,0.0,0.0,0.0,0.0,0.0,0.0,0.0,0.0,0.0,0.0,0.0,0.0,0.0,0.0,0.0,0.0,0.0,0.0,0.0,0.0,0.0,0.0,0.0,0.0,0.0,0.0,0.0,0.0,0.0,0.0,0.0,0.0,0.0,0.0,0.0,0.0,0.0,0.0,0.0,0.0,0.0,0.0,0.0,0.0,0.0,0.0,0.0,0.0,0.0,0.0,0.0,0.0,0.0,0.0,0.0,0.0,0.0,0.0,0.0,0.0,0.0,0.0,0.0,0.0,0.0,0.0,0.0
ENCFF000XME,0.041073840974654684,1614,7,161,2231,65,6465,232,18,20,6,16,118,223,333,727,1594,190,18,212,252,3,34,2,4,1,27,20,155,1748,172,10,17,15,120,80,0,87,0,0,395,560,2,40,5,2,47,280,1610,2,43,47,73,15,16,332,7,17,15,5,40,52,14,622,14,57,8,0,2470,2334,382,42,26,48,273,7,53,28,41,43,12,51,59,216,20,23,145,1,32,24,1,65,8,2,90,66,707,9022,585,3,1545,2090,98,1992,276,28,227,73,90,0,136,376,345,3,226,1576,209,2092,56,241,157,461,104,2822,79,322,162,40,148,26,0,1495,717,12,1083,342,540,1501,4,188,152,51,189,1481,35,4,5,4,1,2,111,18,22,496,289,23,192,2112,211,14,52,73,56,143,229,219,316,0,9,3,35,0,89,31,462,1310,1,0,33,35,41,886,333,2248,124,1531,1804,675,1545,573,1310,13,1454,1654,543,491,1142,960,381,45,4,28,4,16,29,8,2,0,2,208,20,1607,688,573,7,8735,2245,165,1366,1106,56,58,1943,865,2731,353,2103,8,2217,3,13,26,1,10,29,9,136,109,1,31,42,39,49,20,108,51,10,9,199,157,86,105,40,13,29,32,19,16,12,28,52,233,53,17,136,121,80,745,1735,18,91,190,62,37,29,26,39,31,5,382,15,33,262,20,78,15,162,57,54,23,38,9,14,23,120,91,32,35,28,122,67,24,28,51,149,0,2,24,28,23,13,693,3,425,0,39,0,311,37,315,306,302,0,110,3,7,40,242,3048,19,90,87,49,3,105,5,13,25,643,302,123,83,0,7,5,1,1,28,114,182,30,194,25,15,97,2770,25,71,6441,24,316,37,228,49,111,14,8,220,38,43,37,19,14,10,143,58,38,38,16,52,45,1274,2,527,121,1,1372,324,0,16,280,23,3,337,33,53,12,223,36,1086,191,16,39,41,17,71,19,59,3,0,45,0,94,1,5,4,17,23,37,35,1410,217,526,383,106,28,53,7,2050,4,692,79,653,68,6,145,0,1516,340,450,2039,155,964,5,11,11,31,14,39,20,49,337,33,2,9,45,1,3,269,220,0,8,12,1279,1901,1401,332,1893,239,10,3503,4504,622,1997,3406,4171,12,14,31,43,9,32,78,12,18,24,306,0.0,0.0,0.0,0.0,0.0,0.0,0.0,0.0,0.0,0.0,0.0,0.0,0.0,0.0,0.0,0.0,0.0,0.0,0.0,0.0,0.0,0.0,0.0,0.0,0.0,0.0,0.0,0.0,0.0,0.0,0.0,0.0,0.0,0.0,0.0,0.0,0.0,0.0,0.0,0.0,0.0,0.0,0.0,0.0,0.0,0.0,0.0,0.0,0.0,0.0,0.0,0.0,0.0,0.0,0.0,0.0,0.0,0.0,0.0,0.0,0.0,0.0,0.0,0.0,0.0,0.0,0.0,0.0,0.0,0.0,0.0,0.0,0.0,0.0,0.0,0.0,0.0,0.0,0.0,0.0,0.0,0.0,0.0,0.0,0.0,0.0,0.0,0.0,0.0,0.0,0.0,0.0,0.0,0.0,0.0,0.0,0.0,0.0,0.0,0.0,0.0,0.0,0.0,0.0,0.0,0.0,0.0,0.0,0.0,0.0,0.0,0.0,0.0,0.0,0.0,0.0,0.0,0.0,0.0,0.0,0.0,0.0,0.0,0.0,0.0,0.0,0.0,0.0,0.0,0.0,0.0,0.0,0.0,0.0,0.0,0.0,0.0,0.0,0.0,0.0,0.0,0.0,0.0,0.0,0.0,0.0,0.0,0.0,0.0,0.0
ENCFF045UZG,0.15787571415566293,132403,3066,8002,30176,219,68401,36196,840,691,805,4472,9408,2346,6145,12511,11193,5918,1593,22406,16153,962,2838,194,280,375,2191,3701,4925,22215,14219,936,621,1355,2619,2288,41,5197,205,432,29761,38471,174,2083,27,1320,2284,13052,16297,385,1206,561,1286,2066,3054,29527,688,1452,1175,1538,2868,5450,142,8860,1079,4116,752,1450,83736,116930,32988,1462,599,2608,29210,1207,1695,453,740,1099,127,804,1933,12091,412,340,4442,70,794,482,102,5984,955,170,3673,1066,8018,498197,37436,241,98921,137893,4683,116795,2216,543,20110,6849,7227,67,13660,32690,36612,654,12568,109151,2370,28683,84,376,1552,24674,168,18269,1520,19153,10056,4977,11601,1275,587,133884,11767,2380,24412,8623,76253,98655,533,10034,10202,1773,10788,23583,3180,1108,139,446,157,90,7964,1261,5500,27051,17033,1922,10778,26618,2270,1490,1708,9392,7991,8884,14097,10960,32679,338,994,222,841,133,1840,410,12058,32956,26,0,677,2528,1646,55940,23985,141375,4545,62153,91718,34039,36053,30920,54637,836,82774,94357,37132,31515,87248,63692,26547,1939,467,2512,158,378,805,914,338,108,460,11496,353,30465,16958,5221,1384,1044613,93703,10127,81274,16208,5348,2661,99366,47146,88398,1253,169892,493,174445,431,1150,4996,2800,224,1504,919,7087,8372,415,432,873,398,765,376,4826,2478,2672,858,9762,8293,4882,15214,1009,149,499,646,255,261,260,2915,819,13505,1261,286,3911,4476,3543,8732,12705,1784,4027,14358,2278,1189,926,466,834,301,1444,39093,578,862,18657,344,3368,429,9479,648,1112,361,847,2538,308,1029,2746,2451,702,677,667,7596,2550,813,606,622,4967,265,56,366,576,3552,139,53545,583,36541,45,1795,266,20234,3593,29455,20330,18050,71,8753,248,797,6011,13547,77507,2265,8009,5516,3227,71,4612,920,2052,3121,37523,24467,15711,5522,253,840,335,78,258,523,4768,8575,1338,10103,448,552,1618,33275,565,2701,406404,1773,18382,1004,9300,5346,4532,400,1392,13645,576,1799,2006,312,441,617,21865,2250,1308,1959,898,1786,2188,78652,267,24986,8748,209,103030,23554,139,1185,20196,5091,339,12856,741,7428,1303,6789,1481,17210,1728,2159,825,1801,536,1544,906,5719,2056,137,3119,135,5102,1460,120,804,1896,4431,737,2133,27182,468,6347,5100,505,1407,3658,605,164231,214,50872,3216,44748,5604,800,9001,426,106307,21233,28807,159017,2967,14484,285,2403,423,1076,2816,1933,542,2765,18889,1712,204,1438,796,211,238,15778,15624,58,815,790,94262,105664,67377,17373,115850,13339,1702,156769,274472,27906,104689,195464,258200,657,618,589,614,306,690,7082,1009,1762,2209,17254,0.0,0.0,0.0,0.0,0.0,0.0,0.0,0.0,0.0,0.0,0.0,0.0,0.0,0.0,0.0,0.0,0.0,0.0,0.0,0.0,0.0,0.0,0.0,0.0,0.0,0.0,0.0,0.0,0.0,0.0,0.0,0.0,0.0,0.0,0.0,0.0,0.0,0.0,0.0,0.0,0.0,0.0,0.0,0.0,0.0,0.0,0.0,0.0,0.0,0.0,0.0,0.0,0.0,0.0,0.0,0.0,0.0,0.0,0.0,0.0,0.0,0.0,0.0,0.0,0.0,0.0,0.0,0.0,0.0,0.0,0.0,0.0,0.0,0.0,0.0,0.0,0.0,0.0,0.0,0.0,0.0,0.0,0.0,0.0,0.0,0.0,0.0,0.0,0.0,0.0,0.0,0.0,0.0,0.0,0.0,0.0,0.0,0.0,0.0,0.0,0.0,0.0,0.0,0.0,0.0,0.0,0.0,0.0,0.0,0.0,0.0,0.0,0.0,0.0,0.0,0.0,0.0,0.0,0.0,0.0,0.0,0.0,0.0,0.0,0.0,0.0,0.0,0.0,0.0,0.0,0.0,0.0,0.0,0.0,0.0,0.0,0.0,0.0,0.0,0.0,0.0,0.0,0.0,0.0,0.0,0.0,0.0,0.0,0.0,0.0
ENCFF754VPL,0.15108584705384667,320015,4240,5159,43609,464,56801,10755,367,425,394,1125,3825,2741,6129,14221,17997,3187,613,8574,7259,299,1026,103,92,111,969,26673,3450,24426,5036,404,927,805,2308,1836,837,2402,44,175,11783,14876,156,807,34,1082,956,7063,19426,2912,655,808,1280,638,634,10419,238,510,511,473,1411,2145,539,11664,552,729,6594,382,53664,60895,11526,1284,679,6151,9885,383,1471,528,719,970,208,832,1353,4932,495,436,3541,30,833,498,31,1951,377,89,2555,1166,15342,227847,14900,160,40961,55480,3102,47390,1801,555,8023,2603,2852,27,4468,11529,11966,319,5844,44881,2348,27229,290,1359,1761,11146,645,36535,1351,8356,3981,1379,4136,475,189,45132,9300,14678,28318,6664,19357,36971,3240,5057,4597,1573,7235,30633,875,3418,101,146,60,66,3030,469,1744,12797,6782,794,5811,43158,2945,585,1388,2805,2440,3804,5607,5175,10474,98,181,131,899,34,1573,537,7007,1789,350,16,2375,1185,1208,21836,9745,64297,2393,31889,41241,17064,27177,16111,29665,315,36713,42173,15098,12092,34480,26474,11971,1029,4889,1038,99,386,806,302,62,41,131,5190,292,34242,12111,7431,440,854758,46790,7105,35885,21514,1836,954,49945,25431,61299,2833,65660,227,64682,59,497,1528,574,225,1074,665,3964,3202,95,559,870,482,820,425,3139,1640,887,327,4905,4021,2546,5333,1078,251,557,646,325,377,335,1034,954,6962,1121,331,1972,3041,2464,10893,26829,14297,2719,5443,1535,892,735,582,840,413,430,13751,460,820,7316,342,1881,401,4869,904,1026,432,884,853,392,1138,2333,2427,770,837,719,3259,1480,809,720,795,3698,22,38,398,562,834,278,21486,267,14879,29,782,254,8578,1236,11179,9215,9223,53,3649,95,292,1854,5276,66895,2217,4259,2942,1404,1032,3377,323,763,1227,18084,9477,4711,2116,91,385,164,35,50,670,2516,3336,914,4611,477,441,1422,53718,1186,2075,164286,1534,7214,903,6087,27780,2866,300,10907,29281,739,1266,1331,334,378,625,125828,1569,929,1371,572,1403,1595,32654,104,11971,3241,57,39419,9664,79,501,8074,1551,57,7224,717,2352,433,3868,1321,23568,2711,5909,771,1212,423,1008,836,1904,940,73,1436,55,2764,363,49,297,3341,1835,678,1028,28360,1268,8309,4986,973,715,1592,325,51269,2234,21905,6010,17004,2104,392,3817,85,43968,8104,14130,66344,3051,12761,560,649,403,2269,2840,1340,666,1675,9207,1254,49,3801,899,71,85,6220,5646,18,5210,314,36120,49872,34239,9190,47477,5700,1014,85975,117644,14873,49863,85426,108737,330,251,759,600,223,764,2233,353,588,972,8534,0.0,0.0,0.0,0.0,0.0,0.0,0.0,0.0,0.0,0.0,0.0,0.0,0.0,0.0,0.0,0.0,0.0,0.0,0.0,0.0,0.0,0.0,0.0,0.0,0.0,0.0,0.0,0.0,0.0,0.0,0.0,0.0,0.0,0.0,0.0,0.0,0.0,0.0,0.0,0.0,0.0,0.0,0.0,0.0,0.0,0.0,0.0,0.0,0.0,0.0,0.0,0.0,0.0,0.0,0.0,0.0,0.0,0.0,0.0,0.0,0.0,0.0,0.0,0.0,0.0,0.0,0.0,0.0,0.0,0.0,0.0,0.0,0.0,0.0,0.0,0.0,0.0,0.0,0.0,0.0,0.0,0.0,0.0,0.0,0.0,0.0,0.0,0.0,0.0,0.0,0.0,0.0,0.0,0.0,0.0,0.0,0.0,0.0,0.0,0.0,0.0,0.0,0.0,0.0,0.0,0.0,0.0,0.0,0.0,0.0,0.0,0.0,0.0,0.0,0.0,0.0,0.0,0.0,0.0,0.0,0.0,0.0,0.0,0.0,0.0,0.0,0.0,0.0,0.0,0.0,0.0,0.0,0.0,0.0,0.0,0.0,0.0,0.0,0.0,0.0,0.0,0.0,0.0,0.0,0.0,0.0,0.0,0.0,0.0,0.0
ENCFF052HWG,0.30300278858745383,972959,17220,41922,398490,15165,979716,73734,2936,5756,4505,23939,56814,45755,72650,216777,258685,40363,8117,84445,78755,4142,14815,996,1384,1224,5795,53827,24517,186710,58797,5193,4226,8079,12679,11445,1021,22791,609,3056,104984,189963,850,9492,99,7000,6600,60329,260165,5893,5892,2848,8272,11214,11004,131427,3025,7715,5387,3074,12837,36225,3374,172161,6479,7355,12727,10620,640404,615266,148310,7134,4019,20013,121118,5272,8038,3579,4644,5496,1172,5845,7814,63995,3126,2896,23678,212,5224,3554,252,25834,3111,759,19555,8908,259957,2547849,185887,623,491416,655893,23449,555892,8826,3788,100441,29040,33373,213,50498,127142,139189,3589,52602,527646,45622,500950,11824,52341,35603,133870,24812,662623,9885,95742,48877,14867,52363,5755,1912,603218,111277,28467,245636,76812,227875,505454,8096,51868,41971,7866,53458,458215,9873,11269,667,2320,516,567,42589,6381,31093,130523,92733,10796,69383,395312,28344,7284,7907,30259,33046,41196,70828,63353,115668,972,2979,971,5443,324,10346,3630,20821,65229,647,2,5778,12571,6951,264166,124762,672194,24215,374903,483632,157184,388309,140742,267262,4550,412508,454469,164894,151707,332403,305908,92370,9372,8352,11138,1176,2122,5233,3845,1067,418,639,59259,3004,414245,102703,93406,3362,5444385,450216,54971,429465,264830,24117,11970,546155,227732,615974,82815,807910,3208,849564,1487,4050,29454,18274,2012,6457,2230,33037,35761,555,3842,5651,3367,5349,3185,19511,10532,6221,2476,52572,38631,25907,53977,6814,1394,4308,3654,2116,2444,1994,10646,6022,58981,7161,2618,22157,22154,14446,130983,557574,28547,21858,56306,12293,4783,3901,3664,5234,2436,4719,122054,3604,5842,87408,2203,17086,3000,48933,5942,5820,2595,5362,5850,2872,3805,17119,16086,4666,4899,4960,40758,15197,4953,4442,4207,24370,297,205,2702,3755,9703,353,259488,1638,170972,135,9837,595,102595,15914,121944,97711,87013,432,37062,804,3173,22999,70319,799391,15017,31221,24153,16234,2299,18244,5162,9179,16700,141493,104344,106772,27748,492,2572,1757,157,556,3891,15357,37021,4215,44655,3329,3738,16063,500503,5225,15789,2036832,9671,95280,5667,36653,61444,20656,2441,19658,102382,4470,7390,8018,2681,3292,4045,256883,8914,5990,7831,2283,7692,8851,398205,854,126294,41485,392,465360,116860,465,6987,84193,11452,774,71530,4751,20899,6513,28795,7077,163586,32057,18755,5953,7846,3305,7012,5447,24533,6846,472,14969,266,24693,2963,259,3363,11298,20485,15688,8500,499693,43060,77799,68434,21514,7831,15586,3416,682930,5056,233663,21854,235952,26273,2582,44959,2978,411259,83928,122222,633618,44291,174046,1588,5583,3079,8314,14756,7661,4118,10969,71214,7218,635,10108,5683,526,615,81043,82196,417,13341,3256,430538,498076,319374,77941,569154,64016,8031,1106729,1266502,126000,542260,913655,1229113,3612,3186,4650,4185,1724,4498,26028,4385,7954,8050,83526,0.0,0.0,0.0,0.0,0.0,0.0,0.0,0.0,0.0,0.0,0.0,0.0,0.0,0.0,0.0,0.0,0.0,0.0,0.0,0.0,0.0,0.0,0.0,0.0,0.0,0.0,0.0,0.0,0.0,0.0,0.0,0.0,0.0,0.0,0.0,0.0,0.0,0.0,0.0,0.0,0.0,0.0,0.0,0.0,0.0,0.0,0.0,0.0,0.0,0.0,0.0,0.0,0.0,0.0,0.0,0.0,0.0,0.0,0.0,0.0,0.0,0.0,0.0,0.0,0.0,0.0,0.0,0.0,0.0,0.0,0.0,0.0,0.0,0.0,0.0,0.0,0.0,0.0,0.0,0.0,0.0,0.0,0.0,0.0,0.0,0.0,0.0,0.0,0.0,0.0,0.0,0.0,0.0,0.0,0.0,0.0,0.0,0.0,0.0,0.0,0.0,0.0,0.0,0.0,0.0,0.0,0.0,0.0,0.0,0.0,0.0,0.0,0.0,0.0,0.0,0.0,0.0,0.0,0.0,0.0,0.0,0.0,0.0,0.0,0.0,0.0,0.0,0.0,0.0,0.0,0.0,0.0,0.0,0.0,0.0,0.0,0.0,0.0,0.0,0.0,0.0,0.0,0.0,0.0,0.0,0.0,0.0,0.0,0.0,0.0
ENCFF000BTL,0.12876868391735882,11885,80,1522,15126,414,59017,2698,99,285,129,233,1108,2952,5525,6667,19907,2024,260,2485,2165,89,298,29,22,26,318,18,1138,12567,1469,124,59,178,662,611,7,714,24,12,2725,4990,39,329,36,32,237,2166,8803,2,245,309,474,221,140,3659,89,141,177,57,306,519,317,6936,215,181,20,36,21791,21888,4062,352,272,371,2784,97,446,173,263,334,76,336,406,1848,209,184,1198,11,303,158,12,627,82,24,1369,540,9255,75769,4321,36,13221,17678,896,17668,866,228,2166,602,539,10,1344,3633,3262,66,1895,14523,1676,17973,355,1419,1199,3581,607,24821,563,2243,1019,351,1305,185,63,13459,9229,33,9136,4832,8118,12439,12,1555,1745,412,1464,19005,275,79,62,52,17,21,857,141,224,4034,1857,238,1703,14883,1337,178,379,671,643,1273,1726,1468,3663,38,95,16,294,15,606,235,950,1482,1,1,166,311,345,9433,2798,17994,872,14236,16209,5421,11290,5311,11405,134,11967,13460,4755,3751,11033,7452,2419,331,4,336,23,160,305,109,46,13,28,1438,257,12610,4984,7086,91,97820,16161,1370,11883,13048,456,1897,16862,7564,25918,2885,16890,90,17385,30,141,329,108,95,329,78,1483,1168,34,236,338,208,324,160,963,502,466,110,1608,1379,777,1715,403,108,246,259,123,123,115,570,395,2151,498,148,1243,877,814,4358,11087,53,860,2222,491,252,232,207,286,182,346,3017,163,261,2401,121,536,174,1651,344,316,212,305,157,173,164,841,813,271,279,246,1270,550,241,249,273,1332,5,28,131,197,299,79,6322,48,4326,15,265,24,2581,384,2898,2485,3029,15,1087,52,106,661,1633,32574,237,727,1068,432,2,1018,104,237,323,7130,2977,1152,576,22,90,80,5,41,210,506,929,246,1340,204,189,901,21634,134,743,53613,200,4709,339,1863,89,957,86,16,1344,279,356,425,196,158,79,265,437,315,374,130,389,452,10256,46,3859,1028,10,12775,3114,30,119,2734,216,38,2287,262,595,133,1247,402,6157,1285,195,286,365,151,376,292,708,314,7,426,32,649,44,11,74,145,188,495,358,12457,1299,3427,2791,756,259,576,94,18729,16,6057,593,5907,526,146,1160,10,11181,4304,3365,17645,1058,7106,83,75,159,257,158,398,235,703,2183,335,9,72,361,12,29,1710,1749,4,30,129,9865,16066,12446,2684,14220,2051,281,27368,38354,6056,16282,29818,33862,187,86,233,214,87,297,620,131,193,221,2415,0.0,0.0,0.0,0.0,0.0,0.0,0.0,0.0,0.0,0.0,0.0,0.0,0.0,0.0,0.0,0.0,0.0,0.0,0.0,0.0,0.0,0.0,0.0,0.0,0.0,0.0,0.0,0.0,0.0,0.0,0.0,0.0,0.0,0.0,0.0,0.0,0.0,0.0,0.0,0.0,0.0,0.0,0.0,0.0,0.0,0.0,0.0,0.0,0.0,0.0,0.0,0.0,0.0,0.0,0.0,0.0,0.0,0.0,0.0,0.0,0.0,0.0,0.0,0.0,0.0,0.0,0.0,0.0,0.0,0.0,0.0,0.0,0.0,0.0,0.0,0.0,0.0,0.0,0.0,0.0,0.0,0.0,0.0,0.0,0.0,0.0,0.0,0.0,0.0,0.0,0.0,0.0,0.0,0.0,0.0,0.0,0.0,0.0,0.0,0.0,0.0,0.0,0.0,0.0,0.0,0.0,0.0,0.0,0.0,0.0,0.0,0.0,0.0,0.0,0.0,0.0,0.0,0.0,0.0,0.0,0.0,0.0,0.0,0.0,0.0,0.0,0.0,0.0,0.0,0.0,0.0,0.0,0.0,0.0,0.0,0.0,0.0,0.0,0.0,0.0,0.0,0.0,0.0,0.0,0.0,0.0,0.0,0.0,0.0,0.0
ENCFF000ZMX,0.13613308974116556,12968,30,880,5499,76,8034,1225,49,82,64,117,513,464,827,2374,2496,456,75,1096,1242,82,164,18,9,6,89,540,419,3810,731,65,70,76,222,204,21,295,4,3,1481,2480,8,152,7,7,98,849,2443,71,86,115,162,90,116,2125,39,76,93,36,172,239,37,967,41,112,127,14,6459,9323,2061,118,85,283,11909,37,142,67,86,115,34,109,145,950,45,43,437,10,103,63,9,327,36,4,365,145,1301,34623,3181,14,7871,9286,356,8102,248,78,1376,495,366,5,706,2064,1608,66,1053,8852,293,3660,59,265,237,1860,110,4060,162,1448,677,145,760,135,19,14275,1700,342,2424,786,49331,6780,111,654,412,168,663,2905,63,100,6,24,5,8,415,97,132,2275,1120,222,1022,5359,389,120,123,289,278,436,1299,1295,2619,5,15,18,109,1,215,59,363,135,9,0,77,123,114,3866,1595,8821,364,5144,6134,2253,3648,2747,5270,44,5765,6708,2344,1834,5281,3632,1018,144,117,119,12,62,91,43,13,19,14,841,27,5420,1686,1123,40,37818,6875,580,4886,1959,221,272,6614,2897,7513,460,9562,44,9640,10,59,127,11,35,116,63,555,676,3,69,90,87,100,50,311,158,298,35,701,705,322,1356,126,38,56,77,49,50,40,202,132,949,168,45,417,362,279,1255,2372,285,340,1225,184,90,72,55,110,68,299,1561,62,74,1227,45,258,41,599,110,108,61,101,42,54,95,281,259,98,119,86,744,236,68,83,100,548,15,7,45,63,74,51,3687,17,2751,13,117,36,1179,171,2059,1376,1449,7,477,26,40,280,825,8216,158,382,474,164,21,374,53,46,106,2255,1057,396,314,21,177,28,2,8,84,332,645,85,1093,56,45,218,6661,73,279,30939,64,1157,124,624,523,337,31,215,1113,111,133,132,58,59,56,2460,157,97,138,58,131,181,4988,11,1736,451,25,7010,1499,1,45,1027,162,11,1020,89,267,70,491,118,1664,350,149,84,133,66,146,97,557,86,10,228,5,383,23,13,72,126,69,75,121,3412,235,1306,656,120,63,277,39,10837,57,2759,314,2844,275,96,572,4,5784,1293,1819,9758,308,1810,42,52,51,145,53,144,68,256,956,112,10,88,105,1,3,836,905,30,110,24,5078,7156,5321,1206,7305,851,68,10792,17385,2413,7296,12401,16245,31,40,87,67,32,106,434,56,116,132,1232,0.0,0.0,0.0,0.0,0.0,0.0,0.0,0.0,0.0,0.0,0.0,0.0,0.0,0.0,0.0,0.0,0.0,0.0,0.0,0.0,0.0,0.0,0.0,0.0,0.0,0.0,0.0,0.0,0.0,0.0,0.0,0.0,0.0,0.0,0.0,0.0,0.0,0.0,0.0,0.0,0.0,0.0,0.0,0.0,0.0,0.0,0.0,0.0,0.0,0.0,0.0,0.0,0.0,0.0,0.0,0.0,0.0,0.0,0.0,0.0,0.0,0.0,0.0,0.0,0.0,0.0,0.0,0.0,0.0,0.0,0.0,0.0,0.0,0.0,0.0,0.0,0.0,0.0,0.0,0.0,0.0,0.0,0.0,0.0,0.0,0.0,0.0,0.0,0.0,0.0,0.0,0.0,0.0,0.0,0.0,0.0,0.0,0.0,0.0,0.0,0.0,0.0,0.0,0.0,0.0,0.0,0.0,0.0,0.0,0.0,0.0,0.0,0.0,0.0,0.0,0.0,0.0,0.0,0.0,0.0,0.0,0.0,0.0,0.0,0.0,0.0,0.0,0.0,0.0,0.0,0.0,0.0,0.0,0.0,0.0,0.0,0.0,0.0,0.0,0.0,0.0,0.0,0.0,0.0,0.0,0.0,0.0,0.0,0.0,0.0
ENCFF002BAJ,0.12693489820523415,39377,98,3901,21797,458,66222,11001,188,437,325,667,2986,3086,8376,9761,18359,3442,601,5022,5992,321,1047,116,30,38,615,146,2684,19671,5446,367,197,436,1197,1125,16,1747,13,32,8058,16475,45,976,67,33,496,5261,11081,19,675,650,948,803,452,16927,225,485,400,205,1021,1606,193,7277,541,457,54,115,41470,55572,13579,697,458,1049,10847,344,812,379,463,586,160,756,795,5670,381,393,2981,8,578,376,21,1788,5794,71,8841,906,10233,213082,14752,128,39189,53082,2035,47578,763,463,8191,2176,2076,10,6240,12370,11371,67,5274,57595,1888,25905,391,1404,1520,10117,602,29809,894,7204,3516,937,4093,580,166,65316,10641,100,11517,7574,30218,45678,36,4048,2282,782,4567,24557,228,246,76,148,209,20,3060,468,1058,12305,6726,949,4116,22159,2308,549,759,1214,1237,3257,5286,4726,14436,52,94,16,676,18,1277,440,996,690,13,4,402,904,595,24066,9090,64485,2476,34851,36876,13895,22526,15994,37886,292,31933,37310,20142,13142,32791,25073,6111,1082,46,658,65,341,640,252,94,22,79,4221,232,23752,10529,8288,163,231827,36767,3619,33653,14840,1518,632,43448,17475,46389,3053,60282,186,61503,154,571,850,343,224,643,332,4116,3468,28,464,701,470,590,341,1730,1010,2816,210,4557,3849,2188,7412,867,234,518,462,244,291,200,1710,793,5896,1004,291,1864,1976,1529,6632,13133,207,2159,6672,1101,515,379,433,606,374,1084,9926,384,641,8545,237,1342,274,5382,737,720,370,593,1645,358,451,2024,1731,606,630,524,4065,1424,598,506,632,3250,14,37,279,422,603,227,22753,114,15673,12,713,52,7785,1695,12590,7572,15935,12,2974,129,325,971,10102,48243,828,2202,4034,1341,6,1952,253,199,1237,14596,6074,3789,1940,46,231,123,4,26,432,566,2679,364,4130,402,380,1347,30098,324,2006,157982,368,7530,673,3678,573,2029,210,59,4199,581,616,664,293,297,245,1622,799,592,681,319,764,813,34395,80,13877,2911,25,47431,10484,15,367,6698,601,53,6818,530,2723,399,2486,776,11020,2206,594,618,670,357,929,571,2512,380,9,1401,25,2382,96,15,291,521,136,541,699,24828,1476,7111,4682,974,526,1109,171,66895,92,17199,1952,19776,1918,348,3579,50,30095,6511,9469,52976,2819,10899,154,87,289,611,300,708,481,1636,4564,684,41,234,768,11,14,5651,6345,7,102,249,31003,47931,37174,7660,42506,4861,327,69285,114364,18980,45465,80441,96337,411,223,545,478,159,554,2443,655,624,746,7012,0.0,0.0,0.0,0.0,0.0,0.0,0.0,0.0,0.0,0.0,0.0,0.0,0.0,0.0,0.0,0.0,0.0,0.0,0.0,0.0,0.0,0.0,0.0,0.0,0.0,0.0,0.0,0.0,0.0,0.0,0.0,0.0,0.0,0.0,0.0,0.0,0.0,0.0,0.0,0.0,0.0,0.0,0.0,0.0,0.0,0.0,0.0,0.0,0.0,0.0,0.0,0.0,0.0,0.0,0.0,0.0,0.0,0.0,0.0,0.0,0.0,0.0,0.0,0.0,0.0,0.0,0.0,0.0,0.0,0.0,0.0,0.0,0.0,0.0,0.0,0.0,0.0,0.0,0.0,0.0,0.0,0.0,0.0,0.0,0.0,0.0,0.0,0.0,0.0,0.0,0.0,0.0,0.0,0.0,0.0,0.0,0.0,0.0,0.0,0.0,0.0,0.0,0.0,0.0,0.0,0.0,0.0,0.0,0.0,0.0,0.0,0.0,0.0,0.0,0.0,0.0,0.0,0.0,0.0,0.0,0.0,0.0,0.0,0.0,0.0,0.0,0.0,0.0,0.0,0.0,0.0,0.0,0.0,0.0,0.0,0.0,0.0,0.0,0.0,0.0,0.0,0.0,0.0,0.0,0.0,0.0,0.0,0.0,0.0,0.0
ENCFF577YLD,0.1671656450199899,50498,362,3812,99975,1342,283014,14246,616,959,487,624,6415,6027,19548,31688,84623,4362,990,11617,7272,166,972,43,107,65,2146,1471,6756,61570,5720,306,80,917,4940,4413,64,4842,40,10,12225,16019,117,692,95,61,1313,12315,58750,179,1222,3231,3277,502,320,7936,192,522,375,175,1128,2799,1467,29190,1302,861,374,20,84365,72214,7909,2839,1653,3966,7067,373,3311,1565,1865,2027,581,2610,2790,4899,1102,1535,8388,27,1843,1677,27,1445,319,80,2562,2300,56303,250392,14078,150,36910,56724,5588,47897,2979,1490,6308,1965,2244,41,4167,9564,9776,446,7697,44841,5352,87321,603,2698,2859,11635,1319,133222,3094,8493,3298,582,3213,608,97,39878,22507,746,61486,18403,14744,37619,97,8216,13752,2839,5486,101009,1024,273,392,131,47,96,3118,519,290,14335,5554,600,7487,95221,6316,557,3122,1575,1216,4496,5475,5144,7482,35,172,54,2551,39,3429,1486,1307,97775,34,13,1170,917,2725,18153,8996,61121,5000,53665,53961,23197,59959,25601,48766,1138,40048,50982,14295,12373,39264,26738,8709,1652,178,1582,33,1575,2585,183,31,79,149,5739,446,92548,19804,33942,577,304493,65694,6175,41434,57352,1517,628,61979,32012,108998,8304,56238,220,53736,22,491,920,23,747,2178,449,8168,4428,58,1730,1811,1457,2400,1103,5862,3345,243,294,10324,6060,3493,4535,3599,752,1833,1824,972,782,581,491,2778,8897,2132,821,2686,5540,4549,25081,52400,1035,5557,4322,2668,1948,1479,1552,2129,1178,100,11828,1379,3189,8216,773,3304,1257,7377,3109,2688,1583,2323,371,1177,1143,5875,4723,1958,2325,1887,4165,3471,3115,1696,2653,8162,38,86,1066,1788,763,823,20219,230,12293,53,526,92,10113,1044,10910,10198,13709,48,5056,85,102,4319,5132,221768,752,2874,4607,1830,30,5370,165,713,1954,32233,14949,5302,2180,18,170,102,16,53,1479,3131,3625,1629,5424,1479,1237,3679,171568,551,4179,159127,991,9638,2314,14760,1706,5130,710,366,5238,1890,2388,2696,880,820,351,8430,3305,2408,2615,793,2859,3025,40093,27,24428,2405,41,37598,11063,102,525,8058,1440,30,13500,1809,1357,194,7750,2511,59059,6793,762,1813,2442,1344,2140,2083,1668,1576,38,1409,25,3770,261,46,91,250,1088,1068,1534,53043,3195,19116,9109,1772,1044,779,377,40700,140,20981,2517,14810,1817,201,3932,14,53330,10389,16705,67693,2816,40521,348,588,994,2404,1136,2416,1673,2449,13275,2307,29,307,2589,39,42,4456,4863,31,174,182,39085,57815,48609,12262,48251,6778,1333,113950,133088,21254,58753,102391,116541,855,189,1543,1587,573,2043,1139,400,248,1092,10590,0.0,0.0,0.0,0.0,0.0,0.0,0.0,0.0,0.0,0.0,0.0,0.0,0.0,0.0,0.0,0.0,0.0,0.0,0.0,0.0,0.0,0.0,0.0,0.0,0.0,0.0,0.0,0.0,0.0,0.0,0.0,0.0,0.0,0.0,0.0,0.0,0.0,0.0,0.0,0.0,0.0,0.0,0.0,0.0,0.0,0.0,0.0,0.0,0.0,0.0,0.0,0.0,0.0,0.0,0.0,0.0,0.0,0.0,0.0,0.0,0.0,0.0,0.0,0.0,0.0,0.0,0.0,0.0,0.0,0.0,0.0,0.0,0.0,0.0,0.0,0.0,0.0,0.0,0.0,0.0,0.0,0.0,0.0,0.0,0.0,0.0,0.0,0.0,0.0,0.0,0.0,0.0,0.0,0.0,0.0,0.0,0.0,0.0,0.0,0.0,0.0,0.0,0.0,0.0,0.0,0.0,0.0,0.0,0.0,0.0,0.0,0.0,0.0,0.0,0.0,0.0,0.0,0.0,0.0,0.0,0.0,0.0,0.0,0.0,0.0,0.0,0.0,0.0,0.0,0.0,0.0,0.0,0.0,0.0,0.0,0.0,0.0,0.0,0.0,0.0,0.0,0.0,0.0,0.0,0.0,0.0,0.0,0.0,0.0,0.0
ENCFF002DZO,0.19046283153908028,141850,175,4968,41149,683,74515,6888,303,558,301,633,3609,5039,8658,27823,30890,3639,513,5236,6054,176,751,93,55,94,980,13079,3652,25894,3853,333,334,537,2051,1819,586,2015,15,22,7977,11886,81,738,63,55,631,6256,32525,387,575,1136,1654,554,366,6742,167,414,445,216,825,1660,346,14051,991,196,3231,92,51614,58520,7561,1151,806,2953,5364,366,1327,568,924,960,262,1110,1227,4071,470,642,4061,26,962,566,30,1323,268,32,1818,1412,14792,194175,11706,111,30879,45016,2905,38156,1171,756,5578,1641,1942,30,3281,8238,8379,322,4326,34157,2848,36680,548,2179,2209,9294,931,67824,1527,6305,3079,929,2830,605,240,31847,14606,69780,46558,8707,13693,31452,1553,4996,2856,1276,5907,39241,300,958,115,107,26,30,2499,275,620,10621,4761,666,3846,46166,4252,534,1228,2313,2302,3418,5467,4705,5493,84,145,66,1170,39,2022,665,1042,831,755,2,1052,830,1159,16236,7876,48226,2476,32403,34183,15637,41476,14592,29885,364,29317,35016,11853,9836,24232,19523,6107,967,2471,790,77,587,1011,206,90,24,41,4272,421,53915,12936,14878,392,189295,39092,4794,30896,25476,1122,571,42974,20428,61409,4468,44280,211,43153,49,322,772,146,336,1038,261,4182,2350,16,764,1102,699,989,512,2774,1524,227,239,5148,3142,2259,2646,1384,420,789,845,430,388,307,485,1288,5537,1391,437,1762,2557,2417,13779,41441,9604,2493,3070,1488,933,742,726,1112,601,119,7830,620,967,5401,396,1686,402,4455,1223,1123,736,1032,207,563,605,2703,2679,885,991,800,2413,1722,885,904,1117,4452,12,38,457,768,469,263,15310,105,10169,12,563,63,6801,747,7150,6739,7908,18,2794,149,177,1393,3975,81014,1046,2952,2273,1089,838,3038,218,370,686,15537,6583,3495,1487,65,222,171,16,33,784,1920,2494,609,3965,582,545,2038,62763,1590,2373,127982,584,6218,1129,5737,18346,2790,317,3590,12739,954,1039,1175,427,435,497,68353,1246,1080,1175,624,1207,1410,27405,106,11403,2369,32,27119,6280,43,307,5746,745,58,7012,957,1178,290,3175,1220,17304,3886,1650,875,1220,498,1316,1007,1354,707,12,1027,38,1819,171,65,198,935,409,807,862,36397,2023,11335,5978,1369,556,946,261,37230,1040,16227,3351,13103,1514,400,3092,31,33407,6146,10504,46712,2568,26054,430,127,402,1552,559,1232,902,1751,7861,1193,57,1002,1123,51,33,4546,4528,16,3382,220,26320,43449,32602,7871,39408,4597,378,89390,96890,13907,44845,70653,85806,319,223,803,769,229,1071,1340,291,451,751,7048,0.0,0.0,0.0,0.0,0.0,0.0,0.0,0.0,0.0,0.0,0.0,0.0,0.0,0.0,0.0,0.0,0.0,0.0,0.0,0.0,0.0,0.0,0.0,0.0,0.0,0.0,0.0,0.0,0.0,0.0,0.0,0.0,0.0,0.0,0.0,0.0,0.0,0.0,0.0,0.0,0.0,0.0,0.0,0.0,0.0,0.0,0.0,0.0,0.0,0.0,0.0,0.0,0.0,0.0,0.0,0.0,0.0,0.0,0.0,0.0,0.0,0.0,0.0,0.0,0.0,0.0,0.0,0.0,0.0,0.0,0.0,0.0,0.0,0.0,0.0,0.0,0.0,0.0,0.0,0.0,0.0,0.0,0.0,0.0,0.0,0.0,0.0,0.0,0.0,0.0,0.0,0.0,0.0,0.0,0.0,0.0,0.0,0.0,0.0,0.0,0.0,0.0,0.0,0.0,0.0,0.0,0.0,0.0,0.0,0.0,0.0,0.0,0.0,0.0,0.0,0.0,0.0,0.0,0.0,0.0,0.0,0.0,0.0,0.0,0.0,0.0,0.0,0.0,0.0,0.0,0.0,0.0,0.0,0.0,0.0,0.0,0.0,0.0,0.0,0.0,0.0,0.0,0.0,0.0,0.0,0.0,0.0,0.0,0.0,0.0
ENCFF000BWE,0.1405591705692473,65837,452,4109,56248,834,125186,9663,326,697,386,848,3714,4592,10670,31932,36420,4708,638,7475,7922,310,1006,103,161,81,1245,2412,3785,28549,5781,435,296,646,2094,1948,53,2499,39,20,10796,14728,12,970,22,202,846,7207,24190,471,661,1239,1669,684,584,8893,207,482,963,456,962,1900,337,12767,325,376,704,59,55757,64208,9883,1189,834,1902,7062,428,1397,693,900,996,292,1268,1306,4804,626,704,4251,17,1106,609,47,1792,377,36,1503,1478,22701,225342,13907,120,37491,51814,3036,44367,1310,711,6923,1951,2196,73,3893,9803,10192,195,6288,45062,3388,36517,650,2395,2581,11883,1104,51649,1617,8620,4176,946,3763,428,235,39056,14423,1424,17685,9551,16573,37699,402,5417,4835,1539,5434,56710,420,559,147,118,43,23,3022,401,794,14578,6667,1012,5549,56890,3843,620,1381,1517,1239,3818,6375,6220,7539,111,107,58,1265,20,2097,796,1650,200,65,8,709,956,1144,18869,9493,57263,2775,34745,39086,18490,34349,16240,33751,360,34953,41242,15490,12149,29988,23775,7542,1154,684,1123,48,606,1062,282,125,34,557,5612,436,40821,14035,13926,238,275730,50619,4396,36576,25657,1588,755,51247,26129,70232,7417,68112,246,71783,220,496,1073,216,339,1242,344,4703,2800,35,776,1064,725,1115,562,3015,1598,346,328,6486,3734,2766,4120,1416,362,802,806,420,433,312,608,1296,6186,1821,434,2355,2797,2527,10036,19958,1625,2828,3974,1535,939,693,710,1194,652,181,10232,585,969,6758,375,1886,495,5148,1396,1167,635,1041,287,545,592,2993,2858,963,1073,861,3212,1806,920,994,1075,4630,31,50,480,709,1191,504,21518,229,14227,24,715,127,8952,1025,10181,9312,10367,0,3770,127,241,1997,5458,88121,989,2982,2602,1430,107,3244,312,377,1101,19056,8941,3720,1913,96,839,160,20,83,775,1536,3427,639,5135,555,615,1573,69778,530,2676,161943,752,7867,1134,6339,2533,3155,336,910,6653,893,1119,1247,459,446,422,11953,1557,1083,1286,544,1272,1508,33613,141,13107,3015,53,36351,9280,31,381,8045,1082,157,8454,977,2790,530,3769,1307,18537,3868,991,1064,1299,645,1442,1013,2045,864,35,1564,64,2329,162,278,264,766,341,818,793,44037,2246,11196,6549,1591,630,1125,274,50780,255,20581,2527,17283,2082,436,3802,59,38756,7006,12787,55291,2273,15602,308,298,413,1129,762,1369,868,1783,8555,1154,32,312,1270,77,59,5752,6052,2,462,377,32055,48057,36213,8766,45274,5515,530,81959,108867,16173,50127,78975,100334,385,276,878,868,238,1035,1946,541,847,944,8907,0.0,0.0,0.0,0.0,0.0,0.0,0.0,0.0,0.0,0.0,0.0,0.0,0.0,0.0,0.0,0.0,0.0,0.0,0.0,0.0,0.0,0.0,0.0,0.0,0.0,0.0,0.0,0.0,0.0,0.0,0.0,0.0,0.0,0.0,0.0,0.0,0.0,0.0,0.0,0.0,0.0,0.0,0.0,0.0,0.0,0.0,0.0,0.0,0.0,0.0,0.0,0.0,0.0,0.0,0.0,0.0,0.0,0.0,0.0,0.0,0.0,0.0,0.0,0.0,0.0,0.0,0.0,0.0,0.0,0.0,0.0,0.0,0.0,0.0,0.0,0.0,0.0,0.0,0.0,0.0,0.0,0.0,0.0,0.0,0.0,0.0,0.0,0.0,0.0,0.0,0.0,0.0,0.0,0.0,0.0,0.0,0.0,0.0,0.0,0.0,0.0,0.0,0.0,0.0,0.0,0.0,0.0,0.0,0.0,0.0,0.0,0.0,0.0,0.0,0.0,0.0,0.0,0.0,0.0,0.0,0.0,0.0,0.0,0.0,0.0,0.0,0.0,0.0,0.0,0.0,0.0,0.0,0.0,0.0,0.0,0.0,0.0,0.0,0.0,0.0,0.0,0.0,0.0,0.0,0.0,0.0,0.0,0.0,0.0,0.0
ENCFF854DIL,0.15765008511660195,34189,2645,2280,39765,521,126701,5963,375,215,191,384,3584,1461,6735,25451,23717,1629,562,4874,3984,107,551,32,55,48,1189,1532,3533,30205,2939,116,50,448,2392,2215,31,2294,18,5,5459,7684,69,328,59,190,688,6075,24229,125,695,1455,1751,246,186,3517,85,272,183,139,632,1751,757,16442,487,264,469,107,43956,37862,3746,1443,902,1881,3344,136,1682,744,951,1061,307,1476,1454,2315,495,943,4399,14,1141,898,5,668,312,33,931,1360,22827,117904,6801,85,17579,26737,3029,22742,1511,844,2817,894,1037,15,2157,4779,5038,80,3792,22921,1661,42480,183,963,1263,5345,439,69023,1557,3980,1690,254,1538,175,37,18970,6382,884,28983,6697,7337,18977,191,4129,5596,1501,2575,42029,236,175,112,67,37,27,1514,336,365,7605,2605,301,3790,40931,3303,256,1594,875,580,2142,2736,2603,3725,47,68,74,1345,30,1745,755,764,232,13,19,617,426,1451,8733,4567,29355,2397,19318,27821,11794,33343,13131,24569,206,19102,23878,6913,6512,19024,13154,4181,868,186,1017,51,883,1368,96,38,24,23,2968,107,56396,10099,6499,253,330148,33947,3623,21680,26406,778,349,32106,15669,56869,2220,27114,82,25385,27,212,569,20,358,1180,185,4580,1967,22,1027,990,759,1225,557,2960,1739,102,178,5122,3278,1572,1946,2040,455,982,1059,551,422,311,234,1569,4223,1115,430,1333,2682,2122,10837,47653,1250,2739,2321,1336,1095,847,832,1197,790,51,5974,642,1729,4100,383,1680,666,3337,1588,1274,1014,1276,142,626,523,3020,2467,1060,1101,1061,2079,1830,1327,890,1410,3953,31,29,531,943,348,337,9683,118,6210,14,229,57,4826,529,5136,4840,7107,41,2180,65,55,1265,2419,75707,415,1402,2336,887,51,2590,107,580,1044,15679,6595,4064,973,36,88,62,22,37,807,1163,1877,871,3306,825,568,2036,56318,260,1895,80040,860,4805,1200,7226,2016,2537,380,403,2984,1007,1254,1287,464,421,177,9235,1714,1248,1362,452,1399,1563,19500,34,12702,1096,18,19026,6324,15,295,4175,757,43,7119,969,603,109,3823,1280,18950,2668,455,868,1376,775,1024,1199,759,761,28,702,33,1718,79,76,71,215,268,229,800,32632,1091,8885,4560,748,534,503,211,19962,71,10137,1399,7172,974,94,1854,14,24598,4314,8009,31303,1817,18115,189,219,525,1144,1472,1102,998,1391,6789,1218,21,147,1380,41,39,2274,2288,13,158,86,19133,32821,26395,6872,23937,3393,826,57146,69012,11263,32581,54376,58578,215,90,862,819,304,1158,469,308,177,541,5205,0.0,0.0,0.0,0.0,0.0,0.0,0.0,0.0,0.0,0.0,0.0,0.0,0.0,0.0,0.0,0.0,0.0,0.0,0.0,0.0,0.0,0.0,0.0,0.0,0.0,0.0,0.0,0.0,0.0,0.0,0.0,0.0,0.0,0.0,0.0,0.0,0.0,0.0,0.0,0.0,0.0,0.0,0.0,0.0,0.0,0.0,0.0,0.0,0.0,0.0,0.0,0.0,0.0,0.0,0.0,0.0,0.0,0.0,0.0,0.0,0.0,0.0,0.0,0.0,0.0,0.0,0.0,0.0,0.0,0.0,0.0,0.0,0.0,0.0,0.0,0.0,0.0,0.0,0.0,0.0,0.0,0.0,0.0,0.0,0.0,0.0,0.0,0.0,0.0,0.0,0.0,0.0,0.0,0.0,0.0,0.0,0.0,0.0,0.0,0.0,0.0,0.0,0.0,0.0,0.0,0.0,0.0,0.0,0.0,0.0,0.0,0.0,0.0,0.0,0.0,0.0,0.0,0.0,0.0,0.0,0.0,0.0,0.0,0.0,0.0,0.0,0.0,0.0,0.0,0.0,0.0,0.0,0.0,0.0,0.0,0.0,0.0,0.0,0.0,0.0,0.0,0.0,0.0,0.0,0.0,0.0,0.0,0.0,0.0,0.0
ENCFF000YEQ,0.08219743084694404,2927,13,305,3153,77,6422,468,26,48,25,61,223,459,791,1431,2519,292,49,550,426,17,67,4,7,8,46,52,268,2570,330,28,21,42,131,118,3,176,3,1,575,965,12,68,5,7,67,383,1914,3,60,80,98,46,38,594,25,36,37,17,75,111,33,1104,25,34,18,4,3967,4190,597,91,63,99,530,22,115,36,83,70,18,77,95,321,30,42,257,2,69,46,2,117,14,3,124,102,1430,14550,939,7,2593,3549,222,3027,119,44,455,132,121,6,252,621,714,16,373,2715,263,2463,61,246,192,770,91,3556,121,495,214,55,300,35,9,2754,1204,51,2215,830,988,2368,9,343,394,85,320,4097,49,23,11,21,3,4,195,36,61,792,486,68,376,3108,288,36,79,102,86,242,364,308,480,4,10,2,79,1,147,45,161,267,3,0,35,73,74,1363,617,3685,209,2517,2931,1153,2636,1061,2092,23,2361,2702,894,862,1962,1555,553,75,15,76,2,32,57,17,4,4,6,337,47,2903,1033,1166,8,16375,2998,275,2340,2179,86,38,3337,1487,4666,396,3640,14,3905,6,22,85,27,13,62,19,264,156,1,60,75,48,63,32,188,133,14,28,367,269,155,231,106,37,55,42,33,33,22,43,82,408,92,28,148,185,164,1011,1408,27,197,311,111,57,35,48,68,46,15,642,48,71,436,19,123,38,278,107,112,53,77,16,29,40,165,180,78,68,67,221,131,61,57,67,277,2,3,31,41,36,17,1277,5,861,4,65,8,524,77,618,557,530,3,214,8,18,96,305,6017,60,185,176,102,5,181,19,20,63,1140,578,230,121,4,14,7,0,7,56,53,191,42,272,52,39,158,4671,32,162,10293,37,484,79,417,51,185,19,15,359,91,88,68,47,28,23,283,90,72,80,33,96,97,2222,10,821,226,3,2349,633,1,21,481,55,7,511,51,122,22,220,91,1792,245,42,74,72,31,91,68,103,38,3,111,4,176,12,0,19,33,36,82,79,2617,204,743,453,126,47,79,24,3275,9,1238,152,1077,154,20,243,2,2267,465,740,3356,118,1466,17,18,30,68,39,82,55,82,638,68,2,16,80,1,6,403,395,0,11,21,2149,3032,2339,558,2979,385,40,5419,7277,1036,3241,5480,6676,25,16,65,80,18,53,149,25,50,64,578,0.0,0.0,0.0,0.0,0.0,0.0,0.0,0.0,0.0,0.0,0.0,0.0,0.0,0.0,0.0,0.0,0.0,0.0,0.0,0.0,0.0,0.0,0.0,0.0,0.0,0.0,0.0,0.0,0.0,0.0,0.0,0.0,0.0,0.0,0.0,0.0,0.0,0.0,0.0,0.0,0.0,0.0,0.0,0.0,0.0,0.0,0.0,0.0,0.0,0.0,0.0,0.0,0.0,0.0,0.0,0.0,0.0,0.0,0.0,0.0,0.0,0.0,0.0,0.0,0.0,0.0,0.0,0.0,0.0,0.0,0.0,0.0,0.0,0.0,0.0,0.0,0.0,0.0,0.0,0.0,0.0,0.0,0.0,0.0,0.0,0.0,0.0,0.0,0.0,0.0,0.0,0.0,0.0,0.0,0.0,0.0,0.0,0.0,0.0,0.0,0.0,0.0,0.0,0.0,0.0,0.0,0.0,0.0,0.0,0.0,0.0,0.0,0.0,0.0,0.0,0.0,0.0,0.0,0.0,0.0,0.0,0.0,0.0,0.0,0.0,0.0,0.0,0.0,0.0,0.0,0.0,0.0,0.0,0.0,0.0,0.0,0.0,0.0,0.0,0.0,0.0,0.0,0.0,0.0,0.0,0.0,0.0,0.0,0.0,0.0
ENCFF349XHH,0.13258021052933786,140974,128,1401,23004,244,100160,7456,345,240,194,739,4676,1089,3049,13530,11442,1804,599,2976,4978,109,593,69,126,116,1757,10220,3084,14461,3372,156,45,399,2147,1911,20,2200,56,6,6997,7582,35,199,43,13,619,5388,11462,625,857,1509,1462,155,296,4753,62,381,407,278,1096,3348,122,4027,169,139,2690,489,20913,35273,4588,1233,728,1862,4720,30,1460,630,783,951,243,1241,1520,1992,485,782,3693,33,901,811,11,832,258,20,912,548,7327,122919,7322,138,20459,28077,2853,24411,1611,800,2981,1067,1414,27,2807,6080,7401,115,4819,28042,852,21013,124,574,673,5061,258,30778,1225,5926,2038,266,1637,108,116,21978,2442,4782,8224,3985,10958,20984,314,4071,2869,1221,3063,20805,315,622,41,92,52,12,1376,290,1316,10386,3282,283,3015,22144,1473,193,1547,627,331,2174,3600,4164,5501,74,150,48,1103,53,1261,553,602,171,10,16,490,397,1413,9206,4612,33004,2281,15796,24766,10360,19786,11950,20901,95,18966,24172,8549,7810,20322,14444,3193,854,874,482,27,773,1201,126,68,10,101,3831,135,21955,6705,3639,260,125216,30880,3670,18346,8355,948,524,23823,13928,31402,2573,36720,139,39479,88,223,1171,109,388,991,293,4083,1822,56,734,718,665,1154,544,2659,1283,289,223,4666,3186,1595,2891,1715,336,981,854,471,301,224,276,1104,3061,894,413,1134,2668,1870,5032,33789,8582,2398,2880,1251,943,733,704,1016,503,64,6336,576,1670,4367,331,1629,562,3516,1846,1201,1071,1076,252,452,389,2739,1972,1072,826,840,2062,1777,1081,676,1133,2781,34,41,429,885,705,370,12542,365,8143,34,142,76,4329,606,6535,6135,7259,29,2172,290,35,1434,2614,51765,858,1650,2396,1030,103,2040,40,115,1317,16210,4585,10359,1216,169,279,208,14,159,671,1267,1956,920,3359,676,488,852,31316,292,1781,84131,387,4815,1065,6220,10788,1937,322,916,6050,844,1223,1262,378,260,96,90970,1758,1087,1197,492,1188,1387,18827,50,12037,1041,44,24416,6132,40,387,5432,1029,223,6176,737,1473,268,3748,1027,10548,1141,1403,787,1141,659,832,992,1211,678,51,805,56,2144,252,518,124,640,268,126,436,23824,777,5403,3063,475,696,949,337,23560,612,10043,1447,8522,1319,64,2077,15,28061,4779,9124,33794,1448,9522,94,321,419,1072,640,1076,858,1035,5970,1036,17,148,1099,37,43,2557,2337,7,492,217,20387,24724,19700,5360,23576,3618,464,42927,58172,9321,24656,47351,57061,113,57,733,686,330,956,631,364,261,645,6187,0.0,0.0,0.0,0.0,0.0,0.0,0.0,0.0,0.0,0.0,0.0,0.0,0.0,0.0,0.0,0.0,0.0,0.0,0.0,0.0,0.0,0.0,0.0,0.0,0.0,0.0,0.0,0.0,0.0,0.0,0.0,0.0,0.0,0.0,0.0,0.0,0.0,0.0,0.0,0.0,0.0,0.0,0.0,0.0,0.0,0.0,0.0,0.0,0.0,0.0,0.0,0.0,0.0,0.0,0.0,0.0,0.0,0.0,0.0,0.0,0.0,0.0,0.0,0.0,0.0,0.0,0.0,0.0,0.0,0.0,0.0,0.0,0.0,0.0,0.0,0.0,0.0,0.0,0.0,0.0,0.0,0.0,0.0,0.0,0.0,0.0,0.0,0.0,0.0,0.0,0.0,0.0,0.0,0.0,0.0,0.0,0.0,0.0,0.0,0.0,0.0,0.0,0.0,0.0,0.0,0.0,0.0,0.0,0.0,0.0,0.0,0.0,0.0,0.0,0.0,0.0,0.0,0.0,0.0,0.0,0.0,0.0,0.0,0.0,0.0,0.0,0.0,0.0,0.0,0.0,0.0,0.0,0.0,0.0,0.0,0.0,0.0,0.0,0.0,0.0,0.0,0.0,0.0,0.0,0.0,0.0,0.0,0.0,0.0,0.0
ENCFF056EMG,0.09620724327114766,5640799,282009,6752,419,4,7737,4306,66,45,58,7881,435,321,222,14,1,1442,266,5974,2735,50,435,17,188,19,104,121645,1543,144,1671,394,1997,620,540,252,17,473,0,0,12631,5210,0,83,2,12443,119,2356,8,15688,239,150,157,159,222,242584,15,143,38,0,1173,382,0,0,4,6,15651,0,29269,142214,26866,148,87,5751,6147,82,162,117,66,106,57,151,158,1617,46,128,721,79,92,161,113,1475,7,0,2352,65,11,176171,7564,13,144496,23636,442,22020,172,82,3478,1430,755,0,68976,38270,4954,38,3871,70601,66,4906,0,0,97,4865,0,43,150,5963,1876,176,1185,68,0,20034,936,49577,26,384,5960,70667,25384,9011,501,143,6334,445,7,49847,0,21,36,8,910,234,190,6406,2815,195,980,434,97,501,163,95,53,1186,1465,1353,47273,5,4,2,133,0,291,58,2765,426,0,0,320,162,127,73510,4059,132823,789,10061,13798,10071,3308,15424,9528,22,24799,32734,11276,10688,36278,168464,6714,275,418,30,6,115,196,72,0,8,0,3415,0,7620,2645,2,1,15692055,12384,4516,19072,403,580,808,12565,6380,8237,41,59675,3,35101,49,32,712,0,66,145,205,2276,2880,4,371,112,78,127,62,543,190,4111,29,9937,3611,1059,146049,261,258,129,84,61,60,27,1899,135,7482,309,43,291,601,237,657,79,247352,526,19865,292,117,72,97,108,54,849,19630,128,639,2682,53,661,112,1896,258,177,86,108,29,51,1315,404,271,104,177,204,4259,793,133,78,353,653,89,3,58,107,319,0,34769,27,22157,10,107,0,2581,268,20472,10610,2634,4,1512,9,7,13,1732,11262,4816,1745,13190,689,7,312,5,131,771,6886,1458,860,649,45,3707,5,0,0,58,3,2048,90,602,183,43,125,112,6271,825,74754,20997,8257,371,4154,121850,1383,33,27661,83428,70,143,132,87,36,60,2031717,194,131,119,182,225,176,15655,446,6822,3534,0,86945,8786,0,230,2010,3594,0,1991,129,290,82,1000,221,233,119,32458,139,196,110,118,112,1090,4734,0,1580,0,622,115,28,31,13189,313,4,19,627,7,688,338,18,267,812,47,28187,9091,31725,208,6091,508,0,2449,0,127491,2758,2486,57995,671,307,32,0,41,314,76474,107,106,340,161,103,0,1075,273,0,0,5104,2005,0,13374,33,19862,17911,14130,3370,15568,7482,151,27804,84703,5157,11727,66948,39531,25,226,91,82,48,116,806,117,903,175,4168,0.0,0.0,0.0,0.0,0.0,0.0,0.0,0.0,0.0,0.0,0.0,0.0,0.0,0.0,0.0,0.0,0.0,0.0,0.0,0.0,0.0,0.0,0.0,0.0,0.0,0.0,0.0,0.0,0.0,0.0,0.0,0.0,0.0,0.0,0.0,0.0,0.0,0.0,0.0,0.0,0.0,0.0,0.0,0.0,0.0,0.0,0.0,0.0,0.0,0.0,0.0,0.0,0.0,0.0,0.0,0.0,0.0,0.0,0.0,0.0,0.0,0.0,0.0,0.0,0.0,0.0,0.0,0.0,0.0,0.0,0.0,0.0,0.0,0.0,0.0,0.0,0.0,0.0,0.0,0.0,0.0,0.0,0.0,0.0,0.0,0.0,0.0,0.0,0.0,0.0,0.0,0.0,0.0,0.0,0.0,0.0,0.0,0.0,0.0,0.0,0.0,0.0,0.0,0.0,0.0,0.0,0.0,0.0,0.0,0.0,0.0,0.0,0.0,0.0,0.0,0.0,0.0,0.0,0.0,0.0,0.0,0.0,0.0,0.0,0.0,0.0,0.0,0.0,0.0,0.0,0.0,0.0,0.0,0.0,0.0,0.0,0.0,0.0,0.0,0.0,0.0,0.0,0.0,0.0,0.0,0.0,0.0,0.0,0.0,0.0
ENCFF000BBY,0.13191470670711275,25684,96,2299,29646,540,92775,4930,130,282,237,1249,4533,2527,4232,10604,20602,2345,493,3694,4349,175,763,101,38,43,980,62,1872,18640,3448,291,113,336,993,889,20,1476,17,130,6912,11358,45,718,18,28,862,3899,17589,14,313,447,654,480,413,12530,143,364,310,89,642,2790,128,7286,170,556,36,740,30640,34466,9648,547,305,687,7681,235,708,265,337,413,106,417,710,3667,193,250,1842,21,355,222,78,1338,112,27,890,627,10007,148283,9453,96,25846,36444,1574,31527,664,264,6393,1736,1405,21,2840,7509,6689,160,3632,32110,1700,29104,416,1684,1443,7582,637,40985,711,5964,2678,726,2716,424,118,34170,6726,59,13428,4134,25664,27807,22,4019,2175,548,2898,18250,297,150,58,122,42,30,2133,344,1952,8139,4557,734,2876,28479,1619,474,566,844,758,2060,3338,3070,8728,50,316,36,441,13,861,280,832,1345,7,0,208,610,514,14601,6500,40697,1474,21226,31967,9939,20872,9233,17872,213,22893,25862,11328,8358,18715,15438,3876,590,13,568,58,237,413,211,111,17,32,3280,182,19463,6954,6783,203,159273,25715,2343,22524,12754,1176,600,29393,12649,33027,2928,38293,114,40217,38,378,1876,1403,132,479,257,2266,2241,20,282,393,257,416,191,1428,836,1382,306,3195,2660,1456,3761,543,132,281,329,144,167,117,933,447,3655,619,185,1323,1446,1208,5323,9893,130,1393,4324,706,406,300,268,397,217,665,7449,229,391,5488,165,1437,192,2914,445,456,242,404,655,197,321,1231,1179,307,459,270,3350,903,320,330,375,2143,13,28,181,230,1882,127,14577,161,10015,30,607,131,5618,707,6778,5813,5473,14,2211,76,187,629,4553,35546,629,1519,1872,911,9,1578,166,203,669,12537,4989,8539,1374,115,1244,156,7,57,318,1794,2420,364,2921,206,248,888,35979,169,1027,109088,307,5369,449,3099,277,1536,122,38,2865,354,507,589,234,194,186,882,699,461,627,324,580,697,21967,85,7524,1970,12,29536,6176,101,293,4605,439,52,4384,315,6890,301,1948,508,14118,1629,436,334,581,211,575,400,1394,114,11,951,14,1673,395,88,207,341,159,506,473,13766,1462,4480,3240,898,354,787,116,39865,27,14797,977,12280,1373,298,2682,198,28366,3977,9003,38137,986,11259,134,86,189,417,203,538,312,1109,3647,567,26,180,441,22,37,4005,4136,9,35,209,21985,29813,19665,5218,30030,3598,298,49749,73275,8239,31814,53479,65652,287,177,346,339,87,346,2281,307,710,583,5012,0.0,0.0,0.0,0.0,0.0,0.0,0.0,0.0,0.0,0.0,0.0,0.0,0.0,0.0,0.0,0.0,0.0,0.0,0.0,0.0,0.0,0.0,0.0,0.0,0.0,0.0,0.0,0.0,0.0,0.0,0.0,0.0,0.0,0.0,0.0,0.0,0.0,0.0,0.0,0.0,0.0,0.0,0.0,0.0,0.0,0.0,0.0,0.0,0.0,0.0,0.0,0.0,0.0,0.0,0.0,0.0,0.0,0.0,0.0,0.0,0.0,0.0,0.0,0.0,0.0,0.0,0.0,0.0,0.0,0.0,0.0,0.0,0.0,0.0,0.0,0.0,0.0,0.0,0.0,0.0,0.0,0.0,0.0,0.0,0.0,0.0,0.0,0.0,0.0,0.0,0.0,0.0,0.0,0.0,0.0,0.0,0.0,0.0,0.0,0.0,0.0,0.0,0.0,0.0,0.0,0.0,0.0,0.0,0.0,0.0,0.0,0.0,0.0,0.0,0.0,0.0,0.0,0.0,0.0,0.0,0.0,0.0,0.0,0.0,0.0,0.0,0.0,0.0,0.0,0.0,0.0,0.0,0.0,0.0,0.0,0.0,0.0,0.0,0.0,0.0,0.0,0.0,0.0,0.0,0.0,0.0,0.0,0.0,0.0,0.0
ENCFF021VWZ,0.17022644573878665,88122,393,3710,74669,894,223336,10330,702,380,448,640,5686,3001,12211,41260,54345,3028,1051,8445,6832,135,857,111,134,97,1658,5747,6188,62744,4834,203,91,850,4290,4011,68,3993,51,8,10167,14033,100,572,96,108,1198,10778,47440,468,1541,2299,3154,443,296,6705,165,515,314,214,1040,2851,2011,26719,5295,768,1611,80,78333,68582,7194,2729,1461,3308,6106,270,2883,1323,1653,1976,546,2510,2723,4439,985,1570,7596,41,1896,1597,16,1571,246,64,1802,2119,57630,211149,12382,182,33306,48939,5187,41831,2874,1430,5024,1487,1782,29,3495,8389,8759,289,6653,45423,3055,79874,375,1631,2188,9394,779,131721,2811,7709,3179,599,2651,311,79,34832,13235,2200,59233,12789,12248,33498,240,7067,8618,2593,4585,100308,1005,618,172,133,53,77,2927,624,456,12983,5161,650,5300,75688,5917,463,2776,2513,1786,4077,5022,4456,7026,65,128,119,2261,33,2864,1405,1956,992,21,32,974,693,2655,15963,8295,52772,4492,37458,48307,21072,64981,23112,42976,541,34673,43524,11894,11761,34715,23497,8139,1535,643,1464,151,1493,2595,144,41,32,47,5258,229,82920,18718,16394,614,333667,58716,7131,41167,48847,1392,694,56584,28488,97834,4888,51930,177,46486,13,332,963,42,671,1982,301,7610,3620,38,1645,1774,1337,2161,1056,5426,2993,191,425,9202,5588,3039,3206,3361,747,1681,1787,929,709,536,388,2624,6971,2058,843,2427,4918,3931,24364,142628,4447,5007,4088,2461,1884,1493,1457,2139,1258,47,11910,1214,2917,7157,708,3023,1173,5962,2860,2227,1644,2133,113,1124,789,5198,4348,1834,1975,1944,3638,3263,2440,1586,2353,6488,43,67,910,1665,556,550,19294,201,11813,35,382,46,8553,911,9647,8775,12747,48,3779,115,80,3611,4077,197793,943,2742,4191,1627,153,4472,139,384,1907,26156,11249,5379,1898,47,245,102,27,51,1490,2305,2950,1341,5049,1465,1004,5154,123098,547,3552,141729,955,8943,2077,12448,6678,4321,706,1136,6750,1688,2457,2390,910,781,317,32842,3109,2162,2401,875,2605,2730,34103,39,21409,1978,74,33809,9683,92,559,7421,1540,57,12118,1672,890,191,6885,2217,44236,4954,1193,1639,2514,1231,1647,2092,1647,1311,53,1318,58,3012,189,52,138,511,1190,471,1465,52041,1889,16216,7944,1390,1036,877,352,36937,186,16492,2565,12555,1769,152,3424,23,38322,6929,12841,52004,6052,45157,310,375,878,2103,1087,2165,1776,2073,11247,2174,15,368,2401,42,53,4399,4299,29,434,90,34032,54182,45768,11429,42376,6027,615,120205,117267,19688,54900,90950,101807,507,145,1495,1438,618,1985,880,495,342,902,9139,0.0,0.0,0.0,0.0,0.0,0.0,0.0,0.0,0.0,0.0,0.0,0.0,0.0,0.0,0.0,0.0,0.0,0.0,0.0,0.0,0.0,0.0,0.0,0.0,0.0,0.0,0.0,0.0,0.0,0.0,0.0,0.0,0.0,0.0,0.0,0.0,0.0,0.0,0.0,0.0,0.0,0.0,0.0,0.0,0.0,0.0,0.0,0.0,0.0,0.0,0.0,0.0,0.0,0.0,0.0,0.0,0.0,0.0,0.0,0.0,0.0,0.0,0.0,0.0,0.0,0.0,0.0,0.0,0.0,0.0,0.0,0.0,0.0,0.0,0.0,0.0,0.0,0.0,0.0,0.0,0.0,0.0,0.0,0.0,0.0,0.0,0.0,0.0,0.0,0.0,0.0,0.0,0.0,0.0,0.0,0.0,0.0,0.0,0.0,0.0,0.0,0.0,0.0,0.0,0.0,0.0,0.0,0.0,0.0,0.0,0.0,0.0,0.0,0.0,0.0,0.0,0.0,0.0,0.0,0.0,0.0,0.0,0.0,0.0,0.0,0.0,0.0,0.0,0.0,0.0,0.0,0.0,0.0,0.0,0.0,0.0,0.0,0.0,0.0,0.0,0.0,0.0,0.0,0.0,0.0,0.0,0.0,0.0,0.0,0.0
ENCFF000QSI,0.18498703946285605,77494,374,3540,51267,612,136853,11651,462,658,590,1005,4503,4263,11054,22809,37896,4850,1582,8556,8601,297,1421,74,101,97,1617,2859,5344,34476,7649,599,227,849,3155,2778,43,3985,33,16,13378,22260,126,1118,59,110,1299,10680,26525,354,1514,1522,2120,947,718,13209,356,684,755,318,1987,2259,473,17711,498,696,798,78,67743,79799,15213,1879,1033,2616,11501,701,2197,953,1193,1363,373,1565,2142,6793,753,800,5786,60,1375,912,82,2867,1019,302,3016,1466,13403,296701,17659,162,48948,69042,4067,59580,2041,1043,11018,3455,3768,86,6105,14325,14482,471,7165,62611,3264,43991,359,1750,1746,13937,704,63417,1905,10702,4601,1359,5084,889,198,59550,14467,1954,34069,11261,23081,56545,284,7135,7083,1991,6850,49677,547,668,132,166,37,88,5046,687,715,16023,8205,1038,6048,51031,4156,900,2051,3222,2527,5211,7346,6675,10412,185,449,153,1583,79,2365,915,2006,414,29,8,713,1391,1809,25838,13347,80386,3882,44883,59974,22405,43566,22207,43570,650,47454,55954,20159,16923,41877,34511,9722,1437,586,1259,58,863,1486,342,131,66,184,6515,373,67326,16348,15486,3925,337219,59008,6116,47546,32363,2591,908,60294,26907,78172,4124,78034,162,80675,45,548,1268,103,485,1580,392,6696,5409,92,1001,1383,872,1343,690,4163,2612,309,444,9260,5636,3566,4823,2048,444,1186,1140,540,571,433,813,1687,7493,1320,587,2813,4247,3418,14953,30287,1826,4251,6126,2243,1381,1032,1017,1403,715,180,14603,893,1571,9916,528,3060,756,6634,1705,1658,900,1457,343,757,820,3994,3315,1201,1393,1202,4570,2687,1563,1204,1469,6063,54,70,652,972,1283,494,31166,544,18277,63,708,138,13227,1885,14559,11538,12488,70,5990,317,234,2183,8346,86025,1567,4024,3618,1940,127,4161,322,980,1985,25474,10717,5134,3262,260,446,233,53,142,986,2606,5109,1165,5894,855,859,3072,70138,700,3338,219213,747,11928,1511,10146,3539,3760,555,1128,8089,1262,1864,1841,509,685,632,17236,2167,1597,1871,644,1982,2179,48669,169,20237,3648,118,52085,13797,51,592,9306,1684,97,11602,1128,2260,470,5785,1807,37546,3559,1118,1207,1900,781,1851,1386,2219,359,141,1720,89,3317,494,41,425,683,960,778,1423,40624,1608,11054,5973,1241,970,1691,741,70579,194,26520,2530,22819,3279,492,5432,28,47866,8630,15901,67607,2084,26598,324,612,607,1463,828,1768,1115,2041,18305,1719,41,759,1668,76,161,8102,8744,3,445,302,47842,56131,43083,10605,60138,7291,883,102867,142615,18893,58513,106550,133174,491,285,1123,1044,370,1249,2320,732,683,1284,11201,0.0,0.0,0.0,0.0,0.0,0.0,0.0,0.0,0.0,0.0,0.0,0.0,0.0,0.0,0.0,0.0,0.0,0.0,0.0,0.0,0.0,0.0,0.0,0.0,0.0,0.0,0.0,0.0,0.0,0.0,0.0,0.0,0.0,0.0,0.0,0.0,0.0,0.0,0.0,0.0,0.0,0.0,0.0,0.0,0.0,0.0,0.0,0.0,0.0,0.0,0.0,0.0,0.0,0.0,0.0,0.0,0.0,0.0,0.0,0.0,0.0,0.0,0.0,0.0,0.0,0.0,0.0,0.0,0.0,0.0,0.0,0.0,0.0,0.0,0.0,0.0,0.0,0.0,0.0,0.0,0.0,0.0,0.0,0.0,0.0,0.0,0.0,0.0,0.0,0.0,0.0,0.0,0.0,0.0,0.0,0.0,0.0,0.0,0.0,0.0,0.0,0.0,0.0,0.0,0.0,0.0,0.0,0.0,0.0,0.0,0.0,0.0,0.0,0.0,0.0,0.0,0.0,0.0,0.0,0.0,0.0,0.0,0.0,0.0,0.0,0.0,0.0,0.0,0.0,0.0,0.0,0.0,0.0,0.0,0.0,0.0,0.0,0.0,0.0,0.0,0.0,0.0,0.0,0.0,0.0,0.0,0.0,0.0,0.0,0.0
ENCFF000YZS,0.09436636617502236,54060,58,1576,17778,344,42957,2205,123,163,132,330,1349,1024,2256,10080,9918,1165,163,1875,2896,75,253,27,19,24,469,3505,1559,10452,1444,117,200,210,887,790,92,817,4,6,3323,4638,15,275,7,15,200,2491,9416,453,254,463,720,188,106,2884,78,151,201,48,265,702,108,4355,130,92,1107,24,18136,21820,2867,507,378,1227,2254,105,583,259,420,439,111,494,514,1689,290,295,1566,2,429,261,5,485,36,3,498,606,6993,73544,4549,48,12589,17015,1048,14923,544,298,2161,639,665,9,1199,3301,3458,39,2317,14613,1063,11814,270,1141,1072,3751,505,15771,665,3080,1297,257,1131,159,73,12184,2965,1791,6907,2239,5625,11753,890,1962,988,597,1869,17984,96,606,32,54,16,14,849,111,207,5257,2013,312,1913,18485,1582,184,557,273,238,1223,2360,2197,2331,30,43,6,484,4,846,354,366,228,98,3,428,271,444,6601,3088,19918,1123,11177,13710,6440,13608,5895,12427,67,11809,13751,5059,4094,9816,7964,2448,374,762,303,26,252,464,75,19,8,17,2068,92,15394,5711,2305,72,72978,16265,1817,11659,7582,425,329,16371,8202,24395,2263,20005,111,20815,30,174,455,71,145,393,133,1674,858,10,315,426,301,445,226,1144,716,181,88,2056,1350,867,1057,598,183,332,329,186,210,137,224,568,2028,623,194,800,1057,914,4564,6474,2319,1065,1338,653,397,284,287,478,259,71,2833,262,401,2237,179,761,217,1739,501,513,281,427,123,261,307,1191,1165,414,491,366,1123,674,342,450,426,1712,14,28,217,277,264,174,6442,58,4412,17,252,37,2699,303,3005,3313,3680,6,1013,26,98,572,1675,24364,504,1050,937,467,195,1094,58,45,231,6192,2601,1410,577,19,111,60,8,16,309,626,1131,253,1863,334,264,520,20689,415,960,54378,199,2404,459,2246,3480,1121,162,1373,4851,387,458,446,227,215,173,16414,525,494,488,239,568,554,10704,14,4334,982,11,12183,2996,26,106,3155,277,31,2945,403,730,157,1325,547,7035,1436,620,403,488,204,499,406,637,282,0,484,13,947,26,25,59,544,62,243,245,18316,1060,4504,2556,710,205,373,79,15289,389,6522,1402,5610,491,123,1378,10,12649,2357,4522,18556,604,6473,185,73,188,629,196,477,341,662,3370,441,17,238,517,8,7,1693,1656,1,613,122,9930,16554,12864,3008,14966,1684,126,29109,35755,5744,17595,26326,33034,95,86,368,375,93,420,550,105,178,253,3392,0.0,0.0,0.0,0.0,0.0,0.0,0.0,0.0,0.0,0.0,0.0,0.0,0.0,0.0,0.0,0.0,0.0,0.0,0.0,0.0,0.0,0.0,0.0,0.0,0.0,0.0,0.0,0.0,0.0,0.0,0.0,0.0,0.0,0.0,0.0,0.0,0.0,0.0,0.0,0.0,0.0,0.0,0.0,0.0,0.0,0.0,0.0,0.0,0.0,0.0,0.0,0.0,0.0,0.0,0.0,0.0,0.0,0.0,0.0,0.0,0.0,0.0,0.0,0.0,0.0,0.0,0.0,0.0,0.0,0.0,0.0,0.0,0.0,0.0,0.0,0.0,0.0,0.0,0.0,0.0,0.0,0.0,0.0,0.0,0.0,0.0,0.0,0.0,0.0,0.0,0.0,0.0,0.0,0.0,0.0,0.0,0.0,0.0,0.0,0.0,0.0,0.0,0.0,0.0,0.0,0.0,0.0,0.0,0.0,0.0,0.0,0.0,0.0,0.0,0.0,0.0,0.0,0.0,0.0,0.0,0.0,0.0,0.0,0.0,0.0,0.0,0.0,0.0,0.0,0.0,0.0,0.0,0.0,0.0,0.0,0.0,0.0,0.0,0.0,0.0,0.0,0.0,0.0,0.0,0.0,0.0,0.0,0.0,0.0,0.0
ENCFF245KJA,0.18964910014300015,134427,334,2850,31339,630,128580,5456,332,424,288,1136,6345,3679,9474,16334,42332,3384,651,5530,5072,166,764,66,88,69,822,10427,3507,29668,3793,250,170,493,2057,1754,85,2200,28,100,8711,11340,91,648,27,107,708,6420,17761,1087,740,1199,1513,461,353,6229,187,372,342,117,909,4762,433,13262,402,299,2617,1222,44140,42450,7087,1205,770,2379,5731,336,1395,640,811,923,243,1126,1238,3577,511,625,4125,16,958,656,47,1116,165,34,1094,1237,18824,165054,9528,101,26299,37870,2576,32765,1373,688,5098,1513,1551,23,2741,6527,6977,126,4741,32593,2414,46474,316,1728,1559,7783,735,65458,1360,5540,2558,688,2341,437,79,30125,13431,8501,32437,9415,12669,28012,999,4749,4856,1290,4687,48367,484,1603,168,99,42,32,2553,432,2952,9710,4218,637,3728,33439,3264,455,1232,836,788,2858,3404,3337,5597,55,136,41,1139,42,1574,619,1101,768,106,10,717,764,1212,13865,6832,43638,2476,29707,33187,13600,26248,13518,27349,340,26180,31749,10497,8758,23127,17356,4949,895,1477,563,241,657,1030,153,70,23,56,4272,269,39280,10987,11703,223,183926,35382,4633,25282,24790,1134,866,36373,16304,53563,4461,38434,101,39464,46,298,2423,630,316,1011,199,4185,2917,32,745,984,638,973,444,2518,1575,169,228,5724,3280,2275,3000,1465,349,767,771,454,421,299,463,1268,4598,1155,423,1761,2654,2226,10005,42505,6067,2566,3383,1434,855,630,650,1045,539,112,7017,588,1184,5192,381,1802,522,4063,1270,1081,663,961,186,558,611,2732,2269,853,1015,855,2334,1658,1034,785,1083,4308,29,48,457,703,556,445,15220,94,9001,28,413,76,6786,829,6994,6238,7704,33,3170,152,153,1594,4195,85101,1040,2401,2097,1097,603,2777,200,740,1145,15311,8129,19620,1433,37,132,63,9,72,787,1044,2297,664,3455,579,572,2492,53456,887,2238,112989,620,6409,1116,6540,11000,2442,346,4417,10800,900,1092,1103,463,479,370,55237,1331,1109,1226,439,1245,1337,24690,79,11724,1913,82,26184,7218,21,302,5384,766,61,7303,932,1159,245,3460,1152,20870,3042,1505,867,1185,595,1144,940,1381,980,22,811,62,2213,198,79,179,1377,406,528,715,29877,1517,9390,4878,1194,582,743,123,34212,458,14636,2201,11418,1634,263,3006,230,27141,5269,9277,40193,2650,21300,260,258,423,1451,639,1140,807,1465,6629,1040,31,1352,1156,18,46,3852,4188,9,1388,229,25176,36448,28431,6891,32279,4164,471,63345,83861,11986,37509,63026,74815,350,149,802,757,245,939,1213,301,350,759,6502,0.0,0.0,0.0,0.0,0.0,0.0,0.0,0.0,0.0,0.0,0.0,0.0,0.0,0.0,0.0,0.0,0.0,0.0,0.0,0.0,0.0,0.0,0.0,0.0,0.0,0.0,0.0,0.0,0.0,0.0,0.0,0.0,0.0,0.0,0.0,0.0,0.0,0.0,0.0,0.0,0.0,0.0,0.0,0.0,0.0,0.0,0.0,0.0,0.0,0.0,0.0,0.0,0.0,0.0,0.0,0.0,0.0,0.0,0.0,0.0,0.0,0.0,0.0,0.0,0.0,0.0,0.0,0.0,0.0,0.0,0.0,0.0,0.0,0.0,0.0,0.0,0.0,0.0,0.0,0.0,0.0,0.0,0.0,0.0,0.0,0.0,0.0,0.0,0.0,0.0,0.0,0.0,0.0,0.0,0.0,0.0,0.0,0.0,0.0,0.0,0.0,0.0,0.0,0.0,0.0,0.0,0.0,0.0,0.0,0.0,0.0,0.0,0.0,0.0,0.0,0.0,0.0,0.0,0.0,0.0,0.0,0.0,0.0,0.0,0.0,0.0,0.0,0.0,0.0,0.0,0.0,0.0,0.0,0.0,0.0,0.0,0.0,0.0,0.0,0.0,0.0,0.0,0.0,0.0,0.0,0.0,0.0,0.0,0.0,0.0
ENCFF317LUD,0.11943943575671474,117575,292,4933,47839,581,103068,12177,277,300,369,720,3963,1575,7392,28248,17655,3448,438,8787,7920,172,750,99,90,117,1595,6346,4005,31749,4325,249,429,492,2321,1997,189,2479,26,30,11901,11457,59,662,23,117,944,7192,24768,640,546,1268,1660,402,333,6526,228,376,1034,295,863,1845,473,16149,639,447,1412,63,67118,72326,7323,1309,842,2301,4982,256,1485,562,851,1103,251,1149,1436,3581,420,621,4533,17,1025,576,20,1389,227,62,1441,1678,26479,212512,11456,217,32535,45260,3024,39068,1615,700,5361,1835,2241,32,3742,9486,9737,463,7126,39131,2150,31658,420,1570,2509,9510,591,44701,1937,8355,3659,771,2475,388,121,27875,8554,5540,18933,7731,13705,30416,1189,5917,5399,1497,4715,60745,699,1289,129,87,29,43,2341,249,557,14946,4977,732,5033,50419,4666,504,1433,3111,2090,3639,4834,4616,6188,85,119,134,1152,47,2302,725,3130,269,128,36,915,811,1256,16585,8207,53025,3006,31308,41276,22010,41904,18351,35635,243,31591,38052,12842,10686,30227,22966,8757,1103,1658,1285,96,549,1000,157,48,55,336,6109,173,48181,16656,4344,360,320574,57569,5822,36532,26480,1233,799,57217,29733,82478,4244,60330,395,57726,42,495,958,89,308,1156,399,4756,2462,47,751,1046,676,1052,429,3267,1786,444,309,5828,3325,2527,4052,1344,372,701,885,403,397,300,523,1327,7606,1942,384,2003,3016,2855,11923,111947,4768,2768,3353,1517,1052,838,732,1113,648,134,12340,475,1127,5229,374,1781,388,4753,1144,1173,650,1050,286,509,846,2815,2865,908,1071,859,2444,1793,1006,936,1193,5411,48,81,445,728,579,710,18066,307,11326,30,510,79,7057,796,10405,9132,10923,38,2955,133,193,2609,4199,110957,836,3281,2747,1407,563,3785,228,637,808,21001,10530,3907,1528,151,390,132,24,59,776,2971,3612,711,5847,629,527,1856,56050,833,2492,145603,729,6116,1183,6713,6705,3327,340,1882,9372,958,1262,1334,383,450,322,32484,1485,1035,1435,840,1469,1588,28760,70,12118,2477,93,31958,8995,63,285,8674,1705,81,7488,924,1819,270,4056,1262,22126,5191,1402,907,1443,501,1362,999,1864,1279,38,1294,60,2315,233,113,244,1153,1185,397,1179,48646,1479,12930,8219,1260,913,1102,509,39440,1000,20630,2960,13366,1803,417,3724,43,41153,7833,12248,55397,11436,19015,323,492,374,1108,514,1516,892,1644,12621,1284,27,802,1251,99,67,4134,4208,20,1570,166,28644,53766,38873,10761,39269,4708,498,80571,104887,18426,52242,80558,91441,191,151,826,877,209,1040,1198,445,491,1011,9398,0.0,0.0,0.0,0.0,0.0,0.0,0.0,0.0,0.0,0.0,0.0,0.0,0.0,0.0,0.0,0.0,0.0,0.0,0.0,0.0,0.0,0.0,0.0,0.0,0.0,0.0,0.0,0.0,0.0,0.0,0.0,0.0,0.0,0.0,0.0,0.0,0.0,0.0,0.0,0.0,0.0,0.0,0.0,0.0,0.0,0.0,0.0,0.0,0.0,0.0,0.0,0.0,0.0,0.0,0.0,0.0,0.0,0.0,0.0,0.0,0.0,0.0,0.0,0.0,0.0,0.0,0.0,0.0,0.0,0.0,0.0,0.0,0.0,0.0,0.0,0.0,0.0,0.0,0.0,0.0,0.0,0.0,0.0,0.0,0.0,0.0,0.0,0.0,0.0,0.0,0.0,0.0,0.0,0.0,0.0,0.0,0.0,0.0,0.0,0.0,0.0,0.0,0.0,0.0,0.0,0.0,0.0,0.0,0.0,0.0,0.0,0.0,0.0,0.0,0.0,0.0,0.0,0.0,0.0,0.0,0.0,0.0,0.0,0.0,0.0,0.0,0.0,0.0,0.0,0.0,0.0,0.0,0.0,0.0,0.0,0.0,0.0,0.0,0.0,0.0,0.0,0.0,0.0,0.0,0.0,0.0,0.0,0.0,0.0,0.0
ENCFF944LNC,0.14706763768611747,231201,274,3797,61405,850,185759,10668,491,483,411,554,5462,3469,13928,29540,51527,2913,814,9580,6109,142,689,66,142,74,1742,24121,5371,42390,4144,218,229,668,3566,3354,71,3196,46,5,10338,11682,81,593,125,63,977,9089,39677,2321,771,2721,2623,423,268,5589,128,382,353,195,902,2278,1394,19645,3925,631,6180,52,68925,70734,5881,2164,1323,3428,5103,292,2445,1174,1383,1669,491,2025,2206,3533,809,1308,6751,19,1538,1302,29,1132,316,111,1697,1939,41059,192246,10556,142,28301,42206,4399,36409,2131,1207,4844,1670,1883,35,3597,8285,8489,206,6061,36729,3491,67785,325,1662,2189,8889,720,106245,2467,7333,2799,588,2388,257,105,29527,15406,9732,41691,14073,11879,28627,831,7089,10862,2232,5261,82104,613,1303,175,99,37,81,2372,567,371,11671,4164,477,5057,63001,5334,444,2141,1797,1279,3401,4720,4417,5567,79,145,51,1955,37,2620,1202,850,18165,38,52,889,731,2149,14309,6916,48753,3767,37348,41741,19999,47873,20821,39678,659,31995,40489,11216,9970,29773,21868,6758,1325,2318,1389,67,1363,2048,129,42,30,57,5197,316,69456,16632,17083,711,270315,54470,6479,34423,40141,1210,532,50737,26807,84551,4803,43874,180,39460,18,403,839,78,574,1665,394,6792,3344,55,1384,1411,1160,1874,836,4283,2503,264,263,8090,4677,2749,3180,2836,631,1493,1408,811,544,405,373,2341,6975,1571,663,1994,4181,3439,20304,93013,19248,4207,3493,2031,1620,1213,1151,1706,996,94,8918,912,2265,6141,620,2488,951,5856,2623,1980,1412,1803,256,913,1018,4458,3706,1503,1614,1490,3027,2623,2096,1281,2099,6790,47,83,798,1385,575,815,16400,236,10241,48,294,70,7721,693,8686,8590,11799,50,3738,87,56,3644,3675,165516,1671,2350,3482,1484,584,4235,126,359,1452,26450,12913,4232,1483,20,147,91,24,58,1159,2407,2847,1260,4365,1159,857,4608,114026,1347,2958,121152,825,7230,1886,11313,23735,3948,507,4276,13990,1526,1879,1913,769,615,247,140927,2482,1734,1938,881,2107,2253,30911,37,18985,1847,50,29376,8383,105,438,6832,1062,40,10738,1416,1137,156,5554,1832,32306,4369,3562,1269,2040,1014,1780,1579,1303,1467,37,1149,31,3160,275,33,85,1828,892,577,1569,44638,1828,14187,7206,1188,801,774,352,32409,773,16498,3093,10619,1341,151,2988,17,39505,7567,13491,52718,5484,31984,337,468,701,1874,875,1686,1368,2047,11504,1662,19,794,2069,30,53,3298,3473,23,1498,88,28664,49621,40485,10703,37972,5032,395,99138,108847,18025,49316,82885,92049,553,124,1186,1207,416,1718,832,391,245,881,8917,0.0,0.0,0.0,0.0,0.0,0.0,0.0,0.0,0.0,0.0,0.0,0.0,0.0,0.0,0.0,0.0,0.0,0.0,0.0,0.0,0.0,0.0,0.0,0.0,0.0,0.0,0.0,0.0,0.0,0.0,0.0,0.0,0.0,0.0,0.0,0.0,0.0,0.0,0.0,0.0,0.0,0.0,0.0,0.0,0.0,0.0,0.0,0.0,0.0,0.0,0.0,0.0,0.0,0.0,0.0,0.0,0.0,0.0,0.0,0.0,0.0,0.0,0.0,0.0,0.0,0.0,0.0,0.0,0.0,0.0,0.0,0.0,0.0,0.0,0.0,0.0,0.0,0.0,0.0,0.0,0.0,0.0,0.0,0.0,0.0,0.0,0.0,0.0,0.0,0.0,0.0,0.0,0.0,0.0,0.0,0.0,0.0,0.0,0.0,0.0,0.0,0.0,0.0,0.0,0.0,0.0,0.0,0.0,0.0,0.0,0.0,0.0,0.0,0.0,0.0,0.0,0.0,0.0,0.0,0.0,0.0,0.0,0.0,0.0,0.0,0.0,0.0,0.0,0.0,0.0,0.0,0.0,0.0,0.0,0.0,0.0,0.0,0.0,0.0,0.0,0.0,0.0,0.0,0.0,0.0,0.0,0.0,0.0,0.0,0.0
ENCFF803CCE,0.1206085897427241,611645,129,1764,31484,258,119171,8168,409,176,125,786,3810,1017,3067,18958,11874,1426,512,6504,6385,129,507,57,69,31,1968,39775,3723,19051,3622,96,90,368,2800,2580,16,2680,15,2,7634,7352,31,285,42,40,712,6098,15839,3158,632,1595,1922,106,165,7395,120,254,315,171,1466,2128,212,7774,315,183,9777,101,27963,38075,5250,1515,957,2518,4458,34,1813,810,884,1131,389,1475,2095,2667,530,1138,4290,9,1101,1094,32,771,197,439,904,765,12246,125171,7602,139,20732,27812,3353,24891,1918,932,3078,1447,1976,21,3008,8438,11028,109,5973,34556,985,24515,155,806,722,5140,409,37487,1576,7723,3605,191,1543,100,588,19123,2813,16676,11741,4675,12367,20859,1592,4929,7851,1745,3782,29952,311,3849,14,39,29,8,1195,349,345,12916,2825,166,3384,30771,2085,137,1859,692,371,2075,7943,10014,9731,22,82,17,1312,29,1572,729,4473,478,6,49,633,279,1773,9722,4600,37296,2709,15624,25217,12200,24965,15485,26051,116,19578,25349,11164,7733,23543,14881,3519,816,2793,942,23,825,1565,78,45,13,80,5463,70,31235,9495,3470,387,193827,35843,5636,19217,13349,685,770,25993,16550,41744,3114,38571,220,40018,66,279,1083,42,424,1266,516,5044,1896,39,961,863,712,1335,740,3501,1783,1741,172,5097,3628,1790,2860,2193,388,1269,1251,695,377,286,674,1337,3613,1263,457,1256,3374,2343,7273,52198,42130,2897,4696,1357,1221,966,875,1220,703,241,6069,722,2104,4420,492,1842,740,3996,2138,1533,1171,1301,623,610,490,3199,2426,1196,996,1044,2277,2050,1474,812,1464,3285,50,40,576,1112,707,1463,13522,468,9717,35,99,959,4856,411,7319,9249,9250,11,1880,276,15,1662,2433,66841,2485,1775,3008,828,217,2657,83,117,1102,18277,8127,3321,1049,65,178,109,10,23,692,1569,2085,1071,4388,1032,553,1150,39332,436,1925,89759,525,4710,1208,7555,36761,2503,363,1500,24281,1006,1684,1651,436,338,66,276487,2268,1474,1464,803,1321,1774,19678,44,12936,867,30,28267,6363,35,263,9014,909,104,6963,919,2281,163,4295,1394,15311,1507,10024,915,1525,694,864,1224,1304,765,28,2100,25,3232,200,156,21,4436,149,84,536,31448,920,7258,4052,614,631,728,242,23570,1902,10556,2063,7639,1004,44,2135,9,31677,5870,11122,42175,2117,13540,130,267,532,1414,892,1458,994,1824,6560,1238,44,88,1415,38,15,2017,2003,6,1777,157,18959,28562,24373,6022,23342,3242,385,48519,60650,10527,27613,51119,58027,63,43,808,837,364,1235,564,307,148,651,8190,0.0,0.0,0.0,0.0,0.0,0.0,0.0,0.0,0.0,0.0,0.0,0.0,0.0,0.0,0.0,0.0,0.0,0.0,0.0,0.0,0.0,0.0,0.0,0.0,0.0,0.0,0.0,0.0,0.0,0.0,0.0,0.0,0.0,0.0,0.0,0.0,0.0,0.0,0.0,0.0,0.0,0.0,0.0,0.0,0.0,0.0,0.0,0.0,0.0,0.0,0.0,0.0,0.0,0.0,0.0,0.0,0.0,0.0,0.0,0.0,0.0,0.0,0.0,0.0,0.0,0.0,0.0,0.0,0.0,0.0,0.0,0.0,0.0,0.0,0.0,0.0,0.0,0.0,0.0,0.0,0.0,0.0,0.0,0.0,0.0,0.0,0.0,0.0,0.0,0.0,0.0,0.0,0.0,0.0,0.0,0.0,0.0,0.0,0.0,0.0,0.0,0.0,0.0,0.0,0.0,0.0,0.0,0.0,0.0,0.0,0.0,0.0,0.0,0.0,0.0,0.0,0.0,0.0,0.0,0.0,0.0,0.0,0.0,0.0,0.0,0.0,0.0,0.0,0.0,0.0,0.0,0.0,0.0,0.0,0.0,0.0,0.0,0.0,0.0,0.0,0.0,0.0,0.0,0.0,0.0,0.0,0.0,0.0,0.0,0.0
ENCFF088SMS,0.13195374141027416,155498,83,1508,13533,211,44765,7456,268,182,267,487,2760,954,3180,7927,6706,1468,622,3627,4585,138,640,14,55,47,859,14456,2782,22288,3119,179,138,450,1891,1814,25,2230,22,14,8983,8987,90,321,42,13,596,5322,10443,1257,517,1304,1345,302,214,5575,64,338,183,119,814,1231,109,5457,696,260,4017,42,26812,40334,6855,1147,682,1673,6542,281,1346,568,689,832,234,1006,1282,2640,405,635,3588,18,769,660,17,867,165,20,1258,657,7258,123123,7549,91,20726,31052,2410,26385,1338,590,3977,1386,1516,21,2936,6794,6815,164,4203,40451,1048,24250,99,514,726,5850,270,33064,1217,6134,2242,417,2010,237,87,26045,3483,9177,9679,3320,13933,24986,501,3859,3344,1275,3328,24961,414,1189,47,81,26,46,1883,429,290,9013,3431,363,3713,14437,1539,367,1293,808,549,2169,4410,4338,5178,32,114,38,1040,38,1348,514,849,16127,12,19,421,543,1225,12770,5625,38365,2143,19009,27682,11240,22464,13012,24646,206,23981,29061,10492,8136,23397,16432,4084,885,1624,632,30,665,1047,100,22,42,108,3774,154,35051,7532,4092,583,114614,27439,3871,18574,10498,1071,470,25924,12968,31763,1083,37544,87,35638,29,286,696,48,302,949,356,3762,2385,36,677,673,545,901,443,2391,1469,270,170,4844,3025,1625,3505,1444,332,749,771,377,287,204,362,1158,3473,702,318,1155,2457,1863,5918,24376,9987,2431,3103,1058,789,674,617,859,494,146,7291,513,1261,4663,307,1574,490,3533,1219,1009,633,916,287,464,540,2313,1731,753,840,691,2189,1566,1056,612,1055,3298,19,37,388,690,563,347,12705,179,8203,25,208,83,5135,682,7180,5759,6647,21,2337,69,62,1171,2937,38352,1161,1959,2287,901,290,2320,82,256,1159,13247,5333,2358,1266,27,150,53,19,38,599,900,1817,799,3039,566,470,802,21461,724,1602,95634,375,5147,886,6167,14416,1955,276,3495,8384,726,1062,1061,375,278,203,82299,1385,922,1096,511,1207,1300,20806,36,10979,1235,28,24040,6965,79,379,5266,1058,45,6036,752,1889,131,3508,1015,12419,1444,2266,726,1093,561,930,867,1417,861,30,1087,34,1990,194,40,82,1055,316,166,511,10644,480,4942,2444,381,601,572,178,27960,510,9882,1626,8548,1200,84,2348,20,25143,4942,8295,35306,1704,9826,131,207,417,932,422,994,708,1030,5517,928,12,667,928,34,27,2830,3063,7,816,136,21527,28523,22222,5501,25436,3466,354,47336,66845,9214,27836,52993,60727,131,86,665,567,225,788,961,223,172,562,6100,0.0,0.0,0.0,0.0,0.0,0.0,0.0,0.0,0.0,0.0,0.0,0.0,0.0,0.0,0.0,0.0,0.0,0.0,0.0,0.0,0.0,0.0,0.0,0.0,0.0,0.0,0.0,0.0,0.0,0.0,0.0,0.0,0.0,0.0,0.0,0.0,0.0,0.0,0.0,0.0,0.0,0.0,0.0,0.0,0.0,0.0,0.0,0.0,0.0,0.0,0.0,0.0,0.0,0.0,0.0,0.0,0.0,0.0,0.0,0.0,0.0,0.0,0.0,0.0,0.0,0.0,0.0,0.0,0.0,0.0,0.0,0.0,0.0,0.0,0.0,0.0,0.0,0.0,0.0,0.0,0.0,0.0,0.0,0.0,0.0,0.0,0.0,0.0,0.0,0.0,0.0,0.0,0.0,0.0,0.0,0.0,0.0,0.0,0.0,0.0,0.0,0.0,0.0,0.0,0.0,0.0,0.0,0.0,0.0,0.0,0.0,0.0,0.0,0.0,0.0,0.0,0.0,0.0,0.0,0.0,0.0,0.0,0.0,0.0,0.0,0.0,0.0,0.0,0.0,0.0,0.0,0.0,0.0,0.0,0.0,0.0,0.0,0.0,0.0,0.0,0.0,0.0,0.0,0.0,0.0,0.0,0.0,0.0,0.0,0.0
ENCFF177FBU,0.09241557543346658,9401,22,992,8910,89,35897,4749,115,68,83,148,894,430,1293,2868,5816,544,270,1461,1524,45,258,11,12,8,376,58,892,5644,3169,53,27,153,535,489,7,630,5,1,2315,4077,8,168,16,3,252,1909,4882,1,214,360,332,137,90,4116,26,122,48,33,277,392,148,2621,899,90,25,5,11544,16132,2765,301,163,511,3158,81,379,183,203,255,77,310,339,1224,134,218,1079,2,230,200,2,338,904,31,1116,281,3216,54537,3511,75,9210,15298,716,13241,350,195,2136,720,794,6,1968,4383,4522,26,1487,14769,376,7375,43,184,300,2414,69,10141,353,1702,759,159,836,63,11,11849,1553,35,4563,1436,5057,10292,4,1163,1442,376,1429,9928,106,47,57,48,12,17,784,184,146,3209,1405,106,1069,8192,745,121,384,246,237,890,1734,1862,4454,25,67,5,296,5,376,170,193,406,1,3,163,277,342,4914,2004,23994,789,7268,10076,3760,6211,4724,7472,80,8697,10206,7755,4160,9156,6470,1334,291,12,190,15,205,289,45,7,1,27,1143,25,10100,2953,1901,125,74749,10257,1245,8311,4992,439,108,10524,4815,13698,561,17232,34,15774,49,179,167,2,59,227,237,1536,1269,57,218,237,170,255,144,671,402,1146,61,1604,1275,752,1889,439,110,216,225,114,83,81,499,362,1815,284,89,405,790,530,3080,7997,60,752,2513,347,237,167,166,247,172,261,2521,163,372,2226,90,522,145,1577,351,296,203,275,612,137,171,748,552,242,255,212,1157,535,366,204,294,1213,7,10,113,213,199,70,6533,27,4487,4,91,30,1947,475,3554,1899,6083,14,891,11,17,265,2236,17437,189,566,1025,410,4,694,27,88,612,4486,2256,832,508,5,18,8,1,7,176,168,601,167,982,195,130,406,12894,60,482,37414,128,2048,229,1795,162,669,72,28,949,201,278,298,99,88,68,474,445,249,324,190,318,305,7718,15,4418,443,6,12754,5678,4,130,1709,178,9,2573,177,1452,49,1180,288,4218,769,95,179,307,169,262,219,421,89,1,268,5,728,8,7,24,59,63,65,141,6562,181,1879,883,132,215,165,40,15785,31,4437,352,4170,447,55,848,1,8781,2058,3242,15385,638,4573,41,33,130,258,126,228,204,459,856,263,3,44,317,3,3,1121,1298,1,33,19,8610,13645,10132,2144,9894,1711,119,17910,32498,4798,12649,22998,24958,81,34,175,207,67,234,676,171,88,352,1835,0.0,0.0,0.0,0.0,0.0,0.0,0.0,0.0,0.0,0.0,0.0,0.0,0.0,0.0,0.0,0.0,0.0,0.0,0.0,0.0,0.0,0.0,0.0,0.0,0.0,0.0,0.0,0.0,0.0,0.0,0.0,0.0,0.0,0.0,0.0,0.0,0.0,0.0,0.0,0.0,0.0,0.0,0.0,0.0,0.0,0.0,0.0,0.0,0.0,0.0,0.0,0.0,0.0,0.0,0.0,0.0,0.0,0.0,0.0,0.0,0.0,0.0,0.0,0.0,0.0,0.0,0.0,0.0,0.0,0.0,0.0,0.0,0.0,0.0,0.0,0.0,0.0,0.0,0.0,0.0,0.0,0.0,0.0,0.0,0.0,0.0,0.0,0.0,0.0,0.0,0.0,0.0,0.0,0.0,0.0,0.0,0.0,0.0,0.0,0.0,0.0,0.0,0.0,0.0,0.0,0.0,0.0,0.0,0.0,0.0,0.0,0.0,0.0,0.0,0.0,0.0,0.0,0.0,0.0,0.0,0.0,0.0,0.0,0.0,0.0,0.0,0.0,0.0,0.0,0.0,0.0,0.0,0.0,0.0,0.0,0.0,0.0,0.0,0.0,0.0,0.0,0.0,0.0,0.0,0.0,0.0,0.0,0.0,0.0,0.0
ENCFF000VQC,0.08441395435246567,3258,3,228,1779,37,4055,375,27,39,17,50,151,289,459,1024,1633,242,39,348,339,21,62,11,13,4,43,145,197,1223,281,30,12,31,96,73,3,98,2,0,518,869,1,50,4,3,38,352,1386,6,58,45,63,33,37,767,18,23,22,12,76,84,21,459,25,20,57,1,2637,3516,607,58,25,95,550,23,67,42,49,50,11,65,79,288,33,23,144,1,54,26,4,127,20,4,107,77,572,12389,768,8,2192,3032,169,2694,112,46,367,127,117,5,196,661,667,13,287,2744,150,1744,25,134,126,635,66,2500,72,406,186,92,296,70,10,2558,843,92,1716,479,1382,2326,30,246,217,61,250,1971,28,30,5,7,3,1,168,23,40,619,345,45,286,1925,182,60,58,158,153,176,347,298,548,6,9,11,52,1,113,37,179,610,3,0,36,59,47,1225,553,3426,145,1914,2238,970,1862,831,1757,25,2016,2318,883,779,1680,1375,445,53,30,39,3,24,41,14,10,8,5,267,22,2209,695,883,17,11491,2276,211,1977,1100,77,40,2589,1129,2973,260,3127,9,3397,7,13,43,20,12,44,17,198,151,5,30,57,36,49,23,150,79,21,13,288,214,127,217,74,18,35,36,33,23,22,25,58,287,68,24,116,146,120,712,1288,82,119,285,75,42,24,22,47,33,12,580,24,45,398,17,81,29,250,61,64,42,46,10,27,29,109,98,59,49,43,197,109,40,43,50,185,4,3,28,23,32,14,1217,9,689,2,47,14,455,75,532,441,438,0,178,9,19,75,332,3880,51,171,133,74,6,123,9,22,40,827,385,181,114,6,24,11,2,1,36,114,212,42,225,41,26,99,2875,23,108,9011,29,437,63,277,139,151,21,52,341,45,57,60,30,26,14,652,72,45,62,15,63,60,1940,9,678,155,2,2101,482,4,33,369,70,1,419,43,78,36,175,64,750,166,57,63,71,20,78,31,105,36,2,72,2,144,12,2,17,35,37,58,49,1710,135,523,321,84,27,54,24,3199,11,1042,146,1055,104,20,221,1,2063,415,588,2828,102,1046,12,14,19,64,20,59,33,72,421,45,0,33,61,2,3,387,357,3,26,14,1820,2493,1828,437,2653,318,36,4872,6080,811,2535,4543,5630,25,28,44,54,11,44,101,12,32,61,387,0.0,0.0,0.0,0.0,0.0,0.0,0.0,0.0,0.0,0.0,0.0,0.0,0.0,0.0,0.0,0.0,0.0,0.0,0.0,0.0,0.0,0.0,0.0,0.0,0.0,0.0,0.0,0.0,0.0,0.0,0.0,0.0,0.0,0.0,0.0,0.0,0.0,0.0,0.0,0.0,0.0,0.0,0.0,0.0,0.0,0.0,0.0,0.0,0.0,0.0,0.0,0.0,0.0,0.0,0.0,0.0,0.0,0.0,0.0,0.0,0.0,0.0,0.0,0.0,0.0,0.0,0.0,0.0,0.0,0.0,0.0,0.0,0.0,0.0,0.0,0.0,0.0,0.0,0.0,0.0,0.0,0.0,0.0,0.0,0.0,0.0,0.0,0.0,0.0,0.0,0.0,0.0,0.0,0.0,0.0,0.0,0.0,0.0,0.0,0.0,0.0,0.0,0.0,0.0,0.0,0.0,0.0,0.0,0.0,0.0,0.0,0.0,0.0,0.0,0.0,0.0,0.0,0.0,0.0,0.0,0.0,0.0,0.0,0.0,0.0,0.0,0.0,0.0,0.0,0.0,0.0,0.0,0.0,0.0,0.0,0.0,0.0,0.0,0.0,0.0,0.0,0.0,0.0,0.0,0.0,0.0,0.0,0.0,0.0,0.0
ENCFF341MZE,0.19887153010357322,545385,1775,6907,39550,383,74490,13169,365,623,546,1908,5189,3356,7123,18658,22959,4754,1182,13386,10579,550,1797,146,209,316,1576,44559,4069,32405,8323,700,997,919,2126,1797,956,3297,78,150,15971,24596,140,1369,40,782,1226,8879,20108,4660,778,776,1373,1137,1130,16930,424,859,835,617,1828,3006,398,12016,672,1445,10732,544,68807,88398,18556,1197,676,9710,15387,674,1397,528,808,977,186,973,1412,8100,436,473,3945,42,832,463,47,3486,788,201,2968,1212,13054,339385,24163,202,63567,85131,3847,73100,1538,606,12637,4024,4023,42,7360,17851,18837,476,7422,70840,2502,27343,190,923,1649,16575,366,28366,1404,12550,6275,2373,6732,780,316,75365,11962,23573,28002,8016,30564,64514,6062,6884,7715,1293,11825,41905,1215,6453,95,284,79,86,5397,769,2315,18690,11108,1486,8273,38347,2977,1063,1263,6608,5714,5601,9148,8039,15588,137,353,224,874,50,1886,568,5088,7261,341,2,4196,1553,1179,33724,15752,96552,3395,46953,62523,24063,34067,21853,39349,534,54748,62021,22252,20469,49532,40682,14415,1410,7012,1731,90,428,821,529,128,179,181,7509,413,42605,15155,8520,895,750019,68163,12235,57095,22114,3276,1415,72806,34904,76339,2391,104357,319,105679,110,712,2327,997,287,1100,486,5201,4896,187,567,912,563,941,419,3381,1787,1020,503,7356,5270,3500,6853,1106,251,622,710,320,334,258,1383,1004,8775,1386,302,2857,3121,2786,11467,23313,20406,2990,7823,1835,867,727,605,898,440,568,20336,482,826,11446,411,2366,391,6592,907,1054,425,925,988,374,1188,2758,2377,765,905,722,4896,2128,838,757,797,4421,69,33,374,594,1107,218,34998,477,23133,41,1207,153,13363,2021,17889,13208,12674,53,5666,184,493,3252,8862,78162,2942,5647,3694,2186,1079,3582,546,799,2437,25857,14250,7757,3402,161,367,265,27,134,590,3451,6167,797,7198,519,470,2796,52048,1905,2500,257860,1419,12149,1043,7285,47768,3524,310,17732,47279,698,1245,1419,333,453,864,225079,1499,1114,1392,742,1330,1616,52437,191,17505,4682,199,60056,15655,92,717,10691,2425,103,9910,783,3739,750,4580,1226,16667,2480,13177,739,1334,454,1348,887,3162,1442,116,2129,53,3471,807,49,407,7649,2149,697,1620,32250,920,8446,5073,779,923,2136,573,87078,2744,32902,8827,29327,3823,622,6070,154,66593,12473,19601,94310,2333,17586,658,1123,359,2142,1601,1341,681,1926,15612,1176,58,7885,920,80,120,10173,9969,37,8550,440,56656,71768,47187,12697,75683,8796,1141,109795,177301,20748,71686,127500,163957,509,385,655,654,262,807,3923,675,1059,1430,11761,0.0,0.0,0.0,0.0,0.0,0.0,0.0,0.0,0.0,0.0,0.0,0.0,0.0,0.0,0.0,0.0,0.0,0.0,0.0,0.0,0.0,0.0,0.0,0.0,0.0,0.0,0.0,0.0,0.0,0.0,0.0,0.0,0.0,0.0,0.0,0.0,0.0,0.0,0.0,0.0,0.0,0.0,0.0,0.0,0.0,0.0,0.0,0.0,0.0,0.0,0.0,0.0,0.0,0.0,0.0,0.0,0.0,0.0,0.0,0.0,0.0,0.0,0.0,0.0,0.0,0.0,0.0,0.0,0.0,0.0,0.0,0.0,0.0,0.0,0.0,0.0,0.0,0.0,0.0,0.0,0.0,0.0,0.0,0.0,0.0,0.0,0.0,0.0,0.0,0.0,0.0,0.0,0.0,0.0,0.0,0.0,0.0,0.0,0.0,0.0,0.0,0.0,0.0,0.0,0.0,0.0,0.0,0.0,0.0,0.0,0.0,0.0,0.0,0.0,0.0,0.0,0.0,0.0,0.0,0.0,0.0,0.0,0.0,0.0,0.0,0.0,0.0,0.0,0.0,0.0,0.0,0.0,0.0,0.0,0.0,0.0,0.0,0.0,0.0,0.0,0.0,0.0,0.0,0.0,0.0,0.0,0.0,0.0,0.0,0.0
ENCFF653TMK,0.19446112295210635,124166,371,11389,97037,2275,209611,9988,502,898,361,951,6974,10179,16825,45954,63982,6580,687,6966,11983,199,780,166,55,68,1276,5835,6215,64515,5221,433,559,707,3374,2975,311,3179,51,20,13223,16149,146,1112,107,75,946,9916,38879,761,866,1890,2896,704,502,7994,185,441,715,239,1129,3214,934,20364,524,813,1707,131,79242,78842,8457,1977,1399,3323,6129,193,2173,906,1580,1792,380,1779,2069,5688,725,918,7046,29,1668,861,40,1847,415,56,2481,2942,51985,300865,18197,257,45866,62603,4374,53948,2092,1217,7176,2489,2837,30,4210,10386,10212,179,7865,46663,6871,50972,1893,8463,7458,17502,4137,90045,2961,10554,5658,1513,3714,659,173,42404,26320,4195,55735,16491,15150,38655,1906,9547,1986,2062,5614,55762,557,1223,229,186,52,67,3035,522,891,20294,6615,966,7333,100208,7449,585,2067,1954,1829,4433,8940,7665,6278,128,254,65,1909,71,3737,1130,1929,713,180,33,1359,1302,1903,23175,10219,71532,3971,53588,52409,25969,59352,24802,53713,468,46579,57304,16596,14856,37005,28142,10093,1723,956,989,100,897,1609,273,192,73,92,6958,577,74402,24592,24141,567,293127,59583,5752,40449,41798,1372,1050,68013,32526,102534,11998,62525,289,59815,80,615,1364,541,526,1853,315,6430,2804,67,1216,1679,1164,1703,723,4362,2549,353,379,7514,4516,3019,3487,2066,683,996,1416,677,660,488,795,2038,9980,2588,692,3051,4026,4129,25034,65495,4246,3727,4710,2526,1544,1286,1296,1842,1023,172,11081,767,1365,7346,717,2577,611,6838,1952,1810,1132,1806,392,809,1331,4307,4772,1560,1763,1238,3555,2623,1136,1492,1668,7725,74,115,745,1170,693,1528,21691,314,15828,64,937,160,9123,974,11280,11835,10210,51,4332,258,258,1614,4624,113020,1090,3443,3431,1424,454,5825,176,204,693,27361,8060,6730,1689,150,517,246,45,125,1318,2101,3613,974,7141,991,757,3526,118492,993,4263,209769,1081,7564,1869,9063,6729,5003,501,3585,15915,1436,1894,2007,654,734,501,35116,2178,1870,1953,780,2034,2307,38963,198,15278,4138,107,37934,10740,23,303,10093,1078,99,10332,1644,1818,396,5303,2071,49017,8389,1889,1445,2162,818,1945,1722,1742,1115,20,1826,44,3099,353,214,221,1410,1898,1898,1828,81298,7149,22883,14983,3805,1100,1547,255,51934,838,23870,3647,17626,1836,832,4594,134,49740,9419,17176,71866,4011,28001,629,278,614,1918,724,1991,1441,2768,15439,1882,77,819,1852,59,60,5953,5194,41,1253,272,36150,72977,51827,13797,55130,6031,419,128145,154976,25070,76800,104301,126629,434,334,1311,1310,423,1643,1737,570,658,1120,11640,0.0,0.0,0.0,0.0,0.0,0.0,0.0,0.0,0.0,0.0,0.0,0.0,0.0,0.0,0.0,0.0,0.0,0.0,0.0,0.0,0.0,0.0,0.0,0.0,0.0,0.0,0.0,0.0,0.0,0.0,0.0,0.0,0.0,0.0,0.0,0.0,0.0,0.0,0.0,0.0,0.0,0.0,0.0,0.0,0.0,0.0,0.0,0.0,0.0,0.0,0.0,0.0,0.0,0.0,0.0,0.0,0.0,0.0,0.0,0.0,0.0,0.0,0.0,0.0,0.0,0.0,0.0,0.0,0.0,0.0,0.0,0.0,0.0,0.0,0.0,0.0,0.0,0.0,0.0,0.0,0.0,0.0,0.0,0.0,0.0,0.0,0.0,0.0,0.0,0.0,0.0,0.0,0.0,0.0,0.0,0.0,0.0,0.0,0.0,0.0,0.0,0.0,0.0,0.0,0.0,0.0,0.0,0.0,0.0,0.0,0.0,0.0,0.0,0.0,0.0,0.0,0.0,0.0,0.0,0.0,0.0,0.0,0.0,0.0,0.0,0.0,0.0,0.0,0.0,0.0,0.0,0.0,0.0,0.0,0.0,0.0,0.0,0.0,0.0,0.0,0.0,0.0,0.0,0.0,0.0,0.0,0.0,0.0,0.0,0.0
ENCFF000PYJ,0.14979876828014502,85390,249,3523,42531,696,99795,7199,362,397,344,2351,3655,2643,6080,23107,23458,3059,450,7934,21117,323,803,109,54,67,1052,1854,3411,23840,8121,254,197,472,2013,1650,62,1939,12,2626,16836,11408,54,660,34,39,623,5911,19756,214,597,1091,1482,490,354,12179,156,328,560,149,863,1699,274,8678,274,450,556,129,43097,62421,10591,1093,749,1476,5585,295,1222,558,822,940,205,1002,1243,3903,491,578,3776,12,941,534,11,1198,150,22,1893,1242,16531,235960,11342,114,30573,44671,2655,37712,1171,636,6100,1716,3496,16,4006,12831,13784,108,14815,36915,2108,27882,417,1891,2029,9084,778,38535,1330,13023,15636,8504,2878,384,141,32314,8114,1438,15114,5811,16972,30388,370,5092,3512,1246,4049,41892,587,451,137,101,29,39,2349,272,1883,42332,5019,762,4220,42582,3335,444,1293,1300,923,3248,9432,9534,10091,119,103,41,1044,20,1876,629,1152,1878,58,1,593,731,1069,16119,7585,46854,2484,28280,33649,16486,30452,16257,33983,255,29534,35579,11597,9629,38969,20333,5776,1018,429,1042,65,532,921,170,72,19,87,9584,208,35507,12673,6844,204,206432,38833,3666,28254,17108,1299,2186,40694,21121,55041,4518,58352,242,58678,63,401,2164,266,304,1003,279,4215,2188,177,716,1004,600,941,455,2590,1476,366,227,5110,3161,2254,3249,1255,327,710,709,372,367,257,503,1193,5242,1474,389,1822,2442,2308,8816,17710,1326,2446,4508,1377,861,668,699,1024,528,138,7847,525,908,5384,346,1561,428,4450,1063,1063,593,958,341,491,667,2554,2416,863,968,797,2531,1509,802,813,955,4110,35,39,449,646,780,410,17773,164,12814,25,541,65,6705,886,9131,12106,13055,18,2969,124,196,1438,4445,61690,766,2247,2169,1094,100,2906,195,210,772,16161,16755,3770,1464,55,268,153,20,69,698,1484,3000,614,4318,538,513,1328,49208,461,2169,133179,588,6278,1035,5467,2223,2661,288,703,5058,854,1055,1143,428,437,296,9925,1249,963,1092,1610,1276,1290,26627,61,11023,2432,30,35869,7688,33,297,6704,763,83,6895,815,2314,352,3348,1159,16389,3435,800,843,1167,456,1267,984,3339,874,20,1121,47,6737,175,70,170,557,501,509,678,40164,1800,9563,5158,1233,487,1263,328,44587,250,17577,1969,13387,1493,336,3188,54,37236,7109,12768,65983,1918,13425,259,333,352,957,526,1180,745,1465,7959,1064,35,288,1070,24,24,4283,4646,13,412,191,25805,41092,30390,7364,36465,4233,351,68751,90504,13664,42802,67008,81350,224,190,808,717,221,910,1421,327,447,724,11581,0.0,0.0,0.0,0.0,0.0,0.0,0.0,0.0,0.0,0.0,0.0,0.0,0.0,0.0,0.0,0.0,0.0,0.0,0.0,0.0,0.0,0.0,0.0,0.0,0.0,0.0,0.0,0.0,0.0,0.0,0.0,0.0,0.0,0.0,0.0,0.0,0.0,0.0,0.0,0.0,0.0,0.0,0.0,0.0,0.0,0.0,0.0,0.0,0.0,0.0,0.0,0.0,0.0,0.0,0.0,0.0,0.0,0.0,0.0,0.0,0.0,0.0,0.0,0.0,0.0,0.0,0.0,0.0,0.0,0.0,0.0,0.0,0.0,0.0,0.0,0.0,0.0,0.0,0.0,0.0,0.0,0.0,0.0,0.0,0.0,0.0,0.0,0.0,0.0,0.0,0.0,0.0,0.0,0.0,0.0,0.0,0.0,0.0,0.0,0.0,0.0,0.0,0.0,0.0,0.0,0.0,0.0,0.0,0.0,0.0,0.0,0.0,0.0,0.0,0.0,0.0,0.0,0.0,0.0,0.0,0.0,0.0,0.0,0.0,0.0,0.0,0.0,0.0,0.0,0.0,0.0,0.0,0.0,0.0,0.0,0.0,0.0,0.0,0.0,0.0,0.0,0.0,0.0,0.0,0.0,0.0,0.0,0.0,0.0,0.0
ENCFF000ZID,0.15781236501668716,115159,190,3983,39614,972,200667,5466,425,406,344,399,3190,4035,7608,16685,49336,2829,333,5866,5136,90,460,74,29,41,980,8783,3629,19652,2793,137,319,415,2121,1741,255,1756,19,10,6776,7752,53,527,39,56,635,5558,19802,683,476,1305,1733,289,214,3750,117,269,314,113,540,1369,596,15264,272,384,2196,33,51493,43400,4271,1203,803,2416,2858,198,1315,594,900,996,281,1210,1217,2630,534,668,3923,20,1075,597,35,833,178,47,1299,1527,21923,143384,7498,121,19940,29961,2676,26149,1223,707,3304,1012,1288,26,1959,5090,5154,69,4114,23092,2773,23456,536,2172,2561,7132,937,36809,1585,4793,2261,543,1619,462,74,17709,11196,4428,19507,7486,6543,18772,1147,4569,4078,1314,4038,49497,395,1353,95,79,27,25,1668,246,364,9248,3200,619,3447,40934,3731,307,1373,689,678,2673,3272,2913,3328,29,119,41,1139,19,2259,684,619,259,91,31,1256,507,1175,10527,5119,35065,2342,26819,28709,13854,27720,12662,27769,224,22091,27232,7769,6425,18587,14251,4739,985,1615,848,147,636,1088,127,69,28,19,3497,284,37580,12763,11423,180,160526,36024,4300,23224,27193,723,486,37747,18723,62481,4824,28503,131,27401,38,227,553,53,334,1089,220,3936,1796,31,765,1138,723,1091,501,2615,1528,151,205,4680,2581,1851,1797,1420,424,721,832,433,389,268,282,1310,5563,1420,419,1558,2427,2508,12169,75476,3980,2421,2019,1347,960,702,790,1119,667,76,5488,581,937,3958,385,1542,437,4137,1293,1155,789,1040,142,553,689,2768,2824,944,1078,855,1818,1622,1029,929,1141,4885,23,27,453,728,323,466,10175,84,6709,24,483,37,5212,417,5087,5306,6841,27,2067,100,114,1817,2430,93938,928,1646,1905,815,469,2935,117,278,441,15558,6978,2807,864,19,115,69,15,43,772,1015,1983,558,3395,606,576,1670,52486,792,2517,91583,546,4493,1130,5668,8153,2584,327,2927,8834,946,1095,1190,418,498,307,40597,1243,1048,1168,609,1259,1387,20803,53,9801,1811,33,19219,5088,45,177,5011,469,39,6569,921,796,228,3212,1226,25059,3476,1723,930,1193,542,1210,1050,944,838,20,836,26,1615,97,21,150,972,354,647,858,28494,2212,10661,6139,1452,484,506,199,22859,1413,12644,2779,8021,826,284,2164,19,25875,4903,8426,36535,6082,18403,335,150,375,1538,521,1150,893,1710,7022,1163,39,1157,1214,21,33,2550,2565,8,1580,109,17847,39277,29873,7872,26895,3174,690,67246,77903,13155,38359,56796,64368,298,118,884,738,192,1020,782,322,269,573,6046,0.0,0.0,0.0,0.0,0.0,0.0,0.0,0.0,0.0,0.0,0.0,0.0,0.0,0.0,0.0,0.0,0.0,0.0,0.0,0.0,0.0,0.0,0.0,0.0,0.0,0.0,0.0,0.0,0.0,0.0,0.0,0.0,0.0,0.0,0.0,0.0,0.0,0.0,0.0,0.0,0.0,0.0,0.0,0.0,0.0,0.0,0.0,0.0,0.0,0.0,0.0,0.0,0.0,0.0,0.0,0.0,0.0,0.0,0.0,0.0,0.0,0.0,0.0,0.0,0.0,0.0,0.0,0.0,0.0,0.0,0.0,0.0,0.0,0.0,0.0,0.0,0.0,0.0,0.0,0.0,0.0,0.0,0.0,0.0,0.0,0.0,0.0,0.0,0.0,0.0,0.0,0.0,0.0,0.0,0.0,0.0,0.0,0.0,0.0,0.0,0.0,0.0,0.0,0.0,0.0,0.0,0.0,0.0,0.0,0.0,0.0,0.0,0.0,0.0,0.0,0.0,0.0,0.0,0.0,0.0,0.0,0.0,0.0,0.0,0.0,0.0,0.0,0.0,0.0,0.0,0.0,0.0,0.0,0.0,0.0,0.0,0.0,0.0,0.0,0.0,0.0,0.0,0.0,0.0,0.0,0.0,0.0,0.0,0.0,0.0
ENCFF956IEA,0.20799629751429657,59876,474,4467,84527,2222,503844,16953,593,1001,573,921,5771,6460,23965,47457,88740,5197,1294,17200,8811,261,1381,73,213,106,2553,1653,6539,60587,7450,391,157,1153,4835,4675,58,5558,44,16,12242,20685,259,931,108,85,1866,13214,55979,145,1431,3094,3317,738,393,10696,230,788,495,218,1645,2835,1952,41866,8959,906,404,91,104412,85002,10896,3043,1668,3637,9927,560,3552,1405,1879,2232,529,2340,2922,5962,954,1713,8052,46,1937,1534,50,2059,377,133,3421,2375,73083,295995,18387,175,48387,71356,5748,60512,3254,1511,8710,2564,2802,45,5776,12540,13393,498,7465,59816,6764,220645,735,3481,3676,14251,1554,336484,3108,11277,4333,763,4354,381,101,55518,26801,811,86303,23930,20437,50764,82,8364,20913,3035,5650,108271,1075,352,316,181,85,83,4488,1141,477,16553,7694,794,10073,82318,5718,814,3254,2817,3591,5087,7522,7380,10039,86,225,95,2611,54,3231,1356,1520,199688,36,1,1088,1200,2916,22953,11676,75129,4841,55942,60629,24845,57746,26962,49738,1390,49288,60834,18668,16056,46745,35109,9879,1823,185,1479,37,1597,2573,264,54,50,63,6807,659,100143,20006,32610,716,394333,77085,6985,55451,74151,2173,829,72435,41799,129139,9264,84057,302,75345,16,666,1349,193,651,2313,639,8267,6001,80,1564,1749,1269,2431,906,6328,3600,222,389,11784,6978,4147,4797,3494,699,1733,1917,1097,770,518,653,2708,10245,2001,844,2841,5808,4662,24893,52664,1004,5565,5899,2718,1947,1660,1521,2174,1041,100,14450,1278,3114,10476,768,3664,1201,7491,2889,2854,1531,2317,322,995,1253,5497,4553,1866,2215,1818,4947,3635,3120,1648,2589,8156,76,86,1017,1791,1087,766,27337,312,16634,43,855,120,12018,1471,14103,12818,14918,110,6615,116,154,6322,6738,199917,1028,3837,4992,2241,39,5691,304,1721,2966,38922,21425,5308,3039,23,234,166,53,92,1419,3741,4963,1799,5689,1396,1163,4442,147524,525,3999,201560,1108,12023,2257,16906,2075,5694,704,414,6352,1798,2766,2779,772,773,425,9418,3447,2624,2856,985,2910,3181,49205,48,24724,2762,43,49368,14761,76,772,10334,1776,47,13575,1830,1744,287,8453,2461,45363,4707,756,1546,2743,1295,2473,2169,2171,2501,35,1602,34,4212,322,68,178,308,2428,1669,2021,105403,3947,16205,10724,2434,1478,1341,623,56587,149,26846,2620,19593,2720,258,5271,19,69834,11927,21326,80399,2057,44640,380,940,885,2187,1157,2459,1760,2303,16773,2390,19,425,2432,62,72,6362,6724,66,196,150,51008,63639,51640,13984,62012,8689,1444,154023,157672,22597,64529,122477,144232,896,210,1462,1486,559,2042,1493,403,373,1467,12237,0.0,0.0,0.0,0.0,0.0,0.0,0.0,0.0,0.0,0.0,0.0,0.0,0.0,0.0,0.0,0.0,0.0,0.0,0.0,0.0,0.0,0.0,0.0,0.0,0.0,0.0,0.0,0.0,0.0,0.0,0.0,0.0,0.0,0.0,0.0,0.0,0.0,0.0,0.0,0.0,0.0,0.0,0.0,0.0,0.0,0.0,0.0,0.0,0.0,0.0,0.0,0.0,0.0,0.0,0.0,0.0,0.0,0.0,0.0,0.0,0.0,0.0,0.0,0.0,0.0,0.0,0.0,0.0,0.0,0.0,0.0,0.0,0.0,0.0,0.0,0.0,0.0,0.0,0.0,0.0,0.0,0.0,0.0,0.0,0.0,0.0,0.0,0.0,0.0,0.0,0.0,0.0,0.0,0.0,0.0,0.0,0.0,0.0,0.0,0.0,0.0,0.0,0.0,0.0,0.0,0.0,0.0,0.0,0.0,0.0,0.0,0.0,0.0,0.0,0.0,0.0,0.0,0.0,0.0,0.0,0.0,0.0,0.0,0.0,0.0,0.0,0.0,0.0,0.0,0.0,0.0,0.0,0.0,0.0,0.0,0.0,0.0,0.0,0.0,0.0,0.0,0.0,0.0,0.0,0.0,0.0,0.0,0.0,0.0,0.0
ENCFF000CWJ,0.09736725882574969,11563,35,2159,8091,152,22311,1644,45,154,101,157,660,1016,1978,2790,6558,1004,169,1224,4004,88,278,37,8,1,242,29,718,3997,1420,119,49,121,498,263,4,556,13,2,2457,5068,65,317,12,6,138,1421,4224,5,106,173,202,217,159,5067,57,120,120,31,272,365,60,1998,78,124,10,11,13480,37808,4172,154,169,279,2767,100,187,81,121,185,39,149,156,1876,95,98,661,4,121,66,2,488,45,4,6062,190,3107,112950,5284,37,20683,18554,541,32616,4360,87,2577,811,659,6,1485,3723,3146,9,1477,16931,543,7624,121,459,485,3244,192,7985,201,2414,1058,300,1247,145,41,13188,15113,22,4214,1920,4913,15133,8,987,587,171,1369,7645,60,78,35,55,19,18,741,124,235,3462,1669,250,1158,7968,495,142,156,209,259,980,1613,1460,4816,31,54,4,153,9,300,81,2126,10612,1,0,72,275,144,26885,2378,22760,576,16586,29387,3836,7601,3827,13842,69,14447,13067,6204,3500,15776,6306,1660,235,12,207,29,72,135,79,37,4,11,1387,71,6812,4496,2481,22,93568,19427,946,9780,3915,441,12259,11618,4534,18882,884,14246,57,15298,31,206,292,57,49,129,64,1112,1273,78,96,137,84,124,67,569,226,894,61,1180,911,556,1339,214,47,117,109,56,62,57,672,212,1589,221,63,4289,570,451,1877,4566,46,440,3884,272,141,89,91,138,85,570,2809,94,125,2370,57,576,72,1415,179,166,85,128,526,85,134,479,413,139,149,114,1436,340,137,113,139,868,3,11,51,103,306,35,8298,13,4215,5,216,69,2194,393,2781,2632,2045,10,822,42,138,211,2082,19146,207,553,1316,356,5,597,46,17,256,15860,1923,730,547,8,65,33,2,18,92,156,816,92,1192,87,104,374,10285,81,421,89052,78,18460,145,831,85,555,53,11,1119,109,136,156,108,89,74,306,188,143,185,97,187,204,8843,33,3053,880,1,12461,2720,67,66,3439,99,34,2030,136,911,139,918,175,3216,453,164,129,169,81,246,135,769,99,5,420,8,644,62,27,96,154,5,153,155,5628,445,1359,1168,266,99,1453,21,31672,19,5927,439,9411,431,105,997,3,10256,15909,3299,15781,583,3159,41,30,73,145,58,183,95,591,856,135,59,70,167,1,3,1706,1581,1,34,91,8218,11479,9378,1726,12974,3665,138,22218,40709,7908,12756,44125,38136,82,65,95,106,49,117,709,97,159,155,2076,0.0,0.0,0.0,0.0,0.0,0.0,0.0,0.0,0.0,0.0,0.0,0.0,0.0,0.0,0.0,0.0,0.0,0.0,0.0,0.0,0.0,0.0,0.0,0.0,0.0,0.0,0.0,0.0,0.0,0.0,0.0,0.0,0.0,0.0,0.0,0.0,0.0,0.0,0.0,0.0,0.0,0.0,0.0,0.0,0.0,0.0,0.0,0.0,0.0,0.0,0.0,0.0,0.0,0.0,0.0,0.0,0.0,0.0,0.0,0.0,0.0,0.0,0.0,0.0,0.0,0.0,0.0,0.0,0.0,0.0,0.0,0.0,0.0,0.0,0.0,0.0,0.0,0.0,0.0,0.0,0.0,0.0,0.0,0.0,0.0,0.0,0.0,0.0,0.0,0.0,0.0,0.0,0.0,0.0,0.0,0.0,0.0,0.0,0.0,0.0,0.0,0.0,0.0,0.0,0.0,0.0,0.0,0.0,0.0,0.0,0.0,0.0,0.0,0.0,0.0,0.0,0.0,0.0,0.0,0.0,0.0,0.0,0.0,0.0,0.0,0.0,0.0,0.0,0.0,0.0,0.0,0.0,0.0,0.0,0.0,0.0,0.0,0.0,0.0,0.0,0.0,0.0,0.0,0.0,0.0,0.0,0.0,0.0,0.0,0.0
ENCFF692YLS,0.16326146034880848,194774,181,3143,62163,837,333207,14616,709,478,296,1831,8403,4101,11838,31494,48705,4604,1220,13173,7664,185,1163,56,309,309,3942,12302,6038,38400,6070,242,60,832,4446,4048,42,5096,122,19,11833,13929,85,374,113,38,1395,11220,28915,892,1674,2935,3071,269,380,7774,156,584,967,527,2136,5167,355,12957,427,625,3571,703,52613,73021,7719,2799,1581,3824,8328,64,3109,1278,1632,1863,604,2677,3077,3749,806,1543,7290,30,1905,1624,22,1504,469,72,1805,1322,22930,247047,13728,388,36283,53785,6114,46504,3157,1554,5548,2008,2514,68,4995,9555,11160,258,8044,46448,3619,63675,385,1543,1834,9954,754,95299,2733,8689,3220,474,3131,218,153,40619,9331,4387,20625,12464,16832,37363,397,8454,15407,2738,5587,56676,693,834,180,111,47,47,2790,635,2339,15175,6456,358,6549,58906,3564,334,3230,2254,2063,4481,6614,7517,9375,181,294,53,2457,96,2837,1181,1020,348,16,13,1014,787,2888,16835,8532,61133,4618,37797,57558,22654,44858,22705,39181,350,37112,46808,13041,14069,36375,27163,7577,1770,1102,1656,53,1815,2613,238,84,19,116,5974,344,57655,13315,18141,916,299436,63932,6387,39026,29468,1830,962,55078,31836,74609,10015,67882,218,70997,137,415,1861,431,710,2125,450,8271,3387,89,1514,1548,1396,2404,1168,5628,2927,345,410,8877,6394,3025,4506,3613,725,1872,1978,1072,614,517,374,2355,7735,2110,833,2401,5506,3585,11538,60635,11550,4923,4802,2467,2036,1659,1509,2165,1126,77,12993,1185,3430,8409,785,3228,1248,6567,3810,2685,2255,2236,333,959,955,5482,3915,2224,1757,1817,3937,3511,2388,1366,2559,5438,32,52,910,1894,1296,601,21151,771,13479,44,321,128,8589,1159,11279,10327,14411,76,4545,493,68,4353,4764,145110,1332,3266,4671,1630,105,4394,155,344,2474,38996,16944,14291,2575,326,264,451,19,279,1389,4512,3111,2033,5106,1388,912,2293,106929,412,3807,146250,906,9178,2200,13396,13300,4136,621,1181,9082,1819,2521,2592,695,599,171,124484,3441,2340,2482,859,2552,2818,36759,113,22579,1899,103,41848,12381,125,691,9541,1990,266,11948,1681,2009,389,7603,2355,25404,2625,1822,1545,2412,1333,1651,2001,1841,1546,176,1253,114,3843,390,482,179,736,1446,774,1429,66141,2355,12237,7612,1237,1422,1983,1099,39074,711,22141,2747,14821,3124,152,3705,158,65269,10395,17729,62074,2456,22374,233,708,901,2221,1240,2279,1887,2149,15605,2066,29,249,2229,109,122,4762,4574,5,574,287,40467,46874,37759,11204,45781,7443,946,92991,115027,17978,47305,91257,109469,519,114,1561,1386,653,2117,1144,562,350,1476,9900,0.0,0.0,0.0,0.0,0.0,0.0,0.0,0.0,0.0,0.0,0.0,0.0,0.0,0.0,0.0,0.0,0.0,0.0,0.0,0.0,0.0,0.0,0.0,0.0,0.0,0.0,0.0,0.0,0.0,0.0,0.0,0.0,0.0,0.0,0.0,0.0,0.0,0.0,0.0,0.0,0.0,0.0,0.0,0.0,0.0,0.0,0.0,0.0,0.0,0.0,0.0,0.0,0.0,0.0,0.0,0.0,0.0,0.0,0.0,0.0,0.0,0.0,0.0,0.0,0.0,0.0,0.0,0.0,0.0,0.0,0.0,0.0,0.0,0.0,0.0,0.0,0.0,0.0,0.0,0.0,0.0,0.0,0.0,0.0,0.0,0.0,0.0,0.0,0.0,0.0,0.0,0.0,0.0,0.0,0.0,0.0,0.0,0.0,0.0,0.0,0.0,0.0,0.0,0.0,0.0,0.0,0.0,0.0,0.0,0.0,0.0,0.0,0.0,0.0,0.0,0.0,0.0,0.0,0.0,0.0,0.0,0.0,0.0,0.0,0.0,0.0,0.0,0.0,0.0,0.0,0.0,0.0,0.0,0.0,0.0,0.0,0.0,0.0,0.0,0.0,0.0,0.0,0.0,0.0,0.0,0.0,0.0,0.0,0.0,0.0
ENCFF244FZX,0.12081743774469444,128439,184,5494,76400,926,210904,25338,1085,1078,628,1595,11413,4941,8566,32933,41403,4045,2586,12651,10636,247,1458,155,422,426,3352,5847,8489,38825,7879,288,94,1037,6350,6566,62,7068,153,19,16441,19332,492,918,288,74,1830,15927,44986,385,1975,4031,4267,333,934,11351,278,890,878,1146,3095,7685,481,14183,343,816,1709,1257,60646,90042,10273,3727,2179,5368,11915,114,4390,1950,2202,2693,710,3551,4584,5249,1299,2115,10687,135,2671,2382,81,2609,1637,218,4778,1520,14212,288182,15572,287,44202,73939,8593,61945,4932,2311,8371,3892,4847,186,8043,15776,19199,1690,11219,70043,3048,71268,281,1439,1840,12472,882,124388,3527,11694,4811,1279,4339,395,430,59106,9360,2590,30032,11559,27927,54818,217,11044,11305,3864,6456,64432,1489,609,113,296,174,73,3817,1318,2659,20988,6944,777,8025,72247,4025,688,4776,9595,6915,5258,9301,11950,12568,378,451,148,3175,221,3707,1719,3742,1928,20,47,1280,867,4264,21302,11269,75619,6169,36510,62472,22920,49541,29531,52469,539,47619,61870,18048,17901,50385,32965,8958,2218,398,564,49,2180,3556,332,206,123,242,8784,656,59966,14552,14317,1240,255664,57213,7166,40471,24593,2519,1379,55947,25445,71426,3862,78056,246,76840,353,515,3135,254,1083,2935,631,11110,4410,176,2276,1987,1911,3347,1719,8159,4043,381,483,12030,8601,4296,6546,5022,960,2879,2465,1478,976,772,669,3090,8694,1810,1187,3085,8106,5484,14841,78065,5859,7115,7055,3316,2548,2340,1955,2756,1498,144,19614,1849,4884,11501,1118,4517,1787,8828,5432,3381,2986,2907,525,1330,1051,7676,5471,2901,2553,2399,5441,5026,3380,1836,3437,7184,60,82,1200,2562,2197,1230,25109,1165,18286,108,395,295,11292,1412,15430,14331,14746,227,5157,914,229,3274,5673,134574,1064,4184,6781,2060,101,6729,360,2766,3239,42312,14251,20257,2894,431,509,620,46,508,1931,2391,3973,2712,9988,1934,1434,3220,120656,482,5069,217784,1182,12523,2960,17517,7211,5124,915,496,8109,2474,4007,3880,1031,872,206,57823,5629,3292,3512,1106,3278,3965,52138,621,31546,2837,321,60508,16473,73,923,12191,2369,641,17043,2330,2934,710,10845,3241,62414,2901,1207,2519,3537,2080,2209,2844,3178,1853,184,2726,248,5343,618,475,305,457,1397,409,1586,53326,1896,13902,6985,1196,1462,2340,1071,64781,344,22215,3244,18163,4780,119,4815,64,74751,13271,21194,84927,3401,39814,290,983,1319,3250,1883,3653,2503,3028,10828,2974,33,283,3104,109,277,5810,5409,63,383,315,50899,59479,47398,12502,56436,8969,1359,106695,149134,21038,58860,114842,140803,425,117,2075,1981,969,2777,1794,1640,657,1590,14094,0.0,0.0,0.0,0.0,0.0,0.0,0.0,0.0,0.0,0.0,0.0,0.0,0.0,0.0,0.0,0.0,0.0,0.0,0.0,0.0,0.0,0.0,0.0,0.0,0.0,0.0,0.0,0.0,0.0,0.0,0.0,0.0,0.0,0.0,0.0,0.0,0.0,0.0,0.0,0.0,0.0,0.0,0.0,0.0,0.0,0.0,0.0,0.0,0.0,0.0,0.0,0.0,0.0,0.0,0.0,0.0,0.0,0.0,0.0,0.0,0.0,0.0,0.0,0.0,0.0,0.0,0.0,0.0,0.0,0.0,0.0,0.0,0.0,0.0,0.0,0.0,0.0,0.0,0.0,0.0,0.0,0.0,0.0,0.0,0.0,0.0,0.0,0.0,0.0,0.0,0.0,0.0,0.0,0.0,0.0,0.0,0.0,0.0,0.0,0.0,0.0,0.0,0.0,0.0,0.0,0.0,0.0,0.0,0.0,0.0,0.0,0.0,0.0,0.0,0.0,0.0,0.0,0.0,0.0,0.0,0.0,0.0,0.0,0.0,0.0,0.0,0.0,0.0,0.0,0.0,0.0,0.0,0.0,0.0,0.0,0.0,0.0,0.0,0.0,0.0,0.0,0.0,0.0,0.0,0.0,0.0,0.0,0.0,0.0,0.0
ENCFF000RGV,0.1485804721844202,50048,1315,3784,29986,458,55236,5812,274,398,279,581,2778,3416,6535,14710,20001,2718,460,4639,5285,177,687,60,32,51,751,2274,2913,28880,3355,242,224,604,1678,1636,79,1825,23,20,6538,10402,68,627,21,431,671,5294,23650,221,529,836,1169,419,331,6703,179,343,325,133,742,1286,517,12323,264,298,625,49,42360,48615,11255,945,580,1439,6367,275,1024,468,625,701,204,868,1221,3408,403,460,3214,16,691,457,21,1155,128,17,1295,1004,12692,154418,10075,90,27120,37429,2221,32583,1546,558,5167,1516,1701,19,2601,7332,7159,52,4053,31094,1980,26394,419,1499,1599,8047,630,40714,1265,5514,2710,646,2827,390,167,31591,10382,3256,16784,6361,13300,27915,414,3984,2539,1076,3431,24734,305,463,97,120,55,20,2122,294,539,9255,4408,604,3252,30685,2635,421,1022,1056,939,2921,4522,4374,6325,105,151,38,815,37,1653,570,1307,5361,66,3,487,677,858,14862,6820,41367,1994,25742,29826,12398,25642,11504,24437,295,25996,30551,11027,8760,21292,18432,5713,862,505,689,54,397,781,159,60,21,122,3550,195,29856,10528,9089,199,356733,37634,3462,24367,21207,992,731,34249,16529,52515,3266,40119,151,41936,53,312,764,144,276,798,221,3338,2144,58,587,775,512,795,397,2472,1446,1024,193,4362,2711,2026,2788,1033,250,641,601,359,346,260,575,940,4770,1128,358,1693,2183,1930,8576,18571,1704,2287,4920,1219,727,505,517,803,425,229,7037,452,774,4942,321,1404,388,3660,972,935,489,798,281,449,479,2168,1994,736,855,685,2580,1448,665,678,742,3510,16,33,372,515,625,272,13468,69,9094,33,453,83,6301,703,6368,5884,6943,28,2296,164,163,883,3807,59179,674,2050,2158,962,108,2471,158,192,696,12962,5934,2762,1263,34,136,77,5,52,554,931,2265,545,3571,454,444,1056,41157,527,1872,119606,776,5805,839,4778,2674,2202,297,898,4825,739,927,1028,354,430,277,10353,1114,770,1140,438,1063,1228,22491,87,9365,2011,36,28036,6145,18,283,5774,748,57,6066,673,1863,295,2943,985,14255,2461,811,753,1087,411,950,759,1658,353,13,984,16,1571,137,38,166,599,400,538,716,36881,1502,8002,4547,1105,468,916,214,37333,259,13906,1593,12231,1238,312,2729,21,25229,5247,8594,38856,1402,14029,234,150,355,843,1128,984,618,1387,5982,910,32,394,906,18,35,3879,4009,13,497,232,22825,39401,27207,6629,32259,3904,540,60267,91331,12328,37814,61152,73140,272,153,646,622,182,737,1216,232,376,641,5973,0.0,0.0,0.0,0.0,0.0,0.0,0.0,0.0,0.0,0.0,0.0,0.0,0.0,0.0,0.0,0.0,0.0,0.0,0.0,0.0,0.0,0.0,0.0,0.0,0.0,0.0,0.0,0.0,0.0,0.0,0.0,0.0,0.0,0.0,0.0,0.0,0.0,0.0,0.0,0.0,0.0,0.0,0.0,0.0,0.0,0.0,0.0,0.0,0.0,0.0,0.0,0.0,0.0,0.0,0.0,0.0,0.0,0.0,0.0,0.0,0.0,0.0,0.0,0.0,0.0,0.0,0.0,0.0,0.0,0.0,0.0,0.0,0.0,0.0,0.0,0.0,0.0,0.0,0.0,0.0,0.0,0.0,0.0,0.0,0.0,0.0,0.0,0.0,0.0,0.0,0.0,0.0,0.0,0.0,0.0,0.0,0.0,0.0,0.0,0.0,0.0,0.0,0.0,0.0,0.0,0.0,0.0,0.0,0.0,0.0,0.0,0.0,0.0,0.0,0.0,0.0,0.0,0.0,0.0,0.0,0.0,0.0,0.0,0.0,0.0,0.0,0.0,0.0,0.0,0.0,0.0,0.0,0.0,0.0,0.0,0.0,0.0,0.0,0.0,0.0,0.0,0.0,0.0,0.0,0.0,0.0,0.0,0.0,0.0,0.0
ENCFF154SYW,0.13540679195124386,421208,163,5329,68613,1043,214055,16184,993,916,575,1275,8477,5145,9070,30073,44680,3775,2607,8765,9650,215,1368,140,368,365,2998,30263,7963,36701,7150,289,91,1019,5801,5658,48,6149,190,19,12975,17359,408,728,313,54,1434,14470,40191,1948,1745,3874,4098,320,795,8868,239,796,645,790,2945,4357,540,12227,305,663,7923,329,58919,91793,9501,3507,2087,5165,9794,158,3958,1816,2200,2581,717,3425,3850,4842,1248,2041,10097,131,2496,2174,90,2254,1557,166,4667,1390,12371,264082,14058,340,40180,65805,7890,56136,4133,2147,7257,3088,4350,181,6580,12601,15690,1257,9787,63811,3032,85527,328,1739,1958,11357,1001,145292,3478,10139,4369,1126,3701,346,221,50907,9603,9783,28689,11878,20213,48996,1048,9998,8185,3415,6806,65854,1207,1880,187,274,182,66,3445,1039,961,18979,6164,703,7145,63569,3744,589,4074,6779,4782,4666,7267,8695,10558,182,519,124,3193,196,3537,1653,2956,1445,16,44,1262,793,3757,19278,10262,70099,5618,35330,58228,22147,43829,26875,48912,637,43391,55755,15646,16224,43272,29748,7964,1950,2155,658,38,2107,3512,321,202,95,96,7532,540,62916,14655,15662,978,250933,54927,7820,37668,23148,2778,1147,55053,25505,68318,4337,69744,225,69417,316,422,1695,169,1009,2723,511,10147,3853,122,2109,2009,1990,3087,1682,7207,3452,239,426,11016,7908,3879,5054,4649,932,2751,2366,1373,928,735,510,3046,7992,1796,1105,2881,6881,4869,14236,73253,27596,6498,6032,3107,2521,1973,1852,2613,1516,106,15671,1857,4587,10339,1072,4155,1664,8102,5389,3235,2958,2862,268,1255,998,7316,5209,2863,2333,2245,4838,4628,3008,1711,3355,6821,55,79,1273,2378,1539,872,21617,827,15810,70,367,154,10126,1097,12656,12194,13524,255,4753,838,243,2767,4846,130804,2319,3612,6081,1957,399,5255,189,2902,2862,39487,10973,8268,2852,270,476,742,45,662,1732,1991,3741,2352,9174,1849,1284,3080,115174,490,4873,199023,1138,11313,2851,16178,33256,4946,857,2235,16236,2368,3250,3471,954,833,178,305290,4670,3011,3127,990,3054,3545,46332,501,29209,2411,210,51726,14264,70,924,11146,1969,681,16126,2268,1876,649,9445,3066,56486,2852,4212,2254,3187,1890,2182,2726,2365,1650,141,2469,178,4868,611,697,343,1920,921,405,1462,50370,1901,13063,7013,1182,1416,1904,842,54703,1614,20068,3467,16549,3939,93,4324,29,66698,11785,19094,75642,3148,31930,269,829,1238,2898,1747,2909,2285,2698,9761,2644,31,267,2954,85,248,5354,4953,54,1454,372,45861,56033,44888,11665,52137,8339,1397,97600,136725,20092,55731,106184,129255,395,107,2091,1930,820,2626,1466,1322,517,1426,12604,0.0,0.0,0.0,0.0,0.0,0.0,0.0,0.0,0.0,0.0,0.0,0.0,0.0,0.0,0.0,0.0,0.0,0.0,0.0,0.0,0.0,0.0,0.0,0.0,0.0,0.0,0.0,0.0,0.0,0.0,0.0,0.0,0.0,0.0,0.0,0.0,0.0,0.0,0.0,0.0,0.0,0.0,0.0,0.0,0.0,0.0,0.0,0.0,0.0,0.0,0.0,0.0,0.0,0.0,0.0,0.0,0.0,0.0,0.0,0.0,0.0,0.0,0.0,0.0,0.0,0.0,0.0,0.0,0.0,0.0,0.0,0.0,0.0,0.0,0.0,0.0,0.0,0.0,0.0,0.0,0.0,0.0,0.0,0.0,0.0,0.0,0.0,0.0,0.0,0.0,0.0,0.0,0.0,0.0,0.0,0.0,0.0,0.0,0.0,0.0,0.0,0.0,0.0,0.0,0.0,0.0,0.0,0.0,0.0,0.0,0.0,0.0,0.0,0.0,0.0,0.0,0.0,0.0,0.0,0.0,0.0,0.0,0.0,0.0,0.0,0.0,0.0,0.0,0.0,0.0,0.0,0.0,0.0,0.0,0.0,0.0,0.0,0.0,0.0,0.0,0.0,0.0,0.0,0.0,0.0,0.0,0.0,0.0,0.0,0.0
ENCFF001RGN,0.054727208822811055,1420722,37,16475,109,0,1778,441,4,125,22,14546,50,123,51,3,2,1145,116,4922,599,49,99,0,0,0,59,28437,133,8,1168,63,299,23,47,26,2,40,0,0,762,1687,0,20,0,17,55,351,4,2809,100,20,13,67,7,93479,1,26,17,0,341,54,0,0,1,2,4443,0,4890,57792,19288,13,15,1440,3912,19,18,3,14,16,4,17,19,625,5,6,120,0,8,18,0,180,4570,0,3224,4,0,102865,2127,3,294815,5820,41,5320,461,14,1484,228,688,0,181807,27322,1667,11,462,17120,3,1252,0,0,25,1288,0,14,16,969,528,30,366,15,2,7845,376,24923,158,50,2366,97800,100803,870,141,10,1258,113,1,30267,0,7,0,2,372,72,45,1138,865,24,310,49,13,54,34,28,11,277,478,499,11397,3,1,0,15,0,39,11,34935,85,0,0,37,24,18,6545,1646,13145,272,1887,3399,7455,673,1887,3703,13,4632,4550,5006,3042,38151,102158,487,58,204,28,0,5,40,23,0,0,0,5399,0,1023,456,0,0,65292,2803,2355,8779,30,167,1577,3486,1346,1621,12,9946,1,8077,1,11,649,0,2,15,89,154,518,0,10,4,4,15,11,38,17,1864,12,566,288,161,4243,28,9,15,6,7,2,3,282,22,338,50,4,113,126,23,112,36,34947,119,17571,78,6,6,12,14,6,192,1209,20,29,712,10,159,15,337,25,17,8,16,26,18,118,63,24,15,12,21,9254,143,19,10,22,107,9,11,8,14,62,0,5118,0,3546,10,27,0,695,84,5405,1007,897,0,372,0,0,86,750,47418,690,287,4787,270,2,63,0,0,300,4675,4900,138,232,3,29,0,0,0,18,0,367,10,226,4,7,36,9,578,97,36922,7,946,9,326,18870,74,15,1509,40564,20,23,26,21,6,41,163429,17,16,18,47,15,11,4737,4,1108,366,0,88565,6782,0,81,587,106,0,271,7,78,42,516,22,83,25,6556,15,28,19,33,9,286,1,0,269,0,176,0,2,18,6526,2,0,34,76,0,155,64,9,51,67,0,9958,7405,4098,58,1897,215,4,443,0,49927,474,916,81854,24,151,2,0,10,25,12,18,9,27,8,11,0,39,14,0,0,908,632,21,4841,5,3754,5330,8384,500,3985,1086,56,5685,29562,2303,4598,29351,12433,22,12,7,11,10,8,95,21,97,63,655,0.0,0.0,0.0,0.0,0.0,0.0,0.0,0.0,0.0,0.0,0.0,0.0,0.0,0.0,0.0,0.0,0.0,0.0,0.0,0.0,0.0,0.0,0.0,0.0,0.0,0.0,0.0,0.0,0.0,0.0,0.0,0.0,0.0,0.0,0.0,0.0,0.0,0.0,0.0,0.0,0.0,0.0,0.0,0.0,0.0,0.0,0.0,0.0,0.0,0.0,0.0,0.0,0.0,0.0,0.0,0.0,0.0,0.0,0.0,0.0,0.0,0.0,0.0,0.0,0.0,0.0,0.0,0.0,0.0,0.0,0.0,0.0,0.0,0.0,0.0,0.0,0.0,0.0,0.0,0.0,0.0,0.0,0.0,0.0,0.0,0.0,0.0,0.0,0.0,0.0,0.0,0.0,0.0,0.0,0.0,0.0,0.0,0.0,0.0,0.0,0.0,0.0,0.0,0.0,0.0,0.0,0.0,0.0,0.0,0.0,0.0,0.0,0.0,0.0,0.0,0.0,0.0,0.0,0.0,0.0,0.0,0.0,0.0,0.0,0.0,0.0,0.0,0.0,0.0,0.0,0.0,0.0,0.0,0.0,0.0,0.0,0.0,0.0,0.0,0.0,0.0,0.0,0.0,0.0,0.0,0.0,0.0,0.0,0.0,0.0
ENCFF057DOL,0.15185252830622406,67246,165,4222,67943,492,168940,6550,306,191,164,336,3450,1354,5068,30183,22306,1595,559,2996,3800,69,466,49,41,40,1007,4910,3396,42189,2890,118,73,428,2462,2011,50,2373,19,5,5927,7426,76,377,77,42,697,5940,21778,444,557,1620,1770,236,159,3225,68,296,176,145,563,1735,367,11443,252,158,1419,118,34638,31530,3311,1432,867,1894,2924,152,1664,776,980,1099,289,1378,1486,2409,516,902,4226,9,1033,902,10,739,200,40,1059,1287,34863,129906,6373,94,17079,25325,3006,21291,1577,845,2762,978,1286,12,2061,4302,4959,133,3704,24167,1843,32569,242,1375,1575,5521,654,66771,1628,4429,1768,319,1475,225,37,18359,6241,1888,35665,6512,6649,18646,182,3998,2592,1431,2679,28934,230,424,93,68,26,25,1480,375,361,7104,2300,259,3421,66121,3874,206,1581,1219,1186,2074,3141,2970,3110,29,98,47,1338,26,1711,760,837,66,13,20,606,478,1477,8377,4109,28861,2341,18815,22139,11767,34010,13647,25766,239,19154,23848,6648,5886,18485,12406,4279,778,592,307,46,826,1411,69,23,37,64,3132,110,47792,10751,7122,395,133289,28716,3178,17398,21041,775,325,28356,13850,46429,2080,23655,71,22904,15,253,641,14,423,1114,208,4291,1914,26,976,966,786,1293,572,3040,1706,110,158,5110,3109,1610,1693,1997,473,941,971,577,404,311,187,1578,3753,1060,401,1293,2783,2155,14087,43857,3978,2761,2427,1421,1004,833,850,1210,716,47,6125,657,1609,3973,409,1651,596,3367,1728,1328,947,1225,167,565,533,2960,2368,1072,1117,1035,2018,1809,1467,872,1360,3918,35,33,572,966,347,934,10892,202,6776,39,227,66,4967,500,5574,5384,5372,52,2164,52,32,1219,2078,62827,616,1442,2156,757,148,2495,70,223,1012,15698,4066,4092,1070,90,220,53,33,50,805,1237,1486,960,3001,791,573,2026,89543,345,1897,74522,526,4746,1286,7177,5408,2459,389,931,4316,1060,1404,1368,454,407,134,27897,1680,1263,1419,449,1376,1583,18733,22,11934,946,68,17823,5573,18,299,4079,782,25,6645,964,661,83,3740,1299,32496,2924,863,835,1383,697,1051,1129,727,721,11,578,18,1922,179,136,62,467,1865,314,992,44325,1297,11158,5199,865,502,464,171,19834,156,9581,1557,6294,1003,100,2003,10,23763,4162,7897,30426,959,16256,177,221,456,1118,549,1225,989,1322,7252,1193,20,243,1280,38,48,2209,2344,15,288,54,16782,26438,21874,5484,20008,2741,247,64517,58978,10607,26334,45446,49780,187,60,774,798,272,1140,480,259,148,560,5291,0.0,0.0,0.0,0.0,0.0,0.0,0.0,0.0,0.0,0.0,0.0,0.0,0.0,0.0,0.0,0.0,0.0,0.0,0.0,0.0,0.0,0.0,0.0,0.0,0.0,0.0,0.0,0.0,0.0,0.0,0.0,0.0,0.0,0.0,0.0,0.0,0.0,0.0,0.0,0.0,0.0,0.0,0.0,0.0,0.0,0.0,0.0,0.0,0.0,0.0,0.0,0.0,0.0,0.0,0.0,0.0,0.0,0.0,0.0,0.0,0.0,0.0,0.0,0.0,0.0,0.0,0.0,0.0,0.0,0.0,0.0,0.0,0.0,0.0,0.0,0.0,0.0,0.0,0.0,0.0,0.0,0.0,0.0,0.0,0.0,0.0,0.0,0.0,0.0,0.0,0.0,0.0,0.0,0.0,0.0,0.0,0.0,0.0,0.0,0.0,0.0,0.0,0.0,0.0,0.0,0.0,0.0,0.0,0.0,0.0,0.0,0.0,0.0,0.0,0.0,0.0,0.0,0.0,0.0,0.0,0.0,0.0,0.0,0.0,0.0,0.0,0.0,0.0,0.0,0.0,0.0,0.0,0.0,0.0,0.0,0.0,0.0,0.0,0.0,0.0,0.0,0.0,0.0,0.0,0.0,0.0,0.0,0.0,0.0,0.0
ENCFF677FUH,0.08184007156244953,90438,1006,4979,31284,769,77564,5910,294,522,306,627,3505,4305,10833,19861,22193,3720,369,6813,5575,140,727,76,88,59,856,6184,3316,21179,3339,247,431,546,1965,1619,232,1880,21,59,7876,9852,97,779,78,308,589,5513,25589,920,479,1012,1333,379,320,5828,182,299,441,184,601,1577,988,15194,1183,584,1658,117,57650,73038,6164,1038,690,2295,4847,265,1154,460,733,879,207,859,1102,3267,426,502,3616,22,874,495,16,1022,224,47,1915,1491,29135,167976,10142,155,27171,38836,2451,33881,1964,557,4693,1510,1585,25,2918,7772,7144,210,4826,30164,3282,43091,643,2618,2567,8401,1133,58470,1596,6036,2738,750,2211,291,97,25744,13855,3832,27215,10316,11768,24543,1013,4864,3822,1121,3956,44305,508,911,114,106,38,27,1977,264,601,10266,4483,612,4931,33470,3922,375,1129,1457,1622,2993,4391,3936,5461,108,133,49,955,17,1941,562,2492,1083,159,20,789,607,913,14730,6545,43001,2226,28458,31769,15106,29217,13752,27824,209,27947,32733,13722,8481,23513,18977,7194,951,1371,905,299,484,897,147,55,33,55,4593,576,41113,13320,10890,290,309372,42375,4551,30709,30075,954,917,44556,22640,67590,4740,46383,339,38632,22,300,754,216,263,906,239,3710,1990,28,622,863,615,869,425,2500,1383,427,212,4330,2785,1900,2504,1139,322,552,702,325,364,249,530,1126,6516,1354,331,2058,2542,2149,15824,55916,3717,2099,3249,1244,852,642,562,878,554,230,7527,434,796,4547,371,1553,362,3985,1040,939,578,878,320,430,812,2407,2454,747,965,697,2240,1426,698,734,927,4124,34,46,386,559,409,263,13383,149,8888,18,467,88,5689,618,6813,6963,7357,33,2496,83,164,2128,3677,81256,795,2279,2073,1017,372,3033,157,500,751,16479,7824,3154,1166,42,194,130,16,34,639,1693,2647,523,3877,452,446,1956,45689,622,2105,120893,676,5586,961,5223,6684,2775,302,2421,8954,750,890,989,367,409,343,28580,1137,882,1007,515,1183,1201,23926,60,10097,2184,30,24891,6610,24,208,7011,713,33,6418,790,1269,242,3179,1040,19006,3690,1159,887,964,423,1141,816,1169,1069,14,1011,28,1841,243,87,157,896,1033,1039,1137,43204,2168,10281,7024,1509,654,1071,197,31840,566,14147,2515,11042,1118,352,2619,41,32724,6552,10183,45739,4849,17965,380,401,372,1128,976,1118,673,1698,8743,927,38,730,1019,28,32,3590,3265,43,1231,134,22238,45085,32016,8970,35134,4202,636,75256,94327,14790,43638,70753,81274,224,163,737,649,219,838,1252,262,429,627,6650,0.0,0.0,0.0,0.0,0.0,0.0,0.0,0.0,0.0,0.0,0.0,0.0,0.0,0.0,0.0,0.0,0.0,0.0,0.0,0.0,0.0,0.0,0.0,0.0,0.0,0.0,0.0,0.0,0.0,0.0,0.0,0.0,0.0,0.0,0.0,0.0,0.0,0.0,0.0,0.0,0.0,0.0,0.0,0.0,0.0,0.0,0.0,0.0,0.0,0.0,0.0,0.0,0.0,0.0,0.0,0.0,0.0,0.0,0.0,0.0,0.0,0.0,0.0,0.0,0.0,0.0,0.0,0.0,0.0,0.0,0.0,0.0,0.0,0.0,0.0,0.0,0.0,0.0,0.0,0.0,0.0,0.0,0.0,0.0,0.0,0.0,0.0,0.0,0.0,0.0,0.0,0.0,0.0,0.0,0.0,0.0,0.0,0.0,0.0,0.0,0.0,0.0,0.0,0.0,0.0,0.0,0.0,0.0,0.0,0.0,0.0,0.0,0.0,0.0,0.0,0.0,0.0,0.0,0.0,0.0,0.0,0.0,0.0,0.0,0.0,0.0,0.0,0.0,0.0,0.0,0.0,0.0,0.0,0.0,0.0,0.0,0.0,0.0,0.0,0.0,0.0,0.0,0.0,0.0,0.0,0.0,0.0,0.0,0.0,0.0
ENCFF000MUZ,0.12585399503031144,729412,29939,5208,312,6,4881,1243,28,208,82,546,466,99,345,68,255,776,2238,1697,2625,147,298,89,436,6,84,57195,653,216,1625,316,1509,7785,311,252,2608,456,3,0,4432,4552,0,216,0,14219,95,1109,91,2368,105,108,240,188,443,46196,68,128,101,4,268,236,0,117,75,53,15813,3,12069,40321,9677,162,99,11743,5529,173,193,64,99,163,30,141,230,1733,51,71,647,43,115,56,0,1201,6,0,334,108,72,80280,4065,20,62984,14748,462,13408,314,99,2402,848,658,0,12620,15581,4935,1,3391,37696,84,3471,0,1,154,3257,0,70,184,3841,1995,314,1120,131,28,13631,781,23198,144,498,6179,27227,15645,2105,179,173,4151,834,205,13661,3,63,17,8,811,86,160,5247,1968,282,1093,468,221,479,173,389,552,953,1292,1229,13025,23,1489,35,142,0,225,94,708,2525,1308,0,3262,216,178,9713,2835,28041,505,6375,8550,4004,2729,3761,7948,49,9851,10810,6495,3696,13620,25485,12073,189,7486,252,3,68,156,73,28,24,0,1928,4,2637,2848,106,2,1751816,13557,3285,11064,511,395,410,12719,10168,11528,35,20551,43,19084,61,65,660,4,47,169,119,970,899,0,95,154,90,114,53,448,225,2724,60,1396,907,501,4851,150,64,94,101,57,47,29,668,134,1442,508,62,503,471,317,529,192,61420,523,9964,258,119,113,90,121,65,499,3725,80,103,2714,43,433,43,1329,150,135,69,125,6,67,1795,418,407,121,138,110,1519,339,97,123,101,668,271,56,70,89,158,6,15654,6,12922,73,224,9,1992,323,11580,4103,3599,0,784,43,70,3,1367,18382,2856,5767,4086,371,369,431,42,84,238,4257,1492,420,545,124,1471,22,0,1,119,25,1064,110,1145,58,73,73,362,1190,255,57544,3922,2937,130,822,59501,465,50,15672,45397,102,178,177,58,64,984,197730,215,136,199,200,185,203,9876,61,2735,2421,0,31870,2966,0,96,1662,568,34,1572,134,376,118,661,159,139,98,13527,105,201,45,192,143,782,19,11,850,0,601,392,72,104,7211,228,20,76,583,6,718,353,41,69,232,1,24165,5005,9087,627,5395,451,63,1427,0,8560,1626,2842,16762,296,295,1023,1,56,641,19304,188,103,255,471,174,8,6615,142,0,0,3248,1648,3,9628,50,7906,11494,9166,1342,12031,2074,236,14025,29210,5046,12287,22277,26848,26,48,121,99,43,101,568,142,892,216,2716,0.0,0.0,0.0,0.0,0.0,0.0,0.0,0.0,0.0,0.0,0.0,0.0,0.0,0.0,0.0,0.0,0.0,0.0,0.0,0.0,0.0,0.0,0.0,0.0,0.0,0.0,0.0,0.0,0.0,0.0,0.0,0.0,0.0,0.0,0.0,0.0,0.0,0.0,0.0,0.0,0.0,0.0,0.0,0.0,0.0,0.0,0.0,0.0,0.0,0.0,0.0,0.0,0.0,0.0,0.0,0.0,0.0,0.0,0.0,0.0,0.0,0.0,0.0,0.0,0.0,0.0,0.0,0.0,0.0,0.0,0.0,0.0,0.0,0.0,0.0,0.0,0.0,0.0,0.0,0.0,0.0,0.0,0.0,0.0,0.0,0.0,0.0,0.0,0.0,0.0,0.0,0.0,0.0,0.0,0.0,0.0,0.0,0.0,0.0,0.0,0.0,0.0,0.0,0.0,0.0,0.0,0.0,0.0,0.0,0.0,0.0,0.0,0.0,0.0,0.0,0.0,0.0,0.0,0.0,0.0,0.0,0.0,0.0,0.0,0.0,0.0,0.0,0.0,0.0,0.0,0.0,0.0,0.0,0.0,0.0,0.0,0.0,0.0,0.0,0.0,0.0,0.0,0.0,0.0,0.0,0.0,0.0,0.0,0.0,0.0
ENCFF000CDR,0.09130338776616216,27702,40,2129,11673,310,36279,6361,160,221,182,369,1330,1692,3396,5882,10247,1981,337,3225,3525,289,639,74,25,23,446,53,1391,7313,3385,204,155,282,715,653,14,1062,8,6,6493,10912,20,565,7,17,358,3079,6486,6,438,350,482,378,472,11394,120,306,291,70,549,761,202,3941,124,316,18,26,23396,30119,10386,391,237,594,8504,201,446,155,266,325,83,310,448,3854,152,213,1456,7,310,172,10,1090,95,9,887,463,5845,125853,9353,55,24855,39019,1053,34099,480,239,6142,1905,1193,11,3305,8894,8283,44,4351,30030,1037,17808,244,866,857,6017,327,19404,486,8245,2255,634,4034,312,76,32774,5452,28,8382,3306,26751,29898,7,2392,1209,449,5358,14339,222,134,38,83,20,30,1730,280,430,8888,4009,591,2688,11473,1293,334,452,901,926,2255,3376,3034,10483,50,64,14,351,8,641,216,909,930,5,3,174,481,348,15534,5281,38325,1352,17761,25181,8517,12673,10869,17499,167,19911,23227,12712,7926,27310,13819,3107,605,7,406,47,177,291,194,40,4,20,3257,125,12975,5644,4535,71,148184,23795,2268,19915,8208,879,392,25552,10441,26788,1711,38743,107,42501,51,362,493,89,110,325,223,2660,2613,30,235,337,186,308,159,1122,586,2069,130,2473,2791,1336,7583,446,111,215,261,137,117,72,1894,362,4587,467,131,1155,1135,881,4043,6584,85,1180,5298,643,324,232,214,331,194,1340,8808,173,288,5697,114,760,151,3419,405,344,225,303,704,173,259,1059,984,279,327,266,2965,789,299,256,348,1648,3,16,132,229,666,117,13988,32,10354,9,424,105,4755,1394,8035,9338,5577,11,1570,52,176,278,4500,28344,504,1274,2630,916,5,1269,154,343,727,10091,3146,1317,1036,27,81,78,5,29,243,343,1676,243,2328,166,151,1114,15952,144,900,104022,203,5330,322,1960,266,1204,100,17,2504,263,377,441,124,158,165,750,525,327,390,213,401,465,19170,52,8842,1671,21,36124,12559,2,209,4551,380,32,3690,285,1989,243,1548,413,5548,1254,378,232,449,114,458,277,2279,249,6,796,8,5137,100,46,158,291,138,279,319,10171,775,3292,2349,550,309,950,61,40975,31,12784,789,12364,1053,162,2153,17,23096,5453,6424,39072,1243,5826,92,75,134,321,119,434,267,1327,2595,387,17,161,427,9,11,3473,3741,7,35,124,20160,28685,26533,4106,27066,3053,243,38755,80109,15972,26977,51314,65040,303,133,270,248,77,320,1993,385,377,439,4215,0.0,0.0,0.0,0.0,0.0,0.0,0.0,0.0,0.0,0.0,0.0,0.0,0.0,0.0,0.0,0.0,0.0,0.0,0.0,0.0,0.0,0.0,0.0,0.0,0.0,0.0,0.0,0.0,0.0,0.0,0.0,0.0,0.0,0.0,0.0,0.0,0.0,0.0,0.0,0.0,0.0,0.0,0.0,0.0,0.0,0.0,0.0,0.0,0.0,0.0,0.0,0.0,0.0,0.0,0.0,0.0,0.0,0.0,0.0,0.0,0.0,0.0,0.0,0.0,0.0,0.0,0.0,0.0,0.0,0.0,0.0,0.0,0.0,0.0,0.0,0.0,0.0,0.0,0.0,0.0,0.0,0.0,0.0,0.0,0.0,0.0,0.0,0.0,0.0,0.0,0.0,0.0,0.0,0.0,0.0,0.0,0.0,0.0,0.0,0.0,0.0,0.0,0.0,0.0,0.0,0.0,0.0,0.0,0.0,0.0,0.0,0.0,0.0,0.0,0.0,0.0,0.0,0.0,0.0,0.0,0.0,0.0,0.0,0.0,0.0,0.0,0.0,0.0,0.0,0.0,0.0,0.0,0.0,0.0,0.0,0.0,0.0,0.0,0.0,0.0,0.0,0.0,0.0,0.0,0.0,0.0,0.0,0.0,0.0,0.0
ENCFF000ZHZ,0.14673389530426934,163147,143,4702,43125,1241,217959,3676,272,321,322,319,3378,3192,6829,19313,49273,2265,197,3887,4540,58,326,39,15,10,778,10396,3450,21520,1971,112,634,369,1982,1678,256,1529,7,4,6050,6356,31,403,43,31,369,5124,23117,1291,457,1166,1720,213,129,2916,90,181,260,44,351,1303,685,17154,777,255,3381,8,64785,41045,3236,1101,827,3069,2221,155,1237,561,880,892,253,1218,1102,2155,533,676,4056,10,974,600,12,502,100,11,1052,1618,25226,128078,6115,104,17511,25820,2366,22628,1142,712,2455,821,959,16,1669,4366,4046,34,4363,18571,2536,25708,666,2635,3136,6256,1201,41933,1644,4085,1771,363,1202,309,53,13405,8911,7088,21054,6747,5085,14687,2602,4471,2098,1230,3658,52039,172,1425,74,50,24,15,1138,137,232,8338,2848,369,2724,45070,4028,212,1161,298,299,2322,2523,2199,2380,29,60,10,1087,13,1989,683,572,1174,303,113,1172,381,1006,9121,4158,31170,2264,23966,27534,12995,30320,12320,26750,161,19348,24419,6439,5582,16352,12716,4221,907,2238,506,176,593,996,82,36,22,12,3444,190,39616,12808,8256,100,132392,31735,5261,21546,28175,499,476,40375,16151,62987,4796,27384,217,21250,14,161,478,14,339,957,134,3825,1427,22,790,1063,669,1035,500,2333,1376,134,128,3955,2129,1514,1469,1402,423,747,761,428,376,282,220,1292,5565,1381,389,1543,3000,2288,13958,213873,8614,2178,1813,1344,920,627,762,1119,662,47,4535,476,939,3251,349,1337,444,3755,1349,976,705,975,149,538,841,2624,2738,872,1037,759,1636,1520,855,884,1138,4523,22,39,438,747,201,331,7899,28,5283,20,399,33,4138,320,4165,4810,6209,7,1589,47,80,919,2047,129635,909,2233,1847,809,771,2916,105,127,323,12981,5213,2475,624,14,87,60,9,27,797,743,1589,493,3425,566,553,1639,53588,1763,2502,81785,481,3581,1064,4994,10840,2489,341,4722,13948,875,974,1046,445,470,369,64870,1172,1003,1085,511,1202,1243,17654,27,9070,1539,14,16335,4002,18,167,4749,308,18,6101,911,615,117,2837,1216,27239,4211,1783,904,1105,541,1135,954,749,628,7,717,9,1319,45,23,67,1114,83,577,707,30965,2649,11494,6901,1650,548,377,60,17043,2137,9917,3424,6534,602,234,1866,9,20081,3984,6590,30964,18454,20541,366,80,376,1598,470,1093,853,1618,5425,1030,23,737,1180,5,20,1949,1943,4,2251,81,14931,39525,28447,7685,23979,2783,406,71040,71881,12831,38124,54051,57364,183,90,917,821,217,1018,492,294,186,434,5439,0.0,0.0,0.0,0.0,0.0,0.0,0.0,0.0,0.0,0.0,0.0,0.0,0.0,0.0,0.0,0.0,0.0,0.0,0.0,0.0,0.0,0.0,0.0,0.0,0.0,0.0,0.0,0.0,0.0,0.0,0.0,0.0,0.0,0.0,0.0,0.0,0.0,0.0,0.0,0.0,0.0,0.0,0.0,0.0,0.0,0.0,0.0,0.0,0.0,0.0,0.0,0.0,0.0,0.0,0.0,0.0,0.0,0.0,0.0,0.0,0.0,0.0,0.0,0.0,0.0,0.0,0.0,0.0,0.0,0.0,0.0,0.0,0.0,0.0,0.0,0.0,0.0,0.0,0.0,0.0,0.0,0.0,0.0,0.0,0.0,0.0,0.0,0.0,0.0,0.0,0.0,0.0,0.0,0.0,0.0,0.0,0.0,0.0,0.0,0.0,0.0,0.0,0.0,0.0,0.0,0.0,0.0,0.0,0.0,0.0,0.0,0.0,0.0,0.0,0.0,0.0,0.0,0.0,0.0,0.0,0.0,0.0,0.0,0.0,0.0,0.0,0.0,0.0,0.0,0.0,0.0,0.0,0.0,0.0,0.0,0.0,0.0,0.0,0.0,0.0,0.0,0.0,0.0,0.0,0.0,0.0,0.0,0.0,0.0,0.0
ENCFF000YRI,0.06861284947624995,5476,16,271,2856,51,6554,485,34,20,16,60,198,199,387,1495,1581,218,25,275,414,19,39,8,1,1,69,328,237,1578,252,13,18,35,126,117,10,105,2,0,562,751,1,48,3,6,41,373,1485,34,53,62,85,31,29,499,10,28,29,9,61,103,19,634,13,33,92,3,2914,3553,560,73,40,129,447,20,75,36,58,71,17,60,75,248,31,31,240,3,64,27,0,78,7,1,85,74,992,11738,711,8,2016,2773,144,2524,82,41,369,91,108,1,177,547,575,5,474,2366,189,1867,41,169,173,582,91,2413,100,513,202,47,185,27,10,1980,553,211,944,396,1128,1956,52,328,143,92,269,2822,25,45,3,11,3,0,130,21,55,896,329,43,291,2674,255,21,66,59,42,211,380,366,463,4,11,1,58,0,128,55,214,295,8,2,64,55,59,990,504,3122,168,1747,2310,1081,2178,951,1996,10,1862,2180,833,639,1711,1285,426,71,74,54,7,32,60,9,3,0,5,370,10,2356,845,448,12,13448,2505,278,1849,1139,71,54,2748,1319,3699,377,3239,20,3491,5,26,66,34,12,60,19,244,135,1,47,69,48,77,27,146,102,39,13,308,233,138,201,85,16,52,56,27,27,18,47,87,316,84,29,144,168,139,717,2386,205,147,289,95,59,41,30,70,39,7,508,34,53,331,20,94,27,239,72,81,42,58,34,30,48,188,140,64,66,50,202,107,66,77,74,265,3,6,24,37,31,29,1023,7,749,2,34,7,424,52,530,534,566,3,145,7,12,75,269,4462,56,154,140,72,21,161,8,13,46,995,398,210,86,1,12,7,2,3,28,96,201,60,263,42,33,92,3585,37,148,8780,36,413,70,332,307,192,18,88,437,68,83,69,38,29,19,1321,84,65,66,33,79,82,1678,5,756,170,0,2139,475,2,16,544,49,2,435,46,129,17,190,85,1009,237,58,75,65,31,75,43,99,51,0,90,5,167,4,11,19,52,18,39,37,2811,152,685,383,114,41,53,11,2618,36,1058,157,987,92,14,212,1,1972,387,715,2833,231,945,17,11,17,76,35,64,33,109,469,60,3,24,92,0,0,307,266,0,59,9,1652,2621,1980,464,2386,310,22,4829,5574,938,2807,4495,5570,16,19,56,65,23,45,89,17,24,36,545,0.0,0.0,0.0,0.0,0.0,0.0,0.0,0.0,0.0,0.0,0.0,0.0,0.0,0.0,0.0,0.0,0.0,0.0,0.0,0.0,0.0,0.0,0.0,0.0,0.0,0.0,0.0,0.0,0.0,0.0,0.0,0.0,0.0,0.0,0.0,0.0,0.0,0.0,0.0,0.0,0.0,0.0,0.0,0.0,0.0,0.0,0.0,0.0,0.0,0.0,0.0,0.0,0.0,0.0,0.0,0.0,0.0,0.0,0.0,0.0,0.0,0.0,0.0,0.0,0.0,0.0,0.0,0.0,0.0,0.0,0.0,0.0,0.0,0.0,0.0,0.0,0.0,0.0,0.0,0.0,0.0,0.0,0.0,0.0,0.0,0.0,0.0,0.0,0.0,0.0,0.0,0.0,0.0,0.0,0.0,0.0,0.0,0.0,0.0,0.0,0.0,0.0,0.0,0.0,0.0,0.0,0.0,0.0,0.0,0.0,0.0,0.0,0.0,0.0,0.0,0.0,0.0,0.0,0.0,0.0,0.0,0.0,0.0,0.0,0.0,0.0,0.0,0.0,0.0,0.0,0.0,0.0,0.0,0.0,0.0,0.0,0.0,0.0,0.0,0.0,0.0,0.0,0.0,0.0,0.0,0.0,0.0,0.0,0.0,0.0
ENCFF822QPE,0.07069906984438529,1434733,7152,18266,1064,4,13722,3464,100,465,198,1172,1054,159,710,155,19,2591,670,2669,7174,237,1009,587,703,15,274,23977,1456,473,15827,732,5132,1777,662,451,1182,1049,19,0,9344,11168,9,593,5,5673,131,3011,215,10404,246,268,433,506,835,80289,181,377,269,71,788,615,2,11,80,214,3415,1,30464,100284,47773,376,214,21887,7832,446,361,170,240,349,57,313,308,4241,162,149,1447,89,252,165,19,2183,38,0,6468,226,152,206368,11183,46,107242,40637,1057,37802,519,237,6205,1986,1788,1,61307,43860,10723,1302,6824,144780,220,8995,1,1,332,8071,0,138,367,11762,5558,979,4743,354,82,38540,1739,16275,287,1180,13175,66283,40614,4803,284,329,6693,1618,116,12495,11,163,167,13,2073,256,399,12497,4537,1021,2812,1032,570,2638,294,560,657,1879,3117,2702,46086,31,90,18,320,1,576,195,1863,711,621,0,9024,546,311,29339,10015,99649,11841,17292,24147,11727,7292,13344,39118,133,29235,31298,13877,13673,35785,99028,6437,393,1296,299,26,134,327,174,93,39,6,5590,11,8262,6422,37,38,489651,21628,4264,26334,906,991,893,27629,11657,18646,90,54693,92,52095,169,211,1435,3,103,289,297,1825,2100,4,213,289,211,286,145,868,428,7992,155,3633,2129,1626,8310,432,109,282,220,108,111,87,1270,354,3243,1125,112,1217,1033,751,1460,372,31994,1044,27739,689,228,185,204,271,165,946,10580,181,279,5360,96,953,131,2920,343,283,178,284,47,210,1627,1042,758,279,321,245,3586,831,233,282,262,1668,393,27,138,200,349,12,37579,555,23331,41,539,20,5013,696,18400,10644,5448,2,2169,99,182,53,3679,19326,1327,6530,9218,1233,207,976,174,81,806,11863,3142,1569,1279,358,3645,84,0,18,255,60,2588,161,2761,160,171,261,753,3131,878,157705,1429,5502,304,1909,25894,1140,122,18222,74759,265,327,318,140,119,408,313944,364,294,332,1147,329,346,27555,215,6950,4202,7,121364,9899,2,311,5689,1178,43,4097,236,1105,1520,1547,336,382,222,6987,247,322,165,487,266,1533,82,2,4365,38,1418,112,100,212,6121,642,47,213,1536,28,1761,788,116,141,21368,25,76156,2383,21188,1169,12696,1096,109,3663,4,33295,4932,13178,84006,753,704,754,28,114,568,3924,299,236,576,1175,282,21,7980,290,0,0,7802,4077,75,4788,163,21066,33891,26961,4100,29657,4569,149,36883,75546,9742,29840,59675,66119,130,311,208,236,74,256,1361,221,1245,454,7153,0.0,0.0,0.0,0.0,0.0,0.0,0.0,0.0,0.0,0.0,0.0,0.0,0.0,0.0,0.0,0.0,0.0,0.0,0.0,0.0,0.0,0.0,0.0,0.0,0.0,0.0,0.0,0.0,0.0,0.0,0.0,0.0,0.0,0.0,0.0,0.0,0.0,0.0,0.0,0.0,0.0,0.0,0.0,0.0,0.0,0.0,0.0,0.0,0.0,0.0,0.0,0.0,0.0,0.0,0.0,0.0,0.0,0.0,0.0,0.0,0.0,0.0,0.0,0.0,0.0,0.0,0.0,0.0,0.0,0.0,0.0,0.0,0.0,0.0,0.0,0.0,0.0,0.0,0.0,0.0,0.0,0.0,0.0,0.0,0.0,0.0,0.0,0.0,0.0,0.0,0.0,0.0,0.0,0.0,0.0,0.0,0.0,0.0,0.0,0.0,0.0,0.0,0.0,0.0,0.0,0.0,0.0,0.0,0.0,0.0,0.0,0.0,0.0,0.0,0.0,0.0,0.0,0.0,0.0,0.0,0.0,0.0,0.0,0.0,0.0,0.0,0.0,0.0,0.0,0.0,0.0,0.0,0.0,0.0,0.0,0.0,0.0,0.0,0.0,0.0,0.0,0.0,0.0,0.0,0.0,0.0,0.0,0.0,0.0,0.0
ENCFF000PSD,0.14837323478114522,47848,117,2603,20189,451,45211,5687,205,302,241,546,2767,2058,4494,10890,11873,2240,402,3331,5005,141,589,61,38,52,658,2297,2719,29532,2939,255,198,375,1815,1793,78,2106,6,24,7070,9539,54,612,23,46,1294,5319,13746,236,508,920,1164,422,241,6147,101,309,259,98,624,1275,140,7003,487,306,642,67,34292,43249,14270,1002,554,1166,5856,290,1329,485,647,667,179,826,1388,3221,417,426,2948,6,783,384,10,1049,125,16,1196,1027,9681,139962,8792,60,23928,34494,2334,30340,1398,530,4620,1435,1561,11,2466,6520,6790,68,3798,34585,1838,27644,385,1468,1418,7608,594,36322,1432,5387,2596,656,2581,358,128,26481,6710,3211,14133,4443,12961,25645,408,3859,1684,1296,3142,32293,344,449,66,89,32,24,1998,262,526,9208,4050,584,3653,21495,2217,361,1191,962,857,2509,4569,4265,5147,43,91,32,871,30,1510,511,1374,474,72,8,492,648,1133,14852,6576,39955,2038,22885,27783,12965,27394,11905,24634,237,25569,30395,10201,8390,23291,16681,5316,668,568,602,37,461,802,139,59,29,161,3591,176,38220,9466,6015,329,141733,29572,2878,22613,14235,1010,484,32002,14072,40193,2592,40318,163,40017,44,270,643,141,251,965,419,3210,1986,23,551,748,453,756,348,2971,1676,554,176,4148,2720,1715,2765,985,274,586,633,300,337,241,471,875,4250,901,317,1548,2486,2074,7420,14229,1629,2464,4053,1075,843,654,529,843,415,155,7209,405,652,5028,322,1391,366,3535,927,914,487,748,198,398,512,2040,1964,652,741,653,2349,1250,666,638,795,3199,12,29,298,536,468,218,12513,93,8530,11,414,60,5869,767,6707,5371,6525,24,2273,98,155,1189,3387,41325,677,2460,2386,917,118,2723,224,167,652,11963,4638,2517,1215,22,173,72,6,32,583,785,2044,791,3166,443,430,760,27263,393,1764,108794,458,5361,828,5171,2796,2092,256,873,4619,677,1161,1332,298,364,242,11058,1459,827,1363,544,1231,1552,21759,69,8714,1874,11,24615,6115,56,267,5843,1006,54,5392,647,1330,259,3158,985,14791,2295,778,619,1556,406,1109,692,1487,731,23,949,36,1458,122,28,124,558,196,409,506,14587,1228,6339,3891,926,392,698,103,31325,189,12273,1548,10762,1242,244,2453,18,24102,4813,8466,37054,1465,11947,252,152,321,787,359,1234,617,1116,5831,1153,33,335,852,16,15,3505,3610,9,491,169,21789,34493,25122,6183,30402,3454,275,56377,76971,10968,34239,56406,68786,181,125,619,570,181,699,1030,237,416,545,5942,0.0,0.0,0.0,0.0,0.0,0.0,0.0,0.0,0.0,0.0,0.0,0.0,0.0,0.0,0.0,0.0,0.0,0.0,0.0,0.0,0.0,0.0,0.0,0.0,0.0,0.0,0.0,0.0,0.0,0.0,0.0,0.0,0.0,0.0,0.0,0.0,0.0,0.0,0.0,0.0,0.0,0.0,0.0,0.0,0.0,0.0,0.0,0.0,0.0,0.0,0.0,0.0,0.0,0.0,0.0,0.0,0.0,0.0,0.0,0.0,0.0,0.0,0.0,0.0,0.0,0.0,0.0,0.0,0.0,0.0,0.0,0.0,0.0,0.0,0.0,0.0,0.0,0.0,0.0,0.0,0.0,0.0,0.0,0.0,0.0,0.0,0.0,0.0,0.0,0.0,0.0,0.0,0.0,0.0,0.0,0.0,0.0,0.0,0.0,0.0,0.0,0.0,0.0,0.0,0.0,0.0,0.0,0.0,0.0,0.0,0.0,0.0,0.0,0.0,0.0,0.0,0.0,0.0,0.0,0.0,0.0,0.0,0.0,0.0,0.0,0.0,0.0,0.0,0.0,0.0,0.0,0.0,0.0,0.0,0.0,0.0,0.0,0.0,0.0,0.0,0.0,0.0,0.0,0.0,0.0,0.0,0.0,0.0,0.0,0.0
ENCFF002EQU,0.2965497169489469,27338427,5866,119652,248734,3358,530071,62421,1665,2718,2074,3970,15898,18559,45815,76747,137546,19049,2952,35995,35822,1231,4804,472,824,830,5510,2275841,17605,169774,23952,1791,108129,3077,9554,8761,47947,11639,237,202,48896,74029,720,5628,412,1584,4205,33521,130440,401375,3121,5143,6753,3044,2457,52488,1351,2257,2606,1400,4875,7770,2204,64009,2863,2125,668600,312,260187,310101,51186,5795,3405,492975,51556,2104,6687,2569,3781,4582,1031,4835,6609,23779,2378,2541,18760,147,4306,2511,158,8338,2241,409,7639,6467,88489,1009146,63241,826,170491,251312,14462,216895,6491,2996,36322,11840,12520,155,21377,52174,53944,1586,26977,202719,13132,119603,2049,8775,10087,54092,4093,195665,7108,40681,20591,6448,19083,2935,899,235395,66530,1366935,185048,43857,110972,180551,401132,24640,20607,6788,272283,196186,3954,335452,707,847,359,289,14920,2823,4095,64634,30270,4377,31548,239321,16108,3643,6533,24208,19346,17424,44374,47846,48995,370,1135,222,4913,126,8941,2942,9136,1715,39779,19,136618,5277,5670,96454,44196,712941,11833,165409,194825,83462,159858,77532,149275,1536,164633,194966,71345,54478,149432,114381,42821,4670,559285,4718,264,2550,4357,1271,590,234,172,23784,1859,216567,63830,48803,2391,1819810,232820,243758,168875,114847,7990,3845,237341,128356,327554,18154,268637,1003,267805,314,2570,5411,776,1394,5121,1618,20069,16327,293,3057,4565,2867,4541,2036,13933,8220,4439,1517,26213,17298,11739,17662,5797,1512,3164,3613,1624,1694,1252,3646,5363,30464,5967,1779,9913,12611,12324,50921,131749,1366641,13439,23816,6875,4627,3722,2893,4664,2274,2198,52232,2308,4002,36338,1759,10033,1996,24429,5081,5330,2834,4280,4700,2154,39926,12175,12380,3810,4565,3556,16001,7858,3874,3927,4532,20448,199,251,2007,2952,3541,2764,97371,1990,68004,194,3279,1662,43188,5946,47724,46739,42049,356,18575,873,1424,18949,26989,390315,131831,146377,12963,6758,138656,15962,2262,2630,5117,89392,38973,15835,9328,403,4890,1054,183,796,3307,14089,16277,3906,23990,2420,2458,11896,305248,131921,10561,732523,3854,35190,4776,31112,2391392,14707,1441,1128174,2525496,3912,5653,5970,1831,2080,33129,13034914,6782,4894,6391,2703,6552,7181,172410,728,61500,14688,488,192804,41120,1720,1807,34997,5726,366,37909,3832,24615,1973,18530,6043,142411,16470,268137,3791,6075,2149,6108,4275,7844,2837,181,5957,144,13034,16342,842,1439,221547,10445,3978,6534,287932,9846,54079,29326,6418,2999,7066,2022,254745,208510,97560,381896,78855,11850,2463,18664,119,211399,40207,65383,322327,11059,102680,44861,4501,1785,170755,5211,6517,3361,10003,51894,5794,306,174348,4906,370,289,26633,25787,109,436086,1457,159176,243043,170000,43731,224479,27411,12352,412683,568279,74607,245463,414495,493640,1398,1248,3746,3266,1144,4029,11599,1537,2941,4175,42059,0.0,0.0,0.0,0.0,0.0,0.0,0.0,0.0,0.0,0.0,0.0,0.0,0.0,0.0,0.0,0.0,0.0,0.0,0.0,0.0,0.0,0.0,0.0,0.0,0.0,0.0,0.0,0.0,0.0,0.0,0.0,0.0,0.0,0.0,0.0,0.0,0.0,0.0,0.0,0.0,0.0,0.0,0.0,0.0,0.0,0.0,0.0,0.0,0.0,0.0,0.0,0.0,0.0,0.0,0.0,0.0,0.0,0.0,0.0,0.0,0.0,0.0,0.0,0.0,0.0,0.0,0.0,0.0,0.0,0.0,0.0,0.0,0.0,0.0,0.0,0.0,0.0,0.0,0.0,0.0,0.0,0.0,0.0,0.0,0.0,0.0,0.0,0.0,0.0,0.0,0.0,0.0,0.0,0.0,0.0,0.0,0.0,0.0,0.0,0.0,0.0,0.0,0.0,0.0,0.0,0.0,0.0,0.0,0.0,0.0,0.0,0.0,0.0,0.0,0.0,0.0,0.0,0.0,0.0,0.0,0.0,0.0,0.0,0.0,0.0,0.0,0.0,0.0,0.0,0.0,0.0,0.0,0.0,0.0,0.0,0.0,0.0,0.0,0.0,0.0,0.0,0.0,0.0,0.0,0.0,0.0,0.0,0.0,0.0,0.0
ENCFF229CUE,0.13416961888310355,93377,123,2833,39208,488,94528,15020,605,849,412,1127,6583,2870,5137,16531,21161,2579,1779,5503,6664,186,1003,129,215,194,1670,4602,4677,20681,5170,212,69,643,3252,3087,25,3585,86,28,9514,13215,192,470,137,17,898,9072,22404,414,1492,2083,2244,253,627,8568,112,617,610,589,2194,4341,169,7723,169,354,1220,647,34861,55329,7709,1881,1113,3203,9393,89,2197,1057,1108,1364,360,1849,2382,3495,751,1076,5909,65,1326,1214,58,1611,1064,87,2585,735,6666,179931,10637,233,30055,47874,4392,40445,2404,1193,5928,2289,2831,115,5069,10912,13300,617,6854,46874,1630,30535,119,593,879,8057,423,53751,1772,7240,3194,701,2951,225,192,42440,5382,1841,17048,6825,19322,38499,146,6173,4138,1873,4347,31813,704,425,96,187,123,16,2566,731,1932,13157,5254,512,4352,36357,2003,462,2362,4906,3482,3333,6523,8404,8749,175,272,64,1694,101,1887,873,790,355,11,13,754,553,2148,14912,7645,48987,3626,23051,36477,13101,26587,16893,30752,258,30417,38325,12045,12051,30504,22103,4694,1406,319,328,16,1167,2012,236,126,58,113,5197,374,31320,8084,7970,497,156147,34417,4698,25388,13021,1577,839,34357,14642,40153,2086,52005,124,52911,272,340,1613,220,555,1445,305,6019,3171,110,1167,1066,1036,1599,915,4279,1974,275,388,7162,4713,2470,4391,2648,493,1487,1254,724,517,399,510,1578,5044,978,590,1772,4580,2875,7848,33864,4634,3859,4858,1981,1355,1123,1036,1405,723,105,10653,986,2743,7295,597,2574,926,5571,2595,1792,1483,1541,262,707,615,4027,2936,1422,1286,1299,3665,2899,1723,913,1709,4142,33,37,715,1377,1617,565,18088,480,12678,36,265,153,7076,1041,10235,8629,8611,119,3415,525,142,1408,4092,71068,821,2531,3915,1490,44,3218,144,1780,2374,22850,6724,13501,2186,248,412,430,28,354,959,973,2664,1303,5812,1002,790,1705,61934,348,2879,146411,621,7776,1558,9100,5510,2986,506,574,5965,1248,1907,1984,580,444,154,48232,2928,1619,1758,550,1741,1968,30831,453,18820,1912,198,40566,10884,30,637,7490,1249,440,9717,1177,1453,539,6085,1636,31229,1560,941,1327,1725,1121,1191,1438,2005,827,104,1720,111,3202,425,488,154,342,628,225,749,22325,828,7108,3465,557,1018,1345,412,43537,283,13948,1654,13737,2743,99,3354,42,41836,7692,11703,50540,1746,21337,155,401,693,1686,870,1724,1261,1532,4576,1483,18,177,1562,29,96,4253,4150,26,253,241,33472,35940,27905,7097,36804,5721,600,66750,92637,12301,35746,73047,89890,212,111,1144,979,586,1308,1332,1027,500,989,8177,0.0,0.0,0.0,0.0,0.0,0.0,0.0,0.0,0.0,0.0,0.0,0.0,0.0,0.0,0.0,0.0,0.0,0.0,0.0,0.0,0.0,0.0,0.0,0.0,0.0,0.0,0.0,0.0,0.0,0.0,0.0,0.0,0.0,0.0,0.0,0.0,0.0,0.0,0.0,0.0,0.0,0.0,0.0,0.0,0.0,0.0,0.0,0.0,0.0,0.0,0.0,0.0,0.0,0.0,0.0,0.0,0.0,0.0,0.0,0.0,0.0,0.0,0.0,0.0,0.0,0.0,0.0,0.0,0.0,0.0,0.0,0.0,0.0,0.0,0.0,0.0,0.0,0.0,0.0,0.0,0.0,0.0,0.0,0.0,0.0,0.0,0.0,0.0,0.0,0.0,0.0,0.0,0.0,0.0,0.0,0.0,0.0,0.0,0.0,0.0,0.0,0.0,0.0,0.0,0.0,0.0,0.0,0.0,0.0,0.0,0.0,0.0,0.0,0.0,0.0,0.0,0.0,0.0,0.0,0.0,0.0,0.0,0.0,0.0,0.0,0.0,0.0,0.0,0.0,0.0,0.0,0.0,0.0,0.0,0.0,0.0,0.0,0.0,0.0,0.0,0.0,0.0,0.0,0.0,0.0,0.0,0.0,0.0,0.0,0.0
ENCFF569QXG,0.1427845855268505,59650,90,2264,34449,464,106353,10906,424,533,300,746,4471,2512,4674,13501,23055,2541,1327,5834,5556,148,858,88,206,114,1539,2542,3858,16720,4184,173,75,529,2687,2688,22,3093,69,17,7856,10892,166,385,102,23,730,7780,18365,200,1388,1875,1903,230,450,6069,114,494,298,408,1497,2601,369,8840,280,282,754,228,35202,49724,6727,1719,954,2533,7640,62,1889,806,989,1110,337,1619,1881,2831,550,943,4608,67,1198,1046,39,1683,588,75,2661,728,7384,154150,9698,201,26565,39931,3806,35312,2003,1013,4395,1864,2468,57,4171,7444,9083,535,5309,38446,1503,32818,134,611,807,6593,412,56402,1576,5950,2490,552,2548,175,215,35248,5588,1197,16081,6885,16925,30887,76,4947,5590,1644,3394,30309,716,289,113,102,74,26,2140,650,791,10618,4245,460,3913,31187,2008,335,2018,4430,3331,2909,4365,5237,7250,66,165,50,1366,75,1672,748,923,308,2,11,619,406,1693,12314,6381,40122,3156,19952,30924,11208,21981,14200,24673,199,25735,32880,9573,9833,25827,18954,4431,1312,174,419,24,1035,1577,166,74,55,52,4338,249,32268,8215,9089,536,145861,31638,4189,22139,15520,1330,737,32098,14708,40421,2506,46691,115,47768,111,263,1022,89,502,1285,268,5039,2472,77,981,886,828,1466,748,3402,1707,80,205,5912,3905,1986,3371,2210,432,1232,1149,609,421,339,337,1354,4414,834,498,1475,3743,2360,7048,27264,2644,3195,4024,1777,1117,925,870,1316,676,57,10976,774,2228,6110,485,2023,759,4340,2416,1559,1303,1350,150,575,535,3466,2462,1316,1092,1039,2736,2390,1464,832,1432,3523,28,28,604,1142,954,486,14720,433,10831,45,257,96,5900,810,8814,6875,7469,90,2938,324,87,1495,3295,67942,609,2337,3076,1197,20,2665,248,1300,1960,19983,7080,6224,1817,130,214,341,24,250,892,977,2177,1083,4584,821,639,1773,57686,182,2441,119547,529,7003,1283,8138,3503,2450,418,383,4201,1047,1543,1597,468,367,128,26499,2152,1529,1446,553,1428,1733,26472,174,15631,1399,156,33098,8914,36,578,5772,1414,169,7892,1047,1399,281,5310,1358,28657,1397,564,1009,1491,840,1070,1274,1522,772,53,1432,77,2506,371,229,99,221,585,197,759,21448,940,6372,3313,515,1071,1416,345,34888,149,11663,1478,11111,2493,54,2721,21,36586,6489,10338,42104,1428,17545,144,407,541,1389,759,1376,1123,1314,4146,1361,15,214,1343,43,83,3596,3591,16,160,128,31141,30854,23236,6450,31603,5533,744,57573,80106,11004,30261,63720,77932,246,76,962,909,428,1193,954,598,326,923,6980,0.0,0.0,0.0,0.0,0.0,0.0,0.0,0.0,0.0,0.0,0.0,0.0,0.0,0.0,0.0,0.0,0.0,0.0,0.0,0.0,0.0,0.0,0.0,0.0,0.0,0.0,0.0,0.0,0.0,0.0,0.0,0.0,0.0,0.0,0.0,0.0,0.0,0.0,0.0,0.0,0.0,0.0,0.0,0.0,0.0,0.0,0.0,0.0,0.0,0.0,0.0,0.0,0.0,0.0,0.0,0.0,0.0,0.0,0.0,0.0,0.0,0.0,0.0,0.0,0.0,0.0,0.0,0.0,0.0,0.0,0.0,0.0,0.0,0.0,0.0,0.0,0.0,0.0,0.0,0.0,0.0,0.0,0.0,0.0,0.0,0.0,0.0,0.0,0.0,0.0,0.0,0.0,0.0,0.0,0.0,0.0,0.0,0.0,0.0,0.0,0.0,0.0,0.0,0.0,0.0,0.0,0.0,0.0,0.0,0.0,0.0,0.0,0.0,0.0,0.0,0.0,0.0,0.0,0.0,0.0,0.0,0.0,0.0,0.0,0.0,0.0,0.0,0.0,0.0,0.0,0.0,0.0,0.0,0.0,0.0,0.0,0.0,0.0,0.0,0.0,0.0,0.0,0.0,0.0,0.0,0.0,0.0,0.0,0.0,0.0
ENCFF000YCQ,0.1705061609400057,98629,501,4989,62975,1143,132377,7735,424,784,367,879,5082,6614,13560,32780,46505,4965,565,7656,7646,161,837,105,75,77,1168,5840,4769,48479,4359,343,329,652,2681,2290,156,2421,32,38,10458,13446,109,781,126,137,723,7889,39569,634,735,1614,2208,571,379,7755,181,402,451,127,883,2378,680,24117,425,324,1752,251,73330,69097,8469,1582,1144,2518,6215,392,1751,771,1221,1365,351,1533,1623,4653,729,813,5354,28,1233,749,33,1393,176,17,1358,1846,32430,223640,13440,152,35423,50230,3483,43760,1677,933,6055,1879,2098,24,3408,9144,8897,198,6482,39425,3863,51321,865,3495,3305,11187,1400,82295,2024,7456,3881,784,3115,449,202,36055,19511,3795,47581,12994,12050,32922,876,6539,5059,1682,5042,79796,523,904,161,138,59,31,2753,427,977,14047,5952,863,4945,63678,5135,531,1710,1062,935,4042,5338,4183,6198,61,185,27,1579,52,2709,919,988,678,113,17,1084,818,1546,18470,8692,55628,3235,40506,44996,19293,50040,17910,38241,448,35714,42813,13764,11434,28920,22579,7348,1275,1285,1049,102,832,1444,197,88,20,145,5037,466,58099,16974,19023,198,284318,49700,5186,34569,41726,1248,750,54662,25982,88127,6877,50779,227,50963,71,428,1183,414,456,1356,268,5320,2773,50,1070,1382,905,1363,649,3384,2078,286,257,6497,3857,2760,2986,1870,525,976,1082,566,497,371,610,1636,7048,2001,565,2384,3218,3128,17527,55527,3962,3272,3546,1923,1205,963,1076,1510,767,151,8777,779,1286,6481,571,2167,605,5516,1690,1517,905,1439,279,727,818,3703,3503,1275,1406,1124,3098,2229,1218,1179,1552,5983,37,55,643,971,575,358,17570,82,11677,43,663,105,8119,856,8438,8386,9736,33,3230,128,224,1548,4494,128518,1024,2823,2852,1340,323,3946,247,176,857,19847,9666,5537,1585,62,180,130,8,48,1049,808,2847,766,4576,774,769,2910,83397,724,3118,157195,841,7322,1479,7617,6116,3603,450,2629,9538,1245,1423,1603,579,650,400,32119,1727,1415,1621,586,1655,1815,31309,84,13908,2715,40,32303,8215,33,384,8005,859,68,9136,1260,1697,365,4312,1637,40290,5135,1508,1226,1488,693,1766,1395,1507,673,20,1331,41,2329,201,41,234,1171,225,1016,1160,50327,3133,15471,8458,2159,694,968,239,42960,642,18013,2902,14777,1697,350,3525,75,35120,6740,12117,52632,4872,32785,443,176,590,1679,768,1670,1119,2043,10255,1499,74,663,1533,23,39,4805,4912,3,1034,332,29869,54905,41213,10439,44672,5164,706,91025,116732,18505,56723,85335,100782,481,228,1167,1053,295,1321,1447,368,548,859,9153,0.0,0.0,0.0,0.0,0.0,0.0,0.0,0.0,0.0,0.0,0.0,0.0,0.0,0.0,0.0,0.0,0.0,0.0,0.0,0.0,0.0,0.0,0.0,0.0,0.0,0.0,0.0,0.0,0.0,0.0,0.0,0.0,0.0,0.0,0.0,0.0,0.0,0.0,0.0,0.0,0.0,0.0,0.0,0.0,0.0,0.0,0.0,0.0,0.0,0.0,0.0,0.0,0.0,0.0,0.0,0.0,0.0,0.0,0.0,0.0,0.0,0.0,0.0,0.0,0.0,0.0,0.0,0.0,0.0,0.0,0.0,0.0,0.0,0.0,0.0,0.0,0.0,0.0,0.0,0.0,0.0,0.0,0.0,0.0,0.0,0.0,0.0,0.0,0.0,0.0,0.0,0.0,0.0,0.0,0.0,0.0,0.0,0.0,0.0,0.0,0.0,0.0,0.0,0.0,0.0,0.0,0.0,0.0,0.0,0.0,0.0,0.0,0.0,0.0,0.0,0.0,0.0,0.0,0.0,0.0,0.0,0.0,0.0,0.0,0.0,0.0,0.0,0.0,0.0,0.0,0.0,0.0,0.0,0.0,0.0,0.0,0.0,0.0,0.0,0.0,0.0,0.0,0.0,0.0,0.0,0.0,0.0,0.0,0.0,0.0
ENCFF000VYU,0.07817952361357292,1736,14,162,1463,35,3440,214,23,21,11,36,107,165,391,826,1086,151,15,222,244,11,28,7,2,4,35,37,132,1143,164,11,3,17,83,59,0,79,2,4,316,452,2,35,3,4,24,228,953,8,42,34,47,29,18,295,7,18,14,9,34,60,14,523,8,21,17,6,2015,1982,310,42,29,53,292,15,56,24,30,48,8,41,49,174,28,25,131,1,33,18,1,62,25,2,42,52,747,6947,492,3,1246,1729,101,1472,35,22,210,84,64,2,139,322,304,6,188,1421,121,1339,37,117,99,351,45,1705,63,255,96,29,121,20,6,1364,522,33,1052,354,560,1123,8,222,129,63,160,1644,13,9,5,6,2,2,75,16,24,392,233,35,186,1460,157,16,48,56,57,103,187,145,266,3,8,2,31,0,80,35,76,547,2,0,19,41,42,684,278,1695,87,1172,1385,569,1383,569,1098,11,1089,1378,416,409,1019,776,278,40,10,40,2,25,38,10,6,0,1,152,17,1906,524,458,11,9068,1460,143,1176,933,45,21,1594,722,2309,220,1815,6,1867,2,16,38,16,15,34,7,144,97,2,31,45,30,40,17,98,51,12,9,174,122,80,123,61,14,26,24,18,24,12,29,49,203,53,17,73,97,79,487,1032,25,109,176,63,37,27,17,37,22,12,333,20,26,240,12,72,23,165,36,41,19,44,14,23,26,87,95,37,39,23,105,60,36,33,37,129,0,2,12,20,19,11,645,9,395,1,27,2,276,36,288,271,288,3,119,9,11,51,197,2589,42,78,79,50,3,102,9,18,34,562,277,153,52,1,8,7,1,3,25,56,99,18,148,26,23,80,2070,15,92,5042,14,249,37,211,66,111,15,24,190,34,39,54,17,22,11,258,53,34,50,14,54,59,1004,9,417,107,1,1201,356,2,15,223,36,3,274,29,69,20,122,49,597,137,27,31,42,16,49,26,50,32,1,45,2,85,4,2,11,15,21,45,45,1257,109,396,222,68,17,27,10,1714,6,602,86,493,51,13,127,1,1243,210,364,1745,62,641,15,13,7,29,17,50,27,58,332,36,0,15,43,0,0,163,186,1,13,14,1076,1698,1310,298,1457,187,14,2938,3807,532,1707,2874,3417,13,9,38,31,4,45,76,9,22,28,294,0.0,0.0,0.0,0.0,0.0,0.0,0.0,0.0,0.0,0.0,0.0,0.0,0.0,0.0,0.0,0.0,0.0,0.0,0.0,0.0,0.0,0.0,0.0,0.0,0.0,0.0,0.0,0.0,0.0,0.0,0.0,0.0,0.0,0.0,0.0,0.0,0.0,0.0,0.0,0.0,0.0,0.0,0.0,0.0,0.0,0.0,0.0,0.0,0.0,0.0,0.0,0.0,0.0,0.0,0.0,0.0,0.0,0.0,0.0,0.0,0.0,0.0,0.0,0.0,0.0,0.0,0.0,0.0,0.0,0.0,0.0,0.0,0.0,0.0,0.0,0.0,0.0,0.0,0.0,0.0,0.0,0.0,0.0,0.0,0.0,0.0,0.0,0.0,0.0,0.0,0.0,0.0,0.0,0.0,0.0,0.0,0.0,0.0,0.0,0.0,0.0,0.0,0.0,0.0,0.0,0.0,0.0,0.0,0.0,0.0,0.0,0.0,0.0,0.0,0.0,0.0,0.0,0.0,0.0,0.0,0.0,0.0,0.0,0.0,0.0,0.0,0.0,0.0,0.0,0.0,0.0,0.0,0.0,0.0,0.0,0.0,0.0,0.0,0.0,0.0,0.0,0.0,0.0,0.0,0.0,0.0,0.0,0.0,0.0,0.0
ENCFF499VFM,0.13610337565471803,60814,91,2638,35011,481,102546,10039,514,542,316,856,5745,2555,4764,14034,22244,2182,1365,5367,5648,132,907,71,172,126,1603,2532,4254,17552,4318,204,54,571,2937,2979,29,3334,56,11,7934,10977,161,445,148,17,743,8047,20012,192,1284,2109,2114,239,439,6211,94,469,305,384,1641,3784,234,6559,176,336,658,504,31776,50037,6122,1876,1055,2732,6699,71,2122,982,1140,1347,357,1828,2088,2795,643,1105,5475,48,1298,1185,38,1204,607,64,2347,763,6264,154727,8522,210,24836,39071,4158,33336,2079,1137,4556,1863,2353,92,3834,7736,9406,478,5586,37611,1505,33391,156,662,882,7044,482,56422,1635,5888,2480,505,2404,180,106,32944,5329,1064,14137,6468,13685,30659,87,5637,4897,1727,3852,29795,569,280,104,108,67,19,2058,593,1358,10903,4230,422,3983,32507,2140,347,2128,3128,2537,2901,5628,6701,7032,100,169,45,1602,88,1837,844,742,195,9,25,679,490,1961,12058,6329,40580,3161,20214,31467,11918,22502,15337,27615,246,25492,32689,9693,9855,25375,18189,4010,1129,164,296,36,1099,1877,174,72,40,52,4289,258,25656,7070,6871,391,132021,30162,3896,20457,11635,1275,650,30620,13120,36404,2113,42284,126,42313,133,233,1436,147,508,1392,327,5652,2555,68,1097,996,1004,1639,828,3788,1740,147,241,6461,4346,2142,3158,2439,484,1358,1231,749,436,373,301,1588,4426,983,617,1650,3784,2532,7640,30739,2459,3421,3693,1733,1286,1009,971,1348,793,63,8079,850,2356,6014,543,2313,860,4905,2572,1704,1581,1551,184,670,645,3778,2768,1534,1267,1279,2979,2560,1640,953,1605,3922,25,24,647,1236,914,428,14250,425,9766,30,251,100,6425,808,7587,7061,7593,80,3045,383,127,1366,3481,65328,593,1968,3316,1239,42,2901,131,1104,1710,21359,6610,10498,1788,96,219,283,19,190,979,920,2216,1241,4590,1005,707,1556,57852,256,2653,119169,571,6573,1495,8766,3212,2775,500,353,4234,1252,1710,1867,534,460,129,26431,2415,1585,1640,559,1647,1810,27210,213,16969,1579,101,31424,8640,35,519,6304,998,269,8997,1156,1319,303,5223,1561,28552,1522,630,1167,1719,1068,1166,1399,1458,800,48,1383,82,2691,327,378,106,218,331,200,651,23930,930,7030,3432,582,818,1240,375,33582,166,11718,1623,11018,2220,78,2675,25,37487,6637,10717,43217,1528,17508,168,379,641,1663,930,1565,1223,1470,4217,1454,14,157,1551,36,88,3336,3450,18,145,175,27366,30963,24776,6411,30777,4779,549,56484,79172,10681,31270,62204,75747,222,84,1041,986,507,1404,852,607,278,830,6955,0.0,0.0,0.0,0.0,0.0,0.0,0.0,0.0,0.0,0.0,0.0,0.0,0.0,0.0,0.0,0.0,0.0,0.0,0.0,0.0,0.0,0.0,0.0,0.0,0.0,0.0,0.0,0.0,0.0,0.0,0.0,0.0,0.0,0.0,0.0,0.0,0.0,0.0,0.0,0.0,0.0,0.0,0.0,0.0,0.0,0.0,0.0,0.0,0.0,0.0,0.0,0.0,0.0,0.0,0.0,0.0,0.0,0.0,0.0,0.0,0.0,0.0,0.0,0.0,0.0,0.0,0.0,0.0,0.0,0.0,0.0,0.0,0.0,0.0,0.0,0.0,0.0,0.0,0.0,0.0,0.0,0.0,0.0,0.0,0.0,0.0,0.0,0.0,0.0,0.0,0.0,0.0,0.0,0.0,0.0,0.0,0.0,0.0,0.0,0.0,0.0,0.0,0.0,0.0,0.0,0.0,0.0,0.0,0.0,0.0,0.0,0.0,0.0,0.0,0.0,0.0,0.0,0.0,0.0,0.0,0.0,0.0,0.0,0.0,0.0,0.0,0.0,0.0,0.0,0.0,0.0,0.0,0.0,0.0,0.0,0.0,0.0,0.0,0.0,0.0,0.0,0.0,0.0,0.0,0.0,0.0,0.0,0.0,0.0,0.0
ENCFF000WMZ,0.15823336255724357,29657,219,2396,19233,749,79040,2714,137,235,142,258,1886,2772,4811,8566,21520,1741,171,2590,3159,67,263,69,17,40,346,1416,1791,13342,1561,117,129,246,977,858,70,777,16,12,3501,4445,20,276,24,65,227,2700,11674,188,276,538,834,202,137,2618,67,118,162,49,269,803,166,7371,136,192,407,21,24079,23467,2610,531,388,806,2177,82,568,296,421,467,116,555,559,1715,223,282,1860,5,494,259,12,458,447,31,772,728,13371,80088,4787,63,12663,18293,1178,15970,652,370,2076,736,767,8,1261,3126,3036,24,2107,13802,2051,18209,652,2598,2066,4622,1218,23944,802,2762,1503,315,1071,153,43,13617,7082,1456,12329,4638,5127,10999,344,2321,1305,572,1554,19600,185,263,44,50,15,20,827,96,243,5487,2146,303,2007,19930,1815,183,583,399,347,1295,2107,1786,2141,31,50,13,549,11,1010,396,356,195,38,5,361,304,511,6481,3006,19467,1131,15021,15628,6700,15721,6359,14364,137,12899,15412,4702,4205,10753,7948,2762,456,322,340,27,261,481,67,33,11,25,1878,187,19180,6356,7058,88,98479,17356,1733,11723,13167,363,352,18336,9098,29599,3890,17666,67,16915,31,159,367,78,156,515,83,1792,847,14,379,472,371,504,200,1192,698,155,80,2107,1337,883,1054,656,195,330,399,200,221,157,225,643,2544,698,234,999,1155,1155,6136,15767,959,1074,1307,668,445,318,347,500,262,73,2966,251,413,2185,202,806,225,1831,535,528,302,482,152,257,325,1208,1315,451,542,329,1048,789,349,439,495,2055,18,17,213,362,183,352,6296,54,4275,9,275,30,2575,284,3002,3262,3405,13,1117,36,73,669,1622,36546,289,963,1024,485,61,1535,52,101,222,7131,2995,1600,463,9,95,57,2,18,394,414,1064,258,1878,300,242,948,24566,274,1115,58710,267,2370,522,2552,1484,1349,156,682,3458,444,477,539,263,222,154,7996,592,541,506,239,582,643,10728,36,4418,1012,18,10932,3469,17,106,2810,251,31,3030,443,504,123,1480,605,9419,1788,400,415,548,247,544,442,527,222,3,475,16,816,32,38,59,338,99,550,375,14852,2213,5323,3934,1049,276,466,65,15679,230,7211,991,5209,493,194,1225,30,13754,2836,4763,20142,1449,10090,198,79,226,542,336,530,398,736,3887,506,27,162,560,9,16,1537,1419,19,279,79,9900,21281,15652,3929,15991,1790,302,34421,44381,6846,21864,31527,36591,113,81,381,398,137,440,535,121,179,294,3135,0.0,0.0,0.0,0.0,0.0,0.0,0.0,0.0,0.0,0.0,0.0,0.0,0.0,0.0,0.0,0.0,0.0,0.0,0.0,0.0,0.0,0.0,0.0,0.0,0.0,0.0,0.0,0.0,0.0,0.0,0.0,0.0,0.0,0.0,0.0,0.0,0.0,0.0,0.0,0.0,0.0,0.0,0.0,0.0,0.0,0.0,0.0,0.0,0.0,0.0,0.0,0.0,0.0,0.0,0.0,0.0,0.0,0.0,0.0,0.0,0.0,0.0,0.0,0.0,0.0,0.0,0.0,0.0,0.0,0.0,0.0,0.0,0.0,0.0,0.0,0.0,0.0,0.0,0.0,0.0,0.0,0.0,0.0,0.0,0.0,0.0,0.0,0.0,0.0,0.0,0.0,0.0,0.0,0.0,0.0,0.0,0.0,0.0,0.0,0.0,0.0,0.0,0.0,0.0,0.0,0.0,0.0,0.0,0.0,0.0,0.0,0.0,0.0,0.0,0.0,0.0,0.0,0.0,0.0,0.0,0.0,0.0,0.0,0.0,0.0,0.0,0.0,0.0,0.0,0.0,0.0,0.0,0.0,0.0,0.0,0.0,0.0,0.0,0.0,0.0,0.0,0.0,0.0,0.0,0.0,0.0,0.0,0.0,0.0,0.0
ENCFF000WSG,0.07704359686524835,6841,22,274,3151,49,6547,504,39,37,26,168,478,408,809,1546,2414,312,40,417,507,18,57,9,7,10,97,442,274,1625,273,29,30,31,158,153,11,146,1,17,968,860,2,79,5,14,82,516,1797,61,64,68,106,42,27,561,12,36,27,9,57,275,33,1005,42,58,129,58,3664,3569,576,108,52,174,447,17,89,41,66,70,15,94,128,310,49,45,261,0,59,41,2,108,14,2,95,110,1020,12823,863,9,2347,3251,197,2931,104,53,420,124,156,1,192,587,588,12,453,2480,279,2021,37,180,171,641,76,2754,119,484,255,56,249,28,8,2334,1202,331,1842,767,1014,2122,71,693,281,95,314,3342,41,54,9,7,3,3,151,23,163,742,318,53,311,3248,278,23,113,89,104,262,363,309,473,11,12,1,101,3,181,68,215,254,8,2,63,67,69,1240,553,3382,200,2384,2593,1112,2291,1052,2129,27,2174,2474,825,740,1994,1575,562,61,91,52,16,55,70,11,7,1,8,338,37,2998,962,1110,14,19800,2772,306,2278,1954,88,83,3202,1431,4644,382,3349,13,3514,5,23,351,321,17,72,21,238,167,1,46,83,44,61,40,244,143,21,28,331,279,157,210,97,32,62,63,52,39,25,50,109,402,95,47,146,203,175,1132,1981,269,176,322,120,66,53,60,73,46,15,655,43,74,411,32,121,33,315,109,79,47,75,12,43,50,212,196,74,70,58,214,94,59,70,77,271,0,2,27,55,36,17,1123,9,747,2,44,4,493,61,548,622,593,1,182,3,19,133,299,5400,69,193,189,83,18,219,14,17,57,1186,609,747,116,2,17,7,2,8,38,95,242,66,241,45,29,125,4464,44,155,9569,43,473,57,448,464,208,26,203,654,83,104,90,43,31,31,1890,137,71,103,49,108,124,2027,4,862,226,3,2093,595,1,21,486,73,2,520,56,104,15,231,98,1548,263,87,74,107,35,97,76,98,82,1,81,0,223,8,1,18,61,22,57,52,2414,162,843,460,110,48,82,14,2870,42,1258,198,998,109,24,228,20,2573,481,833,3471,153,1423,25,24,19,100,53,103,58,138,425,97,3,57,90,1,0,327,328,0,73,19,1927,3034,2393,522,2756,366,68,5623,6976,1038,3161,5178,6255,31,22,80,65,23,81,111,30,52,53,546,0.0,0.0,0.0,0.0,0.0,0.0,0.0,0.0,0.0,0.0,0.0,0.0,0.0,0.0,0.0,0.0,0.0,0.0,0.0,0.0,0.0,0.0,0.0,0.0,0.0,0.0,0.0,0.0,0.0,0.0,0.0,0.0,0.0,0.0,0.0,0.0,0.0,0.0,0.0,0.0,0.0,0.0,0.0,0.0,0.0,0.0,0.0,0.0,0.0,0.0,0.0,0.0,0.0,0.0,0.0,0.0,0.0,0.0,0.0,0.0,0.0,0.0,0.0,0.0,0.0,0.0,0.0,0.0,0.0,0.0,0.0,0.0,0.0,0.0,0.0,0.0,0.0,0.0,0.0,0.0,0.0,0.0,0.0,0.0,0.0,0.0,0.0,0.0,0.0,0.0,0.0,0.0,0.0,0.0,0.0,0.0,0.0,0.0,0.0,0.0,0.0,0.0,0.0,0.0,0.0,0.0,0.0,0.0,0.0,0.0,0.0,0.0,0.0,0.0,0.0,0.0,0.0,0.0,0.0,0.0,0.0,0.0,0.0,0.0,0.0,0.0,0.0,0.0,0.0,0.0,0.0,0.0,0.0,0.0,0.0,0.0,0.0,0.0,0.0,0.0,0.0,0.0,0.0,0.0,0.0,0.0,0.0,0.0,0.0,0.0
ENCFF000PGQ,0.17522259296005638,111165,221,4446,33432,745,83425,7204,367,513,447,838,3801,3450,7450,17964,20827,3623,674,6415,7781,240,1168,122,68,91,941,6936,4104,49417,5064,397,400,673,2328,2138,207,2626,30,19,10350,16024,104,841,22,82,854,7645,22662,800,781,1312,1776,699,393,9768,227,566,451,150,1210,1775,303,14342,771,561,1900,81,59536,68219,12110,1315,871,2487,11533,506,1676,710,1025,1125,252,1243,1532,5415,626,646,4276,11,1090,628,24,1712,177,50,1922,1538,17296,230631,14751,123,40737,56475,3245,49010,1442,804,7960,2269,2338,16,3811,10372,10517,126,5768,53470,2736,47017,636,2539,2435,11930,1051,61750,1673,8745,4238,1032,4174,614,226,45879,10979,6032,24455,7229,23974,42099,1046,5430,4329,1496,5661,54347,601,1337,73,165,30,88,3409,487,741,14298,7227,1049,5856,35602,3667,624,1500,1338,1169,3957,6233,5638,7946,76,226,51,1215,64,2286,750,1409,1583,149,5,933,1161,1355,23759,10952,64557,3068,37008,45697,19757,45116,17762,36986,331,39954,47040,15968,13543,33388,27540,7674,1229,1479,1031,71,661,1164,288,108,64,148,5473,322,62046,14875,10088,541,221385,48235,5468,39231,25097,1670,724,52490,23013,67262,4252,66993,272,67567,83,430,939,208,344,1220,354,4829,3285,36,821,1181,689,1151,506,3216,1894,370,298,6470,3896,2724,4289,1623,410,817,860,482,422,350,817,1352,6581,1502,508,2322,3148,2695,10977,28380,4172,3024,4356,1773,1056,824,803,1215,643,228,10863,638,1042,7770,450,2205,538,5254,1309,1257,725,1188,204,568,860,3060,2972,1051,1175,938,3587,1903,948,950,1159,4842,32,38,486,739,791,353,21114,129,13751,23,688,80,9165,1187,10015,8611,9378,32,3704,144,276,2041,5794,68534,1351,3356,2905,1503,362,3346,377,276,1078,18121,7833,3703,2125,79,263,149,7,72,875,1426,3427,792,4972,604,638,1520,44523,738,2633,177895,598,8321,1227,6804,7464,3120,404,3144,10495,990,1319,1473,444,538,500,33998,1563,1187,1501,603,1452,1661,35086,99,13519,2985,22,37786,10448,101,439,8636,1204,69,8592,964,2243,448,4056,1410,24757,3435,1628,952,1546,554,1703,1118,2092,1202,32,1647,36,2444,212,38,262,1162,363,672,885,24980,2074,10100,6025,1330,737,1167,166,52897,669,20736,3191,17779,2069,352,4105,35,38272,7232,13061,57834,2716,20235,376,273,513,1443,630,1481,923,1669,9022,1336,46,878,1286,41,22,6021,6048,13,1241,294,36203,53352,38375,9722,51008,5700,429,91020,121157,16510,53716,88560,111914,329,218,971,868,289,1055,1948,340,561,871,9179,0.0,0.0,0.0,0.0,0.0,0.0,0.0,0.0,0.0,0.0,0.0,0.0,0.0,0.0,0.0,0.0,0.0,0.0,0.0,0.0,0.0,0.0,0.0,0.0,0.0,0.0,0.0,0.0,0.0,0.0,0.0,0.0,0.0,0.0,0.0,0.0,0.0,0.0,0.0,0.0,0.0,0.0,0.0,0.0,0.0,0.0,0.0,0.0,0.0,0.0,0.0,0.0,0.0,0.0,0.0,0.0,0.0,0.0,0.0,0.0,0.0,0.0,0.0,0.0,0.0,0.0,0.0,0.0,0.0,0.0,0.0,0.0,0.0,0.0,0.0,0.0,0.0,0.0,0.0,0.0,0.0,0.0,0.0,0.0,0.0,0.0,0.0,0.0,0.0,0.0,0.0,0.0,0.0,0.0,0.0,0.0,0.0,0.0,0.0,0.0,0.0,0.0,0.0,0.0,0.0,0.0,0.0,0.0,0.0,0.0,0.0,0.0,0.0,0.0,0.0,0.0,0.0,0.0,0.0,0.0,0.0,0.0,0.0,0.0,0.0,0.0,0.0,0.0,0.0,0.0,0.0,0.0,0.0,0.0,0.0,0.0,0.0,0.0,0.0,0.0,0.0,0.0,0.0,0.0,0.0,0.0,0.0,0.0,0.0,0.0
ENCFF220RNL,0.3486195214529282,18848,274,1608,101615,2367,643539,4634,522,872,118,417,4256,7235,27241,29199,153040,4536,397,15074,3160,70,224,85,72,56,693,260,4548,114498,2166,78,29,413,3629,3081,18,3412,4,13,5248,5653,50,179,36,52,849,7372,110998,22,795,1518,2741,112,130,1974,142,165,213,78,435,2314,3657,52789,12520,253,73,85,127280,75015,2066,2338,1534,1830,1734,72,2352,1035,1598,1799,470,1884,2129,1973,808,1140,5169,7,1609,1327,14,609,620,92,3025,3333,82963,183450,4909,71,13675,21670,4090,17942,2474,1283,1451,425,545,7,991,3084,3465,207,3382,12040,6995,157994,879,4587,4723,6674,2056,279918,3769,3273,1121,179,864,230,10,10258,30809,286,118304,29584,4036,10343,25,5217,19538,2250,2230,157365,122,60,553,44,29,38,1054,206,289,6073,2005,400,6819,110767,11028,109,2357,691,1008,2522,1917,2355,2099,50,45,26,1971,26,2441,1189,1346,254,11,42,522,221,2281,4874,2745,22139,3071,47678,43753,22274,102743,15113,27262,1065,15276,20123,3970,3646,18094,8088,7688,988,34,2767,32,1000,2091,56,16,6,77,2384,420,110989,29804,55045,272,304403,81140,6898,54149,100823,392,406,73184,44650,169166,12740,28787,171,15670,8,130,552,42,602,1848,144,4858,1463,3,1294,1295,1100,1937,845,4470,2161,59,110,5769,4217,1819,993,2529,558,1361,1506,858,588,542,108,2120,9061,2633,655,1669,3541,3167,25088,322186,233,3545,1470,1865,1472,1279,1337,1780,986,14,6986,873,2078,3888,648,2216,877,2802,2324,1967,1182,1893,35,876,555,3678,3551,1537,1718,1360,1760,2059,1568,1282,1838,4337,10,19,803,1428,200,806,5764,66,4029,17,622,18,4597,251,4302,4216,11980,31,1861,59,17,456,1385,431166,200,1448,2871,687,9,3929,39,169,484,17755,18287,3805,595,90,42,66,32,42,1264,468,1057,1246,2466,1078,804,9803,218337,357,2265,52707,775,4542,1812,9770,434,3498,548,61,1976,1597,2025,2040,677,610,101,1800,2486,2003,2048,574,2107,2281,16887,51,11431,851,28,13546,5046,16,219,2749,1066,15,6758,1498,265,71,4823,1819,78799,8398,213,1301,2053,920,925,1776,387,502,6,298,47,1766,52,47,77,85,1691,1221,2665,113901,4977,29466,16191,3217,877,350,193,9730,32,7461,2188,5214,1197,127,1213,22,16496,2819,6373,23212,16249,71455,301,906,771,1581,838,1774,1498,1375,21852,1912,5,86,1923,1,16,1402,1373,2,33,51,13638,44551,36717,10277,19128,2525,5975,61144,72714,19765,48629,53643,53048,1102,105,1334,1181,457,1749,256,271,94,478,4613,0.0,0.0,0.0,0.0,0.0,0.0,0.0,0.0,0.0,0.0,0.0,0.0,0.0,0.0,0.0,0.0,0.0,0.0,0.0,0.0,0.0,0.0,0.0,0.0,0.0,0.0,0.0,0.0,0.0,0.0,0.0,0.0,0.0,0.0,0.0,0.0,0.0,0.0,0.0,0.0,0.0,0.0,0.0,0.0,0.0,0.0,0.0,0.0,0.0,0.0,0.0,0.0,0.0,0.0,0.0,0.0,0.0,0.0,0.0,0.0,0.0,0.0,0.0,0.0,0.0,0.0,0.0,0.0,0.0,0.0,0.0,0.0,0.0,0.0,0.0,0.0,0.0,0.0,0.0,0.0,0.0,0.0,0.0,0.0,0.0,0.0,0.0,0.0,0.0,0.0,0.0,0.0,0.0,0.0,0.0,0.0,0.0,0.0,0.0,0.0,0.0,0.0,0.0,0.0,0.0,0.0,0.0,0.0,0.0,0.0,0.0,0.0,0.0,0.0,0.0,0.0,0.0,0.0,0.0,0.0,0.0,0.0,0.0,0.0,0.0,0.0,0.0,0.0,0.0,0.0,0.0,0.0,0.0,0.0,0.0,0.0,0.0,0.0,0.0,0.0,0.0,0.0,0.0,0.0,0.0,0.0,0.0,0.0,0.0,0.0
ENCFF104INT,0.13946917536882839,60308,66,1572,24996,338,80251,5642,325,284,174,369,3141,1652,3783,11384,17119,1326,837,3395,2972,67,417,31,95,109,975,4164,2678,16136,2258,86,27,317,1904,1845,26,2092,44,8,4501,5495,99,236,95,11,500,4743,16044,276,632,1275,1414,107,265,2932,74,229,189,288,795,1752,295,6616,295,257,1129,152,23893,31316,3228,1182,741,1730,3202,35,1368,632,737,833,225,1189,1256,1571,395,702,3394,31,868,778,22,726,495,52,1427,574,7057,89175,4518,114,12704,20854,2727,17747,1360,728,2340,1097,1312,43,2056,4190,4907,263,3005,20493,1188,36802,159,757,798,3960,382,62691,1203,3325,1350,336,1247,119,56,16396,4106,1788,13652,5125,6680,15428,108,3265,3946,1090,2022,24801,378,315,58,78,45,13,1101,328,520,5869,2080,246,2547,23033,1381,217,1379,1962,1483,1548,2225,2539,3344,40,104,39,1033,57,1223,599,487,146,7,18,475,263,1217,6197,3215,22109,1829,12451,18725,7412,16867,9252,16628,166,14108,18745,4987,5107,14584,9758,2738,661,306,264,10,751,1173,112,72,32,37,2332,213,26905,5642,7021,302,94640,20073,2294,12756,11392,831,374,19603,10125,28703,1814,22773,68,21659,108,151,599,60,338,899,196,3355,1241,26,737,696,609,1120,582,2285,1183,90,132,3658,2648,1325,1777,1690,340,915,903,490,328,209,165,1054,2944,642,375,981,2231,1664,5371,17661,3233,2276,1885,1037,850,659,651,924,502,41,4962,543,1605,3223,368,1347,603,2966,1808,1020,954,964,89,453,368,2473,1742,985,741,722,1501,1481,1018,637,1152,2445,20,20,405,867,420,245,7311,226,5163,23,139,48,3406,391,4189,3972,4658,75,1646,218,71,1186,1571,51430,436,1100,1864,637,32,1794,37,481,915,12956,4596,4477,858,75,199,249,19,190,628,693,1187,788,2823,640,465,1153,43853,160,1537,62018,392,3816,1002,5695,4499,1756,280,470,3122,779,998,1113,295,272,66,36610,1571,1029,1067,342,1064,1179,15425,117,10015,796,67,16268,4547,16,260,3305,603,143,5317,777,612,203,3080,979,22400,1218,662,740,1119,632,727,923,750,684,40,743,55,1585,183,209,88,250,308,178,611,18358,756,4830,2570,495,461,684,225,17546,239,6735,1080,5224,1275,48,1460,6,22286,3936,6591,25373,831,12747,107,268,407,1043,573,955,856,962,3580,901,8,74,1017,32,88,1621,1643,16,224,102,14508,18165,15175,3822,16855,2638,505,35230,45033,6885,18641,34541,41418,167,50,714,613,296,864,453,424,208,498,4115,0.0,0.0,0.0,0.0,0.0,0.0,0.0,0.0,0.0,0.0,0.0,0.0,0.0,0.0,0.0,0.0,0.0,0.0,0.0,0.0,0.0,0.0,0.0,0.0,0.0,0.0,0.0,0.0,0.0,0.0,0.0,0.0,0.0,0.0,0.0,0.0,0.0,0.0,0.0,0.0,0.0,0.0,0.0,0.0,0.0,0.0,0.0,0.0,0.0,0.0,0.0,0.0,0.0,0.0,0.0,0.0,0.0,0.0,0.0,0.0,0.0,0.0,0.0,0.0,0.0,0.0,0.0,0.0,0.0,0.0,0.0,0.0,0.0,0.0,0.0,0.0,0.0,0.0,0.0,0.0,0.0,0.0,0.0,0.0,0.0,0.0,0.0,0.0,0.0,0.0,0.0,0.0,0.0,0.0,0.0,0.0,0.0,0.0,0.0,0.0,0.0,0.0,0.0,0.0,0.0,0.0,0.0,0.0,0.0,0.0,0.0,0.0,0.0,0.0,0.0,0.0,0.0,0.0,0.0,0.0,0.0,0.0,0.0,0.0,0.0,0.0,0.0,0.0,0.0,0.0,0.0,0.0,0.0,0.0,0.0,0.0,0.0,0.0,0.0,0.0,0.0,0.0,0.0,0.0,0.0,0.0,0.0,0.0,0.0,0.0
ENCFF000BDY,0.1746590126796246,50512,197,5578,68011,2199,325267,7707,465,896,485,814,5687,9437,15799,25486,79600,6270,773,8570,9178,226,1112,216,107,43,1251,445,6104,59726,5752,462,249,739,3234,2839,70,3227,34,39,11917,18465,94,1089,114,76,969,9946,47930,71,898,1737,2625,784,488,11273,286,546,608,111,1110,2602,572,23631,475,1182,163,141,81880,74072,11540,1884,1291,1900,11355,440,2057,921,1476,1597,391,1803,1945,6171,810,1054,6700,29,1602,904,45,1966,221,33,1987,2296,26535,288671,16215,200,44641,64547,4397,55371,2078,1140,8409,2441,2585,39,4320,12083,11331,213,7762,51742,5817,99946,1689,6532,5599,15021,2826,138239,2487,9422,4610,1109,4257,751,239,47796,23441,319,43001,14308,27111,45077,105,8000,5612,2050,6126,46140,483,384,199,179,82,52,3512,457,955,17296,7361,1218,6066,67360,6150,1321,1920,1011,911,4812,6074,5469,8538,103,183,47,1816,46,3122,1115,1273,3183,23,21,985,1120,1621,23556,11335,67921,3743,52256,56145,23629,47578,21983,47405,469,43010,51500,16537,13887,35433,27507,8152,1543,69,1184,86,958,1652,300,96,45,45,6099,591,59007,20976,25499,377,279553,58341,5658,43121,42762,1676,801,66565,29539,96453,11701,62529,229,63992,95,471,1178,338,545,1581,344,6500,3532,38,1226,1547,1068,1693,731,4172,2431,454,325,7906,4971,3269,4061,2281,655,1142,1317,641,631,454,845,2048,9097,2209,642,2818,3934,3705,18590,68917,457,3932,4993,2357,1509,1177,1118,1772,1049,287,10721,840,1457,8415,676,2671,698,7077,1922,1790,1078,1712,321,852,879,4354,4188,1529,1686,1340,4828,2706,1317,1375,1764,7120,31,70,711,1082,844,395,23181,182,15890,45,986,245,10716,1127,11132,10897,11400,24,4285,195,314,1441,5826,114858,973,2609,3682,1642,45,4837,246,346,996,23244,9902,6087,2284,79,584,233,20,126,1260,3385,4809,909,6570,923,820,2574,92093,632,3837,201281,948,9357,1795,9310,789,4323,534,205,5987,1429,1640,1823,684,685,407,2894,2143,1649,1888,768,2108,2163,41032,127,17115,3546,16,42203,9908,65,448,9571,750,69,11283,1414,2037,495,5245,2014,43805,5988,983,1401,1886,802,2035,1524,1916,323,17,1678,19,2819,156,77,279,588,149,1647,1134,46287,6011,17568,13025,3506,958,1248,164,56129,128,24075,2771,20052,2043,622,4634,36,45843,8401,15158,67436,5951,32007,446,145,651,1446,727,1874,1334,2533,11174,1787,66,305,2009,23,59,6569,6582,27,161,291,38021,64878,48694,12073,55942,6745,506,108693,142401,21839,66707,104327,125724,501,344,1328,1272,368,1612,1949,697,728,1119,11096,0.0,0.0,0.0,0.0,0.0,0.0,0.0,0.0,0.0,0.0,0.0,0.0,0.0,0.0,0.0,0.0,0.0,0.0,0.0,0.0,0.0,0.0,0.0,0.0,0.0,0.0,0.0,0.0,0.0,0.0,0.0,0.0,0.0,0.0,0.0,0.0,0.0,0.0,0.0,0.0,0.0,0.0,0.0,0.0,0.0,0.0,0.0,0.0,0.0,0.0,0.0,0.0,0.0,0.0,0.0,0.0,0.0,0.0,0.0,0.0,0.0,0.0,0.0,0.0,0.0,0.0,0.0,0.0,0.0,0.0,0.0,0.0,0.0,0.0,0.0,0.0,0.0,0.0,0.0,0.0,0.0,0.0,0.0,0.0,0.0,0.0,0.0,0.0,0.0,0.0,0.0,0.0,0.0,0.0,0.0,0.0,0.0,0.0,0.0,0.0,0.0,0.0,0.0,0.0,0.0,0.0,0.0,0.0,0.0,0.0,0.0,0.0,0.0,0.0,0.0,0.0,0.0,0.0,0.0,0.0,0.0,0.0,0.0,0.0,0.0,0.0,0.0,0.0,0.0,0.0,0.0,0.0,0.0,0.0,0.0,0.0,0.0,0.0,0.0,0.0,0.0,0.0,0.0,0.0,0.0,0.0,0.0,0.0,0.0,0.0
ENCFF404QLW,0.07859571431606213,23646,80,1001,7669,100,25777,2931,125,93,469,316,1204,752,1460,4012,4401,1267,614,1378,2677,154,737,30,26,18,611,616,1193,5156,2697,162,48,311,677,615,12,951,8,4,4594,8462,41,250,39,28,347,2798,4672,54,684,414,486,344,775,10845,34,323,88,34,609,689,163,2446,796,91,157,71,15641,22951,7827,366,231,822,8544,170,486,227,250,332,80,354,374,2557,136,222,1503,5,281,250,3,876,134,13,439,283,5099,97116,6967,45,20289,25627,958,22374,396,220,4006,1034,787,3,3629,5469,5827,29,2730,33404,343,10329,29,157,322,4266,63,11314,386,3565,1447,875,1962,187,26,32310,1871,274,5009,1497,27910,25007,17,1714,1491,412,2001,10073,110,118,11,53,10,17,1767,388,271,5677,3337,220,1780,7779,667,420,470,459,366,1669,2341,2206,8531,39,91,8,387,4,442,214,1049,3036,9,9,176,355,361,12352,5049,29462,1314,11206,19103,5658,9719,9056,12667,90,18633,21472,8859,6764,16869,12311,2243,562,47,147,57,271,395,86,5,6,9,2404,17,10562,3850,1295,101,115125,17483,2635,15671,4748,967,274,18101,6773,17929,417,37860,35,31399,63,195,417,27,106,309,177,2853,2577,109,244,276,191,320,191,915,490,1393,141,2827,2467,930,7428,548,113,263,261,126,114,80,840,410,2001,276,129,603,1136,693,3251,16146,482,1045,4808,650,291,223,188,293,180,692,8855,230,516,4453,105,1046,207,2406,505,373,249,312,1990,159,331,1051,693,292,290,311,2023,919,384,246,410,1482,7,12,137,264,595,96,14970,43,9211,23,146,66,4124,645,7848,3393,4323,10,1757,12,23,381,2822,21572,509,1214,2493,803,19,770,64,203,1530,7065,2332,1949,1176,17,119,11,4,13,226,245,1368,259,1661,226,173,840,11622,84,638,81219,139,4200,351,2300,936,895,121,125,2190,258,404,345,168,124,209,3802,497,345,395,192,398,422,15261,13,7725,960,37,27217,6918,39,328,2847,607,11,3461,234,2019,122,1927,381,4230,547,253,261,360,219,395,277,1849,171,11,908,34,1237,1555,36,68,107,116,45,195,5518,182,2205,1085,162,594,319,31,50949,29,7768,472,10004,1004,32,2019,4,14398,2457,4345,22735,805,4514,58,61,117,381,184,306,253,901,1397,319,2,114,413,6,5,2800,3256,4,44,205,18222,19951,14157,3318,20162,2881,221,32091,51222,5661,18908,40934,47191,94,48,225,216,111,283,1173,306,820,401,3180,0.0,0.0,0.0,0.0,0.0,0.0,0.0,0.0,0.0,0.0,0.0,0.0,0.0,0.0,0.0,0.0,0.0,0.0,0.0,0.0,0.0,0.0,0.0,0.0,0.0,0.0,0.0,0.0,0.0,0.0,0.0,0.0,0.0,0.0,0.0,0.0,0.0,0.0,0.0,0.0,0.0,0.0,0.0,0.0,0.0,0.0,0.0,0.0,0.0,0.0,0.0,0.0,0.0,0.0,0.0,0.0,0.0,0.0,0.0,0.0,0.0,0.0,0.0,0.0,0.0,0.0,0.0,0.0,0.0,0.0,0.0,0.0,0.0,0.0,0.0,0.0,0.0,0.0,0.0,0.0,0.0,0.0,0.0,0.0,0.0,0.0,0.0,0.0,0.0,0.0,0.0,0.0,0.0,0.0,0.0,0.0,0.0,0.0,0.0,0.0,0.0,0.0,0.0,0.0,0.0,0.0,0.0,0.0,0.0,0.0,0.0,0.0,0.0,0.0,0.0,0.0,0.0,0.0,0.0,0.0,0.0,0.0,0.0,0.0,0.0,0.0,0.0,0.0,0.0,0.0,0.0,0.0,0.0,0.0,0.0,0.0,0.0,0.0,0.0,0.0,0.0,0.0,0.0,0.0,0.0,0.0,0.0,0.0,0.0,0.0
ENCFF095HAZ,0.11111597816977781,30072,93,1578,13815,305,104813,5006,276,220,129,710,4108,1309,4082,8801,15691,1231,612,3415,3651,101,506,48,131,94,861,1073,2546,11302,3142,94,40,349,1782,1621,18,1880,40,62,5855,5953,153,247,60,25,439,4411,10225,51,667,1212,1218,113,261,4881,88,283,116,243,859,3241,421,7760,1863,124,322,568,23665,24018,4663,1007,579,1579,3835,62,1173,512,663,788,186,1003,1070,1783,380,671,3224,20,719,655,19,846,263,55,982,525,13861,93990,5624,115,15326,29131,2384,22447,1193,594,3549,932,2840,26,2985,7033,6429,155,3290,25414,994,44964,115,492,609,4033,251,67526,973,4234,1977,362,1373,91,25,20791,3709,365,12566,4899,10017,17569,39,2969,3506,1033,2027,19642,351,116,59,73,74,20,1266,379,2246,6291,2526,234,2513,14553,1316,156,1186,1034,1201,1609,5223,3657,4682,150,140,72,869,46,1084,474,414,277,6,13,340,294,1102,8333,3695,28314,1803,13392,17816,7853,16729,11081,18119,171,18292,24404,7204,6375,19752,11525,3019,696,52,268,28,588,1111,124,44,75,58,2702,138,20011,4789,7484,222,118645,21619,2451,14987,13530,726,510,19268,9982,29572,1401,31288,87,28579,58,137,1271,67,320,797,327,3798,1498,205,635,591,562,913,448,2143,1047,265,134,3652,2800,1277,2383,1514,286,815,733,430,275,200,208,867,3320,684,322,940,2140,1465,5762,25815,937,2042,3581,976,676,525,582,767,442,111,5682,491,1392,3675,310,1318,500,3540,1483,897,840,871,642,412,650,2263,1620,918,637,687,1637,1508,937,586,951,2361,32,22,381,747,726,250,10763,184,8639,24,148,52,3531,471,6632,4245,5267,36,1764,204,36,1428,2533,49929,284,1706,2146,727,10,1622,89,712,1496,12517,4715,11442,906,87,186,75,8,84,502,627,1302,618,2088,532,401,804,29356,145,1471,66945,334,3816,817,5028,1353,1495,270,183,1925,629,938,998,291,223,95,7983,1259,895,956,733,890,1033,16343,102,9427,846,53,18493,5078,20,246,3188,779,56,4695,673,1594,144,2923,849,8607,1069,294,672,959,587,698,825,1169,441,43,716,53,2159,279,276,104,102,450,160,434,17658,714,4015,2418,430,552,564,144,20540,61,8158,910,6292,939,46,1587,7,26188,5500,10012,40662,1050,9620,78,214,324,949,511,801,710,2000,3063,812,15,89,937,28,41,1964,2319,25,61,135,15819,21346,17321,4229,17945,2644,486,38981,51461,7180,19956,39587,44875,218,51,600,525,255,780,969,312,202,484,4435,0.0,0.0,0.0,0.0,0.0,0.0,0.0,0.0,0.0,0.0,0.0,0.0,0.0,0.0,0.0,0.0,0.0,0.0,0.0,0.0,0.0,0.0,0.0,0.0,0.0,0.0,0.0,0.0,0.0,0.0,0.0,0.0,0.0,0.0,0.0,0.0,0.0,0.0,0.0,0.0,0.0,0.0,0.0,0.0,0.0,0.0,0.0,0.0,0.0,0.0,0.0,0.0,0.0,0.0,0.0,0.0,0.0,0.0,0.0,0.0,0.0,0.0,0.0,0.0,0.0,0.0,0.0,0.0,0.0,0.0,0.0,0.0,0.0,0.0,0.0,0.0,0.0,0.0,0.0,0.0,0.0,0.0,0.0,0.0,0.0,0.0,0.0,0.0,0.0,0.0,0.0,0.0,0.0,0.0,0.0,0.0,0.0,0.0,0.0,0.0,0.0,0.0,0.0,0.0,0.0,0.0,0.0,0.0,0.0,0.0,0.0,0.0,0.0,0.0,0.0,0.0,0.0,0.0,0.0,0.0,0.0,0.0,0.0,0.0,0.0,0.0,0.0,0.0,0.0,0.0,0.0,0.0,0.0,0.0,0.0,0.0,0.0,0.0,0.0,0.0,0.0,0.0,0.0,0.0,0.0,0.0,0.0,0.0,0.0,0.0
ENCFF415TKU,0.11958638673912761,33235,460,4259,27369,176,26398,4987,198,246,250,608,3221,1140,2608,8440,5985,1866,526,3064,6162,156,766,108,74,92,1145,255,2792,7444,3520,325,187,491,1798,1567,33,2066,40,9,8225,11860,160,732,31,95,841,5687,6718,40,419,1054,1197,487,604,9435,171,336,429,165,698,1546,169,3339,225,352,85,55,31732,42472,8745,1023,522,880,6772,263,1178,371,649,903,180,778,1337,4072,282,398,3341,23,690,318,26,1438,135,9,1226,976,5148,163050,11517,115,30580,42139,2048,35950,1228,499,5734,1672,1716,16,3321,8441,7871,101,4133,40346,1044,14741,163,670,1035,9327,312,14207,1155,6214,3407,1070,2918,465,110,34603,4309,136,7349,2923,21304,30665,58,4436,656,1099,3445,10422,599,228,66,142,73,44,2114,365,687,11287,4855,768,3997,28562,1841,442,1076,1009,911,2416,5500,4515,8199,126,151,54,906,50,1502,435,1722,130,17,6,414,809,1023,17918,7710,43721,2024,21510,26225,13168,13027,12648,26639,150,29806,34591,11446,10212,24097,18940,7098,810,62,448,86,502,643,171,90,47,32,3997,92,14908,8411,3035,248,224904,30754,2920,24223,8054,1068,870,34335,15167,35823,1237,46368,233,45484,52,382,1129,216,173,1014,706,3466,2253,19,500,716,479,744,263,2638,1608,788,291,4395,2854,1812,3073,889,274,412,704,279,236,154,888,822,4561,917,267,1605,2183,2074,6455,10454,280,2167,4420,1052,915,771,459,864,444,303,9931,311,584,5516,342,1635,220,4067,863,961,525,706,402,351,493,1925,2272,629,801,507,2864,1228,481,625,730,3485,31,71,273,460,448,283,15242,130,11204,16,600,62,6263,761,7787,6904,5826,19,2500,58,283,416,3992,29083,544,2384,2365,1055,39,2729,147,302,646,14212,3790,3256,1351,93,929,144,18,37,512,1352,2513,786,4509,342,286,556,30544,304,1654,142612,454,5558,897,4671,386,2255,212,98,3516,601,1130,1257,263,252,210,1479,1406,937,1228,523,1029,1252,25165,64,9369,2390,32,28171,6531,57,224,5603,1299,64,6635,639,1377,327,3263,1057,6349,1669,620,568,1232,299,1094,719,1385,418,21,1307,74,1833,179,42,224,452,101,264,481,11101,611,5067,2581,453,280,1041,195,38269,71,14864,1652,13574,1237,428,3082,73,33933,5623,11293,46705,1900,4634,226,123,211,684,427,1175,574,1404,5004,1055,29,163,835,28,23,4302,4024,15,113,297,24911,38495,25162,6995,37764,4253,226,63186,88336,11423,37578,66461,81516,251,220,544,494,133,777,1732,404,625,773,6472,0.0,0.0,0.0,0.0,0.0,0.0,0.0,0.0,0.0,0.0,0.0,0.0,0.0,0.0,0.0,0.0,0.0,0.0,0.0,0.0,0.0,0.0,0.0,0.0,0.0,0.0,0.0,0.0,0.0,0.0,0.0,0.0,0.0,0.0,0.0,0.0,0.0,0.0,0.0,0.0,0.0,0.0,0.0,0.0,0.0,0.0,0.0,0.0,0.0,0.0,0.0,0.0,0.0,0.0,0.0,0.0,0.0,0.0,0.0,0.0,0.0,0.0,0.0,0.0,0.0,0.0,0.0,0.0,0.0,0.0,0.0,0.0,0.0,0.0,0.0,0.0,0.0,0.0,0.0,0.0,0.0,0.0,0.0,0.0,0.0,0.0,0.0,0.0,0.0,0.0,0.0,0.0,0.0,0.0,0.0,0.0,0.0,0.0,0.0,0.0,0.0,0.0,0.0,0.0,0.0,0.0,0.0,0.0,0.0,0.0,0.0,0.0,0.0,0.0,0.0,0.0,0.0,0.0,0.0,0.0,0.0,0.0,0.0,0.0,0.0,0.0,0.0,0.0,0.0,0.0,0.0,0.0,0.0,0.0,0.0,0.0,0.0,0.0,0.0,0.0,0.0,0.0,0.0,0.0,0.0,0.0,0.0,0.0,0.0,0.0
ENCFF000RKQ,0.113302598568124,20373,30,1393,5990,86,19158,2008,77,299,138,895,2333,462,987,2006,2816,964,331,1392,3174,113,572,97,177,4,190,265,1195,3772,2002,225,107,215,505,431,24,811,2,66,4850,6793,187,555,8,12,155,2230,2863,18,268,324,405,311,326,7987,58,197,130,72,407,1416,30,1031,88,63,55,358,13298,22108,5321,327,232,421,17825,160,356,158,220,279,63,275,319,2510,127,158,1197,18,246,137,2,899,27,8,410,279,2198,83447,5913,57,16612,22071,859,19388,314,167,3572,1230,874,1,1803,6289,5166,45,2645,29754,367,7028,56,227,393,4395,101,5289,328,3682,2034,379,1618,288,56,49471,1692,136,2118,1104,48430,18821,25,2205,410,318,1750,4557,101,143,16,64,23,11,1270,168,1021,5485,2927,491,1622,5990,601,575,310,358,368,1346,2046,1820,6840,23,17,62,248,9,519,179,690,2274,2,0,147,350,259,9442,4361,26985,971,11201,14405,5786,6994,6241,13762,111,15683,17834,9527,5758,13435,9661,2349,453,43,210,34,130,285,99,25,46,14,2576,25,5939,3372,880,26,77739,15516,1574,13274,2288,667,476,16205,6350,14950,460,25356,73,27087,58,265,1050,842,89,270,110,1454,1509,8,195,284,155,252,104,736,433,663,75,2144,1510,895,2678,383,78,188,188,92,133,71,589,308,1893,373,120,744,855,631,1676,2184,190,843,2884,474,239,170,170,233,152,659,4580,155,249,3202,95,796,108,2059,282,256,164,224,668,140,187,786,696,216,262,242,2549,619,205,233,256,1265,13,16,118,170,320,84,10429,15,6765,27,308,385,3579,755,4902,3801,3148,3,1322,60,154,130,2374,12164,379,1098,1756,633,12,808,121,90,448,5150,2248,4286,858,45,193,49,0,5,176,224,1725,154,2151,162,134,228,6904,114,666,77602,138,3387,284,1676,402,894,96,95,1900,220,285,323,129,123,137,1346,319,246,287,154,342,355,13093,66,4601,1088,6,19086,3444,1,191,2618,455,18,2839,205,3735,179,1075,319,2929,382,303,202,318,146,450,255,1390,81,3,899,3,945,676,13,127,200,46,89,156,3636,256,1766,919,195,158,375,32,28127,32,7484,634,8030,753,238,1975,112,12828,2456,4507,23066,518,2748,65,39,113,283,104,293,245,514,1278,277,18,135,315,0,5,2806,2681,2,57,133,13278,17350,12368,2624,18327,2188,156,25769,43372,5472,17144,31717,40358,72,91,235,191,73,236,827,172,305,366,3514,0.0,0.0,0.0,0.0,0.0,0.0,0.0,0.0,0.0,0.0,0.0,0.0,0.0,0.0,0.0,0.0,0.0,0.0,0.0,0.0,0.0,0.0,0.0,0.0,0.0,0.0,0.0,0.0,0.0,0.0,0.0,0.0,0.0,0.0,0.0,0.0,0.0,0.0,0.0,0.0,0.0,0.0,0.0,0.0,0.0,0.0,0.0,0.0,0.0,0.0,0.0,0.0,0.0,0.0,0.0,0.0,0.0,0.0,0.0,0.0,0.0,0.0,0.0,0.0,0.0,0.0,0.0,0.0,0.0,0.0,0.0,0.0,0.0,0.0,0.0,0.0,0.0,0.0,0.0,0.0,0.0,0.0,0.0,0.0,0.0,0.0,0.0,0.0,0.0,0.0,0.0,0.0,0.0,0.0,0.0,0.0,0.0,0.0,0.0,0.0,0.0,0.0,0.0,0.0,0.0,0.0,0.0,0.0,0.0,0.0,0.0,0.0,0.0,0.0,0.0,0.0,0.0,0.0,0.0,0.0,0.0,0.0,0.0,0.0,0.0,0.0,0.0,0.0,0.0,0.0,0.0,0.0,0.0,0.0,0.0,0.0,0.0,0.0,0.0,0.0,0.0,0.0,0.0,0.0,0.0,0.0,0.0,0.0,0.0,0.0
ENCFF000RTX,0.1927914865836861,13818,60,1098,10978,254,26191,2073,98,178,100,183,969,1175,2493,6007,7325,1109,184,1734,1932,69,255,35,19,23,236,378,1006,14273,1386,100,72,159,556,502,8,696,10,6,2598,4367,31,240,12,13,255,1959,7577,50,175,284,395,230,114,2535,76,112,137,44,285,494,69,5435,192,158,90,15,16796,17854,3179,316,180,409,2194,144,408,164,232,270,56,305,381,1392,147,144,1050,5,275,131,4,519,51,2,545,365,5991,59072,3720,33,10021,14039,816,12093,352,179,2132,604,612,6,960,2687,2732,33,1355,14248,963,13918,218,947,824,3132,418,20616,446,2231,1134,302,1153,166,74,11012,3763,257,8511,2399,5040,11341,55,1442,900,401,1362,16812,151,113,38,43,12,16,883,127,205,3498,1856,230,1694,11387,949,177,327,357,311,1045,1621,1470,2088,15,60,21,299,20,525,183,330,205,15,0,161,349,348,5973,2799,16541,703,10168,11915,5097,14295,4548,9183,103,9946,11733,4147,3449,8729,6987,2013,268,90,290,14,131,258,92,32,22,61,1345,115,20025,3818,3658,178,59534,12968,1212,10351,8474,497,191,13402,6280,19132,1577,17041,83,16720,28,109,245,52,86,316,117,1084,794,9,186,295,144,294,135,849,468,104,79,1506,1057,707,1208,342,93,203,207,89,112,95,176,331,1624,407,106,593,850,664,2736,6310,234,783,1224,390,236,179,179,297,161,71,2844,169,232,1924,105,499,97,1368,284,332,151,254,77,151,187,692,717,236,288,180,915,475,208,234,265,1082,7,16,120,167,280,74,5529,57,3767,7,236,26,2342,318,2716,2283,2423,11,992,50,79,602,1460,20206,276,936,730,369,16,820,55,65,245,4722,1990,871,550,11,70,48,6,21,203,395,834,194,1222,159,159,351,14435,107,628,43969,152,2158,273,1594,393,755,109,154,1504,231,306,331,165,132,78,1907,406,273,347,138,397,406,9361,40,3425,826,11,9729,2733,26,117,2276,333,24,2225,237,580,126,1010,342,8888,875,238,228,328,144,351,249,534,308,7,432,20,579,58,3,79,187,103,279,246,8599,752,2559,1904,457,191,338,71,13767,46,5126,588,5012,554,92,1074,9,9928,1860,3303,14577,522,6839,65,77,121,280,142,372,219,385,2419,295,13,123,297,8,16,1611,1647,6,64,77,8757,13367,9610,2431,12564,1417,111,24910,30318,4186,13764,22121,27331,75,68,211,201,72,258,531,83,155,240,2211,0.0,0.0,0.0,0.0,0.0,0.0,0.0,0.0,0.0,0.0,0.0,0.0,0.0,0.0,0.0,0.0,0.0,0.0,0.0,0.0,0.0,0.0,0.0,0.0,0.0,0.0,0.0,0.0,0.0,0.0,0.0,0.0,0.0,0.0,0.0,0.0,0.0,0.0,0.0,0.0,0.0,0.0,0.0,0.0,0.0,0.0,0.0,0.0,0.0,0.0,0.0,0.0,0.0,0.0,0.0,0.0,0.0,0.0,0.0,0.0,0.0,0.0,0.0,0.0,0.0,0.0,0.0,0.0,0.0,0.0,0.0,0.0,0.0,0.0,0.0,0.0,0.0,0.0,0.0,0.0,0.0,0.0,0.0,0.0,0.0,0.0,0.0,0.0,0.0,0.0,0.0,0.0,0.0,0.0,0.0,0.0,0.0,0.0,0.0,0.0,0.0,0.0,0.0,0.0,0.0,0.0,0.0,0.0,0.0,0.0,0.0,0.0,0.0,0.0,0.0,0.0,0.0,0.0,0.0,0.0,0.0,0.0,0.0,0.0,0.0,0.0,0.0,0.0,0.0,0.0,0.0,0.0,0.0,0.0,0.0,0.0,0.0,0.0,0.0,0.0,0.0,0.0,0.0,0.0,0.0,0.0,0.0,0.0,0.0,0.0
ENCFF000BUT,0.10735442819523262,12110,81,1891,18090,573,57261,1893,145,265,167,375,1972,2965,5771,9005,17232,2076,395,2021,2383,73,295,83,33,8,404,20,1938,14384,1449,159,77,232,883,817,7,903,13,33,4008,4833,28,372,89,16,181,2863,11087,11,263,547,784,210,121,2579,76,129,166,41,303,986,278,7900,387,146,21,113,25631,22806,2828,527,373,603,1856,91,622,304,410,524,127,547,527,1766,269,296,1971,11,464,274,23,532,53,6,615,749,10199,74485,4080,46,11655,16695,1272,14726,730,317,2094,577,575,15,1206,3516,3170,25,2349,13915,1885,20407,480,2103,1625,4168,850,28169,794,2705,1099,351,1222,201,78,10350,7734,23,11481,4977,3829,12187,11,2705,1092,558,1822,24901,122,88,63,60,28,27,873,130,454,4427,1887,350,1814,18875,2119,189,529,170,198,1265,1799,1530,2138,28,61,14,553,11,964,380,960,93,6,2,290,360,428,7048,3006,19739,1249,15413,14756,7307,17737,6730,14698,118,12039,14381,5849,3616,10037,7873,2620,440,9,270,62,259,486,87,40,14,11,2029,212,19742,6652,7962,74,80626,16820,1642,12487,15616,438,254,19317,8105,30296,3710,16283,110,15949,29,118,591,399,148,453,71,1857,918,7,396,497,300,442,243,1132,697,131,111,2209,1399,915,1056,693,196,363,369,205,211,143,232,658,2615,751,214,964,1212,1082,6399,15621,64,1187,1302,665,418,271,295,504,333,73,2991,231,459,2330,155,720,266,2112,609,507,337,422,41,305,256,1392,1354,415,540,364,1143,786,421,422,596,2182,12,28,252,305,209,239,5818,33,3999,19,243,38,2701,279,2798,3134,3495,6,1146,49,141,475,1467,34686,223,755,1036,497,13,1346,63,113,252,6613,2751,2534,529,34,128,58,8,37,390,308,1144,212,1827,354,290,762,25800,204,1219,51448,248,2471,522,2447,97,1271,168,15,1584,455,389,451,280,235,100,232,553,393,440,183,631,565,11388,53,4984,1120,11,11237,3326,23,114,2939,179,33,3372,418,437,93,1446,556,10436,2027,231,434,486,251,603,383,587,179,9,565,16,891,71,35,69,154,31,522,323,19477,1821,5569,3863,1003,238,376,37,13932,35,5828,856,5780,479,158,1321,41,12277,2560,3936,18968,1360,9173,121,58,242,438,217,521,384,780,2809,473,16,60,629,7,8,1714,1606,5,50,104,9187,18681,15104,3354,15219,1738,158,32886,38921,6687,19066,28994,34278,151,85,417,409,135,448,537,150,241,219,3214,0.0,0.0,0.0,0.0,0.0,0.0,0.0,0.0,0.0,0.0,0.0,0.0,0.0,0.0,0.0,0.0,0.0,0.0,0.0,0.0,0.0,0.0,0.0,0.0,0.0,0.0,0.0,0.0,0.0,0.0,0.0,0.0,0.0,0.0,0.0,0.0,0.0,0.0,0.0,0.0,0.0,0.0,0.0,0.0,0.0,0.0,0.0,0.0,0.0,0.0,0.0,0.0,0.0,0.0,0.0,0.0,0.0,0.0,0.0,0.0,0.0,0.0,0.0,0.0,0.0,0.0,0.0,0.0,0.0,0.0,0.0,0.0,0.0,0.0,0.0,0.0,0.0,0.0,0.0,0.0,0.0,0.0,0.0,0.0,0.0,0.0,0.0,0.0,0.0,0.0,0.0,0.0,0.0,0.0,0.0,0.0,0.0,0.0,0.0,0.0,0.0,0.0,0.0,0.0,0.0,0.0,0.0,0.0,0.0,0.0,0.0,0.0,0.0,0.0,0.0,0.0,0.0,0.0,0.0,0.0,0.0,0.0,0.0,0.0,0.0,0.0,0.0,0.0,0.0,0.0,0.0,0.0,0.0,0.0,0.0,0.0,0.0,0.0,0.0,0.0,0.0,0.0,0.0,0.0,0.0,0.0,0.0,0.0,0.0,0.0
ENCFF972GKK,0.10888513009716703,19311,62,2410,47921,141,40560,6058,199,132,231,301,2704,360,1212,862,2470,745,404,1083,3430,46,363,3,0,0,1024,7,2900,2120,1923,73,25,376,1982,1689,23,1781,0,1,4652,6033,0,192,0,0,583,4789,5288,0,524,1494,1492,175,78,2496,18,190,66,0,397,1330,24,497,16,4,0,7,14485,23366,2554,1277,743,1642,2305,115,1343,616,803,927,255,1157,1126,1893,403,751,3787,0,859,720,0,416,1,0,439,693,1596,85052,4020,82,10987,18369,2560,15783,1216,683,1900,369,374,0,1051,2327,2532,0,2870,10961,399,5190,30,176,624,4352,72,7378,1144,4135,1462,87,1117,78,4,13475,1404,5,2444,1319,4494,11885,0,3139,284,1099,2223,18535,14,51,12,31,0,8,1022,163,134,6218,1878,138,1977,43824,1178,141,1223,148,136,1625,1352,1302,2515,22,38,17,1158,29,1596,637,639,148,24,49,600,554,1156,9858,4406,30953,2545,19889,33835,10559,47214,12818,24288,98,17025,21543,6721,5758,14906,12905,3074,728,28,335,88,851,1233,54,15,50,29,3563,8,27513,4739,1418,33,60126,25673,2041,11836,3098,514,238,17938,8972,23309,494,16758,8,16716,0,156,309,7,316,931,150,3961,1639,18,838,797,655,1050,537,2303,1448,80,127,4499,2791,1363,1605,1641,445,798,905,470,288,233,155,1438,2889,602,395,1082,2291,1976,4278,2000,50,2428,1850,1139,914,727,666,970,640,53,4994,510,1427,3574,333,1422,574,3498,1586,1113,962,1092,202,522,557,2742,2295,898,1017,871,1799,1563,1223,798,1334,3693,66,36,425,770,309,733,9334,148,6195,26,192,56,4486,444,4955,5279,6602,12,1603,34,28,1699,1887,22504,299,1279,2051,977,36,2493,106,185,880,14764,3109,2734,887,48,127,87,15,46,684,1169,1667,684,3451,705,443,241,47818,227,1825,87641,430,4176,1038,6630,222,2315,273,64,2579,918,1011,1032,464,358,135,319,1469,1004,1135,596,1204,1282,16932,12,11497,949,11,16289,6207,45,246,5120,513,37,6661,787,621,122,3233,1054,33838,2504,236,778,1085,570,1035,953,625,1240,10,549,28,1428,52,62,60,82,516,142,693,41063,308,8359,3735,455,521,381,247,18897,94,11904,1503,6427,1000,104,1941,15,24461,4253,7392,30599,1020,22377,167,298,378,1101,449,998,828,1053,585,973,0,86,1110,0,0,1544,1724,0,33,19,12774,16922,13290,3952,14659,2147,108,22439,39483,6209,17160,30673,37580,43,54,708,664,202,921,307,92,87,400,5103,0.0,0.0,0.0,0.0,0.0,0.0,0.0,0.0,0.0,0.0,0.0,0.0,0.0,0.0,0.0,0.0,0.0,0.0,0.0,0.0,0.0,0.0,0.0,0.0,0.0,0.0,0.0,0.0,0.0,0.0,0.0,0.0,0.0,0.0,0.0,0.0,0.0,0.0,0.0,0.0,0.0,0.0,0.0,0.0,0.0,0.0,0.0,0.0,0.0,0.0,0.0,0.0,0.0,0.0,0.0,0.0,0.0,0.0,0.0,0.0,0.0,0.0,0.0,0.0,0.0,0.0,0.0,0.0,0.0,0.0,0.0,0.0,0.0,0.0,0.0,0.0,0.0,0.0,0.0,0.0,0.0,0.0,0.0,0.0,0.0,0.0,0.0,0.0,0.0,0.0,0.0,0.0,0.0,0.0,0.0,0.0,0.0,0.0,0.0,0.0,0.0,0.0,0.0,0.0,0.0,0.0,0.0,0.0,0.0,0.0,0.0,0.0,0.0,0.0,0.0,0.0,0.0,0.0,0.0,0.0,0.0,0.0,0.0,0.0,0.0,0.0,0.0,0.0,0.0,0.0,0.0,0.0,0.0,0.0,0.0,0.0,0.0,0.0,0.0,0.0,0.0,0.0,0.0,0.0,0.0,0.0,0.0,0.0,0.0,0.0
ENCFF402OWG,0.11870908816489065,46996,90,3783,26232,341,60359,17603,297,350,419,787,3698,1798,4206,17465,12237,3317,1112,5948,7158,376,1204,100,54,37,1569,584,4050,15476,6480,443,143,646,2244,2172,33,3333,4,4,13169,19982,59,1198,58,25,1224,8689,19200,62,704,1101,1314,838,648,18334,212,574,613,172,1310,1520,101,5693,1275,135,165,26,44176,77664,15280,1180,624,1697,12084,573,1577,524,750,864,213,1032,1656,6500,454,621,4167,13,822,575,29,1820,426,21,1909,1048,6016,254948,18571,252,47903,71906,3328,63522,2386,656,10422,3325,3317,13,6600,16283,16666,163,6616,59424,1376,27876,151,644,1113,12719,274,39119,1401,9860,4414,1150,5111,727,164,69630,7042,326,23922,5241,48567,59002,62,5749,2245,1449,5817,20617,250,286,76,141,21,62,4131,648,628,15040,7627,921,4431,28908,2927,713,1476,1366,1397,4779,11899,10900,14352,127,138,49,1071,26,1622,602,4105,1269,12,22,519,1216,1296,27418,11610,77488,3093,33997,49750,19516,36512,19260,35949,376,46813,54829,24536,16164,41998,30101,8528,1555,100,635,170,602,977,248,77,24,33,6524,139,36136,12055,5034,1370,226286,46178,5034,39729,11571,1784,897,49584,21715,48547,1494,74061,159,74445,94,620,1014,81,333,1188,1133,5588,4595,205,685,854,596,919,488,3221,1924,1634,357,7237,5173,2692,6278,1258,330,732,733,362,322,249,1351,1169,6672,894,355,2221,3433,2532,10818,60156,479,3253,8245,1616,1038,849,550,968,555,838,14321,562,1112,9320,370,2929,443,6081,1152,1095,628,873,834,477,655,2693,2334,747,950,772,4373,2015,852,757,1062,4571,20,24,417,653,1232,200,28247,70,17654,12,675,226,10774,1605,13849,9096,10118,10,3935,92,255,862,7915,58025,1260,3948,4236,1728,33,3305,288,400,1857,20784,7041,3473,2917,40,644,108,7,28,692,1582,3541,977,5042,500,535,1530,36104,334,2322,199193,454,10790,951,6709,1173,2736,300,213,5202,739,1314,1444,414,386,475,3591,1695,1049,1455,809,1410,1656,38779,57,17061,2694,43,52426,10897,123,531,11780,1388,20,9079,723,3183,330,4875,1170,11606,2378,631,718,1456,521,1195,878,2415,472,16,1215,15,2676,657,152,320,456,197,220,609,21825,721,7344,4076,673,844,1981,129,66628,111,22413,1504,20680,2655,261,4576,11,46694,9234,14270,65509,5220,15997,200,106,364,877,383,1416,738,1694,5749,1212,37,329,1061,45,23,6887,7816,30,219,271,43029,54720,40451,8896,55382,6868,882,95148,134433,16956,53686,104215,126308,319,203,701,678,223,939,2009,641,601,1008,9243,0.0,0.0,0.0,0.0,0.0,0.0,0.0,0.0,0.0,0.0,0.0,0.0,0.0,0.0,0.0,0.0,0.0,0.0,0.0,0.0,0.0,0.0,0.0,0.0,0.0,0.0,0.0,0.0,0.0,0.0,0.0,0.0,0.0,0.0,0.0,0.0,0.0,0.0,0.0,0.0,0.0,0.0,0.0,0.0,0.0,0.0,0.0,0.0,0.0,0.0,0.0,0.0,0.0,0.0,0.0,0.0,0.0,0.0,0.0,0.0,0.0,0.0,0.0,0.0,0.0,0.0,0.0,0.0,0.0,0.0,0.0,0.0,0.0,0.0,0.0,0.0,0.0,0.0,0.0,0.0,0.0,0.0,0.0,0.0,0.0,0.0,0.0,0.0,0.0,0.0,0.0,0.0,0.0,0.0,0.0,0.0,0.0,0.0,0.0,0.0,0.0,0.0,0.0,0.0,0.0,0.0,0.0,0.0,0.0,0.0,0.0,0.0,0.0,0.0,0.0,0.0,0.0,0.0,0.0,0.0,0.0,0.0,0.0,0.0,0.0,0.0,0.0,0.0,0.0,0.0,0.0,0.0,0.0,0.0,0.0,0.0,0.0,0.0,0.0,0.0,0.0,0.0,0.0,0.0,0.0,0.0,0.0,0.0,0.0,0.0
ENCFF001RGK,0.059815569535391556,311391,1007,2050,34,0,494,131,1,9,6,4766,43,42,20,4,0,210,32,1196,157,9,39,0,0,0,18,21969,120,10,363,11,6,15,41,26,1,37,0,0,262,482,0,5,0,182,17,135,0,997,34,45,17,22,5,41679,0,10,9,0,85,14,0,0,1,0,3828,0,1431,15673,6275,11,7,79,1088,1,29,6,14,13,2,22,15,122,9,4,68,0,11,7,0,39,765,0,417,5,1,24826,575,4,83317,1776,46,1526,25,9,383,59,123,0,39473,6457,414,5,143,5006,3,359,0,0,10,344,0,4,20,227,126,5,110,10,0,2182,49,10163,4,21,763,27112,607,216,36,14,101,46,0,8523,0,7,0,1,114,27,18,347,250,8,102,37,7,23,20,2,2,72,168,139,2598,0,0,0,15,0,28,5,3610,27,0,0,9,8,32,2571,470,4678,110,568,929,1445,233,767,1477,2,1343,1461,1551,1106,12414,25553,217,25,167,6,0,11,35,4,0,0,0,1379,0,293,181,0,0,47242,976,153,1455,28,49,532,1058,465,563,4,3604,1,2277,0,4,186,0,7,9,42,79,182,0,3,11,11,15,6,43,14,699,7,209,132,61,881,31,2,16,11,3,5,2,107,11,94,40,0,49,43,21,56,24,47913,55,4849,30,12,10,10,10,2,73,415,10,20,194,4,71,7,128,14,14,9,14,3,18,17,46,17,9,11,17,2511,71,25,12,17,65,9,0,11,4,19,0,1189,0,939,4,12,3,226,26,2414,299,329,0,119,0,0,14,224,11398,708,155,1918,102,0,40,0,0,58,964,1235,55,65,1,5,0,0,0,13,0,233,15,235,7,6,14,4,247,38,12229,8,243,15,104,16951,39,8,703,10375,4,20,20,14,6,19,88834,21,16,18,6,18,13,1401,2,556,117,0,33400,1664,0,43,190,34,0,140,13,12,13,164,10,18,4,3308,12,22,13,20,17,92,0,0,100,0,50,0,3,1,2964,0,0,9,38,1,83,25,5,23,20,0,2664,2942,1138,20,582,54,2,155,0,10507,167,251,24457,21,39,2,0,6,21,107,13,7,20,8,13,0,7,12,0,0,243,166,12,1861,1,1137,2614,3089,141,1154,240,12,1737,10118,789,2153,10401,3828,1,4,10,6,9,14,27,2,22,32,220,0.0,0.0,0.0,0.0,0.0,0.0,0.0,0.0,0.0,0.0,0.0,0.0,0.0,0.0,0.0,0.0,0.0,0.0,0.0,0.0,0.0,0.0,0.0,0.0,0.0,0.0,0.0,0.0,0.0,0.0,0.0,0.0,0.0,0.0,0.0,0.0,0.0,0.0,0.0,0.0,0.0,0.0,0.0,0.0,0.0,0.0,0.0,0.0,0.0,0.0,0.0,0.0,0.0,0.0,0.0,0.0,0.0,0.0,0.0,0.0,0.0,0.0,0.0,0.0,0.0,0.0,0.0,0.0,0.0,0.0,0.0,0.0,0.0,0.0,0.0,0.0,0.0,0.0,0.0,0.0,0.0,0.0,0.0,0.0,0.0,0.0,0.0,0.0,0.0,0.0,0.0,0.0,0.0,0.0,0.0,0.0,0.0,0.0,0.0,0.0,0.0,0.0,0.0,0.0,0.0,0.0,0.0,0.0,0.0,0.0,0.0,0.0,0.0,0.0,0.0,0.0,0.0,0.0,0.0,0.0,0.0,0.0,0.0,0.0,0.0,0.0,0.0,0.0,0.0,0.0,0.0,0.0,0.0,0.0,0.0,0.0,0.0,0.0,0.0,0.0,0.0,0.0,0.0,0.0,0.0,0.0,0.0,0.0,0.0,0.0
ENCFF000CVB,0.1866358937611516,81804,203,7044,69508,1594,214905,8427,501,1067,487,799,5913,10753,18647,25033,74160,7155,715,9324,9104,237,1011,145,95,81,1604,3258,5988,43145,5692,385,321,797,3326,3057,140,3289,63,20,12465,17127,120,1096,72,64,948,10466,47040,453,928,2044,2739,705,400,8775,250,576,685,168,1167,2724,1138,29309,594,680,943,118,92796,79172,9985,1876,1369,2515,6616,465,2146,1048,1509,1690,476,1964,2094,5927,885,1063,7197,47,1685,930,56,1901,242,40,2282,2520,27559,280813,15124,198,41173,61633,4678,53401,2092,1252,7788,2162,2192,41,3840,10757,10434,277,7389,47139,5530,63194,1179,4628,4461,14217,1981,95011,2661,8920,4410,1206,3986,559,196,40849,27173,1962,41014,16317,15896,42380,669,8170,5862,2174,6348,82956,675,743,232,183,72,50,3500,424,818,16470,6961,1182,6640,73261,6537,624,2101,1242,980,4927,5777,4865,7224,113,235,89,1970,63,3411,1130,1220,208,102,16,1146,1178,1879,22532,10854,68515,4037,55288,54476,25299,59657,23032,49110,558,43782,52821,16370,13705,35475,27808,8593,1647,692,1143,102,940,1697,250,111,39,41,6250,685,69454,21654,30196,301,281038,65001,6397,45341,54904,1504,916,70104,31966,111505,10298,61002,269,60449,83,512,1032,187,584,1700,334,6910,3603,53,1271,1763,1112,1646,800,4356,2651,311,370,8214,4851,3702,3977,2382,650,1272,1336,688,661,542,699,2127,9757,2477,740,3252,4287,4120,20134,88046,2270,4212,4273,2416,1634,1109,1286,1786,1024,157,11077,950,1605,8027,710,2624,767,7273,2162,1880,1128,1781,300,926,1077,4719,4550,1579,1798,1435,3707,2778,1556,1533,1837,8040,45,82,812,1188,726,505,21938,218,14562,57,797,92,10307,1050,10227,10268,12561,41,4477,308,341,2901,5817,146312,1028,3155,3691,1837,209,5405,257,238,958,26084,11120,5498,1956,69,221,151,42,90,1345,1938,3794,1010,6301,997,960,3927,104441,843,4198,189744,1045,9417,1855,9568,3605,4800,557,1534,8772,1593,1820,1887,713,830,411,18327,2147,1746,1952,885,2062,2301,40094,207,17557,3722,45,38114,10127,35,409,9451,1011,101,11798,1560,1950,453,5546,2149,41894,6475,1383,1586,1972,853,2096,1730,1841,1296,32,1561,49,2834,241,70,276,930,578,1461,1381,66032,4347,18627,11157,2952,888,1326,252,51587,382,23780,3168,18598,1985,681,4537,33,50320,9487,15946,72120,7122,35362,481,341,735,1765,796,1967,1459,2828,11712,1833,83,587,1926,38,54,5910,6023,15,697,366,36139,68555,51414,13592,54709,6661,534,115418,145332,22918,69797,106750,123562,646,338,1408,1381,472,1653,1783,499,631,1122,11108,0.0,0.0,0.0,0.0,0.0,0.0,0.0,0.0,0.0,0.0,0.0,0.0,0.0,0.0,0.0,0.0,0.0,0.0,0.0,0.0,0.0,0.0,0.0,0.0,0.0,0.0,0.0,0.0,0.0,0.0,0.0,0.0,0.0,0.0,0.0,0.0,0.0,0.0,0.0,0.0,0.0,0.0,0.0,0.0,0.0,0.0,0.0,0.0,0.0,0.0,0.0,0.0,0.0,0.0,0.0,0.0,0.0,0.0,0.0,0.0,0.0,0.0,0.0,0.0,0.0,0.0,0.0,0.0,0.0,0.0,0.0,0.0,0.0,0.0,0.0,0.0,0.0,0.0,0.0,0.0,0.0,0.0,0.0,0.0,0.0,0.0,0.0,0.0,0.0,0.0,0.0,0.0,0.0,0.0,0.0,0.0,0.0,0.0,0.0,0.0,0.0,0.0,0.0,0.0,0.0,0.0,0.0,0.0,0.0,0.0,0.0,0.0,0.0,0.0,0.0,0.0,0.0,0.0,0.0,0.0,0.0,0.0,0.0,0.0,0.0,0.0,0.0,0.0,0.0,0.0,0.0,0.0,0.0,0.0,0.0,0.0,0.0,0.0,0.0,0.0,0.0,0.0,0.0,0.0,0.0,0.0,0.0,0.0,0.0,0.0
ENCFF981KMI,0.1838864722596466,68288,292,10523,65559,2284,175216,8837,556,1039,473,907,6878,10963,20369,37482,62667,7444,694,10187,13078,232,919,178,67,68,1602,694,6622,46652,5282,466,300,801,3503,3120,131,3293,43,18,13576,17685,94,1101,84,69,851,10831,41055,108,946,1847,3033,758,491,8760,232,446,833,235,1102,2936,1410,26593,1469,675,238,37,107003,97448,9610,1976,1485,1899,6711,173,2196,976,1614,1839,423,1972,2312,6320,806,1057,7564,26,1829,984,53,1859,362,55,3956,3006,41578,329163,20925,250,53060,71657,4774,61361,2140,1346,7790,2579,2985,32,4362,11412,11336,175,9178,47882,6834,49300,1677,7757,7262,18449,3747,69598,3134,11019,5787,1510,4100,580,133,45941,29866,640,38297,19564,15440,40445,274,10118,3913,2114,5952,86355,1065,356,243,180,77,73,3329,433,700,22989,8003,1028,8454,75714,7475,662,2130,1256,1160,5232,8754,7424,7125,124,219,50,1957,36,3855,1205,1642,193,35,58,1014,1356,1945,26031,11418,73744,4762,58742,58910,29270,63466,25919,57338,483,52213,63733,17528,16683,40382,31692,10535,1958,118,1584,122,996,1788,244,167,38,53,7340,735,71449,27064,24986,332,325414,72804,6651,51891,51973,1424,997,88946,40232,125967,12215,76241,496,68594,54,551,1219,104,617,1973,345,7117,2981,51,1272,1881,1256,1900,847,4801,2588,376,405,8199,4848,3332,3729,2155,692,1113,1517,704,760,523,907,2286,11915,3066,807,3308,4444,4368,27398,101979,711,3879,4752,2698,1616,1245,1386,1912,1091,162,11612,885,1518,7763,732,2798,732,7691,2153,1946,1269,1811,287,893,1382,4741,5212,1757,1786,1326,3799,2698,1221,1626,1775,8653,47,81,799,1254,581,677,21647,139,16385,35,958,98,9403,1047,11141,12458,13947,47,4399,198,361,2256,5130,160881,896,3287,3918,1795,135,6682,185,188,845,29258,11273,5530,1771,25,283,254,34,56,1477,1836,3937,1008,7859,1051,891,4657,91475,777,4661,239621,1047,8308,2080,9625,1015,5329,672,447,6817,1683,1867,2063,756,893,401,4636,2324,1877,2034,888,2067,2402,40903,140,16555,4515,17,41330,11217,144,319,11377,941,89,11711,1739,1745,397,5735,2229,59153,8514,1222,1740,2071,879,1964,1738,1814,1321,36,2253,46,3122,189,30,239,743,274,1912,1612,76847,6663,24204,15163,3681,1184,1645,229,55193,172,26861,3411,19691,1894,878,4886,37,55948,10882,18072,79914,13771,37816,451,385,714,1687,857,2084,1417,2830,13346,1985,78,289,2073,32,31,6281,5595,34,287,331,41255,87668,60511,16463,64366,7005,730,139690,177865,28080,90648,122773,147475,415,393,1621,1412,463,1707,1797,570,755,1203,12791,0.0,0.0,0.0,0.0,0.0,0.0,0.0,0.0,0.0,0.0,0.0,0.0,0.0,0.0,0.0,0.0,0.0,0.0,0.0,0.0,0.0,0.0,0.0,0.0,0.0,0.0,0.0,0.0,0.0,0.0,0.0,0.0,0.0,0.0,0.0,0.0,0.0,0.0,0.0,0.0,0.0,0.0,0.0,0.0,0.0,0.0,0.0,0.0,0.0,0.0,0.0,0.0,0.0,0.0,0.0,0.0,0.0,0.0,0.0,0.0,0.0,0.0,0.0,0.0,0.0,0.0,0.0,0.0,0.0,0.0,0.0,0.0,0.0,0.0,0.0,0.0,0.0,0.0,0.0,0.0,0.0,0.0,0.0,0.0,0.0,0.0,0.0,0.0,0.0,0.0,0.0,0.0,0.0,0.0,0.0,0.0,0.0,0.0,0.0,0.0,0.0,0.0,0.0,0.0,0.0,0.0,0.0,0.0,0.0,0.0,0.0,0.0,0.0,0.0,0.0,0.0,0.0,0.0,0.0,0.0,0.0,0.0,0.0,0.0,0.0,0.0,0.0,0.0,0.0,0.0,0.0,0.0,0.0,0.0,0.0,0.0,0.0,0.0,0.0,0.0,0.0,0.0,0.0,0.0,0.0,0.0,0.0,0.0,0.0,0.0
ENCFF000CAZ,0.1925572243095184,212263,816,13239,212876,4208,632349,22873,1032,2312,1231,2389,13417,20199,47281,124880,172838,15912,1426,26783,21707,508,2183,336,266,238,4041,9984,12616,108228,14159,878,679,1585,7110,6739,302,7074,133,136,27723,36892,193,2164,82,197,2364,24229,90989,1198,1895,4080,5679,1557,953,20100,553,1255,2747,492,2924,6461,1398,59795,1069,973,2880,448,193169,187092,21902,4136,2747,5947,14050,1001,4900,2099,3226,3569,902,4031,4529,12401,1867,2215,14270,49,3455,2070,133,3668,555,84,3832,5212,97222,606130,32017,460,88820,131047,9987,113235,4467,2642,17008,5041,5203,90,8876,24024,24444,618,17724,104353,13239,157257,2984,11764,11225,32003,5165,235687,5677,21639,10047,2456,8722,1327,598,86691,59775,6455,85550,39907,36198,90575,1776,18068,19843,4752,13603,244858,1144,1920,554,334,109,134,7109,667,2338,40312,15139,2598,14839,216087,14071,1505,4430,3743,3096,10985,14385,13797,16440,364,460,135,4014,127,6987,2386,2186,495,245,66,2535,2657,3991,47768,22946,148381,8426,113684,121835,57064,130561,47921,102819,1118,91542,110924,36738,29869,76486,60625,19864,3312,2183,3418,197,1925,3636,506,313,63,691,15003,1654,159548,45977,55476,790,736381,149232,12770,97561,110283,3597,2318,151762,78065,243759,31913,151415,834,152643,189,1169,2995,862,1190,3728,897,14579,7671,138,2686,3721,2374,3728,1727,9573,5798,881,887,17625,10383,7920,9171,4924,1284,2659,2839,1436,1404,1120,1504,4374,20205,6738,1552,6568,8719,8331,33963,126112,6391,9082,9460,5053,3283,2483,2649,3806,2122,345,23774,1990,3217,16898,1520,5606,1631,14924,4308,3955,2276,3703,703,1909,2202,9501,9457,3179,3685,2913,8237,5687,3256,3150,3760,15579,111,200,1744,2388,1768,1709,49830,702,33675,120,1967,255,21807,2411,23593,23954,30113,98,9894,773,650,6665,13011,339703,2302,7819,7697,3604,508,11304,554,531,2121,57836,30717,14217,4534,284,837,439,77,290,2714,6226,9132,2224,13959,2163,2128,5633,266865,1810,8467,406742,2064,19806,3887,20542,10457,9872,1261,3869,20689,3289,3928,4298,1507,1676,1005,56587,4687,3777,4229,1964,4473,5125,86680,398,36997,7926,138,88579,24149,183,885,22800,2503,356,24654,3292,5123,1000,11524,4331,76845,14169,3130,3198,4337,1719,4452,3628,4567,2973,81,3908,216,6549,513,275,614,2332,841,3677,2675,192919,11629,38624,26132,6943,2141,3228,1188,116222,1247,54936,7579,41812,4976,1491,10300,186,106610,20022,36251,154129,12255,63091,1048,1012,1536,3914,1851,4384,2944,5585,29080,4079,151,1064,4255,114,146,12874,12845,31,1937,575,76476,139649,107284,28246,114725,13057,1299,252539,296788,48273,143570,216973,261335,1092,643,3012,2652,866,3451,3950,1256,1398,2644,25375,0.0,0.0,0.0,0.0,0.0,0.0,0.0,0.0,0.0,0.0,0.0,0.0,0.0,0.0,0.0,0.0,0.0,0.0,0.0,0.0,0.0,0.0,0.0,0.0,0.0,0.0,0.0,0.0,0.0,0.0,0.0,0.0,0.0,0.0,0.0,0.0,0.0,0.0,0.0,0.0,0.0,0.0,0.0,0.0,0.0,0.0,0.0,0.0,0.0,0.0,0.0,0.0,0.0,0.0,0.0,0.0,0.0,0.0,0.0,0.0,0.0,0.0,0.0,0.0,0.0,0.0,0.0,0.0,0.0,0.0,0.0,0.0,0.0,0.0,0.0,0.0,0.0,0.0,0.0,0.0,0.0,0.0,0.0,0.0,0.0,0.0,0.0,0.0,0.0,0.0,0.0,0.0,0.0,0.0,0.0,0.0,0.0,0.0,0.0,0.0,0.0,0.0,0.0,0.0,0.0,0.0,0.0,0.0,0.0,0.0,0.0,0.0,0.0,0.0,0.0,0.0,0.0,0.0,0.0,0.0,0.0,0.0,0.0,0.0,0.0,0.0,0.0,0.0,0.0,0.0,0.0,0.0,0.0,0.0,0.0,0.0,0.0,0.0,0.0,0.0,0.0,0.0,0.0,0.0,0.0,0.0,0.0,0.0,0.0,0.0
ENCFF360IQS,0.17463199956821793,35256,218,3525,37858,970,100082,4658,412,526,289,452,3522,4615,11406,22035,27646,3828,394,4707,5530,124,575,85,31,40,885,705,3740,49744,3098,248,135,499,2096,1841,66,2064,19,13,7782,10330,56,634,28,79,601,6363,27786,102,635,1228,1715,412,229,5611,135,281,336,90,680,1603,467,17684,821,412,229,37,61735,54627,6980,1287,868,1262,8769,267,1424,563,940,1021,277,1097,1340,3487,487,660,4299,11,1004,581,14,963,143,17,1498,1752,25830,164161,9327,141,25443,36498,2712,32137,1257,765,4744,1401,1477,14,2351,6685,6348,78,4486,34630,3393,55758,920,3297,3223,8636,1454,81244,1815,5644,2616,640,2218,369,93,26161,14909,733,28751,10373,19392,25571,127,5023,2729,1388,3518,59727,330,287,124,110,37,35,1948,245,441,10221,4006,591,4243,41263,4480,386,1341,770,623,3084,4051,3514,4576,65,122,22,1202,37,2208,798,1136,188,25,28,696,679,1220,15166,6930,42870,2756,32034,35052,16845,46012,15116,32147,226,27392,33002,10451,8895,22950,18521,5854,1076,192,824,92,596,1204,173,56,29,74,4012,365,70462,16075,13670,304,190880,42436,4388,30651,32139,887,496,46724,20286,69914,5983,39705,233,37157,34,263,562,68,359,1096,205,4249,1941,14,826,1113,764,1093,472,2740,1514,248,219,4991,3016,2032,2896,1384,449,738,874,397,371,310,395,1349,5886,1610,429,1901,2599,2450,12431,71592,657,2473,3443,1479,917,721,772,1167,627,167,6664,531,930,4831,426,1675,447,4349,1316,1120,699,1118,204,581,603,2878,2951,929,1125,818,2532,1628,861,976,1205,4740,20,30,474,772,403,274,12649,73,8552,20,512,54,6147,607,6352,6126,7729,21,2460,112,159,1561,3381,91524,559,1838,2191,1107,70,3292,140,110,619,15995,6025,2871,1255,23,166,99,19,26,862,1036,2159,608,3836,576,527,1582,52084,361,2522,114641,608,5456,1164,5828,917,2698,319,344,3925,936,1132,1193,413,453,246,3973,1291,1061,1149,482,1294,1378,23256,103,10569,2097,19,23928,7005,49,244,6628,565,54,7072,996,1149,240,3386,1247,26639,4848,625,938,1260,494,1311,1012,1398,985,33,1141,42,1610,102,29,133,358,123,865,1000,29484,2749,12050,7649,1867,670,773,84,29309,147,12890,1793,11001,1181,303,2701,16,26476,5214,8938,40908,6661,22059,281,132,429,919,515,1376,893,1640,7934,1143,21,171,1226,15,25,3582,3578,20,206,172,22971,45080,33267,8931,33237,3931,325,80089,90284,15153,45248,67631,76097,279,195,869,817,239,1073,1053,267,434,566,6632,0.0,0.0,0.0,0.0,0.0,0.0,0.0,0.0,0.0,0.0,0.0,0.0,0.0,0.0,0.0,0.0,0.0,0.0,0.0,0.0,0.0,0.0,0.0,0.0,0.0,0.0,0.0,0.0,0.0,0.0,0.0,0.0,0.0,0.0,0.0,0.0,0.0,0.0,0.0,0.0,0.0,0.0,0.0,0.0,0.0,0.0,0.0,0.0,0.0,0.0,0.0,0.0,0.0,0.0,0.0,0.0,0.0,0.0,0.0,0.0,0.0,0.0,0.0,0.0,0.0,0.0,0.0,0.0,0.0,0.0,0.0,0.0,0.0,0.0,0.0,0.0,0.0,0.0,0.0,0.0,0.0,0.0,0.0,0.0,0.0,0.0,0.0,0.0,0.0,0.0,0.0,0.0,0.0,0.0,0.0,0.0,0.0,0.0,0.0,0.0,0.0,0.0,0.0,0.0,0.0,0.0,0.0,0.0,0.0,0.0,0.0,0.0,0.0,0.0,0.0,0.0,0.0,0.0,0.0,0.0,0.0,0.0,0.0,0.0,0.0,0.0,0.0,0.0,0.0,0.0,0.0,0.0,0.0,0.0,0.0,0.0,0.0,0.0,0.0,0.0,0.0,0.0,0.0,0.0,0.0,0.0,0.0,0.0,0.0,0.0
ENCFF000NAQ,0.14705645663820469,27220,323,2092,17139,182,28772,6778,138,250,240,561,2467,1441,2772,8696,8534,1772,439,3331,3996,121,611,53,61,69,1213,682,1804,12791,2880,230,135,348,1999,1538,27,2296,19,28,5479,8768,70,501,12,97,1108,4441,10599,82,323,414,529,365,327,6594,138,277,332,181,602,959,76,6161,489,185,181,97,30344,38397,6001,1017,303,637,5384,259,1362,202,308,423,85,380,1339,2911,171,190,1512,15,355,191,15,1117,220,24,1529,575,4576,133334,9229,58,24113,34013,1798,30420,2865,195,4600,1363,1573,27,2529,6319,6730,152,2748,27073,1340,14545,119,541,825,6888,222,19833,1267,4759,2255,718,2355,461,166,28466,6174,763,23552,3400,13927,24952,99,3189,1966,1708,2530,14993,277,231,38,90,37,39,1930,341,528,6689,3949,491,2753,17636,1258,502,1074,1674,1612,2161,4004,3883,5217,48,120,38,438,30,742,244,1451,11237,21,9,217,566,1221,14278,5807,35355,1289,18962,23892,9866,17271,8980,18236,209,22839,25898,9969,7948,19908,14489,4840,531,127,595,35,209,364,180,59,25,48,2851,148,21370,6764,3895,306,170931,32379,2440,21406,10796,957,1273,27897,12540,31587,1227,39003,140,37901,37,235,721,153,110,917,652,1864,2153,75,229,373,200,379,161,3323,1284,197,132,2722,2309,1305,1968,507,116,233,292,136,142,99,400,418,3485,540,133,1335,2416,1858,5076,32157,494,2122,3067,680,840,809,269,415,163,135,6142,175,330,4730,129,1057,179,2501,387,634,207,402,141,178,303,987,1013,359,379,291,1678,783,334,295,410,1638,15,35,157,250,452,74,12408,115,7965,12,403,56,5332,601,5443,4752,5903,22,1941,87,177,1040,3736,44517,538,2176,2131,782,33,2785,165,284,495,13146,4039,1978,1215,56,205,92,11,36,221,1541,1913,1083,2494,212,217,732,23026,202,936,100828,317,5782,428,4296,913,1355,143,197,2999,346,1440,1578,208,166,191,3582,1778,488,2546,473,1467,1576,20178,70,6630,1652,49,22056,4832,30,247,4593,818,27,3820,315,1016,250,3271,805,6364,1025,407,317,1172,198,663,377,956,362,15,686,24,1141,1019,10,147,305,342,318,459,13252,500,3250,2485,437,306,941,214,37994,104,11753,974,10223,1082,220,2221,17,27324,5425,7876,33224,2426,11076,115,104,142,361,409,1607,286,627,4088,1641,27,257,412,26,31,3616,3478,22,197,147,20861,27973,20218,4629,29746,3612,264,47418,70747,8794,28838,55373,64472,165,160,300,240,96,337,1198,193,294,475,4514,0.0,0.0,0.0,0.0,0.0,0.0,0.0,0.0,0.0,0.0,0.0,0.0,0.0,0.0,0.0,0.0,0.0,0.0,0.0,0.0,0.0,0.0,0.0,0.0,0.0,0.0,0.0,0.0,0.0,0.0,0.0,0.0,0.0,0.0,0.0,0.0,0.0,0.0,0.0,0.0,0.0,0.0,0.0,0.0,0.0,0.0,0.0,0.0,0.0,0.0,0.0,0.0,0.0,0.0,0.0,0.0,0.0,0.0,0.0,0.0,0.0,0.0,0.0,0.0,0.0,0.0,0.0,0.0,0.0,0.0,0.0,0.0,0.0,0.0,0.0,0.0,0.0,0.0,0.0,0.0,0.0,0.0,0.0,0.0,0.0,0.0,0.0,0.0,0.0,0.0,0.0,0.0,0.0,0.0,0.0,0.0,0.0,0.0,0.0,0.0,0.0,0.0,0.0,0.0,0.0,0.0,0.0,0.0,0.0,0.0,0.0,0.0,0.0,0.0,0.0,0.0,0.0,0.0,0.0,0.0,0.0,0.0,0.0,0.0,0.0,0.0,0.0,0.0,0.0,0.0,0.0,0.0,0.0,0.0,0.0,0.0,0.0,0.0,0.0,0.0,0.0,0.0,0.0,0.0,0.0,0.0,0.0,0.0,0.0,0.0
ENCFF897QKD,0.15428056975671367,24482,87,3654,66758,482,174966,5352,343,177,144,312,3093,1346,5244,28753,24110,1653,551,2264,3721,79,498,57,37,34,771,574,3266,39160,2606,156,46,423,2157,1812,28,2070,17,1,5733,7805,74,326,52,21,496,5463,20852,34,612,1353,1628,267,172,3447,51,262,160,76,566,1582,376,11513,271,92,177,102,33474,29454,3828,1305,822,1724,3175,163,1436,700,895,1043,277,1208,1260,2594,474,834,3947,17,898,818,8,822,100,18,834,1131,35804,120882,6182,100,17322,24357,2511,20485,1336,784,2779,765,960,10,1962,4398,4724,85,3650,29010,1848,32618,279,1409,1446,5365,666,66378,1500,4422,1888,262,1380,317,20,18092,6452,269,32100,6244,6496,20076,37,3688,1859,1307,2443,26110,162,126,128,83,43,23,1422,362,331,6954,2393,373,2989,65144,3720,289,1441,869,896,1995,2781,2764,3286,24,94,26,1248,23,1519,642,751,80,12,21,569,429,1370,8556,4441,28680,2109,18732,20491,10627,31968,13280,24760,241,18600,23458,7559,6120,18071,11751,3828,777,62,264,40,707,1292,76,31,57,54,2986,109,45643,10052,7823,250,113240,26230,2681,16551,20691,718,307,26088,11613,42656,2148,23560,27,23468,18,215,642,16,341,1037,149,4017,2000,18,816,798,689,1155,531,2713,1491,135,115,4757,2840,1516,1660,1755,396,905,999,471,359,238,194,1379,3483,1060,408,1298,2562,2072,13271,56049,586,2650,2417,1249,931,721,759,1024,606,48,5869,599,1485,3871,380,1614,564,3314,1504,1160,849,1118,131,582,484,2675,2165,926,1046,875,2130,1741,1204,772,1240,3666,62,128,487,900,331,758,11774,211,7337,41,228,49,4716,482,6109,4984,5034,38,2099,46,49,858,2200,65954,411,1343,2071,741,27,2358,50,142,925,13196,3277,3676,1036,200,283,24,19,66,754,968,1512,720,2843,758,493,1817,89342,211,1703,76907,443,4641,1126,6425,880,2271,314,171,2527,913,1223,1213,447,355,186,3845,1562,1125,1167,416,1158,1295,17853,27,11200,1020,31,17628,5080,10,278,3600,777,23,6286,840,610,98,3382,1150,31982,2754,292,784,1227,625,974,1088,889,541,19,691,21,1808,144,81,62,127,1038,268,726,40723,1391,9918,4756,852,515,370,136,20462,51,9552,1228,6970,920,98,2355,7,19360,3567,6696,27302,1415,16200,156,129,452,1076,532,1076,869,1120,5423,1140,14,116,1277,17,28,2632,2336,15,62,76,16243,24580,20236,4654,19410,2576,251,66594,54848,9740,25109,42887,48151,236,77,718,785,250,1004,527,216,185,469,5176,0.0,0.0,0.0,0.0,0.0,0.0,0.0,0.0,0.0,0.0,0.0,0.0,0.0,0.0,0.0,0.0,0.0,0.0,0.0,0.0,0.0,0.0,0.0,0.0,0.0,0.0,0.0,0.0,0.0,0.0,0.0,0.0,0.0,0.0,0.0,0.0,0.0,0.0,0.0,0.0,0.0,0.0,0.0,0.0,0.0,0.0,0.0,0.0,0.0,0.0,0.0,0.0,0.0,0.0,0.0,0.0,0.0,0.0,0.0,0.0,0.0,0.0,0.0,0.0,0.0,0.0,0.0,0.0,0.0,0.0,0.0,0.0,0.0,0.0,0.0,0.0,0.0,0.0,0.0,0.0,0.0,0.0,0.0,0.0,0.0,0.0,0.0,0.0,0.0,0.0,0.0,0.0,0.0,0.0,0.0,0.0,0.0,0.0,0.0,0.0,0.0,0.0,0.0,0.0,0.0,0.0,0.0,0.0,0.0,0.0,0.0,0.0,0.0,0.0,0.0,0.0,0.0,0.0,0.0,0.0,0.0,0.0,0.0,0.0,0.0,0.0,0.0,0.0,0.0,0.0,0.0,0.0,0.0,0.0,0.0,0.0,0.0,0.0,0.0,0.0,0.0,0.0,0.0,0.0,0.0,0.0,0.0,0.0,0.0,0.0
ENCFF708SMC,0.14206503058060055,67601,234,3305,74588,644,190378,9530,498,345,276,507,5066,2119,10925,36935,39251,2359,871,7367,5800,140,729,133,101,97,2180,4143,4931,30428,4270,197,72,684,3619,3288,54,3194,47,9,8779,11450,83,569,89,84,1165,8931,35096,313,1104,2252,2493,391,406,5601,151,452,237,197,945,2356,858,21992,3363,730,1157,133,61110,50606,6152,2175,1263,2776,5341,213,2505,985,1344,1572,423,2082,2181,3577,724,1336,6245,28,1473,1268,61,1350,197,41,1310,1842,24557,180408,10948,185,28859,42913,4058,37356,2425,1168,4538,1574,2016,41,3940,7705,8147,273,5605,36344,2327,44454,254,1154,1659,8021,549,79515,2126,6568,2551,493,2408,206,75,29947,10544,1819,39005,9908,10830,29848,184,6063,7622,2225,4084,67854,1372,419,205,93,53,53,2491,448,521,11069,3952,451,4680,73234,4697,343,2349,1405,1496,3057,4240,3904,5913,53,185,105,1996,33,2499,1075,1547,312,26,26,906,620,2191,14070,6938,57040,3761,29887,51938,17300,37720,18823,35961,408,29660,36576,10997,9989,28384,21954,6247,1388,488,893,81,1150,2111,116,43,65,54,4499,145,58641,14041,12585,385,288990,48352,5133,34628,37429,1335,510,46550,24039,78845,3483,46143,174,42232,32,328,839,19,533,1647,399,6493,3009,45,1316,1319,1066,1719,887,4478,2519,180,297,7784,4563,2429,3477,2814,653,1478,1460,723,569,383,354,2271,6617,1494,688,1972,4202,3205,18118,54809,3504,4061,3688,2030,1516,1330,1124,1736,992,66,8838,964,2386,6136,564,2398,962,5008,2382,1960,1371,1768,181,828,720,4247,3729,1480,1702,1516,3078,2627,1969,1198,2012,5889,30,42,796,1390,627,327,15150,101,9958,19,331,60,7508,773,8113,7647,10225,39,3351,89,62,2449,3574,112117,740,2108,3454,1364,184,3865,123,403,1660,24358,9654,5514,1760,36,167,50,33,69,1243,2289,2510,1288,4312,1164,838,2484,102652,427,2959,121976,776,7295,1804,10324,4857,3398,508,1004,5984,1382,2054,2060,666,635,239,23069,2544,1821,2067,850,2094,2314,28390,58,18358,1683,52,28735,8650,52,481,6805,1108,66,10503,1365,903,153,5734,1775,33820,4499,916,1381,2072,1009,1521,1657,1206,1134,29,900,49,2730,331,53,126,414,619,348,1018,47011,1410,13022,6005,963,862,781,234,30336,161,15346,2246,11077,1581,141,2776,10,45898,8093,14149,54521,2686,34859,255,478,678,1608,825,1872,1400,1881,7100,1848,25,272,1946,56,60,3520,3825,53,346,107,29553,45690,36074,8951,35531,5294,2129,87813,100964,16084,45740,79678,86565,346,113,1234,1220,466,1544,913,410,259,821,7716,0.0,0.0,0.0,0.0,0.0,0.0,0.0,0.0,0.0,0.0,0.0,0.0,0.0,0.0,0.0,0.0,0.0,0.0,0.0,0.0,0.0,0.0,0.0,0.0,0.0,0.0,0.0,0.0,0.0,0.0,0.0,0.0,0.0,0.0,0.0,0.0,0.0,0.0,0.0,0.0,0.0,0.0,0.0,0.0,0.0,0.0,0.0,0.0,0.0,0.0,0.0,0.0,0.0,0.0,0.0,0.0,0.0,0.0,0.0,0.0,0.0,0.0,0.0,0.0,0.0,0.0,0.0,0.0,0.0,0.0,0.0,0.0,0.0,0.0,0.0,0.0,0.0,0.0,0.0,0.0,0.0,0.0,0.0,0.0,0.0,0.0,0.0,0.0,0.0,0.0,0.0,0.0,0.0,0.0,0.0,0.0,0.0,0.0,0.0,0.0,0.0,0.0,0.0,0.0,0.0,0.0,0.0,0.0,0.0,0.0,0.0,0.0,0.0,0.0,0.0,0.0,0.0,0.0,0.0,0.0,0.0,0.0,0.0,0.0,0.0,0.0,0.0,0.0,0.0,0.0,0.0,0.0,0.0,0.0,0.0,0.0,0.0,0.0,0.0,0.0,0.0,0.0,0.0,0.0,0.0,0.0,0.0,0.0,0.0,0.0
ENCFF000YHP,0.07682113376735268,6202,18,341,4585,105,13116,562,37,34,21,78,300,369,686,2440,3260,299,31,472,586,26,68,14,4,8,78,365,299,2520,356,36,25,65,205,192,5,198,2,4,795,1075,2,66,3,7,54,539,2410,29,60,82,151,29,29,631,11,29,55,9,72,149,28,1200,28,34,164,7,4678,5139,663,108,64,153,597,33,133,57,72,82,27,100,100,414,56,55,327,2,95,52,1,106,13,2,126,137,1868,16614,988,18,2836,3771,258,3396,168,61,469,144,146,2,245,739,750,11,551,3168,339,3041,85,380,296,845,165,4138,160,696,285,56,280,31,13,2715,978,217,1644,670,1361,2578,46,474,304,100,379,4846,38,43,4,10,2,2,158,21,73,1073,448,61,448,4573,394,40,117,96,73,286,509,459,556,5,16,2,92,5,214,63,255,189,8,4,80,85,88,1488,691,4289,250,2814,3328,1558,3459,1381,2778,21,2550,2998,1058,908,2320,1797,663,91,63,73,7,46,93,18,6,0,6,472,23,3782,1354,765,20,18830,3703,393,2709,2122,86,60,4035,1938,5854,754,4394,17,4551,2,34,93,19,24,82,34,350,208,7,87,105,59,77,52,250,141,40,14,438,292,190,256,129,43,67,71,36,30,28,47,141,465,178,50,187,244,212,1204,2936,178,214,318,139,90,60,42,89,71,16,728,58,74,521,33,130,44,368,111,109,70,106,33,46,53,302,231,98,107,72,284,142,79,80,86,371,3,5,46,56,57,39,1412,7,1014,1,56,6,598,99,692,706,790,4,226,8,18,117,374,6738,72,200,210,103,17,250,6,19,64,1346,632,304,136,10,15,13,0,8,64,135,278,52,402,64,64,166,5550,59,214,12002,61,546,92,498,405,246,29,96,572,76,101,98,53,38,21,1279,126,88,100,59,136,118,2431,2,976,239,5,2842,726,3,25,700,85,7,655,82,176,24,297,102,1632,355,74,91,110,36,118,65,134,84,4,104,4,181,8,9,19,46,26,75,58,4335,352,1051,722,231,54,72,25,3617,25,1396,233,1214,134,19,319,3,2816,515,990,4142,279,1440,20,17,28,86,45,101,68,140,710,93,4,24,125,4,5,393,382,0,55,21,2207,3663,2890,701,3333,376,31,7035,7954,1304,3870,6272,7313,18,28,86,76,22,81,119,27,33,62,748,0.0,0.0,0.0,0.0,0.0,0.0,0.0,0.0,0.0,0.0,0.0,0.0,0.0,0.0,0.0,0.0,0.0,0.0,0.0,0.0,0.0,0.0,0.0,0.0,0.0,0.0,0.0,0.0,0.0,0.0,0.0,0.0,0.0,0.0,0.0,0.0,0.0,0.0,0.0,0.0,0.0,0.0,0.0,0.0,0.0,0.0,0.0,0.0,0.0,0.0,0.0,0.0,0.0,0.0,0.0,0.0,0.0,0.0,0.0,0.0,0.0,0.0,0.0,0.0,0.0,0.0,0.0,0.0,0.0,0.0,0.0,0.0,0.0,0.0,0.0,0.0,0.0,0.0,0.0,0.0,0.0,0.0,0.0,0.0,0.0,0.0,0.0,0.0,0.0,0.0,0.0,0.0,0.0,0.0,0.0,0.0,0.0,0.0,0.0,0.0,0.0,0.0,0.0,0.0,0.0,0.0,0.0,0.0,0.0,0.0,0.0,0.0,0.0,0.0,0.0,0.0,0.0,0.0,0.0,0.0,0.0,0.0,0.0,0.0,0.0,0.0,0.0,0.0,0.0,0.0,0.0,0.0,0.0,0.0,0.0,0.0,0.0,0.0,0.0,0.0,0.0,0.0,0.0,0.0,0.0,0.0,0.0,0.0,0.0,0.0
ENCFF304MPX,0.14594331011161538,29650,132,1734,30774,316,91220,4735,298,156,167,318,2678,1055,4997,19732,16462,1388,535,3426,3504,74,520,27,31,41,784,1406,2905,23208,2602,124,53,364,1886,1680,18,1771,8,2,4730,7350,38,247,34,25,450,4732,19081,106,586,1172,1377,214,162,3650,88,255,159,87,573,1146,564,11662,408,192,381,28,33867,31345,3934,1109,661,1568,3443,134,1230,573,737,860,234,1138,1052,2255,418,709,3459,16,831,692,6,724,699,17,774,1044,17091,103652,6229,72,17054,23917,2234,20623,1121,635,2697,828,914,9,1966,4284,4529,66,3059,23474,1162,30404,139,684,899,4723,302,49340,1153,3536,1424,235,1398,177,28,19111,4584,535,21226,4760,6886,19194,214,3381,3663,1119,2250,30644,150,166,82,68,48,18,1440,348,182,6423,2573,232,2889,31324,2599,239,1120,669,443,1814,2337,2252,3802,32,47,55,1000,16,1345,617,806,94,7,5,459,385,1079,8351,4285,26038,2017,15570,22799,9486,25377,11300,21138,169,17340,21105,5920,6064,17049,11878,3535,706,173,607,43,648,1118,94,15,21,29,2657,65,41172,7865,4564,170,132285,27260,3071,17970,18839,723,301,25664,12041,43134,1540,25074,67,24377,40,175,442,6,306,854,175,3670,1827,14,715,721,561,965,471,2281,1295,143,123,4263,2477,1372,1733,1548,346,759,795,393,312,242,221,1245,3366,833,370,1108,2082,1746,8681,30654,1228,2194,2241,1031,847,658,603,862,513,62,5611,542,1275,3548,311,1392,464,2876,1407,1031,713,969,113,471,443,2320,1914,798,824,786,1848,1489,1049,668,1035,3201,26,33,397,682,385,256,9238,91,5999,26,203,52,4148,474,5054,3982,5691,25,1877,39,32,861,2275,54806,429,1345,1795,858,66,2041,85,368,974,11791,4837,2433,962,26,135,43,21,31,649,887,1793,627,3049,600,479,1543,42121,232,1617,77032,426,4424,939,5548,1712,1891,274,331,2726,765,961,1010,412,320,163,7412,1355,929,1015,396,1053,1157,16578,21,10309,944,17,17234,6699,13,288,3591,682,36,5812,716,555,108,3046,1003,14134,2058,377,678,1078,573,774,830,729,522,13,711,23,1444,60,36,38,180,221,170,517,24644,802,6865,3350,614,509,409,112,19571,65,8775,1116,6985,849,76,1698,7,19138,3562,6405,26064,1156,13814,138,134,341,905,451,881,804,993,4753,880,14,140,1083,22,26,2167,2306,10,126,76,17534,27463,22256,5280,21197,3093,537,48185,59022,9348,27025,46878,51625,156,65,679,636,258,843,506,228,205,489,4451,0.0,0.0,0.0,0.0,0.0,0.0,0.0,0.0,0.0,0.0,0.0,0.0,0.0,0.0,0.0,0.0,0.0,0.0,0.0,0.0,0.0,0.0,0.0,0.0,0.0,0.0,0.0,0.0,0.0,0.0,0.0,0.0,0.0,0.0,0.0,0.0,0.0,0.0,0.0,0.0,0.0,0.0,0.0,0.0,0.0,0.0,0.0,0.0,0.0,0.0,0.0,0.0,0.0,0.0,0.0,0.0,0.0,0.0,0.0,0.0,0.0,0.0,0.0,0.0,0.0,0.0,0.0,0.0,0.0,0.0,0.0,0.0,0.0,0.0,0.0,0.0,0.0,0.0,0.0,0.0,0.0,0.0,0.0,0.0,0.0,0.0,0.0,0.0,0.0,0.0,0.0,0.0,0.0,0.0,0.0,0.0,0.0,0.0,0.0,0.0,0.0,0.0,0.0,0.0,0.0,0.0,0.0,0.0,0.0,0.0,0.0,0.0,0.0,0.0,0.0,0.0,0.0,0.0,0.0,0.0,0.0,0.0,0.0,0.0,0.0,0.0,0.0,0.0,0.0,0.0,0.0,0.0,0.0,0.0,0.0,0.0,0.0,0.0,0.0,0.0,0.0,0.0,0.0,0.0,0.0,0.0,0.0,0.0,0.0,0.0
ENCFF001HWY,0.17420655340879482,156498,228,6276,49917,1501,267198,6632,422,721,356,654,4995,6726,13065,28744,64854,5047,547,7673,7952,184,745,133,81,49,1140,10022,5259,54297,4277,288,577,688,2816,2650,303,2618,29,21,9759,13003,197,751,47,61,777,8184,41287,1268,691,1697,2460,515,307,6746,207,396,445,120,820,2204,530,32038,1336,700,3233,84,86512,62072,7733,1680,1172,3413,5242,365,1809,938,1298,1485,352,1656,1750,4533,741,935,6050,25,1465,800,15,1295,182,31,1902,2099,30004,240012,12555,140,34549,48896,3801,42445,1741,1085,5904,1852,2073,22,3139,8691,8709,145,6597,37812,4210,53531,1098,3859,3785,11150,1597,77087,2292,7421,3529,828,2827,447,208,32434,19993,5809,30001,12368,12400,31418,2062,6790,4677,1855,5429,84852,420,1691,195,114,47,27,2498,337,604,14726,5285,776,4771,56505,5768,510,1775,1016,996,3838,5063,4138,5657,90,150,23,1667,26,2840,1086,1039,105,264,24,1421,854,1618,17859,8572,56149,3380,41455,45898,21054,50492,19358,41247,439,35875,43234,12980,11206,29122,21718,7212,1364,2084,746,122,869,1610,139,83,29,20,5428,416,64467,19705,18292,301,233884,52044,6232,39139,49829,1124,725,57914,26235,99911,7785,50790,317,47951,54,431,853,131,482,1516,312,5740,2705,31,1163,1528,1008,1456,740,3700,2152,251,210,6562,3952,2810,3064,2014,577,1113,1238,604,598,418,554,1848,7559,2161,618,2546,3387,3396,20826,92095,6671,3529,3267,2026,1294,1052,1086,1542,924,148,8641,837,1418,6394,593,2235,675,5855,1873,1617,1017,1451,236,830,961,3943,3837,1326,1530,1198,3030,2268,1280,1227,1591,6241,48,54,668,1058,482,620,16357,91,11152,42,780,66,7915,805,8057,8421,10291,42,3288,130,181,1488,4695,151308,1412,3114,2981,1421,653,4318,235,176,795,21114,9223,4341,1533,42,169,140,22,71,1119,2226,3074,823,5110,844,749,2534,75387,1107,3310,152141,866,7460,1707,8073,10619,3779,466,4654,15155,1334,1543,1644,649,631,501,57143,1790,1480,1716,679,1805,2027,30786,86,13960,2747,22,31299,8365,67,332,8168,759,56,9522,1316,1413,318,4453,1773,35174,6044,2045,1325,1720,852,1861,1474,1463,907,27,1115,37,2387,193,78,189,1588,287,1115,1087,55950,3648,15956,9642,2231,754,931,135,42229,1024,18443,3748,14384,1441,445,3514,27,36828,6987,12625,54543,8123,32282,529,201,617,2019,692,1739,1194,2240,9760,1615,48,1078,1733,10,31,4410,4665,18,1901,265,30096,60439,44538,11349,44943,5505,374,124350,122686,19413,61240,90581,103799,444,230,1240,1166,358,1463,1302,290,536,797,9425,0.0,0.0,0.0,0.0,0.0,0.0,0.0,0.0,0.0,0.0,0.0,0.0,0.0,0.0,0.0,0.0,0.0,0.0,0.0,0.0,0.0,0.0,0.0,0.0,0.0,0.0,0.0,0.0,0.0,0.0,0.0,0.0,0.0,0.0,0.0,0.0,0.0,0.0,0.0,0.0,0.0,0.0,0.0,0.0,0.0,0.0,0.0,0.0,0.0,0.0,0.0,0.0,0.0,0.0,0.0,0.0,0.0,0.0,0.0,0.0,0.0,0.0,0.0,0.0,0.0,0.0,0.0,0.0,0.0,0.0,0.0,0.0,0.0,0.0,0.0,0.0,0.0,0.0,0.0,0.0,0.0,0.0,0.0,0.0,0.0,0.0,0.0,0.0,0.0,0.0,0.0,0.0,0.0,0.0,0.0,0.0,0.0,0.0,0.0,0.0,0.0,0.0,0.0,0.0,0.0,0.0,0.0,0.0,0.0,0.0,0.0,0.0,0.0,0.0,0.0,0.0,0.0,0.0,0.0,0.0,0.0,0.0,0.0,0.0,0.0,0.0,0.0,0.0,0.0,0.0,0.0,0.0,0.0,0.0,0.0,0.0,0.0,0.0,0.0,0.0,0.0,0.0,0.0,0.0,0.0,0.0,0.0,0.0,0.0,0.0
ENCFF002AXM,0.1370812110841376,32003,119,4563,34980,667,68971,4100,315,485,294,452,2923,3930,10391,20633,22406,3561,459,3910,6023,217,769,125,50,42,785,99,3171,24919,3883,319,165,436,1556,1454,31,1821,8,1,7600,12398,53,724,38,17,423,5610,27458,14,491,884,1262,697,277,8691,134,363,343,66,672,1331,435,13001,319,305,42,13,54730,51408,8289,915,654,1126,6100,293,1019,449,711,816,202,997,953,4597,465,557,3855,14,805,517,13,1226,10212,21,1734,1638,15688,185717,11468,89,31601,43871,2395,39244,1021,605,6100,1665,1687,12,3890,8368,7566,68,5060,52421,2373,32143,472,2116,2283,9701,884,41792,1400,6677,3316,778,2978,332,122,42764,12964,113,22661,9672,12378,32279,30,4338,1796,1016,3916,69165,300,212,102,149,218,51,2351,292,479,11378,5547,786,3814,38224,4134,402,935,581,543,3133,4415,3889,6514,67,68,9,911,23,1727,618,1223,105,9,23,531,711,837,17479,8163,59228,2711,32396,35019,15064,31850,14096,34448,247,28668,34071,18858,10092,25523,19873,6402,944,18,619,131,519,878,163,97,14,52,4332,219,36866,14075,9833,135,186014,38641,4483,30372,24751,1148,564,44825,18083,59828,3778,44569,189,45368,47,345,641,23,271,801,210,3913,2285,9,645,895,619,833,437,2119,1239,761,221,4645,3035,2113,3158,1115,290,638,669,327,349,235,696,1077,5459,1142,434,1947,2220,2026,12338,52060,183,2260,3965,1384,710,497,561,789,506,299,7364,466,781,6205,320,1540,362,4391,994,866,564,861,502,448,489,2433,2268,693,850,724,3044,1505,769,764,881,4162,17,30,354,571,427,194,18273,96,11151,21,567,46,6858,918,8885,7062,17976,33,2576,71,183,1091,8237,75872,638,1779,2088,1313,25,2634,173,328,823,14102,5483,2948,1567,24,167,116,21,18,588,986,2646,444,4152,432,458,2342,51875,369,2235,135394,450,6194,913,4565,420,2279,300,50,3849,769,797,866,403,400,278,1038,1035,847,918,426,1071,1090,28032,55,11092,2368,16,29484,13304,41,309,7743,445,56,7355,756,2140,332,2818,960,30767,4098,605,798,851,444,1024,747,1430,451,8,1087,18,1792,74,46,178,381,183,594,822,42543,2089,11463,6538,1385,684,1011,154,45500,115,15130,1600,15262,1384,299,3248,9,25805,5263,8760,41696,5362,27069,218,82,329,801,395,932,651,1507,8122,830,46,190,1002,5,13,4475,4569,10,130,178,25558,48726,35476,9085,37210,4349,350,73156,100409,15226,48284,75725,86375,294,204,738,616,199,807,1410,386,745,687,7262,0.0,0.0,0.0,0.0,0.0,0.0,0.0,0.0,0.0,0.0,0.0,0.0,0.0,0.0,0.0,0.0,0.0,0.0,0.0,0.0,0.0,0.0,0.0,0.0,0.0,0.0,0.0,0.0,0.0,0.0,0.0,0.0,0.0,0.0,0.0,0.0,0.0,0.0,0.0,0.0,0.0,0.0,0.0,0.0,0.0,0.0,0.0,0.0,0.0,0.0,0.0,0.0,0.0,0.0,0.0,0.0,0.0,0.0,0.0,0.0,0.0,0.0,0.0,0.0,0.0,0.0,0.0,0.0,0.0,0.0,0.0,0.0,0.0,0.0,0.0,0.0,0.0,0.0,0.0,0.0,0.0,0.0,0.0,0.0,0.0,0.0,0.0,0.0,0.0,0.0,0.0,0.0,0.0,0.0,0.0,0.0,0.0,0.0,0.0,0.0,0.0,0.0,0.0,0.0,0.0,0.0,0.0,0.0,0.0,0.0,0.0,0.0,0.0,0.0,0.0,0.0,0.0,0.0,0.0,0.0,0.0,0.0,0.0,0.0,0.0,0.0,0.0,0.0,0.0,0.0,0.0,0.0,0.0,0.0,0.0,0.0,0.0,0.0,0.0,0.0,0.0,0.0,0.0,0.0,0.0,0.0,0.0,0.0,0.0,0.0
ENCFF116RUN,0.15704913298691325,167309,540,4747,98403,1120,391604,15818,873,564,498,953,9150,4215,16201,49482,76418,4041,1442,13336,9531,200,1233,160,177,182,2809,12756,8640,69977,7219,355,183,981,5923,5384,97,5547,66,8,16296,18788,206,934,164,127,1639,15490,65924,911,1792,3639,4297,660,487,8805,215,670,589,373,1558,4564,1900,32342,6738,894,3640,363,100926,92834,9189,3717,2205,4792,8090,410,3967,1928,2408,2731,760,3473,3680,5696,1331,2202,10846,68,2637,2436,52,1884,447,73,2792,2948,49765,312287,16925,286,44527,69727,7314,58117,3767,2006,7323,2384,2863,64,5827,12278,13633,310,9779,57249,4574,92052,466,2390,2758,13353,1071,158977,3900,10511,3913,951,3843,563,125,47452,17909,4754,69722,17475,19742,46459,490,10571,14884,3815,7221,110352,586,1203,281,193,94,38,3829,727,1198,18455,6085,702,8710,103581,8188,625,4019,2024,1604,5210,6702,6146,9180,140,324,160,3312,80,4310,1966,2187,245,24,47,1507,1031,3540,21298,10610,74068,6090,52162,62439,29517,73327,31622,59887,662,48028,60884,16991,15469,48420,33136,11031,2114,1466,1786,104,2112,3487,244,84,64,228,7497,346,111747,25489,28140,712,420921,84448,9059,56102,61345,2090,901,75233,41884,132271,6318,75646,318,66199,45,588,1716,83,923,2830,709,10940,5090,73,2350,2320,1993,3080,1472,7382,4072,277,484,12864,7934,4419,4518,4916,1065,2477,2509,1390,1019,723,551,3832,11489,2593,1148,3390,6886,5690,33305,96781,9663,6872,5763,3440,2615,1952,1970,2962,1716,105,15465,1724,4142,10000,1039,4104,1718,8532,4145,3271,2399,3061,264,1534,1289,7325,6161,2573,2842,2591,5128,4470,3516,2279,3460,9975,71,97,1365,2327,1036,952,23324,299,15426,47,584,107,12220,1266,13051,12747,16942,116,5851,230,130,2606,5802,210526,1596,3856,5764,2127,436,6681,198,593,2612,40220,17802,11429,2480,180,296,142,32,165,1862,3358,4036,2168,7157,2044,1489,6390,158244,1045,4868,195028,1395,11922,3011,17778,14182,6439,936,3204,11809,2550,3201,3299,1198,1045,424,72974,4194,3056,3471,1365,3475,3905,47470,123,30560,2810,116,45608,13450,108,737,11114,2341,95,17581,2329,1568,308,9599,3151,48529,6304,2196,2279,3371,1887,2502,2759,1862,1854,80,1744,86,4653,328,137,235,1131,1535,718,2027,70681,2639,22543,10435,2006,1281,1285,443,47457,426,25806,3960,17159,2575,280,4512,34,64026,11824,20740,83607,4920,43748,466,1061,1201,3044,1577,2993,2390,3248,17353,2987,31,633,3433,53,120,5605,5727,18,1041,214,46180,75536,61563,15804,56754,8001,2383,139690,165272,26939,75578,127681,141552,582,203,2145,2035,757,2805,1416,782,437,1432,12886,0.0,0.0,0.0,0.0,0.0,0.0,0.0,0.0,0.0,0.0,0.0,0.0,0.0,0.0,0.0,0.0,0.0,0.0,0.0,0.0,0.0,0.0,0.0,0.0,0.0,0.0,0.0,0.0,0.0,0.0,0.0,0.0,0.0,0.0,0.0,0.0,0.0,0.0,0.0,0.0,0.0,0.0,0.0,0.0,0.0,0.0,0.0,0.0,0.0,0.0,0.0,0.0,0.0,0.0,0.0,0.0,0.0,0.0,0.0,0.0,0.0,0.0,0.0,0.0,0.0,0.0,0.0,0.0,0.0,0.0,0.0,0.0,0.0,0.0,0.0,0.0,0.0,0.0,0.0,0.0,0.0,0.0,0.0,0.0,0.0,0.0,0.0,0.0,0.0,0.0,0.0,0.0,0.0,0.0,0.0,0.0,0.0,0.0,0.0,0.0,0.0,0.0,0.0,0.0,0.0,0.0,0.0,0.0,0.0,0.0,0.0,0.0,0.0,0.0,0.0,0.0,0.0,0.0,0.0,0.0,0.0,0.0,0.0,0.0,0.0,0.0,0.0,0.0,0.0,0.0,0.0,0.0,0.0,0.0,0.0,0.0,0.0,0.0,0.0,0.0,0.0,0.0,0.0,0.0,0.0,0.0,0.0,0.0,0.0,0.0
ENCFF000BLN,0.15482874477208625,18199,86,1853,17192,461,60799,3482,139,234,180,286,2091,2100,4367,8136,15537,1825,270,2668,3574,94,400,56,28,33,843,68,2140,17638,2280,148,74,305,1114,1040,19,1197,47,6,4711,6320,41,549,15,24,362,3521,9481,15,350,792,914,265,185,3171,83,209,215,118,481,885,223,7737,439,191,33,29,26948,26642,3788,664,427,748,2561,164,801,340,482,527,142,661,692,2160,278,395,2318,12,583,329,10,637,90,8,613,838,7707,94306,5629,69,14988,24103,1687,20575,752,439,3246,1142,1396,15,1669,4373,4345,24,3070,17686,1443,24365,382,1502,1376,5055,589,31078,815,3781,1721,532,1543,242,80,16140,6361,43,12431,4035,5684,15364,13,2857,1232,758,2360,19912,263,119,55,52,16,17,1353,134,255,6847,2509,363,2092,17383,1894,240,743,343,421,1704,2474,2136,2849,49,163,11,632,21,1188,412,622,1290,1,0,378,493,591,8461,4018,24964,1472,17332,20148,8538,16652,8046,17132,126,16798,19997,5782,5086,13747,10669,3072,542,28,415,34,390,554,101,92,10,52,2433,142,18327,6821,4877,190,107453,19615,1740,15300,13784,723,360,21282,9819,32541,2702,25691,151,24307,35,278,427,60,195,588,167,2365,1193,14,427,622,376,599,299,1452,886,111,144,2996,1810,1178,1512,836,234,419,522,231,215,179,245,742,3040,774,247,1058,1360,1418,6190,11888,60,1435,1665,774,551,453,407,610,313,50,3775,271,540,2984,222,870,222,2553,771,678,422,598,65,316,311,1591,1511,492,620,445,1378,1009,501,543,663,2569,9,20,259,392,339,453,8108,61,5626,9,309,32,3972,397,3713,4288,4171,22,1685,92,107,657,2190,34220,373,1071,1175,576,8,1645,95,175,390,9520,3132,2039,840,11,95,64,5,32,403,429,1217,341,1909,342,320,677,22824,215,1378,67148,355,3454,695,3345,137,1610,160,34,1879,519,586,639,248,228,152,442,726,622,659,373,729,754,15649,51,6539,1424,21,14420,3684,9,127,4695,304,55,3961,538,644,184,1911,691,8417,1792,334,473,640,312,918,540,708,234,19,520,18,1246,106,285,97,222,62,404,332,18000,1253,5392,3262,880,258,621,77,19266,44,8330,957,6829,654,232,1578,14,18740,3849,6449,26749,998,9439,157,62,229,521,271,689,489,937,3245,603,17,94,700,15,5,2204,2377,5,74,123,12668,21203,17328,3882,18658,2269,133,39920,48138,7446,21858,35104,43240,146,77,479,460,126,583,729,145,227,437,4228,0.0,0.0,0.0,0.0,0.0,0.0,0.0,0.0,0.0,0.0,0.0,0.0,0.0,0.0,0.0,0.0,0.0,0.0,0.0,0.0,0.0,0.0,0.0,0.0,0.0,0.0,0.0,0.0,0.0,0.0,0.0,0.0,0.0,0.0,0.0,0.0,0.0,0.0,0.0,0.0,0.0,0.0,0.0,0.0,0.0,0.0,0.0,0.0,0.0,0.0,0.0,0.0,0.0,0.0,0.0,0.0,0.0,0.0,0.0,0.0,0.0,0.0,0.0,0.0,0.0,0.0,0.0,0.0,0.0,0.0,0.0,0.0,0.0,0.0,0.0,0.0,0.0,0.0,0.0,0.0,0.0,0.0,0.0,0.0,0.0,0.0,0.0,0.0,0.0,0.0,0.0,0.0,0.0,0.0,0.0,0.0,0.0,0.0,0.0,0.0,0.0,0.0,0.0,0.0,0.0,0.0,0.0,0.0,0.0,0.0,0.0,0.0,0.0,0.0,0.0,0.0,0.0,0.0,0.0,0.0,0.0,0.0,0.0,0.0,0.0,0.0,0.0,0.0,0.0,0.0,0.0,0.0,0.0,0.0,0.0,0.0,0.0,0.0,0.0,0.0,0.0,0.0,0.0,0.0,0.0,0.0,0.0,0.0,0.0,0.0
ENCFF224AJP,0.14266664030938309,31801,888,2069,10595,111,19904,5821,80,205,210,439,1305,973,2716,3554,5148,1798,446,6610,4026,143,702,110,94,97,694,862,1401,7128,3231,221,150,377,720,738,24,1277,30,32,5549,9017,66,653,17,323,631,3213,4214,103,224,248,383,438,308,6037,189,304,408,321,660,715,136,2335,412,1184,233,41,24575,34857,6645,452,196,621,5243,327,508,141,224,311,57,267,545,3038,130,102,1297,22,215,133,27,1351,272,92,954,405,3460,124939,9035,52,23860,32243,1333,27529,525,163,4961,1537,1705,38,2565,6350,6302,189,2642,27175,905,9623,34,188,648,6598,92,7954,449,4912,2325,929,2565,364,119,30410,4235,575,8740,3026,14581,24348,150,2509,4932,459,2604,13196,556,298,35,106,43,66,2223,348,533,7035,4630,554,2990,9023,866,457,450,2079,1679,2093,3628,3257,5747,62,109,62,291,27,620,122,1342,156969,13,6,190,645,458,13060,5893,35295,1102,17217,23125,9377,10481,7944,13753,200,21663,24386,9385,7800,18376,15576,5105,465,170,791,46,127,265,186,53,67,45,2775,192,11589,5231,2574,625,284246,27469,2343,21996,5388,1110,425,27883,14723,26123,693,42132,141,41390,36,331,579,113,53,388,360,1801,2033,41,163,283,131,261,104,1231,624,406,205,2755,2030,1347,2926,313,65,166,236,81,81,61,558,269,3445,530,77,1105,1117,1027,3133,7746,441,1126,3045,588,369,318,166,300,104,266,7138,134,234,4102,116,801,99,2496,249,414,127,278,396,106,395,782,830,230,281,236,1786,660,184,209,231,1528,22,25,100,152,499,117,13462,281,8811,22,358,78,4978,738,6714,5171,4772,47,2276,121,166,2495,3470,29428,563,1813,1297,824,15,1518,226,410,732,10963,6534,1334,1346,40,195,161,22,34,181,1490,2296,323,2556,140,148,727,12840,151,731,98864,616,4738,340,2831,1175,1428,119,388,3271,186,434,491,120,135,170,5010,564,364,476,355,450,602,20178,70,6076,1662,90,23279,6140,43,238,4235,955,36,3415,263,1468,300,1628,419,6403,606,461,232,464,121,483,289,1277,800,31,757,42,1332,305,11,165,402,680,328,890,7929,224,2042,1808,208,302,921,346,34607,76,13713,817,10879,1325,294,2343,26,26875,4754,8619,36450,1217,5305,116,582,91,296,496,491,187,569,5723,406,17,334,251,60,66,3657,3706,12,229,202,20891,27336,17198,5136,28673,3309,255,38427,67059,7542,26452,48540,62299,158,136,184,164,70,230,1294,270,430,601,4635,0.0,0.0,0.0,0.0,0.0,0.0,0.0,0.0,0.0,0.0,0.0,0.0,0.0,0.0,0.0,0.0,0.0,0.0,0.0,0.0,0.0,0.0,0.0,0.0,0.0,0.0,0.0,0.0,0.0,0.0,0.0,0.0,0.0,0.0,0.0,0.0,0.0,0.0,0.0,0.0,0.0,0.0,0.0,0.0,0.0,0.0,0.0,0.0,0.0,0.0,0.0,0.0,0.0,0.0,0.0,0.0,0.0,0.0,0.0,0.0,0.0,0.0,0.0,0.0,0.0,0.0,0.0,0.0,0.0,0.0,0.0,0.0,0.0,0.0,0.0,0.0,0.0,0.0,0.0,0.0,0.0,0.0,0.0,0.0,0.0,0.0,0.0,0.0,0.0,0.0,0.0,0.0,0.0,0.0,0.0,0.0,0.0,0.0,0.0,0.0,0.0,0.0,0.0,0.0,0.0,0.0,0.0,0.0,0.0,0.0,0.0,0.0,0.0,0.0,0.0,0.0,0.0,0.0,0.0,0.0,0.0,0.0,0.0,0.0,0.0,0.0,0.0,0.0,0.0,0.0,0.0,0.0,0.0,0.0,0.0,0.0,0.0,0.0,0.0,0.0,0.0,0.0,0.0,0.0,0.0,0.0,0.0,0.0,0.0,0.0
ENCFF811MSY,0.24567078430715578,397870,7592,26457,195082,3703,403303,60860,1626,3690,2932,10226,25803,26521,50112,81728,140652,28150,6075,68717,51688,2464,9629,958,1022,1382,6117,10549,17534,109084,41457,3509,2043,4804,8695,8056,241,16296,394,878,74961,127916,387,7326,121,3653,6018,41454,105773,1427,3678,2517,5554,6834,6348,85582,2358,5118,4105,3739,8852,15885,1777,48275,4380,6754,2766,3234,349075,438929,97851,4830,2623,8923,74933,3506,5850,2164,3160,3829,757,3750,5861,42685,1842,1856,16917,179,3315,2057,222,18355,2927,962,11939,5322,82736,1708148,124364,546,329353,435550,16437,370867,6871,2286,67849,19418,20685,214,33541,82925,87001,1775,34901,363359,17762,174789,2708,11987,11716,88299,5637,186957,5663,63500,32211,10883,35611,4041,1509,417540,80396,6425,115520,51088,181882,340238,1626,31324,39448,5468,33945,245624,7850,4059,431,1607,472,606,29010,4690,12853,89503,62278,7842,40475,184325,14539,5348,5479,29540,23405,28339,47126,41791,78140,953,1965,882,3874,253,7306,2077,19895,29146,128,4,2478,7838,5239,176894,82671,466936,15823,249544,324869,114148,188379,98337,182698,3072,281621,316535,117162,105154,237368,207719,69830,6441,1826,9036,596,1633,3329,2615,813,803,660,37227,2209,203407,68743,65772,6062,3513140,326086,33319,292828,104492,16276,6786,370283,166954,350545,24773,554742,2096,573439,909,3316,11968,6240,1116,4594,3088,22612,24609,331,2367,3471,2011,3584,1769,14066,7626,4087,2726,36466,25955,17478,36292,4483,852,2570,2729,1367,1413,1147,6923,3957,40088,5256,1518,14867,14789,10969,61269,187160,5585,14400,39011,7910,3715,3108,2327,3731,1606,2603,98146,2183,3667,58055,1419,11208,1858,33506,3712,4310,1645,3316,3728,1737,3109,10987,10416,2934,3432,3056,26182,9928,2950,2824,2998,17623,235,205,1649,2338,6969,771,180221,2538,117192,189,6288,610,70248,10436,89454,64850,60472,417,27857,910,2087,24579,47906,472412,8400,24403,16514,11025,250,14306,3410,3792,10767,116387,71375,42100,18459,452,2045,1356,176,439,2448,15163,26445,3367,31609,2152,2218,11521,263517,2246,10039,1360011,6446,65453,4113,28796,14664,15560,1481,4231,44104,2870,5338,5663,1600,2066,2368,60766,6397,4309,5681,2805,5407,6790,272663,822,84289,25236,871,310674,81635,636,4223,56181,11602,654,47880,3199,17567,4193,20502,4986,86212,13820,6940,3345,5695,1905,5474,3608,16520,7309,380,10234,427,15554,3352,168,2308,5431,8620,5774,8001,149132,10545,40360,28119,5775,4416,10895,3249,468873,814,169858,11205,157095,16753,2762,31407,941,298988,56742,94401,431914,18804,85119,1010,4992,1770,4179,6495,5750,2565,7682,63720,5243,391,3842,3594,414,573,54255,54853,222,2519,2412,291582,343692,218031,58311,386790,44456,3143,602886,869289,90444,355113,622884,829388,2694,2117,2886,2649,1095,3130,17685,3191,5841,6768,58114,0.0,0.0,0.0,0.0,0.0,0.0,0.0,0.0,0.0,0.0,0.0,0.0,0.0,0.0,0.0,0.0,0.0,0.0,0.0,0.0,0.0,0.0,0.0,0.0,0.0,0.0,0.0,0.0,0.0,0.0,0.0,0.0,0.0,0.0,0.0,0.0,0.0,0.0,0.0,0.0,0.0,0.0,0.0,0.0,0.0,0.0,0.0,0.0,0.0,0.0,0.0,0.0,0.0,0.0,0.0,0.0,0.0,0.0,0.0,0.0,0.0,0.0,0.0,0.0,0.0,0.0,0.0,0.0,0.0,0.0,0.0,0.0,0.0,0.0,0.0,0.0,0.0,0.0,0.0,0.0,0.0,0.0,0.0,0.0,0.0,0.0,0.0,0.0,0.0,0.0,0.0,0.0,0.0,0.0,0.0,0.0,0.0,0.0,0.0,0.0,0.0,0.0,0.0,0.0,0.0,0.0,0.0,0.0,0.0,0.0,0.0,0.0,0.0,0.0,0.0,0.0,0.0,0.0,0.0,0.0,0.0,0.0,0.0,0.0,0.0,0.0,0.0,0.0,0.0,0.0,0.0,0.0,0.0,0.0,0.0,0.0,0.0,0.0,0.0,0.0,0.0,0.0,0.0,0.0,0.0,0.0,0.0,0.0,0.0,0.0
ENCFF345RFV,0.13818934305674888,67810,92,3017,38364,567,117370,17361,508,682,412,1040,5699,2921,5267,13986,25956,2445,1389,7227,6458,144,1000,95,275,242,2137,2633,4658,20033,5050,233,62,660,3297,3390,41,3808,91,10,9467,12725,193,611,125,36,1008,9159,20873,240,1493,2273,2195,251,397,7298,220,593,327,1808,1923,3281,296,8095,204,459,682,372,37854,59172,7119,2000,1220,3027,7833,82,2372,998,1138,1498,376,1901,2440,3414,733,1177,5811,66,1351,1230,41,1695,762,118,2791,857,6871,182096,10506,321,29986,45293,4680,39124,2612,1226,5634,2415,2987,74,4853,9058,11204,823,6309,56369,1789,49678,239,1029,1152,8105,534,81574,1920,7005,2930,745,2799,197,98,43342,6728,1443,17216,7491,17159,35292,85,6136,7277,1935,4305,34205,726,376,94,175,88,19,2529,727,1133,12118,5003,479,4560,35166,1955,423,2404,4381,3362,3246,4887,5821,7924,128,278,85,1646,99,2063,869,1257,2107,13,13,734,531,2257,14307,7138,46596,3506,24150,36531,13348,24110,17765,30154,308,29817,37967,11031,11544,30922,22040,5158,1347,215,430,39,1264,1915,227,127,43,52,4671,368,36069,8910,9162,647,189962,37202,4532,24859,14935,2019,783,36327,16878,43633,2573,52923,97,51917,108,362,1327,178,553,1567,385,5864,3409,70,1135,1068,1045,1747,843,4384,2072,280,312,7154,5157,2332,3962,2730,543,1481,1307,782,490,359,324,1588,5385,1052,585,1749,4348,2935,8343,31983,2260,3926,4581,1912,1394,1188,1090,1504,817,68,11360,913,2561,7273,489,2526,864,5508,2897,1822,1673,1573,271,701,679,4033,2986,1577,1213,1231,3314,2776,1755,1010,1846,4368,31,38,636,1320,880,413,16978,598,11667,51,269,95,7014,830,9589,8406,8837,147,3511,381,163,1845,3790,78648,580,2721,3791,1467,40,3550,149,1445,2232,24895,8745,8208,2083,870,1033,453,29,310,1002,1118,2585,1433,5094,993,682,1840,70212,307,2820,136561,662,7786,1674,10306,3247,3068,495,402,4691,1312,2081,1935,541,419,160,28157,2924,1734,1865,594,1789,2047,32279,256,18601,1709,157,36888,10234,21,648,7112,1539,327,9539,1240,1433,350,6205,1684,31892,1904,640,1216,1917,1018,1250,1515,1845,1061,251,1651,112,2958,417,321,253,214,741,298,946,27072,1017,7665,3894,605,1052,1661,511,41996,161,14685,1804,12614,3221,89,3493,19,44753,7799,12659,55913,1583,18515,180,596,637,1737,908,1895,1286,1721,6036,1529,24,198,1717,55,148,4099,3952,36,168,138,33629,36178,28657,7783,36416,5852,1339,64209,93345,12866,35754,73120,89684,301,103,1087,1015,486,1443,1190,768,337,1061,7901,0.0,0.0,0.0,0.0,0.0,0.0,0.0,0.0,0.0,0.0,0.0,0.0,0.0,0.0,0.0,0.0,0.0,0.0,0.0,0.0,0.0,0.0,0.0,0.0,0.0,0.0,0.0,0.0,0.0,0.0,0.0,0.0,0.0,0.0,0.0,0.0,0.0,0.0,0.0,0.0,0.0,0.0,0.0,0.0,0.0,0.0,0.0,0.0,0.0,0.0,0.0,0.0,0.0,0.0,0.0,0.0,0.0,0.0,0.0,0.0,0.0,0.0,0.0,0.0,0.0,0.0,0.0,0.0,0.0,0.0,0.0,0.0,0.0,0.0,0.0,0.0,0.0,0.0,0.0,0.0,0.0,0.0,0.0,0.0,0.0,0.0,0.0,0.0,0.0,0.0,0.0,0.0,0.0,0.0,0.0,0.0,0.0,0.0,0.0,0.0,0.0,0.0,0.0,0.0,0.0,0.0,0.0,0.0,0.0,0.0,0.0,0.0,0.0,0.0,0.0,0.0,0.0,0.0,0.0,0.0,0.0,0.0,0.0,0.0,0.0,0.0,0.0,0.0,0.0,0.0,0.0,0.0,0.0,0.0,0.0,0.0,0.0,0.0,0.0,0.0,0.0,0.0,0.0,0.0,0.0,0.0,0.0,0.0,0.0,0.0
ENCFF877SXD,0.11764991425923829,49501,88,3512,21843,272,49699,15166,301,268,406,737,3585,1389,3342,15392,8812,2900,1143,5249,7260,331,1166,103,69,74,1555,921,4236,14460,6262,404,139,657,2008,1975,35,2991,16,7,12523,18642,54,1187,62,25,1007,8351,16780,108,693,1223,1418,860,588,16119,210,572,574,203,1270,1609,73,3391,671,106,288,21,39226,72101,13881,1182,702,1797,10359,598,1438,548,767,892,233,1096,1532,5986,474,640,4450,13,870,618,23,1719,447,30,1958,980,3890,245867,17311,258,45592,68838,3280,58961,2003,643,10124,3247,3537,32,6184,15705,15814,187,6456,58222,1111,22959,90,472,949,12039,204,28395,1294,9609,4358,1217,4882,792,174,65039,5975,839,19349,4292,40040,56810,101,5633,1866,1439,5828,16867,291,310,78,155,23,43,4083,597,577,14136,7243,868,4525,23915,2672,743,1371,1534,1627,4577,10607,9463,12104,98,145,72,1076,35,1720,649,3374,1176,30,21,518,1262,1145,26153,11446,75307,3016,31892,45454,18550,31343,19224,35982,361,46151,54013,22481,15513,38833,28878,7572,1412,146,548,738,609,1020,252,78,27,34,6547,109,30663,11029,3839,1050,195829,43040,4762,36412,8188,1655,845,46099,19568,43634,1091,69177,142,70552,64,600,951,52,299,999,940,5467,4479,160,674,923,611,930,521,3058,1798,1057,388,7415,4722,2657,5590,1416,374,798,819,374,340,258,1081,1236,6172,963,400,2203,3169,2344,10126,32822,806,3092,6935,1616,990,761,616,1023,509,611,13344,524,1119,8576,372,2844,428,5993,1241,1079,693,962,928,489,702,2944,2366,774,973,838,3999,1994,999,761,1094,4984,28,40,405,644,1289,231,26979,95,16392,23,633,250,10342,1474,13140,9265,9268,11,4026,92,273,947,7556,44952,1249,3695,3747,1648,61,3245,246,385,1770,20425,6257,3462,2720,50,518,83,7,15,654,1983,3495,910,5232,538,544,1400,29131,391,2378,192894,503,10259,1049,6625,1523,2744,310,359,5451,776,1165,1293,464,423,480,5392,1555,1074,1322,837,1356,1479,38375,58,16924,2686,38,48175,10558,132,549,10399,1384,21,9230,816,3301,350,4362,1100,10077,2158,667,750,1325,542,1263,888,2208,533,11,1242,26,2630,547,141,302,481,239,156,669,18937,637,6925,3543,591,807,1534,176,63316,117,22726,1613,19320,2523,291,4462,14,45762,9006,14261,63362,3452,13035,238,121,381,984,388,1240,723,1715,6018,1117,29,341,1141,47,37,6450,7304,43,266,284,40718,51837,38127,8775,53863,6551,648,86019,128342,15647,50515,98648,120108,259,192,751,666,227,936,1967,624,580,1045,9201,0.0,0.0,0.0,0.0,0.0,0.0,0.0,0.0,0.0,0.0,0.0,0.0,0.0,0.0,0.0,0.0,0.0,0.0,0.0,0.0,0.0,0.0,0.0,0.0,0.0,0.0,0.0,0.0,0.0,0.0,0.0,0.0,0.0,0.0,0.0,0.0,0.0,0.0,0.0,0.0,0.0,0.0,0.0,0.0,0.0,0.0,0.0,0.0,0.0,0.0,0.0,0.0,0.0,0.0,0.0,0.0,0.0,0.0,0.0,0.0,0.0,0.0,0.0,0.0,0.0,0.0,0.0,0.0,0.0,0.0,0.0,0.0,0.0,0.0,0.0,0.0,0.0,0.0,0.0,0.0,0.0,0.0,0.0,0.0,0.0,0.0,0.0,0.0,0.0,0.0,0.0,0.0,0.0,0.0,0.0,0.0,0.0,0.0,0.0,0.0,0.0,0.0,0.0,0.0,0.0,0.0,0.0,0.0,0.0,0.0,0.0,0.0,0.0,0.0,0.0,0.0,0.0,0.0,0.0,0.0,0.0,0.0,0.0,0.0,0.0,0.0,0.0,0.0,0.0,0.0,0.0,0.0,0.0,0.0,0.0,0.0,0.0,0.0,0.0,0.0,0.0,0.0,0.0,0.0,0.0,0.0,0.0,0.0,0.0,0.0
ENCFF000VCL,0.07142029904631338,2607,9,299,2521,49,5247,555,31,41,23,38,189,323,624,1149,2005,306,36,358,381,14,68,12,7,2,83,38,257,1836,296,25,7,45,121,98,3,148,0,0,508,1012,0,69,7,2,75,420,1560,4,67,60,76,43,29,751,14,20,34,18,71,81,45,797,17,26,9,0,3844,4091,716,88,42,70,591,21,102,45,53,73,14,61,75,344,35,36,253,0,49,30,2,131,29,5,115,96,1088,14475,941,13,2642,3522,168,3135,125,41,480,145,147,0,249,684,609,6,366,2888,212,2039,43,177,147,779,71,2413,110,530,219,68,307,34,9,3219,1033,16,1366,611,1317,2688,7,316,206,66,313,3072,42,14,8,10,4,1,197,34,38,779,445,67,308,2546,267,32,59,67,71,232,400,361,526,1,11,3,70,2,105,38,167,253,2,0,38,98,68,1420,645,4071,192,2302,2788,1134,2128,1078,2043,21,2315,2683,1067,725,1833,1655,483,60,4,45,5,32,59,26,4,6,0,285,24,2639,930,881,16,14760,2816,287,2351,1666,114,55,3463,1369,4215,321,3975,14,4332,9,30,64,11,17,56,15,229,158,3,42,56,39,56,34,177,92,17,16,308,277,139,276,69,27,32,40,29,24,20,48,70,390,88,21,172,191,142,870,2216,21,159,364,107,56,48,35,46,32,21,557,19,45,485,15,114,32,320,67,83,43,71,25,29,35,151,155,53,64,59,235,115,43,55,50,247,1,2,30,38,84,17,1355,6,833,0,40,18,560,80,546,519,459,2,197,2,15,105,358,4977,65,145,172,96,2,177,13,17,65,978,420,173,127,4,25,12,0,2,44,50,192,49,267,39,37,146,3794,26,147,10827,26,502,68,340,62,182,15,12,314,70,63,60,27,20,20,177,85,55,71,21,80,85,2230,4,843,230,1,2563,662,3,28,505,39,0,500,41,165,30,225,68,1402,281,54,49,66,31,88,41,134,45,2,94,1,141,8,3,12,33,23,54,64,2386,166,671,396,102,49,75,21,3537,8,1427,117,1249,131,14,263,0,2434,464,768,3613,248,1178,13,12,20,62,28,77,46,87,656,60,5,22,77,5,3,435,406,1,10,21,2321,3275,2296,561,3100,424,46,6194,7705,1029,3370,5969,7027,25,20,48,49,10,54,140,31,36,31,538,0.0,0.0,0.0,0.0,0.0,0.0,0.0,0.0,0.0,0.0,0.0,0.0,0.0,0.0,0.0,0.0,0.0,0.0,0.0,0.0,0.0,0.0,0.0,0.0,0.0,0.0,0.0,0.0,0.0,0.0,0.0,0.0,0.0,0.0,0.0,0.0,0.0,0.0,0.0,0.0,0.0,0.0,0.0,0.0,0.0,0.0,0.0,0.0,0.0,0.0,0.0,0.0,0.0,0.0,0.0,0.0,0.0,0.0,0.0,0.0,0.0,0.0,0.0,0.0,0.0,0.0,0.0,0.0,0.0,0.0,0.0,0.0,0.0,0.0,0.0,0.0,0.0,0.0,0.0,0.0,0.0,0.0,0.0,0.0,0.0,0.0,0.0,0.0,0.0,0.0,0.0,0.0,0.0,0.0,0.0,0.0,0.0,0.0,0.0,0.0,0.0,0.0,0.0,0.0,0.0,0.0,0.0,0.0,0.0,0.0,0.0,0.0,0.0,0.0,0.0,0.0,0.0,0.0,0.0,0.0,0.0,0.0,0.0,0.0,0.0,0.0,0.0,0.0,0.0,0.0,0.0,0.0,0.0,0.0,0.0,0.0,0.0,0.0,0.0,0.0,0.0,0.0,0.0,0.0,0.0,0.0,0.0,0.0,0.0,0.0
ENCFF491HHW,0.12630657000995765,39181,63,3098,20854,275,53587,10044,283,327,416,752,2962,1670,3858,14394,12289,3075,1142,5096,6387,249,1185,87,60,49,1297,232,3226,12592,6113,413,130,647,1805,1641,22,2787,6,4,11949,18341,43,1087,44,29,992,7317,15676,22,645,913,1146,763,657,21230,179,614,492,145,1305,1446,112,5267,1088,93,69,80,38962,64407,14237,950,566,1569,11567,543,1202,496,582,749,180,875,1353,5935,363,521,3549,12,727,479,19,1664,395,23,1696,885,5437,231947,16003,129,42834,62753,2775,54642,1395,526,9408,2727,2688,23,5266,13780,14136,158,5688,51542,1243,26405,132,626,979,11647,287,35027,1164,8560,3651,1289,4541,690,127,86788,6632,158,20341,4594,49880,53772,34,4658,2475,1113,4985,17807,253,203,85,114,19,44,3738,591,579,12708,7027,846,4019,22883,2482,747,1091,1625,1757,3814,5732,5348,13365,59,125,50,906,31,1408,465,3794,2547,9,17,408,1100,1008,24405,10776,68707,2646,30797,41508,16310,29551,16238,30779,386,44064,51075,21171,14436,36360,27025,7741,1233,47,521,295,537,822,225,79,22,29,5656,142,31096,10383,5262,384,220082,41104,4495,36727,10304,1882,682,44977,18906,42905,1455,73153,114,73355,61,502,961,78,294,884,889,4755,4297,345,595,715,482,784,424,2553,1492,1094,326,6574,4163,2582,5790,1154,282,591,607,316,261,189,1016,997,5429,810,322,2050,2992,2005,8277,42218,257,2501,6753,1496,784,633,513,835,430,696,14011,435,896,8573,288,2434,350,5575,999,871,541,742,1060,423,606,2294,1896,641,783,664,3827,1706,747,648,863,4103,11,16,308,566,1313,184,26084,61,15766,20,634,308,9675,1470,12478,7905,8444,10,3807,101,266,791,7968,50180,1237,3501,3039,1585,8,2705,264,561,1705,18145,5940,3516,2581,50,1055,95,10,14,543,1736,3231,657,4214,434,474,1326,30458,261,1928,180800,384,9601,828,5640,696,2310,277,88,4367,666,930,1091,366,367,502,2006,1311,809,1126,596,1088,1247,34594,53,14731,2724,17,46713,10423,120,501,7552,1468,21,8029,679,5925,325,3777,934,8942,2086,526,600,1062,465,1048,688,2042,345,18,1183,15,2041,684,161,314,377,256,216,588,17839,684,6485,3329,599,736,1310,158,59351,73,21518,1317,18748,2339,227,4381,23,40653,7089,11987,54763,3589,12655,158,90,315,806,373,998,634,1548,4552,943,18,250,957,45,35,6601,7303,24,112,289,39482,47738,33068,7817,50286,6059,408,82072,121477,14235,47269,91966,110799,302,197,546,543,209,726,2303,535,659,951,7956,0.0,0.0,0.0,0.0,0.0,0.0,0.0,0.0,0.0,0.0,0.0,0.0,0.0,0.0,0.0,0.0,0.0,0.0,0.0,0.0,0.0,0.0,0.0,0.0,0.0,0.0,0.0,0.0,0.0,0.0,0.0,0.0,0.0,0.0,0.0,0.0,0.0,0.0,0.0,0.0,0.0,0.0,0.0,0.0,0.0,0.0,0.0,0.0,0.0,0.0,0.0,0.0,0.0,0.0,0.0,0.0,0.0,0.0,0.0,0.0,0.0,0.0,0.0,0.0,0.0,0.0,0.0,0.0,0.0,0.0,0.0,0.0,0.0,0.0,0.0,0.0,0.0,0.0,0.0,0.0,0.0,0.0,0.0,0.0,0.0,0.0,0.0,0.0,0.0,0.0,0.0,0.0,0.0,0.0,0.0,0.0,0.0,0.0,0.0,0.0,0.0,0.0,0.0,0.0,0.0,0.0,0.0,0.0,0.0,0.0,0.0,0.0,0.0,0.0,0.0,0.0,0.0,0.0,0.0,0.0,0.0,0.0,0.0,0.0,0.0,0.0,0.0,0.0,0.0,0.0,0.0,0.0,0.0,0.0,0.0,0.0,0.0,0.0,0.0,0.0,0.0,0.0,0.0,0.0,0.0,0.0,0.0,0.0,0.0,0.0
ENCFF000PVK,0.12467794736050528,19614,87,1839,9415,193,32795,3099,136,247,178,412,1360,929,1849,4993,7470,1337,364,1834,3180,153,532,52,84,15,357,261,1614,9592,2174,187,106,281,839,648,17,922,13,8,4095,7390,10,347,365,30,240,2878,6459,29,321,422,610,315,298,6616,89,222,173,43,430,739,136,3056,172,122,77,45,19251,25956,6075,457,293,618,20577,183,535,263,355,376,96,488,502,2637,196,232,1734,4,386,234,13,861,54,13,800,440,4833,98283,6692,35,18529,25703,1172,23126,1209,281,3617,1043,935,6,1993,5827,5035,38,2403,25697,721,12180,150,559,666,5222,236,13329,509,3521,1755,416,1790,499,67,45297,3344,179,5694,2014,99101,19922,47,2024,675,489,2081,11663,162,183,46,92,31,10,1456,190,369,5873,3267,453,2063,10039,1204,387,500,526,566,1605,2611,2222,5228,21,96,16,448,6,749,274,1101,16478,10,1,279,431,398,10840,4775,28701,1226,13982,17589,7226,11486,8209,17012,139,19070,21462,9721,6205,14421,11195,2863,424,46,262,32,205,388,102,32,60,11,2343,78,10197,4885,2239,77,95901,17668,2013,15165,5755,716,744,19905,7798,21688,1083,27504,87,29244,40,193,510,73,127,381,106,1974,1465,27,298,423,268,371,194,1059,627,456,107,2555,1703,1219,2171,520,134,330,305,163,162,121,489,476,2245,496,177,1097,1131,943,3532,5434,224,1170,2829,688,365,278,263,431,228,342,4927,247,401,3714,182,936,211,2363,507,405,265,442,313,228,234,1125,1041,347,411,327,2631,788,350,311,446,1816,19,24,203,295,313,150,9881,27,6436,22,350,271,4121,686,4732,3550,3529,10,1427,47,208,278,2631,19056,414,1193,1402,683,13,1070,106,130,447,6834,2426,1525,939,20,178,56,6,17,327,267,1564,210,2236,221,246,589,12131,187,1004,79935,232,4077,412,2309,438,1266,147,81,2338,387,441,517,206,196,165,1526,558,428,486,172,483,566,14757,47,5683,1402,1,19468,4344,12,193,3488,475,17,3653,364,855,196,1420,460,4829,1001,356,369,494,202,529,390,1388,207,5,843,10,932,119,13,104,242,157,171,233,8382,516,3260,1804,375,249,485,71,28233,39,9410,751,8397,816,141,1725,15,14533,3207,4731,23221,631,5293,119,50,157,391,218,441,339,669,1855,454,10,131,442,5,2,2959,2906,2,56,536,15828,23624,15492,3537,23066,2637,204,34670,54932,6576,24518,40311,49528,128,109,351,273,110,391,881,164,369,316,3702,0.0,0.0,0.0,0.0,0.0,0.0,0.0,0.0,0.0,0.0,0.0,0.0,0.0,0.0,0.0,0.0,0.0,0.0,0.0,0.0,0.0,0.0,0.0,0.0,0.0,0.0,0.0,0.0,0.0,0.0,0.0,0.0,0.0,0.0,0.0,0.0,0.0,0.0,0.0,0.0,0.0,0.0,0.0,0.0,0.0,0.0,0.0,0.0,0.0,0.0,0.0,0.0,0.0,0.0,0.0,0.0,0.0,0.0,0.0,0.0,0.0,0.0,0.0,0.0,0.0,0.0,0.0,0.0,0.0,0.0,0.0,0.0,0.0,0.0,0.0,0.0,0.0,0.0,0.0,0.0,0.0,0.0,0.0,0.0,0.0,0.0,0.0,0.0,0.0,0.0,0.0,0.0,0.0,0.0,0.0,0.0,0.0,0.0,0.0,0.0,0.0,0.0,0.0,0.0,0.0,0.0,0.0,0.0,0.0,0.0,0.0,0.0,0.0,0.0,0.0,0.0,0.0,0.0,0.0,0.0,0.0,0.0,0.0,0.0,0.0,0.0,0.0,0.0,0.0,0.0,0.0,0.0,0.0,0.0,0.0,0.0,0.0,0.0,0.0,0.0,0.0,0.0,0.0,0.0,0.0,0.0,0.0,0.0,0.0,0.0
ENCFF000WTR,0.07135494112446249,2267,22,189,1670,30,4135,426,24,35,6,85,238,284,520,1048,1509,211,40,221,282,16,37,5,7,5,50,110,162,1000,187,18,11,20,93,92,5,110,4,11,526,578,2,37,2,2,80,289,1029,11,52,37,61,26,26,435,10,12,19,10,41,108,12,550,24,45,31,11,2196,2218,387,59,41,52,351,10,85,24,34,38,9,46,73,201,36,31,162,1,30,27,2,80,7,3,68,74,589,8268,521,5,1473,2076,133,1855,111,21,244,87,112,3,119,335,366,8,266,1691,154,1235,30,104,91,485,50,1564,65,321,146,37,173,16,7,1580,820,86,1075,515,589,1372,17,315,157,69,182,1981,30,16,6,1,2,2,113,8,88,507,228,28,219,1664,192,15,66,51,83,135,217,199,297,7,4,3,48,0,85,36,165,388,2,0,25,47,58,708,369,2200,111,1527,1678,737,1283,654,1331,13,1398,1677,573,451,1253,956,351,44,24,35,6,28,50,12,2,0,1,191,23,1637,568,724,10,12344,1790,169,1392,1135,52,34,1941,849,2623,256,2261,7,2250,1,20,123,91,14,46,15,174,117,1,38,47,36,34,24,156,79,8,18,189,148,81,135,63,18,32,45,21,19,20,20,64,232,62,18,102,143,101,633,944,47,136,176,63,42,29,18,39,21,8,436,18,42,299,17,82,26,193,46,56,24,41,15,24,21,100,108,42,44,44,130,83,39,36,39,160,0,1,16,31,30,15,733,2,524,1,24,1,367,52,324,405,367,0,118,8,18,87,209,3245,36,113,109,47,7,125,12,8,41,714,352,367,81,5,12,9,1,3,27,45,145,46,180,35,19,68,2547,25,96,6115,29,294,51,246,119,117,13,40,215,48,62,55,22,17,10,383,81,48,60,27,76,53,1340,6,493,118,2,1523,357,2,13,372,37,8,339,39,53,8,157,48,878,154,46,45,55,16,66,48,61,37,2,61,2,122,5,2,16,26,21,40,22,1312,108,426,287,58,33,44,10,1904,12,792,101,664,68,16,151,4,1656,332,572,2311,78,793,11,24,14,34,33,69,40,62,291,53,2,22,60,0,3,210,222,0,15,13,1271,1930,1389,340,1796,245,35,3389,4438,644,1873,3310,4071,15,10,38,37,7,39,80,11,32,25,330,0.0,0.0,0.0,0.0,0.0,0.0,0.0,0.0,0.0,0.0,0.0,0.0,0.0,0.0,0.0,0.0,0.0,0.0,0.0,0.0,0.0,0.0,0.0,0.0,0.0,0.0,0.0,0.0,0.0,0.0,0.0,0.0,0.0,0.0,0.0,0.0,0.0,0.0,0.0,0.0,0.0,0.0,0.0,0.0,0.0,0.0,0.0,0.0,0.0,0.0,0.0,0.0,0.0,0.0,0.0,0.0,0.0,0.0,0.0,0.0,0.0,0.0,0.0,0.0,0.0,0.0,0.0,0.0,0.0,0.0,0.0,0.0,0.0,0.0,0.0,0.0,0.0,0.0,0.0,0.0,0.0,0.0,0.0,0.0,0.0,0.0,0.0,0.0,0.0,0.0,0.0,0.0,0.0,0.0,0.0,0.0,0.0,0.0,0.0,0.0,0.0,0.0,0.0,0.0,0.0,0.0,0.0,0.0,0.0,0.0,0.0,0.0,0.0,0.0,0.0,0.0,0.0,0.0,0.0,0.0,0.0,0.0,0.0,0.0,0.0,0.0,0.0,0.0,0.0,0.0,0.0,0.0,0.0,0.0,0.0,0.0,0.0,0.0,0.0,0.0,0.0,0.0,0.0,0.0,0.0,0.0,0.0,0.0,0.0,0.0
ENCFF986WDC,0.1237947762111911,88159,118,3670,45781,570,131105,15248,727,735,385,1146,7897,3467,5338,20857,25535,2884,2306,5746,7660,201,1237,101,218,246,2021,3944,5869,24483,6004,224,62,798,4096,4035,26,4541,85,13,10888,15087,300,725,176,28,1100,10827,27672,277,1547,2691,2838,254,518,8811,147,665,519,653,2244,5430,264,7972,190,409,1077,988,40565,63458,8260,2382,1420,3673,9545,114,2812,1371,1417,1782,457,2383,2789,3808,915,1425,7094,79,1795,1514,51,2045,913,119,3080,943,7795,209708,12381,216,35238,55586,5385,47206,3021,1444,6563,2661,3361,108,5673,10889,13497,895,7753,50838,1628,52317,216,1009,1286,9189,506,83868,2381,8115,3567,736,3199,305,184,48530,6219,1899,19539,7361,19526,43334,149,7365,4653,2371,4794,48051,796,436,84,234,116,42,3166,849,2023,14562,6034,656,5311,42756,2539,688,2946,4974,3595,3976,6786,9779,9500,91,238,78,2045,136,2511,1094,3495,1058,10,35,783,648,2671,16912,8953,57575,4389,25965,44996,15724,31283,20122,36441,381,35682,45345,14424,13752,35985,25434,5963,1706,307,320,50,1401,2425,247,90,68,120,6200,324,38343,9858,8180,573,178277,39635,5636,30335,14653,2038,977,40159,16871,46710,2515,61576,168,61842,204,317,2220,201,685,1967,412,7529,3213,102,1439,1397,1344,2103,1143,5136,2444,253,364,8751,5844,3096,4799,3379,642,1984,1687,1029,671,515,568,2115,5880,1133,746,2188,5294,3496,9963,52404,3749,4837,5072,2345,1764,1385,1313,1846,1004,111,13376,1281,3336,8398,748,3046,1192,6257,3458,2240,1896,1808,340,919,685,5097,3889,1982,1654,1605,4013,3459,2173,1270,2139,4899,63,61,845,1749,1402,573,19848,640,13939,56,287,129,8109,967,11173,9498,10200,147,3822,555,133,1899,4462,84580,823,2818,4480,1679,66,3892,150,1448,2586,27428,7813,14990,2503,292,433,394,30,335,1254,1440,3878,1683,7647,1334,965,1864,71560,339,3539,169923,767,9137,1959,11314,5129,3461,630,322,6034,1622,2372,2547,651,527,164,38929,3258,2165,2260,756,2173,2407,37527,357,22281,2042,163,45329,11664,35,689,8679,1583,362,11878,1500,1747,505,7147,2097,38326,1876,927,1644,2289,1436,1517,1987,2184,1076,113,2021,163,3878,403,356,223,339,788,244,909,31109,1125,9241,4565,754,1341,1555,524,55103,270,16328,2078,15021,3066,75,3521,32,50579,9309,14425,59362,2306,23226,194,583,932,2170,1188,2223,1604,1977,6696,1872,19,264,2023,41,124,4793,4762,44,232,199,39540,43107,33763,9020,42662,6998,741,76772,108715,14936,42056,85955,105871,234,82,1395,1280,665,1787,1508,1110,425,1050,9810,0.0,0.0,0.0,0.0,0.0,0.0,0.0,0.0,0.0,0.0,0.0,0.0,0.0,0.0,0.0,0.0,0.0,0.0,0.0,0.0,0.0,0.0,0.0,0.0,0.0,0.0,0.0,0.0,0.0,0.0,0.0,0.0,0.0,0.0,0.0,0.0,0.0,0.0,0.0,0.0,0.0,0.0,0.0,0.0,0.0,0.0,0.0,0.0,0.0,0.0,0.0,0.0,0.0,0.0,0.0,0.0,0.0,0.0,0.0,0.0,0.0,0.0,0.0,0.0,0.0,0.0,0.0,0.0,0.0,0.0,0.0,0.0,0.0,0.0,0.0,0.0,0.0,0.0,0.0,0.0,0.0,0.0,0.0,0.0,0.0,0.0,0.0,0.0,0.0,0.0,0.0,0.0,0.0,0.0,0.0,0.0,0.0,0.0,0.0,0.0,0.0,0.0,0.0,0.0,0.0,0.0,0.0,0.0,0.0,0.0,0.0,0.0,0.0,0.0,0.0,0.0,0.0,0.0,0.0,0.0,0.0,0.0,0.0,0.0,0.0,0.0,0.0,0.0,0.0,0.0,0.0,0.0,0.0,0.0,0.0,0.0,0.0,0.0,0.0,0.0,0.0,0.0,0.0,0.0,0.0,0.0,0.0,0.0,0.0,0.0
ENCFF000BXG,0.07888026216485665,17991,46,995,8996,187,23459,2168,67,83,79,575,999,755,1427,4062,5430,756,119,1560,3092,88,222,48,6,3,488,49,667,3718,1298,87,40,114,465,448,4,515,4,17,3977,3395,13,238,4,2,218,1316,3727,3,129,174,244,144,136,3765,39,101,122,33,194,531,36,1623,61,119,22,65,10202,14719,3135,191,147,252,2481,76,276,89,136,167,33,167,357,1204,83,105,707,4,151,87,8,425,28,4,487,219,2754,50881,3757,63,11407,12557,517,12145,821,104,1814,484,378,1,843,3183,3467,12,4070,10336,617,7062,130,608,620,2717,275,7645,349,5021,1350,220,1011,137,46,9791,2685,30,2459,1491,9490,8833,6,1153,535,241,1293,7052,61,64,34,26,8,10,572,87,340,6294,1428,208,1048,9006,662,120,204,170,194,662,1287,1218,3927,12,43,5,176,6,333,113,875,1734,3,2,82,175,206,6106,2012,16375,528,7352,9111,3672,5763,3445,6976,43,7820,8670,7072,2892,10305,5386,1543,216,10,188,41,86,142,70,29,4,7,3172,71,6359,3500,1403,32,54903,13247,872,8015,3372,274,1160,10338,4859,14334,1291,13771,52,15043,47,128,780,263,49,192,151,870,810,6,137,136,122,151,75,630,440,815,66,1093,926,511,2090,223,54,136,110,67,69,54,325,226,1318,288,74,669,636,466,1887,5078,85,616,1892,286,135,112,86,144,98,170,2389,79,135,1647,63,408,80,1137,212,153,95,150,440,109,118,512,445,150,166,106,1055,314,137,152,169,749,8,16,61,113,183,103,5255,22,3709,9,199,32,1725,229,2697,3674,4052,2,683,31,68,175,1284,17371,181,738,791,297,8,589,49,63,169,5234,2104,1283,355,19,74,45,4,19,110,234,806,153,1160,101,114,361,11323,72,401,39304,83,2373,178,1085,127,812,58,30,975,144,225,320,90,75,51,409,327,136,296,114,242,321,7121,23,2545,687,4,14287,1965,6,58,1853,288,32,1492,119,1147,97,873,196,2469,592,162,178,272,96,177,142,614,107,3,326,8,1049,26,14,62,107,165,143,141,6670,582,1664,1330,371,127,364,44,13366,26,4073,403,5228,340,86,916,23,8811,2340,3821,13265,752,2237,52,27,76,164,63,199,110,471,1204,197,19,49,202,5,3,1266,1304,3,15,284,6982,10144,8354,1809,10185,1255,73,16105,24396,4246,10929,19675,24024,63,59,125,111,58,150,563,110,170,210,4093,0.0,0.0,0.0,0.0,0.0,0.0,0.0,0.0,0.0,0.0,0.0,0.0,0.0,0.0,0.0,0.0,0.0,0.0,0.0,0.0,0.0,0.0,0.0,0.0,0.0,0.0,0.0,0.0,0.0,0.0,0.0,0.0,0.0,0.0,0.0,0.0,0.0,0.0,0.0,0.0,0.0,0.0,0.0,0.0,0.0,0.0,0.0,0.0,0.0,0.0,0.0,0.0,0.0,0.0,0.0,0.0,0.0,0.0,0.0,0.0,0.0,0.0,0.0,0.0,0.0,0.0,0.0,0.0,0.0,0.0,0.0,0.0,0.0,0.0,0.0,0.0,0.0,0.0,0.0,0.0,0.0,0.0,0.0,0.0,0.0,0.0,0.0,0.0,0.0,0.0,0.0,0.0,0.0,0.0,0.0,0.0,0.0,0.0,0.0,0.0,0.0,0.0,0.0,0.0,0.0,0.0,0.0,0.0,0.0,0.0,0.0,0.0,0.0,0.0,0.0,0.0,0.0,0.0,0.0,0.0,0.0,0.0,0.0,0.0,0.0,0.0,0.0,0.0,0.0,0.0,0.0,0.0,0.0,0.0,0.0,0.0,0.0,0.0,0.0,0.0,0.0,0.0,0.0,0.0,0.0,0.0,0.0,0.0,0.0,0.0
ENCFF000WZC,0.155715828073083,683977,489,17396,147003,2724,280452,23437,1225,1704,1400,1943,14268,12687,20119,73847,86102,10231,2291,16253,22900,591,2539,331,160,193,3164,52174,14410,80166,12954,885,2251,1677,8290,7955,1011,8186,113,71,27583,40083,424,2466,145,140,2416,24367,87696,6156,2350,4848,6465,1631,982,21937,591,1239,1331,585,2573,6099,1318,26137,902,727,15348,242,147467,178788,24945,4852,3215,12683,16989,1204,5536,2414,3477,4060,1023,4628,5282,13421,2096,2492,16347,82,4190,2404,88,4479,676,118,6153,4741,32022,601838,33130,424,94788,146101,10630,125403,5245,2979,19021,6245,7132,175,11822,29929,31155,2204,18542,110838,8361,131637,2056,7924,7392,32470,3386,183778,5836,22000,10855,2547,9340,1511,543,104282,29627,26079,65199,19225,38820,103050,10232,19499,7752,5214,17359,173958,1965,7663,364,440,177,132,8256,1313,1999,41770,16427,2830,14706,149634,13383,1894,5286,7780,6528,11496,17710,16449,18020,183,439,172,4581,120,7904,2751,3581,2404,1103,63,5150,2713,4565,55105,26063,172362,9156,101423,123884,53693,114734,53495,116152,1004,104959,127737,40557,34092,87019,68176,19826,3465,9168,1965,209,2369,4240,598,282,176,196,15350,857,107211,42358,25838,621,580061,124890,17451,89780,58180,3901,2088,134525,61355,181933,15030,152512,697,151371,206,1258,2813,476,1489,4375,902,16068,8130,167,3103,4333,2749,4140,2055,10760,6469,802,733,19050,11631,8068,9564,5676,1513,3005,3415,1778,1674,1260,1675,5194,18465,4983,1807,6888,10144,9422,37041,85529,32925,10504,10626,5679,3704,2849,2941,4498,2336,508,25669,2209,3966,19067,1725,6350,1883,16390,5078,4640,2748,4028,648,2253,3237,10856,10863,3555,4323,3222,9046,6660,3547,3650,4428,17094,109,151,1869,2795,1694,1364,48903,427,33156,92,1734,212,24074,2636,24395,24298,26513,91,9878,497,626,4126,13253,226474,4779,9715,8540,4008,2593,11817,700,1747,2423,57932,20707,12955,4843,187,803,494,87,202,3183,3473,9153,2580,16101,2387,2300,7109,191294,4244,9124,472213,2288,22009,4580,23319,52418,10556,1312,22033,66063,3662,4660,4824,1680,1820,1747,284494,5410,4371,4968,2149,5198,5841,94370,376,42429,8302,268,95587,24178,124,1038,22565,2589,217,27169,3641,4452,1094,13299,4905,118242,12150,8815,3589,5205,2040,5235,4018,4917,3077,71,4558,174,6885,325,156,645,6940,1030,2075,2347,143057,7719,38311,20454,5208,1734,2928,753,132789,5391,54111,13549,42980,5155,1375,10499,86,106388,20162,36801,158223,8209,44915,1790,1330,1726,7312,1974,4914,3430,6397,25267,4672,117,5733,4776,91,103,13991,14095,112,9632,672,91262,149409,114169,27708,130418,14920,1688,251785,335212,48951,153951,241531,296488,916,579,3330,3254,981,3837,4399,1950,1610,2823,26882,0.0,0.0,0.0,0.0,0.0,0.0,0.0,0.0,0.0,0.0,0.0,0.0,0.0,0.0,0.0,0.0,0.0,0.0,0.0,0.0,0.0,0.0,0.0,0.0,0.0,0.0,0.0,0.0,0.0,0.0,0.0,0.0,0.0,0.0,0.0,0.0,0.0,0.0,0.0,0.0,0.0,0.0,0.0,0.0,0.0,0.0,0.0,0.0,0.0,0.0,0.0,0.0,0.0,0.0,0.0,0.0,0.0,0.0,0.0,0.0,0.0,0.0,0.0,0.0,0.0,0.0,0.0,0.0,0.0,0.0,0.0,0.0,0.0,0.0,0.0,0.0,0.0,0.0,0.0,0.0,0.0,0.0,0.0,0.0,0.0,0.0,0.0,0.0,0.0,0.0,0.0,0.0,0.0,0.0,0.0,0.0,0.0,0.0,0.0,0.0,0.0,0.0,0.0,0.0,0.0,0.0,0.0,0.0,0.0,0.0,0.0,0.0,0.0,0.0,0.0,0.0,0.0,0.0,0.0,0.0,0.0,0.0,0.0,0.0,0.0,0.0,0.0,0.0,0.0,0.0,0.0,0.0,0.0,0.0,0.0,0.0,0.0,0.0,0.0,0.0,0.0,0.0,0.0,0.0,0.0,0.0,0.0,0.0,0.0,0.0
ENCFF000PUS,0.1257588443321639,54632,94,2078,20370,184,42232,6329,225,211,213,529,3496,1295,3307,8281,11201,1747,452,3597,4301,163,579,46,86,56,710,2900,4305,17591,4012,193,107,466,2738,3324,39,1736,24,13,7559,9887,137,604,28,60,509,5109,9456,327,611,908,2218,352,892,6355,129,233,305,158,658,2984,184,5849,112,300,818,64,31557,42997,6078,1591,933,1276,4869,270,2179,1164,911,1190,801,1393,1563,3503,351,2512,5710,24,989,534,7,848,166,16,1743,1795,7103,130081,7313,100,19271,35199,3048,30358,1462,1051,4317,1316,1330,11,2525,5680,5695,88,3927,29433,1136,16848,88,449,944,6200,218,18606,1598,4909,2671,429,2041,366,48,22418,4607,3527,10244,3654,14815,25630,301,4907,2157,1716,3683,42098,582,461,61,90,30,29,2036,321,517,8463,3315,431,3311,21759,2148,367,1642,1547,1334,2667,3143,2729,5457,53,73,42,1499,30,2383,882,1099,772,44,1,1836,1006,1363,11396,5981,42974,2698,20484,22787,12764,18785,13475,28852,202,25325,30335,12244,7741,24415,13866,4567,638,613,586,47,420,1224,132,27,23,58,3267,116,24663,10742,3941,285,148270,29018,2825,19768,12634,856,486,31586,14169,41852,1316,33731,66,32767,36,308,644,56,225,1252,770,4654,2512,38,1128,2289,1176,1307,303,3127,2814,901,174,5369,2970,2210,2548,2240,237,1368,1413,1006,259,211,433,1568,4331,842,358,2408,2667,3084,9040,11681,1864,4393,3446,1656,1312,1032,1126,1361,908,243,7581,381,1640,6651,291,1887,329,2915,1967,1540,1034,1375,278,662,1962,3137,2653,1302,1321,1006,2779,1956,2303,1193,1565,5507,28,15,902,1125,431,244,12561,308,8345,21,251,148,6073,892,6022,6437,9070,13,3750,62,141,1145,4725,45668,658,1843,2154,1202,145,2568,194,336,901,13554,4990,3135,1247,44,117,80,4,31,945,1116,2044,475,3699,2461,424,1108,29163,359,1992,93806,1172,5896,1537,8288,3622,3210,241,1130,4757,1170,1464,1380,263,267,250,17460,1567,1475,1598,381,1683,1886,20528,39,9814,1528,87,23753,7229,65,219,6475,641,36,8185,1196,1726,178,3631,2798,11026,1734,720,623,2566,392,899,1217,1084,476,21,710,14,3574,76,41,145,397,564,165,557,11722,490,7811,2798,418,403,744,160,31901,172,13960,2112,8624,1290,731,3621,20,23606,4299,8455,36388,1351,11065,275,198,270,1788,372,1444,1155,1886,9326,1503,16,387,1432,19,29,3016,3296,21,497,105,20349,34055,27673,5734,30601,3426,269,45020,80579,11268,35567,57611,64409,184,112,1108,1337,149,1497,1257,335,1186,593,5264,0.0,0.0,0.0,0.0,0.0,0.0,0.0,0.0,0.0,0.0,0.0,0.0,0.0,0.0,0.0,0.0,0.0,0.0,0.0,0.0,0.0,0.0,0.0,0.0,0.0,0.0,0.0,0.0,0.0,0.0,0.0,0.0,0.0,0.0,0.0,0.0,0.0,0.0,0.0,0.0,0.0,0.0,0.0,0.0,0.0,0.0,0.0,0.0,0.0,0.0,0.0,0.0,0.0,0.0,0.0,0.0,0.0,0.0,0.0,0.0,0.0,0.0,0.0,0.0,0.0,0.0,0.0,0.0,0.0,0.0,0.0,0.0,0.0,0.0,0.0,0.0,0.0,0.0,0.0,0.0,0.0,0.0,0.0,0.0,0.0,0.0,0.0,0.0,0.0,0.0,0.0,0.0,0.0,0.0,0.0,0.0,0.0,0.0,0.0,0.0,0.0,0.0,0.0,0.0,0.0,0.0,0.0,0.0,0.0,0.0,0.0,0.0,0.0,0.0,0.0,0.0,0.0,0.0,0.0,0.0,0.0,0.0,0.0,0.0,0.0,0.0,0.0,0.0,0.0,0.0,0.0,0.0,0.0,0.0,0.0,0.0,0.0,0.0,0.0,0.0,0.0,0.0,0.0,0.0,0.0,0.0,0.0,0.0,0.0,0.0
ENCFF157AFM,0.3899581954040065,46388302,613934,9286,1287,12,39260,9613,240,933,808,7499,2126,747,463,95,31,2219,1203,2695,6977,292,1313,1430,973,28,1012,1619617,2633,404,4517,609,4717,1102,1987,1386,99,1920,19,0,16870,12658,1250,4156,152,133580,392,5109,39,264206,736,1012,1136,288,2135,333284,20,328,73,7,1444,1027,0,9,14,4,287394,1,40324,247122,37946,943,730,24534,10217,122,1018,541,699,865,198,985,924,3131,404,583,2980,73,616,797,58,3142,1,0,1584,288,28,266206,14233,248,115981,58155,1960,52438,1339,533,6314,2005,2164,0,130639,55435,19169,1290,7793,169593,190,7634,1,1,249,7296,0,234,663,12956,4742,1205,2974,333,9,37710,1211,591337,159,1655,16022,98152,137563,17163,827,932,78117,1954,1259,215152,1,166,157,23,2083,483,151,13434,4957,361,2616,1626,342,4107,1177,14309,8831,2313,2692,3191,54607,123,63,121,702,0,976,432,2981,4018,0,0,1180,344,1157,31799,7238,285868,2235,18038,26907,11324,9922,18599,32137,132,44746,49303,18128,19383,52018,119134,6076,1790,6048,104,6,537,954,124,6,134,2,6664,4,11275,6709,19,10,54992500,34204,73272,28725,1167,2367,1508,26685,19829,23355,192,68260,10,56695,159,144,1700,1,324,1078,630,3666,3030,58,637,491,496,789,498,2396,1016,9279,112,5637,3305,2247,10462,1392,284,770,585,356,280,166,1020,820,4155,942,316,1134,2259,1367,2050,594,2793200,2319,38961,1145,529,452,649,713,351,569,20646,616,1617,6312,261,1878,459,3880,1217,871,674,717,1844,422,665,2170,1375,699,696,576,3909,4855,833,455,862,2608,80,141,308,737,640,2,78121,43,44510,163,187,19,5495,709,30647,19893,6909,2,3140,58,96,181,4820,32250,87820,5659,21532,1476,499,1693,33,152,2087,19023,3091,1926,2008,154,1154,35,0,1,536,1,2264,479,2817,536,290,488,495,57702,1605,135996,56189,7514,706,5789,1774478,1946,826,304563,626413,574,1206,1051,286,187,196,16566356,1227,984,1008,662,855,1008,24207,25,13218,3232,5,94857,24284,0,560,4350,3878,0,5910,649,621,227,4116,871,667,130,408961,581,902,495,649,902,5044,0,73,5118,33,2086,1318,117,61,176328,862,16,70,2319,6,2656,828,68,571,1622,152,102736,124084,20882,5877,12837,1373,29,5552,0,53969,6519,9873,113996,511,973,187,0,350,956,182097,788,718,901,288,842,0,4035,776,0,0,7199,3833,1,160445,4393,36486,50259,37929,4816,34507,7629,253,42594,196565,11323,38647,167427,88708,53,126,511,433,272,672,876,398,1055,713,9543,0.0,0.0,0.0,0.0,0.0,0.0,0.0,0.0,0.0,0.0,0.0,0.0,0.0,0.0,0.0,0.0,0.0,0.0,0.0,0.0,0.0,0.0,0.0,0.0,0.0,0.0,0.0,0.0,0.0,0.0,0.0,0.0,0.0,0.0,0.0,0.0,0.0,0.0,0.0,0.0,0.0,0.0,0.0,0.0,0.0,0.0,0.0,0.0,0.0,0.0,0.0,0.0,0.0,0.0,0.0,0.0,0.0,0.0,0.0,0.0,0.0,0.0,0.0,0.0,0.0,0.0,0.0,0.0,0.0,0.0,0.0,0.0,0.0,0.0,0.0,0.0,0.0,0.0,0.0,0.0,0.0,0.0,0.0,0.0,0.0,0.0,0.0,0.0,0.0,0.0,0.0,0.0,0.0,0.0,0.0,0.0,0.0,0.0,0.0,0.0,0.0,0.0,0.0,0.0,0.0,0.0,0.0,0.0,0.0,0.0,0.0,0.0,0.0,0.0,0.0,0.0,0.0,0.0,0.0,0.0,0.0,0.0,0.0,0.0,0.0,0.0,0.0,0.0,0.0,0.0,0.0,0.0,0.0,0.0,0.0,0.0,0.0,0.0,0.0,0.0,0.0,0.0,0.0,0.0,0.0,0.0,0.0,0.0,0.0,0.0
ENCFF026UVD,0.10466174991492254,108823,1339,3649,23727,271,33889,5401,236,293,269,673,2936,1954,5261,9417,9777,2227,388,4419,4667,172,563,89,69,65,894,7081,2647,15263,3066,235,547,534,1595,1330,244,1567,29,95,7650,8942,104,781,44,481,470,4866,17605,1177,436,839,1094,337,478,6526,139,278,356,151,521,1505,421,7448,321,671,1865,183,37530,39988,6416,869,548,2467,5067,257,991,362,537,768,173,839,872,3051,362,392,2987,23,687,344,13,1077,211,19,1202,1066,14201,140338,8748,140,23599,33593,1978,29167,1236,481,4266,1474,1491,15,2654,7099,6759,240,4325,27086,1416,15883,178,831,1256,7253,353,18280,1172,5002,2426,744,2236,388,72,25507,6543,4669,14210,5176,13537,21807,1286,3883,2309,967,4171,28640,566,1149,76,120,35,42,1632,230,830,8416,3673,541,3768,23335,2582,324,908,986,924,2461,3452,2958,6015,72,194,39,804,17,1484,469,1968,1579,193,29,768,650,755,12899,5652,37729,1885,21631,23884,12016,20783,11782,23247,151,23864,28347,9461,7336,21085,15765,6518,755,1631,649,185,425,695,149,58,54,93,3688,211,27030,9668,4980,423,265120,31582,3841,22493,14994,1002,603,33819,16605,45176,1803,36149,161,34426,58,338,902,347,213,732,222,3154,1944,50,504,772,428,676,329,2010,1133,558,197,3670,2504,1677,2732,902,245,475,594,223,249,224,547,833,4885,994,278,1539,2017,1896,10410,33348,4502,1792,3156,1052,668,533,438,720,416,239,7260,353,676,4270,272,1211,278,3463,849,757,411,737,569,331,745,1958,2017,584,801,568,1884,1201,587,592,709,3393,23,38,293,439,443,274,11838,138,8005,23,427,151,5222,639,6362,5845,6232,8,2059,61,152,1634,3274,49339,779,2169,2059,936,411,2406,168,194,657,13578,5516,3336,1011,66,207,113,3,31,571,1320,2313,461,3284,378,401,1113,31726,626,1627,102932,544,4563,739,4328,7714,2189,247,3318,10796,578,749,785,292,362,285,38570,899,687,871,417,900,1043,20179,68,8704,1863,32,22076,5886,26,214,5202,793,26,5468,664,1931,221,2492,909,18017,2503,1178,762,759,337,910,630,1156,702,33,966,18,1565,214,70,119,979,457,351,697,15751,707,7451,3673,599,400,730,164,29975,727,12666,2546,10082,1082,336,2247,61,28932,5514,9634,42601,2920,11167,333,303,296,1076,1103,925,593,1383,6750,787,30,895,856,29,32,3323,3102,18,1526,177,19943,35309,26325,6809,29273,3770,809,51098,77164,11191,34174,56888,67885,181,136,603,504,170,649,1287,279,385,586,5335,0.0,0.0,0.0,0.0,0.0,0.0,0.0,0.0,0.0,0.0,0.0,0.0,0.0,0.0,0.0,0.0,0.0,0.0,0.0,0.0,0.0,0.0,0.0,0.0,0.0,0.0,0.0,0.0,0.0,0.0,0.0,0.0,0.0,0.0,0.0,0.0,0.0,0.0,0.0,0.0,0.0,0.0,0.0,0.0,0.0,0.0,0.0,0.0,0.0,0.0,0.0,0.0,0.0,0.0,0.0,0.0,0.0,0.0,0.0,0.0,0.0,0.0,0.0,0.0,0.0,0.0,0.0,0.0,0.0,0.0,0.0,0.0,0.0,0.0,0.0,0.0,0.0,0.0,0.0,0.0,0.0,0.0,0.0,0.0,0.0,0.0,0.0,0.0,0.0,0.0,0.0,0.0,0.0,0.0,0.0,0.0,0.0,0.0,0.0,0.0,0.0,0.0,0.0,0.0,0.0,0.0,0.0,0.0,0.0,0.0,0.0,0.0,0.0,0.0,0.0,0.0,0.0,0.0,0.0,0.0,0.0,0.0,0.0,0.0,0.0,0.0,0.0,0.0,0.0,0.0,0.0,0.0,0.0,0.0,0.0,0.0,0.0,0.0,0.0,0.0,0.0,0.0,0.0,0.0,0.0,0.0,0.0,0.0,0.0,0.0
ENCFF026IQT,0.10679789272116925,42948,449,4715,48235,1083,150485,9123,334,1257,540,822,4158,10375,20891,25314,62226,7011,539,9342,7487,209,1027,184,106,93,1761,533,4647,28713,5327,385,209,630,2735,2335,113,2750,59,36,10295,15646,98,907,45,169,1266,8597,27784,90,753,1290,1951,697,536,8755,257,492,558,231,1155,2184,576,17674,1062,819,95,109,65168,60625,9572,1595,987,1516,7364,467,1819,833,1081,1251,308,1445,1785,4914,588,809,4581,12,1219,716,44,1864,332,109,1674,1742,19087,225369,13506,142,37343,53587,3739,46612,1725,812,7303,2301,2408,21,3725,9488,9937,423,6008,43310,4825,44085,782,3213,3112,12049,1227,61783,1995,8034,3733,1100,3834,569,498,39721,30027,391,36376,17209,14447,37267,103,6039,6459,1792,4892,62873,643,304,359,169,33,92,3241,364,872,13822,6419,1093,6019,48381,4651,571,1708,1822,1725,4142,5774,4896,7416,162,182,53,1482,13,2417,839,1123,554,48,20,710,1019,1496,19634,9160,58073,3124,46408,44159,20163,35611,17917,37183,516,36403,43047,14314,12084,31073,25157,7912,1200,117,1135,108,675,1224,264,90,89,86,5053,734,49763,15379,30463,348,303286,49974,4357,40539,38826,1485,736,56698,27369,80052,7644,58845,360,56493,103,426,1040,237,404,1429,441,5060,3390,14,912,1291,810,1312,576,3678,2128,284,444,6624,4028,2873,3790,1603,424,828,965,514,529,359,689,1435,7347,1790,533,2368,3560,3213,14982,32300,446,3348,4183,1920,1112,1021,901,1349,716,349,10190,727,1165,7035,437,2257,586,5546,1525,1446,791,1246,205,636,699,3129,3126,1069,1254,924,3321,2053,1134,1186,1301,5550,10,24,525,833,556,482,19688,207,13633,11,661,48,8724,1146,9456,9071,9967,45,4017,237,322,3253,5228,118933,854,2688,2972,1496,19,4116,259,381,979,22240,10498,4349,1852,36,126,154,30,88,975,2004,3187,907,4836,688,705,2153,75900,507,3032,161886,888,8086,1391,8062,787,3653,396,317,4849,1146,1506,1600,505,557,333,3065,1747,1433,1690,781,1723,2015,34487,133,13958,3177,88,35339,9385,22,459,9269,987,53,8755,1115,2023,400,4398,1658,32001,4787,763,1094,1658,574,1503,1201,1733,1363,10,1368,13,2281,95,50,330,568,439,1371,1132,41545,2882,12867,7410,1784,741,1360,447,48835,96,21411,2174,17135,2020,497,3964,28,48608,8101,14667,63664,3121,28731,257,546,498,1141,705,1692,1025,1933,8563,1542,53,329,1523,84,11,5632,5563,47,145,341,32770,52485,39406,9481,46132,5357,1468,89004,119146,17098,53681,87112,104526,556,248,1002,927,304,1165,1765,386,603,1035,8899,0.0,0.0,0.0,0.0,0.0,0.0,0.0,0.0,0.0,0.0,0.0,0.0,0.0,0.0,0.0,0.0,0.0,0.0,0.0,0.0,0.0,0.0,0.0,0.0,0.0,0.0,0.0,0.0,0.0,0.0,0.0,0.0,0.0,0.0,0.0,0.0,0.0,0.0,0.0,0.0,0.0,0.0,0.0,0.0,0.0,0.0,0.0,0.0,0.0,0.0,0.0,0.0,0.0,0.0,0.0,0.0,0.0,0.0,0.0,0.0,0.0,0.0,0.0,0.0,0.0,0.0,0.0,0.0,0.0,0.0,0.0,0.0,0.0,0.0,0.0,0.0,0.0,0.0,0.0,0.0,0.0,0.0,0.0,0.0,0.0,0.0,0.0,0.0,0.0,0.0,0.0,0.0,0.0,0.0,0.0,0.0,0.0,0.0,0.0,0.0,0.0,0.0,0.0,0.0,0.0,0.0,0.0,0.0,0.0,0.0,0.0,0.0,0.0,0.0,0.0,0.0,0.0,0.0,0.0,0.0,0.0,0.0,0.0,0.0,0.0,0.0,0.0,0.0,0.0,0.0,0.0,0.0,0.0,0.0,0.0,0.0,0.0,0.0,0.0,0.0,0.0,0.0,0.0,0.0,0.0,0.0,0.0,0.0,0.0,0.0
ENCFF570JXV,0.16466222651472728,57157,393,5791,76062,1165,119476,8785,532,783,422,763,5506,7129,16922,40461,43332,5795,692,8764,9239,205,942,148,116,157,2045,1297,6198,55470,5556,318,223,773,3296,3307,87,3268,28,9,12700,15915,84,1131,149,126,1004,9954,50270,213,893,2123,2687,677,378,8066,254,507,597,199,1080,2421,779,24776,386,606,383,49,79559,71785,9246,2052,1406,2121,6060,404,2315,1008,1462,1723,436,2086,2186,5163,876,1066,6930,25,1755,857,45,1609,453,48,2430,2837,27998,262169,14080,203,37579,58496,4608,50303,2087,1250,7788,2671,3212,40,4070,10232,10000,343,7495,45001,4401,54080,924,3538,3554,13353,1411,81241,2633,9140,4482,1186,3879,445,202,38462,22253,761,46198,15099,14759,37306,220,8008,5267,2204,5864,159054,594,431,215,180,59,57,3152,532,675,16750,6700,945,6567,81627,7085,582,2125,987,859,4965,6847,5883,6544,152,134,27,1990,58,3504,1244,1436,171,47,7,1120,1153,1860,20153,9837,64883,3781,48031,51309,24364,56556,22593,47365,383,40889,49556,15462,12771,35243,27529,9417,1469,267,1516,99,1095,1765,224,137,41,176,5945,510,70582,21745,19047,905,298890,59187,5393,39442,45438,1640,817,62564,31952,102984,6855,55712,228,54246,82,641,1056,127,553,1713,383,6822,3063,65,1352,1784,1157,1746,819,4337,2569,276,393,8078,4922,3338,3421,2368,751,1242,1460,679,669,518,647,2338,8560,2405,698,2826,3914,3911,20147,49292,986,4133,4179,2388,1662,1233,1305,1846,1109,157,9914,896,1594,7552,669,2628,705,6889,2191,1928,1245,1785,299,880,950,4648,4644,1602,1822,1407,3488,2673,1408,1636,2018,7848,38,49,716,1212,649,612,20809,225,13350,30,745,95,10103,1038,9873,10690,12861,75,4492,222,272,3805,5365,116390,863,2746,3260,1713,130,5081,290,940,934,26703,10496,4882,1978,43,211,268,38,46,1331,2541,3183,1037,5141,982,840,4353,101517,575,4120,164266,1004,8354,1977,9665,1428,4530,501,571,6126,1647,1862,1857,666,721,396,6837,2178,1765,1984,863,2176,2351,38911,145,17432,3572,78,36435,12464,457,417,12708,933,138,11631,1654,2622,434,5589,2171,58412,6772,947,1358,2026,831,2232,1679,1699,1530,60,1434,61,3109,369,132,239,632,616,1062,1487,81064,3454,20469,9866,2484,945,1883,662,51512,220,22026,2942,16850,1964,632,4068,30,46005,8641,16319,67665,3355,52290,534,307,686,1622,841,2097,1464,2823,19898,1874,84,325,2196,108,71,5761,5454,18,422,284,34502,63461,50030,12137,51651,6077,539,111497,139277,22138,66698,100383,116401,494,265,1408,1355,366,1660,1689,572,651,1223,11135,0.0,0.0,0.0,0.0,0.0,0.0,0.0,0.0,0.0,0.0,0.0,0.0,0.0,0.0,0.0,0.0,0.0,0.0,0.0,0.0,0.0,0.0,0.0,0.0,0.0,0.0,0.0,0.0,0.0,0.0,0.0,0.0,0.0,0.0,0.0,0.0,0.0,0.0,0.0,0.0,0.0,0.0,0.0,0.0,0.0,0.0,0.0,0.0,0.0,0.0,0.0,0.0,0.0,0.0,0.0,0.0,0.0,0.0,0.0,0.0,0.0,0.0,0.0,0.0,0.0,0.0,0.0,0.0,0.0,0.0,0.0,0.0,0.0,0.0,0.0,0.0,0.0,0.0,0.0,0.0,0.0,0.0,0.0,0.0,0.0,0.0,0.0,0.0,0.0,0.0,0.0,0.0,0.0,0.0,0.0,0.0,0.0,0.0,0.0,0.0,0.0,0.0,0.0,0.0,0.0,0.0,0.0,0.0,0.0,0.0,0.0,0.0,0.0,0.0,0.0,0.0,0.0,0.0,0.0,0.0,0.0,0.0,0.0,0.0,0.0,0.0,0.0,0.0,0.0,0.0,0.0,0.0,0.0,0.0,0.0,0.0,0.0,0.0,0.0,0.0,0.0,0.0,0.0,0.0,0.0,0.0,0.0,0.0,0.0,0.0
ENCFF002EBY,0.14980159530218848,59547,228,4954,35055,797,101075,5483,414,453,348,732,4722,3891,9582,24532,28449,3410,479,5019,7070,179,715,73,38,47,1022,2231,4531,28721,4051,253,213,568,2467,2317,95,2285,11,37,9298,11565,59,634,88,53,560,7356,24386,267,705,1469,2134,413,309,7043,155,372,415,108,690,2108,741,14815,311,335,711,154,57022,57763,7110,1440,1038,1913,6286,350,1652,793,1132,1242,354,1508,1539,3972,752,821,5444,8,1267,771,9,1110,561,38,1340,1891,22123,190050,11030,115,29394,43191,3243,37667,1585,906,5059,1467,1663,15,2945,7678,7465,71,5601,33924,2760,41211,676,2428,2662,9642,1019,54033,1918,6256,3188,696,2604,407,124,31010,12719,1844,25364,8944,12198,28968,615,6037,2372,1578,4349,41869,208,439,132,97,51,37,2193,369,771,12606,4723,722,4834,39957,4806,423,1532,842,759,3588,4594,3947,5174,56,103,38,1448,27,2669,899,924,385,81,15,859,735,1354,15505,7501,46726,3103,32301,36369,17570,37039,17134,36853,256,30875,37657,10954,9904,25924,19385,6317,1225,492,770,133,767,1330,175,58,24,39,4557,297,54484,15442,9744,252,207368,43425,4801,30137,26946,1055,720,46858,21380,71560,4579,42581,175,42420,96,320,966,260,444,1298,189,5267,2299,20,1026,1372,957,1326,672,3185,1954,415,232,5858,3480,2517,2868,1790,491,1024,1036,552,525,402,537,1668,6504,1768,589,2298,3132,3003,14502,53217,1761,3104,3197,1852,1161,832,1006,1327,803,196,7677,663,1310,5673,520,1836,607,5311,1700,1363,881,1360,327,811,748,3604,3471,1186,1309,1148,2727,2120,1117,1141,1469,5866,33,33,610,988,458,414,14508,106,9755,20,519,50,6988,745,7270,6934,9020,36,2761,88,184,953,4231,81400,720,2087,2673,1278,176,3933,209,397,678,17724,7040,4780,1356,39,149,98,12,62,1018,1206,2853,658,5053,754,761,2074,47606,631,3174,138837,701,6215,1436,6962,2669,3263,438,1071,6261,1244,1325,1414,636,641,308,12761,1538,1265,1484,568,1499,1640,26722,57,12788,2519,18,28199,9440,12,291,6944,702,63,8789,1223,1403,268,4003,1563,19537,4812,922,1260,1519,700,1582,1222,1390,864,19,1282,63,2112,72,75,192,636,202,681,824,36217,2302,13556,7260,1574,607,763,151,35460,318,16302,2306,12686,1199,373,2853,45,30707,6042,10963,48174,3940,19522,339,193,561,1332,725,1453,1151,2170,8808,1431,35,307,1539,18,36,3922,3969,5,467,208,26797,54937,40586,9934,39236,4739,458,79371,111896,17314,54228,81093,91866,276,205,1145,1066,352,1247,1195,425,509,742,7865,0.0,0.0,0.0,0.0,0.0,0.0,0.0,0.0,0.0,0.0,0.0,0.0,0.0,0.0,0.0,0.0,0.0,0.0,0.0,0.0,0.0,0.0,0.0,0.0,0.0,0.0,0.0,0.0,0.0,0.0,0.0,0.0,0.0,0.0,0.0,0.0,0.0,0.0,0.0,0.0,0.0,0.0,0.0,0.0,0.0,0.0,0.0,0.0,0.0,0.0,0.0,0.0,0.0,0.0,0.0,0.0,0.0,0.0,0.0,0.0,0.0,0.0,0.0,0.0,0.0,0.0,0.0,0.0,0.0,0.0,0.0,0.0,0.0,0.0,0.0,0.0,0.0,0.0,0.0,0.0,0.0,0.0,0.0,0.0,0.0,0.0,0.0,0.0,0.0,0.0,0.0,0.0,0.0,0.0,0.0,0.0,0.0,0.0,0.0,0.0,0.0,0.0,0.0,0.0,0.0,0.0,0.0,0.0,0.0,0.0,0.0,0.0,0.0,0.0,0.0,0.0,0.0,0.0,0.0,0.0,0.0,0.0,0.0,0.0,0.0,0.0,0.0,0.0,0.0,0.0,0.0,0.0,0.0,0.0,0.0,0.0,0.0,0.0,0.0,0.0,0.0,0.0,0.0,0.0,0.0,0.0,0.0,0.0,0.0,0.0
ENCFF000XYY,0.032865734106181016,2027,13,271,1963,40,4531,301,24,24,11,28,240,229,645,1038,1300,253,27,281,353,9,46,5,3,1,54,46,218,3465,205,17,9,35,163,129,2,124,1,0,461,611,5,39,3,1,32,378,1705,3,56,82,97,24,14,318,10,19,18,4,40,80,16,1157,43,41,19,1,3816,3665,451,92,58,60,306,15,83,43,75,74,20,75,88,264,31,43,216,2,52,39,0,78,14,2,111,127,1469,10519,603,6,1666,2428,153,2159,159,34,285,96,88,2,136,400,384,2,297,2328,231,2728,47,222,182,540,88,3297,117,397,147,39,166,21,5,1651,857,45,1663,613,655,1679,16,265,138,97,235,3938,16,18,7,13,3,0,122,13,30,657,280,29,319,2260,306,17,82,68,55,175,306,251,319,4,15,1,70,9,170,52,356,852,0,1,40,71,57,1097,434,2788,196,1935,2279,1039,3273,1006,2107,15,1796,2091,680,575,1508,1237,414,54,2,59,4,39,57,17,7,2,1,281,33,4444,1036,727,11,11167,2676,268,1942,2048,59,40,2992,1236,4396,321,2590,19,2448,5,13,38,5,18,58,12,245,110,1,53,79,48,87,29,165,103,17,13,311,209,133,151,95,29,47,48,38,27,24,26,110,349,100,32,149,163,161,973,3472,29,146,205,122,58,41,40,63,50,5,441,34,53,298,21,103,31,248,92,85,46,84,13,34,32,182,200,69,80,53,140,104,59,66,87,243,0,2,26,42,36,8,815,7,498,1,36,1,413,43,371,422,473,5,154,9,13,101,244,5061,29,107,150,64,3,168,13,4,33,884,392,190,76,2,11,9,0,6,40,63,160,40,270,52,29,94,2943,33,151,7835,17,359,64,369,28,195,20,17,259,75,69,59,42,39,12,191,74,64,77,33,102,99,1591,10,709,148,0,1641,460,0,14,465,28,11,463,72,61,22,255,83,1533,295,24,76,83,41,91,48,67,54,6,67,1,108,5,4,6,22,8,44,69,1711,175,864,490,105,23,56,5,2063,6,827,121,696,66,11,139,1,1744,381,612,2569,342,1328,13,11,24,59,25,79,38,110,388,59,2,10,73,0,3,271,215,0,7,17,1427,2955,2163,561,2175,282,14,5656,6055,971,2868,4584,5060,24,9,48,67,16,63,86,18,37,23,455,0.0,0.0,0.0,0.0,0.0,0.0,0.0,0.0,0.0,0.0,0.0,0.0,0.0,0.0,0.0,0.0,0.0,0.0,0.0,0.0,0.0,0.0,0.0,0.0,0.0,0.0,0.0,0.0,0.0,0.0,0.0,0.0,0.0,0.0,0.0,0.0,0.0,0.0,0.0,0.0,0.0,0.0,0.0,0.0,0.0,0.0,0.0,0.0,0.0,0.0,0.0,0.0,0.0,0.0,0.0,0.0,0.0,0.0,0.0,0.0,0.0,0.0,0.0,0.0,0.0,0.0,0.0,0.0,0.0,0.0,0.0,0.0,0.0,0.0,0.0,0.0,0.0,0.0,0.0,0.0,0.0,0.0,0.0,0.0,0.0,0.0,0.0,0.0,0.0,0.0,0.0,0.0,0.0,0.0,0.0,0.0,0.0,0.0,0.0,0.0,0.0,0.0,0.0,0.0,0.0,0.0,0.0,0.0,0.0,0.0,0.0,0.0,0.0,0.0,0.0,0.0,0.0,0.0,0.0,0.0,0.0,0.0,0.0,0.0,0.0,0.0,0.0,0.0,0.0,0.0,0.0,0.0,0.0,0.0,0.0,0.0,0.0,0.0,0.0,0.0,0.0,0.0,0.0,0.0,0.0,0.0,0.0,0.0,0.0,0.0
ENCFF000ZKB,0.0974779134190765,68142,146,3083,27606,638,118312,4128,239,297,197,370,2370,2421,4645,12043,28477,1982,233,4001,4697,92,349,34,16,20,584,4138,2491,14032,2013,106,208,250,1438,1274,141,1188,13,8,5294,5972,26,366,21,40,429,4182,14861,375,366,880,1194,256,135,4315,74,218,204,63,365,1004,402,11154,190,208,1004,32,37853,31655,3537,843,580,1454,3036,164,984,386,620,669,207,830,897,2106,355,491,2741,6,812,413,14,644,134,16,847,1070,16280,113988,5956,435,16096,23803,1724,21172,871,493,2598,789,919,16,1588,4086,4224,21,3183,20313,1705,16261,299,1377,1616,5759,605,24701,1106,4943,3049,345,1333,296,61,19574,7027,2286,14341,5369,7063,14735,659,3367,2472,892,2712,35542,220,875,86,38,10,12,1177,146,407,7869,2437,426,2417,28567,2753,176,856,443,470,1956,2544,2376,2881,31,79,27,807,13,1522,516,490,782,59,20,699,682,738,8740,3825,32620,1718,19444,23706,11600,21457,9676,20213,146,19761,23119,9046,5162,15044,12837,3304,690,787,542,116,444,722,81,34,12,11,3033,149,26943,9088,6755,110,123877,25502,3065,16691,18933,548,425,26775,12745,44495,2885,22441,92,22701,37,168,588,57,248,691,175,3017,1343,116,564,778,531,713,333,1930,1086,133,173,3417,1831,1420,1417,1043,279,537,565,296,279,191,258,894,3829,971,276,1216,2011,1881,8773,54754,2051,1915,1868,883,640,572,576,761,508,81,4743,371,678,3485,285,1305,301,3043,994,814,519,754,242,382,451,1933,1877,656,739,607,1437,1192,764,633,737,3464,17,25,303,497,833,211,8169,41,5523,8,339,77,4223,387,3751,5257,4957,11,1569,55,69,820,2459,61725,519,1213,1578,642,283,2088,96,125,342,10571,4648,2204,606,9,146,57,11,21,574,621,1428,366,2478,448,419,1245,36138,450,1786,74717,415,3530,782,4104,4021,1938,230,1736,5226,685,794,814,285,329,204,19713,973,744,832,501,897,1034,16587,31,7143,1407,11,18018,4419,299,137,4209,319,17,5214,684,2923,158,2255,875,17047,2564,876,654,768,362,805,676,777,531,11,709,15,1335,309,22,96,571,141,382,515,19479,1445,7504,3996,960,324,318,74,18332,639,14418,1654,6424,581,218,1685,15,28393,3436,6466,27597,4523,13347,220,64,308,936,374,838,619,1399,4517,836,40,502,884,5,20,2114,2094,5,767,99,17928,30772,22121,5559,22092,2463,488,56378,66970,9672,30729,47216,54837,197,86,632,586,167,733,906,262,228,409,5294,0.0,0.0,0.0,0.0,0.0,0.0,0.0,0.0,0.0,0.0,0.0,0.0,0.0,0.0,0.0,0.0,0.0,0.0,0.0,0.0,0.0,0.0,0.0,0.0,0.0,0.0,0.0,0.0,0.0,0.0,0.0,0.0,0.0,0.0,0.0,0.0,0.0,0.0,0.0,0.0,0.0,0.0,0.0,0.0,0.0,0.0,0.0,0.0,0.0,0.0,0.0,0.0,0.0,0.0,0.0,0.0,0.0,0.0,0.0,0.0,0.0,0.0,0.0,0.0,0.0,0.0,0.0,0.0,0.0,0.0,0.0,0.0,0.0,0.0,0.0,0.0,0.0,0.0,0.0,0.0,0.0,0.0,0.0,0.0,0.0,0.0,0.0,0.0,0.0,0.0,0.0,0.0,0.0,0.0,0.0,0.0,0.0,0.0,0.0,0.0,0.0,0.0,0.0,0.0,0.0,0.0,0.0,0.0,0.0,0.0,0.0,0.0,0.0,0.0,0.0,0.0,0.0,0.0,0.0,0.0,0.0,0.0,0.0,0.0,0.0,0.0,0.0,0.0,0.0,0.0,0.0,0.0,0.0,0.0,0.0,0.0,0.0,0.0,0.0,0.0,0.0,0.0,0.0,0.0,0.0,0.0,0.0,0.0,0.0,0.0
ENCFF000CWF,0.11950172883851978,46647,144,4692,35543,665,107921,6370,268,551,371,667,3211,4614,8782,11932,33200,4232,661,5287,7600,251,1058,118,36,28,993,514,3512,19683,5021,349,209,625,1719,1474,47,2165,29,10,8765,15943,165,1022,28,29,666,6588,22240,76,622,982,1322,766,544,10775,224,484,482,97,963,1555,588,13014,411,552,186,41,55022,62138,12451,918,669,1307,7181,391,1105,476,695,808,229,929,1029,5634,474,514,3946,16,784,455,22,1699,213,14,1495,1241,12825,225655,14372,124,38264,55168,2814,47822,1154,553,7649,2201,2350,10,4369,10379,10184,62,5334,47041,2555,34080,569,2137,2340,11657,994,44018,1244,8734,4593,1152,4187,597,135,45701,13669,350,18118,8312,19332,40866,138,4802,2647,985,4947,38988,369,314,127,165,46,49,3150,386,657,13601,6694,983,4583,36549,3174,586,1061,744,693,3640,5193,4641,8138,109,195,29,926,30,1769,554,1626,1182,23,6,516,1089,911,22320,9748,70412,2652,37454,43067,17344,34917,16458,32086,379,40050,46153,22193,12961,29198,23874,5652,1017,122,735,69,494,818,216,94,26,12,5838,307,34135,12651,13311,127,213001,44546,4444,35755,24738,1497,764,49866,20429,62280,4694,58836,225,60616,76,596,1085,92,303,852,266,4285,3251,196,649,899,568,857,429,2201,1263,724,278,5665,3390,2604,4177,1189,316,649,638,376,350,269,933,1005,6480,1282,358,2393,2533,2174,10193,44426,520,2405,4744,1359,784,583,610,882,461,354,9283,455,793,7554,303,1899,405,5425,1011,884,524,847,986,423,648,2506,2346,744,930,730,3489,1717,751,697,926,4579,27,25,405,516,938,238,21370,49,13736,22,718,287,8609,1186,9465,9879,8308,14,3306,121,385,1288,5838,73293,907,2334,2975,1413,42,2930,228,222,970,17191,6415,3423,2107,8,207,148,8,43,628,900,3142,515,4777,486,435,1987,50648,368,2434,166781,481,7973,911,4915,790,2676,276,296,4818,771,903,947,345,382,356,3506,1127,852,919,425,974,1121,33580,69,12898,3233,23,37492,9526,72,378,8908,576,33,9139,781,4957,452,3116,1052,18935,3056,810,742,970,402,1176,850,1912,613,13,1380,14,2261,843,86,242,604,211,722,791,32305,2098,9209,5606,1314,528,1121,99,54502,104,21488,1793,18717,1858,373,4068,17,43836,7625,12722,61263,4339,16856,236,122,339,878,365,985,710,1680,5706,902,205,358,1097,14,18,5861,6021,13,205,309,31991,49760,35822,8744,47213,6097,401,81210,116220,15301,51339,88392,102420,364,288,705,642,221,780,2167,393,627,802,8693,0.0,0.0,0.0,0.0,0.0,0.0,0.0,0.0,0.0,0.0,0.0,0.0,0.0,0.0,0.0,0.0,0.0,0.0,0.0,0.0,0.0,0.0,0.0,0.0,0.0,0.0,0.0,0.0,0.0,0.0,0.0,0.0,0.0,0.0,0.0,0.0,0.0,0.0,0.0,0.0,0.0,0.0,0.0,0.0,0.0,0.0,0.0,0.0,0.0,0.0,0.0,0.0,0.0,0.0,0.0,0.0,0.0,0.0,0.0,0.0,0.0,0.0,0.0,0.0,0.0,0.0,0.0,0.0,0.0,0.0,0.0,0.0,0.0,0.0,0.0,0.0,0.0,0.0,0.0,0.0,0.0,0.0,0.0,0.0,0.0,0.0,0.0,0.0,0.0,0.0,0.0,0.0,0.0,0.0,0.0,0.0,0.0,0.0,0.0,0.0,0.0,0.0,0.0,0.0,0.0,0.0,0.0,0.0,0.0,0.0,0.0,0.0,0.0,0.0,0.0,0.0,0.0,0.0,0.0,0.0,0.0,0.0,0.0,0.0,0.0,0.0,0.0,0.0,0.0,0.0,0.0,0.0,0.0,0.0,0.0,0.0,0.0,0.0,0.0,0.0,0.0,0.0,0.0,0.0,0.0,0.0,0.0,0.0,0.0,0.0
ENCFF000MSU,0.04076374416147388,138352,538,2010,58,0,642,183,4,18,3,205,34,4,26,3,3,193,7,250,385,8,19,6,1,0,3,3394,35,14,127,24,339,173,57,12,157,27,2,0,621,449,0,21,0,301,43,88,28,494,6,6,10,16,38,10250,12,24,5,14,20,31,0,2,1,37,889,0,1466,15276,3977,8,7,2549,349,24,4,4,8,5,1,10,9,259,4,4,32,4,10,4,0,194,2,0,702,4,9,16736,591,0,16174,1896,26,3379,386,5,330,101,67,0,9305,7850,1038,36,375,8352,8,390,0,0,11,298,0,2,11,350,165,41,112,5,5,1378,1172,1432,23,35,344,6848,4471,507,5,4,297,42,6,2509,2,6,4,0,60,4,10,458,123,37,93,36,17,156,5,15,30,59,119,125,6515,10,1,0,4,0,13,7,337,2895,67,0,970,13,4,3746,592,4272,76,1305,2477,540,271,1035,3142,2,1355,1177,1235,451,3640,10885,421,8,887,6,0,2,4,5,4,0,0,301,0,300,406,1,10,36604,1544,313,1722,21,40,1149,951,450,1300,1,2362,3,2140,12,6,199,1,1,8,17,58,80,0,6,4,5,3,2,24,13,337,4,238,88,43,1290,7,3,8,3,6,1,3,87,10,134,32,1,304,35,15,43,7,3989,40,5530,10,2,4,3,4,5,58,433,8,4,249,6,33,6,142,7,5,4,9,0,3,161,29,29,8,6,7,213,26,8,8,12,32,9,2,4,4,18,1,2025,2,1817,1,21,0,144,21,1078,598,193,0,52,1,7,3,141,1846,202,334,485,43,25,35,2,2,19,1722,301,53,43,39,408,2,0,0,7,3,140,6,83,2,6,10,35,119,22,9673,65,1823,11,58,3998,37,5,1084,5727,5,5,4,3,5,56,19421,12,8,6,31,8,8,2130,4,236,214,0,13162,350,0,2,222,48,0,134,8,54,14,91,9,9,10,705,8,8,3,10,3,39,6,0,128,0,46,1,25,6,666,26,4,1,36,0,63,30,4,2,104,0,4554,246,504,594,750,30,8,125,0,3452,1615,284,4242,25,16,236,0,5,41,460,7,6,28,36,3,5,565,7,0,0,433,106,0,582,1,595,1399,1188,141,1022,554,4,1381,4148,740,1323,4562,3276,7,4,5,5,5,3,49,8,77,36,239,0.0,0.0,0.0,0.0,0.0,0.0,0.0,0.0,0.0,0.0,0.0,0.0,0.0,0.0,0.0,0.0,0.0,0.0,0.0,0.0,0.0,0.0,0.0,0.0,0.0,0.0,0.0,0.0,0.0,0.0,0.0,0.0,0.0,0.0,0.0,0.0,0.0,0.0,0.0,0.0,0.0,0.0,0.0,0.0,0.0,0.0,0.0,0.0,0.0,0.0,0.0,0.0,0.0,0.0,0.0,0.0,0.0,0.0,0.0,0.0,0.0,0.0,0.0,0.0,0.0,0.0,0.0,0.0,0.0,0.0,0.0,0.0,0.0,0.0,0.0,0.0,0.0,0.0,0.0,0.0,0.0,0.0,0.0,0.0,0.0,0.0,0.0,0.0,0.0,0.0,0.0,0.0,0.0,0.0,0.0,0.0,0.0,0.0,0.0,0.0,0.0,0.0,0.0,0.0,0.0,0.0,0.0,0.0,0.0,0.0,0.0,0.0,0.0,0.0,0.0,0.0,0.0,0.0,0.0,0.0,0.0,0.0,0.0,0.0,0.0,0.0,0.0,0.0,0.0,0.0,0.0,0.0,0.0,0.0,0.0,0.0,0.0,0.0,0.0,0.0,0.0,0.0,0.0,0.0,0.0,0.0,0.0,0.0,0.0,0.0
ENCFF000ZGS,0.05431696650314562,3571,11,216,1837,52,9039,266,33,21,12,26,172,203,278,772,2197,142,19,275,257,11,32,3,1,2,33,185,168,964,137,8,24,16,111,81,5,92,3,3,271,501,1,42,6,2,23,282,913,29,36,57,52,26,10,292,4,12,17,6,28,57,20,642,14,20,60,2,2285,2258,308,57,35,76,263,10,39,33,29,39,7,54,49,201,26,32,145,1,36,30,0,61,11,0,68,56,925,7816,470,46,1369,1733,113,1546,91,34,219,62,68,0,80,297,315,2,239,1466,157,1162,34,177,153,359,70,1605,59,313,174,23,120,17,6,1355,640,131,963,320,558,1201,27,169,200,51,162,2152,21,31,3,5,0,1,90,8,31,474,164,16,183,1856,189,14,51,56,54,126,187,160,219,3,6,0,27,3,89,38,317,195,7,0,34,48,31,681,315,2123,110,1478,1695,703,1367,598,1251,11,1529,1535,495,401,1135,736,254,39,30,25,8,24,38,8,2,2,1,191,14,1584,564,450,0,8832,1727,165,1198,1128,52,97,1711,783,2683,282,1764,8,1826,1,10,40,8,11,36,7,172,105,1,34,34,28,36,22,103,55,8,10,199,130,96,120,65,12,33,28,14,17,21,28,56,215,68,17,98,129,106,626,1881,126,102,166,57,34,23,30,36,21,4,332,24,40,226,14,83,24,163,54,62,25,35,20,28,18,101,99,33,47,25,102,94,26,41,41,163,1,1,17,27,36,15,688,7,384,1,31,11,319,28,278,325,285,0,113,4,3,71,208,3463,29,76,105,45,15,110,5,13,28,691,355,126,43,3,15,3,1,0,27,43,106,21,165,27,23,69,2472,38,104,5445,28,244,40,247,198,117,15,70,341,54,41,49,22,21,14,1020,62,41,49,16,56,47,1171,3,462,108,1,1292,336,9,8,198,32,1,327,33,69,16,146,46,1013,154,52,45,40,11,63,31,63,32,1,49,1,103,9,1,6,32,16,32,22,1329,169,453,311,94,27,35,8,1670,28,697,105,507,48,7,123,1,1494,234,468,1886,178,772,13,8,15,38,17,49,24,66,270,43,2,40,58,2,4,224,206,0,25,4,1164,1799,1396,357,1634,209,28,3602,4120,624,1799,3108,3683,12,9,33,41,11,43,59,15,18,15,327,0.0,0.0,0.0,0.0,0.0,0.0,0.0,0.0,0.0,0.0,0.0,0.0,0.0,0.0,0.0,0.0,0.0,0.0,0.0,0.0,0.0,0.0,0.0,0.0,0.0,0.0,0.0,0.0,0.0,0.0,0.0,0.0,0.0,0.0,0.0,0.0,0.0,0.0,0.0,0.0,0.0,0.0,0.0,0.0,0.0,0.0,0.0,0.0,0.0,0.0,0.0,0.0,0.0,0.0,0.0,0.0,0.0,0.0,0.0,0.0,0.0,0.0,0.0,0.0,0.0,0.0,0.0,0.0,0.0,0.0,0.0,0.0,0.0,0.0,0.0,0.0,0.0,0.0,0.0,0.0,0.0,0.0,0.0,0.0,0.0,0.0,0.0,0.0,0.0,0.0,0.0,0.0,0.0,0.0,0.0,0.0,0.0,0.0,0.0,0.0,0.0,0.0,0.0,0.0,0.0,0.0,0.0,0.0,0.0,0.0,0.0,0.0,0.0,0.0,0.0,0.0,0.0,0.0,0.0,0.0,0.0,0.0,0.0,0.0,0.0,0.0,0.0,0.0,0.0,0.0,0.0,0.0,0.0,0.0,0.0,0.0,0.0,0.0,0.0,0.0,0.0,0.0,0.0,0.0,0.0,0.0,0.0,0.0,0.0,0.0
ENCFF693KOP,0.15719872758303235,37711,996,2223,40919,542,125551,5207,317,200,160,342,3350,1386,6648,26819,23608,1619,520,4235,3839,94,427,24,38,45,1010,2007,3376,29555,2537,121,60,451,2378,2068,30,2238,14,5,5414,7038,68,269,68,152,568,5783,26566,173,726,1551,1811,207,160,3134,78,241,160,89,573,1461,819,16196,577,197,543,45,44301,36269,3385,1469,851,1970,2929,169,1539,761,962,1077,325,1476,1357,2191,469,947,4320,8,1034,910,6,666,232,36,883,1404,23484,112130,6249,91,16352,24855,2970,21027,1443,803,2564,806,1010,19,1859,4116,4578,73,3589,20658,1658,42237,198,1028,1289,5013,477,70058,1693,3811,1514,250,1319,174,55,16974,6292,836,29041,6532,6611,17202,312,4162,4451,1391,2657,42103,203,225,115,60,20,26,1330,311,216,7123,2323,232,3487,42718,3777,206,1452,717,507,2047,2624,2484,3273,35,53,53,1318,22,1724,775,671,268,14,9,601,359,1310,8142,4145,26854,2548,18498,25551,11739,33492,12701,24014,229,18003,22818,5958,5829,17744,12442,4067,871,227,788,52,888,1439,87,36,19,38,2776,112,57450,10325,6343,235,338808,32108,3593,19927,25867,631,321,30734,14755,56085,2181,24436,67,22664,20,193,525,13,407,1224,156,4451,1777,12,952,900,772,1277,628,2871,1636,120,140,5008,2929,1529,1801,1942,464,1052,1021,547,370,290,224,1565,4030,1077,423,1235,2548,2148,12036,59772,1767,2646,2007,1350,1029,754,855,1114,690,50,5417,634,1606,3771,408,1663,581,3364,1734,1225,1006,1180,126,613,442,2916,2426,1054,1099,999,1950,1809,1364,873,1440,3994,28,20,523,937,320,358,8436,88,5370,16,207,49,4448,448,4633,4469,6873,31,1916,60,66,1094,2090,76520,423,1200,2165,788,95,2587,94,469,968,14030,5827,3103,864,15,85,43,16,47,810,1063,1617,819,3089,863,565,2007,57780,294,1902,74454,634,4478,1229,6888,2445,2430,347,462,3266,984,1230,1240,468,412,134,11579,1644,1158,1324,475,1347,1546,17465,21,12101,993,20,17524,5423,15,251,3964,669,33,7112,928,526,83,3626,1221,19400,2970,490,827,1268,716,1015,1068,658,734,11,667,24,1563,65,83,58,203,247,202,685,34559,1138,9324,4810,794,510,418,124,17278,68,9121,1510,6542,871,86,1672,6,21753,3964,7119,29010,2462,19111,173,154,429,1125,926,1163,1022,1359,6005,1215,13,154,1347,13,28,2026,2063,7,168,87,17609,31976,25736,6544,22381,3217,548,58432,66105,10774,31799,51824,54690,207,66,858,823,261,1120,462,269,157,417,5017,0.0,0.0,0.0,0.0,0.0,0.0,0.0,0.0,0.0,0.0,0.0,0.0,0.0,0.0,0.0,0.0,0.0,0.0,0.0,0.0,0.0,0.0,0.0,0.0,0.0,0.0,0.0,0.0,0.0,0.0,0.0,0.0,0.0,0.0,0.0,0.0,0.0,0.0,0.0,0.0,0.0,0.0,0.0,0.0,0.0,0.0,0.0,0.0,0.0,0.0,0.0,0.0,0.0,0.0,0.0,0.0,0.0,0.0,0.0,0.0,0.0,0.0,0.0,0.0,0.0,0.0,0.0,0.0,0.0,0.0,0.0,0.0,0.0,0.0,0.0,0.0,0.0,0.0,0.0,0.0,0.0,0.0,0.0,0.0,0.0,0.0,0.0,0.0,0.0,0.0,0.0,0.0,0.0,0.0,0.0,0.0,0.0,0.0,0.0,0.0,0.0,0.0,0.0,0.0,0.0,0.0,0.0,0.0,0.0,0.0,0.0,0.0,0.0,0.0,0.0,0.0,0.0,0.0,0.0,0.0,0.0,0.0,0.0,0.0,0.0,0.0,0.0,0.0,0.0,0.0,0.0,0.0,0.0,0.0,0.0,0.0,0.0,0.0,0.0,0.0,0.0,0.0,0.0,0.0,0.0,0.0,0.0,0.0,0.0,0.0
ENCFF570STM,0.10702969871709021,40197,168,3104,49986,290,94917,7868,311,257,463,612,4608,1554,4925,33610,17683,2342,894,3597,6705,172,1094,62,48,47,5658,559,4379,16302,4925,250,115,722,3741,3367,62,3329,29,0,10140,15341,65,710,91,42,2704,8925,16848,61,1074,1979,1962,492,466,9654,109,480,295,108,1034,1792,497,7818,1715,376,183,54,41898,51778,10638,1700,951,2560,8895,280,2290,777,999,1331,361,1588,3560,4620,582,1068,5805,9,1107,934,14,1493,56,9,1271,1160,12478,198332,13232,186,35155,51982,3486,44688,3312,909,6941,2332,2462,19,4602,10190,9903,72,7053,49797,1386,27909,135,674,1015,9901,280,35607,1958,8370,2964,636,3708,266,36,44414,6002,199,15440,5396,26390,41351,49,6218,3296,2269,4625,31281,565,173,68,133,197,29,2972,565,399,13609,5173,461,4384,51424,2628,466,1917,1599,784,3368,4958,4591,9470,53,202,60,1540,21,1976,898,1326,591,30,14,769,798,2138,19045,8638,54238,3477,27677,38195,16192,23949,19034,35794,264,35607,42229,13699,12531,32928,25363,6253,1231,80,416,74,1026,1541,156,24,43,24,5537,97,46505,10795,6340,268,357053,42570,5162,30531,17342,1452,656,41722,19779,50283,1749,57556,242,53514,10,540,1079,23,336,1619,1550,6145,4096,43,1041,1043,878,1413,602,5229,2920,960,487,7619,4958,2354,4461,2349,528,1133,1244,568,435,326,838,1847,6074,1090,518,1835,5413,3403,15567,36723,499,4005,7089,1705,1375,1150,806,1375,795,593,8605,744,1817,7922,446,2493,710,5774,2137,1621,1171,1268,371,620,696,3639,3001,1204,1213,1088,4438,2463,1637,950,1690,5428,60,44,533,939,692,250,18709,98,13105,28,353,48,8229,1145,9915,9249,10151,21,3706,54,147,1348,5298,66218,759,2521,4464,1584,36,4454,97,355,1995,50445,5695,4655,1945,48,265,48,6,21,805,2090,2952,1592,5310,900,614,1987,67036,282,2574,162815,633,8495,1510,9299,1015,3161,343,144,4380,1046,2417,2665,495,460,313,3287,3317,1482,2459,1144,1824,2780,32471,29,18392,2076,41,39168,9612,80,525,9603,787,26,10257,1039,1314,211,6584,1588,11639,2635,513,985,2055,696,1381,1201,1700,959,30,1379,23,3469,194,112,116,209,227,164,646,18610,668,7771,3691,610,839,837,160,39846,95,27786,1546,14814,1633,181,3481,5,101759,7444,24798,70839,2792,11359,227,185,503,1374,621,1815,1123,2113,5078,1871,30,222,1534,19,26,4766,4818,29,129,102,35726,47360,34300,10247,41388,6048,797,82132,110020,15231,43325,92967,101306,311,178,913,906,272,1271,1229,433,410,1163,9128,0.0,0.0,0.0,0.0,0.0,0.0,0.0,0.0,0.0,0.0,0.0,0.0,0.0,0.0,0.0,0.0,0.0,0.0,0.0,0.0,0.0,0.0,0.0,0.0,0.0,0.0,0.0,0.0,0.0,0.0,0.0,0.0,0.0,0.0,0.0,0.0,0.0,0.0,0.0,0.0,0.0,0.0,0.0,0.0,0.0,0.0,0.0,0.0,0.0,0.0,0.0,0.0,0.0,0.0,0.0,0.0,0.0,0.0,0.0,0.0,0.0,0.0,0.0,0.0,0.0,0.0,0.0,0.0,0.0,0.0,0.0,0.0,0.0,0.0,0.0,0.0,0.0,0.0,0.0,0.0,0.0,0.0,0.0,0.0,0.0,0.0,0.0,0.0,0.0,0.0,0.0,0.0,0.0,0.0,0.0,0.0,0.0,0.0,0.0,0.0,0.0,0.0,0.0,0.0,0.0,0.0,0.0,0.0,0.0,0.0,0.0,0.0,0.0,0.0,0.0,0.0,0.0,0.0,0.0,0.0,0.0,0.0,0.0,0.0,0.0,0.0,0.0,0.0,0.0,0.0,0.0,0.0,0.0,0.0,0.0,0.0,0.0,0.0,0.0,0.0,0.0,0.0,0.0,0.0,0.0,0.0,0.0,0.0,0.0,0.0
ENCFF103HSX,0.12723141863837448,39580,70,1474,21299,301,68458,6382,298,323,189,535,3525,1685,3154,8709,15329,1519,1114,3485,3265,73,494,36,161,166,1003,1657,2376,10441,2876,112,36,349,1790,1690,17,1947,62,9,4838,6690,125,240,104,8,529,4700,11868,136,820,1171,1137,123,295,3665,88,311,203,375,1287,2323,198,4901,160,183,469,349,20844,30537,3681,1092,640,1575,4147,52,1194,551,637,775,224,968,1266,1703,344,610,3083,53,760,672,29,867,577,59,1477,434,4480,95598,5645,156,15840,24102,2502,20772,1281,608,2737,1040,1413,48,2397,4384,5399,336,3188,23183,990,26175,109,495,626,4110,281,43761,1056,3581,1535,370,1451,95,62,20783,3474,844,9693,4380,8355,18865,53,3379,3562,1034,2199,21499,394,156,60,128,83,13,1421,365,945,6464,2577,301,2444,19616,1272,225,1295,3091,2425,1887,2853,3259,4224,60,161,37,887,87,1064,472,555,188,4,13,387,341,1154,7309,3917,25207,1924,12787,19817,7398,13778,9385,15526,166,15782,19745,6101,6336,15641,11770,2730,715,117,192,23,669,1049,144,88,35,26,2540,251,18149,4534,5705,314,94904,19447,2357,14739,8467,1047,430,19781,8961,24244,1617,27146,48,27159,133,153,728,91,285,822,163,3168,1478,38,658,582,572,950,473,2083,1120,76,215,3599,2672,1243,2000,1470,277,784,705,433,266,212,184,941,2748,579,310,977,2168,1442,4243,19796,1552,2027,2270,978,735,591,621,807,414,42,5693,495,1432,3741,302,1377,495,2895,1460,953,964,894,90,388,340,2196,1579,830,687,688,1778,1544,925,568,981,2212,15,17,342,657,686,270,8935,340,5785,21,144,61,3741,553,4747,4348,4587,83,1928,382,122,973,2201,45118,348,1325,2018,737,22,1709,88,1211,1110,13221,4632,7381,1165,133,156,296,15,261,542,650,1286,794,2934,546,388,1000,38599,120,1527,71325,353,4190,880,5178,2172,1693,289,254,2547,690,1032,1074,281,283,77,18236,1391,930,963,301,938,1091,16649,240,10022,924,97,19683,5336,26,360,3939,758,225,5121,642,758,284,3140,887,17384,874,374,692,978,509,701,797,941,542,68,841,56,1618,227,292,127,144,347,153,550,14090,569,4114,2250,400,605,886,309,21118,106,7242,937,6832,1688,46,1610,11,23243,4103,6596,25751,902,11096,73,266,358,895,514,839,707,880,2936,857,6,92,861,30,99,2165,2170,10,92,130,17958,18721,14748,4021,19431,3093,557,34997,49085,6884,19061,38257,47859,142,52,623,559,259,823,600,490,227,552,4152,0.0,0.0,0.0,0.0,0.0,0.0,0.0,0.0,0.0,0.0,0.0,0.0,0.0,0.0,0.0,0.0,0.0,0.0,0.0,0.0,0.0,0.0,0.0,0.0,0.0,0.0,0.0,0.0,0.0,0.0,0.0,0.0,0.0,0.0,0.0,0.0,0.0,0.0,0.0,0.0,0.0,0.0,0.0,0.0,0.0,0.0,0.0,0.0,0.0,0.0,0.0,0.0,0.0,0.0,0.0,0.0,0.0,0.0,0.0,0.0,0.0,0.0,0.0,0.0,0.0,0.0,0.0,0.0,0.0,0.0,0.0,0.0,0.0,0.0,0.0,0.0,0.0,0.0,0.0,0.0,0.0,0.0,0.0,0.0,0.0,0.0,0.0,0.0,0.0,0.0,0.0,0.0,0.0,0.0,0.0,0.0,0.0,0.0,0.0,0.0,0.0,0.0,0.0,0.0,0.0,0.0,0.0,0.0,0.0,0.0,0.0,0.0,0.0,0.0,0.0,0.0,0.0,0.0,0.0,0.0,0.0,0.0,0.0,0.0,0.0,0.0,0.0,0.0,0.0,0.0,0.0,0.0,0.0,0.0,0.0,0.0,0.0,0.0,0.0,0.0,0.0,0.0,0.0,0.0,0.0,0.0,0.0,0.0,0.0,0.0
ENCFF000VQZ,0.08856686694219455,4094,28,417,2217,77,8283,707,17,76,36,61,191,673,1093,943,3502,491,70,853,640,31,108,8,10,16,84,40,253,2692,515,47,27,59,142,113,4,247,2,2,783,1650,6,124,2,14,92,565,1396,9,90,53,49,65,45,1044,20,60,48,20,115,112,23,1097,54,100,19,2,5349,6007,1181,82,43,88,906,38,117,34,46,75,20,63,91,554,29,27,246,6,41,20,1,223,35,5,169,79,913,23324,1662,17,4565,5948,260,5131,105,34,783,222,266,4,377,1057,1159,20,463,4713,362,3319,63,241,214,1264,120,3609,96,893,382,107,529,48,23,4892,1747,25,2100,1094,1802,4218,6,375,589,100,448,3346,113,40,11,23,5,7,347,56,73,1237,779,91,554,1985,175,65,91,252,264,394,590,567,831,13,6,19,68,8,112,41,287,905,4,0,27,121,79,2312,1121,6241,223,3795,4651,1545,2438,1388,2616,43,3760,4166,1481,1507,3211,2795,867,83,10,137,8,23,53,29,9,7,5,519,64,2501,1126,1688,25,29402,4640,435,4083,2284,209,83,5174,2343,5573,561,6959,28,7262,2,29,65,6,13,74,25,255,290,2,45,35,23,59,21,226,106,24,33,457,369,206,379,46,15,33,56,16,21,16,75,63,582,368,12,202,218,163,865,1589,27,194,478,105,61,55,25,56,25,11,1082,18,42,724,19,142,20,378,63,86,33,53,13,16,48,148,130,49,49,34,366,114,44,40,48,231,3,2,23,34,81,2,2278,27,1389,5,79,5,953,159,1014,878,847,9,354,21,25,321,637,7669,114,319,223,134,2,198,32,85,122,1538,873,209,253,8,28,32,6,4,32,212,390,89,384,28,27,158,3757,20,135,17412,45,807,79,451,67,226,18,17,445,30,70,74,21,20,31,265,107,45,85,35,92,116,3704,28,1143,343,18,4071,1127,3,52,730,121,3,639,47,179,52,275,95,1217,181,73,43,90,16,91,51,198,94,8,128,5,187,23,4,39,52,74,131,126,2234,233,608,531,137,64,134,63,5726,7,2122,163,2070,222,38,432,2,4169,779,1295,5404,180,1256,22,29,15,38,22,100,29,68,826,71,3,36,63,1,6,747,734,6,11,38,3838,4668,3076,885,5111,729,67,7925,11641,1430,4758,8685,11458,57,43,46,38,17,74,243,45,71,87,783,0.0,0.0,0.0,0.0,0.0,0.0,0.0,0.0,0.0,0.0,0.0,0.0,0.0,0.0,0.0,0.0,0.0,0.0,0.0,0.0,0.0,0.0,0.0,0.0,0.0,0.0,0.0,0.0,0.0,0.0,0.0,0.0,0.0,0.0,0.0,0.0,0.0,0.0,0.0,0.0,0.0,0.0,0.0,0.0,0.0,0.0,0.0,0.0,0.0,0.0,0.0,0.0,0.0,0.0,0.0,0.0,0.0,0.0,0.0,0.0,0.0,0.0,0.0,0.0,0.0,0.0,0.0,0.0,0.0,0.0,0.0,0.0,0.0,0.0,0.0,0.0,0.0,0.0,0.0,0.0,0.0,0.0,0.0,0.0,0.0,0.0,0.0,0.0,0.0,0.0,0.0,0.0,0.0,0.0,0.0,0.0,0.0,0.0,0.0,0.0,0.0,0.0,0.0,0.0,0.0,0.0,0.0,0.0,0.0,0.0,0.0,0.0,0.0,0.0,0.0,0.0,0.0,0.0,0.0,0.0,0.0,0.0,0.0,0.0,0.0,0.0,0.0,0.0,0.0,0.0,0.0,0.0,0.0,0.0,0.0,0.0,0.0,0.0,0.0,0.0,0.0,0.0,0.0,0.0,0.0,0.0,0.0,0.0,0.0,0.0
ENCFF736LVP,0.12413644129129506,21591,57,2303,58407,156,46943,8448,298,241,301,353,2809,451,1160,953,3521,910,408,1207,3743,56,466,2,0,0,1152,10,2965,2362,2345,101,25,409,2106,1828,14,2155,0,0,5177,6883,0,170,0,0,716,5290,5838,0,597,1603,1480,211,90,3095,15,215,81,0,457,1103,21,471,15,3,1,16,15345,24967,3096,1239,776,1738,2832,128,1435,671,830,963,243,1271,1279,2080,521,830,3960,0,955,818,0,527,1,0,525,729,1459,95511,4734,89,13020,20941,2772,17912,1283,711,2128,411,382,0,1287,2712,3075,0,3210,12610,477,5661,33,208,600,4570,77,8739,1190,4743,1780,114,1323,75,1,16409,1601,18,2834,1356,5370,13682,0,3336,287,1262,2291,19937,10,67,9,44,0,8,1232,209,122,6922,2137,135,2251,52089,1178,169,1351,242,271,1738,1397,1401,2797,41,95,47,1188,53,1686,697,830,153,37,25,648,705,1225,11449,5124,36780,2751,22716,39628,11254,53799,14306,26541,125,19355,24800,8002,6654,17293,15379,3809,786,36,484,50,881,1264,77,35,98,72,3615,12,31398,4971,1903,48,67897,28900,2263,11966,3188,659,272,19025,10032,24898,565,20038,5,20037,0,163,329,10,329,959,206,4325,2001,23,808,875,700,1170,488,2561,1575,97,170,5127,2937,1590,2191,1889,425,885,950,470,345,261,205,1488,3247,592,394,1219,2497,2041,4004,1631,53,2650,2328,1241,983,730,704,1126,686,65,6507,581,1535,4074,396,1624,604,3708,1688,1211,882,1130,290,530,606,2866,2371,969,1033,868,1916,1685,1389,826,1370,3807,69,71,458,830,419,971,11283,302,7662,47,207,115,5279,572,6087,6255,7354,25,1936,58,47,2806,2265,29053,337,1592,2236,1076,35,2640,157,352,1174,17419,3400,2897,1049,111,199,148,37,86,705,1718,1922,767,3907,787,454,273,57416,270,1965,96295,482,4672,1136,7337,253,2541,332,66,3103,917,1189,1225,445,388,161,419,1525,1140,1161,649,1295,1443,19530,31,12405,1084,44,18811,7682,59,268,5918,782,54,7035,757,785,171,3658,1157,41146,2484,243,772,1238,590,1021,969,894,1656,33,748,38,1705,111,98,99,98,1234,198,886,48073,398,8683,3745,529,496,170,0,18705,20,7631,1029,5623,714,81,1631,3,21246,3367,7563,25792,519,982,141,0,378,1073,473,987,884,1061,602,1045,0,104,1184,0,0,1884,2032,0,25,24,15379,18318,14545,4514,17282,2441,147,25769,44919,6632,18574,34906,42725,86,59,734,686,252,985,366,107,90,533,5666,0.0,0.0,0.0,0.0,0.0,0.0,0.0,0.0,0.0,0.0,0.0,0.0,0.0,0.0,0.0,0.0,0.0,0.0,0.0,0.0,0.0,0.0,0.0,0.0,0.0,0.0,0.0,0.0,0.0,0.0,0.0,0.0,0.0,0.0,0.0,0.0,0.0,0.0,0.0,0.0,0.0,0.0,0.0,0.0,0.0,0.0,0.0,0.0,0.0,0.0,0.0,0.0,0.0,0.0,0.0,0.0,0.0,0.0,0.0,0.0,0.0,0.0,0.0,0.0,0.0,0.0,0.0,0.0,0.0,0.0,0.0,0.0,0.0,0.0,0.0,0.0,0.0,0.0,0.0,0.0,0.0,0.0,0.0,0.0,0.0,0.0,0.0,0.0,0.0,0.0,0.0,0.0,0.0,0.0,0.0,0.0,0.0,0.0,0.0,0.0,0.0,0.0,0.0,0.0,0.0,0.0,0.0,0.0,0.0,0.0,0.0,0.0,0.0,0.0,0.0,0.0,0.0,0.0,0.0,0.0,0.0,0.0,0.0,0.0,0.0,0.0,0.0,0.0,0.0,0.0,0.0,0.0,0.0,0.0,0.0,0.0,0.0,0.0,0.0,0.0,0.0,0.0,0.0,0.0,0.0,0.0,0.0,0.0,0.0,0.0
ENCFF147CMT,0.18734854779121984,472655,73,3202,19062,355,58908,7557,307,350,335,600,3228,1643,4739,9857,12139,2491,673,3919,5475,156,689,65,74,87,868,41875,3532,33804,4272,266,500,492,1922,1788,337,2426,23,25,9314,12313,89,708,31,24,793,6359,13001,5523,526,1243,1411,502,403,7222,171,362,367,168,1229,1427,122,6834,435,335,11921,93,36566,51632,9403,1177,718,4468,6798,431,1393,576,764,951,201,1051,1282,3800,529,567,3877,17,901,571,23,1172,171,28,1387,973,8608,169290,9598,117,27110,40101,2717,34594,1409,675,5945,1848,1868,24,3191,8289,8272,147,4763,44028,1532,34746,233,1074,1208,8213,565,44777,1377,6730,2884,801,2760,460,170,32016,6311,27157,14039,5070,14749,32976,3240,4615,2661,1263,8131,33346,507,5211,78,100,23,80,2666,377,561,10636,4863,658,4676,20205,2294,568,1281,1150,951,2846,4602,4360,5804,55,208,74,1055,67,1608,562,1436,679,303,20,1366,886,1163,16908,7818,53867,2376,26867,34392,15471,34764,15191,29548,322,30542,36575,13351,10382,26833,20476,5684,933,8037,717,69,619,1006,202,103,74,287,4285,195,43769,10278,6126,586,148388,35737,5940,26193,13599,1312,571,35807,16609,42884,2155,46070,124,46285,52,380,778,83,303,1019,337,4085,2961,55,623,890,600,947,458,2607,1602,298,240,5725,3376,2183,3630,1427,317,680,763,396,345,272,485,1171,4884,898,374,1673,2626,2289,7221,20981,26201,2664,3685,1383,865,688,595,971,506,153,8675,505,1033,5637,355,1779,460,4331,1199,1041,644,946,245,487,775,2589,2163,803,1030,748,2415,1562,892,787,1017,4243,26,36,423,650,662,331,17018,168,10382,35,385,126,7347,986,8165,6873,7619,41,3273,226,181,1801,4593,49336,2413,3929,2373,1139,2004,2808,313,329,1113,16001,5751,3626,1630,71,247,68,15,79,685,1073,2590,752,3895,529,565,848,27443,2841,1997,128071,473,6793,990,6379,43890,2425,353,19526,34514,788,1127,1146,387,443,484,242015,1387,994,1212,501,1245,1457,26527,124,12101,2076,22,28678,8506,90,392,6888,1063,89,7483,783,2207,288,3532,1127,14683,2146,6251,828,1235,470,1320,893,1743,924,64,1118,60,1987,223,38,216,4565,383,337,622,13759,934,6277,3556,680,535,826,205,39149,1753,15392,4869,12519,1857,265,3238,30,30449,6078,10436,45331,2198,13321,207,240,385,3318,425,1159,741,1320,6896,1053,14,5034,1122,43,50,4146,4462,21,6382,191,27353,37241,28808,6854,36049,4175,418,61721,88870,12363,37176,66715,81115,197,136,687,610,230,872,1321,344,440,750,7264,0.0,0.0,0.0,0.0,0.0,0.0,0.0,0.0,0.0,0.0,0.0,0.0,0.0,0.0,0.0,0.0,0.0,0.0,0.0,0.0,0.0,0.0,0.0,0.0,0.0,0.0,0.0,0.0,0.0,0.0,0.0,0.0,0.0,0.0,0.0,0.0,0.0,0.0,0.0,0.0,0.0,0.0,0.0,0.0,0.0,0.0,0.0,0.0,0.0,0.0,0.0,0.0,0.0,0.0,0.0,0.0,0.0,0.0,0.0,0.0,0.0,0.0,0.0,0.0,0.0,0.0,0.0,0.0,0.0,0.0,0.0,0.0,0.0,0.0,0.0,0.0,0.0,0.0,0.0,0.0,0.0,0.0,0.0,0.0,0.0,0.0,0.0,0.0,0.0,0.0,0.0,0.0,0.0,0.0,0.0,0.0,0.0,0.0,0.0,0.0,0.0,0.0,0.0,0.0,0.0,0.0,0.0,0.0,0.0,0.0,0.0,0.0,0.0,0.0,0.0,0.0,0.0,0.0,0.0,0.0,0.0,0.0,0.0,0.0,0.0,0.0,0.0,0.0,0.0,0.0,0.0,0.0,0.0,0.0,0.0,0.0,0.0,0.0,0.0,0.0,0.0,0.0,0.0,0.0,0.0,0.0,0.0,0.0,0.0,0.0
ENCFF721WKL,0.10773705984593963,314813,2052,5254,24549,347,44167,5545,210,277,223,523,2845,2171,5131,14512,15833,2292,285,4509,4302,140,507,61,50,51,869,27745,2677,23340,2795,236,1408,632,1413,1207,826,1549,27,53,7327,8387,56,580,69,621,401,4469,17953,4098,353,916,1064,356,304,5711,159,252,323,189,496,1407,436,11096,310,561,7386,145,40996,39213,6144,898,550,6062,4813,231,901,394,595,693,212,721,799,2796,337,392,2963,16,623,390,17,1159,166,23,1290,1016,12505,141565,8506,102,22475,34198,1996,29758,1217,447,4432,1339,1497,11,2746,6636,6459,163,3785,27623,1558,16795,235,932,1310,6972,384,20932,1103,4709,2088,630,1973,247,118,23425,6840,18182,17292,5100,12149,20955,4876,3729,2901,929,5081,33285,352,3972,71,84,65,38,1690,187,866,7687,3689,500,3383,25769,2637,335,878,1213,1463,2338,3228,2813,5765,57,82,39,740,24,1342,474,1656,999,634,33,1885,570,732,12325,5422,45044,1793,22213,24814,12336,24020,11502,22047,179,24254,28223,10683,7251,19437,15033,6057,800,6213,673,155,408,705,107,45,160,58,3266,189,31524,9566,6097,217,289513,32152,5774,22304,19279,842,484,33115,16888,48551,2048,37306,153,36004,44,259,695,243,212,718,375,3109,1930,44,493,724,465,677,327,1986,1131,689,182,3541,2503,1511,2863,897,256,482,596,267,266,196,544,833,4566,956,258,1526,2029,1725,11009,42405,17582,1854,3393,1004,688,500,479,688,397,254,7245,301,604,4320,255,1135,253,3641,789,752,488,694,521,346,1204,1859,1829,580,711,576,1981,1143,656,594,722,3151,22,22,312,451,457,288,12015,130,8089,19,367,64,4946,622,6216,5123,6225,18,2146,70,163,1503,3086,52289,1936,3610,1916,886,1361,2376,133,175,693,13370,5555,3010,1068,23,217,109,12,30,490,781,2151,490,3146,393,381,2281,35299,1517,1666,100015,631,4210,733,4038,29029,2065,240,10968,29751,647,747,817,295,310,616,127420,929,668,816,527,862,951,19895,40,7838,1760,42,21404,5752,31,206,5019,847,45,5127,587,1251,201,2404,848,10737,2673,3753,594,793,326,926,636,1092,864,23,869,39,1476,333,21,118,3012,568,363,756,22841,856,7418,3881,697,405,749,174,28272,2700,14732,5950,9401,1015,262,2263,37,26437,5317,9017,42198,3090,13941,723,354,261,2503,1929,816,571,1350,7936,713,31,2784,790,27,17,2997,3011,22,5947,154,18726,35084,25795,6497,27752,3358,436,51436,77264,11270,34064,55585,64793,194,145,590,537,157,692,1188,236,333,589,5288,0.0,0.0,0.0,0.0,0.0,0.0,0.0,0.0,0.0,0.0,0.0,0.0,0.0,0.0,0.0,0.0,0.0,0.0,0.0,0.0,0.0,0.0,0.0,0.0,0.0,0.0,0.0,0.0,0.0,0.0,0.0,0.0,0.0,0.0,0.0,0.0,0.0,0.0,0.0,0.0,0.0,0.0,0.0,0.0,0.0,0.0,0.0,0.0,0.0,0.0,0.0,0.0,0.0,0.0,0.0,0.0,0.0,0.0,0.0,0.0,0.0,0.0,0.0,0.0,0.0,0.0,0.0,0.0,0.0,0.0,0.0,0.0,0.0,0.0,0.0,0.0,0.0,0.0,0.0,0.0,0.0,0.0,0.0,0.0,0.0,0.0,0.0,0.0,0.0,0.0,0.0,0.0,0.0,0.0,0.0,0.0,0.0,0.0,0.0,0.0,0.0,0.0,0.0,0.0,0.0,0.0,0.0,0.0,0.0,0.0,0.0,0.0,0.0,0.0,0.0,0.0,0.0,0.0,0.0,0.0,0.0,0.0,0.0,0.0,0.0,0.0,0.0,0.0,0.0,0.0,0.0,0.0,0.0,0.0,0.0,0.0,0.0,0.0,0.0,0.0,0.0,0.0,0.0,0.0,0.0,0.0,0.0,0.0,0.0,0.0
ENCFF263XLB,0.10705236906180764,78874,310,2177,76009,627,213452,14752,806,506,236,1340,7659,4434,11656,35442,47239,3423,2241,14782,7328,152,1057,50,277,303,3337,3072,6705,51004,6465,266,98,774,5181,5180,47,6250,95,21,13572,13886,159,518,349,91,1649,12368,40684,218,1530,3420,3547,243,690,7635,207,537,696,935,2177,4669,891,30626,633,789,928,625,77612,70672,8655,3300,1856,3759,9105,107,3936,1543,1958,2302,636,2724,4147,3913,1061,1633,8530,124,2159,1882,117,2270,2136,441,3386,1588,22279,236807,11957,363,32390,53031,7029,44724,4156,1794,6378,3319,4297,144,6288,12106,13294,654,8262,56284,3974,59214,366,1929,1745,9850,714,112647,2938,9324,3444,870,2768,335,156,38699,10682,1193,45797,16022,19878,35188,146,8504,18423,3378,4730,73847,546,364,140,195,80,46,2561,681,1508,14147,4721,362,5291,72726,4334,354,4095,4787,3029,4155,6812,6185,9911,284,566,172,2718,320,3017,1415,20386,2198,29,31,938,819,3866,16654,8519,60613,4832,36141,56023,20616,57566,24956,43340,587,37664,48547,13534,13408,40868,26866,9543,1806,238,2132,33,1804,2969,335,189,87,177,5614,373,88685,16021,22244,7052,528449,61192,6371,42310,53024,2299,1026,55003,31215,97380,3778,55371,102,51839,83,345,1833,438,826,2684,556,8871,3228,110,1747,1658,1653,2718,1299,7128,3528,434,347,9621,7500,3201,4366,3864,808,2331,2185,1177,716,610,485,2478,8290,1775,880,2466,6831,4867,19490,99930,2484,6075,5583,2859,2281,2114,1751,2367,1304,252,17367,1435,3812,9176,931,3605,1380,6816,4265,2998,2514,2598,544,1097,924,6166,4582,2436,1954,1868,4152,3876,2580,1575,2779,5668,68,69,1074,2194,1609,764,21074,1422,14825,58,292,211,9102,1393,12919,10902,13466,278,4308,647,95,3358,4098,142065,636,3387,5742,1697,68,5536,49,2333,2117,36366,17987,10508,2399,480,781,520,71,440,1602,2780,4259,2507,5846,1439,1104,3738,114928,355,3883,147715,978,9639,2530,15746,4120,4352,701,648,4764,1932,3413,3320,725,663,156,28580,4859,2774,3016,1010,3008,3459,42664,395,24092,2138,137,43514,11379,74,677,8306,2405,422,12700,1937,1869,441,8862,2612,55688,2753,682,1907,3019,1539,1769,2414,1510,530,329,1394,165,4459,983,489,305,256,1484,734,2230,53048,1868,12675,6658,1083,1321,2370,1298,45045,226,17299,2690,12785,3012,168,3520,26,57986,9793,17640,64740,3173,42853,236,1083,956,2407,1424,3124,2111,3225,21861,2590,39,225,2528,86,461,4682,4163,4,189,481,37834,49498,41724,11153,42359,6977,2337,96309,117976,19803,48211,89961,106019,430,82,1804,1589,766,2322,1568,830,541,1262,9961,0.0,0.0,0.0,0.0,0.0,0.0,0.0,0.0,0.0,0.0,0.0,0.0,0.0,0.0,0.0,0.0,0.0,0.0,0.0,0.0,0.0,0.0,0.0,0.0,0.0,0.0,0.0,0.0,0.0,0.0,0.0,0.0,0.0,0.0,0.0,0.0,0.0,0.0,0.0,0.0,0.0,0.0,0.0,0.0,0.0,0.0,0.0,0.0,0.0,0.0,0.0,0.0,0.0,0.0,0.0,0.0,0.0,0.0,0.0,0.0,0.0,0.0,0.0,0.0,0.0,0.0,0.0,0.0,0.0,0.0,0.0,0.0,0.0,0.0,0.0,0.0,0.0,0.0,0.0,0.0,0.0,0.0,0.0,0.0,0.0,0.0,0.0,0.0,0.0,0.0,0.0,0.0,0.0,0.0,0.0,0.0,0.0,0.0,0.0,0.0,0.0,0.0,0.0,0.0,0.0,0.0,0.0,0.0,0.0,0.0,0.0,0.0,0.0,0.0,0.0,0.0,0.0,0.0,0.0,0.0,0.0,0.0,0.0,0.0,0.0,0.0,0.0,0.0,0.0,0.0,0.0,0.0,0.0,0.0,0.0,0.0,0.0,0.0,0.0,0.0,0.0,0.0,0.0,0.0,0.0,0.0,0.0,0.0,0.0,0.0
ENCFF000ZHR,0.06113342073279924,5650,12,286,3118,87,11551,345,31,20,15,36,203,203,421,1370,2753,175,28,269,338,12,25,7,3,1,46,338,218,1707,190,16,29,33,139,115,7,98,1,1,452,561,4,42,3,3,26,371,1774,42,38,70,78,21,18,337,9,16,18,4,40,88,14,894,21,34,109,1,3242,2720,330,67,50,136,335,8,69,41,46,56,14,79,59,196,28,35,246,1,71,42,0,51,8,0,89,91,1173,9735,546,32,1380,2136,158,1866,128,40,246,78,77,0,126,367,356,1,283,1690,197,1502,63,242,213,445,102,2424,116,329,153,33,133,28,4,1407,602,214,1393,462,785,1315,75,297,136,80,217,3569,14,53,5,11,4,2,102,11,22,588,255,38,236,3223,303,18,77,50,45,169,226,208,253,3,10,1,73,0,149,48,209,659,11,1,51,55,53,792,354,2476,153,1777,1936,914,2316,812,1900,9,1542,1826,598,488,1261,957,355,62,56,43,8,34,70,10,2,0,1,249,11,2544,830,551,6,9104,2039,269,1393,1500,42,45,2366,1048,3703,376,2079,5,2022,2,7,46,5,29,63,12,211,110,3,40,63,38,61,42,166,90,27,8,254,143,93,130,80,20,44,46,39,29,16,22,81,295,79,32,140,159,148,1024,4871,215,140,182,87,33,38,37,54,43,6,379,32,64,270,21,92,25,206,62,64,55,66,20,31,46,179,168,58,60,55,129,91,42,52,78,224,1,2,32,29,38,22,670,5,499,0,32,2,325,31,346,377,392,3,107,5,13,56,198,5241,42,133,120,62,25,184,8,11,24,866,365,204,58,3,9,6,1,2,43,56,141,31,219,34,49,104,4170,58,168,6504,27,337,78,348,372,166,19,166,518,73,48,50,41,29,18,1672,68,59,68,41,86,84,1460,1,697,135,1,1507,334,3,12,325,45,1,423,41,71,14,199,74,1667,247,64,68,60,35,80,46,68,52,0,60,2,100,9,3,7,56,16,46,36,1970,212,745,463,131,33,36,11,1710,62,795,158,637,46,9,142,2,1590,342,474,2391,440,1357,18,8,25,56,21,69,45,97,358,67,1,32,92,0,2,213,181,0,60,10,1290,2580,1844,473,1823,257,26,5044,5048,781,2345,3765,4354,13,8,77,58,19,67,75,20,19,21,414,0.0,0.0,0.0,0.0,0.0,0.0,0.0,0.0,0.0,0.0,0.0,0.0,0.0,0.0,0.0,0.0,0.0,0.0,0.0,0.0,0.0,0.0,0.0,0.0,0.0,0.0,0.0,0.0,0.0,0.0,0.0,0.0,0.0,0.0,0.0,0.0,0.0,0.0,0.0,0.0,0.0,0.0,0.0,0.0,0.0,0.0,0.0,0.0,0.0,0.0,0.0,0.0,0.0,0.0,0.0,0.0,0.0,0.0,0.0,0.0,0.0,0.0,0.0,0.0,0.0,0.0,0.0,0.0,0.0,0.0,0.0,0.0,0.0,0.0,0.0,0.0,0.0,0.0,0.0,0.0,0.0,0.0,0.0,0.0,0.0,0.0,0.0,0.0,0.0,0.0,0.0,0.0,0.0,0.0,0.0,0.0,0.0,0.0,0.0,0.0,0.0,0.0,0.0,0.0,0.0,0.0,0.0,0.0,0.0,0.0,0.0,0.0,0.0,0.0,0.0,0.0,0.0,0.0,0.0,0.0,0.0,0.0,0.0,0.0,0.0,0.0,0.0,0.0,0.0,0.0,0.0,0.0,0.0,0.0,0.0,0.0,0.0,0.0,0.0,0.0,0.0,0.0,0.0,0.0,0.0,0.0,0.0,0.0,0.0,0.0
ENCFF087KQG,0.14412640872691368,486167,418,2231,37415,520,157708,4379,352,187,166,332,3883,1411,6330,23023,27065,1444,387,3077,3659,48,320,32,30,14,1926,44756,3538,20542,2096,105,423,367,2489,2109,43,1874,9,6,6010,6077,31,278,53,86,981,6046,22380,3634,518,1597,1809,156,124,2730,67,167,122,45,410,1500,779,11721,2348,288,12110,58,37700,34498,2929,1492,903,2325,2391,97,1587,766,953,1072,314,1396,1425,1999,515,907,4626,6,1021,878,14,459,41,6,971,1241,19016,111173,5742,114,14968,24161,2922,20705,1527,884,2205,839,1153,15,1745,4054,4282,21,4026,20748,1565,38423,203,1135,1245,4915,500,61074,1627,3825,1307,169,1164,117,23,13459,6029,14375,20022,6249,6013,15447,2147,4500,2734,1448,5421,35845,176,3282,105,55,54,8,1022,166,292,7090,1803,211,2830,40052,3236,173,1454,357,220,1915,2569,2172,2723,17,75,14,1461,6,1813,805,684,188,9,19,694,338,1413,7941,3733,30072,2489,18750,22594,11903,26236,12785,25049,200,17293,22244,5571,5551,16405,11197,3560,768,3966,618,55,732,1376,46,12,20,10,3082,87,43150,10279,7817,108,160728,31731,6766,19788,22364,515,364,28141,14618,50635,2552,22748,150,19048,10,202,532,12,397,1047,382,4608,1528,18,1016,906,775,1199,598,2916,1622,161,314,5006,2784,1478,1474,1930,472,1014,1014,548,401,317,193,1693,4293,1043,512,1356,2711,2254,14791,46313,44105,2695,2101,1331,1068,828,780,1225,750,52,4038,684,1640,3308,379,1551,670,3447,1732,1320,1115,1241,136,616,511,3007,2464,1030,1112,1045,1792,1583,1367,921,1376,4199,19,20,457,934,213,214,7060,26,5139,9,205,20,4027,332,4026,4539,6257,6,1612,31,40,637,1825,80526,2811,1602,2308,777,1877,2679,47,81,706,15614,4848,3690,668,10,57,32,9,17,804,905,1290,799,3026,877,519,2096,56044,1562,2083,73808,629,3843,1296,6631,49264,2391,355,11235,29123,1041,1331,1264,480,395,153,277543,1652,1301,1294,707,1462,1532,15993,9,12237,954,18,15651,3812,23,250,4886,402,13,7065,920,405,80,3649,1287,14533,2819,5996,935,1397,642,1072,1158,572,624,6,525,11,1851,57,43,25,3890,96,177,614,24861,1202,8945,4408,824,506,326,44,13102,1053,10711,3807,5354,665,66,1318,7,24457,4147,8124,31194,2623,13996,198,103,477,1305,674,1182,1037,1574,4616,1164,9,1328,1312,3,12,1655,1621,3,3076,40,15473,32094,24389,6565,19973,2864,482,55895,63114,10963,30100,51348,51708,209,98,890,815,297,1124,322,332,131,424,5080,0.0,0.0,0.0,0.0,0.0,0.0,0.0,0.0,0.0,0.0,0.0,0.0,0.0,0.0,0.0,0.0,0.0,0.0,0.0,0.0,0.0,0.0,0.0,0.0,0.0,0.0,0.0,0.0,0.0,0.0,0.0,0.0,0.0,0.0,0.0,0.0,0.0,0.0,0.0,0.0,0.0,0.0,0.0,0.0,0.0,0.0,0.0,0.0,0.0,0.0,0.0,0.0,0.0,0.0,0.0,0.0,0.0,0.0,0.0,0.0,0.0,0.0,0.0,0.0,0.0,0.0,0.0,0.0,0.0,0.0,0.0,0.0,0.0,0.0,0.0,0.0,0.0,0.0,0.0,0.0,0.0,0.0,0.0,0.0,0.0,0.0,0.0,0.0,0.0,0.0,0.0,0.0,0.0,0.0,0.0,0.0,0.0,0.0,0.0,0.0,0.0,0.0,0.0,0.0,0.0,0.0,0.0,0.0,0.0,0.0,0.0,0.0,0.0,0.0,0.0,0.0,0.0,0.0,0.0,0.0,0.0,0.0,0.0,0.0,0.0,0.0,0.0,0.0,0.0,0.0,0.0,0.0,0.0,0.0,0.0,0.0,0.0,0.0,0.0,0.0,0.0,0.0,0.0,0.0,0.0,0.0,0.0,0.0,0.0,0.0
ENCFF110TON,0.140203120452238,37211,194,1377,51323,409,128053,7492,425,156,141,447,3693,1487,4968,22495,19685,1594,629,7021,3685,64,450,9,58,52,1358,1824,3647,29553,2978,130,38,406,2811,2524,24,3162,20,4,6302,6927,62,208,84,42,758,6516,27805,91,782,1930,2026,132,192,3248,75,219,205,206,665,1987,742,21816,507,375,459,53,48507,38190,3618,1774,1021,2181,3675,63,1926,898,1020,1250,354,1668,1937,2117,557,1041,4797,48,1282,1119,36,1022,520,156,1881,1118,15557,125110,5550,122,15709,25754,3886,21721,2027,1024,2906,1389,1765,42,2747,5284,5688,180,3975,25985,1618,36300,233,1183,1024,5095,462,70342,1749,4632,1650,277,1318,147,68,17234,4459,822,26227,7500,7575,16485,81,4540,9483,1730,2572,50679,310,205,47,47,24,14,1248,306,233,7205,2288,156,2878,49985,2970,160,2057,1565,984,2070,3047,2791,3925,48,128,86,1539,45,1817,843,1110,115,10,24,669,376,1865,8056,4019,29366,2572,18025,28217,11446,37190,13668,24697,138,19283,25010,6552,6608,20542,13253,4774,878,124,1226,16,1062,1684,93,48,36,78,2820,77,57107,10201,6991,2790,196150,33057,3274,20375,33064,760,409,29102,16078,60681,1739,25806,61,23335,11,130,537,25,463,1297,312,5259,1736,64,1009,932,865,1562,732,3538,1842,102,135,5242,3759,1811,1953,2404,451,1397,1165,722,391,329,247,1422,4738,1052,529,1342,3382,2561,13924,50854,1646,3232,2819,1461,1256,986,962,1342,750,88,7530,790,2321,4457,454,1935,756,3843,2311,1588,1280,1460,175,654,522,3597,2556,1282,1199,1059,2082,2042,1640,977,1611,3643,23,40,628,1183,495,463,9674,272,6919,32,159,78,4563,425,5773,5523,7672,36,2021,109,27,1733,1806,66189,325,1440,2730,824,27,2717,23,432,976,17267,8889,3216,906,91,120,82,32,56,889,1623,1983,1217,3041,889,580,2556,66510,217,2211,72742,598,4831,1359,8505,2195,2462,345,287,2589,1108,1640,1684,480,341,66,12377,2377,1553,1587,623,1630,1814,21657,40,14412,1007,61,19129,5399,31,295,4019,942,59,7135,1064,659,115,4286,1445,36874,2075,415,1103,1529,853,1040,1324,640,251,61,746,44,2432,248,47,44,140,654,227,1145,38814,1181,8574,4128,668,571,719,467,18726,138,9120,1482,6227,1114,45,1778,9,26250,5030,8609,31471,1415,21118,159,339,560,1394,803,1402,1127,1379,11558,1347,33,120,1634,42,65,2134,1945,0,116,92,17752,27123,23071,5995,21089,3156,592,55345,60247,10560,26569,47085,52750,139,50,972,869,394,1284,591,325,147,666,5157,0.0,0.0,0.0,0.0,0.0,0.0,0.0,0.0,0.0,0.0,0.0,0.0,0.0,0.0,0.0,0.0,0.0,0.0,0.0,0.0,0.0,0.0,0.0,0.0,0.0,0.0,0.0,0.0,0.0,0.0,0.0,0.0,0.0,0.0,0.0,0.0,0.0,0.0,0.0,0.0,0.0,0.0,0.0,0.0,0.0,0.0,0.0,0.0,0.0,0.0,0.0,0.0,0.0,0.0,0.0,0.0,0.0,0.0,0.0,0.0,0.0,0.0,0.0,0.0,0.0,0.0,0.0,0.0,0.0,0.0,0.0,0.0,0.0,0.0,0.0,0.0,0.0,0.0,0.0,0.0,0.0,0.0,0.0,0.0,0.0,0.0,0.0,0.0,0.0,0.0,0.0,0.0,0.0,0.0,0.0,0.0,0.0,0.0,0.0,0.0,0.0,0.0,0.0,0.0,0.0,0.0,0.0,0.0,0.0,0.0,0.0,0.0,0.0,0.0,0.0,0.0,0.0,0.0,0.0,0.0,0.0,0.0,0.0,0.0,0.0,0.0,0.0,0.0,0.0,0.0,0.0,0.0,0.0,0.0,0.0,0.0,0.0,0.0,0.0,0.0,0.0,0.0,0.0,0.0,0.0,0.0,0.0,0.0,0.0,0.0
ENCFF635NMQ,0.12511081597982918,16337,40,1613,13438,120,25302,4293,94,120,125,290,1402,687,1937,4885,4172,939,162,3167,2499,71,331,31,22,13,847,222,1305,4766,1974,123,70,185,689,633,6,900,16,7,4411,4737,44,446,39,5,317,2113,4461,56,177,514,523,225,404,2648,77,171,268,446,497,585,132,2596,109,166,119,28,19201,24965,2953,399,259,448,2158,156,484,218,339,348,69,382,498,1556,134,222,1404,0,345,174,5,423,283,36,778,454,3025,76890,4822,42,12582,17917,1091,15649,624,239,2635,1039,1286,12,1697,3773,4049,77,1935,14495,558,7118,56,261,611,3849,113,8487,505,2942,1306,411,1430,104,271,12290,2553,221,4323,2151,5713,12810,71,1917,1819,475,1736,12132,177,112,20,53,17,23,963,146,242,4857,2179,342,2912,14013,989,179,496,410,410,1306,2115,1927,2650,438,71,5,419,3,671,219,524,1016,9,0,264,366,377,6241,3002,18918,867,12860,16755,6888,10601,5634,10863,109,12197,14604,4282,3843,15759,9166,2596,575,39,438,26,231,339,98,83,0,2,2012,84,20063,4499,1498,224,86429,16162,1527,11498,5043,560,357,16905,10168,21828,709,19740,74,20108,46,476,413,53,105,380,114,1505,961,24,259,332,205,369,145,981,604,62,84,1917,1166,884,2654,466,131,236,315,145,108,82,225,434,2997,592,155,729,958,830,3703,4019,187,949,1372,517,371,271,249,389,177,55,2858,167,344,2132,123,645,125,1521,421,357,238,324,159,154,204,949,938,323,388,267,1016,611,294,280,386,1525,1,5,147,241,452,489,7659,26,4765,1,212,62,3013,379,3378,3524,3400,31,1510,71,83,1082,1761,20012,248,791,906,456,17,1051,108,79,280,8300,3320,1467,1245,8,51,81,1,25,261,326,949,244,1267,163,164,592,16478,132,872,49661,164,2645,377,2057,335,983,102,140,1659,278,398,457,143,156,79,1526,486,377,411,239,438,516,11120,36,4616,939,89,12385,3288,12,110,8652,219,20,2521,306,655,150,1272,426,2827,767,260,247,463,180,534,330,454,625,68,338,9,880,42,164,102,279,67,136,350,11844,258,3046,1772,233,148,1044,129,16566,70,6354,755,5363,620,168,1093,9,18676,3918,5191,20792,623,3313,116,96,136,331,152,420,288,733,2939,412,27,76,367,55,28,2007,1842,12,125,102,10900,28686,27278,3378,18214,1840,206,34551,55099,9208,31246,41435,46646,75,69,272,258,64,352,569,130,190,430,2960,0.0,0.0,0.0,0.0,0.0,0.0,0.0,0.0,0.0,0.0,0.0,0.0,0.0,0.0,0.0,0.0,0.0,0.0,0.0,0.0,0.0,0.0,0.0,0.0,0.0,0.0,0.0,0.0,0.0,0.0,0.0,0.0,0.0,0.0,0.0,0.0,0.0,0.0,0.0,0.0,0.0,0.0,0.0,0.0,0.0,0.0,0.0,0.0,0.0,0.0,0.0,0.0,0.0,0.0,0.0,0.0,0.0,0.0,0.0,0.0,0.0,0.0,0.0,0.0,0.0,0.0,0.0,0.0,0.0,0.0,0.0,0.0,0.0,0.0,0.0,0.0,0.0,0.0,0.0,0.0,0.0,0.0,0.0,0.0,0.0,0.0,0.0,0.0,0.0,0.0,0.0,0.0,0.0,0.0,0.0,0.0,0.0,0.0,0.0,0.0,0.0,0.0,0.0,0.0,0.0,0.0,0.0,0.0,0.0,0.0,0.0,0.0,0.0,0.0,0.0,0.0,0.0,0.0,0.0,0.0,0.0,0.0,0.0,0.0,0.0,0.0,0.0,0.0,0.0,0.0,0.0,0.0,0.0,0.0,0.0,0.0,0.0,0.0,0.0,0.0,0.0,0.0,0.0,0.0,0.0,0.0,0.0,0.0,0.0,0.0
ENCFF943IGO,0.21473610566934764,51172,567,2163,16552,245,79010,14525,100,432,609,982,2062,2830,6585,4956,20759,4391,1858,14802,9397,372,2004,106,332,209,1548,391,2545,10683,8276,492,176,892,1490,2014,9,4493,72,14,12551,25503,133,974,44,161,1620,8597,6177,78,1435,385,433,950,702,15289,334,1034,543,529,2268,953,155,3908,7006,1504,125,40,47114,80949,15692,707,196,1760,15804,534,1201,198,245,463,45,296,1600,6365,134,165,2451,44,210,229,50,3513,570,282,2418,367,7489,295869,24857,156,65366,80808,2698,69629,1811,142,11588,3515,3822,45,7796,15514,16770,746,5829,72451,2442,28189,68,395,970,14684,194,24064,769,12658,4927,1284,6179,457,228,84410,9783,335,13384,7536,30267,66691,23,4419,15441,1115,4875,18566,1870,328,73,211,55,242,6016,1594,498,16051,11617,945,6393,12662,928,1046,1230,6299,4557,5355,8540,8876,14854,118,297,211,376,63,437,136,3450,520396,14,1,140,1084,1202,29296,15241,84361,3334,40736,62747,19152,21686,18019,29159,725,52342,60416,22486,20530,47469,44629,9648,1667,103,1889,21,155,360,417,50,68,213,7441,319,21954,9561,7872,1966,483060,66609,7821,56270,11195,3293,946,64364,34155,54528,1810,109496,179,107076,15,564,1293,43,82,574,626,3320,6365,76,178,226,128,289,140,3080,1650,221,376,7720,4848,2606,6607,367,69,205,300,79,83,65,836,284,8076,601,79,1628,3683,1920,6014,13662,259,2622,7940,1487,660,654,154,337,97,116,19763,213,371,11650,102,2557,136,4751,276,704,147,274,238,109,336,1161,985,200,238,220,5183,1931,309,178,256,2186,43,58,114,186,1509,153,36988,825,22116,55,553,154,12343,1938,18889,12201,12036,105,7122,115,110,8027,8951,82767,1498,4950,3484,2427,3,2990,325,1544,4159,24862,16636,2233,4326,49,239,194,60,73,168,5270,5271,1318,4780,172,207,2000,33125,112,1635,243345,448,13682,384,7995,1530,2159,119,124,5896,221,1239,1276,99,86,509,3818,1535,659,1149,424,1069,1334,50421,65,16280,2924,130,63199,19056,198,1168,10014,2196,82,6705,243,2265,416,6086,662,8303,949,596,209,1050,251,698,277,3177,1694,51,1944,49,2956,421,24,206,315,3435,664,1997,11181,438,3336,3143,264,1936,2010,1063,81313,32,27860,676,27226,4194,143,5672,23,62589,11037,16414,72153,1473,8837,57,1402,142,354,387,997,174,466,15091,787,8,550,300,101,105,9071,9532,49,32,191,69601,55357,34173,10541,71224,11714,941,100120,159952,17309,54213,126208,160868,365,283,179,172,84,238,2182,613,520,1586,11506,0.0,0.0,0.0,0.0,0.0,0.0,0.0,0.0,0.0,0.0,0.0,0.0,0.0,0.0,0.0,0.0,0.0,0.0,0.0,0.0,0.0,0.0,0.0,0.0,0.0,0.0,0.0,0.0,0.0,0.0,0.0,0.0,0.0,0.0,0.0,0.0,0.0,0.0,0.0,0.0,0.0,0.0,0.0,0.0,0.0,0.0,0.0,0.0,0.0,0.0,0.0,0.0,0.0,0.0,0.0,0.0,0.0,0.0,0.0,0.0,0.0,0.0,0.0,0.0,0.0,0.0,0.0,0.0,0.0,0.0,0.0,0.0,0.0,0.0,0.0,0.0,0.0,0.0,0.0,0.0,0.0,0.0,0.0,0.0,0.0,0.0,0.0,0.0,0.0,0.0,0.0,0.0,0.0,0.0,0.0,0.0,0.0,0.0,0.0,0.0,0.0,0.0,0.0,0.0,0.0,0.0,0.0,0.0,0.0,0.0,0.0,0.0,0.0,0.0,0.0,0.0,0.0,0.0,0.0,0.0,0.0,0.0,0.0,0.0,0.0,0.0,0.0,0.0,0.0,0.0,0.0,0.0,0.0,0.0,0.0,0.0,0.0,0.0,0.0,0.0,0.0,0.0,0.0,0.0,0.0,0.0,0.0,0.0,0.0,0.0
ENCFF000OOO,0.16448822131110194,70149,405,3788,37915,613,92412,7729,292,643,363,1307,5998,4923,10049,22215,33514,3743,581,5669,6207,203,878,135,86,79,1354,4691,3432,20907,3865,285,264,506,2365,2333,119,2433,34,167,9943,12200,87,659,59,147,1625,6916,21282,406,777,1086,1530,507,463,7199,182,389,416,186,822,3003,436,12752,808,619,1235,674,48377,46930,7827,1265,731,1690,7074,329,1634,570,829,996,237,1049,1913,3810,435,592,3907,17,916,583,33,1697,165,32,1201,1314,14479,176508,11381,139,31011,44807,2835,38611,1688,693,5730,1895,2221,36,3050,8275,8339,218,5322,34102,2707,26732,420,1682,1879,9554,715,38987,1658,6244,3110,797,2834,397,156,35094,14972,4193,25227,9144,15860,30759,606,5763,3057,1587,4024,42350,609,688,149,108,68,56,2642,341,1921,11120,5372,741,4216,38312,3250,479,1475,1315,1291,3098,4957,4134,6057,91,139,55,1068,419,1851,661,1481,3607,91,6,691,779,1365,16176,7743,46150,2313,30837,33475,14971,26830,13727,28912,347,29292,35307,11119,9951,26591,20263,7055,916,967,714,73,526,925,155,70,39,42,4274,295,36543,11553,14739,216,264150,38188,4012,30551,24995,1278,858,41259,18937,57878,4003,48227,257,47293,46,433,1836,1216,291,1232,312,4109,2455,34,710,999,625,928,448,3337,1854,240,398,5051,3441,2141,3256,1281,346,679,758,401,372,269,552,1176,5777,1353,421,1827,2982,2620,12174,24342,2779,2895,3508,1510,991,830,701,1040,528,148,8744,451,940,6246,456,1683,415,4168,1048,1136,605,1002,188,488,598,2530,2591,864,991,778,2569,1596,802,875,993,4147,39,45,417,684,538,233,15432,115,10527,18,568,46,7307,890,7899,7133,8201,37,2939,100,188,1751,4057,73476,917,2568,2624,1165,199,3396,215,300,904,16799,7161,8935,1452,177,177,122,27,94,746,1361,2665,1050,4103,537,555,1523,52370,451,2272,134243,649,6429,1110,6176,5005,2784,316,1652,7123,850,1556,1672,420,442,326,18405,1678,1071,1574,575,1409,2007,27198,78,10925,2474,44,29258,7205,27,306,7049,999,56,6806,860,1339,314,4058,1210,21841,3624,1109,849,1633,524,1268,941,1314,828,48,1024,48,2057,139,45,212,840,421,633,728,30011,1593,9431,4972,1037,487,1022,195,39913,481,17518,2265,13382,1741,374,3008,164,37051,6469,11673,48986,1999,20062,311,386,361,1130,622,1421,755,1548,6140,1334,34,559,1097,39,32,4551,4398,35,838,254,28003,42372,31114,8051,37997,4509,885,71975,96704,14037,43660,70873,86999,364,176,805,778,242,950,1507,301,665,742,7056,0.0,0.0,0.0,0.0,0.0,0.0,0.0,0.0,0.0,0.0,0.0,0.0,0.0,0.0,0.0,0.0,0.0,0.0,0.0,0.0,0.0,0.0,0.0,0.0,0.0,0.0,0.0,0.0,0.0,0.0,0.0,0.0,0.0,0.0,0.0,0.0,0.0,0.0,0.0,0.0,0.0,0.0,0.0,0.0,0.0,0.0,0.0,0.0,0.0,0.0,0.0,0.0,0.0,0.0,0.0,0.0,0.0,0.0,0.0,0.0,0.0,0.0,0.0,0.0,0.0,0.0,0.0,0.0,0.0,0.0,0.0,0.0,0.0,0.0,0.0,0.0,0.0,0.0,0.0,0.0,0.0,0.0,0.0,0.0,0.0,0.0,0.0,0.0,0.0,0.0,0.0,0.0,0.0,0.0,0.0,0.0,0.0,0.0,0.0,0.0,0.0,0.0,0.0,0.0,0.0,0.0,0.0,0.0,0.0,0.0,0.0,0.0,0.0,0.0,0.0,0.0,0.0,0.0,0.0,0.0,0.0,0.0,0.0,0.0,0.0,0.0,0.0,0.0,0.0,0.0,0.0,0.0,0.0,0.0,0.0,0.0,0.0,0.0,0.0,0.0,0.0,0.0,0.0,0.0,0.0,0.0,0.0,0.0,0.0,0.0
ENCFF000ZSM,0.06789164171830894,2243,19,270,1949,34,3090,282,32,32,14,34,141,261,459,985,1277,224,19,300,281,10,39,2,3,3,37,89,188,1975,221,22,18,23,108,94,2,97,0,0,371,684,6,64,4,5,36,292,1727,11,81,59,88,26,22,447,11,14,25,5,36,86,37,804,11,21,24,6,2867,2950,461,55,32,66,355,12,75,37,48,52,19,65,65,226,29,19,194,0,40,37,0,82,11,1,93,61,864,9439,647,4,1675,2314,118,2121,53,29,282,105,102,1,156,406,420,1,290,1912,147,1526,28,121,138,516,35,2306,75,345,169,51,208,23,8,1815,746,49,1115,470,745,1596,10,249,170,56,183,1674,18,20,3,9,1,3,145,19,34,535,246,35,214,1946,197,24,59,70,53,157,313,287,323,2,26,4,55,4,91,44,206,545,1,0,34,57,47,974,404,2585,133,1608,1921,802,1685,710,1526,11,1499,1852,605,522,1340,1095,368,52,11,43,9,24,51,12,4,1,9,231,20,1989,662,663,13,12058,2011,197,1561,1495,62,37,2245,1010,3481,220,2435,3,2557,4,16,48,9,11,54,11,171,130,3,32,56,28,48,24,155,95,14,11,236,203,104,148,57,18,29,26,16,24,19,29,70,311,60,22,115,138,121,739,1478,44,136,218,66,34,37,32,47,18,4,412,28,50,325,15,92,32,211,87,62,36,48,10,22,21,156,130,54,70,41,130,80,46,53,49,189,1,0,20,36,32,14,845,6,556,3,36,2,413,37,412,361,420,0,144,6,6,56,268,3874,39,117,111,75,2,130,13,8,39,744,374,163,75,3,11,4,0,3,33,73,137,35,207,29,26,74,2922,22,113,7266,36,335,56,296,62,157,20,24,253,59,52,48,25,25,7,327,61,59,67,16,65,77,1435,6,617,164,2,1619,388,1,20,344,50,4,395,45,84,22,166,50,841,185,32,48,43,24,102,46,87,23,1,62,3,112,11,2,15,24,25,43,56,2490,102,637,337,106,30,42,11,2243,14,891,113,741,84,8,182,2,1534,284,533,2317,122,930,9,11,22,36,39,65,47,75,395,47,3,18,65,2,3,260,268,1,18,10,1452,2160,1738,399,2022,277,36,4021,5024,789,2183,3784,4589,16,13,33,62,12,57,77,22,30,39,394,0.0,0.0,0.0,0.0,0.0,0.0,0.0,0.0,0.0,0.0,0.0,0.0,0.0,0.0,0.0,0.0,0.0,0.0,0.0,0.0,0.0,0.0,0.0,0.0,0.0,0.0,0.0,0.0,0.0,0.0,0.0,0.0,0.0,0.0,0.0,0.0,0.0,0.0,0.0,0.0,0.0,0.0,0.0,0.0,0.0,0.0,0.0,0.0,0.0,0.0,0.0,0.0,0.0,0.0,0.0,0.0,0.0,0.0,0.0,0.0,0.0,0.0,0.0,0.0,0.0,0.0,0.0,0.0,0.0,0.0,0.0,0.0,0.0,0.0,0.0,0.0,0.0,0.0,0.0,0.0,0.0,0.0,0.0,0.0,0.0,0.0,0.0,0.0,0.0,0.0,0.0,0.0,0.0,0.0,0.0,0.0,0.0,0.0,0.0,0.0,0.0,0.0,0.0,0.0,0.0,0.0,0.0,0.0,0.0,0.0,0.0,0.0,0.0,0.0,0.0,0.0,0.0,0.0,0.0,0.0,0.0,0.0,0.0,0.0,0.0,0.0,0.0,0.0,0.0,0.0,0.0,0.0,0.0,0.0,0.0,0.0,0.0,0.0,0.0,0.0,0.0,0.0,0.0,0.0,0.0,0.0,0.0,0.0,0.0,0.0
ENCFF539YAN,0.162232622800496,18572,138,1833,41108,695,220300,4974,334,265,144,326,3390,1824,7752,19354,40376,1470,482,4031,3161,61,329,29,63,50,923,361,3331,29185,2104,115,43,362,2195,1869,52,1879,11,2,5461,6021,59,280,81,27,568,5173,30642,40,470,1425,1548,190,68,2546,58,223,128,58,518,1554,743,14403,3221,223,115,103,39308,32843,2751,1332,775,1804,2375,121,1406,738,892,1015,259,1277,1250,1790,484,860,4147,15,920,819,13,489,92,11,931,1187,20680,106716,5167,87,13801,21802,2618,18419,1272,798,2180,601,738,20,1474,3340,3850,74,3417,16965,1739,53176,258,1299,1357,4673,577,88248,1506,3232,1176,229,1184,149,24,13417,8144,164,28336,7660,5177,14389,26,4172,4317,1218,2499,47359,119,91,141,75,42,22,1190,212,320,6309,1852,285,2996,42350,3293,176,1431,393,334,1875,2030,1833,2648,28,48,31,1228,22,1618,803,470,103,5,15,613,355,1200,7047,3460,24003,2185,19669,22420,10217,32557,11371,22084,311,16017,20480,5595,5023,15610,10094,3400,769,63,598,29,849,1302,85,22,13,58,2623,122,45943,9673,9804,128,127788,29811,2950,20506,26199,533,344,27270,14418,51420,3153,22508,147,18681,18,148,637,19,364,984,153,4024,1664,20,869,847,743,1163,550,2469,1548,108,116,4578,2732,1526,1306,1893,451,884,904,495,389,257,168,1534,3979,921,443,1222,2385,2064,14146,41824,324,2497,1626,1163,972,652,706,1058,631,26,4041,585,1578,3388,341,1442,588,3192,1667,1211,867,1063,80,542,490,2828,2220,906,1088,940,1667,1639,1314,773,1239,3804,36,23,512,945,240,250,6993,61,4416,14,289,28,3945,375,3683,4132,6073,30,1764,105,48,588,1778,91575,296,1070,1926,724,40,2459,42,115,781,13238,5656,3498,742,55,72,44,11,43,713,882,1197,706,2321,753,539,2422,68028,240,1936,65073,515,3845,1115,6440,425,2178,326,109,2134,957,1085,1187,431,370,128,2063,1426,1096,1026,429,1154,1288,15617,67,11154,912,19,14230,4013,42,213,3837,493,34,6639,810,455,71,3079,1140,21086,2548,248,826,1218,615,901,1015,632,532,23,688,20,1557,95,23,43,84,193,280,696,32193,1449,8724,4530,1019,371,332,89,13587,49,8422,1296,5475,754,127,1468,12,18649,3431,6244,25592,2087,20501,183,233,449,1105,530,976,882,1268,5469,1021,14,97,1293,7,29,1650,1746,0,86,78,14330,26766,22382,5637,18444,2543,986,50845,56330,9898,26911,42975,46480,269,60,753,810,249,1020,353,369,114,393,4511,0.0,0.0,0.0,0.0,0.0,0.0,0.0,0.0,0.0,0.0,0.0,0.0,0.0,0.0,0.0,0.0,0.0,0.0,0.0,0.0,0.0,0.0,0.0,0.0,0.0,0.0,0.0,0.0,0.0,0.0,0.0,0.0,0.0,0.0,0.0,0.0,0.0,0.0,0.0,0.0,0.0,0.0,0.0,0.0,0.0,0.0,0.0,0.0,0.0,0.0,0.0,0.0,0.0,0.0,0.0,0.0,0.0,0.0,0.0,0.0,0.0,0.0,0.0,0.0,0.0,0.0,0.0,0.0,0.0,0.0,0.0,0.0,0.0,0.0,0.0,0.0,0.0,0.0,0.0,0.0,0.0,0.0,0.0,0.0,0.0,0.0,0.0,0.0,0.0,0.0,0.0,0.0,0.0,0.0,0.0,0.0,0.0,0.0,0.0,0.0,0.0,0.0,0.0,0.0,0.0,0.0,0.0,0.0,0.0,0.0,0.0,0.0,0.0,0.0,0.0,0.0,0.0,0.0,0.0,0.0,0.0,0.0,0.0,0.0,0.0,0.0,0.0,0.0,0.0,0.0,0.0,0.0,0.0,0.0,0.0,0.0,0.0,0.0,0.0,0.0,0.0,0.0,0.0,0.0,0.0,0.0,0.0,0.0,0.0,0.0
ENCFF000WPA,0.15448861287687196,32544,401,2424,15561,578,45842,2905,135,286,130,241,1820,2942,5426,7894,17153,1783,148,2775,3261,66,216,47,24,23,343,1727,1724,13896,1581,110,125,251,936,842,63,812,11,5,3520,4502,30,298,30,88,213,2589,10943,241,255,515,762,197,124,2523,55,136,168,37,303,906,174,7851,169,258,491,38,24658,23759,2617,544,370,893,2112,77,578,304,430,448,124,529,586,1694,258,275,1825,7,430,230,13,509,509,14,874,694,8311,80523,4831,63,12638,17830,1196,15608,656,324,2096,772,779,10,1261,3255,3110,37,2180,13719,1825,16216,440,1943,1728,4422,939,21870,746,2698,1463,335,1088,175,66,13020,8384,1214,9793,5040,5026,10513,425,2396,1358,594,1641,17895,253,322,46,67,35,14,779,140,246,5466,1962,300,2060,16961,1782,182,534,375,343,1344,2093,1842,2114,24,49,17,541,5,977,316,365,353,49,4,354,330,487,6601,2872,19196,1119,15280,15200,6758,15809,6407,14230,135,12581,15416,4786,3923,10490,7770,2831,414,293,338,28,238,445,78,37,14,12,1890,193,16427,6194,8033,73,108586,16983,1644,11910,13712,399,345,18574,8926,29888,3218,17925,99,17378,27,144,377,138,175,462,108,1758,834,14,332,503,301,485,231,1183,713,135,72,2125,1326,854,1100,551,191,338,351,192,205,162,239,587,2573,768,226,869,1126,1082,6030,15460,1009,1059,1364,607,407,333,336,512,241,92,2810,222,416,2095,190,701,198,1865,580,509,328,460,132,239,324,1213,1274,447,530,342,1021,757,394,445,447,2090,22,20,240,322,179,175,5735,39,4100,9,263,30,2450,272,2926,3162,3413,6,1022,45,85,997,1646,36091,300,916,973,502,104,1492,72,83,206,7162,3135,1724,504,23,85,52,3,19,359,628,1048,267,1745,299,287,1008,23015,275,1066,57336,316,2397,494,2494,1632,1290,159,854,3586,439,503,504,256,245,126,8854,538,472,519,235,561,632,10788,41,4375,1065,10,11121,4774,20,76,2728,273,19,2926,438,524,119,1401,593,9116,1692,385,452,531,234,539,410,540,374,7,456,12,785,42,36,67,339,114,485,400,14894,1666,5422,3535,864,252,483,78,17293,226,6663,1057,5108,478,179,1240,42,14401,2954,4954,20348,1498,9429,185,210,233,581,412,538,363,772,3713,477,21,190,524,12,7,1485,1459,11,286,80,10074,20774,15158,3886,15888,1808,198,31364,43174,6883,21055,30700,35862,93,82,424,356,146,464,514,123,197,305,3222,0.0,0.0,0.0,0.0,0.0,0.0,0.0,0.0,0.0,0.0,0.0,0.0,0.0,0.0,0.0,0.0,0.0,0.0,0.0,0.0,0.0,0.0,0.0,0.0,0.0,0.0,0.0,0.0,0.0,0.0,0.0,0.0,0.0,0.0,0.0,0.0,0.0,0.0,0.0,0.0,0.0,0.0,0.0,0.0,0.0,0.0,0.0,0.0,0.0,0.0,0.0,0.0,0.0,0.0,0.0,0.0,0.0,0.0,0.0,0.0,0.0,0.0,0.0,0.0,0.0,0.0,0.0,0.0,0.0,0.0,0.0,0.0,0.0,0.0,0.0,0.0,0.0,0.0,0.0,0.0,0.0,0.0,0.0,0.0,0.0,0.0,0.0,0.0,0.0,0.0,0.0,0.0,0.0,0.0,0.0,0.0,0.0,0.0,0.0,0.0,0.0,0.0,0.0,0.0,0.0,0.0,0.0,0.0,0.0,0.0,0.0,0.0,0.0,0.0,0.0,0.0,0.0,0.0,0.0,0.0,0.0,0.0,0.0,0.0,0.0,0.0,0.0,0.0,0.0,0.0,0.0,0.0,0.0,0.0,0.0,0.0,0.0,0.0,0.0,0.0,0.0,0.0,0.0,0.0,0.0,0.0,0.0,0.0,0.0,0.0
ENCFF002EDI,0.20283322848645408,60369,481,3110,43413,1313,197211,7164,242,623,353,649,2973,5748,9157,14516,51121,4000,557,6711,6403,209,811,129,88,111,914,2510,3308,36266,4422,329,239,568,1844,1721,81,2264,21,16,8204,12794,63,718,66,178,800,5955,29134,318,520,1009,1409,496,397,7569,216,423,496,219,1074,1417,300,14225,221,1040,594,73,48812,47308,8339,1110,691,1621,6131,385,1230,587,772,946,204,1009,1245,4070,424,511,3381,28,880,516,34,1589,295,67,1382,1165,16008,194541,12138,106,32388,45493,2845,38782,1182,632,6387,1984,2273,63,3732,9000,9195,341,4685,36400,3624,57943,869,3453,3015,9744,1465,81050,1429,6892,3466,916,3093,490,176,35669,14444,1755,26319,8786,12987,32243,414,4490,4136,1185,4191,27720,746,559,115,143,36,46,2705,369,615,11722,5671,775,4289,41711,3151,530,1271,2448,1665,3120,4593,4054,6258,86,214,88,1031,34,1666,591,1413,531,64,8,628,886,1106,16993,8189,47860,2332,33728,38759,14603,30172,13825,28097,375,29103,34525,11082,10256,24963,19918,6817,900,570,920,51,502,913,256,91,51,85,4028,379,36220,11654,17947,487,261455,38404,3727,29403,25905,1386,530,42047,19951,58667,6427,48375,162,49897,38,299,772,102,278,982,234,3724,2623,30,619,887,658,875,405,2641,1555,266,292,4909,3192,2130,2897,1213,343,636,738,356,364,272,562,1068,5341,1149,363,1721,2331,2173,10099,24707,1538,2390,3323,1440,920,671,706,979,511,175,9237,490,866,5982,379,1677,357,4200,1086,1017,612,874,218,460,592,2416,2442,821,954,739,2785,1637,861,822,898,3811,29,37,398,592,756,310,16967,266,11729,39,672,115,7406,875,8344,7609,7343,38,3049,187,201,1403,4414,70041,820,2406,2152,1155,163,2747,250,491,859,15705,7228,3063,1808,94,418,202,16,116,702,3096,3393,631,4174,566,487,1533,59441,414,2080,140334,646,6566,970,5504,2801,2569,299,1017,6002,765,1015,1139,372,427,308,13869,1237,934,1196,536,1132,1333,28015,139,10694,2478,34,29675,6927,47,336,6339,1019,86,6884,811,1592,379,3243,1166,28409,3057,1024,712,1191,420,1227,897,1473,218,23,999,25,1989,212,44,242,688,795,1044,864,27572,3197,9474,6837,1814,586,1015,279,43441,237,17077,1904,14203,1831,371,3183,33,34422,6365,10832,47187,1718,20351,253,226,368,1030,576,1151,724,1553,8264,1030,42,452,996,64,109,4849,5014,22,477,236,28777,40724,29914,7379,39433,4490,378,71463,96195,13082,42667,68724,87383,378,195,771,692,190,863,1692,410,698,780,7559,0.0,0.0,0.0,0.0,0.0,0.0,0.0,0.0,0.0,0.0,0.0,0.0,0.0,0.0,0.0,0.0,0.0,0.0,0.0,0.0,0.0,0.0,0.0,0.0,0.0,0.0,0.0,0.0,0.0,0.0,0.0,0.0,0.0,0.0,0.0,0.0,0.0,0.0,0.0,0.0,0.0,0.0,0.0,0.0,0.0,0.0,0.0,0.0,0.0,0.0,0.0,0.0,0.0,0.0,0.0,0.0,0.0,0.0,0.0,0.0,0.0,0.0,0.0,0.0,0.0,0.0,0.0,0.0,0.0,0.0,0.0,0.0,0.0,0.0,0.0,0.0,0.0,0.0,0.0,0.0,0.0,0.0,0.0,0.0,0.0,0.0,0.0,0.0,0.0,0.0,0.0,0.0,0.0,0.0,0.0,0.0,0.0,0.0,0.0,0.0,0.0,0.0,0.0,0.0,0.0,0.0,0.0,0.0,0.0,0.0,0.0,0.0,0.0,0.0,0.0,0.0,0.0,0.0,0.0,0.0,0.0,0.0,0.0,0.0,0.0,0.0,0.0,0.0,0.0,0.0,0.0,0.0,0.0,0.0,0.0,0.0,0.0,0.0,0.0,0.0,0.0,0.0,0.0,0.0,0.0,0.0,0.0,0.0,0.0,0.0
ENCFF423PGB,0.11284054939610993,59957,747,3555,55387,683,161944,8868,330,401,311,920,4263,2553,8275,31526,30305,3732,717,6178,6907,178,843,91,43,60,1428,2389,4191,28764,5111,329,134,594,2578,2316,57,2676,16,13,10402,13864,33,801,32,261,806,7603,25487,230,678,1332,1760,581,423,8133,160,484,671,159,927,2006,373,13323,498,266,794,73,53307,62400,9128,1448,937,2106,12114,359,1677,808,995,1123,301,1346,1648,4382,633,898,4992,5,1134,812,11,1244,110,26,1252,1441,23429,209718,12007,159,33883,47415,2942,41289,1751,900,6431,1927,1820,23,3371,9260,9263,152,6504,41317,2240,40348,371,1570,1820,10073,730,57808,1772,7943,3222,656,3081,428,109,37920,10008,1741,19839,7822,24745,36130,233,5924,4563,1710,4968,57724,357,467,138,107,18,27,2846,373,499,13444,5485,788,4904,55523,3872,510,1577,1428,1023,3763,5937,6204,7579,56,105,58,1391,9,2079,841,1514,471,20,22,653,928,1424,17402,8593,55039,2862,32055,39446,19198,37022,17248,35418,350,33349,39769,15378,11663,29423,23270,6300,1098,519,1192,81,761,1304,168,43,27,71,5627,207,44503,14688,8193,374,327830,50861,4750,33790,24240,1281,902,48242,24211,69345,5757,57343,257,59576,21,569,1095,53,404,1286,424,5408,3269,41,995,1190,822,1242,592,3254,2090,429,298,7267,4134,2583,3863,1831,459,951,931,537,458,349,536,1597,6331,1780,514,2039,3112,2749,10501,43319,1756,3280,4096,1804,1042,799,868,1283,719,229,8330,674,1427,6288,423,2163,593,5326,1502,1377,859,1289,298,666,739,3409,2786,1094,1323,1068,2998,2032,1383,1013,1424,5603,35,36,548,896,648,448,19679,218,12071,19,527,87,8387,1089,9336,10039,13730,10,3624,75,163,1771,5654,94002,954,2510,2753,1271,148,3508,177,339,1204,20231,8531,4356,1865,34,216,69,23,67,880,2684,3397,857,4991,714,676,1610,67024,532,2790,152465,889,7838,1305,7562,2970,3231,425,840,5738,983,1407,1438,513,547,385,13089,1729,1242,1513,665,1576,1759,30432,36,14540,2343,61,35220,9406,85,376,8409,964,54,9122,1067,1992,237,4440,1439,21757,3813,793,1002,1445,678,1470,1216,1680,859,19,1034,30,2606,152,108,220,549,449,460,757,48341,1606,11054,6064,1212,741,950,327,44561,186,20137,2143,15112,1847,327,4002,43,37931,7064,13210,53941,4638,17049,286,359,558,1343,833,1423,1055,1833,8371,1354,21,250,1529,38,18,4930,5167,15,483,208,30189,44689,35620,8879,41889,4982,469,80532,102191,16070,46233,78228,93847,287,171,932,943,260,1071,1356,527,462,1019,8928,0.0,0.0,0.0,0.0,0.0,0.0,0.0,0.0,0.0,0.0,0.0,0.0,0.0,0.0,0.0,0.0,0.0,0.0,0.0,0.0,0.0,0.0,0.0,0.0,0.0,0.0,0.0,0.0,0.0,0.0,0.0,0.0,0.0,0.0,0.0,0.0,0.0,0.0,0.0,0.0,0.0,0.0,0.0,0.0,0.0,0.0,0.0,0.0,0.0,0.0,0.0,0.0,0.0,0.0,0.0,0.0,0.0,0.0,0.0,0.0,0.0,0.0,0.0,0.0,0.0,0.0,0.0,0.0,0.0,0.0,0.0,0.0,0.0,0.0,0.0,0.0,0.0,0.0,0.0,0.0,0.0,0.0,0.0,0.0,0.0,0.0,0.0,0.0,0.0,0.0,0.0,0.0,0.0,0.0,0.0,0.0,0.0,0.0,0.0,0.0,0.0,0.0,0.0,0.0,0.0,0.0,0.0,0.0,0.0,0.0,0.0,0.0,0.0,0.0,0.0,0.0,0.0,0.0,0.0,0.0,0.0,0.0,0.0,0.0,0.0,0.0,0.0,0.0,0.0,0.0,0.0,0.0,0.0,0.0,0.0,0.0,0.0,0.0,0.0,0.0,0.0,0.0,0.0,0.0,0.0,0.0,0.0,0.0,0.0,0.0
ENCFF000OJU,0.1537940174033144,70119,225,3177,34988,1085,133693,5666,235,689,272,479,2515,5530,9326,16101,42491,3730,549,5798,5434,187,836,97,143,92,804,4335,3067,26309,4314,292,242,470,1619,1466,111,2010,74,6,6663,11870,103,719,42,62,694,5312,18734,515,472,911,1182,537,334,6639,211,399,503,168,967,1270,487,13177,850,374,1137,21,46362,47799,7575,1014,637,1798,5329,312,1135,467,689,774,202,969,1046,3766,395,512,3030,35,766,439,35,1499,528,114,1290,1176,21519,166695,10812,95,28426,40013,2583,34367,1102,541,5811,1817,1826,42,2876,7620,7738,269,3817,33530,3625,51813,858,3456,2895,8936,1567,66181,1267,5900,3062,865,2969,532,312,32474,14930,2098,21754,9306,11306,29892,661,3926,3914,1025,3927,40650,339,812,107,171,67,99,2487,787,463,9859,5471,770,3926,34455,2954,500,1108,937,964,2872,4150,3475,5632,94,229,76,931,36,1548,566,538,168,57,1,691,830,878,15170,7463,43724,2089,31427,35260,13401,28284,12503,25240,325,27974,32337,10490,9473,22750,18786,5324,815,1062,844,35,436,761,223,111,48,59,3690,461,41756,10118,14261,298,185865,36116,3448,29167,23983,1277,492,38011,17146,53266,6691,47517,224,46102,91,275,652,66,296,870,252,3308,2347,46,552,824,521,777,399,2317,1374,261,210,4509,3044,2080,2782,1068,268,600,636,327,373,236,542,955,4579,1127,371,1779,2132,1882,9786,19870,1945,2255,2952,1184,725,532,570,859,370,151,7420,421,704,5590,320,1485,411,3820,889,916,490,842,224,436,529,2166,2036,719,779,600,2455,1414,696,673,774,3382,36,65,379,554,722,247,16107,225,10416,61,598,104,6562,890,7468,6475,7089,72,2864,221,222,1633,4256,73093,830,2012,1949,1071,162,2323,207,1193,752,13678,6541,2252,1506,162,212,165,23,155,528,1469,2582,543,3572,437,483,1750,51182,476,1899,121835,504,6290,889,5146,3848,2346,304,1516,6608,716,927,944,344,388,361,19865,1063,851,1030,366,1009,1210,26204,104,9840,2232,31,26686,8258,38,336,5617,715,143,6045,695,1337,407,2855,1022,17143,2528,965,762,1012,384,1084,802,1542,909,52,964,66,1682,135,27,247,695,379,1099,807,30889,3157,7854,6503,1919,487,957,406,39226,527,17164,2167,13206,1661,340,3031,9,29428,5698,9816,42717,1265,15254,301,332,355,981,454,1009,584,1219,6398,880,32,633,930,34,82,4177,4401,28,833,287,24881,36649,27333,6686,35737,4155,1069,66182,86091,11524,38664,61615,77885,333,193,663,589,196,705,1453,293,405,664,6685,0.0,0.0,0.0,0.0,0.0,0.0,0.0,0.0,0.0,0.0,0.0,0.0,0.0,0.0,0.0,0.0,0.0,0.0,0.0,0.0,0.0,0.0,0.0,0.0,0.0,0.0,0.0,0.0,0.0,0.0,0.0,0.0,0.0,0.0,0.0,0.0,0.0,0.0,0.0,0.0,0.0,0.0,0.0,0.0,0.0,0.0,0.0,0.0,0.0,0.0,0.0,0.0,0.0,0.0,0.0,0.0,0.0,0.0,0.0,0.0,0.0,0.0,0.0,0.0,0.0,0.0,0.0,0.0,0.0,0.0,0.0,0.0,0.0,0.0,0.0,0.0,0.0,0.0,0.0,0.0,0.0,0.0,0.0,0.0,0.0,0.0,0.0,0.0,0.0,0.0,0.0,0.0,0.0,0.0,0.0,0.0,0.0,0.0,0.0,0.0,0.0,0.0,0.0,0.0,0.0,0.0,0.0,0.0,0.0,0.0,0.0,0.0,0.0,0.0,0.0,0.0,0.0,0.0,0.0,0.0,0.0,0.0,0.0,0.0,0.0,0.0,0.0,0.0,0.0,0.0,0.0,0.0,0.0,0.0,0.0,0.0,0.0,0.0,0.0,0.0,0.0,0.0,0.0,0.0,0.0,0.0,0.0,0.0,0.0,0.0
ENCFF000ZAZ,0.08584002163599401,4265,24,236,4238,91,10006,610,31,43,30,139,338,307,660,2346,2584,295,30,393,531,22,57,5,8,7,69,153,252,2264,295,12,19,38,138,123,7,149,5,16,907,908,4,66,0,7,42,414,2160,13,60,73,94,42,28,559,19,27,42,10,69,171,8,1120,12,19,59,42,3714,3975,589,71,52,101,580,15,96,55,52,66,16,80,84,318,47,34,229,1,81,39,0,102,8,1,105,112,1728,13708,865,7,2349,3131,172,2851,118,46,408,133,151,2,211,572,590,8,483,2570,260,2614,65,254,195,701,114,3747,120,562,275,58,248,28,11,2501,923,142,1680,601,1387,2264,33,507,253,75,314,4449,33,36,10,11,5,4,171,21,106,886,404,48,363,4126,313,37,76,95,94,240,407,438,496,4,8,1,69,3,138,53,200,167,5,1,45,66,78,1161,565,3631,170,2304,2661,1174,2842,1044,2233,17,2134,2462,877,741,1852,1474,525,60,40,59,9,45,62,7,2,1,3,352,37,3064,1012,745,17,17408,2997,289,2215,1903,101,79,3167,1507,4600,614,3957,21,4021,3,27,225,199,19,57,27,247,175,2,59,76,48,92,36,185,91,26,27,321,260,149,237,101,21,52,58,34,24,27,43,111,384,107,37,140,193,144,858,1657,110,161,268,113,58,41,47,65,33,13,633,40,66,430,24,125,31,296,92,107,55,66,11,30,31,213,177,63,69,51,215,105,43,51,70,256,0,2,33,36,45,23,1234,7,849,3,41,6,481,77,580,616,661,1,199,11,15,125,303,5396,58,166,178,66,9,157,16,17,52,1113,552,547,110,6,18,10,1,5,48,122,202,44,298,44,40,108,5233,27,148,9533,37,448,65,396,164,201,25,58,441,78,75,81,35,41,12,811,89,70,85,34,120,88,2090,7,798,215,4,2453,559,8,20,562,58,3,541,49,122,22,246,93,1402,256,52,54,63,36,79,49,123,62,1,86,2,167,7,5,9,42,15,61,54,3763,279,789,508,161,36,72,27,3031,20,1150,193,1080,106,22,270,18,2309,387,761,3442,150,1230,23,20,19,50,44,77,52,109,572,68,2,29,94,1,4,342,367,2,36,16,1885,2869,2248,490,2769,354,26,5798,6722,961,2939,4869,6055,20,24,65,68,25,74,110,25,37,49,626,0.0,0.0,0.0,0.0,0.0,0.0,0.0,0.0,0.0,0.0,0.0,0.0,0.0,0.0,0.0,0.0,0.0,0.0,0.0,0.0,0.0,0.0,0.0,0.0,0.0,0.0,0.0,0.0,0.0,0.0,0.0,0.0,0.0,0.0,0.0,0.0,0.0,0.0,0.0,0.0,0.0,0.0,0.0,0.0,0.0,0.0,0.0,0.0,0.0,0.0,0.0,0.0,0.0,0.0,0.0,0.0,0.0,0.0,0.0,0.0,0.0,0.0,0.0,0.0,0.0,0.0,0.0,0.0,0.0,0.0,0.0,0.0,0.0,0.0,0.0,0.0,0.0,0.0,0.0,0.0,0.0,0.0,0.0,0.0,0.0,0.0,0.0,0.0,0.0,0.0,0.0,0.0,0.0,0.0,0.0,0.0,0.0,0.0,0.0,0.0,0.0,0.0,0.0,0.0,0.0,0.0,0.0,0.0,0.0,0.0,0.0,0.0,0.0,0.0,0.0,0.0,0.0,0.0,0.0,0.0,0.0,0.0,0.0,0.0,0.0,0.0,0.0,0.0,0.0,0.0,0.0,0.0,0.0,0.0,0.0,0.0,0.0,0.0,0.0,0.0,0.0,0.0,0.0,0.0,0.0,0.0,0.0,0.0,0.0,0.0
ENCFF001YXJ,0.19156219794890386,73057,260,3685,38523,903,100163,7226,348,634,330,740,3493,4879,10762,20014,29959,4272,628,7695,6741,193,877,95,78,105,975,3482,3929,52290,4591,319,245,624,2094,1993,119,2401,43,29,9525,13601,79,809,49,96,789,6882,26159,402,627,1268,1689,591,390,8089,190,443,456,210,958,1751,320,17284,607,765,989,110,59613,61314,9942,1309,837,1740,7681,424,1443,606,992,1029,242,1145,1438,4628,508,650,4166,37,1099,617,32,1574,254,37,1882,1551,23100,203595,12426,134,33705,48105,2973,41541,1322,761,6615,1995,2267,23,3402,8675,9097,152,4934,46501,3558,53928,873,3259,2959,10782,1386,75982,1672,7447,3572,1036,3388,484,219,36359,16104,2722,30861,10344,16960,34961,611,5263,5550,1417,4517,61840,613,785,115,152,46,70,2936,379,815,12447,5990,883,5953,39792,3932,613,1399,1610,1430,3691,5709,4926,6444,109,223,62,1234,65,2059,713,1239,450,96,12,752,1053,1231,19307,9048,55453,2808,36857,41491,18382,45132,16711,33246,351,34210,40437,13822,11637,28649,23889,7464,1167,776,1172,60,618,1095,273,112,64,248,4744,477,70160,15242,15455,651,233744,46869,4479,35495,31681,1392,653,49167,23974,70885,5865,55904,245,54924,71,367,917,244,352,1147,346,4388,2706,41,761,1045,622,1063,486,2950,1744,279,293,5518,3578,2461,3556,1389,386,761,858,425,400,340,612,1377,6264,1507,461,2115,2867,2550,11346,21658,2229,2810,3583,1601,1023,768,739,1154,566,172,9424,592,1034,6420,435,1877,475,4621,1291,1238,709,1105,199,569,729,2827,2912,1018,1191,907,2937,1876,947,932,1092,4516,30,45,493,751,665,317,17434,166,11702,30,688,108,7804,953,8414,7792,8776,43,3381,192,235,2548,4684,79101,898,2734,2491,1269,191,3152,346,298,921,17821,8808,3597,1754,50,328,171,23,73,816,1822,2927,741,4393,564,576,1612,54870,525,2454,146602,689,7146,1192,6261,3729,2925,341,1695,7363,999,1233,1323,415,497,337,18122,1427,1176,1367,527,1395,1553,30452,129,12198,2773,27,31757,9286,79,366,7884,1080,111,7822,969,1772,354,3881,1357,27262,4069,1151,915,1289,497,1496,1045,1783,1312,45,1527,68,2033,189,44,242,813,493,1068,1082,27475,2676,10458,6895,1685,638,1098,210,43976,372,17407,2300,15308,1874,375,3502,37,35744,6743,12052,52171,1976,21293,319,299,422,1204,585,1352,828,1671,9718,1262,45,571,1194,56,45,4960,5220,27,715,254,30711,48775,35077,9056,43630,4892,386,88324,107946,15681,49169,78315,96206,386,257,896,852,260,1031,1586,326,536,830,7963,0.0,0.0,0.0,0.0,0.0,0.0,0.0,0.0,0.0,0.0,0.0,0.0,0.0,0.0,0.0,0.0,0.0,0.0,0.0,0.0,0.0,0.0,0.0,0.0,0.0,0.0,0.0,0.0,0.0,0.0,0.0,0.0,0.0,0.0,0.0,0.0,0.0,0.0,0.0,0.0,0.0,0.0,0.0,0.0,0.0,0.0,0.0,0.0,0.0,0.0,0.0,0.0,0.0,0.0,0.0,0.0,0.0,0.0,0.0,0.0,0.0,0.0,0.0,0.0,0.0,0.0,0.0,0.0,0.0,0.0,0.0,0.0,0.0,0.0,0.0,0.0,0.0,0.0,0.0,0.0,0.0,0.0,0.0,0.0,0.0,0.0,0.0,0.0,0.0,0.0,0.0,0.0,0.0,0.0,0.0,0.0,0.0,0.0,0.0,0.0,0.0,0.0,0.0,0.0,0.0,0.0,0.0,0.0,0.0,0.0,0.0,0.0,0.0,0.0,0.0,0.0,0.0,0.0,0.0,0.0,0.0,0.0,0.0,0.0,0.0,0.0,0.0,0.0,0.0,0.0,0.0,0.0,0.0,0.0,0.0,0.0,0.0,0.0,0.0,0.0,0.0,0.0,0.0,0.0,0.0,0.0,0.0,0.0,0.0,0.0
ENCFF000VOM,0.08828402387789455,3827,3,250,2839,45,4021,512,21,26,25,50,210,315,477,1482,1529,281,40,1725,418,13,64,8,5,7,50,162,175,1275,233,14,13,25,118,92,10,104,2,4,598,823,4,64,7,6,36,342,2001,19,52,66,83,25,29,594,10,28,34,22,68,109,14,574,30,16,55,8,2801,3547,572,65,42,118,465,25,63,26,54,43,8,48,65,273,29,25,203,0,64,28,2,99,17,5,120,86,677,12459,779,5,2154,3177,204,2687,84,45,424,128,126,4,215,577,592,16,317,2284,170,1824,27,110,144,624,65,3050,93,468,209,51,225,56,14,2393,839,141,2259,545,1258,2188,28,315,1692,72,246,1971,17,99,12,12,1,0,154,31,72,680,346,52,262,3075,238,34,54,136,180,216,387,354,444,3,12,8,63,5,114,40,169,252,1,0,27,57,34,1265,507,3361,158,1959,2431,1020,2371,837,1737,19,2026,2322,770,667,1692,1375,398,48,54,65,7,30,39,16,10,3,0,295,25,2609,790,826,23,11145,2265,207,1876,1213,79,58,2632,1161,3357,272,3149,7,3290,3,20,85,87,17,45,23,209,147,1,38,38,31,63,34,141,74,37,18,293,215,122,190,76,12,34,36,30,24,18,37,62,332,80,21,133,146,137,889,1905,97,116,270,70,33,36,26,58,18,11,572,29,55,385,28,123,34,258,72,69,46,49,14,19,40,157,113,52,54,54,199,99,44,34,48,237,0,6,27,37,55,11,1087,6,668,1,24,13,448,62,522,445,432,2,147,4,12,67,312,4009,58,154,134,76,7,170,42,15,55,820,1559,292,100,4,15,14,0,2,34,104,160,45,241,33,34,124,4357,34,138,8550,35,440,59,326,158,158,17,76,434,68,58,57,28,23,20,894,59,59,55,47,59,78,1894,4,734,170,4,1895,438,1,20,379,62,2,429,42,100,20,188,62,905,200,91,44,61,28,73,31,85,50,2,72,0,127,10,7,12,32,33,55,52,2010,130,570,418,89,36,68,10,2913,16,1121,128,885,86,15,352,5,2038,400,669,2832,107,1046,17,11,19,47,28,48,37,93,450,52,5,39,71,5,9,321,326,0,24,15,1908,2541,1846,435,2592,328,12,5046,6230,839,2703,4630,5831,23,16,55,55,16,50,93,19,31,37,445,0.0,0.0,0.0,0.0,0.0,0.0,0.0,0.0,0.0,0.0,0.0,0.0,0.0,0.0,0.0,0.0,0.0,0.0,0.0,0.0,0.0,0.0,0.0,0.0,0.0,0.0,0.0,0.0,0.0,0.0,0.0,0.0,0.0,0.0,0.0,0.0,0.0,0.0,0.0,0.0,0.0,0.0,0.0,0.0,0.0,0.0,0.0,0.0,0.0,0.0,0.0,0.0,0.0,0.0,0.0,0.0,0.0,0.0,0.0,0.0,0.0,0.0,0.0,0.0,0.0,0.0,0.0,0.0,0.0,0.0,0.0,0.0,0.0,0.0,0.0,0.0,0.0,0.0,0.0,0.0,0.0,0.0,0.0,0.0,0.0,0.0,0.0,0.0,0.0,0.0,0.0,0.0,0.0,0.0,0.0,0.0,0.0,0.0,0.0,0.0,0.0,0.0,0.0,0.0,0.0,0.0,0.0,0.0,0.0,0.0,0.0,0.0,0.0,0.0,0.0,0.0,0.0,0.0,0.0,0.0,0.0,0.0,0.0,0.0,0.0,0.0,0.0,0.0,0.0,0.0,0.0,0.0,0.0,0.0,0.0,0.0,0.0,0.0,0.0,0.0,0.0,0.0,0.0,0.0,0.0,0.0,0.0,0.0,0.0,0.0
ENCFF001RGA,0.07868413001689412,1563781,18,1405,68,0,1379,359,49,15,5,6124,89,72,48,20,14,426,54,2054,497,35,56,0,0,1,175,13564,109,14,1744,50,103,37,71,60,0,67,0,0,729,1172,0,17,0,7,53,271,2,1806,67,31,31,32,8,63169,0,23,19,0,77,40,1,7,18,1,2168,0,4648,15291,19055,28,19,4628,2358,13,35,10,27,25,3,18,103,282,7,7,87,1,21,13,0,74,0,0,218,10,3,51824,1736,4,77783,3355,57,3244,70,17,828,125,192,0,53778,7496,1508,4,495,14022,4,778,0,0,69,696,0,5,40,1657,397,14,218,2,27,3725,238,10582,27,217,1402,26883,8722,607,70,45,355,65,1,18852,0,9,1,0,227,41,53,1360,503,21,126,64,15,36,30,9,6,196,600,1033,4810,0,0,0,25,0,32,10,6015,7,0,0,29,32,32,3690,1642,13976,190,1344,2212,3170,691,1372,2532,2,2975,2879,4382,3660,17140,12666,507,99,356,529,0,12,47,8,0,1,0,2555,3,2214,1412,8,8,43551,4771,816,3248,48,84,845,3115,3501,5058,25,5079,0,4938,0,6,360,0,8,24,74,149,391,0,23,13,4,31,25,80,57,1477,10,698,223,108,1570,31,5,16,30,5,7,4,129,141,280,39,4,86,164,29,75,18,19420,71,5618,58,18,10,19,19,13,274,834,13,39,432,8,128,11,223,25,16,9,23,13,11,62,67,52,23,16,13,885,122,13,9,25,95,6,40,10,20,21,0,4939,0,3212,3,21,0,369,43,3589,1078,11439,0,271,1,0,2,270,11817,422,135,2147,159,4,87,0,5,143,3210,1867,192,137,4,14,1,0,0,31,81,238,28,220,12,18,19,46,309,65,24461,3,526,17,337,9451,145,19,1492,23854,21,33,73,23,2,33,168710,48,26,44,60,38,63,2761,1,762,286,0,54149,1062,0,33,366,36,0,198,12,35,26,255,23,41,23,3411,14,44,16,23,16,535,0,0,146,0,141,0,4,7,3358,6,0,90,160,0,140,74,2,46,32,0,5454,2661,1774,100,1066,95,0,409,0,33242,615,1316,33534,68,133,0,4,8,17,12,44,15,20,7,22,0,12,27,0,0,667,292,31,1779,7,3058,3314,4100,382,2459,802,48,3536,14664,1315,3016,15346,7368,9,6,15,12,33,15,36,7,139,93,709,0.0,0.0,0.0,0.0,0.0,0.0,0.0,0.0,0.0,0.0,0.0,0.0,0.0,0.0,0.0,0.0,0.0,0.0,0.0,0.0,0.0,0.0,0.0,0.0,0.0,0.0,0.0,0.0,0.0,0.0,0.0,0.0,0.0,0.0,0.0,0.0,0.0,0.0,0.0,0.0,0.0,0.0,0.0,0.0,0.0,0.0,0.0,0.0,0.0,0.0,0.0,0.0,0.0,0.0,0.0,0.0,0.0,0.0,0.0,0.0,0.0,0.0,0.0,0.0,0.0,0.0,0.0,0.0,0.0,0.0,0.0,0.0,0.0,0.0,0.0,0.0,0.0,0.0,0.0,0.0,0.0,0.0,0.0,0.0,0.0,0.0,0.0,0.0,0.0,0.0,0.0,0.0,0.0,0.0,0.0,0.0,0.0,0.0,0.0,0.0,0.0,0.0,0.0,0.0,0.0,0.0,0.0,0.0,0.0,0.0,0.0,0.0,0.0,0.0,0.0,0.0,0.0,0.0,0.0,0.0,0.0,0.0,0.0,0.0,0.0,0.0,0.0,0.0,0.0,0.0,0.0,0.0,0.0,0.0,0.0,0.0,0.0,0.0,0.0,0.0,0.0,0.0,0.0,0.0,0.0,0.0,0.0,0.0,0.0,0.0
ENCFF404YUQ,0.15562518047671753,43490,177,5452,46096,469,58901,8243,300,504,443,837,4154,3870,8029,12167,22178,3967,831,5618,7949,217,1113,146,163,204,1360,111,4194,19546,6120,415,220,674,2310,2104,31,2844,132,27,11402,16884,263,1268,78,54,1077,7862,15526,30,746,1421,1705,779,756,10310,327,592,714,643,1510,2011,413,9079,300,494,60,91,53826,65934,11272,1277,886,1485,8586,482,1578,555,895,1146,278,1209,1566,5762,564,637,4459,66,1035,539,47,2479,315,69,2314,1378,12474,250454,16505,197,43161,60990,3518,52732,1540,761,8826,2733,2750,75,4958,11787,11899,364,6471,49315,2573,29071,349,1292,1799,12400,624,33315,1556,9000,4295,1655,4387,651,219,46531,11609,97,20489,7720,17425,42372,35,5915,2680,1578,5087,24580,593,259,125,212,66,90,3644,636,811,15193,7295,1104,5923,47316,3541,634,1472,2156,1780,4060,6321,5811,9309,216,346,117,1239,74,2210,716,2047,412,17,1,615,1297,1284,23008,10602,66621,2948,36045,43078,18603,24607,18530,36106,377,41133,47530,17068,14425,34087,28698,8898,1206,22,980,120,607,1045,397,220,55,155,5422,427,30949,13320,10609,589,288769,50599,4640,38281,20323,2177,796,54043,23809,61580,3218,66467,203,68195,74,545,1056,235,356,1215,330,4855,3234,29,777,1157,705,1065,483,3264,1995,521,412,6397,4309,2832,4766,1438,418,772,922,410,397,323,874,1318,7147,1363,440,2527,3137,2746,11599,23680,179,3035,4926,1683,1118,849,723,1166,621,251,11820,562,955,7804,433,2039,445,5550,1210,1275,735,1116,404,567,719,3022,3025,915,1151,853,3657,2008,919,934,1180,5173,38,36,469,718,828,443,23442,531,15226,42,737,94,9622,1243,10737,9972,9881,77,4414,315,393,1363,6349,67994,907,2951,3070,1655,20,3846,319,1060,1299,23118,6851,3959,2247,197,476,225,31,133,756,3094,3819,848,5352,525,542,1334,58912,392,2638,182946,694,8723,1136,7175,420,3342,355,82,5141,920,1290,1441,461,510,355,1437,1682,1151,1475,531,1477,1773,38657,246,14352,3519,89,40204,10481,120,501,8415,1190,144,9114,974,2180,526,4376,1356,16975,3064,790,924,1515,522,1654,1038,2098,989,120,1659,89,2533,311,210,388,563,734,675,920,25389,1365,9296,4964,1000,656,1641,564,54620,71,22683,2143,19164,2454,687,4489,28,49560,8592,16219,67609,3193,10026,281,450,420,978,473,1434,805,1972,10156,1305,58,287,1307,115,135,6579,6810,24,106,407,38202,53907,37872,10265,53816,6501,544,92667,127605,16807,54813,94083,116862,348,275,857,834,276,1036,2362,472,825,1245,9650,0.0,0.0,0.0,0.0,0.0,0.0,0.0,0.0,0.0,0.0,0.0,0.0,0.0,0.0,0.0,0.0,0.0,0.0,0.0,0.0,0.0,0.0,0.0,0.0,0.0,0.0,0.0,0.0,0.0,0.0,0.0,0.0,0.0,0.0,0.0,0.0,0.0,0.0,0.0,0.0,0.0,0.0,0.0,0.0,0.0,0.0,0.0,0.0,0.0,0.0,0.0,0.0,0.0,0.0,0.0,0.0,0.0,0.0,0.0,0.0,0.0,0.0,0.0,0.0,0.0,0.0,0.0,0.0,0.0,0.0,0.0,0.0,0.0,0.0,0.0,0.0,0.0,0.0,0.0,0.0,0.0,0.0,0.0,0.0,0.0,0.0,0.0,0.0,0.0,0.0,0.0,0.0,0.0,0.0,0.0,0.0,0.0,0.0,0.0,0.0,0.0,0.0,0.0,0.0,0.0,0.0,0.0,0.0,0.0,0.0,0.0,0.0,0.0,0.0,0.0,0.0,0.0,0.0,0.0,0.0,0.0,0.0,0.0,0.0,0.0,0.0,0.0,0.0,0.0,0.0,0.0,0.0,0.0,0.0,0.0,0.0,0.0,0.0,0.0,0.0,0.0,0.0,0.0,0.0,0.0,0.0,0.0,0.0,0.0,0.0
ENCFF000QBQ,0.1464192873924854,40661,131,2300,25333,520,75614,5712,147,393,228,546,1887,2507,5141,12958,19947,2512,356,4875,5093,227,752,70,98,99,661,1003,2163,15105,3218,216,155,375,1520,1486,51,1756,26,4,6850,9399,47,490,19,47,763,4161,11071,98,376,610,811,408,292,7350,143,353,683,132,746,967,135,5909,154,228,273,26,29421,38699,7230,742,407,886,67844,220,1093,328,478,528,124,572,1286,3007,237,317,2110,20,539,291,25,1283,136,24,821,730,10287,133948,8933,57,24662,33485,1818,29144,1393,354,4752,1505,1314,15,2527,8217,8331,200,4860,28146,1954,21163,355,1357,1399,6745,637,25971,1050,6209,2726,628,2394,338,111,56757,7748,586,10565,5200,140380,24089,177,3087,3198,1005,2815,26275,336,298,98,97,21,41,1859,248,431,10156,4350,625,3184,24863,2095,477,958,1400,1078,2332,3460,3235,7139,84,113,49,648,24,1003,372,982,910,24,0,376,607,774,12827,6014,36311,1537,20901,25328,10781,18279,10146,19523,244,21381,24684,10040,7669,21169,16054,4912,606,256,1011,25,323,517,165,52,37,70,3535,258,22150,7933,6873,258,161142,34081,2506,22443,12620,1094,603,29670,15634,38513,3891,43548,174,46678,50,259,613,64,178,767,240,2696,2364,18,394,558,360,553,257,2452,1340,886,166,3345,2728,1630,4030,723,187,376,413,228,233,151,501,659,3568,926,219,1266,1979,1678,5118,6697,592,1887,3144,848,577,468,360,548,278,369,6547,293,503,4583,231,1182,240,2992,579,685,336,543,543,292,368,1427,1406,481,550,405,2686,1012,476,444,560,2453,29,32,246,371,483,263,15008,240,10402,29,440,81,5291,741,7663,6020,9326,32,2176,120,163,1480,3127,46402,600,1777,2132,781,43,2097,141,392,613,10972,5411,1686,1279,130,338,128,12,57,396,1321,2292,686,3163,275,313,888,32452,233,1231,103804,340,5055,601,4129,1146,1781,157,368,3250,486,901,1178,260,250,191,5322,1121,667,1109,272,928,1301,20656,77,7284,1782,40,27443,6323,33,256,4683,747,103,4223,487,1700,294,2680,750,9605,1761,456,452,1111,289,745,490,2140,544,40,837,57,1593,102,48,217,328,486,564,498,25355,1388,5274,3556,885,344,901,446,35524,135,12722,1178,11086,1327,249,2571,12,25430,4904,7748,36155,834,8113,172,300,243,542,273,936,427,879,5790,819,20,233,594,34,50,3514,3743,10,203,244,22060,27962,20987,4789,28958,3235,254,46937,66566,9667,29747,48215,63194,225,123,456,426,140,487,1249,249,402,548,5874,0.0,0.0,0.0,0.0,0.0,0.0,0.0,0.0,0.0,0.0,0.0,0.0,0.0,0.0,0.0,0.0,0.0,0.0,0.0,0.0,0.0,0.0,0.0,0.0,0.0,0.0,0.0,0.0,0.0,0.0,0.0,0.0,0.0,0.0,0.0,0.0,0.0,0.0,0.0,0.0,0.0,0.0,0.0,0.0,0.0,0.0,0.0,0.0,0.0,0.0,0.0,0.0,0.0,0.0,0.0,0.0,0.0,0.0,0.0,0.0,0.0,0.0,0.0,0.0,0.0,0.0,0.0,0.0,0.0,0.0,0.0,0.0,0.0,0.0,0.0,0.0,0.0,0.0,0.0,0.0,0.0,0.0,0.0,0.0,0.0,0.0,0.0,0.0,0.0,0.0,0.0,0.0,0.0,0.0,0.0,0.0,0.0,0.0,0.0,0.0,0.0,0.0,0.0,0.0,0.0,0.0,0.0,0.0,0.0,0.0,0.0,0.0,0.0,0.0,0.0,0.0,0.0,0.0,0.0,0.0,0.0,0.0,0.0,0.0,0.0,0.0,0.0,0.0,0.0,0.0,0.0,0.0,0.0,0.0,0.0,0.0,0.0,0.0,0.0,0.0,0.0,0.0,0.0,0.0,0.0,0.0,0.0,0.0,0.0,0.0
ENCFF000YTT,0.08013639785121952,3958,35,231,2879,75,7110,636,31,26,22,55,212,240,495,1531,1828,241,24,383,427,22,47,5,5,3,61,146,219,1659,276,29,11,39,152,108,6,115,0,6,611,829,1,58,0,9,64,394,1569,17,53,56,94,30,40,568,18,24,48,20,65,103,15,738,24,64,43,6,3093,3680,566,71,40,97,669,16,94,35,59,51,12,69,86,299,31,35,191,3,57,35,1,109,12,2,99,67,1117,12886,816,9,2266,3044,173,2661,130,22,377,127,141,0,184,614,656,9,376,2609,209,2032,55,191,169,658,98,2557,107,586,236,54,241,39,7,2410,751,94,1087,485,1496,2207,26,299,227,79,314,3194,43,33,8,13,2,2,164,15,47,792,401,46,308,2945,208,37,75,117,94,221,471,451,525,11,13,3,60,5,117,51,337,1311,1,1,39,69,45,1185,533,3267,158,1990,2497,1135,2123,936,1900,12,1944,2254,862,757,1893,1457,581,56,40,69,8,43,49,15,5,2,12,295,26,2358,845,652,19,21006,2705,250,2078,1341,108,40,2840,1385,3867,435,3928,14,4301,3,20,81,40,19,50,31,239,182,4,32,58,38,58,21,187,109,20,19,307,233,134,262,67,24,33,36,23,34,20,40,79,336,85,27,125,158,132,677,1440,84,151,306,91,40,46,30,56,28,18,639,29,56,385,32,103,38,260,68,73,36,66,27,27,34,142,152,60,67,42,195,102,43,51,44,242,3,3,25,35,57,16,1278,22,894,5,41,6,465,67,577,575,597,1,186,5,18,106,290,4547,62,162,172,79,11,160,16,22,54,1033,494,214,118,6,16,8,0,4,50,110,229,43,305,37,30,94,3957,23,111,9433,42,436,69,322,171,184,21,65,371,69,49,54,36,19,26,793,81,63,69,33,84,81,1922,7,673,199,3,2427,603,4,19,476,70,2,472,57,169,22,196,57,997,198,51,59,59,21,77,37,119,52,3,88,5,147,10,9,20,33,60,60,36,2731,169,654,420,124,35,87,20,3147,20,1186,144,1002,104,21,242,2,2257,418,706,3146,157,867,14,21,13,62,58,79,45,105,514,64,2,23,68,1,4,345,334,0,33,11,1772,2600,1967,526,2691,334,28,4745,6223,940,2776,4695,6006,19,22,65,48,20,52,130,25,35,38,533,0.0,0.0,0.0,0.0,0.0,0.0,0.0,0.0,0.0,0.0,0.0,0.0,0.0,0.0,0.0,0.0,0.0,0.0,0.0,0.0,0.0,0.0,0.0,0.0,0.0,0.0,0.0,0.0,0.0,0.0,0.0,0.0,0.0,0.0,0.0,0.0,0.0,0.0,0.0,0.0,0.0,0.0,0.0,0.0,0.0,0.0,0.0,0.0,0.0,0.0,0.0,0.0,0.0,0.0,0.0,0.0,0.0,0.0,0.0,0.0,0.0,0.0,0.0,0.0,0.0,0.0,0.0,0.0,0.0,0.0,0.0,0.0,0.0,0.0,0.0,0.0,0.0,0.0,0.0,0.0,0.0,0.0,0.0,0.0,0.0,0.0,0.0,0.0,0.0,0.0,0.0,0.0,0.0,0.0,0.0,0.0,0.0,0.0,0.0,0.0,0.0,0.0,0.0,0.0,0.0,0.0,0.0,0.0,0.0,0.0,0.0,0.0,0.0,0.0,0.0,0.0,0.0,0.0,0.0,0.0,0.0,0.0,0.0,0.0,0.0,0.0,0.0,0.0,0.0,0.0,0.0,0.0,0.0,0.0,0.0,0.0,0.0,0.0,0.0,0.0,0.0,0.0,0.0,0.0,0.0,0.0,0.0,0.0,0.0,0.0
ENCFF147VEZ,0.07797623904427847,8272,53,364,2393,27,4618,469,18,35,23,43,245,210,497,1359,1680,229,28,421,393,14,45,11,6,8,88,620,231,2246,254,19,36,38,129,110,19,139,0,5,610,753,2,64,7,20,39,428,1768,111,33,64,96,28,22,443,13,18,29,18,51,128,29,978,31,55,164,11,3922,4869,505,88,52,183,359,33,92,27,40,60,18,63,85,239,40,34,264,3,70,33,0,90,17,10,132,103,1082,13052,796,9,2039,2899,167,2533,131,40,379,121,130,2,211,562,535,20,361,2202,167,1691,22,99,116,626,44,2145,101,444,173,76,179,22,10,2064,775,383,1729,555,985,1869,109,361,242,92,341,3062,36,91,3,7,1,2,134,17,50,687,327,57,331,2445,259,37,76,116,132,204,269,256,421,6,12,9,79,1,130,50,188,127,11,3,75,64,76,1149,487,3320,171,2143,2367,1097,2201,997,2073,22,2107,2504,1050,701,1815,1388,509,75,123,70,15,31,66,11,4,1,4,361,23,2922,925,710,27,19518,2914,350,2068,1869,91,67,3103,1507,4417,213,3073,15,2936,1,27,67,18,18,70,15,304,177,5,56,81,31,64,35,182,115,23,25,341,220,145,198,77,28,50,54,19,24,22,30,85,429,82,28,159,193,174,1097,3823,363,161,255,93,57,52,56,73,26,13,552,27,62,355,30,125,29,330,76,66,46,55,32,34,60,175,167,55,69,52,132,94,40,59,79,294,3,4,29,39,41,20,1016,15,757,4,30,5,448,57,532,475,538,2,233,5,9,160,277,5081,69,150,166,84,33,232,10,23,54,1233,481,258,122,3,10,11,0,3,49,87,185,50,266,39,32,210,3469,44,163,8990,41,436,83,439,641,204,10,260,853,65,67,73,24,30,19,2922,76,67,70,37,109,87,1818,6,733,185,2,1841,514,1,16,448,81,4,494,68,119,12,265,88,1072,257,85,73,76,30,79,66,101,91,4,72,2,122,11,1,14,70,79,44,85,2264,103,779,427,64,34,75,9,2563,64,1173,183,874,87,21,227,2,2388,466,752,3376,313,1311,17,41,34,85,52,77,57,123,811,66,1,73,74,2,2,293,268,2,135,13,1702,3276,2291,651,2664,334,61,4685,6882,968,2917,5104,6038,18,17,47,50,20,58,86,18,34,47,457,0.0,0.0,0.0,0.0,0.0,0.0,0.0,0.0,0.0,0.0,0.0,0.0,0.0,0.0,0.0,0.0,0.0,0.0,0.0,0.0,0.0,0.0,0.0,0.0,0.0,0.0,0.0,0.0,0.0,0.0,0.0,0.0,0.0,0.0,0.0,0.0,0.0,0.0,0.0,0.0,0.0,0.0,0.0,0.0,0.0,0.0,0.0,0.0,0.0,0.0,0.0,0.0,0.0,0.0,0.0,0.0,0.0,0.0,0.0,0.0,0.0,0.0,0.0,0.0,0.0,0.0,0.0,0.0,0.0,0.0,0.0,0.0,0.0,0.0,0.0,0.0,0.0,0.0,0.0,0.0,0.0,0.0,0.0,0.0,0.0,0.0,0.0,0.0,0.0,0.0,0.0,0.0,0.0,0.0,0.0,0.0,0.0,0.0,0.0,0.0,0.0,0.0,0.0,0.0,0.0,0.0,0.0,0.0,0.0,0.0,0.0,0.0,0.0,0.0,0.0,0.0,0.0,0.0,0.0,0.0,0.0,0.0,0.0,0.0,0.0,0.0,0.0,0.0,0.0,0.0,0.0,0.0,0.0,0.0,0.0,0.0,0.0,0.0,0.0,0.0,0.0,0.0,0.0,0.0,0.0,0.0,0.0,0.0,0.0,0.0
ENCFF481CKZ,0.1959618961827998,58122,566,6058,106698,2591,660832,19195,969,1096,813,1033,8632,7390,30645,62429,118630,5948,1435,18373,10692,275,1662,70,209,121,2870,442,9292,83040,8717,453,124,1377,6895,6235,107,6895,57,7,16742,23862,337,1035,137,109,1960,17454,70798,69,1780,4143,4711,809,426,11717,264,859,600,305,1823,4155,2922,58679,12339,974,146,100,137360,105165,12066,3967,2371,5260,10701,569,4551,2118,2632,2934,811,3491,3862,7126,1570,2253,11426,45,2599,2330,73,2332,459,174,3792,3223,108362,359771,20737,203,54953,83082,7860,70551,4285,2212,9604,3003,3112,75,6258,14742,15273,636,10224,67743,7427,297669,878,4079,4541,17188,2047,452668,4422,12873,5110,870,4998,450,97,60314,33012,343,111184,29059,21924,56941,73,11509,21965,3983,7517,137077,1182,281,485,188,77,77,4949,1391,513,20269,8525,992,11787,107273,8543,856,4283,3173,4014,6469,8634,8391,11064,94,267,96,3606,59,4608,2054,1496,22543,37,4,1510,1393,3882,26256,13405,87655,6954,69824,71925,31556,83026,35260,67404,1307,58207,73449,21105,18350,56278,39828,11963,2371,68,1635,59,2176,3644,318,76,46,102,8292,664,131876,27328,43746,676,462411,94682,8683,67876,100552,2373,989,88148,48962,171714,11394,94123,461,82407,14,752,1690,169,1093,3196,619,11186,6541,78,2376,2466,2007,3281,1523,8159,4681,320,475,14650,8791,5261,5760,4882,1015,2525,2543,1469,1082,789,712,3845,12790,2817,1208,3807,7943,6215,33760,68403,354,7629,6282,3834,2646,2134,2066,2993,1627,114,16741,1884,4441,12228,1040,4721,1829,10147,4227,3635,2150,3267,459,1628,1535,8043,6370,2665,2993,2597,6070,4978,4348,2323,3662,11087,91,94,1476,2579,1261,992,30575,383,18880,42,993,137,14515,1640,15826,15539,19049,120,7429,174,167,6757,7784,263448,1100,4290,6324,2488,29,7395,342,2133,3243,44888,24083,7258,3372,41,247,168,63,121,2077,4015,5443,2291,7288,1999,1755,5316,191863,683,5830,233897,1363,13999,3137,20896,969,7258,1063,162,6929,2797,3480,3658,1110,1174,505,3204,4623,3317,3741,1327,4078,4273,58484,96,33314,3455,69,56931,16417,95,760,12174,2165,44,18850,2545,1982,305,10856,3510,61019,7401,801,2580,3634,1884,2958,3018,2480,2539,49,1909,46,5277,378,75,208,250,2722,1562,2308,129428,4806,23130,14183,3227,1547,1364,603,61290,120,29461,3512,22363,2902,309,5870,21,75298,13904,23627,95209,2712,64409,533,980,1427,3221,1654,3293,2415,3238,18968,3094,36,383,3467,57,84,7040,7398,86,144,192,58016,79779,67656,17231,72167,10048,1635,198003,189665,29134,82574,147227,171151,1191,290,2183,2134,873,2819,1655,538,388,1685,15329,0.0,0.0,0.0,0.0,0.0,0.0,0.0,0.0,0.0,0.0,0.0,0.0,0.0,0.0,0.0,0.0,0.0,0.0,0.0,0.0,0.0,0.0,0.0,0.0,0.0,0.0,0.0,0.0,0.0,0.0,0.0,0.0,0.0,0.0,0.0,0.0,0.0,0.0,0.0,0.0,0.0,0.0,0.0,0.0,0.0,0.0,0.0,0.0,0.0,0.0,0.0,0.0,0.0,0.0,0.0,0.0,0.0,0.0,0.0,0.0,0.0,0.0,0.0,0.0,0.0,0.0,0.0,0.0,0.0,0.0,0.0,0.0,0.0,0.0,0.0,0.0,0.0,0.0,0.0,0.0,0.0,0.0,0.0,0.0,0.0,0.0,0.0,0.0,0.0,0.0,0.0,0.0,0.0,0.0,0.0,0.0,0.0,0.0,0.0,0.0,0.0,0.0,0.0,0.0,0.0,0.0,0.0,0.0,0.0,0.0,0.0,0.0,0.0,0.0,0.0,0.0,0.0,0.0,0.0,0.0,0.0,0.0,0.0,0.0,0.0,0.0,0.0,0.0,0.0,0.0,0.0,0.0,0.0,0.0,0.0,0.0,0.0,0.0,0.0,0.0,0.0,0.0,0.0,0.0,0.0,0.0,0.0,0.0,0.0,0.0
ENCFF548BVW,0.20188818685034504,27509,253,3134,114036,1399,425867,7637,656,444,178,475,5878,3710,15809,57928,84507,3073,685,8877,5122,72,531,59,43,51,1333,229,6492,85145,3475,153,56,638,4734,4062,58,3804,14,2,8586,9893,71,387,125,55,956,10603,86739,37,1116,2494,3592,277,124,3866,123,309,230,90,646,2839,2479,45696,6493,624,56,56,103855,66646,4164,2929,1805,3220,3513,156,3007,1459,2072,2306,635,2671,2700,3376,988,1748,8059,11,2128,1807,26,813,191,45,2068,2790,67147,200442,8510,140,22452,36358,5228,30875,2819,1665,2959,870,1194,15,2134,5145,5810,261,5862,25618,4290,104155,478,2724,2906,7960,1288,194770,3338,4982,1777,263,1621,217,67,20591,15659,175,103308,17914,8073,21300,55,7140,10220,2677,4136,133378,323,112,285,96,40,33,1770,322,295,10297,2787,409,6423,117567,7890,244,2876,1543,1215,3385,2909,2919,3908,52,58,70,2673,45,3220,1548,983,178,23,32,1084,468,2855,10224,5514,38039,4244,35581,40832,19927,87250,20832,40578,533,26471,34582,7931,7583,26166,15688,7404,1379,43,1421,62,1531,2791,86,26,27,69,3963,199,124236,22890,22444,225,255816,64765,6728,42429,75850,785,429,58914,31480,132714,6807,36458,159,28709,14,298,655,29,775,2258,212,8064,2426,18,1911,1764,1551,2552,1152,5578,3051,121,193,8383,5163,2593,1950,3810,917,1982,2007,1147,777,615,259,2919,8022,2654,954,2337,4933,4206,30498,180281,268,4768,2600,2680,1949,1613,1677,2411,1397,34,7445,1278,3127,5861,789,3092,1350,5427,3357,2502,1823,2511,110,1231,734,5449,4800,2008,2192,2022,2872,3185,2515,1692,2712,6968,18,30,1084,2017,377,354,10752,127,7223,10,457,39,6959,556,5930,6562,12637,43,2793,63,51,1667,2693,243118,412,1767,3979,1138,41,5221,95,273,1091,23914,12317,4768,1127,49,158,110,30,70,1537,2363,1851,1484,4070,1509,1087,6810,170847,453,3626,101838,964,6972,2429,12533,507,4625,672,100,3694,1954,2556,2604,967,819,221,1465,3105,2347,2593,811,2617,2977,25975,33,20253,1450,34,22529,6408,69,375,5547,948,30,11995,1956,595,127,6520,2359,61881,6873,406,1825,2675,1363,1681,2322,755,1336,27,701,36,2681,90,67,75,109,1248,717,1476,91844,3042,21894,10869,2291,882,517,211,19722,66,12515,2666,8592,1266,137,2248,15,29916,5757,9950,41436,7579,62815,366,766,1000,2275,1177,2221,2032,2336,15479,2413,13,142,2661,5,33,2782,2675,8,65,91,24653,50595,42729,11245,31117,4468,1970,110629,98358,19718,52401,74317,81531,512,112,1684,1665,578,2280,492,394,175,705,7350,0.0,0.0,0.0,0.0,0.0,0.0,0.0,0.0,0.0,0.0,0.0,0.0,0.0,0.0,0.0,0.0,0.0,0.0,0.0,0.0,0.0,0.0,0.0,0.0,0.0,0.0,0.0,0.0,0.0,0.0,0.0,0.0,0.0,0.0,0.0,0.0,0.0,0.0,0.0,0.0,0.0,0.0,0.0,0.0,0.0,0.0,0.0,0.0,0.0,0.0,0.0,0.0,0.0,0.0,0.0,0.0,0.0,0.0,0.0,0.0,0.0,0.0,0.0,0.0,0.0,0.0,0.0,0.0,0.0,0.0,0.0,0.0,0.0,0.0,0.0,0.0,0.0,0.0,0.0,0.0,0.0,0.0,0.0,0.0,0.0,0.0,0.0,0.0,0.0,0.0,0.0,0.0,0.0,0.0,0.0,0.0,0.0,0.0,0.0,0.0,0.0,0.0,0.0,0.0,0.0,0.0,0.0,0.0,0.0,0.0,0.0,0.0,0.0,0.0,0.0,0.0,0.0,0.0,0.0,0.0,0.0,0.0,0.0,0.0,0.0,0.0,0.0,0.0,0.0,0.0,0.0,0.0,0.0,0.0,0.0,0.0,0.0,0.0,0.0,0.0,0.0,0.0,0.0,0.0,0.0,0.0,0.0,0.0,0.0,0.0
ENCFF495VBF,0.14880868548016318,36644,101,1693,34135,431,84330,4495,327,142,154,255,3016,1307,4192,25856,18257,1246,434,3558,2918,60,339,32,35,40,859,2391,3197,22172,1975,98,44,339,2107,1885,20,1917,10,2,4629,5752,50,272,68,20,542,5280,28797,176,660,1336,1613,151,113,2510,62,186,135,82,432,1328,317,11654,1727,58,676,11,34851,38529,2641,1305,832,1754,2210,93,1416,627,916,996,302,1363,1261,1781,483,881,3915,9,951,860,15,523,108,23,1505,1130,12686,108632,5168,80,13916,21706,2712,18462,1322,739,1974,691,813,25,1620,3727,3937,114,3048,17601,1444,38310,195,954,1168,4230,435,78627,1457,3426,1308,221,1048,207,74,13645,5585,1007,38544,6300,5145,14834,107,3607,3716,1298,2176,31754,151,249,115,39,18,11,1001,219,119,5401,1814,124,2377,37804,3348,146,1334,976,989,1746,2184,1960,2645,24,70,46,1292,25,1593,711,466,189,19,13,606,315,1252,7315,3592,24229,2250,16591,21598,10369,35323,11369,21228,200,15189,19534,5340,4988,14608,10292,3462,633,301,476,28,774,1319,71,20,16,22,2484,88,46502,8994,6445,264,100010,26911,2521,17168,19085,512,265,25765,13625,44846,1758,19118,66,17087,4,177,359,2,326,1003,159,3922,1547,17,860,847,720,1157,524,2506,1431,92,106,4339,2596,1307,1286,1839,462,878,890,510,345,274,134,1480,3783,961,420,1083,2307,1886,12503,53699,2211,2419,1707,1177,935,690,710,1169,595,31,4366,577,1598,3100,387,1401,596,2944,1601,1162,956,1099,86,542,391,2704,2167,955,1035,911,1574,1597,1303,846,1351,3345,11,19,488,914,223,184,7119,69,4386,9,170,22,3628,325,3623,3852,5749,21,1527,40,22,1281,1603,64261,406,1034,1900,689,98,2140,59,266,749,12696,4877,2515,678,24,49,61,7,24,779,1411,1251,705,2555,837,518,1525,54015,266,1810,58542,481,3688,1108,6288,2880,2160,316,567,3016,884,1166,1217,466,364,116,13881,1460,1055,1065,458,1229,1239,15536,18,10678,873,25,13586,3191,10,226,2874,564,12,6130,842,358,52,3099,1134,14043,2289,524,764,1184,615,839,998,499,531,13,363,13,1467,74,38,48,271,186,206,751,31310,1122,9153,4357,920,449,350,123,13391,79,7838,1325,4927,713,53,1356,5,21963,4009,6567,26848,1596,23179,172,121,448,1147,514,1053,948,1231,6010,1084,19,159,1213,20,28,1657,1627,17,199,36,13176,23684,19941,4753,18277,2399,209,51328,50577,8795,24359,39080,42704,158,53,820,755,238,1048,304,166,78,417,4116,0.0,0.0,0.0,0.0,0.0,0.0,0.0,0.0,0.0,0.0,0.0,0.0,0.0,0.0,0.0,0.0,0.0,0.0,0.0,0.0,0.0,0.0,0.0,0.0,0.0,0.0,0.0,0.0,0.0,0.0,0.0,0.0,0.0,0.0,0.0,0.0,0.0,0.0,0.0,0.0,0.0,0.0,0.0,0.0,0.0,0.0,0.0,0.0,0.0,0.0,0.0,0.0,0.0,0.0,0.0,0.0,0.0,0.0,0.0,0.0,0.0,0.0,0.0,0.0,0.0,0.0,0.0,0.0,0.0,0.0,0.0,0.0,0.0,0.0,0.0,0.0,0.0,0.0,0.0,0.0,0.0,0.0,0.0,0.0,0.0,0.0,0.0,0.0,0.0,0.0,0.0,0.0,0.0,0.0,0.0,0.0,0.0,0.0,0.0,0.0,0.0,0.0,0.0,0.0,0.0,0.0,0.0,0.0,0.0,0.0,0.0,0.0,0.0,0.0,0.0,0.0,0.0,0.0,0.0,0.0,0.0,0.0,0.0,0.0,0.0,0.0,0.0,0.0,0.0,0.0,0.0,0.0,0.0,0.0,0.0,0.0,0.0,0.0,0.0,0.0,0.0,0.0,0.0,0.0,0.0,0.0,0.0,0.0,0.0,0.0
ENCFF000ZJZ,0.030825454798253916,1907,1,92,494,20,1943,71,12,3,4,12,64,42,106,221,451,44,3,70,90,4,6,0,2,0,5,159,45,300,36,3,9,4,47,17,2,17,0,0,172,98,1,10,1,3,11,93,419,16,6,19,19,8,7,101,3,2,6,0,15,17,7,211,4,19,42,0,712,737,84,21,16,54,80,3,12,8,6,14,6,17,19,44,11,8,45,0,7,9,0,12,1,0,33,18,254,2464,109,3,401,552,31,523,285,13,50,11,13,0,31,71,73,0,75,405,46,395,12,41,41,145,25,420,25,126,69,11,28,4,0,455,237,84,304,107,178,359,28,63,45,19,56,681,3,21,0,1,1,0,23,5,9,162,62,8,62,551,45,4,18,7,6,49,62,47,82,0,3,0,13,1,20,13,232,1044,1,0,17,7,20,251,83,697,37,427,463,249,455,176,435,2,501,565,167,116,305,274,97,11,18,12,0,11,13,0,1,0,0,78,0,507,177,122,2,2455,1158,57,333,361,8,43,543,241,845,95,475,2,491,1,3,11,2,3,9,4,54,29,3,9,15,8,15,5,33,15,3,2,62,36,16,26,12,3,14,10,7,5,4,6,11,71,21,2,60,36,37,207,969,75,19,72,14,11,11,8,14,8,3,80,8,8,67,2,33,7,49,11,16,14,12,2,10,11,22,27,21,12,8,33,27,8,8,16,46,0,1,4,12,15,3,199,1,104,1,10,0,84,2,68,104,76,0,24,0,4,29,112,1670,14,23,34,15,10,44,6,1,5,199,92,41,15,0,2,3,0,0,4,17,42,10,42,10,3,32,759,13,40,1738,5,103,15,63,149,41,2,56,159,11,12,16,6,5,3,583,11,18,15,9,18,20,345,4,145,37,0,359,115,10,5,72,5,2,104,7,81,4,88,20,279,53,28,9,8,6,12,10,14,8,1,16,0,29,6,0,2,19,1,6,10,392,40,151,104,25,15,18,1,690,26,313,51,141,17,7,35,0,677,133,108,648,102,231,5,5,5,25,8,14,6,32,93,15,1,15,14,0,0,75,44,0,29,2,352,621,513,101,466,91,8,1198,1525,225,612,1167,1193,1,2,16,13,2,8,20,5,7,3,114,0.0,0.0,0.0,0.0,0.0,0.0,0.0,0.0,0.0,0.0,0.0,0.0,0.0,0.0,0.0,0.0,0.0,0.0,0.0,0.0,0.0,0.0,0.0,0.0,0.0,0.0,0.0,0.0,0.0,0.0,0.0,0.0,0.0,0.0,0.0,0.0,0.0,0.0,0.0,0.0,0.0,0.0,0.0,0.0,0.0,0.0,0.0,0.0,0.0,0.0,0.0,0.0,0.0,0.0,0.0,0.0,0.0,0.0,0.0,0.0,0.0,0.0,0.0,0.0,0.0,0.0,0.0,0.0,0.0,0.0,0.0,0.0,0.0,0.0,0.0,0.0,0.0,0.0,0.0,0.0,0.0,0.0,0.0,0.0,0.0,0.0,0.0,0.0,0.0,0.0,0.0,0.0,0.0,0.0,0.0,0.0,0.0,0.0,0.0,0.0,0.0,0.0,0.0,0.0,0.0,0.0,0.0,0.0,0.0,0.0,0.0,0.0,0.0,0.0,0.0,0.0,0.0,0.0,0.0,0.0,0.0,0.0,0.0,0.0,0.0,0.0,0.0,0.0,0.0,0.0,0.0,0.0,0.0,0.0,0.0,0.0,0.0,0.0,0.0,0.0,0.0,0.0,0.0,0.0,0.0,0.0,0.0,0.0,0.0,0.0
ENCFF001HMV,0.035217221201309816,23302,73,1262,12125,200,17713,2671,52,134,140,484,1192,1368,2447,3815,6970,1139,183,3719,3301,103,249,35,25,48,206,783,1012,9436,1537,89,103,138,518,525,33,634,26,483,3217,4004,22,247,12,20,250,1699,5184,88,152,281,339,161,142,2755,71,97,148,85,285,419,148,2828,115,362,188,4,14791,18901,2928,307,212,445,1687,76,425,133,216,240,74,262,369,1270,118,148,1047,7,220,126,8,522,74,10,2529,373,2741,61756,3281,27,9846,14975,835,12337,549,134,2442,741,1833,19,1579,5537,5337,246,2420,11497,1039,8867,178,700,681,2902,292,11620,420,2659,2643,883,1146,156,48,12528,3828,2310,7154,2430,4516,10450,194,1488,2639,359,1533,25146,368,143,94,41,13,22,800,147,945,5056,1603,238,1344,11753,1043,188,307,1585,1485,1084,5750,5928,2462,54,87,15,245,6,489,149,534,2179,19,29,146,259,285,5247,2368,15853,754,10143,11241,5316,9806,5902,8863,77,9347,11628,3666,2850,9574,6860,2413,221,228,575,3085,122,214,73,49,16,10,3123,184,13914,3957,3451,72,80252,12297,1013,9838,6378,492,511,14310,7612,17922,1436,18628,62,17053,35,95,489,26,69,274,65,1220,778,178,196,225,152,235,95,812,394,79,64,1581,1087,572,1159,335,90,185,177,88,91,73,162,327,1826,303,100,573,852,608,3330,5348,544,674,1380,388,235,206,156,224,135,37,2285,128,183,1649,98,516,112,1102,262,303,143,228,145,124,215,676,584,255,237,189,834,388,194,215,225,1041,9,2,94,130,263,65,5833,39,4712,7,183,7,2036,269,3061,2412,2840,4,1044,42,59,438,1385,23084,205,730,701,338,25,1119,53,266,198,4491,4716,1037,537,9,60,42,5,39,155,255,1138,231,1437,147,121,678,16870,219,566,42939,184,1928,290,1651,804,767,79,937,2142,224,311,312,132,101,110,5223,366,258,353,287,374,422,9464,41,3133,871,38,10562,2540,13,103,2100,235,49,1826,193,954,133,1036,309,8569,1199,240,248,322,82,308,209,611,397,17,401,16,803,46,17,87,203,196,303,315,9602,678,2692,1726,421,127,514,85,16892,85,4788,719,4437,554,139,932,5,10830,2918,3423,16603,731,3287,67,275,103,254,116,334,176,360,1705,287,5,196,296,10,16,1495,1432,14,177,57,7972,13863,11076,2165,11319,1345,281,23285,30900,4144,13923,23611,27516,82,65,197,204,67,237,911,88,157,212,2495,0.0,0.0,0.0,0.0,0.0,0.0,0.0,0.0,0.0,0.0,0.0,0.0,0.0,0.0,0.0,0.0,0.0,0.0,0.0,0.0,0.0,0.0,0.0,0.0,0.0,0.0,0.0,0.0,0.0,0.0,0.0,0.0,0.0,0.0,0.0,0.0,0.0,0.0,0.0,0.0,0.0,0.0,0.0,0.0,0.0,0.0,0.0,0.0,0.0,0.0,0.0,0.0,0.0,0.0,0.0,0.0,0.0,0.0,0.0,0.0,0.0,0.0,0.0,0.0,0.0,0.0,0.0,0.0,0.0,0.0,0.0,0.0,0.0,0.0,0.0,0.0,0.0,0.0,0.0,0.0,0.0,0.0,0.0,0.0,0.0,0.0,0.0,0.0,0.0,0.0,0.0,0.0,0.0,0.0,0.0,0.0,0.0,0.0,0.0,0.0,0.0,0.0,0.0,0.0,0.0,0.0,0.0,0.0,0.0,0.0,0.0,0.0,0.0,0.0,0.0,0.0,0.0,0.0,0.0,0.0,0.0,0.0,0.0,0.0,0.0,0.0,0.0,0.0,0.0,0.0,0.0,0.0,0.0,0.0,0.0,0.0,0.0,0.0,0.0,0.0,0.0,0.0,0.0,0.0,0.0,0.0,0.0,0.0,0.0,0.0
ENCFF000VSP,0.14557693646779604,9166,35,2061,3734,53,8802,998,31,52,46,111,1202,216,936,886,1455,369,88,1162,2154,36,152,17,21,18,90,223,386,2378,708,49,65,79,202,164,5,281,5,4,2032,2345,6,355,4,30,75,754,1489,27,103,86,115,94,90,2172,34,74,68,28,139,163,58,976,54,103,28,5,7586,13805,1857,81,59,198,8831,22,127,55,92,84,22,77,122,1265,43,40,375,4,63,43,4,383,1218,20,1443,121,1311,56247,4009,12,11218,12780,281,10617,1014,53,1359,812,371,3,687,2199,1615,74,908,9575,226,4018,56,234,265,1645,116,3153,152,1300,639,165,638,115,20,21790,3713,212,2003,701,29932,7848,75,589,345,101,537,3248,124,80,14,32,5,16,436,66,116,2691,1618,143,769,2419,327,133,92,265,242,461,1023,1883,2976,12,10,26,97,2,163,52,414,65,1,3,42,151,79,5175,1618,10446,377,8559,10669,2670,4589,2296,7377,35,7528,8910,2165,3097,7781,4200,1604,165,40,123,4,37,75,42,9,21,35,716,11,4798,2783,435,27,53422,7323,585,5893,1776,214,1305,7145,2933,8192,301,10473,32,10629,4,71,139,6,14,107,39,558,514,4,57,79,47,87,32,307,130,278,35,603,604,306,1091,106,26,72,61,36,43,24,164,78,899,130,44,1554,581,205,1501,2804,169,255,1735,167,86,58,50,69,47,163,1881,50,73,1248,30,354,27,657,91,94,39,81,220,40,51,224,222,71,79,60,706,586,63,69,73,445,5,11,44,52,97,28,4717,24,2674,7,99,24,1124,230,2408,2356,1026,1,371,5,33,223,1938,9033,122,487,421,217,14,294,43,51,126,3236,1135,313,292,24,76,30,2,3,71,143,916,63,841,45,34,223,2929,43,236,45646,79,2165,92,528,226,270,37,43,1268,70,81,117,42,47,46,787,129,84,107,61,103,148,4936,12,1503,439,16,7221,3358,0,54,1066,203,13,880,67,270,63,506,89,1723,311,109,73,115,34,112,65,471,69,1,240,1,321,21,2,37,82,149,43,130,2448,215,875,614,127,89,815,44,13149,42,3213,260,3792,265,45,491,5,8338,2536,1766,10927,435,1771,26,45,38,89,67,113,64,161,927,104,2,63,89,13,9,911,922,28,38,44,6105,8208,6823,1373,10474,1634,61,13290,23625,4027,9863,21661,21807,44,41,67,71,17,66,392,67,106,107,1171,0.0,0.0,0.0,0.0,0.0,0.0,0.0,0.0,0.0,0.0,0.0,0.0,0.0,0.0,0.0,0.0,0.0,0.0,0.0,0.0,0.0,0.0,0.0,0.0,0.0,0.0,0.0,0.0,0.0,0.0,0.0,0.0,0.0,0.0,0.0,0.0,0.0,0.0,0.0,0.0,0.0,0.0,0.0,0.0,0.0,0.0,0.0,0.0,0.0,0.0,0.0,0.0,0.0,0.0,0.0,0.0,0.0,0.0,0.0,0.0,0.0,0.0,0.0,0.0,0.0,0.0,0.0,0.0,0.0,0.0,0.0,0.0,0.0,0.0,0.0,0.0,0.0,0.0,0.0,0.0,0.0,0.0,0.0,0.0,0.0,0.0,0.0,0.0,0.0,0.0,0.0,0.0,0.0,0.0,0.0,0.0,0.0,0.0,0.0,0.0,0.0,0.0,0.0,0.0,0.0,0.0,0.0,0.0,0.0,0.0,0.0,0.0,0.0,0.0,0.0,0.0,0.0,0.0,0.0,0.0,0.0,0.0,0.0,0.0,0.0,0.0,0.0,0.0,0.0,0.0,0.0,0.0,0.0,0.0,0.0,0.0,0.0,0.0,0.0,0.0,0.0,0.0,0.0,0.0,0.0,0.0,0.0,0.0,0.0,0.0
ENCFF002BBC,0.1741989589908812,112039,340,5998,78905,1335,156262,9339,429,877,418,963,6063,7933,15650,41819,54121,6022,680,9531,9191,229,1141,123,95,87,1428,6144,5964,55907,5705,414,454,782,3202,2949,185,3393,28,44,12716,17992,145,1124,68,92,1079,9770,38017,757,971,1968,2600,839,468,9709,236,548,611,202,1118,2887,875,27250,1131,590,1734,208,88469,87643,10839,1922,1326,2849,7404,422,2233,922,1425,1640,408,1786,2042,6222,838,1072,6651,32,1563,888,25,2166,759,97,3555,2656,56990,279054,15427,173,42586,62531,4582,53941,2053,1246,8300,2430,2787,44,4490,11002,11118,238,7574,52411,4701,57058,1051,3771,3671,14303,1458,85284,2467,9647,4583,1256,4234,638,199,45908,23542,3431,37663,14963,15411,43350,1085,7790,6109,2062,6153,93237,859,1026,194,174,97,84,3609,489,1044,16995,7097,1058,6080,83272,6954,685,2112,2120,1868,4678,6348,5552,7875,113,170,108,1845,28,3212,1098,1919,222,144,14,1229,1221,1826,23509,11263,72322,3974,50776,54346,24829,51072,22964,48106,504,43193,52203,17850,14571,36380,29589,10026,1502,1217,1432,130,1027,1805,249,96,48,80,6212,591,77858,21707,22425,434,310878,64102,6343,47707,48748,1708,800,70033,33347,107396,7901,65788,344,64597,49,607,1285,455,508,1656,382,6636,3412,31,1199,1707,1107,1648,723,4396,2648,399,367,8084,5024,3424,4105,2246,616,1101,1462,649,612,421,738,2076,9185,2198,671,3041,4027,3885,24412,50624,4103,4171,4609,2428,1576,1209,1202,1698,1008,166,11965,825,1559,8649,589,2631,723,7463,2005,1809,1179,1722,487,887,1104,4419,4379,1444,1665,1418,3969,2708,1358,1560,1844,7261,66,68,699,1133,736,667,24161,315,16032,68,771,101,10840,1294,12338,10802,12609,9,4312,191,280,711,6266,133291,1359,3295,3683,1688,417,4979,313,581,1390,26428,11333,6116,2139,97,257,158,19,55,1248,2158,3812,1010,6051,903,770,3588,104788,880,3790,187822,1020,9365,1798,9650,6684,4603,463,2670,11506,1498,1861,1950,622,734,500,31013,2060,1677,1915,866,2085,2248,41468,123,17656,3706,66,40560,11528,66,424,9215,1075,65,11231,1481,1967,453,5413,2018,56606,7050,1549,1326,1974,713,2235,1644,1927,995,33,1821,56,2889,190,38,239,1261,988,1301,1610,87129,3674,20951,10633,2513,1034,1564,458,61477,685,23863,3757,20014,2291,738,4688,79,42895,7872,15703,64416,3843,49616,518,596,614,1842,788,2037,1332,2594,20009,1792,75,826,1932,99,69,6941,6453,37,1227,242,38510,68865,51077,12920,55263,6787,2816,122232,147462,22959,71594,106815,126555,528,310,1337,1276,345,1594,1977,507,726,1120,11203,0.0,0.0,0.0,0.0,0.0,0.0,0.0,0.0,0.0,0.0,0.0,0.0,0.0,0.0,0.0,0.0,0.0,0.0,0.0,0.0,0.0,0.0,0.0,0.0,0.0,0.0,0.0,0.0,0.0,0.0,0.0,0.0,0.0,0.0,0.0,0.0,0.0,0.0,0.0,0.0,0.0,0.0,0.0,0.0,0.0,0.0,0.0,0.0,0.0,0.0,0.0,0.0,0.0,0.0,0.0,0.0,0.0,0.0,0.0,0.0,0.0,0.0,0.0,0.0,0.0,0.0,0.0,0.0,0.0,0.0,0.0,0.0,0.0,0.0,0.0,0.0,0.0,0.0,0.0,0.0,0.0,0.0,0.0,0.0,0.0,0.0,0.0,0.0,0.0,0.0,0.0,0.0,0.0,0.0,0.0,0.0,0.0,0.0,0.0,0.0,0.0,0.0,0.0,0.0,0.0,0.0,0.0,0.0,0.0,0.0,0.0,0.0,0.0,0.0,0.0,0.0,0.0,0.0,0.0,0.0,0.0,0.0,0.0,0.0,0.0,0.0,0.0,0.0,0.0,0.0,0.0,0.0,0.0,0.0,0.0,0.0,0.0,0.0,0.0,0.0,0.0,0.0,0.0,0.0,0.0,0.0,0.0,0.0,0.0,0.0
ENCFF000VTX,0.06535695740662265,2858,15,209,1591,35,3828,231,25,21,8,50,178,163,380,922,1154,180,22,204,299,11,45,0,0,3,32,133,179,1326,177,10,12,18,118,75,6,107,1,3,460,547,4,40,6,5,29,265,1092,19,45,48,61,19,10,421,9,16,12,11,46,102,22,587,16,36,52,12,2332,2636,351,46,32,77,329,14,47,23,44,45,14,56,53,211,34,24,182,1,34,23,1,58,33,3,118,58,819,8836,563,5,1476,2006,115,1889,273,35,235,62,77,1,132,333,355,7,218,1536,147,1555,34,106,100,452,58,1874,64,298,128,44,146,17,5,1563,779,104,1248,371,691,1560,41,249,100,62,176,1835,19,34,7,4,2,2,92,21,46,445,228,31,249,1664,179,21,46,56,39,131,205,181,369,2,7,2,40,4,94,28,252,2370,2,0,34,38,47,962,324,2166,121,1523,1767,717,1619,668,1540,14,1361,1631,444,483,1192,964,334,45,23,38,7,30,44,15,4,0,3,189,21,2175,598,421,8,10954,4243,163,1359,1071,62,116,1936,851,2734,222,1947,3,2132,5,9,77,35,14,27,7,168,100,1,36,48,28,43,29,123,60,17,12,191,143,87,125,65,15,33,28,21,26,21,23,62,212,53,17,131,121,86,612,1342,86,90,205,60,35,25,31,33,25,10,339,33,35,260,11,81,28,168,58,56,43,49,16,30,34,117,114,38,50,35,140,88,42,36,41,166,0,1,16,19,13,16,674,6,466,1,25,3,321,52,327,299,358,1,147,3,5,71,325,4531,37,72,88,59,7,159,5,17,30,753,349,211,79,2,9,6,1,1,41,48,164,34,184,38,34,78,2170,31,115,6814,28,438,44,238,144,128,23,59,380,57,39,48,27,22,13,623,49,43,49,18,64,51,1197,6,494,113,3,1391,429,0,16,271,31,0,324,39,69,12,217,55,684,147,34,51,46,20,59,23,55,35,1,55,4,105,4,3,9,22,14,37,33,1442,106,482,267,66,25,57,10,2768,19,733,105,588,80,15,136,0,1452,401,462,2026,118,724,19,10,21,55,23,60,30,76,321,41,1,18,75,2,3,237,207,0,34,12,1190,2113,1785,340,1759,274,26,3379,4841,679,1993,3762,4300,12,12,41,33,20,40,78,22,21,25,282,0.0,0.0,0.0,0.0,0.0,0.0,0.0,0.0,0.0,0.0,0.0,0.0,0.0,0.0,0.0,0.0,0.0,0.0,0.0,0.0,0.0,0.0,0.0,0.0,0.0,0.0,0.0,0.0,0.0,0.0,0.0,0.0,0.0,0.0,0.0,0.0,0.0,0.0,0.0,0.0,0.0,0.0,0.0,0.0,0.0,0.0,0.0,0.0,0.0,0.0,0.0,0.0,0.0,0.0,0.0,0.0,0.0,0.0,0.0,0.0,0.0,0.0,0.0,0.0,0.0,0.0,0.0,0.0,0.0,0.0,0.0,0.0,0.0,0.0,0.0,0.0,0.0,0.0,0.0,0.0,0.0,0.0,0.0,0.0,0.0,0.0,0.0,0.0,0.0,0.0,0.0,0.0,0.0,0.0,0.0,0.0,0.0,0.0,0.0,0.0,0.0,0.0,0.0,0.0,0.0,0.0,0.0,0.0,0.0,0.0,0.0,0.0,0.0,0.0,0.0,0.0,0.0,0.0,0.0,0.0,0.0,0.0,0.0,0.0,0.0,0.0,0.0,0.0,0.0,0.0,0.0,0.0,0.0,0.0,0.0,0.0,0.0,0.0,0.0,0.0,0.0,0.0,0.0,0.0,0.0,0.0,0.0,0.0,0.0,0.0
ENCFF000WTP,0.05690817822442891,13735,147,1285,17447,363,34541,1377,108,230,72,232,1247,2335,4379,10873,13416,1552,128,1382,1653,61,214,24,13,13,387,585,1449,10719,956,77,64,200,771,720,17,599,10,13,2675,3359,8,192,19,22,221,2122,10552,50,257,404,564,127,93,1843,72,65,116,34,225,580,185,5627,213,185,188,29,18233,14454,1869,426,264,454,1710,61,540,267,347,364,99,469,497,1103,218,237,1389,2,389,222,8,421,36,2,415,618,5895,50582,3050,30,7999,12124,884,10655,451,302,1388,399,526,6,735,2168,2019,49,1645,9590,1427,10374,290,1264,950,2757,572,15223,623,1774,779,221,869,112,35,7759,6389,540,10199,4196,3087,7746,108,1876,911,498,1204,19180,167,107,43,38,14,12,634,64,212,3045,1329,167,1371,18247,1779,112,441,241,225,890,1292,1082,1425,21,33,3,437,9,821,356,502,299,23,6,260,242,361,4425,2117,12722,883,10389,10062,4867,12186,4702,10022,89,8230,9759,3013,2522,7051,5572,2214,280,125,174,32,289,368,72,27,3,7,1239,139,15449,4751,6112,55,66172,11861,1165,8916,11223,291,149,13598,6269,22269,2473,11626,61,11344,12,92,641,414,135,386,91,1309,563,10,263,403,264,395,203,992,588,63,91,1625,1058,603,764,507,140,298,276,186,166,121,147,585,1719,538,179,644,961,799,6620,11500,450,890,982,528,314,247,217,396,243,30,2162,227,357,1569,140,506,210,1220,460,473,321,403,56,206,156,1050,989,372,403,332,817,539,283,361,390,1478,6,18,164,222,145,89,3966,19,2842,4,147,11,1848,206,1864,2099,2685,9,725,12,52,410,1055,26182,156,598,837,334,39,967,35,28,170,4827,1835,1351,403,5,59,41,9,20,305,357,805,265,1198,270,220,633,24098,212,817,35452,171,1751,421,1937,628,1018,138,256,1604,403,424,382,250,186,76,2264,459,406,427,185,516,522,7673,15,3330,762,12,7864,2088,10,84,1936,176,8,2367,322,341,81,1188,495,8079,1772,242,372,438,206,424,344,315,274,4,308,8,740,30,9,37,152,68,344,193,13533,995,4712,2599,722,213,199,48,9474,81,4336,726,3496,349,92,920,16,9893,1851,3216,14054,899,7918,103,82,140,376,307,457,271,523,2039,346,10,96,513,6,8,1110,1091,5,102,80,7254,12628,10498,2350,10265,1417,178,25304,27433,4626,13573,20923,23508,113,82,339,389,116,389,368,90,116,182,2083,0.0,0.0,0.0,0.0,0.0,0.0,0.0,0.0,0.0,0.0,0.0,0.0,0.0,0.0,0.0,0.0,0.0,0.0,0.0,0.0,0.0,0.0,0.0,0.0,0.0,0.0,0.0,0.0,0.0,0.0,0.0,0.0,0.0,0.0,0.0,0.0,0.0,0.0,0.0,0.0,0.0,0.0,0.0,0.0,0.0,0.0,0.0,0.0,0.0,0.0,0.0,0.0,0.0,0.0,0.0,0.0,0.0,0.0,0.0,0.0,0.0,0.0,0.0,0.0,0.0,0.0,0.0,0.0,0.0,0.0,0.0,0.0,0.0,0.0,0.0,0.0,0.0,0.0,0.0,0.0,0.0,0.0,0.0,0.0,0.0,0.0,0.0,0.0,0.0,0.0,0.0,0.0,0.0,0.0,0.0,0.0,0.0,0.0,0.0,0.0,0.0,0.0,0.0,0.0,0.0,0.0,0.0,0.0,0.0,0.0,0.0,0.0,0.0,0.0,0.0,0.0,0.0,0.0,0.0,0.0,0.0,0.0,0.0,0.0,0.0,0.0,0.0,0.0,0.0,0.0,0.0,0.0,0.0,0.0,0.0,0.0,0.0,0.0,0.0,0.0,0.0,0.0,0.0,0.0,0.0,0.0,0.0,0.0,0.0,0.0
ENCFF763MIQ,0.21525105499532537,8577408,68280,42849,133481,424,135895,117774,491,917,1365,7961,30088,2403,9746,92382,11080,9972,2671,26026,31139,1939,5199,658,521,398,21824,707800,13801,91038,26797,1750,9759,14059,26387,22598,17803,30162,142,1004,65203,77063,165,4642,87,21694,33881,43390,94681,105857,3189,2257,3204,3133,3408,67865,1018,2143,1978,1082,4874,10627,950,53460,1662,3060,211735,2671,240806,216581,70808,13100,1484,206534,70952,1733,21100,933,1781,3913,426,2045,25175,23131,886,1015,13231,79,1781,944,164,9554,3153,281,6674,5440,50289,954591,73753,937,192904,288999,13258,252854,28083,1238,43497,15382,18426,98,27096,66773,69399,1249,23558,250285,12406,85490,243,1304,3216,68707,534,95567,19237,37844,19635,6447,23128,2207,753,287502,17710,346560,106316,15035,302894,187636,114654,32886,9643,27551,108302,150893,3804,112259,431,701,492,273,14598,2041,10890,59377,31960,3803,23114,138437,7930,3322,19692,16098,11719,17713,38763,32250,70334,1528,1069,544,2702,89,4635,1099,9545,3739,4149,0,30253,4730,21216,110922,45370,401348,9161,120404,179540,92789,126325,73891,129518,1082,177463,200311,77566,62325,197112,125658,117203,4100,110319,5756,410,1056,1878,1504,422,138,244,23971,406,149055,53776,3067,1822,8384059,211530,129637,144292,92323,8937,5888,226001,164725,242936,2361,396863,1254,357896,250,3131,13258,6964,570,17725,21169,18759,18365,1091,1198,1754,1191,2072,718,53744,26592,11416,13445,19785,27825,10747,32614,2421,673,1303,2794,741,693,508,6570,2227,30846,2864,725,7410,30225,25136,43301,72128,389448,32808,48770,5228,14443,15058,1324,2628,994,4131,67648,884,1562,51527,972,12910,749,19844,2020,10804,1123,2023,5591,882,13176,6543,7465,1623,2106,1371,15706,4542,1485,1560,1867,9457,109,110,793,1152,6684,108,105287,675,95282,57,3470,869,47616,6813,59746,40639,46808,123,15759,265,1533,5537,25337,173780,43103,41045,33462,5959,38055,37393,1282,4145,6171,111590,31053,34173,9969,207,3830,642,38,348,1334,6668,15070,21356,18697,935,805,5626,145433,28486,5525,740594,13733,46524,4409,50728,732173,9397,578,370887,778641,1660,25792,27516,618,770,12800,3723718,28580,9143,34191,7612,22369,23245,162470,312,48784,13555,340,247513,43216,437,2027,62233,11423,316,26681,1750,13636,2247,50578,12663,98758,9758,118912,1410,21195,788,3832,1885,10405,2415,180,5839,102,14242,2140,146,1409,133397,6811,970,3182,99526,1238,19301,13154,1778,2511,10117,972,272591,52710,135189,113751,82817,9645,1497,15991,674,343601,44870,97121,398062,5928,61991,11419,1531,649,34619,40613,22365,1402,6574,25005,24189,126,128581,1987,212,177,29966,29187,92,131059,1404,189763,216740,167566,44590,220741,26342,2493,338236,535916,81325,227700,406706,521863,1429,1235,1526,1310,382,2191,13866,2020,2879,4821,33335,0.0,0.0,0.0,0.0,0.0,0.0,0.0,0.0,0.0,0.0,0.0,0.0,0.0,0.0,0.0,0.0,0.0,0.0,0.0,0.0,0.0,0.0,0.0,0.0,0.0,0.0,0.0,0.0,0.0,0.0,0.0,0.0,0.0,0.0,0.0,0.0,0.0,0.0,0.0,0.0,0.0,0.0,0.0,0.0,0.0,0.0,0.0,0.0,0.0,0.0,0.0,0.0,0.0,0.0,0.0,0.0,0.0,0.0,0.0,0.0,0.0,0.0,0.0,0.0,0.0,0.0,0.0,0.0,0.0,0.0,0.0,0.0,0.0,0.0,0.0,0.0,0.0,0.0,0.0,0.0,0.0,0.0,0.0,0.0,0.0,0.0,0.0,0.0,0.0,0.0,0.0,0.0,0.0,0.0,0.0,0.0,0.0,0.0,0.0,0.0,0.0,0.0,0.0,0.0,0.0,0.0,0.0,0.0,0.0,0.0,0.0,0.0,0.0,0.0,0.0,0.0,0.0,0.0,0.0,0.0,0.0,0.0,0.0,0.0,0.0,0.0,0.0,0.0,0.0,0.0,0.0,0.0,0.0,0.0,0.0,0.0,0.0,0.0,0.0,0.0,0.0,0.0,0.0,0.0,0.0,0.0,0.0,0.0,0.0,0.0
ENCFF030SMI,0.2063196885686734,43721,444,3179,85363,1034,229251,10972,532,781,467,822,4966,7003,17952,36319,67053,5725,1331,10077,7353,228,1107,55,91,94,1412,372,5233,50666,6356,380,127,656,3522,3265,38,4166,35,28,12095,16951,119,918,87,121,1330,10783,44211,59,986,1786,2331,745,567,10166,293,550,727,374,1888,2360,675,32502,577,513,116,135,82636,70102,11098,2109,1248,2374,11533,568,2572,1027,1287,1525,372,1698,2582,5536,833,901,6015,48,1494,1012,108,2350,1098,263,2773,1808,21715,247800,13228,187,37302,56721,4198,48170,2552,1006,8564,2824,3196,52,5070,12135,11991,354,6720,49598,5101,73526,747,3248,2460,12238,1307,125247,2402,8766,3762,1071,3776,771,147,46628,22641,326,56401,17369,22309,42687,83,7099,9355,2501,5864,71192,431,262,243,132,20,70,3704,520,815,13866,6190,896,5165,84847,5627,663,2414,3686,2812,4411,6754,5647,8182,167,407,181,1630,87,2388,983,1815,594,22,12,668,1168,2204,20024,10247,64760,3636,46292,54275,20860,60568,20749,41558,542,39817,47847,16831,13173,35723,26570,9232,1243,78,1479,99,871,1565,301,154,60,346,5159,634,84194,17076,25297,2968,321332,54696,5028,40809,56060,2031,754,55868,26170,96163,7230,60430,137,61270,93,556,1050,137,536,1792,336,6594,4499,98,1108,1462,1042,1464,721,4963,3034,373,374,8493,5353,3234,4070,2179,456,1284,1216,673,668,467,672,1715,7382,1613,663,2582,4609,3883,17490,51078,355,4573,4992,2168,1525,1219,1037,1524,768,224,11893,928,1735,8632,590,2814,901,6249,1850,1797,826,1516,348,846,794,4107,3491,1180,1651,1247,3718,2457,1487,1350,1594,6462,36,65,744,1123,1184,546,24679,569,14725,64,742,154,11049,1485,12130,9637,11581,52,4929,429,188,1832,6371,127617,1095,3130,3807,1518,28,5155,213,874,1436,22820,12551,5898,2267,221,329,159,43,120,1113,1934,3973,1532,5135,890,1031,4291,116007,511,3311,175778,810,10021,1597,10905,784,3853,531,198,5119,1365,2235,2236,647,756,488,2950,2690,1729,2425,675,2448,2657,39924,266,17422,3140,119,41873,10569,80,504,7903,1398,136,10818,1303,2059,317,6164,2063,57763,5736,635,1448,2248,867,1709,1506,1733,262,166,1305,101,3136,506,37,346,404,1000,1196,1390,62079,2795,13032,7717,1980,879,1497,769,56673,75,21845,2076,17618,2582,597,4400,38,39693,7665,13978,59255,3187,41528,319,574,712,1523,938,2036,1220,2055,16151,2052,49,313,1744,41,112,6182,6217,1,132,309,35923,50285,41614,9977,47424,5580,930,102276,120913,18010,53240,88821,107880,648,219,1164,1132,386,1351,1961,594,573,1051,10062,0.0,0.0,0.0,0.0,0.0,0.0,0.0,0.0,0.0,0.0,0.0,0.0,0.0,0.0,0.0,0.0,0.0,0.0,0.0,0.0,0.0,0.0,0.0,0.0,0.0,0.0,0.0,0.0,0.0,0.0,0.0,0.0,0.0,0.0,0.0,0.0,0.0,0.0,0.0,0.0,0.0,0.0,0.0,0.0,0.0,0.0,0.0,0.0,0.0,0.0,0.0,0.0,0.0,0.0,0.0,0.0,0.0,0.0,0.0,0.0,0.0,0.0,0.0,0.0,0.0,0.0,0.0,0.0,0.0,0.0,0.0,0.0,0.0,0.0,0.0,0.0,0.0,0.0,0.0,0.0,0.0,0.0,0.0,0.0,0.0,0.0,0.0,0.0,0.0,0.0,0.0,0.0,0.0,0.0,0.0,0.0,0.0,0.0,0.0,0.0,0.0,0.0,0.0,0.0,0.0,0.0,0.0,0.0,0.0,0.0,0.0,0.0,0.0,0.0,0.0,0.0,0.0,0.0,0.0,0.0,0.0,0.0,0.0,0.0,0.0,0.0,0.0,0.0,0.0,0.0,0.0,0.0,0.0,0.0,0.0,0.0,0.0,0.0,0.0,0.0,0.0,0.0,0.0,0.0,0.0,0.0,0.0,0.0,0.0,0.0
ENCFF445TRI,0.2367917389949704,6660,145,620,22408,270,64742,2993,178,147,59,191,1413,1179,4505,8755,22273,898,166,3113,1230,32,151,14,23,27,359,42,1648,15968,996,42,14,159,1333,1245,9,1308,5,6,2297,2808,15,95,9,23,323,2878,12468,7,321,563,919,84,45,1137,27,82,78,54,210,740,578,8562,282,374,17,20,21187,13559,1261,845,479,742,1123,47,924,406,548,628,151,717,826,953,268,441,1988,4,579,469,5,306,70,9,481,527,14821,47009,2414,44,6318,10564,1457,8617,889,457,871,285,350,1,640,1409,1511,249,1482,6541,1276,22035,111,560,631,2108,241,35825,781,1325,512,90,457,67,14,6111,4798,34,19370,4172,2370,5647,5,1725,3465,776,911,22617,648,30,107,12,4,17,525,75,111,2477,850,116,1708,21900,1605,55,878,1233,875,1023,875,802,1245,8,12,32,636,11,728,376,825,342,5,2,210,111,851,2703,1467,11104,1054,10760,11677,4714,15629,4957,9513,230,7064,9218,2024,1994,8346,4477,2772,412,4,412,12,367,718,30,8,14,79,842,87,22736,4878,9162,98,91922,14483,1337,9302,16465,277,129,14759,8482,28524,1825,9264,30,8637,5,80,195,16,214,644,87,1960,650,5,500,482,355,635,305,1684,944,18,64,2174,1444,754,585,933,182,497,495,310,191,150,63,742,2266,760,246,645,1425,1110,5210,28593,36,1372,707,725,544,448,452,653,387,11,3716,360,824,1796,208,879,358,1255,722,725,434,606,18,327,166,1363,1231,506,611,531,853,910,639,441,668,1594,6,4,270,507,118,71,3208,48,2011,2,79,10,1947,170,1863,1613,2953,8,816,18,7,1541,739,60528,106,657,1066,343,4,1448,44,197,358,6192,3785,1390,357,13,27,23,4,8,423,937,525,419,1052,400,329,760,42598,114,1008,26357,257,1947,617,3583,136,1203,204,18,956,501,820,794,226,236,58,358,952,706,797,151,735,849,7619,9,4907,407,22,6394,1839,11,116,1400,500,7,2734,499,175,32,1918,679,17399,1839,75,452,808,361,368,627,199,328,5,159,16,744,40,20,47,24,1165,216,379,12953,582,4818,2273,450,277,170,88,5874,10,3237,626,2352,453,30,610,3,9031,1759,2827,11712,1156,11941,82,215,272,585,321,708,532,530,3614,725,1,38,677,12,20,852,760,3,10,21,7355,11439,10945,2542,8654,1250,1663,21403,25031,4796,12180,18450,21609,198,41,448,384,178,579,152,100,40,185,1901,0.0,0.0,0.0,0.0,0.0,0.0,0.0,0.0,0.0,0.0,0.0,0.0,0.0,0.0,0.0,0.0,0.0,0.0,0.0,0.0,0.0,0.0,0.0,0.0,0.0,0.0,0.0,0.0,0.0,0.0,0.0,0.0,0.0,0.0,0.0,0.0,0.0,0.0,0.0,0.0,0.0,0.0,0.0,0.0,0.0,0.0,0.0,0.0,0.0,0.0,0.0,0.0,0.0,0.0,0.0,0.0,0.0,0.0,0.0,0.0,0.0,0.0,0.0,0.0,0.0,0.0,0.0,0.0,0.0,0.0,0.0,0.0,0.0,0.0,0.0,0.0,0.0,0.0,0.0,0.0,0.0,0.0,0.0,0.0,0.0,0.0,0.0,0.0,0.0,0.0,0.0,0.0,0.0,0.0,0.0,0.0,0.0,0.0,0.0,0.0,0.0,0.0,0.0,0.0,0.0,0.0,0.0,0.0,0.0,0.0,0.0,0.0,0.0,0.0,0.0,0.0,0.0,0.0,0.0,0.0,0.0,0.0,0.0,0.0,0.0,0.0,0.0,0.0,0.0,0.0,0.0,0.0,0.0,0.0,0.0,0.0,0.0,0.0,0.0,0.0,0.0,0.0,0.0,0.0,0.0,0.0,0.0,0.0,0.0,0.0
ENCFF582CNG,0.1455779158410581,36764,236,2132,55296,436,104926,8278,399,180,212,536,3908,1612,6419,20083,22412,1831,719,6133,4617,103,610,58,65,107,1441,1450,4036,31834,3252,170,65,469,2825,2479,38,2700,22,1,7159,9079,93,359,33,65,866,6894,32837,114,661,1630,2021,281,211,4317,96,323,240,178,685,1881,980,17369,635,554,398,79,50346,41717,4471,1700,986,2025,4101,174,1854,804,1078,1277,311,1511,1667,2802,582,949,4706,17,1158,1004,16,959,193,45,1686,1435,33196,142824,8329,186,21852,33410,3329,28028,1788,915,3570,1274,1568,26,2693,5510,6059,278,4715,27548,1856,35363,192,944,1338,6155,428,57223,1817,4954,2043,375,1766,291,50,22600,6264,665,33785,7233,8159,21852,63,4795,6037,1634,3003,56477,752,214,128,85,36,28,1793,347,318,8626,3100,309,4408,54251,3676,286,1785,1097,835,2484,3779,3502,4607,35,93,49,1548,22,1929,874,1421,953,16,30,694,480,1598,10507,5361,35430,2870,22901,31773,13886,34728,14765,27637,282,23276,28805,8209,7787,23950,16253,5635,1007,153,974,47,952,1608,110,33,45,126,3740,123,51674,11600,7835,442,211615,39339,4343,25359,29739,967,444,37085,19720,65455,2530,34004,120,31678,20,266,700,21,410,1253,210,5111,2314,20,997,1084,851,1375,652,3499,1938,127,196,5980,3616,1967,2451,2139,506,1103,1121,674,461,334,255,1771,5360,1266,488,1455,3238,2572,15308,98695,1124,2969,2650,1539,1162,980,848,1284,744,38,8166,757,1911,4813,463,1938,705,3783,1841,1423,995,1432,148,677,585,3226,2693,1184,1250,1192,2300,2154,1434,957,1521,4173,19,25,623,1071,429,426,11581,153,7175,25,208,78,5709,690,6486,6034,8437,29,2530,59,50,2468,2684,100910,528,1882,2613,986,41,2877,94,347,1371,18634,7966,3714,1266,77,125,63,11,38,922,1710,1947,974,3253,918,663,1890,75734,255,2224,93099,622,5722,1377,8266,1885,2752,427,298,3455,1070,1503,1601,588,473,179,8216,1869,1372,1569,541,1570,1689,22951,40,13851,1276,65,22141,6634,56,372,5093,1022,32,7929,1042,735,120,4443,1524,33765,3779,441,1013,1531,760,1061,1253,886,800,35,733,31,2142,124,49,117,198,582,249,874,29468,1030,11142,5011,797,711,602,275,22881,85,11546,1566,8490,1225,104,2139,14,33148,5917,10078,40385,4518,23213,209,273,560,1328,643,1388,1062,1409,7491,1323,13,183,1532,53,54,2789,2784,22,175,83,22405,36748,29346,7698,27783,3862,1330,63710,78963,13163,36213,61655,67751,232,79,893,899,343,1225,702,338,180,605,6142,0.0,0.0,0.0,0.0,0.0,0.0,0.0,0.0,0.0,0.0,0.0,0.0,0.0,0.0,0.0,0.0,0.0,0.0,0.0,0.0,0.0,0.0,0.0,0.0,0.0,0.0,0.0,0.0,0.0,0.0,0.0,0.0,0.0,0.0,0.0,0.0,0.0,0.0,0.0,0.0,0.0,0.0,0.0,0.0,0.0,0.0,0.0,0.0,0.0,0.0,0.0,0.0,0.0,0.0,0.0,0.0,0.0,0.0,0.0,0.0,0.0,0.0,0.0,0.0,0.0,0.0,0.0,0.0,0.0,0.0,0.0,0.0,0.0,0.0,0.0,0.0,0.0,0.0,0.0,0.0,0.0,0.0,0.0,0.0,0.0,0.0,0.0,0.0,0.0,0.0,0.0,0.0,0.0,0.0,0.0,0.0,0.0,0.0,0.0,0.0,0.0,0.0,0.0,0.0,0.0,0.0,0.0,0.0,0.0,0.0,0.0,0.0,0.0,0.0,0.0,0.0,0.0,0.0,0.0,0.0,0.0,0.0,0.0,0.0,0.0,0.0,0.0,0.0,0.0,0.0,0.0,0.0,0.0,0.0,0.0,0.0,0.0,0.0,0.0,0.0,0.0,0.0,0.0,0.0,0.0,0.0,0.0,0.0,0.0,0.0
ENCFF447GUA,0.05619917905345289,823336,2125,5616,359,2,13583,873,26,70,52,715,326,76,245,42,4,673,171,1332,1996,89,237,42,38,10,78,16346,388,104,951,337,2773,488,228,163,877,324,8,0,3480,3247,3,174,0,1057,34,756,127,7888,71,76,129,159,401,37683,56,137,76,28,289,181,0,4,31,141,1533,0,11525,52551,12318,103,69,12630,2658,103,101,64,107,138,25,84,103,1342,39,34,412,23,81,53,130,777,7,0,323,61,41,76639,3375,6,51065,12925,323,11327,141,60,1792,533,603,1,51270,22527,5012,149,2639,30275,60,2550,0,2,107,2258,0,44,96,3160,1512,201,1019,111,15,8857,488,11816,144,525,3683,29136,24199,1638,78,108,4750,502,30,5547,3,18,29,6,548,73,151,4463,1331,226,812,284,138,917,83,194,179,552,903,817,12755,24,56,1,99,0,157,83,407,672,633,0,4940,157,107,7356,2727,41005,463,8953,11397,3330,2444,4369,17314,23,10806,11514,6015,4444,14989,49600,2071,140,827,99,3,41,97,45,31,3,0,1945,2,2019,1562,1,13,137745,7504,2452,11109,291,303,470,8415,3911,5222,108,18592,28,14514,23,73,906,0,24,97,67,518,638,2,56,101,52,92,35,256,94,3974,32,1253,553,404,2280,118,22,65,68,56,34,18,781,108,1204,573,40,371,323,219,377,104,24344,388,16416,222,76,61,68,92,47,370,2406,51,81,1645,40,293,30,802,99,75,51,98,10,60,1049,259,203,83,108,70,1356,271,72,60,85,481,65,5,37,65,133,1,8036,25,6232,12,176,12,1466,203,11976,3088,1357,0,666,37,37,25,1159,5009,525,3742,6619,308,2099,292,49,20,185,3364,1503,338,404,36,374,26,0,3,84,13,752,41,656,30,52,60,203,2630,252,43325,339,1616,82,563,18371,323,43,17868,50204,94,145,102,27,25,151,289987,98,102,115,147,113,113,7223,36,2110,1869,2,59032,3021,0,88,1901,249,23,1260,83,277,274,510,107,109,100,5165,74,117,60,147,124,451,19,0,971,37,492,50,19,67,4163,212,8,68,756,6,522,269,34,42,170,0,19750,1678,7144,380,3662,304,30,1194,4,11533,1522,2009,41370,165,179,394,12,32,216,1180,90,75,175,351,96,4,4691,82,0,0,3534,1208,2,3604,118,5923,10266,12079,1223,8761,1291,48,11266,27279,3826,9547,19832,20588,103,102,79,73,22,67,346,69,375,81,2096,0.0,0.0,0.0,0.0,0.0,0.0,0.0,0.0,0.0,0.0,0.0,0.0,0.0,0.0,0.0,0.0,0.0,0.0,0.0,0.0,0.0,0.0,0.0,0.0,0.0,0.0,0.0,0.0,0.0,0.0,0.0,0.0,0.0,0.0,0.0,0.0,0.0,0.0,0.0,0.0,0.0,0.0,0.0,0.0,0.0,0.0,0.0,0.0,0.0,0.0,0.0,0.0,0.0,0.0,0.0,0.0,0.0,0.0,0.0,0.0,0.0,0.0,0.0,0.0,0.0,0.0,0.0,0.0,0.0,0.0,0.0,0.0,0.0,0.0,0.0,0.0,0.0,0.0,0.0,0.0,0.0,0.0,0.0,0.0,0.0,0.0,0.0,0.0,0.0,0.0,0.0,0.0,0.0,0.0,0.0,0.0,0.0,0.0,0.0,0.0,0.0,0.0,0.0,0.0,0.0,0.0,0.0,0.0,0.0,0.0,0.0,0.0,0.0,0.0,0.0,0.0,0.0,0.0,0.0,0.0,0.0,0.0,0.0,0.0,0.0,0.0,0.0,0.0,0.0,0.0,0.0,0.0,0.0,0.0,0.0,0.0,0.0,0.0,0.0,0.0,0.0,0.0,0.0,0.0,0.0,0.0,0.0,0.0,0.0,0.0
ENCFF000BJE,0.11875475869747633,22229,58,2749,22144,638,123938,4800,193,515,253,364,2111,4359,8278,11948,32730,3123,476,3897,4052,124,596,118,39,101,760,67,2374,16140,3332,199,94,349,1208,1201,14,1464,61,9,5289,9048,109,645,27,8,517,4387,13617,10,359,712,918,444,271,5933,111,294,337,98,801,1082,224,6805,181,242,33,35,29908,32234,6364,748,503,833,4224,249,806,452,585,581,144,652,800,3190,320,420,2449,9,579,339,32,1097,102,48,831,773,8065,129117,7521,210,20414,30066,1805,26398,901,380,4365,1174,1281,34,2418,6197,5813,159,3477,32094,2419,22371,430,1778,1635,6993,811,31243,812,4676,2311,724,2399,556,139,23731,11692,97,18067,7244,9558,22697,17,3189,2435,786,2906,22986,207,145,78,121,38,39,1781,302,412,7841,3665,630,2752,22973,1985,384,740,488,482,2069,3062,2622,4656,52,168,22,680,65,1264,458,839,1016,9,2,323,1355,699,12155,5567,38675,1636,23145,24702,10326,20549,9932,19656,222,21696,25512,11941,6908,17821,13926,3677,671,15,425,42,329,580,219,183,26,84,3101,327,24384,7668,10592,138,126976,24602,2296,19199,14970,905,384,27296,11993,34437,3887,33893,122,34224,119,374,623,79,190,595,236,2832,1898,98,460,592,417,634,340,1631,969,272,203,3631,2294,1649,2258,786,242,519,447,268,243,186,551,717,3534,806,294,1498,1611,1479,6188,14166,111,1870,2630,872,525,440,402,615,313,166,5905,344,641,4724,252,1545,309,2981,713,637,389,600,727,348,401,1687,1690,512,665,490,2007,1075,531,534,612,2873,16,106,301,399,927,215,12498,136,8533,29,508,194,5325,703,5677,5417,5202,49,2142,204,200,863,3544,45335,519,1627,1705,812,9,1896,174,91,559,10449,4525,2237,1157,130,694,119,13,144,466,616,1771,386,2583,380,360,971,35084,253,1498,93277,289,4880,663,3590,234,1823,195,30,2616,555,684,736,324,277,179,605,831,648,710,297,823,863,21409,120,7906,1856,19,21038,5249,153,238,5274,424,104,5035,531,2703,281,2182,782,11580,1940,416,537,762,414,760,585,1340,454,109,993,45,1670,255,21,176,328,58,597,464,20748,1619,5404,3581,961,317,716,83,28914,54,12575,1117,10412,1191,321,2368,14,22019,4089,7756,33216,1162,12050,154,97,313,632,298,763,453,1049,4223,635,38,124,719,18,27,3321,3317,2,69,477,18928,28316,21745,5193,27262,3380,512,54207,69811,9115,29078,50188,61376,241,167,521,435,179,577,1178,200,470,481,4955,0.0,0.0,0.0,0.0,0.0,0.0,0.0,0.0,0.0,0.0,0.0,0.0,0.0,0.0,0.0,0.0,0.0,0.0,0.0,0.0,0.0,0.0,0.0,0.0,0.0,0.0,0.0,0.0,0.0,0.0,0.0,0.0,0.0,0.0,0.0,0.0,0.0,0.0,0.0,0.0,0.0,0.0,0.0,0.0,0.0,0.0,0.0,0.0,0.0,0.0,0.0,0.0,0.0,0.0,0.0,0.0,0.0,0.0,0.0,0.0,0.0,0.0,0.0,0.0,0.0,0.0,0.0,0.0,0.0,0.0,0.0,0.0,0.0,0.0,0.0,0.0,0.0,0.0,0.0,0.0,0.0,0.0,0.0,0.0,0.0,0.0,0.0,0.0,0.0,0.0,0.0,0.0,0.0,0.0,0.0,0.0,0.0,0.0,0.0,0.0,0.0,0.0,0.0,0.0,0.0,0.0,0.0,0.0,0.0,0.0,0.0,0.0,0.0,0.0,0.0,0.0,0.0,0.0,0.0,0.0,0.0,0.0,0.0,0.0,0.0,0.0,0.0,0.0,0.0,0.0,0.0,0.0,0.0,0.0,0.0,0.0,0.0,0.0,0.0,0.0,0.0,0.0,0.0,0.0,0.0,0.0,0.0,0.0,0.0,0.0
ENCFF000YSR,0.08051325160510124,7764,31,382,5344,86,10988,788,46,54,39,955,1644,367,794,2949,2806,375,46,713,1621,37,100,8,5,9,101,188,359,5061,507,39,41,71,195,164,8,213,2,98,4387,1531,4,80,4,8,65,673,2650,18,89,100,131,52,60,926,28,49,67,14,119,1033,30,1315,25,64,51,347,5362,6344,1117,111,87,147,1066,30,149,51,98,95,19,111,127,582,43,71,364,0,81,54,0,180,21,2,163,166,2034,21876,1411,9,3905,5331,260,4707,126,79,692,214,220,7,341,982,1050,16,1202,4714,326,3084,76,297,255,1115,130,4164,142,998,628,104,467,50,18,4273,1074,166,2132,771,2257,3724,42,3630,461,108,473,5526,66,39,10,17,4,6,288,44,908,1461,722,72,530,5223,423,52,127,164,149,398,652,574,1064,11,10,7,110,2,208,75,254,3223,3,2,93,84,95,2175,929,5672,309,3375,4320,1803,3801,1591,3117,28,3392,3883,1400,1297,3535,2483,859,85,47,99,59,73,86,36,8,3,14,826,21,4145,1464,857,31,28496,4753,449,3670,2370,145,256,4836,2426,6545,674,6602,20,7045,8,40,2775,1962,25,91,35,428,269,4,81,112,85,99,63,286,135,41,37,516,380,253,375,139,34,67,83,52,55,30,74,112,610,171,46,203,244,206,1194,1825,114,287,443,143,89,68,70,89,57,26,1016,58,88,694,35,194,51,406,103,106,73,115,28,42,48,306,228,81,85,72,304,152,90,75,86,372,2,3,35,50,71,31,2130,20,1488,3,77,9,873,149,999,1876,1543,7,291,17,33,183,527,6710,94,262,258,115,19,246,29,23,105,1647,1700,3432,247,12,29,21,2,12,83,197,340,77,442,64,49,167,6547,67,208,16041,54,754,104,614,221,318,41,61,604,94,100,121,91,59,29,949,143,94,105,62,111,130,3405,9,1260,347,6,3910,943,11,32,800,103,8,740,93,207,55,298,112,1788,354,83,98,103,52,157,64,185,93,7,144,9,567,17,17,28,72,45,91,70,4679,239,1093,718,198,77,130,50,5311,23,1919,229,1816,206,33,434,115,3630,698,1172,5172,170,1535,27,41,38,148,104,105,66,140,943,84,5,30,123,5,6,615,603,1,37,34,3316,4687,3545,826,4529,583,27,8601,10617,1567,4726,8030,10271,41,29,94,82,26,69,244,59,69,80,1025,0.0,0.0,0.0,0.0,0.0,0.0,0.0,0.0,0.0,0.0,0.0,0.0,0.0,0.0,0.0,0.0,0.0,0.0,0.0,0.0,0.0,0.0,0.0,0.0,0.0,0.0,0.0,0.0,0.0,0.0,0.0,0.0,0.0,0.0,0.0,0.0,0.0,0.0,0.0,0.0,0.0,0.0,0.0,0.0,0.0,0.0,0.0,0.0,0.0,0.0,0.0,0.0,0.0,0.0,0.0,0.0,0.0,0.0,0.0,0.0,0.0,0.0,0.0,0.0,0.0,0.0,0.0,0.0,0.0,0.0,0.0,0.0,0.0,0.0,0.0,0.0,0.0,0.0,0.0,0.0,0.0,0.0,0.0,0.0,0.0,0.0,0.0,0.0,0.0,0.0,0.0,0.0,0.0,0.0,0.0,0.0,0.0,0.0,0.0,0.0,0.0,0.0,0.0,0.0,0.0,0.0,0.0,0.0,0.0,0.0,0.0,0.0,0.0,0.0,0.0,0.0,0.0,0.0,0.0,0.0,0.0,0.0,0.0,0.0,0.0,0.0,0.0,0.0,0.0,0.0,0.0,0.0,0.0,0.0,0.0,0.0,0.0,0.0,0.0,0.0,0.0,0.0,0.0,0.0,0.0,0.0,0.0,0.0,0.0,0.0
ENCFF002DTR,0.13833843821524613,74605,281,1683,57652,501,161285,11248,545,216,221,576,4772,1993,6829,25697,25674,2059,952,10415,5091,102,688,26,112,88,1846,5159,4615,41027,4219,155,52,539,3622,3313,29,4271,43,9,9181,9544,72,372,110,56,1088,8399,32325,298,1052,2470,2358,204,260,4638,135,375,337,319,1007,2494,792,24959,743,521,1307,53,59867,52509,5305,2256,1210,2793,5446,95,2665,1041,1235,1513,457,2101,2705,2754,722,1301,5895,45,1420,1288,71,1562,801,275,2511,1272,17637,173588,8140,167,22445,36255,4837,31221,2611,1193,4279,2029,2755,98,4101,7475,8069,357,5242,40312,2195,44644,295,1439,1257,7253,500,82012,2075,6602,2287,431,2005,275,107,25889,6218,2020,30416,9483,10571,23854,136,6199,14278,2150,3402,61889,542,370,48,68,36,12,1874,401,299,9652,3296,247,3728,54965,3304,257,2718,2227,1437,2938,4232,3684,5647,95,217,125,1894,73,2146,971,1500,53,26,16,800,525,2460,11587,5783,41971,3300,24884,39049,15438,44681,17886,32326,198,26845,34620,9837,9392,28494,19573,6462,1171,363,1689,22,1280,2010,160,55,71,100,3920,116,68369,12522,9202,4026,263552,47289,4988,28200,37940,1086,550,39162,22756,75788,2158,38217,93,35080,20,270,713,32,615,1635,440,6527,2410,67,1173,1086,1006,1803,868,4710,2300,122,201,6771,4941,2417,3014,2825,526,1546,1457,873,530,355,337,1783,6768,1393,602,1858,4509,3228,16585,74684,3975,4077,3318,1851,1527,1321,1188,1595,870,102,10589,882,2663,6241,606,2447,934,4936,2693,1970,1496,1763,209,723,684,4298,3254,1570,1415,1366,2906,2753,1959,1144,2033,4580,49,72,752,1438,575,536,14217,375,10142,45,202,154,6572,609,8265,7420,10849,38,2888,157,50,2467,2780,88524,578,2214,3599,1154,47,3604,42,703,1442,23630,13171,3824,1476,138,211,120,30,101,967,2285,2951,1606,4231,1174,731,2974,75979,279,2730,103902,707,6674,1647,11362,5594,3156,447,709,4503,1277,2187,2132,562,452,107,33290,2989,1752,2075,839,2061,2187,30225,80,18650,1456,141,27663,8021,30,421,5642,1397,93,8966,1275,1071,187,5816,1830,42389,2618,890,1330,1939,1111,1287,1645,952,378,81,1088,68,3219,384,76,90,318,1117,355,1595,43944,1485,10037,5354,854,733,978,709,27875,315,12978,1963,9030,1589,104,2744,13,37180,7239,12307,44499,2420,22576,207,567,705,1686,987,1901,1396,1702,16188,1768,37,156,1840,76,94,2990,2845,2,291,131,26094,36499,30122,8239,30231,4494,783,71080,84026,13861,35898,65458,74306,229,63,1192,1033,501,1514,865,457,179,949,7041,0.0,0.0,0.0,0.0,0.0,0.0,0.0,0.0,0.0,0.0,0.0,0.0,0.0,0.0,0.0,0.0,0.0,0.0,0.0,0.0,0.0,0.0,0.0,0.0,0.0,0.0,0.0,0.0,0.0,0.0,0.0,0.0,0.0,0.0,0.0,0.0,0.0,0.0,0.0,0.0,0.0,0.0,0.0,0.0,0.0,0.0,0.0,0.0,0.0,0.0,0.0,0.0,0.0,0.0,0.0,0.0,0.0,0.0,0.0,0.0,0.0,0.0,0.0,0.0,0.0,0.0,0.0,0.0,0.0,0.0,0.0,0.0,0.0,0.0,0.0,0.0,0.0,0.0,0.0,0.0,0.0,0.0,0.0,0.0,0.0,0.0,0.0,0.0,0.0,0.0,0.0,0.0,0.0,0.0,0.0,0.0,0.0,0.0,0.0,0.0,0.0,0.0,0.0,0.0,0.0,0.0,0.0,0.0,0.0,0.0,0.0,0.0,0.0,0.0,0.0,0.0,0.0,0.0,0.0,0.0,0.0,0.0,0.0,0.0,0.0,0.0,0.0,0.0,0.0,0.0,0.0,0.0,0.0,0.0,0.0,0.0,0.0,0.0,0.0,0.0,0.0,0.0,0.0,0.0,0.0,0.0,0.0,0.0,0.0,0.0
ENCFF643EHE,0.15079162014451294,100913,279,3243,58397,754,197827,8260,532,287,245,542,5171,2139,9701,37100,35278,2187,824,6882,5727,108,676,30,90,67,1531,7434,5153,43764,3970,182,93,616,3502,3264,56,3154,32,6,8014,10509,90,445,88,69,927,8398,35473,634,1018,2232,2674,327,246,4759,133,377,242,171,839,2469,1174,24031,736,346,2347,136,62991,52731,5138,2204,1321,2864,4351,207,2322,1125,1382,1587,449,2165,2055,3260,787,1389,6588,22,1603,1261,20,945,481,35,1222,2014,34129,164859,8911,142,23879,36505,4326,30816,2219,1266,3818,1207,1437,19,3066,6413,6958,89,5185,31602,2335,64502,262,1488,1808,7436,675,103572,2354,5599,2302,362,1961,275,48,25491,8714,2877,40630,9316,9595,25950,1159,6115,7598,2080,4054,60669,296,717,188,91,55,44,1943,472,452,10566,3459,341,5160,59994,4975,322,2276,1159,847,2948,3620,3481,5159,51,87,85,2043,34,2508,1209,876,308,19,24,896,549,1999,11665,6046,41403,3578,27200,38630,16899,48771,18945,35470,280,26297,33535,9148,8732,26319,17666,5889,1199,843,1243,61,1294,2101,114,42,38,61,4200,144,81397,14940,9023,354,231425,47469,5427,28902,37945,1124,525,44451,21899,81683,3222,36634,107,33494,34,300,767,21,604,1693,237,6548,2694,38,1408,1368,1170,1830,902,4266,2380,196,218,7344,4540,2409,2675,2935,650,1412,1453,825,588,430,293,2379,6005,1612,720,1840,3914,3087,16252,61725,6177,3907,3168,1983,1526,1185,1237,1773,1026,80,7829,1017,2495,5604,614,2398,981,4931,2419,1862,1432,1820,233,879,762,4419,3538,1525,1634,1514,2726,2678,2037,1322,2131,5849,26,37,797,1442,456,530,13274,169,8166,42,303,62,6686,733,6982,6711,10021,37,3052,105,60,1613,3262,106086,970,1900,3245,1240,259,3760,154,701,1461,22045,9321,5368,1386,47,126,74,24,76,1119,1517,2509,1160,5003,1223,838,2963,82042,539,2833,109529,827,6502,1785,10276,8618,3435,482,1851,7002,1513,1927,1884,719,626,229,43841,2498,1851,1901,756,1990,2230,26259,54,18083,1436,28,25751,8733,19,385,5706,1013,62,10257,1433,854,131,5407,1811,26606,3771,1297,1284,1904,1078,1406,1671,1095,1109,35,977,47,2599,111,49,89,656,412,317,1079,46734,1582,12781,6574,1165,745,595,280,26401,223,13683,2284,9496,1309,122,2425,15,33756,6082,11385,43527,2448,26198,255,280,712,1791,964,1629,1449,1941,9045,1782,17,355,2002,33,44,3011,3138,15,593,158,25898,46162,37906,9537,32574,4573,942,82263,96483,16153,45683,75572,80369,266,97,1216,1213,411,1656,646,435,265,727,7258,0.0,0.0,0.0,0.0,0.0,0.0,0.0,0.0,0.0,0.0,0.0,0.0,0.0,0.0,0.0,0.0,0.0,0.0,0.0,0.0,0.0,0.0,0.0,0.0,0.0,0.0,0.0,0.0,0.0,0.0,0.0,0.0,0.0,0.0,0.0,0.0,0.0,0.0,0.0,0.0,0.0,0.0,0.0,0.0,0.0,0.0,0.0,0.0,0.0,0.0,0.0,0.0,0.0,0.0,0.0,0.0,0.0,0.0,0.0,0.0,0.0,0.0,0.0,0.0,0.0,0.0,0.0,0.0,0.0,0.0,0.0,0.0,0.0,0.0,0.0,0.0,0.0,0.0,0.0,0.0,0.0,0.0,0.0,0.0,0.0,0.0,0.0,0.0,0.0,0.0,0.0,0.0,0.0,0.0,0.0,0.0,0.0,0.0,0.0,0.0,0.0,0.0,0.0,0.0,0.0,0.0,0.0,0.0,0.0,0.0,0.0,0.0,0.0,0.0,0.0,0.0,0.0,0.0,0.0,0.0,0.0,0.0,0.0,0.0,0.0,0.0,0.0,0.0,0.0,0.0,0.0,0.0,0.0,0.0,0.0,0.0,0.0,0.0,0.0,0.0,0.0,0.0,0.0,0.0,0.0,0.0,0.0,0.0,0.0,0.0
ENCFF523STC,0.10021487151006986,278669,1623,6849,43539,551,66377,8201,401,467,446,840,4565,3960,10945,22690,20891,4038,541,7927,6860,207,736,126,141,101,1383,21817,4316,30449,4532,317,1287,774,2454,2340,631,2575,29,72,10706,12799,124,966,188,565,756,7639,30346,3906,572,1463,1819,470,492,8517,222,392,531,249,773,2093,1017,14929,1414,948,5612,144,68152,68553,8457,1400,924,5840,6925,357,1664,629,978,1148,316,1290,1479,4219,556,725,4982,32,1086,614,23,1300,334,74,1791,1942,27747,206843,12611,661,33830,48394,3317,41869,1943,850,6237,2013,2133,29,3754,9662,9063,157,6547,42830,2856,31251,418,1720,2421,10808,731,42690,2049,7378,3405,1198,3042,369,157,36208,13683,13040,28231,10730,19100,31183,3760,6125,4780,1663,6375,61928,687,3101,125,119,50,66,2454,351,946,13254,5711,787,5069,46156,4839,514,1495,1600,1514,3777,5141,4481,7747,123,169,78,1313,29,2565,698,2670,1121,547,32,1627,916,1408,18321,8114,59643,3069,36252,39606,20824,39987,18926,36883,209,36100,42580,14800,10967,31628,22970,9316,1217,4866,1231,333,694,1154,166,84,28,48,5592,384,52666,17049,9836,592,409072,54003,6912,37641,29282,1381,860,56352,27978,79361,3572,55867,358,47243,42,517,1132,270,309,1217,454,5096,2956,63,785,1164,782,1163,579,3404,1899,988,444,5859,3926,2556,3802,1521,415,800,957,393,433,318,883,1519,7892,1683,492,2386,3448,3158,19034,76969,13809,3088,4419,1620,1166,959,718,1259,676,389,9637,551,1017,6400,452,2206,487,5461,1417,1362,757,1161,787,610,1605,3105,3152,1045,1212,968,2915,1951,950,1023,1262,5585,32,140,464,786,555,481,19306,309,12259,37,605,198,7479,903,9533,8553,10784,42,3469,134,216,2921,4629,105252,1750,3751,3210,1387,1124,4208,191,242,761,21683,9624,4355,1516,58,337,173,22,38,877,2222,3194,783,4799,652,565,3468,62371,1540,2709,146783,867,6655,1207,7204,22998,3591,403,9119,26294,1015,1344,1453,531,549,550,112261,1609,1145,1503,1074,1527,1707,30631,81,13290,2696,32,32366,9147,95,296,8370,983,43,8458,1066,1914,295,4245,1429,26665,4744,2973,1190,1447,552,1536,1036,1608,1409,42,1400,40,2484,322,81,178,2602,649,698,1510,35063,1613,12911,7237,1252,660,1392,312,41995,2288,19467,5707,13628,1466,485,3406,44,40162,7869,13957,61336,6708,24499,770,438,413,2500,1568,1634,920,2095,11855,1298,52,2107,1386,40,58,4532,4248,17,4929,306,29239,58207,42684,11433,44248,5343,429,90215,120612,18919,56850,90048,102886,274,209,1046,925,269,1070,1797,454,543,825,8493,0.0,0.0,0.0,0.0,0.0,0.0,0.0,0.0,0.0,0.0,0.0,0.0,0.0,0.0,0.0,0.0,0.0,0.0,0.0,0.0,0.0,0.0,0.0,0.0,0.0,0.0,0.0,0.0,0.0,0.0,0.0,0.0,0.0,0.0,0.0,0.0,0.0,0.0,0.0,0.0,0.0,0.0,0.0,0.0,0.0,0.0,0.0,0.0,0.0,0.0,0.0,0.0,0.0,0.0,0.0,0.0,0.0,0.0,0.0,0.0,0.0,0.0,0.0,0.0,0.0,0.0,0.0,0.0,0.0,0.0,0.0,0.0,0.0,0.0,0.0,0.0,0.0,0.0,0.0,0.0,0.0,0.0,0.0,0.0,0.0,0.0,0.0,0.0,0.0,0.0,0.0,0.0,0.0,0.0,0.0,0.0,0.0,0.0,0.0,0.0,0.0,0.0,0.0,0.0,0.0,0.0,0.0,0.0,0.0,0.0,0.0,0.0,0.0,0.0,0.0,0.0,0.0,0.0,0.0,0.0,0.0,0.0,0.0,0.0,0.0,0.0,0.0,0.0,0.0,0.0,0.0,0.0,0.0,0.0,0.0,0.0,0.0,0.0,0.0,0.0,0.0,0.0,0.0,0.0,0.0,0.0,0.0,0.0,0.0,0.0
ENCFF413VRA,0.19846805377697285,42406,151,7330,41337,1204,72383,8648,327,720,315,608,4411,7435,13617,22235,30703,5256,432,9372,9063,161,600,111,26,55,1090,95,4574,39567,3861,325,200,540,2380,2131,50,2184,47,8,9528,12261,54,815,41,47,735,7078,35212,29,634,1458,2032,543,367,6218,153,347,530,481,839,1823,1008,18866,459,753,65,10,69482,74007,6644,1415,954,1142,4791,145,1578,594,1041,1290,288,1285,1492,4118,480,642,5017,23,1144,594,37,1293,303,74,2160,1911,21503,224970,16046,161,38169,48924,3313,41767,1386,858,5959,2216,2851,34,3153,7967,7767,85,5829,33612,4005,34281,875,4329,4251,12660,2199,52949,2017,7639,4167,1002,2933,436,218,32456,20392,209,26582,12982,11184,28016,64,6724,4100,1487,4007,37210,475,217,122,142,47,54,2433,417,442,15562,5675,801,6406,44495,4344,466,1492,1173,905,4269,8577,7680,5311,194,191,35,1399,34,2540,787,1283,974,20,22,640,936,1298,17274,7943,51418,2917,41956,43933,20265,36347,17244,36866,409,35166,42602,11964,11561,29100,22011,9185,1371,31,1982,47,673,1163,184,122,23,106,4963,480,43316,16780,18420,627,283413,50493,4105,32750,34616,1159,731,55373,32250,85870,7200,52892,272,50214,41,605,791,32,394,1317,221,4569,2067,34,820,1212,804,1200,470,3074,1795,211,300,5487,3418,2245,2664,1530,470,709,993,450,449,304,597,1424,8291,1960,464,2183,2835,2838,17270,43399,226,2547,3327,1704,1105,873,892,1277,720,121,8112,561,952,5547,551,1938,449,5042,1366,1274,791,1244,162,572,800,2903,3437,1084,1187,877,2558,1845,769,1051,1166,5522,20,53,507,806,464,814,15023,85,11198,23,594,49,6927,776,7731,9129,9016,38,3426,173,234,4038,3570,111658,562,2371,2603,1174,38,4202,124,153,582,21987,9632,3562,1413,30,208,187,17,70,920,1501,2783,753,4950,639,580,2156,58491,415,2905,157627,700,5788,1318,6370,298,3455,358,63,4118,1066,1332,1390,441,525,246,908,1537,1255,1377,755,1495,1618,30462,106,11496,3026,25,28791,9801,55,225,9143,778,73,7507,1073,1242,311,3835,1437,19838,4570,755,1019,1389,523,1444,1139,1273,1403,14,1343,16,2456,173,124,255,493,450,1222,1404,59574,3850,14173,9404,2120,763,1932,1096,39607,111,20386,2171,13592,1371,524,3409,18,47784,9108,13867,57543,5450,21649,344,590,448,1055,532,1593,983,1907,21650,1336,44,197,1375,27,21,4321,4104,61,146,202,28761,61188,42426,11443,46345,5195,1102,87313,127273,19157,62460,86964,105504,343,277,1018,922,252,1157,1411,341,474,995,8545,0.0,0.0,0.0,0.0,0.0,0.0,0.0,0.0,0.0,0.0,0.0,0.0,0.0,0.0,0.0,0.0,0.0,0.0,0.0,0.0,0.0,0.0,0.0,0.0,0.0,0.0,0.0,0.0,0.0,0.0,0.0,0.0,0.0,0.0,0.0,0.0,0.0,0.0,0.0,0.0,0.0,0.0,0.0,0.0,0.0,0.0,0.0,0.0,0.0,0.0,0.0,0.0,0.0,0.0,0.0,0.0,0.0,0.0,0.0,0.0,0.0,0.0,0.0,0.0,0.0,0.0,0.0,0.0,0.0,0.0,0.0,0.0,0.0,0.0,0.0,0.0,0.0,0.0,0.0,0.0,0.0,0.0,0.0,0.0,0.0,0.0,0.0,0.0,0.0,0.0,0.0,0.0,0.0,0.0,0.0,0.0,0.0,0.0,0.0,0.0,0.0,0.0,0.0,0.0,0.0,0.0,0.0,0.0,0.0,0.0,0.0,0.0,0.0,0.0,0.0,0.0,0.0,0.0,0.0,0.0,0.0,0.0,0.0,0.0,0.0,0.0,0.0,0.0,0.0,0.0,0.0,0.0,0.0,0.0,0.0,0.0,0.0,0.0,0.0,0.0,0.0,0.0,0.0,0.0,0.0,0.0,0.0,0.0,0.0,0.0
ENCFF000ZIH,0.17797222086072495,194822,261,5297,53222,1546,311373,6783,439,652,416,609,4047,5321,9612,22318,74229,3931,500,6754,6773,174,687,75,59,60,1147,13027,4273,28601,3810,226,807,549,2516,2349,315,2426,23,13,8592,11051,88,621,60,76,759,7339,25368,1608,640,1441,2041,443,308,5614,168,376,466,157,690,1751,677,19751,343,451,3892,40,67132,55258,6490,1444,1021,3618,4440,267,1609,743,1101,1209,327,1443,1560,3844,664,782,4841,21,1275,716,30,1170,234,64,1601,1770,28179,192100,10658,163,28627,41360,3349,36067,1511,913,4849,1493,1641,22,2678,7183,7176,97,5225,31908,3662,35457,828,3435,3696,9580,1442,53446,1974,6641,3130,760,2435,553,138,27643,14061,8451,28552,9464,9965,27042,2317,5695,4236,1661,5188,65456,441,1954,154,107,45,38,2279,348,500,12014,4574,694,4349,53815,4718,452,1503,837,929,3361,4291,3907,4869,55,144,41,1470,32,2420,878,975,150,297,48,1466,786,1403,14935,7297,48640,2829,35762,39011,17329,36033,16142,34652,336,29907,36927,10841,9348,25012,19470,6439,1176,2801,960,141,703,1284,156,94,39,58,4636,392,47571,15359,15318,210,207478,45152,5674,30708,34986,1037,591,48863,22998,77721,6709,41334,163,40856,66,336,732,60,422,1324,268,4802,2324,30,998,1314,859,1265,615,3319,1875,219,242,5797,3431,2460,2624,1712,481,941,1043,529,510,380,424,1549,6651,1798,563,2140,3227,2969,15081,107753,9144,2998,2821,1764,1159,861,955,1414,760,122,7667,686,1226,5514,540,1932,548,4907,1545,1327,806,1320,200,631,1034,3345,3359,1206,1375,1042,2597,1997,1140,1114,1329,5538,43,46,586,874,483,421,14635,129,9628,29,748,70,7090,671,7037,7201,8709,26,2795,127,164,2052,3748,124541,1336,3033,2618,1208,884,3791,265,480,629,18636,8252,3694,1220,50,163,118,26,88,982,1307,2672,724,4313,746,760,2238,68780,1596,2950,128015,684,6217,1317,7093,14243,3355,429,5948,17426,1133,1324,1427,547,652,521,75835,1663,1315,1429,617,1591,1734,28138,110,12482,2452,37,27338,7046,54,264,6614,763,56,8284,1149,1187,280,3972,1630,33479,4405,2217,1150,1500,669,1503,1306,1298,972,40,1082,42,2046,134,43,175,1508,541,948,1008,37707,3445,12955,8004,2030,690,804,289,33297,2142,16934,4140,11729,1296,374,3033,17,33240,6219,11019,47648,9221,24685,586,178,519,1851,644,1582,1079,1988,8096,1379,41,1225,1406,35,56,3957,3984,15,2723,170,25726,50224,36846,9959,37943,4429,905,91958,102506,16244,49722,74982,87230,394,201,1069,947,275,1193,1074,416,445,796,7911,0.0,0.0,0.0,0.0,0.0,0.0,0.0,0.0,0.0,0.0,0.0,0.0,0.0,0.0,0.0,0.0,0.0,0.0,0.0,0.0,0.0,0.0,0.0,0.0,0.0,0.0,0.0,0.0,0.0,0.0,0.0,0.0,0.0,0.0,0.0,0.0,0.0,0.0,0.0,0.0,0.0,0.0,0.0,0.0,0.0,0.0,0.0,0.0,0.0,0.0,0.0,0.0,0.0,0.0,0.0,0.0,0.0,0.0,0.0,0.0,0.0,0.0,0.0,0.0,0.0,0.0,0.0,0.0,0.0,0.0,0.0,0.0,0.0,0.0,0.0,0.0,0.0,0.0,0.0,0.0,0.0,0.0,0.0,0.0,0.0,0.0,0.0,0.0,0.0,0.0,0.0,0.0,0.0,0.0,0.0,0.0,0.0,0.0,0.0,0.0,0.0,0.0,0.0,0.0,0.0,0.0,0.0,0.0,0.0,0.0,0.0,0.0,0.0,0.0,0.0,0.0,0.0,0.0,0.0,0.0,0.0,0.0,0.0,0.0,0.0,0.0,0.0,0.0,0.0,0.0,0.0,0.0,0.0,0.0,0.0,0.0,0.0,0.0,0.0,0.0,0.0,0.0,0.0,0.0,0.0,0.0,0.0,0.0,0.0,0.0
ENCFF002EEU,0.19338476704197505,77168,271,3163,34479,654,97476,7071,239,466,353,608,2724,3165,7166,18450,25354,3258,481,6018,6116,180,834,90,85,93,1060,4119,3043,21037,4230,288,260,512,1707,1496,114,2020,30,16,7355,11975,50,678,34,113,655,5361,16231,574,493,891,1295,547,328,6822,187,407,706,215,885,1450,235,8927,260,314,1119,59,40871,50212,7921,991,638,1897,5619,345,1082,474,720,795,202,806,1117,3934,382,466,3344,27,779,402,16,1405,210,30,1118,1012,15308,176893,11076,105,30276,41595,2550,35385,1053,552,5786,1764,1892,26,3147,7956,8431,186,4372,35129,2337,29016,482,1885,1917,8889,845,37082,1162,6659,3253,790,2949,391,146,31964,9652,2499,14860,6593,12620,30899,627,4279,4005,1040,4142,37371,426,821,109,117,29,34,2523,306,590,10995,5427,759,4520,34093,2695,528,1083,1761,1257,3134,4918,4724,5966,91,140,67,847,49,1524,495,1052,440,74,0,678,861,855,15770,7593,46333,2139,27800,33414,14492,25956,12982,25997,292,27784,32476,11725,9752,23684,20193,5755,842,956,966,49,484,763,180,97,36,90,4140,301,31945,10456,8612,337,220725,38624,3633,28367,17733,1395,592,39348,19915,51573,4956,53395,224,55310,53,398,774,96,257,917,281,3588,2446,33,545,831,497,831,372,2357,1349,274,261,4755,2872,2153,3081,1118,289,578,695,305,293,217,552,960,4985,1431,300,1656,2091,1878,6901,11852,2499,2218,3162,1238,763,598,561,851,457,114,8283,435,772,5464,309,1546,388,4029,934,925,513,782,283,423,556,2142,2129,761,734,655,2595,1500,742,665,844,3496,29,35,367,536,626,421,17012,277,11049,34,564,97,7130,860,7876,7279,7812,25,2915,200,193,1956,4233,60653,894,2427,2006,1053,191,2532,233,283,762,14895,6896,2624,1658,73,291,140,14,69,607,1694,2782,514,3831,442,417,1195,42853,527,1829,129575,571,6228,887,4991,4341,2359,257,1604,7209,700,970,997,308,355,288,23140,1075,889,991,479,1061,1164,26466,139,10376,2248,50,28458,7904,51,364,6726,907,105,6382,697,1815,351,2966,995,14544,2479,1072,677,1023,341,1141,770,1785,768,60,1179,39,1911,151,64,237,834,498,638,731,32707,1807,7778,4941,1149,469,1102,389,41621,440,16810,2122,13972,1716,454,3154,21,32569,5959,10568,45209,1481,11969,277,313,341,1043,472,1020,623,1218,7848,996,35,499,901,44,44,4487,4597,7,789,193,25814,37116,27112,6750,36255,4156,378,63422,86182,12482,38754,62759,79253,235,187,596,577,172,687,1334,337,474,804,7075,0.0,0.0,0.0,0.0,0.0,0.0,0.0,0.0,0.0,0.0,0.0,0.0,0.0,0.0,0.0,0.0,0.0,0.0,0.0,0.0,0.0,0.0,0.0,0.0,0.0,0.0,0.0,0.0,0.0,0.0,0.0,0.0,0.0,0.0,0.0,0.0,0.0,0.0,0.0,0.0,0.0,0.0,0.0,0.0,0.0,0.0,0.0,0.0,0.0,0.0,0.0,0.0,0.0,0.0,0.0,0.0,0.0,0.0,0.0,0.0,0.0,0.0,0.0,0.0,0.0,0.0,0.0,0.0,0.0,0.0,0.0,0.0,0.0,0.0,0.0,0.0,0.0,0.0,0.0,0.0,0.0,0.0,0.0,0.0,0.0,0.0,0.0,0.0,0.0,0.0,0.0,0.0,0.0,0.0,0.0,0.0,0.0,0.0,0.0,0.0,0.0,0.0,0.0,0.0,0.0,0.0,0.0,0.0,0.0,0.0,0.0,0.0,0.0,0.0,0.0,0.0,0.0,0.0,0.0,0.0,0.0,0.0,0.0,0.0,0.0,0.0,0.0,0.0,0.0,0.0,0.0,0.0,0.0,0.0,0.0,0.0,0.0,0.0,0.0,0.0,0.0,0.0,0.0,0.0,0.0,0.0,0.0,0.0,0.0,0.0
ENCFF000RMO,0.24171779061435517,78265,275,5936,14266,342,79335,13949,385,1029,817,1526,3578,5855,9799,5283,32392,6689,1375,12278,12701,568,2464,313,445,530,1447,913,3734,11636,12278,894,421,1107,1892,1735,25,5104,121,36,16181,32837,260,1877,40,133,1955,10219,6768,124,785,418,733,1590,1060,21291,652,1177,1312,865,3162,2292,49,3500,2762,577,173,155,68945,116527,24477,1021,379,1660,42360,881,1230,300,478,680,89,554,1636,10456,294,248,3243,92,513,329,171,4966,739,264,3991,755,3156,441978,33877,194,88031,114972,4735,96928,1645,324,17774,5280,5201,127,9367,22793,23423,1609,7604,92692,3801,33740,180,791,1922,21476,458,25379,1159,16077,8131,3196,9046,1839,1254,133844,19765,639,24660,11090,195054,89771,118,6820,6505,1027,8835,14254,813,802,128,425,84,141,7520,1238,1276,22318,16125,2082,8259,13191,1505,1752,1243,10498,10006,6897,13190,11730,20309,211,762,502,582,255,1241,260,2435,313,26,0,261,2287,1136,45318,21498,117813,3675,62990,79845,27791,27653,24596,42957,897,71551,80371,29215,27548,55384,54235,12545,1668,273,1750,44,265,513,953,321,187,562,9027,927,26588,13959,17456,1227,395353,79702,7730,80270,13924,3808,1424,87142,38670,70241,3352,144019,569,139418,204,623,1854,211,131,984,610,4918,6953,88,235,530,255,505,283,3676,2124,869,496,8409,6657,4294,7742,643,95,367,427,168,162,160,1714,537,9886,1199,173,3395,3648,2493,5808,5168,564,3541,9059,1528,754,645,302,586,174,588,21795,478,620,14600,241,2833,232,7583,450,799,203,561,651,193,599,1874,1889,407,458,476,6445,2408,558,385,390,3651,31,145,256,339,2323,90,46227,931,30318,69,1419,194,17216,2519,20798,16076,14053,143,6816,437,683,4755,11872,93677,2181,5548,3832,2583,15,3417,902,1545,2112,24858,11995,4246,4879,778,558,452,43,385,315,5338,6616,902,7718,311,416,1237,35491,443,2080,335115,760,16788,620,7260,1656,3295,307,315,9115,395,1252,1509,255,371,793,6333,1541,828,1447,533,1155,1595,70501,392,20587,5988,266,75535,19029,48,1030,12818,2309,293,10415,449,3142,1114,4880,1004,6652,1217,1310,542,1360,383,1264,577,4561,1057,125,2462,137,3529,427,36,1075,1023,1719,1420,1976,15010,942,4266,5183,621,1005,3047,1122,116213,97,42256,2363,39418,5739,772,8124,38,76594,14094,21473,100362,2157,9196,192,708,257,697,476,1237,342,922,13474,1078,52,829,534,150,458,13746,14375,53,199,534,74037,82144,52247,13127,99546,11308,908,126184,212313,22526,83676,154834,208669,644,495,367,366,199,434,4643,879,1229,1700,14345,0.0,0.0,0.0,0.0,0.0,0.0,0.0,0.0,0.0,0.0,0.0,0.0,0.0,0.0,0.0,0.0,0.0,0.0,0.0,0.0,0.0,0.0,0.0,0.0,0.0,0.0,0.0,0.0,0.0,0.0,0.0,0.0,0.0,0.0,0.0,0.0,0.0,0.0,0.0,0.0,0.0,0.0,0.0,0.0,0.0,0.0,0.0,0.0,0.0,0.0,0.0,0.0,0.0,0.0,0.0,0.0,0.0,0.0,0.0,0.0,0.0,0.0,0.0,0.0,0.0,0.0,0.0,0.0,0.0,0.0,0.0,0.0,0.0,0.0,0.0,0.0,0.0,0.0,0.0,0.0,0.0,0.0,0.0,0.0,0.0,0.0,0.0,0.0,0.0,0.0,0.0,0.0,0.0,0.0,0.0,0.0,0.0,0.0,0.0,0.0,0.0,0.0,0.0,0.0,0.0,0.0,0.0,0.0,0.0,0.0,0.0,0.0,0.0,0.0,0.0,0.0,0.0,0.0,0.0,0.0,0.0,0.0,0.0,0.0,0.0,0.0,0.0,0.0,0.0,0.0,0.0,0.0,0.0,0.0,0.0,0.0,0.0,0.0,0.0,0.0,0.0,0.0,0.0,0.0,0.0,0.0,0.0,0.0,0.0,0.0
ENCFF000VYW,0.061343024760290445,7033,41,512,4879,93,10906,576,43,49,37,79,459,571,1177,2785,3420,466,50,534,640,22,87,8,3,4,87,355,497,4139,409,28,37,53,251,234,10,251,2,8,996,1396,6,88,3,10,73,813,3509,34,144,161,202,52,55,938,18,30,39,18,87,198,63,1921,39,57,96,19,6937,6395,902,173,102,195,847,39,163,95,114,111,38,160,160,543,82,97,489,1,122,86,2,156,92,3,181,214,2635,21204,1318,13,3512,5163,305,4406,164,101,590,181,188,2,362,964,830,9,688,4093,384,4333,114,419,348,1126,177,5883,237,741,341,83,389,31,8,3808,1648,192,3344,1196,1760,3363,72,723,336,163,483,6010,42,51,13,15,6,7,235,46,93,1296,565,78,637,5178,577,49,169,94,130,375,502,482,869,6,14,6,133,2,269,125,238,526,8,3,114,126,118,1965,879,5473,359,3755,4199,1992,4963,1840,3886,29,3491,4099,1197,1128,3159,2308,892,111,68,86,18,92,140,29,5,5,6,481,48,6785,1801,1320,20,25930,4736,539,3652,3434,145,74,5403,2443,8313,723,5021,17,5276,6,37,157,115,36,125,21,446,261,1,114,156,92,127,73,339,204,56,31,625,403,273,337,190,47,124,103,76,67,28,95,177,650,198,57,257,341,299,1919,5789,183,320,452,193,121,79,98,125,89,59,917,66,135,692,52,210,71,506,167,167,100,137,46,47,65,337,373,129,134,107,326,206,107,112,147,560,3,3,65,67,52,40,1734,15,1310,3,65,8,774,118,856,823,940,2,311,11,28,133,504,9067,106,270,313,148,20,370,22,36,94,1809,741,521,158,7,21,17,0,4,95,164,344,74,468,78,85,231,6972,72,291,15589,74,718,133,672,321,410,43,141,703,154,105,114,82,94,28,1460,144,134,149,51,184,137,3164,10,1377,353,0,3553,1282,1,28,727,69,5,961,98,194,34,407,154,2258,552,94,128,156,62,176,106,178,92,0,138,7,220,16,6,14,75,29,117,105,4500,349,1570,850,261,65,89,34,4462,40,1866,274,1612,146,31,374,6,3520,660,1202,5280,418,2266,26,24,45,125,63,141,106,211,970,141,6,45,162,2,3,474,500,1,61,24,3150,5594,4468,982,4445,625,48,9529,12058,1859,5589,8846,10287,27,33,95,129,45,126,175,47,73,74,849,0.0,0.0,0.0,0.0,0.0,0.0,0.0,0.0,0.0,0.0,0.0,0.0,0.0,0.0,0.0,0.0,0.0,0.0,0.0,0.0,0.0,0.0,0.0,0.0,0.0,0.0,0.0,0.0,0.0,0.0,0.0,0.0,0.0,0.0,0.0,0.0,0.0,0.0,0.0,0.0,0.0,0.0,0.0,0.0,0.0,0.0,0.0,0.0,0.0,0.0,0.0,0.0,0.0,0.0,0.0,0.0,0.0,0.0,0.0,0.0,0.0,0.0,0.0,0.0,0.0,0.0,0.0,0.0,0.0,0.0,0.0,0.0,0.0,0.0,0.0,0.0,0.0,0.0,0.0,0.0,0.0,0.0,0.0,0.0,0.0,0.0,0.0,0.0,0.0,0.0,0.0,0.0,0.0,0.0,0.0,0.0,0.0,0.0,0.0,0.0,0.0,0.0,0.0,0.0,0.0,0.0,0.0,0.0,0.0,0.0,0.0,0.0,0.0,0.0,0.0,0.0,0.0,0.0,0.0,0.0,0.0,0.0,0.0,0.0,0.0,0.0,0.0,0.0,0.0,0.0,0.0,0.0,0.0,0.0,0.0,0.0,0.0,0.0,0.0,0.0,0.0,0.0,0.0,0.0,0.0,0.0,0.0,0.0,0.0,0.0
ENCFF001RWE,0.07377079318898691,4235080,57,4679,221,0,4365,1112,86,43,33,23921,227,201,163,86,13,1231,176,7533,1602,94,156,1,0,0,455,41436,405,28,5545,138,271,122,185,149,3,169,0,0,2138,3534,0,29,0,33,164,804,28,5082,202,89,79,76,16,213733,0,58,63,0,205,114,0,21,43,1,6487,0,14377,49494,72037,54,54,10587,7794,20,109,36,49,49,5,63,317,864,37,21,262,4,53,42,3,232,1,0,667,14,4,178959,5411,9,318937,10128,144,9451,171,66,2692,367,564,0,226568,29947,4316,8,1625,44567,17,2276,0,0,225,2205,0,15,108,4806,1345,28,618,13,50,11582,557,34033,104,600,4152,91795,20579,2071,196,85,1307,169,0,64135,0,19,0,1,700,127,161,3789,1480,50,426,147,52,68,83,23,8,645,2265,4861,18205,0,0,0,43,0,65,31,13912,12,0,0,62,48,73,12272,4610,48500,534,4162,6799,10551,1989,4436,7215,18,8859,8772,15664,11008,61654,39462,1344,326,975,1475,1,35,81,30,0,1,0,9289,1,6182,4215,13,27,157274,14151,2752,10352,103,289,3004,9364,10068,15966,71,15692,2,15707,0,9,1080,0,25,80,203,394,1500,0,57,27,23,87,56,220,197,3944,23,1980,677,385,5788,115,10,59,50,20,8,9,343,393,964,122,16,194,520,109,226,49,57745,186,21536,152,46,28,47,48,25,956,2379,46,107,1390,14,405,41,671,85,48,32,58,40,25,243,163,126,55,35,41,3562,278,58,24,50,247,7,104,33,71,103,0,15101,3,10280,11,96,5,1157,136,10252,3123,31002,0,742,1,1,16,833,34752,1116,378,8096,464,2,230,1,32,461,10109,7457,573,393,5,60,0,0,0,52,258,776,80,519,24,25,62,65,1082,185,82053,17,1584,64,1001,28060,442,62,4645,78818,44,79,195,51,13,104,473113,142,68,120,112,112,155,9044,13,2336,830,0,175066,3278,0,141,1062,148,0,623,34,107,56,766,57,136,102,10800,50,99,47,66,71,1999,4,0,389,0,518,0,1,14,9749,7,0,222,431,2,451,220,10,126,102,0,17614,8950,5215,195,3455,329,5,1334,0,104593,1961,3463,129122,176,406,11,8,22,54,32,137,41,81,20,71,0,42,110,0,0,2112,946,45,5952,5,9357,10759,12443,1221,7606,3037,119,10914,48166,4058,8956,50632,23340,42,12,51,29,123,36,103,30,401,314,2136,0.0,0.0,0.0,0.0,0.0,0.0,0.0,0.0,0.0,0.0,0.0,0.0,0.0,0.0,0.0,0.0,0.0,0.0,0.0,0.0,0.0,0.0,0.0,0.0,0.0,0.0,0.0,0.0,0.0,0.0,0.0,0.0,0.0,0.0,0.0,0.0,0.0,0.0,0.0,0.0,0.0,0.0,0.0,0.0,0.0,0.0,0.0,0.0,0.0,0.0,0.0,0.0,0.0,0.0,0.0,0.0,0.0,0.0,0.0,0.0,0.0,0.0,0.0,0.0,0.0,0.0,0.0,0.0,0.0,0.0,0.0,0.0,0.0,0.0,0.0,0.0,0.0,0.0,0.0,0.0,0.0,0.0,0.0,0.0,0.0,0.0,0.0,0.0,0.0,0.0,0.0,0.0,0.0,0.0,0.0,0.0,0.0,0.0,0.0,0.0,0.0,0.0,0.0,0.0,0.0,0.0,0.0,0.0,0.0,0.0,0.0,0.0,0.0,0.0,0.0,0.0,0.0,0.0,0.0,0.0,0.0,0.0,0.0,0.0,0.0,0.0,0.0,0.0,0.0,0.0,0.0,0.0,0.0,0.0,0.0,0.0,0.0,0.0,0.0,0.0,0.0,0.0,0.0,0.0,0.0,0.0,0.0,0.0,0.0,0.0
ENCFF286QYQ,0.1409037158252684,52064,263,4965,87689,945,265076,9634,623,374,356,558,6748,3056,17088,48486,53443,3025,932,8629,6632,87,655,64,66,66,2271,2002,6870,45603,4436,186,84,720,4500,4130,70,3771,26,9,10533,12022,106,564,108,58,1121,11171,54685,214,1079,3154,3426,401,233,4999,172,454,288,154,852,3120,1268,30534,4879,804,551,79,83840,62900,5229,2858,1790,3809,4631,251,2982,1471,1792,2088,572,2791,2655,3861,1027,1867,8769,26,2036,1800,20,941,186,40,1552,2553,35194,205759,10871,202,28933,45304,5710,39168,2682,1629,4344,1394,1798,38,3237,7785,8539,248,6996,36009,3433,64604,404,2065,2590,9332,871,116205,3414,7234,2612,493,2248,188,61,27000,15144,879,57824,15218,9164,29041,119,8182,8896,2755,5128,104843,480,284,359,101,49,30,2369,349,426,13228,3939,454,5918,86724,7327,335,2938,983,944,3677,4613,4080,5374,66,86,55,2592,39,3519,1599,1186,137,22,55,1211,675,2676,14218,7285,48741,4592,38192,48394,23475,57726,24247,47431,418,32869,41191,10501,10352,31759,21342,7405,1562,259,919,145,1632,2732,119,38,49,41,5341,211,87437,20114,16661,445,261046,62431,6147,42184,52512,1180,579,60982,31505,108763,4877,43793,218,36843,14,344,874,25,795,2288,266,8780,3280,19,1852,1796,1614,2473,1230,5411,3209,191,227,9217,5598,3027,2878,3862,945,2012,1996,1085,782,597,304,3106,8702,2153,913,2628,5048,4281,26745,100558,1757,5107,3410,2645,2021,1540,1582,2392,1340,76,8599,1281,3293,6452,777,2916,1348,6235,3415,2540,1985,2401,157,1292,1016,5765,4943,2078,2229,2045,3397,3363,2683,1672,2611,7927,48,41,1026,1826,494,457,14555,112,9455,35,391,52,8316,743,7914,8739,12954,53,3556,129,67,2967,3704,164473,650,2083,4061,1446,117,5170,93,219,1562,28731,11514,6071,1436,31,150,61,36,55,1583,1826,2570,1470,5212,1576,988,3557,122848,536,3748,130236,1094,7974,2467,13569,2527,4878,689,515,5051,2015,2377,2414,1055,830,278,11514,3067,2392,2592,975,2528,2884,32016,45,22667,1722,50,28826,8573,42,411,7309,1071,46,13599,1839,804,158,6793,2454,52073,7129,681,1761,2669,1343,1979,2196,1231,1631,31,922,35,3028,129,40,65,259,277,447,1388,70106,2291,20179,9495,1538,834,696,188,29103,165,15851,2785,10827,1440,211,3037,12,43933,7848,14132,57991,6066,48854,369,461,932,2250,1132,2205,1969,2700,8787,2232,27,218,2762,32,57,3372,3330,46,239,137,29043,57812,47233,11674,38598,5329,2726,110094,117676,20953,58485,92451,96456,404,150,1683,1547,533,2319,757,318,278,822,9418,0.0,0.0,0.0,0.0,0.0,0.0,0.0,0.0,0.0,0.0,0.0,0.0,0.0,0.0,0.0,0.0,0.0,0.0,0.0,0.0,0.0,0.0,0.0,0.0,0.0,0.0,0.0,0.0,0.0,0.0,0.0,0.0,0.0,0.0,0.0,0.0,0.0,0.0,0.0,0.0,0.0,0.0,0.0,0.0,0.0,0.0,0.0,0.0,0.0,0.0,0.0,0.0,0.0,0.0,0.0,0.0,0.0,0.0,0.0,0.0,0.0,0.0,0.0,0.0,0.0,0.0,0.0,0.0,0.0,0.0,0.0,0.0,0.0,0.0,0.0,0.0,0.0,0.0,0.0,0.0,0.0,0.0,0.0,0.0,0.0,0.0,0.0,0.0,0.0,0.0,0.0,0.0,0.0,0.0,0.0,0.0,0.0,0.0,0.0,0.0,0.0,0.0,0.0,0.0,0.0,0.0,0.0,0.0,0.0,0.0,0.0,0.0,0.0,0.0,0.0,0.0,0.0,0.0,0.0,0.0,0.0,0.0,0.0,0.0,0.0,0.0,0.0,0.0,0.0,0.0,0.0,0.0,0.0,0.0,0.0,0.0,0.0,0.0,0.0,0.0,0.0,0.0,0.0,0.0,0.0,0.0,0.0,0.0,0.0,0.0
ENCFF153HYB,0.15675754073563547,651048,82,2432,29263,374,82989,9736,448,542,314,657,4421,2291,4105,11912,17536,1984,1203,3689,5358,130,790,81,206,124,1643,53586,4030,15870,4182,183,75,593,2803,2878,23,3139,62,9,7407,10358,156,453,119,13,776,7429,16460,3767,1021,2077,1931,209,401,5739,98,447,283,464,1442,2075,134,4583,136,279,13745,90,27587,47792,5876,1664,941,2709,6065,71,1976,868,1010,1220,333,1596,1937,2694,560,1079,5080,57,1151,1045,36,1321,652,76,2115,694,5239,141712,7991,195,22931,36992,3928,31654,1964,1050,4752,1986,2509,59,3984,7714,9550,572,5112,32848,1046,26153,88,468,691,6490,243,38006,1483,5953,2431,579,2258,205,126,31354,4581,19416,11341,5022,13134,30198,1482,5642,3052,1679,5252,35718,533,3284,76,116,48,9,1920,543,410,10509,3881,393,3661,27695,1847,393,2064,3176,2258,2812,5282,6546,6644,93,160,51,1527,62,1744,796,573,168,15,16,648,473,1797,11583,5986,41943,2881,18256,29104,10968,19227,14283,25977,181,25133,31592,9675,9481,24823,17620,3854,1111,3211,284,18,1064,1616,131,81,48,50,4234,292,27229,6668,6271,535,123343,27970,5263,18758,8805,1305,544,27275,12129,30434,1615,39566,113,39634,105,268,795,34,471,1283,376,5286,2486,63,993,922,911,1504,790,3560,1796,201,177,6106,4013,1955,3296,2402,471,1286,1173,699,442,303,342,1499,4101,793,536,1483,3600,2417,6587,21329,49495,3374,3693,1625,1240,989,894,1247,706,80,7588,779,2303,5610,522,2152,785,4676,2479,1589,1476,1378,192,642,579,3691,2437,1338,1064,975,2663,2379,1621,844,1640,3699,30,24,588,1188,821,355,13215,299,9101,41,186,80,5834,676,7473,6849,7470,93,2828,313,113,1264,3174,52241,3243,2053,3176,1171,433,2732,113,1035,1751,21341,4908,3859,1625,142,284,317,33,213,829,1078,2015,1194,4718,866,532,1478,48470,1136,2306,114755,568,6244,1438,8481,55777,2579,375,5228,25255,1175,1628,1705,434,383,138,518048,2242,1478,1542,546,1472,1702,26279,205,16309,1383,89,29862,8066,43,498,5969,986,212,8278,1031,1297,271,5006,1370,22510,1282,6792,1005,1582,936,1134,1264,1409,667,45,1334,74,2550,193,324,112,3166,393,170,627,20121,717,5829,2725,472,784,1098,364,34147,2728,11332,2246,10321,1916,58,2621,18,38001,6570,10971,43281,1194,10548,137,362,543,1464,822,1373,1117,1425,4413,1396,17,166,1421,34,79,3066,3199,33,2468,171,26116,28610,22903,6063,29303,4569,266,49344,74100,10077,28448,58215,71604,209,76,936,968,400,1312,882,702,315,850,6826,0.0,0.0,0.0,0.0,0.0,0.0,0.0,0.0,0.0,0.0,0.0,0.0,0.0,0.0,0.0,0.0,0.0,0.0,0.0,0.0,0.0,0.0,0.0,0.0,0.0,0.0,0.0,0.0,0.0,0.0,0.0,0.0,0.0,0.0,0.0,0.0,0.0,0.0,0.0,0.0,0.0,0.0,0.0,0.0,0.0,0.0,0.0,0.0,0.0,0.0,0.0,0.0,0.0,0.0,0.0,0.0,0.0,0.0,0.0,0.0,0.0,0.0,0.0,0.0,0.0,0.0,0.0,0.0,0.0,0.0,0.0,0.0,0.0,0.0,0.0,0.0,0.0,0.0,0.0,0.0,0.0,0.0,0.0,0.0,0.0,0.0,0.0,0.0,0.0,0.0,0.0,0.0,0.0,0.0,0.0,0.0,0.0,0.0,0.0,0.0,0.0,0.0,0.0,0.0,0.0,0.0,0.0,0.0,0.0,0.0,0.0,0.0,0.0,0.0,0.0,0.0,0.0,0.0,0.0,0.0,0.0,0.0,0.0,0.0,0.0,0.0,0.0,0.0,0.0,0.0,0.0,0.0,0.0,0.0,0.0,0.0,0.0,0.0,0.0,0.0,0.0,0.0,0.0,0.0,0.0,0.0,0.0,0.0,0.0,0.0
ENCFF319EYM,0.13421605512732734,49415,288,3814,89826,1040,203812,10884,509,585,318,599,6265,4069,15141,35925,58350,3400,822,9881,6616,140,810,49,68,69,1885,1946,6295,58758,4628,237,104,789,4182,3804,42,3849,38,1,11212,13281,79,586,53,58,1011,10552,58253,166,957,2980,3052,420,245,6241,135,415,353,147,875,2669,1724,30508,1563,741,573,53,85721,67025,6283,2601,1571,3080,5501,269,2925,1319,1692,1900,534,2509,2400,4131,990,1693,8125,24,1803,1485,14,1260,287,59,2395,2458,58027,219848,12063,189,31612,48769,5213,41249,2628,1454,4970,1724,2054,24,3617,7960,8609,240,6912,38446,4112,70802,411,2008,2443,9960,916,114053,3071,7438,2809,478,2621,344,49,31845,16432,840,57662,15765,11502,31528,101,7756,10871,2528,4945,97126,839,290,303,101,26,44,2555,517,309,12642,4485,489,6585,87894,6951,443,2580,1417,1180,3982,4799,4455,6385,39,104,35,2412,28,3017,1415,1089,90342,18,40,1020,697,2395,15329,7704,51005,4296,42415,45456,21880,59726,22684,44122,764,35004,43565,11789,10680,33990,23250,7728,1505,192,1436,86,1508,2341,149,27,45,81,5207,363,93376,20082,22991,529,281690,61948,6454,38344,56204,1215,586,59013,30246,109453,5902,46981,153,44104,12,387,895,76,643,1972,319,7894,3476,27,1636,1731,1342,2247,1125,5133,2889,185,270,9031,5579,2982,3535,3445,822,1743,1678,925,675,494,422,2851,8296,2302,843,2340,4771,4006,27227,113285,1681,4748,3553,2415,1853,1457,1408,2133,1276,58,9773,1051,2923,6919,758,2767,1087,6229,2994,2399,1782,2084,196,1035,870,5283,4420,1876,2064,1810,3579,3176,2536,1504,2409,7560,39,61,890,1618,583,597,16226,172,10298,32,353,63,8424,830,9249,8593,12427,25,3895,77,77,3338,4022,193543,693,2371,3942,1501,79,4741,129,435,1668,28095,12870,4567,1683,25,97,67,13,39,1387,2437,3209,1425,4787,1401,1010,3830,147865,449,3782,136999,1022,7988,2212,12827,2317,4749,661,484,5050,1769,2133,2285,777,763,270,10982,2899,2204,2276,756,2502,2782,33222,29,21517,1937,35,31938,9025,58,437,7252,1077,32,12401,1649,999,154,6621,2318,56521,7699,697,1674,2256,1128,1773,1881,1310,1271,23,1107,22,2997,137,44,84,251,1057,695,1455,55414,2239,19714,8469,1566,1034,730,298,32813,121,17554,2424,12040,1580,153,3281,23,45146,8595,14081,58278,6627,40755,388,421,893,2117,946,2029,1752,2323,12471,2022,22,233,2399,23,34,3686,3843,19,190,93,32315,55555,46082,11397,41492,5953,1258,109345,120057,20747,56555,93502,101998,588,143,1498,1524,486,1946,911,362,238,925,9360,0.0,0.0,0.0,0.0,0.0,0.0,0.0,0.0,0.0,0.0,0.0,0.0,0.0,0.0,0.0,0.0,0.0,0.0,0.0,0.0,0.0,0.0,0.0,0.0,0.0,0.0,0.0,0.0,0.0,0.0,0.0,0.0,0.0,0.0,0.0,0.0,0.0,0.0,0.0,0.0,0.0,0.0,0.0,0.0,0.0,0.0,0.0,0.0,0.0,0.0,0.0,0.0,0.0,0.0,0.0,0.0,0.0,0.0,0.0,0.0,0.0,0.0,0.0,0.0,0.0,0.0,0.0,0.0,0.0,0.0,0.0,0.0,0.0,0.0,0.0,0.0,0.0,0.0,0.0,0.0,0.0,0.0,0.0,0.0,0.0,0.0,0.0,0.0,0.0,0.0,0.0,0.0,0.0,0.0,0.0,0.0,0.0,0.0,0.0,0.0,0.0,0.0,0.0,0.0,0.0,0.0,0.0,0.0,0.0,0.0,0.0,0.0,0.0,0.0,0.0,0.0,0.0,0.0,0.0,0.0,0.0,0.0,0.0,0.0,0.0,0.0,0.0,0.0,0.0,0.0,0.0,0.0,0.0,0.0,0.0,0.0,0.0,0.0,0.0,0.0,0.0,0.0,0.0,0.0,0.0,0.0,0.0,0.0,0.0,0.0
ENCFF688BTY,0.12404096484447051,33325,562,2305,24075,290,54571,17135,287,288,289,526,2868,1750,3932,16553,15148,2440,672,5128,4591,213,615,62,55,74,960,320,3117,15129,3942,233,62,485,2159,2178,25,2689,6,3,9898,13354,61,722,54,191,910,6230,17843,38,562,1014,1260,460,442,12105,117,362,391,110,743,1160,89,5317,1166,96,95,23,31167,51897,11123,1058,646,1343,8767,320,1435,492,721,818,210,907,1710,4865,392,558,3351,7,791,494,20,1146,174,25,1395,905,5333,164937,12088,105,30696,49427,2382,41878,1705,580,7109,2057,1559,25,5086,13420,12794,300,5741,35949,1389,23718,141,708,914,7517,312,40284,1247,5751,2545,698,3237,568,120,39547,6572,203,27462,4631,31251,39996,33,4023,2059,1329,3658,20996,185,197,73,95,19,36,2483,440,371,10085,4473,498,3317,27180,2649,461,1207,2470,2664,3440,5988,5515,12923,66,114,67,1034,38,1388,570,2047,1575,18,9,425,657,1165,18346,6914,43371,2359,23697,32122,13123,30261,14451,26937,232,28614,33912,12174,9671,30375,19107,6211,1042,79,485,544,569,874,180,33,44,40,3592,161,33275,9668,6600,852,241352,30799,3107,26359,11199,928,526,32834,14041,37312,1703,42245,99,43324,30,416,613,67,277,1074,379,4953,3439,35,561,753,546,836,325,3094,1811,1799,207,4872,4212,1941,5860,1203,321,594,684,364,306,223,1308,1080,4443,832,367,1458,3004,2037,9145,27440,283,2616,6347,1304,895,700,562,900,456,1456,9715,432,933,6697,317,1685,429,4286,1107,988,548,894,463,418,447,2332,1952,677,937,679,3520,1515,833,746,933,3468,13,17,346,610,652,210,18617,102,12531,10,400,52,6829,967,10275,5693,7366,21,2641,59,167,1217,4033,49117,672,2004,3260,1035,19,2832,209,423,1171,15491,5584,2557,1544,52,295,71,9,22,668,1220,2012,916,3417,476,436,1443,36810,274,1749,124500,536,6599,888,6024,700,2219,293,119,3328,733,1242,1502,367,369,307,2013,1590,966,1431,484,1218,1547,25742,42,12689,1851,47,39857,7053,25,294,6895,902,22,6419,735,1136,226,3888,1106,10759,2427,391,678,1422,405,1017,841,1751,706,12,789,19,1821,152,89,195,223,383,248,559,21591,813,6984,3653,724,630,1231,164,40242,45,14631,1174,12172,1664,242,2741,15,31610,6432,9565,46831,2160,15412,164,167,331,742,583,1186,657,1960,5399,1151,21,181,1032,57,29,4193,4752,23,112,157,26363,36839,30321,6024,34000,4246,455,69461,87978,12487,35116,66074,78899,238,131,617,607,205,808,1310,307,365,669,5857,0.0,0.0,0.0,0.0,0.0,0.0,0.0,0.0,0.0,0.0,0.0,0.0,0.0,0.0,0.0,0.0,0.0,0.0,0.0,0.0,0.0,0.0,0.0,0.0,0.0,0.0,0.0,0.0,0.0,0.0,0.0,0.0,0.0,0.0,0.0,0.0,0.0,0.0,0.0,0.0,0.0,0.0,0.0,0.0,0.0,0.0,0.0,0.0,0.0,0.0,0.0,0.0,0.0,0.0,0.0,0.0,0.0,0.0,0.0,0.0,0.0,0.0,0.0,0.0,0.0,0.0,0.0,0.0,0.0,0.0,0.0,0.0,0.0,0.0,0.0,0.0,0.0,0.0,0.0,0.0,0.0,0.0,0.0,0.0,0.0,0.0,0.0,0.0,0.0,0.0,0.0,0.0,0.0,0.0,0.0,0.0,0.0,0.0,0.0,0.0,0.0,0.0,0.0,0.0,0.0,0.0,0.0,0.0,0.0,0.0,0.0,0.0,0.0,0.0,0.0,0.0,0.0,0.0,0.0,0.0,0.0,0.0,0.0,0.0,0.0,0.0,0.0,0.0,0.0,0.0,0.0,0.0,0.0,0.0,0.0,0.0,0.0,0.0,0.0,0.0,0.0,0.0,0.0,0.0,0.0,0.0,0.0,0.0,0.0,0.0
ENCFF000QJK,0.15868340783644055,237992,213,6235,37293,723,114940,14302,549,557,616,1909,5856,2530,5762,23229,22930,4048,773,6606,11887,362,1426,180,106,101,1716,15611,5601,24728,7577,469,702,785,3274,2988,389,3444,33,80,16126,20108,68,1062,17,35,1122,10556,19877,1864,1062,1546,2496,826,603,13542,259,671,1076,257,1478,2950,151,4929,353,473,4526,258,54209,80537,13669,1811,1236,4973,14841,548,2205,931,1479,1590,408,1679,2165,6882,826,902,6187,35,1597,909,25,2321,237,34,1907,1719,10204,297339,18759,206,52232,70480,4308,61320,2182,1073,9429,2634,2734,37,5171,14974,15386,275,9792,59946,2611,33802,451,1955,2379,15420,821,36122,2184,12881,5816,1303,5073,643,332,56292,8050,10758,13315,6044,36127,51238,3133,7968,2311,2121,8182,33017,589,2596,106,192,58,46,3970,538,1391,22504,8898,1378,7353,40620,4394,835,1981,1473,1213,4885,9212,9275,11339,110,198,75,1677,149,3045,1040,2222,341,315,7,1672,1322,1828,27184,13033,83713,3773,40925,51744,24253,36038,22951,47066,379,48143,57596,21833,17078,44269,34165,9573,1529,3344,997,108,863,1566,332,160,43,227,9012,252,39507,17908,5705,237,264113,59546,7273,44573,13701,1914,1684,60494,28575,69432,4335,84341,347,89184,119,686,2210,565,534,1715,715,6767,4336,73,1166,1623,951,1558,805,4532,2437,818,484,8537,5312,3929,5937,1999,477,1187,1211,647,671,540,1009,1816,8095,2493,655,3246,4262,3725,11257,16156,9952,4295,6360,2354,1326,1027,1145,1675,806,289,15156,844,1412,9448,674,2902,771,7157,1858,1741,923,1634,465,913,1327,4104,4092,1337,1536,1267,4883,2674,1250,1319,1511,6948,64,107,674,1131,1279,600,29075,316,19890,82,1018,228,11679,1501,14430,13238,13927,34,4835,232,343,2162,7473,71307,1926,5416,3990,1982,920,4979,308,439,1279,25579,9023,6701,2492,234,593,239,16,104,1245,2316,4951,1034,7158,907,907,1446,45058,1410,3640,226896,886,10659,1676,9240,16032,4795,571,6396,21873,1425,1814,1960,696,752,706,85485,2184,1737,2076,923,2042,2364,44736,163,17992,4115,42,54868,12536,62,546,12443,2101,167,11390,1448,3133,580,5682,1989,17838,4274,2829,1437,1963,788,1945,1540,3106,1150,37,1968,77,3621,170,133,420,2325,525,578,757,42327,2121,12619,6932,1505,813,1762,425,69609,1649,28591,5182,24118,2671,710,5556,105,52705,9542,18375,78226,3298,16636,621,425,692,2454,777,1986,1270,2442,12797,1878,56,1272,1861,48,53,8028,7510,25,3020,391,44497,65920,47664,12402,62143,7153,512,99164,147632,20858,66224,109581,137856,346,293,1290,1206,465,1509,2408,637,872,1235,13381,0.0,0.0,0.0,0.0,0.0,0.0,0.0,0.0,0.0,0.0,0.0,0.0,0.0,0.0,0.0,0.0,0.0,0.0,0.0,0.0,0.0,0.0,0.0,0.0,0.0,0.0,0.0,0.0,0.0,0.0,0.0,0.0,0.0,0.0,0.0,0.0,0.0,0.0,0.0,0.0,0.0,0.0,0.0,0.0,0.0,0.0,0.0,0.0,0.0,0.0,0.0,0.0,0.0,0.0,0.0,0.0,0.0,0.0,0.0,0.0,0.0,0.0,0.0,0.0,0.0,0.0,0.0,0.0,0.0,0.0,0.0,0.0,0.0,0.0,0.0,0.0,0.0,0.0,0.0,0.0,0.0,0.0,0.0,0.0,0.0,0.0,0.0,0.0,0.0,0.0,0.0,0.0,0.0,0.0,0.0,0.0,0.0,0.0,0.0,0.0,0.0,0.0,0.0,0.0,0.0,0.0,0.0,0.0,0.0,0.0,0.0,0.0,0.0,0.0,0.0,0.0,0.0,0.0,0.0,0.0,0.0,0.0,0.0,0.0,0.0,0.0,0.0,0.0,0.0,0.0,0.0,0.0,0.0,0.0,0.0,0.0,0.0,0.0,0.0,0.0,0.0,0.0,0.0,0.0,0.0,0.0,0.0,0.0,0.0,0.0
ENCFF721IWB,0.10093832507344615,9728,59,233,1457,14,2345,286,15,8,11,27,148,130,338,786,734,162,17,289,242,7,23,4,5,2,38,761,143,1055,188,4,45,27,88,74,21,78,0,1,365,458,6,46,3,12,26,283,1020,117,19,58,59,24,13,339,11,14,20,7,32,83,32,500,54,33,173,7,2386,2492,304,55,24,203,224,11,57,25,33,40,13,41,56,169,12,17,176,0,42,27,0,58,13,3,63,69,965,7429,441,30,1217,1691,98,1499,84,23,200,77,75,2,128,356,297,5,233,1551,93,1056,6,57,87,379,25,1447,70,297,133,47,92,12,3,1307,442,455,961,407,685,1119,124,238,169,56,230,2086,19,119,3,7,1,3,84,11,40,481,223,23,142,1612,148,19,55,73,41,134,185,170,302,7,7,0,33,0,95,24,119,60,15,2,62,34,47,660,248,2128,98,1307,1420,767,1381,672,1324,13,1303,1525,530,398,1153,797,318,42,173,38,12,27,21,9,4,2,1,181,7,1877,588,326,22,14605,1890,218,1321,1003,51,29,1885,980,2748,120,1975,13,1672,2,15,35,13,19,48,19,184,108,3,25,41,22,47,9,119,70,31,18,193,137,87,163,71,20,27,40,14,14,13,42,53,259,61,18,85,125,124,655,2628,523,109,139,49,38,22,27,39,22,15,366,17,34,224,19,77,16,186,46,41,28,50,33,15,55,104,123,46,53,38,90,53,35,40,35,194,0,7,12,28,11,8,691,10,464,0,18,13,265,38,328,296,369,1,112,5,7,107,158,3676,57,131,107,45,48,168,10,9,29,766,339,146,43,2,16,5,0,0,24,81,121,34,156,22,17,144,2202,63,104,5196,26,237,49,268,777,129,9,311,880,39,49,38,19,23,22,4070,58,42,52,37,60,61,1026,2,508,93,1,1074,324,1,9,299,38,3,293,32,68,6,133,57,955,170,109,48,54,20,46,28,64,46,1,53,1,82,18,2,8,77,23,27,41,1179,70,469,251,44,20,46,13,1491,88,676,216,516,56,20,133,1,1368,235,529,2056,211,809,32,7,23,72,43,51,24,74,440,37,2,77,60,0,3,166,178,2,173,7,1017,1975,1477,400,1618,206,15,3111,4296,638,1996,3338,3649,6,9,40,30,11,33,44,16,24,29,280,0.0,0.0,0.0,0.0,0.0,0.0,0.0,0.0,0.0,0.0,0.0,0.0,0.0,0.0,0.0,0.0,0.0,0.0,0.0,0.0,0.0,0.0,0.0,0.0,0.0,0.0,0.0,0.0,0.0,0.0,0.0,0.0,0.0,0.0,0.0,0.0,0.0,0.0,0.0,0.0,0.0,0.0,0.0,0.0,0.0,0.0,0.0,0.0,0.0,0.0,0.0,0.0,0.0,0.0,0.0,0.0,0.0,0.0,0.0,0.0,0.0,0.0,0.0,0.0,0.0,0.0,0.0,0.0,0.0,0.0,0.0,0.0,0.0,0.0,0.0,0.0,0.0,0.0,0.0,0.0,0.0,0.0,0.0,0.0,0.0,0.0,0.0,0.0,0.0,0.0,0.0,0.0,0.0,0.0,0.0,0.0,0.0,0.0,0.0,0.0,0.0,0.0,0.0,0.0,0.0,0.0,0.0,0.0,0.0,0.0,0.0,0.0,0.0,0.0,0.0,0.0,0.0,0.0,0.0,0.0,0.0,0.0,0.0,0.0,0.0,0.0,0.0,0.0,0.0,0.0,0.0,0.0,0.0,0.0,0.0,0.0,0.0,0.0,0.0,0.0,0.0,0.0,0.0,0.0,0.0,0.0,0.0,0.0,0.0,0.0
ENCFF000VCY,0.15283547002787096,232217,70,3551,23688,254,41983,4722,251,296,226,471,2603,1805,3057,11707,12876,1940,484,2637,4985,141,557,108,53,70,935,17027,2666,14897,2973,233,856,388,1450,1385,325,1616,15,9,6196,9055,52,490,53,19,489,4734,11546,2791,442,802,1183,393,234,4993,124,333,303,187,677,1108,106,2882,166,148,4617,30,26031,35982,5816,829,619,3872,3932,276,962,465,703,706,174,850,857,3035,363,430,2904,25,742,456,23,1089,170,42,820,867,4778,130730,8284,103,22191,31266,2014,27058,875,543,4279,1358,1612,18,2273,5735,5905,83,3940,26163,1211,15950,204,839,1116,6807,375,19984,959,4853,2525,572,2104,326,132,24360,5165,8983,6399,3196,8891,24030,3340,3673,896,884,4536,26312,340,2736,67,81,38,28,1848,265,431,8999,3957,626,3019,24870,1983,348,905,611,547,2367,3690,3178,4132,40,120,41,848,38,1412,434,643,299,303,4,1381,685,807,12714,6060,39939,1833,19593,22992,10789,18609,10669,22652,205,22988,27469,8918,7626,18561,15083,3880,667,4060,346,44,424,760,149,76,25,37,3345,125,19951,7450,4619,156,108621,24907,4077,19125,7664,884,456,27274,11684,31171,1637,33692,128,34746,44,260,567,58,284,796,186,3204,1838,36,567,720,527,697,336,2011,1115,183,178,3863,2296,1704,2073,1041,262,535,585,309,279,225,382,903,3691,885,346,1410,1755,1693,6689,14624,10636,2008,2354,1078,669,484,596,780,437,115,5938,415,694,4298,287,1271,368,3436,912,771,478,748,192,415,780,1984,1906,663,743,621,1945,1285,646,621,824,3303,32,48,326,551,471,315,12059,149,7869,34,402,53,5513,641,5652,5443,4905,34,2228,133,144,1236,3262,35356,1591,2672,1696,889,1027,2275,167,176,615,11882,3279,2370,1104,53,154,91,13,24,587,356,1912,461,3148,431,391,964,30723,929,1752,105318,413,4729,810,4241,17140,2040,233,7790,21914,665,753,855,315,352,474,98358,984,785,874,370,933,990,20801,72,8447,1839,63,21016,5202,23,256,5145,546,55,5396,667,1067,271,2441,911,11468,1607,2721,608,908,375,961,715,1138,372,49,888,38,1508,95,49,184,2290,296,229,378,16406,816,5364,2923,587,299,734,209,28459,1435,14002,3557,9898,1286,290,2340,16,24949,4727,8361,36381,1598,8752,381,166,276,1897,373,906,607,1202,7202,873,37,2272,878,36,58,3282,3429,17,3416,159,20814,32180,23001,6179,29839,3417,367,55240,74174,9694,32278,53615,66323,179,122,633,593,161,716,926,281,311,612,5715,0.0,0.0,0.0,0.0,0.0,0.0,0.0,0.0,0.0,0.0,0.0,0.0,0.0,0.0,0.0,0.0,0.0,0.0,0.0,0.0,0.0,0.0,0.0,0.0,0.0,0.0,0.0,0.0,0.0,0.0,0.0,0.0,0.0,0.0,0.0,0.0,0.0,0.0,0.0,0.0,0.0,0.0,0.0,0.0,0.0,0.0,0.0,0.0,0.0,0.0,0.0,0.0,0.0,0.0,0.0,0.0,0.0,0.0,0.0,0.0,0.0,0.0,0.0,0.0,0.0,0.0,0.0,0.0,0.0,0.0,0.0,0.0,0.0,0.0,0.0,0.0,0.0,0.0,0.0,0.0,0.0,0.0,0.0,0.0,0.0,0.0,0.0,0.0,0.0,0.0,0.0,0.0,0.0,0.0,0.0,0.0,0.0,0.0,0.0,0.0,0.0,0.0,0.0,0.0,0.0,0.0,0.0,0.0,0.0,0.0,0.0,0.0,0.0,0.0,0.0,0.0,0.0,0.0,0.0,0.0,0.0,0.0,0.0,0.0,0.0,0.0,0.0,0.0,0.0,0.0,0.0,0.0,0.0,0.0,0.0,0.0,0.0,0.0,0.0,0.0,0.0,0.0,0.0,0.0,0.0,0.0,0.0,0.0,0.0,0.0
ENCFF000WQN,0.07335617063517191,4010,39,265,2843,39,5891,957,34,50,23,64,247,346,808,1837,2156,313,47,435,392,18,72,9,5,8,83,253,257,1586,300,23,20,47,142,130,5,160,5,5,560,972,2,57,5,15,69,380,1637,17,61,66,102,29,32,575,17,32,28,18,67,110,26,859,38,64,72,9,3529,3384,608,74,49,110,492,24,91,38,56,79,16,76,76,293,29,47,246,2,76,52,4,128,23,3,84,82,924,12690,859,6,2312,3235,178,2893,106,44,401,110,112,3,230,669,558,15,349,2540,241,1884,30,158,166,690,80,2339,110,517,197,69,261,27,5,2507,1216,715,1755,741,1156,2212,32,365,239,99,273,3249,54,33,7,6,3,7,189,22,51,762,409,49,328,2784,288,35,72,98,111,238,372,312,458,7,14,4,68,5,135,53,214,395,2,0,37,65,69,1188,543,3358,195,2186,2455,1029,2124,960,2036,18,2154,2473,783,751,1858,1550,529,67,80,64,5,46,56,18,4,2,2,290,31,2580,880,1032,17,25561,2740,286,2313,1872,77,45,2946,1466,4199,385,3495,13,3608,5,25,100,47,19,69,22,238,156,1,49,65,34,68,31,208,115,17,26,322,253,161,238,108,27,43,52,38,22,27,49,71,382,93,36,135,177,140,975,1517,153,163,240,94,51,49,38,55,37,11,656,40,53,437,25,122,36,264,77,93,44,61,17,30,32,193,169,68,72,55,203,107,60,59,86,249,0,2,28,42,31,11,1184,11,784,0,48,5,507,80,549,550,534,1,189,10,26,140,276,4821,58,181,137,85,16,186,14,21,55,1155,483,287,113,2,12,9,2,6,39,98,226,54,255,36,31,122,3739,43,134,9485,44,475,73,366,252,186,18,84,412,71,68,79,32,35,28,964,76,67,82,40,83,91,2053,6,779,200,3,2225,579,2,25,485,61,8,464,60,112,23,206,92,1435,225,61,60,87,31,78,53,87,57,2,74,4,161,10,0,74,38,37,38,60,2223,128,692,374,91,46,88,22,3136,23,1208,190,1037,110,16,245,9,2605,480,794,3449,122,1340,25,35,22,59,59,73,43,86,475,66,1,43,98,1,3,359,318,2,68,15,1994,2911,2212,513,2734,355,64,5320,6757,977,3074,5123,6221,24,15,61,73,16,67,130,27,48,66,477,0.0,0.0,0.0,0.0,0.0,0.0,0.0,0.0,0.0,0.0,0.0,0.0,0.0,0.0,0.0,0.0,0.0,0.0,0.0,0.0,0.0,0.0,0.0,0.0,0.0,0.0,0.0,0.0,0.0,0.0,0.0,0.0,0.0,0.0,0.0,0.0,0.0,0.0,0.0,0.0,0.0,0.0,0.0,0.0,0.0,0.0,0.0,0.0,0.0,0.0,0.0,0.0,0.0,0.0,0.0,0.0,0.0,0.0,0.0,0.0,0.0,0.0,0.0,0.0,0.0,0.0,0.0,0.0,0.0,0.0,0.0,0.0,0.0,0.0,0.0,0.0,0.0,0.0,0.0,0.0,0.0,0.0,0.0,0.0,0.0,0.0,0.0,0.0,0.0,0.0,0.0,0.0,0.0,0.0,0.0,0.0,0.0,0.0,0.0,0.0,0.0,0.0,0.0,0.0,0.0,0.0,0.0,0.0,0.0,0.0,0.0,0.0,0.0,0.0,0.0,0.0,0.0,0.0,0.0,0.0,0.0,0.0,0.0,0.0,0.0,0.0,0.0,0.0,0.0,0.0,0.0,0.0,0.0,0.0,0.0,0.0,0.0,0.0,0.0,0.0,0.0,0.0,0.0,0.0,0.0,0.0,0.0,0.0,0.0,0.0
ENCFF566XFA,0.26685157240772434,25342,253,4945,49569,2674,301449,6582,476,1860,209,565,4260,20787,35688,18510,140372,10387,1161,13639,5103,191,439,205,105,150,1021,96,4860,28658,3080,186,100,495,3207,2801,24,2258,39,35,7701,8690,219,435,90,87,719,7953,20735,23,751,1379,2567,382,197,3829,213,271,436,136,912,2197,1718,38092,1130,736,37,108,95463,69677,4502,1880,1330,1587,2859,176,1987,978,1487,1607,408,1752,1890,3138,808,957,5354,27,1612,966,41,1060,157,35,1652,2671,41519,184293,7479,167,21056,31702,3386,27385,1923,1194,3376,918,976,15,1701,4770,4786,86,4552,20320,9704,94302,1933,7798,6266,9212,3417,116017,2581,3903,2136,521,1818,270,109,18197,53176,188,72060,29913,9799,18667,54,5570,12241,1859,3257,53768,290,146,467,76,42,52,1817,248,555,9585,3159,523,3879,52679,7649,334,1852,2195,1915,3636,3312,3111,3309,43,125,69,1749,94,2915,1154,1022,117,8,6,835,684,1805,9851,5148,35510,2992,56692,35858,16743,33666,15353,33042,777,23474,29783,7854,6956,21611,13643,7813,1055,23,1075,47,731,1659,167,76,31,71,2816,1584,65047,20311,59671,171,248347,58523,3733,35625,81549,861,498,57087,31729,119836,17963,30530,213,27226,41,287,676,221,647,1746,231,5116,1949,11,1238,1503,1126,1634,739,4044,2332,108,279,5766,3273,2348,1837,1967,501,1247,1235,706,685,565,276,1865,7282,2618,694,2255,3618,3421,13799,46390,124,3324,1953,2004,1332,992,1195,1700,887,58,7001,905,1451,4666,650,2066,790,4037,1912,1595,946,1617,82,912,666,3825,4012,1454,1632,1261,2206,2057,1338,1392,1564,5798,17,67,784,1179,377,325,10258,197,7136,45,540,30,6149,498,5474,5371,8440,34,3259,349,120,1335,2700,203358,382,1793,2552,903,12,4467,137,206,593,17506,14405,4302,946,262,87,105,44,151,1282,2007,1793,823,3642,1009,876,6810,111853,548,3329,97111,1024,5100,1710,8634,190,3962,516,54,3156,1522,1783,1826,631,721,230,682,1905,1692,1800,615,1904,2084,21236,263,10841,2112,81,19267,5968,11,206,4866,870,70,7723,1440,779,258,4428,1957,55769,8292,510,1450,1757,735,1377,1513,795,506,41,799,203,1847,151,29,215,231,401,2989,1710,90274,7134,20433,14461,4215,1262,666,355,21157,53,12518,2136,9064,2261,669,2384,44,24635,4667,8933,37647,3590,48599,364,418,697,1371,831,1912,1358,2092,10497,1905,71,112,1821,11,52,3351,2865,27,67,143,19673,44524,35866,9201,28549,3512,2165,69954,87133,16327,48462,59806,68597,1030,268,1382,1288,386,1447,802,317,359,683,6294,0.0,0.0,0.0,0.0,0.0,0.0,0.0,0.0,0.0,0.0,0.0,0.0,0.0,0.0,0.0,0.0,0.0,0.0,0.0,0.0,0.0,0.0,0.0,0.0,0.0,0.0,0.0,0.0,0.0,0.0,0.0,0.0,0.0,0.0,0.0,0.0,0.0,0.0,0.0,0.0,0.0,0.0,0.0,0.0,0.0,0.0,0.0,0.0,0.0,0.0,0.0,0.0,0.0,0.0,0.0,0.0,0.0,0.0,0.0,0.0,0.0,0.0,0.0,0.0,0.0,0.0,0.0,0.0,0.0,0.0,0.0,0.0,0.0,0.0,0.0,0.0,0.0,0.0,0.0,0.0,0.0,0.0,0.0,0.0,0.0,0.0,0.0,0.0,0.0,0.0,0.0,0.0,0.0,0.0,0.0,0.0,0.0,0.0,0.0,0.0,0.0,0.0,0.0,0.0,0.0,0.0,0.0,0.0,0.0,0.0,0.0,0.0,0.0,0.0,0.0,0.0,0.0,0.0,0.0,0.0,0.0,0.0,0.0,0.0,0.0,0.0,0.0,0.0,0.0,0.0,0.0,0.0,0.0,0.0,0.0,0.0,0.0,0.0,0.0,0.0,0.0,0.0,0.0,0.0,0.0,0.0,0.0,0.0,0.0,0.0
ENCFF189ONT,0.16914468656189194,126512,146,2717,23306,515,79940,8644,252,457,358,681,3289,2531,6542,11298,18441,2848,714,5199,5926,180,848,68,79,70,813,9758,3422,34983,4552,347,186,526,1992,1847,87,2670,33,16,9834,13585,90,754,35,42,829,6627,15080,1161,579,1266,1343,540,436,8518,189,418,390,137,1109,1615,149,8646,558,361,2548,138,39830,53721,10774,1208,719,2183,8696,452,1551,617,749,921,205,978,1352,4247,470,551,3641,17,884,601,13,1285,150,30,1467,1003,11029,179713,10738,85,29835,43194,2747,37041,1392,611,6393,2032,2240,22,3533,9291,8981,118,4859,49546,1939,42909,257,1383,1330,9068,698,57439,1372,7903,3239,880,3140,488,197,36011,8950,7299,16542,6405,18581,35597,722,4574,4196,1368,5096,35405,448,1307,168,148,23,63,2861,504,964,11231,5157,733,4832,24099,2311,532,1309,1314,1084,3109,5371,4907,7012,69,232,90,1114,57,1529,568,1315,392,56,8,672,950,1242,18641,8490,53171,2349,30148,35995,16141,34538,15545,29494,351,32767,39226,14606,11019,29975,21407,5999,858,1714,802,77,620,990,221,91,79,189,4650,255,46736,10714,9078,505,178026,37545,4182,28363,17384,1376,586,38013,18024,47206,3078,52413,135,51477,55,410,887,101,311,1029,458,4343,3223,129,669,929,561,893,413,2685,1661,403,236,5748,3657,2225,4444,1364,340,683,776,323,383,249,572,1084,5175,893,367,1739,2708,2304,7229,12287,5627,2709,4646,1352,920,681,596,962,477,232,9275,536,987,6323,374,1916,432,4741,1094,1082,573,987,407,431,684,2516,2089,812,926,778,2681,1641,1067,741,1047,4081,34,53,399,656,833,313,18933,140,12117,37,427,137,7804,1131,9304,7306,7930,36,3329,169,208,1701,5097,55583,1188,3014,2482,1201,383,2965,347,287,1188,15963,6696,4227,1842,57,259,73,19,48,624,1151,2634,808,3795,534,529,1031,35136,746,2045,135614,503,7197,962,6298,10153,2468,322,4154,9548,816,1195,1163,364,437,406,50751,1427,977,1190,532,1323,1444,28511,111,12468,2175,27,32416,8990,93,430,6997,1143,81,7620,751,2290,265,3815,1165,16439,2383,1884,766,1294,452,1326,869,2032,877,45,1156,51,2193,236,30,224,1201,391,439,660,15050,1085,6267,3899,926,608,875,158,42865,403,16327,2174,13575,1977,254,3340,37,31631,6447,10808,48664,1412,13681,217,300,370,1344,439,1169,675,1394,6440,1152,18,1260,1063,43,28,4679,4997,24,1556,202,29541,38646,29844,6954,38272,4472,465,66794,93894,12766,38736,70319,86358,270,135,710,675,246,855,1548,361,429,808,7741,0.0,0.0,0.0,0.0,0.0,0.0,0.0,0.0,0.0,0.0,0.0,0.0,0.0,0.0,0.0,0.0,0.0,0.0,0.0,0.0,0.0,0.0,0.0,0.0,0.0,0.0,0.0,0.0,0.0,0.0,0.0,0.0,0.0,0.0,0.0,0.0,0.0,0.0,0.0,0.0,0.0,0.0,0.0,0.0,0.0,0.0,0.0,0.0,0.0,0.0,0.0,0.0,0.0,0.0,0.0,0.0,0.0,0.0,0.0,0.0,0.0,0.0,0.0,0.0,0.0,0.0,0.0,0.0,0.0,0.0,0.0,0.0,0.0,0.0,0.0,0.0,0.0,0.0,0.0,0.0,0.0,0.0,0.0,0.0,0.0,0.0,0.0,0.0,0.0,0.0,0.0,0.0,0.0,0.0,0.0,0.0,0.0,0.0,0.0,0.0,0.0,0.0,0.0,0.0,0.0,0.0,0.0,0.0,0.0,0.0,0.0,0.0,0.0,0.0,0.0,0.0,0.0,0.0,0.0,0.0,0.0,0.0,0.0,0.0,0.0,0.0,0.0,0.0,0.0,0.0,0.0,0.0,0.0,0.0,0.0,0.0,0.0,0.0,0.0,0.0,0.0,0.0,0.0,0.0,0.0,0.0,0.0,0.0,0.0,0.0
ENCFF000WZT,0.09967445564777559,27438,86,1830,16747,393,40680,3190,102,115,117,219,1036,959,1758,3973,8622,938,176,2407,3105,75,271,44,28,26,469,877,1252,17704,1751,134,108,193,636,576,66,768,6,6,3288,4929,26,291,26,36,318,2412,8918,142,190,336,466,200,153,3163,91,145,206,82,328,591,101,4026,96,646,249,8,17217,19214,3033,372,221,745,2298,73,399,181,239,309,76,283,438,1724,134,184,1213,22,256,163,32,636,220,24,647,477,4489,74520,5131,73,13569,18912,925,16121,451,188,2620,905,1092,17,1642,3911,4077,140,2050,16319,1028,15422,305,1589,1312,4413,646,21335,507,3267,1792,392,1236,231,47,14345,2726,2381,7333,1871,5975,12403,410,1854,1138,396,1392,12761,206,266,38,68,17,24,847,114,192,5309,2322,314,1726,16514,1290,250,412,487,403,1139,2180,2015,2327,35,99,25,347,31,708,195,551,1113,13,2,179,404,332,7143,3241,20754,900,11753,14897,5952,12929,5766,11234,83,12562,14630,5182,4366,10058,8365,2398,372,223,310,13,116,283,100,29,14,30,1890,50,12491,4696,1909,171,72128,14553,1344,11092,6439,600,286,15981,7415,20235,1880,20244,79,20067,23,182,315,10,88,304,161,1334,829,15,211,311,172,310,108,933,545,142,125,1854,1144,823,1209,334,88,200,220,106,127,80,256,341,2219,409,115,712,815,870,4301,8609,543,735,1649,477,285,242,191,297,210,65,3599,163,259,2144,147,650,126,1516,311,341,164,285,197,143,298,831,867,265,293,204,1017,518,232,256,271,1513,4,16,119,206,359,146,6355,75,4836,16,261,78,2562,354,3407,3416,2501,11,1188,80,84,452,1631,17647,247,1142,854,401,51,1134,85,103,237,6843,2589,1252,715,55,215,95,5,30,208,2000,1539,226,2155,174,157,699,19450,149,665,62976,182,2314,334,2004,942,1164,118,523,2678,261,329,377,126,133,110,6198,436,330,414,285,364,465,11232,74,3672,947,13,12059,2888,34,91,2747,430,34,2375,252,984,133,1104,400,9037,1494,309,253,366,115,385,248,563,66,7,442,6,869,180,12,93,236,130,203,316,9248,1291,3551,2646,675,172,490,94,18411,109,7238,955,5612,604,226,1317,10,16051,2784,5297,20596,909,5816,115,59,129,330,144,425,246,509,2483,353,4,300,336,11,25,1781,1679,5,183,76,10876,17867,11619,3511,15663,1743,150,26006,39180,5058,18082,27867,35089,81,72,260,249,61,266,771,122,282,337,3263,0.0,0.0,0.0,0.0,0.0,0.0,0.0,0.0,0.0,0.0,0.0,0.0,0.0,0.0,0.0,0.0,0.0,0.0,0.0,0.0,0.0,0.0,0.0,0.0,0.0,0.0,0.0,0.0,0.0,0.0,0.0,0.0,0.0,0.0,0.0,0.0,0.0,0.0,0.0,0.0,0.0,0.0,0.0,0.0,0.0,0.0,0.0,0.0,0.0,0.0,0.0,0.0,0.0,0.0,0.0,0.0,0.0,0.0,0.0,0.0,0.0,0.0,0.0,0.0,0.0,0.0,0.0,0.0,0.0,0.0,0.0,0.0,0.0,0.0,0.0,0.0,0.0,0.0,0.0,0.0,0.0,0.0,0.0,0.0,0.0,0.0,0.0,0.0,0.0,0.0,0.0,0.0,0.0,0.0,0.0,0.0,0.0,0.0,0.0,0.0,0.0,0.0,0.0,0.0,0.0,0.0,0.0,0.0,0.0,0.0,0.0,0.0,0.0,0.0,0.0,0.0,0.0,0.0,0.0,0.0,0.0,0.0,0.0,0.0,0.0,0.0,0.0,0.0,0.0,0.0,0.0,0.0,0.0,0.0,0.0,0.0,0.0,0.0,0.0,0.0,0.0,0.0,0.0,0.0,0.0,0.0,0.0,0.0,0.0,0.0
ENCFF001GHA,0.08413696488390927,14713,22,1154,10129,187,25379,2601,72,159,78,190,799,1267,2425,4792,8931,1052,143,1829,1582,55,262,24,18,12,258,31,741,7882,1088,67,41,113,453,454,3,496,7,7,3176,5608,49,206,8,12,283,1488,6032,12,182,238,360,124,166,5537,47,97,122,36,182,370,140,3345,62,100,15,31,13165,16064,6148,252,168,287,3944,81,335,131,223,223,58,228,353,2582,99,109,859,4,220,107,4,410,48,13,320,350,4788,52442,3983,23,10569,15872,680,14337,320,164,2570,757,554,6,2054,5579,4757,47,2474,14193,701,8869,150,473,522,2647,214,12175,367,1926,896,225,1245,118,36,12802,3603,46,6442,2282,9241,12757,10,1167,1081,344,1248,10295,128,94,21,38,8,11,627,133,177,4137,1612,215,1220,10059,867,120,295,672,699,1119,1241,1166,5892,30,64,8,256,12,413,119,254,45,4,1,109,169,266,7017,2158,16054,628,9293,11020,3864,8649,5238,8774,79,9208,10394,6068,3290,13250,5948,1598,260,13,224,16,124,232,76,29,11,9,1024,86,13282,3565,3944,50,82932,10612,995,8596,6656,303,185,12370,5289,16527,1172,15290,46,16387,16,98,257,73,74,261,77,1913,1714,181,152,219,135,197,97,708,373,1502,66,1258,1682,524,4165,284,80,145,177,78,74,57,1657,239,1861,328,78,432,650,563,2798,4453,43,648,3721,330,214,176,156,216,127,1414,2985,127,187,3008,76,445,104,1869,246,228,142,209,359,114,110,547,539,200,212,161,1613,433,195,205,215,887,4,6,113,147,264,89,6662,25,5364,3,189,15,1974,356,4134,2169,3185,6,717,36,77,513,1273,18757,190,520,2305,354,3,642,72,110,234,5410,2058,825,422,15,43,30,7,10,155,453,654,167,1225,132,121,563,14256,84,501,43680,127,2388,249,1403,101,707,87,14,1119,186,273,314,86,106,58,334,336,249,273,107,303,386,8430,10,3769,779,17,16783,2600,30,97,2634,161,12,1736,217,421,97,930,298,5252,884,149,186,312,98,308,210,1209,146,5,338,11,585,122,38,79,107,71,187,213,8275,441,2236,1496,321,147,267,49,17330,10,4347,427,4617,459,76,769,6,9751,2175,2926,19911,412,4541,59,56,79,168,72,342,172,1070,1573,286,15,66,250,6,4,1230,1538,5,20,54,7890,13175,13030,2126,10831,1283,119,19827,31247,5269,11960,22329,26512,166,47,188,179,59,210,666,100,112,197,1789,0.0,0.0,0.0,0.0,0.0,0.0,0.0,0.0,0.0,0.0,0.0,0.0,0.0,0.0,0.0,0.0,0.0,0.0,0.0,0.0,0.0,0.0,0.0,0.0,0.0,0.0,0.0,0.0,0.0,0.0,0.0,0.0,0.0,0.0,0.0,0.0,0.0,0.0,0.0,0.0,0.0,0.0,0.0,0.0,0.0,0.0,0.0,0.0,0.0,0.0,0.0,0.0,0.0,0.0,0.0,0.0,0.0,0.0,0.0,0.0,0.0,0.0,0.0,0.0,0.0,0.0,0.0,0.0,0.0,0.0,0.0,0.0,0.0,0.0,0.0,0.0,0.0,0.0,0.0,0.0,0.0,0.0,0.0,0.0,0.0,0.0,0.0,0.0,0.0,0.0,0.0,0.0,0.0,0.0,0.0,0.0,0.0,0.0,0.0,0.0,0.0,0.0,0.0,0.0,0.0,0.0,0.0,0.0,0.0,0.0,0.0,0.0,0.0,0.0,0.0,0.0,0.0,0.0,0.0,0.0,0.0,0.0,0.0,0.0,0.0,0.0,0.0,0.0,0.0,0.0,0.0,0.0,0.0,0.0,0.0,0.0,0.0,0.0,0.0,0.0,0.0,0.0,0.0,0.0,0.0,0.0,0.0,0.0,0.0,0.0
ENCFF903TVN,0.1420491603971489,26825,191,2322,15509,147,32873,5528,67,193,255,635,1480,626,2879,7043,4231,2030,491,3836,4628,174,900,89,77,126,344,342,1611,22071,3335,266,145,399,984,996,29,1722,9,6,7316,11231,3,519,0,88,797,4100,10561,19,804,369,475,404,308,7168,69,357,290,169,762,660,163,7978,580,879,68,21,38777,42418,9317,474,230,641,7206,307,781,211,276,357,102,382,778,3428,154,162,1503,0,311,176,6,1750,299,51,1168,697,10542,150191,11775,35,31158,39040,1452,34361,928,208,5278,1541,1714,13,3000,7087,7176,212,3137,36694,1097,18928,195,528,981,7325,308,23796,803,5688,2607,767,3021,327,65,33610,4032,461,9254,3202,15787,29345,29,2593,1448,545,2838,26990,598,212,40,61,10,33,2288,388,484,8129,5006,566,3754,16820,1602,396,521,3340,2406,2608,4269,3907,6614,45,155,110,308,22,633,192,2903,1811,23,10,188,493,579,16053,7617,40468,1725,21102,30697,11081,24334,10276,18443,252,25190,29327,10226,9980,23339,20435,6868,709,75,874,55,196,305,259,36,109,491,3629,35,31251,8433,1616,385,214548,31242,3901,28490,12304,1289,629,36014,15179,38580,1015,50866,172,50833,14,255,673,15,85,513,130,1896,1896,18,228,273,209,320,130,1829,924,189,160,3112,2327,1237,3518,367,75,216,261,124,107,82,511,362,4206,407,103,1277,1636,1143,5748,53772,343,1434,3158,964,409,327,233,314,207,97,10419,164,278,4963,98,1165,108,2697,422,461,183,305,146,130,187,1138,954,275,293,271,2125,882,312,248,387,1713,2,22,132,241,633,100,15126,91,9465,21,542,40,6023,880,8230,5208,5610,25,2325,26,126,1183,3703,43844,699,2265,1842,1074,38,1571,335,639,935,8728,4467,1215,1762,125,116,60,4,55,225,1353,2565,497,3277,179,161,917,18512,130,1121,119978,432,6068,383,2674,826,1383,77,102,3324,273,588,705,87,119,249,1843,814,435,812,257,575,872,23148,27,7615,2274,38,28350,7746,24,453,5397,1404,25,4091,289,1370,315,2505,459,10461,2392,429,265,779,156,537,277,1460,463,7,1002,27,1349,228,9,188,305,1105,144,658,10768,522,4795,2779,406,624,1046,269,36417,84,12964,1088,13232,1964,90,2520,3,23114,4493,6542,34262,5821,11399,104,285,117,295,235,562,221,455,6417,550,9,258,316,66,91,4960,5048,45,70,190,29494,34754,21369,5733,34078,4561,178,62599,81538,10357,35007,62047,77815,229,183,254,225,79,310,1377,378,373,704,5191,0.0,0.0,0.0,0.0,0.0,0.0,0.0,0.0,0.0,0.0,0.0,0.0,0.0,0.0,0.0,0.0,0.0,0.0,0.0,0.0,0.0,0.0,0.0,0.0,0.0,0.0,0.0,0.0,0.0,0.0,0.0,0.0,0.0,0.0,0.0,0.0,0.0,0.0,0.0,0.0,0.0,0.0,0.0,0.0,0.0,0.0,0.0,0.0,0.0,0.0,0.0,0.0,0.0,0.0,0.0,0.0,0.0,0.0,0.0,0.0,0.0,0.0,0.0,0.0,0.0,0.0,0.0,0.0,0.0,0.0,0.0,0.0,0.0,0.0,0.0,0.0,0.0,0.0,0.0,0.0,0.0,0.0,0.0,0.0,0.0,0.0,0.0,0.0,0.0,0.0,0.0,0.0,0.0,0.0,0.0,0.0,0.0,0.0,0.0,0.0,0.0,0.0,0.0,0.0,0.0,0.0,0.0,0.0,0.0,0.0,0.0,0.0,0.0,0.0,0.0,0.0,0.0,0.0,0.0,0.0,0.0,0.0,0.0,0.0,0.0,0.0,0.0,0.0,0.0,0.0,0.0,0.0,0.0,0.0,0.0,0.0,0.0,0.0,0.0,0.0,0.0,0.0,0.0,0.0,0.0,0.0,0.0,0.0,0.0,0.0
ENCFF002DZQ,0.18119828924545817,91278,199,3998,43438,774,83273,7125,293,576,321,584,3627,5550,9326,31134,34596,3877,546,5384,6114,154,711,115,79,79,1013,7177,3857,27572,4064,300,377,548,2061,1935,143,2085,27,14,8351,11990,84,763,66,43,610,6511,34345,518,553,1204,1706,496,373,7186,156,459,520,216,856,1663,358,14628,912,217,2005,109,53594,61350,7535,1213,861,2025,5377,338,1408,576,885,1110,233,1224,1314,4092,480,668,4263,21,992,582,41,1374,250,37,1957,1464,15736,198053,11885,133,31345,45449,2948,39316,1288,772,5667,1719,1936,35,3226,8265,8611,379,4681,34563,3070,41062,612,2445,2505,9541,1047,73977,1556,6712,3136,906,2972,598,211,31826,15734,19933,49693,9824,14618,31924,1070,5076,2903,1330,4502,40982,300,845,134,108,33,26,2422,299,637,11078,4740,704,3838,49205,4550,538,1350,2310,2315,3483,5803,4919,5728,86,149,67,1188,48,2083,713,1075,801,202,14,853,892,1231,16308,7862,49420,2654,34439,35542,16103,43189,14705,30991,358,30178,36044,11966,10037,24887,19924,6188,1018,2065,806,69,630,1087,211,105,30,38,4445,427,56351,13490,16315,439,196876,40022,4328,31082,26684,1141,577,44569,20819,63650,5304,45211,214,44182,46,340,784,147,339,1056,253,4201,2389,33,810,1029,717,1092,501,2788,1687,249,217,5299,3268,2340,2745,1432,408,796,868,460,375,287,475,1322,5922,1384,429,1926,2588,2530,14855,51833,4812,2716,3102,1527,1023,736,823,1158,630,159,8087,571,958,5543,439,1747,440,4461,1255,1170,707,1066,207,559,702,2842,2689,978,1123,866,2557,1774,882,907,1081,4644,18,30,459,757,464,252,15836,120,10192,17,578,65,7029,793,7418,6902,7866,17,2856,161,219,1501,4142,87882,989,2605,2297,1133,419,3081,204,352,698,16424,6447,3617,1485,73,212,135,13,40,814,1980,2497,619,3980,583,593,2152,66897,724,2471,130339,603,6450,1176,5957,8771,2879,330,3233,9171,960,1096,1239,382,490,442,33970,1394,1109,1227,648,1298,1437,27416,134,11760,2401,42,27839,6466,48,336,5968,821,54,7440,979,1191,280,3384,1323,17776,4100,1392,874,1215,469,1387,1054,1259,753,13,995,24,1920,172,83,271,1042,476,748,859,38418,2293,11879,6419,1536,640,951,191,38506,674,16373,3087,13146,1481,404,3052,18,34683,6320,10921,47879,2971,26588,411,171,407,1425,574,1273,915,1693,7883,1163,65,761,1230,44,52,4528,4515,41,1701,193,26945,45019,33649,8270,40033,4505,319,92951,100001,14649,46725,72742,87527,394,225,859,815,249,1009,1293,346,464,798,7182,0.0,0.0,0.0,0.0,0.0,0.0,0.0,0.0,0.0,0.0,0.0,0.0,0.0,0.0,0.0,0.0,0.0,0.0,0.0,0.0,0.0,0.0,0.0,0.0,0.0,0.0,0.0,0.0,0.0,0.0,0.0,0.0,0.0,0.0,0.0,0.0,0.0,0.0,0.0,0.0,0.0,0.0,0.0,0.0,0.0,0.0,0.0,0.0,0.0,0.0,0.0,0.0,0.0,0.0,0.0,0.0,0.0,0.0,0.0,0.0,0.0,0.0,0.0,0.0,0.0,0.0,0.0,0.0,0.0,0.0,0.0,0.0,0.0,0.0,0.0,0.0,0.0,0.0,0.0,0.0,0.0,0.0,0.0,0.0,0.0,0.0,0.0,0.0,0.0,0.0,0.0,0.0,0.0,0.0,0.0,0.0,0.0,0.0,0.0,0.0,0.0,0.0,0.0,0.0,0.0,0.0,0.0,0.0,0.0,0.0,0.0,0.0,0.0,0.0,0.0,0.0,0.0,0.0,0.0,0.0,0.0,0.0,0.0,0.0,0.0,0.0,0.0,0.0,0.0,0.0,0.0,0.0,0.0,0.0,0.0,0.0,0.0,0.0,0.0,0.0,0.0,0.0,0.0,0.0,0.0,0.0,0.0,0.0,0.0,0.0
ENCFF001GAV,0.06044302378753508,12578,23,717,6215,164,20993,3035,58,109,68,173,599,1035,1810,3471,7598,764,119,1569,1161,38,191,11,9,10,217,51,585,5561,851,59,36,80,479,404,5,495,7,3,2751,3874,16,148,8,6,247,1141,3415,7,117,154,252,106,119,4468,42,89,74,43,185,295,104,2750,55,94,17,17,9598,9952,4565,206,115,209,2693,61,259,94,138,179,38,162,338,1870,76,81,550,5,160,84,9,295,24,15,314,229,3107,37628,2995,24,7814,11316,465,9740,333,116,1830,511,350,3,1846,4872,3574,54,2086,11287,603,7519,98,421,378,1845,176,9505,308,1408,657,150,775,103,25,8804,2897,84,2536,1713,4264,9076,9,874,723,255,824,6952,130,47,26,24,6,11,528,118,125,3424,1264,144,799,6407,605,77,243,507,576,793,971,923,5038,28,27,14,170,4,269,104,255,998,3,2,97,163,246,5716,1574,10585,480,6942,8519,2812,5665,4154,6456,82,7528,8395,3389,2671,10098,4351,1331,208,17,192,18,79,139,62,11,11,10,765,93,7163,2643,3003,56,62745,8437,694,6742,5115,245,138,9037,3833,12450,990,11045,32,11393,19,77,150,26,47,238,63,1571,1239,8,129,141,74,170,75,769,370,1195,44,869,1307,465,3879,190,66,116,125,54,59,50,1238,183,1224,240,60,330,619,442,1831,4360,58,540,3172,218,153,117,121,151,73,797,2442,95,146,2236,71,1033,67,1323,192,172,117,160,108,75,87,400,416,144,138,121,1668,324,145,144,183,664,14,7,87,86,116,69,6307,37,5036,6,131,9,1548,235,4500,1423,2821,8,496,24,44,300,909,15311,132,393,1618,248,1,615,62,153,186,4255,1390,522,282,10,74,20,0,9,134,252,479,164,893,96,91,520,10386,56,377,33892,87,1856,163,1158,107,486,50,31,790,124,333,332,66,69,36,434,428,170,303,83,179,391,6960,16,2611,640,9,13066,2235,15,68,2095,185,12,1125,162,285,61,749,196,1954,598,98,120,348,67,196,144,858,133,12,250,8,566,40,2,60,75,65,157,147,5378,389,1474,1123,240,113,265,35,13298,6,6053,294,3530,295,48,643,5,7402,1822,2219,16381,471,3276,28,49,65,141,70,244,147,892,1436,266,11,42,178,4,12,916,1151,1,12,44,6015,10590,9052,1467,7947,978,73,14687,24367,4556,9356,16738,20106,109,28,134,121,42,135,613,69,85,133,1404,0.0,0.0,0.0,0.0,0.0,0.0,0.0,0.0,0.0,0.0,0.0,0.0,0.0,0.0,0.0,0.0,0.0,0.0,0.0,0.0,0.0,0.0,0.0,0.0,0.0,0.0,0.0,0.0,0.0,0.0,0.0,0.0,0.0,0.0,0.0,0.0,0.0,0.0,0.0,0.0,0.0,0.0,0.0,0.0,0.0,0.0,0.0,0.0,0.0,0.0,0.0,0.0,0.0,0.0,0.0,0.0,0.0,0.0,0.0,0.0,0.0,0.0,0.0,0.0,0.0,0.0,0.0,0.0,0.0,0.0,0.0,0.0,0.0,0.0,0.0,0.0,0.0,0.0,0.0,0.0,0.0,0.0,0.0,0.0,0.0,0.0,0.0,0.0,0.0,0.0,0.0,0.0,0.0,0.0,0.0,0.0,0.0,0.0,0.0,0.0,0.0,0.0,0.0,0.0,0.0,0.0,0.0,0.0,0.0,0.0,0.0,0.0,0.0,0.0,0.0,0.0,0.0,0.0,0.0,0.0,0.0,0.0,0.0,0.0,0.0,0.0,0.0,0.0,0.0,0.0,0.0,0.0,0.0,0.0,0.0,0.0,0.0,0.0,0.0,0.0,0.0,0.0,0.0,0.0,0.0,0.0,0.0,0.0,0.0,0.0
ENCFF472ADY,0.14096194412912869,51617,263,4927,87010,965,262351,9594,592,364,332,517,6674,3021,16882,49107,53335,3111,884,8434,6535,66,715,74,60,85,2226,1906,6812,45221,4213,183,85,711,4623,4148,64,3912,26,2,10498,11927,104,556,116,78,1111,11106,54013,172,1049,3018,3555,357,254,5013,132,461,324,146,797,2961,1218,30340,4730,820,525,85,83139,62560,5406,2874,1775,3654,4533,235,3007,1479,1895,2131,562,2714,2580,3831,1033,1823,8698,26,2048,1742,22,910,207,38,1545,2519,34849,204255,10883,201,28492,45137,5819,39160,2722,1682,4326,1443,1831,23,3144,7661,8228,249,6953,35858,3375,63945,381,1979,2675,9347,840,114992,3358,7267,2638,509,2258,221,68,26413,14939,878,57085,15126,8975,28736,116,8135,8829,2748,5039,104084,457,261,343,91,49,38,2245,376,428,13190,3926,464,5890,85976,7315,376,2920,942,972,3564,4631,4025,5232,55,108,55,2718,41,3383,1534,1231,99,42,60,1189,716,2660,14165,7337,47952,4582,37404,47761,23241,57342,24342,47101,398,32615,40953,10582,10177,31780,21295,7244,1479,227,936,140,1606,2835,123,45,36,43,5473,193,87149,19774,16194,430,258486,61982,6008,41846,51874,1140,588,60162,30748,107788,4993,43470,206,36813,5,327,882,28,761,2196,299,8825,3168,17,1981,1773,1578,2517,1163,5523,3081,194,235,9350,5481,2898,2949,3843,871,1995,1904,1047,770,611,310,3183,8331,2267,902,2590,5023,4173,26442,99929,1734,5107,3349,2519,2020,1607,1571,2398,1377,70,8539,1237,3190,6341,765,2992,1323,6331,3328,2545,2006,2406,181,1237,1022,5787,4830,2077,2151,2039,3337,3355,2615,1699,2833,7905,55,30,1017,1884,465,435,14637,104,9220,37,402,48,8219,743,7913,8751,12620,42,3679,100,59,2967,3459,162465,584,2077,4057,1470,99,5126,84,229,1533,28817,11457,5988,1358,20,149,68,41,61,1623,1779,2623,1540,5244,1610,1062,3474,121021,567,3844,128487,1146,8011,2493,13275,2347,4787,645,521,5087,1930,2420,2483,1025,802,274,11240,3016,2409,2532,925,2590,2776,31543,47,22471,1799,51,28619,8519,42,425,7335,1076,43,13133,1794,846,143,6608,2504,51987,6796,632,1797,2543,1293,1919,2153,1158,1638,37,931,37,3086,130,35,78,232,282,461,1272,69936,2289,20172,9305,1457,820,682,196,29155,112,15692,2730,10936,1428,206,2914,10,43356,7716,14011,56841,5922,49031,383,483,966,2332,1132,2154,1982,2731,8607,2274,21,199,2693,21,62,3187,3343,37,243,130,28337,57446,46572,11490,38037,5203,2668,108671,116453,20651,58015,91552,95313,391,126,1718,1641,554,2179,708,336,283,848,9146,0.0,0.0,0.0,0.0,0.0,0.0,0.0,0.0,0.0,0.0,0.0,0.0,0.0,0.0,0.0,0.0,0.0,0.0,0.0,0.0,0.0,0.0,0.0,0.0,0.0,0.0,0.0,0.0,0.0,0.0,0.0,0.0,0.0,0.0,0.0,0.0,0.0,0.0,0.0,0.0,0.0,0.0,0.0,0.0,0.0,0.0,0.0,0.0,0.0,0.0,0.0,0.0,0.0,0.0,0.0,0.0,0.0,0.0,0.0,0.0,0.0,0.0,0.0,0.0,0.0,0.0,0.0,0.0,0.0,0.0,0.0,0.0,0.0,0.0,0.0,0.0,0.0,0.0,0.0,0.0,0.0,0.0,0.0,0.0,0.0,0.0,0.0,0.0,0.0,0.0,0.0,0.0,0.0,0.0,0.0,0.0,0.0,0.0,0.0,0.0,0.0,0.0,0.0,0.0,0.0,0.0,0.0,0.0,0.0,0.0,0.0,0.0,0.0,0.0,0.0,0.0,0.0,0.0,0.0,0.0,0.0,0.0,0.0,0.0,0.0,0.0,0.0,0.0,0.0,0.0,0.0,0.0,0.0,0.0,0.0,0.0,0.0,0.0,0.0,0.0,0.0,0.0,0.0,0.0,0.0,0.0,0.0,0.0,0.0,0.0
ENCFF000VJK,0.32778597585942854,127722,203,8064,261158,4074,521740,7698,977,1780,643,1207,9341,16815,36592,112079,171492,11618,1508,11073,14388,361,1780,309,235,294,1939,3223,11190,196524,8368,655,540,1521,6929,6342,113,5038,98,30,16684,27434,67,1410,67,18,1033,17535,170817,518,1961,2936,5791,1090,604,14202,334,917,942,301,1848,4388,2336,67682,607,691,1021,153,174091,126215,16659,4122,2933,4669,11516,631,4283,2207,3087,3479,990,4116,3871,9925,1823,2318,11436,43,3618,2098,40,2910,324,23,2929,6017,115255,447382,24808,237,69931,100768,7808,87118,3875,2737,12236,3258,3475,53,5945,15562,15620,155,11785,73703,12115,157132,2986,11055,8505,21210,4662,252503,4503,13072,6580,1438,5968,938,204,71506,49857,2198,124816,34601,23082,65383,767,11969,6662,4254,10373,173065,645,923,387,378,138,101,5845,991,1229,25630,11934,1566,9665,258043,18971,1120,4208,2292,1789,7591,9620,8446,11822,148,272,100,3889,77,6416,2483,1676,190,118,14,2219,1517,3576,35571,17715,103538,6659,85533,96549,36079,127520,35235,78639,857,68569,83184,22712,21540,53595,44240,16295,2425,994,1421,128,1795,3698,474,202,31,15,8524,1259,278141,47002,76391,441,404958,80540,8787,62844,110520,2572,1149,105889,42781,200740,21077,97017,357,101839,101,512,1508,278,1292,3305,343,12338,5178,24,2917,3641,2577,3662,1877,8135,4826,383,417,13798,8400,5591,5399,4874,1348,2755,2702,1697,1535,1142,1086,4325,12264,3792,1704,5512,7717,6913,60133,225306,2896,7850,6445,4990,2826,2244,2727,3734,2288,261,16521,1973,3520,14282,1455,5044,1620,10770,4509,3744,2437,3599,222,1975,1161,9000,8986,3392,3711,3015,6926,5351,3113,3332,3540,12122,40,50,1797,2743,1201,391,33631,317,21786,42,1579,70,17606,1818,14816,15129,18287,56,5846,307,373,1265,9405,254162,1791,4289,6058,2697,384,7525,432,217,1625,34456,14707,8574,3459,114,352,344,20,293,2837,2201,5702,1668,9648,2230,2069,10786,310289,1522,7292,307186,1656,15851,3827,16330,4340,7809,1202,3041,15378,3155,3577,3767,1503,1674,752,32749,4114,3641,3814,584,4070,4348,62557,224,28319,5715,26,61431,15103,28,782,13404,1226,198,20664,3258,2302,781,9742,4149,163916,22797,1863,3282,3916,1791,3287,3723,3114,885,64,2244,80,4599,226,117,522,1091,996,3142,1465,213454,11700,59671,21229,7502,1539,1970,427,84143,427,33745,5442,30517,3308,673,6777,67,54211,11363,20283,90032,10634,76868,770,382,1617,3653,1718,3887,3106,4782,19969,3792,92,924,4096,33,89,9964,10339,11,607,469,59242,94370,78228,16511,86927,9956,2027,272682,213412,32629,111083,149594,191481,949,512,3088,2789,829,3577,2693,579,974,1437,16656,0.0,0.0,0.0,0.0,0.0,0.0,0.0,0.0,0.0,0.0,0.0,0.0,0.0,0.0,0.0,0.0,0.0,0.0,0.0,0.0,0.0,0.0,0.0,0.0,0.0,0.0,0.0,0.0,0.0,0.0,0.0,0.0,0.0,0.0,0.0,0.0,0.0,0.0,0.0,0.0,0.0,0.0,0.0,0.0,0.0,0.0,0.0,0.0,0.0,0.0,0.0,0.0,0.0,0.0,0.0,0.0,0.0,0.0,0.0,0.0,0.0,0.0,0.0,0.0,0.0,0.0,0.0,0.0,0.0,0.0,0.0,0.0,0.0,0.0,0.0,0.0,0.0,0.0,0.0,0.0,0.0,0.0,0.0,0.0,0.0,0.0,0.0,0.0,0.0,0.0,0.0,0.0,0.0,0.0,0.0,0.0,0.0,0.0,0.0,0.0,0.0,0.0,0.0,0.0,0.0,0.0,0.0,0.0,0.0,0.0,0.0,0.0,0.0,0.0,0.0,0.0,0.0,0.0,0.0,0.0,0.0,0.0,0.0,0.0,0.0,0.0,0.0,0.0,0.0,0.0,0.0,0.0,0.0,0.0,0.0,0.0,0.0,0.0,0.0,0.0,0.0,0.0,0.0,0.0,0.0,0.0,0.0,0.0,0.0,0.0
ENCFF321DAV,0.040371183370125414,204879,2347,8330,138240,4648,336898,10349,631,1588,486,734,6648,21254,36619,77382,105477,12293,494,9332,9200,251,1012,201,87,51,1350,14296,8500,154752,5973,508,1028,1075,3979,4080,698,3805,40,24,15743,18946,75,1488,115,439,806,11196,128856,2436,1039,2793,3276,747,451,10478,263,480,700,213,897,2978,1221,57170,873,642,4669,21,145825,98631,11025,2667,1704,5330,9098,333,2971,1340,2039,2182,627,2639,2464,6605,1168,1411,8367,25,2127,1136,33,1990,282,81,4053,4337,65884,292684,15352,159,44897,66256,5456,59158,2572,1572,8175,3141,2916,29,4788,13556,12320,219,12773,55459,14166,105093,4091,18111,10757,18181,8234,174449,4351,12733,4104,1349,4526,566,172,41456,45931,8188,96734,36972,28984,43646,3000,9635,6166,2981,8162,143929,836,1872,319,181,62,77,3225,413,791,18950,7344,872,9046,137404,16767,578,2371,990,1001,5200,7117,6430,8889,115,163,51,2369,27,4888,1857,2167,302,328,14,2211,1414,2098,27973,11984,82101,5109,71318,67236,30404,129376,28592,61993,380,48577,58214,21988,13304,46488,31748,13570,1731,3480,1183,117,1386,2030,234,99,34,60,8646,1161,133988,32765,42985,300,454387,67973,7427,46559,100891,1593,734,85021,34581,162256,27544,63671,335,60513,29,602,1115,173,629,1866,493,7853,3530,58,1650,2301,1504,2452,1009,5337,3211,1455,395,9346,6259,3871,5116,2953,963,1603,1779,797,903,660,1117,3193,10599,3046,1065,3446,4993,5133,72464,120425,8755,5008,6074,2847,1831,1364,1390,2231,1427,472,12732,1148,1891,8996,870,3358,940,8236,2856,2731,1899,2304,529,1185,1479,6283,5955,2070,2422,1612,4382,3103,1614,1989,2570,9554,62,71,940,1362,712,751,23163,124,16205,53,1212,389,10542,960,11371,13210,13760,30,4691,35,357,2501,5747,203215,1798,4085,4707,2164,843,6021,177,197,1087,29280,11052,5728,1984,15,312,245,24,18,1475,2060,4439,1441,6266,1255,1136,8982,233414,1733,5115,191984,1321,8993,2715,12088,13660,5811,649,6911,20661,2235,1911,1889,1129,980,737,59134,2650,2025,2527,962,3043,2890,46271,23,19726,4443,62,49416,11733,79,346,10972,883,49,13321,1826,2325,372,6147,2619,110040,16249,2941,1844,2263,916,2833,1820,2328,1468,18,2009,13,3587,200,35,142,2002,237,3542,1255,132391,15278,37200,24415,7690,1613,1588,173,50740,1900,26018,6505,19452,1748,606,4949,21,52215,10993,18713,83324,10517,71135,921,353,856,2930,2428,2527,1548,3487,15048,1936,68,1609,2933,28,45,6145,5527,12,3155,324,35281,75376,68469,14240,56368,7229,793,209502,163458,28509,80471,125564,135550,526,387,1907,2011,455,2216,2093,548,733,1218,15937,0.0,0.0,0.0,0.0,0.0,0.0,0.0,0.0,0.0,0.0,0.0,0.0,0.0,0.0,0.0,0.0,0.0,0.0,0.0,0.0,0.0,0.0,0.0,0.0,0.0,0.0,0.0,0.0,0.0,0.0,0.0,0.0,0.0,0.0,0.0,0.0,0.0,0.0,0.0,0.0,0.0,0.0,0.0,0.0,0.0,0.0,0.0,0.0,0.0,0.0,0.0,0.0,0.0,0.0,0.0,0.0,0.0,0.0,0.0,0.0,0.0,0.0,0.0,0.0,0.0,0.0,0.0,0.0,0.0,0.0,0.0,0.0,0.0,0.0,0.0,0.0,0.0,0.0,0.0,0.0,0.0,0.0,0.0,0.0,0.0,0.0,0.0,0.0,0.0,0.0,0.0,0.0,0.0,0.0,0.0,0.0,0.0,0.0,0.0,0.0,0.0,0.0,0.0,0.0,0.0,0.0,0.0,0.0,0.0,0.0,0.0,0.0,0.0,0.0,0.0,0.0,0.0,0.0,0.0,0.0,0.0,0.0,0.0,0.0,0.0,0.0,0.0,0.0,0.0,0.0,0.0,0.0,0.0,0.0,0.0,0.0,0.0,0.0,0.0,0.0,0.0,0.0,0.0,0.0,0.0,0.0,0.0,0.0,0.0,0.0
ENCFF000YLD,0.06334697352685482,674,7,56,569,13,1361,150,9,6,5,11,40,43,81,274,323,59,6,99,95,1,13,3,0,1,18,16,51,286,60,5,4,6,32,24,1,21,0,1,140,197,0,10,0,1,10,92,279,3,14,9,16,9,9,159,1,5,6,3,40,20,4,124,2,25,3,3,690,824,115,10,5,19,135,7,23,9,10,16,2,16,11,64,5,8,27,1,10,7,0,27,2,0,22,15,214,3038,216,2,541,713,34,605,41,7,86,34,35,3,52,134,165,4,97,580,31,446,9,36,29,163,13,498,23,129,53,19,65,4,4,606,146,11,219,85,323,565,2,61,42,25,55,595,9,6,1,0,2,0,33,6,11,184,108,10,68,530,44,9,14,19,22,53,106,100,137,2,3,0,13,0,20,9,73,5584,0,0,8,10,13,293,143,796,38,415,580,221,466,207,366,4,496,568,208,193,396,328,111,13,7,8,2,8,10,5,3,0,11,76,1,475,170,88,3,3481,897,51,476,230,25,17,621,277,739,71,898,1,1054,0,7,16,7,2,13,6,47,42,1,12,14,7,12,5,44,22,5,4,73,43,36,65,11,7,11,8,7,3,6,7,14,67,18,3,43,42,24,117,202,7,29,65,22,5,11,3,10,6,2,157,10,8,93,3,17,5,54,8,11,7,8,3,6,3,27,30,10,16,18,38,25,14,8,16,49,1,0,4,9,21,6,271,6,181,1,5,1,110,25,137,118,114,0,57,9,3,32,112,1118,11,38,34,19,1,29,3,2,11,218,196,42,31,2,8,1,0,1,4,30,58,12,60,6,9,20,645,8,21,2214,4,104,13,82,17,36,9,4,68,13,18,9,23,4,4,64,28,11,20,12,15,10,474,0,159,42,1,530,146,0,5,112,26,1,95,11,30,7,52,14,177,39,11,8,18,5,15,7,17,4,2,14,2,27,11,1,2,6,7,11,9,507,29,135,87,25,4,16,6,943,2,272,27,247,26,3,61,0,480,93,149,658,23,139,4,4,6,13,4,13,7,27,120,15,2,3,14,0,5,68,88,0,2,6,422,598,465,104,569,77,10,1138,1501,211,616,1104,1386,6,5,11,7,1,7,28,6,8,7,110,0.0,0.0,0.0,0.0,0.0,0.0,0.0,0.0,0.0,0.0,0.0,0.0,0.0,0.0,0.0,0.0,0.0,0.0,0.0,0.0,0.0,0.0,0.0,0.0,0.0,0.0,0.0,0.0,0.0,0.0,0.0,0.0,0.0,0.0,0.0,0.0,0.0,0.0,0.0,0.0,0.0,0.0,0.0,0.0,0.0,0.0,0.0,0.0,0.0,0.0,0.0,0.0,0.0,0.0,0.0,0.0,0.0,0.0,0.0,0.0,0.0,0.0,0.0,0.0,0.0,0.0,0.0,0.0,0.0,0.0,0.0,0.0,0.0,0.0,0.0,0.0,0.0,0.0,0.0,0.0,0.0,0.0,0.0,0.0,0.0,0.0,0.0,0.0,0.0,0.0,0.0,0.0,0.0,0.0,0.0,0.0,0.0,0.0,0.0,0.0,0.0,0.0,0.0,0.0,0.0,0.0,0.0,0.0,0.0,0.0,0.0,0.0,0.0,0.0,0.0,0.0,0.0,0.0,0.0,0.0,0.0,0.0,0.0,0.0,0.0,0.0,0.0,0.0,0.0,0.0,0.0,0.0,0.0,0.0,0.0,0.0,0.0,0.0,0.0,0.0,0.0,0.0,0.0,0.0,0.0,0.0,0.0,0.0,0.0,0.0
ENCFF000BTD,0.058260338261018604,12410,51,1723,8611,253,30062,1827,73,175,128,185,939,1467,2892,3825,8181,1472,208,1466,2128,91,394,60,3,4,252,31,1141,5986,1758,164,56,214,545,339,9,652,13,3,2944,6040,27,421,71,8,142,2101,4851,3,190,216,320,260,208,4957,78,165,179,33,354,553,120,3165,248,141,18,8,17498,21690,5245,224,190,407,3087,133,226,122,166,254,59,232,228,2341,140,126,1067,1,172,130,15,776,62,2,586,364,4572,80085,4936,49,14871,20918,814,18732,599,148,2752,774,611,2,1750,4393,3974,15,2072,23021,919,11219,207,871,780,4389,399,11721,308,2826,1276,506,1822,286,65,19300,4462,35,4756,2691,6657,15661,14,1550,653,249,1782,10809,88,113,28,103,8,13,1151,140,279,4266,2521,409,1625,7983,958,226,232,252,245,1245,1965,1741,3261,21,141,3,199,0,515,157,1561,345,5,4,144,428,185,8946,3913,28520,1021,12967,14452,6266,10629,9508,16202,105,17877,19499,10263,4705,10861,9804,2212,335,13,290,27,127,170,137,56,7,1,2367,105,9171,4019,3531,35,83814,14322,1667,12864,6353,568,412,16989,6793,18026,1559,20779,59,21785,49,201,313,35,76,198,93,1277,1207,72,145,215,139,204,101,682,343,506,125,1978,1361,911,1426,270,68,157,161,70,88,56,470,309,2095,376,128,1046,810,663,2900,8599,82,728,2102,404,176,115,171,193,127,179,3577,98,195,3197,80,701,100,1744,246,225,123,206,458,119,197,699,675,205,249,177,1336,517,192,151,224,1293,5,6,103,116,311,71,7668,33,5333,5,303,158,3386,477,3182,3033,2603,8,1191,35,182,232,2394,20628,362,924,1536,489,12,845,69,60,321,5134,1654,1056,796,3,128,56,2,17,168,201,1325,118,1746,141,126,368,11272,116,672,62954,96,3070,229,1225,130,796,81,16,1803,220,192,190,195,124,101,385,255,167,232,101,294,270,12675,21,4395,1374,4,14005,4138,178,171,3117,128,25,3117,177,1494,197,971,247,4360,834,228,207,232,123,281,154,984,109,5,670,2,686,57,7,80,253,11,246,221,7889,742,2440,1949,472,175,493,23,20772,20,6989,570,7680,568,202,1623,6,12828,2598,4029,19525,1041,4110,66,21,83,211,84,246,157,471,1365,188,20,159,265,3,3,2193,2276,3,51,404,12242,18759,12970,2723,18915,2165,147,32048,46358,5771,19036,37361,40295,119,111,168,191,83,165,724,168,228,210,2632,0.0,0.0,0.0,0.0,0.0,0.0,0.0,0.0,0.0,0.0,0.0,0.0,0.0,0.0,0.0,0.0,0.0,0.0,0.0,0.0,0.0,0.0,0.0,0.0,0.0,0.0,0.0,0.0,0.0,0.0,0.0,0.0,0.0,0.0,0.0,0.0,0.0,0.0,0.0,0.0,0.0,0.0,0.0,0.0,0.0,0.0,0.0,0.0,0.0,0.0,0.0,0.0,0.0,0.0,0.0,0.0,0.0,0.0,0.0,0.0,0.0,0.0,0.0,0.0,0.0,0.0,0.0,0.0,0.0,0.0,0.0,0.0,0.0,0.0,0.0,0.0,0.0,0.0,0.0,0.0,0.0,0.0,0.0,0.0,0.0,0.0,0.0,0.0,0.0,0.0,0.0,0.0,0.0,0.0,0.0,0.0,0.0,0.0,0.0,0.0,0.0,0.0,0.0,0.0,0.0,0.0,0.0,0.0,0.0,0.0,0.0,0.0,0.0,0.0,0.0,0.0,0.0,0.0,0.0,0.0,0.0,0.0,0.0,0.0,0.0,0.0,0.0,0.0,0.0,0.0,0.0,0.0,0.0,0.0,0.0,0.0,0.0,0.0,0.0,0.0,0.0,0.0,0.0,0.0,0.0,0.0,0.0,0.0,0.0,0.0
ENCFF575ACN,0.17974273103099186,63341,170,3663,49306,988,113668,5233,304,411,288,511,3085,3465,7660,28319,28683,3111,291,4677,5876,138,525,79,63,34,913,3116,2961,25484,2948,240,287,462,1768,1479,147,1641,17,9,6895,8824,28,530,8,63,593,5077,23576,482,430,987,1389,361,238,4903,115,277,472,127,569,1355,374,12632,303,332,916,23,45897,50989,5429,1014,715,1658,3686,150,1135,424,730,896,192,882,1081,3098,399,458,3449,17,787,424,14,935,139,13,1092,1330,23067,158079,9430,128,24615,35528,2342,30967,1036,571,4218,1325,1675,15,2623,6796,6648,119,4339,27454,2793,28601,755,3176,2916,8327,1457,44243,1357,5520,2752,639,2149,291,1040,23604,9907,1945,20932,7440,9555,22910,689,4790,2017,1132,3470,53935,511,560,96,81,26,33,1683,207,346,10678,4033,543,3949,48435,3370,310,1015,980,800,2559,4439,3951,4044,75,79,21,917,21,1692,588,1042,73,85,11,610,610,964,13331,5994,38512,2225,26571,31696,14724,34304,12158,25913,205,24274,29424,9039,8494,19914,16875,5468,941,709,906,49,497,832,131,47,11,34,3782,218,39358,11658,8094,231,190767,35481,3329,24364,22095,864,549,38298,19513,58012,6289,42564,230,41745,38,309,643,90,261,888,203,3344,1743,27,594,845,553,891,376,2287,1296,251,188,4042,2557,1640,2225,1082,303,498,700,304,327,247,417,1027,5003,1500,321,1576,2008,1976,9538,26715,2020,1977,2599,1229,776,589,676,937,499,102,6190,454,659,4087,332,1418,338,3605,966,945,614,847,185,421,574,2090,2378,746,866,643,2019,1282,596,731,882,3693,26,28,378,599,453,306,12230,116,8508,18,580,56,5082,590,6216,6548,6861,28,2213,92,168,2015,2842,72166,655,1959,1860,980,177,2734,120,155,467,14546,5405,2652,1066,56,190,121,20,38,690,3077,2167,521,3746,430,377,1382,54594,499,1984,110512,470,4526,958,4620,3319,2295,258,1428,6696,740,986,1014,354,361,253,17352,1058,957,944,511,1004,1076,21542,58,8921,2185,19,22339,6617,83,179,7559,657,53,5896,809,1045,283,2744,1034,17286,3660,935,772,1016,375,995,836,1102,936,16,1016,34,1699,166,74,129,660,219,673,640,45350,2839,10219,6606,1653,533,935,226,29545,434,13833,1896,10694,1071,365,2630,38,30885,6020,9780,41051,2927,18051,294,313,314,877,407,1000,746,1395,9251,914,31,356,883,22,9,3169,3272,6,643,128,20093,38288,27668,7102,30887,3446,335,69855,79323,12713,39986,57506,69089,225,197,700,686,173,872,1055,348,370,685,6193,0.0,0.0,0.0,0.0,0.0,0.0,0.0,0.0,0.0,0.0,0.0,0.0,0.0,0.0,0.0,0.0,0.0,0.0,0.0,0.0,0.0,0.0,0.0,0.0,0.0,0.0,0.0,0.0,0.0,0.0,0.0,0.0,0.0,0.0,0.0,0.0,0.0,0.0,0.0,0.0,0.0,0.0,0.0,0.0,0.0,0.0,0.0,0.0,0.0,0.0,0.0,0.0,0.0,0.0,0.0,0.0,0.0,0.0,0.0,0.0,0.0,0.0,0.0,0.0,0.0,0.0,0.0,0.0,0.0,0.0,0.0,0.0,0.0,0.0,0.0,0.0,0.0,0.0,0.0,0.0,0.0,0.0,0.0,0.0,0.0,0.0,0.0,0.0,0.0,0.0,0.0,0.0,0.0,0.0,0.0,0.0,0.0,0.0,0.0,0.0,0.0,0.0,0.0,0.0,0.0,0.0,0.0,0.0,0.0,0.0,0.0,0.0,0.0,0.0,0.0,0.0,0.0,0.0,0.0,0.0,0.0,0.0,0.0,0.0,0.0,0.0,0.0,0.0,0.0,0.0,0.0,0.0,0.0,0.0,0.0,0.0,0.0,0.0,0.0,0.0,0.0,0.0,0.0,0.0,0.0,0.0,0.0,0.0,0.0,0.0
ENCFF001FHC,0.1236891064206587,38625,151,3246,25564,645,104516,5611,197,417,204,440,2476,4457,8110,14435,33837,3228,325,5870,4424,143,602,61,112,74,745,724,2544,17301,2884,184,143,328,1433,1473,49,1684,40,18,6708,10297,59,607,58,47,684,4490,17682,91,411,876,1111,326,302,7555,150,295,332,123,612,1233,305,11404,823,423,212,74,40154,41418,8395,900,607,964,6147,205,1020,425,631,674,178,728,1062,3825,344,410,2776,17,737,387,30,1012,206,63,1076,1049,14675,142186,8879,96,23281,34144,2023,29631,986,502,4785,1450,1243,29,3190,9278,8371,282,4582,30148,2595,25527,409,1605,1718,6685,671,32768,1154,4684,2232,581,2256,322,79,25591,12510,2062,22305,7655,13231,23883,158,3423,3990,1014,2990,37624,468,261,114,72,35,41,1669,271,404,8835,3786,548,3327,26974,2570,352,950,2334,2341,2886,3224,2843,9025,61,125,57,799,16,1254,460,650,2095,29,7,396,545,939,13885,5323,34296,1816,26880,29955,11388,26442,12437,22636,285,23206,27517,8926,7546,23639,14824,4879,721,205,997,52,389,705,175,58,38,50,3032,367,35379,9335,12896,196,192224,31377,2525,24145,21557,827,454,33493,16972,49049,4097,36539,217,35104,36,263,534,151,228,842,201,3749,3013,86,565,707,435,730,321,2202,1235,1247,181,3582,3666,1576,6922,944,275,514,606,253,284,200,1882,817,4796,988,311,1404,1976,1791,8676,24520,480,1920,5365,1038,686,514,490,740,406,1297,6628,365,621,4957,300,1234,299,3774,843,791,454,686,284,353,408,1917,1922,650,725,577,2632,1211,612,620,740,3008,12,19,294,475,452,398,13602,199,9345,20,419,54,5121,728,7733,5160,7504,43,2090,118,142,2348,2793,75244,503,1484,2872,843,71,2201,304,605,649,13699,6671,2324,943,48,152,138,23,54,542,923,1746,557,2726,398,383,1892,43405,284,1521,96221,475,5540,807,4581,944,2088,243,301,3273,580,864,935,326,313,179,4537,1079,772,909,374,943,1166,20612,75,8330,1681,39,29367,5642,57,241,4852,610,60,4833,625,998,230,2588,906,15754,2532,507,612,981,287,918,706,1946,829,41,748,41,1611,112,64,204,336,509,628,864,26033,1568,7028,4730,1018,435,703,219,32748,109,12974,1258,9851,1239,249,2178,24,25502,5339,7949,41130,1972,15198,217,403,270,646,350,941,609,2222,7940,876,40,213,837,44,30,2969,3274,24,214,158,19414,34245,26635,5803,27244,3248,401,53830,76608,11999,33373,54316,65710,336,162,567,504,165,649,1310,241,325,568,5253,0.0,0.0,0.0,0.0,0.0,0.0,0.0,0.0,0.0,0.0,0.0,0.0,0.0,0.0,0.0,0.0,0.0,0.0,0.0,0.0,0.0,0.0,0.0,0.0,0.0,0.0,0.0,0.0,0.0,0.0,0.0,0.0,0.0,0.0,0.0,0.0,0.0,0.0,0.0,0.0,0.0,0.0,0.0,0.0,0.0,0.0,0.0,0.0,0.0,0.0,0.0,0.0,0.0,0.0,0.0,0.0,0.0,0.0,0.0,0.0,0.0,0.0,0.0,0.0,0.0,0.0,0.0,0.0,0.0,0.0,0.0,0.0,0.0,0.0,0.0,0.0,0.0,0.0,0.0,0.0,0.0,0.0,0.0,0.0,0.0,0.0,0.0,0.0,0.0,0.0,0.0,0.0,0.0,0.0,0.0,0.0,0.0,0.0,0.0,0.0,0.0,0.0,0.0,0.0,0.0,0.0,0.0,0.0,0.0,0.0,0.0,0.0,0.0,0.0,0.0,0.0,0.0,0.0,0.0,0.0,0.0,0.0,0.0,0.0,0.0,0.0,0.0,0.0,0.0,0.0,0.0,0.0,0.0,0.0,0.0,0.0,0.0,0.0,0.0,0.0,0.0,0.0,0.0,0.0,0.0,0.0,0.0,0.0,0.0,0.0
ENCFF000XIN,0.037068316868572405,2535,18,246,4580,129,11976,355,16,23,17,36,189,393,556,1309,3098,253,33,314,336,10,54,7,1,0,51,63,237,4667,251,25,18,22,126,90,3,103,0,2,407,806,1,51,4,8,29,371,3083,2,56,60,78,40,21,450,13,24,16,10,36,89,27,1779,28,46,13,2,4585,3066,460,86,37,93,369,11,67,33,46,54,17,64,78,258,32,37,183,2,55,25,0,107,10,0,104,112,1843,12048,709,9,1949,2840,156,2404,118,45,414,127,135,4,281,602,583,7,346,2208,326,4018,97,460,346,646,206,6011,126,440,197,51,208,23,3,1964,898,76,2197,649,841,1925,18,297,218,57,219,3399,35,23,8,5,3,0,164,12,25,725,321,43,275,4481,441,34,79,59,56,170,303,260,418,2,5,1,48,1,130,35,213,243,3,2,33,56,57,1159,522,2860,175,2152,2544,1001,3555,888,1934,9,1758,2027,700,589,1441,1194,440,49,17,43,1,25,66,12,3,0,2,284,20,3523,1047,884,11,12971,2685,271,1861,2641,88,48,2937,1194,5016,699,2802,10,2846,1,15,54,4,12,43,13,210,163,1,45,56,46,60,18,156,83,50,9,348,212,138,177,73,18,43,40,33,13,23,43,86,355,77,32,127,153,133,1380,3816,53,147,221,92,57,30,34,59,52,8,457,21,56,364,35,97,21,244,56,47,43,70,13,23,30,156,146,55,66,54,192,103,53,56,68,288,0,3,26,27,52,20,1015,5,658,1,37,8,440,52,476,447,436,0,156,4,13,62,257,5063,47,140,143,72,6,154,14,8,27,832,413,191,110,1,15,7,1,3,38,144,195,37,290,31,29,170,5909,30,138,8562,30,408,57,292,86,196,18,15,266,55,48,44,30,25,11,253,61,43,59,38,68,76,1691,4,688,146,1,1848,453,1,20,438,47,2,437,50,89,34,205,72,2504,423,44,59,57,28,63,34,77,16,2,75,0,122,13,1,15,31,15,89,42,2923,376,1003,722,227,38,60,7,2484,14,1031,146,941,65,18,194,2,1962,416,632,2891,309,2219,16,9,21,51,23,71,43,87,491,52,1,17,84,0,4,294,298,1,16,9,1727,2863,2167,548,2435,378,16,5803,5992,855,2918,4601,5366,16,13,47,53,12,69,137,22,34,43,469,0.0,0.0,0.0,0.0,0.0,0.0,0.0,0.0,0.0,0.0,0.0,0.0,0.0,0.0,0.0,0.0,0.0,0.0,0.0,0.0,0.0,0.0,0.0,0.0,0.0,0.0,0.0,0.0,0.0,0.0,0.0,0.0,0.0,0.0,0.0,0.0,0.0,0.0,0.0,0.0,0.0,0.0,0.0,0.0,0.0,0.0,0.0,0.0,0.0,0.0,0.0,0.0,0.0,0.0,0.0,0.0,0.0,0.0,0.0,0.0,0.0,0.0,0.0,0.0,0.0,0.0,0.0,0.0,0.0,0.0,0.0,0.0,0.0,0.0,0.0,0.0,0.0,0.0,0.0,0.0,0.0,0.0,0.0,0.0,0.0,0.0,0.0,0.0,0.0,0.0,0.0,0.0,0.0,0.0,0.0,0.0,0.0,0.0,0.0,0.0,0.0,0.0,0.0,0.0,0.0,0.0,0.0,0.0,0.0,0.0,0.0,0.0,0.0,0.0,0.0,0.0,0.0,0.0,0.0,0.0,0.0,0.0,0.0,0.0,0.0,0.0,0.0,0.0,0.0,0.0,0.0,0.0,0.0,0.0,0.0,0.0,0.0,0.0,0.0,0.0,0.0,0.0,0.0,0.0,0.0,0.0,0.0,0.0,0.0,0.0
ENCFF002DZP,0.18877037518384923,50767,311,3729,48433,770,85256,6804,352,616,318,701,4033,5625,9368,30704,35645,4073,538,5471,6174,188,753,97,70,91,969,1903,3839,30435,3991,300,197,586,2142,1936,66,2096,17,47,8755,12491,86,736,108,75,622,6567,38197,228,594,1203,1724,551,355,6938,161,435,484,210,803,1931,374,17352,892,211,543,136,56017,60314,7703,1209,815,1661,5599,337,1390,621,968,1103,259,1156,1428,4132,531,675,4380,26,1016,584,23,1361,246,40,1920,1442,17550,200399,11860,115,31940,46134,3059,39619,1325,764,5914,1720,1988,40,3315,8487,8559,241,4665,35535,3118,42133,619,2574,2535,9860,1049,78758,1577,6578,3166,905,2911,608,210,33229,16028,1898,55119,9917,14395,32120,384,5253,3067,1354,4093,45555,300,449,153,110,35,36,2460,331,743,10994,5066,692,4020,54005,4721,595,1382,2357,2260,3381,5828,5126,5811,73,124,48,1288,49,2085,701,1037,391,65,8,655,906,1175,17052,7980,49139,2712,34997,35852,16538,47825,14908,31298,394,30341,36707,11815,10330,25363,20151,6579,1014,392,781,81,619,1099,173,95,37,36,4437,408,61464,13592,16870,434,210967,40610,3812,31396,29697,1155,588,44586,21077,66887,5187,45759,213,44425,49,355,965,269,347,1113,275,4342,2536,34,832,1100,721,1077,502,2849,1613,264,242,5572,3376,2325,2687,1472,410,746,879,439,423,327,545,1308,5919,1461,469,1989,2648,2618,15021,45126,1278,2649,3324,1564,1031,774,759,1093,719,145,8075,586,985,5625,458,1790,428,4665,1347,1188,705,1123,196,606,614,2812,2790,1027,1159,918,2686,1852,920,922,1165,4818,12,37,478,751,525,304,15817,132,10107,25,526,50,7092,786,7543,6880,8299,21,2881,154,229,1436,4121,89419,791,2230,2367,1096,108,3243,211,485,707,16414,6878,4317,1512,84,234,124,14,56,835,1917,2676,574,4080,614,572,2113,72213,476,2581,132217,655,6402,1166,5931,2209,2883,332,929,5415,983,1152,1285,395,442,295,9673,1420,1115,1282,621,1326,1499,28167,100,11562,2505,37,28061,6599,27,308,6189,798,73,7567,924,1236,314,3384,1355,19733,4081,829,933,1287,504,1453,1041,1307,718,17,1019,20,1926,142,74,205,580,383,834,924,42519,2354,12065,6554,1610,628,1033,217,38930,236,16603,2039,13212,1551,423,3112,58,34521,6392,10816,47915,2559,30927,282,141,438,1101,610,1275,986,1905,8063,1247,65,387,1185,21,43,4536,4601,33,440,185,26960,44894,33893,8334,40056,4532,315,98229,99679,14635,46778,73526,88394,371,212,917,821,228,1063,1357,308,502,788,7398,0.0,0.0,0.0,0.0,0.0,0.0,0.0,0.0,0.0,0.0,0.0,0.0,0.0,0.0,0.0,0.0,0.0,0.0,0.0,0.0,0.0,0.0,0.0,0.0,0.0,0.0,0.0,0.0,0.0,0.0,0.0,0.0,0.0,0.0,0.0,0.0,0.0,0.0,0.0,0.0,0.0,0.0,0.0,0.0,0.0,0.0,0.0,0.0,0.0,0.0,0.0,0.0,0.0,0.0,0.0,0.0,0.0,0.0,0.0,0.0,0.0,0.0,0.0,0.0,0.0,0.0,0.0,0.0,0.0,0.0,0.0,0.0,0.0,0.0,0.0,0.0,0.0,0.0,0.0,0.0,0.0,0.0,0.0,0.0,0.0,0.0,0.0,0.0,0.0,0.0,0.0,0.0,0.0,0.0,0.0,0.0,0.0,0.0,0.0,0.0,0.0,0.0,0.0,0.0,0.0,0.0,0.0,0.0,0.0,0.0,0.0,0.0,0.0,0.0,0.0,0.0,0.0,0.0,0.0,0.0,0.0,0.0,0.0,0.0,0.0,0.0,0.0,0.0,0.0,0.0,0.0,0.0,0.0,0.0,0.0,0.0,0.0,0.0,0.0,0.0,0.0,0.0,0.0,0.0,0.0,0.0,0.0,0.0,0.0,0.0
ENCFF946YUW,0.16833087448132672,88560,133,4111,40500,885,151092,6483,381,552,353,634,4692,4519,11805,22835,49572,4183,783,6020,6058,121,722,80,65,57,1071,5473,4694,37959,4193,282,145,610,2653,2389,72,2627,36,19,9539,12766,87,772,46,44,752,7908,26454,627,656,1586,2077,533,358,7228,204,404,391,143,974,2188,596,16878,477,318,1590,143,57587,53431,7922,1557,1020,2547,5700,367,1779,813,1121,1273,345,1514,1580,4001,713,927,5643,23,1317,905,21,1084,160,20,1309,1869,24746,200271,10718,136,29997,44333,3388,38952,1750,980,5825,1807,1643,17,2860,8108,7683,100,5821,36786,2962,56970,434,2114,2061,9595,1000,81351,1919,6380,2916,676,2600,419,63,31654,16246,3719,38126,11748,13252,31453,570,5843,4885,1623,4958,61327,384,805,219,129,21,41,2631,405,656,12190,4482,644,4423,44696,4793,504,1715,754,736,3402,4225,3868,5793,64,121,42,1467,36,2345,983,1314,513,68,16,809,845,1470,17523,8005,51359,2988,36431,39746,17785,34491,17333,35778,370,31608,38592,12411,10495,27472,20379,5715,1116,776,610,138,893,1457,141,47,15,34,4762,309,50844,15094,14474,261,199440,43558,5047,30169,31643,1215,619,45870,20312,70245,5529,42424,145,43021,29,389,895,56,441,1236,229,5673,3285,27,1089,1313,922,1390,620,3238,1879,359,263,7128,4180,2680,3463,1953,485,1069,1052,571,490,403,526,1856,6035,1523,569,2192,3359,3029,14724,77970,3868,3319,3796,1860,1219,838,957,1441,802,196,7824,711,1538,5992,528,2087,627,5604,1789,1406,990,1353,422,720,758,3722,3191,1187,1473,1208,2877,2156,1510,1171,1598,6141,38,53,587,1017,544,543,16979,115,10003,32,469,57,7842,950,8114,7380,9189,28,3641,127,158,1637,4685,112980,970,2460,2737,1336,330,3877,167,603,1109,19420,8124,5614,1642,20,188,71,21,52,1006,1138,2734,754,4414,819,733,3239,67541,669,3026,133282,732,7184,1440,8242,5949,3320,469,2478,8206,1175,1408,1539,542,623,390,29857,1720,1432,1508,599,1615,1778,28608,64,15058,2253,72,29555,7977,21,324,6868,783,42,9767,1155,1251,241,4376,1492,27261,4704,1067,1181,1563,697,1538,1288,1545,1169,30,911,54,2180,211,120,186,855,352,587,939,40434,2016,13940,6554,1592,702,782,101,37976,288,17334,2324,12699,1608,307,3472,46,32189,6400,11414,49058,5107,28216,345,274,598,1548,624,1449,1140,1997,8091,1394,31,613,1559,23,33,4139,4457,15,740,226,27982,47498,37374,8839,37695,4885,550,79206,103788,15767,48286,77953,89512,405,170,1074,976,264,1232,1330,316,418,816,8422,0.0,0.0,0.0,0.0,0.0,0.0,0.0,0.0,0.0,0.0,0.0,0.0,0.0,0.0,0.0,0.0,0.0,0.0,0.0,0.0,0.0,0.0,0.0,0.0,0.0,0.0,0.0,0.0,0.0,0.0,0.0,0.0,0.0,0.0,0.0,0.0,0.0,0.0,0.0,0.0,0.0,0.0,0.0,0.0,0.0,0.0,0.0,0.0,0.0,0.0,0.0,0.0,0.0,0.0,0.0,0.0,0.0,0.0,0.0,0.0,0.0,0.0,0.0,0.0,0.0,0.0,0.0,0.0,0.0,0.0,0.0,0.0,0.0,0.0,0.0,0.0,0.0,0.0,0.0,0.0,0.0,0.0,0.0,0.0,0.0,0.0,0.0,0.0,0.0,0.0,0.0,0.0,0.0,0.0,0.0,0.0,0.0,0.0,0.0,0.0,0.0,0.0,0.0,0.0,0.0,0.0,0.0,0.0,0.0,0.0,0.0,0.0,0.0,0.0,0.0,0.0,0.0,0.0,0.0,0.0,0.0,0.0,0.0,0.0,0.0,0.0,0.0,0.0,0.0,0.0,0.0,0.0,0.0,0.0,0.0,0.0,0.0,0.0,0.0,0.0,0.0,0.0,0.0,0.0,0.0,0.0,0.0,0.0,0.0,0.0
ENCFF000WSS,0.16935220842303034,43857,819,3302,31242,507,79315,6216,281,531,262,734,4118,3937,8775,18183,27514,3276,426,4811,5313,165,640,131,63,48,1360,2022,3282,16621,3290,200,165,591,2334,2131,69,2162,22,54,7518,9748,59,599,43,243,1230,5815,16832,186,527,1036,1622,390,283,5618,151,331,306,122,655,1859,381,9936,604,511,561,234,42159,41586,6323,1314,868,1262,6943,234,1549,542,866,1031,220,1035,1468,3363,433,546,3885,16,927,509,21,1055,143,29,943,1313,12012,151011,9533,130,25789,37183,2515,32221,1627,659,4715,1479,1677,21,2514,6767,6640,176,4365,28630,2235,23977,346,1418,1659,7999,599,33270,1556,5312,2582,675,2290,332,122,28903,12620,2117,20299,8009,15025,25141,274,4610,2640,1477,3218,35244,543,378,107,93,51,35,2044,205,865,9726,4318,612,3621,32401,3200,371,1428,1372,1220,2807,4047,3360,4844,79,107,49,1188,19,1779,591,1069,580,44,10,585,676,1375,13261,6338,38328,2220,26330,28526,13312,22371,12601,26743,283,24938,30244,9364,8474,21528,16609,6006,882,476,597,77,561,975,122,53,36,25,3474,270,31324,10555,12010,206,309066,33861,3232,25419,20924,921,577,37074,17345,51597,3528,38838,189,37729,39,316,882,390,296,1286,317,3693,1994,19,698,986,645,1003,423,3333,1698,255,366,4683,2908,1917,2472,1199,394,650,870,353,349,287,408,1165,4994,1262,375,1661,2714,2460,10727,28004,1428,2617,2838,1444,1076,873,759,1139,609,134,6983,446,819,4862,385,1753,446,3855,1167,1132,608,1052,178,489,483,2351,2577,893,1060,738,2226,1495,751,801,993,3758,17,34,409,668,416,222,12597,62,8234,12,431,45,5936,725,6341,5953,6838,27,2418,97,159,1407,3220,64667,578,1988,2452,998,110,3215,176,187,674,15266,5908,4621,1192,16,149,76,13,64,745,1091,2203,923,3614,505,498,1336,43080,463,2108,112603,734,5510,1165,5705,2340,2488,350,685,4449,899,1366,1535,379,424,249,8225,1634,1187,1497,532,1389,1699,22618,87,9715,2097,40,23594,5991,30,306,6085,821,50,6324,937,1096,255,3679,1241,17557,3395,702,817,1414,429,1121,1002,1109,733,23,853,34,1643,144,33,162,488,314,597,590,25247,1411,9023,4548,942,448,795,182,31651,238,14783,1812,10970,1220,296,2465,58,32306,5558,10844,43456,2663,16361,298,283,386,939,789,1502,857,1385,5500,1383,33,282,1080,13,34,3663,3512,22,408,165,22822,38071,27904,7016,31641,3694,837,61042,82828,12600,38732,61103,73057,294,168,788,761,214,991,1080,306,441,658,6155,0.0,0.0,0.0,0.0,0.0,0.0,0.0,0.0,0.0,0.0,0.0,0.0,0.0,0.0,0.0,0.0,0.0,0.0,0.0,0.0,0.0,0.0,0.0,0.0,0.0,0.0,0.0,0.0,0.0,0.0,0.0,0.0,0.0,0.0,0.0,0.0,0.0,0.0,0.0,0.0,0.0,0.0,0.0,0.0,0.0,0.0,0.0,0.0,0.0,0.0,0.0,0.0,0.0,0.0,0.0,0.0,0.0,0.0,0.0,0.0,0.0,0.0,0.0,0.0,0.0,0.0,0.0,0.0,0.0,0.0,0.0,0.0,0.0,0.0,0.0,0.0,0.0,0.0,0.0,0.0,0.0,0.0,0.0,0.0,0.0,0.0,0.0,0.0,0.0,0.0,0.0,0.0,0.0,0.0,0.0,0.0,0.0,0.0,0.0,0.0,0.0,0.0,0.0,0.0,0.0,0.0,0.0,0.0,0.0,0.0,0.0,0.0,0.0,0.0,0.0,0.0,0.0,0.0,0.0,0.0,0.0,0.0,0.0,0.0,0.0,0.0,0.0,0.0,0.0,0.0,0.0,0.0,0.0,0.0,0.0,0.0,0.0,0.0,0.0,0.0,0.0,0.0,0.0,0.0,0.0,0.0,0.0,0.0,0.0,0.0
ENCFF000BLJ,0.11352176908985762,13469,68,1825,14362,331,45846,2189,108,222,138,423,1244,1908,3564,6836,12685,1517,282,1917,3242,83,367,64,18,19,409,62,1413,14297,1749,129,70,208,842,648,11,747,14,10,3533,5702,48,361,14,6,287,2394,8449,4,244,352,554,276,278,5421,72,156,184,57,352,709,174,6262,300,195,26,59,21884,30394,4304,368,280,475,3468,117,444,229,309,312,95,402,424,2127,236,185,1483,6,303,236,5,657,63,7,2664,492,6545,98351,5160,75,16839,20727,966,24649,3650,256,2600,716,634,7,1434,3395,3208,20,1931,17994,1203,18434,291,1235,1006,4081,500,23121,516,2626,1209,403,1598,251,57,15194,10520,39,9924,3235,11267,15870,13,1822,987,482,1629,16085,197,90,56,49,26,20,1046,132,336,4497,2324,357,1705,14081,1412,242,382,318,353,1284,1715,1529,4099,35,82,16,366,10,700,309,1880,7467,12,1,208,384,364,15630,3299,27000,934,15987,21936,5845,13180,5695,13925,127,16099,17166,9064,4363,13586,8309,2492,382,14,306,34,218,322,102,58,5,29,1741,140,14655,5673,4140,45,102512,19504,1396,12891,10749,496,5162,16633,7223,27114,2170,20302,80,20073,24,163,768,171,121,356,145,1632,1191,22,270,373,265,355,189,956,552,664,148,2020,1420,927,1338,481,134,274,243,137,159,118,514,470,2115,540,168,2186,920,833,4669,9718,78,923,2846,555,318,217,212,367,211,256,3634,215,332,3696,142,734,181,1774,437,408,236,385,465,198,214,954,993,329,364,295,1287,640,259,293,318,1610,11,24,179,238,281,77,7814,32,4744,6,295,92,3477,558,3072,2927,2962,13,1241,40,227,467,2173,30683,310,955,1522,509,5,1044,88,124,354,10865,2706,1520,696,19,966,59,3,26,286,314,1120,164,1539,250,217,628,18684,170,911,74339,187,9109,409,2223,127,1057,113,25,1610,304,365,355,264,165,124,457,462,337,395,148,376,484,11736,43,4381,1090,8,13459,3286,8,114,2502,295,37,3174,334,989,164,1320,454,6809,1429,266,306,420,199,469,317,721,225,8,556,16,880,104,27,98,186,64,346,266,14591,1063,3863,2363,709,196,788,27,26719,23,6789,677,7717,663,152,1427,26,13779,8467,3940,21473,683,7461,97,43,205,325,164,379,265,767,2252,346,59,99,388,11,6,2265,2046,2,26,102,10704,15605,12863,2866,15411,2770,115,33317,41583,6968,16915,36294,38421,158,89,277,291,98,305,862,117,246,327,2726,0.0,0.0,0.0,0.0,0.0,0.0,0.0,0.0,0.0,0.0,0.0,0.0,0.0,0.0,0.0,0.0,0.0,0.0,0.0,0.0,0.0,0.0,0.0,0.0,0.0,0.0,0.0,0.0,0.0,0.0,0.0,0.0,0.0,0.0,0.0,0.0,0.0,0.0,0.0,0.0,0.0,0.0,0.0,0.0,0.0,0.0,0.0,0.0,0.0,0.0,0.0,0.0,0.0,0.0,0.0,0.0,0.0,0.0,0.0,0.0,0.0,0.0,0.0,0.0,0.0,0.0,0.0,0.0,0.0,0.0,0.0,0.0,0.0,0.0,0.0,0.0,0.0,0.0,0.0,0.0,0.0,0.0,0.0,0.0,0.0,0.0,0.0,0.0,0.0,0.0,0.0,0.0,0.0,0.0,0.0,0.0,0.0,0.0,0.0,0.0,0.0,0.0,0.0,0.0,0.0,0.0,0.0,0.0,0.0,0.0,0.0,0.0,0.0,0.0,0.0,0.0,0.0,0.0,0.0,0.0,0.0,0.0,0.0,0.0,0.0,0.0,0.0,0.0,0.0,0.0,0.0,0.0,0.0,0.0,0.0,0.0,0.0,0.0,0.0,0.0,0.0,0.0,0.0,0.0,0.0,0.0,0.0,0.0,0.0,0.0
ENCFF000XNY,0.0703842499223601,7314,34,314,4514,145,15353,630,53,62,26,68,304,588,845,1421,4357,398,62,590,531,26,75,13,6,17,62,426,316,3579,453,37,41,51,180,144,12,195,5,5,854,1405,5,84,7,15,79,597,3213,50,109,87,127,47,47,833,24,39,49,24,86,149,16,1431,23,85,140,10,4885,4620,846,92,62,172,748,30,115,63,77,97,21,96,128,437,58,50,331,0,81,49,2,181,34,7,152,125,1477,18798,1162,8,3202,4496,242,3847,124,76,611,193,230,3,338,927,935,24,560,3555,419,4712,106,421,298,986,188,6190,152,710,334,115,366,46,16,3527,1405,231,2466,908,1503,3209,72,454,365,123,439,2934,82,68,10,17,2,5,235,38,71,1070,538,74,418,4275,393,59,117,202,155,291,466,410,679,14,23,11,95,4,203,55,229,244,9,0,53,94,101,1701,828,4854,243,3258,3925,1401,3183,1418,2719,23,2842,3265,1044,1028,2524,2005,700,94,80,82,7,57,86,23,14,2,7,376,42,3421,1265,1617,41,25203,3660,424,2838,2546,119,71,4234,2004,5681,768,4774,13,5020,7,28,99,35,22,84,30,308,265,4,65,99,68,91,47,225,138,26,20,456,330,192,313,116,23,47,52,51,49,30,58,114,506,115,51,185,269,191,1316,2626,234,214,373,158,69,58,57,92,56,17,878,48,72,593,32,164,52,353,114,110,58,85,20,48,38,264,238,86,88,61,283,126,67,87,94,340,2,7,39,42,75,32,1633,20,1214,4,63,13,760,100,808,774,710,3,277,15,25,111,440,6270,83,262,243,104,23,257,16,32,74,1420,658,350,185,12,68,17,0,14,65,236,344,74,408,57,64,159,6207,50,197,13542,50,702,101,559,390,267,32,176,756,93,88,81,58,45,34,1745,119,97,80,44,125,123,2802,16,1047,282,2,3119,706,4,36,611,90,9,699,86,221,29,331,104,2506,334,106,91,96,36,117,61,123,12,0,88,2,203,19,9,24,85,65,103,65,2749,348,955,790,212,77,101,18,4368,40,1649,248,1447,173,38,347,0,3151,612,1049,4434,198,1890,26,22,45,113,63,130,62,177,700,77,6,66,136,4,8,491,508,1,59,18,2723,3928,2936,689,3859,490,35,7169,9189,1219,4079,6925,8640,34,29,76,94,26,101,208,31,87,72,739,0.0,0.0,0.0,0.0,0.0,0.0,0.0,0.0,0.0,0.0,0.0,0.0,0.0,0.0,0.0,0.0,0.0,0.0,0.0,0.0,0.0,0.0,0.0,0.0,0.0,0.0,0.0,0.0,0.0,0.0,0.0,0.0,0.0,0.0,0.0,0.0,0.0,0.0,0.0,0.0,0.0,0.0,0.0,0.0,0.0,0.0,0.0,0.0,0.0,0.0,0.0,0.0,0.0,0.0,0.0,0.0,0.0,0.0,0.0,0.0,0.0,0.0,0.0,0.0,0.0,0.0,0.0,0.0,0.0,0.0,0.0,0.0,0.0,0.0,0.0,0.0,0.0,0.0,0.0,0.0,0.0,0.0,0.0,0.0,0.0,0.0,0.0,0.0,0.0,0.0,0.0,0.0,0.0,0.0,0.0,0.0,0.0,0.0,0.0,0.0,0.0,0.0,0.0,0.0,0.0,0.0,0.0,0.0,0.0,0.0,0.0,0.0,0.0,0.0,0.0,0.0,0.0,0.0,0.0,0.0,0.0,0.0,0.0,0.0,0.0,0.0,0.0,0.0,0.0,0.0,0.0,0.0,0.0,0.0,0.0,0.0,0.0,0.0,0.0,0.0,0.0,0.0,0.0,0.0,0.0,0.0,0.0,0.0,0.0,0.0
ENCFF028WBW,0.1281489593532557,80107,78,2056,29306,335,83578,9441,461,440,283,639,4189,2112,3875,12009,17650,1768,1202,3496,4236,125,651,65,148,133,1361,4767,3539,16050,3630,145,59,475,2465,2386,19,2706,62,9,6417,8966,176,330,110,14,647,6657,17048,345,1054,1720,1807,186,342,5122,80,400,240,317,1346,2378,224,5556,126,226,1362,267,26086,37643,4523,1479,902,2295,5319,77,1760,836,897,1058,328,1604,1643,2441,555,896,4476,49,1060,1005,25,1046,568,53,1952,631,5497,124799,6868,236,19684,31883,3512,27281,1734,917,3714,1434,1849,36,3213,6390,7803,426,4490,27669,1080,28417,128,563,725,5527,257,44256,1341,4730,1996,450,1970,118,87,25685,4210,1941,9738,4248,10826,24220,139,4629,3203,1427,3244,39778,361,347,68,112,85,29,1732,414,762,8601,3360,359,3218,27631,1731,315,1878,2730,2113,2440,4193,5181,5667,63,153,51,1310,76,1574,764,634,215,9,13,531,389,1573,9722,5146,33451,2537,16279,25485,9591,18310,12596,22821,176,20945,27069,7943,7975,21177,14399,3548,903,348,255,25,924,1495,152,87,32,40,3435,238,31600,6417,6520,436,116312,25155,3139,16879,9789,1132,519,24620,11076,30139,1716,33724,88,33865,125,226,802,86,455,1136,210,4560,2025,59,953,890,856,1317,725,3198,1576,156,196,5313,3751,1830,2739,2117,412,1220,1085,619,389,324,287,1308,3657,753,527,1309,3186,2161,6294,21234,4087,2853,3047,1449,1098,831,888,1095,672,63,7360,806,2162,4947,463,1816,760,4106,2237,1444,1231,1271,189,585,551,3290,2334,1248,999,987,2404,2043,1310,847,1428,3260,32,25,518,1084,688,349,11265,284,7652,22,183,68,5151,645,6482,5543,6320,81,2351,360,105,1127,2775,51146,623,1704,2697,1014,46,2504,95,1153,1334,18103,4720,6145,1457,116,336,273,36,216,832,858,1833,993,4023,802,607,1383,47880,260,2107,95674,477,5677,1233,7530,5412,2278,405,594,4440,1013,1477,1484,429,373,120,47272,2077,1353,1380,406,1362,1631,22029,184,14296,1243,91,25284,6718,39,419,4855,977,200,7458,1033,886,284,4274,1297,23296,1297,725,1038,1399,892,914,1278,1219,665,44,1114,74,2170,242,290,117,280,363,182,546,18907,731,5566,2547,518,653,961,339,27642,289,9647,1349,8678,1771,64,2384,15,29550,5165,8635,34605,1183,10651,111,311,577,1383,787,1295,1029,1353,3888,1174,12,125,1267,27,63,2692,2802,25,253,144,21956,25090,20325,5229,24934,3977,487,44719,64194,9090,25228,49688,61456,171,50,908,824,408,1147,674,598,266,683,5701,0.0,0.0,0.0,0.0,0.0,0.0,0.0,0.0,0.0,0.0,0.0,0.0,0.0,0.0,0.0,0.0,0.0,0.0,0.0,0.0,0.0,0.0,0.0,0.0,0.0,0.0,0.0,0.0,0.0,0.0,0.0,0.0,0.0,0.0,0.0,0.0,0.0,0.0,0.0,0.0,0.0,0.0,0.0,0.0,0.0,0.0,0.0,0.0,0.0,0.0,0.0,0.0,0.0,0.0,0.0,0.0,0.0,0.0,0.0,0.0,0.0,0.0,0.0,0.0,0.0,0.0,0.0,0.0,0.0,0.0,0.0,0.0,0.0,0.0,0.0,0.0,0.0,0.0,0.0,0.0,0.0,0.0,0.0,0.0,0.0,0.0,0.0,0.0,0.0,0.0,0.0,0.0,0.0,0.0,0.0,0.0,0.0,0.0,0.0,0.0,0.0,0.0,0.0,0.0,0.0,0.0,0.0,0.0,0.0,0.0,0.0,0.0,0.0,0.0,0.0,0.0,0.0,0.0,0.0,0.0,0.0,0.0,0.0,0.0,0.0,0.0,0.0,0.0,0.0,0.0,0.0,0.0,0.0,0.0,0.0,0.0,0.0,0.0,0.0,0.0,0.0,0.0,0.0,0.0,0.0,0.0,0.0,0.0,0.0,0.0
ENCFF812DUE,0.14931955828173338,7217,42,451,11481,87,23422,1638,73,61,44,104,730,342,1429,4182,5068,403,146,1230,895,22,127,11,18,28,298,254,891,6771,650,32,10,86,593,508,6,566,10,0,1479,1865,21,78,8,17,173,1459,6950,33,139,349,418,65,38,855,18,55,52,49,158,395,239,3772,141,97,65,10,10846,8572,926,361,187,412,786,53,378,184,212,265,65,318,354,592,124,189,956,7,254,213,2,193,43,18,371,271,7038,29514,1611,29,4482,6849,690,5818,362,202,711,244,314,7,552,1222,1255,49,966,5591,407,8574,40,237,265,1303,78,13529,354,1016,422,76,345,59,16,4569,1421,104,7327,1548,1648,4422,16,1008,1174,368,629,11623,144,47,22,6,4,9,398,71,79,1777,640,58,943,11241,802,51,376,231,175,507,763,759,937,5,17,13,326,4,432,176,267,127,3,5,159,109,331,2120,1056,7216,602,4831,6580,2857,7242,3057,5699,60,4688,5762,1643,1596,4763,3294,1180,230,31,207,10,197,317,28,5,8,26,753,18,10792,2381,1782,92,42866,8143,869,5062,6456,211,106,7771,4113,13737,505,7056,27,6329,7,59,121,11,85,261,48,1073,478,11,227,191,193,323,132,688,390,18,29,1187,762,417,567,471,100,268,252,114,76,65,43,371,1094,270,101,307,650,576,3188,20540,212,580,535,329,245,173,174,225,167,12,1726,148,402,987,73,376,135,816,397,298,221,291,29,146,136,681,561,238,251,219,509,430,300,210,310,906,4,8,109,218,88,81,2289,35,1494,3,41,16,1157,134,1345,1190,1756,7,556,14,14,483,594,21041,92,363,522,189,12,665,22,66,291,3803,1679,792,267,9,23,15,1,4,183,327,398,162,671,189,143,441,15864,61,456,19332,146,1165,290,1758,354,613,103,57,622,243,323,354,128,119,35,1540,405,270,335,101,356,346,4800,7,2930,279,11,4701,1290,9,70,1059,212,8,1661,230,154,16,925,291,6924,818,85,204,342,177,246,263,209,174,2,167,8,452,23,7,15,39,123,53,192,6336,212,2397,1074,179,140,128,51,4622,15,2342,304,1800,242,25,421,2,6553,1187,2068,8025,1008,5016,39,50,114,260,156,262,232,281,1509,275,7,31,345,12,11,561,604,3,25,22,4573,7608,6122,1530,5741,763,261,13388,15978,2708,7434,12442,13829,52,16,192,179,66,257,125,76,46,125,1252,0.0,0.0,0.0,0.0,0.0,0.0,0.0,0.0,0.0,0.0,0.0,0.0,0.0,0.0,0.0,0.0,0.0,0.0,0.0,0.0,0.0,0.0,0.0,0.0,0.0,0.0,0.0,0.0,0.0,0.0,0.0,0.0,0.0,0.0,0.0,0.0,0.0,0.0,0.0,0.0,0.0,0.0,0.0,0.0,0.0,0.0,0.0,0.0,0.0,0.0,0.0,0.0,0.0,0.0,0.0,0.0,0.0,0.0,0.0,0.0,0.0,0.0,0.0,0.0,0.0,0.0,0.0,0.0,0.0,0.0,0.0,0.0,0.0,0.0,0.0,0.0,0.0,0.0,0.0,0.0,0.0,0.0,0.0,0.0,0.0,0.0,0.0,0.0,0.0,0.0,0.0,0.0,0.0,0.0,0.0,0.0,0.0,0.0,0.0,0.0,0.0,0.0,0.0,0.0,0.0,0.0,0.0,0.0,0.0,0.0,0.0,0.0,0.0,0.0,0.0,0.0,0.0,0.0,0.0,0.0,0.0,0.0,0.0,0.0,0.0,0.0,0.0,0.0,0.0,0.0,0.0,0.0,0.0,0.0,0.0,0.0,0.0,0.0,0.0,0.0,0.0,0.0,0.0,0.0,0.0,0.0,0.0,0.0,0.0,0.0
ENCFF000QIS,0.14589754749298497,147321,141,5057,29092,380,73815,18099,408,594,928,3793,5442,2154,4800,17273,15366,3448,617,7291,11890,351,1400,218,146,145,2470,7864,4157,19758,7659,421,514,659,2411,2227,203,2707,34,95,17780,17899,71,1081,25,42,1207,8170,13849,979,769,1342,1804,798,611,13438,242,623,1302,367,1312,2752,94,2739,354,434,2257,375,44372,71715,12881,1348,849,3039,15479,462,1550,685,944,1138,247,1165,1575,6042,530,698,4763,23,1090,708,37,2050,240,45,1620,1165,6113,266564,17732,220,48085,62231,3421,54262,1613,831,8690,2626,2715,44,5001,14440,14738,279,9897,58169,1896,24473,263,1071,1614,14127,470,22671,1647,13019,5753,1206,4684,636,306,53867,6933,8130,10609,5198,38342,48084,1474,6961,1768,1542,7498,23019,606,1297,129,168,43,46,3763,421,1595,22599,7948,1256,7377,29830,3053,774,1519,1375,1084,4285,9998,10693,12768,132,197,82,1248,44,2277,758,1961,867,197,10,1014,1285,1340,24643,11616,77526,3141,36369,46316,21798,28940,19119,39734,331,45747,52748,23047,15247,42855,31864,9025,1219,1909,958,97,589,1116,343,151,43,305,10820,247,29525,14781,5553,299,238453,52890,5526,40876,9330,1963,2914,52861,25438,55354,2993,84656,305,87635,172,646,3877,692,377,1277,1296,5695,3714,86,850,1135,761,1143,596,3382,1937,936,549,7043,4503,3292,6464,1377,358,894,957,440,475,371,939,1377,7565,1604,479,2707,3251,2729,8067,14584,5179,3440,6952,1719,1039,821,774,1230,616,269,15742,633,1069,8386,459,2275,559,6058,1283,1289,677,1185,479,651,957,3157,3092,993,1141,1007,4341,2081,946,1016,1104,5313,62,84,534,808,1392,579,27792,387,19314,70,834,286,10449,1424,14733,12771,14966,38,4258,244,336,2319,7462,61985,1508,6230,3309,1870,426,3698,260,312,1206,24147,9305,6887,2405,218,745,203,14,128,845,2313,4384,773,6191,647,670,1029,34259,889,2693,203164,622,9304,1242,6941,8501,3556,398,3154,12716,977,1367,1520,540,554,520,42315,1678,1215,1451,1085,1505,1711,40634,145,15606,3703,61,57087,11661,75,473,13397,2929,177,9655,1092,3190,590,4316,1383,13799,2692,1763,962,1561,573,1602,1075,3154,1117,69,1821,91,3382,230,194,397,1556,459,442,651,31085,1235,9051,4766,893,626,1779,568,68012,744,26491,3406,22523,2438,562,5040,128,52964,9276,19361,75960,2464,12927,467,480,439,1615,572,1511,884,2008,12037,1429,56,701,1365,55,57,7082,7104,19,1465,386,38727,59724,41584,10011,55791,6235,444,82713,129816,17912,58256,99129,122358,298,303,974,885,329,1010,2469,635,842,1142,13043,0.0,0.0,0.0,0.0,0.0,0.0,0.0,0.0,0.0,0.0,0.0,0.0,0.0,0.0,0.0,0.0,0.0,0.0,0.0,0.0,0.0,0.0,0.0,0.0,0.0,0.0,0.0,0.0,0.0,0.0,0.0,0.0,0.0,0.0,0.0,0.0,0.0,0.0,0.0,0.0,0.0,0.0,0.0,0.0,0.0,0.0,0.0,0.0,0.0,0.0,0.0,0.0,0.0,0.0,0.0,0.0,0.0,0.0,0.0,0.0,0.0,0.0,0.0,0.0,0.0,0.0,0.0,0.0,0.0,0.0,0.0,0.0,0.0,0.0,0.0,0.0,0.0,0.0,0.0,0.0,0.0,0.0,0.0,0.0,0.0,0.0,0.0,0.0,0.0,0.0,0.0,0.0,0.0,0.0,0.0,0.0,0.0,0.0,0.0,0.0,0.0,0.0,0.0,0.0,0.0,0.0,0.0,0.0,0.0,0.0,0.0,0.0,0.0,0.0,0.0,0.0,0.0,0.0,0.0,0.0,0.0,0.0,0.0,0.0,0.0,0.0,0.0,0.0,0.0,0.0,0.0,0.0,0.0,0.0,0.0,0.0,0.0,0.0,0.0,0.0,0.0,0.0,0.0,0.0,0.0,0.0,0.0,0.0,0.0,0.0
ENCFF751ZBO,0.1564390235996342,60248,342,4991,68215,894,242410,12130,556,600,348,614,5652,4727,12405,38805,87258,3346,871,9164,6422,169,904,58,135,82,1905,2976,5835,69689,5013,254,113,840,4129,3574,40,4015,26,14,11255,14115,97,626,122,82,1175,10573,44375,277,975,2875,2903,481,266,7100,130,421,357,192,1016,2604,1034,32641,585,819,862,68,81396,64580,7072,2522,1457,3289,6497,339,2844,1308,1566,1850,498,2232,2443,4324,886,1574,7399,33,1710,1424,37,1437,358,81,2467,1982,36712,230807,12119,172,32496,50466,4838,42723,2580,1416,5696,1888,2055,37,4062,8786,9449,328,6600,40321,3910,60869,383,1871,2178,10140,816,93888,2644,7594,2978,549,2906,250,113,35555,15614,1380,51686,13941,14282,32971,130,7320,10314,2583,5014,86808,544,397,201,150,66,52,2721,498,300,12337,4863,488,5739,69844,5734,497,2645,1612,2268,3914,4590,4672,6949,48,150,52,2197,30,2877,1271,1211,27159,18,24,957,749,2309,16218,7916,53154,4361,44703,46317,20820,56744,22167,42167,894,36073,44911,12694,11190,34019,23907,7754,1517,311,1216,51,1386,2232,125,31,37,109,5417,350,85226,17777,26566,515,286895,58963,6055,36024,57170,1317,617,54581,28108,100794,5904,48085,106,46692,16,459,990,91,647,1870,387,7082,3806,45,1482,1481,1261,1996,982,5075,2822,231,280,8665,5328,3046,3836,3231,752,1628,1610,941,632,504,439,2504,7117,1833,804,2311,4740,3928,23438,76210,2164,4761,3966,2295,1766,1383,1316,1854,1161,110,10784,1133,2678,7172,651,2925,1134,6311,2778,2182,1490,1983,355,1042,889,4951,4118,1690,1815,1612,3592,3170,2473,1454,2347,7015,47,50,913,1590,722,679,18395,324,11607,28,367,86,9045,962,9836,8952,12192,36,4267,84,121,3359,4420,176419,751,2656,3966,1567,97,4564,113,496,1816,28117,12414,4485,1909,21,141,117,19,65,1311,1732,3134,1418,4841,1327,1002,6076,134669,488,3613,139868,892,8272,1991,12679,3270,4532,572,667,5396,1699,2175,2272,762,676,317,16967,2800,2096,2267,758,2441,2691,34385,27,21073,2036,42,33663,9929,62,473,7034,1288,40,11828,1528,1351,150,6524,2103,27791,5151,875,1511,2078,1059,1838,1820,1426,1743,27,1039,39,3377,335,35,91,372,1371,728,1498,61692,2181,15761,7774,1391,960,996,387,37321,166,19266,2356,12866,1753,170,3471,20,44963,8684,14279,58791,3570,37960,347,576,842,1989,987,2013,1623,2169,15848,1954,23,331,2206,43,41,3826,4285,32,290,153,33885,52828,42874,11251,43207,5957,936,99891,119034,19168,52808,92062,103560,703,157,1420,1371,464,1801,1120,366,221,1004,9202,0.0,0.0,0.0,0.0,0.0,0.0,0.0,0.0,0.0,0.0,0.0,0.0,0.0,0.0,0.0,0.0,0.0,0.0,0.0,0.0,0.0,0.0,0.0,0.0,0.0,0.0,0.0,0.0,0.0,0.0,0.0,0.0,0.0,0.0,0.0,0.0,0.0,0.0,0.0,0.0,0.0,0.0,0.0,0.0,0.0,0.0,0.0,0.0,0.0,0.0,0.0,0.0,0.0,0.0,0.0,0.0,0.0,0.0,0.0,0.0,0.0,0.0,0.0,0.0,0.0,0.0,0.0,0.0,0.0,0.0,0.0,0.0,0.0,0.0,0.0,0.0,0.0,0.0,0.0,0.0,0.0,0.0,0.0,0.0,0.0,0.0,0.0,0.0,0.0,0.0,0.0,0.0,0.0,0.0,0.0,0.0,0.0,0.0,0.0,0.0,0.0,0.0,0.0,0.0,0.0,0.0,0.0,0.0,0.0,0.0,0.0,0.0,0.0,0.0,0.0,0.0,0.0,0.0,0.0,0.0,0.0,0.0,0.0,0.0,0.0,0.0,0.0,0.0,0.0,0.0,0.0,0.0,0.0,0.0,0.0,0.0,0.0,0.0,0.0,0.0,0.0,0.0,0.0,0.0,0.0,0.0,0.0,0.0,0.0,0.0
ENCFF000VQA,0.08909211813757685,3505,6,221,2148,31,3792,455,30,33,22,44,187,321,464,1128,1678,264,25,323,373,32,77,10,21,5,54,149,216,1346,300,22,13,24,133,87,5,117,3,1,577,979,3,55,5,3,39,408,1621,20,48,59,93,45,42,737,11,28,39,21,77,92,16,536,46,23,54,2,2924,3860,653,64,54,70,539,28,74,35,48,53,14,70,70,335,46,28,200,3,47,37,0,145,13,0,130,77,623,13548,868,5,2434,3306,175,2983,139,40,414,147,131,3,269,715,754,27,336,2979,194,1899,24,141,131,636,57,2720,86,503,235,91,300,61,15,2671,893,97,2146,545,1384,2637,24,312,177,75,288,1931,18,28,4,18,3,2,199,23,47,684,407,59,293,2231,246,90,54,178,185,231,438,337,628,2,14,8,52,3,133,55,204,324,11,1,49,61,51,1294,653,3651,182,2140,2480,1016,2251,939,1913,20,2190,2479,950,815,1868,1562,493,61,30,49,7,34,45,21,6,5,3,328,33,2537,774,870,29,11685,2494,265,2189,1156,90,45,2850,1171,3327,271,3611,10,3718,7,19,55,21,16,52,21,207,183,1,43,37,38,66,28,186,106,24,15,349,212,144,233,79,19,43,40,25,29,15,46,84,331,69,30,141,147,98,776,1519,96,170,267,96,45,36,33,57,26,12,666,39,51,443,21,106,29,252,77,75,38,53,9,24,45,144,138,61,57,48,231,105,45,51,59,215,1,2,35,39,49,9,1239,13,817,4,43,17,493,83,538,502,515,2,194,8,21,91,290,4020,59,176,182,85,9,154,11,21,55,962,355,192,148,7,26,5,0,5,34,109,227,35,303,37,32,96,3199,31,132,9750,26,475,67,346,148,148,24,49,389,50,53,55,37,25,14,653,68,52,57,33,86,83,2075,6,757,176,6,2326,527,1,28,374,80,7,463,62,111,22,210,80,726,177,55,45,61,16,81,44,117,40,3,74,2,118,12,5,15,46,34,64,47,1699,136,608,324,85,33,69,17,3354,12,1141,128,1122,107,19,249,0,2245,438,716,3121,111,1142,14,15,28,65,35,60,37,95,463,56,2,22,70,4,6,398,389,0,32,15,2015,2680,2085,461,2917,343,26,5398,6425,859,2871,4702,6320,29,21,54,44,21,58,120,21,53,42,511,0.0,0.0,0.0,0.0,0.0,0.0,0.0,0.0,0.0,0.0,0.0,0.0,0.0,0.0,0.0,0.0,0.0,0.0,0.0,0.0,0.0,0.0,0.0,0.0,0.0,0.0,0.0,0.0,0.0,0.0,0.0,0.0,0.0,0.0,0.0,0.0,0.0,0.0,0.0,0.0,0.0,0.0,0.0,0.0,0.0,0.0,0.0,0.0,0.0,0.0,0.0,0.0,0.0,0.0,0.0,0.0,0.0,0.0,0.0,0.0,0.0,0.0,0.0,0.0,0.0,0.0,0.0,0.0,0.0,0.0,0.0,0.0,0.0,0.0,0.0,0.0,0.0,0.0,0.0,0.0,0.0,0.0,0.0,0.0,0.0,0.0,0.0,0.0,0.0,0.0,0.0,0.0,0.0,0.0,0.0,0.0,0.0,0.0,0.0,0.0,0.0,0.0,0.0,0.0,0.0,0.0,0.0,0.0,0.0,0.0,0.0,0.0,0.0,0.0,0.0,0.0,0.0,0.0,0.0,0.0,0.0,0.0,0.0,0.0,0.0,0.0,0.0,0.0,0.0,0.0,0.0,0.0,0.0,0.0,0.0,0.0,0.0,0.0,0.0,0.0,0.0,0.0,0.0,0.0,0.0,0.0,0.0,0.0,0.0,0.0
ENCFF511LFT,0.1969645909797875,82590,104,2967,21391,281,84628,11889,312,477,589,1083,2875,1533,3436,10488,12679,3255,1119,4409,8062,316,1435,131,143,99,1763,3322,3730,15784,7339,498,187,657,1890,1754,45,3169,34,16,11695,19448,69,968,17,49,1106,7791,9117,465,1242,959,1235,841,631,12565,306,717,946,251,1681,1694,71,2366,197,293,851,93,36991,61116,13787,1125,609,2044,10431,599,1383,517,730,905,186,899,1379,5895,440,500,3549,25,783,493,27,2014,190,45,1529,737,4605,246263,16890,143,46044,60332,2859,51915,1413,546,9264,2436,2437,48,4902,13005,13615,337,6245,57736,1293,23787,129,671,1001,11942,307,22359,1149,10443,4576,1040,4783,659,165,54518,4774,4163,8972,3896,23672,53540,464,5036,2860,1256,5978,17352,558,681,74,181,31,62,4489,632,699,15730,7993,1180,5950,20873,1798,853,1332,1545,1250,4015,6736,6559,10392,115,207,100,979,55,1461,499,1737,335,56,4,519,1235,1146,23843,12031,69699,2742,31227,45978,18001,21355,17252,31366,532,41090,47674,18965,15543,36684,30651,7342,1041,633,739,58,493,859,307,95,48,185,6443,174,22706,10488,3111,322,212856,47516,5033,38956,6838,2195,938,47159,21041,42604,2075,80814,252,87537,64,577,1327,116,251,958,728,4671,4932,55,548,841,511,888,414,2850,1636,324,403,7453,4459,3027,5429,1193,236,640,723,346,309,245,695,1015,5195,951,308,2318,2872,2261,5569,7857,2209,2877,6211,1559,853,664,575,801,363,125,13293,519,953,8437,395,2418,442,5093,863,987,459,916,325,407,658,2433,2033,696,861,706,3820,1826,885,673,939,4018,67,105,372,620,1098,585,29578,521,17228,68,700,122,11385,1777,13765,10939,10823,29,4998,215,229,2198,8141,42515,1488,4213,2595,1806,152,2697,444,477,1814,20130,5965,4154,2819,172,443,183,16,97,578,2190,4339,817,5058,498,562,1134,25382,496,1984,195272,461,10459,878,6729,4217,2689,344,1262,7722,734,1182,1236,325,400,544,21921,1461,1003,1207,587,1223,1418,40135,90,15391,3072,53,47743,12736,57,561,9365,1868,160,8507,646,2802,411,4167,1204,9776,1481,1085,661,1232,496,1351,866,2794,933,44,1361,68,2776,189,47,497,795,390,284,547,24250,751,5716,3465,587,792,1517,610,68788,155,25430,2024,22146,2946,433,5472,25,45864,8230,15357,62646,1535,9251,235,503,378,974,425,1143,650,1235,8943,1112,13,487,1005,78,36,7702,8237,14,613,251,43083,46029,31596,8369,53429,6566,606,74530,117259,13641,45884,89407,115637,243,186,632,592,235,728,1949,640,712,1115,9825,0.0,0.0,0.0,0.0,0.0,0.0,0.0,0.0,0.0,0.0,0.0,0.0,0.0,0.0,0.0,0.0,0.0,0.0,0.0,0.0,0.0,0.0,0.0,0.0,0.0,0.0,0.0,0.0,0.0,0.0,0.0,0.0,0.0,0.0,0.0,0.0,0.0,0.0,0.0,0.0,0.0,0.0,0.0,0.0,0.0,0.0,0.0,0.0,0.0,0.0,0.0,0.0,0.0,0.0,0.0,0.0,0.0,0.0,0.0,0.0,0.0,0.0,0.0,0.0,0.0,0.0,0.0,0.0,0.0,0.0,0.0,0.0,0.0,0.0,0.0,0.0,0.0,0.0,0.0,0.0,0.0,0.0,0.0,0.0,0.0,0.0,0.0,0.0,0.0,0.0,0.0,0.0,0.0,0.0,0.0,0.0,0.0,0.0,0.0,0.0,0.0,0.0,0.0,0.0,0.0,0.0,0.0,0.0,0.0,0.0,0.0,0.0,0.0,0.0,0.0,0.0,0.0,0.0,0.0,0.0,0.0,0.0,0.0,0.0,0.0,0.0,0.0,0.0,0.0,0.0,0.0,0.0,0.0,0.0,0.0,0.0,0.0,0.0,0.0,0.0,0.0,0.0,0.0,0.0,0.0,0.0,0.0,0.0,0.0,0.0
ENCFF000CQO,0.10083461454455317,8323,45,910,12034,251,27862,1031,38,135,70,145,729,1920,2945,4982,10220,1002,89,1004,897,45,134,20,8,20,139,327,809,10508,635,47,45,120,478,430,15,434,10,8,1570,2150,17,174,14,4,120,1293,4548,39,119,259,288,102,60,1133,41,66,73,33,141,328,150,5086,64,89,106,19,13396,9836,1176,248,189,268,891,29,308,128,202,223,66,251,242,718,184,123,848,5,204,125,5,322,50,6,286,351,6549,33124,1695,19,5040,7175,608,6413,315,155,975,276,297,9,408,1270,1185,46,1032,5777,1052,8018,262,1134,788,1844,490,12797,397,1211,442,140,617,75,26,4793,4237,208,7144,2640,1895,4849,60,1049,735,253,717,13643,98,66,32,21,8,9,392,78,122,1819,812,128,903,12026,1106,77,234,225,250,612,728,703,937,7,41,8,229,4,446,142,923,352,16,2,150,123,212,2877,1280,8654,534,7267,6882,3053,8644,2748,6154,61,5128,6164,2007,1594,4381,3411,1286,172,64,184,17,117,167,42,15,6,23,782,135,8667,3103,4492,22,35352,7674,684,5604,8917,215,111,8966,3842,15386,1954,7125,32,6993,11,54,182,109,64,178,50,693,445,3,154,199,160,200,94,612,332,30,47,901,605,402,455,301,68,179,157,84,72,86,84,387,1086,293,111,439,502,507,3795,7476,218,527,520,288,198,139,132,220,150,23,1411,113,211,865,77,359,119,811,255,227,137,208,38,134,100,610,649,214,255,167,540,311,157,178,255,843,4,9,111,140,90,59,2578,21,1755,10,127,19,1220,124,1146,1368,1475,8,459,30,43,381,709,20434,105,396,433,213,15,582,23,184,98,3005,1299,622,277,25,37,34,5,19,142,227,466,136,655,131,137,454,17069,116,545,22371,104,1074,209,1156,343,538,89,155,942,201,221,216,191,104,49,1308,235,181,232,58,289,274,4982,36,1998,525,8,4849,1334,7,54,1172,81,12,1408,183,224,57,675,294,5519,1024,113,197,245,101,270,159,232,149,8,242,7,295,31,13,32,113,60,280,163,10187,966,2881,1909,540,154,182,44,6301,49,2572,399,2451,239,60,524,7,5913,1110,1848,8109,667,5352,57,46,119,219,93,238,123,316,1314,170,11,78,250,2,5,772,698,2,91,42,4188,7524,6445,1427,6082,717,46,17389,16934,2908,8152,12516,14433,67,38,169,213,49,215,246,68,78,90,1364,0.0,0.0,0.0,0.0,0.0,0.0,0.0,0.0,0.0,0.0,0.0,0.0,0.0,0.0,0.0,0.0,0.0,0.0,0.0,0.0,0.0,0.0,0.0,0.0,0.0,0.0,0.0,0.0,0.0,0.0,0.0,0.0,0.0,0.0,0.0,0.0,0.0,0.0,0.0,0.0,0.0,0.0,0.0,0.0,0.0,0.0,0.0,0.0,0.0,0.0,0.0,0.0,0.0,0.0,0.0,0.0,0.0,0.0,0.0,0.0,0.0,0.0,0.0,0.0,0.0,0.0,0.0,0.0,0.0,0.0,0.0,0.0,0.0,0.0,0.0,0.0,0.0,0.0,0.0,0.0,0.0,0.0,0.0,0.0,0.0,0.0,0.0,0.0,0.0,0.0,0.0,0.0,0.0,0.0,0.0,0.0,0.0,0.0,0.0,0.0,0.0,0.0,0.0,0.0,0.0,0.0,0.0,0.0,0.0,0.0,0.0,0.0,0.0,0.0,0.0,0.0,0.0,0.0,0.0,0.0,0.0,0.0,0.0,0.0,0.0,0.0,0.0,0.0,0.0,0.0,0.0,0.0,0.0,0.0,0.0,0.0,0.0,0.0,0.0,0.0,0.0,0.0,0.0,0.0,0.0,0.0,0.0,0.0,0.0,0.0
ENCFF000WQU,0.07224007815179943,10469,115,869,11728,208,23897,1461,86,182,53,358,1000,1638,3150,6034,9634,1226,123,1198,1353,55,166,27,16,9,311,443,979,6463,847,57,45,103,471,455,12,470,6,17,2769,2618,52,142,45,18,194,1470,6932,62,205,272,348,90,86,1535,51,73,88,34,223,552,110,4013,121,152,123,82,12750,10668,1722,326,184,336,1418,58,378,132,203,263,66,323,321,915,146,160,849,1,255,121,2,370,63,4,300,399,4189,38500,2389,26,6507,9525,669,8419,307,172,1157,351,395,9,603,1680,1588,39,1237,7368,1012,6913,177,767,650,2082,355,10462,410,1476,622,179,748,72,36,6912,4809,358,7201,2999,2702,6246,61,1704,844,358,876,13321,138,82,35,29,10,10,519,66,312,2345,1097,152,1144,11740,1104,96,331,295,278,684,1066,885,1320,27,27,14,307,8,525,217,410,210,3,2,162,182,250,3478,1598,9956,634,7669,7692,3512,8287,3308,6717,75,6204,7420,2307,2075,5597,4217,1818,217,94,156,17,171,218,46,21,5,9,952,128,10716,3249,4676,43,58981,8530,853,6956,7935,267,156,10155,4726,15511,1556,9742,44,9807,8,63,896,933,71,273,72,870,517,8,194,258,157,253,107,685,415,46,88,1119,837,426,634,296,101,191,199,108,121,73,144,322,1281,301,102,401,645,540,4103,6514,260,602,785,355,200,155,143,227,165,23,1839,145,189,1275,89,419,146,867,298,305,175,257,68,125,92,658,702,270,231,205,621,343,183,222,253,824,3,11,118,135,128,56,3349,26,2225,3,133,7,1554,207,1544,1749,1945,8,574,16,57,397,896,18725,147,430,605,260,22,623,28,42,142,3620,1710,1246,340,6,41,20,8,13,185,305,638,191,814,185,154,444,16245,114,545,27782,121,1309,290,1386,496,614,96,164,1166,254,277,280,170,108,47,1652,365,260,324,111,375,331,5949,28,2370,640,5,6280,1691,5,58,1505,160,22,1616,199,289,72,780,348,5334,1015,149,203,300,131,295,200,247,192,9,275,12,590,34,9,41,124,92,272,167,9210,630,2828,1640,434,157,231,53,8166,61,3514,488,2908,315,54,706,24,7843,1316,2543,10570,506,5252,75,120,85,273,171,310,177,354,1463,268,9,86,338,11,8,995,997,10,77,61,5610,8990,7487,1663,8010,1081,202,18048,20856,3187,9706,15591,18625,93,62,191,266,79,253,309,78,104,154,1591,0.0,0.0,0.0,0.0,0.0,0.0,0.0,0.0,0.0,0.0,0.0,0.0,0.0,0.0,0.0,0.0,0.0,0.0,0.0,0.0,0.0,0.0,0.0,0.0,0.0,0.0,0.0,0.0,0.0,0.0,0.0,0.0,0.0,0.0,0.0,0.0,0.0,0.0,0.0,0.0,0.0,0.0,0.0,0.0,0.0,0.0,0.0,0.0,0.0,0.0,0.0,0.0,0.0,0.0,0.0,0.0,0.0,0.0,0.0,0.0,0.0,0.0,0.0,0.0,0.0,0.0,0.0,0.0,0.0,0.0,0.0,0.0,0.0,0.0,0.0,0.0,0.0,0.0,0.0,0.0,0.0,0.0,0.0,0.0,0.0,0.0,0.0,0.0,0.0,0.0,0.0,0.0,0.0,0.0,0.0,0.0,0.0,0.0,0.0,0.0,0.0,0.0,0.0,0.0,0.0,0.0,0.0,0.0,0.0,0.0,0.0,0.0,0.0,0.0,0.0,0.0,0.0,0.0,0.0,0.0,0.0,0.0,0.0,0.0,0.0,0.0,0.0,0.0,0.0,0.0,0.0,0.0,0.0,0.0,0.0,0.0,0.0,0.0,0.0,0.0,0.0,0.0,0.0,0.0,0.0,0.0,0.0,0.0,0.0,0.0
ENCFF000BIF,0.3349356783153304,22718,164,3910,105480,5729,1081101,7151,455,3518,180,402,4013,38909,73587,67383,315153,18679,676,22512,4504,113,384,125,101,224,730,102,4893,54085,3257,179,86,449,3232,2982,17,2339,52,25,6737,7757,287,438,122,69,986,7714,51144,14,764,1410,2392,423,181,3205,291,378,647,352,1179,1957,2645,61558,492,1144,22,78,125136,52500,3693,1894,1366,1446,2417,125,2055,1058,1474,1627,412,1707,2072,2626,809,927,5011,28,1578,958,89,1006,596,254,1521,3157,52145,146777,7213,326,18472,29703,3948,25834,2031,1164,2744,757,769,50,1414,4007,4001,817,4125,16443,18241,165728,4132,14494,10802,10031,6614,259657,2876,3642,1762,662,1705,489,139,15242,97815,158,127749,57036,6292,14972,31,5234,21268,1966,2941,110151,1170,124,547,61,57,121,1596,316,461,8557,2722,682,5009,110299,8490,244,2106,4713,4580,3732,2788,2673,2806,156,198,185,1703,118,2778,1100,1052,71,24,1,678,627,1915,7915,4293,32071,2750,86175,61270,15910,65293,13964,31232,1147,20290,26364,6537,5976,20119,11511,8668,1010,19,2154,34,705,1522,342,123,28,249,2135,2588,115421,24287,99693,352,273326,64965,3655,34719,132415,855,353,62855,38983,157184,34883,25991,124,23058,51,273,519,145,626,1773,175,4645,1751,9,1151,1554,1107,1555,778,4357,2476,94,377,5492,3522,2288,1474,1984,522,1208,1238,652,648,575,248,1842,7682,3480,635,2125,3541,3340,24772,64415,77,3535,1660,1989,1347,1132,1153,1725,854,66,6581,850,1434,4428,672,2013,770,3478,1790,1794,897,1617,83,896,583,3526,3789,1388,1577,1212,1975,1942,1229,1359,1463,5298,10,60,830,1192,519,142,8910,488,6304,33,1113,62,5565,417,4771,5415,11157,75,3430,642,156,7811,2523,312894,315,1715,2490,786,11,4415,230,394,654,18603,23374,3522,801,419,191,266,71,169,1172,3701,1686,925,3093,981,981,5452,218869,539,3056,80033,1054,4976,1684,9037,199,4119,562,53,3135,1437,1886,2029,566,746,192,692,2042,1759,2029,458,1883,2334,19330,461,9936,1924,63,16941,5133,23,172,4081,904,128,7076,1375,748,236,4589,1966,62025,10318,426,1475,1960,848,1443,1634,658,1784,28,523,219,1759,93,17,289,243,1304,5521,2429,130922,14468,22190,21948,6917,1629,549,298,18032,31,10431,2026,7794,2246,832,2005,27,24132,4670,8513,36459,2009,59522,312,1041,762,1277,811,1902,1277,1877,15767,1912,137,103,1666,132,183,2966,2382,1,48,267,18187,43031,37461,9417,27395,2922,2139,126510,83138,17932,48121,55661,65508,1624,334,1369,1244,413,1460,735,278,294,763,6003,0.0,0.0,0.0,0.0,0.0,0.0,0.0,0.0,0.0,0.0,0.0,0.0,0.0,0.0,0.0,0.0,0.0,0.0,0.0,0.0,0.0,0.0,0.0,0.0,0.0,0.0,0.0,0.0,0.0,0.0,0.0,0.0,0.0,0.0,0.0,0.0,0.0,0.0,0.0,0.0,0.0,0.0,0.0,0.0,0.0,0.0,0.0,0.0,0.0,0.0,0.0,0.0,0.0,0.0,0.0,0.0,0.0,0.0,0.0,0.0,0.0,0.0,0.0,0.0,0.0,0.0,0.0,0.0,0.0,0.0,0.0,0.0,0.0,0.0,0.0,0.0,0.0,0.0,0.0,0.0,0.0,0.0,0.0,0.0,0.0,0.0,0.0,0.0,0.0,0.0,0.0,0.0,0.0,0.0,0.0,0.0,0.0,0.0,0.0,0.0,0.0,0.0,0.0,0.0,0.0,0.0,0.0,0.0,0.0,0.0,0.0,0.0,0.0,0.0,0.0,0.0,0.0,0.0,0.0,0.0,0.0,0.0,0.0,0.0,0.0,0.0,0.0,0.0,0.0,0.0,0.0,0.0,0.0,0.0,0.0,0.0,0.0,0.0,0.0,0.0,0.0,0.0,0.0,0.0,0.0,0.0,0.0,0.0,0.0,0.0
ENCFF553FFA,0.24033023004212326,8104,145,765,32271,380,98310,2852,221,184,55,189,1946,1319,4877,13070,25950,940,212,2668,1393,34,159,9,15,19,362,125,2007,24987,1045,42,17,202,1795,1569,10,1435,8,2,2616,3019,13,78,6,35,327,3453,18332,10,326,856,1231,92,38,1179,25,93,66,32,193,1014,819,12208,502,334,41,34,27872,15528,1228,1015,680,859,1028,47,1098,495,740,864,247,913,998,1023,373,580,2606,3,695,636,9,254,64,15,502,714,22791,51686,2333,32,6384,11064,1906,9456,1198,601,808,234,315,8,605,1374,1560,367,1714,6494,1439,32666,172,810,836,2312,360,55801,1038,1348,555,89,443,61,30,5941,5123,64,24781,4889,2655,5496,16,2157,2987,904,1203,30315,803,45,118,17,8,17,588,107,142,2788,921,173,1810,31335,2118,60,1041,1241,891,1137,885,897,1223,10,16,24,917,17,1067,511,441,180,3,11,296,121,1108,2718,1540,11082,1218,11865,12849,5485,23598,5860,12058,250,7769,10410,2109,2058,8255,4246,2573,451,20,469,31,482,984,29,3,13,57,948,74,29135,5987,9577,88,94874,15856,1514,9953,21621,220,151,16372,9003,35686,2195,9686,30,8363,3,84,223,19,276,847,79,2641,637,6,629,623,507,811,409,2091,1079,22,79,2644,1721,887,604,1235,253,660,671,378,255,200,67,979,2495,1091,298,766,1743,1450,6889,66348,113,1659,690,881,683,589,578,834,453,9,2870,426,1020,1928,265,1092,498,1632,1022,848,554,861,25,379,179,1781,1544,701,784,687,879,1042,796,597,887,2004,6,4,344,707,97,96,3110,48,1959,2,107,16,2185,153,1738,1688,3497,10,786,22,7,1402,741,74744,122,547,1349,363,5,1633,38,118,334,6853,3487,1713,380,16,55,29,5,9,616,932,530,585,1208,465,413,1005,53187,136,1134,27910,353,2241,804,4192,205,1383,252,35,1146,696,954,967,306,277,63,786,1117,914,984,162,990,1082,8271,11,6327,448,13,6563,1877,15,117,1489,393,5,3545,655,148,26,2407,807,22426,2450,120,593,987,450,468,863,230,351,4,171,16,861,26,10,35,39,702,208,356,17939,858,6120,2843,635,280,160,102,5448,16,3254,822,2284,432,43,566,10,8906,1933,3096,13276,2635,17095,108,164,355,731,394,861,681,696,3449,932,4,42,920,4,11,846,774,10,17,18,7031,13397,13688,2778,8953,1292,1509,28613,27573,5801,14441,20502,22968,221,29,600,512,214,769,149,109,62,188,2160,0.0,0.0,0.0,0.0,0.0,0.0,0.0,0.0,0.0,0.0,0.0,0.0,0.0,0.0,0.0,0.0,0.0,0.0,0.0,0.0,0.0,0.0,0.0,0.0,0.0,0.0,0.0,0.0,0.0,0.0,0.0,0.0,0.0,0.0,0.0,0.0,0.0,0.0,0.0,0.0,0.0,0.0,0.0,0.0,0.0,0.0,0.0,0.0,0.0,0.0,0.0,0.0,0.0,0.0,0.0,0.0,0.0,0.0,0.0,0.0,0.0,0.0,0.0,0.0,0.0,0.0,0.0,0.0,0.0,0.0,0.0,0.0,0.0,0.0,0.0,0.0,0.0,0.0,0.0,0.0,0.0,0.0,0.0,0.0,0.0,0.0,0.0,0.0,0.0,0.0,0.0,0.0,0.0,0.0,0.0,0.0,0.0,0.0,0.0,0.0,0.0,0.0,0.0,0.0,0.0,0.0,0.0,0.0,0.0,0.0,0.0,0.0,0.0,0.0,0.0,0.0,0.0,0.0,0.0,0.0,0.0,0.0,0.0,0.0,0.0,0.0,0.0,0.0,0.0,0.0,0.0,0.0,0.0,0.0,0.0,0.0,0.0,0.0,0.0,0.0,0.0,0.0,0.0,0.0,0.0,0.0,0.0,0.0,0.0,0.0
ENCFF000YSC,0.17033612318465322,60810,307,2716,26338,476,73628,7446,201,332,293,762,2431,1916,4401,14838,17026,2397,414,5098,6203,175,743,67,60,53,905,2590,2275,14349,3709,251,190,449,1279,1191,71,1753,15,35,8053,10640,27,518,14,107,618,4371,11991,286,421,661,918,454,323,8515,151,357,568,151,735,1112,165,6673,215,199,689,64,33106,44004,7594,706,417,1341,7004,328,936,351,514,543,138,654,920,3529,315,365,2451,12,561,307,15,1175,122,25,1014,772,11077,156403,10750,163,28341,37679,1886,32458,920,416,5140,1531,1737,17,3004,8197,8477,140,4936,33243,1598,21421,327,1258,1428,7962,549,26070,932,7449,3406,708,2740,345,204,31670,6300,1773,9815,4587,15646,27533,424,3567,3092,862,3579,27745,371,526,85,84,20,32,2196,307,732,11730,4972,651,3567,25932,2046,428,878,1230,987,2779,6451,6687,6348,66,98,36,610,18,1131,380,907,10388,48,1,466,638,766,14975,6852,43142,1755,22709,28591,12464,20185,11227,21687,257,24957,29678,12499,9081,22392,18016,4948,723,587,780,54,340,590,164,50,14,59,4592,163,22593,8978,4978,252,209352,32954,3198,24867,12071,1185,728,33011,16773,41694,3218,50878,205,54045,52,461,1007,141,210,730,306,2812,2123,64,459,631,391,563,278,1917,1154,509,200,3730,2693,1755,3071,800,207,436,490,239,188,180,535,686,4074,950,279,1378,1798,1512,5278,11875,1579,1817,3539,977,559,459,414,630,324,144,7203,329,567,4822,212,1282,247,3383,660,696,393,594,369,320,428,1632,1537,494,565,465,2285,1139,573,491,587,2636,22,21,265,434,600,266,15901,192,11029,23,534,470,6038,815,7719,7035,7416,16,2262,125,184,1312,4149,48239,716,2100,1821,941,139,1941,210,222,737,12521,5897,2307,1408,65,187,118,10,33,410,1346,2579,536,3435,317,362,803,30952,363,1443,121327,443,5505,631,3882,2795,1907,198,1021,5341,532,804,866,246,265,244,13981,985,602,939,458,748,977,22882,61,8513,1920,25,28506,6811,39,280,6513,871,46,5158,516,2695,335,2444,785,10544,1937,791,491,862,301,817,567,1685,543,25,923,27,1960,118,93,218,653,442,380,527,24408,1239,5695,3795,826,438,1000,267,41708,254,15009,1630,12776,1442,270,2802,28,27645,5152,9682,41554,1449,8658,198,254,233,694,449,802,445,1068,5801,791,35,312,611,17,23,4072,4199,12,499,185,23457,33298,23983,5722,32921,3747,380,53613,76756,10726,34172,57047,72941,202,145,483,466,150,582,1287,309,424,672,6838,0.0,0.0,0.0,0.0,0.0,0.0,0.0,0.0,0.0,0.0,0.0,0.0,0.0,0.0,0.0,0.0,0.0,0.0,0.0,0.0,0.0,0.0,0.0,0.0,0.0,0.0,0.0,0.0,0.0,0.0,0.0,0.0,0.0,0.0,0.0,0.0,0.0,0.0,0.0,0.0,0.0,0.0,0.0,0.0,0.0,0.0,0.0,0.0,0.0,0.0,0.0,0.0,0.0,0.0,0.0,0.0,0.0,0.0,0.0,0.0,0.0,0.0,0.0,0.0,0.0,0.0,0.0,0.0,0.0,0.0,0.0,0.0,0.0,0.0,0.0,0.0,0.0,0.0,0.0,0.0,0.0,0.0,0.0,0.0,0.0,0.0,0.0,0.0,0.0,0.0,0.0,0.0,0.0,0.0,0.0,0.0,0.0,0.0,0.0,0.0,0.0,0.0,0.0,0.0,0.0,0.0,0.0,0.0,0.0,0.0,0.0,0.0,0.0,0.0,0.0,0.0,0.0,0.0,0.0,0.0,0.0,0.0,0.0,0.0,0.0,0.0,0.0,0.0,0.0,0.0,0.0,0.0,0.0,0.0,0.0,0.0,0.0,0.0,0.0,0.0,0.0,0.0,0.0,0.0,0.0,0.0,0.0,0.0,0.0,0.0
ENCFF000PJQ,0.11782875588513657,67200,35,2325,8208,173,25780,2740,116,207,199,342,1444,938,2100,4703,5396,1358,329,2246,3628,146,511,51,23,22,343,4231,1532,12930,2611,200,225,248,869,753,103,1142,11,7,5063,8234,36,373,6,22,357,3122,6003,492,313,496,622,350,212,10090,86,190,183,35,462,641,65,3341,209,170,1178,43,20871,32401,9295,562,337,1218,49029,234,630,210,321,419,108,453,674,2842,208,214,1729,9,390,216,3,954,54,11,745,452,4165,102167,7003,52,19226,26331,1229,23124,696,261,4443,1392,1050,11,2142,6197,5370,44,3275,30439,830,14464,174,701,788,5311,247,15989,644,4173,2054,588,1917,261,69,43261,3298,2852,6115,2164,109035,21076,715,2122,922,645,2431,13923,172,790,30,91,26,23,1540,213,442,7335,3430,478,2384,8860,1368,590,610,521,534,1690,2695,2406,7302,26,77,33,464,4,787,307,691,1151,99,0,427,453,523,13509,5213,29323,1273,15614,19800,7950,13906,8203,16242,155,18540,20963,7759,7166,17907,12254,3120,488,862,332,23,231,403,113,48,52,31,2491,87,18613,5555,2507,188,103597,21711,2425,16170,6435,796,403,21657,8998,22834,1260,32239,106,32637,61,193,441,33,133,500,310,2292,2069,8,284,436,240,430,172,1289,770,1025,114,2776,2178,1148,7564,564,136,311,323,165,173,137,648,537,2741,485,157,932,1259,962,3833,5059,2617,1239,3832,655,401,345,262,441,239,987,5190,213,373,4128,196,873,192,2508,476,503,264,400,1029,239,327,1101,1070,350,445,308,2564,790,320,343,423,1812,16,22,168,244,501,122,12367,22,8947,27,322,37,4122,804,6874,4007,4364,8,1557,50,152,529,2603,21624,683,1631,2644,682,243,1311,139,129,478,7136,2925,1334,996,46,189,48,7,20,273,401,1495,359,2453,230,228,517,11104,367,948,88682,195,4008,441,2630,4575,1272,116,1920,5956,346,496,543,173,172,216,21290,649,446,607,304,577,691,16223,20,6021,1347,7,21625,5306,64,218,3691,515,33,3623,375,5001,207,1673,550,6959,1169,898,334,562,217,636,364,2043,393,11,829,11,1116,124,9,128,603,107,184,334,7176,605,3397,1921,403,238,451,47,27990,419,9164,1467,8682,1028,145,1809,5,17068,3384,5673,30278,667,5491,189,51,190,636,191,604,275,783,3119,564,11,519,423,11,3,3024,3183,5,794,130,19017,23808,16877,3797,23840,2602,179,35923,54508,7329,23077,40831,52629,118,130,351,287,96,391,1283,157,308,361,4112,0.0,0.0,0.0,0.0,0.0,0.0,0.0,0.0,0.0,0.0,0.0,0.0,0.0,0.0,0.0,0.0,0.0,0.0,0.0,0.0,0.0,0.0,0.0,0.0,0.0,0.0,0.0,0.0,0.0,0.0,0.0,0.0,0.0,0.0,0.0,0.0,0.0,0.0,0.0,0.0,0.0,0.0,0.0,0.0,0.0,0.0,0.0,0.0,0.0,0.0,0.0,0.0,0.0,0.0,0.0,0.0,0.0,0.0,0.0,0.0,0.0,0.0,0.0,0.0,0.0,0.0,0.0,0.0,0.0,0.0,0.0,0.0,0.0,0.0,0.0,0.0,0.0,0.0,0.0,0.0,0.0,0.0,0.0,0.0,0.0,0.0,0.0,0.0,0.0,0.0,0.0,0.0,0.0,0.0,0.0,0.0,0.0,0.0,0.0,0.0,0.0,0.0,0.0,0.0,0.0,0.0,0.0,0.0,0.0,0.0,0.0,0.0,0.0,0.0,0.0,0.0,0.0,0.0,0.0,0.0,0.0,0.0,0.0,0.0,0.0,0.0,0.0,0.0,0.0,0.0,0.0,0.0,0.0,0.0,0.0,0.0,0.0,0.0,0.0,0.0,0.0,0.0,0.0,0.0,0.0,0.0,0.0,0.0,0.0,0.0
ENCFF394OKZ,0.12567055344389835,180439,148,1190,22564,212,80693,8444,281,179,138,1613,4740,749,2203,13009,8287,1335,492,4378,5414,89,564,17,66,31,1906,16123,2620,13238,4587,72,36,327,1897,2037,18,2270,9,12,9401,6373,30,192,9,24,644,5184,10564,826,656,1192,1223,137,159,5005,45,271,256,116,626,3218,124,4395,251,114,4309,698,19684,31564,4176,1147,600,1868,4138,41,1507,522,573,742,229,1042,1989,1770,350,636,3096,8,739,636,8,666,152,15,705,528,7725,105016,6262,115,18285,24708,2269,21637,1592,566,2603,1096,1400,26,2760,5845,7343,94,5100,27600,729,18227,106,437,560,4517,189,26338,1141,9393,2273,231,1968,112,79,21178,2004,6283,7727,3276,11861,19881,504,4030,3942,1396,2716,19869,343,1006,35,39,19,15,1308,299,1868,10583,2899,185,2645,22070,1366,164,1654,561,293,1824,5173,5525,6404,42,41,26,893,14,1053,507,428,106,12,14,415,278,1353,8624,4174,31020,1944,13153,20983,9894,16566,10367,18759,93,17151,21483,9394,6871,19422,12743,2885,669,1290,520,21,641,1041,72,22,14,55,5110,70,20106,6556,2416,410,123819,28419,3273,15827,8238,688,847,20467,13407,30819,2141,35494,207,38350,22,233,1521,1156,292,950,424,3632,1570,29,590,568,536,897,430,2661,1536,326,296,4023,2859,1399,2800,1415,308,867,736,404,278,201,261,882,2882,800,350,879,2930,1733,4775,15976,14538,2665,3081,896,899,761,556,778,447,54,5795,507,1415,3969,320,1596,469,3122,1563,1119,770,847,378,376,333,2140,1698,796,694,707,1960,1578,933,521,1029,2458,75,31,375,733,628,253,11943,360,7984,23,106,136,4002,422,6937,7281,7603,12,1666,53,16,1356,2405,43025,1175,1654,2330,762,77,2330,36,100,1192,16928,6244,11348,999,47,143,39,9,27,496,1031,2023,1102,3285,568,403,795,28461,275,1323,75581,322,4087,895,5831,16882,1885,230,1018,7277,678,1295,1361,320,206,67,114600,1917,1035,1189,520,1148,1350,16465,22,10161,810,22,23360,5794,26,264,5630,1331,40,5167,628,1946,135,3752,957,9505,1102,2199,636,1115,511,723,760,1043,498,12,695,22,2373,102,188,44,909,666,85,285,21626,614,4757,2510,391,568,785,194,22206,905,8874,1413,7486,1048,34,2013,61,28126,4488,10353,33993,900,8202,90,218,322,876,510,1219,684,924,4325,993,13,113,923,25,18,2127,2177,10,845,147,16702,22535,18157,4627,20174,2896,467,37383,51108,8403,21720,42366,48974,87,49,535,539,257,750,555,253,122,605,5959,0.0,0.0,0.0,0.0,0.0,0.0,0.0,0.0,0.0,0.0,0.0,0.0,0.0,0.0,0.0,0.0,0.0,0.0,0.0,0.0,0.0,0.0,0.0,0.0,0.0,0.0,0.0,0.0,0.0,0.0,0.0,0.0,0.0,0.0,0.0,0.0,0.0,0.0,0.0,0.0,0.0,0.0,0.0,0.0,0.0,0.0,0.0,0.0,0.0,0.0,0.0,0.0,0.0,0.0,0.0,0.0,0.0,0.0,0.0,0.0,0.0,0.0,0.0,0.0,0.0,0.0,0.0,0.0,0.0,0.0,0.0,0.0,0.0,0.0,0.0,0.0,0.0,0.0,0.0,0.0,0.0,0.0,0.0,0.0,0.0,0.0,0.0,0.0,0.0,0.0,0.0,0.0,0.0,0.0,0.0,0.0,0.0,0.0,0.0,0.0,0.0,0.0,0.0,0.0,0.0,0.0,0.0,0.0,0.0,0.0,0.0,0.0,0.0,0.0,0.0,0.0,0.0,0.0,0.0,0.0,0.0,0.0,0.0,0.0,0.0,0.0,0.0,0.0,0.0,0.0,0.0,0.0,0.0,0.0,0.0,0.0,0.0,0.0,0.0,0.0,0.0,0.0,0.0,0.0,0.0,0.0,0.0,0.0,0.0,0.0
ENCFF000ZIF,0.1644350045641218,202900,205,4057,33879,873,171837,5373,396,379,331,386,2994,3292,6274,14422,42114,2556,324,5254,4874,108,429,77,43,52,879,16073,3310,17053,2772,191,613,396,1933,1664,453,1663,23,9,6532,7674,41,514,42,43,565,5311,17016,1558,406,1155,1532,304,189,3781,125,283,290,122,556,1328,463,12189,219,297,4198,20,45408,39633,4408,1114,771,3356,3097,210,1262,535,871,945,253,1099,1091,2605,487,603,3612,15,970,560,27,853,181,36,1215,1274,17489,135226,7178,103,19571,28729,2464,24753,1112,632,3292,1062,1283,21,1821,4894,5107,73,3929,22600,2309,21270,461,1960,2292,6630,843,31960,1397,4801,2242,540,1598,443,74,18193,9280,8510,16923,6297,6637,18453,2290,4380,3365,1162,4634,41820,333,2343,99,83,19,31,1536,242,367,8759,3182,537,3225,35262,3144,306,1154,642,622,2691,3094,2787,3324,37,122,44,1061,17,1938,646,550,214,201,34,1589,512,1022,10308,5143,35105,2151,24944,26966,12793,24119,11832,25944,210,21271,26440,7658,6335,17828,13664,4356,827,3171,660,152,572,982,101,85,27,36,3469,271,31484,10929,9480,153,146086,32050,4669,21014,22361,753,426,34145,16549,52809,3911,28301,118,27372,42,233,550,42,316,1003,210,3783,1690,25,688,1021,617,987,428,2376,1418,168,199,4258,2495,1701,1752,1325,368,666,759,410,361,258,338,1192,5012,1296,365,1571,2210,2257,10510,74321,7625,2280,2014,1307,845,640,691,1000,541,76,5335,501,928,4009,341,1421,403,3635,1249,975,624,1000,155,504,860,2564,2592,881,979,737,1830,1488,925,823,1044,4465,23,25,416,675,355,465,10246,95,6770,21,444,51,4881,438,4883,5305,5910,42,2086,110,116,1590,2469,83336,1238,2001,1845,829,841,2722,143,292,477,14386,6159,2631,872,26,131,61,15,54,724,978,1844,560,3140,532,537,1472,44718,1406,2275,89301,590,4356,1030,5368,15155,2447,279,6177,15198,828,998,1069,361,450,369,79982,1246,949,1126,586,1134,1330,20139,70,9178,1716,22,18678,4864,36,191,4808,481,45,5987,845,911,232,2801,1175,21348,2851,2696,830,1097,469,1174,945,945,796,13,816,29,1551,98,30,126,1582,385,537,789,23693,2005,9125,5438,1203,469,542,209,22895,2574,12390,3869,7952,809,284,2053,16,25005,4581,8078,35036,6343,16212,396,148,367,1852,482,1066,826,1550,6359,1007,32,2026,1094,24,38,2563,2624,5,3060,119,17456,35758,26817,7148,26389,3002,625,60250,72627,11839,35717,53549,61066,274,108,806,714,245,886,745,263,244,532,5786,0.0,0.0,0.0,0.0,0.0,0.0,0.0,0.0,0.0,0.0,0.0,0.0,0.0,0.0,0.0,0.0,0.0,0.0,0.0,0.0,0.0,0.0,0.0,0.0,0.0,0.0,0.0,0.0,0.0,0.0,0.0,0.0,0.0,0.0,0.0,0.0,0.0,0.0,0.0,0.0,0.0,0.0,0.0,0.0,0.0,0.0,0.0,0.0,0.0,0.0,0.0,0.0,0.0,0.0,0.0,0.0,0.0,0.0,0.0,0.0,0.0,0.0,0.0,0.0,0.0,0.0,0.0,0.0,0.0,0.0,0.0,0.0,0.0,0.0,0.0,0.0,0.0,0.0,0.0,0.0,0.0,0.0,0.0,0.0,0.0,0.0,0.0,0.0,0.0,0.0,0.0,0.0,0.0,0.0,0.0,0.0,0.0,0.0,0.0,0.0,0.0,0.0,0.0,0.0,0.0,0.0,0.0,0.0,0.0,0.0,0.0,0.0,0.0,0.0,0.0,0.0,0.0,0.0,0.0,0.0,0.0,0.0,0.0,0.0,0.0,0.0,0.0,0.0,0.0,0.0,0.0,0.0,0.0,0.0,0.0,0.0,0.0,0.0,0.0,0.0,0.0,0.0,0.0,0.0,0.0,0.0,0.0,0.0,0.0,0.0
ENCFF001QWZ,0.117378486577014,21385,215,1594,19750,441,71604,3964,136,294,204,3535,2592,1947,4152,11095,15968,1983,347,2924,3371,148,549,77,49,33,553,223,1909,11609,2787,169,76,253,1082,1054,14,1237,15,67,7591,7780,44,451,10,29,372,3253,11194,33,361,461,719,376,313,5343,100,214,523,121,567,2515,102,4861,136,128,72,533,22683,28791,5434,630,380,755,7927,203,772,316,420,524,143,529,714,2431,321,309,1936,9,426,324,9,989,106,19,695,613,9290,103906,6092,64,18358,23899,1373,21148,1383,354,3286,1062,866,26,1796,6383,5589,203,5354,23575,1569,18001,285,1391,1135,5032,584,22587,850,5622,1883,430,2041,244,148,21624,5810,108,7446,4524,20261,19300,20,3793,2181,791,2338,23238,201,116,40,72,14,41,1432,227,1381,6450,3099,400,2606,18872,1710,520,585,706,616,1783,2549,2568,5207,49,65,57,490,22,868,350,2268,1670,5,0,257,414,605,19091,4489,27768,1402,16061,19468,8228,15517,7966,16262,158,16275,18595,8044,5657,16112,12389,3559,501,55,552,135,269,426,126,40,45,189,3380,173,19165,6621,4821,139,119404,23580,2041,17247,10048,731,954,22202,11213,29810,3276,29939,98,34104,36,208,3816,2592,156,499,184,2075,1526,21,352,440,360,519,244,1723,876,361,137,3010,2044,1218,2515,661,163,426,334,185,203,203,395,722,2643,707,231,1025,1519,1108,5637,8251,180,1580,2455,717,370,289,286,474,298,127,4977,278,520,3271,164,999,282,2241,579,572,279,508,151,260,300,1422,1269,434,588,387,1847,836,423,370,480,1942,34,48,250,345,437,223,11714,177,7210,32,422,87,4193,588,5229,5623,6171,17,1589,76,142,796,2636,38247,410,1404,1466,645,7,1351,88,140,595,8373,6288,5635,1057,181,313,69,9,39,325,915,2084,423,2300,363,336,660,36151,223,1164,78387,281,4239,516,3058,398,1335,191,53,2153,473,545,630,535,244,158,1172,841,444,748,187,687,825,15621,56,6240,1359,30,22191,5086,25,174,3734,511,62,3847,368,1301,191,1902,663,7648,1379,253,416,634,209,513,402,1429,362,15,777,51,1537,63,92,171,197,264,430,292,18363,1214,4663,3153,729,333,628,214,26451,57,8978,1011,8896,978,165,2119,194,16750,3589,5478,24930,960,6620,86,203,226,470,299,548,336,703,3807,519,12,133,515,22,24,2773,2753,21,77,170,15788,19781,16055,3539,19941,2429,254,39350,48160,7343,20116,37999,46437,152,101,404,397,112,383,881,276,325,416,5560,0.0,0.0,0.0,0.0,0.0,0.0,0.0,0.0,0.0,0.0,0.0,0.0,0.0,0.0,0.0,0.0,0.0,0.0,0.0,0.0,0.0,0.0,0.0,0.0,0.0,0.0,0.0,0.0,0.0,0.0,0.0,0.0,0.0,0.0,0.0,0.0,0.0,0.0,0.0,0.0,0.0,0.0,0.0,0.0,0.0,0.0,0.0,0.0,0.0,0.0,0.0,0.0,0.0,0.0,0.0,0.0,0.0,0.0,0.0,0.0,0.0,0.0,0.0,0.0,0.0,0.0,0.0,0.0,0.0,0.0,0.0,0.0,0.0,0.0,0.0,0.0,0.0,0.0,0.0,0.0,0.0,0.0,0.0,0.0,0.0,0.0,0.0,0.0,0.0,0.0,0.0,0.0,0.0,0.0,0.0,0.0,0.0,0.0,0.0,0.0,0.0,0.0,0.0,0.0,0.0,0.0,0.0,0.0,0.0,0.0,0.0,0.0,0.0,0.0,0.0,0.0,0.0,0.0,0.0,0.0,0.0,0.0,0.0,0.0,0.0,0.0,0.0,0.0,0.0,0.0,0.0,0.0,0.0,0.0,0.0,0.0,0.0,0.0,0.0,0.0,0.0,0.0,0.0,0.0,0.0,0.0,0.0,0.0,0.0,0.0
ENCFF001RVT,0.10278117381950566,5817409,23,10799,123,0,2405,602,11,86,18,22025,96,164,93,7,4,1034,132,5645,873,47,144,0,1,0,74,44609,305,24,1327,48,431,58,92,48,2,79,0,0,856,2425,0,21,0,9,92,549,2,7342,136,52,35,73,13,201770,1,41,33,0,306,74,0,0,2,1,6493,0,7129,58568,31809,31,14,5868,6287,9,35,13,22,28,5,56,29,689,16,15,180,1,28,31,0,191,4659,0,6420,11,2,121395,2719,15,328864,8490,78,7014,44,25,1755,321,734,0,170996,23817,2113,4,440,26789,7,1786,0,2,49,1742,0,5,26,1190,662,34,358,15,0,10542,220,32784,10,85,2833,109745,240998,1144,202,38,2551,173,0,53230,0,14,5,2,506,95,66,1877,1234,82,677,123,15,60,51,32,9,303,586,654,12633,0,0,3,38,0,79,20,13915,9,0,0,99,38,38,9421,2942,25863,366,2492,4469,6229,1041,2827,7190,14,6675,6629,6456,5231,54227,90360,886,79,581,12,2,35,89,18,0,0,0,6333,0,1748,833,1,0,79151,3924,4252,7097,50,201,2393,4865,2375,2445,16,13222,3,10206,0,21,851,0,17,39,160,326,1064,0,19,22,22,27,21,103,28,3215,32,1018,465,300,3777,51,10,31,16,12,11,7,389,31,558,125,16,140,200,51,184,69,64422,175,16991,97,10,12,13,28,9,618,1936,21,74,933,10,218,22,603,36,18,12,25,31,34,158,117,54,21,27,29,9912,283,45,14,34,252,29,23,23,20,43,4,6038,0,4321,19,35,6,924,104,13467,1303,1446,0,574,2,0,286,2120,35747,1115,318,5446,414,3,107,3,0,362,5582,5966,289,301,1,47,0,0,0,38,0,607,14,333,18,19,40,15,1454,151,52004,10,1149,19,682,31015,204,23,12362,79191,24,56,32,41,5,45,716719,49,32,17,147,28,32,5662,26,1616,742,0,154962,8177,0,108,926,47,0,466,23,86,52,802,46,69,40,11582,28,31,29,35,34,362,39,0,350,0,233,0,3,18,10853,3,0,31,129,2,270,72,12,68,77,3,12232,9146,6394,93,2745,281,3,626,0,90473,714,1205,106565,36,183,2,0,14,57,25,27,18,45,5,21,0,115,45,0,0,1295,816,58,6236,2,5001,7952,12480,641,4927,1161,66,8509,50295,2994,7401,50894,17268,21,11,25,23,16,29,136,20,242,85,900,0.0,0.0,0.0,0.0,0.0,0.0,0.0,0.0,0.0,0.0,0.0,0.0,0.0,0.0,0.0,0.0,0.0,0.0,0.0,0.0,0.0,0.0,0.0,0.0,0.0,0.0,0.0,0.0,0.0,0.0,0.0,0.0,0.0,0.0,0.0,0.0,0.0,0.0,0.0,0.0,0.0,0.0,0.0,0.0,0.0,0.0,0.0,0.0,0.0,0.0,0.0,0.0,0.0,0.0,0.0,0.0,0.0,0.0,0.0,0.0,0.0,0.0,0.0,0.0,0.0,0.0,0.0,0.0,0.0,0.0,0.0,0.0,0.0,0.0,0.0,0.0,0.0,0.0,0.0,0.0,0.0,0.0,0.0,0.0,0.0,0.0,0.0,0.0,0.0,0.0,0.0,0.0,0.0,0.0,0.0,0.0,0.0,0.0,0.0,0.0,0.0,0.0,0.0,0.0,0.0,0.0,0.0,0.0,0.0,0.0,0.0,0.0,0.0,0.0,0.0,0.0,0.0,0.0,0.0,0.0,0.0,0.0,0.0,0.0,0.0,0.0,0.0,0.0,0.0,0.0,0.0,0.0,0.0,0.0,0.0,0.0,0.0,0.0,0.0,0.0,0.0,0.0,0.0,0.0,0.0,0.0,0.0,0.0,0.0,0.0
ENCFF000VXB,0.07657304929968595,2041,11,187,1938,47,4295,285,33,33,13,29,125,262,524,1063,1471,222,29,338,250,18,40,5,1,8,45,51,179,1500,213,9,5,28,92,93,3,95,1,0,365,608,3,42,2,2,39,293,1223,6,60,31,62,25,19,347,9,21,18,12,41,99,25,695,17,36,22,4,2662,2609,404,63,30,53,333,14,65,27,51,61,7,38,65,197,30,35,154,1,52,35,1,71,28,1,61,60,993,9016,581,7,1602,2252,131,1918,62,31,264,77,69,1,161,390,400,3,259,1715,173,1611,18,117,118,450,69,2138,88,301,141,38,178,23,6,1670,759,29,1342,538,697,1496,7,243,238,82,198,2164,23,17,1,10,5,3,125,18,32,483,269,20,272,1917,198,22,58,86,84,147,246,192,308,4,15,1,48,1,93,34,127,242,1,0,26,50,60,837,368,2319,130,1532,1905,770,1707,717,1351,9,1449,1763,513,513,1243,1003,386,34,7,60,5,32,47,17,1,2,0,226,20,2641,645,617,8,11785,2031,179,1576,1248,60,31,2262,1051,3083,257,2283,10,2465,3,13,61,20,9,43,8,178,118,2,29,45,34,41,22,129,62,7,12,213,178,100,157,67,19,27,34,27,22,21,25,73,268,64,24,87,123,116,655,1496,43,108,162,73,39,38,33,47,19,8,480,34,44,304,20,97,21,173,46,60,25,44,9,21,25,147,133,51,44,38,144,68,50,28,46,208,1,2,23,32,27,22,809,11,516,3,34,5,364,46,367,369,379,3,130,12,13,92,228,3575,38,109,96,59,3,138,12,20,36,702,390,171,79,1,7,9,2,1,32,85,156,43,216,36,31,120,2816,21,99,6467,38,338,44,298,67,142,6,18,223,40,55,47,26,22,10,307,59,49,52,20,65,66,1342,6,535,121,1,1496,453,0,12,282,48,7,350,40,62,23,156,61,848,179,31,47,48,19,59,29,71,46,2,76,2,116,8,1,12,19,28,42,58,1650,155,521,294,89,28,31,19,2058,10,850,84,696,80,15,160,1,1605,318,533,2241,94,836,12,27,18,45,29,65,28,64,500,37,0,15,79,1,1,251,256,1,11,14,1475,2135,1681,404,1939,254,30,3770,5031,716,2197,3635,4397,19,11,56,59,18,39,94,16,22,35,371,0.0,0.0,0.0,0.0,0.0,0.0,0.0,0.0,0.0,0.0,0.0,0.0,0.0,0.0,0.0,0.0,0.0,0.0,0.0,0.0,0.0,0.0,0.0,0.0,0.0,0.0,0.0,0.0,0.0,0.0,0.0,0.0,0.0,0.0,0.0,0.0,0.0,0.0,0.0,0.0,0.0,0.0,0.0,0.0,0.0,0.0,0.0,0.0,0.0,0.0,0.0,0.0,0.0,0.0,0.0,0.0,0.0,0.0,0.0,0.0,0.0,0.0,0.0,0.0,0.0,0.0,0.0,0.0,0.0,0.0,0.0,0.0,0.0,0.0,0.0,0.0,0.0,0.0,0.0,0.0,0.0,0.0,0.0,0.0,0.0,0.0,0.0,0.0,0.0,0.0,0.0,0.0,0.0,0.0,0.0,0.0,0.0,0.0,0.0,0.0,0.0,0.0,0.0,0.0,0.0,0.0,0.0,0.0,0.0,0.0,0.0,0.0,0.0,0.0,0.0,0.0,0.0,0.0,0.0,0.0,0.0,0.0,0.0,0.0,0.0,0.0,0.0,0.0,0.0,0.0,0.0,0.0,0.0,0.0,0.0,0.0,0.0,0.0,0.0,0.0,0.0,0.0,0.0,0.0,0.0,0.0,0.0,0.0,0.0,0.0
ENCFF000WSE,0.07351005069953463,7935,87,319,3628,75,8050,524,36,63,19,71,328,562,1053,1896,3193,383,31,473,474,25,58,9,8,8,113,647,299,2156,278,12,29,59,199,174,14,207,3,6,777,942,1,59,6,22,79,516,2290,51,126,85,126,31,16,495,14,33,23,16,59,170,39,1329,60,63,218,19,4533,3879,587,114,66,223,445,21,109,58,73,98,16,93,134,322,51,57,314,1,78,58,1,113,20,6,98,144,1433,13628,859,10,2272,3365,232,2957,137,59,391,132,151,2,226,634,566,21,411,2534,336,2428,68,225,188,726,109,3480,132,503,243,69,241,31,11,2415,1657,504,2385,1059,957,2088,111,494,283,124,309,4539,58,83,12,8,0,4,167,20,72,812,380,37,391,3831,412,30,98,96,113,263,329,331,438,5,14,4,93,2,172,61,217,76,17,2,80,50,83,1220,567,3728,210,2639,2689,1277,2952,1180,2413,26,2202,2772,877,691,2033,1582,688,75,163,52,7,49,75,18,13,0,1,318,49,3625,1085,1512,18,28447,3134,378,2357,2590,78,52,3648,1706,5432,553,3422,23,3314,4,30,125,95,25,105,35,318,176,3,59,88,61,81,57,248,148,22,22,368,288,170,202,112,26,63,69,40,43,39,42,109,436,105,39,165,255,178,1382,3030,362,218,272,105,67,67,57,73,57,14,594,47,77,453,38,159,32,328,99,109,67,83,12,50,44,214,237,80,65,77,231,128,73,70,93,281,0,7,39,53,48,20,1134,10,839,4,49,1,505,68,510,554,662,3,206,6,14,144,318,7100,71,206,177,83,21,250,12,12,55,1283,570,391,111,0,12,16,1,8,57,100,198,84,301,49,51,162,5366,56,195,9924,76,487,95,476,586,233,27,227,774,85,102,110,42,53,37,2438,125,76,121,43,115,130,2094,5,895,185,6,2266,569,2,21,520,74,6,582,85,85,26,279,115,1907,387,119,99,102,40,111,72,100,65,3,77,3,171,4,3,7,82,27,94,78,3124,202,1048,520,155,48,62,14,2778,42,1227,296,977,119,17,228,1,2752,505,848,3592,271,1855,32,32,30,91,84,124,61,116,532,113,3,68,110,1,3,323,330,3,113,14,2020,3268,2630,633,2822,372,84,6202,7347,1128,3453,5664,6503,29,26,76,100,36,75,122,23,27,50,527,0.0,0.0,0.0,0.0,0.0,0.0,0.0,0.0,0.0,0.0,0.0,0.0,0.0,0.0,0.0,0.0,0.0,0.0,0.0,0.0,0.0,0.0,0.0,0.0,0.0,0.0,0.0,0.0,0.0,0.0,0.0,0.0,0.0,0.0,0.0,0.0,0.0,0.0,0.0,0.0,0.0,0.0,0.0,0.0,0.0,0.0,0.0,0.0,0.0,0.0,0.0,0.0,0.0,0.0,0.0,0.0,0.0,0.0,0.0,0.0,0.0,0.0,0.0,0.0,0.0,0.0,0.0,0.0,0.0,0.0,0.0,0.0,0.0,0.0,0.0,0.0,0.0,0.0,0.0,0.0,0.0,0.0,0.0,0.0,0.0,0.0,0.0,0.0,0.0,0.0,0.0,0.0,0.0,0.0,0.0,0.0,0.0,0.0,0.0,0.0,0.0,0.0,0.0,0.0,0.0,0.0,0.0,0.0,0.0,0.0,0.0,0.0,0.0,0.0,0.0,0.0,0.0,0.0,0.0,0.0,0.0,0.0,0.0,0.0,0.0,0.0,0.0,0.0,0.0,0.0,0.0,0.0,0.0,0.0,0.0,0.0,0.0,0.0,0.0,0.0,0.0,0.0,0.0,0.0,0.0,0.0,0.0,0.0,0.0,0.0
ENCFF851VPL,0.06092899466134205,818673,2845,4338,223,2,10787,618,29,45,76,680,234,40,181,31,32,545,124,1115,1223,53,178,56,14,3,67,19983,340,84,779,184,3117,680,171,126,997,248,2,0,1703,2255,3,117,3,968,39,599,77,6677,36,53,105,120,246,31099,47,96,55,21,219,127,0,2,30,147,2011,0,7968,40532,8320,92,59,13514,1866,81,97,50,75,107,14,76,74,875,31,30,327,13,64,37,49,527,2,0,207,53,24,58267,2243,8,45986,9122,224,7996,112,37,1300,411,375,0,49536,20671,3668,129,1311,18311,45,1743,1,2,64,1644,0,47,70,1791,843,157,655,64,24,6087,357,13899,97,365,2700,12851,29233,1241,53,80,2647,373,22,5212,0,20,15,3,403,51,106,2576,916,166,636,254,101,405,80,156,125,357,581,519,9192,22,29,3,61,0,129,55,325,583,821,0,5751,105,87,5267,1862,34225,442,7248,8871,2397,1742,4249,17052,27,7581,7876,5282,3074,9676,40150,1752,86,1092,56,3,30,67,38,28,14,1,1481,1,1837,1290,9,3,154401,5363,2134,8147,203,182,405,6073,2749,3845,61,13670,21,10080,14,49,830,2,22,75,38,396,475,1,37,64,43,65,27,203,93,2746,26,875,378,278,1611,88,26,46,40,39,24,21,491,81,890,350,29,290,220,198,299,92,28533,263,15908,162,52,45,36,78,33,235,1790,31,62,1275,23,220,26,591,72,55,45,55,8,39,1229,195,179,64,68,44,985,209,54,72,61,367,44,2,23,47,84,2,5412,6,4235,4,111,12,1058,144,8352,2080,1029,0,503,25,37,10,774,3798,487,3997,4126,193,163,222,32,10,165,2546,1180,280,280,19,185,15,0,3,59,11,472,23,463,27,34,59,194,2214,196,30706,410,1299,73,464,22666,244,36,11238,37256,78,73,74,23,28,181,191964,88,71,81,110,70,91,5456,18,1487,1339,1,46961,2158,2,58,1266,176,13,832,45,202,173,368,70,87,58,6235,54,85,35,138,56,334,19,1,712,39,356,25,21,29,4838,111,12,50,455,6,392,169,14,38,140,0,14787,2025,4098,347,2573,217,19,806,3,8066,1021,1496,35605,147,155,463,4,21,212,1664,75,61,123,231,58,7,4614,80,0,0,2402,798,5,4676,93,4342,7756,7852,840,6351,950,39,7802,19016,2468,6517,14450,14391,78,71,45,41,31,59,227,40,277,76,1289,0.0,0.0,0.0,0.0,0.0,0.0,0.0,0.0,0.0,0.0,0.0,0.0,0.0,0.0,0.0,0.0,0.0,0.0,0.0,0.0,0.0,0.0,0.0,0.0,0.0,0.0,0.0,0.0,0.0,0.0,0.0,0.0,0.0,0.0,0.0,0.0,0.0,0.0,0.0,0.0,0.0,0.0,0.0,0.0,0.0,0.0,0.0,0.0,0.0,0.0,0.0,0.0,0.0,0.0,0.0,0.0,0.0,0.0,0.0,0.0,0.0,0.0,0.0,0.0,0.0,0.0,0.0,0.0,0.0,0.0,0.0,0.0,0.0,0.0,0.0,0.0,0.0,0.0,0.0,0.0,0.0,0.0,0.0,0.0,0.0,0.0,0.0,0.0,0.0,0.0,0.0,0.0,0.0,0.0,0.0,0.0,0.0,0.0,0.0,0.0,0.0,0.0,0.0,0.0,0.0,0.0,0.0,0.0,0.0,0.0,0.0,0.0,0.0,0.0,0.0,0.0,0.0,0.0,0.0,0.0,0.0,0.0,0.0,0.0,0.0,0.0,0.0,0.0,0.0,0.0,0.0,0.0,0.0,0.0,0.0,0.0,0.0,0.0,0.0,0.0,0.0,0.0,0.0,0.0,0.0,0.0,0.0,0.0,0.0,0.0
ENCFF000VCX,0.058562103986938625,13462,7,221,1616,15,2284,198,16,14,10,17,116,109,196,923,718,97,29,141,228,8,35,4,3,3,49,1000,169,1191,128,11,43,9,78,75,18,82,1,0,322,443,3,25,2,1,23,271,1097,152,56,44,58,26,14,230,5,12,16,13,38,59,11,284,10,14,286,1,1568,1883,302,36,21,219,210,6,41,27,28,52,9,47,45,162,30,24,145,0,46,22,1,51,8,0,48,43,455,6481,430,4,1101,1496,108,1433,104,20,189,48,69,1,105,279,256,3,190,1265,99,843,12,76,70,342,34,1231,77,237,96,29,136,18,4,1081,381,498,520,228,438,1132,214,179,57,54,281,2304,14,169,7,5,0,1,75,8,19,396,202,23,156,1757,146,15,48,31,30,114,182,158,182,2,7,1,43,0,59,33,107,498,17,1,70,28,36,610,291,2054,88,1009,1069,602,1198,545,1201,10,1147,1289,400,383,978,760,233,44,209,23,3,26,33,8,3,2,2,144,9,1518,486,264,6,5832,1317,244,929,572,42,30,1450,610,1924,136,1527,9,1694,3,17,24,4,11,42,10,167,80,0,33,43,26,50,15,100,54,5,5,196,120,76,97,66,23,21,41,23,23,9,19,48,177,43,19,76,117,69,581,873,632,91,143,48,38,29,32,52,25,2,322,38,43,199,16,63,21,154,60,43,34,43,6,17,32,134,102,50,34,40,87,72,37,39,45,166,0,2,22,25,29,19,594,6,385,3,15,2,257,37,282,261,264,0,99,2,6,51,149,2109,83,156,83,44,54,121,6,7,27,573,157,133,49,0,10,4,1,1,31,22,115,25,153,26,32,70,2425,51,95,5011,16,237,40,208,871,100,13,449,1218,42,31,31,23,21,21,5299,58,31,44,18,55,57,1034,4,416,105,2,1054,292,5,15,238,17,3,296,29,45,13,144,53,742,136,134,33,39,10,48,27,55,25,3,42,3,71,2,1,7,110,22,13,21,1127,72,388,215,50,23,27,10,1372,90,610,237,490,49,17,120,0,1235,240,373,1746,63,543,23,5,14,109,19,50,37,76,432,42,0,121,60,0,3,148,162,0,173,12,1038,1566,1303,297,1474,197,17,3471,3672,532,1576,2653,3297,5,16,35,36,19,44,47,18,21,24,282,0.0,0.0,0.0,0.0,0.0,0.0,0.0,0.0,0.0,0.0,0.0,0.0,0.0,0.0,0.0,0.0,0.0,0.0,0.0,0.0,0.0,0.0,0.0,0.0,0.0,0.0,0.0,0.0,0.0,0.0,0.0,0.0,0.0,0.0,0.0,0.0,0.0,0.0,0.0,0.0,0.0,0.0,0.0,0.0,0.0,0.0,0.0,0.0,0.0,0.0,0.0,0.0,0.0,0.0,0.0,0.0,0.0,0.0,0.0,0.0,0.0,0.0,0.0,0.0,0.0,0.0,0.0,0.0,0.0,0.0,0.0,0.0,0.0,0.0,0.0,0.0,0.0,0.0,0.0,0.0,0.0,0.0,0.0,0.0,0.0,0.0,0.0,0.0,0.0,0.0,0.0,0.0,0.0,0.0,0.0,0.0,0.0,0.0,0.0,0.0,0.0,0.0,0.0,0.0,0.0,0.0,0.0,0.0,0.0,0.0,0.0,0.0,0.0,0.0,0.0,0.0,0.0,0.0,0.0,0.0,0.0,0.0,0.0,0.0,0.0,0.0,0.0,0.0,0.0,0.0,0.0,0.0,0.0,0.0,0.0,0.0,0.0,0.0,0.0,0.0,0.0,0.0,0.0,0.0,0.0,0.0,0.0,0.0,0.0,0.0
ENCFF000VQL,0.08594314465122109,4264,12,257,2435,47,5114,420,23,45,18,48,218,419,569,1339,2143,286,31,302,390,16,50,7,4,14,58,244,236,1698,276,17,21,40,130,136,8,134,3,4,565,863,3,65,5,0,44,396,1856,31,47,71,90,37,34,476,20,21,37,14,64,99,30,608,20,31,83,7,3033,3645,570,76,54,99,435,13,82,31,65,56,15,76,78,288,29,39,216,2,64,35,4,108,19,2,128,76,847,12691,772,6,2160,2973,190,2710,103,43,388,130,133,2,206,527,593,28,315,2322,202,2103,38,167,147,612,75,3286,85,490,213,92,238,59,10,2402,1102,157,2240,652,1086,2136,47,296,264,93,262,2679,20,42,14,12,2,2,150,27,71,708,355,37,305,2455,255,43,59,207,211,178,416,369,407,14,9,9,77,3,117,41,173,375,5,0,54,61,67,1075,480,3153,178,2201,2311,969,2388,958,1882,23,1988,2264,756,672,1644,1287,482,59,41,55,2,40,60,21,5,4,3,289,29,2752,806,1109,21,11891,2475,267,2009,1355,83,48,2817,1286,3563,358,3054,8,3036,7,18,60,22,11,54,21,214,141,7,42,55,51,55,30,155,108,17,17,274,221,128,188,91,22,44,46,27,22,18,49,81,315,96,29,109,168,126,895,1613,142,152,242,91,55,42,30,51,37,8,564,33,65,377,22,94,41,240,79,79,36,63,19,34,49,184,164,66,60,62,184,104,50,54,74,231,1,4,22,31,41,19,1054,9,682,3,44,8,445,62,494,481,476,5,163,8,8,138,284,4881,51,139,125,73,10,174,16,22,53,910,414,209,97,9,12,10,0,4,51,145,168,53,240,38,31,154,3807,39,137,8467,28,449,63,377,246,199,32,91,408,57,58,75,30,31,30,1025,77,66,78,26,94,88,1926,12,677,202,2,1964,436,2,23,384,70,8,475,45,110,18,204,90,1115,200,65,54,76,34,79,48,71,44,1,57,3,134,12,5,12,44,46,72,58,2195,139,677,359,94,39,65,21,2877,27,1067,152,879,104,11,237,0,2230,423,646,3133,136,1405,27,13,23,71,28,97,53,110,563,71,4,42,94,2,7,356,340,4,41,22,1784,2575,2010,427,2620,330,16,5113,6165,828,2720,4606,5777,29,16,53,75,23,71,122,21,34,51,458,0.0,0.0,0.0,0.0,0.0,0.0,0.0,0.0,0.0,0.0,0.0,0.0,0.0,0.0,0.0,0.0,0.0,0.0,0.0,0.0,0.0,0.0,0.0,0.0,0.0,0.0,0.0,0.0,0.0,0.0,0.0,0.0,0.0,0.0,0.0,0.0,0.0,0.0,0.0,0.0,0.0,0.0,0.0,0.0,0.0,0.0,0.0,0.0,0.0,0.0,0.0,0.0,0.0,0.0,0.0,0.0,0.0,0.0,0.0,0.0,0.0,0.0,0.0,0.0,0.0,0.0,0.0,0.0,0.0,0.0,0.0,0.0,0.0,0.0,0.0,0.0,0.0,0.0,0.0,0.0,0.0,0.0,0.0,0.0,0.0,0.0,0.0,0.0,0.0,0.0,0.0,0.0,0.0,0.0,0.0,0.0,0.0,0.0,0.0,0.0,0.0,0.0,0.0,0.0,0.0,0.0,0.0,0.0,0.0,0.0,0.0,0.0,0.0,0.0,0.0,0.0,0.0,0.0,0.0,0.0,0.0,0.0,0.0,0.0,0.0,0.0,0.0,0.0,0.0,0.0,0.0,0.0,0.0,0.0,0.0,0.0,0.0,0.0,0.0,0.0,0.0,0.0,0.0,0.0,0.0,0.0,0.0,0.0,0.0,0.0
ENCFF669NWL,0.13702704614458275,97448,88,3207,37872,486,118247,12460,611,764,360,782,5968,3309,5404,16170,26366,2602,1790,5043,6498,173,1024,79,273,215,1980,4981,5361,21185,5274,229,72,720,3827,3648,34,4266,110,11,9592,13450,272,534,129,24,991,9812,22423,403,1562,2590,2646,286,451,7550,146,604,382,588,2087,3059,202,6408,193,500,1407,187,36816,60211,7500,2297,1344,3457,8017,110,2637,1211,1332,1678,438,2232,2538,3574,771,1315,6560,103,1559,1386,44,1795,776,117,2761,947,6036,188021,10433,247,30138,47814,5298,41142,2699,1380,5625,2277,2855,116,4817,9199,11230,829,6727,43282,1828,40970,175,848,1014,8587,481,67463,2089,7079,2955,686,3045,393,279,42918,5779,2208,14746,6660,16098,36530,154,6901,4022,2270,5054,33547,838,475,115,205,112,29,2748,758,701,12861,5135,530,4857,35640,2445,480,2853,5214,4009,3575,5564,6495,7949,116,252,102,1963,115,2326,1056,1081,428,12,25,825,583,2520,14784,7597,50386,3764,24853,38005,14490,25223,18663,34096,336,31614,40633,12326,11998,31702,22269,5294,1425,387,320,22,1371,2217,243,118,70,75,5002,349,33205,9152,8759,775,162368,37301,4771,25978,13506,1638,738,36764,15585,41673,2099,51364,131,52002,166,306,1128,88,662,1753,313,6874,3139,91,1356,1261,1313,2071,1091,4731,2356,158,324,7811,5557,2675,4007,3113,676,1704,1573,886,555,477,431,2045,5263,1179,724,1997,4694,3276,9110,32258,4407,4326,4387,2106,1716,1361,1250,1728,947,72,11031,1115,3105,7494,699,2832,1070,6071,3335,2159,1924,1836,219,877,737,4859,3477,1891,1549,1404,3591,3170,1984,1228,2172,4947,32,43,773,1600,1167,612,17523,661,12157,56,277,100,7543,949,10049,8494,9462,132,3755,501,166,1752,4022,77621,813,2571,4171,1523,61,3716,120,1756,2178,26824,6521,6037,2215,245,283,559,35,371,1139,1215,2692,1521,5832,1135,878,1894,67319,345,3043,142644,755,8423,1959,11154,5817,3275,510,686,6142,1539,2158,2237,605,508,157,51607,2966,2058,2018,640,1976,2269,33228,288,21064,1834,196,38283,10893,70,633,8327,1482,298,10818,1473,1458,477,6576,1939,31579,1788,929,1367,2146,1244,1489,1798,1975,1151,89,1885,115,3227,472,294,215,349,716,267,837,26847,1023,8208,3924,721,1012,1534,564,40933,315,14817,2040,13212,3089,113,3440,22,46174,8350,13264,53247,1818,19258,194,554,789,2017,1034,1797,1625,1871,6250,1777,20,218,1946,50,164,4211,4120,28,305,185,34386,37738,30710,7791,38284,5882,573,67030,98391,13575,37575,75358,93215,308,97,1298,1258,598,1745,1123,807,395,1090,8645,0.0,0.0,0.0,0.0,0.0,0.0,0.0,0.0,0.0,0.0,0.0,0.0,0.0,0.0,0.0,0.0,0.0,0.0,0.0,0.0,0.0,0.0,0.0,0.0,0.0,0.0,0.0,0.0,0.0,0.0,0.0,0.0,0.0,0.0,0.0,0.0,0.0,0.0,0.0,0.0,0.0,0.0,0.0,0.0,0.0,0.0,0.0,0.0,0.0,0.0,0.0,0.0,0.0,0.0,0.0,0.0,0.0,0.0,0.0,0.0,0.0,0.0,0.0,0.0,0.0,0.0,0.0,0.0,0.0,0.0,0.0,0.0,0.0,0.0,0.0,0.0,0.0,0.0,0.0,0.0,0.0,0.0,0.0,0.0,0.0,0.0,0.0,0.0,0.0,0.0,0.0,0.0,0.0,0.0,0.0,0.0,0.0,0.0,0.0,0.0,0.0,0.0,0.0,0.0,0.0,0.0,0.0,0.0,0.0,0.0,0.0,0.0,0.0,0.0,0.0,0.0,0.0,0.0,0.0,0.0,0.0,0.0,0.0,0.0,0.0,0.0,0.0,0.0,0.0,0.0,0.0,0.0,0.0,0.0,0.0,0.0,0.0,0.0,0.0,0.0,0.0,0.0,0.0,0.0,0.0,0.0,0.0,0.0,0.0,0.0
ENCFF033RQX,0.1386859723273958,80236,121,2915,38594,555,127627,11259,528,522,315,695,5257,2987,6043,16539,28356,2476,1462,5718,5849,118,874,75,251,194,1747,4264,4599,20496,4488,192,55,613,3294,3109,31,3513,113,10,8624,11180,217,484,131,25,879,8462,22179,306,1400,2282,2297,243,451,6044,125,531,402,500,1645,2650,355,9311,269,357,1110,170,38522,55790,6075,1907,1134,3000,6614,65,2249,984,1186,1432,393,2049,2182,2983,666,1178,5952,72,1460,1282,48,1362,823,106,2838,889,8566,167344,9039,225,25833,40459,4718,35155,2300,1202,4631,1947,2488,82,4057,7785,9717,623,5681,39150,1859,54496,207,1106,1228,7619,587,89244,2074,6405,2651,652,2480,208,238,33925,6863,1717,17724,8124,12949,31553,118,6214,5481,1839,4135,39592,678,409,100,135,79,45,2172,640,589,11372,4305,480,4225,36227,2277,424,2403,4086,3420,3047,4842,5831,6750,100,226,70,1696,80,2026,916,785,276,10,21,722,486,2093,12316,6464,43005,3371,22770,35386,13804,26493,16611,30409,292,27410,35360,10030,10248,26956,19195,4687,1240,271,428,32,1274,2019,195,97,46,59,4384,341,38751,9015,11187,535,155947,34960,4024,23123,15868,1537,669,34745,16032,44920,2972,45168,133,43887,144,276,935,86,575,1502,296,6043,2541,76,1158,1059,1144,1788,897,3871,2042,134,207,6748,4742,2348,3407,2874,595,1548,1337,799,486,401,327,1737,5055,1152,612,1677,4042,2809,8478,37309,3958,3812,3757,1875,1427,1158,1112,1489,819,44,9286,905,2654,6365,550,2441,908,5408,3070,1796,1862,1633,165,718,654,4286,2967,1645,1239,1381,2941,2763,1625,1029,1957,4276,31,31,735,1424,759,377,14303,378,9780,38,231,91,6502,769,8139,7396,8376,123,3175,385,145,1627,3534,82292,664,2133,3402,1277,47,3141,232,1390,1838,22977,7005,5269,1854,153,297,440,38,335,1054,1090,2257,1339,5089,974,771,1879,69236,293,2699,123144,660,7093,1672,9758,4679,2845,488,503,4788,1322,1894,1846,599,442,148,41198,2529,1637,1729,609,1674,1995,29120,259,18496,1568,110,32300,9004,35,549,6310,1198,247,9716,1264,1099,364,5736,1622,30360,1788,899,1218,1833,1032,1253,1529,1557,924,78,1572,84,2802,384,275,141,269,548,291,912,27298,1158,7801,4032,719,914,1320,501,35444,264,12327,1805,11150,2511,99,2854,23,40084,7140,11417,46435,1830,20459,153,473,655,1742,928,1595,1385,1708,5628,1528,11,145,1714,41,129,3326,3516,25,227,149,28999,33812,26971,6809,32470,5013,806,61539,84905,12384,34150,65753,80231,272,81,1118,1026,529,1535,897,659,334,935,7539,0.0,0.0,0.0,0.0,0.0,0.0,0.0,0.0,0.0,0.0,0.0,0.0,0.0,0.0,0.0,0.0,0.0,0.0,0.0,0.0,0.0,0.0,0.0,0.0,0.0,0.0,0.0,0.0,0.0,0.0,0.0,0.0,0.0,0.0,0.0,0.0,0.0,0.0,0.0,0.0,0.0,0.0,0.0,0.0,0.0,0.0,0.0,0.0,0.0,0.0,0.0,0.0,0.0,0.0,0.0,0.0,0.0,0.0,0.0,0.0,0.0,0.0,0.0,0.0,0.0,0.0,0.0,0.0,0.0,0.0,0.0,0.0,0.0,0.0,0.0,0.0,0.0,0.0,0.0,0.0,0.0,0.0,0.0,0.0,0.0,0.0,0.0,0.0,0.0,0.0,0.0,0.0,0.0,0.0,0.0,0.0,0.0,0.0,0.0,0.0,0.0,0.0,0.0,0.0,0.0,0.0,0.0,0.0,0.0,0.0,0.0,0.0,0.0,0.0,0.0,0.0,0.0,0.0,0.0,0.0,0.0,0.0,0.0,0.0,0.0,0.0,0.0,0.0,0.0,0.0,0.0,0.0,0.0,0.0,0.0,0.0,0.0,0.0,0.0,0.0,0.0,0.0,0.0,0.0,0.0,0.0,0.0,0.0,0.0,0.0
ENCFF031NAI,0.11167906287314373,39905,142,4538,31318,1120,89875,5364,231,428,223,538,2770,4389,8361,15036,27179,3320,394,4970,7085,252,549,86,37,17,584,205,2774,21874,3011,328,218,395,1245,1136,42,1407,46,6,7689,11546,185,644,32,22,351,4870,23157,15,417,725,1086,494,367,8886,142,335,435,89,614,1228,630,11361,1058,435,110,12,51233,50115,8469,678,525,766,6217,116,834,335,529,631,130,667,784,4340,299,369,3056,8,673,337,22,1249,178,12,1451,1124,16873,178491,13269,138,33051,44838,1970,39278,759,458,5774,2056,1788,7,3792,9405,9024,47,5296,32595,3031,27664,899,3972,3669,10256,1917,36557,1189,7024,3801,972,3066,401,103,34790,12015,162,22357,8100,20434,27924,74,4485,1346,749,3840,37361,268,199,84,123,43,34,1866,313,513,13383,4999,701,4234,33882,2931,428,772,702,693,2630,5405,4577,7202,62,161,17,748,15,1483,457,1028,454,9,22,336,727,714,18489,7111,50766,2142,30883,35522,14480,31449,13350,26852,210,32166,37870,14453,10647,25371,18471,5513,926,34,722,44,348,633,155,99,11,19,4460,250,34740,11996,10044,86,202231,36323,3602,29706,21093,864,593,45335,19058,56359,5953,48844,310,45812,21,478,925,57,214,664,219,3325,2121,201,444,652,468,712,285,1834,829,1264,174,3718,2741,1543,3531,734,265,409,487,253,263,216,1240,771,7211,1155,295,1604,1943,1740,11771,50405,331,1600,4451,1120,571,446,463,678,372,618,7662,322,463,5523,251,2143,242,3960,801,685,460,662,753,319,543,1834,2063,578,683,466,2893,1217,418,628,640,3505,20,44,296,454,609,196,14018,33,10706,18,595,151,5428,871,7541,7422,6501,11,2096,64,319,382,3698,72933,539,1830,3211,979,60,2594,95,128,524,13876,5175,2444,1070,19,266,147,10,34,559,806,2330,392,4406,361,325,1959,40148,300,1947,142467,351,4979,706,3504,389,2240,198,93,3429,564,656,696,273,281,198,1315,780,636,675,378,756,867,24778,45,8754,2741,16,30633,7089,317,202,7057,394,53,6024,657,2207,274,2358,788,15192,3429,587,667,798,330,755,602,1620,375,12,1229,13,1936,385,77,140,451,111,842,867,31006,3395,8879,7156,1859,522,1031,32,36542,58,16291,1557,13383,1035,333,2812,28,30392,6430,9365,46198,7354,16186,194,128,231,623,290,791,513,1342,5804,663,136,167,732,1,8,3911,3757,5,122,187,23681,47436,31647,7904,36990,3945,647,69008,101391,14978,47513,69360,85185,234,239,564,502,181,609,1545,351,461,560,6850,0.0,0.0,0.0,0.0,0.0,0.0,0.0,0.0,0.0,0.0,0.0,0.0,0.0,0.0,0.0,0.0,0.0,0.0,0.0,0.0,0.0,0.0,0.0,0.0,0.0,0.0,0.0,0.0,0.0,0.0,0.0,0.0,0.0,0.0,0.0,0.0,0.0,0.0,0.0,0.0,0.0,0.0,0.0,0.0,0.0,0.0,0.0,0.0,0.0,0.0,0.0,0.0,0.0,0.0,0.0,0.0,0.0,0.0,0.0,0.0,0.0,0.0,0.0,0.0,0.0,0.0,0.0,0.0,0.0,0.0,0.0,0.0,0.0,0.0,0.0,0.0,0.0,0.0,0.0,0.0,0.0,0.0,0.0,0.0,0.0,0.0,0.0,0.0,0.0,0.0,0.0,0.0,0.0,0.0,0.0,0.0,0.0,0.0,0.0,0.0,0.0,0.0,0.0,0.0,0.0,0.0,0.0,0.0,0.0,0.0,0.0,0.0,0.0,0.0,0.0,0.0,0.0,0.0,0.0,0.0,0.0,0.0,0.0,0.0,0.0,0.0,0.0,0.0,0.0,0.0,0.0,0.0,0.0,0.0,0.0,0.0,0.0,0.0,0.0,0.0,0.0,0.0,0.0,0.0,0.0,0.0,0.0,0.0,0.0,0.0
ENCFF431RGV,0.12157207544299782,111180,3039,7605,39336,362,71180,20915,400,713,730,1462,4943,3443,10178,13520,18160,6110,1529,23429,13601,559,2303,331,380,340,2527,3185,5111,27316,11282,815,460,1248,2682,2399,108,4470,130,59,19147,31223,213,2392,41,1077,2094,11633,15947,370,778,907,1512,1549,1090,20746,659,1181,1331,991,2305,2906,487,8683,1508,1909,870,167,88695,121587,22863,1498,702,2369,17666,1035,1716,503,926,1258,180,964,1801,10381,409,439,4969,76,905,483,118,4538,910,316,3430,1420,13023,434666,30716,209,82008,110390,4981,94323,2175,576,17289,5377,5628,88,8946,22238,22049,536,9551,94253,3289,34397,166,740,2231,23378,346,29751,1543,16820,7919,3117,8794,1110,402,102145,15718,2198,33124,11148,49111,84084,490,8378,17159,1583,9260,49243,2014,1080,166,349,159,240,7635,1074,1894,23805,15526,2109,10713,33799,3366,1592,1681,6956,5630,7278,12524,11087,19375,305,505,222,1084,96,2376,525,5025,719,51,35,756,2311,1534,43420,20022,122312,3755,60533,78277,32858,37097,27765,49872,689,75075,84646,32740,26684,63491,53512,17485,1692,639,2936,158,512,994,566,274,233,146,9326,743,43742,18698,9051,1929,974058,96622,8078,76319,20188,3794,1497,97758,51628,94528,2409,142866,540,140472,178,1036,1846,275,265,1344,1207,6797,7167,136,557,1040,539,983,453,4124,2243,1273,899,9519,6991,5037,10151,1265,261,609,887,319,320,291,1846,996,12067,1958,348,4179,4164,3787,11764,30482,1555,3917,10767,1921,1186,1076,609,1054,384,845,23956,575,936,14300,435,3030,412,8772,858,1400,474,904,1439,372,1359,2868,2961,791,957,782,6289,2500,794,781,860,5723,94,104,400,567,1804,498,46427,1001,30661,91,1475,250,17423,2469,22649,17704,16547,172,8445,385,592,9172,11859,107044,2001,6472,4318,2732,63,5266,710,1074,2505,40089,22705,5346,4269,96,747,485,95,142,671,5316,7788,1224,8704,506,539,2764,48248,611,2629,340325,2112,15726,1205,10228,4095,5134,404,1383,11510,708,1648,1722,427,526,613,17844,1982,1281,1698,1128,1525,2081,71158,253,22229,5766,228,79313,21480,175,818,15166,3101,178,11946,870,5165,949,5756,1476,23701,2304,1728,903,1699,497,1638,1038,4431,2864,129,2634,141,4032,1012,32,577,1430,2043,1208,2979,29492,822,7991,6499,770,909,3320,1167,119416,320,47700,3085,37261,4394,1180,8119,57,95127,16843,30224,127133,4517,19725,386,1829,368,1069,1955,1850,698,2278,20082,1551,74,1132,1063,176,219,12897,12500,37,928,534,69870,95166,61813,18034,97797,11279,865,133298,232843,26774,92691,167194,212609,552,499,722,690,266,953,4583,745,1495,2014,16144,0.0,0.0,0.0,0.0,0.0,0.0,0.0,0.0,0.0,0.0,0.0,0.0,0.0,0.0,0.0,0.0,0.0,0.0,0.0,0.0,0.0,0.0,0.0,0.0,0.0,0.0,0.0,0.0,0.0,0.0,0.0,0.0,0.0,0.0,0.0,0.0,0.0,0.0,0.0,0.0,0.0,0.0,0.0,0.0,0.0,0.0,0.0,0.0,0.0,0.0,0.0,0.0,0.0,0.0,0.0,0.0,0.0,0.0,0.0,0.0,0.0,0.0,0.0,0.0,0.0,0.0,0.0,0.0,0.0,0.0,0.0,0.0,0.0,0.0,0.0,0.0,0.0,0.0,0.0,0.0,0.0,0.0,0.0,0.0,0.0,0.0,0.0,0.0,0.0,0.0,0.0,0.0,0.0,0.0,0.0,0.0,0.0,0.0,0.0,0.0,0.0,0.0,0.0,0.0,0.0,0.0,0.0,0.0,0.0,0.0,0.0,0.0,0.0,0.0,0.0,0.0,0.0,0.0,0.0,0.0,0.0,0.0,0.0,0.0,0.0,0.0,0.0,0.0,0.0,0.0,0.0,0.0,0.0,0.0,0.0,0.0,0.0,0.0,0.0,0.0,0.0,0.0,0.0,0.0,0.0,0.0,0.0,0.0,0.0,0.0
ENCFF000BPW,0.12357351965948242,17652,116,1713,23387,646,85983,3912,153,457,164,315,1460,4881,8101,10383,31667,3020,301,3960,2639,130,393,40,47,43,454,45,1860,24978,2186,136,80,235,1049,944,10,1052,35,11,3908,7221,61,408,16,35,415,3189,11827,4,353,561,779,284,268,5352,89,197,231,96,473,833,298,11671,438,372,14,34,30917,25924,5914,666,449,621,3836,146,767,348,506,518,132,587,691,2795,271,303,1930,5,495,297,11,787,138,19,608,770,12107,88300,5387,78,14854,22886,1470,19413,688,332,3492,937,795,20,2053,5169,4492,65,2973,18358,2540,32419,555,2147,1691,4734,967,45156,784,3032,1365,479,1735,260,113,16434,12422,49,20664,7287,8943,16215,12,2209,2744,667,1954,29180,452,106,90,66,26,43,1243,178,310,5759,2489,439,2228,22610,1924,287,650,1152,1381,1907,1992,1728,5680,72,92,45,568,7,952,345,453,928,6,1,264,468,579,9351,3460,25629,1202,19894,18725,7069,23818,7836,14699,221,15227,17850,7893,5089,15457,9279,3381,477,15,605,20,258,560,110,90,14,87,1886,392,24018,6816,12430,99,133193,20432,1631,15473,21835,580,327,21533,10369,36720,4565,23962,106,23121,44,190,457,80,184,542,192,2591,1903,121,385,550,354,547,265,1473,843,1328,160,2468,2155,1063,2953,623,151,372,413,230,260,164,1207,631,3148,884,253,1008,1320,1227,6474,15611,55,1431,3267,739,402,331,365,519,238,893,4370,320,446,4144,246,928,270,2268,579,549,291,533,282,290,283,1335,1261,489,510,422,1929,785,432,460,503,2056,5,24,258,319,410,116,8071,63,5956,11,340,41,3617,507,4300,3371,4403,17,1449,127,172,1231,2033,56767,323,1104,2274,570,2,1471,95,378,376,8507,4472,1559,749,51,213,77,9,76,372,666,1191,303,1989,309,320,847,36732,189,1112,65152,300,3336,561,3080,154,1557,223,26,1845,468,601,619,296,264,111,440,740,562,615,216,661,790,13980,79,5671,1300,13,18148,4088,34,138,3255,373,32,3450,485,790,195,1768,634,12516,2012,262,493,668,314,647,447,1186,304,22,581,36,1036,149,51,125,188,343,809,399,23519,1891,5292,4030,1199,319,447,86,21671,40,7866,901,7323,834,224,1417,16,16079,3109,5019,24781,908,14390,108,140,256,460,264,650,431,1282,4063,550,34,74,584,8,19,2194,2312,6,28,104,12412,19893,17246,3724,17318,2063,155,41582,46238,7017,19837,32298,40730,289,103,406,452,135,487,1000,142,230,429,3304,0.0,0.0,0.0,0.0,0.0,0.0,0.0,0.0,0.0,0.0,0.0,0.0,0.0,0.0,0.0,0.0,0.0,0.0,0.0,0.0,0.0,0.0,0.0,0.0,0.0,0.0,0.0,0.0,0.0,0.0,0.0,0.0,0.0,0.0,0.0,0.0,0.0,0.0,0.0,0.0,0.0,0.0,0.0,0.0,0.0,0.0,0.0,0.0,0.0,0.0,0.0,0.0,0.0,0.0,0.0,0.0,0.0,0.0,0.0,0.0,0.0,0.0,0.0,0.0,0.0,0.0,0.0,0.0,0.0,0.0,0.0,0.0,0.0,0.0,0.0,0.0,0.0,0.0,0.0,0.0,0.0,0.0,0.0,0.0,0.0,0.0,0.0,0.0,0.0,0.0,0.0,0.0,0.0,0.0,0.0,0.0,0.0,0.0,0.0,0.0,0.0,0.0,0.0,0.0,0.0,0.0,0.0,0.0,0.0,0.0,0.0,0.0,0.0,0.0,0.0,0.0,0.0,0.0,0.0,0.0,0.0,0.0,0.0,0.0,0.0,0.0,0.0,0.0,0.0,0.0,0.0,0.0,0.0,0.0,0.0,0.0,0.0,0.0,0.0,0.0,0.0,0.0,0.0,0.0,0.0,0.0,0.0,0.0,0.0,0.0
ENCFF000ZQW,0.07318936420538741,1992,12,194,1618,34,2925,281,24,28,15,31,141,240,444,878,1202,226,19,284,247,18,27,4,4,3,37,45,149,1718,195,16,12,23,105,69,3,97,1,2,372,551,1,28,1,5,23,297,1519,6,28,53,59,22,24,393,9,16,23,6,45,59,32,765,6,25,26,2,2519,2691,412,54,41,63,354,12,61,31,43,37,13,45,58,209,32,18,157,1,37,20,0,73,9,0,75,64,733,8495,556,4,1468,2046,125,1866,77,27,266,97,83,2,135,368,368,3,235,1695,165,1421,32,91,92,462,44,2002,59,302,132,40,190,25,3,1619,698,39,915,416,737,1431,5,212,185,46,175,1455,20,21,7,7,1,4,125,13,29,512,253,31,204,1696,178,21,40,63,58,163,251,195,282,5,7,4,40,3,107,36,142,589,3,0,29,39,52,850,341,2301,107,1551,1737,759,1420,645,1401,17,1366,1680,572,475,1202,938,334,38,13,36,6,22,46,6,3,3,13,222,19,1727,606,645,12,11140,1808,180,1402,1307,66,30,2011,888,2847,229,2295,7,2343,1,20,46,14,7,51,12,161,121,3,32,54,26,50,32,106,69,9,9,222,132,78,138,53,15,32,24,15,22,17,30,60,233,72,27,88,105,94,580,1003,31,97,180,70,30,24,36,23,23,10,394,29,31,265,15,74,29,172,56,70,31,42,12,22,16,139,110,32,48,34,137,49,42,37,39,138,0,0,31,19,34,17,733,0,482,5,32,6,313,58,325,284,360,2,120,5,18,76,196,3413,34,115,127,66,5,127,4,10,34,679,370,148,83,2,10,11,1,2,39,69,128,28,184,35,27,64,2482,19,110,6279,27,307,39,273,72,110,24,31,216,45,28,43,34,27,12,298,58,47,53,15,73,61,1301,8,513,144,6,1383,356,1,19,319,35,2,325,38,104,18,149,55,675,148,33,46,45,23,46,41,65,34,1,59,0,98,6,4,11,18,45,45,29,2130,114,509,275,87,28,52,11,2068,8,806,102,687,72,14,190,0,1390,268,504,2090,76,795,12,7,9,38,37,54,31,77,359,33,3,15,56,1,2,195,235,2,8,8,1251,1931,1464,337,1847,239,33,3492,4451,671,1945,3287,4053,22,22,48,41,15,41,73,10,20,24,322,0.0,0.0,0.0,0.0,0.0,0.0,0.0,0.0,0.0,0.0,0.0,0.0,0.0,0.0,0.0,0.0,0.0,0.0,0.0,0.0,0.0,0.0,0.0,0.0,0.0,0.0,0.0,0.0,0.0,0.0,0.0,0.0,0.0,0.0,0.0,0.0,0.0,0.0,0.0,0.0,0.0,0.0,0.0,0.0,0.0,0.0,0.0,0.0,0.0,0.0,0.0,0.0,0.0,0.0,0.0,0.0,0.0,0.0,0.0,0.0,0.0,0.0,0.0,0.0,0.0,0.0,0.0,0.0,0.0,0.0,0.0,0.0,0.0,0.0,0.0,0.0,0.0,0.0,0.0,0.0,0.0,0.0,0.0,0.0,0.0,0.0,0.0,0.0,0.0,0.0,0.0,0.0,0.0,0.0,0.0,0.0,0.0,0.0,0.0,0.0,0.0,0.0,0.0,0.0,0.0,0.0,0.0,0.0,0.0,0.0,0.0,0.0,0.0,0.0,0.0,0.0,0.0,0.0,0.0,0.0,0.0,0.0,0.0,0.0,0.0,0.0,0.0,0.0,0.0,0.0,0.0,0.0,0.0,0.0,0.0,0.0,0.0,0.0,0.0,0.0,0.0,0.0,0.0,0.0,0.0,0.0,0.0,0.0,0.0,0.0
ENCFF000VQQ,0.24237465392409116,74609,317,4288,45944,1393,152332,9376,453,1148,376,775,3737,11215,18225,25762,74196,6617,723,11867,7798,236,1025,150,122,162,1386,3080,4625,47590,5490,370,261,679,2573,2494,94,3013,67,20,9389,15295,137,927,56,100,1181,7831,35004,399,668,1449,2090,686,464,8430,268,573,624,296,1357,1821,1220,22618,428,823,919,61,71526,64521,10019,1713,1036,1953,6845,415,1894,739,1205,1324,330,1371,1759,4960,577,747,4584,38,1270,647,32,1883,471,81,1717,1796,22283,237961,14314,165,38499,54713,3791,47080,1738,865,7395,2102,2312,50,3858,9962,10724,316,5119,43389,5458,61580,1072,4251,3512,12413,1838,88821,1935,7958,4039,1169,3882,619,269,42534,29384,1522,40585,16475,14681,38047,528,5598,8929,1651,4666,69280,1179,792,223,179,90,41,3467,570,673,13399,6807,1084,6287,47224,4150,654,1808,2761,2733,3869,5548,5053,7209,174,234,126,1492,64,2503,794,1437,2130,58,0,833,1040,1645,19863,10226,60786,2761,48665,47957,18153,38388,17104,34400,623,37329,43569,14762,12457,31355,25081,9187,1089,699,1515,44,782,1309,266,135,88,28,4660,881,49126,15001,32927,447,316169,53075,4670,37845,45389,1753,759,55234,28637,85929,9688,61686,270,61606,66,481,977,107,424,1516,383,4864,3196,28,883,1259,848,1359,582,3586,2220,238,316,6319,4293,3015,3247,1651,450,934,1093,516,504,376,566,1484,6601,1704,555,2434,3147,3002,14466,26806,1655,3272,3922,1781,1244,1050,951,1479,678,164,10909,694,1194,7474,536,2262,524,4836,1429,1535,812,1296,183,650,812,3119,3314,1177,1320,986,3304,1983,1123,1064,1360,4844,45,52,616,933,792,411,21058,318,13402,38,738,60,9370,1112,9973,8817,10088,104,4247,341,218,4642,5542,128734,1082,2980,2805,1382,167,3517,368,1467,1144,21792,12827,3274,2024,77,268,212,49,113,977,2323,3338,1003,4491,736,621,3375,83603,588,2549,166031,884,8418,1491,8193,3362,3707,400,1355,7699,1148,1671,1667,445,588,352,17989,1887,1494,1622,563,1704,1987,34871,212,13766,3073,108,35144,9089,55,406,7706,1311,127,8447,1158,1725,445,4582,1763,27457,3587,1093,991,1671,590,1869,1274,1934,1217,72,1323,68,2347,207,99,268,816,768,1757,1442,49219,3912,13052,8234,2289,684,1332,530,50091,301,20849,2502,16983,2248,575,3943,22,46370,8059,15002,59407,1775,27387,392,320,536,1338,718,1712,1060,1839,11869,1564,70,626,1423,44,110,5913,6097,35,614,278,34858,51066,38582,9976,49612,5594,1037,90654,119721,16766,52953,84675,107591,712,260,1016,919,283,1172,1813,360,669,1037,9396,0.0,0.0,0.0,0.0,0.0,0.0,0.0,0.0,0.0,0.0,0.0,0.0,0.0,0.0,0.0,0.0,0.0,0.0,0.0,0.0,0.0,0.0,0.0,0.0,0.0,0.0,0.0,0.0,0.0,0.0,0.0,0.0,0.0,0.0,0.0,0.0,0.0,0.0,0.0,0.0,0.0,0.0,0.0,0.0,0.0,0.0,0.0,0.0,0.0,0.0,0.0,0.0,0.0,0.0,0.0,0.0,0.0,0.0,0.0,0.0,0.0,0.0,0.0,0.0,0.0,0.0,0.0,0.0,0.0,0.0,0.0,0.0,0.0,0.0,0.0,0.0,0.0,0.0,0.0,0.0,0.0,0.0,0.0,0.0,0.0,0.0,0.0,0.0,0.0,0.0,0.0,0.0,0.0,0.0,0.0,0.0,0.0,0.0,0.0,0.0,0.0,0.0,0.0,0.0,0.0,0.0,0.0,0.0,0.0,0.0,0.0,0.0,0.0,0.0,0.0,0.0,0.0,0.0,0.0,0.0,0.0,0.0,0.0,0.0,0.0,0.0,0.0,0.0,0.0,0.0,0.0,0.0,0.0,0.0,0.0,0.0,0.0,0.0,0.0,0.0,0.0,0.0,0.0,0.0,0.0,0.0,0.0,0.0,0.0,0.0
ENCFF000BGD,0.1132510283560503,20524,30,2049,10622,283,33174,6625,107,198,133,294,1541,1355,3286,5241,7528,1690,300,2618,3525,130,517,65,18,20,371,31,1647,13651,2678,181,92,231,1098,1112,9,1649,16,6,5482,7977,31,409,7,6,839,3286,6493,11,249,460,501,347,245,7469,85,210,214,43,453,565,96,4359,255,225,18,11,23104,34081,8447,586,250,494,9080,182,867,217,283,382,72,386,1011,2684,177,165,1550,4,328,174,14,886,73,9,846,578,5926,103207,6785,43,18731,27004,1594,24225,1465,212,4319,1403,1267,11,2760,6410,6549,30,2955,26831,1261,17611,256,951,959,5675,421,20352,836,4074,1858,502,2253,239,86,22809,5097,43,7622,3095,13164,20729,6,2280,1245,763,2287,16043,275,100,32,85,16,26,1455,229,457,7539,3224,430,2528,11590,1197,282,758,465,492,1645,4777,4775,5892,42,105,15,417,8,675,229,1397,1168,8,3,196,422,726,13699,4550,30804,1154,15951,20952,9134,15222,8927,15677,136,19439,22625,9400,7052,19391,11726,3822,473,35,411,32,237,347,159,61,16,48,2266,115,19528,6119,3704,610,124085,22096,1835,16526,8735,915,597,22806,10232,25277,1650,33697,96,34619,51,263,380,27,108,677,539,2060,1747,38,230,356,199,329,131,1825,1134,900,112,2379,2303,1129,5359,445,157,219,308,117,154,92,784,405,3317,452,156,1037,1412,1198,3992,8789,80,1579,3426,600,557,477,241,410,196,474,5772,162,290,4235,147,953,155,2605,377,544,213,315,426,160,292,944,1029,303,328,233,1896,645,272,259,327,1600,6,16,137,214,686,82,11295,34,7937,6,388,70,4402,771,6476,3784,4941,25,1527,50,143,600,2686,27262,444,1808,2148,657,8,1555,130,115,442,8235,3387,1136,930,16,155,89,2,28,254,381,1379,671,2125,161,186,531,14604,146,822,79630,196,4612,484,3144,206,1173,97,14,2058,294,782,786,122,139,131,535,885,516,883,309,753,954,16622,34,6108,1344,7,22959,5132,242,205,5265,738,44,3347,276,2145,224,2291,618,6553,1193,296,282,808,170,633,284,1324,300,8,707,14,1177,122,10,128,239,100,287,343,7625,786,3054,2350,497,254,574,44,27007,23,8470,704,8873,986,138,1694,7,18349,4245,6318,30460,1154,5474,107,80,134,277,122,884,272,822,2568,698,21,105,366,10,11,2852,3070,6,41,220,16262,23789,17096,3761,22208,2526,389,36656,55825,8385,22990,41111,50368,177,115,255,220,61,317,1421,181,272,309,4112,0.0,0.0,0.0,0.0,0.0,0.0,0.0,0.0,0.0,0.0,0.0,0.0,0.0,0.0,0.0,0.0,0.0,0.0,0.0,0.0,0.0,0.0,0.0,0.0,0.0,0.0,0.0,0.0,0.0,0.0,0.0,0.0,0.0,0.0,0.0,0.0,0.0,0.0,0.0,0.0,0.0,0.0,0.0,0.0,0.0,0.0,0.0,0.0,0.0,0.0,0.0,0.0,0.0,0.0,0.0,0.0,0.0,0.0,0.0,0.0,0.0,0.0,0.0,0.0,0.0,0.0,0.0,0.0,0.0,0.0,0.0,0.0,0.0,0.0,0.0,0.0,0.0,0.0,0.0,0.0,0.0,0.0,0.0,0.0,0.0,0.0,0.0,0.0,0.0,0.0,0.0,0.0,0.0,0.0,0.0,0.0,0.0,0.0,0.0,0.0,0.0,0.0,0.0,0.0,0.0,0.0,0.0,0.0,0.0,0.0,0.0,0.0,0.0,0.0,0.0,0.0,0.0,0.0,0.0,0.0,0.0,0.0,0.0,0.0,0.0,0.0,0.0,0.0,0.0,0.0,0.0,0.0,0.0,0.0,0.0,0.0,0.0,0.0,0.0,0.0,0.0,0.0,0.0,0.0,0.0,0.0,0.0,0.0,0.0,0.0
ENCFF729VCJ,0.16038678769449777,63874,248,2633,77222,1112,335175,10201,523,317,311,501,5074,2997,8845,28810,45403,2456,808,8999,6318,97,734,67,92,68,1607,3472,5527,66267,4508,209,108,665,3532,3233,38,3497,21,3,9227,12024,86,586,88,66,1020,9063,57520,357,957,2364,2588,389,311,5681,143,442,267,196,930,2419,653,27666,514,1118,977,77,67556,50326,6072,2229,1325,2972,5342,253,2513,1113,1424,1643,456,2187,2176,3682,763,1459,6559,34,1600,1322,37,1141,308,51,1667,1835,32542,207351,10776,171,28267,42884,4451,36833,2248,1224,4989,1765,2198,49,3979,8327,9281,342,6128,36258,2809,101902,310,1719,2058,8363,746,167960,2425,6877,2924,483,2415,294,83,29196,10212,1358,46255,10208,10852,29549,142,6663,9895,2214,4222,48657,743,368,189,93,45,53,2384,488,315,12306,3916,448,4707,72777,5339,459,2345,1994,1170,3304,4062,3851,5942,64,146,64,2105,44,2558,1192,1334,245,17,25,898,645,2146,13447,6493,45892,3525,31757,43105,17873,49331,19476,37093,409,28762,35962,9904,9480,28111,18634,6490,1234,368,1309,54,1271,2140,148,29,41,47,4356,159,63620,16750,15992,653,240146,48736,4837,30329,43086,1271,532,46627,24661,86269,3792,40022,96,38668,12,406,703,24,550,1654,319,6584,3221,31,1389,1401,1178,1881,864,4321,2564,211,265,7833,4914,2603,2842,2974,723,1520,1546,784,589,441,349,2291,7351,1517,727,1963,4007,3305,18630,52903,2715,4190,3458,2007,1632,1169,1210,1708,1077,92,9150,980,2567,6329,633,2466,969,5263,2570,1940,1498,1841,225,908,823,4718,3818,1571,1675,1516,3147,2777,2065,1351,2124,5959,25,38,780,1423,654,499,15722,221,10348,43,497,105,7701,800,8669,8608,10080,29,3313,90,42,1806,3698,105978,755,2148,3405,1289,144,3869,149,533,1649,24162,10932,5149,1743,77,370,182,28,110,1197,4039,4193,1330,5058,1260,860,2740,108387,478,2926,125929,863,7472,1805,11178,3920,3808,542,651,5267,1530,1907,1950,732,596,258,20050,2540,1893,2020,904,2058,2270,29613,44,18882,1677,24,28992,7358,62,467,6787,1218,43,10677,1349,1108,155,5774,1963,50940,4469,847,1322,1982,992,1580,1683,1148,285,26,786,23,2878,193,65,102,393,714,447,1118,43438,1856,15164,7212,1569,805,763,281,32200,170,14835,2182,11001,1509,164,2817,17,39650,7459,12866,50947,2313,35724,271,243,699,1774,882,1675,1498,2003,10199,1708,26,245,2078,60,69,3566,3661,31,322,95,28886,45152,37251,9155,36038,4978,587,84899,100578,16464,46190,78533,86185,383,107,1219,1229,445,1706,993,476,422,931,8627,0.0,0.0,0.0,0.0,0.0,0.0,0.0,0.0,0.0,0.0,0.0,0.0,0.0,0.0,0.0,0.0,0.0,0.0,0.0,0.0,0.0,0.0,0.0,0.0,0.0,0.0,0.0,0.0,0.0,0.0,0.0,0.0,0.0,0.0,0.0,0.0,0.0,0.0,0.0,0.0,0.0,0.0,0.0,0.0,0.0,0.0,0.0,0.0,0.0,0.0,0.0,0.0,0.0,0.0,0.0,0.0,0.0,0.0,0.0,0.0,0.0,0.0,0.0,0.0,0.0,0.0,0.0,0.0,0.0,0.0,0.0,0.0,0.0,0.0,0.0,0.0,0.0,0.0,0.0,0.0,0.0,0.0,0.0,0.0,0.0,0.0,0.0,0.0,0.0,0.0,0.0,0.0,0.0,0.0,0.0,0.0,0.0,0.0,0.0,0.0,0.0,0.0,0.0,0.0,0.0,0.0,0.0,0.0,0.0,0.0,0.0,0.0,0.0,0.0,0.0,0.0,0.0,0.0,0.0,0.0,0.0,0.0,0.0,0.0,0.0,0.0,0.0,0.0,0.0,0.0,0.0,0.0,0.0,0.0,0.0,0.0,0.0,0.0,0.0,0.0,0.0,0.0,0.0,0.0,0.0,0.0,0.0,0.0,0.0,0.0
ENCFF000ZCL,0.208015925506127,3998,2491,157,2314,32,4973,492,22,20,12,29,141,175,301,1179,1290,154,13,225,283,10,45,2,9,4,35,217,152,1235,176,14,18,341,80,71,10,89,1,2,387,513,1,26,0,791,32,268,1145,29,37,51,63,25,25,385,7,20,35,5,52,51,12,580,12,34,73,3,2661,2458,393,43,48,98,329,10,56,21,30,46,8,43,45,200,33,16,156,0,30,25,1,74,1,0,86,53,821,8614,540,1,1559,2102,109,1883,55,27,272,89,61,0,158,437,434,1,260,1687,121,1399,24,142,122,459,67,1841,67,377,147,41,155,24,9,1626,487,109,819,338,792,1516,53,214,138,53,212,2272,15,31,3,9,1,2,98,16,24,529,262,32,227,2280,179,22,54,102,87,172,248,263,336,5,6,2,51,2,98,34,189,1683,6,0,38,47,37,822,378,2361,119,1372,1764,737,1641,663,1321,15,1435,1629,562,490,1246,988,2835,41,50,98,0,27,35,9,3,0,3,229,13,1760,587,359,7,764406,1878,207,1468,894,54,35,3009,1995,2678,267,2648,8,2813,3,17,37,14,7,43,14,165,111,0,34,50,24,52,16,121,61,18,20,199,160,85,183,51,19,32,32,18,13,16,28,57,238,58,23,83,117,81,517,1022,143,100,193,65,29,23,21,28,21,4,420,27,42,254,15,73,20,187,61,38,29,42,13,24,25,112,93,48,43,27,128,72,40,35,34,162,0,0,11,33,39,12,792,15,563,1,41,3,312,43,365,361,388,1,109,13,8,66,206,3245,47,103,91,60,12,97,4,11,34,670,311,117,78,2,13,5,0,1,34,89,164,34,171,40,18,62,2807,33,94,6442,1317,283,53,229,226,102,12,87,383,33,45,46,36,17,12,1039,50,53,51,24,46,65,1306,4,525,153,2,1527,407,3,15,322,39,3,321,34,93,14,125,48,789,163,48,36,53,26,55,43,74,35,0,59,0,97,9,9,8,35,45,34,30,2105,125,465,283,100,21,44,18,2127,19,749,108,690,71,12,146,2,1508,323,467,2108,88,658,19,16,15,44,1494,43,27,111,421,39,2,23,52,2,0,244,249,0,46,12,1164,1777,1434,328,1700,252,14,3523,4200,625,1836,3154,3842,13,7,33,37,15,49,88,13,28,29,378,0.0,0.0,0.0,0.0,0.0,0.0,0.0,0.0,0.0,0.0,0.0,0.0,0.0,0.0,0.0,0.0,0.0,0.0,0.0,0.0,0.0,0.0,0.0,0.0,0.0,0.0,0.0,0.0,0.0,0.0,0.0,0.0,0.0,0.0,0.0,0.0,0.0,0.0,0.0,0.0,0.0,0.0,0.0,0.0,0.0,0.0,0.0,0.0,0.0,0.0,0.0,0.0,0.0,0.0,0.0,0.0,0.0,0.0,0.0,0.0,0.0,0.0,0.0,0.0,0.0,0.0,0.0,0.0,0.0,0.0,0.0,0.0,0.0,0.0,0.0,0.0,0.0,0.0,0.0,0.0,0.0,0.0,0.0,0.0,0.0,0.0,0.0,0.0,0.0,0.0,0.0,0.0,0.0,0.0,0.0,0.0,0.0,0.0,0.0,0.0,0.0,0.0,0.0,0.0,0.0,0.0,0.0,0.0,0.0,0.0,0.0,0.0,0.0,0.0,0.0,0.0,0.0,0.0,0.0,0.0,0.0,0.0,0.0,0.0,0.0,0.0,0.0,0.0,0.0,0.0,0.0,0.0,0.0,0.0,0.0,0.0,0.0,0.0,0.0,0.0,0.0,0.0,0.0,0.0,0.0,0.0,0.0,0.0,0.0,0.0
ENCFF469HPU,0.12647300830088012,28242,55,1203,17103,252,50926,7034,264,248,141,502,2789,1247,2269,6853,10838,1024,716,2835,2689,56,398,32,113,75,882,1133,2024,8661,2106,98,23,260,1371,1478,13,1617,35,9,4496,5158,84,243,74,10,456,3791,9355,86,636,958,979,105,234,3570,57,247,138,347,710,1831,139,3407,129,181,289,272,15453,21653,2914,800,501,1323,3234,27,1017,463,545,598,177,846,1015,1336,299,539,2523,26,615,567,16,670,379,41,1313,392,3227,73873,4135,65,11658,19156,1884,16167,1073,535,2279,1066,1286,36,2135,4081,5254,213,2946,18439,820,22264,101,413,551,3104,208,36541,900,3070,1229,383,1144,85,38,16058,2647,521,7662,3363,7888,14616,40,2748,2400,902,1806,20839,383,124,38,77,45,21,1076,269,790,5306,1853,169,1856,15939,1005,176,1099,1914,1442,1396,2602,3450,3997,49,102,33,720,34,838,402,639,803,3,7,284,234,991,5745,2892,19362,1533,9504,15377,5788,10876,7474,12818,122,12177,15276,4803,4589,13020,8583,2342,552,78,162,21,507,852,70,52,16,26,2102,148,15786,3807,3996,254,71891,15251,1878,10282,6353,652,324,15262,6999,18394,1121,21515,48,20703,78,139,645,84,267,638,161,2667,1240,28,529,456,478,782,416,1871,898,98,115,2949,2111,1016,1803,1213,257,662,594,311,196,174,163,698,2155,438,305,793,1926,1258,3508,17803,1094,1701,1815,791,609,541,455,677,356,74,4764,436,1178,2896,263,1020,387,2253,1269,780,752,684,161,344,249,1733,1292,708,522,579,1345,1201,737,439,802,1793,21,19,281,603,534,237,6891,201,4823,28,110,64,2898,491,4128,3692,3665,42,1315,168,57,670,1472,34205,266,1034,1610,569,13,1526,64,597,850,10842,3288,5346,878,78,121,99,12,97,409,461,1070,630,2360,430,361,803,28626,114,1219,56472,288,3172,707,4179,1456,1328,229,133,1949,524,891,896,256,183,65,11130,1244,791,782,245,820,894,12956,122,7934,749,38,15899,4203,20,269,2960,642,125,4141,532,745,164,2551,722,13253,702,263,562,836,501,546,667,765,372,43,602,57,1314,164,164,75,107,385,109,394,11031,414,3195,1838,312,441,665,169,20141,62,5903,750,5073,1184,39,1264,17,18550,3308,5328,22324,802,8434,73,168,295,784,450,812,604,756,2235,716,8,83,734,23,64,1605,1544,12,62,85,12890,15097,11965,3228,14506,2194,418,26202,38121,5450,15336,29542,36212,118,35,530,510,264,603,542,352,287,443,3375,0.0,0.0,0.0,0.0,0.0,0.0,0.0,0.0,0.0,0.0,0.0,0.0,0.0,0.0,0.0,0.0,0.0,0.0,0.0,0.0,0.0,0.0,0.0,0.0,0.0,0.0,0.0,0.0,0.0,0.0,0.0,0.0,0.0,0.0,0.0,0.0,0.0,0.0,0.0,0.0,0.0,0.0,0.0,0.0,0.0,0.0,0.0,0.0,0.0,0.0,0.0,0.0,0.0,0.0,0.0,0.0,0.0,0.0,0.0,0.0,0.0,0.0,0.0,0.0,0.0,0.0,0.0,0.0,0.0,0.0,0.0,0.0,0.0,0.0,0.0,0.0,0.0,0.0,0.0,0.0,0.0,0.0,0.0,0.0,0.0,0.0,0.0,0.0,0.0,0.0,0.0,0.0,0.0,0.0,0.0,0.0,0.0,0.0,0.0,0.0,0.0,0.0,0.0,0.0,0.0,0.0,0.0,0.0,0.0,0.0,0.0,0.0,0.0,0.0,0.0,0.0,0.0,0.0,0.0,0.0,0.0,0.0,0.0,0.0,0.0,0.0,0.0,0.0,0.0,0.0,0.0,0.0,0.0,0.0,0.0,0.0,0.0,0.0,0.0,0.0,0.0,0.0,0.0,0.0,0.0,0.0,0.0,0.0,0.0,0.0
ENCFF000ZSG,0.06383326753197315,2775,22,292,1767,31,3073,268,39,34,15,34,202,281,523,839,1263,218,18,321,351,14,34,5,4,3,41,62,183,1806,250,8,21,29,106,92,3,115,2,1,473,736,5,74,2,1,35,330,1501,13,40,44,56,33,29,458,17,22,15,11,51,85,17,739,16,68,25,0,2884,3450,587,55,39,58,400,16,65,40,34,43,8,44,56,267,28,28,198,1,45,32,2,83,10,4,122,61,747,10892,674,5,1847,2687,132,2339,83,29,330,96,127,1,208,592,523,4,281,2092,171,1509,25,132,97,577,73,2014,81,495,198,74,215,21,10,2048,799,48,918,509,942,1834,14,225,208,60,250,1499,20,22,5,7,1,2,130,15,122,660,235,42,253,1857,207,21,43,47,49,196,351,307,323,47,21,2,50,0,100,48,240,482,4,0,30,56,51,1036,460,3414,118,1900,2147,946,1759,891,1709,17,1818,2160,892,572,1555,1327,347,52,14,70,4,25,45,20,13,1,8,323,20,1928,751,693,14,11634,2186,170,1561,1462,69,35,2384,1259,3402,244,2815,12,2909,4,13,60,10,11,38,18,213,139,33,39,49,28,48,23,124,83,26,12,225,158,111,205,54,13,28,41,25,30,15,40,57,396,76,27,160,143,96,679,1231,65,121,304,65,32,26,26,59,23,17,490,25,47,299,10,106,27,244,60,55,29,43,61,29,72,144,138,41,52,41,137,77,42,39,37,214,2,1,20,24,83,14,922,3,769,0,35,15,354,62,481,408,459,0,149,8,9,50,254,3781,39,121,141,86,6,135,8,6,44,830,417,202,80,1,8,7,0,2,32,66,194,18,253,37,31,85,2459,25,135,8087,33,331,58,272,90,136,17,29,306,40,62,33,23,26,12,358,60,53,55,47,52,57,1699,5,641,183,1,1916,416,2,16,416,34,7,466,49,186,17,165,45,772,226,41,56,53,27,60,44,122,24,2,67,0,156,4,2,8,29,22,39,38,2142,116,618,303,83,24,65,11,2864,11,893,117,805,93,20,218,2,1930,377,719,3138,115,803,9,9,23,51,25,65,38,99,335,52,2,20,60,0,6,263,291,0,12,15,1503,2462,1822,395,2198,330,29,4130,5577,864,2440,4197,4933,17,12,38,44,18,26,135,10,25,28,435,0.0,0.0,0.0,0.0,0.0,0.0,0.0,0.0,0.0,0.0,0.0,0.0,0.0,0.0,0.0,0.0,0.0,0.0,0.0,0.0,0.0,0.0,0.0,0.0,0.0,0.0,0.0,0.0,0.0,0.0,0.0,0.0,0.0,0.0,0.0,0.0,0.0,0.0,0.0,0.0,0.0,0.0,0.0,0.0,0.0,0.0,0.0,0.0,0.0,0.0,0.0,0.0,0.0,0.0,0.0,0.0,0.0,0.0,0.0,0.0,0.0,0.0,0.0,0.0,0.0,0.0,0.0,0.0,0.0,0.0,0.0,0.0,0.0,0.0,0.0,0.0,0.0,0.0,0.0,0.0,0.0,0.0,0.0,0.0,0.0,0.0,0.0,0.0,0.0,0.0,0.0,0.0,0.0,0.0,0.0,0.0,0.0,0.0,0.0,0.0,0.0,0.0,0.0,0.0,0.0,0.0,0.0,0.0,0.0,0.0,0.0,0.0,0.0,0.0,0.0,0.0,0.0,0.0,0.0,0.0,0.0,0.0,0.0,0.0,0.0,0.0,0.0,0.0,0.0,0.0,0.0,0.0,0.0,0.0,0.0,0.0,0.0,0.0,0.0,0.0,0.0,0.0,0.0,0.0,0.0,0.0,0.0,0.0,0.0,0.0
ENCFF000VSW,0.06833366186607169,6614,35,438,3937,92,9394,509,50,50,29,106,387,451,960,2151,2999,388,42,496,597,18,76,4,4,9,89,312,392,3332,410,30,30,61,201,188,8,216,0,4,871,1168,6,82,5,13,53,593,2558,38,112,134,159,48,42,713,21,37,32,11,75,215,67,1520,42,47,118,19,5556,5309,762,109,88,180,683,26,159,89,105,103,30,116,135,429,76,73,397,1,94,59,3,135,67,3,164,178,2017,18197,1109,13,3065,4319,266,3786,109,78,468,143,173,2,326,809,762,4,508,3398,333,3709,69,352,292,980,124,4724,182,673,273,69,319,42,9,3241,1393,203,2546,979,1452,2961,71,555,291,114,439,4656,30,50,11,14,5,2,207,27,82,1119,493,49,493,3995,466,42,137,96,95,328,483,399,600,4,9,5,128,3,206,112,237,910,7,0,81,100,91,1665,814,4664,260,3225,3574,1650,3919,1534,3339,31,3064,3451,1086,955,2534,1931,665,115,55,92,3,69,115,16,5,2,3,452,38,5230,1483,1158,30,22350,3996,460,3128,2764,123,63,4688,1959,6648,541,4467,16,4560,4,26,139,71,36,88,17,389,217,3,100,108,73,103,46,273,169,30,31,493,366,214,311,156,46,92,78,66,52,41,54,169,576,139,49,194,298,209,1527,4321,188,251,340,143,95,58,80,104,73,14,796,71,85,559,52,177,70,450,138,150,91,106,33,60,59,317,292,100,115,96,276,169,78,84,99,465,4,1,59,72,45,34,1520,18,1074,5,64,1,693,87,663,688,861,2,247,8,17,114,439,7444,75,212,220,139,15,327,19,36,58,1523,659,440,148,0,17,7,1,6,89,131,318,79,428,84,51,212,5450,70,228,13330,57,607,118,590,328,312,40,160,713,115,104,95,86,53,31,1580,161,121,115,39,138,139,2767,3,1159,293,0,3004,999,1,24,603,66,2,782,100,151,35,367,132,1801,416,98,113,113,76,157,82,131,79,1,120,8,220,10,7,20,68,31,97,89,3389,263,1194,769,200,61,89,17,3862,26,1659,254,1326,146,19,338,6,2977,565,1014,4655,363,1877,35,16,42,127,74,139,61,155,842,107,2,47,164,1,4,446,483,1,54,23,2607,4837,3782,916,3875,544,49,7944,10491,1566,4757,7776,8925,32,21,94,91,28,101,168,33,44,73,737,0.0,0.0,0.0,0.0,0.0,0.0,0.0,0.0,0.0,0.0,0.0,0.0,0.0,0.0,0.0,0.0,0.0,0.0,0.0,0.0,0.0,0.0,0.0,0.0,0.0,0.0,0.0,0.0,0.0,0.0,0.0,0.0,0.0,0.0,0.0,0.0,0.0,0.0,0.0,0.0,0.0,0.0,0.0,0.0,0.0,0.0,0.0,0.0,0.0,0.0,0.0,0.0,0.0,0.0,0.0,0.0,0.0,0.0,0.0,0.0,0.0,0.0,0.0,0.0,0.0,0.0,0.0,0.0,0.0,0.0,0.0,0.0,0.0,0.0,0.0,0.0,0.0,0.0,0.0,0.0,0.0,0.0,0.0,0.0,0.0,0.0,0.0,0.0,0.0,0.0,0.0,0.0,0.0,0.0,0.0,0.0,0.0,0.0,0.0,0.0,0.0,0.0,0.0,0.0,0.0,0.0,0.0,0.0,0.0,0.0,0.0,0.0,0.0,0.0,0.0,0.0,0.0,0.0,0.0,0.0,0.0,0.0,0.0,0.0,0.0,0.0,0.0,0.0,0.0,0.0,0.0,0.0,0.0,0.0,0.0,0.0,0.0,0.0,0.0,0.0,0.0,0.0,0.0,0.0,0.0,0.0,0.0,0.0,0.0,0.0
ENCFF000YGF,0.12673351223123944,45825,133,2376,19377,546,45753,5874,147,248,181,334,1709,1677,3261,10459,11755,1574,245,2870,3977,108,421,48,14,18,447,2377,1838,11614,1898,173,224,299,997,846,94,900,15,5,3656,6123,19,351,9,27,246,2964,9914,328,344,453,720,283,176,4957,76,176,309,61,413,869,136,5430,220,213,633,12,24288,28531,3847,550,377,1242,2850,76,643,306,433,472,126,538,599,2153,227,282,1726,5,484,277,19,781,49,9,731,747,8601,99655,6826,62,17632,23481,1197,20090,554,352,2923,910,952,13,1492,4212,4266,34,2510,17395,1495,13594,426,1865,1614,5516,886,16744,786,3908,1980,487,1666,265,57,17449,4746,2763,7925,3418,6308,15114,699,2558,1425,592,2137,21515,176,493,37,73,23,23,1100,139,238,6848,3032,391,2459,19958,1710,265,621,428,367,1463,7682,8669,2832,42,52,13,498,10,996,359,387,283,49,0,424,410,509,9346,4218,25414,1329,15393,17789,8109,15400,7108,15537,106,16000,18751,6273,5741,12585,10592,3078,528,495,424,29,255,466,110,55,12,17,2523,164,17927,6709,3745,102,100548,20374,1988,15470,9744,603,377,21949,11190,30948,3140,27884,176,28292,43,189,473,65,157,524,146,1931,1026,20,330,503,316,475,214,1267,715,154,126,2362,1574,1032,1352,568,152,329,373,212,217,180,324,593,2618,859,221,997,1272,1064,5090,7783,1487,1094,1851,688,409,329,372,527,311,72,3605,254,425,2715,192,791,244,1991,530,534,336,497,127,241,312,1217,1372,472,472,395,1304,750,364,429,481,2004,11,21,271,343,273,198,7945,57,5816,21,393,43,3309,417,3792,4186,3983,7,1316,61,118,639,2046,29484,488,1117,1200,564,121,1314,70,52,255,7702,3346,1523,736,22,145,88,2,23,352,644,1492,289,2408,285,250,746,22691,328,1100,78005,250,3031,546,2580,2729,1358,185,1200,5042,401,510,519,248,236,174,12469,551,461,562,282,588,674,13797,25,5091,1435,9,18092,3795,31,132,4974,299,47,3479,471,806,188,1500,571,7622,1717,622,488,597,192,585,446,799,349,7,652,22,1038,40,18,91,488,78,407,352,21044,1586,5290,3509,916,261,565,113,21321,334,8801,1351,7594,618,168,1724,23,16708,3375,5724,24217,908,7030,226,87,207,612,263,576,400,736,3918,542,10,237,504,7,4,2226,2191,5,477,135,13326,22922,16296,4143,20813,2225,190,37130,50019,7380,24040,34850,45083,109,150,365,409,131,438,832,125,221,341,3978,0.0,0.0,0.0,0.0,0.0,0.0,0.0,0.0,0.0,0.0,0.0,0.0,0.0,0.0,0.0,0.0,0.0,0.0,0.0,0.0,0.0,0.0,0.0,0.0,0.0,0.0,0.0,0.0,0.0,0.0,0.0,0.0,0.0,0.0,0.0,0.0,0.0,0.0,0.0,0.0,0.0,0.0,0.0,0.0,0.0,0.0,0.0,0.0,0.0,0.0,0.0,0.0,0.0,0.0,0.0,0.0,0.0,0.0,0.0,0.0,0.0,0.0,0.0,0.0,0.0,0.0,0.0,0.0,0.0,0.0,0.0,0.0,0.0,0.0,0.0,0.0,0.0,0.0,0.0,0.0,0.0,0.0,0.0,0.0,0.0,0.0,0.0,0.0,0.0,0.0,0.0,0.0,0.0,0.0,0.0,0.0,0.0,0.0,0.0,0.0,0.0,0.0,0.0,0.0,0.0,0.0,0.0,0.0,0.0,0.0,0.0,0.0,0.0,0.0,0.0,0.0,0.0,0.0,0.0,0.0,0.0,0.0,0.0,0.0,0.0,0.0,0.0,0.0,0.0,0.0,0.0,0.0,0.0,0.0,0.0,0.0,0.0,0.0,0.0,0.0,0.0,0.0,0.0,0.0,0.0,0.0,0.0,0.0,0.0,0.0
ENCFF000XXB,0.14869186875372334,55944,162,3547,24179,694,81474,5631,290,835,363,676,2912,3570,7908,12044,21451,3445,498,4913,6792,258,1047,132,282,41,848,1598,3146,31115,4441,348,231,578,1754,1514,70,2044,32,21,8929,13699,46,763,40,52,578,5861,16193,201,587,1007,1376,605,377,10031,152,413,420,99,955,1417,189,10626,489,431,418,56,48608,61432,11135,1004,634,1335,11418,445,1146,488,755,865,223,920,1123,4526,415,460,3495,24,872,455,20,1657,142,23,1499,1179,14850,194772,12363,103,34136,47701,2536,41161,1099,631,6653,1989,1988,12,3400,10720,10469,97,4869,61017,2549,43718,638,2442,2221,10421,1069,54137,1349,7725,3701,1233,3795,545,141,40051,11662,1315,17887,7534,26435,36483,290,4331,2970,1090,4262,38153,373,566,105,168,45,48,2844,374,654,12141,6114,842,4841,25201,2775,861,1138,1210,977,3271,4781,4428,8477,72,152,113,925,35,1622,566,1566,481,51,13,572,833,1025,21269,9725,54086,2521,33808,39709,16216,33435,15200,31595,358,34068,39443,15031,12494,27902,23519,6458,989,388,774,66,472,896,219,90,157,115,5097,292,46529,12490,10793,361,197637,41566,4281,32631,20200,1425,606,44839,19873,55297,4318,56726,215,57388,190,352,843,127,270,864,341,3678,2776,20,607,843,567,798,375,2328,1422,502,236,5606,3153,2253,5021,1173,312,617,659,384,348,238,758,1102,5361,1161,359,1902,2389,2026,7998,33630,1215,2352,4619,1407,714,586,591,930,438,338,9824,410,810,6343,328,1781,419,4575,994,854,565,909,232,466,587,2348,2309,753,922,667,3356,1663,743,729,877,3727,27,40,397,579,562,307,20209,106,12744,48,598,679,7666,989,9566,7682,7538,26,2961,166,234,1526,4693,67414,889,2644,2313,1263,90,2576,307,314,889,14807,6060,2959,1778,87,657,141,16,52,641,1122,3163,543,4802,455,511,1052,34702,424,1978,157002,488,7162,926,5139,1911,2514,290,779,5546,750,937,958,381,392,323,10117,1121,884,957,520,1051,1155,29018,119,11224,2552,20,32791,9159,48,407,7143,1121,68,7155,823,1617,362,3121,1120,16642,2642,745,766,1083,409,1252,849,2857,830,22,1931,49,1888,319,66,229,609,300,668,853,18327,2055,7730,5469,1281,568,919,124,47809,236,16872,1683,15809,2044,311,3488,28,31574,5898,10725,49022,3452,13222,245,172,361,889,444,990,711,1288,6651,963,47,367,939,18,30,5280,5309,11,367,217,29758,45789,32167,7856,42085,4589,348,73966,100208,13990,45053,75277,93832,314,202,730,668,211,749,1537,329,581,804,7713,0.0,0.0,0.0,0.0,0.0,0.0,0.0,0.0,0.0,0.0,0.0,0.0,0.0,0.0,0.0,0.0,0.0,0.0,0.0,0.0,0.0,0.0,0.0,0.0,0.0,0.0,0.0,0.0,0.0,0.0,0.0,0.0,0.0,0.0,0.0,0.0,0.0,0.0,0.0,0.0,0.0,0.0,0.0,0.0,0.0,0.0,0.0,0.0,0.0,0.0,0.0,0.0,0.0,0.0,0.0,0.0,0.0,0.0,0.0,0.0,0.0,0.0,0.0,0.0,0.0,0.0,0.0,0.0,0.0,0.0,0.0,0.0,0.0,0.0,0.0,0.0,0.0,0.0,0.0,0.0,0.0,0.0,0.0,0.0,0.0,0.0,0.0,0.0,0.0,0.0,0.0,0.0,0.0,0.0,0.0,0.0,0.0,0.0,0.0,0.0,0.0,0.0,0.0,0.0,0.0,0.0,0.0,0.0,0.0,0.0,0.0,0.0,0.0,0.0,0.0,0.0,0.0,0.0,0.0,0.0,0.0,0.0,0.0,0.0,0.0,0.0,0.0,0.0,0.0,0.0,0.0,0.0,0.0,0.0,0.0,0.0,0.0,0.0,0.0,0.0,0.0,0.0,0.0,0.0,0.0,0.0,0.0,0.0,0.0,0.0
ENCFF502TLC,0.14466446403529665,2447,10,168,3843,35,7862,487,24,15,12,30,284,113,443,1417,1625,106,41,447,313,6,31,3,5,4,101,73,259,2259,212,12,6,42,200,182,2,197,1,0,512,622,4,37,4,3,72,484,2341,6,43,118,128,19,12,261,6,26,13,15,51,121,66,1251,46,34,26,4,3552,2842,325,122,86,147,253,15,113,63,65,94,23,112,129,181,33,63,311,1,82,61,2,84,14,0,131,94,2471,9603,571,13,1352,2307,226,1953,141,59,243,78,117,1,179,358,428,19,329,1824,127,2782,14,75,84,400,32,4582,133,347,144,29,108,18,6,1480,451,35,2517,511,535,1447,9,350,431,119,186,4012,54,15,6,2,3,2,116,20,27,594,204,19,298,3762,254,20,114,90,60,169,276,254,334,1,5,3,114,2,141,46,102,94,0,3,49,38,122,746,379,2328,185,1479,2153,933,2488,1041,1970,23,1536,1931,544,465,1655,1095,402,79,15,60,4,66,122,12,4,4,6,265,5,3680,839,609,38,14831,2736,291,1707,2213,65,38,2403,1295,4625,155,2271,7,2153,1,17,56,4,35,97,15,333,138,2,87,80,70,97,36,247,134,6,19,410,263,129,169,149,43,80,91,46,25,19,17,147,353,87,46,103,239,163,1086,6725,79,204,194,111,91,75,62,79,53,4,593,58,126,325,35,127,47,229,142,108,73,105,6,39,45,200,195,82,89,104,156,160,106,65,108,291,1,3,40,63,21,34,753,14,498,0,16,9,381,61,415,381,595,2,164,4,1,182,168,6989,29,128,217,58,2,214,9,16,89,1319,560,306,93,4,13,1,1,2,62,118,138,56,197,70,46,140,5410,18,165,6147,36,367,100,539,97,187,26,16,232,79,102,107,36,43,15,530,161,109,113,44,109,139,1579,2,918,86,8,1445,420,7,39,342,89,3,560,97,49,9,312,114,2366,245,21,66,108,51,67,89,54,58,5,48,2,141,10,3,4,12,50,14,71,2136,58,728,357,58,47,39,16,1412,3,781,130,500,71,7,140,0,2273,424,697,2738,247,1702,11,23,31,106,58,109,72,114,528,87,2,12,112,5,5,193,204,1,11,3,1530,2574,2043,523,1810,263,91,4341,5207,877,2518,4110,4636,15,4,73,62,24,80,43,21,13,41,457,0.0,0.0,0.0,0.0,0.0,0.0,0.0,0.0,0.0,0.0,0.0,0.0,0.0,0.0,0.0,0.0,0.0,0.0,0.0,0.0,0.0,0.0,0.0,0.0,0.0,0.0,0.0,0.0,0.0,0.0,0.0,0.0,0.0,0.0,0.0,0.0,0.0,0.0,0.0,0.0,0.0,0.0,0.0,0.0,0.0,0.0,0.0,0.0,0.0,0.0,0.0,0.0,0.0,0.0,0.0,0.0,0.0,0.0,0.0,0.0,0.0,0.0,0.0,0.0,0.0,0.0,0.0,0.0,0.0,0.0,0.0,0.0,0.0,0.0,0.0,0.0,0.0,0.0,0.0,0.0,0.0,0.0,0.0,0.0,0.0,0.0,0.0,0.0,0.0,0.0,0.0,0.0,0.0,0.0,0.0,0.0,0.0,0.0,0.0,0.0,0.0,0.0,0.0,0.0,0.0,0.0,0.0,0.0,0.0,0.0,0.0,0.0,0.0,0.0,0.0,0.0,0.0,0.0,0.0,0.0,0.0,0.0,0.0,0.0,0.0,0.0,0.0,0.0,0.0,0.0,0.0,0.0,0.0,0.0,0.0,0.0,0.0,0.0,0.0,0.0,0.0,0.0,0.0,0.0,0.0,0.0,0.0,0.0,0.0,0.0
ENCFF640MKX,0.1772933345218645,120594,366,5392,80525,1422,165822,8221,559,749,459,750,5835,6399,15423,36596,47174,5502,756,8677,8895,175,988,81,50,39,1448,6339,6050,49418,5477,450,462,851,3461,3148,205,3236,23,10,12616,16317,84,998,76,94,941,10148,48554,946,971,2045,2891,680,412,8513,241,581,588,191,1133,2481,1292,33802,585,577,1912,41,96115,82120,10163,2047,1460,3139,6735,379,2296,1045,1576,1817,424,2011,2155,5816,938,1089,7367,53,1684,970,40,1937,598,154,3160,2716,28137,272125,14235,201,39107,57699,4493,50503,2075,1248,7920,2625,3217,35,4250,10906,11093,193,7652,48824,4826,57905,1156,4283,3863,13622,1667,99239,2659,9127,4211,1045,3776,571,153,39660,19775,3520,49565,14726,14962,39935,1320,8304,5514,2238,6203,73837,342,1179,144,120,27,37,3065,371,658,16729,6199,936,5594,83533,7328,634,2275,1688,1398,4857,6922,5745,6839,146,186,38,1983,51,3509,1249,1778,240,129,34,1301,1090,1956,21513,10643,68050,4045,45875,53902,24100,62837,23069,49235,433,42641,51455,15976,13473,35227,27365,9483,1589,1355,1416,105,1028,1799,227,90,42,59,6276,516,92178,23204,18159,2605,339240,62058,6306,43622,56943,1677,827,66480,31584,115019,7575,58404,272,57698,51,480,1051,85,604,1838,336,6864,3309,47,1365,1777,1202,1871,791,4490,2638,339,332,8088,4851,3414,3647,2424,700,1280,1471,713,759,559,692,2276,9145,2420,779,3117,4402,4235,25167,69664,4688,4387,4308,2480,1610,1201,1283,1942,1075,204,11079,911,1580,7906,684,2757,772,7187,2130,1938,1204,1725,322,903,1200,4724,4709,1667,1906,1414,3844,2817,1478,1600,1906,7895,51,58,769,1255,628,594,21755,232,14294,42,813,96,10135,1090,10610,10439,12492,32,4239,226,235,1788,5603,116465,1225,3208,3499,1588,436,5104,200,435,877,25837,10995,4885,2001,77,227,180,35,46,1449,1961,3857,1073,6352,1012,847,4294,98004,1012,4142,187739,1025,8870,1914,9824,7090,4637,565,2946,12537,1610,1933,2047,693,882,519,36007,2186,1766,2108,871,2137,2376,41008,145,17929,3483,45,38325,10375,37,404,9194,991,59,11436,1565,1706,370,5453,2168,56330,7202,1669,1482,2056,849,2183,1710,1716,360,49,1677,38,2989,294,72,245,1309,406,1189,1534,64847,3854,18992,10310,2513,929,1467,361,49915,691,21689,3586,17787,1864,689,4479,22,42233,7983,15021,64304,5211,40241,529,409,719,2045,834,2126,1498,2866,17884,1983,74,825,2044,34,85,6053,5740,4,1362,252,35062,64224,50263,12489,51423,6224,751,112947,137575,22646,66580,99304,116382,385,266,1429,1396,388,1645,1731,593,682,1138,10774,0.0,0.0,0.0,0.0,0.0,0.0,0.0,0.0,0.0,0.0,0.0,0.0,0.0,0.0,0.0,0.0,0.0,0.0,0.0,0.0,0.0,0.0,0.0,0.0,0.0,0.0,0.0,0.0,0.0,0.0,0.0,0.0,0.0,0.0,0.0,0.0,0.0,0.0,0.0,0.0,0.0,0.0,0.0,0.0,0.0,0.0,0.0,0.0,0.0,0.0,0.0,0.0,0.0,0.0,0.0,0.0,0.0,0.0,0.0,0.0,0.0,0.0,0.0,0.0,0.0,0.0,0.0,0.0,0.0,0.0,0.0,0.0,0.0,0.0,0.0,0.0,0.0,0.0,0.0,0.0,0.0,0.0,0.0,0.0,0.0,0.0,0.0,0.0,0.0,0.0,0.0,0.0,0.0,0.0,0.0,0.0,0.0,0.0,0.0,0.0,0.0,0.0,0.0,0.0,0.0,0.0,0.0,0.0,0.0,0.0,0.0,0.0,0.0,0.0,0.0,0.0,0.0,0.0,0.0,0.0,0.0,0.0,0.0,0.0,0.0,0.0,0.0,0.0,0.0,0.0,0.0,0.0,0.0,0.0,0.0,0.0,0.0,0.0,0.0,0.0,0.0,0.0,0.0,0.0,0.0,0.0,0.0,0.0,0.0,0.0
ENCFF991QCC,0.17468525400296117,15956,72,1866,18603,431,66194,2971,162,294,240,256,2151,2793,5731,8670,20419,2026,200,2955,3204,36,241,28,18,13,627,40,2086,12535,1500,89,64,256,1101,1098,17,1135,11,6,4450,4715,27,307,59,14,283,3308,12226,12,261,884,966,169,102,2163,66,157,185,55,339,817,350,7724,371,132,21,8,26552,24683,2460,713,490,696,1614,119,732,347,514,611,136,644,736,1563,267,369,2549,5,577,314,7,412,105,18,947,887,9754,84518,4402,70,11532,18107,1583,15423,703,445,2125,665,793,16,1096,2952,3072,71,2815,12141,1556,17513,336,1337,1234,4162,540,25185,947,2937,1319,304,1035,156,56,10963,8017,39,12736,4947,3789,10549,13,2873,1380,769,1829,22312,171,79,89,35,14,22,981,93,207,6031,1687,255,2263,20217,2025,160,807,266,262,1434,2040,1753,1923,38,68,11,732,6,1189,400,367,25,12,3,372,371,628,5901,3003,18554,1285,16133,16732,8013,15308,7231,16041,153,12883,16206,4423,3554,11297,8779,2673,545,21,366,36,394,666,73,43,10,32,2146,201,19466,6937,8017,150,99240,18523,1568,12148,15087,424,295,19596,9799,32976,2825,16344,101,15589,32,234,376,29,200,592,105,2260,928,23,457,569,403,609,276,1474,877,59,92,2685,1606,991,1089,848,247,426,541,255,203,170,175,801,3003,900,268,902,1442,1349,6406,13322,65,1390,1057,771,556,447,448,673,345,37,2907,302,543,2334,249,851,225,2289,804,723,454,649,64,318,306,1693,1554,533,656,488,1012,884,529,580,715,2604,21,18,249,440,194,403,5519,40,3834,12,224,37,3026,268,2743,3267,4382,25,1359,61,72,712,1652,41849,248,798,1093,477,6,1710,85,70,253,8324,3403,1698,556,20,50,67,6,26,504,340,896,368,1648,323,316,882,28331,179,1418,51238,334,2532,693,3366,105,1459,168,19,1487,533,615,675,235,291,107,290,786,654,712,317,753,851,11571,32,5614,1006,33,11205,2758,88,100,4848,219,30,3624,567,523,123,1755,727,9340,1967,279,500,749,329,821,530,447,450,13,465,18,928,69,35,71,161,31,410,370,15784,1249,5912,3452,740,253,551,51,12151,28,6008,924,4592,511,197,1208,11,15362,2921,4903,21647,1290,9026,193,72,197,531,240,742,555,1050,3437,652,44,61,725,36,26,1525,1527,10,58,68,10175,20948,17927,3847,15748,1915,333,33714,44813,7439,21600,32188,36595,153,72,490,473,128,650,433,325,154,337,3743,0.0,0.0,0.0,0.0,0.0,0.0,0.0,0.0,0.0,0.0,0.0,0.0,0.0,0.0,0.0,0.0,0.0,0.0,0.0,0.0,0.0,0.0,0.0,0.0,0.0,0.0,0.0,0.0,0.0,0.0,0.0,0.0,0.0,0.0,0.0,0.0,0.0,0.0,0.0,0.0,0.0,0.0,0.0,0.0,0.0,0.0,0.0,0.0,0.0,0.0,0.0,0.0,0.0,0.0,0.0,0.0,0.0,0.0,0.0,0.0,0.0,0.0,0.0,0.0,0.0,0.0,0.0,0.0,0.0,0.0,0.0,0.0,0.0,0.0,0.0,0.0,0.0,0.0,0.0,0.0,0.0,0.0,0.0,0.0,0.0,0.0,0.0,0.0,0.0,0.0,0.0,0.0,0.0,0.0,0.0,0.0,0.0,0.0,0.0,0.0,0.0,0.0,0.0,0.0,0.0,0.0,0.0,0.0,0.0,0.0,0.0,0.0,0.0,0.0,0.0,0.0,0.0,0.0,0.0,0.0,0.0,0.0,0.0,0.0,0.0,0.0,0.0,0.0,0.0,0.0,0.0,0.0,0.0,0.0,0.0,0.0,0.0,0.0,0.0,0.0,0.0,0.0,0.0,0.0,0.0,0.0,0.0,0.0,0.0,0.0
ENCFF662WYC,0.1588816865356999,113130,237,1827,47849,584,169414,8971,754,348,242,608,5329,2880,8941,22356,36676,2364,1212,9102,5007,93,695,26,143,115,1947,7104,5207,30675,4335,207,46,596,3848,3609,21,4136,36,2,8978,9393,90,288,140,32,983,9867,27273,494,1415,2287,2915,176,327,4643,149,362,373,402,1291,3034,685,20006,524,480,1728,164,52532,49569,4844,2438,1487,3190,5346,85,2691,1477,1507,1847,398,2444,2732,3110,1093,1261,6734,75,1814,1462,51,1367,1086,268,2346,1129,14882,167318,7841,171,21715,36288,4844,30327,2828,1549,4216,1933,2557,95,3935,7562,8336,393,5929,32503,2663,44473,308,1515,1288,6700,556,79291,2324,5658,2082,551,1959,231,97,25944,8411,3179,29869,11192,11263,23608,256,6100,12315,2170,3688,45023,312,555,93,85,27,34,1738,451,631,9800,3163,256,3824,47772,3591,227,3135,2538,1518,3071,4182,3845,5516,144,336,118,2052,94,2422,1164,1230,254,19,29,693,513,2602,10752,5750,41445,3682,26528,38720,14272,38753,17552,32793,303,25449,33299,8819,8832,28625,17504,6163,1370,488,1282,16,1224,2233,180,87,67,96,3434,205,65299,12615,18850,4217,267273,43027,4754,27740,35597,1265,513,38083,20670,67844,2944,35637,78,33128,58,233,854,79,845,1888,293,6386,2284,60,1433,1389,1267,2059,1117,5092,2366,101,200,7043,4960,2820,2690,3097,528,1820,1384,1017,615,638,267,1968,5954,1382,768,2247,4735,3541,13137,44621,5469,4364,3164,2177,1550,1291,1316,1905,893,65,11134,1383,3331,6116,819,2699,1238,4950,3205,2093,1576,1905,248,864,670,4556,3628,1732,1562,1611,3033,2902,2160,1205,1893,4877,37,53,904,1859,821,475,14430,648,9791,42,222,86,6359,752,9168,6906,9398,64,3102,299,57,2115,2692,97554,761,2073,3965,1190,59,4318,26,1097,1368,24081,12066,6968,1808,347,344,344,47,254,1262,1671,2633,1531,4155,1177,1123,2856,80242,487,3033,98882,765,6719,1892,11502,7841,3577,672,1587,5444,1596,2390,2301,728,564,121,65311,3337,2128,2167,567,2104,2527,29087,190,17532,1926,102,27311,7965,30,419,5317,1834,169,9558,1599,951,220,6160,2147,36152,2266,1119,1629,2259,1391,1179,1967,878,314,149,1097,65,3030,425,177,139,465,829,502,1492,36914,1621,9944,5178,977,760,1508,759,27348,379,12162,1912,8620,1850,103,2310,7,34668,6277,10931,39888,1811,31895,166,723,1036,2286,1301,2088,1587,1860,16690,1960,29,144,2035,76,238,3071,2872,1,376,225,24725,35273,29568,8425,28919,4304,946,65803,82242,13394,34554,62566,73276,354,66,1441,1238,756,1694,737,371,264,870,6716,0.0,0.0,0.0,0.0,0.0,0.0,0.0,0.0,0.0,0.0,0.0,0.0,0.0,0.0,0.0,0.0,0.0,0.0,0.0,0.0,0.0,0.0,0.0,0.0,0.0,0.0,0.0,0.0,0.0,0.0,0.0,0.0,0.0,0.0,0.0,0.0,0.0,0.0,0.0,0.0,0.0,0.0,0.0,0.0,0.0,0.0,0.0,0.0,0.0,0.0,0.0,0.0,0.0,0.0,0.0,0.0,0.0,0.0,0.0,0.0,0.0,0.0,0.0,0.0,0.0,0.0,0.0,0.0,0.0,0.0,0.0,0.0,0.0,0.0,0.0,0.0,0.0,0.0,0.0,0.0,0.0,0.0,0.0,0.0,0.0,0.0,0.0,0.0,0.0,0.0,0.0,0.0,0.0,0.0,0.0,0.0,0.0,0.0,0.0,0.0,0.0,0.0,0.0,0.0,0.0,0.0,0.0,0.0,0.0,0.0,0.0,0.0,0.0,0.0,0.0,0.0,0.0,0.0,0.0,0.0,0.0,0.0,0.0,0.0,0.0,0.0,0.0,0.0,0.0,0.0,0.0,0.0,0.0,0.0,0.0,0.0,0.0,0.0,0.0,0.0,0.0,0.0,0.0,0.0,0.0,0.0,0.0,0.0,0.0,0.0
ENCFF958FRC,0.08327523932552042,53269,525,3010,16191,195,24906,4256,168,222,161,608,2601,1848,4164,8746,8389,1749,274,3840,3491,81,372,55,70,54,604,2937,2017,11787,2272,184,233,303,1219,1087,93,1253,35,105,5651,6026,84,398,52,199,352,3607,7697,515,299,553,881,269,317,3837,104,186,290,161,450,1291,192,6480,388,619,833,248,27039,29175,4083,660,438,1363,3170,202,772,307,533,568,131,630,704,2144,279,314,2358,18,537,282,19,654,165,24,719,708,7589,105491,6113,90,16227,24331,1551,20971,1035,389,3054,969,999,11,1856,4947,4860,93,3178,18023,1126,11837,148,577,853,5197,237,15128,841,3565,1720,607,1572,174,90,17581,6139,1845,8711,4152,7954,14942,499,3123,2384,723,2593,19744,381,467,69,54,32,18,1237,155,776,6165,2593,333,2627,17066,1873,259,712,1093,925,1853,2300,2133,3841,75,115,29,667,13,1069,356,1890,2799,86,12,466,478,600,9114,4013,27282,1260,16647,18081,8923,16281,8411,17427,128,16548,19807,6684,5308,14937,10956,4336,530,674,546,229,316,530,83,68,22,15,2427,216,19777,6871,4759,268,155861,23108,2481,16700,11618,730,443,24441,12466,32853,1453,25247,137,24100,37,223,844,414,154,602,173,2298,1327,48,391,577,346,556,269,1550,939,386,181,2720,1843,1171,1830,719,242,341,474,202,202,182,346,710,3731,822,251,1181,1582,1367,7174,20444,1966,1362,2114,775,478,406,404,622,309,154,4834,263,488,3057,217,998,219,2459,662,601,375,558,250,268,493,1560,1500,479,590,435,1426,916,463,499,664,2565,29,17,249,377,396,169,8280,124,5512,15,279,52,3579,511,4332,4244,4657,22,1653,92,138,1715,2251,39231,466,1489,1329,711,175,1819,93,133,484,10609,4806,3189,759,48,145,94,11,34,410,951,1680,357,2407,299,287,785,24285,313,1251,72669,389,3121,600,3295,3219,1697,188,1405,5318,442,591,641,235,287,181,16322,676,564,679,315,823,740,14265,51,6117,1360,23,15545,4001,37,144,4369,521,33,3881,494,927,128,1959,685,10387,1488,594,613,626,267,643,500,739,543,23,674,21,1164,142,97,95,537,505,312,519,11753,533,5273,2564,434,262,665,112,21414,327,8779,1542,6691,702,260,1511,64,19419,3776,6662,27884,1769,9375,210,252,248,690,579,670,481,1053,4528,605,43,291,649,13,22,2241,2006,2,733,140,14233,25769,19200,5107,21142,2663,364,39476,56759,8321,24955,41445,48409,162,115,492,424,134,541,843,174,258,431,4064,0.0,0.0,0.0,0.0,0.0,0.0,0.0,0.0,0.0,0.0,0.0,0.0,0.0,0.0,0.0,0.0,0.0,0.0,0.0,0.0,0.0,0.0,0.0,0.0,0.0,0.0,0.0,0.0,0.0,0.0,0.0,0.0,0.0,0.0,0.0,0.0,0.0,0.0,0.0,0.0,0.0,0.0,0.0,0.0,0.0,0.0,0.0,0.0,0.0,0.0,0.0,0.0,0.0,0.0,0.0,0.0,0.0,0.0,0.0,0.0,0.0,0.0,0.0,0.0,0.0,0.0,0.0,0.0,0.0,0.0,0.0,0.0,0.0,0.0,0.0,0.0,0.0,0.0,0.0,0.0,0.0,0.0,0.0,0.0,0.0,0.0,0.0,0.0,0.0,0.0,0.0,0.0,0.0,0.0,0.0,0.0,0.0,0.0,0.0,0.0,0.0,0.0,0.0,0.0,0.0,0.0,0.0,0.0,0.0,0.0,0.0,0.0,0.0,0.0,0.0,0.0,0.0,0.0,0.0,0.0,0.0,0.0,0.0,0.0,0.0,0.0,0.0,0.0,0.0,0.0,0.0,0.0,0.0,0.0,0.0,0.0,0.0,0.0,0.0,0.0,0.0,0.0,0.0,0.0,0.0,0.0,0.0,0.0,0.0,0.0
ENCFF863ZTU,0.14988942936041091,38627,270,4806,70960,810,352697,11737,672,323,282,749,5507,2890,10294,34331,40732,2715,838,12520,6570,140,655,79,112,120,2020,687,5715,67564,4577,169,67,634,4367,4281,61,4521,48,104,9256,10333,91,401,85,60,1043,9849,52987,54,1324,2736,2919,193,239,4631,149,306,321,240,945,2806,1716,36081,7550,355,153,32,84054,67210,4992,2534,1486,3195,4689,74,2961,1175,1554,1913,554,2483,2680,3038,811,1601,7130,22,1822,1557,30,1257,340,65,2613,2306,49934,202226,10734,183,27271,43400,5748,36553,2951,1476,3873,1548,2690,27,3667,8645,9554,152,6728,34667,2791,81369,341,1639,2258,8223,763,137315,2933,6801,2908,530,1986,137,89,26437,10618,408,37788,13639,9418,26893,58,7007,13545,2362,3714,67066,1057,156,158,84,37,25,2068,402,520,12219,3978,364,5287,73352,5268,231,2805,1413,1279,2846,5354,5380,5399,70,131,73,2174,31,2651,1217,1582,430,22,28,936,415,2605,11717,6047,41481,4334,30145,43952,20282,43943,20402,35936,311,27632,36973,8629,9639,30478,18750,7047,1386,53,1187,58,1632,2647,127,29,16,133,5059,122,70411,18196,14602,548,338255,57955,6246,37554,55652,961,647,52731,35270,110952,4208,46862,164,36931,16,243,818,17,646,1864,391,7996,2304,119,1535,1367,1300,2185,1106,5185,2524,90,210,7832,5534,2634,2445,3544,736,1971,1777,1019,617,454,265,2271,8949,1805,770,2174,4665,3652,21255,182362,723,4452,3691,2216,1828,1506,1349,1976,1186,30,10857,1156,3600,6136,660,2821,1082,5595,3279,2274,1956,2132,224,843,878,4971,3924,1965,1716,1889,3114,3318,2307,1405,2371,5556,28,31,900,1662,621,449,14624,236,10558,29,321,56,6730,589,8643,8582,11770,29,3022,106,34,4008,2885,180475,362,2277,3720,1197,22,4064,82,274,1526,26508,14427,4206,1418,71,111,96,40,72,1314,3791,2072,1625,3677,1373,883,4398,118287,260,3364,118406,895,7167,2074,12529,1191,3951,672,121,3552,1582,2218,2366,756,561,129,4970,3222,2148,2091,1062,2351,2417,30817,43,20655,1501,104,29003,7628,41,443,6047,1318,39,11224,1540,811,155,6445,2090,24246,3557,429,1494,2249,1222,1540,1866,1269,1341,33,878,39,3043,191,123,65,124,1247,450,1647,58435,1930,14756,8466,1148,957,987,329,26551,105,16144,2402,9388,1489,53,2600,9,48101,9422,14343,59157,5313,34093,209,752,758,2167,1147,1964,1762,2005,9534,1986,23,137,2219,49,63,3043,2859,17,119,71,28891,51421,40931,10921,36120,5470,2583,90169,105485,18253,49460,83879,89508,382,99,1451,1259,637,1973,743,314,202,810,8147,0.0,0.0,0.0,0.0,0.0,0.0,0.0,0.0,0.0,0.0,0.0,0.0,0.0,0.0,0.0,0.0,0.0,0.0,0.0,0.0,0.0,0.0,0.0,0.0,0.0,0.0,0.0,0.0,0.0,0.0,0.0,0.0,0.0,0.0,0.0,0.0,0.0,0.0,0.0,0.0,0.0,0.0,0.0,0.0,0.0,0.0,0.0,0.0,0.0,0.0,0.0,0.0,0.0,0.0,0.0,0.0,0.0,0.0,0.0,0.0,0.0,0.0,0.0,0.0,0.0,0.0,0.0,0.0,0.0,0.0,0.0,0.0,0.0,0.0,0.0,0.0,0.0,0.0,0.0,0.0,0.0,0.0,0.0,0.0,0.0,0.0,0.0,0.0,0.0,0.0,0.0,0.0,0.0,0.0,0.0,0.0,0.0,0.0,0.0,0.0,0.0,0.0,0.0,0.0,0.0,0.0,0.0,0.0,0.0,0.0,0.0,0.0,0.0,0.0,0.0,0.0,0.0,0.0,0.0,0.0,0.0,0.0,0.0,0.0,0.0,0.0,0.0,0.0,0.0,0.0,0.0,0.0,0.0,0.0,0.0,0.0,0.0,0.0,0.0,0.0,0.0,0.0,0.0,0.0,0.0,0.0,0.0,0.0,0.0,0.0
ENCFF000YLX,0.057543564981288015,18610,28,292,3640,59,7698,673,32,32,25,93,226,215,512,1771,1839,254,24,609,836,27,59,5,5,4,85,1695,266,2014,413,14,58,26,158,119,30,135,3,59,842,870,4,50,0,8,41,403,1781,173,64,92,87,32,25,711,14,27,42,7,71,113,19,862,18,33,684,7,3563,4764,785,91,56,386,499,20,83,37,55,60,15,71,101,282,50,41,246,1,65,31,1,95,8,3,164,92,1368,15259,845,10,2429,3492,182,2968,117,46,428,163,261,1,292,982,1049,6,657,2872,186,2186,53,209,184,697,92,2920,108,883,540,110,239,27,11,2520,737,693,1210,516,1250,2337,239,347,301,66,371,4039,48,173,12,10,3,3,167,27,149,1529,362,57,324,3767,307,29,77,97,86,243,1199,1140,688,8,5,5,74,1,126,58,208,244,35,0,102,66,68,1309,615,4031,193,2256,2725,1317,2581,1245,2389,24,2222,2607,970,789,2385,1547,524,52,337,124,6,41,65,23,6,0,7,485,17,3093,1041,544,12,20580,3005,427,2208,1633,109,78,3082,1805,4627,472,4818,15,4839,3,30,103,19,14,58,30,315,173,25,62,77,42,53,34,215,101,40,19,317,248,158,266,90,27,40,44,30,34,17,46,99,426,109,29,132,186,146,863,1833,875,156,371,105,60,44,35,69,40,13,559,35,70,432,38,129,36,332,96,85,48,73,32,33,85,203,170,69,68,57,199,102,54,58,65,244,2,4,32,28,81,29,1360,15,1078,1,38,8,499,74,747,810,761,1,203,8,21,88,341,5484,117,254,184,84,82,172,7,8,41,1143,789,251,111,7,23,8,0,8,48,100,287,50,311,37,33,123,4676,104,137,10222,43,426,65,411,1558,186,28,547,1592,57,86,82,48,32,47,6946,93,78,85,64,80,92,2068,7,865,176,4,2870,595,6,21,517,52,4,478,51,252,18,227,97,1246,266,226,72,81,40,97,44,219,56,0,87,2,349,14,4,12,202,40,50,52,3233,206,747,461,127,42,104,34,3712,162,1251,354,1074,117,17,246,0,2781,580,1006,4304,176,1069,40,32,34,147,49,88,56,108,557,74,3,77,84,3,2,360,345,0,239,16,1924,3022,2479,558,2756,344,21,5601,6757,1056,3200,5227,6265,22,19,67,56,16,53,137,22,37,40,771,0.0,0.0,0.0,0.0,0.0,0.0,0.0,0.0,0.0,0.0,0.0,0.0,0.0,0.0,0.0,0.0,0.0,0.0,0.0,0.0,0.0,0.0,0.0,0.0,0.0,0.0,0.0,0.0,0.0,0.0,0.0,0.0,0.0,0.0,0.0,0.0,0.0,0.0,0.0,0.0,0.0,0.0,0.0,0.0,0.0,0.0,0.0,0.0,0.0,0.0,0.0,0.0,0.0,0.0,0.0,0.0,0.0,0.0,0.0,0.0,0.0,0.0,0.0,0.0,0.0,0.0,0.0,0.0,0.0,0.0,0.0,0.0,0.0,0.0,0.0,0.0,0.0,0.0,0.0,0.0,0.0,0.0,0.0,0.0,0.0,0.0,0.0,0.0,0.0,0.0,0.0,0.0,0.0,0.0,0.0,0.0,0.0,0.0,0.0,0.0,0.0,0.0,0.0,0.0,0.0,0.0,0.0,0.0,0.0,0.0,0.0,0.0,0.0,0.0,0.0,0.0,0.0,0.0,0.0,0.0,0.0,0.0,0.0,0.0,0.0,0.0,0.0,0.0,0.0,0.0,0.0,0.0,0.0,0.0,0.0,0.0,0.0,0.0,0.0,0.0,0.0,0.0,0.0,0.0,0.0,0.0,0.0,0.0,0.0,0.0
ENCFF094LXX,0.18288352775241054,183100,245,5423,60986,943,211856,10669,480,640,492,1065,5075,4868,12535,28278,58200,4749,1170,9541,8169,248,1169,84,131,113,1312,11673,5310,79965,6127,422,330,731,2972,2739,106,3386,59,38,11711,18011,361,1148,76,84,1095,9758,27779,1380,1073,1726,2155,788,514,12384,343,611,500,249,1545,2830,1007,22314,2813,499,3190,303,70609,65505,11806,1731,1065,3296,8717,576,2012,980,1267,1394,355,1621,1835,5551,746,953,5870,38,1312,923,38,1734,403,117,1638,1843,29250,257548,15406,144,42110,60015,3918,51988,1874,1032,8353,2418,2357,49,4297,10878,11022,391,7066,52892,3442,47203,456,2260,2271,11967,1012,66683,2087,9138,4056,1268,3850,580,119,46447,15933,7192,49244,12703,17739,44713,1262,6655,9141,1947,6799,74060,978,2078,169,197,60,86,3960,856,1249,15411,6869,991,6723,58675,4828,731,1848,2222,1759,4395,5714,5342,8577,97,234,83,1643,66,2447,969,1670,1179,114,13,891,1198,1647,22762,11080,70514,3626,42824,49870,21078,51565,20472,41747,523,41853,50527,17471,14182,36502,27383,7805,1336,2047,1131,113,923,1521,276,87,59,81,6132,386,50924,16634,15450,299,266195,55465,6433,43794,39672,2023,898,55402,26099,86037,5483,66854,207,65054,59,546,1452,220,502,1470,374,6212,4492,38,1099,1375,983,1476,694,3779,2453,433,421,8653,5090,3180,4582,2081,464,1229,1211,584,590,404,695,1791,7570,1644,620,2653,3873,3559,16117,25948,7463,3854,5181,2167,1277,980,1005,1467,779,152,10894,865,1679,8223,570,2663,722,6417,1800,1541,962,1524,444,850,1186,4096,3430,1272,1525,1242,3659,2538,1535,1198,1622,6488,45,64,662,1032,928,659,24521,153,14334,48,664,521,10697,1395,11228,10058,11294,67,4962,324,241,2664,6791,105523,1556,3430,3315,1765,632,4132,300,817,1801,23748,12456,8375,2429,89,312,136,26,112,1044,1582,3844,1062,5654,887,876,2710,83165,1179,3197,185324,862,10245,1537,9569,12826,3719,529,5637,14116,1329,1604,1702,600,673,524,70623,2008,1428,1755,746,1837,2016,39223,159,18036,3008,172,43751,11181,74,447,8766,1237,85,11015,1169,2050,411,5337,1786,39401,4568,2269,1264,1742,828,1734,1442,2269,1651,112,1455,76,3002,422,55,354,1699,339,816,1143,46672,2206,13561,6814,1629,902,1208,338,52689,518,24380,3054,18048,2476,409,4689,86,42989,8238,15015,63906,2617,31558,273,707,629,1983,769,1635,1144,2068,9689,1621,37,1827,1610,35,92,6409,6709,12,1772,278,38558,54986,41512,10414,50927,6292,805,112702,129985,18164,56551,96241,115736,487,224,1124,1091,360,1314,2175,580,569,1166,10777,0.0,0.0,0.0,0.0,0.0,0.0,0.0,0.0,0.0,0.0,0.0,0.0,0.0,0.0,0.0,0.0,0.0,0.0,0.0,0.0,0.0,0.0,0.0,0.0,0.0,0.0,0.0,0.0,0.0,0.0,0.0,0.0,0.0,0.0,0.0,0.0,0.0,0.0,0.0,0.0,0.0,0.0,0.0,0.0,0.0,0.0,0.0,0.0,0.0,0.0,0.0,0.0,0.0,0.0,0.0,0.0,0.0,0.0,0.0,0.0,0.0,0.0,0.0,0.0,0.0,0.0,0.0,0.0,0.0,0.0,0.0,0.0,0.0,0.0,0.0,0.0,0.0,0.0,0.0,0.0,0.0,0.0,0.0,0.0,0.0,0.0,0.0,0.0,0.0,0.0,0.0,0.0,0.0,0.0,0.0,0.0,0.0,0.0,0.0,0.0,0.0,0.0,0.0,0.0,0.0,0.0,0.0,0.0,0.0,0.0,0.0,0.0,0.0,0.0,0.0,0.0,0.0,0.0,0.0,0.0,0.0,0.0,0.0,0.0,0.0,0.0,0.0,0.0,0.0,0.0,0.0,0.0,0.0,0.0,0.0,0.0,0.0,0.0,0.0,0.0,0.0,0.0,0.0,0.0,0.0,0.0,0.0,0.0,0.0,0.0
ENCFF001HXF,0.19661238559887914,49845,148,2637,30039,598,104266,4692,223,515,248,411,2745,4147,9168,15366,32983,3063,391,5849,4640,110,580,99,96,121,880,2477,3098,28050,3343,198,154,403,1818,1829,74,1741,107,10,5704,8707,82,501,42,44,559,5036,13050,362,421,965,1508,396,266,4432,137,306,360,147,616,1307,739,15877,589,307,885,33,45538,37698,5016,1086,709,1463,3370,261,1225,601,796,889,243,1019,1184,2763,438,584,3365,24,934,498,42,1092,159,71,987,1286,23267,135867,7791,139,20411,30746,2666,26230,1155,648,3978,1194,1364,41,2088,5418,5488,250,3508,24750,2819,22285,414,1778,1899,6879,807,32837,1318,4602,2240,683,2011,337,160,21406,13239,1259,26095,8603,7430,20926,391,3857,4359,1172,3083,46999,435,467,65,115,64,63,1817,263,342,8228,3619,662,3707,32065,3246,415,1173,893,758,2410,3047,2617,3777,77,255,82,996,37,1662,633,414,174,47,3,668,574,986,10725,5344,33990,1909,24661,27131,12074,27428,11262,23745,207,21958,26300,8131,6689,17935,13560,4692,732,500,709,25,518,888,221,148,41,120,2990,525,36887,10763,12484,318,150066,32590,2795,23360,28402,900,397,32715,16237,56469,3973,33577,193,31658,56,259,520,95,294,988,225,3459,1817,26,706,990,663,901,462,2326,1408,154,217,4086,2658,1870,1858,1244,320,668,773,416,346,284,338,1115,4318,1299,392,1545,2094,2048,9629,19541,1335,2218,2219,1303,849,651,683,921,546,97,5532,454,856,4314,379,1438,427,3184,1106,1070,617,983,153,501,527,2288,2300,799,945,744,2081,1374,809,809,978,3475,47,43,421,620,479,335,11023,313,7370,47,404,104,5352,562,5084,5211,6247,72,2369,158,195,1191,3019,63611,638,1685,1845,835,123,2453,239,145,485,13246,6462,2391,1059,39,205,131,27,158,678,1244,1875,568,2905,499,518,1822,44890,414,1836,92339,547,4747,959,5272,2590,2435,317,1275,4800,847,1033,1005,393,359,247,14394,1193,969,1072,410,1111,1298,20510,103,8712,1670,74,19244,5727,52,223,4465,642,137,5604,848,884,273,2836,1185,19384,2991,674,752,1136,491,1068,842,1069,485,46,891,89,1487,94,28,198,445,421,831,738,32975,1755,9147,4561,1127,394,701,283,26807,309,12692,1738,9203,1235,358,2116,21,23422,4342,8262,33747,1156,18673,300,217,403,931,440,1108,746,1342,6372,1017,26,363,1045,34,68,2982,3227,7,486,316,18000,32140,25618,6189,27576,3136,918,56889,71026,11000,32969,50500,60904,245,131,782,715,200,879,966,203,327,537,5668,0.0,0.0,0.0,0.0,0.0,0.0,0.0,0.0,0.0,0.0,0.0,0.0,0.0,0.0,0.0,0.0,0.0,0.0,0.0,0.0,0.0,0.0,0.0,0.0,0.0,0.0,0.0,0.0,0.0,0.0,0.0,0.0,0.0,0.0,0.0,0.0,0.0,0.0,0.0,0.0,0.0,0.0,0.0,0.0,0.0,0.0,0.0,0.0,0.0,0.0,0.0,0.0,0.0,0.0,0.0,0.0,0.0,0.0,0.0,0.0,0.0,0.0,0.0,0.0,0.0,0.0,0.0,0.0,0.0,0.0,0.0,0.0,0.0,0.0,0.0,0.0,0.0,0.0,0.0,0.0,0.0,0.0,0.0,0.0,0.0,0.0,0.0,0.0,0.0,0.0,0.0,0.0,0.0,0.0,0.0,0.0,0.0,0.0,0.0,0.0,0.0,0.0,0.0,0.0,0.0,0.0,0.0,0.0,0.0,0.0,0.0,0.0,0.0,0.0,0.0,0.0,0.0,0.0,0.0,0.0,0.0,0.0,0.0,0.0,0.0,0.0,0.0,0.0,0.0,0.0,0.0,0.0,0.0,0.0,0.0,0.0,0.0,0.0,0.0,0.0,0.0,0.0,0.0,0.0,0.0,0.0,0.0,0.0,0.0,0.0
ENCFF000ZHB,0.03990903363311608,3722,14,146,1221,24,3593,172,27,9,10,15,211,80,130,461,786,75,8,106,125,6,13,4,0,1,17,279,89,540,74,12,21,7,110,59,9,56,0,0,236,247,1,23,0,3,26,169,674,34,14,35,54,11,19,209,3,8,9,3,22,50,4,436,11,7,84,1,1435,1514,179,27,28,64,177,3,35,18,18,34,4,28,33,126,17,20,84,0,33,17,2,29,4,3,58,37,543,4900,249,2,859,1002,50,936,165,15,120,39,34,0,62,177,193,0,135,883,81,603,18,70,70,244,39,785,43,164,73,18,67,13,2,801,654,133,570,158,499,679,45,113,69,32,113,1269,10,34,2,0,0,1,64,5,17,265,77,19,105,1210,95,5,32,18,22,78,99,111,181,1,6,0,26,0,56,20,669,204,8,1,20,32,25,462,175,1273,51,869,1018,371,950,337,807,3,1626,897,329,226,758,509,162,17,45,19,2,12,24,2,1,0,3,108,4,939,353,179,3,5822,1372,109,701,661,22,151,1008,434,1558,123,951,3,1087,2,3,31,9,4,17,9,100,84,4,18,22,10,20,10,70,50,17,4,119,78,36,60,40,10,16,21,13,15,11,20,37,123,44,14,74,78,60,394,1459,179,69,179,38,20,21,24,20,11,6,189,18,27,145,7,38,14,83,23,34,17,30,14,15,20,70,58,33,25,11,84,45,30,23,33,100,1,0,16,9,28,8,477,2,249,0,19,3,166,15,156,183,182,0,38,4,3,25,145,2486,27,59,51,26,11,69,5,9,11,490,161,93,26,1,13,2,0,3,13,20,71,15,89,15,14,52,1468,38,51,3452,15,152,22,137,236,61,7,95,287,26,31,27,18,12,10,1121,33,22,30,13,34,34,663,1,296,60,0,730,178,0,7,141,16,1,175,19,47,7,106,31,576,95,41,18,31,9,44,22,46,16,0,29,0,51,4,1,1,27,9,10,16,720,66,281,158,52,12,22,5,1106,31,358,95,292,34,6,72,1,943,187,253,1131,145,491,5,4,9,36,16,28,16,46,142,32,3,21,38,1,0,198,94,0,43,2,587,1081,889,179,908,133,14,2259,2713,371,1084,1917,2079,5,4,29,23,15,24,26,5,9,14,179,0.0,0.0,0.0,0.0,0.0,0.0,0.0,0.0,0.0,0.0,0.0,0.0,0.0,0.0,0.0,0.0,0.0,0.0,0.0,0.0,0.0,0.0,0.0,0.0,0.0,0.0,0.0,0.0,0.0,0.0,0.0,0.0,0.0,0.0,0.0,0.0,0.0,0.0,0.0,0.0,0.0,0.0,0.0,0.0,0.0,0.0,0.0,0.0,0.0,0.0,0.0,0.0,0.0,0.0,0.0,0.0,0.0,0.0,0.0,0.0,0.0,0.0,0.0,0.0,0.0,0.0,0.0,0.0,0.0,0.0,0.0,0.0,0.0,0.0,0.0,0.0,0.0,0.0,0.0,0.0,0.0,0.0,0.0,0.0,0.0,0.0,0.0,0.0,0.0,0.0,0.0,0.0,0.0,0.0,0.0,0.0,0.0,0.0,0.0,0.0,0.0,0.0,0.0,0.0,0.0,0.0,0.0,0.0,0.0,0.0,0.0,0.0,0.0,0.0,0.0,0.0,0.0,0.0,0.0,0.0,0.0,0.0,0.0,0.0,0.0,0.0,0.0,0.0,0.0,0.0,0.0,0.0,0.0,0.0,0.0,0.0,0.0,0.0,0.0,0.0,0.0,0.0,0.0,0.0,0.0,0.0,0.0,0.0,0.0,0.0
ENCFF898QGO,0.14490364523137822,38058,207,4152,31998,777,120793,5912,324,910,424,527,3582,9300,14800,20378,65046,5933,513,6214,6813,188,872,141,86,106,1144,243,3804,20857,5333,344,181,558,2085,1818,38,2215,82,10,8799,14350,127,883,44,51,696,7117,20753,46,583,1239,1638,657,558,8901,228,458,753,212,1807,1750,648,13817,402,326,87,49,55110,58436,9778,1191,799,1447,7026,441,1352,627,845,1004,246,1175,1225,4743,558,603,4212,56,1020,683,49,1530,242,42,1360,1388,20450,201323,12117,132,32765,49775,2915,42597,1234,754,7038,2036,2019,50,3864,10062,9987,160,5750,40002,3720,33133,591,2371,2404,10734,1129,40596,1435,7209,3717,1048,3518,604,203,35643,23405,181,23275,12298,17280,35029,49,5249,3746,1265,4631,39619,309,257,170,189,55,99,2819,632,576,12884,5668,1132,4849,34371,3568,573,1309,915,1015,3482,4882,4307,7526,149,405,34,1117,51,2072,693,513,1267,10,13,595,965,1094,19289,8595,51710,2796,44350,37943,16528,27673,16286,33528,418,34281,40574,13213,11241,28184,22372,5612,1038,42,726,59,553,1032,294,296,25,122,4816,520,39710,13033,26877,233,221538,43184,3965,32955,31506,1583,574,47648,20590,64035,6802,50947,217,50557,153,456,742,89,376,1007,348,4654,3247,76,809,1100,685,1012,567,2668,1530,1134,304,5802,3395,2660,4177,1386,355,878,797,404,463,326,1069,1225,6731,1509,468,2193,2808,2592,10559,39812,259,2804,4853,1460,854,644,730,1073,550,534,8330,590,979,6859,404,1752,498,5731,1247,1061,659,1034,572,582,632,2904,2796,924,1028,799,3281,1757,989,893,1041,5107,41,82,464,723,940,644,17911,228,11883,54,669,104,7721,968,8464,7983,8405,54,3772,623,305,1894,5126,109639,758,2358,3122,1394,25,3316,194,161,899,18467,7102,3484,1663,122,242,123,38,215,792,753,2678,561,4337,627,657,1346,67440,414,2726,145982,563,7176,1061,5895,446,3053,389,132,4458,930,1082,1150,452,565,360,1884,1250,1059,1144,587,1247,1438,31210,319,12762,2841,104,32383,8513,61,359,6999,680,190,8145,930,2085,478,3500,1245,25415,3167,690,983,1179,640,1385,984,1857,764,33,1351,70,2090,258,60,223,483,102,1007,905,27973,2254,10018,5917,1356,614,989,208,43245,82,19604,1814,15737,1850,425,3635,28,34950,6736,13045,54244,3381,16476,241,311,445,1030,509,1135,861,1939,6630,1161,82,234,1177,9,41,4723,5145,25,148,435,27671,46598,36725,8524,41863,4705,554,80000,106392,15591,46973,76873,93695,490,277,864,782,280,927,2036,460,503,909,8075,0.0,0.0,0.0,0.0,0.0,0.0,0.0,0.0,0.0,0.0,0.0,0.0,0.0,0.0,0.0,0.0,0.0,0.0,0.0,0.0,0.0,0.0,0.0,0.0,0.0,0.0,0.0,0.0,0.0,0.0,0.0,0.0,0.0,0.0,0.0,0.0,0.0,0.0,0.0,0.0,0.0,0.0,0.0,0.0,0.0,0.0,0.0,0.0,0.0,0.0,0.0,0.0,0.0,0.0,0.0,0.0,0.0,0.0,0.0,0.0,0.0,0.0,0.0,0.0,0.0,0.0,0.0,0.0,0.0,0.0,0.0,0.0,0.0,0.0,0.0,0.0,0.0,0.0,0.0,0.0,0.0,0.0,0.0,0.0,0.0,0.0,0.0,0.0,0.0,0.0,0.0,0.0,0.0,0.0,0.0,0.0,0.0,0.0,0.0,0.0,0.0,0.0,0.0,0.0,0.0,0.0,0.0,0.0,0.0,0.0,0.0,0.0,0.0,0.0,0.0,0.0,0.0,0.0,0.0,0.0,0.0,0.0,0.0,0.0,0.0,0.0,0.0,0.0,0.0,0.0,0.0,0.0,0.0,0.0,0.0,0.0,0.0,0.0,0.0,0.0,0.0,0.0,0.0,0.0,0.0,0.0,0.0,0.0,0.0,0.0
ENCFF000BEQ,0.18611277147105657,83157,311,7222,68443,1608,184846,13835,609,1090,623,1181,7423,8752,20189,31984,51820,7699,1151,10838,12951,331,1500,157,144,237,2632,1659,7642,103354,9560,573,343,1150,4370,4426,101,4940,133,30,19692,24724,230,1979,149,84,1868,13524,41427,240,1132,2856,3670,1055,720,13524,394,877,1165,1412,2657,3067,557,27548,1158,783,541,73,105710,121749,17578,2678,1751,2765,11161,1381,3125,1299,2003,2334,505,2404,2986,8138,952,1265,8892,48,2214,1173,110,2653,1114,235,3982,2978,36637,383804,24203,351,63640,91497,6266,78337,2872,1511,12368,4179,4982,81,7667,16859,17198,1927,10249,87256,6006,94026,1425,5338,5145,20514,2292,130054,3276,13732,6360,1559,6382,828,876,65601,27727,1243,55113,18671,26205,61658,262,10529,5496,2930,9020,132012,2475,578,247,245,64,175,7749,848,1017,23991,10836,1653,14293,71656,6802,967,3133,1781,1683,7557,11826,10203,10680,365,687,88,2622,156,4306,1548,1881,250,70,24,1367,1971,2614,34017,16126,102172,5402,72263,92040,36884,100132,33805,67222,635,67170,79705,23455,21437,55501,47039,13944,2287,438,3215,144,1403,2396,605,497,56,829,9073,866,142007,27127,26607,4656,424914,83022,7379,60410,52297,2827,1156,88826,50708,129644,10077,105086,435,100811,195,864,1402,185,697,2442,740,9022,4814,151,1596,2220,1488,2351,959,6134,3734,389,686,11291,6968,4823,5283,2839,927,1459,1946,929,848,570,1052,2841,11960,3047,872,4029,5546,5206,23614,42368,1212,5587,6698,2972,2204,1808,1628,2536,1262,284,15250,1113,2039,11823,933,3707,868,9163,2687,2538,1538,2204,310,1053,1306,5738,5818,1979,2371,1688,5439,3630,1834,1947,2447,9380,33,89,918,1506,1258,668,32358,715,22392,25,1104,171,14489,1653,15222,15802,16759,106,8035,598,425,10615,8647,160894,1405,4365,4910,2368,123,6419,540,391,1668,44465,13130,6633,3402,120,482,343,40,208,1757,6565,4791,1633,7417,1132,1064,2427,95806,785,4764,260733,1312,13170,2576,12894,2210,5809,662,851,8901,1986,2617,2848,809,924,568,9819,3169,2431,2912,1454,2873,3266,58461,329,24503,5161,109,57498,19186,277,747,20260,1466,286,14901,2101,3652,732,7697,2859,42177,6333,1423,1695,3022,1137,3167,2157,2783,4470,158,2438,161,4344,284,113,542,1039,377,1688,1745,45432,4407,18888,13173,2889,1032,2901,1449,76950,253,33363,3642,26780,3820,808,6241,38,94354,16894,28488,110888,4496,48839,672,694,891,1929,997,2975,1864,3450,30309,2758,100,443,2550,668,91,10266,9131,58,457,542,56144,92741,72456,17161,80714,9182,705,161244,207161,30974,95993,150554,183058,635,377,1865,1678,487,2238,3327,735,943,2240,15207,0.0,0.0,0.0,0.0,0.0,0.0,0.0,0.0,0.0,0.0,0.0,0.0,0.0,0.0,0.0,0.0,0.0,0.0,0.0,0.0,0.0,0.0,0.0,0.0,0.0,0.0,0.0,0.0,0.0,0.0,0.0,0.0,0.0,0.0,0.0,0.0,0.0,0.0,0.0,0.0,0.0,0.0,0.0,0.0,0.0,0.0,0.0,0.0,0.0,0.0,0.0,0.0,0.0,0.0,0.0,0.0,0.0,0.0,0.0,0.0,0.0,0.0,0.0,0.0,0.0,0.0,0.0,0.0,0.0,0.0,0.0,0.0,0.0,0.0,0.0,0.0,0.0,0.0,0.0,0.0,0.0,0.0,0.0,0.0,0.0,0.0,0.0,0.0,0.0,0.0,0.0,0.0,0.0,0.0,0.0,0.0,0.0,0.0,0.0,0.0,0.0,0.0,0.0,0.0,0.0,0.0,0.0,0.0,0.0,0.0,0.0,0.0,0.0,0.0,0.0,0.0,0.0,0.0,0.0,0.0,0.0,0.0,0.0,0.0,0.0,0.0,0.0,0.0,0.0,0.0,0.0,0.0,0.0,0.0,0.0,0.0,0.0,0.0,0.0,0.0,0.0,0.0,0.0,0.0,0.0,0.0,0.0,0.0,0.0,0.0
ENCFF000YCY,0.1461019002667156,45252,339,3149,36634,717,91679,6150,258,534,228,529,3148,3994,8391,19076,29669,3119,420,5489,5585,144,599,60,65,56,750,1259,3141,78115,3228,226,189,655,1722,1499,55,1778,28,19,7293,10000,114,575,78,97,531,5448,21398,92,482,991,1348,435,273,6443,150,311,325,86,718,1458,390,14178,287,257,395,93,46386,47359,6475,988,630,1225,6801,275,1070,500,697,813,226,979,1086,3281,444,504,3393,21,848,504,45,1077,133,21,930,1518,19444,158781,9537,100,25205,37766,2391,32280,1044,620,4587,1404,1575,19,3035,7577,7548,132,4532,36647,2385,32100,573,2012,2151,7806,850,48311,1277,5709,2950,609,2388,342,147,27935,12000,936,42123,8492,9512,24370,259,4188,3421,1099,3395,54804,451,275,130,105,43,25,1920,319,562,10137,5135,595,3427,36886,3403,382,1041,908,759,3086,3832,3198,5192,46,175,38,946,28,1614,584,835,498,37,3,904,709,926,13852,6420,42230,2108,28787,32103,13255,32568,12467,26923,299,26672,31891,11751,8625,21696,16734,5124,877,217,780,69,482,799,190,78,31,47,4092,278,36746,11092,11234,152,214477,40618,4290,24370,25312,978,521,36488,17408,57729,4257,38029,125,37831,66,374,832,149,289,920,192,3663,2019,67,633,906,559,876,398,2185,1373,440,201,4331,2707,1881,2198,1197,330,643,656,356,346,263,505,1079,5079,1209,353,1687,2087,2143,10634,23533,997,2190,2770,1289,792,589,581,913,480,160,7020,472,852,4986,389,1412,392,3782,1065,960,594,876,409,482,484,2396,2178,816,903,708,2179,1468,779,789,936,3894,28,35,410,584,468,202,13585,54,9465,24,455,173,5907,709,6192,6020,9152,18,2343,142,182,1042,3367,74264,615,1891,2469,990,111,2406,185,162,614,13402,6657,3001,1193,45,158,83,6,43,609,550,1948,481,3304,494,469,1828,48953,392,2073,114580,493,5157,902,4832,1580,2187,309,578,4414,760,921,983,365,361,215,6850,1062,871,995,414,1100,1207,22832,77,9395,2086,23,23451,6084,32,261,5797,672,48,6699,778,1516,289,2761,1046,23681,3710,678,745,1019,428,1173,880,1143,428,16,970,20,1892,256,44,195,426,181,617,762,30608,1949,9494,6520,1326,484,710,199,32422,123,13156,1580,10939,1229,306,2568,30,26067,5025,8831,40426,2222,19540,209,155,394,1009,930,975,663,1301,6491,983,58,273,1057,24,26,3587,3539,0,230,227,22346,38845,28526,7097,32329,5325,503,60505,83777,12315,39204,62490,73439,293,137,689,692,211,782,1152,276,410,645,6429,0.0,0.0,0.0,0.0,0.0,0.0,0.0,0.0,0.0,0.0,0.0,0.0,0.0,0.0,0.0,0.0,0.0,0.0,0.0,0.0,0.0,0.0,0.0,0.0,0.0,0.0,0.0,0.0,0.0,0.0,0.0,0.0,0.0,0.0,0.0,0.0,0.0,0.0,0.0,0.0,0.0,0.0,0.0,0.0,0.0,0.0,0.0,0.0,0.0,0.0,0.0,0.0,0.0,0.0,0.0,0.0,0.0,0.0,0.0,0.0,0.0,0.0,0.0,0.0,0.0,0.0,0.0,0.0,0.0,0.0,0.0,0.0,0.0,0.0,0.0,0.0,0.0,0.0,0.0,0.0,0.0,0.0,0.0,0.0,0.0,0.0,0.0,0.0,0.0,0.0,0.0,0.0,0.0,0.0,0.0,0.0,0.0,0.0,0.0,0.0,0.0,0.0,0.0,0.0,0.0,0.0,0.0,0.0,0.0,0.0,0.0,0.0,0.0,0.0,0.0,0.0,0.0,0.0,0.0,0.0,0.0,0.0,0.0,0.0,0.0,0.0,0.0,0.0,0.0,0.0,0.0,0.0,0.0,0.0,0.0,0.0,0.0,0.0,0.0,0.0,0.0,0.0,0.0,0.0,0.0,0.0,0.0,0.0,0.0,0.0
ENCFF002EIK,0.15552263891505846,318576,280,2229,58204,684,139784,9626,517,263,227,462,5073,2181,6098,37500,28682,1869,681,7244,4496,99,557,58,138,91,1736,31752,4744,36023,3655,105,46,537,3341,2945,39,3518,29,4,7758,8604,131,413,141,73,794,7912,45982,1683,962,2540,2400,146,232,4168,95,349,273,248,830,2700,426,20061,4107,112,8380,135,51526,57255,4267,2027,1120,2708,4139,87,2271,1036,1215,1482,456,2020,2112,2484,728,1194,5711,21,1413,1292,29,925,334,61,2099,1234,19121,169922,9049,142,22993,37173,4789,31275,2218,1168,3471,1453,1941,54,3432,7199,8502,382,4873,31151,2047,61637,263,1374,1628,6569,654,129193,2287,5808,2216,507,1873,532,182,22996,8318,11286,63408,13922,11742,24616,991,5714,8538,1940,3735,51325,288,1877,104,50,40,17,1641,362,505,8672,2709,167,3546,61423,4340,282,2337,3019,2874,2769,4932,4751,4996,48,170,122,1863,72,2210,981,872,111,26,57,793,535,2143,11356,5480,40303,3410,24266,33311,15227,55451,16955,30835,244,24246,31702,8579,8169,24735,16400,5184,1036,1767,748,37,1410,2190,139,60,36,54,3891,176,75000,11788,12213,674,178326,40455,5248,25733,29226,797,502,36909,20571,63851,2758,33245,101,27588,27,237,655,17,590,1537,424,6361,2071,46,1306,1062,1057,1816,906,4088,2012,177,208,6388,4480,2218,2421,2946,573,1618,1489,843,492,405,228,1879,5719,1394,642,1640,3768,2954,16406,182608,26870,3760,3029,1719,1431,1111,1121,1585,821,99,8320,958,2790,4980,573,2282,919,4751,2841,1825,1591,1627,237,784,652,4259,3239,1691,1382,1327,2409,2557,1901,1140,1977,4505,39,33,757,1434,454,423,11766,156,8105,28,207,96,5485,461,6412,6107,9046,33,2340,154,43,2143,2301,112380,2012,1817,3121,967,187,3220,95,471,1229,21304,8930,5669,1144,115,214,90,8,82,1063,2604,1652,1359,4015,1085,780,2391,99988,508,2689,88150,657,5764,1621,9989,33771,3181,505,4190,13262,1456,1877,1912,555,470,96,214914,2554,1756,1744,887,1785,2012,25251,69,17350,1236,59,23341,5485,24,339,4741,1106,42,9029,1237,792,133,5009,1703,22614,2348,3921,1288,1908,1110,1235,1551,927,955,25,645,32,2679,199,113,68,1717,769,303,1150,46483,1720,11393,5949,1172,733,699,305,22694,1929,12074,2270,7660,1225,51,2201,13,38366,7432,11289,43882,3602,36631,188,216,635,1815,1028,1600,1401,1702,8387,1601,30,164,1850,68,61,2637,2364,41,1596,81,23084,38383,31089,7805,31026,4172,417,97689,83004,13359,37342,66379,72228,274,73,1202,1070,525,1560,570,375,145,780,6179,0.0,0.0,0.0,0.0,0.0,0.0,0.0,0.0,0.0,0.0,0.0,0.0,0.0,0.0,0.0,0.0,0.0,0.0,0.0,0.0,0.0,0.0,0.0,0.0,0.0,0.0,0.0,0.0,0.0,0.0,0.0,0.0,0.0,0.0,0.0,0.0,0.0,0.0,0.0,0.0,0.0,0.0,0.0,0.0,0.0,0.0,0.0,0.0,0.0,0.0,0.0,0.0,0.0,0.0,0.0,0.0,0.0,0.0,0.0,0.0,0.0,0.0,0.0,0.0,0.0,0.0,0.0,0.0,0.0,0.0,0.0,0.0,0.0,0.0,0.0,0.0,0.0,0.0,0.0,0.0,0.0,0.0,0.0,0.0,0.0,0.0,0.0,0.0,0.0,0.0,0.0,0.0,0.0,0.0,0.0,0.0,0.0,0.0,0.0,0.0,0.0,0.0,0.0,0.0,0.0,0.0,0.0,0.0,0.0,0.0,0.0,0.0,0.0,0.0,0.0,0.0,0.0,0.0,0.0,0.0,0.0,0.0,0.0,0.0,0.0,0.0,0.0,0.0,0.0,0.0,0.0,0.0,0.0,0.0,0.0,0.0,0.0,0.0,0.0,0.0,0.0,0.0,0.0,0.0,0.0,0.0,0.0,0.0,0.0,0.0
ENCFF000RZL,0.31538681855866585,113724,516,8234,9140,141,77193,16033,213,786,1224,2554,3892,1702,5448,3229,4192,7704,2163,12900,19583,868,4666,338,279,545,949,285,4253,4804,17801,1282,771,1648,2223,2066,6,7703,63,34,24150,53566,98,2481,40,346,2478,14017,2908,56,1604,119,327,2488,1437,34809,1243,1746,1380,1068,4379,1985,40,1669,983,2113,32,54,95933,161878,42318,1007,162,2049,31790,940,1300,131,155,532,41,211,2063,16617,173,73,3624,87,219,201,133,10140,1851,1136,5356,632,1566,677057,56110,292,150266,183904,5581,158333,2310,138,28109,8493,9461,90,14486,32812,34416,1895,10850,153437,2646,37601,44,313,1577,32979,94,6621,1325,25774,13312,3987,14838,1720,876,177122,11475,279,4164,6641,63073,140789,34,9298,4315,1214,14206,8201,1312,1027,39,621,43,137,11975,1863,1959,34302,28665,3073,11980,6731,972,2075,1297,10890,8532,11323,19885,18105,30020,470,842,718,208,144,679,103,5408,368,9,1,103,2755,1460,72424,36379,186942,6013,81498,125095,38657,33851,34429,58868,1264,114191,126740,44037,46908,86575,94072,21671,2794,118,2753,29,73,229,1467,185,259,1209,13874,164,20172,18681,1819,9981,775270,115273,13611,114061,6336,6438,2690,128497,52550,91158,615,228983,525,246198,114,913,2930,86,43,1103,420,5659,8970,130,87,257,101,213,155,5175,2659,840,581,11882,9662,5465,12577,259,53,164,269,55,75,75,2708,251,13702,748,96,4605,5027,2467,7143,3405,581,4727,13885,2476,904,683,87,245,71,723,37159,248,333,23837,73,4424,140,11571,197,736,98,264,342,88,257,2040,1837,183,130,271,10014,3292,190,168,147,2761,37,141,100,198,3378,71,76932,2424,49359,87,2568,230,28115,5177,35435,25429,20139,112,10120,176,917,3924,18830,69351,3845,9274,6196,4442,3,3997,939,2037,3615,28076,12578,3566,8677,1020,632,517,51,353,145,5789,11843,1464,11536,152,197,1607,7668,452,2607,559469,951,26927,515,7942,2176,3496,182,92,14108,174,1837,2112,115,211,1166,5671,2014,779,2179,425,1131,2154,113834,140,31253,10431,482,129042,34838,38,1920,20161,4068,206,14773,213,4640,1748,7408,985,5171,1396,1824,297,1737,248,1453,261,6575,324,302,4150,262,5830,1042,61,1944,1490,3169,623,2722,9126,503,3953,4227,314,1841,5037,2770,195854,31,60907,2814,67137,10075,488,12341,38,96007,19230,28167,139214,2492,5528,54,1771,158,570,605,1438,107,448,32227,1380,30,1625,181,217,688,23658,24924,1,85,938,134335,121803,69330,18788,161279,19885,1316,207147,327755,31285,126639,242714,342717,916,926,156,169,96,158,8274,1906,2342,2908,21785,0.0,0.0,0.0,0.0,0.0,0.0,0.0,0.0,0.0,0.0,0.0,0.0,0.0,0.0,0.0,0.0,0.0,0.0,0.0,0.0,0.0,0.0,0.0,0.0,0.0,0.0,0.0,0.0,0.0,0.0,0.0,0.0,0.0,0.0,0.0,0.0,0.0,0.0,0.0,0.0,0.0,0.0,0.0,0.0,0.0,0.0,0.0,0.0,0.0,0.0,0.0,0.0,0.0,0.0,0.0,0.0,0.0,0.0,0.0,0.0,0.0,0.0,0.0,0.0,0.0,0.0,0.0,0.0,0.0,0.0,0.0,0.0,0.0,0.0,0.0,0.0,0.0,0.0,0.0,0.0,0.0,0.0,0.0,0.0,0.0,0.0,0.0,0.0,0.0,0.0,0.0,0.0,0.0,0.0,0.0,0.0,0.0,0.0,0.0,0.0,0.0,0.0,0.0,0.0,0.0,0.0,0.0,0.0,0.0,0.0,0.0,0.0,0.0,0.0,0.0,0.0,0.0,0.0,0.0,0.0,0.0,0.0,0.0,0.0,0.0,0.0,0.0,0.0,0.0,0.0,0.0,0.0,0.0,0.0,0.0,0.0,0.0,0.0,0.0,0.0,0.0,0.0,0.0,0.0,0.0,0.0,0.0,0.0,0.0,0.0
ENCFF177YLW,0.15344768301746503,17635,381,1060,4405,43,9684,4852,129,101,124,640,1389,389,899,1815,1772,806,222,2942,2214,128,334,31,51,62,293,492,646,3294,1864,122,67,183,405,321,8,652,29,56,4205,5026,26,285,6,175,301,1704,2380,64,153,81,179,275,399,3800,77,212,171,201,361,847,31,1317,132,610,114,232,11199,15549,4302,179,89,350,3687,176,248,67,119,172,23,104,284,1565,51,55,596,12,93,65,18,766,126,25,548,179,1233,66384,4910,33,12859,18025,621,15617,323,82,2635,885,956,7,1786,4434,4955,77,1714,14259,323,4007,18,67,225,3286,33,2742,186,2634,1353,649,1522,195,73,17545,1640,323,3533,1220,10244,13037,65,1401,1423,225,1474,3497,412,151,15,63,17,11,1036,185,820,3678,2246,289,1475,3768,346,221,252,1275,1062,1105,1896,1491,4401,56,125,22,104,21,263,59,1627,5383,5,0,101,330,245,7303,3169,18603,588,8314,12277,4524,4974,4114,7311,124,10943,12786,4875,4195,11839,8467,3609,254,83,293,16,59,120,130,43,11,65,1562,53,4309,2314,827,160,141769,12258,1317,10648,2479,726,343,13334,6262,11956,210,22800,76,23175,52,176,665,413,26,213,120,933,1074,50,44,105,63,131,62,612,335,366,112,1267,1068,618,1985,120,32,70,76,32,48,51,369,102,1767,201,38,516,636,505,1273,1918,230,590,1919,320,153,123,69,131,37,165,5129,79,104,2499,52,440,53,1272,120,157,40,138,360,38,141,415,378,112,93,92,1008,360,108,84,65,678,25,7,44,85,484,27,7033,110,4804,3,251,34,2723,465,3805,2755,2408,10,1184,44,104,770,1755,10838,307,997,732,447,3,613,130,282,433,5152,3454,2372,759,32,98,55,7,33,76,674,1123,201,1366,64,74,230,4836,87,404,53360,263,2376,126,1181,738,600,53,175,1882,103,258,281,54,62,73,2997,290,162,277,128,232,298,10488,49,3302,1087,29,13556,3149,23,162,2741,717,51,1739,121,1025,178,921,179,2516,214,282,125,283,60,188,104,751,261,22,414,19,712,211,8,101,223,595,109,292,3830,83,923,744,85,181,507,93,21430,33,6728,465,5825,721,106,1223,70,14335,2726,3936,21051,390,2116,37,305,44,158,379,254,82,400,2601,234,21,181,125,34,32,2112,2081,11,111,111,12157,14156,9090,2376,15069,1787,211,20750,36423,3697,13967,25880,34291,100,78,103,79,38,88,934,132,230,271,2257,0.0,0.0,0.0,0.0,0.0,0.0,0.0,0.0,0.0,0.0,0.0,0.0,0.0,0.0,0.0,0.0,0.0,0.0,0.0,0.0,0.0,0.0,0.0,0.0,0.0,0.0,0.0,0.0,0.0,0.0,0.0,0.0,0.0,0.0,0.0,0.0,0.0,0.0,0.0,0.0,0.0,0.0,0.0,0.0,0.0,0.0,0.0,0.0,0.0,0.0,0.0,0.0,0.0,0.0,0.0,0.0,0.0,0.0,0.0,0.0,0.0,0.0,0.0,0.0,0.0,0.0,0.0,0.0,0.0,0.0,0.0,0.0,0.0,0.0,0.0,0.0,0.0,0.0,0.0,0.0,0.0,0.0,0.0,0.0,0.0,0.0,0.0,0.0,0.0,0.0,0.0,0.0,0.0,0.0,0.0,0.0,0.0,0.0,0.0,0.0,0.0,0.0,0.0,0.0,0.0,0.0,0.0,0.0,0.0,0.0,0.0,0.0,0.0,0.0,0.0,0.0,0.0,0.0,0.0,0.0,0.0,0.0,0.0,0.0,0.0,0.0,0.0,0.0,0.0,0.0,0.0,0.0,0.0,0.0,0.0,0.0,0.0,0.0,0.0,0.0,0.0,0.0,0.0,0.0,0.0,0.0,0.0,0.0,0.0,0.0
ENCFF688OXR,0.17732044868580635,34629,226,4061,45590,819,115901,5912,357,688,265,532,3889,6467,14519,23681,40973,4782,503,6885,5878,124,673,79,50,87,1153,425,3891,25123,3521,268,170,529,2191,2023,42,2126,29,19,8190,10611,56,760,62,67,681,6491,28092,61,582,1267,1831,491,276,5494,166,357,389,168,798,1726,662,15642,967,658,180,114,55492,49223,6296,1287,895,1313,4298,261,1544,574,949,1115,285,1230,1326,3585,508,698,4534,22,1067,592,28,1174,175,42,1258,1724,18530,170439,10091,135,26649,39541,2815,34164,1356,814,4783,1429,1568,36,2598,6835,6886,244,4760,30484,3281,33563,626,2360,2520,8951,1022,51522,1604,5927,2909,757,2423,341,100,25980,19644,353,33594,12378,8867,26198,93,5338,4139,1361,3580,57426,512,229,166,122,40,47,2226,266,599,10687,4348,666,4342,46452,4490,410,1370,1264,1379,3069,4100,3509,4562,71,107,55,1285,28,2227,774,1325,225,25,15,701,748,1152,14167,6707,42812,2670,33528,34675,16555,32296,14730,30645,296,26988,32756,10099,8963,23131,18288,6517,1017,104,772,81,657,1170,160,78,31,22,4194,458,46750,14028,17704,300,208366,42008,3570,31513,31394,1078,571,45637,22469,69587,5520,41078,265,38764,34,334,756,181,360,1198,190,4400,2056,19,844,1098,759,1150,498,2820,1619,199,221,5090,3213,2227,2565,1485,429,812,907,460,416,315,435,1391,6195,1544,421,1972,2703,2666,14536,33166,392,2718,2760,1509,1045,733,844,1222,673,100,7377,563,1041,5105,420,1667,414,4390,1351,1307,778,1114,161,580,642,2878,2972,945,1143,880,2443,1738,969,928,1209,4820,29,33,458,800,414,268,13408,125,8952,26,526,58,6620,720,6860,6787,8108,37,2884,176,174,2303,3491,90757,557,1962,2290,1061,49,3403,211,200,735,17479,7834,3687,1318,25,161,141,24,50,846,1369,2440,648,3941,638,548,2065,61597,447,2578,117662,661,5929,1288,6201,642,2907,293,263,3924,1013,1216,1285,463,493,247,2906,1415,1127,1222,585,1336,1482,25177,127,11001,2342,43,24426,7041,34,244,6146,743,52,7381,1043,1102,265,3569,1326,27887,4689,595,906,1343,526,1479,1127,1183,1102,28,954,23,1804,127,20,152,379,404,831,969,39995,2227,12540,6553,1477,585,959,210,32199,105,14480,1776,11584,1319,443,2862,31,33562,5981,10658,46647,2806,25762,310,496,414,1043,535,1358,957,1729,7538,1290,38,177,1188,25,53,3842,3707,27,180,193,23935,43952,33034,8269,34844,4186,1429,73221,93317,14604,45383,68284,79213,373,222,945,882,234,1116,1132,282,462,744,7016,0.0,0.0,0.0,0.0,0.0,0.0,0.0,0.0,0.0,0.0,0.0,0.0,0.0,0.0,0.0,0.0,0.0,0.0,0.0,0.0,0.0,0.0,0.0,0.0,0.0,0.0,0.0,0.0,0.0,0.0,0.0,0.0,0.0,0.0,0.0,0.0,0.0,0.0,0.0,0.0,0.0,0.0,0.0,0.0,0.0,0.0,0.0,0.0,0.0,0.0,0.0,0.0,0.0,0.0,0.0,0.0,0.0,0.0,0.0,0.0,0.0,0.0,0.0,0.0,0.0,0.0,0.0,0.0,0.0,0.0,0.0,0.0,0.0,0.0,0.0,0.0,0.0,0.0,0.0,0.0,0.0,0.0,0.0,0.0,0.0,0.0,0.0,0.0,0.0,0.0,0.0,0.0,0.0,0.0,0.0,0.0,0.0,0.0,0.0,0.0,0.0,0.0,0.0,0.0,0.0,0.0,0.0,0.0,0.0,0.0,0.0,0.0,0.0,0.0,0.0,0.0,0.0,0.0,0.0,0.0,0.0,0.0,0.0,0.0,0.0,0.0,0.0,0.0,0.0,0.0,0.0,0.0,0.0,0.0,0.0,0.0,0.0,0.0,0.0,0.0,0.0,0.0,0.0,0.0,0.0,0.0,0.0,0.0,0.0,0.0
ENCFF000ZMN,0.14362228477210545,112962,274,4713,46161,572,66021,7977,357,496,398,583,3278,3837,7121,19830,25019,3160,491,6466,6935,278,737,118,55,125,877,6387,3569,31948,4397,270,256,513,2096,1732,93,1983,48,34,8820,11842,88,807,35,64,623,6989,22330,363,721,1033,1502,530,654,8196,232,434,670,248,966,1795,237,9258,288,691,879,55,44423,53927,7997,1061,699,2265,5769,315,1226,646,896,970,249,1072,1241,4087,617,594,3802,23,959,687,72,1430,266,78,1849,1436,12730,188256,13512,172,34872,46689,2696,41062,1163,675,6219,2087,2281,39,3946,9320,8953,322,5747,36035,2529,28333,401,1598,1868,9242,722,39552,1399,7363,3608,697,3069,444,151,33776,11496,3481,21588,7181,21051,30483,739,4849,3826,1128,4468,26853,368,787,228,98,39,54,2352,500,653,11911,5116,743,6695,48017,3651,454,1244,1980,1627,3226,7882,7902,6620,73,165,38,1030,36,2005,635,841,562,78,11,721,961,1042,16707,7670,50888,2619,30117,33907,14812,28570,14712,30316,304,30502,36570,13115,9555,26899,19985,6295,915,1108,869,71,449,923,229,79,46,57,4652,263,49391,12682,11165,379,217904,38935,3740,28345,19664,1215,585,41287,20406,55144,3531,47801,163,46653,64,336,830,97,328,973,435,4325,2843,71,672,1003,661,1023,612,2533,1578,483,242,5291,3598,2501,3481,1379,328,738,738,375,442,348,653,1180,5604,1220,427,1984,2438,2475,11364,20465,6623,2585,4255,1461,816,660,687,958,538,389,9248,716,1004,5941,419,1663,529,4258,1229,997,581,1021,321,565,730,2703,2666,882,952,971,2914,1832,889,847,947,5192,30,46,447,679,713,260,16337,170,12076,35,500,329,6919,970,8481,7817,9814,73,3342,141,223,2396,4523,64160,804,2654,2155,1077,249,2798,215,309,772,15857,7810,3812,1587,54,238,186,37,207,752,2429,2727,493,4849,691,727,1761,62190,573,2507,139772,629,6054,1022,5848,7685,2871,492,1540,8019,862,1010,1132,537,784,334,20225,1299,958,1058,613,1172,1435,27303,92,11067,2757,60,32137,8364,28,295,6384,1054,77,7497,850,1599,365,3125,1226,15216,3144,5731,1023,1126,655,1187,958,1462,891,71,962,58,2154,135,105,222,3621,560,601,859,29389,1698,11909,5492,1148,518,999,375,42337,502,16800,2081,12988,1844,418,3514,22,35021,6424,11605,52882,1824,15737,316,436,489,1618,642,1190,760,1631,8369,1085,46,546,1076,13,33,4239,4367,62,1114,177,26790,42005,31384,7771,37136,4115,516,62848,94373,13117,42408,67695,83955,280,173,855,778,276,895,2312,336,467,823,7661,0.0,0.0,0.0,0.0,0.0,0.0,0.0,0.0,0.0,0.0,0.0,0.0,0.0,0.0,0.0,0.0,0.0,0.0,0.0,0.0,0.0,0.0,0.0,0.0,0.0,0.0,0.0,0.0,0.0,0.0,0.0,0.0,0.0,0.0,0.0,0.0,0.0,0.0,0.0,0.0,0.0,0.0,0.0,0.0,0.0,0.0,0.0,0.0,0.0,0.0,0.0,0.0,0.0,0.0,0.0,0.0,0.0,0.0,0.0,0.0,0.0,0.0,0.0,0.0,0.0,0.0,0.0,0.0,0.0,0.0,0.0,0.0,0.0,0.0,0.0,0.0,0.0,0.0,0.0,0.0,0.0,0.0,0.0,0.0,0.0,0.0,0.0,0.0,0.0,0.0,0.0,0.0,0.0,0.0,0.0,0.0,0.0,0.0,0.0,0.0,0.0,0.0,0.0,0.0,0.0,0.0,0.0,0.0,0.0,0.0,0.0,0.0,0.0,0.0,0.0,0.0,0.0,0.0,0.0,0.0,0.0,0.0,0.0,0.0,0.0,0.0,0.0,0.0,0.0,0.0,0.0,0.0,0.0,0.0,0.0,0.0,0.0,0.0,0.0,0.0,0.0,0.0,0.0,0.0,0.0,0.0,0.0,0.0,0.0,0.0
ENCFF558YFM,0.12257877848242545,180290,170,6255,85975,1077,244720,19637,1077,914,586,1418,10266,5369,10937,36700,51747,4347,2593,10603,10527,224,1299,111,420,355,3647,10846,9035,47869,7953,282,94,1013,6645,6490,81,7130,236,36,15391,18686,384,802,337,64,1637,15636,49577,695,1942,4273,4414,295,863,9525,277,792,673,1041,2815,6201,709,20213,502,749,2898,687,78434,119120,10166,3995,2281,5352,10535,126,4480,1996,2352,2892,840,3832,4257,5194,1405,2352,10945,112,2715,2439,79,2374,1636,195,5820,1763,20161,306351,15971,324,45398,74007,8786,62463,4495,2365,8037,3766,4876,168,7392,14164,17292,1170,11535,62422,3261,52456,299,1119,1763,12026,918,91605,3734,11654,4920,1369,3972,318,212,53484,11256,4685,39709,15874,21895,53485,372,11360,10029,3876,6738,77182,1499,857,202,242,232,39,3719,992,1630,20747,6664,692,8161,80917,5024,701,4689,8067,6230,5300,7701,9200,10884,153,416,119,3365,205,4049,1839,3703,1357,19,61,1407,868,4140,21131,10979,73869,6311,40286,64152,26053,54151,31369,55203,666,47681,62485,16514,17633,48914,33309,9211,2153,756,966,95,2377,3853,319,207,100,102,8539,607,82817,17850,20128,1132,289042,65775,7872,42663,33854,2689,1361,63961,31678,88602,5796,78658,305,74829,267,519,2359,212,1135,2951,595,11433,4079,125,2390,2157,2061,3389,1834,7930,3877,307,454,12377,8485,4369,5261,5320,1117,2956,2695,1528,951,780,542,3191,9521,2092,1264,3243,7807,5613,17330,103963,8984,7111,6683,3485,2694,2274,2189,2870,1657,103,18097,1997,5272,11009,1124,4419,1820,8983,5516,3579,3211,3177,359,1450,1062,8120,5976,3323,2610,2607,5368,5092,3601,2006,3604,7585,61,67,1384,2732,1825,1314,25213,1156,18127,124,415,190,11358,1278,14811,14264,15441,240,5224,774,270,3463,5247,165890,1234,3788,6580,2120,145,6015,222,2618,3205,44462,15042,13308,2987,284,570,774,74,665,2025,2543,4439,2686,11119,2094,1424,3876,138349,458,5381,217515,1256,12485,3173,18250,12106,5571,931,793,9020,2610,3728,3804,1011,904,189,97586,5343,3417,3546,1175,3479,4048,52920,441,33034,2602,276,56752,15487,78,912,12364,2345,596,17633,2313,2133,598,10843,3416,69234,3384,1753,2496,3611,2117,2352,3131,2436,2026,137,2634,200,5387,727,612,279,746,1261,510,1933,59633,2196,15283,8068,1319,1613,2306,914,60836,628,19128,3364,17671,4310,121,4738,44,77616,13375,22289,86889,4137,43304,324,815,1372,3360,1979,3279,2639,2998,11358,3095,23,309,3309,95,210,5646,5328,57,559,273,49704,64159,51083,13446,56881,8895,1625,112427,154249,23510,63639,118637,143348,463,98,2292,2085,990,2868,1593,1595,542,1612,14096,0.0,0.0,0.0,0.0,0.0,0.0,0.0,0.0,0.0,0.0,0.0,0.0,0.0,0.0,0.0,0.0,0.0,0.0,0.0,0.0,0.0,0.0,0.0,0.0,0.0,0.0,0.0,0.0,0.0,0.0,0.0,0.0,0.0,0.0,0.0,0.0,0.0,0.0,0.0,0.0,0.0,0.0,0.0,0.0,0.0,0.0,0.0,0.0,0.0,0.0,0.0,0.0,0.0,0.0,0.0,0.0,0.0,0.0,0.0,0.0,0.0,0.0,0.0,0.0,0.0,0.0,0.0,0.0,0.0,0.0,0.0,0.0,0.0,0.0,0.0,0.0,0.0,0.0,0.0,0.0,0.0,0.0,0.0,0.0,0.0,0.0,0.0,0.0,0.0,0.0,0.0,0.0,0.0,0.0,0.0,0.0,0.0,0.0,0.0,0.0,0.0,0.0,0.0,0.0,0.0,0.0,0.0,0.0,0.0,0.0,0.0,0.0,0.0,0.0,0.0,0.0,0.0,0.0,0.0,0.0,0.0,0.0,0.0,0.0,0.0,0.0,0.0,0.0,0.0,0.0,0.0,0.0,0.0,0.0,0.0,0.0,0.0,0.0,0.0,0.0,0.0,0.0,0.0,0.0,0.0,0.0,0.0,0.0,0.0,0.0
ENCFF649WXG,0.1493130183907777,64799,123,3120,43503,706,154950,12789,613,853,377,1092,7599,3815,7041,17595,35860,3079,2348,6750,6735,177,1026,109,326,350,2033,2309,5603,21402,5668,227,78,740,3817,3861,28,4082,124,13,10206,13856,284,505,237,23,1016,10208,23189,173,1702,2565,2666,265,494,7269,153,625,446,664,2721,5021,377,8780,286,422,680,633,40730,59200,7226,2335,1458,3535,7870,79,2614,1318,1434,1703,468,2529,2666,3711,859,1413,7095,87,1640,1519,44,1681,979,131,3048,1023,8722,197124,11027,284,31377,49025,5645,41472,2774,1444,5666,2147,2895,102,4756,9311,11281,822,6837,43530,2225,61228,297,1251,1322,8661,600,98117,2263,7452,3158,847,3178,217,237,40710,7502,1047,16858,8714,16385,37527,81,7246,6435,2136,4866,45513,899,271,142,275,105,44,2716,771,1833,13124,5320,576,5159,41033,2692,474,2944,5728,4561,3729,6053,7043,8631,113,287,81,1986,159,2346,1108,1027,854,7,11,780,698,2510,14796,7947,51192,4098,27438,41973,15086,27984,19127,34548,355,32196,41518,11697,12805,31920,23057,5403,1543,174,385,14,1401,2318,234,172,66,73,5120,462,33973,9342,12794,543,167299,39328,4829,30076,16322,1977,788,39257,17718,48600,3831,53418,120,53409,250,315,1526,186,673,1761,284,6940,3156,95,1490,1319,1360,2036,1101,4660,2416,172,384,8021,5609,2758,4045,3191,625,1890,1581,935,583,450,406,2024,5733,1310,763,2063,4824,3284,9339,25012,2180,4442,4525,2238,1594,1249,1255,1736,1004,76,11593,1130,3224,7689,680,2814,1118,6219,3630,2052,2074,1865,160,853,679,5045,3348,1959,1530,1505,3569,3297,2103,1232,2199,4999,29,33,854,1722,1184,462,17365,600,11667,51,273,106,7739,1019,9627,8224,9754,221,3946,925,209,2069,4271,90000,723,2711,4143,1562,27,3751,221,2454,2314,26632,8311,14591,2213,289,298,696,35,594,1229,1216,2690,1496,5908,1229,931,2211,85504,303,3218,146778,739,8697,2024,11399,3045,3440,604,331,4824,1634,2182,2314,633,585,165,25199,3038,2063,2092,624,2080,2346,34587,497,21254,1958,186,38887,10951,31,713,7228,1500,444,11220,1498,1416,545,6686,2040,32894,1867,623,1463,2152,1274,1383,1826,1845,1039,167,1754,161,3455,501,466,230,203,797,394,1002,30414,1416,8893,4661,857,1091,1746,637,41570,162,14609,1979,13477,3748,111,3310,27,46455,8421,13566,53262,1567,22206,169,575,830,2083,1106,1979,1656,1886,6260,1926,15,192,1985,54,223,4251,4271,41,145,279,35188,38555,30895,7854,39069,6270,1046,71777,100334,14009,38705,77473,95883,390,116,1343,1283,623,1840,1180,917,543,1115,8659,0.0,0.0,0.0,0.0,0.0,0.0,0.0,0.0,0.0,0.0,0.0,0.0,0.0,0.0,0.0,0.0,0.0,0.0,0.0,0.0,0.0,0.0,0.0,0.0,0.0,0.0,0.0,0.0,0.0,0.0,0.0,0.0,0.0,0.0,0.0,0.0,0.0,0.0,0.0,0.0,0.0,0.0,0.0,0.0,0.0,0.0,0.0,0.0,0.0,0.0,0.0,0.0,0.0,0.0,0.0,0.0,0.0,0.0,0.0,0.0,0.0,0.0,0.0,0.0,0.0,0.0,0.0,0.0,0.0,0.0,0.0,0.0,0.0,0.0,0.0,0.0,0.0,0.0,0.0,0.0,0.0,0.0,0.0,0.0,0.0,0.0,0.0,0.0,0.0,0.0,0.0,0.0,0.0,0.0,0.0,0.0,0.0,0.0,0.0,0.0,0.0,0.0,0.0,0.0,0.0,0.0,0.0,0.0,0.0,0.0,0.0,0.0,0.0,0.0,0.0,0.0,0.0,0.0,0.0,0.0,0.0,0.0,0.0,0.0,0.0,0.0,0.0,0.0,0.0,0.0,0.0,0.0,0.0,0.0,0.0,0.0,0.0,0.0,0.0,0.0,0.0,0.0,0.0,0.0,0.0,0.0,0.0,0.0,0.0,0.0
ENCFF761ZSC,0.12775763956685018,9030,251,631,3269,33,5666,1663,32,46,66,127,409,298,804,1056,1484,522,137,1785,1159,54,176,32,27,27,234,261,412,2211,912,59,48,109,235,195,12,345,17,3,1586,2559,25,166,5,75,189,927,1253,26,66,79,107,98,92,1652,60,96,107,104,194,258,35,702,127,137,74,16,7098,9831,1869,131,55,179,1441,99,154,44,73,101,9,85,153,820,40,43,363,1,68,37,13,384,78,16,294,124,1039,34816,2381,21,6584,8677,372,7555,159,42,1384,429,406,7,714,1724,1794,51,792,7677,247,2840,14,61,201,1879,34,2400,103,1360,618,263,708,79,28,8302,1257,181,2651,878,4008,6632,50,690,1382,106,781,3919,177,91,9,29,9,15,600,85,164,1959,1281,177,874,2759,281,133,146,553,456,600,996,844,1594,25,37,24,80,11,226,35,564,73,2,1,77,211,138,3616,1637,9963,304,4886,6493,2668,3003,2325,3949,65,6110,6844,2687,2184,5106,4357,1440,142,38,222,14,43,72,61,20,18,14,758,67,3658,1555,706,144,78674,7697,657,6081,1630,324,126,7908,4100,7555,199,11555,39,11231,19,78,160,38,18,134,115,551,564,10,53,73,42,98,37,358,182,96,90,755,587,392,783,93,22,47,57,30,29,21,117,89,931,150,34,309,356,310,970,2337,132,295,853,178,95,72,56,88,44,90,1959,54,71,1081,34,261,28,684,76,104,35,88,80,28,114,235,252,69,88,61,518,200,71,63,65,456,5,8,27,43,148,30,3797,76,2579,3,130,19,1401,213,1959,1517,1330,10,613,31,38,740,987,8634,146,528,354,227,6,445,56,92,206,3264,1873,448,346,11,50,40,9,13,50,410,638,96,694,37,39,211,3879,42,200,27587,184,1273,95,812,350,414,33,121,908,56,142,151,33,39,41,1574,155,91,135,91,125,153,5910,26,1787,478,18,6392,1708,15,62,1278,244,24,1006,66,433,86,477,120,1890,192,146,77,145,35,137,78,340,225,11,209,11,301,83,2,36,120,148,101,237,2441,65,636,529,49,81,262,101,9458,23,3897,251,2981,375,103,731,15,7431,1338,2476,10290,355,1602,23,110,35,89,175,166,48,190,1599,119,4,86,97,11,21,992,1064,3,74,55,5691,7836,5006,1453,7994,858,48,10804,18970,2157,7421,13453,17305,32,38,59,53,19,76,379,70,130,159,1344,0.0,0.0,0.0,0.0,0.0,0.0,0.0,0.0,0.0,0.0,0.0,0.0,0.0,0.0,0.0,0.0,0.0,0.0,0.0,0.0,0.0,0.0,0.0,0.0,0.0,0.0,0.0,0.0,0.0,0.0,0.0,0.0,0.0,0.0,0.0,0.0,0.0,0.0,0.0,0.0,0.0,0.0,0.0,0.0,0.0,0.0,0.0,0.0,0.0,0.0,0.0,0.0,0.0,0.0,0.0,0.0,0.0,0.0,0.0,0.0,0.0,0.0,0.0,0.0,0.0,0.0,0.0,0.0,0.0,0.0,0.0,0.0,0.0,0.0,0.0,0.0,0.0,0.0,0.0,0.0,0.0,0.0,0.0,0.0,0.0,0.0,0.0,0.0,0.0,0.0,0.0,0.0,0.0,0.0,0.0,0.0,0.0,0.0,0.0,0.0,0.0,0.0,0.0,0.0,0.0,0.0,0.0,0.0,0.0,0.0,0.0,0.0,0.0,0.0,0.0,0.0,0.0,0.0,0.0,0.0,0.0,0.0,0.0,0.0,0.0,0.0,0.0,0.0,0.0,0.0,0.0,0.0,0.0,0.0,0.0,0.0,0.0,0.0,0.0,0.0,0.0,0.0,0.0,0.0,0.0,0.0,0.0,0.0,0.0,0.0
ENCFF000PEQ,0.09039103095177947,38574,116,2207,22346,706,97170,4175,165,399,208,432,1751,2541,3841,7877,23112,2131,400,3766,4992,148,683,94,90,57,506,926,2214,21535,3259,248,162,325,1073,1060,36,1544,24,15,16718,9416,47,527,22,45,500,3878,15797,115,364,507,839,454,269,5698,169,307,770,134,612,912,129,6582,139,571,259,34,29109,33248,6355,674,398,931,5093,254,802,341,484,526,138,618,797,3102,235,325,2085,9,522,319,25,1244,181,31,992,667,6750,133702,8849,53,23400,32508,1758,28198,744,352,4795,1489,1535,42,2468,6459,6453,3181,3152,26510,1961,30283,548,2217,1812,7032,1008,38223,883,6765,3375,641,2574,392,155,26945,6429,988,14415,4281,10655,23823,156,3002,2022,702,2747,17028,412,274,60,150,30,31,1996,288,449,8483,4474,553,3060,21301,1753,417,703,1123,867,2041,3418,3240,4568,117,341,52,612,33,1043,397,760,2479,8,0,311,789,643,12771,6313,34367,1538,20966,26605,9737,18660,9124,18272,215,21003,24595,8096,7411,17329,17098,4133,551,172,499,30,278,502,618,58,27,31,3055,186,19579,7160,6769,305,128103,24563,2513,20549,11854,1045,414,27645,12139,33052,3676,35850,111,37721,39,258,563,84,176,590,208,2362,1886,26,419,591,344,487,260,1643,984,185,179,3259,2295,1487,2379,738,182,388,468,192,225,167,466,646,3392,696,221,1316,1557,1261,6181,10196,564,1544,2530,899,431,384,319,537,282,133,6076,317,503,4414,237,1094,264,2732,639,599,318,564,160,278,307,1442,1515,463,558,429,2129,992,475,444,529,2264,19,24,280,335,573,142,12672,145,8647,24,584,82,5352,691,5729,6746,4665,22,2116,55,181,836,3261,33555,592,1559,1526,845,33,1561,165,276,666,9466,4041,1920,1371,78,899,117,13,72,397,1970,2443,373,2606,331,335,853,29879,294,1220,100038,338,4925,610,3425,1040,1658,187,390,3590,451,605,660,221,322,215,4957,802,559,677,301,748,771,20756,43,7461,1759,16,24713,5292,53,260,4645,531,70,4530,476,1157,263,2103,673,14658,1590,597,476,714,232,697,506,1108,192,27,764,24,1349,147,20,192,390,321,586,462,15192,1936,5122,4141,1127,328,812,175,32449,116,12322,1157,10787,1253,232,2327,18,22948,4216,7306,32453,863,10924,161,153,211,541,321,669,392,869,5138,613,21,304,589,40,48,3712,3722,8,188,172,20861,28344,19347,4829,28395,3372,231,47101,66915,8276,28860,49840,62199,197,175,491,432,114,494,1309,258,550,490,6554,0.0,0.0,0.0,0.0,0.0,0.0,0.0,0.0,0.0,0.0,0.0,0.0,0.0,0.0,0.0,0.0,0.0,0.0,0.0,0.0,0.0,0.0,0.0,0.0,0.0,0.0,0.0,0.0,0.0,0.0,0.0,0.0,0.0,0.0,0.0,0.0,0.0,0.0,0.0,0.0,0.0,0.0,0.0,0.0,0.0,0.0,0.0,0.0,0.0,0.0,0.0,0.0,0.0,0.0,0.0,0.0,0.0,0.0,0.0,0.0,0.0,0.0,0.0,0.0,0.0,0.0,0.0,0.0,0.0,0.0,0.0,0.0,0.0,0.0,0.0,0.0,0.0,0.0,0.0,0.0,0.0,0.0,0.0,0.0,0.0,0.0,0.0,0.0,0.0,0.0,0.0,0.0,0.0,0.0,0.0,0.0,0.0,0.0,0.0,0.0,0.0,0.0,0.0,0.0,0.0,0.0,0.0,0.0,0.0,0.0,0.0,0.0,0.0,0.0,0.0,0.0,0.0,0.0,0.0,0.0,0.0,0.0,0.0,0.0,0.0,0.0,0.0,0.0,0.0,0.0,0.0,0.0,0.0,0.0,0.0,0.0,0.0,0.0,0.0,0.0,0.0,0.0,0.0,0.0,0.0,0.0,0.0,0.0,0.0,0.0
ENCFF000XNW,0.04970847030063177,5571,21,287,4597,112,13159,619,29,76,34,51,254,446,723,1382,3514,347,57,533,491,32,76,11,8,4,57,247,309,3473,347,26,25,36,149,134,6,152,2,2,738,1125,2,58,3,10,55,537,3209,42,69,108,129,44,53,673,23,32,43,30,100,131,22,1362,18,114,71,6,4327,3944,771,90,60,133,645,22,106,46,82,67,17,115,110,410,50,49,268,3,92,51,4,131,30,6,124,95,1406,16315,1070,10,2665,3831,237,3337,105,41,528,185,189,4,304,802,762,24,506,3155,347,3912,84,383,264,802,174,5606,154,595,263,86,342,42,11,3029,1199,167,2281,760,1330,2630,52,395,325,112,413,2949,49,47,5,14,4,3,204,37,57,945,495,52,416,4570,410,35,90,221,151,266,438,379,639,9,24,4,96,1,154,71,217,3306,10,1,62,86,90,1479,699,4252,258,2746,3321,1280,3191,1219,2500,18,2421,2832,931,868,2226,1642,628,75,58,51,1,66,85,23,4,4,8,377,31,3416,1157,1291,28,22327,3002,338,2578,2281,134,61,3642,1592,5293,661,4088,12,4144,3,29,76,25,20,75,17,343,236,5,61,99,56,79,49,231,147,11,17,400,298,155,266,102,23,62,56,28,46,35,66,108,434,118,46,154,204,172,1340,2293,164,216,300,146,67,46,33,74,60,17,854,48,69,483,31,124,52,340,111,113,65,74,22,41,37,237,220,75,79,58,247,135,76,67,65,301,0,4,33,46,70,30,1446,25,979,4,75,9,648,99,715,631,606,2,253,12,17,99,352,5395,52,196,205,101,8,226,18,39,71,1245,592,267,142,9,53,15,1,3,46,219,269,54,333,57,54,148,6009,47,181,11742,44,517,92,494,243,216,30,117,551,65,72,89,53,41,22,1253,114,80,86,43,120,94,2492,5,956,243,4,2642,701,1,30,571,93,8,616,73,172,34,265,95,2369,337,95,87,105,46,121,58,126,12,2,87,1,185,16,6,22,57,60,90,56,2716,338,956,688,201,77,94,22,3705,28,1461,179,1249,142,34,315,6,2687,516,831,3798,139,1798,29,21,31,75,38,86,58,195,647,89,2,40,100,5,4,452,454,0,39,28,2234,3414,2599,597,3115,417,28,6386,7997,1114,3504,5899,7446,17,16,82,70,27,91,157,35,76,64,620,0.0,0.0,0.0,0.0,0.0,0.0,0.0,0.0,0.0,0.0,0.0,0.0,0.0,0.0,0.0,0.0,0.0,0.0,0.0,0.0,0.0,0.0,0.0,0.0,0.0,0.0,0.0,0.0,0.0,0.0,0.0,0.0,0.0,0.0,0.0,0.0,0.0,0.0,0.0,0.0,0.0,0.0,0.0,0.0,0.0,0.0,0.0,0.0,0.0,0.0,0.0,0.0,0.0,0.0,0.0,0.0,0.0,0.0,0.0,0.0,0.0,0.0,0.0,0.0,0.0,0.0,0.0,0.0,0.0,0.0,0.0,0.0,0.0,0.0,0.0,0.0,0.0,0.0,0.0,0.0,0.0,0.0,0.0,0.0,0.0,0.0,0.0,0.0,0.0,0.0,0.0,0.0,0.0,0.0,0.0,0.0,0.0,0.0,0.0,0.0,0.0,0.0,0.0,0.0,0.0,0.0,0.0,0.0,0.0,0.0,0.0,0.0,0.0,0.0,0.0,0.0,0.0,0.0,0.0,0.0,0.0,0.0,0.0,0.0,0.0,0.0,0.0,0.0,0.0,0.0,0.0,0.0,0.0,0.0,0.0,0.0,0.0,0.0,0.0,0.0,0.0,0.0,0.0,0.0,0.0,0.0,0.0,0.0,0.0,0.0
ENCFF391NAV,0.18352572431593542,74494,311,11032,64020,2122,175190,10041,679,1642,540,1249,7634,17617,28008,34948,86172,10298,1133,11338,15416,301,1159,345,101,128,1679,324,7453,44702,6735,611,343,898,3884,3466,87,3672,88,23,15729,21611,272,1256,100,73,947,11945,38328,53,1092,2039,3190,932,629,11490,348,642,1015,337,1372,3541,1354,24320,1105,764,165,107,107357,108252,12138,2236,1579,1943,8786,239,2467,1084,1813,2017,471,2202,2210,7773,894,1261,8267,58,2023,1053,95,2449,492,65,7201,3088,39549,387760,24967,297,64255,86136,5439,73392,2181,1439,10090,3435,3715,48,5586,14509,14288,198,10318,62344,7698,50291,1596,7498,7085,20943,3528,64940,3269,13418,7423,1951,5343,795,172,59048,46198,295,35384,26028,20721,52027,106,11062,4134,2330,6919,81014,1210,380,352,227,92,110,3937,587,986,26601,9577,1452,9668,73941,7515,861,2318,1582,1444,5654,10592,8980,10062,203,301,65,2147,119,4238,1400,1949,232,23,45,1163,1566,2010,32612,13628,88203,5123,74185,65386,31830,61983,28968,63715,798,62200,75375,21290,20925,47529,36614,11996,2136,64,1855,145,993,1986,355,230,43,312,8854,1022,69864,28225,46131,336,374569,79818,7016,57249,56317,1751,1372,93745,43233,129450,13744,90898,521,86297,114,707,1657,397,691,2012,402,7902,3640,61,1419,1993,1378,1947,847,5063,2767,509,601,9595,5653,3784,4691,2419,727,1264,1539,797,805,619,1075,2296,12549,3278,891,3799,4709,4722,26306,74360,482,4441,6141,2875,1710,1308,1549,2056,1209,260,14098,978,1579,9500,798,3168,820,8814,2245,2153,1302,2056,386,985,1362,5215,5617,1726,2025,1471,4633,3068,1367,1780,1882,9154,66,111,885,1366,981,866,28454,215,21307,42,1216,123,11277,1334,13726,15584,18787,46,5232,262,615,2340,6954,196965,1143,3986,4426,2074,84,7074,226,254,1102,31593,13665,7306,2080,151,546,276,24,127,1600,1970,4873,1119,9224,1072,951,4284,104359,749,4933,286706,1179,9934,2193,10330,618,5803,669,135,6986,1733,2044,2152,792,951,405,2008,2330,1941,2189,976,2370,2569,48223,228,18687,5164,39,49643,13944,191,363,12812,1153,183,13691,1857,2308,550,6166,2343,57879,8010,1414,1801,2319,974,2132,1937,2364,1239,47,2572,210,3899,203,57,370,864,336,2586,1774,73206,6424,23971,14809,3564,1288,1941,257,70715,132,31427,3604,24504,2466,1273,5828,97,64501,12716,21320,93247,10564,34067,504,427,760,1834,898,2298,1616,3295,13804,2122,104,329,2111,45,38,7813,7152,55,237,591,48830,96387,66286,17508,75005,8035,726,148875,199738,30497,99627,138626,170087,666,492,1640,1397,473,1914,2444,633,1041,1352,14545,0.0,0.0,0.0,0.0,0.0,0.0,0.0,0.0,0.0,0.0,0.0,0.0,0.0,0.0,0.0,0.0,0.0,0.0,0.0,0.0,0.0,0.0,0.0,0.0,0.0,0.0,0.0,0.0,0.0,0.0,0.0,0.0,0.0,0.0,0.0,0.0,0.0,0.0,0.0,0.0,0.0,0.0,0.0,0.0,0.0,0.0,0.0,0.0,0.0,0.0,0.0,0.0,0.0,0.0,0.0,0.0,0.0,0.0,0.0,0.0,0.0,0.0,0.0,0.0,0.0,0.0,0.0,0.0,0.0,0.0,0.0,0.0,0.0,0.0,0.0,0.0,0.0,0.0,0.0,0.0,0.0,0.0,0.0,0.0,0.0,0.0,0.0,0.0,0.0,0.0,0.0,0.0,0.0,0.0,0.0,0.0,0.0,0.0,0.0,0.0,0.0,0.0,0.0,0.0,0.0,0.0,0.0,0.0,0.0,0.0,0.0,0.0,0.0,0.0,0.0,0.0,0.0,0.0,0.0,0.0,0.0,0.0,0.0,0.0,0.0,0.0,0.0,0.0,0.0,0.0,0.0,0.0,0.0,0.0,0.0,0.0,0.0,0.0,0.0,0.0,0.0,0.0,0.0,0.0,0.0,0.0,0.0,0.0,0.0,0.0
ENCFF830CRU,0.11152231745828571,63953,115,6026,41157,806,114336,6651,658,547,468,944,5308,4504,9940,18763,34046,4840,769,8104,10887,248,1217,185,92,57,1309,353,5562,23443,7059,489,374,709,2790,2653,64,2979,56,7,13761,21356,50,1284,62,47,838,10376,20057,66,986,1774,2200,825,463,13248,253,794,633,357,1316,2733,583,12931,500,288,102,16,67720,82162,14055,1618,1037,2432,9778,588,1855,985,1204,1301,320,1707,1677,7337,1000,1075,6419,15,1428,1025,57,2039,273,24,18425,1891,21050,353008,19291,220,51928,78979,4011,69989,1622,1115,10429,3104,3338,22,7044,14602,13858,70,10720,67882,2929,33095,464,1957,2432,15218,824,38171,1946,11074,5181,1405,5843,711,181,54729,14651,208,18360,9454,19481,63424,55,7721,3158,1662,6800,45599,529,427,186,162,54,44,3942,450,846,21970,8213,1094,6614,45573,5185,713,1766,957,983,5026,7332,5952,12267,136,215,22,1514,18,3095,1079,1463,508,16,14,762,1159,1363,30760,12494,81269,4331,48042,48611,23402,38734,25325,51357,439,54976,63904,22999,17987,45147,30329,8363,1449,54,1493,297,831,1343,292,119,20,76,8564,329,42466,18662,11087,336,292219,65580,5535,45962,26336,2011,1105,62768,29422,82347,4217,79115,339,79087,87,836,1514,61,609,1350,411,7205,3896,62,1258,1408,1145,1370,1115,3643,2162,1418,267,9504,5345,4163,5744,2095,519,1483,919,615,842,536,1480,1723,8397,1987,734,3098,4012,3375,16060,29879,349,4794,6779,2181,1116,800,966,1432,866,558,13679,987,1505,9817,628,2498,789,9674,1897,1475,911,1505,654,852,849,4427,4057,1309,1516,1222,5225,2516,1375,1235,1468,7019,67,34,670,1053,926,482,32590,191,23025,30,879,113,11223,1633,13916,14608,36835,28,4139,141,346,1044,10571,83882,1116,3083,4233,1889,38,4365,351,288,1167,25032,18656,7834,2703,22,424,179,15,45,1057,928,3796,693,7757,875,967,2381,57841,756,4007,230004,672,10456,1497,8000,645,3969,559,153,6216,1374,1343,1470,782,836,464,2365,1737,1383,1493,665,1711,1755,43380,74,18215,3913,30,48849,16826,365,518,9554,826,56,14481,1252,3083,530,4836,1696,32008,4185,883,1483,1638,969,1863,1270,2553,616,70,2202,28,3749,117,27,323,691,197,688,844,37409,1821,13723,6475,1426,646,1524,114,67250,76,24579,2633,23877,2189,697,5344,20,49689,10379,18357,80459,3343,18879,345,174,683,1543,818,1638,1173,3313,7455,1576,90,297,1698,16,19,7420,7581,29,165,389,42691,68549,51366,11350,59491,6577,559,104201,151650,21450,71215,111473,134410,414,331,1237,1143,380,1278,2523,516,913,1311,12235,0.0,0.0,0.0,0.0,0.0,0.0,0.0,0.0,0.0,0.0,0.0,0.0,0.0,0.0,0.0,0.0,0.0,0.0,0.0,0.0,0.0,0.0,0.0,0.0,0.0,0.0,0.0,0.0,0.0,0.0,0.0,0.0,0.0,0.0,0.0,0.0,0.0,0.0,0.0,0.0,0.0,0.0,0.0,0.0,0.0,0.0,0.0,0.0,0.0,0.0,0.0,0.0,0.0,0.0,0.0,0.0,0.0,0.0,0.0,0.0,0.0,0.0,0.0,0.0,0.0,0.0,0.0,0.0,0.0,0.0,0.0,0.0,0.0,0.0,0.0,0.0,0.0,0.0,0.0,0.0,0.0,0.0,0.0,0.0,0.0,0.0,0.0,0.0,0.0,0.0,0.0,0.0,0.0,0.0,0.0,0.0,0.0,0.0,0.0,0.0,0.0,0.0,0.0,0.0,0.0,0.0,0.0,0.0,0.0,0.0,0.0,0.0,0.0,0.0,0.0,0.0,0.0,0.0,0.0,0.0,0.0,0.0,0.0,0.0,0.0,0.0,0.0,0.0,0.0,0.0,0.0,0.0,0.0,0.0,0.0,0.0,0.0,0.0,0.0,0.0,0.0,0.0,0.0,0.0,0.0,0.0,0.0,0.0,0.0,0.0
ENCFF679ZXH,0.06617667806693388,36338,391,1896,9225,106,13069,2786,83,94,125,327,1330,635,1982,5445,3210,896,116,1922,2155,62,253,43,19,23,373,2204,1221,7671,1226,73,153,187,596,615,75,681,31,57,3116,3489,34,273,30,135,191,2171,8306,364,162,380,504,145,198,2363,62,105,168,124,250,668,71,3919,357,630,621,114,16289,17727,2491,361,256,819,2047,78,443,177,281,324,80,369,364,1248,159,175,1267,4,334,175,11,387,79,10,420,402,4801,59986,3470,48,9598,14706,907,12451,475,215,1748,563,627,11,1212,3009,3045,37,2074,10430,506,5751,47,269,459,3012,104,7744,481,2047,1057,323,948,94,25,10142,2322,1435,6804,2090,5653,8825,458,1782,899,404,1627,11738,126,339,28,39,15,14,703,93,396,3754,1540,211,1264,9875,1036,119,365,454,606,1122,1515,1286,2428,39,73,22,339,7,701,203,606,6915,69,12,299,259,374,5588,2381,16475,814,8729,10637,5220,10307,4891,10092,65,10294,12010,4148,3239,8826,6588,2463,378,447,317,161,193,313,58,33,12,15,1532,81,12756,3930,1756,135,97487,12973,1534,9622,6607,411,218,14322,6675,18555,637,15966,105,14230,17,130,530,153,92,302,109,1403,795,21,194,358,220,319,173,878,493,239,96,1602,981,680,1050,391,119,225,258,118,113,95,247,374,2209,425,130,627,923,776,3865,18496,1566,800,1329,469,280,224,214,312,177,104,2678,139,294,1820,121,515,135,1538,377,331,198,337,185,170,306,853,853,253,347,241,865,494,262,260,318,1584,19,15,164,198,253,123,5196,47,3536,8,144,36,2141,294,2569,2580,2620,6,943,42,68,521,1299,21578,270,982,821,424,139,1118,68,74,251,6035,2447,1520,397,16,118,43,5,23,225,505,1017,183,1491,165,179,403,12586,209,800,42060,231,1805,357,1838,2334,964,109,941,3577,301,357,390,166,163,108,11954,420,308,430,202,408,446,8376,17,3680,774,17,9379,2353,16,100,2624,266,26,2366,302,676,96,1072,398,6144,949,488,322,349,135,412,288,476,345,11,394,10,815,121,30,40,365,159,136,303,8938,244,2934,1534,241,155,313,45,12119,234,6105,928,3719,444,140,902,34,12257,2369,4061,17443,1553,5515,129,120,121,484,377,372,254,647,3224,364,15,251,384,7,7,1208,1215,5,449,55,8269,15349,10937,2943,11992,1446,398,22965,32890,4731,14473,24315,28380,75,70,307,210,96,306,495,185,137,245,2382,0.0,0.0,0.0,0.0,0.0,0.0,0.0,0.0,0.0,0.0,0.0,0.0,0.0,0.0,0.0,0.0,0.0,0.0,0.0,0.0,0.0,0.0,0.0,0.0,0.0,0.0,0.0,0.0,0.0,0.0,0.0,0.0,0.0,0.0,0.0,0.0,0.0,0.0,0.0,0.0,0.0,0.0,0.0,0.0,0.0,0.0,0.0,0.0,0.0,0.0,0.0,0.0,0.0,0.0,0.0,0.0,0.0,0.0,0.0,0.0,0.0,0.0,0.0,0.0,0.0,0.0,0.0,0.0,0.0,0.0,0.0,0.0,0.0,0.0,0.0,0.0,0.0,0.0,0.0,0.0,0.0,0.0,0.0,0.0,0.0,0.0,0.0,0.0,0.0,0.0,0.0,0.0,0.0,0.0,0.0,0.0,0.0,0.0,0.0,0.0,0.0,0.0,0.0,0.0,0.0,0.0,0.0,0.0,0.0,0.0,0.0,0.0,0.0,0.0,0.0,0.0,0.0,0.0,0.0,0.0,0.0,0.0,0.0,0.0,0.0,0.0,0.0,0.0,0.0,0.0,0.0,0.0,0.0,0.0,0.0,0.0,0.0,0.0,0.0,0.0,0.0,0.0,0.0,0.0,0.0,0.0,0.0,0.0,0.0,0.0
ENCFF864KXI,0.12113318999754638,157217,89,1422,17437,222,83759,8484,330,308,230,803,4245,1215,2916,9866,10010,2043,751,3050,5898,108,732,61,192,120,2023,10210,3271,11187,3842,137,39,483,2256,2037,16,2451,45,9,7573,8689,45,206,71,21,628,5872,8467,696,1097,1478,1557,208,337,5683,72,367,436,291,1368,2584,89,2847,126,148,2706,347,20478,38717,5938,1384,775,2125,5659,53,1684,615,850,952,247,1274,1695,2311,452,734,3947,34,916,826,11,970,286,22,920,547,5191,135953,8525,202,24085,35159,3154,30676,1651,772,3435,1227,1586,37,3157,7225,8729,133,5472,34601,896,18522,105,390,625,5597,211,23894,1249,7312,2531,271,1923,129,116,26518,2698,3684,5876,3881,12623,24952,290,4418,2781,1384,3528,15780,285,669,34,76,66,25,1664,397,1111,12122,3852,305,3226,17274,1245,223,1577,746,376,2344,4751,5900,7072,89,168,33,1143,69,1317,628,667,220,14,13,507,436,1425,11152,5405,38414,2532,17210,26853,11198,17117,12901,22987,131,21635,26563,10082,9160,22866,16929,3408,1029,870,522,24,779,1305,143,80,24,79,4886,116,23308,12854,3816,264,139030,33354,4027,21905,6963,956,592,27101,14802,36494,2263,42142,136,45505,118,235,1169,128,330,1071,373,4296,4056,56,743,742,744,1185,599,2792,1493,356,277,4933,3599,1701,19285,1707,384,980,917,486,355,265,399,1181,3320,906,389,1247,2882,1938,4834,40139,9550,2630,3347,1298,952,829,741,1048,578,70,6931,621,1786,5007,396,1759,609,3946,1977,1379,1207,1054,344,458,486,2899,2065,1185,882,873,2430,1944,1127,716,1252,2925,36,33,425,878,839,383,14246,441,9089,22,184,104,4912,746,7544,7054,7781,35,2392,387,57,1351,3040,53640,924,1904,2638,1239,86,2185,47,131,1515,23448,4732,7937,1359,245,234,178,10,207,683,1166,2240,974,3905,654,507,835,25285,267,1877,110824,436,5340,1138,6413,10614,2056,343,990,6545,857,1342,1422,366,284,106,103427,1880,1219,1254,458,1237,1408,21337,56,12780,1211,40,29583,7216,37,423,6317,1070,261,6684,859,1613,272,4212,1074,8224,970,1472,782,1223,667,835,1048,1404,672,67,914,68,2330,237,541,148,633,308,164,443,19349,643,4986,3055,390,837,1114,411,28159,512,11054,1547,10064,1592,79,2475,36,31677,5313,10195,37640,1636,7755,99,293,452,1066,609,1183,937,1102,5660,1111,19,143,1155,32,72,2997,2944,6,491,276,23774,27787,30388,6018,27029,4181,573,45194,65335,12677,27131,54661,65156,116,70,769,732,380,1061,737,432,306,702,7166,0.0,0.0,0.0,0.0,0.0,0.0,0.0,0.0,0.0,0.0,0.0,0.0,0.0,0.0,0.0,0.0,0.0,0.0,0.0,0.0,0.0,0.0,0.0,0.0,0.0,0.0,0.0,0.0,0.0,0.0,0.0,0.0,0.0,0.0,0.0,0.0,0.0,0.0,0.0,0.0,0.0,0.0,0.0,0.0,0.0,0.0,0.0,0.0,0.0,0.0,0.0,0.0,0.0,0.0,0.0,0.0,0.0,0.0,0.0,0.0,0.0,0.0,0.0,0.0,0.0,0.0,0.0,0.0,0.0,0.0,0.0,0.0,0.0,0.0,0.0,0.0,0.0,0.0,0.0,0.0,0.0,0.0,0.0,0.0,0.0,0.0,0.0,0.0,0.0,0.0,0.0,0.0,0.0,0.0,0.0,0.0,0.0,0.0,0.0,0.0,0.0,0.0,0.0,0.0,0.0,0.0,0.0,0.0,0.0,0.0,0.0,0.0,0.0,0.0,0.0,0.0,0.0,0.0,0.0,0.0,0.0,0.0,0.0,0.0,0.0,0.0,0.0,0.0,0.0,0.0,0.0,0.0,0.0,0.0,0.0,0.0,0.0,0.0,0.0,0.0,0.0,0.0,0.0,0.0,0.0,0.0,0.0,0.0,0.0,0.0
ENCFF609HGB,0.08773575232583543,6150,15,424,2045,38,7014,4535,19,63,38,87,369,445,1069,888,1953,452,83,1094,793,40,168,14,15,23,497,20,269,1521,708,49,17,48,352,340,1,420,13,2,1490,2612,9,142,6,9,568,783,1251,1,57,61,72,77,78,2160,28,61,72,29,138,133,29,887,95,122,2,11,5547,6754,2544,106,44,107,1767,52,229,25,33,64,8,35,420,904,26,24,254,0,40,31,9,273,35,21,196,95,871,26104,2196,19,5668,8267,251,7031,591,26,1278,394,325,0,888,2312,1997,58,1045,7384,293,2579,26,114,139,1402,49,2296,264,1085,469,166,640,71,24,6576,1586,15,1851,1051,2998,6827,2,550,652,162,720,2958,90,32,12,23,11,7,380,89,100,1794,949,111,701,2060,225,72,134,329,350,550,673,648,2862,20,22,10,52,6,108,31,303,3324,1,0,26,125,197,3748,1219,7232,266,3985,5276,1884,2570,2221,3330,44,4721,5162,1818,1633,5541,3631,1170,115,4,142,5,15,46,48,11,9,9,537,27,2883,1214,1084,31,45004,6252,455,4770,1947,218,139,5905,2873,5722,252,8792,35,8652,10,62,110,26,8,184,77,532,717,3,22,44,25,42,18,610,413,438,126,558,844,321,2282,63,9,22,41,14,22,12,441,54,1226,94,19,230,522,323,866,1133,19,370,1356,129,79,83,38,50,19,298,1416,20,55,1380,19,187,18,628,53,77,19,48,69,22,45,173,156,32,48,31,622,145,39,37,43,262,0,3,20,40,119,21,3095,27,2485,0,95,8,1119,209,1919,1124,1672,9,399,16,44,367,672,7237,112,366,665,158,2,431,30,69,142,9491,1310,315,260,8,30,26,5,7,31,179,390,172,535,27,28,163,3124,37,156,22743,56,1231,72,663,70,225,18,26,564,42,241,285,13,28,26,327,327,78,272,63,136,368,4793,35,1509,450,8,8770,1371,3,82,3309,133,8,633,47,277,46,734,100,1331,295,57,33,269,30,92,45,517,89,7,177,10,431,18,3,57,72,99,87,134,1882,139,585,456,57,82,332,38,9668,8,4211,191,2591,279,56,457,1,20419,1418,4341,12094,221,1345,13,116,21,55,35,167,36,369,584,192,5,38,50,2,9,828,816,7,8,35,4603,5771,4555,1150,5736,699,221,9041,14785,2058,5802,10631,13930,58,35,26,35,10,40,383,42,87,352,851,0.0,0.0,0.0,0.0,0.0,0.0,0.0,0.0,0.0,0.0,0.0,0.0,0.0,0.0,0.0,0.0,0.0,0.0,0.0,0.0,0.0,0.0,0.0,0.0,0.0,0.0,0.0,0.0,0.0,0.0,0.0,0.0,0.0,0.0,0.0,0.0,0.0,0.0,0.0,0.0,0.0,0.0,0.0,0.0,0.0,0.0,0.0,0.0,0.0,0.0,0.0,0.0,0.0,0.0,0.0,0.0,0.0,0.0,0.0,0.0,0.0,0.0,0.0,0.0,0.0,0.0,0.0,0.0,0.0,0.0,0.0,0.0,0.0,0.0,0.0,0.0,0.0,0.0,0.0,0.0,0.0,0.0,0.0,0.0,0.0,0.0,0.0,0.0,0.0,0.0,0.0,0.0,0.0,0.0,0.0,0.0,0.0,0.0,0.0,0.0,0.0,0.0,0.0,0.0,0.0,0.0,0.0,0.0,0.0,0.0,0.0,0.0,0.0,0.0,0.0,0.0,0.0,0.0,0.0,0.0,0.0,0.0,0.0,0.0,0.0,0.0,0.0,0.0,0.0,0.0,0.0,0.0,0.0,0.0,0.0,0.0,0.0,0.0,0.0,0.0,0.0,0.0,0.0,0.0,0.0,0.0,0.0,0.0,0.0,0.0
ENCFF835QVS,0.18346731801765084,56488,366,6608,47466,1313,106838,7867,409,953,401,759,4668,10171,19865,26380,44414,6706,535,8470,9863,201,782,155,109,105,1372,1072,4557,27172,4544,429,287,599,2478,2183,97,2410,25,17,10619,14280,78,948,83,128,971,7901,27830,133,727,1300,1993,671,438,7651,203,383,683,185,867,2048,801,17986,1529,882,276,34,71634,67832,8403,1443,1032,1400,5949,158,1667,678,1127,1338,272,1270,1594,5042,498,669,4877,46,1182,601,39,1829,273,46,2000,1961,21660,239042,16541,200,42042,57842,3373,49722,1581,830,6694,2360,2686,23,3803,10162,9869,250,6254,40445,4912,34796,975,4736,4570,13986,2214,47767,2139,9207,4806,1399,3422,515,207,39934,29197,777,33230,18046,13627,34279,286,7075,3183,1566,4451,59620,908,393,172,171,54,94,2712,367,579,16677,6648,967,6440,49008,4824,530,1503,1707,1709,3800,7361,6205,6417,182,162,61,1318,27,2487,820,1748,188,36,19,676,1057,1366,20861,9617,59317,3280,46152,45436,21280,38896,18296,39361,442,39988,47620,14328,13598,30943,25420,9547,1530,176,1133,55,604,1160,211,111,18,48,5640,742,49406,17296,26873,300,304944,52532,4637,40956,37596,1292,849,62531,30171,85794,8702,63337,507,58507,38,448,926,120,390,1377,326,4748,2328,74,833,1262,792,1252,509,3343,1859,279,343,5967,3680,2424,3391,1419,479,727,1028,436,432,358,787,1447,8536,2057,486,2416,3095,2925,15737,46556,864,2737,4163,1861,1140,953,841,1294,688,177,10413,573,935,6184,497,2071,480,5334,1421,1376,887,1221,177,577,1027,3195,3496,1133,1303,874,2844,1955,754,1131,1169,5668,12,50,592,847,537,341,17673,114,13367,29,803,58,7591,977,9210,9668,9335,35,3467,197,335,2280,4171,109653,773,2805,2909,1288,117,4593,158,234,706,22100,8728,3959,1549,18,229,225,24,61,936,1819,3402,775,6008,590,590,2287,62395,471,3094,188478,777,6600,1358,6666,1337,3682,387,630,6034,1078,1375,1537,464,568,302,5773,1639,1355,1520,645,1498,1694,33900,147,12515,3558,74,33967,9097,39,254,8861,1054,74,8170,1135,1473,378,4081,1503,27459,5539,932,1190,1632,495,1360,1127,1611,1125,34,1537,21,2467,180,41,202,723,455,1563,1243,46064,4082,14611,9886,2135,879,1533,275,48156,218,20751,2465,16514,1629,620,3755,43,48407,8827,15309,64523,5973,26218,346,480,425,1110,644,1521,952,1927,9018,1387,52,315,1276,47,45,5199,4680,33,301,247,33228,64020,43525,11793,50523,5681,1506,97125,134876,20289,65373,93892,113737,382,334,1024,901,312,1173,1567,405,658,967,9593,0.0,0.0,0.0,0.0,0.0,0.0,0.0,0.0,0.0,0.0,0.0,0.0,0.0,0.0,0.0,0.0,0.0,0.0,0.0,0.0,0.0,0.0,0.0,0.0,0.0,0.0,0.0,0.0,0.0,0.0,0.0,0.0,0.0,0.0,0.0,0.0,0.0,0.0,0.0,0.0,0.0,0.0,0.0,0.0,0.0,0.0,0.0,0.0,0.0,0.0,0.0,0.0,0.0,0.0,0.0,0.0,0.0,0.0,0.0,0.0,0.0,0.0,0.0,0.0,0.0,0.0,0.0,0.0,0.0,0.0,0.0,0.0,0.0,0.0,0.0,0.0,0.0,0.0,0.0,0.0,0.0,0.0,0.0,0.0,0.0,0.0,0.0,0.0,0.0,0.0,0.0,0.0,0.0,0.0,0.0,0.0,0.0,0.0,0.0,0.0,0.0,0.0,0.0,0.0,0.0,0.0,0.0,0.0,0.0,0.0,0.0,0.0,0.0,0.0,0.0,0.0,0.0,0.0,0.0,0.0,0.0,0.0,0.0,0.0,0.0,0.0,0.0,0.0,0.0,0.0,0.0,0.0,0.0,0.0,0.0,0.0,0.0,0.0,0.0,0.0,0.0,0.0,0.0,0.0,0.0,0.0,0.0,0.0,0.0,0.0
ENCFF002EER,0.18657082120990287,122757,435,4573,116789,858,130070,8622,341,534,361,1088,3982,3292,8134,91563,30761,3659,533,7144,9629,232,930,124,68,63,1511,6861,3954,67975,4842,336,353,629,2192,2030,158,2347,28,31,10103,13744,54,721,26,155,726,6836,74309,822,681,1192,1650,558,392,9715,157,445,679,186,934,1925,296,39102,354,314,1778,95,81550,66156,9889,1260,846,2664,8287,428,1514,612,872,1093,240,1200,1409,4827,506,652,4287,20,1024,615,13,1404,140,35,1366,1486,52307,221771,13558,188,37719,51042,3018,44859,1370,756,6803,2047,2216,16,3886,10604,10927,167,6770,44111,2650,36741,613,2297,2528,11191,1066,102545,1624,10417,4570,805,3345,464,224,39169,10942,5696,66420,8575,19555,36301,1193,5746,4149,1478,5296,109992,414,1083,126,107,29,40,2846,303,848,17118,6536,839,5187,114968,3647,553,1405,1487,1179,3736,7048,6989,7864,73,130,32,1211,39,2032,734,1000,510,138,12,967,845,1220,19707,9217,59824,2863,33511,41854,19185,79823,16468,34990,331,34645,41212,16624,12087,29957,24254,6639,1136,1490,1062,79,566,1087,204,53,30,59,7627,277,66110,15743,8685,294,277994,50278,5007,35062,49927,1455,1081,49912,25046,97707,6304,64348,330,66966,72,629,1335,157,325,1168,410,4763,2986,59,848,1143,713,1062,527,3027,1785,627,251,5985,3765,2634,3823,1531,390,785,830,415,396,335,678,1264,6266,1728,440,2078,2882,2487,10315,73894,4379,2850,4108,1600,961,768,764,1090,592,187,9690,616,1065,6492,429,2008,477,5113,1255,1163,704,1032,463,596,834,2831,2676,955,1090,840,3224,1896,982,918,1124,4698,51,56,473,736,672,443,23052,193,13690,27,711,183,8099,985,10050,9689,10821,9,3089,125,245,1763,5177,123949,1085,2997,2771,1433,638,3410,193,191,914,19503,8785,3904,1748,59,258,146,13,45,742,1867,3555,684,5177,653,647,1568,125236,718,2584,163943,688,7193,1152,6152,7293,3133,358,2524,10876,898,1242,1355,433,501,471,38285,1524,1119,1342,657,1363,1548,31281,71,12953,2818,38,38715,9337,65,381,9200,1094,59,7981,982,2732,388,3708,1390,54549,3821,1785,951,1369,492,1378,1027,2165,820,26,1411,45,2691,133,99,222,1280,436,752,764,100113,2340,11135,6919,1656,598,1177,309,49455,647,20157,3124,16700,1783,397,3803,48,39788,7273,13399,58243,4241,50228,405,296,412,2196,779,1296,882,1823,8934,1351,47,689,1255,36,38,5113,5304,21,1555,264,30945,49375,36715,8887,44658,4987,475,105620,107116,16391,50745,80409,100239,318,183,914,830,271,998,1611,408,561,913,10792,0.0,0.0,0.0,0.0,0.0,0.0,0.0,0.0,0.0,0.0,0.0,0.0,0.0,0.0,0.0,0.0,0.0,0.0,0.0,0.0,0.0,0.0,0.0,0.0,0.0,0.0,0.0,0.0,0.0,0.0,0.0,0.0,0.0,0.0,0.0,0.0,0.0,0.0,0.0,0.0,0.0,0.0,0.0,0.0,0.0,0.0,0.0,0.0,0.0,0.0,0.0,0.0,0.0,0.0,0.0,0.0,0.0,0.0,0.0,0.0,0.0,0.0,0.0,0.0,0.0,0.0,0.0,0.0,0.0,0.0,0.0,0.0,0.0,0.0,0.0,0.0,0.0,0.0,0.0,0.0,0.0,0.0,0.0,0.0,0.0,0.0,0.0,0.0,0.0,0.0,0.0,0.0,0.0,0.0,0.0,0.0,0.0,0.0,0.0,0.0,0.0,0.0,0.0,0.0,0.0,0.0,0.0,0.0,0.0,0.0,0.0,0.0,0.0,0.0,0.0,0.0,0.0,0.0,0.0,0.0,0.0,0.0,0.0,0.0,0.0,0.0,0.0,0.0,0.0,0.0,0.0,0.0,0.0,0.0,0.0,0.0,0.0,0.0,0.0,0.0,0.0,0.0,0.0,0.0,0.0,0.0,0.0,0.0,0.0,0.0
ENCFF278KSX,0.1200306805531185,42583,115,4102,15122,323,59924,5450,212,349,511,627,3800,2849,5849,7272,15693,3066,510,4937,7721,158,725,89,41,90,2676,48,3447,19311,4354,286,126,536,1763,1745,41,2550,126,14,8790,12035,101,1623,312,20,912,5949,10890,27,515,1765,1479,587,397,6139,183,509,588,380,1276,1661,105,5878,252,180,54,69,38183,48381,7012,1126,748,1217,4783,298,1252,537,798,908,236,1141,1188,3822,400,552,4044,20,937,439,43,1262,446,223,1091,1133,7010,212796,13675,139,33421,46898,2850,40220,1176,661,6521,2374,2985,57,3793,9761,10497,64,5818,28660,1669,20614,234,820,1315,9632,376,19311,1246,9981,4453,1298,3117,378,249,36188,8221,67,15911,5772,9997,27249,11,5540,2216,1303,3915,24170,216,196,105,118,36,45,2825,273,577,13910,5033,691,5983,16699,2202,435,1265,646,684,3798,6566,5409,5474,149,153,14,1130,42,1943,658,561,191,18,0,677,1107,1015,14199,7009,43019,2417,34499,40368,17478,26351,15036,29036,300,33317,39815,9791,9569,24880,25593,5574,987,65,2268,44,718,1031,184,246,11,90,6005,301,25127,9883,7191,3395,166336,34920,2899,26572,13574,1158,595,38560,21815,48146,2302,45403,171,45577,94,957,890,157,268,942,312,4100,2407,48,639,998,598,973,368,2425,1552,160,297,5231,3018,2396,2407,1396,438,635,939,398,338,224,469,1272,5499,1510,367,1853,2248,2339,6023,7924,108,2385,2918,1374,947,747,640,1071,531,85,6654,420,865,5317,390,1515,331,4398,1258,1074,723,1000,72,432,621,2674,2664,836,992,725,2433,1680,832,789,1189,4529,3,13,396,657,693,761,14563,66,9747,16,468,17,6733,1001,6518,9737,9981,36,3909,344,227,5560,4202,52541,693,2107,2109,982,17,2905,170,151,868,21627,6105,3716,1791,63,146,476,7,48,647,641,2161,665,2881,534,449,1127,23878,280,2251,116908,594,6058,1077,5956,210,2800,248,33,3488,848,1010,1070,307,415,237,749,1224,1033,1145,759,1181,1321,32973,218,11814,2397,31,29744,6704,298,330,8031,492,100,6848,821,1152,312,3339,1250,9011,1498,634,666,1199,485,1663,929,1239,1525,110,964,36,3128,534,675,215,500,165,450,655,12809,849,6614,4052,649,372,2400,635,36510,44,20172,1637,12525,2015,453,2951,28,62960,11936,17805,69361,1375,10242,315,480,334,783,382,1137,767,1575,6509,966,116,173,1099,539,94,4438,4373,6,125,157,24836,42285,31734,7420,38442,4406,296,58694,98300,13017,43897,70285,85469,214,176,744,662,182,947,1589,366,422,1009,9709,0.0,0.0,0.0,0.0,0.0,0.0,0.0,0.0,0.0,0.0,0.0,0.0,0.0,0.0,0.0,0.0,0.0,0.0,0.0,0.0,0.0,0.0,0.0,0.0,0.0,0.0,0.0,0.0,0.0,0.0,0.0,0.0,0.0,0.0,0.0,0.0,0.0,0.0,0.0,0.0,0.0,0.0,0.0,0.0,0.0,0.0,0.0,0.0,0.0,0.0,0.0,0.0,0.0,0.0,0.0,0.0,0.0,0.0,0.0,0.0,0.0,0.0,0.0,0.0,0.0,0.0,0.0,0.0,0.0,0.0,0.0,0.0,0.0,0.0,0.0,0.0,0.0,0.0,0.0,0.0,0.0,0.0,0.0,0.0,0.0,0.0,0.0,0.0,0.0,0.0,0.0,0.0,0.0,0.0,0.0,0.0,0.0,0.0,0.0,0.0,0.0,0.0,0.0,0.0,0.0,0.0,0.0,0.0,0.0,0.0,0.0,0.0,0.0,0.0,0.0,0.0,0.0,0.0,0.0,0.0,0.0,0.0,0.0,0.0,0.0,0.0,0.0,0.0,0.0,0.0,0.0,0.0,0.0,0.0,0.0,0.0,0.0,0.0,0.0,0.0,0.0,0.0,0.0,0.0,0.0,0.0,0.0,0.0,0.0,0.0
ENCFF565PXL,0.10810079674985368,458621,4884,11517,61175,811,101547,13186,465,657,547,1197,6430,5361,12097,36344,36015,5571,853,10655,10354,307,1224,212,132,121,2099,34584,6662,59126,6709,546,2208,1334,3458,3152,1104,3679,49,162,17713,20163,112,1349,154,1542,1021,10968,47454,5603,971,2127,2716,802,652,13901,370,640,788,458,1097,3239,941,27632,770,1647,10073,291,101465,95426,14625,2117,1367,8946,11367,516,2359,904,1513,1676,408,1817,2057,6936,807,986,7397,43,1653,916,27,2769,426,62,2998,2786,31602,345922,20456,257,55542,84864,4911,74064,2461,1164,10629,3149,3549,17,6640,16431,15648,349,9280,67405,3620,38662,556,2202,3161,16762,883,49311,2771,11274,5302,1516,4750,547,259,56802,15888,23666,39639,12508,28287,50408,7039,9095,6343,2451,9805,85522,838,5752,193,199,161,58,4005,449,1941,18998,8609,1180,7958,64156,6773,837,2230,2868,3432,5792,8108,7096,13407,160,174,89,1968,23,3640,1118,2746,31471,1002,62,3029,1319,1899,30205,13327,104287,4376,53545,60099,30292,62069,27863,54873,417,59853,70015,25817,17680,49000,36168,15429,2014,7999,1450,566,1091,1639,297,124,337,104,8050,420,81135,24051,14849,569,747733,77861,10982,54512,47211,2236,1010,81852,40750,118303,4665,90254,395,87135,46,714,1715,437,527,1685,940,7840,4484,128,1226,1835,1096,1760,831,4604,2813,1374,425,8995,6218,3738,6987,2259,658,1164,1432,614,628,516,1236,2114,11341,2489,680,3359,5053,4329,29673,106269,23948,4488,8290,2535,1618,1214,1157,1758,997,680,17984,855,1523,10521,689,2830,663,9204,2082,2016,1147,1767,1284,882,2237,4837,4856,1407,1800,1357,4643,2849,1481,1496,1882,8188,62,57,712,1118,1145,688,29393,333,20228,68,1022,119,12194,1543,15562,12790,14945,38,5195,144,398,3137,7586,128245,2933,7286,4873,2205,1832,6026,330,453,1815,32710,12832,6291,2451,44,449,221,19,63,1256,1849,5292,1125,7740,954,861,5559,88933,2542,4421,243244,1638,10642,1894,10244,37373,5272,570,15016,43936,1492,1854,1971,819,749,916,175002,2361,1690,2087,1295,2231,2425,48930,79,19887,4250,98,52138,13725,58,486,12164,1994,45,12708,1507,3059,457,5954,1970,27658,6388,5724,1649,1994,790,2227,1602,2800,2116,49,2097,77,3931,848,54,197,4487,1209,955,1739,59224,2022,19137,9399,1657,937,1690,318,69199,3758,35972,8946,22673,2479,615,5487,78,64915,12560,22597,101893,7862,33956,1268,831,681,4066,3945,2055,1357,3297,18864,1918,55,3883,2067,65,35,7455,7350,45,7627,394,46187,87911,63737,16198,68629,8078,1028,129062,190018,28332,83977,136975,159214,407,338,1441,1347,372,1622,2710,574,906,1271,12892,0.0,0.0,0.0,0.0,0.0,0.0,0.0,0.0,0.0,0.0,0.0,0.0,0.0,0.0,0.0,0.0,0.0,0.0,0.0,0.0,0.0,0.0,0.0,0.0,0.0,0.0,0.0,0.0,0.0,0.0,0.0,0.0,0.0,0.0,0.0,0.0,0.0,0.0,0.0,0.0,0.0,0.0,0.0,0.0,0.0,0.0,0.0,0.0,0.0,0.0,0.0,0.0,0.0,0.0,0.0,0.0,0.0,0.0,0.0,0.0,0.0,0.0,0.0,0.0,0.0,0.0,0.0,0.0,0.0,0.0,0.0,0.0,0.0,0.0,0.0,0.0,0.0,0.0,0.0,0.0,0.0,0.0,0.0,0.0,0.0,0.0,0.0,0.0,0.0,0.0,0.0,0.0,0.0,0.0,0.0,0.0,0.0,0.0,0.0,0.0,0.0,0.0,0.0,0.0,0.0,0.0,0.0,0.0,0.0,0.0,0.0,0.0,0.0,0.0,0.0,0.0,0.0,0.0,0.0,0.0,0.0,0.0,0.0,0.0,0.0,0.0,0.0,0.0,0.0,0.0,0.0,0.0,0.0,0.0,0.0,0.0,0.0,0.0,0.0,0.0,0.0,0.0,0.0,0.0,0.0,0.0,0.0,0.0,0.0,0.0
ENCFF000ZED,0.06268886399176046,4339,30,297,4316,93,9815,967,49,43,35,101,291,306,688,2306,2557,310,46,581,608,25,73,5,8,13,78,122,315,2294,405,28,22,37,168,133,5,170,0,9,1088,1137,4,50,1,9,60,517,2116,18,77,69,120,43,51,765,18,40,88,36,87,168,25,1132,27,29,28,15,4450,4902,823,98,55,111,895,23,111,57,63,82,18,97,109,376,47,48,278,2,69,47,0,162,32,3,140,106,1810,16893,1058,10,2979,4139,217,3477,117,48,487,155,194,1,290,864,925,15,682,3258,252,2773,55,263,209,890,156,3694,133,747,337,77,354,33,11,3272,936,98,1601,736,2261,2685,16,485,336,117,340,4750,52,34,5,17,6,4,210,33,121,1195,501,62,431,4290,321,43,113,142,142,308,741,789,746,18,18,6,81,2,157,78,237,555,5,1,49,110,98,1519,678,4372,247,2621,3164,1452,3023,1402,2558,21,2578,3091,1045,875,2597,1841,722,67,30,94,5,60,65,17,7,3,19,434,33,3395,1105,792,14,38720,3937,350,2878,1962,117,70,3857,1985,5477,622,5164,22,5358,5,36,157,111,31,76,21,311,291,9,65,101,43,74,30,234,124,27,25,394,350,201,316,112,29,66,57,41,27,26,57,105,477,161,48,175,213,172,1011,2277,65,227,398,117,71,45,48,72,46,7,848,49,75,500,28,143,31,325,93,95,60,75,24,45,45,220,230,74,89,59,256,146,61,77,75,302,2,4,26,44,64,29,1562,22,1135,2,54,4,612,70,761,853,745,3,260,12,19,135,435,6416,70,222,210,108,8,218,17,18,79,1275,759,347,150,13,56,4,3,8,65,172,286,68,363,56,56,138,5400,33,182,12054,44,562,97,453,136,222,21,34,423,87,90,92,49,41,25,511,114,90,106,41,112,113,2607,9,940,267,7,3062,728,1,24,582,126,8,622,59,210,26,275,97,1499,280,59,81,104,41,92,67,150,66,6,120,12,237,15,17,21,42,43,72,56,3843,275,871,560,165,38,136,31,4150,16,1542,182,1335,177,40,320,2,2948,610,951,4190,242,1264,17,41,30,79,57,103,65,196,729,92,4,26,119,1,8,485,417,1,28,22,2444,3598,2646,647,3352,475,38,6738,8234,1240,3679,6249,7602,33,20,75,80,26,93,154,36,55,68,729,0.0,0.0,0.0,0.0,0.0,0.0,0.0,0.0,0.0,0.0,0.0,0.0,0.0,0.0,0.0,0.0,0.0,0.0,0.0,0.0,0.0,0.0,0.0,0.0,0.0,0.0,0.0,0.0,0.0,0.0,0.0,0.0,0.0,0.0,0.0,0.0,0.0,0.0,0.0,0.0,0.0,0.0,0.0,0.0,0.0,0.0,0.0,0.0,0.0,0.0,0.0,0.0,0.0,0.0,0.0,0.0,0.0,0.0,0.0,0.0,0.0,0.0,0.0,0.0,0.0,0.0,0.0,0.0,0.0,0.0,0.0,0.0,0.0,0.0,0.0,0.0,0.0,0.0,0.0,0.0,0.0,0.0,0.0,0.0,0.0,0.0,0.0,0.0,0.0,0.0,0.0,0.0,0.0,0.0,0.0,0.0,0.0,0.0,0.0,0.0,0.0,0.0,0.0,0.0,0.0,0.0,0.0,0.0,0.0,0.0,0.0,0.0,0.0,0.0,0.0,0.0,0.0,0.0,0.0,0.0,0.0,0.0,0.0,0.0,0.0,0.0,0.0,0.0,0.0,0.0,0.0,0.0,0.0,0.0,0.0,0.0,0.0,0.0,0.0,0.0,0.0,0.0,0.0,0.0,0.0,0.0,0.0,0.0,0.0,0.0
ENCFF000ZCO,0.1991990194021693,23881,99,1158,3469,69,13428,27478,39,109,103,266,532,394,865,1748,2064,770,231,1320,3000,81,339,25,7,8,109,814,558,1815,1303,159,107,146,220,194,37,387,4,5,2061,4967,9,237,2,36,76,1329,1444,160,198,96,156,323,150,6667,34,197,171,35,271,303,15,691,106,98,223,5,11550,18740,3677,112,71,636,3348,123,144,83,80,92,25,99,146,1651,48,62,654,6,114,71,6,606,27,4,478,128,1290,72525,6121,21,15798,19125,407,16269,171,81,2571,740,803,0,1420,3627,4263,25,1407,13601,280,5468,61,297,412,3956,151,2863,156,3584,1951,322,1632,226,38,19064,1583,558,1249,1100,5804,13248,205,1064,526,115,1257,3384,92,254,12,56,7,31,1196,143,186,4829,3134,299,1419,3087,290,166,130,336,282,946,12703,14724,2753,11,25,3,90,3,233,67,137,44,18,3,128,242,130,7980,3562,18744,748,9935,13421,4256,4774,3499,7016,109,11690,13157,4578,4961,8326,8736,1731,310,134,292,14,52,87,96,18,0,12,1636,40,3797,2429,731,29,68575,11323,1325,11698,1569,650,269,14090,6131,11753,482,25087,150,27318,11,123,287,43,31,116,44,866,765,7,55,134,58,91,38,409,172,72,72,1192,946,555,1061,148,45,67,88,37,45,32,297,115,1362,207,34,533,452,267,941,1899,566,423,1598,301,85,74,65,93,45,53,2424,52,66,2238,33,354,40,1311,100,107,69,117,49,57,96,347,328,70,103,93,1094,307,81,85,91,535,2,12,51,80,240,78,6907,22,4804,7,334,12,2600,375,3094,3203,1856,7,780,21,84,200,1794,10319,382,713,564,415,17,368,90,33,344,3255,1335,576,630,8,90,76,0,25,83,251,1059,78,1556,59,56,187,3637,84,329,66186,64,2297,120,645,886,520,43,433,2521,83,132,123,44,42,90,5579,163,114,148,70,149,159,10372,20,3208,1041,9,20684,2997,5,116,6977,132,17,1750,107,576,170,527,137,1301,316,311,122,142,39,182,110,540,87,2,355,9,761,9,8,53,283,47,85,155,3572,268,955,909,139,139,451,35,21355,135,5904,559,6829,529,67,1306,10,10537,2044,3524,15652,612,1346,67,24,49,186,123,133,74,178,1409,134,8,170,101,5,4,2046,2006,0,164,88,11048,14767,8262,2054,16806,1788,153,21894,34824,3734,15328,25586,34350,65,78,81,71,26,91,763,121,155,159,2907,0.0,0.0,0.0,0.0,0.0,0.0,0.0,0.0,0.0,0.0,0.0,0.0,0.0,0.0,0.0,0.0,0.0,0.0,0.0,0.0,0.0,0.0,0.0,0.0,0.0,0.0,0.0,0.0,0.0,0.0,0.0,0.0,0.0,0.0,0.0,0.0,0.0,0.0,0.0,0.0,0.0,0.0,0.0,0.0,0.0,0.0,0.0,0.0,0.0,0.0,0.0,0.0,0.0,0.0,0.0,0.0,0.0,0.0,0.0,0.0,0.0,0.0,0.0,0.0,0.0,0.0,0.0,0.0,0.0,0.0,0.0,0.0,0.0,0.0,0.0,0.0,0.0,0.0,0.0,0.0,0.0,0.0,0.0,0.0,0.0,0.0,0.0,0.0,0.0,0.0,0.0,0.0,0.0,0.0,0.0,0.0,0.0,0.0,0.0,0.0,0.0,0.0,0.0,0.0,0.0,0.0,0.0,0.0,0.0,0.0,0.0,0.0,0.0,0.0,0.0,0.0,0.0,0.0,0.0,0.0,0.0,0.0,0.0,0.0,0.0,0.0,0.0,0.0,0.0,0.0,0.0,0.0,0.0,0.0,0.0,0.0,0.0,0.0,0.0,0.0,0.0,0.0,0.0,0.0,0.0,0.0,0.0,0.0,0.0,0.0
ENCFF770YAZ,0.1878360354989611,13698,74,2068,20058,504,74446,2397,201,369,112,198,1745,3898,7012,11617,28272,2505,230,2633,2633,63,303,72,23,40,331,117,2171,14415,1609,122,85,233,1235,1105,22,1096,11,6,3565,5325,26,279,24,19,237,3329,12476,17,357,620,951,225,114,2430,81,176,151,46,307,811,374,8111,209,117,38,4,27828,24124,2958,716,475,748,1972,127,814,395,550,597,169,671,758,1797,339,409,2391,7,609,373,5,608,73,20,1286,837,12510,84096,4409,43,12724,18518,1648,16202,729,464,2007,568,595,6,1054,2944,2876,69,2338,15893,1933,17397,361,1449,1398,4129,636,25303,941,2583,1113,298,1130,222,31,11371,10457,79,11252,6070,4136,12961,18,2436,1834,823,1815,25875,296,101,110,51,32,20,901,118,167,4918,1927,342,2146,22887,2483,202,718,394,422,1566,1590,1425,2095,29,39,11,741,17,1201,465,521,51,6,6,339,337,672,6912,3375,19111,1346,16725,14753,7584,17763,7909,16516,144,13283,16015,4460,4142,11336,7794,3123,495,13,376,32,339,572,80,16,21,12,1727,254,21512,7508,9757,86,90804,20225,1687,13733,17062,442,206,21617,10195,35289,3225,17370,74,16915,9,129,279,27,223,618,69,2191,1023,9,491,634,406,579,318,1487,967,129,98,2652,1724,1111,1014,875,229,489,432,252,273,191,238,817,2589,850,284,953,1444,1384,9218,19120,96,1520,1275,834,522,350,420,668,387,41,3614,363,595,2482,234,870,292,2195,746,655,455,646,49,366,279,1673,1532,559,700,549,1216,888,517,555,651,2493,33,13,289,442,161,168,6845,51,4650,9,249,15,3134,317,3299,3202,5070,17,1368,58,72,740,1625,50490,282,813,1196,520,13,1698,88,83,290,7386,3499,1575,590,53,158,54,11,16,441,575,1243,328,2174,383,339,1405,36719,224,1444,59010,346,2834,724,3359,197,1575,216,33,1663,551,631,661,266,330,122,620,751,603,683,160,808,851,10933,23,5320,1050,11,11320,3096,21,115,2538,391,15,3818,528,429,114,1840,673,20616,2387,268,541,749,258,747,606,566,375,9,529,19,830,41,10,97,140,173,495,414,22034,1318,7148,3366,827,310,358,83,14625,21,6946,872,5402,621,200,1318,9,12179,2467,4251,19009,1502,10852,162,99,264,570,285,664,500,909,3436,617,26,97,737,14,17,1791,1732,28,56,81,10497,19495,15991,3702,15840,1863,177,38993,42038,7346,20813,30582,36269,194,89,493,535,145,655,482,163,232,324,3409,0.0,0.0,0.0,0.0,0.0,0.0,0.0,0.0,0.0,0.0,0.0,0.0,0.0,0.0,0.0,0.0,0.0,0.0,0.0,0.0,0.0,0.0,0.0,0.0,0.0,0.0,0.0,0.0,0.0,0.0,0.0,0.0,0.0,0.0,0.0,0.0,0.0,0.0,0.0,0.0,0.0,0.0,0.0,0.0,0.0,0.0,0.0,0.0,0.0,0.0,0.0,0.0,0.0,0.0,0.0,0.0,0.0,0.0,0.0,0.0,0.0,0.0,0.0,0.0,0.0,0.0,0.0,0.0,0.0,0.0,0.0,0.0,0.0,0.0,0.0,0.0,0.0,0.0,0.0,0.0,0.0,0.0,0.0,0.0,0.0,0.0,0.0,0.0,0.0,0.0,0.0,0.0,0.0,0.0,0.0,0.0,0.0,0.0,0.0,0.0,0.0,0.0,0.0,0.0,0.0,0.0,0.0,0.0,0.0,0.0,0.0,0.0,0.0,0.0,0.0,0.0,0.0,0.0,0.0,0.0,0.0,0.0,0.0,0.0,0.0,0.0,0.0,0.0,0.0,0.0,0.0,0.0,0.0,0.0,0.0,0.0,0.0,0.0,0.0,0.0,0.0,0.0,0.0,0.0,0.0,0.0,0.0,0.0,0.0,0.0
ENCFF000WAW,0.0686976920566888,4241,19,279,2656,75,6391,390,24,42,21,40,221,368,696,1369,2187,308,39,388,407,16,70,6,3,4,48,237,296,2208,278,26,13,33,160,109,4,164,1,2,492,763,3,55,7,3,39,435,1721,29,49,66,114,41,33,637,13,23,28,9,46,111,40,997,18,19,77,5,3579,3379,510,86,52,115,427,20,107,40,56,73,18,83,97,260,50,49,255,2,61,40,0,92,121,4,116,107,1244,11839,741,7,2022,2891,182,2496,123,36,371,110,122,4,217,546,531,7,337,2533,257,2400,53,252,217,670,126,3034,123,438,187,62,258,28,7,2216,1024,114,1989,684,918,2002,41,346,232,115,244,2939,24,39,3,8,1,5,174,30,41,649,353,57,378,2770,287,39,77,89,84,177,292,257,429,4,15,1,75,0,139,65,121,286,2,0,49,85,56,1049,506,3209,180,2177,2301,1030,2538,1006,2057,19,1915,2306,764,660,1724,1309,497,60,47,52,5,41,69,15,6,1,4,269,24,3376,970,966,17,15083,2622,240,1984,1767,89,49,2887,1314,4358,405,3052,12,3132,11,22,87,30,18,69,15,266,150,1,68,96,49,67,38,182,79,18,16,308,207,123,179,91,32,56,41,31,34,30,39,92,299,86,28,122,194,149,935,1468,129,166,236,94,45,43,44,74,36,19,566,39,75,383,21,135,34,271,95,79,38,69,49,34,40,209,191,77,63,45,194,108,68,69,67,322,5,3,35,51,37,20,1077,10,692,1,45,5,504,84,479,462,509,3,193,20,13,92,325,4578,60,133,180,95,7,189,18,38,50,964,478,254,119,4,19,13,1,3,48,90,207,32,267,45,54,138,3607,42,157,8795,32,409,81,360,227,208,19,129,466,58,63,54,40,38,24,1160,92,69,84,31,96,100,1765,7,721,172,2,2008,853,1,24,392,49,7,445,49,119,28,205,87,1111,244,67,74,72,33,72,64,112,60,2,73,4,151,7,4,10,40,40,66,41,2297,239,723,501,141,32,69,16,2683,28,1092,173,988,89,25,189,4,1983,390,693,2995,98,1170,18,15,24,66,42,73,58,112,534,72,3,26,75,2,2,332,269,0,31,13,1817,2918,2366,505,2528,318,35,4949,6435,959,3063,4663,5826,21,12,59,69,14,62,94,22,33,42,492,0.0,0.0,0.0,0.0,0.0,0.0,0.0,0.0,0.0,0.0,0.0,0.0,0.0,0.0,0.0,0.0,0.0,0.0,0.0,0.0,0.0,0.0,0.0,0.0,0.0,0.0,0.0,0.0,0.0,0.0,0.0,0.0,0.0,0.0,0.0,0.0,0.0,0.0,0.0,0.0,0.0,0.0,0.0,0.0,0.0,0.0,0.0,0.0,0.0,0.0,0.0,0.0,0.0,0.0,0.0,0.0,0.0,0.0,0.0,0.0,0.0,0.0,0.0,0.0,0.0,0.0,0.0,0.0,0.0,0.0,0.0,0.0,0.0,0.0,0.0,0.0,0.0,0.0,0.0,0.0,0.0,0.0,0.0,0.0,0.0,0.0,0.0,0.0,0.0,0.0,0.0,0.0,0.0,0.0,0.0,0.0,0.0,0.0,0.0,0.0,0.0,0.0,0.0,0.0,0.0,0.0,0.0,0.0,0.0,0.0,0.0,0.0,0.0,0.0,0.0,0.0,0.0,0.0,0.0,0.0,0.0,0.0,0.0,0.0,0.0,0.0,0.0,0.0,0.0,0.0,0.0,0.0,0.0,0.0,0.0,0.0,0.0,0.0,0.0,0.0,0.0,0.0,0.0,0.0,0.0,0.0,0.0,0.0,0.0,0.0
ENCFF000QAV,0.14720524083137587,55041,91,2761,4823,69,26657,10864,36,207,334,856,1438,481,1705,2065,1959,2326,688,3582,7034,396,1274,116,139,184,418,1130,1421,3101,5077,356,240,480,722,705,19,1862,41,30,11394,17812,32,796,4,35,624,4038,1855,255,432,124,195,667,632,10836,266,633,1133,448,1301,759,25,772,258,357,235,30,29729,49680,12688,334,104,961,11033,308,512,96,103,182,30,113,617,7027,75,77,1320,29,114,87,29,2259,222,54,1315,236,1253,203952,16775,57,45594,54854,1604,47853,1212,81,9863,2798,2663,24,4499,12557,12388,307,6973,59145,616,12529,43,166,575,10604,49,3524,463,8820,4400,1096,4310,503,171,53136,3640,1621,1769,2133,30241,43432,217,2886,1159,451,4247,4628,563,429,11,180,16,53,3174,523,751,13802,8560,990,4112,4058,549,639,398,1747,1376,3183,7484,7580,19446,56,177,98,136,62,366,85,2548,5887,25,2,126,896,437,23088,10615,56108,1798,25340,37720,12376,11730,10829,19377,312,35310,38582,14737,14551,31264,27935,6703,784,452,840,35,68,132,369,68,75,272,5028,54,7622,6174,702,358,188266,40384,4080,33789,2185,2151,1112,39016,15570,29428,378,79057,221,87152,115,391,1007,99,49,419,284,1724,3924,14,69,147,77,154,67,1468,720,1308,199,3913,3128,1772,8060,168,38,120,115,40,55,51,1220,172,4363,339,48,1652,1594,787,2410,6318,718,1450,7148,774,354,232,89,159,86,800,11847,89,145,6989,44,1192,62,3741,156,283,87,148,170,64,156,786,617,104,123,124,3118,913,139,100,140,1083,199,58,51,83,1182,91,25531,629,16771,37,826,476,8401,1856,13730,9131,8297,24,3178,137,193,1558,5953,29280,1188,2968,4494,1257,19,1274,407,649,1170,10843,3789,1363,2424,341,335,178,4,133,104,2232,3895,493,4101,76,100,491,4904,226,735,213018,291,8505,213,2253,1693,1154,63,282,4918,105,520,611,75,84,365,6911,602,260,644,202,434,685,32914,191,9400,2865,92,49701,10255,37,541,7706,1423,127,4776,107,2343,530,2371,290,2028,654,658,155,545,76,474,115,3878,438,83,1258,83,1942,190,49,422,608,731,118,595,5152,235,1837,1470,140,518,1621,675,69095,107,18691,924,20111,2626,250,3867,27,34022,7074,9385,48638,1470,2497,79,489,65,205,132,444,98,720,6086,429,15,608,182,74,81,6929,7149,18,270,309,38805,38925,22095,6002,49384,5989,385,63165,101407,10702,40073,75728,103950,279,267,116,94,39,136,6330,577,921,818,7290,0.0,0.0,0.0,0.0,0.0,0.0,0.0,0.0,0.0,0.0,0.0,0.0,0.0,0.0,0.0,0.0,0.0,0.0,0.0,0.0,0.0,0.0,0.0,0.0,0.0,0.0,0.0,0.0,0.0,0.0,0.0,0.0,0.0,0.0,0.0,0.0,0.0,0.0,0.0,0.0,0.0,0.0,0.0,0.0,0.0,0.0,0.0,0.0,0.0,0.0,0.0,0.0,0.0,0.0,0.0,0.0,0.0,0.0,0.0,0.0,0.0,0.0,0.0,0.0,0.0,0.0,0.0,0.0,0.0,0.0,0.0,0.0,0.0,0.0,0.0,0.0,0.0,0.0,0.0,0.0,0.0,0.0,0.0,0.0,0.0,0.0,0.0,0.0,0.0,0.0,0.0,0.0,0.0,0.0,0.0,0.0,0.0,0.0,0.0,0.0,0.0,0.0,0.0,0.0,0.0,0.0,0.0,0.0,0.0,0.0,0.0,0.0,0.0,0.0,0.0,0.0,0.0,0.0,0.0,0.0,0.0,0.0,0.0,0.0,0.0,0.0,0.0,0.0,0.0,0.0,0.0,0.0,0.0,0.0,0.0,0.0,0.0,0.0,0.0,0.0,0.0,0.0,0.0,0.0,0.0,0.0,0.0,0.0,0.0,0.0
ENCFF963BRG,0.10242285927239742,74192,532,872,4764,65,6555,842,40,37,31,103,430,386,1182,2488,2186,406,64,879,711,21,98,27,5,4,96,6259,443,3438,490,43,386,120,258,229,212,259,5,26,1134,1375,6,76,9,118,72,725,3764,1123,63,103,176,51,50,993,19,49,60,22,79,249,115,1672,143,118,1776,32,7164,7209,974,157,105,1393,751,21,162,67,102,127,37,126,138,460,58,79,480,0,110,62,2,164,37,4,159,211,3212,22052,1397,13,3839,5070,326,4450,221,68,648,206,242,3,403,964,974,10,722,4323,326,3251,49,227,266,1133,96,4583,208,869,398,98,372,46,18,4185,1378,4331,2916,1172,1480,3329,1129,657,475,167,1007,6921,68,825,21,18,5,4,279,42,169,1257,600,88,582,4994,558,53,149,253,204,382,611,486,901,15,17,10,164,1,250,83,291,264,164,2,482,110,114,1974,869,7337,316,3698,4160,2101,4672,1862,3759,22,3754,4499,1631,1117,3216,2388,1181,129,1430,132,25,71,103,21,5,1,11,604,35,6000,1804,1094,51,69149,5496,1055,3874,3271,155,90,5932,2871,8439,393,5856,49,5380,6,40,169,65,38,119,38,558,276,12,71,101,96,127,69,296,226,89,22,577,393,268,416,174,54,81,115,34,36,46,75,166,785,174,43,244,356,301,2590,8562,4259,306,525,162,117,88,88,115,64,49,1028,55,116,667,44,195,44,592,129,136,81,123,63,74,242,341,325,101,134,88,295,183,90,97,118,539,5,2,56,94,74,42,1965,21,1322,3,59,25,773,88,1035,939,998,5,327,13,28,269,520,10911,533,584,301,143,476,374,29,23,86,2030,997,523,149,3,25,13,1,3,94,233,359,65,502,80,74,396,7481,242,272,15619,143,668,125,667,6794,353,33,2620,7108,100,120,140,47,56,112,30091,138,112,126,69,165,168,3270,8,1478,348,5,3582,937,5,30,812,100,6,905,117,264,29,392,151,2721,492,972,148,123,47,155,109,204,138,4,143,2,273,54,12,16,702,72,66,121,3838,169,1447,778,152,64,137,36,5090,690,1925,1570,1537,134,44,366,8,3763,727,1275,5999,697,2616,177,38,41,527,426,144,96,212,1169,125,7,565,147,5,4,509,524,2,1455,27,3017,5867,4328,1053,4608,562,36,10239,12599,1870,5702,9340,10892,27,16,104,95,28,109,203,50,80,70,898,0.0,0.0,0.0,0.0,0.0,0.0,0.0,0.0,0.0,0.0,0.0,0.0,0.0,0.0,0.0,0.0,0.0,0.0,0.0,0.0,0.0,0.0,0.0,0.0,0.0,0.0,0.0,0.0,0.0,0.0,0.0,0.0,0.0,0.0,0.0,0.0,0.0,0.0,0.0,0.0,0.0,0.0,0.0,0.0,0.0,0.0,0.0,0.0,0.0,0.0,0.0,0.0,0.0,0.0,0.0,0.0,0.0,0.0,0.0,0.0,0.0,0.0,0.0,0.0,0.0,0.0,0.0,0.0,0.0,0.0,0.0,0.0,0.0,0.0,0.0,0.0,0.0,0.0,0.0,0.0,0.0,0.0,0.0,0.0,0.0,0.0,0.0,0.0,0.0,0.0,0.0,0.0,0.0,0.0,0.0,0.0,0.0,0.0,0.0,0.0,0.0,0.0,0.0,0.0,0.0,0.0,0.0,0.0,0.0,0.0,0.0,0.0,0.0,0.0,0.0,0.0,0.0,0.0,0.0,0.0,0.0,0.0,0.0,0.0,0.0,0.0,0.0,0.0,0.0,0.0,0.0,0.0,0.0,0.0,0.0,0.0,0.0,0.0,0.0,0.0,0.0,0.0,0.0,0.0,0.0,0.0,0.0,0.0,0.0,0.0
ENCFF041PAU,0.16280837816766677,86513,579,5763,120012,1352,358394,17766,962,693,896,1152,7455,4931,18610,67404,84902,4998,2029,13774,11537,224,1711,211,266,163,2912,2838,8864,112204,8250,426,134,1256,6107,5640,129,6073,94,10,16599,26090,176,919,68,144,1886,16010,73984,253,2704,3277,4018,771,681,12483,207,953,452,346,1948,4075,2778,41446,7237,1081,773,117,118852,103927,14511,3530,2062,4281,11357,492,4023,1775,2338,2615,779,3167,3697,7384,1249,2014,10312,110,2406,2062,20,3251,360,112,2784,3135,94532,344822,21610,218,60889,82787,7080,70243,3778,1915,9080,2637,3037,61,6594,15138,15879,485,10495,100682,4671,130640,533,2670,3258,15588,1225,211889,3875,14209,6114,1308,4892,719,139,63733,20672,1501,97515,19512,22477,63456,143,9865,14035,3506,6852,164018,1658,587,252,188,98,103,4994,1126,664,21564,9062,1095,8591,119084,8500,1061,3859,5653,3949,6800,7857,7503,13360,119,220,232,2951,77,3955,1702,3142,1927,40,32,1384,1196,3592,29514,15277,88253,6277,58647,79203,31306,104262,37269,65998,845,59439,73222,20279,21569,58991,39589,13371,2263,368,2524,80,1965,3449,269,44,76,110,9009,313,131944,27649,24615,918,512879,89319,10384,64739,73824,2506,1069,86972,42958,147240,7501,91706,201,84072,31,656,1741,43,957,2842,676,10591,6806,135,2174,2301,1745,2836,1282,7439,4365,346,724,14134,7810,4764,6364,4678,969,2199,2378,1352,905,716,821,3601,10655,3381,941,3528,7084,5276,36381,182394,2118,7040,7661,3581,2450,2020,1946,2724,1533,67,23775,1595,3871,12132,836,4451,1546,8976,3592,2994,2031,2883,195,1359,1308,7116,5503,2510,2627,2480,6071,4649,3268,2215,3184,9341,114,258,1288,2286,1067,1024,38673,345,23557,123,657,110,14032,1647,20031,14898,19604,121,6842,149,108,5583,7508,304484,1435,5251,6175,2979,133,6519,225,813,3783,41098,17751,8021,3290,178,763,149,36,88,1919,3713,5879,1937,8568,1974,1604,7859,193663,653,4961,254731,1282,15458,2755,17885,4042,6190,952,688,8652,2457,3319,3401,1222,936,569,17943,3924,2998,3338,1475,3474,3733,55840,68,31886,3313,114,60663,17137,126,972,11580,3251,71,17702,2166,1717,312,10248,3115,68401,6892,942,2168,3328,1770,2269,2645,3788,2011,93,3099,101,4991,406,45,213,421,2275,777,2218,82260,3020,23140,11318,2052,1867,1431,560,76527,200,28702,3382,23192,3050,303,6734,31,64646,11511,21263,84435,7763,74213,428,627,1203,3066,1468,2936,2276,2749,17747,3098,41,479,3194,76,71,8146,7903,33,344,145,59165,83057,71467,17444,70726,9781,852,197336,186819,29981,84211,148356,168118,711,244,2001,1933,827,2477,1514,632,885,1580,15494,0.0,0.0,0.0,0.0,0.0,0.0,0.0,0.0,0.0,0.0,0.0,0.0,0.0,0.0,0.0,0.0,0.0,0.0,0.0,0.0,0.0,0.0,0.0,0.0,0.0,0.0,0.0,0.0,0.0,0.0,0.0,0.0,0.0,0.0,0.0,0.0,0.0,0.0,0.0,0.0,0.0,0.0,0.0,0.0,0.0,0.0,0.0,0.0,0.0,0.0,0.0,0.0,0.0,0.0,0.0,0.0,0.0,0.0,0.0,0.0,0.0,0.0,0.0,0.0,0.0,0.0,0.0,0.0,0.0,0.0,0.0,0.0,0.0,0.0,0.0,0.0,0.0,0.0,0.0,0.0,0.0,0.0,0.0,0.0,0.0,0.0,0.0,0.0,0.0,0.0,0.0,0.0,0.0,0.0,0.0,0.0,0.0,0.0,0.0,0.0,0.0,0.0,0.0,0.0,0.0,0.0,0.0,0.0,0.0,0.0,0.0,0.0,0.0,0.0,0.0,0.0,0.0,0.0,0.0,0.0,0.0,0.0,0.0,0.0,0.0,0.0,0.0,0.0,0.0,0.0,0.0,0.0,0.0,0.0,0.0,0.0,0.0,0.0,0.0,0.0,0.0,0.0,0.0,0.0,0.0,0.0,0.0,0.0,0.0,0.0
ENCFF224IEM,0.22842008656204232,86559,1138,8105,157670,2396,732026,19790,1648,1379,499,2170,15650,9683,51966,77082,191906,8137,2135,30332,13474,315,1502,347,148,270,4550,2271,13291,127030,10162,377,124,1249,10671,10478,73,11510,67,61,22635,25671,188,928,145,245,4055,27093,132696,142,2713,4740,7618,763,471,11206,233,852,578,308,1966,9385,3579,93465,18837,1798,804,1348,226505,136713,11211,6559,4153,6689,10630,490,7295,3188,4322,4957,1114,5291,7385,7902,2565,3112,16396,28,4375,3631,49,2354,906,146,4420,5996,102800,429355,23541,371,59407,94695,12826,79331,7743,3355,8782,2834,3381,67,6143,15117,16024,970,13861,64435,10193,167328,1123,4761,6140,21491,2217,309964,7711,14875,5933,816,4846,434,52,58206,51800,1287,162840,44862,20752,56301,107,16547,31107,6658,9006,280515,1389,386,1077,243,206,112,5072,825,3637,25687,9067,1017,13558,160652,17552,663,7341,4630,5154,7543,10388,9553,12101,102,212,119,5339,68,6483,3255,6372,999,27,49,1706,1261,7211,25461,13838,94696,9435,101112,110227,51954,144779,45999,86654,1664,64966,81967,21231,18898,72120,39659,21342,3524,324,3644,243,2523,5810,281,105,81,190,9780,701,222824,50039,73495,983,754276,156118,13215,112896,158166,2459,1883,155952,84475,291313,15649,101890,509,79472,68,775,4146,385,1703,5477,871,16050,6485,37,3672,3604,2889,5199,2375,14013,7523,235,829,19471,13465,6724,5541,7317,1534,3962,4098,2149,1783,1366,619,5653,20711,5958,1821,5518,12347,10154,46843,394901,1953,11208,7293,5609,4164,3730,3569,5071,2506,86,29035,2848,6216,15251,1832,7242,3122,10967,5904,5442,3079,4978,271,2380,1761,10486,10231,4132,4658,3858,6992,6592,4422,3467,4626,14137,31,35,2222,3965,1185,635,30723,227,19792,38,1154,68,18100,1490,19469,16776,30719,100,7645,243,161,10821,7480,569738,1223,6280,9616,2807,81,12703,213,1040,3222,60624,37349,27085,2914,78,192,195,45,187,3409,3092,5211,4272,9787,2923,2900,9175,302810,1120,7220,248055,2301,18105,5088,32223,3348,10502,1573,702,8816,4073,6406,6552,2177,1602,489,13063,8060,5735,6454,1876,6389,7103,67462,144,41180,4010,74,61222,18141,54,946,13265,4478,111,23291,4095,1754,293,16346,5460,143234,18769,1029,3790,6052,3038,3117,5063,2197,4306,67,1500,160,6510,282,48,262,351,2081,1550,3768,185995,5569,49080,23767,3789,2240,1585,571,61624,155,34179,5225,23996,3259,432,6053,157,89900,15610,30518,113277,24304,138770,664,2127,2471,4500,2772,5494,4058,3968,20476,5638,7,386,5172,50,78,7445,7325,114,256,357,61291,114060,92623,23388,73705,10668,9288,203088,227185,44440,118937,179731,190505,1455,313,3451,3030,1543,4408,1582,728,623,2121,18317,0.0,0.0,0.0,0.0,0.0,0.0,0.0,0.0,0.0,0.0,0.0,0.0,0.0,0.0,0.0,0.0,0.0,0.0,0.0,0.0,0.0,0.0,0.0,0.0,0.0,0.0,0.0,0.0,0.0,0.0,0.0,0.0,0.0,0.0,0.0,0.0,0.0,0.0,0.0,0.0,0.0,0.0,0.0,0.0,0.0,0.0,0.0,0.0,0.0,0.0,0.0,0.0,0.0,0.0,0.0,0.0,0.0,0.0,0.0,0.0,0.0,0.0,0.0,0.0,0.0,0.0,0.0,0.0,0.0,0.0,0.0,0.0,0.0,0.0,0.0,0.0,0.0,0.0,0.0,0.0,0.0,0.0,0.0,0.0,0.0,0.0,0.0,0.0,0.0,0.0,0.0,0.0,0.0,0.0,0.0,0.0,0.0,0.0,0.0,0.0,0.0,0.0,0.0,0.0,0.0,0.0,0.0,0.0,0.0,0.0,0.0,0.0,0.0,0.0,0.0,0.0,0.0,0.0,0.0,0.0,0.0,0.0,0.0,0.0,0.0,0.0,0.0,0.0,0.0,0.0,0.0,0.0,0.0,0.0,0.0,0.0,0.0,0.0,0.0,0.0,0.0,0.0,0.0,0.0,0.0,0.0,0.0,0.0,0.0,0.0
ENCFF528SMK,0.09540486115116532,26971,489,2509,33808,111,27826,7336,216,145,239,598,3473,803,1809,9762,5157,1363,808,2058,4826,128,847,45,129,95,1823,415,3028,7945,3932,166,66,490,2290,2181,39,2597,52,6,8383,11652,184,559,40,88,1046,6711,6539,35,859,1599,1526,409,584,9788,81,415,234,137,869,1631,189,3614,149,202,111,166,24055,34434,8131,1430,622,1673,7974,324,1770,486,736,1109,242,1015,2230,3135,338,676,4137,34,793,596,26,1296,60,10,976,756,5059,137947,9375,113,25942,37267,2486,32234,1880,556,5170,1477,1549,30,3848,8206,8002,114,3744,44429,646,13254,39,202,484,6619,101,13898,1207,5439,2266,614,2341,297,50,34467,2356,117,7961,2146,24442,31807,20,4216,1419,1746,3016,10202,629,167,34,126,70,32,2277,541,719,9248,3830,363,3312,34261,1379,411,1698,1136,852,2252,4673,3987,10297,86,155,50,1251,67,1256,590,2146,432,16,3,507,542,1698,14735,6498,39532,2280,14967,23311,10746,10587,13558,24701,136,26621,31114,10497,9389,26670,18739,6044,796,53,199,50,721,988,109,32,57,44,3723,45,14591,5756,2138,296,234528,28148,3434,19828,7571,1232,756,25991,11185,27840,504,42756,132,40416,15,360,1254,22,239,1150,882,4527,3116,18,725,702,555,1016,429,3194,1873,836,240,5406,3565,1701,3516,1565,348,669,900,370,265,166,780,1237,3163,643,320,1173,3235,2236,6672,12933,240,2899,5001,1182,1324,1032,549,1049,542,262,11252,457,1260,6256,290,2046,454,3689,1339,1262,830,960,462,448,503,2308,2107,833,899,709,2987,1666,1102,648,1197,3499,36,56,387,702,570,326,16111,169,10291,31,258,37,6383,730,8646,6025,6120,14,2828,37,117,464,3872,25993,615,2442,3173,1124,18,2636,87,437,1810,16488,3334,5092,1545,121,964,49,12,34,566,1663,2241,1394,4207,620,337,774,38861,154,1591,122970,433,6423,1083,6647,674,2271,270,87,3014,695,1491,1606,336,292,255,2192,2137,1330,1495,527,1306,1727,23565,27,12724,1354,31,28970,6979,57,446,4564,1939,45,7664,726,1249,208,5064,1168,7170,1394,347,599,1509,486,1090,870,1287,437,25,1032,92,2140,194,64,153,115,169,55,311,9355,214,4160,1705,245,605,608,207,32895,47,12127,1308,11155,1415,121,2645,6,34981,5453,11186,43996,1113,5024,152,185,307,907,524,1330,721,1475,3779,1342,16,167,981,63,20,3578,3742,11,79,188,26242,29817,20387,5908,31185,4520,294,60882,73793,8943,27385,63802,70626,172,108,585,589,156,904,1227,402,438,832,5926,0.0,0.0,0.0,0.0,0.0,0.0,0.0,0.0,0.0,0.0,0.0,0.0,0.0,0.0,0.0,0.0,0.0,0.0,0.0,0.0,0.0,0.0,0.0,0.0,0.0,0.0,0.0,0.0,0.0,0.0,0.0,0.0,0.0,0.0,0.0,0.0,0.0,0.0,0.0,0.0,0.0,0.0,0.0,0.0,0.0,0.0,0.0,0.0,0.0,0.0,0.0,0.0,0.0,0.0,0.0,0.0,0.0,0.0,0.0,0.0,0.0,0.0,0.0,0.0,0.0,0.0,0.0,0.0,0.0,0.0,0.0,0.0,0.0,0.0,0.0,0.0,0.0,0.0,0.0,0.0,0.0,0.0,0.0,0.0,0.0,0.0,0.0,0.0,0.0,0.0,0.0,0.0,0.0,0.0,0.0,0.0,0.0,0.0,0.0,0.0,0.0,0.0,0.0,0.0,0.0,0.0,0.0,0.0,0.0,0.0,0.0,0.0,0.0,0.0,0.0,0.0,0.0,0.0,0.0,0.0,0.0,0.0,0.0,0.0,0.0,0.0,0.0,0.0,0.0,0.0,0.0,0.0,0.0,0.0,0.0,0.0,0.0,0.0,0.0,0.0,0.0,0.0,0.0,0.0,0.0,0.0,0.0,0.0,0.0,0.0
ENCFF000YAT,0.11382163215738746,41712,298,4525,50479,1090,142401,5183,369,589,285,632,4319,5706,11648,20563,44360,4045,464,6898,6407,126,596,73,29,47,903,1219,4266,34172,3397,255,149,546,2261,2112,70,2067,30,22,8167,10520,75,579,87,110,509,7149,26214,136,723,1219,1851,458,275,5618,159,347,399,93,713,1895,551,20610,442,436,325,129,69625,62613,6690,1347,993,1532,4412,311,1545,722,986,1161,331,1346,1418,3673,693,775,4819,19,1156,699,12,998,159,25,1378,1696,35396,180896,9497,142,26514,40535,3030,35307,1320,895,4586,1307,1352,19,2527,6527,6561,154,5475,29697,3531,46218,784,3328,3368,9214,1409,66054,1955,5999,2788,592,2465,321,137,26583,16182,1528,22581,11132,13468,25434,254,5650,4612,1479,3732,54719,488,258,141,106,51,25,2044,229,656,11433,4377,623,3705,51933,4728,406,1412,706,675,3329,3792,3158,4414,261,124,52,1376,24,2359,868,826,197,44,26,784,799,1224,14476,6995,44506,3036,34252,37313,16869,36205,17010,35965,338,32747,38557,10578,8885,22659,18815,5894,1004,218,887,112,644,1238,165,100,29,68,4445,408,46088,15991,15410,224,208228,42924,4717,30736,35163,1006,639,50616,21713,76958,6521,37450,169,37292,63,331,902,293,454,1199,203,4604,2156,41,963,1259,849,1170,619,3040,1702,364,146,5149,3201,2372,2453,1703,441,990,900,529,490,375,461,1574,6289,1771,553,2184,2921,2777,14939,118241,816,2789,2508,1728,984,811,920,1201,733,126,6821,678,1256,5097,462,1900,562,4844,1531,1264,797,1274,309,718,650,3180,3155,1120,1316,1034,2499,1857,1207,1192,1299,5282,20,42,568,868,402,373,13274,76,8655,39,534,184,6921,642,6325,6779,8388,33,2623,174,199,1586,3585,139409,624,1805,2768,1188,66,3517,250,401,744,16215,7974,4469,1272,29,160,96,22,58,919,1597,2475,627,4442,741,725,2371,71150,533,2991,127558,629,5745,1273,6368,1398,2922,394,480,4676,1105,1189,1273,554,631,274,6242,1402,1178,1254,515,1476,1439,25076,56,11296,2379,23,24738,6352,28,269,6679,570,42,8189,1123,2187,296,3645,1418,23080,4307,714,1265,1273,671,1373,1188,1307,812,15,977,33,2004,203,19,154,441,187,945,996,48303,3033,14023,8603,2074,609,669,115,31204,196,15207,2061,11286,1317,388,2885,39,29109,5656,9555,43353,10972,21717,286,141,487,1241,702,1384,993,2049,9846,1233,49,336,1510,11,29,3572,3505,21,323,188,24228,49172,34860,9378,36705,4256,414,89337,99774,16207,49724,75681,83678,336,197,1028,988,325,1098,1041,385,364,651,7474,0.0,0.0,0.0,0.0,0.0,0.0,0.0,0.0,0.0,0.0,0.0,0.0,0.0,0.0,0.0,0.0,0.0,0.0,0.0,0.0,0.0,0.0,0.0,0.0,0.0,0.0,0.0,0.0,0.0,0.0,0.0,0.0,0.0,0.0,0.0,0.0,0.0,0.0,0.0,0.0,0.0,0.0,0.0,0.0,0.0,0.0,0.0,0.0,0.0,0.0,0.0,0.0,0.0,0.0,0.0,0.0,0.0,0.0,0.0,0.0,0.0,0.0,0.0,0.0,0.0,0.0,0.0,0.0,0.0,0.0,0.0,0.0,0.0,0.0,0.0,0.0,0.0,0.0,0.0,0.0,0.0,0.0,0.0,0.0,0.0,0.0,0.0,0.0,0.0,0.0,0.0,0.0,0.0,0.0,0.0,0.0,0.0,0.0,0.0,0.0,0.0,0.0,0.0,0.0,0.0,0.0,0.0,0.0,0.0,0.0,0.0,0.0,0.0,0.0,0.0,0.0,0.0,0.0,0.0,0.0,0.0,0.0,0.0,0.0,0.0,0.0,0.0,0.0,0.0,0.0,0.0,0.0,0.0,0.0,0.0,0.0,0.0,0.0,0.0,0.0,0.0,0.0,0.0,0.0,0.0,0.0,0.0,0.0,0.0,0.0
ENCFF000OJO,0.17323103814393534,151368,1282,10901,61426,1567,246943,22046,575,1837,1338,2750,6910,10451,20293,25216,70608,11111,2651,18974,22860,938,4167,377,597,472,2788,2913,7456,46334,19381,1394,886,2072,3777,3544,89,7645,122,113,24641,54051,296,2956,102,431,2629,18145,29452,403,1839,1612,2344,2649,1667,37034,971,1908,1652,986,4020,4193,657,21781,2937,1585,576,264,139901,185380,38675,2250,1194,3706,60556,1457,2662,969,1514,1769,282,1604,2749,16746,776,803,7601,93,1475,879,191,7721,5692,448,5223,2070,30428,710814,52696,346,140492,183969,7412,158000,2693,1040,27515,7918,8187,83,14038,35533,36358,852,13750,160756,6956,95013,984,4228,4948,38135,1992,93037,2666,27309,13675,4162,15122,2078,721,202059,33321,2204,43880,20800,147620,144908,431,12431,11404,2410,14602,69455,1697,1469,214,721,202,172,11951,2338,2868,39423,27440,3522,15207,55210,4688,2418,2542,4953,4772,11544,18789,16982,29651,276,755,519,1754,148,3477,888,2948,3619,59,0,972,3475,2305,73659,35298,192239,7093,106785,132698,47486,61141,42620,81087,1147,118219,133215,48407,44821,93780,87914,21285,2826,729,3633,124,862,1513,1297,283,188,204,15801,1352,78218,27670,26382,1160,849899,134691,13520,129214,42387,6244,2407,151626,65861,144710,9243,232015,970,233476,303,1330,3398,764,457,1989,1020,9364,10758,116,919,1711,943,1612,736,6550,3441,1112,912,15854,11339,7437,12930,2073,404,1035,1335,661,596,489,2743,1750,16691,2456,620,6187,6216,5063,16674,28420,1885,6292,14934,3320,1747,1426,958,1618,628,1279,31684,996,1600,24690,769,5147,730,13453,1585,2028,777,1714,1261,721,1515,4616,4576,1315,1522,1236,11232,4258,1488,1328,1463,7923,89,101,753,969,3282,486,77532,712,49661,117,2661,432,29339,4427,35116,28254,26762,358,11914,467,998,6156,21118,169726,3522,8691,6980,4602,107,6127,1119,3550,3948,45612,20327,8088,7889,475,1003,641,90,481,1099,5304,11999,1661,13567,879,871,3559,86313,897,4312,567043,1562,27290,1788,13455,4220,6883,576,1060,16183,1289,2322,2575,658,841,1139,16552,2814,2086,2588,1140,2501,3216,113209,378,35826,9484,121,128586,41019,95,1626,22726,3111,420,20341,1394,6083,1695,8614,2362,31205,3734,2538,1373,2602,857,2882,1589,7393,2799,175,4422,292,6309,422,69,1152,1868,1772,2340,3053,52370,4355,13172,12357,2571,1636,4398,1187,196573,314,74969,4961,66273,8093,1140,13655,130,122777,22344,38809,170166,4249,26678,499,1103,776,1871,1567,2422,1089,2635,19904,2296,79,1213,1954,110,256,22117,23630,133,604,1030,121975,144089,92345,24475,162501,19035,5786,229342,357685,39695,146830,262267,348411,965,983,1163,1176,366,1539,7214,1386,2431,2721,25604,0.0,0.0,0.0,0.0,0.0,0.0,0.0,0.0,0.0,0.0,0.0,0.0,0.0,0.0,0.0,0.0,0.0,0.0,0.0,0.0,0.0,0.0,0.0,0.0,0.0,0.0,0.0,0.0,0.0,0.0,0.0,0.0,0.0,0.0,0.0,0.0,0.0,0.0,0.0,0.0,0.0,0.0,0.0,0.0,0.0,0.0,0.0,0.0,0.0,0.0,0.0,0.0,0.0,0.0,0.0,0.0,0.0,0.0,0.0,0.0,0.0,0.0,0.0,0.0,0.0,0.0,0.0,0.0,0.0,0.0,0.0,0.0,0.0,0.0,0.0,0.0,0.0,0.0,0.0,0.0,0.0,0.0,0.0,0.0,0.0,0.0,0.0,0.0,0.0,0.0,0.0,0.0,0.0,0.0,0.0,0.0,0.0,0.0,0.0,0.0,0.0,0.0,0.0,0.0,0.0,0.0,0.0,0.0,0.0,0.0,0.0,0.0,0.0,0.0,0.0,0.0,0.0,0.0,0.0,0.0,0.0,0.0,0.0,0.0,0.0,0.0,0.0,0.0,0.0,0.0,0.0,0.0,0.0,0.0,0.0,0.0,0.0,0.0,0.0,0.0,0.0,0.0,0.0,0.0,0.0,0.0,0.0,0.0,0.0,0.0
ENCFF000YTG,0.07504915243331356,3487,11,116,1104,32,2850,692,16,9,8,45,79,103,183,563,717,105,25,173,239,20,28,3,2,1,29,211,107,573,180,7,11,17,65,66,6,79,2,0,404,438,2,23,0,5,48,199,513,27,37,25,31,15,16,354,7,20,26,8,35,63,5,267,6,9,58,7,1403,1882,346,34,22,72,298,6,62,17,21,28,5,30,43,160,19,14,94,0,26,19,0,48,8,1,49,46,373,6494,443,6,1227,1538,84,1407,78,14,219,68,60,0,118,358,415,7,309,1325,102,842,20,78,61,322,30,1031,49,359,119,28,147,11,14,1297,301,105,383,178,822,1180,21,170,125,58,158,1165,13,28,5,1,2,1,72,21,36,488,208,26,168,1169,104,15,39,84,64,108,297,311,372,1,12,0,28,1,49,16,83,215,4,1,21,34,39,656,287,1848,83,924,1116,552,907,523,956,9,1080,1212,505,394,1069,731,223,34,40,32,1,14,29,11,3,1,4,184,11,956,432,217,12,9492,1422,157,1059,575,51,41,1399,710,1659,168,2207,10,2532,0,14,51,27,8,34,26,118,96,1,24,26,17,17,12,86,56,36,10,148,137,65,188,28,16,10,17,21,17,12,29,34,145,47,12,70,94,68,262,440,119,71,169,47,31,18,16,36,15,14,368,19,24,220,10,50,19,115,23,17,11,28,24,8,21,62,60,27,23,17,123,41,25,24,31,105,1,1,11,13,46,17,688,9,481,0,18,9,253,40,394,317,365,0,93,12,12,43,178,1948,37,128,85,41,8,78,5,10,24,510,223,123,58,2,10,3,0,2,20,58,101,33,156,19,17,37,1383,20,52,4900,11,206,23,192,192,98,10,64,288,28,41,36,21,13,13,939,38,28,43,17,50,36,949,3,370,96,0,1316,325,0,12,288,51,5,229,21,125,11,106,38,357,87,38,22,40,18,32,11,59,22,1,43,3,99,7,5,13,34,21,19,17,1110,65,266,176,42,20,59,9,1710,24,552,93,501,63,10,126,6,1150,243,392,1709,53,344,13,13,6,38,17,43,20,52,254,32,1,15,35,1,2,180,166,0,43,7,956,1386,1053,215,1391,161,10,2274,3188,464,1329,2450,2898,18,11,21,27,9,26,62,9,14,19,268,0.0,0.0,0.0,0.0,0.0,0.0,0.0,0.0,0.0,0.0,0.0,0.0,0.0,0.0,0.0,0.0,0.0,0.0,0.0,0.0,0.0,0.0,0.0,0.0,0.0,0.0,0.0,0.0,0.0,0.0,0.0,0.0,0.0,0.0,0.0,0.0,0.0,0.0,0.0,0.0,0.0,0.0,0.0,0.0,0.0,0.0,0.0,0.0,0.0,0.0,0.0,0.0,0.0,0.0,0.0,0.0,0.0,0.0,0.0,0.0,0.0,0.0,0.0,0.0,0.0,0.0,0.0,0.0,0.0,0.0,0.0,0.0,0.0,0.0,0.0,0.0,0.0,0.0,0.0,0.0,0.0,0.0,0.0,0.0,0.0,0.0,0.0,0.0,0.0,0.0,0.0,0.0,0.0,0.0,0.0,0.0,0.0,0.0,0.0,0.0,0.0,0.0,0.0,0.0,0.0,0.0,0.0,0.0,0.0,0.0,0.0,0.0,0.0,0.0,0.0,0.0,0.0,0.0,0.0,0.0,0.0,0.0,0.0,0.0,0.0,0.0,0.0,0.0,0.0,0.0,0.0,0.0,0.0,0.0,0.0,0.0,0.0,0.0,0.0,0.0,0.0,0.0,0.0,0.0,0.0,0.0,0.0,0.0,0.0,0.0
ENCFF000BMF,0.04989328931365719,8328,34,1003,3885,138,15100,1596,30,102,83,162,555,835,1566,1591,3836,779,169,1032,1462,101,224,21,20,10,176,18,532,4043,1174,84,37,111,481,207,4,527,11,1,2072,3877,23,279,4,1,126,1111,2602,2,107,97,166,179,196,3604,51,111,93,27,230,278,27,1605,94,338,2,9,10013,14138,3228,134,105,212,2297,65,158,68,77,164,23,128,140,1466,109,55,532,3,100,51,9,458,31,0,724,165,1667,50367,3367,25,9490,12948,463,12310,1164,83,2022,659,474,6,1232,3074,2688,11,1530,11260,570,7289,107,580,431,3064,241,5815,219,1865,795,291,1134,145,37,11128,3495,14,2431,1508,7887,10213,2,846,400,156,1092,4353,106,63,18,30,17,12,668,115,186,2752,1541,214,1005,3569,497,158,102,238,287,761,1273,1260,4097,22,103,7,108,5,271,79,2447,7245,0,1,50,259,98,7302,2030,16300,508,8409,10696,3351,5802,3708,6880,47,9667,10262,5525,2783,8288,5255,1559,209,0,186,15,55,89,80,34,7,28,1108,59,5397,2563,1647,27,60844,10231,795,7478,3186,348,1029,9470,4071,10525,835,13808,46,14350,37,124,238,30,30,110,104,789,912,167,65,102,66,87,46,400,217,511,59,846,813,453,1534,122,38,85,84,41,67,41,479,151,1436,182,58,748,504,316,1824,2751,52,425,1796,236,105,43,68,108,71,310,2412,68,96,2074,41,546,61,1108,133,108,54,115,340,73,79,421,380,76,111,82,988,262,88,91,105,637,1,10,48,54,343,27,5071,12,3480,9,185,76,1867,384,2209,1937,1679,4,598,28,168,132,1413,15581,191,576,920,307,4,423,46,50,200,4133,1457,540,420,12,93,43,3,21,92,114,694,83,929,71,69,300,5677,63,381,40449,56,2688,113,760,63,419,56,5,952,88,134,118,68,77,66,208,183,100,132,68,150,172,7659,34,2640,701,7,10351,2361,8,60,2028,149,21,1728,87,881,116,1297,121,1743,414,133,102,154,61,175,63,606,81,17,305,6,479,106,43,61,104,29,163,128,3808,465,1244,1067,261,84,372,13,17128,10,4001,322,4848,369,65,801,1,8867,2803,2557,13433,413,2040,37,15,58,116,66,133,78,425,754,93,37,54,140,2,8,1419,1408,1,12,111,6582,9334,8617,1484,9326,1419,79,17189,24246,3443,9380,19334,22540,66,59,74,96,35,99,732,81,133,147,1562,0.0,0.0,0.0,0.0,0.0,0.0,0.0,0.0,0.0,0.0,0.0,0.0,0.0,0.0,0.0,0.0,0.0,0.0,0.0,0.0,0.0,0.0,0.0,0.0,0.0,0.0,0.0,0.0,0.0,0.0,0.0,0.0,0.0,0.0,0.0,0.0,0.0,0.0,0.0,0.0,0.0,0.0,0.0,0.0,0.0,0.0,0.0,0.0,0.0,0.0,0.0,0.0,0.0,0.0,0.0,0.0,0.0,0.0,0.0,0.0,0.0,0.0,0.0,0.0,0.0,0.0,0.0,0.0,0.0,0.0,0.0,0.0,0.0,0.0,0.0,0.0,0.0,0.0,0.0,0.0,0.0,0.0,0.0,0.0,0.0,0.0,0.0,0.0,0.0,0.0,0.0,0.0,0.0,0.0,0.0,0.0,0.0,0.0,0.0,0.0,0.0,0.0,0.0,0.0,0.0,0.0,0.0,0.0,0.0,0.0,0.0,0.0,0.0,0.0,0.0,0.0,0.0,0.0,0.0,0.0,0.0,0.0,0.0,0.0,0.0,0.0,0.0,0.0,0.0,0.0,0.0,0.0,0.0,0.0,0.0,0.0,0.0,0.0,0.0,0.0,0.0,0.0,0.0,0.0,0.0,0.0,0.0,0.0,0.0,0.0
ENCFF426TGH,0.10827038154271083,211740,123,3855,51709,573,138081,18788,837,717,418,1366,7710,3273,6003,21150,26558,2692,1662,8057,7840,162,1020,123,256,197,2295,14286,6737,26695,5477,218,77,746,4739,4721,54,4712,59,25,11378,13542,238,612,159,42,1166,11802,28510,955,1407,2982,3269,236,523,8360,145,482,459,520,1606,4422,373,11304,342,236,4021,509,48224,78853,7926,2822,1606,3944,8820,111,3094,1466,1693,1895,593,2665,3289,3804,1017,1641,7875,84,1874,1838,49,1673,919,121,4397,1142,10601,199951,10295,272,30338,52554,5980,43997,3424,1692,6049,2801,3418,92,5585,11485,13971,871,8543,46603,1713,43269,168,843,1157,8493,476,70846,2553,8604,3640,611,2697,227,301,37195,5960,6581,17411,7952,16237,34982,490,8640,6684,2773,5299,71771,1018,1060,106,205,138,37,2621,739,1354,15412,4572,516,5526,49933,3067,532,3500,5416,4646,4006,7759,10184,9185,68,170,60,2256,134,2869,1259,2775,910,15,57,1028,677,2950,16132,7744,54816,4523,25136,41647,16800,34042,22246,40611,386,34714,46147,13368,12529,36750,22765,6513,1482,1062,464,62,1561,2671,201,94,90,117,6468,431,50915,11495,10129,617,173773,41112,5326,26036,18831,1620,1081,40094,18888,54292,2738,50185,139,48117,89,321,1752,269,839,2188,522,8810,3240,131,1696,1550,1474,2384,1364,5864,2981,388,313,8896,6195,3205,4770,3912,693,2199,1804,1140,755,551,498,2358,6531,1349,916,2331,6030,4013,10835,69074,12816,5330,5254,2414,1847,1602,1445,2042,1183,214,13432,1428,3917,7731,835,3055,1407,6322,3920,2415,2228,2122,231,1003,801,5710,4075,2173,1869,1896,3667,3537,2571,1365,2384,5662,31,45,984,1999,788,288,15467,216,12010,34,229,129,7263,715,9714,9595,11089,138,3544,337,108,1992,3668,96140,1361,2947,5085,1471,193,4543,386,1329,2082,30114,10068,9174,1997,176,493,325,42,226,1372,1468,2877,1738,8200,1586,1094,2492,79694,399,3803,168609,906,8725,2259,12813,16127,4183,699,1044,9609,1838,2799,2816,763,679,134,132332,3851,2543,2496,864,2439,2899,38023,285,24052,1943,155,43557,10564,55,635,8726,1607,249,12879,1740,1656,401,7639,2356,41955,2136,2267,1799,2585,1567,1524,2133,2339,1188,58,1762,128,4150,403,267,132,995,701,234,1010,34570,1152,9942,4706,764,1109,1542,588,45345,876,16050,2512,12812,2582,77,3393,42,53344,10110,15413,66178,3018,28716,194,638,988,2554,1367,2492,1841,2255,6927,2138,35,181,2328,59,118,3813,3628,45,799,188,34958,46167,36870,9272,39552,5948,536,76480,109670,15608,45176,84795,100113,268,67,1597,1527,720,2014,1106,1051,365,1124,10007,0.0,0.0,0.0,0.0,0.0,0.0,0.0,0.0,0.0,0.0,0.0,0.0,0.0,0.0,0.0,0.0,0.0,0.0,0.0,0.0,0.0,0.0,0.0,0.0,0.0,0.0,0.0,0.0,0.0,0.0,0.0,0.0,0.0,0.0,0.0,0.0,0.0,0.0,0.0,0.0,0.0,0.0,0.0,0.0,0.0,0.0,0.0,0.0,0.0,0.0,0.0,0.0,0.0,0.0,0.0,0.0,0.0,0.0,0.0,0.0,0.0,0.0,0.0,0.0,0.0,0.0,0.0,0.0,0.0,0.0,0.0,0.0,0.0,0.0,0.0,0.0,0.0,0.0,0.0,0.0,0.0,0.0,0.0,0.0,0.0,0.0,0.0,0.0,0.0,0.0,0.0,0.0,0.0,0.0,0.0,0.0,0.0,0.0,0.0,0.0,0.0,0.0,0.0,0.0,0.0,0.0,0.0,0.0,0.0,0.0,0.0,0.0,0.0,0.0,0.0,0.0,0.0,0.0,0.0,0.0,0.0,0.0,0.0,0.0,0.0,0.0,0.0,0.0,0.0,0.0,0.0,0.0,0.0,0.0,0.0,0.0,0.0,0.0,0.0,0.0,0.0,0.0,0.0,0.0,0.0,0.0,0.0,0.0,0.0,0.0
ENCFF000ZJS,0.0920833596015144,28610,75,1399,10903,265,48049,1922,113,122,95,154,1037,999,1838,4516,11354,774,100,1698,2197,27,150,13,7,9,291,1588,1050,5371,924,56,76,135,616,539,50,554,10,6,2391,2699,12,158,7,26,208,1919,5698,165,119,354,467,112,75,2060,44,68,94,29,210,449,155,4329,76,139,410,7,15605,14127,1629,353,246,582,1406,59,383,174,240,310,72,344,365,943,132,190,1111,4,285,175,8,288,67,4,460,378,6192,52003,2820,190,7300,10636,793,9666,887,185,1241,375,456,14,709,1873,1917,17,1339,9206,667,6853,98,538,682,2658,216,9722,454,2218,1311,153,590,136,26,9205,2993,966,5637,2216,3139,6884,218,1353,1024,409,1137,13526,87,336,30,20,10,9,568,58,219,3526,1114,172,984,11039,1045,101,393,154,233,813,1251,1092,1326,7,31,11,323,2,632,177,467,1806,28,11,299,287,352,4088,1814,14702,703,8345,10623,5049,8721,4154,8931,75,9034,10606,4093,2452,6623,6056,1439,319,318,238,55,172,327,34,15,3,5,1254,66,10429,3732,2525,48,55085,12554,1288,7598,7518,292,313,11803,5702,18479,1109,10564,35,10240,21,98,250,25,91,316,74,1219,606,57,214,324,208,317,135,787,471,66,67,1466,835,573,640,404,117,181,252,108,116,79,137,380,1617,388,110,636,821,764,3526,24020,845,753,955,387,270,197,228,320,185,31,2064,160,290,1441,123,537,112,1300,317,322,190,295,135,160,205,776,793,273,302,237,663,505,285,248,331,1467,10,9,148,173,414,116,3698,26,2435,3,158,44,1903,177,1691,2378,2089,6,729,26,39,403,1262,27302,243,536,601,263,118,959,50,55,152,4728,2105,941,313,2,60,28,8,10,237,252,654,173,1058,155,178,446,13963,203,746,34206,191,1756,311,1739,1614,826,91,605,2174,286,329,351,111,123,89,8044,386,308,360,204,353,436,7317,12,2921,627,6,8289,2048,108,65,1876,173,13,2069,245,1389,85,1060,383,6639,976,351,276,357,145,353,304,350,225,8,299,9,616,168,9,44,233,72,138,235,7316,509,2819,1734,347,140,193,49,9179,274,6552,628,3014,299,93,712,6,12641,1683,2876,12563,2053,5143,95,23,126,392,148,362,236,536,1840,348,20,187,379,4,7,974,921,1,323,46,8193,13768,9697,2469,10280,1160,219,24234,30109,4164,13381,21434,24919,69,41,271,214,68,263,409,116,109,162,2206,0.0,0.0,0.0,0.0,0.0,0.0,0.0,0.0,0.0,0.0,0.0,0.0,0.0,0.0,0.0,0.0,0.0,0.0,0.0,0.0,0.0,0.0,0.0,0.0,0.0,0.0,0.0,0.0,0.0,0.0,0.0,0.0,0.0,0.0,0.0,0.0,0.0,0.0,0.0,0.0,0.0,0.0,0.0,0.0,0.0,0.0,0.0,0.0,0.0,0.0,0.0,0.0,0.0,0.0,0.0,0.0,0.0,0.0,0.0,0.0,0.0,0.0,0.0,0.0,0.0,0.0,0.0,0.0,0.0,0.0,0.0,0.0,0.0,0.0,0.0,0.0,0.0,0.0,0.0,0.0,0.0,0.0,0.0,0.0,0.0,0.0,0.0,0.0,0.0,0.0,0.0,0.0,0.0,0.0,0.0,0.0,0.0,0.0,0.0,0.0,0.0,0.0,0.0,0.0,0.0,0.0,0.0,0.0,0.0,0.0,0.0,0.0,0.0,0.0,0.0,0.0,0.0,0.0,0.0,0.0,0.0,0.0,0.0,0.0,0.0,0.0,0.0,0.0,0.0,0.0,0.0,0.0,0.0,0.0,0.0,0.0,0.0,0.0,0.0,0.0,0.0,0.0,0.0,0.0,0.0,0.0,0.0,0.0,0.0,0.0
ENCFF723UTH,0.11591789351112107,44803,271,3676,80156,799,261528,22849,659,424,302,808,6237,2508,10842,27564,48297,2715,749,7274,6668,296,753,99,61,73,1402,180,6280,32277,4635,205,74,698,4758,4593,46,4166,18,9,12222,16234,147,496,77,60,1251,11455,35797,42,1459,2540,3403,437,401,12556,127,403,244,736,816,3263,1007,38699,748,472,102,186,85944,67900,11963,2794,1788,3546,9564,248,3157,1513,1919,2136,606,2601,3070,5755,1042,1719,7971,7,2040,1773,28,1227,218,35,2066,2209,64980,205533,12178,175,31952,50578,5254,44880,3127,1652,6246,2094,2218,21,5639,13387,12812,85,9431,39042,3042,23685,224,1118,1416,8878,534,54791,2734,6872,2657,451,2988,282,69,34280,12645,122,46376,11899,26277,36399,30,7253,6633,2960,5446,86765,263,146,235,98,45,32,2230,519,581,16162,4515,522,6677,84042,6450,343,3145,1537,1386,8804,6304,5594,13718,38,89,27,2488,40,3131,1488,993,1215,25,12,1093,660,2807,18419,6940,51041,4141,33773,43946,19107,53108,24480,46834,433,33641,42284,14284,10624,42291,20331,13919,2326,39,17894,58,1430,2682,139,27,23,90,5170,214,80767,17526,14986,603,384838,49475,5286,30274,55971,1167,859,49278,36311,108909,4400,48759,156,45573,38,500,1454,51,772,2206,345,8764,3863,17,1747,1766,1469,2236,1180,5748,3322,1735,179,9320,5957,2982,6485,3565,795,1955,1846,1052,833,555,1177,2844,6360,1728,952,2475,5690,4391,18647,62250,150,5188,8903,2651,1899,1564,1588,2131,1334,2039,13662,1366,3052,9602,786,3206,1303,6685,3056,2483,1765,2310,1392,1269,960,5573,4827,1952,2106,1882,6740,3339,2470,1735,2458,7385,58,56,1100,1875,1033,674,21581,151,15817,32,415,82,8746,1095,14246,13275,13603,40,3635,68,45,1356,4564,167087,560,2103,5542,1515,26,5195,166,299,1740,24974,11787,7060,1515,82,588,59,13,116,1544,1459,2401,1656,7794,1563,1175,5847,120645,473,3699,186492,987,8462,2269,13247,600,4744,702,80,4245,1893,2619,2615,911,821,237,1432,3393,2328,2632,838,2690,2972,33113,29,23387,1961,143,48240,8885,117,429,14148,1136,47,12316,1774,1324,166,7353,2462,33007,4800,423,1678,2622,1417,1680,2083,2146,1159,34,1264,51,3844,98,39,125,124,675,434,836,66958,1765,15961,6852,1364,943,892,283,35043,71,15396,2449,13243,1632,138,3211,12,45005,9528,13359,69439,3726,60450,329,1299,997,2258,1229,2411,1927,4350,13387,2435,76,172,2567,21,44,4127,4460,4,101,144,29275,51313,44135,10075,35327,4879,2431,105091,111358,18129,47801,85003,92188,411,121,1604,1529,551,2141,1471,505,267,821,8795,0.0,0.0,0.0,0.0,0.0,0.0,0.0,0.0,0.0,0.0,0.0,0.0,0.0,0.0,0.0,0.0,0.0,0.0,0.0,0.0,0.0,0.0,0.0,0.0,0.0,0.0,0.0,0.0,0.0,0.0,0.0,0.0,0.0,0.0,0.0,0.0,0.0,0.0,0.0,0.0,0.0,0.0,0.0,0.0,0.0,0.0,0.0,0.0,0.0,0.0,0.0,0.0,0.0,0.0,0.0,0.0,0.0,0.0,0.0,0.0,0.0,0.0,0.0,0.0,0.0,0.0,0.0,0.0,0.0,0.0,0.0,0.0,0.0,0.0,0.0,0.0,0.0,0.0,0.0,0.0,0.0,0.0,0.0,0.0,0.0,0.0,0.0,0.0,0.0,0.0,0.0,0.0,0.0,0.0,0.0,0.0,0.0,0.0,0.0,0.0,0.0,0.0,0.0,0.0,0.0,0.0,0.0,0.0,0.0,0.0,0.0,0.0,0.0,0.0,0.0,0.0,0.0,0.0,0.0,0.0,0.0,0.0,0.0,0.0,0.0,0.0,0.0,0.0,0.0,0.0,0.0,0.0,0.0,0.0,0.0,0.0,0.0,0.0,0.0,0.0,0.0,0.0,0.0,0.0,0.0,0.0,0.0,0.0,0.0,0.0
ENCFF281CQQ,0.12707597781330462,173223,98,2277,28140,327,72703,10068,439,557,289,675,5136,2017,3688,11200,14589,1947,1051,6165,5287,117,802,75,114,79,1486,12408,3640,13803,3688,157,46,542,2476,2523,27,2655,33,6,7244,9984,146,422,99,16,663,7016,15690,831,1109,1742,1796,214,338,6332,72,399,250,305,1277,3419,249,5982,187,249,3443,461,27503,41003,5607,1586,866,2438,6555,48,1781,821,910,1136,315,1547,1751,2569,562,962,4606,44,1039,1055,28,1050,463,49,1930,614,5499,134284,7739,180,22223,35421,3452,30520,1813,922,4304,1790,2318,57,3747,7530,9068,344,5141,37348,1061,29532,134,593,723,6038,310,47809,1421,5741,2309,487,2219,150,170,31323,4154,4731,12159,5288,14242,29430,436,5014,6167,1458,3742,31860,499,865,76,110,35,11,1927,535,1197,10348,3839,390,3268,26359,1674,286,1912,2333,1859,2677,5685,7188,6917,66,123,37,1330,49,1498,729,568,230,5,11,573,379,1702,11026,5595,37190,2743,16530,26795,10160,18767,13204,24255,157,22928,29260,9006,8791,23705,16197,3459,1014,748,244,45,876,1500,138,48,34,45,4193,212,26438,6756,5705,438,119238,27107,3715,18180,10588,1125,634,26440,11789,32235,1739,38271,120,38493,113,256,1183,103,475,1234,255,5059,2416,79,965,868,835,1279,756,3126,1585,275,206,5424,3642,1888,3266,2165,358,1196,1025,622,351,320,339,1319,3914,806,495,1427,3219,2167,6156,30207,13143,2974,3761,1443,1133,835,833,1105,695,132,6999,756,2107,5356,455,1918,748,4280,2183,1347,1302,1299,337,576,508,3242,2374,1299,1004,1102,2730,2265,1336,797,1436,3349,19,32,550,1058,776,417,12882,325,9036,36,219,167,5465,703,7206,6865,6871,49,2543,245,73,1017,3093,52421,1250,1804,2962,1082,138,2469,163,698,1535,18150,6904,10173,1500,75,182,188,14,87,831,651,1960,1020,4608,787,620,1188,41923,335,2141,112041,504,5743,1276,7317,13711,2378,429,1541,8311,994,1434,1564,469,356,129,119648,2072,1309,1384,523,1314,1507,23887,175,14798,1219,91,29661,7400,20,442,5755,925,150,7769,1002,1291,229,4511,1241,22269,1302,1820,969,1476,866,944,1214,1436,611,38,1212,57,2524,278,259,59,886,280,147,584,17090,668,5493,2898,467,756,995,287,32621,670,10370,1430,9887,1655,59,2408,17,32999,5850,9524,39600,1463,14721,131,231,511,1378,739,1319,1014,1390,3297,1197,15,160,1325,29,56,3097,3097,23,660,103,23843,27687,21802,5685,27388,4248,505,48435,70087,9482,28045,55662,67576,151,64,861,822,420,1179,818,561,244,764,6524,0.0,0.0,0.0,0.0,0.0,0.0,0.0,0.0,0.0,0.0,0.0,0.0,0.0,0.0,0.0,0.0,0.0,0.0,0.0,0.0,0.0,0.0,0.0,0.0,0.0,0.0,0.0,0.0,0.0,0.0,0.0,0.0,0.0,0.0,0.0,0.0,0.0,0.0,0.0,0.0,0.0,0.0,0.0,0.0,0.0,0.0,0.0,0.0,0.0,0.0,0.0,0.0,0.0,0.0,0.0,0.0,0.0,0.0,0.0,0.0,0.0,0.0,0.0,0.0,0.0,0.0,0.0,0.0,0.0,0.0,0.0,0.0,0.0,0.0,0.0,0.0,0.0,0.0,0.0,0.0,0.0,0.0,0.0,0.0,0.0,0.0,0.0,0.0,0.0,0.0,0.0,0.0,0.0,0.0,0.0,0.0,0.0,0.0,0.0,0.0,0.0,0.0,0.0,0.0,0.0,0.0,0.0,0.0,0.0,0.0,0.0,0.0,0.0,0.0,0.0,0.0,0.0,0.0,0.0,0.0,0.0,0.0,0.0,0.0,0.0,0.0,0.0,0.0,0.0,0.0,0.0,0.0,0.0,0.0,0.0,0.0,0.0,0.0,0.0,0.0,0.0,0.0,0.0,0.0,0.0,0.0,0.0,0.0,0.0,0.0
ENCFF258EWB,0.1641258060402079,39777,368,3408,64944,1047,221900,9334,392,783,382,498,4896,5325,18070,32941,74405,3597,716,9570,5686,117,698,81,106,81,1536,1286,5051,47395,3959,172,89,680,3448,3384,44,3297,33,2,9183,11402,84,490,119,73,927,8698,41524,121,796,2322,2504,348,228,5559,138,365,353,171,836,2095,1624,22886,4115,650,391,32,68942,60102,5659,2105,1280,2709,4993,253,2449,1108,1379,1583,483,2001,2085,3412,759,1289,6480,20,1441,1207,28,1101,268,106,1535,1858,45322,180208,10201,140,26697,40100,4202,34066,2217,1177,4467,1516,1604,20,3120,6903,7161,205,5437,33422,4383,77574,431,2059,2254,8291,883,123100,2479,6595,2680,479,2409,238,80,29150,21347,710,46045,17212,11101,26832,78,6267,10839,2112,4056,88660,712,207,293,99,25,59,2330,526,227,10633,4304,406,4688,66206,5474,440,2248,1800,1395,3420,4308,4046,5415,56,120,51,1926,29,2553,1152,1055,67560,22,22,813,607,2071,12934,6296,43818,3472,43038,41728,18299,50363,19197,36035,1245,29391,36972,10146,9240,28874,19736,6688,1208,136,1383,41,1259,1947,143,32,25,58,4326,478,74179,16135,27688,685,301832,52329,5276,33960,49630,1130,469,50468,25906,87292,7015,42342,152,38218,15,322,732,48,527,1593,293,6376,3067,40,1339,1351,1103,1774,859,4391,2438,149,215,7614,4455,2531,3033,2782,623,1319,1469,801,542,424,344,2230,6320,1542,710,2060,3921,3128,21315,74371,1011,4016,3289,2005,1528,1212,1137,1654,1002,48,8767,926,2297,5975,572,2411,961,4987,2403,1968,1337,1716,155,930,768,4190,3555,1478,1668,1405,2961,2585,2017,1263,2034,6099,43,42,713,1307,536,633,15073,245,9405,39,382,68,7160,706,8089,7482,10560,39,3485,48,81,3505,3539,206361,504,2081,3173,1254,51,4025,104,401,1489,23478,12496,3661,1525,18,114,69,35,47,1207,2415,2665,1275,3915,1120,834,5000,135909,365,2952,113491,846,6978,1808,10982,1592,3777,513,260,4001,1438,1805,1975,651,596,265,7312,2357,1770,1927,774,2126,2265,28766,39,17953,1658,56,27777,8081,104,374,6091,990,53,10097,1343,917,139,5452,1856,36681,4852,577,1265,1927,953,1549,1555,1139,1337,24,1045,19,2692,191,38,97,198,1099,846,1345,48727,2186,14996,7735,1311,945,759,352,30237,110,14760,2099,10293,1300,153,2796,23,35103,6702,11535,46393,4178,35926,282,359,715,1644,921,1702,1304,1896,10867,1729,22,220,2038,35,40,3301,3385,22,126,81,28129,45476,37569,9423,36138,4856,433,98943,101374,16761,46148,77559,86294,799,150,1215,1239,422,1613,811,335,193,822,8047,0.0,0.0,0.0,0.0,0.0,0.0,0.0,0.0,0.0,0.0,0.0,0.0,0.0,0.0,0.0,0.0,0.0,0.0,0.0,0.0,0.0,0.0,0.0,0.0,0.0,0.0,0.0,0.0,0.0,0.0,0.0,0.0,0.0,0.0,0.0,0.0,0.0,0.0,0.0,0.0,0.0,0.0,0.0,0.0,0.0,0.0,0.0,0.0,0.0,0.0,0.0,0.0,0.0,0.0,0.0,0.0,0.0,0.0,0.0,0.0,0.0,0.0,0.0,0.0,0.0,0.0,0.0,0.0,0.0,0.0,0.0,0.0,0.0,0.0,0.0,0.0,0.0,0.0,0.0,0.0,0.0,0.0,0.0,0.0,0.0,0.0,0.0,0.0,0.0,0.0,0.0,0.0,0.0,0.0,0.0,0.0,0.0,0.0,0.0,0.0,0.0,0.0,0.0,0.0,0.0,0.0,0.0,0.0,0.0,0.0,0.0,0.0,0.0,0.0,0.0,0.0,0.0,0.0,0.0,0.0,0.0,0.0,0.0,0.0,0.0,0.0,0.0,0.0,0.0,0.0,0.0,0.0,0.0,0.0,0.0,0.0,0.0,0.0,0.0,0.0,0.0,0.0,0.0,0.0,0.0,0.0,0.0,0.0,0.0,0.0
ENCFF000YYF,0.14507370296905084,20745,88,1499,13986,252,36441,2271,107,127,101,246,1318,876,2396,8062,8454,1014,125,1955,2307,51,240,35,29,24,320,534,1149,7280,1131,77,56,143,694,586,27,680,3,8,3125,3249,8,322,6,30,160,1903,6866,110,130,392,516,142,93,1952,37,118,169,50,218,500,97,3809,118,554,167,24,17042,19738,2074,371,281,485,1737,72,399,189,281,352,67,373,389,1156,176,180,1287,5,321,181,3,325,55,11,461,451,6549,61300,3245,36,9198,12945,963,11298,1154,230,1530,479,520,7,827,2475,2507,35,1832,10470,760,10453,166,735,761,2840,329,13678,586,2236,938,225,744,121,36,8448,3724,573,5222,2423,4548,8709,167,1689,1440,416,1274,15826,106,222,36,27,11,6,601,55,209,3970,1475,175,1349,14308,1205,147,379,307,268,1006,1819,1765,1826,18,26,7,338,6,618,228,787,17935,17,10,214,241,335,5391,2295,14201,807,10068,11811,5587,11051,4537,10637,71,8958,10457,3539,3509,7558,5754,1868,298,135,272,41,226,346,36,28,8,24,1585,86,12675,4530,2316,59,67429,14615,1305,9475,7040,313,577,14643,7178,20756,1790,14745,84,14821,25,110,256,73,97,307,84,1342,674,8,294,361,221,366,130,855,494,89,84,1609,969,675,854,478,127,255,294,129,154,79,124,410,1774,523,131,1190,773,736,3169,23439,412,767,1388,461,296,235,216,335,188,41,2103,174,322,1550,136,543,148,1372,445,346,236,323,89,171,197,870,848,300,337,269,913,566,266,293,413,1423,17,10,144,218,176,127,4666,40,3084,12,154,16,1950,216,2200,2491,2839,5,830,51,51,438,1418,29857,167,665,709,377,103,932,72,30,210,6370,2462,1111,420,18,77,30,5,23,259,494,1047,218,1387,215,194,443,17147,170,758,44707,173,2096,362,1720,677,874,108,248,1939,361,290,380,172,156,91,4238,409,342,375,177,439,464,7829,23,3691,733,7,9107,2197,18,76,2459,224,36,2292,292,484,88,1307,371,5743,1120,230,361,399,158,433,329,421,248,7,315,15,619,34,23,42,146,70,186,273,14343,703,3398,2243,483,189,394,79,12378,95,4941,660,3980,405,96,905,8,10988,2352,3219,14389,2185,4785,101,75,134,328,192,376,319,518,2893,371,11,71,440,8,5,1284,1271,3,130,60,7311,13911,10417,2628,11502,2460,118,22710,29316,4904,14096,23757,25928,63,65,317,217,80,294,369,118,117,189,2578,0.0,0.0,0.0,0.0,0.0,0.0,0.0,0.0,0.0,0.0,0.0,0.0,0.0,0.0,0.0,0.0,0.0,0.0,0.0,0.0,0.0,0.0,0.0,0.0,0.0,0.0,0.0,0.0,0.0,0.0,0.0,0.0,0.0,0.0,0.0,0.0,0.0,0.0,0.0,0.0,0.0,0.0,0.0,0.0,0.0,0.0,0.0,0.0,0.0,0.0,0.0,0.0,0.0,0.0,0.0,0.0,0.0,0.0,0.0,0.0,0.0,0.0,0.0,0.0,0.0,0.0,0.0,0.0,0.0,0.0,0.0,0.0,0.0,0.0,0.0,0.0,0.0,0.0,0.0,0.0,0.0,0.0,0.0,0.0,0.0,0.0,0.0,0.0,0.0,0.0,0.0,0.0,0.0,0.0,0.0,0.0,0.0,0.0,0.0,0.0,0.0,0.0,0.0,0.0,0.0,0.0,0.0,0.0,0.0,0.0,0.0,0.0,0.0,0.0,0.0,0.0,0.0,0.0,0.0,0.0,0.0,0.0,0.0,0.0,0.0,0.0,0.0,0.0,0.0,0.0,0.0,0.0,0.0,0.0,0.0,0.0,0.0,0.0,0.0,0.0,0.0,0.0,0.0,0.0,0.0,0.0,0.0,0.0,0.0,0.0
ENCFF629RYZ,0.13367463201253377,1305009,3886,10733,43917,495,65704,7633,412,425,301,739,4671,3747,8863,24586,24449,3620,456,6947,6742,163,776,128,110,79,1365,106312,4464,38110,4135,309,5910,1120,2460,2136,2755,2381,41,73,10694,12661,121,926,173,1628,574,7183,30532,20039,584,1451,1861,496,518,8159,210,343,552,197,748,2142,777,20289,483,921,30874,171,70574,63195,8160,1469,977,24537,6250,317,1663,639,1116,1167,302,1308,1455,4262,576,702,5062,37,1222,690,39,1357,243,49,2164,2051,23096,215295,12132,198,32618,47411,3299,40716,2131,832,5770,2049,2169,31,3741,9352,8954,201,6208,37734,2665,25767,321,1490,2273,10482,611,34092,1984,7306,3388,903,3028,360,135,32476,11435,73003,28179,9187,13516,29454,16909,6294,4071,1664,12197,59512,457,15288,112,122,54,37,2308,237,966,12353,4933,726,5216,47520,5159,495,1496,1623,1874,3824,5016,4403,7438,93,146,45,1409,22,2512,831,2725,1948,2226,21,6293,989,1226,17260,7606,80379,2949,34430,37962,19926,40961,17759,37201,248,34626,41306,14167,10484,29039,22020,9990,1238,27801,1098,246,760,1221,156,92,41,57,5483,320,57334,17057,10124,417,576644,52856,13986,34693,35044,1317,789,54374,27826,85129,3353,48799,256,46555,60,424,1036,267,377,1243,343,5135,2677,55,902,1276,785,1286,546,3066,1872,743,251,5797,3743,2419,3611,1574,536,774,1004,449,469,370,634,1586,7048,1770,492,2355,3184,2879,20628,77693,62594,2885,4246,1661,1165,843,874,1330,783,332,9108,588,1127,6025,478,1997,478,5598,1524,1379,865,1316,503,620,3204,3318,3325,1107,1285,973,2706,1987,1093,1119,1398,5510,42,38,531,811,541,436,16856,202,11313,30,552,215,7017,835,8680,8160,9855,45,3403,115,260,2088,4525,92893,7000,8049,2868,1415,4904,3844,171,181,707,21337,8475,4301,1401,33,228,166,16,30,930,1190,3017,734,4635,654,623,4019,65084,4845,3001,141789,1254,6395,1340,6802,114667,3610,403,47154,116835,1116,1251,1373,481,508,1804,567599,1442,1141,1378,683,1627,1622,29506,96,13674,2672,32,30566,8416,59,308,7503,822,43,8332,1122,2025,283,3992,1479,18101,4916,13057,1125,1417,548,1532,1065,1604,1405,36,1247,22,2325,341,75,142,11579,552,610,1313,39943,1271,13976,6756,1202,631,1130,228,39934,9633,18679,22517,13599,1356,438,3172,59,39047,7443,12860,57523,5840,23349,2585,473,465,7294,3053,1453,1051,2219,12893,1288,50,11944,1434,20,39,4401,4146,31,24409,275,27091,55618,41944,10740,41451,5187,765,82072,116063,19059,54024,85700,96459,251,193,1023,868,282,1233,1721,372,623,779,8245,0.0,0.0,0.0,0.0,0.0,0.0,0.0,0.0,0.0,0.0,0.0,0.0,0.0,0.0,0.0,0.0,0.0,0.0,0.0,0.0,0.0,0.0,0.0,0.0,0.0,0.0,0.0,0.0,0.0,0.0,0.0,0.0,0.0,0.0,0.0,0.0,0.0,0.0,0.0,0.0,0.0,0.0,0.0,0.0,0.0,0.0,0.0,0.0,0.0,0.0,0.0,0.0,0.0,0.0,0.0,0.0,0.0,0.0,0.0,0.0,0.0,0.0,0.0,0.0,0.0,0.0,0.0,0.0,0.0,0.0,0.0,0.0,0.0,0.0,0.0,0.0,0.0,0.0,0.0,0.0,0.0,0.0,0.0,0.0,0.0,0.0,0.0,0.0,0.0,0.0,0.0,0.0,0.0,0.0,0.0,0.0,0.0,0.0,0.0,0.0,0.0,0.0,0.0,0.0,0.0,0.0,0.0,0.0,0.0,0.0,0.0,0.0,0.0,0.0,0.0,0.0,0.0,0.0,0.0,0.0,0.0,0.0,0.0,0.0,0.0,0.0,0.0,0.0,0.0,0.0,0.0,0.0,0.0,0.0,0.0,0.0,0.0,0.0,0.0,0.0,0.0,0.0,0.0,0.0,0.0,0.0,0.0,0.0,0.0,0.0
ENCFF000RSR,0.18031412333690203,12860,44,950,13051,439,54915,1737,91,166,102,144,908,1787,2636,5023,14432,1133,151,1511,1616,49,219,40,15,20,213,407,981,11118,1129,76,63,110,540,465,12,548,8,5,2150,3392,21,206,15,16,166,1874,9750,72,158,312,401,157,102,1935,60,91,120,37,223,424,63,4821,62,205,130,11,14239,12935,2150,295,188,405,1432,98,381,169,240,259,61,308,368,1150,158,172,1040,8,260,180,23,348,69,10,388,378,5164,51062,2878,29,7817,11237,735,9777,337,181,1576,458,504,5,891,2185,2261,48,1343,9248,1138,17155,342,1358,1079,2731,566,24737,446,1745,818,247,841,125,63,8255,4308,244,8112,2502,3602,8287,95,1320,860,339,1122,10037,122,89,50,37,11,16,689,87,120,3185,1296,230,1216,13212,1011,144,343,291,243,862,1139,997,1500,20,64,12,324,8,533,210,233,204,15,3,172,226,261,4303,1983,12765,700,9480,10501,4024,10646,3935,8094,102,7556,8874,3007,2383,6248,4899,1587,240,109,233,14,149,290,62,33,10,14,1112,107,11575,3629,5040,77,52054,10235,1007,7668,8291,357,136,11179,5136,17039,2207,11494,37,11788,12,74,176,33,88,252,98,1070,662,4,178,294,189,294,122,759,446,92,83,1280,861,614,750,385,106,232,211,109,108,83,148,356,1514,368,133,531,675,643,3162,7536,262,680,972,411,249,172,186,281,157,38,2210,170,253,1590,129,461,116,1199,332,312,207,290,78,132,178,718,742,238,252,232,799,464,248,231,276,1163,6,12,110,204,297,83,4180,35,2989,18,194,54,1964,188,2042,2005,1920,7,747,46,53,272,1133,19751,180,580,614,292,22,799,41,70,177,4045,1748,923,455,24,138,47,9,35,198,687,880,141,1192,149,157,449,17653,137,695,35169,158,1775,293,1534,435,724,106,174,1334,242,283,331,170,135,69,2172,344,279,325,160,328,358,7561,28,3013,745,4,7558,1824,17,77,1742,208,24,2036,244,432,94,889,338,8456,993,209,268,315,127,332,248,327,49,3,291,6,527,54,7,65,165,84,326,231,9437,1149,2864,2271,640,201,248,53,10486,65,4255,590,3717,399,104,823,6,8417,1533,2705,12240,516,7293,77,46,138,271,153,330,237,478,2068,269,18,111,301,5,10,1153,1155,0,94,58,6783,11102,8548,1970,9983,1133,74,20177,24863,3542,11430,18220,21842,106,58,205,210,60,254,431,91,156,193,1960,0.0,0.0,0.0,0.0,0.0,0.0,0.0,0.0,0.0,0.0,0.0,0.0,0.0,0.0,0.0,0.0,0.0,0.0,0.0,0.0,0.0,0.0,0.0,0.0,0.0,0.0,0.0,0.0,0.0,0.0,0.0,0.0,0.0,0.0,0.0,0.0,0.0,0.0,0.0,0.0,0.0,0.0,0.0,0.0,0.0,0.0,0.0,0.0,0.0,0.0,0.0,0.0,0.0,0.0,0.0,0.0,0.0,0.0,0.0,0.0,0.0,0.0,0.0,0.0,0.0,0.0,0.0,0.0,0.0,0.0,0.0,0.0,0.0,0.0,0.0,0.0,0.0,0.0,0.0,0.0,0.0,0.0,0.0,0.0,0.0,0.0,0.0,0.0,0.0,0.0,0.0,0.0,0.0,0.0,0.0,0.0,0.0,0.0,0.0,0.0,0.0,0.0,0.0,0.0,0.0,0.0,0.0,0.0,0.0,0.0,0.0,0.0,0.0,0.0,0.0,0.0,0.0,0.0,0.0,0.0,0.0,0.0,0.0,0.0,0.0,0.0,0.0,0.0,0.0,0.0,0.0,0.0,0.0,0.0,0.0,0.0,0.0,0.0,0.0,0.0,0.0,0.0,0.0,0.0,0.0,0.0,0.0,0.0,0.0,0.0
ENCFF000WUF,0.08337761496531239,4103,31,305,3694,76,8130,667,42,54,21,102,334,507,992,1866,2992,418,47,499,523,19,78,9,4,4,139,161,329,1948,386,31,26,57,219,158,3,190,6,5,1013,1098,11,65,1,16,115,544,2049,12,88,89,120,55,44,713,22,32,37,12,113,168,34,1045,40,85,58,17,4347,4401,696,105,53,128,606,22,132,62,88,94,25,82,131,371,48,46,336,2,73,42,3,154,16,4,135,124,1212,15920,1074,10,2961,4109,243,3698,146,58,530,189,192,2,267,750,739,22,455,3256,309,2525,48,217,172,948,115,3209,148,614,264,92,342,41,22,3159,1518,131,2127,929,1239,2690,30,479,283,99,364,3866,63,28,11,22,10,6,222,31,88,994,506,68,446,3625,386,41,119,143,146,318,409,383,590,17,21,5,94,3,183,57,257,515,1,0,52,89,122,1538,705,4201,214,2786,3120,1339,2652,1244,2633,28,2762,3138,1002,886,2424,1884,737,88,33,64,11,66,72,25,6,1,8,381,39,3336,1060,1482,24,25517,3362,348,2866,2380,109,51,3886,1751,5091,489,4457,19,4405,4,30,203,140,23,97,39,295,221,3,52,97,68,85,38,277,144,29,37,437,309,197,280,115,27,68,67,42,36,21,54,102,497,97,36,192,248,211,1302,1854,105,255,359,122,81,73,47,71,53,22,782,42,77,542,37,152,51,352,85,106,51,100,22,40,47,240,229,86,84,59,293,137,75,75,86,295,4,1,39,56,69,15,1355,12,1013,0,61,6,637,79,696,709,684,3,261,11,20,173,361,6258,56,201,220,101,5,248,17,23,67,1427,597,415,157,3,18,7,1,4,64,123,253,93,341,51,47,142,5175,50,204,11829,57,616,97,546,186,217,40,55,447,100,105,119,46,43,22,651,124,111,108,42,107,151,2546,9,950,242,3,2784,691,3,26,628,84,5,654,88,138,34,336,105,1759,302,72,76,121,45,120,69,138,78,1,97,0,213,14,3,14,49,54,72,57,2752,184,901,499,142,53,94,18,3724,12,1469,191,1304,117,34,278,7,3404,624,1078,4613,155,1651,22,43,30,86,46,123,57,143,571,109,4,40,110,5,2,423,435,2,34,27,2516,3644,2773,715,3358,458,75,6780,8517,1177,3849,6287,7825,30,18,80,91,29,83,139,17,54,61,629,0.0,0.0,0.0,0.0,0.0,0.0,0.0,0.0,0.0,0.0,0.0,0.0,0.0,0.0,0.0,0.0,0.0,0.0,0.0,0.0,0.0,0.0,0.0,0.0,0.0,0.0,0.0,0.0,0.0,0.0,0.0,0.0,0.0,0.0,0.0,0.0,0.0,0.0,0.0,0.0,0.0,0.0,0.0,0.0,0.0,0.0,0.0,0.0,0.0,0.0,0.0,0.0,0.0,0.0,0.0,0.0,0.0,0.0,0.0,0.0,0.0,0.0,0.0,0.0,0.0,0.0,0.0,0.0,0.0,0.0,0.0,0.0,0.0,0.0,0.0,0.0,0.0,0.0,0.0,0.0,0.0,0.0,0.0,0.0,0.0,0.0,0.0,0.0,0.0,0.0,0.0,0.0,0.0,0.0,0.0,0.0,0.0,0.0,0.0,0.0,0.0,0.0,0.0,0.0,0.0,0.0,0.0,0.0,0.0,0.0,0.0,0.0,0.0,0.0,0.0,0.0,0.0,0.0,0.0,0.0,0.0,0.0,0.0,0.0,0.0,0.0,0.0,0.0,0.0,0.0,0.0,0.0,0.0,0.0,0.0,0.0,0.0,0.0,0.0,0.0,0.0,0.0,0.0,0.0,0.0,0.0,0.0,0.0,0.0,0.0
ENCFF859IDO,0.09056929615470702,1491087,3832,13915,1034,3,14753,2765,74,460,177,1037,1071,165,759,123,19,1860,1062,2685,8039,236,798,279,8692,43,368,27972,1452,446,3260,1024,4970,1170,710,561,1472,1143,15,0,10800,10299,30,727,4,1423,185,2859,160,9644,263,326,561,496,746,49733,206,352,241,228,759,605,0,8,81,191,3798,2,26599,57171,33937,398,254,25980,6719,371,422,149,291,386,68,355,410,3730,160,180,1590,66,341,182,32,2122,30,0,678,303,151,176876,10728,54,72957,46281,1156,40756,472,258,5222,1781,1740,0,41315,31565,16234,507,8164,95154,211,7743,0,2,317,7079,0,152,402,13139,6578,956,2928,363,74,29514,1655,18596,228,1174,11627,61569,50288,4347,276,471,6455,1724,128,10422,21,103,101,11,1949,213,356,13879,4080,746,2518,1061,545,2399,389,926,866,1862,2805,2429,30530,139,74,34,361,1,642,233,1285,435,807,0,9805,506,362,21312,7759,75153,1407,17209,24573,9769,8318,12729,45886,118,29796,32683,10603,12680,36527,45132,5111,444,963,263,17,181,356,162,86,107,13,4981,8,7491,5238,24,14,325819,21794,4230,22907,953,902,803,25208,10657,18119,114,47441,104,45287,67,187,1373,4,124,337,274,1903,1825,2,217,354,252,330,172,918,530,6564,125,4575,1940,1439,33272,428,133,227,268,157,109,98,1521,408,4316,1507,146,1174,1094,804,1514,406,37222,1191,17812,650,256,256,234,344,203,692,8291,205,298,4468,127,879,129,2890,397,370,202,331,31,179,1879,1133,886,278,473,276,2527,842,238,269,359,1615,401,24,117,240,299,5,34850,50,20309,50,510,22,4553,655,18315,10941,4544,0,2017,140,185,82,3439,12682,1126,7406,8507,1190,231,1040,133,81,670,10889,2922,1128,1157,327,1332,74,0,4,282,46,2226,172,2269,147,164,229,735,3335,812,135662,900,5634,349,2187,30974,1241,121,21086,77626,315,363,364,145,146,426,356671,445,375,389,775,380,441,23648,267,6932,3894,9,77254,6641,3,211,8241,896,40,3938,301,927,340,1860,388,350,230,8913,220,367,130,604,310,1439,83,0,3421,6,1608,382,175,253,7943,730,59,231,1715,33,1783,932,122,138,749,12,57429,2650,28364,1044,11553,976,124,4022,2,30617,4641,8441,69822,681,657,883,8009,118,497,2171,385,282,636,1121,321,28,6251,443,1,0,7930,3666,7,5499,181,18942,32582,32140,4056,29303,3886,188,34339,77543,10524,31490,55185,65325,142,231,281,241,82,306,1302,222,1205,386,7915,0.0,0.0,0.0,0.0,0.0,0.0,0.0,0.0,0.0,0.0,0.0,0.0,0.0,0.0,0.0,0.0,0.0,0.0,0.0,0.0,0.0,0.0,0.0,0.0,0.0,0.0,0.0,0.0,0.0,0.0,0.0,0.0,0.0,0.0,0.0,0.0,0.0,0.0,0.0,0.0,0.0,0.0,0.0,0.0,0.0,0.0,0.0,0.0,0.0,0.0,0.0,0.0,0.0,0.0,0.0,0.0,0.0,0.0,0.0,0.0,0.0,0.0,0.0,0.0,0.0,0.0,0.0,0.0,0.0,0.0,0.0,0.0,0.0,0.0,0.0,0.0,0.0,0.0,0.0,0.0,0.0,0.0,0.0,0.0,0.0,0.0,0.0,0.0,0.0,0.0,0.0,0.0,0.0,0.0,0.0,0.0,0.0,0.0,0.0,0.0,0.0,0.0,0.0,0.0,0.0,0.0,0.0,0.0,0.0,0.0,0.0,0.0,0.0,0.0,0.0,0.0,0.0,0.0,0.0,0.0,0.0,0.0,0.0,0.0,0.0,0.0,0.0,0.0,0.0,0.0,0.0,0.0,0.0,0.0,0.0,0.0,0.0,0.0,0.0,0.0,0.0,0.0,0.0,0.0,0.0,0.0,0.0,0.0,0.0,0.0
ENCFF249VYU,0.17174711784174504,9986,91,822,26080,245,59598,2830,190,132,87,160,1614,904,3649,9346,15449,851,244,2699,1680,31,193,20,31,25,455,188,1711,16322,1159,60,23,197,1229,1162,23,1116,12,2,2604,3249,29,160,15,28,270,2896,14699,15,283,671,896,106,79,1465,47,134,89,58,253,772,516,8693,300,262,75,28,23082,16215,1561,741,448,844,1324,67,753,386,488,587,150,728,704,1107,276,464,2063,7,513,466,4,326,81,11,601,657,16224,54610,3049,56,7792,12265,1414,10608,770,388,1256,407,448,8,933,1869,2081,132,1701,9514,996,20349,114,500,700,2461,238,32644,810,1830,682,127,565,108,19,7829,3709,92,17144,3789,2785,7630,9,1948,2925,790,1151,25105,344,42,85,28,9,21,647,110,118,3147,1054,108,1646,25388,1771,95,720,505,351,1044,1197,1088,1578,5,25,13,643,14,819,434,429,175,4,11,278,173,730,3589,1786,12982,1150,10303,12389,5375,15742,5772,10970,165,8467,10827,2868,2651,8763,5759,2333,434,15,412,24,434,696,39,11,26,41,1219,59,24173,5309,5944,110,80113,16153,1672,10448,15252,323,173,15872,8534,30152,1537,11657,38,10969,9,92,252,14,195,623,79,2152,880,7,428,467,341,635,283,1543,829,38,96,2323,1456,754,883,975,214,485,480,262,194,139,89,725,2304,710,242,677,1393,1153,6699,43062,161,1340,925,633,534,433,433,608,325,15,3018,342,849,1883,190,788,309,1441,809,677,475,624,44,269,226,1424,1178,529,565,531,893,894,650,409,679,1796,8,9,255,489,144,120,3912,31,2408,7,96,13,2183,221,2144,2171,3232,9,931,31,20,986,914,53322,161,655,1096,407,15,1276,38,113,456,7153,3373,1463,446,18,44,19,1,21,418,707,659,405,1205,379,290,891,39921,117,958,34145,285,2205,582,3457,305,1245,182,38,1162,485,635,693,246,220,54,1253,851,625,706,200,706,823,8720,9,5689,499,17,7748,2326,19,119,1725,363,9,3172,491,227,49,1850,644,16859,2103,133,470,746,336,394,598,337,333,12,240,16,846,50,23,35,52,515,165,405,14306,607,5270,2313,464,285,181,80,7762,16,4049,670,3030,440,44,772,6,10996,2079,3552,14486,1982,11975,93,109,245,561,310,590,535,576,3065,619,6,56,686,7,13,993,954,7,35,32,8148,14205,12199,3016,10255,1493,815,25883,29684,5360,14573,22769,25320,147,42,447,429,128,545,192,95,60,218,2220,0.0,0.0,0.0,0.0,0.0,0.0,0.0,0.0,0.0,0.0,0.0,0.0,0.0,0.0,0.0,0.0,0.0,0.0,0.0,0.0,0.0,0.0,0.0,0.0,0.0,0.0,0.0,0.0,0.0,0.0,0.0,0.0,0.0,0.0,0.0,0.0,0.0,0.0,0.0,0.0,0.0,0.0,0.0,0.0,0.0,0.0,0.0,0.0,0.0,0.0,0.0,0.0,0.0,0.0,0.0,0.0,0.0,0.0,0.0,0.0,0.0,0.0,0.0,0.0,0.0,0.0,0.0,0.0,0.0,0.0,0.0,0.0,0.0,0.0,0.0,0.0,0.0,0.0,0.0,0.0,0.0,0.0,0.0,0.0,0.0,0.0,0.0,0.0,0.0,0.0,0.0,0.0,0.0,0.0,0.0,0.0,0.0,0.0,0.0,0.0,0.0,0.0,0.0,0.0,0.0,0.0,0.0,0.0,0.0,0.0,0.0,0.0,0.0,0.0,0.0,0.0,0.0,0.0,0.0,0.0,0.0,0.0,0.0,0.0,0.0,0.0,0.0,0.0,0.0,0.0,0.0,0.0,0.0,0.0,0.0,0.0,0.0,0.0,0.0,0.0,0.0,0.0,0.0,0.0,0.0,0.0,0.0,0.0,0.0,0.0
ENCFF991TGR,0.20971129496122562,189741,804,17942,193554,4325,677827,44696,1383,4534,1905,3187,16740,38952,75528,76109,260069,28369,3401,42188,32240,1043,4910,561,643,736,7014,2434,17716,162469,25129,1758,1025,2805,9810,9463,169,12255,319,96,40605,70827,1042,4821,235,273,4395,33763,133040,341,2872,5668,7332,3462,2283,39367,1340,2494,3226,1354,6621,8969,3536,70442,4596,2786,690,412,286731,315540,44904,5860,3688,6336,33695,1949,6684,2838,4224,4886,1150,5079,6460,23477,2178,2771,18064,127,4763,2454,274,9008,1584,394,8974,6917,95406,1067687,66093,743,174847,246739,15594,214419,6346,3053,34484,10505,10647,211,17192,47525,49310,1075,23584,194658,19958,161865,2632,11272,12323,54630,5092,226784,7177,36132,17032,6012,18202,2158,1120,185739,114176,1809,131698,66027,74504,175687,438,24919,23202,6352,22901,256951,3984,1505,887,838,303,413,14897,3051,3339,58101,29898,4992,25380,194901,17488,3049,6588,10019,11568,17124,25359,22513,32402,705,1081,394,5288,189,9311,3440,3921,2263,125,0,2791,5067,5671,90953,44317,262122,12436,205456,214156,84294,171793,75993,149703,2296,164707,193034,63238,55534,145421,116356,33266,5302,606,4647,217,2792,4781,1346,738,156,1925,21760,3891,275202,63978,114110,1730,1084371,223405,18601,185943,155685,7736,2921,248558,117271,329423,30538,286086,1296,279722,472,3134,4245,995,1484,5250,1317,19621,14331,215,3316,4738,3030,4851,2109,14054,8214,981,1477,26943,17773,12712,18440,6226,1674,3430,3898,1901,1837,1370,3127,5652,34805,6993,1898,10489,12618,11972,51791,105841,1986,13074,18121,7394,4446,3622,3402,4952,2413,677,43744,2544,4373,31693,1990,8787,2121,21856,5396,5553,2970,4761,854,2408,3151,12410,12498,4059,4820,3638,14590,8189,4224,4175,4857,20418,123,254,2175,3260,3773,2439,95671,1402,61649,148,3483,412,40750,4980,42546,39766,39512,349,19149,1372,1398,15179,26071,482401,4139,12504,11813,6647,160,14878,1313,3479,4449,91511,40939,17032,10414,461,1054,1017,138,554,3561,7468,16161,3429,20573,2736,2652,8058,311002,1788,10719,733168,3288,37133,5377,31342,3496,14719,1545,1110,21907,4188,5524,6082,1867,2225,1494,15098,7167,5419,6113,2215,6180,7278,158337,976,59691,13995,450,160657,40769,218,1893,38365,4033,538,36768,4170,7891,1979,17401,6317,97292,15919,4125,3983,6384,2751,6911,4544,8662,4333,285,5620,404,10113,811,476,1338,2631,3286,6369,5002,210470,11268,46023,29954,6822,3179,6284,2097,230082,447,96407,8878,79464,9761,2581,17641,182,208099,38989,62507,270332,8975,100930,1291,1381,1962,4485,2361,6201,3743,7093,41939,5520,309,1280,5354,226,375,26510,29179,133,778,1357,149083,245076,198466,40250,217933,27653,2102,409849,564127,82122,265937,399784,490721,2428,1242,3857,3611,1094,4552,8074,1573,2846,4646,39146,0.0,0.0,0.0,0.0,0.0,0.0,0.0,0.0,0.0,0.0,0.0,0.0,0.0,0.0,0.0,0.0,0.0,0.0,0.0,0.0,0.0,0.0,0.0,0.0,0.0,0.0,0.0,0.0,0.0,0.0,0.0,0.0,0.0,0.0,0.0,0.0,0.0,0.0,0.0,0.0,0.0,0.0,0.0,0.0,0.0,0.0,0.0,0.0,0.0,0.0,0.0,0.0,0.0,0.0,0.0,0.0,0.0,0.0,0.0,0.0,0.0,0.0,0.0,0.0,0.0,0.0,0.0,0.0,0.0,0.0,0.0,0.0,0.0,0.0,0.0,0.0,0.0,0.0,0.0,0.0,0.0,0.0,0.0,0.0,0.0,0.0,0.0,0.0,0.0,0.0,0.0,0.0,0.0,0.0,0.0,0.0,0.0,0.0,0.0,0.0,0.0,0.0,0.0,0.0,0.0,0.0,0.0,0.0,0.0,0.0,0.0,0.0,0.0,0.0,0.0,0.0,0.0,0.0,0.0,0.0,0.0,0.0,0.0,0.0,0.0,0.0,0.0,0.0,0.0,0.0,0.0,0.0,0.0,0.0,0.0,0.0,0.0,0.0,0.0,0.0,0.0,0.0,0.0,0.0,0.0,0.0,0.0,0.0,0.0,0.0
ENCFF982IAW,0.12615443819169764,204792,8166,14115,50938,836,121282,32036,679,934,1188,3289,8894,3596,12584,24596,18670,8375,2121,33371,22227,1136,3716,371,742,550,3388,7943,7285,34066,17701,1216,774,2365,4799,3394,148,6733,193,171,29452,48443,595,3428,69,2959,3160,17270,29356,739,1106,1210,1990,2195,1925,34694,867,1648,1950,1356,3374,5225,825,21594,2579,2303,1968,740,146940,182203,35878,2127,1039,3945,31336,1694,2570,729,1191,1759,227,1322,2773,16210,603,677,7029,163,1204,695,157,6722,1398,369,7106,2127,28912,673190,47894,361,125501,174593,7481,150136,5702,777,26944,8823,10418,158,15882,39024,38828,1663,15359,144126,5017,67043,477,2025,3832,34879,876,67259,2464,27720,13270,5129,13803,1571,496,147274,18460,4481,52425,15183,63946,128954,1207,13284,20800,2383,14336,61008,2788,1918,229,481,182,177,11285,1869,3856,37946,22496,3272,19394,49092,5399,2330,2528,9096,10156,10866,19643,17783,30518,429,749,356,1498,160,3441,757,21165,2251,74,119,1205,4642,2253,70217,30528,184812,5928,86215,120920,48728,61366,46456,76429,972,117959,132936,48859,39823,99959,83082,27767,2607,1380,3846,275,706,1275,958,508,196,304,16109,928,65302,28286,7890,1832,2162527,147641,13685,119736,37473,5610,2921,151262,81013,155713,3927,218803,919,212183,283,1616,3981,1174,372,2095,1290,10110,10880,258,747,1353,715,1306,626,6293,3361,3046,1102,13993,11379,7274,18621,1771,348,900,1166,473,427,420,3309,1507,20919,2872,469,6418,6768,5352,19041,92514,4069,6288,16208,3707,1852,1517,815,1532,598,1658,35612,804,1340,21585,594,4620,622,13257,1331,1897,634,1319,2679,566,2163,4237,4297,1180,1316,1130,9892,3648,1074,1114,1212,8172,192,188,519,839,3013,484,69267,960,47083,101,2256,395,25680,3802,38168,29544,24877,236,12180,456,867,12157,18128,170344,3230,9359,7379,4186,167,7762,1540,4231,4622,57695,34437,11108,6672,176,1126,698,96,269,979,7170,11976,1733,13317,761,782,3055,59959,987,3803,524366,4758,24670,1656,14719,9436,7463,554,2798,20083,1033,2417,2595,645,759,974,39683,2931,1949,2492,1468,2359,3018,109426,436,34947,8920,212,128186,33107,276,1247,25007,3951,246,17913,1172,7694,1452,9013,2079,33730,4182,3141,1279,2588,764,2324,1392,7092,3798,283,4162,136,6536,1315,149,1094,2502,6963,1626,4336,66558,1821,12603,10754,1461,1494,5145,1880,179841,718,68166,4784,57239,7377,1525,13693,262,152395,28933,45518,209360,11123,28808,560,2944,524,1575,5141,2813,998,3416,27869,2285,107,2688,1298,355,321,19794,18963,224,2069,818,109031,152985,96137,26891,151135,16751,3268,217845,364895,42342,146870,263049,332275,787,668,991,937,401,1224,7739,1171,2150,2788,25213,0.0,0.0,0.0,0.0,0.0,0.0,0.0,0.0,0.0,0.0,0.0,0.0,0.0,0.0,0.0,0.0,0.0,0.0,0.0,0.0,0.0,0.0,0.0,0.0,0.0,0.0,0.0,0.0,0.0,0.0,0.0,0.0,0.0,0.0,0.0,0.0,0.0,0.0,0.0,0.0,0.0,0.0,0.0,0.0,0.0,0.0,0.0,0.0,0.0,0.0,0.0,0.0,0.0,0.0,0.0,0.0,0.0,0.0,0.0,0.0,0.0,0.0,0.0,0.0,0.0,0.0,0.0,0.0,0.0,0.0,0.0,0.0,0.0,0.0,0.0,0.0,0.0,0.0,0.0,0.0,0.0,0.0,0.0,0.0,0.0,0.0,0.0,0.0,0.0,0.0,0.0,0.0,0.0,0.0,0.0,0.0,0.0,0.0,0.0,0.0,0.0,0.0,0.0,0.0,0.0,0.0,0.0,0.0,0.0,0.0,0.0,0.0,0.0,0.0,0.0,0.0,0.0,0.0,0.0,0.0,0.0,0.0,0.0,0.0,0.0,0.0,0.0,0.0,0.0,0.0,0.0,0.0,0.0,0.0,0.0,0.0,0.0,0.0,0.0,0.0,0.0,0.0,0.0,0.0,0.0,0.0,0.0,0.0,0.0,0.0
ENCFF000ZQZ,0.06628990079371441,3319,12,209,2304,55,4178,305,20,38,19,28,154,345,619,1038,1887,261,27,368,277,13,42,6,0,4,48,109,195,2246,217,22,11,22,96,86,5,102,1,1,389,651,3,36,2,5,39,290,1859,22,58,56,65,31,13,388,10,25,30,7,41,71,64,939,18,22,37,2,2895,2871,459,51,28,83,374,15,55,40,35,54,11,47,52,222,28,23,166,5,32,22,1,83,12,3,70,82,901,9592,597,7,1680,2280,135,2025,52,34,318,99,105,3,149,425,429,8,280,1849,199,2030,40,171,131,480,83,3121,65,381,172,44,189,25,9,1891,1026,87,1334,570,695,1653,16,187,271,70,200,1852,24,36,5,8,4,5,120,15,31,514,293,39,211,2247,223,24,64,90,62,199,285,240,326,3,17,3,52,1,81,32,162,79,3,0,32,59,59,917,404,2653,128,1825,2034,826,1874,738,1432,11,1561,1881,657,547,1343,1052,382,31,28,54,3,28,55,10,7,1,4,203,27,2040,708,956,15,12579,2047,208,1600,1707,79,35,2295,1064,3467,355,2508,7,2540,3,17,46,7,10,38,16,173,136,5,31,49,33,49,20,123,76,19,11,250,176,100,157,63,20,35,41,24,18,18,34,49,281,60,20,85,141,104,769,1297,65,147,239,77,40,32,25,54,30,12,431,15,43,352,12,82,24,208,56,53,24,50,9,26,29,159,119,53,47,36,159,68,31,45,47,176,1,3,20,29,34,17,821,8,575,2,33,11,371,62,364,342,397,0,159,8,15,83,217,4397,20,114,118,70,5,114,16,14,41,696,450,160,69,5,10,8,3,4,41,72,129,28,196,34,28,82,3442,35,115,7094,26,320,45,273,109,140,15,68,298,52,49,52,33,22,18,761,59,58,63,15,71,57,1404,6,565,148,4,1587,411,5,20,309,39,9,368,38,92,19,142,63,980,200,60,50,43,22,68,35,67,26,1,58,3,103,13,2,12,40,38,63,50,2963,176,561,403,105,26,56,20,2347,16,862,107,697,80,23,179,4,1633,321,529,2359,80,918,19,20,20,47,36,65,32,71,397,42,2,35,73,1,3,260,253,0,23,12,1395,2169,1572,389,1981,274,38,4111,5030,731,2245,3681,4536,20,19,41,45,9,42,92,15,22,50,373,0.0,0.0,0.0,0.0,0.0,0.0,0.0,0.0,0.0,0.0,0.0,0.0,0.0,0.0,0.0,0.0,0.0,0.0,0.0,0.0,0.0,0.0,0.0,0.0,0.0,0.0,0.0,0.0,0.0,0.0,0.0,0.0,0.0,0.0,0.0,0.0,0.0,0.0,0.0,0.0,0.0,0.0,0.0,0.0,0.0,0.0,0.0,0.0,0.0,0.0,0.0,0.0,0.0,0.0,0.0,0.0,0.0,0.0,0.0,0.0,0.0,0.0,0.0,0.0,0.0,0.0,0.0,0.0,0.0,0.0,0.0,0.0,0.0,0.0,0.0,0.0,0.0,0.0,0.0,0.0,0.0,0.0,0.0,0.0,0.0,0.0,0.0,0.0,0.0,0.0,0.0,0.0,0.0,0.0,0.0,0.0,0.0,0.0,0.0,0.0,0.0,0.0,0.0,0.0,0.0,0.0,0.0,0.0,0.0,0.0,0.0,0.0,0.0,0.0,0.0,0.0,0.0,0.0,0.0,0.0,0.0,0.0,0.0,0.0,0.0,0.0,0.0,0.0,0.0,0.0,0.0,0.0,0.0,0.0,0.0,0.0,0.0,0.0,0.0,0.0,0.0,0.0,0.0,0.0,0.0,0.0,0.0,0.0,0.0,0.0
ENCFF001YXI,0.1665626005766464,79126,288,4004,35869,906,91157,6737,341,485,283,879,4311,4496,11012,19948,27123,3970,495,6969,6521,180,763,80,50,59,914,4072,3906,50020,3801,282,308,543,2097,1967,142,2188,20,44,9900,11923,86,700,53,96,699,6736,25419,525,587,1334,1753,492,339,7130,156,371,430,153,822,1904,405,16959,676,618,1209,199,59814,59144,8536,1250,833,1902,7204,418,1419,585,985,1052,290,1174,1331,3927,576,660,4500,18,1022,586,17,1274,236,34,1763,1630,23579,186810,10695,141,29622,42802,2932,36921,1313,728,5615,1745,1946,25,3065,7795,7876,126,5086,41411,3419,51751,816,3116,2943,9686,1319,72374,1727,6915,3212,812,2797,413,185,30552,15078,3667,27425,10184,15241,29833,703,5431,4827,1393,4147,58747,467,843,118,131,33,48,2540,359,851,11499,4873,740,5183,38664,4087,483,1362,1473,1193,3486,5101,4738,5620,79,186,72,1225,55,2201,748,1192,248,116,35,870,923,1136,17324,7966,50308,2837,34926,38876,18128,46853,16186,33733,310,31127,37414,12208,10192,26677,21330,7011,1032,933,1006,92,611,1086,217,112,45,178,4816,433,68755,15839,14369,525,222747,45080,4855,32545,30896,1180,660,48160,22362,69908,5614,47521,194,45818,56,344,1050,419,360,1172,259,4482,2327,35,788,1096,679,1059,515,2853,1692,329,245,5346,3404,2308,3268,1371,422,786,896,430,395,315,548,1296,6499,1547,460,1950,2777,2571,11962,49080,2860,2669,3259,1483,971,741,797,1164,655,169,8480,579,999,5945,375,1745,482,4651,1319,1195,734,1091,246,575,733,2867,2938,1009,1087,826,2564,1869,859,952,1223,4646,20,36,479,753,535,342,15171,142,10247,18,521,103,6939,801,7705,7250,8451,25,2860,149,211,2027,4003,87000,842,2587,2471,1205,230,3274,254,226,730,17342,8376,4557,1458,53,266,151,19,58,800,1455,2599,714,4248,620,561,1520,51124,605,2573,132009,665,6207,1156,6276,4565,2952,368,2015,7807,962,1155,1299,487,505,343,22818,1445,1055,1234,521,1372,1500,26993,101,11682,2457,25,27981,8192,58,310,7396,925,77,7904,988,1571,337,3625,1314,26103,4401,1138,901,1276,565,1418,989,1623,1137,36,1418,60,1938,167,31,224,877,370,874,1053,27013,2686,11131,7334,1725,653,940,178,36722,456,15450,2392,12930,1634,340,3025,68,31797,6060,10399,48191,4600,20635,317,247,438,1246,599,1327,952,1747,9103,1155,50,542,1282,49,38,4333,4269,20,731,194,26560,48186,35036,9177,38829,4484,353,84800,102136,16095,48460,75246,87141,344,190,873,838,238,1046,1334,295,424,768,7674,0.0,0.0,0.0,0.0,0.0,0.0,0.0,0.0,0.0,0.0,0.0,0.0,0.0,0.0,0.0,0.0,0.0,0.0,0.0,0.0,0.0,0.0,0.0,0.0,0.0,0.0,0.0,0.0,0.0,0.0,0.0,0.0,0.0,0.0,0.0,0.0,0.0,0.0,0.0,0.0,0.0,0.0,0.0,0.0,0.0,0.0,0.0,0.0,0.0,0.0,0.0,0.0,0.0,0.0,0.0,0.0,0.0,0.0,0.0,0.0,0.0,0.0,0.0,0.0,0.0,0.0,0.0,0.0,0.0,0.0,0.0,0.0,0.0,0.0,0.0,0.0,0.0,0.0,0.0,0.0,0.0,0.0,0.0,0.0,0.0,0.0,0.0,0.0,0.0,0.0,0.0,0.0,0.0,0.0,0.0,0.0,0.0,0.0,0.0,0.0,0.0,0.0,0.0,0.0,0.0,0.0,0.0,0.0,0.0,0.0,0.0,0.0,0.0,0.0,0.0,0.0,0.0,0.0,0.0,0.0,0.0,0.0,0.0,0.0,0.0,0.0,0.0,0.0,0.0,0.0,0.0,0.0,0.0,0.0,0.0,0.0,0.0,0.0,0.0,0.0,0.0,0.0,0.0,0.0,0.0,0.0,0.0,0.0,0.0,0.0
ENCFF837CJW,0.1718469206110219,143962,147,2985,24900,402,103233,11271,284,442,498,1187,3577,1574,3835,13046,16656,3035,931,4801,7743,310,1218,98,157,109,1574,9392,3734,15590,6281,392,192,595,2117,1921,63,2897,22,31,12032,16510,48,834,20,36,964,7015,10775,1005,1199,1065,1421,678,610,10720,235,562,883,227,1552,1922,74,3254,211,291,2685,207,34861,56499,12003,1183,630,2780,13615,475,1415,632,764,919,196,1078,1487,5067,468,618,3809,21,810,657,22,1743,211,50,1292,878,6557,216727,14491,169,39970,52007,2643,45610,1453,623,7952,2196,2225,35,4712,12080,12542,270,6988,52151,1369,25582,153,769,1032,10281,348,27375,1202,9858,4222,867,3996,576,183,47347,5166,5844,9041,4192,33751,44889,829,5159,2841,1402,6118,20747,535,1331,88,135,45,60,3637,468,872,15539,6774,822,5157,24578,2291,672,1326,1979,1387,3769,6740,6961,10427,91,195,96,1036,180,1569,596,1950,1242,65,0,663,1088,1239,20734,9848,62392,2690,29129,40802,16750,22762,16625,31524,428,35225,41348,17565,13186,33681,26634,7050,1060,1869,758,75,561,1004,223,64,35,156,6213,160,24390,10706,4024,387,212210,48869,5083,34301,8743,1911,1036,42114,19656,43979,2806,70361,199,76663,62,539,1518,189,314,1070,472,4624,4398,45,645,892,552,898,446,2869,1749,761,314,6691,4174,2670,5180,1343,287,788,765,396,348,267,707,1138,4999,1029,369,1931,2868,2294,6412,8622,5620,2843,5259,1578,881,654,602,903,502,222,11948,576,1049,7089,339,2127,507,4936,1086,1086,552,1034,439,466,654,2766,2091,723,956,825,3331,1871,1060,773,1005,4176,46,87,448,672,931,551,25713,437,15172,48,609,194,9720,1446,12324,10624,11023,33,4314,219,184,2141,6767,49096,1496,3592,2606,1572,447,2849,322,478,1651,19055,6716,5527,2394,280,371,139,14,70,591,2252,3781,829,4983,571,608,995,29867,862,2183,170878,481,8773,914,6417,10267,2618,339,3082,11065,818,1192,1306,363,446,510,56881,1541,970,1294,565,1313,1425,34580,101,14479,2750,63,42636,10952,38,431,8879,1630,127,8219,784,3112,370,4046,1179,11122,1833,1853,785,1274,545,1363,898,2516,873,61,1392,71,2771,179,107,339,1276,657,290,512,25931,957,6613,3874,685,739,1253,519,58168,447,21450,2566,18442,2371,349,4693,55,41626,7668,14097,60295,1538,9815,215,431,402,1306,483,1206,771,1471,8797,1123,14,644,1136,74,57,6154,6757,25,1454,312,38427,41828,31504,7754,46843,5640,542,69274,104150,13469,42725,79872,102247,233,192,700,676,233,814,1799,592,566,1108,9719,0.0,0.0,0.0,0.0,0.0,0.0,0.0,0.0,0.0,0.0,0.0,0.0,0.0,0.0,0.0,0.0,0.0,0.0,0.0,0.0,0.0,0.0,0.0,0.0,0.0,0.0,0.0,0.0,0.0,0.0,0.0,0.0,0.0,0.0,0.0,0.0,0.0,0.0,0.0,0.0,0.0,0.0,0.0,0.0,0.0,0.0,0.0,0.0,0.0,0.0,0.0,0.0,0.0,0.0,0.0,0.0,0.0,0.0,0.0,0.0,0.0,0.0,0.0,0.0,0.0,0.0,0.0,0.0,0.0,0.0,0.0,0.0,0.0,0.0,0.0,0.0,0.0,0.0,0.0,0.0,0.0,0.0,0.0,0.0,0.0,0.0,0.0,0.0,0.0,0.0,0.0,0.0,0.0,0.0,0.0,0.0,0.0,0.0,0.0,0.0,0.0,0.0,0.0,0.0,0.0,0.0,0.0,0.0,0.0,0.0,0.0,0.0,0.0,0.0,0.0,0.0,0.0,0.0,0.0,0.0,0.0,0.0,0.0,0.0,0.0,0.0,0.0,0.0,0.0,0.0,0.0,0.0,0.0,0.0,0.0,0.0,0.0,0.0,0.0,0.0,0.0,0.0,0.0,0.0,0.0,0.0,0.0,0.0,0.0,0.0
ENCFF781NZZ,0.08436951766016194,356943,3716,10594,87455,1174,140831,17924,565,970,768,2008,8403,7851,19143,36166,42552,8220,1226,15383,15376,548,1919,261,178,217,2768,24950,8437,57204,10085,720,1586,1593,4525,4262,764,5184,104,249,23253,29295,185,2097,147,1082,1615,15269,60234,3650,1262,2706,3531,1213,1082,18525,425,898,1268,497,1959,4217,1545,28062,1188,2590,6261,392,128436,161102,19890,2853,1645,7924,15093,837,3071,1254,1914,2318,610,2458,2927,9777,1033,1297,9621,51,2137,1199,55,3434,880,120,4724,3326,51914,468560,29527,525,79366,111762,6644,97102,3834,1524,14553,4847,5180,69,9108,21725,21074,687,13153,91377,5626,61833,860,3786,4682,23810,1607,78066,3685,17208,8267,2703,7402,1182,267,83796,25253,15286,55504,18503,34568,74745,4438,12096,9132,3270,12342,101836,1944,3859,261,301,105,111,5786,718,2130,27551,12974,1800,12818,87224,8892,1127,2913,3428,3373,7617,11418,10092,16708,194,305,200,2600,62,4626,1466,4955,156456,707,84,2729,2426,2786,43771,19185,128693,6292,75216,88846,40593,73632,36567,73649,601,78525,90541,37857,24639,68475,50817,20521,2576,4881,2367,653,1353,2223,421,174,171,240,11263,822,95179,31396,20730,1342,872656,105581,12914,76894,55256,3407,2520,112917,55324,152556,7526,125584,572,119470,92,992,2791,645,663,2439,693,9735,6185,83,1523,2275,1477,2296,1025,6621,3783,1233,708,12189,8003,5575,8436,2916,792,1570,1799,814,782,630,1628,2812,15629,3250,850,5043,6711,5779,34215,115381,15217,6222,10046,3355,2160,1760,1508,2322,1349,607,23742,1155,1986,13870,862,4374,888,11101,2653,2628,1506,2298,1075,1081,2070,6099,6006,1993,2477,1826,6403,3826,1900,1912,2461,10511,76,117,962,1505,1252,983,39108,506,26203,50,1455,258,17322,2061,20451,19999,20235,33,7328,250,446,5663,11350,184716,2768,7079,6093,3039,1504,7582,581,731,2141,44713,18838,8493,3552,190,920,372,19,74,1627,4810,7468,1628,10260,1221,1174,4125,119222,1912,5413,338857,1852,16389,2593,14586,26588,7078,675,10746,35494,1976,2505,2803,950,1025,923,125854,3038,2322,2866,1177,3003,3399,70811,194,27330,6178,139,72461,21302,153,780,16378,2493,87,16922,1892,4612,790,8256,2902,57918,9030,4148,2106,2799,1027,2920,2112,3787,2368,117,3136,113,6334,546,267,453,3325,1745,1473,2405,60160,3459,24840,12870,2484,1270,2560,560,98757,2399,43267,8191,33191,3649,1025,7661,107,93306,18219,29763,130111,10214,41654,1052,1025,912,3781,3312,2910,1737,4095,23720,2473,74,3097,2552,79,124,10602,10804,72,5211,520,67432,121164,84041,22597,98728,12371,2608,179674,259526,37748,113850,195054,226534,646,505,1857,1641,492,2143,3748,895,1384,1953,18451,0.0,0.0,0.0,0.0,0.0,0.0,0.0,0.0,0.0,0.0,0.0,0.0,0.0,0.0,0.0,0.0,0.0,0.0,0.0,0.0,0.0,0.0,0.0,0.0,0.0,0.0,0.0,0.0,0.0,0.0,0.0,0.0,0.0,0.0,0.0,0.0,0.0,0.0,0.0,0.0,0.0,0.0,0.0,0.0,0.0,0.0,0.0,0.0,0.0,0.0,0.0,0.0,0.0,0.0,0.0,0.0,0.0,0.0,0.0,0.0,0.0,0.0,0.0,0.0,0.0,0.0,0.0,0.0,0.0,0.0,0.0,0.0,0.0,0.0,0.0,0.0,0.0,0.0,0.0,0.0,0.0,0.0,0.0,0.0,0.0,0.0,0.0,0.0,0.0,0.0,0.0,0.0,0.0,0.0,0.0,0.0,0.0,0.0,0.0,0.0,0.0,0.0,0.0,0.0,0.0,0.0,0.0,0.0,0.0,0.0,0.0,0.0,0.0,0.0,0.0,0.0,0.0,0.0,0.0,0.0,0.0,0.0,0.0,0.0,0.0,0.0,0.0,0.0,0.0,0.0,0.0,0.0,0.0,0.0,0.0,0.0,0.0,0.0,0.0,0.0,0.0,0.0,0.0,0.0,0.0,0.0,0.0,0.0,0.0,0.0
ENCFF000YEU,0.15927167881363996,67580,414,3765,38057,930,130641,7166,264,428,349,1034,3468,2944,7038,22304,29739,3134,422,5581,8101,190,758,104,59,53,1326,2598,3467,20777,3947,275,198,516,2003,1705,83,2022,20,31,8727,11612,33,585,21,127,653,5855,18179,314,520,1064,1484,493,314,7500,174,376,599,134,768,1667,245,9249,302,257,783,73,44316,56297,7780,1107,736,1642,5685,306,1304,522,798,958,218,1090,1226,3875,444,581,3787,13,953,503,16,1179,112,14,1046,1231,16843,187137,11344,172,31674,42823,2684,37149,1242,671,5475,1626,1907,29,2925,8499,8808,94,6006,36276,2482,35000,642,2541,2414,9398,1030,45045,1518,8761,4094,684,2895,356,161,31359,9157,1685,13635,6865,15903,30462,416,4970,2831,1300,4234,39469,379,518,112,92,30,26,2343,258,581,14767,5218,740,4474,39087,3207,429,1115,1028,828,3234,5816,5693,6318,71,111,38,1055,15,1869,670,888,324,52,11,623,703,1021,16309,7603,48920,2516,29210,36008,16716,29460,14090,30084,273,29044,34465,13133,10234,25581,20393,5852,940,619,951,75,549,957,177,57,16,92,6703,234,33808,12948,7400,164,230703,42441,4046,29562,18328,1134,956,41596,22142,59105,5936,52231,272,53605,57,431,1194,116,307,1007,314,4078,2377,30,755,991,621,999,496,2538,1535,424,196,5009,3079,2264,2987,1220,355,711,757,354,373,254,504,1125,5312,1445,394,1728,2405,2237,8453,30239,1758,2500,3436,1437,876,633,723,1022,552,129,8018,542,835,5388,387,1615,430,4388,1205,1002,620,920,377,494,694,2565,2439,887,934,786,2885,1593,811,873,1101,4274,35,55,432,656,547,370,16686,155,10854,26,583,80,6920,831,8049,8309,9078,17,2647,98,183,1501,4428,74686,763,2428,2375,1102,151,2960,189,164,770,16474,7108,3308,1489,46,253,110,18,30,699,1467,2811,568,4427,501,544,1266,45796,431,2386,138732,582,6063,1009,5268,2767,2753,301,926,5895,833,1065,1047,386,442,299,13877,1238,998,1167,687,1236,1317,25966,82,10991,2240,26,31915,7771,47,306,8126,874,47,7052,866,1762,336,3222,1166,15232,3059,885,790,1096,452,1196,932,1718,802,16,1202,39,2270,113,86,205,635,264,640,626,39257,2498,9448,6415,1496,559,879,254,38990,322,17216,2163,13979,1362,364,3267,24,32663,5820,11551,48013,3084,12985,297,233,384,1017,555,1151,731,1534,7989,1074,48,321,1038,15,24,4208,4407,12,573,203,25805,42972,31774,7741,37831,4105,400,68806,91602,14389,43799,69140,84841,258,178,831,772,227,918,1268,373,444,682,9243,0.0,0.0,0.0,0.0,0.0,0.0,0.0,0.0,0.0,0.0,0.0,0.0,0.0,0.0,0.0,0.0,0.0,0.0,0.0,0.0,0.0,0.0,0.0,0.0,0.0,0.0,0.0,0.0,0.0,0.0,0.0,0.0,0.0,0.0,0.0,0.0,0.0,0.0,0.0,0.0,0.0,0.0,0.0,0.0,0.0,0.0,0.0,0.0,0.0,0.0,0.0,0.0,0.0,0.0,0.0,0.0,0.0,0.0,0.0,0.0,0.0,0.0,0.0,0.0,0.0,0.0,0.0,0.0,0.0,0.0,0.0,0.0,0.0,0.0,0.0,0.0,0.0,0.0,0.0,0.0,0.0,0.0,0.0,0.0,0.0,0.0,0.0,0.0,0.0,0.0,0.0,0.0,0.0,0.0,0.0,0.0,0.0,0.0,0.0,0.0,0.0,0.0,0.0,0.0,0.0,0.0,0.0,0.0,0.0,0.0,0.0,0.0,0.0,0.0,0.0,0.0,0.0,0.0,0.0,0.0,0.0,0.0,0.0,0.0,0.0,0.0,0.0,0.0,0.0,0.0,0.0,0.0,0.0,0.0,0.0,0.0,0.0,0.0,0.0,0.0,0.0,0.0,0.0,0.0,0.0,0.0,0.0,0.0,0.0,0.0
ENCFF907KLE,0.5203490941217972,39475816,864818,38539,2177,9,17908,6901,149,375,163,24031,920,1078,688,146,359,6199,2558,6800,7964,249,1613,310,1264,4,764,1800723,1351,429,7960,409,9151,1101,451,424,390,793,0,0,25038,16081,48,364,97,48183,302,5258,299,154080,1681,185,246,461,335,261867,39,357,114,50,5001,453,6,129,52,21,244623,3,34783,181292,49525,230,152,27995,20198,284,486,126,192,167,26,305,397,3767,81,106,1362,43,159,215,12,2602,312,12,11282,45,183,685515,22255,323,375588,77789,566,71459,510,203,8952,3270,8353,0,729592,225864,17712,126,20235,352926,90,10155,0,3,256,10135,0,419,290,27779,8066,461,4294,157,0,85405,2076,715285,419,830,26372,157969,127933,3360,1093,200,33301,1631,53,346789,0,176,431,16,3386,726,271,13462,6999,345,2896,1089,273,632,353,1020,602,3033,3294,3917,76649,283,6,5,184,12,241,94,12641,12394,0,0,771,422,266,35732,10218,261682,3767,42195,33673,19778,6472,17865,34246,132,47422,50231,31278,21239,103097,280441,6117,1054,7176,204,26,92,530,184,25,18,38,11786,4,10384,5046,186,9,103335723,28275,138489,53964,649,1772,3750,30665,16295,20845,177,87162,11,80869,50,167,1958,3,102,202,759,1797,3776,0,121,124,99,233,170,814,263,4752,324,4715,2860,1373,15911,728,47,338,124,151,46,91,988,197,3933,316,65,1207,1198,397,1680,607,3166212,888,92187,937,133,96,138,145,76,1614,20949,164,395,7005,256,1605,411,3825,361,289,172,167,86,781,570,938,488,176,182,185,15652,1502,543,105,194,877,86,104,172,187,759,5,38407,22,25030,9,408,12,6763,1028,28649,13345,6881,16,3680,408,457,105,4839,86423,48152,6802,13757,2153,393,564,75,118,2826,10563,7265,2447,2170,280,908,3,0,2,185,33,3518,128,2862,88,192,846,995,30016,1060,225707,90448,7536,145,3274,1773775,900,88,137320,512526,124,254,261,165,99,222,11420755,283,211,289,738,153,255,29250,68,20215,2823,0,246879,33875,0,773,7019,2526,11,4032,146,966,544,3926,194,1244,149,448718,238,205,323,585,161,1947,58,20,2490,2,1798,441,481,110,272128,638,2,135,1786,30,1906,532,66,1454,1594,66,155908,199474,37198,4156,18098,2362,20,4769,0,45723,7063,8496,367673,284,1659,188,3,161,320,173818,146,140,367,358,185,0,3098,154,1,2,9955,6572,200,184939,439,42230,49189,38086,5378,41253,6813,376,56529,115312,13498,33034,104673,102227,119,211,219,106,170,191,1184,410,475,663,11488,0.0,0.0,0.0,0.0,0.0,0.0,0.0,0.0,0.0,0.0,0.0,0.0,0.0,0.0,0.0,0.0,0.0,0.0,0.0,0.0,0.0,0.0,0.0,0.0,0.0,0.0,0.0,0.0,0.0,0.0,0.0,0.0,0.0,0.0,0.0,0.0,0.0,0.0,0.0,0.0,0.0,0.0,0.0,0.0,0.0,0.0,0.0,0.0,0.0,0.0,0.0,0.0,0.0,0.0,0.0,0.0,0.0,0.0,0.0,0.0,0.0,0.0,0.0,0.0,0.0,0.0,0.0,0.0,0.0,0.0,0.0,0.0,0.0,0.0,0.0,0.0,0.0,0.0,0.0,0.0,0.0,0.0,0.0,0.0,0.0,0.0,0.0,0.0,0.0,0.0,0.0,0.0,0.0,0.0,0.0,0.0,0.0,0.0,0.0,0.0,0.0,0.0,0.0,0.0,0.0,0.0,0.0,0.0,0.0,0.0,0.0,0.0,0.0,0.0,0.0,0.0,0.0,0.0,0.0,0.0,0.0,0.0,0.0,0.0,0.0,0.0,0.0,0.0,0.0,0.0,0.0,0.0,0.0,0.0,0.0,0.0,0.0,0.0,0.0,0.0,0.0,0.0,0.0,0.0,0.0,0.0,0.0,0.0,0.0,0.0
ENCFF736KMA,0.1840960738377641,74548,291,11157,64050,2124,175102,10038,638,1753,551,1291,7647,17402,27975,34989,86189,10451,1146,11197,15318,338,1139,356,102,131,1610,320,7445,44891,6708,617,367,942,3863,3430,86,3659,85,34,15631,21928,259,1305,99,71,980,11886,38002,63,1150,2037,3252,981,643,11576,356,649,1007,340,1392,3535,1378,24294,1098,788,156,122,106949,108767,12523,2182,1631,1973,8946,252,2525,1061,1760,1941,465,2150,2305,7793,894,1253,8238,56,1987,980,84,2504,457,64,7172,3065,39406,389658,25243,296,64686,86811,5307,74549,2179,1432,10074,3494,3750,43,5604,14530,14316,205,10362,62857,7541,50410,1609,7356,6996,20940,3475,64731,3221,13409,7382,2024,5480,811,190,59706,46110,262,35190,25696,20809,52527,111,11202,4119,2361,6968,81204,1182,402,350,227,103,104,3928,610,983,26608,9649,1445,9665,73883,7500,880,2279,1584,1420,5765,10681,9031,10121,195,319,64,2196,122,4205,1365,1894,397,30,48,1136,1579,1980,32926,14011,88860,5155,74504,65983,31833,61934,29003,63611,765,62709,75898,21375,21166,47502,36902,12011,2220,56,1880,135,1005,1990,376,243,42,316,8757,1042,69918,27955,45924,335,374497,80168,6978,57326,56106,1776,1380,93384,43555,129189,13792,91836,505,87479,112,684,1644,406,654,1978,432,7699,3649,61,1393,1972,1407,2047,890,5119,2734,543,591,9542,5721,3765,4561,2400,711,1247,1539,793,832,617,1149,2285,12583,3233,898,3667,4702,4718,26424,74350,480,4353,6279,2878,1733,1250,1521,2095,1226,259,14004,1023,1582,9470,777,3260,785,8791,2218,2147,1316,1978,367,977,1385,5164,5492,1765,1994,1444,4556,3162,1333,1779,1867,9310,65,116,862,1317,965,840,28683,221,21447,45,1207,124,11335,1389,14186,15866,18589,43,5142,257,639,2341,7001,196963,1163,4004,4415,2077,76,6886,232,240,1136,31549,13801,7340,2184,147,541,300,21,124,1509,1964,4865,1101,9296,1110,955,4360,104058,820,4910,288889,1102,9846,2125,10322,617,5735,654,148,7066,1806,2062,2126,826,929,426,1985,2338,1921,2208,912,2325,2556,48308,246,18866,5146,39,50038,13937,191,379,13038,1174,196,13793,1844,2266,580,6174,2452,57454,7996,1375,1787,2294,1026,2173,1893,2388,1217,45,2573,209,3906,198,52,387,861,346,2556,1738,73154,6331,23879,14719,3494,1284,1930,261,71639,148,31433,3616,24573,2481,1254,5921,88,64496,12782,20958,93647,10530,33995,480,424,766,1808,879,2306,1628,3248,13863,2086,99,327,2120,45,36,7927,7182,52,234,575,48917,96839,66373,17370,75953,8176,732,150134,201773,30564,100498,139688,171361,649,527,1629,1425,474,1946,2496,669,1045,1321,14674,0.0,0.0,0.0,0.0,0.0,0.0,0.0,0.0,0.0,0.0,0.0,0.0,0.0,0.0,0.0,0.0,0.0,0.0,0.0,0.0,0.0,0.0,0.0,0.0,0.0,0.0,0.0,0.0,0.0,0.0,0.0,0.0,0.0,0.0,0.0,0.0,0.0,0.0,0.0,0.0,0.0,0.0,0.0,0.0,0.0,0.0,0.0,0.0,0.0,0.0,0.0,0.0,0.0,0.0,0.0,0.0,0.0,0.0,0.0,0.0,0.0,0.0,0.0,0.0,0.0,0.0,0.0,0.0,0.0,0.0,0.0,0.0,0.0,0.0,0.0,0.0,0.0,0.0,0.0,0.0,0.0,0.0,0.0,0.0,0.0,0.0,0.0,0.0,0.0,0.0,0.0,0.0,0.0,0.0,0.0,0.0,0.0,0.0,0.0,0.0,0.0,0.0,0.0,0.0,0.0,0.0,0.0,0.0,0.0,0.0,0.0,0.0,0.0,0.0,0.0,0.0,0.0,0.0,0.0,0.0,0.0,0.0,0.0,0.0,0.0,0.0,0.0,0.0,0.0,0.0,0.0,0.0,0.0,0.0,0.0,0.0,0.0,0.0,0.0,0.0,0.0,0.0,0.0,0.0,0.0,0.0,0.0,0.0,0.0,0.0
ENCFF000VPI,0.1826569766060368,71860,112,3293,32433,550,62984,6680,321,488,352,663,3509,4110,6678,21402,25427,3180,549,5070,6160,188,769,110,80,101,1113,4004,3384,21579,3836,266,261,533,2002,1787,134,2049,13,29,8078,11837,66,713,70,38,634,6047,26715,471,555,1039,1548,489,358,6815,162,430,480,243,866,1611,272,9540,748,143,1117,105,44355,56070,7695,1124,811,1741,5281,363,1265,502,860,1017,241,1175,1238,4066,454,572,3923,22,1024,586,18,1277,237,40,1868,1189,10316,189126,11743,101,31836,45016,2826,39040,1221,715,5604,1794,2056,27,3373,8253,8594,248,4598,34728,2415,30072,405,1575,1869,9190,653,50316,1369,6506,3232,947,2909,624,187,33289,11947,4690,36369,7129,14204,31914,695,4791,2793,1246,4144,30981,293,685,85,124,33,28,2497,308,644,10488,5212,686,3763,36878,3741,586,1245,2749,2506,3261,5784,4937,5665,62,135,91,1139,49,1895,633,1148,515,109,13,675,861,1118,16506,8015,47183,2484,30587,33196,14836,34831,13834,28734,352,29972,35195,11480,10009,24324,19542,5949,900,910,677,68,569,1045,215,93,31,60,4111,317,43061,11528,12736,418,163159,36719,3733,29139,19060,1110,642,40497,18287,52547,3482,45720,203,44974,30,322,851,185,354,1005,267,4123,2344,31,729,994,586,970,433,2586,1423,228,225,5161,3138,2148,2655,1301,366,723,770,385,370,293,490,1167,5170,1239,412,1835,2455,2369,11800,34437,2709,2528,3143,1427,923,718,732,1071,588,133,8178,496,915,5394,377,1596,455,4302,1130,1104,653,982,203,483,641,2530,2577,873,1034,797,2519,1707,852,852,1036,4134,33,26,432,669,474,271,15414,131,9977,21,473,87,6684,751,7295,6716,7270,16,2697,123,184,1387,3997,66715,836,2292,2214,1094,244,2770,266,367,747,15101,6166,3492,1600,67,205,119,13,60,752,1923,2547,579,4028,489,504,1490,50456,517,2192,130917,543,6298,1096,5519,4685,2686,335,1731,7122,848,1053,1072,383,461,338,20428,1314,985,1186,614,1192,1363,26825,109,10908,2436,56,27540,6273,30,300,5795,780,51,7077,875,1174,298,3284,1224,14281,3223,1092,859,1209,500,1263,976,1265,782,11,964,18,1871,138,71,194,801,556,605,786,28751,1620,9716,5011,1122,524,951,233,39408,427,16496,2099,12980,1534,343,3053,27,33595,6324,10675,45796,2313,20653,343,153,381,1124,414,1134,838,1480,7738,1063,39,490,1102,47,59,4518,4484,19,764,212,26795,41841,30514,7739,38886,4405,286,78774,95102,13223,43000,68655,85437,331,197,798,770,234,931,1325,343,441,754,7002,0.0,0.0,0.0,0.0,0.0,0.0,0.0,0.0,0.0,0.0,0.0,0.0,0.0,0.0,0.0,0.0,0.0,0.0,0.0,0.0,0.0,0.0,0.0,0.0,0.0,0.0,0.0,0.0,0.0,0.0,0.0,0.0,0.0,0.0,0.0,0.0,0.0,0.0,0.0,0.0,0.0,0.0,0.0,0.0,0.0,0.0,0.0,0.0,0.0,0.0,0.0,0.0,0.0,0.0,0.0,0.0,0.0,0.0,0.0,0.0,0.0,0.0,0.0,0.0,0.0,0.0,0.0,0.0,0.0,0.0,0.0,0.0,0.0,0.0,0.0,0.0,0.0,0.0,0.0,0.0,0.0,0.0,0.0,0.0,0.0,0.0,0.0,0.0,0.0,0.0,0.0,0.0,0.0,0.0,0.0,0.0,0.0,0.0,0.0,0.0,0.0,0.0,0.0,0.0,0.0,0.0,0.0,0.0,0.0,0.0,0.0,0.0,0.0,0.0,0.0,0.0,0.0,0.0,0.0,0.0,0.0,0.0,0.0,0.0,0.0,0.0,0.0,0.0,0.0,0.0,0.0,0.0,0.0,0.0,0.0,0.0,0.0,0.0,0.0,0.0,0.0,0.0,0.0,0.0,0.0,0.0,0.0,0.0,0.0,0.0
ENCFF944DXB,0.13199972352460054,39338,119,4325,18096,480,39269,4481,320,267,190,486,3112,2229,4208,11539,11325,2318,400,3500,6271,132,470,111,21,26,777,248,2815,15462,2685,236,144,351,1598,1492,26,1597,15,9,7668,10809,35,505,63,14,559,4766,12102,31,431,715,1163,390,323,7205,113,245,330,122,558,1241,228,4503,587,435,97,23,35431,42762,8608,775,607,799,5319,99,1052,358,634,701,176,708,1283,4546,309,385,3297,14,716,385,13,1036,140,13,1123,1002,6809,147752,10734,302,27764,38032,1926,32765,1012,555,5532,1776,1492,10,3162,8290,7296,38,5600,28597,1699,17061,378,1817,2025,8365,894,18112,1229,6075,3373,734,2428,321,100,28051,6190,166,9758,4244,10560,26554,71,4512,666,903,2851,28125,283,175,63,86,38,32,1631,289,387,12640,4216,533,3387,20850,2370,334,976,753,697,2133,4933,4230,7153,51,99,15,754,18,1539,507,714,709,11,20,411,641,841,15148,6142,37869,2106,22707,25876,12267,22150,12872,25999,157,26539,31849,9946,8944,23639,15591,4268,914,57,444,53,395,696,131,82,19,19,3609,176,23515,9774,4712,118,143026,28733,3059,22444,10112,711,492,36188,14252,38676,2514,38631,217,37488,28,335,673,55,235,886,130,3451,2423,23,472,714,515,792,314,2261,1376,1133,216,3577,3130,1453,5912,873,277,460,601,286,268,205,1379,833,5058,1053,324,1418,1872,1816,7449,36119,233,1895,5160,1086,632,553,492,714,439,1280,6248,369,600,4877,261,1363,311,4232,855,741,491,702,414,354,497,1951,2130,658,761,524,3553,1193,481,653,686,3417,24,48,311,528,528,197,13883,43,10557,34,500,58,4781,977,7956,6500,5041,7,2066,93,202,609,2738,45348,461,1595,2724,920,35,2872,102,76,450,14010,3676,2367,908,27,289,114,6,20,597,402,1921,517,4015,392,409,1144,23610,278,1948,133206,398,4554,827,4064,386,2225,233,112,3084,576,926,1039,272,301,171,1382,1116,755,1019,347,864,1121,21390,79,8229,2288,17,27549,5770,10,141,5806,382,44,5262,695,944,253,2646,865,10096,2563,563,686,1072,332,765,699,1822,341,11,1097,30,2057,47,37,139,397,68,409,526,18776,1496,7116,4519,977,412,1128,102,31932,98,16913,1418,10842,1153,328,2275,14,28590,5395,8886,44040,5404,10196,202,83,268,678,293,905,587,1605,6981,892,37,197,793,16,15,3456,3481,10,113,161,21205,41490,28677,7538,32778,3585,438,61397,88094,12663,41617,61732,75033,174,188,578,536,184,674,1215,357,389,511,6076,0.0,0.0,0.0,0.0,0.0,0.0,0.0,0.0,0.0,0.0,0.0,0.0,0.0,0.0,0.0,0.0,0.0,0.0,0.0,0.0,0.0,0.0,0.0,0.0,0.0,0.0,0.0,0.0,0.0,0.0,0.0,0.0,0.0,0.0,0.0,0.0,0.0,0.0,0.0,0.0,0.0,0.0,0.0,0.0,0.0,0.0,0.0,0.0,0.0,0.0,0.0,0.0,0.0,0.0,0.0,0.0,0.0,0.0,0.0,0.0,0.0,0.0,0.0,0.0,0.0,0.0,0.0,0.0,0.0,0.0,0.0,0.0,0.0,0.0,0.0,0.0,0.0,0.0,0.0,0.0,0.0,0.0,0.0,0.0,0.0,0.0,0.0,0.0,0.0,0.0,0.0,0.0,0.0,0.0,0.0,0.0,0.0,0.0,0.0,0.0,0.0,0.0,0.0,0.0,0.0,0.0,0.0,0.0,0.0,0.0,0.0,0.0,0.0,0.0,0.0,0.0,0.0,0.0,0.0,0.0,0.0,0.0,0.0,0.0,0.0,0.0,0.0,0.0,0.0,0.0,0.0,0.0,0.0,0.0,0.0,0.0,0.0,0.0,0.0,0.0,0.0,0.0,0.0,0.0,0.0,0.0,0.0,0.0,0.0,0.0
ENCFF000VGY,0.14704229462029336,4068,135,492,8436,718,71461,1943,72,500,66,112,648,5564,6713,2669,36402,2753,120,1170,909,46,83,9,12,19,180,25,939,4730,486,30,23,85,573,545,1,600,2,14,2106,1661,41,102,16,53,255,1483,5101,4,215,211,405,56,34,702,31,31,130,25,116,308,106,4913,462,72,8,21,12424,6555,735,338,231,213,524,25,473,148,246,343,68,280,432,462,154,103,818,0,270,142,2,169,17,2,197,366,3424,24297,1193,29,3323,5537,797,4780,415,156,502,152,169,5,277,935,1009,13,759,3269,2563,24928,602,2426,1548,1832,1112,31906,540,705,374,98,311,57,13,3028,13064,17,2192,5658,1375,2922,4,916,792,387,478,6553,97,16,81,15,5,10,296,80,122,1508,527,149,710,8116,928,44,375,200,214,401,430,409,545,15,5,8,302,13,475,192,887,75,0,0,97,114,314,1555,849,5749,397,12667,7114,2454,4541,2409,5108,160,4016,5179,1340,1076,5125,2264,2466,170,7,81,11,155,235,22,9,3,95,453,300,6182,2497,16748,80,69676,7552,440,4994,13725,153,91,8303,2868,13431,5259,6479,59,4805,3,45,164,78,72,319,84,751,338,0,177,224,145,299,113,839,443,20,86,819,848,376,259,313,94,163,218,118,97,88,40,319,781,378,118,323,720,592,2978,10863,17,631,354,324,279,216,169,301,134,6,2793,137,182,888,107,359,153,525,258,388,158,305,12,129,128,550,686,230,301,200,370,299,195,205,233,787,1,17,149,167,74,121,1759,23,1177,3,124,9,1100,104,1449,839,1347,6,584,31,26,336,399,41743,73,672,523,175,2,786,14,93,225,3179,1323,632,164,65,79,29,1,10,191,302,401,272,575,137,162,296,23625,82,432,15006,220,941,307,1831,42,771,89,11,405,325,303,336,144,108,33,140,406,311,403,112,401,467,3854,31,1766,323,14,3153,792,3,41,694,586,5,1110,264,115,23,865,308,7293,867,69,250,337,103,228,247,94,99,4,106,28,361,17,1,66,35,265,802,102,7650,2179,2109,3193,1173,254,107,69,3445,3,2245,397,1298,328,68,397,6,5730,1011,1877,7114,1072,6890,63,164,96,164,178,395,202,281,811,297,22,26,334,1,4,565,450,2,9,18,3530,6690,5488,1609,4804,633,211,11465,14564,2388,6794,9533,11615,269,52,227,213,57,249,161,33,71,115,1079,0.0,0.0,0.0,0.0,0.0,0.0,0.0,0.0,0.0,0.0,0.0,0.0,0.0,0.0,0.0,0.0,0.0,0.0,0.0,0.0,0.0,0.0,0.0,0.0,0.0,0.0,0.0,0.0,0.0,0.0,0.0,0.0,0.0,0.0,0.0,0.0,0.0,0.0,0.0,0.0,0.0,0.0,0.0,0.0,0.0,0.0,0.0,0.0,0.0,0.0,0.0,0.0,0.0,0.0,0.0,0.0,0.0,0.0,0.0,0.0,0.0,0.0,0.0,0.0,0.0,0.0,0.0,0.0,0.0,0.0,0.0,0.0,0.0,0.0,0.0,0.0,0.0,0.0,0.0,0.0,0.0,0.0,0.0,0.0,0.0,0.0,0.0,0.0,0.0,0.0,0.0,0.0,0.0,0.0,0.0,0.0,0.0,0.0,0.0,0.0,0.0,0.0,0.0,0.0,0.0,0.0,0.0,0.0,0.0,0.0,0.0,0.0,0.0,0.0,0.0,0.0,0.0,0.0,0.0,0.0,0.0,0.0,0.0,0.0,0.0,0.0,0.0,0.0,0.0,0.0,0.0,0.0,0.0,0.0,0.0,0.0,0.0,0.0,0.0,0.0,0.0,0.0,0.0,0.0,0.0,0.0,0.0,0.0,0.0,0.0
ENCFF051TFE,0.11922885996492265,159388,135,3205,40218,530,118975,12658,665,584,421,1051,5675,3175,5669,17813,23918,3180,1623,6459,7688,177,1055,52,152,125,1738,10516,4920,20765,4995,229,102,740,3472,3381,34,3873,64,20,9997,14304,228,549,109,30,913,10198,21407,608,1530,2292,2399,213,440,8826,144,485,301,375,1771,2889,299,7647,240,358,2876,282,38363,61775,8129,2080,1198,3380,9412,76,2385,1183,1238,1613,370,2066,2324,3644,778,1201,6144,59,1432,1266,50,1888,696,83,3477,840,7345,197951,12317,231,35247,52616,4549,46350,2519,1272,6041,2599,3352,86,5342,10409,12569,704,7510,55950,1668,43797,184,928,1154,8664,460,72911,1924,8518,3577,760,2941,259,245,45466,6153,4373,16683,7251,18370,42484,372,6956,5943,2096,4517,46424,780,790,78,198,86,38,2801,824,782,14976,5574,426,4689,37668,2305,384,2481,3825,2930,4085,8324,11602,9639,79,213,48,1772,112,2091,982,8575,767,11,27,754,589,2167,17595,9027,56016,4098,25113,43954,15080,29034,18566,33951,337,34579,42920,13585,13502,33526,25753,5112,1687,707,330,41,1170,2012,224,91,54,76,6439,314,36222,9637,8147,461,165309,38405,5765,27201,13298,1464,969,38562,16791,43838,2467,58382,155,59859,100,319,1427,113,591,1528,345,6471,3127,75,1220,1246,1059,1828,999,4422,2039,261,212,7509,5001,2614,4658,2893,490,1643,1391,806,534,480,386,1641,5529,1003,677,2010,4742,2953,8631,43776,9418,4052,5228,2224,1460,1231,1106,1569,797,100,11816,1089,2888,7893,631,2874,984,5692,3025,1918,1587,1629,275,802,610,4464,3098,1663,1370,1398,3683,3084,1945,1027,1918,4236,52,44,753,1475,1117,512,18552,479,12866,53,313,186,7429,932,10440,9659,9865,128,3391,278,107,1539,4292,73427,1159,2704,4160,1609,152,3303,187,1090,2323,23907,8091,6173,2363,128,253,260,27,195,1088,1047,3695,1381,7191,1086,805,1971,62203,271,3380,170144,653,8561,1743,9469,12019,2976,518,650,7805,1284,1934,2062,575,514,163,93996,2840,1802,1857,639,1867,2223,34422,177,19913,1808,121,45581,10869,48,846,8324,1463,222,10627,1374,1329,323,6784,1739,30987,1579,1711,1406,1937,1115,1358,1588,1965,926,70,1721,108,3465,315,170,164,679,569,197,858,24851,997,7803,4160,662,1564,1483,418,46710,546,14971,1869,14785,2987,57,3537,27,46021,8345,12840,56076,1982,21269,157,448,744,1877,1018,1696,1376,1653,5220,1689,27,298,1703,37,90,4613,4560,34,530,137,39453,41580,30642,7849,41792,7470,885,72645,104537,14090,40233,84508,102792,228,118,1187,1145,589,1511,1088,857,329,1035,9842,0.0,0.0,0.0,0.0,0.0,0.0,0.0,0.0,0.0,0.0,0.0,0.0,0.0,0.0,0.0,0.0,0.0,0.0,0.0,0.0,0.0,0.0,0.0,0.0,0.0,0.0,0.0,0.0,0.0,0.0,0.0,0.0,0.0,0.0,0.0,0.0,0.0,0.0,0.0,0.0,0.0,0.0,0.0,0.0,0.0,0.0,0.0,0.0,0.0,0.0,0.0,0.0,0.0,0.0,0.0,0.0,0.0,0.0,0.0,0.0,0.0,0.0,0.0,0.0,0.0,0.0,0.0,0.0,0.0,0.0,0.0,0.0,0.0,0.0,0.0,0.0,0.0,0.0,0.0,0.0,0.0,0.0,0.0,0.0,0.0,0.0,0.0,0.0,0.0,0.0,0.0,0.0,0.0,0.0,0.0,0.0,0.0,0.0,0.0,0.0,0.0,0.0,0.0,0.0,0.0,0.0,0.0,0.0,0.0,0.0,0.0,0.0,0.0,0.0,0.0,0.0,0.0,0.0,0.0,0.0,0.0,0.0,0.0,0.0,0.0,0.0,0.0,0.0,0.0,0.0,0.0,0.0,0.0,0.0,0.0,0.0,0.0,0.0,0.0,0.0,0.0,0.0,0.0,0.0,0.0,0.0,0.0,0.0,0.0,0.0
ENCFF584YEG,0.1519247410655675,68264,167,4276,68055,451,173215,6726,373,200,140,346,3495,1308,5096,31060,22738,1638,540,3049,3878,73,489,39,40,52,1023,4852,3432,43481,2719,112,74,453,2546,2120,32,2326,15,5,6235,7569,97,341,81,33,708,6118,22302,476,513,1623,1839,233,173,3261,44,299,185,146,568,1738,395,11646,238,161,1379,99,35415,31589,3410,1543,915,1851,3037,153,1725,837,983,1163,307,1389,1519,2418,551,893,4313,11,1043,892,8,748,184,39,993,1274,35395,131066,6551,89,17102,26015,2911,22107,1545,890,2787,1024,1267,24,2164,4383,4953,149,3904,25052,1984,33294,280,1421,1603,5652,630,67462,1643,4487,1719,317,1494,197,42,18778,6512,1854,36074,6571,6689,19112,219,4212,2590,1579,2663,29572,247,524,112,64,24,22,1500,352,377,7088,2378,242,3413,67077,4019,247,1618,1189,1198,2030,3185,3032,3144,19,96,39,1410,32,1684,775,834,72,15,18,589,473,1461,8360,4347,29052,2211,18995,22474,12059,34672,13907,26164,242,19256,24193,6699,5967,18808,12936,4409,847,541,339,40,884,1417,81,40,52,61,3062,118,48375,11386,7477,402,135516,29275,3190,17412,21520,779,315,29189,13720,47365,2026,24401,56,22963,16,248,703,12,404,1135,212,4387,1958,12,974,898,777,1249,581,2999,1724,95,151,5124,3191,1616,1548,1968,463,955,999,528,411,300,200,1518,3841,1017,434,1368,2703,2270,14148,44967,3912,2886,2421,1458,1110,879,842,1197,701,43,6093,675,1737,4133,411,1741,606,3401,1797,1349,942,1288,175,581,547,3085,2451,1062,1152,1015,2042,1881,1403,886,1367,3989,43,43,558,942,401,1063,10966,235,6872,59,225,89,5068,524,5861,5342,5479,53,2250,60,28,1254,2084,64307,617,1441,2108,748,159,2580,67,240,929,16138,4007,4264,1095,74,243,52,34,68,812,1301,1536,869,2936,843,588,1950,91423,362,1866,75323,568,4825,1230,7573,5429,2502,336,920,4390,1050,1445,1380,437,393,164,28158,1764,1296,1372,489,1366,1576,19080,22,12036,1036,84,17849,5636,24,336,4172,810,18,7026,998,670,94,3763,1253,33352,2857,877,919,1375,724,1038,1170,801,704,16,544,20,1860,160,148,69,482,1916,282,1038,44886,1393,11311,5210,877,514,474,174,19953,163,9792,1638,6457,1022,92,1990,17,23906,4297,7928,30813,1035,16517,169,230,443,1204,534,1202,1009,1318,7534,1259,20,279,1392,39,50,2319,2305,21,354,66,17113,26992,21915,5467,20306,2719,255,65919,60110,10919,27274,46282,51127,205,70,840,812,263,1191,495,229,150,597,5197,0.0,0.0,0.0,0.0,0.0,0.0,0.0,0.0,0.0,0.0,0.0,0.0,0.0,0.0,0.0,0.0,0.0,0.0,0.0,0.0,0.0,0.0,0.0,0.0,0.0,0.0,0.0,0.0,0.0,0.0,0.0,0.0,0.0,0.0,0.0,0.0,0.0,0.0,0.0,0.0,0.0,0.0,0.0,0.0,0.0,0.0,0.0,0.0,0.0,0.0,0.0,0.0,0.0,0.0,0.0,0.0,0.0,0.0,0.0,0.0,0.0,0.0,0.0,0.0,0.0,0.0,0.0,0.0,0.0,0.0,0.0,0.0,0.0,0.0,0.0,0.0,0.0,0.0,0.0,0.0,0.0,0.0,0.0,0.0,0.0,0.0,0.0,0.0,0.0,0.0,0.0,0.0,0.0,0.0,0.0,0.0,0.0,0.0,0.0,0.0,0.0,0.0,0.0,0.0,0.0,0.0,0.0,0.0,0.0,0.0,0.0,0.0,0.0,0.0,0.0,0.0,0.0,0.0,0.0,0.0,0.0,0.0,0.0,0.0,0.0,0.0,0.0,0.0,0.0,0.0,0.0,0.0,0.0,0.0,0.0,0.0,0.0,0.0,0.0,0.0,0.0,0.0,0.0,0.0,0.0,0.0,0.0,0.0,0.0,0.0
ENCFF001FLT,0.16905084237328158,20476,55,1542,11865,170,30487,3920,100,184,222,286,1502,1184,3011,5055,7320,1575,299,2943,3397,118,485,60,32,70,725,232,1718,25100,3039,142,88,257,947,954,11,1388,56,1,4777,7309,33,589,61,18,567,3033,6150,28,234,606,686,319,151,4169,119,253,375,307,639,703,102,4763,224,250,59,11,24041,32570,5218,562,339,608,3202,353,726,251,434,484,115,503,724,2339,171,269,1728,7,452,212,23,836,403,103,1083,561,6368,106157,7255,88,18825,26291,1620,22153,671,292,4117,1484,1726,18,2524,4952,5079,623,2330,25239,1042,15981,167,735,919,5446,337,19485,659,4031,1907,457,2084,258,313,20830,4663,194,11925,3258,7176,18502,27,2468,1656,665,2352,26907,770,153,28,74,20,52,2037,248,253,6203,3487,456,3723,11593,1237,295,691,597,581,2137,3214,2807,3289,89,179,14,551,30,880,294,260,358,7,1,283,620,538,9742,4633,28498,1242,17194,22363,8980,18367,8870,16043,165,18972,22324,6166,5866,14282,14049,3651,524,76,1006,17,277,461,154,167,11,69,2336,184,28259,5730,3744,1606,112970,22055,1883,17044,9023,905,294,22973,14610,30095,1427,33414,129,32428,58,228,346,17,145,562,190,2064,1431,30,290,466,281,449,177,1445,850,57,185,2633,1824,1193,1419,645,185,275,398,187,154,128,273,572,2878,616,179,940,1219,1118,4283,5941,157,1241,1763,653,482,357,304,475,232,61,4263,233,392,3312,213,909,171,2105,513,550,291,470,36,209,249,1084,1135,399,460,311,1488,808,382,423,461,1793,7,5,163,274,358,173,9780,366,6358,3,340,89,4095,498,4252,4759,4347,47,2005,87,121,3667,2672,34269,468,1269,1163,630,10,1337,194,170,594,11765,3336,1379,1150,22,100,103,14,37,336,1834,1425,451,1726,236,232,521,16125,167,878,73452,249,3786,544,3068,322,1286,137,91,2170,399,541,580,203,146,140,1404,729,508,664,325,684,739,16896,49,6152,1416,42,16874,5824,68,187,5134,482,93,3515,392,1114,254,1801,653,7422,1025,332,356,651,241,734,435,777,1273,65,593,39,1172,53,15,174,238,179,319,555,7769,598,3328,2277,449,242,908,702,24731,51,10150,866,8080,953,201,1720,6,28530,5028,7821,30364,785,8836,143,283,172,389,175,641,357,649,6890,585,16,129,512,188,32,2776,2796,22,50,168,16120,22901,17279,4171,23060,2563,184,37709,54526,7288,23833,40076,50223,120,103,356,313,75,477,1024,156,209,552,4054,0.0,0.0,0.0,0.0,0.0,0.0,0.0,0.0,0.0,0.0,0.0,0.0,0.0,0.0,0.0,0.0,0.0,0.0,0.0,0.0,0.0,0.0,0.0,0.0,0.0,0.0,0.0,0.0,0.0,0.0,0.0,0.0,0.0,0.0,0.0,0.0,0.0,0.0,0.0,0.0,0.0,0.0,0.0,0.0,0.0,0.0,0.0,0.0,0.0,0.0,0.0,0.0,0.0,0.0,0.0,0.0,0.0,0.0,0.0,0.0,0.0,0.0,0.0,0.0,0.0,0.0,0.0,0.0,0.0,0.0,0.0,0.0,0.0,0.0,0.0,0.0,0.0,0.0,0.0,0.0,0.0,0.0,0.0,0.0,0.0,0.0,0.0,0.0,0.0,0.0,0.0,0.0,0.0,0.0,0.0,0.0,0.0,0.0,0.0,0.0,0.0,0.0,0.0,0.0,0.0,0.0,0.0,0.0,0.0,0.0,0.0,0.0,0.0,0.0,0.0,0.0,0.0,0.0,0.0,0.0,0.0,0.0,0.0,0.0,0.0,0.0,0.0,0.0,0.0,0.0,0.0,0.0,0.0,0.0,0.0,0.0,0.0,0.0,0.0,0.0,0.0,0.0,0.0,0.0,0.0,0.0,0.0,0.0,0.0,0.0
ENCFF641CIT,0.15708238117237835,170076,535,4826,99718,1232,397122,16030,916,561,521,902,9094,4420,16720,49878,77967,4188,1492,13797,9638,182,1247,158,197,194,2867,13143,8913,71376,7312,308,203,1070,5919,5482,76,5779,65,9,16502,19216,206,921,180,129,1784,15517,66518,923,1861,3779,4412,626,511,8985,201,744,610,401,1635,4541,1929,32793,6836,835,3786,342,102308,93717,9583,3789,2225,4884,8316,413,4024,2038,2449,2716,740,3561,3823,5882,1388,2223,10937,76,2675,2325,66,1946,427,76,2732,2989,50746,318077,17172,293,45164,70720,7482,59502,3792,2191,7591,2464,2937,73,5801,12367,13746,291,10075,58631,4690,94366,488,2462,2980,13808,1133,161585,3985,10678,4055,1020,3896,541,119,48161,17879,4701,70745,17608,20191,47150,463,10888,15562,3818,7382,112191,606,1157,290,199,80,58,3846,721,1229,18849,6395,678,8921,105580,8092,594,3892,2169,1613,5460,6572,6177,9320,179,318,178,3363,92,4416,1969,2100,254,39,46,1522,1039,3724,21898,11125,75282,6090,53268,64169,29733,74433,32628,61003,659,48853,61714,17184,15758,49121,34261,11370,2284,1416,1790,88,2068,3556,258,91,58,237,7642,346,113276,25772,28919,731,428750,85574,9099,56796,62985,2122,967,76471,42841,134877,6473,76916,315,66935,69,605,1757,78,964,2874,678,11074,5211,78,2419,2442,2040,3097,1472,7612,4230,311,481,13126,7874,4450,4827,4921,1037,2462,2552,1265,1016,794,545,3922,11438,2633,1180,3429,6909,5714,33579,97940,10030,7079,5922,3483,2738,2076,2124,2844,1814,118,15689,1695,4191,10231,1016,4247,1755,8698,4217,3159,2374,3018,314,1546,1348,7567,6123,2581,2744,2603,5132,4489,3460,2301,3453,9968,72,90,1380,2380,966,889,23952,316,15525,71,599,112,12476,1282,13224,12707,17315,110,5863,239,132,2700,5901,214909,1601,3903,5750,2208,471,6853,210,602,2687,40348,18455,11667,2535,170,328,165,35,166,1933,3410,3951,2131,7276,2046,1539,6479,159983,1017,5039,197531,1391,11896,3022,18316,14044,6404,982,3075,12066,2538,3234,3401,1264,1124,387,74413,4281,3134,3448,1341,3511,3867,48730,132,31040,2898,118,46663,13760,97,725,11335,2184,146,17606,2401,1627,329,9632,3280,49212,6580,2236,2384,3392,1896,2429,2786,1970,1933,85,1716,86,4597,314,139,258,1146,1598,738,2052,72535,2621,22981,10655,1970,1309,1297,400,48498,433,26452,4039,17174,2560,281,4581,22,65340,11962,20775,84691,5065,44438,455,1038,1186,3089,1556,2956,2505,3155,17585,3078,39,646,3479,64,100,5669,5787,17,1077,274,47047,77238,61883,16055,58359,8040,2407,141536,168962,27166,76694,129280,143798,606,191,2081,2116,732,2774,1470,783,424,1476,13069,0.0,0.0,0.0,0.0,0.0,0.0,0.0,0.0,0.0,0.0,0.0,0.0,0.0,0.0,0.0,0.0,0.0,0.0,0.0,0.0,0.0,0.0,0.0,0.0,0.0,0.0,0.0,0.0,0.0,0.0,0.0,0.0,0.0,0.0,0.0,0.0,0.0,0.0,0.0,0.0,0.0,0.0,0.0,0.0,0.0,0.0,0.0,0.0,0.0,0.0,0.0,0.0,0.0,0.0,0.0,0.0,0.0,0.0,0.0,0.0,0.0,0.0,0.0,0.0,0.0,0.0,0.0,0.0,0.0,0.0,0.0,0.0,0.0,0.0,0.0,0.0,0.0,0.0,0.0,0.0,0.0,0.0,0.0,0.0,0.0,0.0,0.0,0.0,0.0,0.0,0.0,0.0,0.0,0.0,0.0,0.0,0.0,0.0,0.0,0.0,0.0,0.0,0.0,0.0,0.0,0.0,0.0,0.0,0.0,0.0,0.0,0.0,0.0,0.0,0.0,0.0,0.0,0.0,0.0,0.0,0.0,0.0,0.0,0.0,0.0,0.0,0.0,0.0,0.0,0.0,0.0,0.0,0.0,0.0,0.0,0.0,0.0,0.0,0.0,0.0,0.0,0.0,0.0,0.0,0.0,0.0,0.0,0.0,0.0,0.0
ENCFF207KVZ,0.0746901289178162,293019,5030,12998,56778,1536,152764,13973,700,780,689,1732,7881,6309,17482,37435,37253,6649,859,12427,12977,358,1413,143,140,116,2135,19488,6847,40051,8019,603,1230,1864,4238,3209,569,3964,67,180,20405,23471,241,1841,176,1737,1043,11936,49808,3287,996,2524,2894,1071,901,16972,328,725,840,629,1486,3729,1643,29870,2246,1649,5089,387,113897,183223,17803,2239,1445,6377,13542,625,2392,1022,1569,1837,517,2071,2197,8164,943,1052,7962,39,1751,1000,32,2903,419,89,4795,2922,51914,399406,24817,273,68078,99014,4973,89289,7223,1288,11944,3514,3976,35,6971,17950,17056,347,10510,80597,5184,89150,1263,4993,4863,19846,2075,113104,2941,13461,6305,1802,5385,646,276,72094,25523,12292,46470,16370,35743,60052,3754,10324,6724,2327,9947,80188,1134,2998,216,237,259,87,4505,607,2548,22183,10195,1519,10755,62351,7573,928,2292,3379,4008,6396,10240,9022,18206,183,288,116,2114,54,3792,1220,6741,6225,520,66,2128,1381,1972,40015,15065,113143,5023,61466,73092,33154,61817,31825,64653,420,70490,80677,43337,20913,57687,41075,16621,2282,4231,1604,569,1010,1900,329,135,481,74,9523,661,79565,27265,15975,613,786481,90708,9956,64021,53795,2465,4520,92056,46121,134692,8194,117326,614,103714,123,756,2263,623,524,1881,1084,8438,5175,158,1278,1915,1063,1894,910,4864,2871,1912,442,9687,6780,4038,7789,2452,685,1241,1452,704,697,554,1534,2314,12956,2604,715,5628,5410,4762,29935,108614,13020,4784,10729,2857,1747,1378,1208,1876,1173,934,20514,923,1643,12242,709,3313,777,10247,2128,2052,1374,1869,1633,954,1984,5092,5021,1585,1948,1567,5250,3260,1613,1568,1991,8953,39,56,739,1220,1650,554,34096,261,22626,64,1159,192,13596,1724,17676,15152,15976,77,5362,181,377,3614,9994,148060,2374,7138,5242,2484,1258,6270,458,935,1726,38518,15289,8098,2930,59,1000,314,40,59,1441,2453,6493,1067,8892,1031,943,3688,79529,1639,4454,302248,1537,16205,2031,10602,21048,5712,673,9071,28263,1710,1903,2064,817,732,809,104052,2384,1795,2161,1508,2262,2614,57889,136,22618,4936,112,61904,16701,90,578,15292,2111,71,13873,1653,4080,549,6925,2233,36623,7095,3353,1781,2121,805,2234,1695,3174,2032,63,2564,69,4074,777,182,353,2887,1401,1404,1989,79243,4169,19859,13040,2906,1221,2435,332,85652,1769,36151,6744,27432,2620,724,6452,122,77085,18691,26060,125636,9311,33992,924,622,694,2998,4591,2238,1436,3865,15974,2001,102,2321,2102,73,67,9104,8424,61,4010,436,52593,99790,70224,18232,80869,10229,1251,160969,219648,32075,94855,166226,188307,427,378,1565,1357,437,1815,3357,671,1090,1324,14393,0.0,0.0,0.0,0.0,0.0,0.0,0.0,0.0,0.0,0.0,0.0,0.0,0.0,0.0,0.0,0.0,0.0,0.0,0.0,0.0,0.0,0.0,0.0,0.0,0.0,0.0,0.0,0.0,0.0,0.0,0.0,0.0,0.0,0.0,0.0,0.0,0.0,0.0,0.0,0.0,0.0,0.0,0.0,0.0,0.0,0.0,0.0,0.0,0.0,0.0,0.0,0.0,0.0,0.0,0.0,0.0,0.0,0.0,0.0,0.0,0.0,0.0,0.0,0.0,0.0,0.0,0.0,0.0,0.0,0.0,0.0,0.0,0.0,0.0,0.0,0.0,0.0,0.0,0.0,0.0,0.0,0.0,0.0,0.0,0.0,0.0,0.0,0.0,0.0,0.0,0.0,0.0,0.0,0.0,0.0,0.0,0.0,0.0,0.0,0.0,0.0,0.0,0.0,0.0,0.0,0.0,0.0,0.0,0.0,0.0,0.0,0.0,0.0,0.0,0.0,0.0,0.0,0.0,0.0,0.0,0.0,0.0,0.0,0.0,0.0,0.0,0.0,0.0,0.0,0.0,0.0,0.0,0.0,0.0,0.0,0.0,0.0,0.0,0.0,0.0,0.0,0.0,0.0,0.0,0.0,0.0,0.0,0.0,0.0,0.0
ENCFF311YRG,0.35990493185253636,17811731,545875,45590,1136,2,14392,7497,147,1085,139,4844,1247,654,5386,56,121,3562,6838,2138,7565,199,1962,703,961,28,1191,795782,1813,285,5685,752,938,676,1027,769,27,1254,10,0,19404,11163,493,677,429,88980,541,3856,29,77267,717,626,703,244,2650,311754,10,351,53,56,2621,772,4,10,4,3,143154,1,29173,160711,33580,520,376,8948,10667,92,661,277,340,475,100,498,490,2919,176,318,2004,80,374,393,8,3547,8,10,1284,173,39,345871,14089,929,161863,50527,1088,46193,773,282,6463,2415,4146,2,246166,97798,36839,419,10163,220942,81,7914,0,1,172,7296,0,150,447,20402,6204,2679,2879,434,2,43085,1313,290343,100,646,14660,106013,49872,7499,857,495,31050,1266,130,167639,1,124,234,7,3517,403,137,14989,6738,397,2111,949,220,1665,709,2566,1323,2020,2312,2695,56383,136,136,93,443,10,520,241,3042,2990,0,0,356,303,635,22486,6776,136123,1946,15514,26492,14106,7438,17027,32752,120,54076,58238,22657,16652,54162,229135,3940,638,1974,73,4,305,589,119,8,162,2,5118,5,7699,4028,33,2,40769678,47281,54572,26547,791,1148,886,22247,12180,16446,142,121141,5,72021,216,99,1126,0,138,482,428,2445,2686,10,311,282,266,500,253,1327,579,5092,758,4775,2705,1661,12827,828,165,427,341,201,167,116,806,514,3321,449,185,817,1478,767,1401,336,1486669,1485,63705,761,313,289,326,420,208,479,18586,327,786,5477,142,1434,258,3349,792,558,438,384,63,298,430,1374,826,432,419,399,6951,1585,534,220,466,1688,197,32,173,414,484,3,48942,7271,22283,103,181,16,4689,638,22619,15243,5254,0,2736,129,43,47,3749,96297,44586,4262,10618,1402,133,1022,61,109,2097,17765,2509,1595,1369,430,3582,4,0,5,336,5,2709,305,2763,311,221,445,423,10986,1033,152524,50241,8253,348,3788,937686,1162,243,60911,240408,325,579,538,192,127,148,6538510,791,526,508,399,449,543,22513,28,11980,2548,6,124120,15438,2,549,3875,3232,0,5007,367,664,255,3215,459,553,174,184764,336,504,346,520,492,2022,5,2,8525,8,2178,1569,294,59,93211,524,9,122,1931,8,1637,692,55,740,1005,135,123874,67751,26520,5178,13804,1387,44,4000,0,54192,5998,14822,131296,292,846,60,6,168,565,151980,451,361,580,308,494,0,729,445,0,2,6977,3941,68,81947,3409,27143,49540,24732,4439,30425,6526,286,38360,90284,9060,27989,82480,70544,44,136,294,302,186,384,673,328,1089,704,10299,0.0,0.0,0.0,0.0,0.0,0.0,0.0,0.0,0.0,0.0,0.0,0.0,0.0,0.0,0.0,0.0,0.0,0.0,0.0,0.0,0.0,0.0,0.0,0.0,0.0,0.0,0.0,0.0,0.0,0.0,0.0,0.0,0.0,0.0,0.0,0.0,0.0,0.0,0.0,0.0,0.0,0.0,0.0,0.0,0.0,0.0,0.0,0.0,0.0,0.0,0.0,0.0,0.0,0.0,0.0,0.0,0.0,0.0,0.0,0.0,0.0,0.0,0.0,0.0,0.0,0.0,0.0,0.0,0.0,0.0,0.0,0.0,0.0,0.0,0.0,0.0,0.0,0.0,0.0,0.0,0.0,0.0,0.0,0.0,0.0,0.0,0.0,0.0,0.0,0.0,0.0,0.0,0.0,0.0,0.0,0.0,0.0,0.0,0.0,0.0,0.0,0.0,0.0,0.0,0.0,0.0,0.0,0.0,0.0,0.0,0.0,0.0,0.0,0.0,0.0,0.0,0.0,0.0,0.0,0.0,0.0,0.0,0.0,0.0,0.0,0.0,0.0,0.0,0.0,0.0,0.0,0.0,0.0,0.0,0.0,0.0,0.0,0.0,0.0,0.0,0.0,0.0,0.0,0.0,0.0,0.0,0.0,0.0,0.0,0.0
ENCFF503BZM,0.09510317998460499,358339,807,5322,30280,434,50057,6009,263,372,338,780,3432,2805,7900,16068,15951,2998,374,6839,5526,186,582,77,147,81,790,31454,3113,21259,3213,251,1666,468,1757,1409,937,1752,29,135,8487,9761,67,692,77,221,449,5178,21399,5087,433,925,1280,397,341,5711,177,318,433,141,597,1748,743,10513,1192,844,8138,216,49153,69028,6190,918,625,7526,4817,256,1109,465,728,804,205,880,972,3327,404,475,3427,19,783,420,25,991,186,60,1511,1244,20037,159294,9912,170,26830,36701,2321,32444,1636,559,4588,1522,1571,27,2582,6999,6560,170,4856,29598,2066,22692,273,1373,1791,8033,541,30804,1366,5848,2760,792,2170,265,137,26310,10401,18268,20579,7642,11205,23294,5474,4658,4155,1100,6005,42701,629,4233,96,102,41,60,1998,258,878,10121,4719,676,3840,32387,3775,322,1029,2090,1827,2948,4462,3999,5739,96,131,51,903,14,1657,556,2670,1076,660,33,1882,609,857,14309,6264,45392,2336,26409,30069,14906,27887,14010,27177,194,26673,31828,12186,8293,23589,17844,6929,949,6979,948,293,424,807,114,46,25,59,4267,242,36035,12353,7616,456,275415,45270,7155,28667,20944,986,1024,41718,20680,57756,2663,44563,326,36942,36,305,1074,328,250,827,261,3590,2087,23,604,841,498,812,356,2197,1289,502,278,4066,2496,1825,2628,1067,310,544,695,289,291,221,555,969,5581,1272,329,1914,2330,2064,13342,54438,18972,2034,3208,1149,714,585,465,849,495,186,7854,431,729,4371,306,1394,380,3796,922,938,483,898,343,412,1304,2281,2172,700,841,609,2120,1390,678,700,846,3878,16,35,327,519,377,567,13959,210,9107,22,491,103,5365,658,7491,6565,8015,16,2450,71,152,1934,3548,76157,2084,3709,2055,1067,1678,2869,157,292,615,15624,8154,3842,1196,38,244,120,13,46,562,1525,2466,497,3619,423,437,2345,44079,1743,2094,115265,574,5239,918,4903,32986,2641,272,13303,33405,701,779,907,396,377,592,155058,986,774,896,543,1013,1130,23909,77,9769,1973,28,24652,6404,50,221,6820,991,39,6140,634,1254,221,2784,911,18062,3248,3743,861,921,395,1033,757,1210,999,43,1048,33,1814,213,73,122,3273,788,479,1067,24471,1136,9083,5220,890,522,977,150,31983,2803,14056,6379,10786,1124,367,2742,59,28831,6120,9216,42396,4993,16965,846,283,309,2649,768,1022,639,1497,7641,853,24,2646,959,15,41,3567,3314,16,6289,184,23769,43688,30293,8236,35147,4351,301,67016,89343,13786,41278,69176,78910,214,169,686,573,197,735,1204,354,415,667,6540,0.0,0.0,0.0,0.0,0.0,0.0,0.0,0.0,0.0,0.0,0.0,0.0,0.0,0.0,0.0,0.0,0.0,0.0,0.0,0.0,0.0,0.0,0.0,0.0,0.0,0.0,0.0,0.0,0.0,0.0,0.0,0.0,0.0,0.0,0.0,0.0,0.0,0.0,0.0,0.0,0.0,0.0,0.0,0.0,0.0,0.0,0.0,0.0,0.0,0.0,0.0,0.0,0.0,0.0,0.0,0.0,0.0,0.0,0.0,0.0,0.0,0.0,0.0,0.0,0.0,0.0,0.0,0.0,0.0,0.0,0.0,0.0,0.0,0.0,0.0,0.0,0.0,0.0,0.0,0.0,0.0,0.0,0.0,0.0,0.0,0.0,0.0,0.0,0.0,0.0,0.0,0.0,0.0,0.0,0.0,0.0,0.0,0.0,0.0,0.0,0.0,0.0,0.0,0.0,0.0,0.0,0.0,0.0,0.0,0.0,0.0,0.0,0.0,0.0,0.0,0.0,0.0,0.0,0.0,0.0,0.0,0.0,0.0,0.0,0.0,0.0,0.0,0.0,0.0,0.0,0.0,0.0,0.0,0.0,0.0,0.0,0.0,0.0,0.0,0.0,0.0,0.0,0.0,0.0,0.0,0.0,0.0,0.0,0.0,0.0
ENCFF781PYA,0.21437325162459003,3193,44,488,10685,130,39843,1215,76,49,33,59,750,477,1391,6315,12704,386,80,1008,597,11,66,4,10,5,176,32,720,11574,449,11,11,99,650,545,5,560,3,1,1018,1266,11,39,11,6,125,1297,6263,2,147,289,420,31,23,533,6,38,28,33,70,368,222,5863,91,133,12,23,11494,6273,523,377,220,331,478,19,386,188,247,293,60,338,362,403,116,201,873,2,279,242,0,128,25,3,214,276,6327,21682,1031,14,2747,4619,691,3813,432,201,359,126,153,1,316,687,693,107,693,3016,506,10278,53,264,272,972,120,17742,348,612,237,37,209,27,17,2656,1442,17,9659,1521,1437,2502,6,801,1104,387,425,11774,157,19,23,10,2,9,259,46,84,1078,360,58,616,10957,762,27,376,475,740,441,343,374,538,4,17,2,305,6,360,181,225,151,2,0,123,57,359,1231,695,4875,478,4160,5355,2017,9066,2223,4415,87,3188,4272,919,934,3299,1913,1041,189,6,182,18,187,355,8,3,5,13,430,32,11805,2249,3125,43,36693,6423,670,3965,9141,110,63,6006,3372,13871,753,4013,16,3588,1,30,114,10,76,264,30,862,306,2,183,221,197,306,129,780,429,16,34,991,646,328,271,414,101,228,262,138,93,71,26,318,770,337,123,306,624,518,2917,18738,31,568,322,342,268,210,214,302,171,2,1217,147,382,709,101,413,145,580,348,294,189,328,21,134,69,629,531,243,274,245,350,411,280,223,315,703,2,2,129,210,33,51,1399,45,915,0,47,7,886,65,780,702,1362,7,349,6,7,542,312,24216,59,265,528,114,1,564,15,61,155,2824,1334,725,150,1,17,9,3,6,180,212,220,193,501,187,137,814,18994,49,371,11469,124,858,274,1587,76,523,86,10,439,236,346,348,115,97,29,214,448,336,372,83,334,392,3366,0,2230,190,3,2841,778,4,47,640,186,2,1294,217,77,8,857,311,4707,633,43,198,336,158,165,266,92,225,4,76,5,312,10,2,11,8,352,90,163,9510,261,2161,1071,202,128,91,39,2662,10,1583,313,1054,186,16,256,0,3924,721,1262,5244,506,6616,35,80,117,226,141,300,232,253,1949,311,0,19,337,2,2,350,338,2,2,6,3005,5181,5232,1138,3881,524,277,11102,11270,2181,5593,8055,9385,62,8,202,179,73,274,62,27,24,86,810,0.0,0.0,0.0,0.0,0.0,0.0,0.0,0.0,0.0,0.0,0.0,0.0,0.0,0.0,0.0,0.0,0.0,0.0,0.0,0.0,0.0,0.0,0.0,0.0,0.0,0.0,0.0,0.0,0.0,0.0,0.0,0.0,0.0,0.0,0.0,0.0,0.0,0.0,0.0,0.0,0.0,0.0,0.0,0.0,0.0,0.0,0.0,0.0,0.0,0.0,0.0,0.0,0.0,0.0,0.0,0.0,0.0,0.0,0.0,0.0,0.0,0.0,0.0,0.0,0.0,0.0,0.0,0.0,0.0,0.0,0.0,0.0,0.0,0.0,0.0,0.0,0.0,0.0,0.0,0.0,0.0,0.0,0.0,0.0,0.0,0.0,0.0,0.0,0.0,0.0,0.0,0.0,0.0,0.0,0.0,0.0,0.0,0.0,0.0,0.0,0.0,0.0,0.0,0.0,0.0,0.0,0.0,0.0,0.0,0.0,0.0,0.0,0.0,0.0,0.0,0.0,0.0,0.0,0.0,0.0,0.0,0.0,0.0,0.0,0.0,0.0,0.0,0.0,0.0,0.0,0.0,0.0,0.0,0.0,0.0,0.0,0.0,0.0,0.0,0.0,0.0,0.0,0.0,0.0,0.0,0.0,0.0,0.0,0.0,0.0
ENCFF101KOG,0.17158066023124566,104878,336,3800,39836,956,181397,8149,423,668,464,880,4485,5378,13070,19698,59125,4786,1137,8052,7460,230,1074,106,140,105,1097,6287,4558,37127,5781,383,163,652,2602,2354,72,3005,83,35,10261,17229,166,953,40,108,1027,8885,22191,735,927,1427,1858,740,538,9937,282,547,453,196,1500,2423,489,15983,494,434,1611,222,57916,59552,11027,1614,942,2461,9116,464,1882,822,1061,1173,312,1345,1702,5313,700,808,5242,21,1201,795,41,1689,314,45,1410,1532,23316,240613,13637,125,38253,55922,3526,48522,1838,832,8483,2846,2496,37,4244,10292,10481,223,6205,57800,3233,66036,475,2380,2059,11182,1195,88806,1727,8686,3783,8352,3763,730,95,47199,18974,4532,40308,13172,21101,42429,474,6104,7522,1705,5757,59810,684,1053,222,166,68,64,3845,630,1003,13784,6617,904,5150,42046,3987,714,1650,1265,1157,3912,5198,4816,8467,85,286,71,1421,51,2148,817,1350,1350,66,11,740,1154,1478,23411,10290,66995,3244,42683,48810,18888,34684,18650,37473,476,39284,46493,16828,13483,32965,25557,6921,1137,954,783,125,799,1341,226,73,37,62,5784,389,48935,14408,16538,329,267275,48624,5299,36699,31128,2225,753,50401,22240,69536,6202,60058,151,61320,66,469,1279,474,413,1280,309,5709,4269,53,934,1213,856,1290,608,3444,2128,371,338,7944,4671,2994,5850,1906,475,1029,932,502,488,350,710,1587,6439,1349,514,2439,3610,2998,11785,41240,3132,3472,4973,1903,1134,913,898,1284,643,183,10119,752,1536,7686,492,2442,635,6052,1561,1380,821,1301,607,662,1035,3580,2916,1058,1258,1104,3366,2234,1334,1064,1423,5681,58,81,575,897,971,596,23511,196,13630,38,718,145,10063,1342,10879,8949,10289,49,4577,247,208,2255,6566,110962,1339,3336,3270,1685,323,3935,289,853,1826,20181,10754,6554,2217,52,237,114,14,114,927,1545,3398,947,4968,806,766,3206,69565,759,2841,167947,670,9415,1356,8749,6384,3342,408,2765,9101,1083,1506,1517,517,629,481,33601,1726,1323,1547,664,1711,1777,36618,113,16776,2856,118,39215,10482,28,442,7986,1257,87,9962,1052,1960,476,4805,1486,25192,3777,1261,1073,1620,764,1555,1226,2229,1312,57,1290,91,2623,471,136,249,1030,527,708,951,37249,2188,11468,6426,1605,808,1089,156,53217,355,22249,2298,17395,2487,373,4583,50,39219,7876,13484,59070,2738,26352,282,348,554,1553,706,1459,977,1840,8388,1444,34,955,1507,30,79,5880,6433,11,973,374,36048,53165,38298,9522,46645,5634,634,87449,123777,16314,54723,91504,107750,506,244,1029,893,313,1128,3926,457,543,966,9700,0.0,0.0,0.0,0.0,0.0,0.0,0.0,0.0,0.0,0.0,0.0,0.0,0.0,0.0,0.0,0.0,0.0,0.0,0.0,0.0,0.0,0.0,0.0,0.0,0.0,0.0,0.0,0.0,0.0,0.0,0.0,0.0,0.0,0.0,0.0,0.0,0.0,0.0,0.0,0.0,0.0,0.0,0.0,0.0,0.0,0.0,0.0,0.0,0.0,0.0,0.0,0.0,0.0,0.0,0.0,0.0,0.0,0.0,0.0,0.0,0.0,0.0,0.0,0.0,0.0,0.0,0.0,0.0,0.0,0.0,0.0,0.0,0.0,0.0,0.0,0.0,0.0,0.0,0.0,0.0,0.0,0.0,0.0,0.0,0.0,0.0,0.0,0.0,0.0,0.0,0.0,0.0,0.0,0.0,0.0,0.0,0.0,0.0,0.0,0.0,0.0,0.0,0.0,0.0,0.0,0.0,0.0,0.0,0.0,0.0,0.0,0.0,0.0,0.0,0.0,0.0,0.0,0.0,0.0,0.0,0.0,0.0,0.0,0.0,0.0,0.0,0.0,0.0,0.0,0.0,0.0,0.0,0.0,0.0,0.0,0.0,0.0,0.0,0.0,0.0,0.0,0.0,0.0,0.0,0.0,0.0,0.0,0.0,0.0,0.0
ENCFF240REY,0.171801231371505,218399,167,4297,33475,568,91438,11605,433,523,494,1044,5122,2768,7757,18362,18959,4105,1117,7714,9041,268,1225,89,75,112,1551,17025,5451,58904,7000,507,315,768,3051,2844,149,3933,56,23,15231,20253,145,1221,51,38,1194,10281,23407,1762,881,1983,2229,789,617,12370,228,638,587,207,1707,2460,238,12182,784,618,5139,139,61060,83209,15471,1898,1206,3612,11633,705,2340,867,1288,1432,360,1684,2047,6304,754,909,6441,20,1379,911,21,1864,233,36,2224,1632,15393,278626,16803,181,46674,66170,4223,57486,2226,1092,9517,2884,3021,40,5311,13311,13459,193,7325,70883,2501,53577,370,1656,1876,13753,768,71321,2128,11062,4765,1189,4497,693,301,53892,10277,15379,25043,8057,25370,54115,1391,7328,6672,2015,7812,59506,763,2704,135,185,33,84,4540,635,954,17018,7875,1068,7346,35661,3857,846,2117,1616,1418,4920,7507,7348,9808,110,284,83,1758,80,2602,940,2618,1001,167,22,1066,1415,1915,28157,12732,82023,3861,43788,56098,24486,59987,24086,47923,502,49362,59388,21797,17127,43845,33987,9154,1534,3137,1117,139,1061,1650,316,108,93,296,7247,344,75244,17206,9752,907,250603,57917,6998,43781,23613,2092,985,58894,26926,72806,3302,76162,192,77509,59,590,1324,149,462,1618,544,6861,4942,74,1110,1403,966,1544,682,4142,2569,522,392,9714,5614,3551,5713,2291,577,1154,1283,556,566,426,816,1989,7762,1506,590,2804,4290,3546,12299,26367,11274,4241,6065,2156,1489,1117,1002,1575,840,268,13825,818,1653,9332,642,2995,753,7005,1912,1640,1004,1480,402,807,1058,4135,3689,1265,1491,1211,4102,2684,1502,1242,1729,6716,47,37,631,1105,1091,562,27696,221,16771,47,706,165,12143,1578,13199,11104,12303,53,5300,260,296,2566,7803,78934,2027,4600,3973,1881,838,4401,490,418,1915,25623,10372,6396,2807,58,389,121,24,90,1096,1739,4203,1207,6093,865,868,1478,47292,1374,3384,213377,779,11381,1622,10212,19127,3933,499,8512,17550,1319,1785,1887,659,699,650,94742,2158,1602,1895,755,2026,2211,42967,134,19965,3206,35,47718,13498,148,613,10950,1572,112,12117,1278,3337,430,5970,1809,26147,3820,3114,1300,1882,797,2008,1433,2574,1530,66,1854,79,3222,328,48,367,2325,520,485,991,23712,1334,10780,5993,1123,904,1492,255,63935,795,25627,3790,20486,2935,388,5159,66,48441,9636,16944,71732,2836,23049,359,365,602,2345,668,1856,1206,2282,10932,1729,23,2398,1754,54,49,7021,7639,29,2556,310,45866,61613,47006,11250,59726,7183,662,104503,147015,20203,61308,109620,134129,346,232,1106,1081,338,1446,2115,583,672,1282,11720,0.0,0.0,0.0,0.0,0.0,0.0,0.0,0.0,0.0,0.0,0.0,0.0,0.0,0.0,0.0,0.0,0.0,0.0,0.0,0.0,0.0,0.0,0.0,0.0,0.0,0.0,0.0,0.0,0.0,0.0,0.0,0.0,0.0,0.0,0.0,0.0,0.0,0.0,0.0,0.0,0.0,0.0,0.0,0.0,0.0,0.0,0.0,0.0,0.0,0.0,0.0,0.0,0.0,0.0,0.0,0.0,0.0,0.0,0.0,0.0,0.0,0.0,0.0,0.0,0.0,0.0,0.0,0.0,0.0,0.0,0.0,0.0,0.0,0.0,0.0,0.0,0.0,0.0,0.0,0.0,0.0,0.0,0.0,0.0,0.0,0.0,0.0,0.0,0.0,0.0,0.0,0.0,0.0,0.0,0.0,0.0,0.0,0.0,0.0,0.0,0.0,0.0,0.0,0.0,0.0,0.0,0.0,0.0,0.0,0.0,0.0,0.0,0.0,0.0,0.0,0.0,0.0,0.0,0.0,0.0,0.0,0.0,0.0,0.0,0.0,0.0,0.0,0.0,0.0,0.0,0.0,0.0,0.0,0.0,0.0,0.0,0.0,0.0,0.0,0.0,0.0,0.0,0.0,0.0,0.0,0.0,0.0,0.0,0.0,0.0
ENCFF000YLP,0.05930726084449007,6212,33,296,2033,33,5287,1131,37,33,20,121,209,181,362,1041,1256,270,33,406,570,33,95,6,5,7,103,276,254,1167,438,28,25,42,125,103,5,144,2,4,933,1103,2,79,0,7,76,440,1035,42,81,35,95,27,39,932,20,40,49,9,105,117,13,472,17,24,94,6,3134,4205,776,71,31,116,736,37,92,56,58,45,8,63,83,394,50,44,240,3,60,37,1,155,14,3,166,55,761,15559,1077,13,2932,3832,169,3445,103,33,484,188,182,2,295,832,895,13,560,3259,144,1617,34,105,126,760,44,1718,96,739,284,87,343,42,14,3394,589,236,707,380,1677,2671,58,370,207,116,408,2232,25,51,4,11,2,3,225,27,71,1158,484,77,406,2046,226,38,76,99,79,255,863,915,741,6,15,6,57,3,112,56,156,615,1,0,38,82,78,1505,694,4436,191,2119,2823,1185,1837,1123,2182,18,2516,2815,1188,920,2393,1878,619,80,65,46,8,19,47,21,3,2,33,519,16,1939,949,391,15,19983,3166,335,2588,941,133,91,3182,1541,3786,322,5219,18,5739,5,42,153,44,17,71,39,266,203,4,42,66,35,39,37,218,109,36,25,362,274,195,345,84,28,53,28,29,32,23,66,64,394,88,25,147,194,150,608,1136,186,218,385,91,48,43,31,62,32,15,789,34,70,541,27,129,43,306,68,68,26,56,46,28,47,178,161,66,56,54,277,108,55,55,57,226,5,1,22,37,84,24,1661,16,1140,5,54,13,626,108,782,764,705,1,222,23,15,92,471,3915,65,250,182,100,12,182,17,22,87,1152,500,251,164,4,23,10,0,3,43,119,287,60,328,49,64,75,2550,46,156,12009,34,531,51,362,315,174,34,93,568,58,82,74,87,43,25,1402,102,60,61,51,105,96,2289,8,813,253,1,3222,739,3,22,718,118,5,569,43,255,31,202,94,716,145,78,78,66,47,57,47,161,54,1,101,2,214,18,3,20,65,53,36,58,1881,103,610,352,96,48,116,17,4156,29,1383,145,1373,128,15,260,3,2594,535,979,4067,151,624,17,22,27,89,46,84,30,99,515,85,4,33,61,4,4,459,477,1,41,33,2520,3226,2456,514,3358,421,29,5218,7490,983,3176,5701,7316,20,28,57,55,23,38,138,39,45,55,661,0.0,0.0,0.0,0.0,0.0,0.0,0.0,0.0,0.0,0.0,0.0,0.0,0.0,0.0,0.0,0.0,0.0,0.0,0.0,0.0,0.0,0.0,0.0,0.0,0.0,0.0,0.0,0.0,0.0,0.0,0.0,0.0,0.0,0.0,0.0,0.0,0.0,0.0,0.0,0.0,0.0,0.0,0.0,0.0,0.0,0.0,0.0,0.0,0.0,0.0,0.0,0.0,0.0,0.0,0.0,0.0,0.0,0.0,0.0,0.0,0.0,0.0,0.0,0.0,0.0,0.0,0.0,0.0,0.0,0.0,0.0,0.0,0.0,0.0,0.0,0.0,0.0,0.0,0.0,0.0,0.0,0.0,0.0,0.0,0.0,0.0,0.0,0.0,0.0,0.0,0.0,0.0,0.0,0.0,0.0,0.0,0.0,0.0,0.0,0.0,0.0,0.0,0.0,0.0,0.0,0.0,0.0,0.0,0.0,0.0,0.0,0.0,0.0,0.0,0.0,0.0,0.0,0.0,0.0,0.0,0.0,0.0,0.0,0.0,0.0,0.0,0.0,0.0,0.0,0.0,0.0,0.0,0.0,0.0,0.0,0.0,0.0,0.0,0.0,0.0,0.0,0.0,0.0,0.0,0.0,0.0,0.0,0.0,0.0,0.0
ENCFF277ETM,0.0826343993225505,243070,6984,2983,220,0,3057,393,17,58,13,413,194,75,70,32,252,341,48,217,516,13,89,55,3,0,59,96738,178,51,340,28,14,37,208,158,8,206,0,0,1274,1308,5,28,0,445,41,474,8,479,69,131,106,17,82,29137,0,32,6,2,88,62,0,1,1,0,6153,0,7337,56295,6566,74,67,198,1341,15,106,22,61,67,16,40,232,274,23,21,244,7,58,29,0,239,0,0,85,17,2,23540,1440,12,8358,4958,169,4453,190,42,435,140,155,0,5129,2819,2086,142,1175,14333,30,641,0,0,8,666,0,37,68,804,281,88,189,18,3,3594,189,100842,37,81,1948,10652,1023,4925,78,131,323,185,6,3429,0,3,5,2,193,63,22,1162,407,27,184,138,30,31,122,89,34,184,332,379,3844,25,3,6,67,0,49,24,3898,55,0,0,22,24,127,3603,769,5126,192,2694,4138,1434,559,2096,3051,28,4185,4392,1424,1818,5192,79344,571,92,663,10,0,39,90,11,0,7,2,409,6,845,335,18207,3,322235,2403,490,2888,208,91,139,2246,1292,1333,36,8453,0,8214,0,10,259,0,21,100,58,351,276,0,34,52,29,84,28,262,159,854,16,430,408,153,1788,81,18,47,75,19,15,7,412,63,620,35,30,95,342,170,187,50,196459,367,1921,96,58,66,53,115,16,104,1453,23,61,666,15,198,22,348,75,69,41,68,3,28,31,169,108,38,61,38,263,148,66,44,56,215,1,5,17,39,49,0,2808,35,2362,9,11,2,507,44,3208,2975,614,0,234,2,0,13,240,11879,1168,514,2041,124,0,207,8,9,171,1801,275,214,117,8,26,0,0,2,36,44,469,99,610,19,27,28,216,54,142,18953,363,540,47,435,76135,160,16,749,7041,32,150,144,15,8,1,68180,152,113,131,61,83,97,3403,85,1173,641,1,8285,1631,1,46,350,140,6,360,58,42,21,434,52,39,21,30213,43,103,32,69,74,212,10,0,277,0,144,14,44,13,33206,34,0,9,146,0,190,40,1,65,252,0,8404,26641,1345,67,1078,254,1,329,0,6304,484,947,8361,85,115,8,0,18,47,835,97,54,55,30,89,0,13,57,0,0,1261,307,0,20405,0,2538,3308,2750,389,2913,1002,21,3968,11859,1139,2467,11577,6527,15,15,53,24,21,40,76,16,408,52,665,0.0,0.0,0.0,0.0,0.0,0.0,0.0,0.0,0.0,0.0,0.0,0.0,0.0,0.0,0.0,0.0,0.0,0.0,0.0,0.0,0.0,0.0,0.0,0.0,0.0,0.0,0.0,0.0,0.0,0.0,0.0,0.0,0.0,0.0,0.0,0.0,0.0,0.0,0.0,0.0,0.0,0.0,0.0,0.0,0.0,0.0,0.0,0.0,0.0,0.0,0.0,0.0,0.0,0.0,0.0,0.0,0.0,0.0,0.0,0.0,0.0,0.0,0.0,0.0,0.0,0.0,0.0,0.0,0.0,0.0,0.0,0.0,0.0,0.0,0.0,0.0,0.0,0.0,0.0,0.0,0.0,0.0,0.0,0.0,0.0,0.0,0.0,0.0,0.0,0.0,0.0,0.0,0.0,0.0,0.0,0.0,0.0,0.0,0.0,0.0,0.0,0.0,0.0,0.0,0.0,0.0,0.0,0.0,0.0,0.0,0.0,0.0,0.0,0.0,0.0,0.0,0.0,0.0,0.0,0.0,0.0,0.0,0.0,0.0,0.0,0.0,0.0,0.0,0.0,0.0,0.0,0.0,0.0,0.0,0.0,0.0,0.0,0.0,0.0,0.0,0.0,0.0,0.0,0.0,0.0,0.0,0.0,0.0,0.0,0.0
ENCFF679GQT,0.144346179181395,34508,184,2024,35662,275,54832,4229,210,114,126,265,2145,890,3326,13120,13951,969,363,3061,2551,41,286,19,33,55,772,2221,2152,18384,1664,88,50,270,1657,1385,18,1515,13,2,4088,5149,72,199,29,46,469,3956,14353,178,376,939,1105,163,124,2507,48,168,114,105,369,1085,526,10366,348,165,651,59,28982,25915,2582,963,553,1203,2316,91,1071,438,606,686,188,912,891,1604,305,589,2742,5,670,579,16,482,101,29,1207,748,13812,88746,4772,84,12437,18537,1897,15960,983,509,2005,644,789,10,1551,3301,3771,105,2593,15891,986,23335,104,517,781,3472,243,38152,1079,2688,1135,197,973,101,25,12383,3507,806,20822,4165,5080,12488,91,2616,3054,971,1749,22295,281,249,64,43,19,13,1025,227,213,4993,1780,146,2130,35211,1977,151,1069,739,473,1444,1932,1866,2577,23,60,32,860,8,1026,490,777,250,5,10,372,283,960,6043,2908,19690,1606,12146,18092,7825,16985,8222,15695,134,12883,16044,4390,4350,12916,9061,3065,593,234,406,102,494,884,62,7,27,32,2100,54,26083,6250,3788,193,122943,22980,2590,14524,17017,592,232,21050,10793,36410,1232,18358,60,17115,8,153,434,19,247,727,177,2876,1193,19,533,578,492,770,397,1955,1131,99,123,3363,2025,1099,1368,1248,275,650,611,301,257,193,139,983,2900,665,274,888,1837,1427,7679,57460,1720,1791,1616,873,653,554,498,766,436,33,4395,422,1001,2753,273,1102,408,2245,1031,822,571,771,75,383,324,1861,1520,682,658,642,1293,1222,827,552,795,2466,18,12,320,589,252,191,6623,74,4131,16,118,31,3162,337,3603,3394,4575,18,1439,43,31,775,1519,58154,333,1068,1506,573,67,1701,41,260,676,10655,4195,2254,720,38,69,27,15,20,495,1115,1057,543,2033,503,403,980,45388,179,1297,53680,319,3106,757,4546,2479,1621,283,395,2582,627,878,899,345,242,122,12631,1072,799,854,367,941,1012,12600,19,8019,701,16,12787,3504,28,206,2795,544,19,4701,595,398,71,2480,779,17193,1678,429,587,912,450,568,770,503,466,25,413,26,1153,71,35,49,225,433,143,489,21432,630,5780,2847,473,428,334,113,12488,92,6504,1052,4715,645,51,1222,6,18049,3028,5587,21999,3684,9909,112,154,326,793,364,813,603,795,3719,780,10,142,782,26,30,1535,1553,4,183,47,12602,20552,15598,4607,16014,2276,286,44245,43904,6980,20438,34888,38209,137,43,551,497,201,719,357,153,122,339,3501,0.0,0.0,0.0,0.0,0.0,0.0,0.0,0.0,0.0,0.0,0.0,0.0,0.0,0.0,0.0,0.0,0.0,0.0,0.0,0.0,0.0,0.0,0.0,0.0,0.0,0.0,0.0,0.0,0.0,0.0,0.0,0.0,0.0,0.0,0.0,0.0,0.0,0.0,0.0,0.0,0.0,0.0,0.0,0.0,0.0,0.0,0.0,0.0,0.0,0.0,0.0,0.0,0.0,0.0,0.0,0.0,0.0,0.0,0.0,0.0,0.0,0.0,0.0,0.0,0.0,0.0,0.0,0.0,0.0,0.0,0.0,0.0,0.0,0.0,0.0,0.0,0.0,0.0,0.0,0.0,0.0,0.0,0.0,0.0,0.0,0.0,0.0,0.0,0.0,0.0,0.0,0.0,0.0,0.0,0.0,0.0,0.0,0.0,0.0,0.0,0.0,0.0,0.0,0.0,0.0,0.0,0.0,0.0,0.0,0.0,0.0,0.0,0.0,0.0,0.0,0.0,0.0,0.0,0.0,0.0,0.0,0.0,0.0,0.0,0.0,0.0,0.0,0.0,0.0,0.0,0.0,0.0,0.0,0.0,0.0,0.0,0.0,0.0,0.0,0.0,0.0,0.0,0.0,0.0,0.0,0.0,0.0,0.0,0.0,0.0
ENCFF000XQX,0.07913795222607273,5539,37,264,2351,63,5380,513,30,44,21,66,223,332,665,1082,1686,316,41,410,435,23,59,4,3,5,65,302,256,3071,322,31,18,33,126,122,6,153,3,1,699,980,10,67,7,7,57,402,1692,33,154,95,104,46,25,604,12,25,29,12,85,119,14,934,28,45,111,11,3937,3958,717,91,49,118,632,29,87,40,54,71,17,76,98,318,43,46,242,1,55,38,2,129,16,2,151,94,1261,13782,889,7,2334,3417,167,3090,103,35,433,140,148,3,236,672,608,14,384,3128,255,2882,45,226,198,712,111,3700,88,566,254,93,287,34,11,2671,963,200,1749,720,1419,2351,44,348,286,84,297,3893,52,61,7,15,4,2,153,33,47,760,407,54,403,2307,253,40,95,119,105,244,427,373,484,7,12,6,62,3,136,72,163,273,5,0,58,90,67,1456,613,3926,189,2330,2939,1180,2906,1073,2265,14,2270,2663,901,808,2039,1609,592,69,53,81,3,46,65,20,9,2,89,335,42,3953,1016,927,36,16870,2847,321,2445,1836,112,53,3361,1453,4400,371,3931,16,3924,5,21,86,34,23,70,28,258,168,4,55,70,44,54,34,196,100,19,21,336,255,146,264,93,27,44,49,38,30,27,46,98,410,98,25,160,190,135,914,1999,154,181,271,111,66,49,48,57,34,9,668,35,56,446,25,109,40,286,94,87,45,56,15,25,41,171,183,73,58,54,182,98,47,71,68,224,2,3,30,26,43,23,1228,14,802,1,44,7,544,75,581,584,524,2,182,9,19,165,316,4932,58,182,186,84,8,187,18,21,60,1035,524,255,136,4,27,13,1,10,46,128,239,57,268,39,42,84,3584,44,164,9949,46,484,80,389,315,190,27,136,580,59,74,68,44,30,21,1401,102,78,75,25,91,91,2045,16,764,214,1,2292,702,7,29,471,80,10,516,47,112,35,263,80,1463,239,74,68,74,34,88,43,121,78,3,103,7,141,14,0,17,53,42,49,62,1546,163,679,441,131,36,63,14,3288,38,1143,169,1125,138,16,265,5,2300,446,736,3256,221,1201,19,21,24,76,42,84,51,95,568,71,2,37,90,2,4,379,379,0,52,21,2134,3071,2295,528,2975,412,28,5858,7135,987,3106,5433,6659,21,16,68,71,15,79,131,19,40,39,565,0.0,0.0,0.0,0.0,0.0,0.0,0.0,0.0,0.0,0.0,0.0,0.0,0.0,0.0,0.0,0.0,0.0,0.0,0.0,0.0,0.0,0.0,0.0,0.0,0.0,0.0,0.0,0.0,0.0,0.0,0.0,0.0,0.0,0.0,0.0,0.0,0.0,0.0,0.0,0.0,0.0,0.0,0.0,0.0,0.0,0.0,0.0,0.0,0.0,0.0,0.0,0.0,0.0,0.0,0.0,0.0,0.0,0.0,0.0,0.0,0.0,0.0,0.0,0.0,0.0,0.0,0.0,0.0,0.0,0.0,0.0,0.0,0.0,0.0,0.0,0.0,0.0,0.0,0.0,0.0,0.0,0.0,0.0,0.0,0.0,0.0,0.0,0.0,0.0,0.0,0.0,0.0,0.0,0.0,0.0,0.0,0.0,0.0,0.0,0.0,0.0,0.0,0.0,0.0,0.0,0.0,0.0,0.0,0.0,0.0,0.0,0.0,0.0,0.0,0.0,0.0,0.0,0.0,0.0,0.0,0.0,0.0,0.0,0.0,0.0,0.0,0.0,0.0,0.0,0.0,0.0,0.0,0.0,0.0,0.0,0.0,0.0,0.0,0.0,0.0,0.0,0.0,0.0,0.0,0.0,0.0,0.0,0.0,0.0,0.0
ENCFF534ZOY,0.11656152798199665,314562,237,4726,64403,603,257995,38062,1436,815,554,2500,13353,3293,7974,36629,30610,4953,1401,9903,15837,315,1545,195,448,347,5312,20164,10291,40695,9832,293,108,1188,7189,6462,54,7185,93,24,26383,19608,168,508,154,63,1876,17126,31868,1190,2651,4233,4769,307,780,12998,214,853,1111,703,2468,9071,307,10960,570,515,5482,1359,60219,102379,12818,4122,2434,6059,14519,83,4863,2390,2506,3001,765,4213,4965,5709,1666,2381,12286,71,2936,2723,39,2334,720,82,2750,1715,19878,351396,21034,376,57909,84294,9208,71314,5264,2538,7703,3166,4225,113,8736,19703,23872,500,19287,85428,2741,57126,278,1342,1874,13568,709,83400,3928,19769,6216,643,4251,334,1329,58784,6773,8120,22870,11129,37737,57777,631,12285,8893,4086,8392,60225,905,1375,94,202,97,56,3697,793,3326,32604,7875,692,9470,63319,4384,563,5063,2545,1311,5883,11646,14452,17063,211,355,112,3645,175,4227,1985,4100,3218,31,49,1391,980,4722,25940,13092,95264,7320,44025,70608,30863,56990,35756,65400,359,55232,70915,26498,21077,66096,41150,11074,2874,2069,1606,72,2312,4067,348,167,79,340,12645,403,66246,22314,11215,789,381566,92620,9715,53746,24228,2341,2069,66438,42946,97113,6696,117491,433,125689,249,563,3522,283,1245,3558,1171,12141,4777,149,2524,2307,2183,3605,1903,8829,4382,1012,506,13675,9653,5864,9041,5531,1050,3416,2615,1684,1437,865,691,3557,9397,2795,1165,3509,8810,6070,15431,66763,18885,7963,9083,3871,2872,2291,2233,3234,1688,309,24087,2207,5747,12273,1247,4876,2315,9771,6000,3851,3185,3376,1009,1513,1180,8584,6215,3434,2752,2756,6239,5353,3654,2150,3860,8109,98,168,1478,3223,2415,1239,34596,1336,23797,118,366,499,12037,1476,20196,19151,22986,124,5385,574,106,4492,6376,152944,1991,5625,7530,2629,188,6720,161,619,3433,51131,15177,26348,3130,594,893,416,33,343,2103,3876,5541,2835,11234,2126,1816,2339,87672,561,5874,235150,1178,13430,3418,18874,22674,6027,1132,976,12170,2794,4033,4141,1266,1051,199,186186,5634,3763,3787,1829,3663,4482,53496,155,35175,3332,115,76995,18627,109,1060,16644,3774,597,18455,2690,6878,589,12491,3530,29428,2672,2704,2748,3775,2722,2506,3470,4889,1974,198,2249,179,7132,541,1160,385,1325,1527,407,1160,66481,2112,16636,8764,1291,2064,2629,1139,66921,1017,27899,4367,21440,3687,142,5678,76,85807,14906,29610,111715,3475,28633,348,1120,1571,6741,2013,3815,2822,3189,18040,3375,41,366,3537,133,148,6458,6188,35,991,577,58280,75944,61256,16083,66302,10253,1306,122306,167940,27655,72697,137687,163728,285,124,2444,2143,1223,3004,1611,1241,718,1844,20207,0.0,0.0,0.0,0.0,0.0,0.0,0.0,0.0,0.0,0.0,0.0,0.0,0.0,0.0,0.0,0.0,0.0,0.0,0.0,0.0,0.0,0.0,0.0,0.0,0.0,0.0,0.0,0.0,0.0,0.0,0.0,0.0,0.0,0.0,0.0,0.0,0.0,0.0,0.0,0.0,0.0,0.0,0.0,0.0,0.0,0.0,0.0,0.0,0.0,0.0,0.0,0.0,0.0,0.0,0.0,0.0,0.0,0.0,0.0,0.0,0.0,0.0,0.0,0.0,0.0,0.0,0.0,0.0,0.0,0.0,0.0,0.0,0.0,0.0,0.0,0.0,0.0,0.0,0.0,0.0,0.0,0.0,0.0,0.0,0.0,0.0,0.0,0.0,0.0,0.0,0.0,0.0,0.0,0.0,0.0,0.0,0.0,0.0,0.0,0.0,0.0,0.0,0.0,0.0,0.0,0.0,0.0,0.0,0.0,0.0,0.0,0.0,0.0,0.0,0.0,0.0,0.0,0.0,0.0,0.0,0.0,0.0,0.0,0.0,0.0,0.0,0.0,0.0,0.0,0.0,0.0,0.0,0.0,0.0,0.0,0.0,0.0,0.0,0.0,0.0,0.0,0.0,0.0,0.0,0.0,0.0,0.0,0.0,0.0,0.0
ENCFF000XOT,0.06929565139673151,1643,19,146,1081,34,2937,202,15,18,12,23,106,180,341,542,911,145,16,180,185,10,32,1,0,2,19,70,110,1421,133,7,8,19,101,59,0,75,2,1,295,389,1,36,3,2,15,203,779,11,33,37,52,14,11,245,5,13,7,5,25,35,8,474,20,23,15,1,1813,1945,246,38,31,39,237,13,32,23,23,32,9,28,34,133,9,23,117,0,32,16,1,41,7,3,77,43,602,5988,370,2,1016,1343,93,1312,171,20,169,52,51,1,104,220,259,7,153,1314,102,1569,28,130,108,340,64,1912,59,234,86,38,105,11,3,1037,542,54,773,307,629,1013,16,147,87,43,140,1705,20,11,3,4,1,2,65,11,19,353,144,24,189,1133,119,8,38,38,29,88,183,169,223,3,6,1,35,2,54,24,232,643,3,1,21,33,39,666,284,1655,96,1087,1312,543,1413,547,1109,9,1013,1291,382,328,911,687,248,37,10,35,5,22,22,8,3,2,6,137,16,1861,501,458,14,6508,2054,140,978,903,33,45,1450,682,2030,196,1502,8,1504,0,7,29,6,7,36,14,123,67,0,30,33,13,33,20,73,39,8,3,143,98,66,85,48,11,24,28,18,19,13,22,45,206,28,26,99,78,58,388,1345,41,83,129,43,22,13,20,35,19,2,268,18,28,170,6,46,15,132,34,36,29,42,9,24,17,92,67,36,35,34,72,55,26,40,37,132,1,1,12,20,19,10,467,5,319,1,14,5,221,35,236,224,251,2,74,4,7,57,165,3232,23,64,86,35,3,102,5,4,18,476,214,86,49,3,11,8,0,2,28,46,78,16,148,28,22,63,1578,17,79,4433,19,215,38,191,62,79,7,33,190,37,31,36,12,15,8,309,42,33,35,16,39,44,840,2,379,93,2,982,283,4,9,248,26,0,245,23,38,5,148,55,660,117,23,30,35,18,38,17,39,32,0,33,1,85,1,1,6,14,12,36,37,793,90,330,233,47,16,44,5,1693,5,447,64,453,46,7,91,1,931,197,319,1488,125,540,12,7,14,24,22,39,18,48,256,43,0,11,42,3,4,151,147,2,10,17,849,1497,1168,243,1184,200,6,2707,3265,493,1471,2503,2865,21,11,18,42,5,21,51,15,15,25,237,0.0,0.0,0.0,0.0,0.0,0.0,0.0,0.0,0.0,0.0,0.0,0.0,0.0,0.0,0.0,0.0,0.0,0.0,0.0,0.0,0.0,0.0,0.0,0.0,0.0,0.0,0.0,0.0,0.0,0.0,0.0,0.0,0.0,0.0,0.0,0.0,0.0,0.0,0.0,0.0,0.0,0.0,0.0,0.0,0.0,0.0,0.0,0.0,0.0,0.0,0.0,0.0,0.0,0.0,0.0,0.0,0.0,0.0,0.0,0.0,0.0,0.0,0.0,0.0,0.0,0.0,0.0,0.0,0.0,0.0,0.0,0.0,0.0,0.0,0.0,0.0,0.0,0.0,0.0,0.0,0.0,0.0,0.0,0.0,0.0,0.0,0.0,0.0,0.0,0.0,0.0,0.0,0.0,0.0,0.0,0.0,0.0,0.0,0.0,0.0,0.0,0.0,0.0,0.0,0.0,0.0,0.0,0.0,0.0,0.0,0.0,0.0,0.0,0.0,0.0,0.0,0.0,0.0,0.0,0.0,0.0,0.0,0.0,0.0,0.0,0.0,0.0,0.0,0.0,0.0,0.0,0.0,0.0,0.0,0.0,0.0,0.0,0.0,0.0,0.0,0.0,0.0,0.0,0.0,0.0,0.0,0.0,0.0,0.0,0.0
ENCFF233HDB,0.3983016767550268,25292202,375252,27175,1497,0,16252,7207,130,466,160,13685,1043,867,519,52,62,3576,4032,3592,7968,261,1693,3545,7721,23,840,1673433,1585,241,7261,531,1321,612,774,591,31,1128,0,0,26475,14112,58,584,156,92593,335,4383,60,118328,1237,446,554,996,2265,183880,35,374,66,53,4284,590,3,13,21,6,294638,0,31510,174502,41030,411,278,10298,15887,144,571,166,261,344,55,442,465,3591,110,174,1650,71,222,274,29,3594,3290,49,7219,117,70,420379,17032,608,248417,54930,1394,50071,615,218,6671,2293,3758,0,292130,109330,14973,660,13541,250133,82,8292,0,0,179,8280,0,152,317,17922,6049,2600,3401,194,0,90704,1675,656094,138,700,25359,121367,64749,3587,973,447,32069,1306,165,246248,2,132,887,8,2838,549,195,14490,6003,758,2509,786,198,1185,602,3688,1751,2584,2797,3430,59595,2126,8,213,347,3,411,160,5460,4172,0,0,256,378,582,25702,9185,193588,2854,35950,30078,12367,6489,31873,33998,80,38739,42648,22476,17337,73287,251567,5597,901,5700,71,8,204,456,196,40,40,43,7963,2,10210,4983,46,7,38241463,27552,43949,36643,579,1554,2020,26863,14113,18603,214,75743,15,71874,100,142,1490,0,131,382,522,2360,3193,5,203,201,201,378,180,1240,459,3212,204,4676,3045,1421,14793,675,126,368,263,155,102,63,1059,360,3489,448,121,1166,1534,592,1508,348,2691941,1214,39863,858,279,183,221,320,150,1109,26985,255,539,7039,175,1538,273,3066,496,444,249,275,73,433,483,1092,742,294,244,277,10051,1934,424,152,380,1212,68,68,177,286,598,10,38646,53,24768,73,257,9,5942,842,25620,12638,5609,0,3282,585,317,52,4333,64741,68653,5004,15884,1688,349,795,54,143,2908,13122,3846,1659,1910,1222,3229,3,0,2,238,5,2944,345,2972,182,161,717,382,16588,1015,173627,60210,6847,285,3470,1712805,1092,148,96982,343848,226,511,455,144,91,133,7928435,648,408,465,483,342,462,28498,27,11967,3409,1,139180,21270,0,614,5843,3940,3,3928,240,575,299,3796,336,672,136,384036,239,371,249,454,405,2444,12,11,3122,6,1833,682,296,80,251093,737,5,119,1704,12,1660,502,53,1078,1281,132,122335,139799,28173,5559,16948,2042,21,4007,0,47528,6121,8550,207910,282,1179,58,18,129,338,119459,390,274,590,367,335,2,1180,298,6,0,9281,5383,12,170171,1740,35361,37327,29632,4430,34767,7506,888,47068,102491,14491,26902,89982,84814,54,135,192,149,124,298,970,766,1487,743,10396,0.0,0.0,0.0,0.0,0.0,0.0,0.0,0.0,0.0,0.0,0.0,0.0,0.0,0.0,0.0,0.0,0.0,0.0,0.0,0.0,0.0,0.0,0.0,0.0,0.0,0.0,0.0,0.0,0.0,0.0,0.0,0.0,0.0,0.0,0.0,0.0,0.0,0.0,0.0,0.0,0.0,0.0,0.0,0.0,0.0,0.0,0.0,0.0,0.0,0.0,0.0,0.0,0.0,0.0,0.0,0.0,0.0,0.0,0.0,0.0,0.0,0.0,0.0,0.0,0.0,0.0,0.0,0.0,0.0,0.0,0.0,0.0,0.0,0.0,0.0,0.0,0.0,0.0,0.0,0.0,0.0,0.0,0.0,0.0,0.0,0.0,0.0,0.0,0.0,0.0,0.0,0.0,0.0,0.0,0.0,0.0,0.0,0.0,0.0,0.0,0.0,0.0,0.0,0.0,0.0,0.0,0.0,0.0,0.0,0.0,0.0,0.0,0.0,0.0,0.0,0.0,0.0,0.0,0.0,0.0,0.0,0.0,0.0,0.0,0.0,0.0,0.0,0.0,0.0,0.0,0.0,0.0,0.0,0.0,0.0,0.0,0.0,0.0,0.0,0.0,0.0,0.0,0.0,0.0,0.0,0.0,0.0,0.0,0.0,0.0
ENCFF000RQK,0.16298835469828166,23257,76,981,12784,220,41699,2940,97,181,127,208,1187,1352,3848,6575,13138,1405,285,2375,2343,77,282,17,23,38,319,1352,1373,13202,1762,110,123,205,836,719,21,956,26,10,3079,4778,30,256,14,27,328,2501,10440,142,310,469,634,187,140,2735,84,124,153,50,383,564,155,6507,119,184,419,13,20307,19134,3217,541,316,688,2105,128,573,246,333,372,98,443,502,1444,170,270,1540,7,365,256,5,485,161,31,883,523,8254,71136,4070,61,11231,16334,1064,14056,562,256,2321,655,915,14,1209,3208,3258,88,1772,13378,992,15129,97,551,570,3094,244,21375,607,2450,1342,271,1071,160,34,13774,5087,806,10899,3792,4658,12372,100,1763,1916,531,1493,18753,215,191,52,55,7,27,1024,170,246,4272,1874,218,1674,12913,1482,197,525,750,857,1152,1878,1638,2210,27,50,23,455,13,715,277,641,3890,13,4,251,278,441,5621,2900,17445,1019,12376,13809,6004,11790,5752,11039,119,10697,12972,4166,3699,10198,7481,2333,305,226,383,14,271,406,63,14,8,16,1458,119,16924,4773,4979,128,87233,15596,1632,11198,11215,460,232,15889,7748,24072,1596,16365,27,17062,4,115,268,10,140,391,81,1704,1148,57,292,366,256,388,156,1048,631,66,84,2263,1430,803,1055,615,140,295,339,176,127,120,161,528,2110,404,169,704,1016,938,4800,11652,810,971,1405,585,361,274,257,425,232,29,3310,222,429,2129,145,749,183,1577,489,434,248,397,108,172,243,1128,923,349,416,310,944,656,419,315,412,1680,19,18,183,288,231,115,6501,68,3943,10,191,38,2818,381,3346,2719,3171,15,1261,63,61,752,1865,33379,340,917,838,427,55,1075,75,176,465,6452,2965,1199,686,32,50,36,8,22,264,488,1025,265,1445,266,232,993,22102,167,853,48115,218,2596,396,2599,1398,1016,109,473,2287,365,404,458,145,169,156,7092,543,456,529,190,516,539,10369,36,4743,774,11,11056,3217,1,122,2164,349,10,2833,324,576,86,1477,479,6464,1276,358,346,501,197,508,383,550,408,9,317,10,865,47,19,75,246,326,256,340,12627,547,4019,1957,392,279,341,119,14430,71,6195,715,4861,705,107,1229,7,13523,2690,4148,18323,870,7862,100,119,163,405,174,427,303,786,3794,449,10,221,462,20,22,1664,1851,9,185,72,10886,14564,11002,2878,13709,1658,290,27949,34543,4996,15070,26246,30916,162,83,286,290,114,384,508,162,125,292,2763,0.0,0.0,0.0,0.0,0.0,0.0,0.0,0.0,0.0,0.0,0.0,0.0,0.0,0.0,0.0,0.0,0.0,0.0,0.0,0.0,0.0,0.0,0.0,0.0,0.0,0.0,0.0,0.0,0.0,0.0,0.0,0.0,0.0,0.0,0.0,0.0,0.0,0.0,0.0,0.0,0.0,0.0,0.0,0.0,0.0,0.0,0.0,0.0,0.0,0.0,0.0,0.0,0.0,0.0,0.0,0.0,0.0,0.0,0.0,0.0,0.0,0.0,0.0,0.0,0.0,0.0,0.0,0.0,0.0,0.0,0.0,0.0,0.0,0.0,0.0,0.0,0.0,0.0,0.0,0.0,0.0,0.0,0.0,0.0,0.0,0.0,0.0,0.0,0.0,0.0,0.0,0.0,0.0,0.0,0.0,0.0,0.0,0.0,0.0,0.0,0.0,0.0,0.0,0.0,0.0,0.0,0.0,0.0,0.0,0.0,0.0,0.0,0.0,0.0,0.0,0.0,0.0,0.0,0.0,0.0,0.0,0.0,0.0,0.0,0.0,0.0,0.0,0.0,0.0,0.0,0.0,0.0,0.0,0.0,0.0,0.0,0.0,0.0,0.0,0.0,0.0,0.0,0.0,0.0,0.0,0.0,0.0,0.0,0.0,0.0
ENCFF000YSF,0.07294993515470001,6430,32,307,2537,52,6713,747,26,27,16,100,246,224,456,1478,1625,239,40,425,577,13,64,4,8,6,92,245,235,1464,354,29,24,48,128,106,5,162,1,3,812,1086,2,63,1,15,74,445,1332,41,86,65,91,39,38,864,17,29,47,14,83,120,12,620,16,28,89,11,3334,4403,767,75,44,139,703,28,91,37,44,56,24,76,87,351,37,31,231,2,58,39,0,115,10,3,123,85,1044,14914,1022,21,2673,3635,177,3169,139,43,472,154,157,2,269,797,877,7,624,3188,214,1980,45,186,149,757,96,2247,101,837,316,77,326,24,16,2900,652,175,947,486,1681,2588,44,376,252,93,338,2755,33,64,3,12,4,5,179,19,80,1106,521,63,396,2652,211,46,87,103,90,248,684,669,651,3,12,1,58,4,124,53,205,228,9,1,58,71,69,1408,624,4277,177,2256,2756,1227,2252,1087,2190,11,2427,2765,1274,817,2332,1709,554,69,64,67,4,34,58,14,6,1,6,559,19,2201,982,481,23,20414,3106,338,2425,1169,90,72,3247,1610,4195,359,4788,24,5142,6,40,129,40,13,63,66,271,214,7,44,61,41,61,35,210,114,56,19,365,290,178,277,90,19,49,35,42,28,16,53,71,354,111,30,146,194,129,706,1525,163,175,356,110,55,26,28,46,31,9,678,24,54,498,23,141,26,317,59,66,44,65,48,23,46,168,137,60,70,40,231,108,65,53,56,241,3,3,26,33,50,33,1543,13,1086,4,47,70,587,98,770,722,708,1,219,16,7,86,420,4654,65,219,176,112,12,163,14,22,69,1234,572,260,142,4,20,14,0,4,40,99,259,71,337,31,31,87,3330,34,150,11393,31,487,72,322,264,184,14,90,532,59,65,80,38,26,18,1418,92,77,88,42,95,95,2244,5,838,225,2,3000,634,1,44,629,84,6,544,54,312,33,196,84,906,213,84,61,83,27,84,58,161,53,1,107,3,180,12,13,19,62,36,53,43,2549,169,660,437,101,36,93,19,4073,33,1372,171,1260,116,27,301,2,2520,487,916,3929,170,814,29,29,26,76,47,79,33,102,512,54,0,21,88,0,0,410,432,1,58,20,2221,3122,2342,539,3136,399,21,5250,7412,1103,3223,5431,6957,28,26,46,55,13,67,139,39,47,45,663,0.0,0.0,0.0,0.0,0.0,0.0,0.0,0.0,0.0,0.0,0.0,0.0,0.0,0.0,0.0,0.0,0.0,0.0,0.0,0.0,0.0,0.0,0.0,0.0,0.0,0.0,0.0,0.0,0.0,0.0,0.0,0.0,0.0,0.0,0.0,0.0,0.0,0.0,0.0,0.0,0.0,0.0,0.0,0.0,0.0,0.0,0.0,0.0,0.0,0.0,0.0,0.0,0.0,0.0,0.0,0.0,0.0,0.0,0.0,0.0,0.0,0.0,0.0,0.0,0.0,0.0,0.0,0.0,0.0,0.0,0.0,0.0,0.0,0.0,0.0,0.0,0.0,0.0,0.0,0.0,0.0,0.0,0.0,0.0,0.0,0.0,0.0,0.0,0.0,0.0,0.0,0.0,0.0,0.0,0.0,0.0,0.0,0.0,0.0,0.0,0.0,0.0,0.0,0.0,0.0,0.0,0.0,0.0,0.0,0.0,0.0,0.0,0.0,0.0,0.0,0.0,0.0,0.0,0.0,0.0,0.0,0.0,0.0,0.0,0.0,0.0,0.0,0.0,0.0,0.0,0.0,0.0,0.0,0.0,0.0,0.0,0.0,0.0,0.0,0.0,0.0,0.0,0.0,0.0,0.0,0.0,0.0,0.0,0.0,0.0
ENCFF370DYU,0.15258748484837775,289747,109,3503,46785,834,167120,11965,638,827,427,847,6153,3986,7402,19846,38104,2997,1837,5834,6804,168,995,112,283,197,1992,20315,5698,24771,5506,275,62,848,3903,3897,49,4430,163,11,9514,13511,287,554,222,24,1061,10613,27291,1551,1533,2908,2774,278,561,7178,155,657,423,533,2363,3013,320,8235,229,433,5248,165,41569,65856,7446,2474,1474,3794,7685,115,2756,1284,1494,1683,449,2427,2598,3763,873,1505,7227,74,1649,1558,71,1755,1068,123,3129,1061,8395,200312,10784,264,31072,49104,5810,42081,2870,1456,5622,2161,2958,119,4933,9454,11463,767,6748,46261,2271,66455,291,1419,1441,9123,749,110619,2226,7576,3180,744,2904,267,152,40046,8054,6983,19089,8951,15524,37477,596,7376,5557,2261,5496,44420,817,1292,159,227,122,39,2701,747,616,13469,5144,602,5092,44129,2780,484,2916,4370,3303,3611,5348,6262,8038,135,357,73,2143,118,2566,1162,849,276,8,22,906,560,2405,14820,7809,52411,4276,28010,43401,15791,30548,19900,35983,373,32458,41374,11971,12194,32186,22958,5513,1504,1314,433,12,1483,2393,238,160,71,62,5185,399,43094,10316,13600,574,183080,41289,5387,27291,16361,1921,765,40515,17969,48732,3550,51981,154,52262,189,371,1071,76,687,1865,341,7270,3099,92,1480,1374,1394,2088,1140,4780,2416,177,275,8360,5746,2849,3832,3312,652,1838,1631,966,608,494,397,2204,5636,1272,789,2048,4889,3286,10139,34631,18797,4653,4545,2263,1738,1361,1355,1882,1070,69,10536,1170,3366,7642,727,2830,1169,6656,3638,2213,2090,1884,171,898,827,5206,3719,2035,1591,1571,3575,3321,2175,1250,2418,5221,43,43,837,1681,1112,645,17301,511,11510,53,327,103,7813,890,9566,8962,10157,174,3847,746,186,1893,4174,97406,1620,2634,4247,1561,175,3911,122,1947,2185,28494,7731,6052,2120,224,291,575,34,487,1286,1340,2844,1658,6117,1280,880,2254,89091,657,3300,147089,816,8712,2022,11770,21451,3513,593,2275,12450,1613,2230,2317,645,603,160,214689,3123,2168,2226,650,2158,2504,34549,382,21985,1903,140,38084,10905,40,625,7736,1243,429,11576,1569,1385,508,6899,2021,37638,2059,2701,1499,2293,1322,1586,1969,1856,1121,87,1874,115,3533,490,523,201,1277,644,352,1107,33518,1541,9204,4871,920,1080,1439,544,41279,1067,15122,2472,13172,2969,104,3505,11,48292,8529,13793,55788,1921,21497,200,570,890,2129,1191,1998,1693,1951,6522,1832,21,198,2124,42,157,4260,4125,31,921,269,34425,39781,32227,8431,38994,5938,958,71714,101634,14397,39941,78647,96182,380,98,1411,1319,586,1795,1105,916,412,1109,9006,0.0,0.0,0.0,0.0,0.0,0.0,0.0,0.0,0.0,0.0,0.0,0.0,0.0,0.0,0.0,0.0,0.0,0.0,0.0,0.0,0.0,0.0,0.0,0.0,0.0,0.0,0.0,0.0,0.0,0.0,0.0,0.0,0.0,0.0,0.0,0.0,0.0,0.0,0.0,0.0,0.0,0.0,0.0,0.0,0.0,0.0,0.0,0.0,0.0,0.0,0.0,0.0,0.0,0.0,0.0,0.0,0.0,0.0,0.0,0.0,0.0,0.0,0.0,0.0,0.0,0.0,0.0,0.0,0.0,0.0,0.0,0.0,0.0,0.0,0.0,0.0,0.0,0.0,0.0,0.0,0.0,0.0,0.0,0.0,0.0,0.0,0.0,0.0,0.0,0.0,0.0,0.0,0.0,0.0,0.0,0.0,0.0,0.0,0.0,0.0,0.0,0.0,0.0,0.0,0.0,0.0,0.0,0.0,0.0,0.0,0.0,0.0,0.0,0.0,0.0,0.0,0.0,0.0,0.0,0.0,0.0,0.0,0.0,0.0,0.0,0.0,0.0,0.0,0.0,0.0,0.0,0.0,0.0,0.0,0.0,0.0,0.0,0.0,0.0,0.0,0.0,0.0,0.0,0.0,0.0,0.0,0.0,0.0,0.0,0.0
ENCFF890NEW,0.1940963599449018,235127,115,1683,23125,269,72413,4957,164,184,201,421,1745,990,3254,13513,13038,1450,362,3151,3108,87,380,27,47,51,758,18679,1855,12167,2373,153,248,272,1042,940,193,1232,8,6,4451,6144,22,363,13,23,382,3355,9475,2209,373,596,750,242,186,3593,70,204,406,90,568,890,135,5060,122,151,5942,28,21956,27717,4446,634,413,3106,2862,183,746,302,416,460,106,580,721,1830,257,321,2041,10,504,311,8,566,99,19,609,645,9201,93304,5410,80,15448,21220,1323,18500,681,337,3083,942,1016,24,1725,4565,4737,84,2649,19355,1015,17258,167,640,750,4224,294,23598,789,3642,1627,344,1390,230,64,15965,3750,10672,7834,3112,6302,15876,2066,2651,2587,717,3865,22542,301,2602,66,48,14,24,1353,187,278,6203,2434,348,2103,22723,1618,265,717,1010,646,1623,2859,3010,3339,49,74,41,586,15,941,324,807,377,188,9,698,410,575,7583,3803,27266,1274,13983,18790,8248,15431,7638,14778,178,14181,17118,6328,5313,13506,10296,3071,491,3768,512,41,328,575,81,35,12,59,2529,110,18283,6181,3037,113,107198,22871,3755,15026,9453,696,352,20767,11474,29254,2415,27990,104,29287,16,209,532,32,168,566,129,2295,1558,21,372,490,358,535,261,1382,780,174,143,2979,1780,1168,1851,761,193,400,393,212,193,147,255,684,2686,777,194,904,1344,1216,4223,14074,13485,1325,1801,747,492,367,317,543,333,71,4481,259,569,2800,178,1018,242,2283,636,586,358,537,134,259,417,1406,1241,423,537,442,1332,901,499,449,573,2280,14,21,223,357,325,224,9338,120,5566,20,295,60,3943,513,4540,4082,4622,14,1698,85,75,973,2395,39375,1355,1774,1203,594,1123,1482,126,169,609,9090,4181,1925,868,60,120,41,7,36,369,850,1416,400,2158,296,309,714,26916,1348,1113,67013,271,3641,543,3198,20732,1382,161,7302,17724,439,620,683,202,223,273,116781,747,567,685,302,677,751,13688,40,6363,1044,29,15985,4495,35,192,3902,567,44,3847,413,1011,130,1914,582,8596,1574,2889,400,669,244,623,473,994,452,19,562,26,1144,89,59,136,2255,277,198,322,20961,696,4506,2517,505,323,579,219,21097,968,8725,2781,6885,976,163,1729,25,17994,3323,6274,25344,1317,7228,122,192,220,1334,270,625,408,722,4245,577,13,627,604,29,23,2338,2454,5,2855,87,14076,19574,15355,3630,18015,2122,310,34717,44538,6943,20028,34367,41345,120,65,365,360,123,510,584,268,225,502,4044,0.0,0.0,0.0,0.0,0.0,0.0,0.0,0.0,0.0,0.0,0.0,0.0,0.0,0.0,0.0,0.0,0.0,0.0,0.0,0.0,0.0,0.0,0.0,0.0,0.0,0.0,0.0,0.0,0.0,0.0,0.0,0.0,0.0,0.0,0.0,0.0,0.0,0.0,0.0,0.0,0.0,0.0,0.0,0.0,0.0,0.0,0.0,0.0,0.0,0.0,0.0,0.0,0.0,0.0,0.0,0.0,0.0,0.0,0.0,0.0,0.0,0.0,0.0,0.0,0.0,0.0,0.0,0.0,0.0,0.0,0.0,0.0,0.0,0.0,0.0,0.0,0.0,0.0,0.0,0.0,0.0,0.0,0.0,0.0,0.0,0.0,0.0,0.0,0.0,0.0,0.0,0.0,0.0,0.0,0.0,0.0,0.0,0.0,0.0,0.0,0.0,0.0,0.0,0.0,0.0,0.0,0.0,0.0,0.0,0.0,0.0,0.0,0.0,0.0,0.0,0.0,0.0,0.0,0.0,0.0,0.0,0.0,0.0,0.0,0.0,0.0,0.0,0.0,0.0,0.0,0.0,0.0,0.0,0.0,0.0,0.0,0.0,0.0,0.0,0.0,0.0,0.0,0.0,0.0,0.0,0.0,0.0,0.0,0.0,0.0
ENCFF000QKR,0.19092404795003534,52771,846,2984,35228,682,100699,6068,253,391,283,1907,7031,2608,5640,19476,24057,2849,404,4857,6024,173,733,95,37,48,926,1837,2765,20960,3562,242,182,636,1760,1476,99,1792,18,234,9902,10669,41,518,18,684,539,5229,16256,177,593,882,1218,480,293,6468,137,350,490,146,733,4141,199,8059,277,235,454,1145,37248,45809,7339,1005,612,1301,7005,254,1065,472,721,818,182,916,1073,3540,380,455,2983,5,743,464,17,1222,129,15,993,987,14495,161931,10494,93,29183,38902,2251,33877,1064,531,4955,1464,1617,23,2862,7322,7569,109,4982,31027,1983,27243,408,1785,1839,8302,756,35904,1091,6284,3173,619,2619,353,110,31343,7881,1288,13730,5435,15905,27386,371,5802,2866,1013,3484,35572,341,533,72,94,20,23,2169,273,3017,10491,5066,660,3867,34750,2669,407,1042,969,806,2785,4164,3807,5941,55,98,44,896,24,1509,526,1169,1009,36,1,507,704,912,14440,7184,42196,2049,24597,30257,13133,24813,11800,23719,265,26001,30356,10670,9018,22383,18358,5928,798,377,820,115,497,818,189,54,27,70,4562,254,29649,10053,6797,206,264023,34562,3115,25656,15570,1091,1093,35187,17572,46323,4520,47517,221,50614,41,347,3029,2203,288,863,261,3395,2349,27,590,849,492,759,417,2314,1280,230,230,4424,2853,2053,2818,1096,271,543,663,326,322,248,473,929,4224,1209,341,1688,2080,1953,7084,10863,1743,2175,2818,1209,703,571,545,832,412,100,7692,424,742,4925,326,1464,370,3480,911,878,480,843,172,411,681,2102,2146,710,803,653,2322,1337,724,675,859,3478,30,47,384,584,483,483,15012,182,9809,15,568,65,6284,837,6982,7260,8238,25,2611,117,180,1313,3821,51749,706,2262,1924,1005,60,2198,174,330,720,13144,7384,12667,1378,62,238,120,18,55,580,1387,2524,543,3438,456,441,1292,42600,361,1801,120707,583,5739,861,4927,2248,2342,293,572,4871,674,870,999,393,392,250,9202,1086,873,1037,459,1040,1120,23530,60,9490,2062,33,27540,6940,43,304,5921,897,69,5823,730,1349,322,2786,1025,13997,2525,795,683,1002,402,1095,732,1375,688,19,969,41,1882,112,57,202,617,385,565,558,35111,1801,7906,4552,1134,498,948,286,36494,211,15984,1532,12551,1467,454,3163,301,28458,5104,9265,39103,1238,11940,259,247,320,836,998,994,627,1259,6966,905,32,342,906,29,14,4208,4171,10,387,232,24960,34727,25427,6496,34636,4078,362,60944,80545,11102,35834,59149,75393,251,160,644,582,201,761,1230,286,462,683,6922,0.0,0.0,0.0,0.0,0.0,0.0,0.0,0.0,0.0,0.0,0.0,0.0,0.0,0.0,0.0,0.0,0.0,0.0,0.0,0.0,0.0,0.0,0.0,0.0,0.0,0.0,0.0,0.0,0.0,0.0,0.0,0.0,0.0,0.0,0.0,0.0,0.0,0.0,0.0,0.0,0.0,0.0,0.0,0.0,0.0,0.0,0.0,0.0,0.0,0.0,0.0,0.0,0.0,0.0,0.0,0.0,0.0,0.0,0.0,0.0,0.0,0.0,0.0,0.0,0.0,0.0,0.0,0.0,0.0,0.0,0.0,0.0,0.0,0.0,0.0,0.0,0.0,0.0,0.0,0.0,0.0,0.0,0.0,0.0,0.0,0.0,0.0,0.0,0.0,0.0,0.0,0.0,0.0,0.0,0.0,0.0,0.0,0.0,0.0,0.0,0.0,0.0,0.0,0.0,0.0,0.0,0.0,0.0,0.0,0.0,0.0,0.0,0.0,0.0,0.0,0.0,0.0,0.0,0.0,0.0,0.0,0.0,0.0,0.0,0.0,0.0,0.0,0.0,0.0,0.0,0.0,0.0,0.0,0.0,0.0,0.0,0.0,0.0,0.0,0.0,0.0,0.0,0.0,0.0,0.0,0.0,0.0,0.0,0.0,0.0
ENCFF000YBU,0.17189496784529448,95016,1534,3971,46256,712,87307,7864,291,531,267,767,3901,4009,9047,24500,29262,3504,523,5883,6681,188,735,76,72,68,1036,5827,3494,33619,3906,300,327,728,2005,1661,148,2000,32,36,8536,12091,114,658,84,542,596,6200,28652,717,570,1186,1560,497,364,8239,184,400,377,116,742,1868,476,17238,313,266,1562,152,55507,55652,7995,1230,827,2161,6751,374,1253,573,888,1031,222,1139,1223,4155,486,575,3970,26,1021,585,13,1272,162,16,1089,1404,22874,189790,11639,132,31415,44171,2754,38193,1257,706,5601,1669,1901,19,3283,8315,8365,132,5442,35384,2529,33905,542,2065,2135,9702,860,55335,1382,6613,3471,795,2886,424,189,35121,13062,6524,35474,8640,12246,29865,970,5055,3559,1327,4526,59708,459,901,133,144,38,19,2411,384,863,11969,5480,764,4143,47189,3586,457,1301,1058,928,3296,4743,4008,5994,58,193,26,1147,47,1842,689,1028,366,124,3,822,779,1141,16392,7903,50217,2424,31076,36592,15293,37195,14372,30383,321,31106,36771,13311,10177,25510,19736,6506,945,1303,832,77,524,1048,191,64,21,51,4358,334,42763,12935,11727,184,412857,39264,4463,29101,29413,1156,658,43337,21167,66101,4306,46332,188,47235,45,385,1012,330,356,1105,228,4179,2349,110,734,1041,682,1014,495,2571,1581,380,259,5084,3132,2296,2735,1456,398,734,906,434,374,268,616,1298,5848,1393,403,1863,2601,2404,13568,29988,3595,2510,3459,1531,880,739,730,1135,617,182,8075,485,914,5799,373,1770,445,4579,1247,1047,701,1104,372,526,683,2648,2720,887,1077,855,2840,1680,936,863,1066,4499,35,36,461,701,555,231,16078,66,10557,33,586,111,7168,855,7582,7293,7977,18,2862,97,225,1086,4161,85546,887,2341,2516,1173,300,2929,208,164,779,16056,7143,4208,1405,56,181,105,4,35,775,642,2488,543,3834,556,510,2063,59200,613,2363,136838,998,6458,1066,5612,6683,2733,333,2554,8878,928,1080,1234,401,456,356,29131,1368,1080,1150,500,1246,1420,26658,74,11348,2403,26,29769,7323,40,315,6901,727,34,7524,916,1886,319,3202,1346,29793,3808,1300,822,1218,502,1322,998,1493,478,26,1173,24,1921,274,48,220,1073,180,647,781,38097,1894,11183,5743,1498,593,882,209,39413,535,15682,2464,13528,1408,333,3056,50,30232,5644,10188,44980,2577,24030,366,150,414,1248,1183,1234,763,1658,7376,1140,58,765,1154,17,22,4399,4519,4,1023,247,26572,44868,32914,8239,38892,4626,562,72768,98050,14252,46096,72407,86246,306,203,862,757,248,952,1434,330,505,759,7634,0.0,0.0,0.0,0.0,0.0,0.0,0.0,0.0,0.0,0.0,0.0,0.0,0.0,0.0,0.0,0.0,0.0,0.0,0.0,0.0,0.0,0.0,0.0,0.0,0.0,0.0,0.0,0.0,0.0,0.0,0.0,0.0,0.0,0.0,0.0,0.0,0.0,0.0,0.0,0.0,0.0,0.0,0.0,0.0,0.0,0.0,0.0,0.0,0.0,0.0,0.0,0.0,0.0,0.0,0.0,0.0,0.0,0.0,0.0,0.0,0.0,0.0,0.0,0.0,0.0,0.0,0.0,0.0,0.0,0.0,0.0,0.0,0.0,0.0,0.0,0.0,0.0,0.0,0.0,0.0,0.0,0.0,0.0,0.0,0.0,0.0,0.0,0.0,0.0,0.0,0.0,0.0,0.0,0.0,0.0,0.0,0.0,0.0,0.0,0.0,0.0,0.0,0.0,0.0,0.0,0.0,0.0,0.0,0.0,0.0,0.0,0.0,0.0,0.0,0.0,0.0,0.0,0.0,0.0,0.0,0.0,0.0,0.0,0.0,0.0,0.0,0.0,0.0,0.0,0.0,0.0,0.0,0.0,0.0,0.0,0.0,0.0,0.0,0.0,0.0,0.0,0.0,0.0,0.0,0.0,0.0,0.0,0.0,0.0,0.0
ENCFF658VPO,0.14294890145305703,59291,131,3081,37136,538,125361,13198,600,625,384,820,5622,3076,5597,15697,27021,2853,1881,4973,6494,152,1019,80,251,238,1939,2055,5125,20007,5265,219,51,761,3668,3714,39,4205,105,15,9226,13412,260,515,167,23,983,10366,21596,176,1545,2537,2556,271,421,7016,131,593,408,464,2099,2969,270,7877,252,430,565,167,38535,61583,7123,2307,1258,3366,7678,90,2531,1208,1360,1556,416,2128,2428,3496,771,1193,6822,87,1642,1448,43,1715,801,89,2866,902,7146,190294,10492,270,30340,48035,5181,41189,2633,1300,5600,2157,2727,107,4745,8904,11091,853,6346,41410,1711,40748,199,885,1098,8355,470,65099,2039,6857,2826,676,2980,241,109,39621,6369,1023,16695,7230,16449,36044,90,6579,4094,2225,4416,35764,730,293,103,191,86,43,2594,707,623,12376,4923,442,4379,33830,2253,396,2656,4281,3402,3567,4903,5887,7573,120,326,96,1949,115,2265,1007,1112,185,9,19,788,591,2434,14836,7639,54742,3885,26402,42359,14996,30020,19127,34297,272,31837,40205,11857,11945,34403,22112,5392,1504,160,387,26,1429,2307,209,109,51,62,4866,299,32599,9026,8860,537,166211,40065,4639,26825,13767,1649,726,36948,16437,44520,2483,51645,135,51984,124,274,1027,98,636,1780,319,6722,3074,71,1345,1160,1231,1925,1020,4660,2398,149,279,7786,5458,2714,3926,3047,622,1702,1548,852,519,468,395,1976,5395,1210,750,2042,4790,3114,8743,33815,1858,4163,4253,2103,1546,1285,1224,1676,868,66,10940,1043,2958,7514,680,2766,1083,6046,3232,2082,1881,1861,182,809,751,4687,3358,1812,1571,1396,3476,3083,1950,1145,2086,4884,33,32,768,1553,1000,363,16710,396,11497,40,267,77,7489,848,9345,8124,9333,130,4240,532,168,1702,4101,80132,652,2510,3935,1534,30,4808,122,2005,2134,26544,6629,5862,2151,197,256,450,43,353,1132,1151,2927,1537,5873,1138,829,1837,65671,293,3180,142404,843,8349,1830,12131,2625,4250,577,314,4687,1412,2110,2188,561,522,140,21428,3010,1944,1965,572,2091,2298,32679,301,20894,1826,126,37569,10205,24,663,6925,1396,246,10602,1444,1346,364,6672,1922,31009,1881,587,1397,2037,1175,1482,1744,1761,1006,119,1681,141,3227,392,275,202,185,677,232,858,27078,1040,8170,3861,676,1035,1485,512,41028,138,18826,1980,13335,2770,94,3459,21,44617,7751,12401,51191,1859,18306,190,574,757,1898,1033,1908,1496,1814,5961,1782,18,182,1877,42,153,4167,4151,32,124,181,34373,39383,30768,8361,37874,5938,638,68475,99751,13335,38631,80625,93777,276,80,1319,1195,639,1661,1089,910,434,1235,8728,0.0,0.0,0.0,0.0,0.0,0.0,0.0,0.0,0.0,0.0,0.0,0.0,0.0,0.0,0.0,0.0,0.0,0.0,0.0,0.0,0.0,0.0,0.0,0.0,0.0,0.0,0.0,0.0,0.0,0.0,0.0,0.0,0.0,0.0,0.0,0.0,0.0,0.0,0.0,0.0,0.0,0.0,0.0,0.0,0.0,0.0,0.0,0.0,0.0,0.0,0.0,0.0,0.0,0.0,0.0,0.0,0.0,0.0,0.0,0.0,0.0,0.0,0.0,0.0,0.0,0.0,0.0,0.0,0.0,0.0,0.0,0.0,0.0,0.0,0.0,0.0,0.0,0.0,0.0,0.0,0.0,0.0,0.0,0.0,0.0,0.0,0.0,0.0,0.0,0.0,0.0,0.0,0.0,0.0,0.0,0.0,0.0,0.0,0.0,0.0,0.0,0.0,0.0,0.0,0.0,0.0,0.0,0.0,0.0,0.0,0.0,0.0,0.0,0.0,0.0,0.0,0.0,0.0,0.0,0.0,0.0,0.0,0.0,0.0,0.0,0.0,0.0,0.0,0.0,0.0,0.0,0.0,0.0,0.0,0.0,0.0,0.0,0.0,0.0,0.0,0.0,0.0,0.0,0.0,0.0,0.0,0.0,0.0,0.0,0.0
ENCFF001HJV,0.18036592818175032,54538,266,5425,58293,1181,139891,6775,401,1020,338,585,4762,9452,20205,27277,63558,6088,491,7331,7393,177,736,93,74,59,1120,1688,5076,37809,4169,288,235,624,2835,2590,90,2662,27,30,9499,12623,133,702,57,67,823,8175,49790,279,723,1691,2302,528,323,6171,209,366,450,116,734,2184,772,30821,382,806,532,97,84263,64458,7188,1807,1174,2071,4890,354,1906,880,1264,1408,384,1658,1790,4279,780,922,5671,26,1423,860,40,1228,185,40,1611,2221,30857,219418,11486,143,31194,46256,3680,39569,1733,1097,5468,1690,1883,34,2997,7698,7689,220,6097,33469,4775,53506,941,3697,3642,10565,1543,78193,2208,6484,3337,778,2806,451,171,30073,29368,1106,36841,17946,10447,28781,342,6255,4417,1865,4516,74126,514,479,224,118,59,43,2504,475,641,13616,5095,784,5091,60680,5914,443,1800,888,917,3667,4353,3572,5027,70,152,46,1654,43,2793,1007,876,327,51,24,920,869,1521,16281,8085,49827,3229,44287,43338,20130,49345,18100,39125,454,33102,40176,11624,10186,27808,20697,7444,1191,368,981,80,787,1590,178,92,43,100,4581,544,70359,18526,28754,295,257597,52000,4865,35075,52958,1097,644,56420,25740,98189,8453,44173,179,43797,40,376,857,200,513,1556,248,5489,2493,37,1199,1515,987,1494,672,3726,2273,197,254,6402,3755,2761,2784,2035,513,1088,1216,575,586,467,458,1936,7465,2026,638,2432,3460,3273,19989,100230,1091,3455,3049,1969,1372,1046,1100,1611,851,118,8101,762,1446,6247,600,2169,696,5361,1789,1641,1018,1475,184,811,748,3838,3988,1331,1556,1285,2859,2234,1345,1309,1581,5998,30,42,677,1042,456,484,15843,125,10655,37,525,61,7849,785,7550,7968,9872,46,3238,136,212,2601,4197,141860,726,2257,2780,1383,136,4131,231,185,715,20385,8569,4342,1450,51,159,134,25,69,1066,1925,2857,791,4786,900,816,3590,90668,587,3332,137058,822,6872,1544,8262,1945,3772,502,716,5655,1321,1647,1601,645,654,350,9408,1843,1463,1711,622,1858,1987,29362,81,13650,2619,19,28827,8076,40,327,7369,891,46,9089,1363,1278,321,4500,1815,38355,6022,896,1293,1784,720,1785,1497,1377,900,19,1097,61,2273,153,91,205,540,554,1284,1101,42406,3300,16015,9250,2179,783,949,164,37780,261,16875,2506,13280,1419,416,3164,44,34878,6633,12041,50987,7864,36045,424,241,597,1460,769,1765,1180,2161,17088,1647,63,357,1796,18,49,4206,4355,13,401,205,29117,58904,44647,11206,42831,5126,473,94861,118341,18941,59009,87931,100115,546,225,1253,1168,330,1416,1257,360,443,796,8608,0.0,0.0,0.0,0.0,0.0,0.0,0.0,0.0,0.0,0.0,0.0,0.0,0.0,0.0,0.0,0.0,0.0,0.0,0.0,0.0,0.0,0.0,0.0,0.0,0.0,0.0,0.0,0.0,0.0,0.0,0.0,0.0,0.0,0.0,0.0,0.0,0.0,0.0,0.0,0.0,0.0,0.0,0.0,0.0,0.0,0.0,0.0,0.0,0.0,0.0,0.0,0.0,0.0,0.0,0.0,0.0,0.0,0.0,0.0,0.0,0.0,0.0,0.0,0.0,0.0,0.0,0.0,0.0,0.0,0.0,0.0,0.0,0.0,0.0,0.0,0.0,0.0,0.0,0.0,0.0,0.0,0.0,0.0,0.0,0.0,0.0,0.0,0.0,0.0,0.0,0.0,0.0,0.0,0.0,0.0,0.0,0.0,0.0,0.0,0.0,0.0,0.0,0.0,0.0,0.0,0.0,0.0,0.0,0.0,0.0,0.0,0.0,0.0,0.0,0.0,0.0,0.0,0.0,0.0,0.0,0.0,0.0,0.0,0.0,0.0,0.0,0.0,0.0,0.0,0.0,0.0,0.0,0.0,0.0,0.0,0.0,0.0,0.0,0.0,0.0,0.0,0.0,0.0,0.0,0.0,0.0,0.0,0.0,0.0,0.0
ENCFF267XUN,0.14789409419175695,1259808,1153,4946,84951,1362,368413,9930,625,485,344,717,8367,3679,15035,52706,66097,3290,732,6320,8041,118,628,87,41,38,4526,121570,7721,47582,4481,192,1209,754,5203,4659,110,4096,13,5,13841,12808,87,619,150,228,2345,13276,51272,11075,1133,3744,3945,388,217,5949,146,423,261,76,814,3249,1657,26567,4988,563,33426,139,83667,75290,6425,3298,1938,5566,5055,225,3602,1544,2025,2366,741,3181,3307,4451,1139,2156,10542,10,2293,1984,20,880,80,14,1905,2783,42438,244965,11921,352,32456,52371,6186,45032,3351,1908,5137,1840,2519,19,3712,8756,9165,46,8708,44657,3649,89361,572,2730,2859,11155,1301,143044,3706,8240,2920,350,2555,249,69,28996,15256,43464,45011,15242,13560,33388,5358,9945,5431,3336,11581,81790,426,8777,249,99,93,17,2155,284,612,16326,3789,384,6242,91078,7400,369,3309,651,438,4435,5439,4709,5948,36,112,36,3040,16,3933,1824,1339,235,32,55,1552,768,3097,16952,8012,66898,5392,42892,49364,26100,58909,27738,56186,436,38398,49298,12221,12251,36199,24066,7722,1856,11718,1274,128,1768,3061,111,8,39,24,6695,177,97315,22576,19716,250,365090,70289,17332,42622,51152,1071,803,62332,32689,112371,6342,49730,377,40193,7,433,1225,28,856,2470,1006,10392,3167,39,2110,2123,1798,2759,1351,6404,3564,368,831,10798,6156,3284,3189,4354,987,2305,2248,1238,881,601,451,3619,9671,2422,1008,2835,6154,5213,32986,119699,109104,6027,4462,2980,2336,1781,1739,2771,1663,157,8455,1360,3571,7232,878,3396,1474,7842,3921,2836,2338,2719,283,1438,1163,6695,5655,2381,2390,2303,3787,3666,3049,1914,3081,9478,47,48,1274,2017,462,429,15227,62,11017,33,500,55,8848,757,9056,10014,14347,23,3457,78,71,1416,3964,195232,6958,3562,5209,1667,4814,6582,70,114,1445,34763,10211,7997,1469,21,171,32,22,28,1731,1990,2885,1870,6755,1894,1181,4469,131321,4869,4436,160911,1248,8656,2877,14334,128667,5374,751,30010,73484,2163,2863,2891,1124,848,311,713853,3559,2645,3004,1699,3110,3297,34932,20,27005,2093,21,33478,8473,51,467,10855,947,20,15898,2048,889,157,7848,2773,32833,6258,15734,2128,2930,1450,2256,2411,1260,1339,12,1165,13,3992,133,122,56,10076,172,496,1405,55797,2905,19852,10674,2035,1102,665,114,28624,3129,24765,10095,11424,1313,179,3236,19,55191,8862,18409,69833,7459,32854,447,229,984,2946,1564,2580,2260,3398,9845,2619,22,3317,3120,13,23,3483,3547,19,8595,111,33709,71082,54606,14836,43182,6003,1068,125056,138522,24469,67045,113827,113089,543,145,1889,1869,589,2537,753,727,251,899,11024,0.0,0.0,0.0,0.0,0.0,0.0,0.0,0.0,0.0,0.0,0.0,0.0,0.0,0.0,0.0,0.0,0.0,0.0,0.0,0.0,0.0,0.0,0.0,0.0,0.0,0.0,0.0,0.0,0.0,0.0,0.0,0.0,0.0,0.0,0.0,0.0,0.0,0.0,0.0,0.0,0.0,0.0,0.0,0.0,0.0,0.0,0.0,0.0,0.0,0.0,0.0,0.0,0.0,0.0,0.0,0.0,0.0,0.0,0.0,0.0,0.0,0.0,0.0,0.0,0.0,0.0,0.0,0.0,0.0,0.0,0.0,0.0,0.0,0.0,0.0,0.0,0.0,0.0,0.0,0.0,0.0,0.0,0.0,0.0,0.0,0.0,0.0,0.0,0.0,0.0,0.0,0.0,0.0,0.0,0.0,0.0,0.0,0.0,0.0,0.0,0.0,0.0,0.0,0.0,0.0,0.0,0.0,0.0,0.0,0.0,0.0,0.0,0.0,0.0,0.0,0.0,0.0,0.0,0.0,0.0,0.0,0.0,0.0,0.0,0.0,0.0,0.0,0.0,0.0,0.0,0.0,0.0,0.0,0.0,0.0,0.0,0.0,0.0,0.0,0.0,0.0,0.0,0.0,0.0,0.0,0.0,0.0,0.0,0.0,0.0
ENCFF000VCZ,0.0599684910954262,9989,6,162,1403,30,2137,213,20,12,6,15,109,115,182,671,692,101,29,124,224,4,29,2,5,2,31,760,161,810,134,10,32,23,87,69,14,87,0,0,288,435,5,20,3,0,18,222,774,127,67,33,54,18,11,264,5,12,13,13,28,52,5,176,10,17,221,2,1345,1805,307,40,27,187,204,9,55,24,27,37,12,45,50,123,14,29,145,1,35,24,0,66,8,3,42,51,257,6241,392,5,1080,1520,64,1374,96,33,194,52,54,2,108,249,237,4,194,1248,79,810,19,67,60,314,20,915,60,273,118,26,126,15,6,1153,344,352,340,178,484,1109,151,160,50,41,215,1517,17,97,0,6,0,1,86,9,17,415,171,19,154,1438,127,10,41,33,28,96,171,162,198,1,3,1,42,1,73,28,91,381,25,0,56,33,36,618,295,1890,101,968,1128,509,1039,540,1101,9,1082,1291,421,374,939,772,232,46,149,16,6,28,38,6,8,0,1,143,8,1104,437,267,6,5449,1241,220,932,426,38,20,1402,518,1645,101,1653,4,1692,3,12,35,6,9,26,15,148,89,2,33,45,26,31,25,99,62,3,4,176,150,75,90,51,14,31,31,16,14,13,16,56,192,32,18,74,109,69,443,799,451,105,104,49,29,19,20,30,23,2,320,20,38,189,14,62,18,172,55,38,26,51,7,13,36,95,97,32,32,33,104,72,43,35,36,141,0,1,23,26,24,20,567,7,370,0,27,5,264,43,276,266,214,2,90,6,4,57,157,1878,68,118,92,51,42,108,5,8,28,509,158,119,57,0,7,5,0,2,29,12,94,24,151,32,26,52,1924,43,81,5066,12,234,37,215,719,96,17,349,890,36,41,24,28,19,25,3820,52,48,40,12,56,52,1050,4,410,98,2,1058,262,0,12,232,29,2,256,35,40,15,124,46,609,94,98,34,53,21,45,32,46,31,2,46,3,80,2,3,7,82,16,22,23,886,62,335,180,49,24,30,7,1409,62,637,184,447,77,16,117,0,1165,229,379,1653,87,441,17,7,17,88,9,55,17,57,381,44,2,126,47,3,4,198,180,1,120,7,993,1561,1149,293,1467,200,16,2995,3593,511,1503,2665,3226,10,7,30,38,12,28,51,11,18,15,291,0.0,0.0,0.0,0.0,0.0,0.0,0.0,0.0,0.0,0.0,0.0,0.0,0.0,0.0,0.0,0.0,0.0,0.0,0.0,0.0,0.0,0.0,0.0,0.0,0.0,0.0,0.0,0.0,0.0,0.0,0.0,0.0,0.0,0.0,0.0,0.0,0.0,0.0,0.0,0.0,0.0,0.0,0.0,0.0,0.0,0.0,0.0,0.0,0.0,0.0,0.0,0.0,0.0,0.0,0.0,0.0,0.0,0.0,0.0,0.0,0.0,0.0,0.0,0.0,0.0,0.0,0.0,0.0,0.0,0.0,0.0,0.0,0.0,0.0,0.0,0.0,0.0,0.0,0.0,0.0,0.0,0.0,0.0,0.0,0.0,0.0,0.0,0.0,0.0,0.0,0.0,0.0,0.0,0.0,0.0,0.0,0.0,0.0,0.0,0.0,0.0,0.0,0.0,0.0,0.0,0.0,0.0,0.0,0.0,0.0,0.0,0.0,0.0,0.0,0.0,0.0,0.0,0.0,0.0,0.0,0.0,0.0,0.0,0.0,0.0,0.0,0.0,0.0,0.0,0.0,0.0,0.0,0.0,0.0,0.0,0.0,0.0,0.0,0.0,0.0,0.0,0.0,0.0,0.0,0.0,0.0,0.0,0.0,0.0,0.0
ENCFF000NGF,0.13507750745814456,178195,226,7491,82092,1990,187104,10435,619,1252,674,898,7020,12474,19773,51846,75779,8271,787,8167,10162,288,1098,193,130,138,1839,11648,7504,55038,6492,458,624,898,3939,3703,278,3642,47,27,14940,19712,192,1308,203,55,1019,12209,69543,1628,1110,2688,3220,842,568,10413,296,599,908,347,1409,3139,432,19794,1507,342,3410,150,85415,102376,11304,2370,1634,4119,7624,542,2622,1324,1731,1987,507,2335,2610,6666,1233,1212,8336,39,1993,1253,59,2036,481,64,3432,2764,21987,327079,18259,191,48684,74284,5394,64045,2327,1540,8875,2702,3019,62,5138,14009,13677,474,9117,55891,6829,89176,1826,6850,5496,16254,2998,146225,3040,10987,5113,1676,4670,1652,479,47096,32551,6473,88461,19168,19483,51003,2457,9663,4271,2659,7822,69522,388,1839,231,188,63,62,3680,560,922,18797,7245,1162,7220,90290,8860,1008,2570,2489,2515,5793,9265,7835,8434,121,368,118,2324,85,4180,1440,1605,460,252,40,1959,1504,2175,27071,12723,82251,4820,63802,59975,28306,79115,27347,58882,591,50515,61846,19813,15419,41784,32448,10211,1819,2527,1143,110,1278,2031,358,282,67,68,7509,793,97466,24525,34894,659,277849,64525,6757,48430,43784,1756,883,72208,32697,101599,12642,68012,343,64728,134,585,1292,352,663,1994,501,8102,3806,90,1601,2193,1425,2019,1045,5062,3131,426,414,9573,5931,4145,4569,2860,768,1613,1645,925,839,635,831,2646,10126,2799,1008,3374,5073,4605,29347,77651,7491,4992,5152,2914,1780,1328,1475,2192,1164,201,13205,1113,1928,9072,822,3043,973,8559,2558,2216,1423,2128,369,1175,1467,5782,5524,1876,2096,1709,4298,3092,1729,1818,2202,9054,53,93,992,1364,887,779,24830,248,16286,61,864,132,11390,1212,11648,11777,13668,55,4805,264,367,2429,6239,149517,1583,4221,4191,1994,697,5810,335,592,1053,28977,10626,6885,2202,152,441,272,22,97,1545,3568,4284,1135,7184,1261,1172,3585,126952,1543,4938,211172,996,10299,2221,11267,11526,5416,737,5283,17804,1954,2137,2206,1079,959,602,63045,2566,2035,2184,1109,2651,2591,47322,191,20838,4321,57,43940,10384,62,416,10229,1177,130,13832,1855,2060,498,6229,2511,31667,7437,2417,1868,2324,1039,2705,1915,2032,1350,34,1735,48,3397,278,91,275,1854,414,1925,1428,69263,6179,21889,13806,3794,1037,1552,381,58745,1360,26746,4922,20360,2270,746,5329,46,57611,11064,18030,81899,5119,46032,720,246,882,2882,975,2417,1683,3287,13697,2164,101,1511,2575,66,87,6829,6664,70,2315,334,41309,74876,59683,14050,64331,7380,448,154178,165335,25372,76862,121316,143169,682,408,1781,1666,564,1972,2044,637,774,1367,12789,0.0,0.0,0.0,0.0,0.0,0.0,0.0,0.0,0.0,0.0,0.0,0.0,0.0,0.0,0.0,0.0,0.0,0.0,0.0,0.0,0.0,0.0,0.0,0.0,0.0,0.0,0.0,0.0,0.0,0.0,0.0,0.0,0.0,0.0,0.0,0.0,0.0,0.0,0.0,0.0,0.0,0.0,0.0,0.0,0.0,0.0,0.0,0.0,0.0,0.0,0.0,0.0,0.0,0.0,0.0,0.0,0.0,0.0,0.0,0.0,0.0,0.0,0.0,0.0,0.0,0.0,0.0,0.0,0.0,0.0,0.0,0.0,0.0,0.0,0.0,0.0,0.0,0.0,0.0,0.0,0.0,0.0,0.0,0.0,0.0,0.0,0.0,0.0,0.0,0.0,0.0,0.0,0.0,0.0,0.0,0.0,0.0,0.0,0.0,0.0,0.0,0.0,0.0,0.0,0.0,0.0,0.0,0.0,0.0,0.0,0.0,0.0,0.0,0.0,0.0,0.0,0.0,0.0,0.0,0.0,0.0,0.0,0.0,0.0,0.0,0.0,0.0,0.0,0.0,0.0,0.0,0.0,0.0,0.0,0.0,0.0,0.0,0.0,0.0,0.0,0.0,0.0,0.0,0.0,0.0,0.0,0.0,0.0,0.0,0.0
ENCFF000OMW,0.14156257208147688,29416,197,2605,25410,453,68414,4637,205,454,239,560,2620,3283,7267,13834,23653,2835,358,4857,4432,146,553,72,51,69,961,813,2486,13684,2766,203,147,401,1480,1406,51,1613,24,82,5885,8555,44,501,26,53,695,4627,13938,89,567,840,1148,377,220,4925,128,290,288,123,612,1204,317,8563,675,479,223,101,33875,33906,5548,787,537,937,3826,250,1029,401,604,668,186,718,969,2884,324,412,2820,11,660,344,20,998,120,26,879,963,9733,126560,8139,92,22456,31536,2048,27315,1013,502,4217,1458,1510,19,2216,5800,5893,168,3282,24213,1937,19758,329,1220,1449,6700,504,27256,1043,4684,2405,614,2192,283,128,24017,10805,974,16989,6625,8133,22292,127,3498,2981,940,2831,29408,433,243,91,77,38,34,1874,238,570,7874,3843,551,2967,26160,2438,298,950,943,998,2152,3545,2807,4330,62,90,43,774,22,1243,459,958,711,17,3,390,625,860,11733,5587,32834,1751,21875,24158,10653,18112,9667,20536,263,21211,24787,7982,7413,18168,14736,4649,721,158,555,27,394,706,132,36,25,35,2954,252,25165,8426,10192,176,173961,27598,2596,22618,16962,934,472,30046,14235,41366,2982,34885,163,33807,24,234,670,256,236,814,226,2802,1647,35,502,686,441,691,356,2096,1177,159,237,3471,2270,1602,2134,874,226,489,546,273,264,208,385,784,4003,941,280,1268,1856,1752,8188,14407,544,1818,2356,1033,642,487,462,707,382,106,6223,383,632,4037,277,1244,291,2994,855,733,429,735,110,371,358,1754,1758,583,732,530,1923,1183,561,614,740,3007,19,23,282,487,341,143,11175,67,7447,12,408,39,5054,570,5301,5006,5592,20,2213,101,130,1242,2969,49811,504,1621,1679,841,39,2148,163,186,558,11708,5561,3016,1144,19,129,97,14,31,504,981,1906,477,2932,366,363,1119,35512,296,1619,96583,423,4681,805,4210,1015,1982,200,321,3243,583,869,859,302,318,221,3743,978,741,895,436,874,1119,19464,77,7734,1740,28,20013,5078,24,262,4708,616,41,4976,653,890,217,2456,870,14570,2528,467,626,926,334,956,682,1022,658,14,772,34,1441,80,20,174,342,363,498,506,20330,1151,6797,3535,804,392,717,129,28571,101,12144,1224,9442,1116,255,2164,39,26253,4645,8312,34883,1241,13329,176,316,263,625,358,888,531,1085,4341,818,26,210,763,18,23,3120,3285,32,188,185,19920,30341,21757,5638,27444,3247,651,50772,68868,9553,31061,50488,62085,256,141,534,494,182,665,969,219,349,531,5193,0.0,0.0,0.0,0.0,0.0,0.0,0.0,0.0,0.0,0.0,0.0,0.0,0.0,0.0,0.0,0.0,0.0,0.0,0.0,0.0,0.0,0.0,0.0,0.0,0.0,0.0,0.0,0.0,0.0,0.0,0.0,0.0,0.0,0.0,0.0,0.0,0.0,0.0,0.0,0.0,0.0,0.0,0.0,0.0,0.0,0.0,0.0,0.0,0.0,0.0,0.0,0.0,0.0,0.0,0.0,0.0,0.0,0.0,0.0,0.0,0.0,0.0,0.0,0.0,0.0,0.0,0.0,0.0,0.0,0.0,0.0,0.0,0.0,0.0,0.0,0.0,0.0,0.0,0.0,0.0,0.0,0.0,0.0,0.0,0.0,0.0,0.0,0.0,0.0,0.0,0.0,0.0,0.0,0.0,0.0,0.0,0.0,0.0,0.0,0.0,0.0,0.0,0.0,0.0,0.0,0.0,0.0,0.0,0.0,0.0,0.0,0.0,0.0,0.0,0.0,0.0,0.0,0.0,0.0,0.0,0.0,0.0,0.0,0.0,0.0,0.0,0.0,0.0,0.0,0.0,0.0,0.0,0.0,0.0,0.0,0.0,0.0,0.0,0.0,0.0,0.0,0.0,0.0,0.0,0.0,0.0,0.0,0.0,0.0,0.0
ENCFF391QPN,0.12966062740465958,2773968,8193,23537,99747,1152,146269,16111,804,965,685,1560,10078,8441,19820,55231,54650,8050,1026,14973,14356,355,1633,255,221,129,2806,226648,10032,86182,8620,635,12828,2389,5537,4811,6279,5275,85,134,22981,26841,306,1966,352,3486,1236,15984,67961,43097,1314,3412,4200,1093,960,17683,458,764,1124,409,1595,4554,1707,45744,1183,1577,66080,297,157434,136761,17257,3230,2132,53158,12953,649,3619,1492,2356,2700,739,2965,3134,9301,1369,1626,11299,69,2580,1455,82,2784,565,76,4739,4380,51690,464297,25421,370,69363,101977,7288,87960,4593,1838,12484,4218,4486,54,8021,19993,19245,373,13311,81169,5792,56700,725,3614,5106,22591,1432,76480,4237,15303,7089,1909,6328,746,318,67916,26161,156936,63242,20443,28038,63377,37029,13821,8928,3573,25591,135073,937,32054,226,259,122,64,4890,504,1928,26519,10851,1601,10903,108304,11617,1017,3190,3153,3741,8160,10710,9580,15735,213,314,109,3107,43,5740,1806,5347,1625,5012,51,13617,2077,2788,37848,16656,172187,6395,75528,80251,44370,91624,38488,80093,537,74165,89576,30017,22181,62283,46361,21571,2768,60876,2317,529,1744,2761,344,186,84,132,11791,788,128615,38098,22845,823,1178920,114732,29855,75117,78084,2667,1652,119383,60943,188450,7758,103604,565,96663,115,996,2202,503,790,2731,618,11348,5543,92,1922,2888,1844,2786,1245,6957,4077,1468,542,12311,7992,5371,7707,3726,1103,1961,2218,1017,986,740,1475,3609,15971,3777,1101,5415,7052,6380,46590,179854,135924,6388,9166,3780,2585,1838,1837,2866,1744,668,19429,1221,2487,12767,982,4199,1050,12102,3379,3018,1892,2773,1030,1418,7398,7277,7228,2418,2833,2144,5879,4245,2180,2369,3011,12630,74,111,1065,1733,1162,932,35919,470,24250,86,1206,469,15290,1763,18454,17455,21428,68,6911,244,596,4417,9387,209021,14937,17931,6227,3119,10611,8814,386,333,1560,45964,18914,9072,2895,50,489,350,34,67,2140,2509,6420,1534,10049,1543,1334,9163,146552,10979,6487,302090,2589,13547,2867,15362,244270,7771,870,101982,248655,2482,2622,2821,1079,1161,4155,1203479,3249,2553,2996,1537,3469,3748,63746,141,30072,5671,52,65081,17769,127,661,16562,1868,104,18800,2399,4160,640,8793,3211,40418,11136,27681,2623,3118,1197,3488,2407,3440,3169,54,2703,63,5112,728,135,303,24638,1093,1411,2831,89881,3133,31475,15123,2577,1493,2438,494,83993,21785,40201,48350,29113,2799,1039,7090,120,83457,16100,27596,122739,13678,52115,5783,922,1077,15842,6479,3138,2147,4822,27938,2666,96,25108,3177,73,83,9530,8720,63,53978,550,57375,121138,91377,23068,89475,10997,1621,180519,248460,41412,117302,184580,207494,576,436,2381,1947,558,2629,3698,759,1226,1686,17408,0.0,0.0,0.0,0.0,0.0,0.0,0.0,0.0,0.0,0.0,0.0,0.0,0.0,0.0,0.0,0.0,0.0,0.0,0.0,0.0,0.0,0.0,0.0,0.0,0.0,0.0,0.0,0.0,0.0,0.0,0.0,0.0,0.0,0.0,0.0,0.0,0.0,0.0,0.0,0.0,0.0,0.0,0.0,0.0,0.0,0.0,0.0,0.0,0.0,0.0,0.0,0.0,0.0,0.0,0.0,0.0,0.0,0.0,0.0,0.0,0.0,0.0,0.0,0.0,0.0,0.0,0.0,0.0,0.0,0.0,0.0,0.0,0.0,0.0,0.0,0.0,0.0,0.0,0.0,0.0,0.0,0.0,0.0,0.0,0.0,0.0,0.0,0.0,0.0,0.0,0.0,0.0,0.0,0.0,0.0,0.0,0.0,0.0,0.0,0.0,0.0,0.0,0.0,0.0,0.0,0.0,0.0,0.0,0.0,0.0,0.0,0.0,0.0,0.0,0.0,0.0,0.0,0.0,0.0,0.0,0.0,0.0,0.0,0.0,0.0,0.0,0.0,0.0,0.0,0.0,0.0,0.0,0.0,0.0,0.0,0.0,0.0,0.0,0.0,0.0,0.0,0.0,0.0,0.0,0.0,0.0,0.0,0.0,0.0,0.0
ENCFF000VCT,0.058934216997260015,1574,9,167,1397,18,2276,373,19,13,9,59,153,115,264,809,678,145,37,186,283,11,49,4,2,6,57,20,144,890,182,21,10,22,75,71,1,98,0,4,415,649,2,42,7,1,31,246,861,1,36,30,43,31,30,746,8,23,18,14,39,77,22,304,12,18,3,10,1988,2293,581,27,31,41,427,12,43,27,29,36,9,40,53,218,9,20,139,1,26,16,1,87,8,0,62,37,560,8834,624,20,1709,2322,92,2098,118,12,347,91,83,0,151,440,436,3,260,2014,87,1006,17,75,58,424,26,1045,40,333,157,34,193,23,8,2142,406,15,575,248,1749,1756,1,260,102,45,158,1924,21,13,2,7,1,1,127,21,60,511,292,37,184,1414,95,19,37,37,38,134,244,216,608,2,2,2,28,2,53,22,142,308,0,1,25,56,34,943,440,2396,113,1328,1560,603,1263,596,1251,10,1556,1711,697,540,1255,1081,271,46,2,24,7,22,32,11,6,2,2,212,3,1311,497,311,5,9558,1624,213,1380,671,61,69,1981,777,2026,119,2517,7,2709,4,23,104,67,8,30,5,137,119,1,25,28,20,32,21,99,71,51,19,191,154,98,256,45,17,16,13,10,11,12,49,40,225,36,3,95,101,69,412,1162,4,85,268,47,28,17,20,29,15,20,377,16,28,334,10,79,20,202,28,47,26,22,28,11,21,78,100,28,38,31,217,44,17,22,30,144,1,2,10,17,61,10,915,8,602,2,30,14,365,69,411,370,294,0,127,5,12,53,240,2339,40,88,113,55,1,84,11,4,32,694,222,241,81,8,20,4,1,1,20,17,153,25,169,14,12,72,2139,14,75,7356,16,307,21,182,19,86,17,4,167,28,35,33,24,13,7,50,41,32,35,14,30,46,1377,5,484,147,2,1834,406,0,20,306,27,5,299,30,84,18,158,21,690,88,33,35,39,13,39,30,103,19,1,52,5,109,4,3,20,15,11,27,31,972,50,278,158,43,27,62,7,2237,4,929,74,740,101,18,162,2,1573,265,489,2230,136,518,7,8,12,26,8,46,23,74,284,28,1,10,40,1,2,238,308,0,0,12,1418,1984,1314,346,1994,297,22,3820,5062,591,1976,4022,4388,17,9,41,21,8,40,120,29,33,35,362,0.0,0.0,0.0,0.0,0.0,0.0,0.0,0.0,0.0,0.0,0.0,0.0,0.0,0.0,0.0,0.0,0.0,0.0,0.0,0.0,0.0,0.0,0.0,0.0,0.0,0.0,0.0,0.0,0.0,0.0,0.0,0.0,0.0,0.0,0.0,0.0,0.0,0.0,0.0,0.0,0.0,0.0,0.0,0.0,0.0,0.0,0.0,0.0,0.0,0.0,0.0,0.0,0.0,0.0,0.0,0.0,0.0,0.0,0.0,0.0,0.0,0.0,0.0,0.0,0.0,0.0,0.0,0.0,0.0,0.0,0.0,0.0,0.0,0.0,0.0,0.0,0.0,0.0,0.0,0.0,0.0,0.0,0.0,0.0,0.0,0.0,0.0,0.0,0.0,0.0,0.0,0.0,0.0,0.0,0.0,0.0,0.0,0.0,0.0,0.0,0.0,0.0,0.0,0.0,0.0,0.0,0.0,0.0,0.0,0.0,0.0,0.0,0.0,0.0,0.0,0.0,0.0,0.0,0.0,0.0,0.0,0.0,0.0,0.0,0.0,0.0,0.0,0.0,0.0,0.0,0.0,0.0,0.0,0.0,0.0,0.0,0.0,0.0,0.0,0.0,0.0,0.0,0.0,0.0,0.0,0.0,0.0,0.0,0.0,0.0
ENCFF001HIR,0.17715516572485682,57529,247,4076,30142,541,69614,7646,273,476,420,781,3606,3380,8186,13205,21717,3610,634,6002,6962,209,1077,109,93,129,1250,2005,3667,28399,5387,367,238,632,2193,1908,69,2778,71,38,9072,15392,105,906,55,103,994,6857,16431,287,685,1082,1470,704,429,8668,229,518,570,252,1114,1896,553,12179,420,327,502,129,52972,58240,9734,1232,738,1625,6596,538,1465,548,811,934,248,1070,1446,4848,467,564,3862,35,892,553,62,1936,219,56,1674,1317,14232,215973,14146,161,38050,53236,3279,45475,1415,648,7454,2304,2453,44,4045,9938,9956,251,5061,42665,2614,36631,465,1760,1989,10968,719,46570,1496,7461,3827,1255,3811,611,233,43128,12212,1221,28887,8128,14821,38135,310,5174,3569,1334,4889,31478,458,547,92,158,68,85,3322,466,734,12570,6951,1091,4743,30650,3129,636,1379,1245,1040,3698,5443,4717,7212,198,250,88,1004,57,1787,608,1085,137,27,23,632,1100,1240,19502,9913,61270,2490,33014,40278,17100,26957,15366,30945,344,36237,42625,15798,12476,28740,25720,7388,998,409,850,69,524,914,278,146,36,62,4794,350,32874,12115,10416,453,247652,45709,4604,35918,23166,1843,727,48637,21963,61512,3598,59297,221,60636,74,392,960,242,284,1142,311,4405,3167,46,680,992,613,910,466,2944,1802,248,330,5528,3637,2572,3840,1237,290,681,797,392,355,270,617,1097,6073,1242,402,2146,2974,2539,10188,23749,933,2769,3802,1527,932,808,664,990,479,160,10038,550,977,6906,376,1892,425,4603,1092,1125,554,1002,269,509,587,2536,2540,846,891,785,3211,1763,905,807,967,4157,32,29,393,636,786,302,20277,272,12956,31,628,100,8556,1118,9311,8181,8669,62,3881,191,307,1928,5636,62932,1028,2881,2648,1341,100,3259,346,435,1054,18855,7261,3829,2054,85,200,142,37,108,748,1707,3167,825,4141,557,519,1656,41663,415,2263,161181,639,7916,1118,6630,2068,2976,317,863,5990,785,1313,1320,374,459,384,11409,1547,1143,1415,498,1296,1676,33534,139,12525,2832,90,33746,9178,77,402,7418,1223,125,7479,851,1693,467,3817,1224,11509,2933,943,841,1359,464,1320,950,1745,793,68,1363,79,2044,167,20,394,576,722,755,1097,25244,1617,8713,5426,1158,534,1180,353,53557,266,21583,2144,17136,1921,518,3656,35,40790,7375,13545,56760,2831,12624,251,283,374,1017,532,1381,779,1467,6843,1208,39,552,993,49,83,5541,5984,22,343,308,33219,48157,34492,8951,48471,5467,895,79047,114104,14784,49169,82584,103834,280,234,776,710,246,879,1929,315,549,878,8181,0.0,0.0,0.0,0.0,0.0,0.0,0.0,0.0,0.0,0.0,0.0,0.0,0.0,0.0,0.0,0.0,0.0,0.0,0.0,0.0,0.0,0.0,0.0,0.0,0.0,0.0,0.0,0.0,0.0,0.0,0.0,0.0,0.0,0.0,0.0,0.0,0.0,0.0,0.0,0.0,0.0,0.0,0.0,0.0,0.0,0.0,0.0,0.0,0.0,0.0,0.0,0.0,0.0,0.0,0.0,0.0,0.0,0.0,0.0,0.0,0.0,0.0,0.0,0.0,0.0,0.0,0.0,0.0,0.0,0.0,0.0,0.0,0.0,0.0,0.0,0.0,0.0,0.0,0.0,0.0,0.0,0.0,0.0,0.0,0.0,0.0,0.0,0.0,0.0,0.0,0.0,0.0,0.0,0.0,0.0,0.0,0.0,0.0,0.0,0.0,0.0,0.0,0.0,0.0,0.0,0.0,0.0,0.0,0.0,0.0,0.0,0.0,0.0,0.0,0.0,0.0,0.0,0.0,0.0,0.0,0.0,0.0,0.0,0.0,0.0,0.0,0.0,0.0,0.0,0.0,0.0,0.0,0.0,0.0,0.0,0.0,0.0,0.0,0.0,0.0,0.0,0.0,0.0,0.0,0.0,0.0,0.0,0.0,0.0,0.0
ENCFF000NCL,0.16221597034207946,35493,532,3110,46291,915,93453,7126,256,801,350,519,3065,7320,11048,26885,46249,4529,596,5763,5604,176,822,92,96,103,895,704,3531,31773,4089,293,179,631,1973,1855,40,2234,29,13,7041,11881,129,724,74,116,715,6357,35212,71,537,1097,1509,558,326,7076,213,426,510,188,807,1464,334,14500,960,171,183,58,51059,56558,7534,1177,810,1260,5871,373,1357,746,938,971,235,1135,1337,3947,561,556,3828,21,988,562,27,1421,253,37,1869,1370,15026,189476,11460,88,30390,44772,3065,38119,1264,698,5799,1841,1870,44,3093,8189,8607,357,4312,34421,3916,44760,728,3064,2614,9547,1303,77628,1424,6510,3113,885,2981,829,274,33590,20058,577,58390,11672,14676,31792,97,4485,3920,1329,3871,43728,255,338,132,134,37,36,2407,394,506,10223,5361,744,3884,49098,4177,654,1283,2233,2256,3275,5402,4772,5667,50,185,63,1109,33,1882,743,517,457,20,1,586,852,1054,16044,7875,46653,2467,36576,34487,14999,40667,13836,28445,413,29155,34930,11367,9538,23616,19824,6089,867,144,822,33,546,1015,232,98,27,42,4090,649,56417,12379,22768,432,203341,38082,3293,31284,28134,1195,565,41748,20011,60238,6573,46354,238,45062,69,342,727,127,322,1015,336,3838,2490,39,654,1150,684,994,495,2700,1555,208,229,5089,3311,2163,2509,1340,329,794,785,414,434,309,496,1194,5183,1412,455,1827,2542,2232,13887,27326,398,2668,3108,1451,836,721,680,1048,519,117,7355,594,1059,5833,431,1688,489,4004,1160,1135,627,1055,147,537,516,2654,2479,858,1014,793,2644,1611,914,942,979,4064,29,44,515,648,515,213,15643,146,10369,21,546,67,6863,795,7049,6788,7571,42,2807,141,215,1738,4132,89654,765,1982,2131,1099,34,2654,194,423,748,15021,6721,2842,1536,71,258,165,13,70,743,2207,2659,683,3682,577,564,2194,76079,431,2254,126370,615,6396,1011,5897,833,2944,352,287,4072,906,1059,1206,425,474,280,3283,1308,1068,1209,521,1337,1400,27561,74,10830,2289,34,28175,6427,16,357,5636,735,62,6962,920,1115,376,3234,1250,17703,3406,606,874,1214,519,1233,955,1360,767,20,908,18,1881,130,35,220,406,357,1209,910,38817,2746,10978,6461,1788,555,948,314,39291,122,16376,1760,13361,1554,329,2997,29,33885,6244,10601,45452,1277,26047,281,185,438,936,744,1197,814,1462,8009,1118,52,234,1226,36,53,4488,4552,40,161,223,26214,40368,31047,7440,39045,4370,295,86145,93036,13178,42291,67483,83631,423,232,822,793,226,975,1417,245,451,642,6812,0.0,0.0,0.0,0.0,0.0,0.0,0.0,0.0,0.0,0.0,0.0,0.0,0.0,0.0,0.0,0.0,0.0,0.0,0.0,0.0,0.0,0.0,0.0,0.0,0.0,0.0,0.0,0.0,0.0,0.0,0.0,0.0,0.0,0.0,0.0,0.0,0.0,0.0,0.0,0.0,0.0,0.0,0.0,0.0,0.0,0.0,0.0,0.0,0.0,0.0,0.0,0.0,0.0,0.0,0.0,0.0,0.0,0.0,0.0,0.0,0.0,0.0,0.0,0.0,0.0,0.0,0.0,0.0,0.0,0.0,0.0,0.0,0.0,0.0,0.0,0.0,0.0,0.0,0.0,0.0,0.0,0.0,0.0,0.0,0.0,0.0,0.0,0.0,0.0,0.0,0.0,0.0,0.0,0.0,0.0,0.0,0.0,0.0,0.0,0.0,0.0,0.0,0.0,0.0,0.0,0.0,0.0,0.0,0.0,0.0,0.0,0.0,0.0,0.0,0.0,0.0,0.0,0.0,0.0,0.0,0.0,0.0,0.0,0.0,0.0,0.0,0.0,0.0,0.0,0.0,0.0,0.0,0.0,0.0,0.0,0.0,0.0,0.0,0.0,0.0,0.0,0.0,0.0,0.0,0.0,0.0,0.0,0.0,0.0,0.0
ENCFF002DPC,0.1202487909757622,336714,453,2757,68944,547,215822,20950,637,320,291,1282,6255,1869,6073,39706,22919,3071,1027,11317,9704,266,1094,83,167,112,3191,32182,5771,35336,7034,206,99,719,4404,4106,48,4763,22,20,14144,13760,79,407,32,87,1346,10466,30267,1543,1667,2673,2774,278,393,10180,85,509,819,368,1296,3506,426,16599,638,312,7971,175,54528,71966,8962,2425,1387,3824,9656,79,3012,1247,1358,1700,532,2420,3526,3846,788,1524,7020,37,1743,1550,27,1552,318,81,1659,1289,27994,234597,14135,215,38566,54680,5454,47478,3412,1355,5967,2356,3040,33,6213,13527,16010,314,9599,56126,1763,47742,237,1131,1375,9876,469,76779,2387,12430,4165,493,3239,207,250,41936,5449,15166,23136,8990,27412,40841,917,7590,13212,2851,5879,69347,687,1926,80,79,29,39,2582,549,909,19785,5735,411,5968,65220,3409,329,3235,2621,1354,4104,9570,12077,11927,64,116,86,2106,42,2433,1103,1919,296,21,19,963,641,2987,18075,8559,64574,4405,29940,46754,21528,44730,23174,41806,219,36262,46526,18057,14718,42668,28525,7223,1560,2351,1680,33,1398,2379,155,49,29,166,8036,142,54041,15909,6584,777,352159,68973,7458,36663,26843,1445,1239,49767,32491,80793,5660,77056,255,82688,44,512,1477,78,690,2030,882,8270,3717,93,1422,1279,1168,2116,1118,5803,2967,971,307,8663,6206,3233,7781,3352,621,1954,1732,987,583,455,521,2097,7592,2206,762,2075,5562,3545,11057,39341,24695,5044,5994,2224,1823,1605,1398,1774,989,258,14218,1097,3359,8344,714,3283,1079,6440,3228,2367,1737,1903,1004,908,857,4914,3619,1778,1764,1608,4304,3416,2260,1274,2251,5601,67,71,841,1762,1233,833,26109,512,17615,62,294,335,8689,989,13965,12992,16663,37,4059,111,60,3205,4901,109776,2108,3371,4867,1707,154,4482,106,409,2467,32476,14558,7199,2147,159,357,120,26,97,1218,3042,3890,1956,7001,1409,886,2017,86314,529,3254,159480,828,9095,1798,12902,31566,4004,601,1814,12666,1521,2755,2748,654,524,148,203219,3951,2169,2361,1177,2414,2767,37100,43,22745,1899,86,49576,12835,118,621,11414,2199,99,11133,1411,4016,283,7663,2065,26586,2521,4374,1490,2314,1264,1481,1916,2562,1300,54,1581,79,4745,294,260,97,1817,1200,260,953,59008,1475,11617,6062,852,1262,1431,557,48086,1754,19858,2908,15617,2254,98,3968,39,59168,10858,19870,74411,1915,21334,210,626,745,2081,1182,2322,1662,2010,11462,2157,24,223,2192,89,67,4618,4524,44,1560,221,42146,48773,40030,10098,44758,6814,742,89129,111575,18288,48453,90990,107993,202,112,1328,1252,577,1797,1204,560,316,1408,12081,0.0,0.0,0.0,0.0,0.0,0.0,0.0,0.0,0.0,0.0,0.0,0.0,0.0,0.0,0.0,0.0,0.0,0.0,0.0,0.0,0.0,0.0,0.0,0.0,0.0,0.0,0.0,0.0,0.0,0.0,0.0,0.0,0.0,0.0,0.0,0.0,0.0,0.0,0.0,0.0,0.0,0.0,0.0,0.0,0.0,0.0,0.0,0.0,0.0,0.0,0.0,0.0,0.0,0.0,0.0,0.0,0.0,0.0,0.0,0.0,0.0,0.0,0.0,0.0,0.0,0.0,0.0,0.0,0.0,0.0,0.0,0.0,0.0,0.0,0.0,0.0,0.0,0.0,0.0,0.0,0.0,0.0,0.0,0.0,0.0,0.0,0.0,0.0,0.0,0.0,0.0,0.0,0.0,0.0,0.0,0.0,0.0,0.0,0.0,0.0,0.0,0.0,0.0,0.0,0.0,0.0,0.0,0.0,0.0,0.0,0.0,0.0,0.0,0.0,0.0,0.0,0.0,0.0,0.0,0.0,0.0,0.0,0.0,0.0,0.0,0.0,0.0,0.0,0.0,0.0,0.0,0.0,0.0,0.0,0.0,0.0,0.0,0.0,0.0,0.0,0.0,0.0,0.0,0.0,0.0,0.0,0.0,0.0,0.0,0.0
ENCFF868YNQ,0.11613175802129551,119159,379,3444,60633,713,223583,11913,730,406,262,2017,23380,3140,10252,36919,40466,2576,1020,10542,6198,191,786,39,181,191,2342,8245,6072,52847,5056,150,60,660,4177,3968,53,4388,80,8,14430,11099,160,456,213,73,1163,10055,37998,450,1120,2826,3001,222,325,6114,185,414,377,390,1261,26987,934,22827,758,506,2393,8686,60333,54524,5366,2573,1485,3494,5923,77,2947,1379,1594,1935,526,2353,2560,3384,930,1612,7277,52,1776,1618,39,1181,1754,129,1536,1738,35028,176261,9725,159,25141,39534,5663,33573,2917,1509,3781,1501,1917,68,3978,7889,8281,223,6876,37450,2686,69033,308,1544,1741,8041,716,112165,2701,6400,2770,555,2393,319,135,27935,9257,3060,46462,13418,13884,28357,953,7102,12884,2490,3934,74878,369,567,159,182,91,77,1984,727,14942,11654,3681,431,6144,60310,4178,271,2825,2542,1366,3363,4766,4591,7830,145,237,126,2200,117,2826,1237,7729,2050,23,26,870,604,2648,12462,6155,44718,4128,30382,43353,17932,55416,20997,37736,531,28771,37536,9936,10319,30856,19590,6305,1286,608,1656,45,1692,2534,251,119,51,70,7157,230,86002,13434,14138,539,306334,51338,5461,29721,35945,1091,1290,44560,23251,78445,3656,40616,130,36349,127,301,9754,458,777,1909,413,7515,2641,64,1552,1491,1348,2319,1214,5063,2570,338,326,7912,5531,2902,4287,3529,671,1984,1795,1075,680,496,460,2209,6769,1659,773,2134,4817,3624,15124,64756,6737,4812,4423,2255,1823,1442,1479,1925,1102,269,10980,1239,3583,6662,765,2718,1215,5704,3741,2283,2089,2158,499,949,827,5339,3951,2046,1733,1778,3220,3222,2355,1312,2472,5694,46,70,919,1912,776,861,14282,498,10561,62,263,171,6827,779,8636,7693,11427,114,3032,255,80,2585,3586,131265,839,2250,4519,1341,94,4248,237,1374,1697,28012,14635,95877,1510,134,212,161,26,186,1301,2264,2842,1592,6136,1385,1015,2852,99874,304,3462,114812,805,7259,2091,12421,9473,3858,599,1235,5743,1714,2209,2414,676,638,102,60952,3126,2183,2216,825,2291,2504,29836,107,20773,1482,39,31729,11527,24,424,7640,1491,179,11088,1612,1427,256,6307,2237,29760,2999,1335,1651,2283,1353,1468,2021,1681,1400,71,1361,134,3501,260,817,173,543,820,442,1345,52802,1854,11984,6560,1042,852,1003,595,28854,434,14894,2334,9407,1649,64,2591,157,43714,8549,14213,53828,2246,35197,234,485,888,2273,1342,2033,1694,2344,11634,2015,23,147,2248,53,103,2944,2824,17,500,310,29376,50188,41058,10426,34914,5347,1325,87532,107719,16839,47647,82951,90464,361,76,1485,1356,644,1934,1369,756,401,823,8004,0.0,0.0,0.0,0.0,0.0,0.0,0.0,0.0,0.0,0.0,0.0,0.0,0.0,0.0,0.0,0.0,0.0,0.0,0.0,0.0,0.0,0.0,0.0,0.0,0.0,0.0,0.0,0.0,0.0,0.0,0.0,0.0,0.0,0.0,0.0,0.0,0.0,0.0,0.0,0.0,0.0,0.0,0.0,0.0,0.0,0.0,0.0,0.0,0.0,0.0,0.0,0.0,0.0,0.0,0.0,0.0,0.0,0.0,0.0,0.0,0.0,0.0,0.0,0.0,0.0,0.0,0.0,0.0,0.0,0.0,0.0,0.0,0.0,0.0,0.0,0.0,0.0,0.0,0.0,0.0,0.0,0.0,0.0,0.0,0.0,0.0,0.0,0.0,0.0,0.0,0.0,0.0,0.0,0.0,0.0,0.0,0.0,0.0,0.0,0.0,0.0,0.0,0.0,0.0,0.0,0.0,0.0,0.0,0.0,0.0,0.0,0.0,0.0,0.0,0.0,0.0,0.0,0.0,0.0,0.0,0.0,0.0,0.0,0.0,0.0,0.0,0.0,0.0,0.0,0.0,0.0,0.0,0.0,0.0,0.0,0.0,0.0,0.0,0.0,0.0,0.0,0.0,0.0,0.0,0.0,0.0,0.0,0.0,0.0,0.0
ENCFF338LYQ,0.17613140988950773,570394,164,1892,49700,565,239198,8924,443,375,224,684,4482,1931,6844,26229,29815,2357,639,6757,5375,99,651,52,183,102,2230,47454,3980,24317,3749,137,61,528,2859,2563,24,3049,60,4,7697,8343,58,252,61,36,760,7061,19923,3172,931,2068,1987,184,309,4536,101,424,596,272,1211,2353,231,9720,255,205,12510,116,34274,47033,4599,1724,1044,3642,4612,44,2059,892,1069,1278,350,1670,1853,2397,588,1093,5031,30,1183,1072,29,887,228,45,996,887,16982,150168,7850,188,22013,32861,4173,27978,2033,1095,3290,1284,1638,65,3102,6688,7997,162,5550,31369,1927,45963,267,1226,1269,6396,555,71013,1817,6320,2222,371,1873,163,110,22767,5549,16254,14781,8204,9974,23268,1516,5434,8102,1680,4835,44773,385,2606,101,90,36,37,1539,364,405,10854,3527,310,4135,47716,2277,219,2027,1219,715,2752,4002,4513,5606,92,199,70,1576,64,1871,809,718,158,10,32,655,391,1845,10545,5350,39782,3002,23313,33732,14387,30691,15677,27796,211,22703,28884,9365,8603,23420,16289,4251,1048,4002,922,22,1066,1750,114,58,26,79,4418,186,36422,9178,9408,402,198589,42310,5493,22770,18710,956,588,33442,20738,50536,6176,41021,192,42947,54,274,792,63,511,1373,365,5391,2114,55,1023,985,981,1632,758,3552,1750,268,208,5886,4283,2154,2995,2403,488,1329,1278,653,413,329,254,1532,4623,1483,531,1459,3361,2412,7314,53923,42114,3175,3147,1567,1230,950,976,1355,756,61,7140,767,2452,4863,550,2009,804,4502,2587,1599,1522,1451,269,677,597,3734,2663,1492,1147,1126,2426,2259,1603,892,1619,3797,36,58,563,1187,646,481,13442,416,8745,36,228,90,5160,634,7205,7241,9421,61,2613,329,43,2087,2865,92823,3055,1963,2979,1062,469,2635,62,172,1473,21845,8925,4251,1410,153,281,208,15,126,903,1762,2376,1189,4009,891,619,1365,76062,1193,2282,93202,586,5536,1471,8610,48746,2719,413,4665,22819,1172,1508,1630,496,397,104,440003,2257,1539,1509,576,1503,1896,22951,59,15146,1304,41,26398,7493,63,416,5959,1098,170,7966,1108,1172,195,4700,1403,16676,1679,5860,1093,1598,851,1161,1348,1312,913,60,982,65,2643,236,281,104,2620,447,346,725,39216,1596,8026,5066,814,674,1013,472,24795,2394,12205,2361,8926,1423,59,2388,23,35829,6477,11099,41009,2192,13883,137,420,586,1498,837,1371,1202,1419,7567,1393,12,113,1586,46,52,2690,2644,10,2248,163,22230,30755,25448,6760,26916,3898,687,57655,70287,11927,31073,56005,65412,265,80,974,957,399,1378,565,374,203,813,7188,0.0,0.0,0.0,0.0,0.0,0.0,0.0,0.0,0.0,0.0,0.0,0.0,0.0,0.0,0.0,0.0,0.0,0.0,0.0,0.0,0.0,0.0,0.0,0.0,0.0,0.0,0.0,0.0,0.0,0.0,0.0,0.0,0.0,0.0,0.0,0.0,0.0,0.0,0.0,0.0,0.0,0.0,0.0,0.0,0.0,0.0,0.0,0.0,0.0,0.0,0.0,0.0,0.0,0.0,0.0,0.0,0.0,0.0,0.0,0.0,0.0,0.0,0.0,0.0,0.0,0.0,0.0,0.0,0.0,0.0,0.0,0.0,0.0,0.0,0.0,0.0,0.0,0.0,0.0,0.0,0.0,0.0,0.0,0.0,0.0,0.0,0.0,0.0,0.0,0.0,0.0,0.0,0.0,0.0,0.0,0.0,0.0,0.0,0.0,0.0,0.0,0.0,0.0,0.0,0.0,0.0,0.0,0.0,0.0,0.0,0.0,0.0,0.0,0.0,0.0,0.0,0.0,0.0,0.0,0.0,0.0,0.0,0.0,0.0,0.0,0.0,0.0,0.0,0.0,0.0,0.0,0.0,0.0,0.0,0.0,0.0,0.0,0.0,0.0,0.0,0.0,0.0,0.0,0.0,0.0,0.0,0.0,0.0,0.0,0.0
ENCFF492MYK,0.1912297914546914,8922391,7884,38376,82790,1658,227793,12506,626,1194,714,1400,7932,8944,19557,75238,67606,8568,1280,15081,13295,452,1632,186,105,104,2059,867172,7772,75946,8262,657,27511,2069,5829,3559,23546,4385,52,54,23945,26873,107,1694,90,2133,1156,13401,71316,126001,1313,2036,3012,1129,712,22339,469,826,1017,263,1702,3298,1885,38543,1659,7466,242829,99,137428,186183,19087,2287,1974,157979,17174,728,2593,1258,1681,2045,502,2210,2557,9770,1204,1272,8442,24,1928,1173,53,2916,384,69,3808,3404,56197,430152,25449,519,69893,104044,5986,90262,22816,1396,12690,3945,3930,22,7380,19367,18737,369,10647,81152,6241,72126,1077,5022,5257,24424,2414,95547,3346,14334,6503,1938,6643,799,268,79417,40950,464766,61732,17631,37936,75952,129236,10745,9305,2458,78425,125481,886,100700,213,241,83,75,5207,647,1519,54717,11311,1562,9185,89950,9995,950,2338,2733,2402,7389,10177,8898,16414,114,208,140,2233,32,4214,1411,26258,710878,12460,26,48806,1859,2110,40908,17555,242794,5625,73299,99694,36025,73103,34910,70651,584,72384,83852,26385,21898,89879,48643,17614,2307,180966,1966,142,983,2007,444,87,130,330,10292,566,95523,31309,23213,509,1164804,239995,85630,71593,67248,2800,32677,113398,52352,162710,10027,104790,418,105341,32,899,1833,232,637,2152,481,9018,6084,123,1470,1995,1312,2053,1035,5343,3092,2229,461,10557,7043,4561,6844,2648,695,1428,1592,771,831,633,1738,2419,14197,2962,860,6644,5557,5196,39421,89438,541419,5302,9438,3159,1710,1360,1398,2114,1189,819,18153,1115,2022,12979,918,3682,888,10439,2320,2271,1211,2045,1418,980,16537,5523,5309,1742,2143,1578,6269,3641,1864,1725,1887,9231,46,52,793,1312,1002,403,38183,250,25388,46,1309,180,14683,2079,18105,16047,17791,51,6245,137,604,3645,10325,233682,53250,46833,5281,2659,45583,7759,487,637,1862,35724,20382,6485,3275,78,385,319,34,60,1565,4219,7143,1127,9952,1232,1014,5055,117636,42309,5141,307343,2182,14206,2166,12043,852170,6613,684,332166,738371,1748,2121,2266,941,889,12725,3812233,2466,2028,2310,1248,2499,2687,63716,89,24908,5318,75,66590,17696,99,753,13770,1653,44,16143,1728,3581,609,11861,2438,50218,10305,127228,1934,2363,972,2640,1816,3500,2079,68,2718,46,4274,543,43,371,94975,1020,1651,2356,115370,4364,27359,13748,3192,1370,2168,302,117768,77409,36741,150447,31234,3138,643,7611,41,88493,15013,23900,119420,8545,42003,12987,524,807,57256,5735,2344,1567,3979,20210,2147,46,78885,2179,53,133,11540,9816,35,157410,363,63328,115318,86288,20643,91888,12658,1079,195313,269582,35346,113269,212594,213523,693,466,1565,1525,619,1929,3919,690,1057,1482,15395,0.0,0.0,0.0,0.0,0.0,0.0,0.0,0.0,0.0,0.0,0.0,0.0,0.0,0.0,0.0,0.0,0.0,0.0,0.0,0.0,0.0,0.0,0.0,0.0,0.0,0.0,0.0,0.0,0.0,0.0,0.0,0.0,0.0,0.0,0.0,0.0,0.0,0.0,0.0,0.0,0.0,0.0,0.0,0.0,0.0,0.0,0.0,0.0,0.0,0.0,0.0,0.0,0.0,0.0,0.0,0.0,0.0,0.0,0.0,0.0,0.0,0.0,0.0,0.0,0.0,0.0,0.0,0.0,0.0,0.0,0.0,0.0,0.0,0.0,0.0,0.0,0.0,0.0,0.0,0.0,0.0,0.0,0.0,0.0,0.0,0.0,0.0,0.0,0.0,0.0,0.0,0.0,0.0,0.0,0.0,0.0,0.0,0.0,0.0,0.0,0.0,0.0,0.0,0.0,0.0,0.0,0.0,0.0,0.0,0.0,0.0,0.0,0.0,0.0,0.0,0.0,0.0,0.0,0.0,0.0,0.0,0.0,0.0,0.0,0.0,0.0,0.0,0.0,0.0,0.0,0.0,0.0,0.0,0.0,0.0,0.0,0.0,0.0,0.0,0.0,0.0,0.0,0.0,0.0,0.0,0.0,0.0,0.0,0.0,0.0
ENCFF000ZLX,0.06424347869558666,3309,19,358,4829,116,11432,597,38,61,25,74,432,526,930,2255,3299,373,47,442,553,14,76,6,5,5,86,29,390,2943,355,27,17,46,259,226,5,204,2,3,913,1148,2,68,8,3,93,664,3236,5,92,131,175,47,43,695,20,44,43,17,80,182,65,1656,26,52,7,15,5844,5518,708,150,65,132,591,28,173,65,101,123,37,142,172,399,67,65,408,4,112,61,5,153,51,6,218,175,1359,18966,1007,12,2859,4206,290,3757,149,69,529,148,187,4,285,730,671,9,566,3532,373,3601,108,415,302,947,152,5295,197,624,275,86,307,51,8,2910,1276,41,2435,898,1209,2624,8,610,306,179,384,4830,28,33,7,9,5,3,174,25,94,1055,444,50,421,4863,467,36,128,105,97,335,482,418,545,37,23,7,120,5,244,66,281,246,1,3,66,85,105,1639,723,4600,274,3167,3854,1616,4463,1513,3406,24,2873,3475,1076,1000,2491,2038,744,103,4,75,12,65,110,23,4,2,4,421,31,5116,1564,1269,154,20213,3689,351,3025,3002,98,74,4453,1906,6653,632,4274,12,4396,7,26,186,139,41,106,22,417,218,3,86,133,75,130,58,326,189,30,26,494,355,180,271,155,53,93,77,56,39,31,45,163,516,134,55,545,325,277,1850,5000,27,277,319,183,107,84,40,102,65,14,769,56,90,565,39,179,62,433,160,135,96,109,24,59,53,317,293,92,109,110,283,165,87,107,131,440,5,3,59,67,72,21,1412,9,958,3,52,8,709,92,677,759,843,2,285,12,23,109,390,7597,54,163,258,98,4,284,15,40,62,1556,657,464,155,7,15,16,3,11,92,157,287,101,380,71,54,254,6438,56,239,13049,54,618,128,664,52,285,27,19,378,114,146,122,61,53,28,203,175,123,152,47,143,185,2812,5,1167,277,3,2887,771,4,27,595,56,2,722,103,111,29,366,116,2682,457,63,86,126,44,142,97,118,29,10,108,4,249,23,5,18,32,33,97,85,3961,321,1200,752,246,59,95,23,3633,7,1507,202,1263,156,34,286,7,2800,574,1024,4138,391,1911,30,21,48,95,55,141,76,179,1202,114,4,17,152,1,6,444,414,0,7,16,2533,4106,3388,782,3584,500,56,7870,9533,1496,4414,7068,8402,38,31,104,102,23,98,159,41,47,53,714,0.0,0.0,0.0,0.0,0.0,0.0,0.0,0.0,0.0,0.0,0.0,0.0,0.0,0.0,0.0,0.0,0.0,0.0,0.0,0.0,0.0,0.0,0.0,0.0,0.0,0.0,0.0,0.0,0.0,0.0,0.0,0.0,0.0,0.0,0.0,0.0,0.0,0.0,0.0,0.0,0.0,0.0,0.0,0.0,0.0,0.0,0.0,0.0,0.0,0.0,0.0,0.0,0.0,0.0,0.0,0.0,0.0,0.0,0.0,0.0,0.0,0.0,0.0,0.0,0.0,0.0,0.0,0.0,0.0,0.0,0.0,0.0,0.0,0.0,0.0,0.0,0.0,0.0,0.0,0.0,0.0,0.0,0.0,0.0,0.0,0.0,0.0,0.0,0.0,0.0,0.0,0.0,0.0,0.0,0.0,0.0,0.0,0.0,0.0,0.0,0.0,0.0,0.0,0.0,0.0,0.0,0.0,0.0,0.0,0.0,0.0,0.0,0.0,0.0,0.0,0.0,0.0,0.0,0.0,0.0,0.0,0.0,0.0,0.0,0.0,0.0,0.0,0.0,0.0,0.0,0.0,0.0,0.0,0.0,0.0,0.0,0.0,0.0,0.0,0.0,0.0,0.0,0.0,0.0,0.0,0.0,0.0,0.0,0.0,0.0
ENCFF000ZCU,0.24185611272977536,2369,3729,142,1586,22,3093,1034,14,17,19,54,88,112,211,853,736,119,23,204,253,8,42,1,0,5,40,93,118,833,199,10,15,492,62,64,1,78,3,2,455,559,2,30,2,1158,30,191,754,9,32,35,33,14,15,396,7,12,28,9,35,67,9,301,6,23,31,1,2365,2071,407,41,22,55,357,12,49,15,27,35,3,30,41,177,14,17,124,0,29,18,0,82,12,1,58,47,520,7686,538,2,1524,1986,81,1789,74,23,252,75,93,0,187,464,441,5,248,1619,88,921,23,76,87,375,43,1133,49,343,138,42,190,17,14,1675,354,43,530,254,1066,1421,8,157,121,49,190,1412,34,16,3,6,4,2,115,13,27,529,244,23,196,1462,91,15,34,108,101,169,374,362,357,9,5,1,31,0,67,28,202,1152,2,1,18,36,21,748,321,2227,90,1145,1502,611,1132,545,1103,6,1306,1418,589,466,1170,886,3404,39,25,144,4,22,25,8,0,0,6,231,8,1196,460,264,17,1077025,1649,165,1353,631,79,36,2977,2187,2109,148,2698,9,2913,5,12,33,17,5,29,25,158,104,1,22,38,18,32,22,101,43,32,11,191,180,89,196,39,9,23,19,15,18,8,42,34,181,49,14,86,97,70,345,534,51,83,166,46,31,22,16,23,17,9,408,22,24,237,9,59,17,149,31,45,23,32,18,15,20,86,64,29,28,23,134,50,13,19,22,103,4,1,5,18,35,10,823,10,555,0,32,3,270,58,383,365,377,2,107,8,14,53,192,2483,32,116,100,47,2,61,5,15,33,651,273,98,65,4,17,7,2,5,19,92,137,26,149,22,20,48,1787,23,59,5912,1466,258,30,175,103,112,11,32,235,37,37,32,28,11,10,368,44,40,48,13,43,35,1115,2,436,115,2,1601,385,1,12,318,50,2,256,28,100,12,128,40,510,84,31,27,62,19,33,20,79,28,2,38,0,99,11,7,10,27,62,29,21,1382,69,275,198,44,25,70,12,2088,10,673,76,680,69,14,148,2,1393,255,393,1945,70,454,5,16,10,26,2151,36,10,138,361,38,1,12,30,1,0,221,224,0,18,17,1182,1575,1216,268,1613,217,13,2823,3755,561,1606,2765,3643,17,19,25,25,7,33,76,11,23,26,301,0.0,0.0,0.0,0.0,0.0,0.0,0.0,0.0,0.0,0.0,0.0,0.0,0.0,0.0,0.0,0.0,0.0,0.0,0.0,0.0,0.0,0.0,0.0,0.0,0.0,0.0,0.0,0.0,0.0,0.0,0.0,0.0,0.0,0.0,0.0,0.0,0.0,0.0,0.0,0.0,0.0,0.0,0.0,0.0,0.0,0.0,0.0,0.0,0.0,0.0,0.0,0.0,0.0,0.0,0.0,0.0,0.0,0.0,0.0,0.0,0.0,0.0,0.0,0.0,0.0,0.0,0.0,0.0,0.0,0.0,0.0,0.0,0.0,0.0,0.0,0.0,0.0,0.0,0.0,0.0,0.0,0.0,0.0,0.0,0.0,0.0,0.0,0.0,0.0,0.0,0.0,0.0,0.0,0.0,0.0,0.0,0.0,0.0,0.0,0.0,0.0,0.0,0.0,0.0,0.0,0.0,0.0,0.0,0.0,0.0,0.0,0.0,0.0,0.0,0.0,0.0,0.0,0.0,0.0,0.0,0.0,0.0,0.0,0.0,0.0,0.0,0.0,0.0,0.0,0.0,0.0,0.0,0.0,0.0,0.0,0.0,0.0,0.0,0.0,0.0,0.0,0.0,0.0,0.0,0.0,0.0,0.0,0.0,0.0,0.0
ENCFF000OIJ,0.08969412303208656,46419,162,2449,18327,275,38802,4699,137,238,174,447,1792,1516,3321,9155,10320,1694,321,2714,3935,139,628,59,62,30,472,2621,1968,12275,2791,192,181,311,1063,913,101,1210,9,26,5906,8166,41,455,24,92,323,3381,11308,281,412,564,785,371,239,5166,103,265,232,94,590,864,195,6020,447,281,748,37,26816,32217,5628,532,372,1112,5127,186,646,296,479,513,113,522,662,2634,230,314,2046,7,490,258,8,1089,499,35,1035,677,10965,115934,7947,66,21198,29028,1465,24926,673,383,3977,1250,1240,13,2177,5145,5421,68,2669,25734,1180,16059,198,853,980,6157,371,19287,686,4309,2174,493,2158,319,112,27554,4682,1641,10320,3253,12064,21540,395,2588,1207,654,2655,22776,246,526,49,73,14,25,1660,329,566,6859,3980,462,2546,19082,1591,321,644,713,689,1958,2825,2556,4359,53,72,38,581,16,1012,352,924,8256,46,3,375,513,555,11495,5513,31355,1496,17336,21158,8932,16241,8443,17325,180,20016,23154,7945,6999,16468,13729,4494,550,454,380,37,296,488,125,25,14,34,2711,123,21727,6222,3898,150,125251,23328,2567,18917,10053,849,424,24737,9931,30224,1608,33523,164,33754,35,236,542,87,163,534,112,2291,1531,32,367,538,346,491,222,1383,873,220,117,3082,2097,1312,1919,695,168,409,415,184,190,163,473,631,3077,618,207,1110,1349,1460,6020,14211,1737,1417,2196,784,464,329,348,525,288,148,7217,258,484,4078,200,999,202,2644,576,586,312,532,230,268,366,1446,1410,426,544,381,1777,930,455,466,550,2330,21,11,232,334,379,201,11666,96,7466,6,396,29,4599,586,6621,4515,4502,69,1874,50,108,599,3154,33961,635,1802,1345,722,124,1535,139,310,580,8756,3461,1720,1192,47,111,74,14,23,361,689,1816,293,2540,294,300,964,23230,298,1247,90393,259,4445,555,3048,2775,1469,175,990,4644,444,574,521,204,221,222,12513,704,523,602,261,649,676,17705,32,6478,1532,16,19659,6112,10,198,3998,827,33,4078,431,940,191,1921,580,9456,1591,709,433,569,229,743,449,934,458,14,723,22,1275,59,17,160,522,255,304,384,16288,804,4626,2509,600,341,665,152,28752,232,11611,1432,9478,1065,161,2124,16,18859,3572,6353,28394,1012,10485,156,120,206,660,285,619,382,759,3555,590,25,329,523,15,16,3143,3321,18,490,154,18439,26153,17995,4589,25616,3065,450,43843,61186,7909,26946,44793,56214,185,122,407,431,112,510,1004,257,352,423,4433,0.0,0.0,0.0,0.0,0.0,0.0,0.0,0.0,0.0,0.0,0.0,0.0,0.0,0.0,0.0,0.0,0.0,0.0,0.0,0.0,0.0,0.0,0.0,0.0,0.0,0.0,0.0,0.0,0.0,0.0,0.0,0.0,0.0,0.0,0.0,0.0,0.0,0.0,0.0,0.0,0.0,0.0,0.0,0.0,0.0,0.0,0.0,0.0,0.0,0.0,0.0,0.0,0.0,0.0,0.0,0.0,0.0,0.0,0.0,0.0,0.0,0.0,0.0,0.0,0.0,0.0,0.0,0.0,0.0,0.0,0.0,0.0,0.0,0.0,0.0,0.0,0.0,0.0,0.0,0.0,0.0,0.0,0.0,0.0,0.0,0.0,0.0,0.0,0.0,0.0,0.0,0.0,0.0,0.0,0.0,0.0,0.0,0.0,0.0,0.0,0.0,0.0,0.0,0.0,0.0,0.0,0.0,0.0,0.0,0.0,0.0,0.0,0.0,0.0,0.0,0.0,0.0,0.0,0.0,0.0,0.0,0.0,0.0,0.0,0.0,0.0,0.0,0.0,0.0,0.0,0.0,0.0,0.0,0.0,0.0,0.0,0.0,0.0,0.0,0.0,0.0,0.0,0.0,0.0,0.0,0.0,0.0,0.0,0.0,0.0
ENCFF000YLC,0.18832615718490908,20518,108,1404,16233,281,49086,4046,131,208,149,467,1333,1258,2845,9090,11459,1380,216,2712,2985,110,393,55,31,43,505,348,1439,9117,2255,139,87,228,813,732,16,914,13,23,4020,5488,12,283,2,31,301,2473,7208,50,273,366,589,231,187,3605,88,193,277,92,775,690,113,4208,124,123,117,48,18754,23558,3910,450,299,557,3177,159,529,219,327,413,96,410,507,1898,183,229,1525,12,356,221,6,645,64,14,514,484,7173,83771,5396,53,14688,19713,1069,16833,516,275,2745,797,835,10,1426,4019,4166,71,2347,16616,1019,13426,199,858,877,4150,383,17494,532,3445,1595,352,1356,175,94,15888,3989,326,6548,2768,7720,14142,74,1940,1567,502,1788,17660,193,154,66,47,12,15,1174,132,317,5858,2618,387,2047,16137,1213,235,539,659,497,1483,2793,2763,3081,42,58,21,424,18,729,225,476,3485,16,1,209,343,450,7370,3581,21855,1006,12503,15903,6705,11753,5813,11814,137,13064,15520,5794,4766,11325,9085,2844,350,103,415,17,204,370,83,32,15,165,2114,110,14076,5055,3306,91,96859,18000,1620,13257,7882,645,410,18242,9386,24003,2215,25579,101,26556,26,161,525,113,144,436,195,1674,1097,10,259,380,244,367,177,1067,565,160,149,2181,1394,1017,1452,463,113,302,271,152,147,136,286,460,2213,592,146,846,953,961,3049,5311,226,1106,1603,608,312,254,250,404,185,73,4059,243,377,2593,146,653,170,1777,409,381,201,389,124,173,216,1029,943,359,372,328,1275,669,349,326,395,1551,34,18,181,271,302,208,7930,118,5281,14,306,45,3236,375,3849,3622,3848,16,1349,276,97,763,2410,26709,335,1209,941,544,28,1135,96,102,359,6764,3282,1578,745,46,229,70,3,33,271,725,1204,275,1820,256,272,521,19717,168,839,62271,216,2917,390,2123,476,1030,125,164,1950,357,459,504,221,183,111,2472,548,403,453,237,506,554,12293,81,4554,1082,12,14463,3607,14,153,3240,581,48,2937,365,864,160,1329,453,6450,1120,281,333,452,210,496,352,756,313,15,535,23,937,101,40,111,205,152,275,303,15533,867,3595,2231,516,226,534,168,20512,58,7824,755,6435,786,157,1516,25,14731,2695,4910,20921,665,5188,84,162,184,390,238,449,323,594,3663,441,22,130,410,8,19,2199,2083,3,90,90,12200,17899,12801,3046,17329,1869,194,29589,40650,5641,18456,29657,37598,116,82,350,273,101,329,679,174,244,385,3574,0.0,0.0,0.0,0.0,0.0,0.0,0.0,0.0,0.0,0.0,0.0,0.0,0.0,0.0,0.0,0.0,0.0,0.0,0.0,0.0,0.0,0.0,0.0,0.0,0.0,0.0,0.0,0.0,0.0,0.0,0.0,0.0,0.0,0.0,0.0,0.0,0.0,0.0,0.0,0.0,0.0,0.0,0.0,0.0,0.0,0.0,0.0,0.0,0.0,0.0,0.0,0.0,0.0,0.0,0.0,0.0,0.0,0.0,0.0,0.0,0.0,0.0,0.0,0.0,0.0,0.0,0.0,0.0,0.0,0.0,0.0,0.0,0.0,0.0,0.0,0.0,0.0,0.0,0.0,0.0,0.0,0.0,0.0,0.0,0.0,0.0,0.0,0.0,0.0,0.0,0.0,0.0,0.0,0.0,0.0,0.0,0.0,0.0,0.0,0.0,0.0,0.0,0.0,0.0,0.0,0.0,0.0,0.0,0.0,0.0,0.0,0.0,0.0,0.0,0.0,0.0,0.0,0.0,0.0,0.0,0.0,0.0,0.0,0.0,0.0,0.0,0.0,0.0,0.0,0.0,0.0,0.0,0.0,0.0,0.0,0.0,0.0,0.0,0.0,0.0,0.0,0.0,0.0,0.0,0.0,0.0,0.0,0.0,0.0,0.0
ENCFF643QTB,0.135239875358618,306508,98,2076,38893,374,150864,11155,543,363,266,1320,6940,1367,3649,25133,16166,2073,654,4414,7058,188,704,66,134,68,2463,24239,4337,25396,4351,162,69,541,3301,2998,30,3346,31,6,11442,9254,81,235,58,22,999,7744,21653,1339,1123,2267,2138,142,281,5957,68,392,444,187,1117,4846,167,7236,184,206,6075,772,30364,45604,5417,1829,1127,3054,5846,45,2403,966,1114,1338,373,1842,2552,2585,663,1127,5423,29,1292,1215,22,927,214,31,1145,849,12497,156160,8822,228,24977,35122,4422,30715,2322,979,3628,1451,1961,41,3556,8363,9947,189,8215,36495,1264,32451,174,747,997,6769,413,51719,1825,8286,2766,240,1960,134,162,25681,3109,31065,14561,5302,14801,26281,747,5737,3973,1932,4360,32988,371,1408,49,76,59,21,1619,419,2207,15614,3744,323,4116,38975,2170,257,2304,655,408,2500,6500,7724,7999,60,111,38,1720,43,1941,832,579,126,18,13,678,424,2007,11582,5798,43370,3128,20216,32147,14560,32754,16461,30262,106,25043,31717,12159,9493,29026,17817,4430,1111,2165,602,28,1105,1996,139,65,34,88,6237,139,33445,9758,4186,318,158018,41076,5460,22496,13075,954,889,30149,18468,44689,3855,45054,178,47346,106,351,1767,190,530,1525,554,5901,2534,64,1120,1022,993,1680,886,4102,2094,532,203,6512,4764,2222,3994,2670,504,1415,1387,745,490,326,321,1631,4074,1375,540,1528,3858,2695,7369,29804,20816,3891,3809,1751,1398,1144,979,1415,763,98,8153,829,2515,5667,535,2267,871,5010,2706,1845,1515,1573,521,671,585,3867,2847,1560,1268,1360,2857,2455,1720,963,1923,4301,50,89,617,1259,960,574,15539,295,10674,55,210,148,5629,635,8855,8874,10577,31,2612,206,43,1750,3167,74595,1644,2196,3681,1141,137,3269,60,171,1482,23103,6973,16512,1329,147,330,147,10,108,1047,1606,2371,1502,4712,972,676,1188,49557,507,2455,106382,647,5992,1623,9143,25474,3025,419,1956,11002,1225,1968,2045,515,402,81,197807,2790,1619,1765,789,1840,2102,24694,44,16358,1331,33,32207,7876,47,373,7602,1335,219,8577,1195,2069,219,5351,1534,18726,1678,3397,1077,1730,1037,1299,1479,1556,843,39,1065,57,3226,227,419,110,1434,379,186,567,40739,1296,7985,4522,709,757,1096,359,29334,1296,12959,2318,10329,1413,77,2710,52,37870,6794,13751,47866,1561,17942,152,345,625,1615,882,1760,1271,1642,7852,1582,20,135,1600,45,48,2906,2727,11,1157,369,23931,33226,27266,6990,29244,4138,554,59183,74058,12185,32755,60722,70987,134,88,1061,893,474,1394,728,420,292,881,8953,0.0,0.0,0.0,0.0,0.0,0.0,0.0,0.0,0.0,0.0,0.0,0.0,0.0,0.0,0.0,0.0,0.0,0.0,0.0,0.0,0.0,0.0,0.0,0.0,0.0,0.0,0.0,0.0,0.0,0.0,0.0,0.0,0.0,0.0,0.0,0.0,0.0,0.0,0.0,0.0,0.0,0.0,0.0,0.0,0.0,0.0,0.0,0.0,0.0,0.0,0.0,0.0,0.0,0.0,0.0,0.0,0.0,0.0,0.0,0.0,0.0,0.0,0.0,0.0,0.0,0.0,0.0,0.0,0.0,0.0,0.0,0.0,0.0,0.0,0.0,0.0,0.0,0.0,0.0,0.0,0.0,0.0,0.0,0.0,0.0,0.0,0.0,0.0,0.0,0.0,0.0,0.0,0.0,0.0,0.0,0.0,0.0,0.0,0.0,0.0,0.0,0.0,0.0,0.0,0.0,0.0,0.0,0.0,0.0,0.0,0.0,0.0,0.0,0.0,0.0,0.0,0.0,0.0,0.0,0.0,0.0,0.0,0.0,0.0,0.0,0.0,0.0,0.0,0.0,0.0,0.0,0.0,0.0,0.0,0.0,0.0,0.0,0.0,0.0,0.0,0.0,0.0,0.0,0.0,0.0,0.0,0.0,0.0,0.0,0.0
ENCFF000VQP,0.14584088228220662,5929,56,424,3317,86,9611,788,36,79,47,128,276,740,1095,1717,3788,620,95,783,796,41,161,7,18,21,40,77,364,2567,641,57,58,60,185,167,2,271,1,5,1074,2077,1,134,1,11,114,683,2815,41,172,53,105,87,82,1441,31,73,60,34,192,155,35,1686,29,83,31,11,7010,7292,1518,102,63,159,1279,33,139,51,76,77,13,81,128,770,48,48,297,6,71,43,2,363,112,4,204,123,1669,29361,2191,13,5819,7557,293,6505,132,59,974,301,332,3,497,1299,1381,36,585,5794,473,3894,76,320,269,1568,139,4498,132,1031,462,158,684,58,17,6570,1912,42,2100,1052,2402,5543,8,489,386,108,530,4571,119,40,13,22,4,5,445,55,112,1490,1022,102,720,3387,365,63,102,366,355,439,785,730,1144,18,18,13,89,1,137,58,429,1057,2,0,23,175,95,3015,1395,7484,314,4466,5501,1894,3969,1801,3353,43,4522,5173,1803,1893,3698,3495,1147,92,19,100,7,46,69,46,11,7,3,589,56,3683,1375,1872,37,38381,5181,620,4959,3042,280,100,6365,2719,7109,646,8660,34,9353,4,46,143,63,27,97,14,341,318,2,61,71,61,79,48,287,145,33,23,549,473,248,533,89,33,63,55,48,42,33,105,83,673,82,39,257,319,170,1291,3479,47,256,611,183,55,51,47,80,44,25,1360,47,66,1021,26,182,44,512,96,100,54,94,14,37,29,203,226,77,69,54,436,152,67,64,83,256,1,0,35,49,110,0,2831,37,1878,2,112,5,1109,183,1223,1018,976,7,385,35,33,303,800,9575,108,331,307,203,3,199,42,57,129,1560,805,283,322,9,30,37,3,3,57,189,461,91,542,61,39,245,5506,42,182,21794,67,1103,85,490,92,242,24,77,652,73,93,99,55,34,33,873,112,98,125,7,120,126,4807,27,1416,432,13,5272,1487,3,77,849,110,8,875,48,219,49,381,95,1490,244,102,64,103,41,114,59,261,48,4,162,8,255,24,7,43,59,100,118,121,3415,254,1056,576,199,76,193,58,7622,8,2329,200,2496,328,36,550,2,4326,932,1397,6313,307,1697,17,28,37,70,58,118,58,107,875,88,4,102,102,6,10,973,989,4,8,40,4882,5638,3585,810,6402,956,80,10912,14120,1643,5848,10434,13841,66,62,72,85,29,79,271,58,99,81,940,0.0,0.0,0.0,0.0,0.0,0.0,0.0,0.0,0.0,0.0,0.0,0.0,0.0,0.0,0.0,0.0,0.0,0.0,0.0,0.0,0.0,0.0,0.0,0.0,0.0,0.0,0.0,0.0,0.0,0.0,0.0,0.0,0.0,0.0,0.0,0.0,0.0,0.0,0.0,0.0,0.0,0.0,0.0,0.0,0.0,0.0,0.0,0.0,0.0,0.0,0.0,0.0,0.0,0.0,0.0,0.0,0.0,0.0,0.0,0.0,0.0,0.0,0.0,0.0,0.0,0.0,0.0,0.0,0.0,0.0,0.0,0.0,0.0,0.0,0.0,0.0,0.0,0.0,0.0,0.0,0.0,0.0,0.0,0.0,0.0,0.0,0.0,0.0,0.0,0.0,0.0,0.0,0.0,0.0,0.0,0.0,0.0,0.0,0.0,0.0,0.0,0.0,0.0,0.0,0.0,0.0,0.0,0.0,0.0,0.0,0.0,0.0,0.0,0.0,0.0,0.0,0.0,0.0,0.0,0.0,0.0,0.0,0.0,0.0,0.0,0.0,0.0,0.0,0.0,0.0,0.0,0.0,0.0,0.0,0.0,0.0,0.0,0.0,0.0,0.0,0.0,0.0,0.0,0.0,0.0,0.0,0.0,0.0,0.0,0.0
ENCFF173XRS,0.11253522996046786,5967273,3090,24373,150251,2898,420831,28927,869,1332,914,1690,7801,11338,20575,83103,101611,8962,1086,14842,16039,446,1765,235,298,170,2689,496686,8001,152421,10272,668,14833,1383,4474,4217,11385,4982,47,129,19889,29251,270,2230,263,985,1956,15299,75075,67914,1385,2145,3256,1317,1093,25099,517,937,1084,388,2080,3695,1304,43844,2340,1726,126012,201,139317,130115,20894,2786,1609,117914,19364,809,3163,1167,1826,2070,536,2170,2962,9805,1173,1245,8466,33,2000,1143,48,3067,737,75,4032,3120,49823,438553,27496,1172,74240,107635,6446,92833,3228,1445,15419,5500,5986,59,9295,21167,20289,389,10932,107278,8384,91790,1899,8087,7337,24991,3663,167743,3833,18446,9548,2435,8938,984,452,95878,31048,247503,128260,22074,56646,74515,80853,11507,8067,3177,53577,132956,977,56032,433,235,57,70,5991,622,2476,28068,12519,1618,12938,156322,10037,1261,2936,5630,4636,8086,26669,30637,24467,233,512,153,2290,77,4582,1482,3932,3810,5245,70,34355,3183,2613,42544,18872,283343,5617,80889,98702,41108,126148,37891,70343,634,79213,92648,40015,24527,64677,53165,16748,2193,85926,2398,256,1159,2051,442,165,100,108,11069,984,137740,32402,27076,832,759492,107849,52362,80986,73006,3236,1589,106791,52619,162907,13452,118835,528,111296,93,1804,2389,466,699,2331,883,9591,7874,166,1479,2186,1317,1986,995,6317,3685,4458,1493,11648,8002,5334,7385,2795,685,1542,1643,772,834,654,1785,2561,13434,3132,844,4780,6280,5754,34633,175678,302894,6124,11929,3330,2161,1724,1330,2147,1171,1289,20990,1112,1843,18160,819,4148,924,10348,2388,2553,1219,2056,1874,1105,10852,5718,5648,1849,2070,1658,6989,3517,1836,1871,2065,10653,89,94,833,1464,2499,1239,41507,508,30532,66,1706,2673,20979,2681,20353,19337,18585,55,7066,311,466,2153,11097,203676,30232,33663,5782,2850,24209,7332,509,606,2074,41165,17031,8035,3864,120,6943,375,41,74,1532,4465,6694,1758,10146,1143,1102,4771,195757,22355,5104,319915,1551,14585,2297,13745,465584,6834,728,239246,511522,1871,2517,2666,910,969,7963,2589759,3119,2150,2933,1368,3116,3250,70993,207,26113,6074,212,84098,18448,1764,738,16079,2113,107,16920,1755,9809,857,7880,2815,71917,10584,83845,1874,2793,1073,2494,1903,3873,1493,65,2929,57,5016,1934,472,608,63777,3553,2330,2830,151057,7638,26316,17764,4340,1691,2770,595,117304,49323,39848,118888,32511,3928,1070,7607,81,102260,18508,29942,152848,10901,80314,7440,705,800,28039,2615,2842,1610,4455,18303,2527,177,69821,2310,45,107,10637,10358,47,89774,368,66457,106696,79748,19798,92825,11522,1690,189887,240981,35223,111582,181639,208015,833,490,1656,1624,491,1942,5638,944,1311,1866,18679,0.0,0.0,0.0,0.0,0.0,0.0,0.0,0.0,0.0,0.0,0.0,0.0,0.0,0.0,0.0,0.0,0.0,0.0,0.0,0.0,0.0,0.0,0.0,0.0,0.0,0.0,0.0,0.0,0.0,0.0,0.0,0.0,0.0,0.0,0.0,0.0,0.0,0.0,0.0,0.0,0.0,0.0,0.0,0.0,0.0,0.0,0.0,0.0,0.0,0.0,0.0,0.0,0.0,0.0,0.0,0.0,0.0,0.0,0.0,0.0,0.0,0.0,0.0,0.0,0.0,0.0,0.0,0.0,0.0,0.0,0.0,0.0,0.0,0.0,0.0,0.0,0.0,0.0,0.0,0.0,0.0,0.0,0.0,0.0,0.0,0.0,0.0,0.0,0.0,0.0,0.0,0.0,0.0,0.0,0.0,0.0,0.0,0.0,0.0,0.0,0.0,0.0,0.0,0.0,0.0,0.0,0.0,0.0,0.0,0.0,0.0,0.0,0.0,0.0,0.0,0.0,0.0,0.0,0.0,0.0,0.0,0.0,0.0,0.0,0.0,0.0,0.0,0.0,0.0,0.0,0.0,0.0,0.0,0.0,0.0,0.0,0.0,0.0,0.0,0.0,0.0,0.0,0.0,0.0,0.0,0.0,0.0,0.0,0.0,0.0
ENCFF882XMA,0.11776956010713442,19275,969,774,2986,33,6424,2278,60,63,69,162,451,231,805,1147,1231,559,135,1787,1367,82,210,32,30,26,177,1114,385,2116,1075,80,56,219,209,177,15,396,19,13,2317,3105,9,234,4,357,171,982,1383,80,66,70,98,150,141,2651,49,92,131,155,209,273,42,714,119,183,221,31,7924,11068,2799,121,65,334,2365,98,125,42,60,79,10,79,142,1094,38,29,416,6,65,40,4,544,70,24,338,92,1117,43021,3306,17,8568,11555,428,9896,179,46,1862,543,705,3,1072,2659,2590,54,1057,10383,245,3253,11,66,184,2218,31,2209,142,1681,776,288,947,98,45,12857,1226,711,2249,905,7632,8926,164,726,1050,154,960,3715,195,172,16,33,26,19,702,109,396,2307,1554,193,980,2607,273,151,154,796,580,679,1356,1170,3333,23,43,27,78,4,160,39,635,345,6,1,129,227,123,5009,2024,12880,384,5596,7729,3130,3617,2931,4803,59,8105,9195,3592,2756,7032,5389,2043,171,131,244,15,31,58,79,14,108,27,931,36,3681,1650,555,153,212049,8742,879,7102,1632,388,164,9108,4529,8249,189,16153,55,16542,22,120,213,32,19,116,179,744,774,42,34,82,30,68,33,355,191,317,70,798,822,445,1701,88,16,44,64,21,32,16,313,67,1161,132,30,342,399,307,1031,3323,487,295,1479,197,100,81,47,72,26,199,2977,42,58,1683,27,290,28,1024,65,87,22,64,342,31,109,224,236,53,52,57,639,233,62,50,73,462,9,5,26,47,302,42,5173,46,3640,7,163,26,1729,287,2933,1764,1536,11,681,20,69,749,1215,8595,238,863,538,287,15,419,60,159,288,3552,1635,580,486,11,68,33,2,12,57,357,818,97,909,33,23,220,3496,66,248,36381,335,1682,97,797,1276,398,30,341,1694,60,151,157,25,33,77,5122,168,117,157,134,135,150,7396,16,2143,628,30,9234,2273,18,68,1638,373,9,1121,66,841,112,532,121,1761,229,378,72,155,41,133,88,576,215,6,275,13,518,243,3,69,245,213,80,233,2472,82,645,566,56,89,302,85,14498,56,5286,380,3878,437,96,837,9,8843,1855,2998,15150,518,1514,30,145,37,79,620,158,46,298,1506,139,6,295,64,13,10,1307,1318,2,228,84,7454,9565,6136,1604,9743,1109,67,13303,24101,2629,8822,17110,21916,51,50,49,48,14,65,557,89,137,154,1520,0.0,0.0,0.0,0.0,0.0,0.0,0.0,0.0,0.0,0.0,0.0,0.0,0.0,0.0,0.0,0.0,0.0,0.0,0.0,0.0,0.0,0.0,0.0,0.0,0.0,0.0,0.0,0.0,0.0,0.0,0.0,0.0,0.0,0.0,0.0,0.0,0.0,0.0,0.0,0.0,0.0,0.0,0.0,0.0,0.0,0.0,0.0,0.0,0.0,0.0,0.0,0.0,0.0,0.0,0.0,0.0,0.0,0.0,0.0,0.0,0.0,0.0,0.0,0.0,0.0,0.0,0.0,0.0,0.0,0.0,0.0,0.0,0.0,0.0,0.0,0.0,0.0,0.0,0.0,0.0,0.0,0.0,0.0,0.0,0.0,0.0,0.0,0.0,0.0,0.0,0.0,0.0,0.0,0.0,0.0,0.0,0.0,0.0,0.0,0.0,0.0,0.0,0.0,0.0,0.0,0.0,0.0,0.0,0.0,0.0,0.0,0.0,0.0,0.0,0.0,0.0,0.0,0.0,0.0,0.0,0.0,0.0,0.0,0.0,0.0,0.0,0.0,0.0,0.0,0.0,0.0,0.0,0.0,0.0,0.0,0.0,0.0,0.0,0.0,0.0,0.0,0.0,0.0,0.0,0.0,0.0,0.0,0.0,0.0,0.0
ENCFF147UMW,0.1477139247027151,27399,111,1843,29254,533,263965,6537,367,255,305,452,3658,1797,4876,19521,29166,2111,838,4425,4782,118,918,76,69,41,962,245,4265,29356,3690,204,76,589,2630,2193,41,2557,30,3,7479,11953,50,435,83,27,733,7166,34385,20,958,1566,1921,442,277,6000,69,402,160,48,881,1688,513,12503,361,179,64,9,41990,42210,6297,1611,957,2221,5842,221,1744,874,1064,1182,322,1620,1556,3495,543,1044,5002,5,1159,939,11,1162,778,20,1582,1274,32910,168997,9881,86,26778,37700,3452,32822,1599,911,4347,1148,1380,14,3233,7455,7611,113,4624,36883,1609,42424,225,1057,1331,7434,487,65647,1730,5445,2229,304,2265,292,59,31274,6384,135,21235,5534,9723,30777,25,4662,4742,1534,3479,47927,467,142,122,167,109,18,2205,453,215,9910,4355,806,4717,32139,3461,567,1685,838,784,2778,3935,3547,6677,29,71,58,1473,26,1893,901,1106,100,18,20,731,545,1442,15887,6776,49681,3279,23993,33836,13914,27496,15808,29843,345,27104,33405,20683,9544,25501,18140,4968,999,27,584,32,950,1572,88,12,32,40,4090,102,32353,10051,8463,255,163156,37578,4098,29141,21182,1258,429,35880,17623,55334,2356,40970,80,40792,14,259,581,7,404,1222,258,5138,2908,23,1099,1114,860,1276,653,3243,1958,226,136,6434,4084,2034,3691,2487,547,1110,1071,655,447,281,578,1665,4889,1129,513,1639,3088,2357,14230,45250,190,3056,4363,1615,1167,852,874,1282,793,104,8620,763,1885,6234,429,2063,782,4817,1886,1435,1104,1408,249,678,535,3588,2757,1157,1220,1169,3008,2360,1639,966,1536,4544,71,36,587,1078,495,410,16666,137,11240,117,437,79,6863,821,9540,6322,7718,20,2832,99,53,2063,3825,79411,603,2116,3042,1329,21,2738,91,399,1656,15943,5996,3117,1556,76,1520,28,15,45,902,1315,2150,884,4535,959,686,3055,52603,265,2311,119481,624,6929,1348,8000,612,2825,399,64,3265,1165,1397,1375,485,425,258,1696,1843,1399,1493,875,1508,1545,25414,18,16446,1523,12,27301,12121,27,480,5323,1085,31,8631,993,730,159,4533,1495,21400,2768,354,900,1483,820,1179,1184,1096,366,5,784,15,2309,82,79,77,114,332,212,603,23896,1126,10167,4471,875,712,537,131,34694,80,12294,1629,17775,1548,106,2936,5,28557,5880,10602,47507,2817,20635,200,189,526,1239,663,1184,1139,1356,3845,1304,9,138,1503,10,35,3544,3761,40,75,78,26249,36571,29245,6923,31388,4375,486,68487,82074,12299,35931,66132,74710,223,116,894,952,317,1252,750,316,433,638,6507,0.0,0.0,0.0,0.0,0.0,0.0,0.0,0.0,0.0,0.0,0.0,0.0,0.0,0.0,0.0,0.0,0.0,0.0,0.0,0.0,0.0,0.0,0.0,0.0,0.0,0.0,0.0,0.0,0.0,0.0,0.0,0.0,0.0,0.0,0.0,0.0,0.0,0.0,0.0,0.0,0.0,0.0,0.0,0.0,0.0,0.0,0.0,0.0,0.0,0.0,0.0,0.0,0.0,0.0,0.0,0.0,0.0,0.0,0.0,0.0,0.0,0.0,0.0,0.0,0.0,0.0,0.0,0.0,0.0,0.0,0.0,0.0,0.0,0.0,0.0,0.0,0.0,0.0,0.0,0.0,0.0,0.0,0.0,0.0,0.0,0.0,0.0,0.0,0.0,0.0,0.0,0.0,0.0,0.0,0.0,0.0,0.0,0.0,0.0,0.0,0.0,0.0,0.0,0.0,0.0,0.0,0.0,0.0,0.0,0.0,0.0,0.0,0.0,0.0,0.0,0.0,0.0,0.0,0.0,0.0,0.0,0.0,0.0,0.0,0.0,0.0,0.0,0.0,0.0,0.0,0.0,0.0,0.0,0.0,0.0,0.0,0.0,0.0,0.0,0.0,0.0,0.0,0.0,0.0,0.0,0.0,0.0,0.0,0.0,0.0
ENCFF001FSU,0.08795685782920387,14200,42,1017,9228,253,37555,2507,72,167,91,206,864,1507,3325,4008,11018,1228,153,2018,1689,62,285,20,18,24,240,22,850,7848,1167,66,41,129,565,418,3,570,6,3,3062,4763,30,185,12,9,224,1488,3734,4,182,215,386,139,152,4308,55,114,125,44,224,432,174,3344,225,176,7,31,13569,15902,5006,276,184,323,3255,90,320,124,189,225,66,249,375,1867,113,127,854,4,239,120,6,453,39,11,363,331,5244,52155,3824,39,10405,15500,677,13224,361,162,2269,685,493,7,1918,5010,4001,44,2521,13391,890,9556,168,598,621,2618,236,13028,378,1940,859,188,1151,140,49,11840,4865,49,8284,3031,14922,11959,7,1235,1418,325,1120,11846,196,55,27,32,8,15,685,138,187,4251,1603,204,1281,9187,891,124,301,757,730,1118,1333,1128,5394,27,41,10,250,7,391,175,284,827,3,1,119,223,293,7015,2194,14050,657,9236,12025,4135,8630,5482,9316,81,10482,11824,4298,3449,11055,6019,1791,236,11,283,11,120,209,70,19,7,16,1088,108,11310,3525,4262,59,82170,11426,1062,9528,7067,355,179,12894,5693,17318,1452,15113,65,14970,15,92,217,50,68,260,65,1852,1376,34,180,223,168,234,117,787,456,847,66,1349,1537,603,4045,317,66,182,178,125,73,73,1236,264,1578,366,101,506,708,585,3003,6080,47,621,3179,385,176,151,175,227,134,721,2836,124,218,2543,86,445,99,1607,277,259,155,240,271,120,114,626,602,185,214,168,1465,464,212,179,235,950,6,14,97,155,212,65,5627,33,4340,6,181,21,1974,414,3555,2113,2902,14,772,40,59,604,1203,23192,189,608,1264,343,6,741,63,140,291,5137,2218,804,427,21,44,38,6,19,178,322,698,156,1141,141,135,804,13912,92,501,43790,153,2257,238,1514,117,682,81,20,1048,186,345,331,93,117,71,335,374,241,345,96,302,399,8856,20,3569,823,8,14173,2909,5,101,2008,201,23,1707,197,443,93,904,290,3088,860,147,210,324,124,281,208,971,249,12,338,9,607,29,12,95,121,147,253,233,9288,543,2457,1691,343,159,258,71,16761,12,5059,474,4461,502,101,803,8,9196,2062,2756,17887,550,4827,51,68,106,189,116,319,167,1098,1937,290,13,61,249,13,16,1282,1282,10,12,89,8244,14357,11581,2176,11047,1319,231,22278,33118,4642,13636,22655,28355,117,54,165,162,52,233,732,91,143,198,1899,0.0,0.0,0.0,0.0,0.0,0.0,0.0,0.0,0.0,0.0,0.0,0.0,0.0,0.0,0.0,0.0,0.0,0.0,0.0,0.0,0.0,0.0,0.0,0.0,0.0,0.0,0.0,0.0,0.0,0.0,0.0,0.0,0.0,0.0,0.0,0.0,0.0,0.0,0.0,0.0,0.0,0.0,0.0,0.0,0.0,0.0,0.0,0.0,0.0,0.0,0.0,0.0,0.0,0.0,0.0,0.0,0.0,0.0,0.0,0.0,0.0,0.0,0.0,0.0,0.0,0.0,0.0,0.0,0.0,0.0,0.0,0.0,0.0,0.0,0.0,0.0,0.0,0.0,0.0,0.0,0.0,0.0,0.0,0.0,0.0,0.0,0.0,0.0,0.0,0.0,0.0,0.0,0.0,0.0,0.0,0.0,0.0,0.0,0.0,0.0,0.0,0.0,0.0,0.0,0.0,0.0,0.0,0.0,0.0,0.0,0.0,0.0,0.0,0.0,0.0,0.0,0.0,0.0,0.0,0.0,0.0,0.0,0.0,0.0,0.0,0.0,0.0,0.0,0.0,0.0,0.0,0.0,0.0,0.0,0.0,0.0,0.0,0.0,0.0,0.0,0.0,0.0,0.0,0.0,0.0,0.0,0.0,0.0,0.0,0.0
ENCFF435DRI,0.1530049225767098,311865,1786,7116,40160,597,101618,16849,388,731,711,1730,5560,3450,10065,17933,20638,5829,1251,19588,12871,597,2215,199,366,267,2202,22805,4678,29704,10137,720,829,1026,2381,2088,397,4125,91,116,16630,29240,370,2107,33,640,1896,10504,19392,2649,675,924,1531,1387,1463,19942,496,1204,1211,643,1884,3315,734,15132,1560,1086,6607,441,87285,103893,21098,1344,666,5928,17073,986,1671,557,886,1164,186,993,1576,9581,404,451,4375,64,853,520,81,4043,810,159,3884,1406,22797,395934,27599,211,73210,98649,4584,84393,1898,578,15291,5011,4936,108,9055,20573,20900,807,8548,88194,3490,47326,311,1445,2456,20805,682,54671,1507,15829,7788,2796,8193,944,315,85749,14792,13164,48342,11136,41244,76062,3411,7934,13707,1564,10535,50102,1665,4798,128,272,116,111,6877,1020,2257,22117,13417,1960,11677,37237,3195,1603,1547,5219,5670,6496,10700,9689,16648,188,420,191,1108,147,2214,487,4591,615,82,41,1953,1980,1409,40103,17995,109830,3534,53165,71527,28614,36408,26219,45692,634,66702,76033,27999,23479,57015,47488,14597,1515,4590,2337,162,553,924,542,250,139,102,8794,736,48158,17017,8842,1083,641199,86705,9903,70388,27387,3479,1455,86885,46957,96054,3232,129751,550,121273,232,1089,2213,789,292,1293,726,6213,6595,195,595,955,521,981,392,3770,2081,1318,670,8718,6280,4717,9690,1228,232,626,854,332,319,302,1503,1147,11102,1896,376,3673,3968,3450,12404,40076,9486,3658,8963,1828,1076,889,625,1017,447,845,21230,603,917,12666,445,2815,450,7538,886,1245,453,930,1055,388,1577,2771,2679,824,978,774,5738,2251,821,717,841,5176,128,172,392,588,1719,439,40598,615,27713,91,1382,337,15498,2297,20080,16814,14417,162,7679,293,573,7190,10516,100445,2479,5615,4246,2519,502,4567,887,2021,2591,34872,19970,7649,3733,110,684,318,61,129,648,3932,6780,1004,7521,467,545,2283,48448,1386,2382,301820,1541,14405,1159,9537,24080,4751,367,10118,27044,746,1417,1588,378,458,858,113549,1785,1207,1597,925,1534,1910,63541,238,20269,5051,145,72013,19685,109,752,13411,2386,139,11120,865,5076,854,5386,1411,24339,2341,4900,833,1520,543,1714,961,4214,2366,123,2573,90,3821,1135,61,618,3633,3795,1220,2364,48892,1358,8064,6952,1094,831,2671,994,112777,2162,39723,6070,33672,4033,909,7416,121,84875,14709,26022,115233,4688,21147,631,1549,361,1670,1469,1729,673,2058,17404,1443,63,5183,1072,178,178,11581,11574,129,5175,444,62621,85598,56615,16158,88132,9748,1970,125496,205804,23921,83389,149542,191702,450,380,657,646,267,892,4330,615,1325,1669,14985,0.0,0.0,0.0,0.0,0.0,0.0,0.0,0.0,0.0,0.0,0.0,0.0,0.0,0.0,0.0,0.0,0.0,0.0,0.0,0.0,0.0,0.0,0.0,0.0,0.0,0.0,0.0,0.0,0.0,0.0,0.0,0.0,0.0,0.0,0.0,0.0,0.0,0.0,0.0,0.0,0.0,0.0,0.0,0.0,0.0,0.0,0.0,0.0,0.0,0.0,0.0,0.0,0.0,0.0,0.0,0.0,0.0,0.0,0.0,0.0,0.0,0.0,0.0,0.0,0.0,0.0,0.0,0.0,0.0,0.0,0.0,0.0,0.0,0.0,0.0,0.0,0.0,0.0,0.0,0.0,0.0,0.0,0.0,0.0,0.0,0.0,0.0,0.0,0.0,0.0,0.0,0.0,0.0,0.0,0.0,0.0,0.0,0.0,0.0,0.0,0.0,0.0,0.0,0.0,0.0,0.0,0.0,0.0,0.0,0.0,0.0,0.0,0.0,0.0,0.0,0.0,0.0,0.0,0.0,0.0,0.0,0.0,0.0,0.0,0.0,0.0,0.0,0.0,0.0,0.0,0.0,0.0,0.0,0.0,0.0,0.0,0.0,0.0,0.0,0.0,0.0,0.0,0.0,0.0,0.0,0.0,0.0,0.0,0.0,0.0
ENCFF000OLW,0.11718089193492251,51156,217,3084,36615,903,132439,4870,208,712,228,452,2824,5645,10024,16475,46182,3610,446,4868,4518,124,700,99,81,106,665,2807,3134,34744,3489,206,180,420,1696,1556,83,1746,91,18,5769,9294,127,623,44,65,539,4962,22742,333,461,1053,1303,412,273,4827,191,307,395,149,813,1470,440,11995,240,320,806,96,41027,37957,5464,1017,679,1414,3746,262,1165,568,811,878,221,1040,1113,2999,456,489,3205,29,813,513,34,1146,321,78,1228,1156,12398,133089,7747,93,20944,31515,2522,27147,1033,571,4161,1241,1313,46,2196,5718,5656,210,3516,25610,3380,27570,646,2727,2328,7202,1255,38745,1232,4798,2263,655,2337,699,174,23163,15699,1395,28403,9667,8381,22233,614,3799,3727,1203,2920,35147,304,548,113,105,73,103,1884,338,471,8164,4028,679,3957,35875,3076,382,1028,828,682,2402,3449,2938,4204,66,174,86,1041,33,1666,585,393,240,54,1,676,675,894,11587,5481,34978,1942,27515,28358,11816,27895,11555,23517,261,22027,26507,8359,7198,18520,14498,4744,719,681,600,33,489,825,227,114,53,71,3085,463,40572,9990,16366,255,154597,30209,2763,21728,24033,877,426,31674,14856,49029,5453,33702,131,33512,87,256,749,243,338,832,218,3275,1886,35,625,952,589,775,419,2199,1403,215,187,4059,2816,1904,2079,1194,303,708,675,365,372,267,414,1131,3944,1207,402,1482,2044,1909,9418,21370,1384,2267,2226,1129,754,611,595,891,482,103,5626,503,845,4425,398,1402,464,3290,1000,914,527,890,194,487,469,2227,2230,777,951,679,2112,1314,757,713,895,3278,38,64,456,581,529,324,12193,232,7970,42,459,128,5550,618,5460,5336,6133,68,2206,225,157,1882,3278,70090,646,1614,1811,915,104,2303,250,161,546,12439,5948,2907,1116,82,153,156,29,122,613,1211,2310,554,3221,521,544,1546,53305,434,1855,97297,513,4947,912,5039,2612,2433,314,1104,4815,787,916,929,385,469,231,13340,1120,887,1035,350,1063,1263,20860,149,8570,1764,44,20331,6507,40,235,4631,598,147,5545,760,1061,296,2729,1092,22051,2624,616,789,1015,450,1067,835,1073,826,46,822,61,1488,79,19,164,522,285,948,696,33211,2552,7949,5344,1422,388,713,314,29484,381,12229,1814,9786,1144,309,2288,34,24466,4904,8360,35892,1211,14709,300,195,402,1012,535,1031,709,1276,7235,908,35,342,1007,26,57,3022,3264,25,569,241,19021,32165,25982,6243,28580,3193,431,54805,72104,10956,33185,52092,62897,319,154,704,639,198,794,1089,204,375,562,5561,0.0,0.0,0.0,0.0,0.0,0.0,0.0,0.0,0.0,0.0,0.0,0.0,0.0,0.0,0.0,0.0,0.0,0.0,0.0,0.0,0.0,0.0,0.0,0.0,0.0,0.0,0.0,0.0,0.0,0.0,0.0,0.0,0.0,0.0,0.0,0.0,0.0,0.0,0.0,0.0,0.0,0.0,0.0,0.0,0.0,0.0,0.0,0.0,0.0,0.0,0.0,0.0,0.0,0.0,0.0,0.0,0.0,0.0,0.0,0.0,0.0,0.0,0.0,0.0,0.0,0.0,0.0,0.0,0.0,0.0,0.0,0.0,0.0,0.0,0.0,0.0,0.0,0.0,0.0,0.0,0.0,0.0,0.0,0.0,0.0,0.0,0.0,0.0,0.0,0.0,0.0,0.0,0.0,0.0,0.0,0.0,0.0,0.0,0.0,0.0,0.0,0.0,0.0,0.0,0.0,0.0,0.0,0.0,0.0,0.0,0.0,0.0,0.0,0.0,0.0,0.0,0.0,0.0,0.0,0.0,0.0,0.0,0.0,0.0,0.0,0.0,0.0,0.0,0.0,0.0,0.0,0.0,0.0,0.0,0.0,0.0,0.0,0.0,0.0,0.0,0.0,0.0,0.0,0.0,0.0,0.0,0.0,0.0,0.0,0.0
ENCFF112MCC,0.1557933575961521,68148,211,2615,72453,570,181706,7005,438,253,221,441,4395,1750,9453,42485,35154,1961,663,6035,4760,86,595,52,62,48,1881,4847,4220,35738,3238,164,73,497,2891,2770,33,2880,26,11,7268,9217,73,349,71,47,1149,7533,40079,327,912,1817,2115,287,193,4592,107,307,191,131,707,2093,823,27982,3272,605,1362,132,61030,41832,4737,1868,1070,2443,4216,153,1949,920,1107,1354,350,1702,1801,2812,664,1076,5333,15,1262,1101,16,828,167,27,1169,1586,31242,143778,8382,148,21939,34005,3507,29203,1993,1025,3474,1074,1461,25,2599,5776,6242,189,4620,28427,1980,41063,206,1134,1492,6455,518,84090,1971,5051,2123,290,1820,143,43,22848,8519,2112,42017,8909,7976,22781,201,5384,6412,1792,3360,68191,534,458,181,81,42,42,1841,308,467,9248,3194,322,3833,71692,4133,287,1896,854,894,2556,3559,3088,4527,50,95,49,1668,25,1996,892,1119,298,18,17,774,486,1848,10910,5403,35625,3145,24261,32945,14520,41796,15771,29996,275,23587,29306,8112,7883,23060,15947,5482,1028,595,775,43,1021,1693,86,40,43,45,3610,117,61314,12101,10333,232,218347,40134,4296,28723,41297,863,453,38701,20356,77361,2968,34758,176,30565,22,259,656,23,444,1401,339,5448,2398,23,1147,1163,931,1474,791,3796,2095,140,347,6315,3795,2004,2298,2304,550,1227,1224,676,481,373,257,1827,5493,1326,532,1596,3454,2752,15975,55189,4154,3412,2955,1721,1290,1115,1014,1456,854,49,7217,762,1987,4807,522,2040,820,4142,2091,1601,1194,1539,137,711,536,3683,3011,1245,1350,1298,2524,2256,1554,1075,1639,4795,22,40,683,1125,431,280,11493,70,7344,21,311,60,6080,629,6266,6295,8551,32,2631,72,61,1948,2675,104228,659,1734,2924,1057,198,3412,76,283,1270,20170,7982,4936,1167,23,101,45,23,58,980,1338,1919,1074,3466,958,695,2206,96056,426,2451,97124,669,5985,1474,8532,5770,3016,475,1168,5695,1247,1635,1803,586,525,194,27679,2186,1521,1712,726,1748,2055,22929,39,14747,1341,36,22818,6479,31,365,5487,929,41,8763,1120,680,107,4913,1569,38853,4185,970,1075,1721,895,1149,1308,907,954,20,703,41,2184,107,28,65,455,321,270,818,51500,1282,11829,5319,933,656,543,150,22784,149,12765,1856,8588,1102,128,2212,16,37929,6114,11639,44202,2116,45945,219,448,613,1387,783,1564,1228,1627,6260,1488,19,259,1683,19,50,2693,2801,42,395,123,22779,37253,29982,7392,27873,4127,1802,81621,80397,13230,37166,63936,68533,285,111,1004,1021,365,1352,600,320,217,660,6486,0.0,0.0,0.0,0.0,0.0,0.0,0.0,0.0,0.0,0.0,0.0,0.0,0.0,0.0,0.0,0.0,0.0,0.0,0.0,0.0,0.0,0.0,0.0,0.0,0.0,0.0,0.0,0.0,0.0,0.0,0.0,0.0,0.0,0.0,0.0,0.0,0.0,0.0,0.0,0.0,0.0,0.0,0.0,0.0,0.0,0.0,0.0,0.0,0.0,0.0,0.0,0.0,0.0,0.0,0.0,0.0,0.0,0.0,0.0,0.0,0.0,0.0,0.0,0.0,0.0,0.0,0.0,0.0,0.0,0.0,0.0,0.0,0.0,0.0,0.0,0.0,0.0,0.0,0.0,0.0,0.0,0.0,0.0,0.0,0.0,0.0,0.0,0.0,0.0,0.0,0.0,0.0,0.0,0.0,0.0,0.0,0.0,0.0,0.0,0.0,0.0,0.0,0.0,0.0,0.0,0.0,0.0,0.0,0.0,0.0,0.0,0.0,0.0,0.0,0.0,0.0,0.0,0.0,0.0,0.0,0.0,0.0,0.0,0.0,0.0,0.0,0.0,0.0,0.0,0.0,0.0,0.0,0.0,0.0,0.0,0.0,0.0,0.0,0.0,0.0,0.0,0.0,0.0,0.0,0.0,0.0,0.0,0.0,0.0,0.0
ENCFF000ZKK,0.0803700940682512,3921,29,376,5269,103,9357,530,42,52,18,74,347,484,913,2399,2868,430,60,607,630,14,59,14,5,2,88,54,432,3122,463,31,34,60,215,194,2,228,1,0,821,1377,9,87,4,12,74,703,3487,11,94,135,180,45,38,827,21,34,33,20,94,128,56,2129,27,135,24,3,6846,6201,925,127,76,124,743,24,158,67,92,88,31,140,147,524,67,61,400,6,112,71,1,222,40,10,211,167,1682,21361,1358,10,3600,5003,302,4365,146,76,619,220,218,3,348,895,874,10,572,4337,382,3472,80,341,262,1022,132,5110,171,747,316,93,373,49,11,3832,1376,34,2707,948,1440,3467,14,519,377,149,427,5554,35,26,9,18,3,4,272,32,57,1145,631,82,466,5263,517,54,121,159,127,339,570,495,690,11,23,10,126,0,246,78,400,11117,1,1,61,102,114,1972,886,5546,285,3348,4203,1838,4806,1647,3316,23,3471,3870,1283,1150,2958,2429,850,119,12,94,3,65,109,26,12,2,6,471,47,5733,1684,1133,175,26550,4333,434,3495,3502,154,64,5000,2222,7728,595,5380,24,5416,8,31,90,9,25,99,23,414,228,5,97,121,85,105,58,306,180,27,22,496,417,224,304,160,62,84,84,43,59,31,83,151,591,138,54,243,283,241,1893,3437,30,289,429,167,109,79,54,104,76,11,868,72,92,670,27,199,42,462,130,148,82,106,24,49,62,292,290,137,118,86,291,180,83,81,113,402,2,3,58,88,66,26,1784,13,1180,2,72,8,861,92,835,760,909,3,307,18,25,109,452,6959,85,248,248,123,4,283,19,45,69,1596,815,341,201,10,22,23,5,5,76,163,361,91,467,76,48,272,6804,43,244,15615,59,722,115,642,83,312,25,24,481,100,119,95,60,47,27,284,150,109,137,53,152,174,3385,15,1330,291,9,3485,907,1,30,675,85,4,791,83,140,33,357,133,2827,448,79,101,121,70,153,88,150,26,3,120,5,218,28,6,20,61,37,91,82,4145,312,1267,808,205,61,119,37,4718,11,1712,228,1651,178,35,401,1,3144,646,1091,4582,237,1978,23,31,39,88,52,114,78,144,1327,117,4,30,124,4,4,538,521,0,15,36,3111,4623,3731,847,4276,600,49,9180,10634,1587,4940,7875,9678,38,25,84,119,30,132,208,58,58,65,789,0.0,0.0,0.0,0.0,0.0,0.0,0.0,0.0,0.0,0.0,0.0,0.0,0.0,0.0,0.0,0.0,0.0,0.0,0.0,0.0,0.0,0.0,0.0,0.0,0.0,0.0,0.0,0.0,0.0,0.0,0.0,0.0,0.0,0.0,0.0,0.0,0.0,0.0,0.0,0.0,0.0,0.0,0.0,0.0,0.0,0.0,0.0,0.0,0.0,0.0,0.0,0.0,0.0,0.0,0.0,0.0,0.0,0.0,0.0,0.0,0.0,0.0,0.0,0.0,0.0,0.0,0.0,0.0,0.0,0.0,0.0,0.0,0.0,0.0,0.0,0.0,0.0,0.0,0.0,0.0,0.0,0.0,0.0,0.0,0.0,0.0,0.0,0.0,0.0,0.0,0.0,0.0,0.0,0.0,0.0,0.0,0.0,0.0,0.0,0.0,0.0,0.0,0.0,0.0,0.0,0.0,0.0,0.0,0.0,0.0,0.0,0.0,0.0,0.0,0.0,0.0,0.0,0.0,0.0,0.0,0.0,0.0,0.0,0.0,0.0,0.0,0.0,0.0,0.0,0.0,0.0,0.0,0.0,0.0,0.0,0.0,0.0,0.0,0.0,0.0,0.0,0.0,0.0,0.0,0.0,0.0,0.0,0.0,0.0,0.0
ENCFF994CGB,0.06608609983724062,1196359,4525,15247,861,6,14320,3565,102,435,176,1512,1583,149,775,109,36,2182,1321,3002,5752,148,650,360,88,6,288,23429,1637,552,2995,749,4634,1587,890,635,969,1081,11,1,7853,9713,35,564,44,1212,176,3051,189,8011,235,435,649,384,593,70494,181,355,215,87,713,707,1,14,75,127,2825,3,30163,56033,32187,455,340,18373,6955,410,492,260,404,419,84,407,469,3981,182,232,1888,83,394,232,127,2011,46,0,689,350,197,194390,9302,34,128975,44500,1270,39962,519,297,4855,1873,1801,3,88388,41940,15303,692,6238,80536,255,7602,0,3,339,6847,0,189,459,7993,3995,740,2374,304,54,25656,1539,15560,272,1039,10382,52109,44534,5099,258,511,4513,1768,128,6876,18,124,104,16,1663,203,363,12185,3642,753,2474,1319,654,1481,438,546,563,1800,2532,2061,26257,43,90,13,430,0,814,293,788,270,1126,0,8721,553,476,20690,7772,76628,2103,16208,23888,9906,7848,14996,62285,103,34690,37744,12538,12460,35822,44896,4499,393,1665,239,26,241,427,120,137,66,0,5120,12,9188,6202,28,8,344921,19478,3058,22835,1132,839,1065,25068,10735,19266,169,44715,87,39010,38,158,2002,1,122,384,223,1942,1811,3,292,419,285,392,219,1045,609,9203,573,4523,1996,1386,7028,603,164,288,336,149,140,108,2053,531,5005,1984,202,1185,1091,883,1647,496,34256,1489,28020,715,289,248,304,388,231,909,7159,258,362,3977,149,907,132,2826,513,412,251,359,32,216,1716,1316,1040,377,499,312,2892,874,296,353,458,1992,541,21,165,302,313,23,24742,70,16635,47,418,20,4141,563,14010,8729,4838,1,1940,145,130,72,2952,12883,1017,6202,14452,1162,236,1299,119,37,556,11642,3510,1434,1127,384,1148,59,0,14,337,48,2273,218,2398,211,208,184,1005,2879,966,142507,741,5075,433,2601,27746,1320,175,13410,60080,396,464,475,164,168,371,280570,539,419,459,522,449,477,24419,92,6757,4409,5,94787,7216,3,186,9538,620,52,4214,346,960,273,1592,460,332,323,6375,319,444,199,638,415,1379,60,0,4337,8,1475,113,87,208,5437,251,34,185,1825,27,2198,1032,115,119,634,22,51864,1986,34578,1325,10289,906,128,4064,10,30333,4597,8617,95842,694,644,813,51,167,652,3281,418,347,773,1104,400,17,6436,418,0,0,7799,3399,10,4313,464,16998,34369,30807,3844,25517,3447,171,31595,76039,12200,29437,54656,58904,103,214,337,298,93,374,1077,182,945,355,6299,0.0,0.0,0.0,0.0,0.0,0.0,0.0,0.0,0.0,0.0,0.0,0.0,0.0,0.0,0.0,0.0,0.0,0.0,0.0,0.0,0.0,0.0,0.0,0.0,0.0,0.0,0.0,0.0,0.0,0.0,0.0,0.0,0.0,0.0,0.0,0.0,0.0,0.0,0.0,0.0,0.0,0.0,0.0,0.0,0.0,0.0,0.0,0.0,0.0,0.0,0.0,0.0,0.0,0.0,0.0,0.0,0.0,0.0,0.0,0.0,0.0,0.0,0.0,0.0,0.0,0.0,0.0,0.0,0.0,0.0,0.0,0.0,0.0,0.0,0.0,0.0,0.0,0.0,0.0,0.0,0.0,0.0,0.0,0.0,0.0,0.0,0.0,0.0,0.0,0.0,0.0,0.0,0.0,0.0,0.0,0.0,0.0,0.0,0.0,0.0,0.0,0.0,0.0,0.0,0.0,0.0,0.0,0.0,0.0,0.0,0.0,0.0,0.0,0.0,0.0,0.0,0.0,0.0,0.0,0.0,0.0,0.0,0.0,0.0,0.0,0.0,0.0,0.0,0.0,0.0,0.0,0.0,0.0,0.0,0.0,0.0,0.0,0.0,0.0,0.0,0.0,0.0,0.0,0.0,0.0,0.0,0.0,0.0,0.0,0.0
ENCFF001FSF,0.15905270989398618,21975,119,1820,14480,274,49210,4762,139,260,262,384,2497,1844,4575,6222,13541,1777,273,3730,4563,95,452,45,43,37,1331,47,2599,16125,2859,166,98,369,1303,1261,13,1516,51,4,5663,7418,30,438,27,37,496,3979,5284,15,320,1054,1044,328,178,3644,98,209,259,95,435,922,315,5488,283,223,28,12,26234,30608,4045,870,541,793,2749,239,949,420,622,725,169,799,900,2336,300,446,2775,6,679,347,18,751,67,16,633,879,8474,108035,6586,105,17216,26482,2267,22673,831,473,4201,1622,2287,25,2048,5054,5435,82,3602,21467,1255,14814,196,713,1041,5917,325,17149,917,4522,2014,541,1747,257,199,17283,6660,65,15689,4442,6453,17566,25,3660,2155,978,2947,21107,244,126,48,57,16,33,1484,197,243,8796,3069,445,2607,14923,1802,268,848,397,362,1832,2995,2423,3473,67,109,9,860,12,1302,480,268,423,9,0,462,679,757,9165,4374,28396,1748,17863,21931,9988,16016,10540,21109,150,19767,24650,5851,5608,18067,15892,3301,648,45,416,37,513,741,101,78,14,8,2893,251,20348,6953,5298,343,133349,22628,1849,17020,11585,789,537,24356,11896,33312,1708,28956,146,28072,44,554,545,42,198,713,272,3047,1470,32,497,700,487,680,330,1717,1201,75,181,3497,2144,1289,2347,1057,277,495,658,280,248,177,281,977,3406,884,297,1223,1563,1475,5468,7184,79,1646,1979,955,705,531,513,748,408,32,4023,353,654,3495,252,1021,284,2812,946,858,528,798,67,401,367,1798,1759,688,714,538,1548,1111,696,667,879,2759,8,9,344,444,420,1253,9717,72,7170,10,286,91,4870,432,4648,5287,4949,25,2005,57,132,805,2665,34069,419,1279,1398,640,7,1832,105,86,472,11495,4309,2152,1055,26,93,62,4,23,514,417,1338,481,1940,399,296,1326,21152,226,1491,74677,395,3939,804,4316,157,1760,170,39,2084,595,759,794,272,269,165,550,917,760,861,514,815,1009,17720,27,7864,1484,54,16848,4363,21,158,8194,372,43,4573,643,730,183,2096,906,4774,1226,390,538,793,278,1099,661,721,347,15,614,13,1573,30,140,124,243,64,373,395,14549,765,5305,2947,550,246,1006,168,23531,64,10541,1094,7448,846,246,1710,10,24182,5009,8534,32886,1082,8672,225,146,280,635,300,887,585,1171,3474,735,52,76,883,14,20,2555,2575,27,102,119,14756,25266,22279,4994,22608,2582,405,36914,61607,9356,26223,42900,52757,138,78,592,496,118,716,860,153,227,552,5446,0.0,0.0,0.0,0.0,0.0,0.0,0.0,0.0,0.0,0.0,0.0,0.0,0.0,0.0,0.0,0.0,0.0,0.0,0.0,0.0,0.0,0.0,0.0,0.0,0.0,0.0,0.0,0.0,0.0,0.0,0.0,0.0,0.0,0.0,0.0,0.0,0.0,0.0,0.0,0.0,0.0,0.0,0.0,0.0,0.0,0.0,0.0,0.0,0.0,0.0,0.0,0.0,0.0,0.0,0.0,0.0,0.0,0.0,0.0,0.0,0.0,0.0,0.0,0.0,0.0,0.0,0.0,0.0,0.0,0.0,0.0,0.0,0.0,0.0,0.0,0.0,0.0,0.0,0.0,0.0,0.0,0.0,0.0,0.0,0.0,0.0,0.0,0.0,0.0,0.0,0.0,0.0,0.0,0.0,0.0,0.0,0.0,0.0,0.0,0.0,0.0,0.0,0.0,0.0,0.0,0.0,0.0,0.0,0.0,0.0,0.0,0.0,0.0,0.0,0.0,0.0,0.0,0.0,0.0,0.0,0.0,0.0,0.0,0.0,0.0,0.0,0.0,0.0,0.0,0.0,0.0,0.0,0.0,0.0,0.0,0.0,0.0,0.0,0.0,0.0,0.0,0.0,0.0,0.0,0.0,0.0,0.0,0.0,0.0,0.0
ENCFF021QDQ,0.16366574178570065,51544,268,6180,72030,1536,203256,7254,492,946,330,612,5560,9160,22422,39898,64898,6686,508,7656,7698,134,728,96,48,72,1540,1320,5764,39270,4156,376,216,660,3274,2954,98,2862,34,14,11048,12876,66,754,78,70,868,9528,45898,268,862,2048,2714,458,312,6234,190,396,508,130,812,2392,1154,26106,1652,724,354,90,84852,67554,6694,1948,1420,2064,4458,284,2202,1032,1528,1822,414,1948,2072,4476,848,1068,7042,14,1656,912,22,1224,144,36,1634,2870,31200,220550,11922,156,31968,49266,4216,42360,1932,1236,5438,1598,1774,20,2894,8204,8062,222,7010,36492,5074,56414,1056,4102,4280,11452,1880,88696,2798,7262,3292,846,2758,384,108,27782,28476,796,49710,18860,10422,30780,304,7704,4516,2228,5084,91784,452,304,262,134,22,46,2516,318,626,14802,4958,770,5602,75048,7528,444,2076,990,970,4232,5016,4116,4970,88,120,52,2016,28,3268,1192,1460,138,82,44,1078,986,1772,17244,8348,53836,3704,45522,46600,23196,52576,21122,45608,350,35194,42544,12172,10848,30086,22282,8128,1496,256,912,116,922,1684,186,72,32,34,5300,562,75674,21886,25048,352,261888,58606,5570,42092,50688,1118,636,64462,30472,106400,8908,48462,408,42714,32,464,822,122,592,1710,254,6548,2654,14,1394,1760,1204,1804,848,4362,2594,264,292,7558,4316,2868,3000,2186,716,1206,1588,616,668,520,498,2184,9026,2436,672,2822,4198,3946,24050,74316,1102,4106,3220,2392,1670,1226,1242,1710,1018,104,8680,848,1552,6500,674,2384,726,6346,2112,1770,1262,1660,164,938,926,4472,4502,1684,1872,1372,2916,2500,1386,1478,2080,7686,28,44,756,1198,436,394,15546,116,10598,34,686,48,8094,748,7838,8732,11300,48,3484,140,166,2304,4370,144454,690,2322,3222,1552,128,5462,166,142,790,24502,9458,4958,1444,26,206,120,30,56,1410,1586,2906,888,5386,904,790,3012,95206,640,4006,149308,956,7144,1868,9378,1470,4390,562,570,5938,1630,1852,1808,696,742,370,6994,2112,1624,1988,808,2080,2326,31596,102,15502,3004,52,29668,8130,44,320,8440,750,58,10510,1648,1340,244,5194,2024,44102,8110,930,1478,1968,824,2022,1684,1320,1380,32,1316,22,2272,118,30,140,588,218,1398,1198,64062,4130,20810,10966,2516,1016,984,150,35516,240,18104,2756,13788,1278,578,3636,32,41020,7730,13552,59852,7256,41744,470,484,644,1448,792,2074,1604,2644,9642,1882,60,264,2090,24,48,4496,4240,28,402,200,28982,61942,47990,12052,44260,5312,1690,107834,125094,21856,64378,91992,102990,444,264,1430,1356,322,1690,1242,384,548,862,9594,0.0,0.0,0.0,0.0,0.0,0.0,0.0,0.0,0.0,0.0,0.0,0.0,0.0,0.0,0.0,0.0,0.0,0.0,0.0,0.0,0.0,0.0,0.0,0.0,0.0,0.0,0.0,0.0,0.0,0.0,0.0,0.0,0.0,0.0,0.0,0.0,0.0,0.0,0.0,0.0,0.0,0.0,0.0,0.0,0.0,0.0,0.0,0.0,0.0,0.0,0.0,0.0,0.0,0.0,0.0,0.0,0.0,0.0,0.0,0.0,0.0,0.0,0.0,0.0,0.0,0.0,0.0,0.0,0.0,0.0,0.0,0.0,0.0,0.0,0.0,0.0,0.0,0.0,0.0,0.0,0.0,0.0,0.0,0.0,0.0,0.0,0.0,0.0,0.0,0.0,0.0,0.0,0.0,0.0,0.0,0.0,0.0,0.0,0.0,0.0,0.0,0.0,0.0,0.0,0.0,0.0,0.0,0.0,0.0,0.0,0.0,0.0,0.0,0.0,0.0,0.0,0.0,0.0,0.0,0.0,0.0,0.0,0.0,0.0,0.0,0.0,0.0,0.0,0.0,0.0,0.0,0.0,0.0,0.0,0.0,0.0,0.0,0.0,0.0,0.0,0.0,0.0,0.0,0.0,0.0,0.0,0.0,0.0,0.0,0.0
ENCFF792XQD,0.15483601182929446,88656,371,2757,83503,652,202489,8773,404,285,305,576,4514,1760,8157,54396,30172,2471,678,7006,5836,127,690,60,76,70,1734,6056,4519,41113,3735,148,82,558,3051,2815,27,3058,19,6,8047,10067,46,350,35,90,865,7689,37578,565,941,1990,2283,327,239,5315,93,369,519,131,759,2216,563,21152,491,267,1890,64,57370,56329,5119,1843,1114,2675,4512,202,2095,1021,1219,1420,361,1825,2012,3173,656,1265,5707,9,1380,1098,9,843,117,18,1110,1557,37580,172765,8873,156,24492,36623,3664,31703,1943,1089,3984,1277,1476,20,3177,6839,7832,122,5441,32662,2108,47445,286,1331,1606,7257,599,82487,2086,6458,2396,322,2021,186,90,24809,7283,2407,28140,8474,10682,25907,226,5987,8006,1939,3935,88458,398,559,115,93,13,20,1964,313,342,11381,3734,404,4650,82336,4609,322,2004,1209,786,2925,3979,4079,5254,50,46,47,1801,21,2177,1032,859,111,14,11,827,595,1865,11933,5911,41298,3241,26018,37634,18004,48458,17209,32436,236,25733,31884,9772,8921,25160,17734,5386,1133,888,965,49,1083,1839,93,16,26,54,4638,137,58898,13920,8153,373,232636,48524,4844,28657,33808,1170,520,43439,24102,76983,6349,43381,204,43901,12,305,790,24,502,1509,283,6075,2760,36,1193,1213,998,1590,740,3865,2158,249,191,6904,4232,2234,2907,2545,568,1258,1336,666,532,365,273,2063,5600,1925,572,1694,3544,2791,12911,42872,5145,3450,3219,1789,1362,1097,1062,1472,906,76,7331,872,2197,5305,519,2112,841,4510,2237,1671,1329,1612,174,765,650,3839,3173,1346,1385,1298,2801,2482,1784,1100,1790,5190,39,43,713,1215,480,447,14466,163,8920,46,302,73,6467,670,7531,7170,10182,10,2948,74,47,2083,3173,105705,841,2028,3155,1166,201,3307,74,231,1392,21094,9610,4326,1368,46,202,58,12,36,1038,2128,2684,1123,4338,1136,715,2273,104515,491,2592,110804,753,6313,1589,9268,6855,3302,447,910,5963,1232,1640,1783,640,489,253,36214,2175,1638,1641,717,1826,2025,25275,24,16487,1419,44,27101,7851,68,354,6771,988,51,9284,1136,1144,156,4923,1617,29585,3885,1184,1141,1725,850,1392,1409,1220,1032,24,947,40,2621,148,87,89,535,380,317,803,70760,1541,13165,6567,1157,687,856,328,28075,180,14794,2173,10371,1397,126,2678,16,34740,6183,11253,43416,2194,23112,253,342,586,1427,804,1524,1290,1712,9104,1555,13,217,1799,36,38,3089,3059,10,443,68,23490,37615,31453,7829,29874,3903,549,80674,81102,14116,39639,64851,72159,263,102,1004,1015,357,1416,731,374,247,778,7656,0.0,0.0,0.0,0.0,0.0,0.0,0.0,0.0,0.0,0.0,0.0,0.0,0.0,0.0,0.0,0.0,0.0,0.0,0.0,0.0,0.0,0.0,0.0,0.0,0.0,0.0,0.0,0.0,0.0,0.0,0.0,0.0,0.0,0.0,0.0,0.0,0.0,0.0,0.0,0.0,0.0,0.0,0.0,0.0,0.0,0.0,0.0,0.0,0.0,0.0,0.0,0.0,0.0,0.0,0.0,0.0,0.0,0.0,0.0,0.0,0.0,0.0,0.0,0.0,0.0,0.0,0.0,0.0,0.0,0.0,0.0,0.0,0.0,0.0,0.0,0.0,0.0,0.0,0.0,0.0,0.0,0.0,0.0,0.0,0.0,0.0,0.0,0.0,0.0,0.0,0.0,0.0,0.0,0.0,0.0,0.0,0.0,0.0,0.0,0.0,0.0,0.0,0.0,0.0,0.0,0.0,0.0,0.0,0.0,0.0,0.0,0.0,0.0,0.0,0.0,0.0,0.0,0.0,0.0,0.0,0.0,0.0,0.0,0.0,0.0,0.0,0.0,0.0,0.0,0.0,0.0,0.0,0.0,0.0,0.0,0.0,0.0,0.0,0.0,0.0,0.0,0.0,0.0,0.0,0.0,0.0,0.0,0.0,0.0,0.0
ENCFF598YFV,0.1537615997834008,87718,145,1306,31204,318,66599,3825,203,153,124,316,2215,969,3838,11337,14794,1020,341,3096,2333,57,340,30,38,47,690,7748,2223,19244,1696,69,65,248,1455,1341,19,1477,14,1,3990,5013,51,204,18,20,373,3894,18634,610,371,856,1148,156,114,2400,38,178,129,101,383,1110,578,10378,427,280,2270,69,29111,23450,2564,950,554,1240,2201,103,986,485,591,695,177,951,882,1625,329,601,2748,13,592,553,10,518,99,23,848,786,19721,79992,4471,84,11890,18005,1824,15455,969,526,1941,630,792,11,1460,2993,3452,157,2604,15984,1090,22265,124,583,839,3223,262,35463,1001,2612,1055,207,955,144,25,12393,3922,3095,19396,4092,4698,12231,243,2617,3416,891,1995,31560,418,751,67,43,26,18,968,179,244,4649,1740,190,2248,30259,2164,158,989,582,437,1399,1854,1630,2551,12,53,29,873,9,1030,471,805,244,8,17,379,254,844,5967,2961,20203,1607,12911,17514,7856,20375,8455,15756,168,12633,15776,4454,4251,12759,8624,3061,580,747,485,107,546,890,58,12,19,73,2062,64,30173,6760,5160,191,118453,22090,3039,14357,17461,533,252,21015,10581,37523,1503,18457,66,17101,15,110,401,18,237,748,116,2854,1194,16,553,566,476,752,384,1863,1063,95,101,3321,2023,1093,1337,1185,282,592,601,351,257,158,131,970,2920,720,280,979,1839,1347,8668,69873,6421,1704,1496,817,657,501,517,736,430,33,4463,387,1131,2659,262,1078,373,2105,1083,794,601,754,82,374,289,1873,1575,681,732,680,1336,1208,840,526,895,2387,16,24,302,598,238,196,6327,71,3868,14,143,28,3079,371,3460,3255,4589,7,1356,41,42,1266,1498,62517,666,1016,1434,548,247,1655,61,168,701,9917,4216,2513,644,41,79,22,6,20,524,934,1101,496,1918,547,394,1073,44303,337,1300,52022,348,3059,727,4337,8496,1508,272,1466,5102,593,846,835,338,260,98,43413,1072,773,828,283,875,968,12079,18,7744,725,35,12240,3583,18,203,2530,548,27,4609,620,387,71,2396,764,19326,2265,1094,559,778,481,554,678,561,419,12,412,24,1170,102,34,33,711,313,141,516,16879,667,6581,2907,511,390,259,132,12779,248,5888,1221,4768,731,62,1267,12,16387,3041,5204,21214,3188,13710,97,154,259,773,387,734,626,841,3921,762,16,303,808,13,28,1583,1524,6,524,56,12003,20577,16318,4217,15204,1986,812,36297,43412,7276,20269,34113,36677,142,43,543,478,206,681,319,189,78,345,3244,0.0,0.0,0.0,0.0,0.0,0.0,0.0,0.0,0.0,0.0,0.0,0.0,0.0,0.0,0.0,0.0,0.0,0.0,0.0,0.0,0.0,0.0,0.0,0.0,0.0,0.0,0.0,0.0,0.0,0.0,0.0,0.0,0.0,0.0,0.0,0.0,0.0,0.0,0.0,0.0,0.0,0.0,0.0,0.0,0.0,0.0,0.0,0.0,0.0,0.0,0.0,0.0,0.0,0.0,0.0,0.0,0.0,0.0,0.0,0.0,0.0,0.0,0.0,0.0,0.0,0.0,0.0,0.0,0.0,0.0,0.0,0.0,0.0,0.0,0.0,0.0,0.0,0.0,0.0,0.0,0.0,0.0,0.0,0.0,0.0,0.0,0.0,0.0,0.0,0.0,0.0,0.0,0.0,0.0,0.0,0.0,0.0,0.0,0.0,0.0,0.0,0.0,0.0,0.0,0.0,0.0,0.0,0.0,0.0,0.0,0.0,0.0,0.0,0.0,0.0,0.0,0.0,0.0,0.0,0.0,0.0,0.0,0.0,0.0,0.0,0.0,0.0,0.0,0.0,0.0,0.0,0.0,0.0,0.0,0.0,0.0,0.0,0.0,0.0,0.0,0.0,0.0,0.0,0.0,0.0,0.0,0.0,0.0,0.0,0.0
ENCFF000PDJ,0.14373510142304893,39922,61,2268,21958,151,35001,7028,228,242,236,469,2242,1089,2185,11143,8276,1793,694,2514,4463,279,660,49,50,67,954,1545,2532,16214,3443,254,103,435,1509,1326,36,1783,12,13,6138,10276,59,469,27,7,526,5187,10558,160,933,849,1087,437,290,6890,167,433,281,146,828,1201,119,2389,241,130,420,42,23950,34526,7162,812,574,1314,5444,289,1032,445,595,643,164,783,929,3164,335,509,2955,13,662,431,7,1090,175,73,803,644,3699,133178,8637,517,23848,32807,1804,28383,920,491,6632,3661,1656,11,2645,6475,6689,87,3700,30449,788,14035,92,422,623,6415,172,17708,897,5507,2343,523,2300,299,72,28642,3358,1178,6497,2490,11684,30117,138,3370,1348,934,3189,28843,332,335,60,78,16,40,2483,329,489,8428,3929,463,2800,22706,1668,423,923,694,609,2299,4034,4076,5444,26,71,38,747,33,1110,456,844,555,21,6,362,895,843,12426,6457,38021,1842,18266,23699,10493,20231,11055,21497,262,23890,28306,9936,8196,20027,16587,3761,643,266,231,58,438,748,140,38,26,23,3567,75,20224,6828,2810,198,113728,25187,3118,20455,6200,1102,444,26365,10873,27441,922,36965,100,37795,20,415,675,46,215,698,176,3645,2597,22,528,697,457,656,312,1923,1128,267,207,4714,3650,1769,2727,1085,242,537,542,283,275,190,417,919,3306,702,307,1368,1879,1712,6198,8828,1028,1938,3143,1062,597,506,498,719,409,138,7207,441,853,4769,272,1445,349,3421,891,791,473,739,360,376,428,2047,1656,611,773,587,2311,1330,802,573,776,3231,24,27,323,482,614,226,15695,106,9424,23,349,265,6429,1200,7011,5497,5267,20,2675,72,142,1194,4144,27582,729,1773,1921,1004,79,2068,196,185,1065,11988,3387,2823,1412,45,125,55,8,11,517,302,1896,484,2865,410,399,931,27562,308,1615,108298,395,5701,735,4515,1865,1989,255,518,3661,591,801,815,317,298,311,8152,1042,731,856,378,929,1030,22366,53,9971,1700,50,25483,6214,27,265,5266,639,46,5919,596,1188,214,2798,879,9378,1571,477,600,819,362,905,700,1270,371,41,776,44,1606,84,40,209,355,264,144,381,13112,387,4717,2135,373,424,697,199,31552,106,14581,1155,10612,1677,202,2673,13,27533,5379,8430,36726,1099,7176,148,180,297,783,363,793,550,1711,6249,810,26,312,883,31,51,4006,4338,7,239,128,23681,30341,21652,5653,30165,3909,467,55783,73628,8820,30719,56167,67533,151,129,551,534,179,635,1013,433,303,653,5623,0.0,0.0,0.0,0.0,0.0,0.0,0.0,0.0,0.0,0.0,0.0,0.0,0.0,0.0,0.0,0.0,0.0,0.0,0.0,0.0,0.0,0.0,0.0,0.0,0.0,0.0,0.0,0.0,0.0,0.0,0.0,0.0,0.0,0.0,0.0,0.0,0.0,0.0,0.0,0.0,0.0,0.0,0.0,0.0,0.0,0.0,0.0,0.0,0.0,0.0,0.0,0.0,0.0,0.0,0.0,0.0,0.0,0.0,0.0,0.0,0.0,0.0,0.0,0.0,0.0,0.0,0.0,0.0,0.0,0.0,0.0,0.0,0.0,0.0,0.0,0.0,0.0,0.0,0.0,0.0,0.0,0.0,0.0,0.0,0.0,0.0,0.0,0.0,0.0,0.0,0.0,0.0,0.0,0.0,0.0,0.0,0.0,0.0,0.0,0.0,0.0,0.0,0.0,0.0,0.0,0.0,0.0,0.0,0.0,0.0,0.0,0.0,0.0,0.0,0.0,0.0,0.0,0.0,0.0,0.0,0.0,0.0,0.0,0.0,0.0,0.0,0.0,0.0,0.0,0.0,0.0,0.0,0.0,0.0,0.0,0.0,0.0,0.0,0.0,0.0,0.0,0.0,0.0,0.0,0.0,0.0,0.0,0.0,0.0,0.0
ENCFF643OCI,0.15357715306204284,363286,95,2681,34492,535,121662,9692,473,586,299,578,4667,2885,5227,13870,27209,2095,1183,5868,5182,119,728,73,203,117,1468,28783,3919,17168,3811,174,49,537,2879,2905,25,3292,58,10,7228,9625,165,424,156,15,821,7320,19257,1957,1011,2173,1934,183,377,5103,100,421,308,356,1533,2524,295,6981,191,283,7494,198,31572,48814,5416,1765,1020,2718,5472,69,2112,909,1070,1252,349,1726,2033,2684,599,1045,5211,52,1212,1092,54,1175,670,100,2536,752,6244,141267,7376,187,21485,34376,4166,29695,2162,1033,4029,1781,2223,67,3712,6941,8449,608,5030,33277,1665,32935,141,703,917,6273,513,56950,1581,5555,2315,544,2155,163,148,28064,5739,10270,13842,7082,11769,26481,811,5175,6002,1763,4114,26034,581,1713,111,134,88,24,1821,508,656,10283,3442,462,3839,32200,2004,338,2128,3594,3013,2483,3770,4359,5563,97,200,51,1557,70,1784,773,601,179,8,22,662,451,1876,10540,5465,38175,2786,19502,30431,11374,21751,14409,25617,253,23441,29903,8523,8680,23512,16201,3964,1069,1767,372,14,1100,1724,163,87,45,38,3934,310,28227,7241,10064,517,124831,29288,4315,19226,13179,1207,579,28882,13361,36781,2923,38129,100,37086,134,282,788,62,457,1339,290,5306,2322,73,1018,948,930,1529,711,3663,1818,173,218,5958,4158,1950,2896,2422,484,1303,1234,709,450,373,259,1465,4581,884,550,1480,3739,2566,7229,26969,25559,3451,3263,1571,1263,985,976,1303,757,78,7453,844,2263,5419,540,2200,826,4635,2359,1650,1516,1325,174,613,595,3430,2739,1400,1119,1061,2628,2336,1553,896,1703,3740,22,28,608,1099,854,594,12711,512,8876,42,219,145,5777,683,7173,6724,7156,110,2689,421,122,1711,2950,72014,1842,1865,3220,1075,206,2840,167,1268,1523,20370,6741,6101,1486,112,226,422,17,274,886,954,1896,1237,4318,884,622,1682,63530,777,2312,105846,586,6162,1438,8408,29836,2592,399,2865,14410,1168,1794,1742,456,379,123,279079,2396,1590,1571,507,1592,1757,25061,263,15594,1359,115,27455,7917,35,431,5580,989,266,8157,1134,1262,286,5067,1489,28224,1499,3671,1074,1610,890,1156,1360,1355,921,77,1262,87,2595,393,330,107,1666,457,222,798,21995,1098,6540,3548,546,729,1048,411,30124,1474,10703,1839,9364,2101,57,2394,19,35222,6119,10450,41369,1373,16881,148,369,554,1464,852,1488,1187,1437,4703,1336,14,159,1456,50,125,2937,2732,22,1308,161,23970,28664,22876,5937,27448,4197,716,51327,71436,10323,28573,55397,67378,286,79,937,924,417,1279,825,650,274,813,6718,0.0,0.0,0.0,0.0,0.0,0.0,0.0,0.0,0.0,0.0,0.0,0.0,0.0,0.0,0.0,0.0,0.0,0.0,0.0,0.0,0.0,0.0,0.0,0.0,0.0,0.0,0.0,0.0,0.0,0.0,0.0,0.0,0.0,0.0,0.0,0.0,0.0,0.0,0.0,0.0,0.0,0.0,0.0,0.0,0.0,0.0,0.0,0.0,0.0,0.0,0.0,0.0,0.0,0.0,0.0,0.0,0.0,0.0,0.0,0.0,0.0,0.0,0.0,0.0,0.0,0.0,0.0,0.0,0.0,0.0,0.0,0.0,0.0,0.0,0.0,0.0,0.0,0.0,0.0,0.0,0.0,0.0,0.0,0.0,0.0,0.0,0.0,0.0,0.0,0.0,0.0,0.0,0.0,0.0,0.0,0.0,0.0,0.0,0.0,0.0,0.0,0.0,0.0,0.0,0.0,0.0,0.0,0.0,0.0,0.0,0.0,0.0,0.0,0.0,0.0,0.0,0.0,0.0,0.0,0.0,0.0,0.0,0.0,0.0,0.0,0.0,0.0,0.0,0.0,0.0,0.0,0.0,0.0,0.0,0.0,0.0,0.0,0.0,0.0,0.0,0.0,0.0,0.0,0.0,0.0,0.0,0.0,0.0,0.0,0.0
ENCFF790FQW,0.09085782687813265,794864,1744,11150,65792,881,108931,13551,643,777,666,1865,7870,6314,16946,34524,34060,6429,897,15256,12215,361,1395,208,309,174,1751,70010,6702,46508,7358,552,3462,977,3627,3166,2029,3827,66,352,19336,21666,150,1583,179,486,1071,11276,46100,11483,909,1972,2716,840,822,12684,428,727,1033,353,1351,3926,1677,22380,2418,2065,17587,506,106768,150810,13872,2052,1346,16464,10804,593,2325,1055,1569,1798,498,1892,2051,7468,866,1003,7325,36,1703,1024,27,2267,480,100,3316,2844,43404,353536,22286,314,59958,82138,5085,71537,3533,1215,10058,3508,3715,44,5936,15546,15156,379,10894,65871,4437,49774,667,2906,3831,17650,1148,66221,2857,13022,6340,1838,5157,617,303,58322,22678,40417,44395,16175,24784,52500,11873,10246,8970,2347,13375,92145,1348,9714,199,233,49,138,4370,591,1970,22640,10371,1448,8374,69480,8204,878,2143,5026,4369,6534,9819,8849,12702,229,262,146,1934,37,3782,1190,5955,5207,1430,66,4114,1335,1857,31854,13632,100764,4974,57512,66059,32639,60396,31161,59275,413,58830,69508,26407,18404,52257,38986,15742,2154,15326,2136,686,944,1694,296,113,42,115,9370,553,78012,26442,16168,1093,616044,100177,15565,63324,45363,2255,2226,91685,45512,126745,5869,98123,700,83465,80,689,2474,763,506,1811,542,7827,4542,64,1310,1799,1143,1769,817,4824,2797,1057,627,9024,5733,3883,5826,2222,651,1241,1492,613,686,499,1172,2134,12241,2631,707,4185,5083,4590,28945,115887,41985,4534,7300,2659,1657,1222,1179,1753,999,399,17751,855,1641,9811,652,3116,687,8355,2105,2018,1117,1861,710,870,2988,4832,4707,1503,1779,1387,4621,2925,1507,1449,1823,8529,54,77,734,1165,844,1309,31094,452,20425,59,982,215,11923,1471,16858,14786,17208,57,5398,188,320,4200,7730,165579,4634,8318,4404,2366,3710,6032,345,685,1414,34254,18378,9028,2541,84,582,269,24,75,1283,3567,5481,1158,8083,928,940,5238,95120,3835,4341,255982,1313,11445,1932,10553,73238,5677,629,28796,74026,1558,1845,2011,766,837,1315,345139,2135,1697,2035,1181,2217,2426,52486,186,21506,4454,95,54444,14425,118,498,15148,2174,82,13096,1508,2840,533,6185,2111,39243,6981,8564,1761,1973,862,2251,1685,2720,1881,83,2354,92,3967,522,199,304,7338,1955,1141,2466,53052,2478,20002,11416,1930,1182,2120,356,71420,6326,31168,14189,24230,2581,775,5984,142,64161,13571,20484,94259,10295,36871,1790,707,674,6030,1752,2134,1373,3347,16712,1876,63,6167,2103,45,75,7883,7423,35,13804,349,53730,95818,66512,18195,77812,9438,730,147051,197721,30160,90575,152334,176242,466,373,1509,1303,403,1614,2857,783,1039,1430,14228,0.0,0.0,0.0,0.0,0.0,0.0,0.0,0.0,0.0,0.0,0.0,0.0,0.0,0.0,0.0,0.0,0.0,0.0,0.0,0.0,0.0,0.0,0.0,0.0,0.0,0.0,0.0,0.0,0.0,0.0,0.0,0.0,0.0,0.0,0.0,0.0,0.0,0.0,0.0,0.0,0.0,0.0,0.0,0.0,0.0,0.0,0.0,0.0,0.0,0.0,0.0,0.0,0.0,0.0,0.0,0.0,0.0,0.0,0.0,0.0,0.0,0.0,0.0,0.0,0.0,0.0,0.0,0.0,0.0,0.0,0.0,0.0,0.0,0.0,0.0,0.0,0.0,0.0,0.0,0.0,0.0,0.0,0.0,0.0,0.0,0.0,0.0,0.0,0.0,0.0,0.0,0.0,0.0,0.0,0.0,0.0,0.0,0.0,0.0,0.0,0.0,0.0,0.0,0.0,0.0,0.0,0.0,0.0,0.0,0.0,0.0,0.0,0.0,0.0,0.0,0.0,0.0,0.0,0.0,0.0,0.0,0.0,0.0,0.0,0.0,0.0,0.0,0.0,0.0,0.0,0.0,0.0,0.0,0.0,0.0,0.0,0.0,0.0,0.0,0.0,0.0,0.0,0.0,0.0,0.0,0.0,0.0,0.0,0.0,0.0
ENCFF443XTQ,0.12170484668392106,2292906,4822,10272,488,3,7530,1263,36,201,86,598,417,106,424,78,20,1160,2105,1281,3162,136,375,78,31028,46,274,42692,558,220,1635,328,8807,1183,279,232,2570,468,6,0,4224,4962,9,371,1,901,78,1241,116,22387,148,105,172,468,443,42670,85,216,109,53,366,263,0,4,52,143,6145,1,13168,37826,16072,128,122,34604,4170,153,143,71,106,174,22,124,127,1875,48,76,583,68,114,64,22,1046,8,0,484,89,54,93019,5567,15,60013,21064,414,18374,207,98,2782,958,959,1,44296,29240,8759,156,3333,47714,101,3888,0,1,169,3685,1,75,95,5556,2477,531,1518,190,31,14341,836,30842,157,555,7634,34344,69192,1787,151,144,8896,710,62,17176,4,51,64,8,967,130,196,5712,2138,336,1260,460,230,1088,124,309,314,957,1398,1389,15632,34,40,4,116,2,244,70,804,621,1006,0,16082,223,116,10844,4071,92758,779,8280,12315,5248,3515,10069,16223,85,17301,18773,6444,6259,16458,32534,3325,220,2897,137,12,62,101,82,34,33,0,2526,2,3082,2392,10,4,286897,9912,5055,11976,342,422,421,12420,5641,8337,53,23512,44,24994,85,94,737,0,36,124,115,757,947,1,106,125,73,145,47,344,189,2915,81,2045,939,623,6357,159,39,115,78,42,52,38,570,130,1425,594,58,548,486,265,604,183,58092,459,15311,310,64,54,94,99,55,403,4054,88,112,2176,37,407,48,1267,129,109,74,100,27,79,2324,461,332,110,167,89,1809,362,77,120,95,674,228,25,49,77,186,4,18561,250,11058,23,259,12,2303,311,9404,4770,2193,1,910,51,70,29,1600,7663,1682,7858,5256,505,244,429,75,41,292,4667,1543,495,578,179,665,40,0,4,103,29,1061,44,1074,78,69,162,298,5909,354,67679,1281,3140,108,816,44857,461,49,36090,141927,122,127,120,67,54,527,718756,146,119,135,234,140,145,12781,159,3425,2060,0,52201,3750,20,128,3251,428,21,1744,93,472,174,678,144,172,107,11571,116,128,57,171,85,739,34,0,1751,2,612,152,247,88,10003,346,18,117,758,23,743,429,58,159,4371,47,30692,4272,11768,864,6347,953,64,1798,2,15161,2143,4082,41669,303,335,1328,12,51,331,2911,128,97,233,435,122,6,13888,145,0,0,3755,1827,2,8858,157,10242,15480,11801,1872,14128,2113,98,17596,38308,4309,14213,28439,32212,69,97,108,85,39,93,605,124,449,179,3433,0.0,0.0,0.0,0.0,0.0,0.0,0.0,0.0,0.0,0.0,0.0,0.0,0.0,0.0,0.0,0.0,0.0,0.0,0.0,0.0,0.0,0.0,0.0,0.0,0.0,0.0,0.0,0.0,0.0,0.0,0.0,0.0,0.0,0.0,0.0,0.0,0.0,0.0,0.0,0.0,0.0,0.0,0.0,0.0,0.0,0.0,0.0,0.0,0.0,0.0,0.0,0.0,0.0,0.0,0.0,0.0,0.0,0.0,0.0,0.0,0.0,0.0,0.0,0.0,0.0,0.0,0.0,0.0,0.0,0.0,0.0,0.0,0.0,0.0,0.0,0.0,0.0,0.0,0.0,0.0,0.0,0.0,0.0,0.0,0.0,0.0,0.0,0.0,0.0,0.0,0.0,0.0,0.0,0.0,0.0,0.0,0.0,0.0,0.0,0.0,0.0,0.0,0.0,0.0,0.0,0.0,0.0,0.0,0.0,0.0,0.0,0.0,0.0,0.0,0.0,0.0,0.0,0.0,0.0,0.0,0.0,0.0,0.0,0.0,0.0,0.0,0.0,0.0,0.0,0.0,0.0,0.0,0.0,0.0,0.0,0.0,0.0,0.0,0.0,0.0,0.0,0.0,0.0,0.0,0.0,0.0,0.0,0.0,0.0,0.0
ENCFF801PXD,0.14546844105536713,53067,530,4552,49525,650,105644,22010,589,521,492,901,5473,3486,8067,33573,30660,4519,1241,8398,8453,362,1248,115,75,114,1690,408,6164,30463,6603,494,143,792,3678,3482,47,4093,26,10,16299,21479,109,1326,97,188,1435,11075,36902,65,1012,1914,2560,773,654,15613,239,631,677,254,1470,2398,271,13507,2676,181,101,61,66606,95460,15628,2124,1288,2657,11750,544,2531,1027,1339,1591,396,1878,2657,7594,843,1075,6882,12,1610,1137,24,1965,303,43,2713,1827,13534,303653,19565,218,52363,80094,4661,68713,3357,1262,10505,3225,2902,28,7186,18624,18149,394,9036,60164,2732,47964,315,1521,1919,13598,707,86020,2432,10333,4375,1189,4924,961,203,61196,13641,313,54637,9495,39522,62134,69,8020,3952,2335,6779,43482,301,274,153,142,28,67,4197,698,663,17270,7701,890,5991,55759,5494,865,2214,3453,3570,5821,10162,9642,15409,106,195,86,1929,63,2861,1047,3977,2043,18,40,853,1265,2077,29136,12608,76800,4338,44584,57343,24685,59641,25385,49994,511,50007,60341,20806,16648,48153,33092,10126,1850,84,808,151,1018,1822,339,62,40,64,7064,261,68294,18042,13120,1305,345244,58734,6015,48227,25669,1717,1050,63886,27118,76877,3637,73551,193,71927,50,595,1178,109,539,1802,529,8194,5309,78,1282,1625,1154,1677,774,5185,3056,1677,423,9560,6645,3547,7129,2476,625,1360,1335,720,625,476,1504,2138,8661,1756,695,2847,5133,3928,18805,120948,357,4740,8048,2479,1596,1233,1127,1782,946,1228,15146,936,1916,10279,617,3101,775,7611,2161,1843,1185,1709,546,900,860,4480,3769,1367,1705,1425,5163,3032,1589,1367,1832,7231,23,42,737,1235,923,352,29317,153,18328,30,696,119,11986,1405,14854,10529,13061,28,4814,130,249,1990,7197,111249,1200,3502,4894,1895,40,5253,339,679,1814,26832,10191,5375,2680,92,439,135,20,51,1209,2275,3836,1270,6130,999,975,2595,74744,541,3707,216968,956,11837,1784,10897,947,4176,590,189,5911,1405,2069,2385,813,729,585,2955,2634,1785,2354,883,2235,2644,44092,78,22016,3275,82,56875,11525,38,538,11157,1384,28,12250,1395,2054,327,6653,2036,21914,4817,692,1406,2358,921,1831,1576,2462,1061,21,1352,36,3323,298,197,347,396,575,462,1048,44170,1462,14566,7369,1278,1089,1858,269,64411,128,25679,2367,20659,2820,406,4928,22,53959,11175,16503,78956,8784,31749,326,195,694,1578,1006,2030,1366,3044,9898,1872,40,343,1919,96,70,7241,7773,74,215,236,46089,67399,52967,11633,61819,7721,902,130837,157500,22516,66778,119072,140780,451,239,1292,1255,409,1658,2015,762,660,1128,11052,0.0,0.0,0.0,0.0,0.0,0.0,0.0,0.0,0.0,0.0,0.0,0.0,0.0,0.0,0.0,0.0,0.0,0.0,0.0,0.0,0.0,0.0,0.0,0.0,0.0,0.0,0.0,0.0,0.0,0.0,0.0,0.0,0.0,0.0,0.0,0.0,0.0,0.0,0.0,0.0,0.0,0.0,0.0,0.0,0.0,0.0,0.0,0.0,0.0,0.0,0.0,0.0,0.0,0.0,0.0,0.0,0.0,0.0,0.0,0.0,0.0,0.0,0.0,0.0,0.0,0.0,0.0,0.0,0.0,0.0,0.0,0.0,0.0,0.0,0.0,0.0,0.0,0.0,0.0,0.0,0.0,0.0,0.0,0.0,0.0,0.0,0.0,0.0,0.0,0.0,0.0,0.0,0.0,0.0,0.0,0.0,0.0,0.0,0.0,0.0,0.0,0.0,0.0,0.0,0.0,0.0,0.0,0.0,0.0,0.0,0.0,0.0,0.0,0.0,0.0,0.0,0.0,0.0,0.0,0.0,0.0,0.0,0.0,0.0,0.0,0.0,0.0,0.0,0.0,0.0,0.0,0.0,0.0,0.0,0.0,0.0,0.0,0.0,0.0,0.0,0.0,0.0,0.0,0.0,0.0,0.0,0.0,0.0,0.0,0.0
ENCFF872FEL,0.14899674492422577,72547,639,3448,71863,864,166596,11433,630,383,394,755,5930,2752,9210,53399,37701,2923,1167,7484,6842,178,934,97,119,111,1890,4050,6405,45893,5151,273,110,810,4187,3652,41,3807,16,7,11373,15394,117,576,88,196,1146,11028,61609,298,1322,2533,3135,500,358,10759,130,565,326,249,1202,2618,654,26961,4568,118,1145,38,76115,87597,8251,2643,1588,3452,7730,322,2801,1378,1633,1901,497,2443,2433,4706,997,1625,7908,23,1872,1643,30,1512,295,43,3033,1917,27409,248918,14318,152,37374,56430,5112,48078,2602,1443,6059,1718,2087,38,4610,10114,11168,262,6919,48335,2880,75659,374,1796,2308,10210,774,161977,2812,8480,3223,700,3140,696,162,42660,12269,1756,80845,13015,19197,42951,185,7558,6854,2383,5136,61928,330,373,185,103,35,31,3027,554,381,13024,5207,421,5180,77574,6127,496,2671,2109,2001,4255,6786,7059,8566,71,141,92,2309,44,2856,1343,1906,255,27,31,1084,919,2323,19820,9336,62239,4681,37158,50893,22628,80166,24470,46084,407,38177,47956,15514,13425,36076,26786,8099,1708,445,1067,69,1387,2455,162,47,43,160,6256,214,92177,18374,13689,626,367252,58717,6324,42066,40917,1440,668,56974,28116,93413,3622,54496,157,49750,29,335,990,33,720,1975,367,7950,4130,49,1766,1572,1316,2148,1102,5101,2851,477,299,9505,5755,2975,3679,3400,839,1805,1715,931,666,533,523,2620,7884,1814,819,2293,4882,3925,23305,136687,3522,4803,5426,2435,1814,1387,1436,2180,1233,230,11250,1176,3064,7776,736,3029,1073,6316,3004,2198,1688,2162,264,1085,827,5158,4305,1808,1869,1842,4445,3334,2369,1489,2343,6940,35,45,956,1692,726,349,20186,138,12412,22,366,83,9145,980,10310,9102,12943,37,3811,88,70,2261,4545,136303,936,2631,4019,1580,121,4313,144,616,2032,25580,10167,5265,1969,95,198,100,26,53,1389,2643,2973,1382,5803,1425,1062,2841,109023,496,3550,158301,1020,9361,2095,12281,4910,4236,610,925,6433,1729,2189,2287,892,753,325,21760,2908,2132,2281,950,2426,2696,36096,47,23287,2126,49,38372,8795,40,598,7574,1392,44,12815,1572,1039,187,6685,2150,31416,4453,974,1519,2397,1286,1682,1913,1540,936,30,993,31,3207,224,136,104,453,588,396,1325,64008,2105,17426,8605,1779,1080,958,248,40878,151,18445,2548,14578,2093,140,3616,17,47618,8764,14178,61488,4358,50437,297,201,840,2156,1193,2048,1685,2674,10503,1962,31,338,2401,48,62,4997,5007,39,347,111,35670,54575,42292,10448,48277,6389,709,118071,121370,18617,54890,98041,108989,358,161,1497,1389,556,1880,999,486,294,935,9342,0.0,0.0,0.0,0.0,0.0,0.0,0.0,0.0,0.0,0.0,0.0,0.0,0.0,0.0,0.0,0.0,0.0,0.0,0.0,0.0,0.0,0.0,0.0,0.0,0.0,0.0,0.0,0.0,0.0,0.0,0.0,0.0,0.0,0.0,0.0,0.0,0.0,0.0,0.0,0.0,0.0,0.0,0.0,0.0,0.0,0.0,0.0,0.0,0.0,0.0,0.0,0.0,0.0,0.0,0.0,0.0,0.0,0.0,0.0,0.0,0.0,0.0,0.0,0.0,0.0,0.0,0.0,0.0,0.0,0.0,0.0,0.0,0.0,0.0,0.0,0.0,0.0,0.0,0.0,0.0,0.0,0.0,0.0,0.0,0.0,0.0,0.0,0.0,0.0,0.0,0.0,0.0,0.0,0.0,0.0,0.0,0.0,0.0,0.0,0.0,0.0,0.0,0.0,0.0,0.0,0.0,0.0,0.0,0.0,0.0,0.0,0.0,0.0,0.0,0.0,0.0,0.0,0.0,0.0,0.0,0.0,0.0,0.0,0.0,0.0,0.0,0.0,0.0,0.0,0.0,0.0,0.0,0.0,0.0,0.0,0.0,0.0,0.0,0.0,0.0,0.0,0.0,0.0,0.0,0.0,0.0,0.0,0.0,0.0,0.0
ENCFF829HIO,0.11015188636171065,68114,75,1785,23617,238,60632,6100,283,290,174,462,3191,1332,2870,10086,11696,1332,794,4019,3640,61,478,46,116,97,1074,4131,2603,12066,2623,105,36,339,1883,1802,17,1871,20,7,5368,6232,82,218,82,20,461,4733,13741,312,787,1262,1283,131,295,3605,54,244,162,294,926,1771,280,5551,190,219,1023,123,22456,31341,3263,1150,636,1512,3820,39,1257,582,678,860,250,1183,1264,1779,408,652,3370,33,807,729,21,781,494,41,2125,522,5196,95895,5809,106,16356,25814,2505,21669,1247,711,2853,1220,1521,28,2383,4541,5725,277,4244,24266,774,19539,84,432,583,4132,188,31071,1113,3847,1611,296,1389,103,43,19158,3421,2007,12066,4415,7850,18840,144,3525,4241,1015,2344,23741,315,287,50,71,63,8,1266,285,477,7341,2485,239,2583,22245,1442,226,1301,2055,1654,2064,3316,3943,4212,43,103,24,944,29,1176,495,697,285,6,20,441,261,1123,7098,3670,24590,1794,11633,18853,7550,15446,10602,16866,111,15745,20513,5750,6018,15860,10979,2627,715,296,223,90,672,1118,111,52,17,17,2805,164,23296,5388,4323,317,102239,21832,2661,13562,9512,757,403,20159,9801,26778,1386,27297,103,25286,103,188,550,47,308,881,189,3475,1483,24,681,610,634,990,479,2202,1024,106,132,3883,2559,1271,2036,1511,352,831,760,448,275,218,217,981,2827,681,347,1036,2215,1550,4969,29978,3500,2032,2236,1055,835,651,652,908,461,70,5952,527,1516,3573,334,1335,510,2901,1659,1048,1053,915,151,423,408,2321,1733,958,758,826,1789,1487,1023,605,1006,2523,15,22,338,756,572,346,8509,222,6015,33,142,86,3551,536,4867,4509,4883,53,1742,235,89,870,1998,44788,452,1220,1971,733,41,1659,79,735,1011,13295,7341,4137,1026,54,193,132,9,125,604,562,1549,702,3864,611,455,1151,36145,177,1527,74328,363,4086,977,5542,4740,1755,270,480,3507,703,1006,1045,330,235,75,38839,1437,987,1007,420,958,1126,17488,155,10255,815,65,19577,4518,18,295,3981,787,114,5522,737,757,180,3241,864,20491,1106,636,768,980,589,666,864,874,532,42,827,30,1676,233,305,70,285,196,114,518,15413,539,4632,2292,310,526,729,206,21487,278,7464,1049,6244,1220,40,1435,12,23676,4011,6826,27415,1264,12569,93,199,348,975,500,919,784,1024,7133,916,18,104,1001,17,30,1941,1973,16,223,86,16530,19759,16015,4681,18745,2936,492,36043,50782,7924,20697,39080,47485,114,54,811,620,282,873,505,432,172,580,4506,0.0,0.0,0.0,0.0,0.0,0.0,0.0,0.0,0.0,0.0,0.0,0.0,0.0,0.0,0.0,0.0,0.0,0.0,0.0,0.0,0.0,0.0,0.0,0.0,0.0,0.0,0.0,0.0,0.0,0.0,0.0,0.0,0.0,0.0,0.0,0.0,0.0,0.0,0.0,0.0,0.0,0.0,0.0,0.0,0.0,0.0,0.0,0.0,0.0,0.0,0.0,0.0,0.0,0.0,0.0,0.0,0.0,0.0,0.0,0.0,0.0,0.0,0.0,0.0,0.0,0.0,0.0,0.0,0.0,0.0,0.0,0.0,0.0,0.0,0.0,0.0,0.0,0.0,0.0,0.0,0.0,0.0,0.0,0.0,0.0,0.0,0.0,0.0,0.0,0.0,0.0,0.0,0.0,0.0,0.0,0.0,0.0,0.0,0.0,0.0,0.0,0.0,0.0,0.0,0.0,0.0,0.0,0.0,0.0,0.0,0.0,0.0,0.0,0.0,0.0,0.0,0.0,0.0,0.0,0.0,0.0,0.0,0.0,0.0,0.0,0.0,0.0,0.0,0.0,0.0,0.0,0.0,0.0,0.0,0.0,0.0,0.0,0.0,0.0,0.0,0.0,0.0,0.0,0.0,0.0,0.0,0.0,0.0,0.0,0.0
ENCFF000ZGL,0.04715482856297061,4330,16,295,2357,64,9354,402,34,31,11,34,219,217,392,996,2368,194,27,323,431,11,41,1,0,1,47,216,248,1157,151,12,8,24,130,125,3,126,0,0,504,598,1,39,3,3,38,404,1432,17,31,93,106,28,18,396,11,17,20,6,34,107,25,897,8,30,51,0,3389,3029,358,77,55,107,250,13,80,46,46,63,10,87,76,241,39,54,242,2,69,44,0,66,16,1,96,106,1209,10953,595,69,1581,2239,160,2035,131,51,249,64,75,1,141,392,418,0,317,2040,192,1366,35,193,186,510,78,1940,108,498,264,40,139,20,8,1535,620,141,1074,452,605,1426,35,296,214,66,254,2980,20,31,3,8,5,2,132,10,24,686,217,45,229,2503,259,14,75,27,25,165,211,210,227,2,7,0,65,0,126,45,107,613,4,2,58,57,67,910,360,3136,149,1856,2302,1188,2066,978,1925,19,1690,2040,787,487,1595,990,320,58,37,36,9,48,71,6,3,1,0,315,10,2278,876,559,12,11064,2226,233,1561,1509,61,45,2460,1103,3852,367,2150,11,2131,3,24,52,9,19,45,15,254,124,5,51,74,41,75,30,124,94,17,16,312,194,112,108,87,21,42,46,28,26,16,30,94,323,93,32,123,210,157,912,3628,102,171,207,79,54,36,37,55,48,8,403,30,50,332,18,93,26,239,107,70,56,80,44,31,43,200,176,64,61,63,127,87,63,70,84,303,2,0,32,30,68,19,782,3,535,2,35,25,427,39,337,480,401,1,141,2,5,62,239,4611,40,99,108,75,13,165,1,11,24,909,403,233,74,0,19,3,1,8,45,48,141,27,236,41,33,93,3230,34,178,7027,30,320,70,378,206,176,15,75,332,67,63,51,38,21,18,860,77,68,73,43,75,73,1626,1,709,132,3,1695,426,20,13,330,26,2,524,51,147,21,199,76,1247,231,66,61,64,27,97,51,81,47,3,79,2,138,12,2,4,47,2,34,47,1681,152,651,409,110,29,31,7,1788,34,1020,129,642,40,21,165,0,1980,323,598,2607,367,1038,18,3,24,82,32,71,41,99,371,53,4,50,106,1,5,211,203,3,39,7,1485,2711,2104,501,2031,259,42,4969,5874,847,2697,4452,4869,12,5,52,56,26,54,62,43,27,27,484,0.0,0.0,0.0,0.0,0.0,0.0,0.0,0.0,0.0,0.0,0.0,0.0,0.0,0.0,0.0,0.0,0.0,0.0,0.0,0.0,0.0,0.0,0.0,0.0,0.0,0.0,0.0,0.0,0.0,0.0,0.0,0.0,0.0,0.0,0.0,0.0,0.0,0.0,0.0,0.0,0.0,0.0,0.0,0.0,0.0,0.0,0.0,0.0,0.0,0.0,0.0,0.0,0.0,0.0,0.0,0.0,0.0,0.0,0.0,0.0,0.0,0.0,0.0,0.0,0.0,0.0,0.0,0.0,0.0,0.0,0.0,0.0,0.0,0.0,0.0,0.0,0.0,0.0,0.0,0.0,0.0,0.0,0.0,0.0,0.0,0.0,0.0,0.0,0.0,0.0,0.0,0.0,0.0,0.0,0.0,0.0,0.0,0.0,0.0,0.0,0.0,0.0,0.0,0.0,0.0,0.0,0.0,0.0,0.0,0.0,0.0,0.0,0.0,0.0,0.0,0.0,0.0,0.0,0.0,0.0,0.0,0.0,0.0,0.0,0.0,0.0,0.0,0.0,0.0,0.0,0.0,0.0,0.0,0.0,0.0,0.0,0.0,0.0,0.0,0.0,0.0,0.0,0.0,0.0,0.0,0.0,0.0,0.0,0.0,0.0
ENCFF000VPV,0.08206505148325138,4215,11,233,2081,45,4244,624,25,42,20,46,160,327,555,1204,1852,234,30,261,313,22,45,9,4,4,46,254,205,1410,203,20,20,29,117,90,7,112,1,0,511,659,3,46,2,1,29,317,1696,21,45,51,78,24,24,429,16,18,26,21,61,72,27,544,22,21,74,5,2548,3026,441,54,27,108,381,20,78,36,61,53,19,59,63,243,30,49,188,1,48,30,3,96,16,4,103,66,763,10371,655,3,1801,2534,146,2260,131,31,327,119,110,3,192,464,440,13,265,1965,189,1779,45,158,134,513,74,2686,95,349,176,50,201,36,17,2023,936,159,1858,548,1027,1718,65,261,200,75,231,2268,24,32,5,11,4,2,112,19,40,511,325,35,236,2128,200,30,59,139,144,166,336,298,381,6,12,6,63,2,124,44,181,317,3,0,40,59,62,920,397,2676,133,1827,2015,882,2022,793,1626,23,1679,2019,645,563,1469,1102,395,49,57,57,4,26,52,16,10,3,1,224,32,2327,716,894,16,10426,2155,209,1642,1221,83,32,2305,1043,2974,296,2487,6,2603,3,13,51,16,20,46,19,201,138,5,44,70,41,74,22,145,88,16,9,250,196,103,157,64,18,49,37,28,18,21,33,82,286,73,29,116,159,123,772,1457,148,140,224,79,40,29,31,50,33,6,495,20,42,318,19,118,37,236,64,56,40,69,13,25,28,173,135,51,61,46,149,88,46,44,48,204,1,3,26,36,34,15,896,7,546,1,32,10,373,39,425,388,417,2,170,6,14,98,250,4196,46,139,117,79,11,133,10,22,31,827,379,206,105,2,14,8,0,4,50,106,161,46,187,36,19,102,3256,38,122,6977,28,345,47,325,259,162,18,103,368,58,45,49,32,26,15,1118,74,57,73,23,58,62,1521,9,594,176,3,1701,371,2,16,346,55,1,371,39,63,15,172,59,877,187,54,60,74,32,75,37,53,50,3,62,4,125,14,7,14,52,40,58,37,1940,136,566,365,121,32,58,20,2477,19,894,123,769,82,13,159,2,1815,363,603,2583,107,1199,19,14,17,51,27,63,59,88,446,42,1,33,72,2,3,278,279,3,37,19,1423,2210,1698,413,2064,266,24,4434,5242,739,2289,3857,4784,24,24,47,43,21,37,96,20,30,35,395,0.0,0.0,0.0,0.0,0.0,0.0,0.0,0.0,0.0,0.0,0.0,0.0,0.0,0.0,0.0,0.0,0.0,0.0,0.0,0.0,0.0,0.0,0.0,0.0,0.0,0.0,0.0,0.0,0.0,0.0,0.0,0.0,0.0,0.0,0.0,0.0,0.0,0.0,0.0,0.0,0.0,0.0,0.0,0.0,0.0,0.0,0.0,0.0,0.0,0.0,0.0,0.0,0.0,0.0,0.0,0.0,0.0,0.0,0.0,0.0,0.0,0.0,0.0,0.0,0.0,0.0,0.0,0.0,0.0,0.0,0.0,0.0,0.0,0.0,0.0,0.0,0.0,0.0,0.0,0.0,0.0,0.0,0.0,0.0,0.0,0.0,0.0,0.0,0.0,0.0,0.0,0.0,0.0,0.0,0.0,0.0,0.0,0.0,0.0,0.0,0.0,0.0,0.0,0.0,0.0,0.0,0.0,0.0,0.0,0.0,0.0,0.0,0.0,0.0,0.0,0.0,0.0,0.0,0.0,0.0,0.0,0.0,0.0,0.0,0.0,0.0,0.0,0.0,0.0,0.0,0.0,0.0,0.0,0.0,0.0,0.0,0.0,0.0,0.0,0.0,0.0,0.0,0.0,0.0,0.0,0.0,0.0,0.0,0.0,0.0
ENCFF658ZRQ,0.1442907412186406,65944,660,1096,6940,76,11869,2066,85,74,92,325,1200,475,1398,3556,3068,675,163,1900,1487,87,200,33,37,30,234,5985,653,5585,1155,67,120,179,367,311,132,489,2,45,2352,3136,18,187,6,250,221,1279,4290,446,109,143,236,130,120,2148,71,106,126,78,237,671,144,2200,183,177,1450,157,11177,12962,2343,220,131,1273,2081,102,245,90,152,176,33,151,210,1011,70,83,664,7,172,75,12,447,75,24,432,219,3837,44244,3038,10,8095,11303,561,9762,274,108,1637,519,653,6,957,2368,2300,64,1218,9198,388,5239,57,205,309,2268,82,7013,210,1749,867,332,837,95,41,10008,1887,3900,5389,1360,4714,8286,884,1216,948,226,1460,9397,223,806,17,40,12,18,681,123,530,2625,1514,201,975,7067,565,129,276,637,575,751,1318,1145,1997,22,47,25,160,5,317,93,582,179,33,10,406,243,202,4595,1959,12985,476,6466,8268,3506,6491,3248,5966,79,7815,8960,3106,2604,6704,5431,2037,189,920,318,24,80,160,67,23,7,29,1114,64,7906,2388,1236,175,139521,9772,1819,7791,4131,372,219,10538,5356,12420,443,13651,65,13406,25,123,451,313,48,186,78,856,710,22,86,175,92,158,63,572,304,175,87,1115,773,531,1183,222,61,113,141,57,68,60,222,218,1375,245,66,438,523,498,2313,7152,2693,517,1039,290,165,122,120,185,62,132,2601,87,150,1439,59,347,71,954,151,185,92,159,186,84,224,465,457,137,156,135,693,314,137,116,139,733,12,14,73,119,189,52,4749,72,3115,1,159,25,1755,235,2409,1876,2040,10,754,41,51,731,1183,14117,443,820,579,294,238,607,66,107,226,4019,2032,1934,434,13,45,45,4,10,125,488,735,129,884,100,83,442,9096,244,425,33605,302,1681,174,1256,6472,579,50,2299,5821,126,227,240,57,70,149,27157,254,191,233,124,237,267,7181,22,2618,580,20,8304,2110,10,83,1645,294,16,1400,138,441,87,733,196,4557,519,1358,152,206,71,218,176,416,243,15,305,9,543,65,8,49,798,293,116,248,5412,198,1634,958,164,101,300,97,11892,419,4623,1257,3573,434,101,904,34,8689,1672,2783,12980,695,3884,94,108,72,397,461,229,121,337,2248,203,6,1061,163,17,21,1188,1195,10,1238,50,7203,10423,7140,1893,9975,1126,84,16075,24503,3171,10214,17713,22249,53,48,129,114,34,139,503,88,147,186,1740,0.0,0.0,0.0,0.0,0.0,0.0,0.0,0.0,0.0,0.0,0.0,0.0,0.0,0.0,0.0,0.0,0.0,0.0,0.0,0.0,0.0,0.0,0.0,0.0,0.0,0.0,0.0,0.0,0.0,0.0,0.0,0.0,0.0,0.0,0.0,0.0,0.0,0.0,0.0,0.0,0.0,0.0,0.0,0.0,0.0,0.0,0.0,0.0,0.0,0.0,0.0,0.0,0.0,0.0,0.0,0.0,0.0,0.0,0.0,0.0,0.0,0.0,0.0,0.0,0.0,0.0,0.0,0.0,0.0,0.0,0.0,0.0,0.0,0.0,0.0,0.0,0.0,0.0,0.0,0.0,0.0,0.0,0.0,0.0,0.0,0.0,0.0,0.0,0.0,0.0,0.0,0.0,0.0,0.0,0.0,0.0,0.0,0.0,0.0,0.0,0.0,0.0,0.0,0.0,0.0,0.0,0.0,0.0,0.0,0.0,0.0,0.0,0.0,0.0,0.0,0.0,0.0,0.0,0.0,0.0,0.0,0.0,0.0,0.0,0.0,0.0,0.0,0.0,0.0,0.0,0.0,0.0,0.0,0.0,0.0,0.0,0.0,0.0,0.0,0.0,0.0,0.0,0.0,0.0,0.0,0.0,0.0,0.0,0.0,0.0
ENCFF603DEK,0.176921042305239,52851,155,3079,45868,741,109108,4653,276,337,260,511,3107,2748,6921,26115,25559,2886,304,4260,5266,111,526,63,53,47,907,2108,2933,21912,2830,212,194,425,1692,1494,79,1593,21,9,6404,8684,21,569,17,36,496,4959,20341,292,557,990,1276,364,227,4792,131,238,435,125,601,1229,285,11276,299,228,603,33,43615,47559,5461,966,647,1442,3680,220,1094,446,696,856,203,900,953,2973,392,534,3488,5,810,433,8,894,107,20,907,1296,20447,148682,8358,86,22869,33180,2095,29014,994,588,4150,1164,1347,13,2317,5969,6096,82,4153,26365,2189,27982,528,2004,2148,7127,894,42718,1310,5085,2441,532,2031,290,900,21693,8657,1245,16695,6716,8698,22957,506,4404,2513,1058,3412,49678,315,455,72,77,16,32,1712,207,383,9632,3870,556,3392,45422,3252,320,1007,785,699,2563,3670,3269,4001,68,72,32,931,22,1557,585,961,232,44,15,587,539,877,12423,5809,36083,2008,24056,29252,13953,30192,11492,24662,209,22478,26763,8676,7822,18974,15526,4658,931,542,808,70,482,797,121,38,11,27,3748,198,36360,10907,7021,199,177849,34647,3360,23432,20429,900,489,37079,18411,54180,5181,38680,225,38183,33,251,640,69,260,864,175,3501,1718,27,584,817,529,846,380,2196,1252,201,174,4165,2403,1713,2157,1139,364,569,709,320,295,249,341,1046,4755,1433,290,1504,1927,1911,8236,44753,1505,2059,2312,1177,777,594,623,910,488,96,5590,376,747,4008,313,1381,329,3762,1038,922,591,778,150,397,559,2306,2253,774,848,652,1964,1355,670,743,889,3669,26,25,363,585,403,253,11978,89,7921,14,435,37,5427,552,5727,5640,6876,8,2188,102,148,1483,3018,72075,605,1697,1695,929,129,2504,114,135,588,13220,5342,2507,1098,40,117,91,6,28,605,2054,2068,486,3447,465,417,1222,51529,393,2035,101648,510,4599,880,4513,2521,2177,254,996,5069,788,908,853,320,364,252,12948,991,827,922,496,997,1129,20887,50,9139,1880,19,21594,6166,66,205,6861,549,50,5958,710,1087,229,2712,986,16273,3307,765,660,958,393,1067,810,1037,810,14,812,24,1572,104,53,159,534,171,566,552,40849,1965,9148,5603,1256,516,789,229,27865,261,13196,1811,10061,1164,281,2502,27,26312,4786,8671,37401,4062,14345,230,211,287,855,410,977,652,1326,7379,892,41,250,932,20,24,3184,3291,12,524,108,18843,34972,25817,6552,28261,3162,296,62172,73006,11935,36122,53747,63701,199,145,667,600,175,827,851,315,349,617,5660,0.0,0.0,0.0,0.0,0.0,0.0,0.0,0.0,0.0,0.0,0.0,0.0,0.0,0.0,0.0,0.0,0.0,0.0,0.0,0.0,0.0,0.0,0.0,0.0,0.0,0.0,0.0,0.0,0.0,0.0,0.0,0.0,0.0,0.0,0.0,0.0,0.0,0.0,0.0,0.0,0.0,0.0,0.0,0.0,0.0,0.0,0.0,0.0,0.0,0.0,0.0,0.0,0.0,0.0,0.0,0.0,0.0,0.0,0.0,0.0,0.0,0.0,0.0,0.0,0.0,0.0,0.0,0.0,0.0,0.0,0.0,0.0,0.0,0.0,0.0,0.0,0.0,0.0,0.0,0.0,0.0,0.0,0.0,0.0,0.0,0.0,0.0,0.0,0.0,0.0,0.0,0.0,0.0,0.0,0.0,0.0,0.0,0.0,0.0,0.0,0.0,0.0,0.0,0.0,0.0,0.0,0.0,0.0,0.0,0.0,0.0,0.0,0.0,0.0,0.0,0.0,0.0,0.0,0.0,0.0,0.0,0.0,0.0,0.0,0.0,0.0,0.0,0.0,0.0,0.0,0.0,0.0,0.0,0.0,0.0,0.0,0.0,0.0,0.0,0.0,0.0,0.0,0.0,0.0,0.0,0.0,0.0,0.0,0.0,0.0
ENCFF000ZOW,0.08498509685769019,1457,11,209,2368,74,8064,301,34,50,17,28,159,493,978,990,2829,347,22,309,289,4,43,2,10,7,36,6,237,1730,208,14,14,24,121,122,2,105,3,1,432,545,8,31,6,7,44,342,1808,0,149,70,81,20,22,305,7,19,24,13,37,87,16,1192,16,52,2,7,3224,2766,334,68,43,52,302,10,86,44,48,46,19,57,88,208,25,31,174,0,48,27,1,86,12,1,112,90,1413,9731,579,1,1560,2143,163,1956,183,31,228,97,83,1,145,370,378,13,240,1636,283,2072,51,207,196,496,99,2809,118,295,146,40,184,21,10,1539,1457,9,1412,857,641,1349,2,244,215,61,202,2988,31,11,5,9,2,4,109,13,28,472,265,41,261,2422,249,16,65,116,71,157,240,194,287,3,15,3,59,3,97,47,177,151,0,0,39,44,52,773,333,2318,118,2084,1948,742,2038,720,1527,19,1427,1668,564,624,1311,978,439,44,1,38,2,39,52,10,7,3,6,195,34,2424,755,1392,14,10935,2133,201,1514,2235,69,35,2305,1071,3832,451,2308,7,2275,3,15,36,21,18,58,9,192,96,0,41,61,42,67,29,159,83,6,14,254,187,108,167,98,14,42,45,27,34,15,27,64,260,89,29,107,170,115,820,1426,2,137,159,73,43,31,32,39,37,5,435,39,49,293,20,93,31,199,69,64,35,60,3,21,26,155,148,52,50,50,134,78,45,39,50,205,3,1,23,28,31,16,712,9,465,2,31,5,381,35,333,330,390,6,125,16,11,110,183,5215,36,126,123,48,0,129,14,18,44,905,410,161,84,4,7,6,1,5,28,103,150,52,189,29,39,155,3677,21,117,6131,32,332,68,326,15,150,18,6,155,64,59,55,34,22,6,60,91,58,66,21,75,66,1421,6,609,149,5,1340,323,4,19,326,53,4,390,43,57,14,171,58,1095,199,39,56,78,35,74,43,62,45,2,56,0,111,7,4,11,10,37,80,48,1585,183,570,420,97,30,43,13,1987,6,809,92,616,103,21,168,2,1683,339,475,2210,117,979,10,18,31,52,17,69,35,81,568,53,2,6,73,2,5,261,231,1,6,6,1334,2142,1744,401,1810,299,9,4280,4846,720,2219,3562,4200,24,21,52,38,21,59,68,18,26,39,378,0.0,0.0,0.0,0.0,0.0,0.0,0.0,0.0,0.0,0.0,0.0,0.0,0.0,0.0,0.0,0.0,0.0,0.0,0.0,0.0,0.0,0.0,0.0,0.0,0.0,0.0,0.0,0.0,0.0,0.0,0.0,0.0,0.0,0.0,0.0,0.0,0.0,0.0,0.0,0.0,0.0,0.0,0.0,0.0,0.0,0.0,0.0,0.0,0.0,0.0,0.0,0.0,0.0,0.0,0.0,0.0,0.0,0.0,0.0,0.0,0.0,0.0,0.0,0.0,0.0,0.0,0.0,0.0,0.0,0.0,0.0,0.0,0.0,0.0,0.0,0.0,0.0,0.0,0.0,0.0,0.0,0.0,0.0,0.0,0.0,0.0,0.0,0.0,0.0,0.0,0.0,0.0,0.0,0.0,0.0,0.0,0.0,0.0,0.0,0.0,0.0,0.0,0.0,0.0,0.0,0.0,0.0,0.0,0.0,0.0,0.0,0.0,0.0,0.0,0.0,0.0,0.0,0.0,0.0,0.0,0.0,0.0,0.0,0.0,0.0,0.0,0.0,0.0,0.0,0.0,0.0,0.0,0.0,0.0,0.0,0.0,0.0,0.0,0.0,0.0,0.0,0.0,0.0,0.0,0.0,0.0,0.0,0.0,0.0,0.0
ENCFF613TFL,0.12835556236101872,12055,506,845,3028,53,7165,1892,41,50,61,200,521,230,769,1406,1100,480,142,2083,1242,61,231,21,37,45,215,450,468,1961,1061,65,33,133,272,174,13,382,8,7,1660,2853,37,214,2,170,201,983,1646,43,81,69,129,143,122,2044,52,94,113,80,202,302,39,1242,148,130,121,29,8658,10595,2100,134,60,224,1865,97,127,43,61,106,13,91,159,986,31,32,426,6,69,35,11,403,96,13,402,137,1625,39470,2806,22,7497,10414,423,8925,263,44,1627,516,643,9,877,2328,2299,100,894,8561,282,3803,25,93,234,2108,45,3878,148,1677,756,306,821,85,31,8792,1083,272,3093,810,3848,7554,64,747,1167,141,831,3516,139,128,10,30,12,6,650,125,237,2295,1331,194,1138,2954,312,151,142,534,582,590,1162,1030,1924,28,43,20,84,11,189,38,1109,151,2,7,79,288,149,4163,1810,11064,312,5052,7194,2920,3571,2731,4522,56,6960,7812,2963,2428,5938,4994,1631,162,76,211,13,47,84,46,25,15,24,944,64,3834,1636,476,112,126671,8835,836,7142,2165,313,152,8913,4814,9131,197,12876,49,12765,22,80,235,78,28,129,90,634,650,12,45,64,36,79,38,358,177,128,73,806,707,476,1048,93,18,52,65,22,25,20,192,75,1253,182,24,348,396,284,1004,4906,252,322,897,175,95,97,57,72,37,108,2075,51,80,1293,32,294,29,796,65,119,31,73,162,36,142,255,240,76,78,62,640,227,57,65,85,453,11,11,24,36,181,24,4115,56,2905,6,141,22,1556,228,2310,1720,1490,14,728,33,52,759,1083,9788,195,522,419,206,8,459,89,242,259,3411,2060,629,387,10,58,35,8,17,53,459,704,107,779,37,40,171,3482,49,213,31227,288,1470,92,860,552,475,29,151,1182,59,138,158,38,35,63,2271,163,109,140,85,142,158,6574,26,2093,523,22,7628,2009,16,76,1510,258,7,1110,78,476,96,559,106,2000,244,189,61,152,50,142,68,421,219,18,264,3,404,86,6,68,153,434,105,252,3801,115,724,650,88,90,325,124,10883,41,3986,305,3439,429,91,798,16,9061,1756,2718,12368,595,1661,31,198,34,86,300,182,47,192,1710,139,6,127,85,23,19,1202,1127,16,126,39,6413,9028,5666,1583,8933,1067,187,12827,21263,2517,8653,15435,19391,47,39,64,45,30,63,462,76,117,166,1515,0.0,0.0,0.0,0.0,0.0,0.0,0.0,0.0,0.0,0.0,0.0,0.0,0.0,0.0,0.0,0.0,0.0,0.0,0.0,0.0,0.0,0.0,0.0,0.0,0.0,0.0,0.0,0.0,0.0,0.0,0.0,0.0,0.0,0.0,0.0,0.0,0.0,0.0,0.0,0.0,0.0,0.0,0.0,0.0,0.0,0.0,0.0,0.0,0.0,0.0,0.0,0.0,0.0,0.0,0.0,0.0,0.0,0.0,0.0,0.0,0.0,0.0,0.0,0.0,0.0,0.0,0.0,0.0,0.0,0.0,0.0,0.0,0.0,0.0,0.0,0.0,0.0,0.0,0.0,0.0,0.0,0.0,0.0,0.0,0.0,0.0,0.0,0.0,0.0,0.0,0.0,0.0,0.0,0.0,0.0,0.0,0.0,0.0,0.0,0.0,0.0,0.0,0.0,0.0,0.0,0.0,0.0,0.0,0.0,0.0,0.0,0.0,0.0,0.0,0.0,0.0,0.0,0.0,0.0,0.0,0.0,0.0,0.0,0.0,0.0,0.0,0.0,0.0,0.0,0.0,0.0,0.0,0.0,0.0,0.0,0.0,0.0,0.0,0.0,0.0,0.0,0.0,0.0,0.0,0.0,0.0,0.0,0.0,0.0,0.0
ENCFF000VPG,0.0835612580343839,5001,13,241,2157,40,3646,358,36,28,13,32,195,327,526,1206,1519,242,23,278,335,19,46,5,0,2,34,356,184,1351,264,16,15,19,111,81,8,107,0,4,487,750,9,69,0,2,42,365,1722,33,75,79,60,35,33,498,11,22,31,19,67,92,10,672,40,60,160,1,2818,3488,552,48,35,122,361,16,60,24,42,54,15,55,61,260,34,28,176,1,47,25,2,100,14,0,140,67,645,11553,752,4,1992,2884,125,2530,86,30,365,96,118,3,208,595,575,8,300,1981,186,1745,33,155,114,616,73,2743,78,465,219,92,212,34,10,2178,911,178,2123,590,934,1958,54,283,140,55,255,2042,14,48,7,10,5,5,155,13,59,574,333,36,275,2307,236,31,62,137,140,178,503,405,377,4,13,3,56,2,105,32,245,290,8,0,39,56,42,1046,478,3289,143,1905,2218,914,2269,892,1563,23,1831,2119,754,647,1560,1276,427,53,56,51,4,43,39,15,9,0,3,307,24,2586,802,838,23,11341,2082,241,1801,1233,69,45,2493,1021,3181,343,2863,3,2772,3,21,75,22,7,64,10,173,158,13,35,51,41,42,26,148,74,15,17,302,197,111,174,69,25,47,34,22,26,12,42,60,296,67,27,151,168,121,859,1634,202,147,241,99,47,28,21,46,19,7,519,28,45,330,20,93,22,247,63,72,24,50,15,19,46,114,119,40,45,34,166,90,44,43,53,211,1,2,11,23,42,7,966,8,623,0,36,9,369,55,426,452,444,1,163,8,16,57,267,3831,51,168,125,62,7,136,14,17,52,844,406,177,88,5,12,10,1,2,41,96,186,35,228,34,29,134,3196,52,114,7873,34,369,59,310,285,150,26,134,537,52,44,59,42,24,15,1434,49,65,67,34,66,71,1783,7,647,175,1,1842,409,4,20,371,42,5,407,51,84,24,182,45,802,218,74,48,53,21,70,46,87,32,1,72,2,161,7,5,11,64,28,60,24,1804,140,548,317,84,39,82,16,2602,33,934,134,899,85,21,217,1,2034,379,586,2854,116,1176,19,8,20,59,21,58,33,90,393,49,2,39,67,2,1,326,290,1,47,18,1582,2487,1822,437,2352,312,10,5054,5769,802,2518,4273,5225,28,26,39,42,17,45,107,18,30,33,447,0.0,0.0,0.0,0.0,0.0,0.0,0.0,0.0,0.0,0.0,0.0,0.0,0.0,0.0,0.0,0.0,0.0,0.0,0.0,0.0,0.0,0.0,0.0,0.0,0.0,0.0,0.0,0.0,0.0,0.0,0.0,0.0,0.0,0.0,0.0,0.0,0.0,0.0,0.0,0.0,0.0,0.0,0.0,0.0,0.0,0.0,0.0,0.0,0.0,0.0,0.0,0.0,0.0,0.0,0.0,0.0,0.0,0.0,0.0,0.0,0.0,0.0,0.0,0.0,0.0,0.0,0.0,0.0,0.0,0.0,0.0,0.0,0.0,0.0,0.0,0.0,0.0,0.0,0.0,0.0,0.0,0.0,0.0,0.0,0.0,0.0,0.0,0.0,0.0,0.0,0.0,0.0,0.0,0.0,0.0,0.0,0.0,0.0,0.0,0.0,0.0,0.0,0.0,0.0,0.0,0.0,0.0,0.0,0.0,0.0,0.0,0.0,0.0,0.0,0.0,0.0,0.0,0.0,0.0,0.0,0.0,0.0,0.0,0.0,0.0,0.0,0.0,0.0,0.0,0.0,0.0,0.0,0.0,0.0,0.0,0.0,0.0,0.0,0.0,0.0,0.0,0.0,0.0,0.0,0.0,0.0,0.0,0.0,0.0,0.0
ENCFF000VPK,0.18963306069006455,103659,187,4415,39833,814,109157,8418,315,708,407,727,4078,6252,11080,24228,42250,4433,575,7849,7203,228,811,105,119,146,1279,6772,4263,28727,4845,345,374,567,2367,2192,157,2472,37,29,9220,14158,85,878,73,62,859,7357,30026,810,649,1284,1909,623,433,7793,223,469,560,297,1003,1820,621,10867,531,417,1830,120,53722,64713,8624,1358,896,2475,6125,420,1616,702,1025,1192,317,1284,1483,4581,519,704,4485,38,1165,629,28,1730,319,63,2136,1591,17102,222222,13505,123,36082,51646,3237,44383,1470,796,6785,2114,2394,53,3705,9424,9983,381,5329,40215,3684,43324,637,2681,2559,10861,1042,64361,1607,7699,3670,1183,3372,731,262,38420,18341,5053,40383,10801,16016,36037,1017,5558,4846,1488,4833,47255,522,1109,126,139,33,47,2928,350,786,12715,6104,869,4871,43019,4292,677,1578,3564,3384,3755,6338,5476,6546,84,205,123,1310,63,2182,798,1299,15924,82,8,987,1031,1331,18383,9064,55676,2878,38930,41182,17820,38294,16322,33681,478,34852,41153,13381,11520,28670,23489,7390,1098,1509,929,71,637,1273,255,123,53,75,4829,557,49070,13928,19315,467,221796,45851,4694,34311,24825,1465,673,50034,23639,66005,5896,53244,232,53123,71,415,928,188,356,1273,327,4788,2777,42,860,1207,786,1185,505,3185,1892,246,305,6018,3744,2671,3115,1580,420,901,969,468,389,380,549,1464,6417,1524,501,2169,2847,2772,13942,37075,3974,3055,3636,1701,1093,860,841,1216,718,180,9750,661,1087,6453,512,1942,527,4896,1400,1311,734,1221,216,598,808,3010,3043,1055,1207,922,2962,1926,967,996,1238,4865,35,40,518,842,614,422,18513,220,11925,30,648,78,8500,934,8742,8088,8855,53,3592,199,255,2618,4640,96394,1045,2862,2583,1293,328,3429,286,536,853,19059,8961,3964,1815,100,273,163,19,62,878,2477,2972,781,4481,663,679,2381,64997,681,2545,149983,687,7451,1308,6971,7128,3126,370,2751,9729,1050,1335,1437,407,498,433,34107,1583,1303,1464,627,1434,1680,31904,136,13085,2718,88,31749,7749,50,339,7174,1121,73,7980,1122,1494,376,3927,1447,22620,3890,1606,908,1473,534,1568,1149,1556,978,34,1188,37,2313,203,83,259,1165,846,1063,1095,42547,2380,11647,6816,1578,612,1155,374,45174,736,19597,2895,15346,1842,444,3576,51,40237,7459,13078,54354,2579,27756,417,405,473,1413,604,1464,927,1716,10766,1318,55,878,1356,59,71,5097,5301,32,1335,229,31861,49341,36549,9133,45532,5009,776,89661,112114,15601,51071,80311,100324,445,222,977,882,247,1130,1615,356,495,969,8431,0.0,0.0,0.0,0.0,0.0,0.0,0.0,0.0,0.0,0.0,0.0,0.0,0.0,0.0,0.0,0.0,0.0,0.0,0.0,0.0,0.0,0.0,0.0,0.0,0.0,0.0,0.0,0.0,0.0,0.0,0.0,0.0,0.0,0.0,0.0,0.0,0.0,0.0,0.0,0.0,0.0,0.0,0.0,0.0,0.0,0.0,0.0,0.0,0.0,0.0,0.0,0.0,0.0,0.0,0.0,0.0,0.0,0.0,0.0,0.0,0.0,0.0,0.0,0.0,0.0,0.0,0.0,0.0,0.0,0.0,0.0,0.0,0.0,0.0,0.0,0.0,0.0,0.0,0.0,0.0,0.0,0.0,0.0,0.0,0.0,0.0,0.0,0.0,0.0,0.0,0.0,0.0,0.0,0.0,0.0,0.0,0.0,0.0,0.0,0.0,0.0,0.0,0.0,0.0,0.0,0.0,0.0,0.0,0.0,0.0,0.0,0.0,0.0,0.0,0.0,0.0,0.0,0.0,0.0,0.0,0.0,0.0,0.0,0.0,0.0,0.0,0.0,0.0,0.0,0.0,0.0,0.0,0.0,0.0,0.0,0.0,0.0,0.0,0.0,0.0,0.0,0.0,0.0,0.0,0.0,0.0,0.0,0.0,0.0,0.0
ENCFF002EAZ,0.18555214027563982,109410,447,4066,39696,748,114286,8796,289,469,372,936,3300,2901,7063,22992,26687,3391,502,6332,7787,212,942,120,60,73,1231,6646,3323,21691,5015,298,345,624,1956,1754,176,2188,21,37,9691,13924,33,712,23,136,746,6416,18507,882,599,1005,1430,591,434,9339,198,455,692,209,1002,1738,266,9565,301,306,1798,106,46478,59093,9399,1107,674,2653,8540,439,1228,609,812,932,205,987,1257,4764,431,542,3692,13,896,568,20,1550,151,18,1355,1202,16953,208873,13021,110,36029,48686,2791,41924,1197,636,6842,1954,2222,25,3777,10042,10483,161,5657,42024,2398,32132,533,2036,2260,10598,857,41470,1368,8445,4003,933,3607,478,210,39739,9581,5955,15119,6536,18950,36494,1102,4990,3552,1277,5134,41253,406,1061,94,118,42,35,2886,335,786,14677,6120,880,5000,40267,3131,599,1204,1309,1074,3470,8216,7830,7423,100,133,36,1004,27,1769,606,1143,242,131,3,804,936,1077,18500,8854,55649,2544,30616,38262,17096,29971,14930,30361,282,32685,38229,14560,11710,27797,23251,6567,969,1549,1033,67,480,895,228,84,24,99,5604,270,34188,12776,7353,276,262725,45071,4465,32791,18655,1514,869,45100,22596,58769,5247,62253,277,65676,83,520,1132,218,343,1045,315,4169,2829,37,653,968,609,898,440,2564,1478,477,275,5318,3504,2476,3621,1177,303,669,764,346,377,285,698,1110,5587,1453,416,1979,2439,2188,8095,15631,4144,2514,4023,1452,870,693,643,918,504,194,9475,491,806,6382,356,1807,405,4764,1064,1047,565,865,442,506,721,2573,2382,787,883,730,3145,1654,783,790,924,4015,57,47,421,604,815,428,20298,202,13605,36,702,112,7866,986,9805,8737,9710,10,3235,179,222,1610,5617,66063,1124,3048,2430,1265,330,2903,214,236,933,16999,7560,3422,1875,88,303,121,7,80,682,1964,3347,604,4654,514,498,1304,47056,647,2204,154519,600,7192,1032,5396,6916,2714,349,2591,9871,826,1042,1235,377,445,400,34572,1334,1011,1226,608,1117,1376,30531,100,11818,2736,48,36485,9016,61,343,8610,1043,81,7506,789,2285,390,3381,1174,15937,2927,1622,770,1231,564,1242,910,1996,762,36,1371,48,2364,154,90,269,1159,429,640,674,39708,2033,9046,5577,1281,603,1257,299,49429,649,19470,2727,16787,1849,404,3629,48,36554,6668,12504,54434,1865,13329,338,293,354,1255,684,1138,700,1533,7937,1077,46,655,1005,48,30,5147,5492,18,1313,240,30111,43421,31989,7720,42787,4789,432,73854,99554,14191,45093,73848,93353,274,223,753,704,221,855,1722,415,598,879,8733,0.0,0.0,0.0,0.0,0.0,0.0,0.0,0.0,0.0,0.0,0.0,0.0,0.0,0.0,0.0,0.0,0.0,0.0,0.0,0.0,0.0,0.0,0.0,0.0,0.0,0.0,0.0,0.0,0.0,0.0,0.0,0.0,0.0,0.0,0.0,0.0,0.0,0.0,0.0,0.0,0.0,0.0,0.0,0.0,0.0,0.0,0.0,0.0,0.0,0.0,0.0,0.0,0.0,0.0,0.0,0.0,0.0,0.0,0.0,0.0,0.0,0.0,0.0,0.0,0.0,0.0,0.0,0.0,0.0,0.0,0.0,0.0,0.0,0.0,0.0,0.0,0.0,0.0,0.0,0.0,0.0,0.0,0.0,0.0,0.0,0.0,0.0,0.0,0.0,0.0,0.0,0.0,0.0,0.0,0.0,0.0,0.0,0.0,0.0,0.0,0.0,0.0,0.0,0.0,0.0,0.0,0.0,0.0,0.0,0.0,0.0,0.0,0.0,0.0,0.0,0.0,0.0,0.0,0.0,0.0,0.0,0.0,0.0,0.0,0.0,0.0,0.0,0.0,0.0,0.0,0.0,0.0,0.0,0.0,0.0,0.0,0.0,0.0,0.0,0.0,0.0,0.0,0.0,0.0,0.0,0.0,0.0,0.0,0.0,0.0
ENCFF983OSM,0.13832515494144537,28322,74,1872,25726,253,44437,6075,226,214,261,555,2401,1525,3140,16894,11503,2014,697,3888,4819,204,651,54,44,85,822,309,2676,16275,3706,243,86,395,1396,1325,28,1845,18,26,6936,10143,44,563,29,30,600,5198,18890,35,452,720,1107,391,383,7390,82,348,292,153,871,1110,138,6794,1148,107,99,63,31547,45477,7413,829,492,1192,5296,299,979,433,514,615,164,800,980,3189,330,432,2837,11,665,436,14,1058,210,31,1694,787,6723,150624,9869,94,26056,39357,1963,33246,970,458,4999,1394,2075,23,3657,8585,9219,188,3613,32541,1082,20536,113,617,781,6498,280,39047,986,6360,2605,743,2305,366,84,35090,5198,252,27106,4058,14025,29367,34,3448,2136,919,3041,22893,258,154,116,78,22,27,2400,340,911,8105,3799,447,2638,28184,2361,428,884,2211,2283,2664,6207,5075,5563,74,106,61,757,19,1223,451,1363,765,11,5,365,610,842,13857,6456,43045,1905,20374,27427,12076,29163,11938,22229,276,26051,31525,10769,8879,22635,16807,5271,763,68,683,98,421,722,151,44,19,27,3939,99,34075,8137,4487,412,142621,28155,2943,23215,11460,1041,465,30671,14407,36480,1342,42429,80,40932,17,313,669,67,190,727,280,3533,2390,749,513,655,460,641,343,2025,1223,192,170,4533,2687,1547,2475,1045,249,513,579,295,253,208,424,879,4320,705,226,1399,2025,1648,8760,43312,261,1900,3877,1049,615,508,478,733,404,99,7423,392,846,4805,256,1421,355,3350,825,739,461,639,642,356,538,1857,1604,601,701,630,2074,1278,658,560,765,2925,20,11,272,526,779,95,15247,69,9963,10,355,46,6072,852,7979,5386,6118,18,2471,62,98,1012,4359,45861,671,1973,1895,909,16,1941,202,362,987,12216,5205,2983,1417,35,132,68,4,20,541,1654,1934,530,2979,381,391,1261,35847,252,1595,104421,385,5860,751,4481,618,1836,272,140,3042,585,825,853,326,354,308,2162,1001,745,940,827,867,1025,22385,29,9837,1529,58,25823,6155,17,307,4726,784,22,5587,599,1857,185,2626,772,11042,2176,346,547,871,407,771,640,1315,385,15,632,18,1916,179,30,135,190,505,166,518,21034,602,6164,3041,576,554,966,159,34922,54,12810,995,10769,1509,182,2557,23,28714,5490,9443,39426,2653,16017,171,133,283,686,344,777,519,953,4983,764,10,168,803,42,31,3877,4480,13,93,156,24426,31269,22765,5635,31425,4067,294,63795,76087,9560,32264,57938,69171,191,142,559,483,196,641,1546,331,343,636,5730,0.0,0.0,0.0,0.0,0.0,0.0,0.0,0.0,0.0,0.0,0.0,0.0,0.0,0.0,0.0,0.0,0.0,0.0,0.0,0.0,0.0,0.0,0.0,0.0,0.0,0.0,0.0,0.0,0.0,0.0,0.0,0.0,0.0,0.0,0.0,0.0,0.0,0.0,0.0,0.0,0.0,0.0,0.0,0.0,0.0,0.0,0.0,0.0,0.0,0.0,0.0,0.0,0.0,0.0,0.0,0.0,0.0,0.0,0.0,0.0,0.0,0.0,0.0,0.0,0.0,0.0,0.0,0.0,0.0,0.0,0.0,0.0,0.0,0.0,0.0,0.0,0.0,0.0,0.0,0.0,0.0,0.0,0.0,0.0,0.0,0.0,0.0,0.0,0.0,0.0,0.0,0.0,0.0,0.0,0.0,0.0,0.0,0.0,0.0,0.0,0.0,0.0,0.0,0.0,0.0,0.0,0.0,0.0,0.0,0.0,0.0,0.0,0.0,0.0,0.0,0.0,0.0,0.0,0.0,0.0,0.0,0.0,0.0,0.0,0.0,0.0,0.0,0.0,0.0,0.0,0.0,0.0,0.0,0.0,0.0,0.0,0.0,0.0,0.0,0.0,0.0,0.0,0.0,0.0,0.0,0.0,0.0,0.0,0.0,0.0
ENCFF002AWZ,0.15822962498138374,29947,119,4640,39927,622,71638,5457,298,444,266,449,3602,3736,8181,24037,24050,3385,400,4813,5618,163,578,75,28,41,1015,151,3929,47045,3614,247,142,466,2024,2070,53,2081,30,12,7282,10504,83,664,49,33,660,6118,26228,46,557,1340,1704,419,237,5833,170,294,320,94,641,1608,791,11966,891,358,60,45,51592,57881,6281,1244,878,1275,4273,256,1484,623,930,1055,270,1259,1326,3553,486,693,4460,20,1043,541,17,985,222,38,1978,1651,22925,167281,9287,125,26039,39328,2904,34157,1277,783,4985,1542,1730,14,2736,6426,6567,103,4753,30355,2642,27308,427,1870,1985,8451,723,43756,1598,5764,2608,748,2763,300,107,25945,11497,166,21403,8073,10462,24996,48,4959,2798,1471,3658,49328,169,174,133,76,35,28,1980,264,513,10562,4233,613,4282,42505,4770,330,1365,808,702,2949,4638,4055,4394,53,87,29,1289,19,2103,765,873,106,22,6,632,783,1190,14039,6508,44802,2416,31174,32699,15471,32624,14379,31454,248,26152,31837,11973,8430,22860,18362,5851,1010,34,649,84,715,1103,139,68,12,110,3892,291,43570,14020,9667,322,180712,38739,3608,28303,25186,956,452,41068,19384,62937,3888,39609,226,37621,34,359,632,125,338,1062,249,4439,2123,19,804,1161,723,1100,523,2724,1635,245,201,4976,3298,2162,2523,1510,448,797,891,383,395,337,518,1446,5728,1460,435,1827,2558,2509,17665,36958,171,2680,2839,1444,1031,750,779,1143,628,173,6661,515,1029,4941,367,1669,427,4448,1372,1247,713,1122,305,567,623,2928,2820,951,1182,838,2382,1710,946,954,1186,4976,25,40,476,749,368,355,13204,144,8795,13,426,30,6290,658,6550,6546,8388,42,2760,95,170,1771,4007,72805,520,1729,2470,1047,30,3193,205,157,641,16398,6057,3238,1168,53,114,112,17,21,726,1705,2266,667,3281,559,564,1930,61099,374,2458,112753,602,5523,1219,6255,351,2915,336,95,3461,1028,1066,1157,364,474,231,1170,1440,1067,1236,568,1400,1501,25251,65,11015,2272,22,25506,7326,56,266,6093,559,35,6986,939,1126,254,3366,1281,22722,4472,535,863,1226,512,1438,918,1173,687,14,937,21,1744,92,31,149,346,186,595,794,37417,1652,12020,5654,1191,550,878,131,30062,80,14118,2110,10694,1138,429,2650,20,30490,5726,10232,44499,2631,19183,285,156,384,944,453,1299,824,1802,8153,1069,35,148,1382,30,16,3662,3617,9,102,178,22649,42565,33089,8388,34049,4257,751,81264,92141,14556,44013,67664,76975,261,167,879,867,233,1127,1075,331,374,676,7301,0.0,0.0,0.0,0.0,0.0,0.0,0.0,0.0,0.0,0.0,0.0,0.0,0.0,0.0,0.0,0.0,0.0,0.0,0.0,0.0,0.0,0.0,0.0,0.0,0.0,0.0,0.0,0.0,0.0,0.0,0.0,0.0,0.0,0.0,0.0,0.0,0.0,0.0,0.0,0.0,0.0,0.0,0.0,0.0,0.0,0.0,0.0,0.0,0.0,0.0,0.0,0.0,0.0,0.0,0.0,0.0,0.0,0.0,0.0,0.0,0.0,0.0,0.0,0.0,0.0,0.0,0.0,0.0,0.0,0.0,0.0,0.0,0.0,0.0,0.0,0.0,0.0,0.0,0.0,0.0,0.0,0.0,0.0,0.0,0.0,0.0,0.0,0.0,0.0,0.0,0.0,0.0,0.0,0.0,0.0,0.0,0.0,0.0,0.0,0.0,0.0,0.0,0.0,0.0,0.0,0.0,0.0,0.0,0.0,0.0,0.0,0.0,0.0,0.0,0.0,0.0,0.0,0.0,0.0,0.0,0.0,0.0,0.0,0.0,0.0,0.0,0.0,0.0,0.0,0.0,0.0,0.0,0.0,0.0,0.0,0.0,0.0,0.0,0.0,0.0,0.0,0.0,0.0,0.0,0.0,0.0,0.0,0.0,0.0,0.0
ENCFF647OXS,0.13932195737267092,30618,79,1771,24482,339,75773,6231,372,351,192,461,3298,1759,3285,10490,16488,1509,954,3482,3488,83,480,46,102,116,1071,944,2833,12589,2752,110,35,403,2051,1878,18,2269,47,7,5066,6577,115,261,70,17,567,5377,13702,77,838,1336,1466,147,241,3530,83,315,230,285,1047,1986,187,5223,163,206,282,178,22484,32908,3588,1222,732,1726,3947,41,1339,668,756,924,240,1274,1398,1855,422,682,3630,41,872,756,21,798,506,69,1599,507,4800,100093,5353,145,15589,24589,2736,20830,1466,704,2782,1119,1412,44,2319,4510,5563,378,3453,23253,1088,29047,125,600,700,4277,319,49678,1158,3683,1564,348,1441,106,97,19516,3570,449,9966,4333,7912,18176,39,3549,3192,1213,2250,19885,376,128,51,98,55,12,1369,352,516,6833,2548,278,2739,22691,1362,197,1538,2601,1905,1747,2559,3053,3839,43,137,52,1094,76,1189,557,586,229,5,19,462,297,1384,7240,3751,25341,1976,13432,20520,7902,15751,9843,17856,150,16314,20848,5776,6266,16141,11348,2960,744,75,204,11,742,1221,122,60,34,36,2659,199,21716,5285,5891,348,88086,20716,2490,14020,9315,856,428,20293,9191,25953,1608,26153,61,25401,76,173,603,61,378,971,153,3658,1559,38,785,700,641,1051,577,2479,1229,78,151,4012,2789,1467,1990,1625,332,961,829,455,309,224,190,1057,3015,647,405,1102,2528,1745,4935,25057,977,2284,2265,1123,878,682,625,941,479,18,5812,636,1668,3815,391,1483,624,3183,1830,1094,1002,1023,94,473,363,2499,1796,991,785,864,1822,1709,1118,617,1153,2502,16,20,408,878,488,280,8448,261,5863,18,157,51,3872,484,4776,4468,5006,72,1931,287,66,1011,2022,48875,282,1301,2143,709,15,1965,93,994,1142,13829,4322,4601,1044,86,138,264,30,179,630,675,1380,840,3043,667,435,1071,42209,151,1723,73206,386,4348,1034,5978,1327,1819,335,130,2343,808,1204,1191,399,275,100,10040,1598,1070,1063,351,1068,1231,17642,170,10895,988,83,19054,5405,17,345,3761,768,175,5796,783,712,178,3437,1005,20266,959,322,771,1117,713,757,959,892,616,50,880,66,1708,242,156,76,83,341,160,579,17721,633,4829,2474,428,521,769,295,20152,80,7474,1023,6491,1628,38,1665,10,23705,4235,6938,27565,1118,12488,98,285,445,1100,602,1040,823,976,3474,924,6,100,1013,26,96,2009,2013,11,63,85,17142,20101,16014,4232,19560,3116,474,36870,50670,7163,20173,39404,48261,179,60,711,666,343,889,533,526,231,548,4491,0.0,0.0,0.0,0.0,0.0,0.0,0.0,0.0,0.0,0.0,0.0,0.0,0.0,0.0,0.0,0.0,0.0,0.0,0.0,0.0,0.0,0.0,0.0,0.0,0.0,0.0,0.0,0.0,0.0,0.0,0.0,0.0,0.0,0.0,0.0,0.0,0.0,0.0,0.0,0.0,0.0,0.0,0.0,0.0,0.0,0.0,0.0,0.0,0.0,0.0,0.0,0.0,0.0,0.0,0.0,0.0,0.0,0.0,0.0,0.0,0.0,0.0,0.0,0.0,0.0,0.0,0.0,0.0,0.0,0.0,0.0,0.0,0.0,0.0,0.0,0.0,0.0,0.0,0.0,0.0,0.0,0.0,0.0,0.0,0.0,0.0,0.0,0.0,0.0,0.0,0.0,0.0,0.0,0.0,0.0,0.0,0.0,0.0,0.0,0.0,0.0,0.0,0.0,0.0,0.0,0.0,0.0,0.0,0.0,0.0,0.0,0.0,0.0,0.0,0.0,0.0,0.0,0.0,0.0,0.0,0.0,0.0,0.0,0.0,0.0,0.0,0.0,0.0,0.0,0.0,0.0,0.0,0.0,0.0,0.0,0.0,0.0,0.0,0.0,0.0,0.0,0.0,0.0,0.0,0.0,0.0,0.0,0.0,0.0,0.0
ENCFF000BKI,0.18481007550513553,35226,153,2300,26008,778,99703,3947,205,445,198,377,2121,4142,7851,12355,29938,2755,401,3942,3556,127,462,84,63,53,643,1680,2333,27870,2522,168,134,343,1316,1199,36,1315,40,15,4588,7100,83,455,22,32,482,4109,14397,263,377,817,1023,290,228,3742,121,234,284,116,629,1073,322,12262,695,323,529,80,35397,30790,4354,777,518,989,2958,199,863,388,588,648,148,766,831,2463,301,393,2585,23,606,335,21,861,141,27,800,1022,12076,106148,6244,111,16744,25252,1839,21780,838,429,3214,1041,1001,17,1667,4443,4566,70,2906,19781,2512,38577,563,2484,2045,5655,1023,52330,1012,3595,1735,610,1862,300,113,17336,11346,972,19926,6876,7178,17473,290,2963,2622,798,2485,30455,479,335,86,74,29,33,1451,178,457,6435,2844,510,2555,26005,2494,295,814,762,798,1856,2360,2032,3173,66,180,48,752,38,1210,455,696,766,34,1,420,550,673,9201,4341,28324,1449,21027,21933,9202,22394,8755,18171,225,17154,20826,7099,5598,14260,11184,3891,554,365,645,31,369,659,135,95,22,133,2393,306,26326,8390,9919,130,129372,24418,2209,18420,21823,728,397,25656,12186,42386,4863,27191,144,25747,51,221,526,159,234,679,164,2560,1423,29,485,705,434,641,306,1762,1091,124,154,3231,1949,1369,1602,852,209,513,505,282,307,213,307,797,3434,952,279,1293,1632,1531,8277,18188,1004,1658,1833,858,615,466,439,643,377,85,4605,357,612,3397,287,1033,316,2591,740,720,406,664,119,380,396,1739,1745,572,716,525,1523,1101,563,593,674,2727,20,57,321,417,390,219,8855,122,5967,29,371,53,4193,485,4228,4132,4881,45,1913,199,123,1323,2546,55548,490,1373,1403,724,93,1939,114,333,428,10301,4717,2484,796,51,173,82,2,71,460,729,1506,396,2280,397,359,999,36981,304,1465,74250,428,3863,699,3930,1766,1910,210,801,3776,582,758,806,278,292,162,9065,875,671,761,306,848,891,16300,128,6761,1539,31,16009,3934,18,172,3624,452,65,4471,608,839,215,2170,825,13372,2506,558,572,740,366,816,662,820,360,28,690,33,1122,115,53,125,422,214,726,530,28498,2213,6928,4488,1464,366,558,135,22149,188,9293,1282,7718,963,302,1820,25,18784,3674,6271,27614,1092,14352,181,172,267,645,325,817,527,1037,4729,761,26,260,760,29,26,2614,2536,3,375,182,15035,23786,18922,4684,20761,2438,191,49397,53095,8489,24491,38552,47130,248,146,504,487,190,627,867,162,282,510,4147,0.0,0.0,0.0,0.0,0.0,0.0,0.0,0.0,0.0,0.0,0.0,0.0,0.0,0.0,0.0,0.0,0.0,0.0,0.0,0.0,0.0,0.0,0.0,0.0,0.0,0.0,0.0,0.0,0.0,0.0,0.0,0.0,0.0,0.0,0.0,0.0,0.0,0.0,0.0,0.0,0.0,0.0,0.0,0.0,0.0,0.0,0.0,0.0,0.0,0.0,0.0,0.0,0.0,0.0,0.0,0.0,0.0,0.0,0.0,0.0,0.0,0.0,0.0,0.0,0.0,0.0,0.0,0.0,0.0,0.0,0.0,0.0,0.0,0.0,0.0,0.0,0.0,0.0,0.0,0.0,0.0,0.0,0.0,0.0,0.0,0.0,0.0,0.0,0.0,0.0,0.0,0.0,0.0,0.0,0.0,0.0,0.0,0.0,0.0,0.0,0.0,0.0,0.0,0.0,0.0,0.0,0.0,0.0,0.0,0.0,0.0,0.0,0.0,0.0,0.0,0.0,0.0,0.0,0.0,0.0,0.0,0.0,0.0,0.0,0.0,0.0,0.0,0.0,0.0,0.0,0.0,0.0,0.0,0.0,0.0,0.0,0.0,0.0,0.0,0.0,0.0,0.0,0.0,0.0,0.0,0.0,0.0,0.0,0.0,0.0
ENCFF000RTH,0.0958842313058219,35141,224,2470,25900,490,97595,4400,184,276,165,379,2234,2062,5572,15996,23959,2102,411,4194,3068,81,401,32,64,40,742,1738,2597,24592,2434,132,82,349,1437,1321,53,1508,15,24,4902,7242,82,430,42,46,498,4089,23685,212,449,835,1125,321,199,3759,121,201,323,77,563,1041,379,12969,868,307,558,48,36638,31731,4361,889,529,1187,3161,178,1092,455,581,769,186,774,841,2269,414,407,2718,13,647,445,4,717,219,27,938,988,12315,108638,6520,82,17589,24179,1865,21519,1121,567,3160,930,903,21,1694,4534,4578,103,2933,20324,1773,21025,239,1226,1262,5075,468,30932,1127,3768,1613,391,1587,208,54,18016,7829,1211,16040,5990,6590,17956,281,3083,3832,905,2667,37309,182,271,110,81,30,30,1585,203,415,6042,2932,330,2713,26406,2779,283,874,1228,1057,1963,2226,2120,3253,38,82,37,762,23,1255,519,1332,830,17,18,440,489,827,9228,4328,28214,1716,19067,22289,10081,23987,9409,18786,488,16489,19679,6267,5718,15351,11470,4060,614,287,554,45,446,788,102,25,24,42,2520,146,31223,8612,8247,198,157710,26682,2513,19332,22069,735,278,27040,12914,45169,2754,25488,109,24798,15,203,417,60,217,747,162,2759,1592,17,553,739,501,737,296,1856,1157,126,154,3572,2251,1334,1615,1079,266,551,581,298,294,211,231,980,3555,805,285,1108,1796,1626,10437,29960,1103,1768,1943,1066,611,465,464,777,364,64,4931,359,807,3345,256,1255,321,2607,861,775,470,710,89,367,358,2095,1778,592,793,608,1454,1108,782,623,875,2809,23,41,292,530,309,309,9205,93,5545,16,339,43,4320,640,4514,4271,5361,19,1957,66,110,1670,2725,62034,462,1291,1499,745,92,1857,134,177,642,10848,5482,2170,965,34,90,48,4,33,538,1106,1422,504,2400,382,403,1331,44958,318,1382,74778,410,4113,788,4264,1971,1756,246,627,3524,626,758,738,287,336,215,9385,1005,681,827,301,946,974,16315,32,7603,1273,29,17016,5122,29,194,3803,579,28,4779,553,805,144,2467,794,12439,2405,457,588,809,382,930,679,768,635,21,606,30,1197,82,82,111,325,306,334,486,23316,1166,7192,3788,796,364,502,168,21237,131,9332,1290,7949,905,144,1756,11,18764,3611,6360,26475,2016,12982,188,289,311,709,348,793,573,983,5147,742,25,306,888,17,40,2506,2642,11,314,105,16289,24950,20992,4742,22061,2892,901,54269,56874,9438,26058,43941,50120,286,98,583,537,165,664,621,232,205,414,4297,0.0,0.0,0.0,0.0,0.0,0.0,0.0,0.0,0.0,0.0,0.0,0.0,0.0,0.0,0.0,0.0,0.0,0.0,0.0,0.0,0.0,0.0,0.0,0.0,0.0,0.0,0.0,0.0,0.0,0.0,0.0,0.0,0.0,0.0,0.0,0.0,0.0,0.0,0.0,0.0,0.0,0.0,0.0,0.0,0.0,0.0,0.0,0.0,0.0,0.0,0.0,0.0,0.0,0.0,0.0,0.0,0.0,0.0,0.0,0.0,0.0,0.0,0.0,0.0,0.0,0.0,0.0,0.0,0.0,0.0,0.0,0.0,0.0,0.0,0.0,0.0,0.0,0.0,0.0,0.0,0.0,0.0,0.0,0.0,0.0,0.0,0.0,0.0,0.0,0.0,0.0,0.0,0.0,0.0,0.0,0.0,0.0,0.0,0.0,0.0,0.0,0.0,0.0,0.0,0.0,0.0,0.0,0.0,0.0,0.0,0.0,0.0,0.0,0.0,0.0,0.0,0.0,0.0,0.0,0.0,0.0,0.0,0.0,0.0,0.0,0.0,0.0,0.0,0.0,0.0,0.0,0.0,0.0,0.0,0.0,0.0,0.0,0.0,0.0,0.0,0.0,0.0,0.0,0.0,0.0,0.0,0.0,0.0,0.0,0.0
ENCFF001FSO,0.1897565320419592,29592,92,2664,18033,341,62919,4743,126,383,315,469,1916,2573,6216,7956,17953,2770,519,5155,5473,144,1168,149,69,59,527,114,2373,21697,3911,329,143,448,1198,1101,29,1930,22,5,6640,13208,46,638,76,63,615,4406,6648,8,357,625,771,538,487,7551,197,389,403,82,769,1067,388,7188,553,389,31,31,36604,44793,9761,701,432,830,5501,388,856,351,467,597,134,592,890,4235,235,358,2455,84,565,335,31,2143,161,51,1108,797,11176,172774,11284,61,33585,40816,2114,34928,863,385,5825,1573,1578,23,2822,7689,7743,184,3696,47994,1808,20024,233,943,1270,8640,409,22109,824,6539,3426,874,2999,1189,168,35885,9220,127,19412,5937,12585,35073,16,3258,3525,817,3328,26176,583,262,78,162,47,57,2776,330,419,9913,5834,923,3839,17781,1876,860,794,975,931,2691,3996,3529,6730,113,84,48,603,8,1130,333,840,532,7,1,283,712,650,16872,8462,45480,1802,24851,30231,11888,19444,11521,22792,270,29712,34297,12574,10581,23022,18638,5327,725,26,727,32,287,544,214,83,137,30,3712,288,24589,8271,7534,157,170032,33682,3027,28948,14725,1310,443,36619,16767,42410,2198,48058,171,49995,31,251,627,70,174,604,207,2734,2416,20,407,588,346,562,240,1776,1010,168,210,4104,2756,2251,3278,799,167,417,433,232,186,153,519,667,4203,1042,253,1572,1782,1448,6249,9413,153,1915,3347,894,541,440,397,535,296,128,8915,307,522,5505,215,1314,224,3285,667,643,327,568,83,286,388,1581,1456,486,592,432,2501,1253,446,466,568,2433,77,76,255,372,472,138,17161,86,11897,69,539,48,6752,825,8619,6378,6229,31,2818,72,271,1718,4161,50402,818,2318,1861,1233,7,1899,226,252,932,11208,5529,1943,1638,133,626,104,10,33,449,902,3107,461,3534,323,274,1889,26708,203,1262,135235,410,6962,626,4024,341,1922,203,47,3593,458,748,823,237,246,258,1123,829,629,754,295,771,906,26135,61,9262,2148,34,27540,7745,20,318,5044,1108,64,5244,506,1142,375,2343,819,6203,1704,547,479,718,245,920,553,2812,540,20,1691,32,1446,256,14,287,325,458,556,662,18564,924,5543,3013,667,352,742,268,47453,41,15534,1203,14532,1648,288,3382,11,25544,4667,8380,37367,1127,10244,156,273,271,545,270,832,434,780,5104,658,25,184,660,29,39,5041,5013,21,44,232,25854,33730,24491,5806,38739,4001,778,57469,81833,10673,35213,59114,80053,202,215,409,428,118,556,1470,229,775,555,6604,0.0,0.0,0.0,0.0,0.0,0.0,0.0,0.0,0.0,0.0,0.0,0.0,0.0,0.0,0.0,0.0,0.0,0.0,0.0,0.0,0.0,0.0,0.0,0.0,0.0,0.0,0.0,0.0,0.0,0.0,0.0,0.0,0.0,0.0,0.0,0.0,0.0,0.0,0.0,0.0,0.0,0.0,0.0,0.0,0.0,0.0,0.0,0.0,0.0,0.0,0.0,0.0,0.0,0.0,0.0,0.0,0.0,0.0,0.0,0.0,0.0,0.0,0.0,0.0,0.0,0.0,0.0,0.0,0.0,0.0,0.0,0.0,0.0,0.0,0.0,0.0,0.0,0.0,0.0,0.0,0.0,0.0,0.0,0.0,0.0,0.0,0.0,0.0,0.0,0.0,0.0,0.0,0.0,0.0,0.0,0.0,0.0,0.0,0.0,0.0,0.0,0.0,0.0,0.0,0.0,0.0,0.0,0.0,0.0,0.0,0.0,0.0,0.0,0.0,0.0,0.0,0.0,0.0,0.0,0.0,0.0,0.0,0.0,0.0,0.0,0.0,0.0,0.0,0.0,0.0,0.0,0.0,0.0,0.0,0.0,0.0,0.0,0.0,0.0,0.0,0.0,0.0,0.0,0.0,0.0,0.0,0.0,0.0,0.0,0.0
ENCFF000XII,0.17105374086484995,111614,400,3633,47516,1378,206960,7435,284,696,381,632,3594,6465,10132,16277,55306,4222,639,7261,6911,206,835,127,120,116,1007,6743,3795,40925,4627,329,389,604,2156,1843,148,2326,33,22,8793,13053,73,699,60,138,744,6581,33455,856,644,1106,1574,559,405,7897,224,426,495,261,999,1691,323,16897,280,970,1828,112,54340,50889,8712,1277,784,2390,6619,420,1374,644,837,963,244,1195,1281,4336,467,573,3911,49,974,562,59,1573,317,65,1486,1425,18665,204355,12121,128,32986,47092,3007,40430,1254,769,6644,2178,2446,45,3984,9461,9740,372,5298,39013,3994,61081,1013,3680,3201,10359,1637,85835,1541,7379,3647,975,3367,565,212,35802,16856,4189,29394,10118,15256,33292,1286,5210,4760,1327,4666,32438,663,1132,139,141,45,50,2669,385,709,12675,5823,819,4524,45675,3647,607,1283,2057,1485,3409,4853,4161,6610,123,222,99,1125,65,1803,653,1168,551,126,11,958,880,1148,17178,8135,51781,2544,36638,40629,15743,34228,15312,31046,400,31266,36518,11875,10501,25849,20535,6893,938,1520,958,64,602,1067,252,105,47,61,4378,485,40777,13016,20355,470,252105,41031,4241,30603,30191,1405,614,44924,20909,65299,7119,49537,187,50516,58,369,890,225,345,1057,310,4298,2669,61,760,1072,650,1000,511,2765,1684,354,265,5536,3403,2376,3230,1444,387,744,823,420,420,285,637,1198,5935,1310,434,2035,2621,2350,11308,30205,4134,2707,3583,1498,944,701,753,1078,552,293,9033,554,970,6160,442,1848,470,4517,1231,1145,654,1003,290,505,737,2820,2706,919,1035,769,3043,1822,948,894,1095,4235,24,60,430,715,868,489,17606,325,12304,63,689,192,7983,926,8957,8363,7944,43,3208,184,222,1392,4498,78056,1024,2854,2392,1166,366,3014,229,545,890,16788,8065,3924,1790,100,723,198,19,151,731,3129,3526,686,4461,571,553,1768,66384,751,2360,145426,650,6775,1177,6065,6905,2874,333,3029,10599,975,1140,1230,509,449,388,36579,1385,1111,1290,672,1310,1448,29417,163,11594,2603,33,30878,7356,67,349,6680,1019,131,7407,978,1851,381,3330,1330,31468,3580,1595,931,1226,505,1290,982,1516,192,29,1087,34,2118,198,61,255,1220,610,1187,891,30720,3459,10488,7541,1966,628,1057,271,44795,702,17343,2753,14508,1776,379,3306,48,36150,6681,11720,50760,2120,23883,389,226,405,1347,643,1177,797,1954,8786,1120,54,972,1153,55,91,4875,4862,17,1271,248,28801,44209,32640,7947,40798,4770,400,76560,100147,14096,46041,72369,90253,434,244,819,785,225,963,1847,483,727,869,8157,0.0,0.0,0.0,0.0,0.0,0.0,0.0,0.0,0.0,0.0,0.0,0.0,0.0,0.0,0.0,0.0,0.0,0.0,0.0,0.0,0.0,0.0,0.0,0.0,0.0,0.0,0.0,0.0,0.0,0.0,0.0,0.0,0.0,0.0,0.0,0.0,0.0,0.0,0.0,0.0,0.0,0.0,0.0,0.0,0.0,0.0,0.0,0.0,0.0,0.0,0.0,0.0,0.0,0.0,0.0,0.0,0.0,0.0,0.0,0.0,0.0,0.0,0.0,0.0,0.0,0.0,0.0,0.0,0.0,0.0,0.0,0.0,0.0,0.0,0.0,0.0,0.0,0.0,0.0,0.0,0.0,0.0,0.0,0.0,0.0,0.0,0.0,0.0,0.0,0.0,0.0,0.0,0.0,0.0,0.0,0.0,0.0,0.0,0.0,0.0,0.0,0.0,0.0,0.0,0.0,0.0,0.0,0.0,0.0,0.0,0.0,0.0,0.0,0.0,0.0,0.0,0.0,0.0,0.0,0.0,0.0,0.0,0.0,0.0,0.0,0.0,0.0,0.0,0.0,0.0,0.0,0.0,0.0,0.0,0.0,0.0,0.0,0.0,0.0,0.0,0.0,0.0,0.0,0.0,0.0,0.0,0.0,0.0,0.0,0.0
ENCFF000XUZ,0.07835243305256676,1477,13,132,919,21,2061,204,16,6,10,20,106,128,270,408,623,118,12,154,168,5,22,2,1,2,27,70,81,1220,112,10,4,15,69,48,4,78,1,0,253,352,0,24,2,1,18,169,672,8,53,23,42,18,12,274,5,14,9,2,23,46,9,370,14,16,22,4,1660,1883,248,31,18,45,212,12,31,12,16,24,7,30,23,130,20,10,78,0,34,22,0,42,4,1,126,43,512,6282,363,6,1000,1324,66,1383,195,10,151,48,44,0,91,231,236,5,128,1160,76,1554,14,79,81,388,31,1475,40,216,83,27,105,15,3,1078,577,36,840,261,496,1117,9,120,111,48,115,1448,13,17,2,5,1,3,57,12,17,273,142,13,122,939,119,9,18,60,50,103,130,140,451,1,10,3,26,2,54,17,192,263,2,0,21,17,31,799,195,1509,72,1206,1297,468,1139,408,1011,4,864,1115,362,311,809,647,238,25,11,32,2,11,25,4,5,2,9,105,10,1629,425,364,16,6611,3588,114,857,679,43,143,1263,586,1676,138,1397,5,1525,0,8,32,2,10,17,9,99,61,2,16,29,11,28,11,74,49,5,6,139,93,72,80,31,8,17,18,12,7,3,24,27,144,22,8,98,90,54,294,585,32,63,158,37,23,19,18,21,11,8,258,15,10,183,13,43,10,96,36,27,22,28,5,13,10,70,71,26,19,26,76,32,21,24,29,97,3,0,11,10,14,3,472,6,294,2,12,3,178,38,185,199,218,1,84,3,9,62,195,4783,23,65,73,36,4,80,8,13,30,543,187,93,47,4,8,8,0,5,19,49,83,22,111,17,15,47,1367,10,55,5100,11,347,23,141,62,81,7,33,181,31,20,15,14,12,6,309,33,30,33,13,29,43,936,3,278,70,1,847,290,1,6,185,22,1,192,16,46,10,251,30,581,84,31,21,27,11,45,23,49,28,0,30,0,51,4,2,8,16,26,31,17,664,78,248,178,43,18,73,9,2908,7,433,50,479,49,7,84,0,933,355,280,1372,52,482,9,11,10,22,14,32,16,33,248,26,0,14,28,1,5,171,151,1,10,9,752,1332,1154,188,1128,223,12,2472,3372,404,1215,2518,2882,14,7,18,26,6,31,50,5,12,26,218,0.0,0.0,0.0,0.0,0.0,0.0,0.0,0.0,0.0,0.0,0.0,0.0,0.0,0.0,0.0,0.0,0.0,0.0,0.0,0.0,0.0,0.0,0.0,0.0,0.0,0.0,0.0,0.0,0.0,0.0,0.0,0.0,0.0,0.0,0.0,0.0,0.0,0.0,0.0,0.0,0.0,0.0,0.0,0.0,0.0,0.0,0.0,0.0,0.0,0.0,0.0,0.0,0.0,0.0,0.0,0.0,0.0,0.0,0.0,0.0,0.0,0.0,0.0,0.0,0.0,0.0,0.0,0.0,0.0,0.0,0.0,0.0,0.0,0.0,0.0,0.0,0.0,0.0,0.0,0.0,0.0,0.0,0.0,0.0,0.0,0.0,0.0,0.0,0.0,0.0,0.0,0.0,0.0,0.0,0.0,0.0,0.0,0.0,0.0,0.0,0.0,0.0,0.0,0.0,0.0,0.0,0.0,0.0,0.0,0.0,0.0,0.0,0.0,0.0,0.0,0.0,0.0,0.0,0.0,0.0,0.0,0.0,0.0,0.0,0.0,0.0,0.0,0.0,0.0,0.0,0.0,0.0,0.0,0.0,0.0,0.0,0.0,0.0,0.0,0.0,0.0,0.0,0.0,0.0,0.0,0.0,0.0,0.0,0.0,0.0
ENCFF137KIG,0.11273964905242101,43922,304,705,3461,58,6339,747,21,43,21,79,385,320,692,2037,2268,294,59,656,588,17,71,11,5,10,126,3910,345,3163,386,25,189,98,187,145,112,215,2,13,937,1148,11,68,13,90,52,608,2496,610,50,123,127,57,35,779,35,37,62,19,62,194,48,1511,55,100,1054,13,5736,5364,834,94,70,891,709,31,121,40,75,92,29,115,105,427,49,52,367,2,93,37,0,186,27,4,171,158,1819,19471,1190,16,3174,4728,251,4153,119,66,607,212,187,4,389,880,870,18,510,3813,227,2290,44,146,177,970,58,2947,164,643,308,89,297,47,15,3342,927,2593,2346,688,1720,2867,623,494,396,113,659,4763,54,583,9,10,7,3,210,31,97,1023,473,60,502,3623,373,43,113,183,213,312,452,387,781,14,5,5,112,1,214,70,167,1745,102,4,262,72,113,1676,743,6196,239,3040,3389,1731,3405,1598,2934,31,3393,3786,1488,1001,2781,2085,816,121,843,72,37,68,106,17,9,21,6,419,16,4382,1297,840,23,40540,4307,773,3050,2662,130,60,4677,2407,6623,316,5209,28,5130,4,48,108,24,39,88,48,438,261,10,55,88,55,89,50,266,153,98,18,502,334,212,435,124,38,61,68,41,28,32,84,105,610,135,37,194,289,249,1461,5912,2479,236,456,132,88,65,78,100,49,29,1017,44,86,596,30,152,48,507,116,99,54,104,80,53,184,264,211,71,89,75,253,136,83,93,99,386,2,3,42,65,61,38,1674,13,1217,2,41,3,682,85,930,718,806,9,277,8,24,216,419,7360,265,489,247,121,207,306,15,32,81,1813,715,369,146,4,20,16,0,3,67,100,289,61,427,56,43,319,4929,200,227,13911,79,632,92,568,4064,296,28,1518,4144,75,96,109,54,36,64,17667,147,78,114,89,129,119,2728,3,1074,236,4,2937,810,4,22,653,110,3,757,79,161,25,308,118,1474,386,568,74,107,40,101,82,163,120,5,114,7,216,34,4,16,429,96,56,111,3264,138,1033,516,88,54,80,15,3923,395,2055,777,1288,141,31,338,5,3540,697,1287,5917,440,1910,107,44,41,363,241,104,72,172,1116,104,2,391,111,8,1,421,410,2,820,28,2570,4733,3549,915,3932,499,63,7262,10476,1532,4634,7576,8896,31,22,69,73,21,85,141,23,54,62,689,0.0,0.0,0.0,0.0,0.0,0.0,0.0,0.0,0.0,0.0,0.0,0.0,0.0,0.0,0.0,0.0,0.0,0.0,0.0,0.0,0.0,0.0,0.0,0.0,0.0,0.0,0.0,0.0,0.0,0.0,0.0,0.0,0.0,0.0,0.0,0.0,0.0,0.0,0.0,0.0,0.0,0.0,0.0,0.0,0.0,0.0,0.0,0.0,0.0,0.0,0.0,0.0,0.0,0.0,0.0,0.0,0.0,0.0,0.0,0.0,0.0,0.0,0.0,0.0,0.0,0.0,0.0,0.0,0.0,0.0,0.0,0.0,0.0,0.0,0.0,0.0,0.0,0.0,0.0,0.0,0.0,0.0,0.0,0.0,0.0,0.0,0.0,0.0,0.0,0.0,0.0,0.0,0.0,0.0,0.0,0.0,0.0,0.0,0.0,0.0,0.0,0.0,0.0,0.0,0.0,0.0,0.0,0.0,0.0,0.0,0.0,0.0,0.0,0.0,0.0,0.0,0.0,0.0,0.0,0.0,0.0,0.0,0.0,0.0,0.0,0.0,0.0,0.0,0.0,0.0,0.0,0.0,0.0,0.0,0.0,0.0,0.0,0.0,0.0,0.0,0.0,0.0,0.0,0.0,0.0,0.0,0.0,0.0,0.0,0.0
ENCFF318ZNB,0.1577265950098456,114034,484,10683,141485,2423,290026,15485,1068,1271,876,1463,11785,11448,28956,66187,82660,10457,1430,15006,18503,390,2066,210,62,60,3138,1758,12451,90277,10493,831,521,1657,7171,6128,143,6759,48,22,25850,33713,134,2149,173,126,1863,20666,87438,281,2106,4210,5652,1412,828,17898,513,1063,1163,303,2094,5065,2080,55561,1103,1068,562,59,186521,170403,20584,4206,2856,4460,13710,769,4517,2032,3189,3725,885,3953,4177,12266,1840,2201,14913,64,3502,1910,97,3767,965,195,6349,5286,49046,559335,29602,378,82266,119963,8840,105201,4351,2565,16266,5264,6177,76,8823,22975,22615,309,15776,101275,8966,104467,1989,7600,7200,28407,3042,168869,5259,19012,8511,2114,7599,1196,317,80063,37158,1436,86045,27403,30491,83637,493,16859,8463,4391,11962,136330,664,789,300,258,85,92,6328,748,1267,34573,12696,1967,11480,150042,14451,1171,4338,2877,2515,9985,14394,11930,14055,241,352,102,4001,79,7128,2452,4847,541,91,82,2234,2166,3680,46101,21926,136367,8105,93686,108641,50181,119637,47103,100994,732,88999,107353,32423,27995,73004,57483,18537,3307,405,2248,297,2092,3600,497,198,73,91,13246,979,169564,46589,33371,4621,615532,122795,12087,88941,98929,3133,1732,137356,60836,214297,13703,122118,543,118612,92,939,2033,123,1128,3606,606,14159,6779,100,2730,3579,2326,3642,1717,8987,5301,765,581,16531,9966,6797,7593,4742,1370,2638,3047,1442,1361,1048,1376,4471,18518,4508,1507,6530,8757,8583,50769,175806,1728,8730,8907,4992,3216,2514,2556,3879,2077,373,22921,1769,3203,15888,1432,5662,1498,15476,4402,3900,2559,3610,610,1840,2106,9558,9670,3208,3717,2841,8065,5864,2829,3191,3830,16228,71,123,1529,2382,1289,1015,44170,370,28983,60,1616,194,20690,2170,22284,21118,24582,43,8461,308,441,2791,11247,236275,1801,5571,7331,3581,198,11083,441,898,1767,50532,19516,9801,3926,124,395,395,94,84,2719,3690,8294,2045,13289,2012,1734,8180,173518,1349,8664,396528,2050,18393,3958,19335,2596,9239,1122,955,13438,3181,3726,3900,1483,1546,859,11019,4446,3653,4050,1695,4275,4756,84684,194,37128,7643,87,78916,21390,69,799,19511,1772,134,23838,3166,3530,797,11121,4304,103062,15003,2105,3122,4221,1670,4669,3481,3537,717,58,3579,56,5980,441,116,430,1347,579,2036,3031,117004,6884,38276,19865,4456,1821,2937,616,101540,382,44363,5814,37686,3863,1327,9515,56,84550,16160,30207,131408,15636,71370,931,632,1416,3305,1589,4150,3053,5816,34445,3996,156,696,4155,62,90,12652,11726,9,689,483,71838,132220,101871,25678,106624,12957,1482,224097,284856,46450,136852,206228,241726,816,629,2977,2786,803,3515,3526,1114,1303,2086,22388,0.0,0.0,0.0,0.0,0.0,0.0,0.0,0.0,0.0,0.0,0.0,0.0,0.0,0.0,0.0,0.0,0.0,0.0,0.0,0.0,0.0,0.0,0.0,0.0,0.0,0.0,0.0,0.0,0.0,0.0,0.0,0.0,0.0,0.0,0.0,0.0,0.0,0.0,0.0,0.0,0.0,0.0,0.0,0.0,0.0,0.0,0.0,0.0,0.0,0.0,0.0,0.0,0.0,0.0,0.0,0.0,0.0,0.0,0.0,0.0,0.0,0.0,0.0,0.0,0.0,0.0,0.0,0.0,0.0,0.0,0.0,0.0,0.0,0.0,0.0,0.0,0.0,0.0,0.0,0.0,0.0,0.0,0.0,0.0,0.0,0.0,0.0,0.0,0.0,0.0,0.0,0.0,0.0,0.0,0.0,0.0,0.0,0.0,0.0,0.0,0.0,0.0,0.0,0.0,0.0,0.0,0.0,0.0,0.0,0.0,0.0,0.0,0.0,0.0,0.0,0.0,0.0,0.0,0.0,0.0,0.0,0.0,0.0,0.0,0.0,0.0,0.0,0.0,0.0,0.0,0.0,0.0,0.0,0.0,0.0,0.0,0.0,0.0,0.0,0.0,0.0,0.0,0.0,0.0,0.0,0.0,0.0,0.0,0.0,0.0
ENCFF521SIZ,0.11738197498780695,83383,227,4102,36513,543,71095,8698,244,248,282,592,3461,1381,7103,17929,11397,2849,401,7067,6181,156,620,74,40,61,1190,4692,3755,57484,3625,239,337,436,2179,1912,112,2255,28,31,10665,10603,63,720,36,104,870,6715,26435,455,477,1163,1552,372,237,5792,185,309,389,153,606,1638,446,18776,1958,687,1123,31,73128,64757,7870,1271,807,1910,5009,342,1408,578,777,980,296,1069,1388,3348,392,621,4346,17,888,563,20,1264,221,41,1946,1769,26267,178648,10092,165,28126,40616,2971,35240,1399,686,4890,1617,1972,14,3224,7860,7786,238,5620,44778,2212,41889,484,1825,2480,9026,766,63398,2039,7023,2889,757,2294,343,146,25213,8600,3928,26606,7879,12542,28338,728,5014,4112,1368,3951,63525,657,931,112,86,39,36,2188,294,466,11845,4255,701,5285,40617,4471,404,1346,2356,1817,3376,4504,3988,5069,50,115,99,1130,56,2246,703,2725,137,102,58,815,780,1181,16934,7873,50194,2946,30367,38747,20021,53660,18408,35961,216,30721,37485,12670,9870,28616,21846,7924,1086,1276,1249,92,564,980,182,51,80,316,5370,165,77243,18016,4787,574,245527,50782,6087,37319,29971,1008,622,57685,24678,77354,2779,50158,279,41117,16,433,748,49,292,1003,357,4373,2309,30,778,960,605,963,347,3060,1739,297,243,5591,3092,2398,3413,1279,314,643,810,358,351,275,487,1207,7153,1426,342,1899,2876,2848,13713,154403,3642,2649,3003,1365,1015,806,696,1076,646,145,10459,412,1021,5156,352,1774,405,4462,1125,1113,561,952,252,487,895,2686,2597,860,1017,750,2179,1638,917,886,1112,5110,31,51,394,646,453,366,14133,137,9279,28,426,71,6344,756,8534,7076,9012,39,2831,70,157,2589,3537,104421,586,2802,2509,1255,364,3471,281,455,717,18887,8688,3179,1284,49,215,117,27,50,699,1803,2715,678,4709,585,509,1631,46563,716,2302,128567,624,5812,1030,6251,5097,3003,305,1568,7078,860,1174,1269,374,392,257,20087,1422,991,1384,727,1282,1477,26044,60,11107,2136,45,26471,8548,53,283,8258,1303,42,6958,860,1530,222,3785,1290,26746,5646,1071,960,1259,470,1284,930,1495,1390,37,1269,45,1898,200,29,172,884,920,382,1261,25413,1358,11545,7581,1100,857,800,198,32029,668,15230,2330,10995,1454,329,3188,17,33327,6572,10416,48459,16818,24987,284,335,370,1040,468,1314,795,1508,10632,1216,22,779,1175,51,42,3723,3717,34,1121,147,27239,55882,38278,11133,36434,4512,409,85365,103492,17760,50930,81402,86903,183,131,796,770,220,973,1105,296,402,747,7824,0.0,0.0,0.0,0.0,0.0,0.0,0.0,0.0,0.0,0.0,0.0,0.0,0.0,0.0,0.0,0.0,0.0,0.0,0.0,0.0,0.0,0.0,0.0,0.0,0.0,0.0,0.0,0.0,0.0,0.0,0.0,0.0,0.0,0.0,0.0,0.0,0.0,0.0,0.0,0.0,0.0,0.0,0.0,0.0,0.0,0.0,0.0,0.0,0.0,0.0,0.0,0.0,0.0,0.0,0.0,0.0,0.0,0.0,0.0,0.0,0.0,0.0,0.0,0.0,0.0,0.0,0.0,0.0,0.0,0.0,0.0,0.0,0.0,0.0,0.0,0.0,0.0,0.0,0.0,0.0,0.0,0.0,0.0,0.0,0.0,0.0,0.0,0.0,0.0,0.0,0.0,0.0,0.0,0.0,0.0,0.0,0.0,0.0,0.0,0.0,0.0,0.0,0.0,0.0,0.0,0.0,0.0,0.0,0.0,0.0,0.0,0.0,0.0,0.0,0.0,0.0,0.0,0.0,0.0,0.0,0.0,0.0,0.0,0.0,0.0,0.0,0.0,0.0,0.0,0.0,0.0,0.0,0.0,0.0,0.0,0.0,0.0,0.0,0.0,0.0,0.0,0.0,0.0,0.0,0.0,0.0,0.0,0.0,0.0,0.0
ENCFF728BZD,0.16583949242529852,47530,185,5091,38110,759,116560,8936,353,1146,572,705,4263,9003,18743,21444,49180,6778,938,8055,8229,289,1236,185,155,166,2608,494,4498,17793,7265,520,276,724,2743,2764,44,3432,152,20,10875,19150,173,1175,102,62,1613,9234,15843,77,809,1484,1796,899,606,10900,366,629,822,289,1798,2174,304,10167,649,921,140,63,57121,66821,11999,1532,894,1718,8264,563,1922,728,1142,1273,284,1327,1913,6146,600,650,4902,52,1251,741,176,2280,364,78,1648,1511,11161,262197,16287,259,44200,64928,3854,56067,1854,844,9713,3181,3438,104,4494,11783,11758,521,6362,51948,4276,35715,516,2282,2323,14196,1064,40393,1888,9511,4563,1629,5032,720,285,51123,26541,370,22111,15788,17166,46792,110,6570,5180,1682,5948,42402,1026,363,206,271,232,118,4139,596,789,15290,8196,1281,6510,38294,3513,794,1690,1827,2169,4284,6263,5342,8401,219,518,70,1434,73,2514,810,823,315,24,0,723,1543,1562,23871,11901,72289,3279,46835,46587,20605,26510,19687,40149,568,43933,51156,18637,14841,34783,30539,8921,1345,167,1035,48,736,1198,396,373,87,93,5706,790,38224,13907,23991,467,347913,53821,4751,42515,28581,2145,769,58132,26374,67355,6304,71574,281,70823,176,738,928,166,386,1481,593,5296,3800,59,809,1252,745,1290,557,3973,2326,261,537,7227,4573,3488,4029,1588,387,912,1070,455,499,331,809,1450,7685,1707,541,2663,3583,3457,10378,14838,369,3718,5092,1759,1243,928,832,1364,605,186,11784,697,1134,8676,530,2341,537,6023,1314,1460,727,1229,280,608,758,3302,3380,1069,1258,908,3771,2142,1220,1033,1304,5887,31,77,540,820,1327,445,24522,266,16438,63,868,86,10823,1287,11297,10487,10115,123,5230,544,443,2481,6860,89556,1223,3359,3474,1684,42,4145,290,302,1189,28455,8994,4453,2468,85,261,303,52,313,860,2170,3924,968,5194,681,712,1481,60533,456,3024,194256,756,9550,1386,8249,724,3873,411,299,5859,1101,1618,1714,534,637,368,3597,1841,1421,1762,833,1647,2141,42775,443,15933,3690,86,40659,11284,69,447,9643,1175,279,9934,1088,2406,716,4918,1708,17424,2900,890,1074,1706,604,1783,1271,2211,1327,112,1650,72,2873,226,48,369,680,307,1365,961,27228,2107,9307,5860,1240,649,1669,492,61721,104,27257,2431,20985,2466,929,4766,28,65148,10553,21099,79831,2009,17089,343,521,518,1203,596,1683,885,2207,7983,1595,57,338,1409,39,125,6803,7125,57,133,579,40420,55062,40532,11122,56612,7057,1071,88388,136145,17433,56212,103158,124955,527,317,968,909,291,1161,2457,387,868,1329,10470,0.0,0.0,0.0,0.0,0.0,0.0,0.0,0.0,0.0,0.0,0.0,0.0,0.0,0.0,0.0,0.0,0.0,0.0,0.0,0.0,0.0,0.0,0.0,0.0,0.0,0.0,0.0,0.0,0.0,0.0,0.0,0.0,0.0,0.0,0.0,0.0,0.0,0.0,0.0,0.0,0.0,0.0,0.0,0.0,0.0,0.0,0.0,0.0,0.0,0.0,0.0,0.0,0.0,0.0,0.0,0.0,0.0,0.0,0.0,0.0,0.0,0.0,0.0,0.0,0.0,0.0,0.0,0.0,0.0,0.0,0.0,0.0,0.0,0.0,0.0,0.0,0.0,0.0,0.0,0.0,0.0,0.0,0.0,0.0,0.0,0.0,0.0,0.0,0.0,0.0,0.0,0.0,0.0,0.0,0.0,0.0,0.0,0.0,0.0,0.0,0.0,0.0,0.0,0.0,0.0,0.0,0.0,0.0,0.0,0.0,0.0,0.0,0.0,0.0,0.0,0.0,0.0,0.0,0.0,0.0,0.0,0.0,0.0,0.0,0.0,0.0,0.0,0.0,0.0,0.0,0.0,0.0,0.0,0.0,0.0,0.0,0.0,0.0,0.0,0.0,0.0,0.0,0.0,0.0,0.0,0.0,0.0,0.0,0.0,0.0
ENCFF151OWC,0.15596156836847597,173725,533,4999,103332,1278,413649,16483,927,573,464,1026,9644,4164,16297,51694,78623,4051,1453,14133,9917,211,1183,160,205,205,2939,13194,8833,73544,7332,304,180,1020,6085,5579,81,5837,87,9,16681,19420,206,933,142,127,1737,15647,68017,1188,2039,3651,4538,677,529,9052,233,745,584,424,1666,4758,2003,33405,7095,837,3791,355,103333,94977,9564,3867,2147,4998,8384,363,4173,1975,2334,2782,828,3669,3742,5944,1424,2279,11120,53,2642,2340,70,1965,475,83,2844,3098,51410,319677,17405,307,45075,70845,7505,59610,3877,2195,7517,2590,3027,65,6103,12829,14092,288,10166,59080,4567,96876,440,2414,2933,13446,1141,166531,3920,10642,3961,1069,3892,561,150,48595,17193,4823,73059,17101,20415,46878,488,10872,16133,3752,7226,114278,637,1236,270,166,98,60,4012,736,1228,19155,6034,638,8961,108112,8295,609,4118,2266,1677,5564,6587,6293,9506,167,321,168,3480,89,4358,1980,2070,443,34,56,1533,1065,3713,21424,10933,76219,6319,53085,65081,29971,75558,32827,61351,735,49559,62461,16937,15918,49115,34404,11497,2136,1559,1816,100,2095,3606,252,75,50,270,7701,301,116335,26053,28814,721,434036,86762,9545,57585,63680,2174,981,76975,43433,136673,6354,77607,312,67485,40,594,1762,69,1106,2896,696,11197,5045,73,2435,2324,1975,3209,1526,7503,4306,257,439,13348,7879,4454,4754,4945,1094,2591,2592,1442,1077,776,536,4003,11801,2627,1189,3400,7016,5719,34355,101954,10009,7168,6093,3445,2638,2125,2085,3026,1761,131,15801,1746,4260,10285,1081,4243,1809,8619,4308,3363,2439,3156,328,1452,1297,7683,6289,2585,2867,2610,5134,4620,3556,2307,3502,9852,72,83,1432,2505,914,959,23837,271,15417,58,579,102,12438,1332,13336,12881,17615,103,5861,233,121,2750,5867,218901,1599,4146,5683,2209,413,6898,229,606,2716,41558,18650,12015,2595,165,319,186,33,194,1944,3676,4002,2126,7463,2159,1539,6629,163820,1058,5065,197725,1388,12284,3133,18433,14564,6365,1029,2852,12039,2548,3412,3467,1225,1067,430,76142,4439,3211,3408,1458,3608,3849,49358,128,31898,2840,145,47686,14067,117,773,11464,2417,126,17850,2304,1604,315,9797,3212,50665,6428,2391,2278,3433,1932,2495,2895,1965,1896,96,1677,94,4707,345,155,237,1141,1673,710,2117,73750,2589,23247,10751,2069,1302,1329,437,48004,399,26162,3977,17199,2737,292,4642,36,66574,12104,21367,86082,4797,46286,481,1182,1342,3151,1551,3057,2531,3150,18142,2956,48,607,3502,50,124,5620,5835,20,1098,270,47820,78604,62372,16260,58450,8277,2822,142801,170357,27221,78296,131366,144920,611,199,2131,2086,811,2813,1397,782,415,1461,13216,0.0,0.0,0.0,0.0,0.0,0.0,0.0,0.0,0.0,0.0,0.0,0.0,0.0,0.0,0.0,0.0,0.0,0.0,0.0,0.0,0.0,0.0,0.0,0.0,0.0,0.0,0.0,0.0,0.0,0.0,0.0,0.0,0.0,0.0,0.0,0.0,0.0,0.0,0.0,0.0,0.0,0.0,0.0,0.0,0.0,0.0,0.0,0.0,0.0,0.0,0.0,0.0,0.0,0.0,0.0,0.0,0.0,0.0,0.0,0.0,0.0,0.0,0.0,0.0,0.0,0.0,0.0,0.0,0.0,0.0,0.0,0.0,0.0,0.0,0.0,0.0,0.0,0.0,0.0,0.0,0.0,0.0,0.0,0.0,0.0,0.0,0.0,0.0,0.0,0.0,0.0,0.0,0.0,0.0,0.0,0.0,0.0,0.0,0.0,0.0,0.0,0.0,0.0,0.0,0.0,0.0,0.0,0.0,0.0,0.0,0.0,0.0,0.0,0.0,0.0,0.0,0.0,0.0,0.0,0.0,0.0,0.0,0.0,0.0,0.0,0.0,0.0,0.0,0.0,0.0,0.0,0.0,0.0,0.0,0.0,0.0,0.0,0.0,0.0,0.0,0.0,0.0,0.0,0.0,0.0,0.0,0.0,0.0,0.0,0.0
ENCFF000MTP,0.0540193753765731,235070,9244,3448,82,0,1715,827,1,59,21,345,52,19,94,22,1,477,43,1238,567,50,79,14,41,12,15,17893,95,42,357,139,483,2352,26,21,961,111,3,0,1916,1279,0,47,0,6069,5,179,31,1368,27,5,14,47,225,22683,48,63,24,3,71,33,0,0,8,40,2092,0,3235,28457,5645,12,4,6936,1272,43,7,6,16,12,2,8,11,383,5,1,92,18,6,2,29,447,5,0,87,15,10,34504,1405,2,33390,4371,104,4087,75,9,776,308,236,17,12129,21275,3444,53,1334,12931,6,931,0,0,23,866,0,6,8,1148,397,156,437,34,11,6417,227,9362,322,161,1332,12409,7048,958,55,10,804,139,14,2975,0,14,17,1,230,25,63,1203,551,70,322,42,28,348,11,117,133,206,523,598,24831,3,30,2,7,0,12,4,290,2352,231,0,1907,52,7,3777,1123,7507,132,2395,2989,1600,732,1108,1909,13,3644,3569,2582,1486,6415,21547,5750,37,2019,46,1,6,9,30,5,7,3,668,0,380,401,2,3,960601,2247,692,4071,37,86,124,3241,2300,1557,10,9519,7,10371,15,9,359,0,2,9,7,280,235,0,3,12,4,8,2,87,17,156,8,248,299,97,903,11,4,7,7,3,1,3,204,19,254,30,1,110,67,25,74,11,16472,68,4157,49,14,7,5,13,6,63,1322,6,9,1803,2,87,4,242,6,5,6,9,0,5,707,52,39,10,11,7,669,66,8,5,16,58,1,0,4,5,60,0,2715,2,2557,5,64,0,525,91,6467,1522,371,0,224,9,31,5,494,1437,349,1402,417,54,43,43,8,11,73,1188,959,74,155,57,286,5,0,1,6,2,267,10,200,7,7,19,18,227,32,13767,1225,973,9,144,17537,64,3,1579,7916,9,7,8,4,8,179,38802,21,11,10,6,9,11,2991,10,641,427,0,56078,1415,1,33,479,193,6,369,6,123,41,127,12,40,17,4498,7,11,4,17,11,286,4,0,264,0,159,63,9,28,3265,92,3,23,159,0,107,94,6,37,79,1,7212,2461,1413,1264,1412,180,3,338,0,3819,435,521,8252,49,51,451,0,5,311,9565,9,5,87,158,15,4,884,22,0,1,1363,512,0,4468,12,2318,2718,1896,319,3100,734,18,3973,8136,655,2579,6385,6764,4,27,7,3,4,9,180,16,263,44,583,0.0,0.0,0.0,0.0,0.0,0.0,0.0,0.0,0.0,0.0,0.0,0.0,0.0,0.0,0.0,0.0,0.0,0.0,0.0,0.0,0.0,0.0,0.0,0.0,0.0,0.0,0.0,0.0,0.0,0.0,0.0,0.0,0.0,0.0,0.0,0.0,0.0,0.0,0.0,0.0,0.0,0.0,0.0,0.0,0.0,0.0,0.0,0.0,0.0,0.0,0.0,0.0,0.0,0.0,0.0,0.0,0.0,0.0,0.0,0.0,0.0,0.0,0.0,0.0,0.0,0.0,0.0,0.0,0.0,0.0,0.0,0.0,0.0,0.0,0.0,0.0,0.0,0.0,0.0,0.0,0.0,0.0,0.0,0.0,0.0,0.0,0.0,0.0,0.0,0.0,0.0,0.0,0.0,0.0,0.0,0.0,0.0,0.0,0.0,0.0,0.0,0.0,0.0,0.0,0.0,0.0,0.0,0.0,0.0,0.0,0.0,0.0,0.0,0.0,0.0,0.0,0.0,0.0,0.0,0.0,0.0,0.0,0.0,0.0,0.0,0.0,0.0,0.0,0.0,0.0,0.0,0.0,0.0,0.0,0.0,0.0,0.0,0.0,0.0,0.0,0.0,0.0,0.0,0.0,0.0,0.0,0.0,0.0,0.0,0.0
ENCFF786FEY,0.1704445469711154,33320,201,3254,53143,1101,130083,9200,334,713,235,516,3734,7837,14499,22396,51547,5257,413,7120,5209,174,713,89,49,50,890,80,3819,44684,3527,222,149,502,2552,2328,38,2261,16,30,9550,12294,66,666,43,37,872,6802,28468,20,696,1121,1778,471,348,7424,142,341,427,154,604,1550,760,29257,1060,772,40,72,70571,53380,8738,1414,860,1137,6533,252,1708,614,984,1163,286,1265,1614,4398,542,614,4191,19,1120,553,18,1304,149,28,1285,1708,27527,184553,11335,104,29194,42476,2948,36804,1625,761,5594,1692,1487,27,4412,10235,9950,166,5710,31914,4320,48796,901,3249,2926,8861,1323,72666,1876,5778,2536,679,2742,411,156,29708,22462,114,33221,13124,14539,29661,32,4831,3654,1525,3766,63308,390,153,181,106,33,52,2072,345,521,11497,4167,625,4992,57888,4971,374,1487,2490,1987,3575,3962,3619,8054,50,109,40,1317,20,2024,687,1718,2188,23,1,590,639,1409,17265,6732,40826,2453,36931,41823,15812,40402,15260,29426,437,28167,33592,9802,9088,28653,17971,7430,1033,40,936,50,659,1101,162,59,20,13,3527,606,53904,15329,21873,299,232461,40937,3447,31675,48612,977,507,45572,21917,84041,7428,42757,223,41032,28,349,632,157,390,1392,268,4792,2759,134,836,1103,716,1129,480,3424,1926,913,205,5012,3975,2029,6272,1480,374,791,955,407,404,307,1334,1358,6247,1791,478,1880,3011,2690,13419,38851,117,2775,4634,1580,1129,870,779,1131,647,791,8538,565,969,6395,431,1811,465,4410,1270,1297,705,1180,312,552,524,2859,2888,969,1156,878,2984,1611,912,952,1138,4433,25,34,471,741,482,307,15651,113,11246,17,532,49,6753,934,8843,6984,8928,34,2769,68,168,2149,3514,101181,559,1936,3340,1090,13,3394,193,596,721,17037,7509,3213,1336,47,142,116,7,41,843,2199,2373,858,3636,610,574,3957,80786,369,2347,120236,695,6299,1248,6500,299,3012,346,54,3417,1021,1463,1541,431,501,194,917,1865,1297,1534,495,1514,1811,26580,41,12255,2334,31,31120,7103,66,276,6511,773,32,6612,1036,1156,259,4097,1443,24969,5524,519,904,1638,489,1397,1152,1791,1283,15,971,29,2183,137,27,194,308,1502,1224,1016,31304,2898,14164,7364,1869,704,1039,247,37836,55,16449,1776,12216,1360,336,2678,31,31613,6589,10120,47996,1654,27408,289,230,423,955,534,1500,877,2147,7521,1527,54,160,1263,13,27,3895,3934,12,84,171,24502,44384,36463,7577,34451,4209,1086,73356,96465,16147,45867,68084,81156,573,220,915,845,240,1062,1351,256,380,633,6457,0.0,0.0,0.0,0.0,0.0,0.0,0.0,0.0,0.0,0.0,0.0,0.0,0.0,0.0,0.0,0.0,0.0,0.0,0.0,0.0,0.0,0.0,0.0,0.0,0.0,0.0,0.0,0.0,0.0,0.0,0.0,0.0,0.0,0.0,0.0,0.0,0.0,0.0,0.0,0.0,0.0,0.0,0.0,0.0,0.0,0.0,0.0,0.0,0.0,0.0,0.0,0.0,0.0,0.0,0.0,0.0,0.0,0.0,0.0,0.0,0.0,0.0,0.0,0.0,0.0,0.0,0.0,0.0,0.0,0.0,0.0,0.0,0.0,0.0,0.0,0.0,0.0,0.0,0.0,0.0,0.0,0.0,0.0,0.0,0.0,0.0,0.0,0.0,0.0,0.0,0.0,0.0,0.0,0.0,0.0,0.0,0.0,0.0,0.0,0.0,0.0,0.0,0.0,0.0,0.0,0.0,0.0,0.0,0.0,0.0,0.0,0.0,0.0,0.0,0.0,0.0,0.0,0.0,0.0,0.0,0.0,0.0,0.0,0.0,0.0,0.0,0.0,0.0,0.0,0.0,0.0,0.0,0.0,0.0,0.0,0.0,0.0,0.0,0.0,0.0,0.0,0.0,0.0,0.0,0.0,0.0,0.0,0.0,0.0,0.0
ENCFF002DTU,0.1457763595603533,134955,248,1847,65327,600,185205,10372,585,225,244,575,4743,2261,7535,27820,29142,2106,837,9946,5356,83,706,20,79,60,1836,11849,4866,37370,4353,147,53,564,3673,3271,39,4246,30,8,8608,9800,126,335,92,66,1002,8692,35825,567,1086,2707,2601,162,255,4665,148,336,278,272,1013,2522,896,27080,795,487,3197,40,63800,53035,5040,2245,1270,2952,5086,76,2632,1110,1340,1592,472,2092,2592,2990,757,1323,6215,35,1562,1347,63,1322,777,223,2619,1385,19632,174954,8122,184,22948,36278,5011,31178,2476,1212,4047,2003,2603,69,3886,7402,7970,335,5653,36885,2315,51791,352,1664,1449,7280,602,95594,2269,6708,2383,385,1993,244,91,25457,6852,3950,33980,10467,10436,23996,401,6217,13608,2136,3702,63814,414,706,80,56,31,33,1825,400,251,10042,3218,264,3695,62634,3741,255,2684,1881,1276,2972,4239,3893,5228,110,232,123,1865,75,2327,1002,977,63,17,37,730,499,2383,11572,5844,41806,3492,25733,40689,16048,47247,18255,33278,211,26761,34796,9640,9370,27628,19260,5923,1222,596,1623,30,1323,2212,150,51,69,90,3855,97,72959,13430,10312,3651,259382,46693,5385,28600,41918,1051,558,40648,22409,79652,2722,36681,87,34002,22,240,696,13,600,1624,426,7015,2484,53,1284,1143,1067,1882,1045,4742,2249,131,173,7237,5031,2445,2864,2940,651,1747,1583,884,512,452,296,1856,6495,1398,647,1870,4454,3175,17982,115213,9637,4150,3328,1890,1615,1345,1246,1655,945,111,9306,874,2794,6080,621,2457,920,5157,2868,2083,1566,1789,257,818,712,4366,3505,1645,1515,1481,2893,2802,1939,1129,2055,5024,48,59,753,1459,671,525,13923,381,9788,46,229,125,6546,644,7838,7386,10386,34,2964,179,34,2272,2595,102177,914,2056,3691,1090,60,3670,30,536,1407,23655,13025,3893,1372,105,188,134,40,120,997,2291,2925,1568,4210,1191,782,3332,87007,415,2958,105002,723,6664,1663,11505,12519,3263,523,1644,6771,1368,2225,2132,635,476,130,75676,3049,1976,1992,843,2042,2364,30424,65,19375,1545,115,27204,7981,37,383,5575,1282,79,9593,1233,955,166,5959,1845,46028,2874,1711,1426,2001,1176,1352,1690,974,331,58,1031,71,3077,354,56,66,687,897,333,1598,49355,1613,10530,5842,881,758,952,602,27435,747,13100,2036,9135,1564,93,2680,9,36264,6909,11909,44428,3980,26654,201,552,684,1835,982,1861,1411,1699,16054,1720,36,150,1936,51,93,2966,2814,8,604,120,25594,37727,31553,8376,29804,4576,801,74130,85331,14201,37199,66841,74256,227,82,1209,1088,483,1621,804,432,204,935,7270,0.0,0.0,0.0,0.0,0.0,0.0,0.0,0.0,0.0,0.0,0.0,0.0,0.0,0.0,0.0,0.0,0.0,0.0,0.0,0.0,0.0,0.0,0.0,0.0,0.0,0.0,0.0,0.0,0.0,0.0,0.0,0.0,0.0,0.0,0.0,0.0,0.0,0.0,0.0,0.0,0.0,0.0,0.0,0.0,0.0,0.0,0.0,0.0,0.0,0.0,0.0,0.0,0.0,0.0,0.0,0.0,0.0,0.0,0.0,0.0,0.0,0.0,0.0,0.0,0.0,0.0,0.0,0.0,0.0,0.0,0.0,0.0,0.0,0.0,0.0,0.0,0.0,0.0,0.0,0.0,0.0,0.0,0.0,0.0,0.0,0.0,0.0,0.0,0.0,0.0,0.0,0.0,0.0,0.0,0.0,0.0,0.0,0.0,0.0,0.0,0.0,0.0,0.0,0.0,0.0,0.0,0.0,0.0,0.0,0.0,0.0,0.0,0.0,0.0,0.0,0.0,0.0,0.0,0.0,0.0,0.0,0.0,0.0,0.0,0.0,0.0,0.0,0.0,0.0,0.0,0.0,0.0,0.0,0.0,0.0,0.0,0.0,0.0,0.0,0.0,0.0,0.0,0.0,0.0,0.0,0.0,0.0,0.0,0.0,0.0
ENCFF000VYP,0.061502429249212905,3675,28,307,2876,59,7015,445,38,37,16,53,265,344,736,1640,2181,268,32,355,426,23,42,7,4,5,68,159,291,2357,259,20,19,26,160,131,4,139,2,2,586,818,3,52,3,10,42,414,1959,21,43,79,101,47,29,556,15,28,25,10,58,115,42,1165,22,50,54,11,4041,3670,536,78,55,108,598,18,102,48,62,67,21,94,90,307,49,39,273,2,73,48,2,100,81,2,114,127,1519,12818,733,6,2135,3004,159,2621,109,63,367,100,104,1,205,607,522,4,390,2366,251,2512,38,275,206,666,95,3439,128,488,191,54,224,28,6,2456,999,90,1936,704,1250,2101,42,369,216,99,281,3434,23,40,7,15,3,2,172,18,47,752,360,50,350,3025,370,26,80,65,74,223,315,297,459,6,13,5,78,3,152,59,242,824,8,0,60,59,49,1171,528,3262,188,2123,2684,1135,2854,1052,2297,20,2071,2479,774,705,1833,1422,524,71,29,41,2,42,75,13,3,2,2,271,36,3846,1078,822,20,17768,2797,351,2027,1989,80,54,3185,1326,4812,431,3145,8,3158,4,25,73,38,14,69,20,289,187,3,56,82,35,56,50,207,95,12,15,314,252,156,243,98,31,56,55,31,37,21,41,94,422,98,30,183,181,178,1054,3165,114,185,294,131,63,48,40,65,55,16,537,45,77,385,20,131,45,286,101,81,53,88,21,26,37,195,194,63,59,57,203,117,46,61,74,317,2,2,30,34,36,30,1023,4,722,4,41,5,471,70,520,480,577,3,178,6,18,58,321,5401,44,163,139,77,5,193,17,41,52,1045,435,298,80,1,9,15,0,5,60,90,228,44,316,56,45,155,3848,30,160,9393,46,398,81,422,152,196,29,64,392,85,77,84,65,38,19,657,74,72,79,29,88,91,1928,4,832,203,4,2118,757,1,20,434,52,4,544,74,107,15,215,80,1224,323,61,99,76,30,87,62,79,47,3,83,2,145,8,5,12,35,25,59,52,2523,230,828,555,146,46,64,7,2872,18,1072,150,995,102,23,212,5,2116,414,753,3111,276,1289,25,10,22,68,40,94,68,121,612,53,4,11,99,3,6,304,306,1,24,18,1852,3381,2467,600,2671,359,26,5586,7210,1138,3313,5297,6175,20,17,70,65,31,76,122,27,44,47,514,0.0,0.0,0.0,0.0,0.0,0.0,0.0,0.0,0.0,0.0,0.0,0.0,0.0,0.0,0.0,0.0,0.0,0.0,0.0,0.0,0.0,0.0,0.0,0.0,0.0,0.0,0.0,0.0,0.0,0.0,0.0,0.0,0.0,0.0,0.0,0.0,0.0,0.0,0.0,0.0,0.0,0.0,0.0,0.0,0.0,0.0,0.0,0.0,0.0,0.0,0.0,0.0,0.0,0.0,0.0,0.0,0.0,0.0,0.0,0.0,0.0,0.0,0.0,0.0,0.0,0.0,0.0,0.0,0.0,0.0,0.0,0.0,0.0,0.0,0.0,0.0,0.0,0.0,0.0,0.0,0.0,0.0,0.0,0.0,0.0,0.0,0.0,0.0,0.0,0.0,0.0,0.0,0.0,0.0,0.0,0.0,0.0,0.0,0.0,0.0,0.0,0.0,0.0,0.0,0.0,0.0,0.0,0.0,0.0,0.0,0.0,0.0,0.0,0.0,0.0,0.0,0.0,0.0,0.0,0.0,0.0,0.0,0.0,0.0,0.0,0.0,0.0,0.0,0.0,0.0,0.0,0.0,0.0,0.0,0.0,0.0,0.0,0.0,0.0,0.0,0.0,0.0,0.0,0.0,0.0,0.0,0.0,0.0,0.0,0.0
ENCFF000VQW,0.27243259346928084,45580,163,4738,40015,971,114988,7779,258,1197,400,814,3236,11252,18783,23437,64160,7524,829,8529,8448,254,1336,106,31,75,1261,162,3987,36186,5426,460,285,816,2255,2026,27,3050,28,5,9367,18548,61,1047,31,52,909,7417,32369,35,850,975,1777,859,451,10617,225,722,498,203,1351,1617,954,19906,587,852,55,16,74269,71657,12737,1437,857,1454,9083,377,1543,602,963,1085,248,1112,1541,6368,440,666,3905,28,999,517,25,2390,203,49,1594,1476,20555,277227,19097,142,51988,68236,3314,58268,1450,708,8649,2347,2546,15,4297,11324,12026,127,5027,52819,4845,48339,806,2898,2774,13928,1268,66873,1540,9381,4718,1075,4665,687,128,56212,30091,201,30272,17089,18141,48981,48,5148,5152,1491,4967,61283,1126,382,200,188,40,39,4010,654,700,14738,9120,1043,6370,41633,3623,648,1497,2472,2256,4193,7037,6500,29562,96,180,67,1211,26,1956,673,2781,518,24,2,562,1186,1326,25934,12953,70681,2977,52721,52507,19411,37785,16760,33889,755,43898,50283,17022,16297,35797,32456,9538,1303,47,1317,55,568,1049,379,115,30,14,5624,952,46250,14572,33448,278,321475,55498,5382,45596,41772,1959,901,62060,26952,81283,7977,78926,322,80675,60,475,1015,28,367,1306,283,4607,3559,14,763,1018,674,1130,446,3222,1698,301,295,6766,4415,2948,3664,1417,383,752,903,403,352,268,797,1309,6675,4076,425,2669,3168,2501,14070,30540,266,3014,5027,1753,1089,876,758,1278,606,180,13086,509,938,8806,437,2232,447,5189,1286,1175,703,1053,116,507,560,2766,2867,903,1114,835,4099,1982,825,912,1172,4057,15,28,423,754,846,206,24960,63,15252,22,970,30,10736,1324,10968,9657,10643,44,4238,157,221,3022,6691,126944,1121,3155,2839,1716,20,3075,377,803,1335,19033,9165,2674,2679,16,172,166,30,92,826,2042,3915,820,5203,575,590,3168,77448,420,2422,207537,674,10342,1266,6420,687,3095,295,107,5636,869,1383,1426,415,500,450,2031,1660,1251,1414,511,1411,1631,40223,112,14496,3269,77,43745,10545,30,603,8630,1415,109,8729,995,1668,556,4370,1431,22863,3400,773,778,1498,471,1400,1078,2105,868,55,1399,21,2388,157,48,305,518,651,1480,1208,45248,2713,12580,6688,1737,940,1318,136,61309,51,23032,1986,22544,2450,434,4715,21,45107,8347,14956,62417,2110,23432,283,173,404,926,491,1498,938,1505,10520,1425,78,399,1197,33,41,7848,8073,10,77,420,45988,59502,39362,10165,61861,7400,877,107860,138271,17268,62381,101701,133572,804,337,849,777,218,1046,2129,416,814,1002,9932,0.0,0.0,0.0,0.0,0.0,0.0,0.0,0.0,0.0,0.0,0.0,0.0,0.0,0.0,0.0,0.0,0.0,0.0,0.0,0.0,0.0,0.0,0.0,0.0,0.0,0.0,0.0,0.0,0.0,0.0,0.0,0.0,0.0,0.0,0.0,0.0,0.0,0.0,0.0,0.0,0.0,0.0,0.0,0.0,0.0,0.0,0.0,0.0,0.0,0.0,0.0,0.0,0.0,0.0,0.0,0.0,0.0,0.0,0.0,0.0,0.0,0.0,0.0,0.0,0.0,0.0,0.0,0.0,0.0,0.0,0.0,0.0,0.0,0.0,0.0,0.0,0.0,0.0,0.0,0.0,0.0,0.0,0.0,0.0,0.0,0.0,0.0,0.0,0.0,0.0,0.0,0.0,0.0,0.0,0.0,0.0,0.0,0.0,0.0,0.0,0.0,0.0,0.0,0.0,0.0,0.0,0.0,0.0,0.0,0.0,0.0,0.0,0.0,0.0,0.0,0.0,0.0,0.0,0.0,0.0,0.0,0.0,0.0,0.0,0.0,0.0,0.0,0.0,0.0,0.0,0.0,0.0,0.0,0.0,0.0,0.0,0.0,0.0,0.0,0.0,0.0,0.0,0.0,0.0,0.0,0.0,0.0,0.0,0.0,0.0
ENCFF000PQL,0.15225419928907252,317779,128,6095,33833,924,92511,7929,472,589,490,794,4991,4549,9791,19755,26062,4706,721,6479,8800,235,1068,150,76,89,1200,24793,5527,52672,5677,420,1105,718,3071,2803,601,3240,43,12,12145,17307,150,1013,58,36,998,9226,24971,3075,880,1976,2307,714,438,9567,247,519,611,185,1133,2250,333,12902,611,598,7549,61,64748,79961,12262,1756,1254,5393,8335,522,2109,932,1311,1579,367,1715,1921,5925,762,974,6339,31,1467,792,14,1862,235,44,2223,1982,17162,256466,14707,170,41237,59405,4067,51978,1982,999,7768,2297,2477,48,4223,11184,11050,155,6874,58093,3522,56118,835,3210,3081,13706,1343,70973,2233,9284,4346,1145,4134,616,233,43185,14086,22184,25233,9303,17512,44608,4392,7290,3244,1942,7798,58856,602,3676,120,187,79,66,3391,486,831,16193,7048,1086,6928,37654,4828,735,2042,1431,1168,4537,6701,6063,7608,98,270,83,1741,61,3078,1086,1745,452,610,26,2155,1225,1658,25790,11760,76091,3709,44457,50734,23885,49597,22480,46991,373,45104,53947,18243,14913,36796,30295,8726,1464,5130,1094,85,940,1581,329,2089,80,162,6405,442,70770,18658,13489,613,229412,54873,7904,40691,26649,1634,831,59400,30343,77569,5669,65795,286,65261,69,474,1023,140,523,1604,378,6074,3460,44,1109,1637,1007,1572,758,4151,2486,495,318,7684,4774,3210,4160,2205,590,1103,1239,689,628,454,771,1982,7947,2070,633,3001,3852,3547,14870,29030,16257,3905,4653,2179,1453,1059,1095,1690,934,255,11471,784,1447,8178,592,2422,694,6732,1888,1693,1008,1554,312,829,1552,4118,4098,1322,1647,1232,3810,2577,1283,1372,1710,6538,32,57,652,1108,765,555,21778,194,14729,40,815,86,10194,1127,10596,9778,11087,41,4227,166,293,2642,5901,85085,2487,4682,3619,1816,1512,4591,359,293,1076,23722,8296,4588,2093,76,317,181,26,62,1111,1809,3780,1030,5848,862,843,1681,49306,2031,3515,190500,855,9035,1742,9096,26335,4169,498,11602,30519,1378,1660,1769,661,706,768,129336,1998,1634,1880,725,1936,2116,39195,122,16965,3599,39,40153,11606,100,476,10202,1068,109,10775,1352,2129,504,5214,2040,29393,4829,4075,1332,1766,756,2247,1442,2079,1687,53,1989,76,2598,207,31,252,3411,394,901,1114,29835,2765,13532,7923,1771,702,1255,258,53151,2363,22462,6222,18922,2233,532,4632,33,44953,8563,15257,66717,2988,23051,773,296,624,3113,680,1837,1250,2354,12058,1767,55,2613,1787,53,35,6200,6342,34,4962,294,37677,62769,46553,11632,54233,6314,476,103686,137072,20819,63105,101833,122539,353,287,1236,1145,333,1491,1906,405,615,1004,10731,0.0,0.0,0.0,0.0,0.0,0.0,0.0,0.0,0.0,0.0,0.0,0.0,0.0,0.0,0.0,0.0,0.0,0.0,0.0,0.0,0.0,0.0,0.0,0.0,0.0,0.0,0.0,0.0,0.0,0.0,0.0,0.0,0.0,0.0,0.0,0.0,0.0,0.0,0.0,0.0,0.0,0.0,0.0,0.0,0.0,0.0,0.0,0.0,0.0,0.0,0.0,0.0,0.0,0.0,0.0,0.0,0.0,0.0,0.0,0.0,0.0,0.0,0.0,0.0,0.0,0.0,0.0,0.0,0.0,0.0,0.0,0.0,0.0,0.0,0.0,0.0,0.0,0.0,0.0,0.0,0.0,0.0,0.0,0.0,0.0,0.0,0.0,0.0,0.0,0.0,0.0,0.0,0.0,0.0,0.0,0.0,0.0,0.0,0.0,0.0,0.0,0.0,0.0,0.0,0.0,0.0,0.0,0.0,0.0,0.0,0.0,0.0,0.0,0.0,0.0,0.0,0.0,0.0,0.0,0.0,0.0,0.0,0.0,0.0,0.0,0.0,0.0,0.0,0.0,0.0,0.0,0.0,0.0,0.0,0.0,0.0,0.0,0.0,0.0,0.0,0.0,0.0,0.0,0.0,0.0,0.0,0.0,0.0,0.0,0.0
ENCFF000ZKL,0.1652743760999541,41186,179,4276,68008,1222,166397,6022,454,576,383,656,5297,5427,12917,32726,46497,4387,688,7498,8048,157,788,85,34,35,1325,185,5521,38593,4483,312,165,650,3162,2841,46,2782,26,12,10747,13423,121,793,72,29,770,8835,41815,31,794,1816,2691,570,346,6961,188,360,489,184,951,2252,850,28469,447,412,78,33,83078,69010,7953,1903,1304,1761,5370,372,2124,941,1405,1621,398,1727,1986,4772,828,1055,6346,24,1650,892,50,1577,372,86,2276,2232,23498,230702,11779,155,33618,50006,3958,43513,1911,1169,6095,1916,2330,45,3267,8798,8512,123,6411,42810,4153,55482,1094,3927,3557,11740,1529,90548,2441,8213,3633,751,2855,565,189,32917,16884,320,37369,11894,11529,31616,72,7401,5357,2066,5055,69922,234,244,129,150,25,37,2563,348,503,14329,5397,822,4580,69510,5976,507,2105,875,781,4185,5762,4856,5796,112,213,76,1764,57,3131,1093,875,452,22,49,921,847,1703,18762,8813,55424,3599,39769,45777,20753,54755,20048,44184,342,36545,44805,13254,11209,29956,23742,7120,1349,61,986,83,861,1662,259,126,45,76,5452,391,76208,18930,16604,1970,246820,50977,5110,36637,46815,1163,747,55685,25175,96448,6869,49273,207,49497,53,399,915,123,531,1636,243,6063,2813,45,1257,1660,1091,1637,756,4041,2305,269,227,7102,4088,2911,2988,2232,607,1226,1424,705,678,487,548,2051,7408,2076,755,2647,3954,3630,19708,90446,222,3991,3471,2253,1463,1151,1194,1738,1005,130,8722,852,1466,6647,670,2470,747,6080,1978,1788,1148,1585,226,900,779,4290,4249,1488,1696,1333,3209,2507,1316,1493,1729,6693,58,61,698,1166,601,489,17083,192,11177,43,672,60,8644,777,8509,8620,10894,34,3250,217,194,1263,4583,116778,743,2248,3118,1464,43,4494,146,570,725,20370,9672,4290,1625,81,202,224,42,98,1229,1590,3435,907,5675,964,917,3275,83582,595,3637,164157,843,7607,1832,8608,486,3946,538,101,4783,1417,1779,1847,699,718,331,1519,2031,1677,1895,724,1931,2112,33855,109,15534,3142,54,31932,8125,22,337,7858,698,85,10085,1524,1252,384,4865,1992,40831,5344,842,1400,1934,781,1964,1590,1376,300,44,1615,64,2718,294,71,202,365,153,1007,1164,52930,3595,15727,9370,2374,744,988,218,39982,127,18467,2515,14518,1588,489,3745,24,33287,6540,12317,52722,7739,29341,408,242,712,1351,794,1866,1390,2531,14323,1806,80,231,1888,34,60,4752,4685,10,143,293,28917,56176,43956,10569,43597,5097,669,99760,118017,19677,57638,85816,100050,368,194,1308,1262,380,1594,1388,646,542,863,9607,0.0,0.0,0.0,0.0,0.0,0.0,0.0,0.0,0.0,0.0,0.0,0.0,0.0,0.0,0.0,0.0,0.0,0.0,0.0,0.0,0.0,0.0,0.0,0.0,0.0,0.0,0.0,0.0,0.0,0.0,0.0,0.0,0.0,0.0,0.0,0.0,0.0,0.0,0.0,0.0,0.0,0.0,0.0,0.0,0.0,0.0,0.0,0.0,0.0,0.0,0.0,0.0,0.0,0.0,0.0,0.0,0.0,0.0,0.0,0.0,0.0,0.0,0.0,0.0,0.0,0.0,0.0,0.0,0.0,0.0,0.0,0.0,0.0,0.0,0.0,0.0,0.0,0.0,0.0,0.0,0.0,0.0,0.0,0.0,0.0,0.0,0.0,0.0,0.0,0.0,0.0,0.0,0.0,0.0,0.0,0.0,0.0,0.0,0.0,0.0,0.0,0.0,0.0,0.0,0.0,0.0,0.0,0.0,0.0,0.0,0.0,0.0,0.0,0.0,0.0,0.0,0.0,0.0,0.0,0.0,0.0,0.0,0.0,0.0,0.0,0.0,0.0,0.0,0.0,0.0,0.0,0.0,0.0,0.0,0.0,0.0,0.0,0.0,0.0,0.0,0.0,0.0,0.0,0.0,0.0,0.0,0.0,0.0,0.0,0.0
ENCFF408TVU,0.20564865845046362,76595,979,5221,105284,2085,511729,26164,852,1762,1169,1317,7922,10958,35793,43092,170265,7869,2175,26668,13233,392,2233,192,471,270,3191,935,8758,78184,11332,631,204,1652,6709,6322,91,8368,147,20,19892,31499,251,1427,184,170,2630,18671,55591,111,2158,3368,4166,1109,714,16865,510,1102,965,559,3051,3792,1824,31209,12246,1839,223,158,115455,134602,16969,3915,2101,5106,15522,866,4608,1912,2408,2710,630,3167,4003,8903,1375,1980,10798,82,2252,1969,118,3467,849,375,3709,2498,59115,431108,27955,218,73617,104498,7648,88791,4628,1861,14184,4172,4470,107,9105,19849,20230,973,11327,90737,9160,156298,785,3772,4027,21083,1773,229007,3854,16753,7062,1627,7140,827,429,90454,47742,594,81496,31737,33727,77796,64,11430,31977,3949,8365,130726,2046,393,437,324,115,318,7025,2064,746,25010,12839,1446,11167,100510,6339,1356,4171,6748,5171,7980,10800,10500,15794,197,452,220,3300,93,4268,1719,2795,54547,46,3,1396,1883,3833,34862,18045,113379,7095,99261,101366,36065,73551,38836,69276,2448,72843,89775,28253,24138,68983,52864,15263,2597,125,3367,51,1883,3224,462,112,74,393,9957,1040,110776,25818,59515,1803,710421,109851,10124,78123,77331,3627,1227,104173,55138,142973,14857,125607,436,116331,48,891,1836,123,944,3087,841,10904,9326,158,1987,2266,1570,2968,1293,8706,4814,289,661,16176,9650,6115,7836,4377,850,2186,2341,1305,938,695,894,3163,13035,2599,987,3881,8281,6295,26553,46116,605,7862,8413,3760,2437,2091,1926,2692,1256,144,23967,1863,4013,15358,1019,5337,1622,10642,3578,3587,1735,2833,423,1295,1581,7228,5945,2344,2674,2271,7296,5281,4374,2093,3125,10351,66,201,1319,2325,1681,1524,45128,1188,27010,122,906,238,18361,2346,23462,19175,23126,188,10275,349,211,11252,10969,385757,1646,5909,7060,3243,34,7431,405,1346,4218,51862,31965,7318,4908,83,349,353,91,192,1816,6868,6866,2510,8520,1785,1623,7994,254010,630,5814,297327,1471,18022,2714,23148,1833,7070,982,240,8773,2295,3640,3945,953,1065,663,6640,4822,3327,3765,1327,3930,4352,73419,128,34976,4327,161,74745,22773,291,1093,14599,3139,143,19210,2277,2879,437,11997,3395,54469,5264,976,2174,3637,1708,3124,2740,3903,3405,75,2685,79,5986,517,53,262,356,3504,2042,3311,75389,4397,19198,12458,2427,2053,2273,1204,92601,158,40757,3482,30641,4127,401,7914,59,92385,16897,27609,110550,2546,53696,474,1719,1290,2937,1823,3345,2122,2881,25974,3169,41,586,3114,101,196,9701,10602,72,161,226,77891,88913,71298,18660,92072,12756,1096,181137,227233,31402,91374,175634,210634,1667,344,1950,1865,842,2563,2662,704,583,2036,17917,0.0,0.0,0.0,0.0,0.0,0.0,0.0,0.0,0.0,0.0,0.0,0.0,0.0,0.0,0.0,0.0,0.0,0.0,0.0,0.0,0.0,0.0,0.0,0.0,0.0,0.0,0.0,0.0,0.0,0.0,0.0,0.0,0.0,0.0,0.0,0.0,0.0,0.0,0.0,0.0,0.0,0.0,0.0,0.0,0.0,0.0,0.0,0.0,0.0,0.0,0.0,0.0,0.0,0.0,0.0,0.0,0.0,0.0,0.0,0.0,0.0,0.0,0.0,0.0,0.0,0.0,0.0,0.0,0.0,0.0,0.0,0.0,0.0,0.0,0.0,0.0,0.0,0.0,0.0,0.0,0.0,0.0,0.0,0.0,0.0,0.0,0.0,0.0,0.0,0.0,0.0,0.0,0.0,0.0,0.0,0.0,0.0,0.0,0.0,0.0,0.0,0.0,0.0,0.0,0.0,0.0,0.0,0.0,0.0,0.0,0.0,0.0,0.0,0.0,0.0,0.0,0.0,0.0,0.0,0.0,0.0,0.0,0.0,0.0,0.0,0.0,0.0,0.0,0.0,0.0,0.0,0.0,0.0,0.0,0.0,0.0,0.0,0.0,0.0,0.0,0.0,0.0,0.0,0.0,0.0,0.0,0.0,0.0,0.0,0.0
ENCFF000XBK,0.1429551304891554,13129,33,2607,10847,317,34441,1722,71,86,68,106,1662,994,1885,2489,7926,677,81,1840,2840,42,93,19,4,14,266,254,717,9715,826,67,63,123,414,419,16,420,2,2,2477,2501,7,338,25,22,146,1450,5795,18,127,242,340,111,81,1861,48,68,85,32,141,388,74,2694,79,342,53,2,11986,16935,1453,199,152,337,1780,23,300,105,169,186,27,210,254,1257,108,94,823,4,184,99,3,334,65,13,1208,293,3087,67124,4184,53,12035,13917,534,12213,1231,159,1430,743,598,3,878,2469,2190,63,1323,9764,880,13475,281,1355,1128,2564,628,17503,359,1780,958,206,627,115,27,7832,5493,429,4291,1776,4945,8093,83,1273,622,286,822,7327,72,92,34,27,5,4,390,67,126,3796,1556,138,1076,9429,803,286,245,281,184,628,1187,1910,2057,9,50,14,233,10,475,122,698,4743,11,7,105,216,193,5031,1693,13294,560,11631,13886,3902,8411,3445,10411,25,9074,11077,2881,3294,8610,4753,1768,227,77,173,13,93,204,45,14,9,14,1131,34,8809,4208,2100,68,50018,10512,835,7365,4548,229,1193,10455,4582,14227,1853,10477,51,10025,2,97,160,9,65,196,64,885,475,8,129,196,120,187,77,574,351,85,41,1103,619,523,679,220,66,121,142,84,83,65,116,254,1505,286,87,1860,796,546,3173,9916,250,420,1768,330,197,152,131,221,122,39,1887,79,161,1127,82,574,89,981,218,218,110,185,106,92,166,532,623,172,206,112,614,716,131,200,155,1031,8,14,70,126,119,130,4510,18,2515,9,129,36,1340,162,2060,2826,1519,2,643,21,34,196,2166,16546,92,579,485,246,15,747,37,51,105,5296,1759,803,333,16,82,33,3,9,147,937,1135,130,1373,98,103,489,12095,114,481,52305,133,2464,217,1126,297,664,66,173,1774,175,238,218,98,93,66,1659,239,189,232,179,263,277,6068,21,2247,542,3,7142,1917,10,50,1769,216,7,1409,142,420,68,819,229,6267,980,172,201,226,127,267,175,282,50,5,250,3,480,68,6,34,121,59,193,229,6287,1158,2327,2140,554,124,1029,32,12891,42,3763,453,3987,267,92,713,4,11000,3102,2849,14394,1039,3933,58,28,89,179,109,249,153,254,1438,215,4,63,214,3,11,906,859,3,92,30,6460,11132,8816,2266,11184,1825,63,17266,28126,4604,12967,25866,24756,48,30,151,181,50,231,309,117,129,176,1876,0.0,0.0,0.0,0.0,0.0,0.0,0.0,0.0,0.0,0.0,0.0,0.0,0.0,0.0,0.0,0.0,0.0,0.0,0.0,0.0,0.0,0.0,0.0,0.0,0.0,0.0,0.0,0.0,0.0,0.0,0.0,0.0,0.0,0.0,0.0,0.0,0.0,0.0,0.0,0.0,0.0,0.0,0.0,0.0,0.0,0.0,0.0,0.0,0.0,0.0,0.0,0.0,0.0,0.0,0.0,0.0,0.0,0.0,0.0,0.0,0.0,0.0,0.0,0.0,0.0,0.0,0.0,0.0,0.0,0.0,0.0,0.0,0.0,0.0,0.0,0.0,0.0,0.0,0.0,0.0,0.0,0.0,0.0,0.0,0.0,0.0,0.0,0.0,0.0,0.0,0.0,0.0,0.0,0.0,0.0,0.0,0.0,0.0,0.0,0.0,0.0,0.0,0.0,0.0,0.0,0.0,0.0,0.0,0.0,0.0,0.0,0.0,0.0,0.0,0.0,0.0,0.0,0.0,0.0,0.0,0.0,0.0,0.0,0.0,0.0,0.0,0.0,0.0,0.0,0.0,0.0,0.0,0.0,0.0,0.0,0.0,0.0,0.0,0.0,0.0,0.0,0.0,0.0,0.0,0.0,0.0,0.0,0.0,0.0,0.0
ENCFF370NAO,0.15228969809909784,99957,272,6772,137826,1893,336188,19895,1322,669,805,1114,12318,5809,18760,104123,78689,5291,1707,15874,12183,226,1453,93,204,178,3958,4154,13071,92902,9055,440,140,1517,8645,7901,122,7907,61,6,20319,24546,242,1150,271,70,2387,21535,115449,338,2145,6071,6653,748,417,10596,303,909,651,423,1889,5244,1373,45098,6149,305,1228,45,140540,157696,11634,5586,3340,7222,9607,517,5980,2896,3562,4095,1155,5447,5191,7727,1897,3546,16310,49,4005,3400,55,2156,550,115,5988,4522,50358,447733,21818,357,57530,91819,11284,77253,5406,3192,8810,2929,3428,87,6862,15379,16739,579,12365,73659,6506,154746,787,3765,4662,18225,1785,314037,5851,14459,5370,1144,4912,1013,311,58353,25121,2197,163341,26997,22275,63314,254,15144,17240,5447,9418,130809,740,555,487,214,62,56,4586,917,453,23081,7451,563,9787,153327,13855,811,5841,4668,4375,7393,8677,8178,11183,121,376,327,5209,112,6592,2934,1870,608,101,32,2522,1578,5245,30786,15052,102494,9120,70151,87961,42763,141760,46590,88025,803,65147,83882,22212,20863,61513,44185,14617,2909,479,1989,81,3275,5320,300,87,102,100,10062,393,189474,37653,30494,1315,394943,112654,9865,70253,76063,2312,1060,105913,56232,180822,7565,81275,242,73714,44,677,1406,18,1421,4085,719,16170,6603,85,3630,3546,3007,4699,2148,10569,6270,321,445,18697,11270,5608,5541,7558,1756,3725,3703,2009,1453,1081,574,5980,15454,4100,1727,4365,9770,8044,51516,150707,3975,9924,7300,4985,3963,3099,3125,4459,2728,92,18593,2424,6456,12968,1557,5725,2343,12070,6546,4871,3717,4605,400,2280,1684,11194,9230,3984,4160,3705,6592,6451,5366,3354,5537,14211,62,62,2110,3710,967,948,30669,312,18938,53,665,113,16190,1401,15684,16167,24350,100,6898,161,132,5689,7054,256489,1320,4372,7718,2779,196,9042,240,1286,3165,54396,21822,9634,3100,122,253,224,63,130,2841,5896,5214,3049,10015,3109,2048,6026,222304,945,7349,246232,2090,16008,4551,26624,5622,9075,1311,1125,10272,3817,4583,4857,1768,1522,525,24638,6136,4472,4993,1994,5096,5571,65235,66,45307,3528,167,58687,13859,66,910,11936,2396,85,25175,3627,1489,301,13576,4690,57638,9698,1363,3068,4900,2491,3962,4222,2203,2425,55,1615,56,6452,320,98,195,535,1246,895,2972,127758,4420,38467,17022,3658,1817,1515,680,60641,288,34030,5273,21548,3140,291,5878,13,94475,17028,28372,114020,4722,89641,713,559,1876,4618,2093,4238,3913,4791,24616,4371,74,426,5226,110,156,7067,7401,66,422,164,56165,94717,80774,19230,75598,9847,937,200128,208138,35488,99683,159647,178426,722,264,3146,3116,1076,4239,1356,805,363,1905,17457,0.0,0.0,0.0,0.0,0.0,0.0,0.0,0.0,0.0,0.0,0.0,0.0,0.0,0.0,0.0,0.0,0.0,0.0,0.0,0.0,0.0,0.0,0.0,0.0,0.0,0.0,0.0,0.0,0.0,0.0,0.0,0.0,0.0,0.0,0.0,0.0,0.0,0.0,0.0,0.0,0.0,0.0,0.0,0.0,0.0,0.0,0.0,0.0,0.0,0.0,0.0,0.0,0.0,0.0,0.0,0.0,0.0,0.0,0.0,0.0,0.0,0.0,0.0,0.0,0.0,0.0,0.0,0.0,0.0,0.0,0.0,0.0,0.0,0.0,0.0,0.0,0.0,0.0,0.0,0.0,0.0,0.0,0.0,0.0,0.0,0.0,0.0,0.0,0.0,0.0,0.0,0.0,0.0,0.0,0.0,0.0,0.0,0.0,0.0,0.0,0.0,0.0,0.0,0.0,0.0,0.0,0.0,0.0,0.0,0.0,0.0,0.0,0.0,0.0,0.0,0.0,0.0,0.0,0.0,0.0,0.0,0.0,0.0,0.0,0.0,0.0,0.0,0.0,0.0,0.0,0.0,0.0,0.0,0.0,0.0,0.0,0.0,0.0,0.0,0.0,0.0,0.0,0.0,0.0,0.0,0.0,0.0,0.0,0.0,0.0
ENCFF000VGU,0.09363996695859088,1757,14,265,3947,267,21312,650,39,168,20,53,263,1684,1997,1414,9999,851,44,366,379,18,38,3,8,8,69,6,417,2691,207,7,9,39,227,233,2,232,0,4,711,695,16,48,14,12,103,613,2956,0,70,87,167,21,19,331,15,16,36,6,59,135,50,1610,204,21,1,7,5732,3118,323,163,106,91,248,12,175,58,122,121,35,136,146,221,71,58,396,2,111,69,2,95,10,0,79,162,1636,11103,542,14,1600,2611,301,2238,165,68,241,53,77,1,134,404,443,8,343,1568,1008,7913,235,1020,653,712,449,10501,229,314,156,40,140,21,2,1511,3764,9,993,1838,614,1413,1,365,276,159,194,3168,32,11,19,5,3,2,134,25,45,677,253,43,316,3959,448,26,137,133,127,210,232,190,293,9,3,4,116,3,234,96,273,184,0,4,70,51,125,712,384,2690,208,3905,2926,1120,2443,1133,2365,39,1794,2262,620,520,1980,1067,860,58,3,31,6,55,110,7,4,1,16,211,110,2860,1181,4455,25,22100,3112,236,2154,4553,59,43,3990,1322,5711,1876,2731,17,2110,2,18,73,31,24,123,18,308,140,2,75,119,72,105,61,341,199,13,29,375,312,139,124,165,44,78,87,59,57,32,26,148,392,170,50,155,270,222,1599,11991,9,254,167,134,97,89,72,121,67,3,916,65,85,385,45,184,52,227,124,169,81,125,9,64,45,265,294,114,138,99,180,137,94,78,109,402,1,6,52,78,41,38,795,6,555,3,50,5,465,48,471,393,589,7,242,17,10,163,194,14325,27,245,214,83,0,299,12,26,79,1345,545,289,63,11,21,13,0,3,80,129,181,100,241,72,66,127,7340,45,183,6703,78,424,120,641,22,326,42,4,222,106,148,147,95,51,10,55,178,126,141,52,183,169,1652,8,742,143,0,1503,383,2,16,340,183,3,513,106,46,16,377,188,2412,441,34,110,130,54,108,99,54,43,0,50,6,143,10,2,29,21,93,279,57,3767,900,1178,1390,455,82,50,26,1589,2,900,169,663,113,21,148,0,2340,425,832,3174,1270,2521,24,55,32,89,46,143,68,153,401,135,1,15,127,1,1,252,195,1,4,16,1614,3020,2529,670,2237,317,47,5519,6275,1086,3201,4455,5318,57,24,98,116,29,131,63,13,20,55,447,0.0,0.0,0.0,0.0,0.0,0.0,0.0,0.0,0.0,0.0,0.0,0.0,0.0,0.0,0.0,0.0,0.0,0.0,0.0,0.0,0.0,0.0,0.0,0.0,0.0,0.0,0.0,0.0,0.0,0.0,0.0,0.0,0.0,0.0,0.0,0.0,0.0,0.0,0.0,0.0,0.0,0.0,0.0,0.0,0.0,0.0,0.0,0.0,0.0,0.0,0.0,0.0,0.0,0.0,0.0,0.0,0.0,0.0,0.0,0.0,0.0,0.0,0.0,0.0,0.0,0.0,0.0,0.0,0.0,0.0,0.0,0.0,0.0,0.0,0.0,0.0,0.0,0.0,0.0,0.0,0.0,0.0,0.0,0.0,0.0,0.0,0.0,0.0,0.0,0.0,0.0,0.0,0.0,0.0,0.0,0.0,0.0,0.0,0.0,0.0,0.0,0.0,0.0,0.0,0.0,0.0,0.0,0.0,0.0,0.0,0.0,0.0,0.0,0.0,0.0,0.0,0.0,0.0,0.0,0.0,0.0,0.0,0.0,0.0,0.0,0.0,0.0,0.0,0.0,0.0,0.0,0.0,0.0,0.0,0.0,0.0,0.0,0.0,0.0,0.0,0.0,0.0,0.0,0.0,0.0,0.0,0.0,0.0,0.0,0.0
ENCFF746RWX,0.16367972513316356,26074,138,3006,36278,776,101960,3738,256,516,170,300,2846,4612,11448,19702,32510,3438,250,3868,3888,74,376,46,30,34,822,670,2986,19414,2144,174,104,334,1660,1440,62,1406,18,10,5452,6526,40,362,46,34,422,4746,23202,144,434,1084,1396,246,170,3186,102,176,256,66,402,1244,576,13094,856,392,186,56,42674,33998,3368,934,714,1048,2184,128,1072,528,756,900,206,984,1044,2144,394,538,3580,8,806,458,12,624,82,18,820,1470,15616,111152,6002,76,15954,24804,2140,21066,968,648,2716,838,908,8,1486,4100,4008,108,3514,18528,2466,28260,518,2044,2080,5824,938,44332,1316,3658,1596,406,1356,198,60,14020,14426,420,25272,9414,5218,15440,158,3842,2272,1106,2434,46236,234,150,148,72,14,28,1292,192,328,7364,2500,362,2806,37826,3808,234,992,492,502,2100,2522,2088,2518,30,56,22,1010,4,1642,582,746,76,52,26,480,512,942,8638,4220,26994,1848,22860,23358,11688,26254,10624,23238,198,17766,21592,6138,5490,15170,11336,3990,724,110,464,60,414,890,90,36,18,10,2768,308,37962,10816,12424,174,131336,29692,2814,21170,25620,560,344,32368,15360,53654,4578,24306,212,21482,20,236,434,64,292,796,136,3264,1326,10,682,894,592,890,448,2162,1324,138,168,3798,2204,1414,1536,1148,384,598,832,294,326,254,266,1086,4588,1184,338,1394,2088,1988,11862,37374,548,2078,1656,1186,842,616,660,874,556,36,4370,388,788,3260,342,1252,358,3236,1090,934,686,822,66,476,448,2254,2204,858,920,710,1452,1204,678,734,990,3816,14,20,372,644,242,178,7728,56,5346,22,336,20,4028,368,3914,4398,5736,16,1692,78,80,1164,2234,72552,366,1124,1630,824,68,2882,82,88,400,12414,4788,2562,734,4,92,60,12,26,682,760,1452,456,2772,468,408,1490,47842,314,2000,74682,448,3528,942,4724,766,2234,266,296,3020,826,930,894,354,372,188,3434,1072,850,1048,398,1072,1200,15870,44,7698,1504,24,14662,4124,28,158,4164,360,24,5352,846,598,124,2654,978,22004,4034,460,768,1012,424,1050,846,672,670,22,674,6,1154,50,18,50,296,118,726,600,31886,2212,10522,5582,1276,492,506,78,17606,120,9002,1348,7020,672,276,1888,16,20526,3776,6880,29942,3612,20824,232,258,326,676,408,1038,798,1280,4876,940,30,120,1062,20,14,2254,2178,10,194,98,14446,30866,24168,6254,22472,2696,874,54266,62746,10958,31894,46018,51836,206,124,682,670,160,844,634,192,312,428,4842,0.0,0.0,0.0,0.0,0.0,0.0,0.0,0.0,0.0,0.0,0.0,0.0,0.0,0.0,0.0,0.0,0.0,0.0,0.0,0.0,0.0,0.0,0.0,0.0,0.0,0.0,0.0,0.0,0.0,0.0,0.0,0.0,0.0,0.0,0.0,0.0,0.0,0.0,0.0,0.0,0.0,0.0,0.0,0.0,0.0,0.0,0.0,0.0,0.0,0.0,0.0,0.0,0.0,0.0,0.0,0.0,0.0,0.0,0.0,0.0,0.0,0.0,0.0,0.0,0.0,0.0,0.0,0.0,0.0,0.0,0.0,0.0,0.0,0.0,0.0,0.0,0.0,0.0,0.0,0.0,0.0,0.0,0.0,0.0,0.0,0.0,0.0,0.0,0.0,0.0,0.0,0.0,0.0,0.0,0.0,0.0,0.0,0.0,0.0,0.0,0.0,0.0,0.0,0.0,0.0,0.0,0.0,0.0,0.0,0.0,0.0,0.0,0.0,0.0,0.0,0.0,0.0,0.0,0.0,0.0,0.0,0.0,0.0,0.0,0.0,0.0,0.0,0.0,0.0,0.0,0.0,0.0,0.0,0.0,0.0,0.0,0.0,0.0,0.0,0.0,0.0,0.0,0.0,0.0,0.0,0.0,0.0,0.0,0.0,0.0
ENCFF000ZLU,0.07761265645510809,1937,23,207,1959,43,5030,375,26,30,16,31,196,228,445,850,1518,194,14,219,302,8,37,1,3,1,45,38,179,1164,193,13,9,22,133,119,2,110,2,2,427,609,0,48,0,4,38,382,1304,8,42,68,68,20,35,394,9,17,23,21,58,87,16,657,13,23,14,3,2801,2955,433,54,43,49,365,12,84,27,40,69,16,67,55,236,32,25,209,2,44,23,1,87,31,2,108,84,622,10244,590,3,1728,2326,122,2081,117,40,274,95,103,1,183,414,423,5,254,1899,181,1587,40,172,135,519,69,2227,90,373,148,39,191,20,3,1734,730,24,1008,415,735,1540,7,260,130,73,241,2091,22,16,3,10,3,1,129,19,33,532,233,28,224,1909,215,27,61,80,72,153,262,259,321,15,11,5,49,6,111,39,269,335,1,2,38,46,64,936,378,2711,125,1632,2059,811,1874,777,1554,15,1572,1834,628,569,1371,1109,380,57,7,48,10,33,52,11,6,1,1,257,19,2241,703,560,72,11938,2055,217,1596,1301,69,40,2253,959,3040,260,2424,10,2617,3,12,49,21,17,51,17,211,127,1,38,58,29,65,22,160,84,9,17,266,180,109,148,79,23,33,40,33,19,18,29,63,281,75,23,113,162,109,820,2258,28,141,176,84,50,45,29,42,33,4,429,32,38,314,12,86,28,212,72,73,36,48,5,22,21,140,135,44,57,47,155,72,41,49,62,206,4,0,20,32,43,8,818,11,576,4,33,6,379,54,389,361,402,3,148,8,13,63,210,3698,32,112,145,69,4,144,7,22,31,750,289,161,87,0,10,9,0,4,39,75,195,64,208,33,17,122,2711,13,141,7284,29,332,48,265,42,139,15,24,236,60,60,62,28,18,10,180,81,55,74,23,70,84,1546,8,642,133,1,1606,419,2,20,321,33,3,381,45,69,12,194,73,1107,157,35,53,63,27,69,51,76,21,5,57,3,115,9,1,6,29,15,40,22,1575,144,565,328,98,34,62,13,2172,9,815,95,739,79,21,191,1,1591,297,544,2250,216,744,10,13,16,40,29,68,38,98,555,51,3,16,65,0,6,258,229,0,10,19,1381,2216,1684,394,1985,259,34,3942,5085,737,2226,3827,4562,19,18,44,46,18,64,91,19,25,30,367,0.0,0.0,0.0,0.0,0.0,0.0,0.0,0.0,0.0,0.0,0.0,0.0,0.0,0.0,0.0,0.0,0.0,0.0,0.0,0.0,0.0,0.0,0.0,0.0,0.0,0.0,0.0,0.0,0.0,0.0,0.0,0.0,0.0,0.0,0.0,0.0,0.0,0.0,0.0,0.0,0.0,0.0,0.0,0.0,0.0,0.0,0.0,0.0,0.0,0.0,0.0,0.0,0.0,0.0,0.0,0.0,0.0,0.0,0.0,0.0,0.0,0.0,0.0,0.0,0.0,0.0,0.0,0.0,0.0,0.0,0.0,0.0,0.0,0.0,0.0,0.0,0.0,0.0,0.0,0.0,0.0,0.0,0.0,0.0,0.0,0.0,0.0,0.0,0.0,0.0,0.0,0.0,0.0,0.0,0.0,0.0,0.0,0.0,0.0,0.0,0.0,0.0,0.0,0.0,0.0,0.0,0.0,0.0,0.0,0.0,0.0,0.0,0.0,0.0,0.0,0.0,0.0,0.0,0.0,0.0,0.0,0.0,0.0,0.0,0.0,0.0,0.0,0.0,0.0,0.0,0.0,0.0,0.0,0.0,0.0,0.0,0.0,0.0,0.0,0.0,0.0,0.0,0.0,0.0,0.0,0.0,0.0,0.0,0.0,0.0
ENCFF294OVE,0.19271320883330742,58675,265,10039,60452,2062,163168,8147,574,1002,445,907,6589,10507,18826,35166,59588,7286,630,9766,12538,223,876,154,63,68,1317,196,6071,44601,4935,464,273,750,3408,3071,72,3092,50,12,12751,16532,92,1019,86,65,740,10595,38189,39,967,1728,2834,675,476,8314,215,458,732,222,1043,2833,1329,25036,1229,667,131,45,100115,90641,8765,1984,1457,1668,6388,192,2163,1011,1530,1699,402,1850,2060,5904,793,970,7093,39,1773,1000,47,1870,275,46,3929,2803,38985,309474,19694,235,49993,66524,4357,57975,1860,1206,7403,2543,2845,25,4202,10635,10526,166,8647,44223,6349,45455,1496,7023,6925,16915,3432,63389,2804,10308,5621,1383,3908,531,164,44294,28182,236,34946,17661,14790,37783,105,9321,3982,2039,5599,80452,1030,297,188,175,72,65,3134,410,692,21625,7571,1020,7902,69829,7087,631,2055,1147,1107,5000,8269,7040,6916,121,182,59,1882,50,3721,1136,1656,179,37,50,891,1239,1766,24450,10861,69127,4494,55156,54585,26746,59383,23838,52711,424,48681,59093,16200,15630,37592,29760,10134,1907,44,1632,111,859,1680,254,151,42,78,6825,753,66460,25035,23798,294,305171,68162,6360,47874,48920,1297,990,82857,38188,117939,11414,71499,435,65091,65,514,1171,150,650,1787,276,6545,2772,43,1175,1838,1276,1715,795,4513,2417,334,418,7941,4563,3167,3463,2090,626,1104,1336,675,701,552,830,2115,11159,2886,778,3189,4272,4142,25150,100985,371,3593,4576,2526,1466,1208,1278,1794,1024,177,10885,882,1388,7347,726,2583,754,6958,1966,1796,1226,1732,225,876,1110,4420,4889,1584,1829,1367,3679,2633,1210,1619,1583,8098,38,63,846,1212,656,592,20891,144,15438,39,889,80,9111,1059,10384,12087,13562,49,4187,243,382,2040,4891,153803,768,3130,3739,1639,67,6209,190,180,864,26931,10938,5277,1648,20,253,225,15,49,1374,1703,3784,921,7471,998,909,4385,86466,643,4296,225210,952,7849,1844,8854,484,5037,607,99,5801,1585,1793,1826,729,847,324,1523,2099,1770,1970,809,1980,2309,38041,120,15294,4246,28,38957,10605,173,344,10581,950,101,11168,1485,1628,418,5259,2077,57647,7835,1046,1679,1942,917,1752,1615,1650,1163,16,1894,35,3077,175,26,220,582,276,1780,1599,71892,6156,22473,13937,3371,1197,1549,203,52630,109,25264,2970,18578,1786,744,4612,41,51789,10269,16517,74118,13623,34385,439,320,726,1591,791,1956,1446,2685,12552,1880,76,247,1946,29,27,5970,5111,37,229,378,39290,81671,56058,15380,60392,6658,675,130844,165821,25666,85269,114275,137783,392,394,1498,1324,480,1539,1699,509,661,1044,11775,0.0,0.0,0.0,0.0,0.0,0.0,0.0,0.0,0.0,0.0,0.0,0.0,0.0,0.0,0.0,0.0,0.0,0.0,0.0,0.0,0.0,0.0,0.0,0.0,0.0,0.0,0.0,0.0,0.0,0.0,0.0,0.0,0.0,0.0,0.0,0.0,0.0,0.0,0.0,0.0,0.0,0.0,0.0,0.0,0.0,0.0,0.0,0.0,0.0,0.0,0.0,0.0,0.0,0.0,0.0,0.0,0.0,0.0,0.0,0.0,0.0,0.0,0.0,0.0,0.0,0.0,0.0,0.0,0.0,0.0,0.0,0.0,0.0,0.0,0.0,0.0,0.0,0.0,0.0,0.0,0.0,0.0,0.0,0.0,0.0,0.0,0.0,0.0,0.0,0.0,0.0,0.0,0.0,0.0,0.0,0.0,0.0,0.0,0.0,0.0,0.0,0.0,0.0,0.0,0.0,0.0,0.0,0.0,0.0,0.0,0.0,0.0,0.0,0.0,0.0,0.0,0.0,0.0,0.0,0.0,0.0,0.0,0.0,0.0,0.0,0.0,0.0,0.0,0.0,0.0,0.0,0.0,0.0,0.0,0.0,0.0,0.0,0.0,0.0,0.0,0.0,0.0,0.0,0.0,0.0,0.0,0.0,0.0,0.0,0.0
ENCFF938SUL,0.06552780796982832,68292,731,3568,16455,162,23517,5129,227,196,187,692,2806,1166,3611,9863,5694,1509,227,3396,3706,109,379,63,41,39,703,4120,2171,13867,2355,159,318,324,1181,1046,143,1218,49,123,6056,6401,42,546,52,210,367,3991,15243,728,331,710,884,294,390,4431,134,212,335,228,454,1447,162,7117,652,883,1148,225,29892,32816,4563,667,472,1554,3743,182,813,328,527,608,144,616,717,2364,302,318,2446,9,487,330,13,731,136,30,776,790,8773,110062,6325,92,17359,26540,1639,22883,1176,413,3093,1129,1161,15,2321,5532,5600,84,3748,19215,980,10912,109,459,849,5383,202,14178,933,3662,1848,633,1634,191,69,18480,4425,2682,12353,3722,10411,16166,792,3278,1654,840,3002,21564,241,688,58,76,30,20,1280,133,845,6647,2755,337,2520,17809,2051,278,741,924,1118,1994,2598,2219,4504,94,135,19,634,15,1282,386,1814,4126,122,18,573,508,636,10115,4093,30265,1475,16301,19563,9587,18717,9074,19161,128,18331,21833,7641,5781,16577,11697,4631,606,888,578,307,300,554,117,64,23,35,2621,120,22672,7208,3082,235,180347,24051,2899,17695,11586,759,474,25779,12147,34347,1032,28599,175,25782,54,220,873,471,152,590,188,2451,1415,57,449,665,352,614,246,1615,917,459,177,2937,1776,1361,1820,763,247,409,471,207,231,185,464,758,4152,736,237,1289,1632,1552,7003,32864,2891,1566,2532,849,512,419,366,622,329,172,5011,300,543,3229,237,1027,265,2718,665,660,354,582,404,292,554,1530,1590,544,624,476,1511,979,492,491,629,2841,34,23,263,369,527,237,9617,86,6312,9,317,54,3838,486,4738,4592,4699,11,1734,74,132,951,2569,38923,545,1779,1510,698,283,2061,101,135,467,10998,4526,3600,737,24,222,74,7,39,462,828,1828,380,2676,325,316,773,22641,434,1475,76975,400,3422,639,3496,4451,1902,184,1856,6700,529,656,680,278,274,180,22647,787,596,681,413,714,834,15286,50,6612,1563,24,17101,4277,24,151,5123,528,45,4333,520,1189,196,2091,671,11278,1749,931,593,700,314,730,541,881,607,24,713,24,1265,232,82,82,636,244,222,530,16280,440,5433,2868,418,282,646,77,22557,470,10882,1816,7113,731,245,1739,79,22663,4225,7352,32328,2812,9949,256,260,238,827,716,725,458,1254,5468,640,46,514,715,29,11,2435,2143,13,951,114,15176,27935,19860,5291,21850,2524,722,42498,60295,8743,26349,44150,52315,108,103,536,421,143,548,1015,231,267,472,4279,0.0,0.0,0.0,0.0,0.0,0.0,0.0,0.0,0.0,0.0,0.0,0.0,0.0,0.0,0.0,0.0,0.0,0.0,0.0,0.0,0.0,0.0,0.0,0.0,0.0,0.0,0.0,0.0,0.0,0.0,0.0,0.0,0.0,0.0,0.0,0.0,0.0,0.0,0.0,0.0,0.0,0.0,0.0,0.0,0.0,0.0,0.0,0.0,0.0,0.0,0.0,0.0,0.0,0.0,0.0,0.0,0.0,0.0,0.0,0.0,0.0,0.0,0.0,0.0,0.0,0.0,0.0,0.0,0.0,0.0,0.0,0.0,0.0,0.0,0.0,0.0,0.0,0.0,0.0,0.0,0.0,0.0,0.0,0.0,0.0,0.0,0.0,0.0,0.0,0.0,0.0,0.0,0.0,0.0,0.0,0.0,0.0,0.0,0.0,0.0,0.0,0.0,0.0,0.0,0.0,0.0,0.0,0.0,0.0,0.0,0.0,0.0,0.0,0.0,0.0,0.0,0.0,0.0,0.0,0.0,0.0,0.0,0.0,0.0,0.0,0.0,0.0,0.0,0.0,0.0,0.0,0.0,0.0,0.0,0.0,0.0,0.0,0.0,0.0,0.0,0.0,0.0,0.0,0.0,0.0,0.0,0.0,0.0,0.0,0.0
ENCFF002ELM,0.13033217250257356,91327,320,2037,32328,386,118296,8195,391,189,190,447,3954,1344,4681,19853,16593,1477,638,6121,4105,118,574,37,103,75,1422,8031,3652,29689,3707,112,44,459,2744,2402,38,3074,38,8,6303,7410,67,340,78,46,777,6492,21218,439,774,1962,1927,181,224,4260,109,262,162,197,795,2253,530,13067,661,327,2082,123,37501,36095,4102,1691,986,2245,5286,81,1891,922,982,1187,363,1631,1759,2343,571,1079,4783,35,1088,1079,10,869,941,76,1227,1021,16977,122395,6770,128,17985,28325,3816,24102,1843,917,2870,1180,1444,29,3046,5988,6181,97,4114,29050,1357,43726,184,925,1085,5425,403,69484,1662,4416,1891,313,1749,222,31,23157,4357,3296,22910,6530,11960,20709,634,4398,7273,1562,2884,37970,248,493,52,67,49,20,1411,428,521,8053,2780,223,3826,32392,2307,206,1947,1295,828,2124,2922,3072,5034,49,95,74,1518,50,1744,804,903,44,37,15,628,404,1660,9069,4519,31486,2703,18541,27283,11612,29861,14139,25547,136,20814,26959,7564,7725,22241,14348,4188,889,409,922,13,1123,1663,114,54,35,93,2940,45,50286,8565,5809,453,185399,33353,3690,19123,20029,787,425,28449,14958,47778,1695,30021,70,27191,35,218,633,23,443,1173,327,5296,2013,34,1037,961,816,1452,696,3335,1726,272,156,5331,3832,1887,2572,2355,433,1345,1072,701,414,318,344,1467,4557,1073,553,1399,3141,2362,9258,30418,6108,3108,2850,1440,1168,920,923,1249,682,158,6969,740,2226,4617,442,1813,773,3961,2305,1504,1179,1396,359,599,683,3534,2549,1322,1147,1055,2330,2128,1602,850,1560,3870,41,27,590,1140,544,500,10275,171,7606,50,165,81,4874,511,5890,5133,7378,32,2212,70,37,1732,2579,60581,635,1653,2814,930,53,2598,143,433,1186,18328,7551,4923,974,62,148,68,27,59,802,1352,1896,995,3952,1002,578,1624,47759,280,2138,79570,580,4985,1277,8380,8134,2607,360,1096,4689,1106,1564,1516,428,373,84,51404,2080,1434,1412,603,1398,1659,20915,43,14656,1003,35,21823,8977,29,317,4300,937,40,7397,1028,1015,126,4369,1352,18600,1986,1221,1017,1453,865,1085,1194,1066,925,25,879,78,2144,131,65,49,473,546,151,838,26208,964,7372,3550,548,576,592,285,21705,477,10276,1507,7064,1033,61,2013,2,29765,5690,10139,37549,1142,16626,144,322,518,1463,804,1240,1147,1470,7016,1261,21,122,1491,50,43,2294,2163,4,380,99,20898,32282,26984,6559,24480,3610,599,54667,71125,11066,31110,55900,61920,148,55,890,819,420,1192,643,257,168,641,5496,0.0,0.0,0.0,0.0,0.0,0.0,0.0,0.0,0.0,0.0,0.0,0.0,0.0,0.0,0.0,0.0,0.0,0.0,0.0,0.0,0.0,0.0,0.0,0.0,0.0,0.0,0.0,0.0,0.0,0.0,0.0,0.0,0.0,0.0,0.0,0.0,0.0,0.0,0.0,0.0,0.0,0.0,0.0,0.0,0.0,0.0,0.0,0.0,0.0,0.0,0.0,0.0,0.0,0.0,0.0,0.0,0.0,0.0,0.0,0.0,0.0,0.0,0.0,0.0,0.0,0.0,0.0,0.0,0.0,0.0,0.0,0.0,0.0,0.0,0.0,0.0,0.0,0.0,0.0,0.0,0.0,0.0,0.0,0.0,0.0,0.0,0.0,0.0,0.0,0.0,0.0,0.0,0.0,0.0,0.0,0.0,0.0,0.0,0.0,0.0,0.0,0.0,0.0,0.0,0.0,0.0,0.0,0.0,0.0,0.0,0.0,0.0,0.0,0.0,0.0,0.0,0.0,0.0,0.0,0.0,0.0,0.0,0.0,0.0,0.0,0.0,0.0,0.0,0.0,0.0,0.0,0.0,0.0,0.0,0.0,0.0,0.0,0.0,0.0,0.0,0.0,0.0,0.0,0.0,0.0,0.0,0.0,0.0,0.0,0.0
ENCFF002BAA,0.18238652272074468,97008,335,7307,68349,1307,154498,9617,511,1044,549,992,6557,9358,19160,42599,59638,7060,722,10015,10048,266,1134,146,115,107,1591,4265,6318,62200,6178,436,359,890,3417,3233,145,3601,29,37,13445,18678,121,1314,104,90,983,10695,43816,588,1014,2007,2841,767,489,9681,287,627,675,222,1252,3058,1410,22424,1470,703,1221,182,90909,96187,11309,2089,1414,2702,7320,471,2339,1051,1551,1712,458,1986,2221,6306,914,1094,7420,39,1767,979,25,2152,887,107,2896,2858,38283,290723,16419,205,45164,66560,4752,57877,2026,1316,8575,2654,2891,43,4604,11617,11620,315,7869,55025,5391,56104,924,3727,3962,14999,1685,89158,2599,10049,4843,1439,4365,649,186,46567,27337,2278,40479,16988,18575,45650,789,8610,6175,2279,6561,88122,500,873,268,166,62,69,3488,548,1093,18195,7384,1188,7260,72611,7393,702,2130,2143,1791,5227,7697,6659,8050,124,179,110,1975,58,3482,1168,1944,230,117,11,1199,1296,1852,24149,11833,73885,4309,56773,58000,26018,56451,24630,52150,547,45251,54895,17788,14818,39059,30825,10420,1616,886,1317,125,1097,1889,282,104,41,430,6758,722,75779,23178,25009,452,330954,67465,6531,50705,48238,1897,894,72453,34853,110366,8741,71087,451,67436,75,558,1406,577,612,1731,372,7027,3569,50,1369,1758,1181,1822,851,4426,2667,429,356,8662,5031,3719,4385,2443,686,1293,1466,739,715,542,796,2206,9627,2494,753,3159,4302,4088,22491,70034,2966,4347,4966,2391,1624,1202,1325,1904,1081,240,12500,916,1601,8800,701,2767,782,7504,2164,1875,1291,1797,332,959,1100,4766,4745,1564,1776,1423,4097,2740,1472,1582,2060,7684,61,76,780,1274,728,657,23830,288,15719,34,844,93,10842,1162,11734,11078,13825,55,4834,252,312,3813,6499,146946,1250,3415,3722,1914,292,5481,354,327,1121,27085,12121,6690,2242,158,369,199,25,79,1310,2537,3934,1036,6310,991,980,3519,102117,829,4136,200691,1106,10083,1952,9958,4663,4739,545,2054,10244,1651,1928,1945,678,847,500,23179,2291,1906,2012,950,2137,2364,43352,201,18850,4057,60,42591,11981,88,461,10045,1171,98,11935,1554,2008,445,5635,2217,42557,7304,1432,1501,1988,855,2242,1634,2199,1107,41,1664,63,3056,198,108,310,1099,651,1375,1402,64537,3676,19393,10176,2353,952,1524,347,55170,531,24442,3657,20040,2016,702,4854,72,50088,9368,16873,73895,4977,34943,551,290,710,1904,849,2077,1516,2896,14865,1959,74,712,2036,49,61,6703,6546,30,933,331,39106,71568,54988,13486,58190,6844,1536,124906,152199,23933,73871,110902,131042,585,329,1449,1399,407,1741,1977,610,772,1297,11840,0.0,0.0,0.0,0.0,0.0,0.0,0.0,0.0,0.0,0.0,0.0,0.0,0.0,0.0,0.0,0.0,0.0,0.0,0.0,0.0,0.0,0.0,0.0,0.0,0.0,0.0,0.0,0.0,0.0,0.0,0.0,0.0,0.0,0.0,0.0,0.0,0.0,0.0,0.0,0.0,0.0,0.0,0.0,0.0,0.0,0.0,0.0,0.0,0.0,0.0,0.0,0.0,0.0,0.0,0.0,0.0,0.0,0.0,0.0,0.0,0.0,0.0,0.0,0.0,0.0,0.0,0.0,0.0,0.0,0.0,0.0,0.0,0.0,0.0,0.0,0.0,0.0,0.0,0.0,0.0,0.0,0.0,0.0,0.0,0.0,0.0,0.0,0.0,0.0,0.0,0.0,0.0,0.0,0.0,0.0,0.0,0.0,0.0,0.0,0.0,0.0,0.0,0.0,0.0,0.0,0.0,0.0,0.0,0.0,0.0,0.0,0.0,0.0,0.0,0.0,0.0,0.0,0.0,0.0,0.0,0.0,0.0,0.0,0.0,0.0,0.0,0.0,0.0,0.0,0.0,0.0,0.0,0.0,0.0,0.0,0.0,0.0,0.0,0.0,0.0,0.0,0.0,0.0,0.0,0.0,0.0,0.0,0.0,0.0,0.0
ENCFF185SFC,0.18845310353794734,39437,324,3453,69839,1223,284728,12132,564,768,490,508,5311,5623,19720,31302,85243,3801,856,10621,5983,124,811,64,144,69,1750,888,5468,50080,4691,229,99,907,4084,3773,66,4048,36,5,10224,12990,89,542,154,62,1214,10012,41513,104,1012,2426,2749,394,220,6035,195,452,370,167,1094,2374,1418,21747,6139,803,221,34,69701,68048,6195,2384,1373,3302,5517,333,2670,1224,1528,1717,480,2073,2505,3943,859,1364,6792,23,1603,1355,40,1244,264,110,1850,1897,43409,203490,11636,117,30178,45475,4763,38490,2543,1299,5151,1628,1789,48,3416,7835,7993,274,6278,36400,4572,94600,477,2495,2648,9716,1174,145244,2710,7175,2921,533,2699,262,137,32556,23679,437,48703,17305,12076,30332,56,6991,13218,2397,4356,92488,726,184,257,122,38,112,2661,745,289,11775,4970,590,5474,70866,5019,470,2491,1877,1442,3797,4766,4434,5836,88,151,63,2210,30,2828,1256,1004,54591,22,4,959,789,2231,14804,7338,50038,4167,47907,47267,19727,49314,20982,40164,1086,33122,41466,11688,10177,31817,22622,7188,1354,104,1516,35,1274,2092,171,37,30,70,4459,423,75641,16831,29130,654,291596,57385,5158,37999,48378,1343,516,53091,28536,88681,7889,49788,261,43750,10,402,770,57,559,1839,389,6612,3692,50,1384,1550,1109,1916,889,4893,2855,133,332,8543,5017,3027,3129,2960,595,1527,1560,840,593,456,350,2329,6903,1634,677,2184,4668,3762,20211,34220,630,4472,3579,2192,1600,1223,1245,1760,972,57,9927,1179,2559,6710,593,2619,1078,5927,2569,2149,1331,1946,171,905,953,4794,3930,1614,1760,1567,3366,2858,2540,1380,2238,6887,44,58,861,1529,629,701,17639,319,10370,53,388,65,8205,873,9099,8601,12204,70,4340,107,85,4595,4108,203775,623,2498,3810,1496,37,4422,172,603,1654,27853,14281,4331,1678,28,105,127,34,62,1166,3115,2871,1394,4285,1230,1069,5564,146675,444,3310,127061,840,7958,1887,12582,1196,4285,623,231,4310,1629,2035,2216,651,696,309,5795,2822,2066,2199,838,2271,2616,32870,40,19408,1991,38,30885,9227,110,465,7120,1235,42,11105,1496,1037,172,6330,2164,36388,4185,536,1435,2094,1077,1853,1675,1319,1757,26,1093,20,3073,179,24,91,214,955,915,1700,49477,2724,14228,8192,1595,880,911,439,33873,115,17777,2177,11750,1627,168,3263,22,41429,7894,13363,51977,1615,37629,317,553,829,1940,1014,1936,1405,1843,13040,1847,21,247,2045,32,55,3602,4015,21,95,96,32837,46811,39707,10395,40768,5707,463,101716,110356,17706,48514,84319,96688,781,155,1361,1285,511,1704,909,279,205,929,8957,0.0,0.0,0.0,0.0,0.0,0.0,0.0,0.0,0.0,0.0,0.0,0.0,0.0,0.0,0.0,0.0,0.0,0.0,0.0,0.0,0.0,0.0,0.0,0.0,0.0,0.0,0.0,0.0,0.0,0.0,0.0,0.0,0.0,0.0,0.0,0.0,0.0,0.0,0.0,0.0,0.0,0.0,0.0,0.0,0.0,0.0,0.0,0.0,0.0,0.0,0.0,0.0,0.0,0.0,0.0,0.0,0.0,0.0,0.0,0.0,0.0,0.0,0.0,0.0,0.0,0.0,0.0,0.0,0.0,0.0,0.0,0.0,0.0,0.0,0.0,0.0,0.0,0.0,0.0,0.0,0.0,0.0,0.0,0.0,0.0,0.0,0.0,0.0,0.0,0.0,0.0,0.0,0.0,0.0,0.0,0.0,0.0,0.0,0.0,0.0,0.0,0.0,0.0,0.0,0.0,0.0,0.0,0.0,0.0,0.0,0.0,0.0,0.0,0.0,0.0,0.0,0.0,0.0,0.0,0.0,0.0,0.0,0.0,0.0,0.0,0.0,0.0,0.0,0.0,0.0,0.0,0.0,0.0,0.0,0.0,0.0,0.0,0.0,0.0,0.0,0.0,0.0,0.0,0.0,0.0,0.0,0.0,0.0,0.0,0.0
ENCFF836QCP,0.06576429886909267,1035829,6369,15479,1062,3,15878,3843,111,394,179,1283,1784,163,889,151,38,2198,1220,3010,6564,186,898,327,125,7,302,20234,1865,646,3269,846,4204,1609,981,729,1042,1244,8,1,8517,11303,32,737,36,1881,207,3283,218,7959,278,505,706,430,631,62898,208,401,274,78,744,726,1,26,93,160,2464,7,31044,57994,32222,467,350,15334,7647,476,574,278,361,523,88,458,510,4411,207,235,2145,77,393,233,146,2302,31,0,786,396,202,202149,10589,36,100307,49815,1434,44861,582,319,5575,2103,2092,0,73933,36821,16299,883,6695,95670,280,8312,0,1,393,7826,0,220,525,9038,4596,817,3013,451,88,30190,1757,13118,290,1110,12240,56285,34059,4877,289,574,5174,2086,138,6355,15,102,95,19,1938,198,374,13338,4251,820,2881,1446,763,2196,500,565,604,2145,2944,2618,26678,56,82,38,475,2,804,310,975,295,639,0,7509,594,480,22545,8586,76546,2374,18565,27058,10877,8661,16215,65283,128,37152,40283,12832,13791,36707,44828,5842,483,1296,252,19,257,449,147,136,85,2,5610,9,9782,6788,18,9,427051,22436,3389,25426,1168,1040,1012,28293,12335,21254,145,50986,108,44774,36,187,1764,2,138,465,241,2226,1990,5,301,497,300,470,211,1206,697,8543,417,4921,2297,1732,7514,619,169,314,376,196,171,128,2022,587,5484,2001,202,1296,1229,980,1948,578,29161,1664,26243,848,362,279,287,452,281,897,8033,277,416,4672,170,1025,168,3189,567,461,273,442,34,259,1513,1368,1205,416,550,315,3035,977,365,387,508,2133,618,32,175,300,312,15,27924,85,20491,45,525,23,4926,675,15117,9441,5339,0,2037,117,169,78,3409,14363,1092,5427,13166,1213,216,1399,141,70,646,12329,3677,1456,1224,440,1104,77,0,5,371,76,2796,286,2770,228,207,227,1089,2578,1051,157575,1044,5696,466,2867,22219,1440,184,14208,55771,400,528,538,227,172,325,275927,517,502,456,658,507,627,26173,91,7663,4405,9,88500,7928,10,238,10115,669,48,4760,366,1085,300,2059,502,404,347,5354,381,527,259,751,434,1543,67,0,4885,15,1646,122,91,218,4894,305,38,242,2045,26,2381,1112,126,138,649,24,61853,2004,36326,1352,12113,949,140,4458,9,30799,5203,10007,96990,784,753,693,89,163,659,3581,463,363,778,1289,454,12,6047,534,2,0,8339,4059,7,3804,533,19500,36326,32887,4235,29402,3914,164,36470,82260,13035,32228,59784,66327,151,243,384,328,113,438,1282,252,1015,439,7283,0.0,0.0,0.0,0.0,0.0,0.0,0.0,0.0,0.0,0.0,0.0,0.0,0.0,0.0,0.0,0.0,0.0,0.0,0.0,0.0,0.0,0.0,0.0,0.0,0.0,0.0,0.0,0.0,0.0,0.0,0.0,0.0,0.0,0.0,0.0,0.0,0.0,0.0,0.0,0.0,0.0,0.0,0.0,0.0,0.0,0.0,0.0,0.0,0.0,0.0,0.0,0.0,0.0,0.0,0.0,0.0,0.0,0.0,0.0,0.0,0.0,0.0,0.0,0.0,0.0,0.0,0.0,0.0,0.0,0.0,0.0,0.0,0.0,0.0,0.0,0.0,0.0,0.0,0.0,0.0,0.0,0.0,0.0,0.0,0.0,0.0,0.0,0.0,0.0,0.0,0.0,0.0,0.0,0.0,0.0,0.0,0.0,0.0,0.0,0.0,0.0,0.0,0.0,0.0,0.0,0.0,0.0,0.0,0.0,0.0,0.0,0.0,0.0,0.0,0.0,0.0,0.0,0.0,0.0,0.0,0.0,0.0,0.0,0.0,0.0,0.0,0.0,0.0,0.0,0.0,0.0,0.0,0.0,0.0,0.0,0.0,0.0,0.0,0.0,0.0,0.0,0.0,0.0,0.0,0.0,0.0,0.0,0.0,0.0,0.0
ENCFF000ZOU,0.046887318973638535,4716,26,647,5325,124,12005,650,35,85,21,84,397,738,1377,2659,4665,539,56,658,680,18,86,9,4,4,75,88,436,4552,419,29,28,65,320,204,7,227,3,6,947,1420,3,109,2,6,70,723,4144,7,90,113,174,65,40,811,27,49,48,18,120,198,90,2046,43,109,27,11,7774,7287,946,139,86,139,773,24,175,58,112,150,36,114,135,550,67,88,419,1,112,72,2,177,20,8,284,216,2096,22313,1543,12,4130,5497,305,4833,242,80,605,194,215,3,328,919,887,17,685,4220,513,5027,106,437,381,1123,220,6398,191,789,353,87,351,48,8,3939,2214,78,2636,1303,1534,3748,28,610,378,166,440,6469,78,29,8,18,2,5,253,47,75,1346,666,76,591,5653,548,47,122,201,170,337,543,513,699,9,14,2,135,3,272,97,948,7016,3,4,92,106,103,2241,945,5808,368,4130,4880,1955,5013,1739,3748,24,3622,4209,1317,1284,3143,2572,873,104,11,87,13,70,105,29,10,1,6,541,39,6794,1863,2166,20,26519,5052,575,4016,3992,149,86,5954,2480,8539,801,5585,22,5772,5,30,120,54,27,98,21,408,246,2,104,116,70,105,55,336,190,31,21,597,413,245,357,177,61,91,82,63,70,34,73,169,701,190,43,335,350,252,1928,6909,98,279,433,196,89,84,88,106,70,23,977,64,102,698,40,207,57,445,147,121,89,133,22,55,73,325,291,103,129,95,339,169,93,108,144,437,2,1,41,71,71,20,1822,11,1102,5,76,8,806,99,886,867,939,1,265,8,14,201,556,11709,66,248,307,164,12,320,22,11,106,1639,908,401,179,11,23,16,0,8,79,149,366,61,517,93,66,257,8211,49,232,17244,70,828,142,634,147,318,41,29,577,126,114,118,68,47,25,462,156,121,125,47,176,131,3230,9,1452,311,2,3677,966,3,44,816,91,7,911,100,160,39,424,156,4734,560,88,147,131,61,128,86,171,83,3,129,3,248,10,3,10,42,47,122,106,4684,427,1603,998,237,90,124,21,4767,15,1773,221,1620,178,42,380,6,3619,779,1203,5380,672,2880,26,23,36,119,37,137,81,166,1071,111,3,27,174,2,4,637,615,1,25,29,3324,5507,4080,1026,4705,653,30,9708,12056,1836,5637,9142,10668,53,33,90,112,41,123,170,41,56,70,870,0.0,0.0,0.0,0.0,0.0,0.0,0.0,0.0,0.0,0.0,0.0,0.0,0.0,0.0,0.0,0.0,0.0,0.0,0.0,0.0,0.0,0.0,0.0,0.0,0.0,0.0,0.0,0.0,0.0,0.0,0.0,0.0,0.0,0.0,0.0,0.0,0.0,0.0,0.0,0.0,0.0,0.0,0.0,0.0,0.0,0.0,0.0,0.0,0.0,0.0,0.0,0.0,0.0,0.0,0.0,0.0,0.0,0.0,0.0,0.0,0.0,0.0,0.0,0.0,0.0,0.0,0.0,0.0,0.0,0.0,0.0,0.0,0.0,0.0,0.0,0.0,0.0,0.0,0.0,0.0,0.0,0.0,0.0,0.0,0.0,0.0,0.0,0.0,0.0,0.0,0.0,0.0,0.0,0.0,0.0,0.0,0.0,0.0,0.0,0.0,0.0,0.0,0.0,0.0,0.0,0.0,0.0,0.0,0.0,0.0,0.0,0.0,0.0,0.0,0.0,0.0,0.0,0.0,0.0,0.0,0.0,0.0,0.0,0.0,0.0,0.0,0.0,0.0,0.0,0.0,0.0,0.0,0.0,0.0,0.0,0.0,0.0,0.0,0.0,0.0,0.0,0.0,0.0,0.0,0.0,0.0,0.0,0.0,0.0,0.0
ENCFF000VOX,0.08502455119325467,3567,16,342,2868,70,4300,458,49,53,23,60,213,412,723,1559,1856,371,40,322,400,19,53,9,4,6,56,174,231,1749,269,26,18,33,143,102,5,121,4,3,571,912,7,78,3,3,53,413,2280,15,80,88,95,38,25,566,17,35,33,17,78,117,16,846,53,60,77,10,3593,4188,625,63,43,90,494,17,80,37,51,87,18,70,80,369,35,30,212,2,69,40,1,124,15,0,147,96,868,14257,960,2,2469,3309,169,3066,145,31,435,124,115,2,212,585,634,17,337,2558,243,2270,44,222,186,660,92,3596,101,519,219,92,262,52,13,2569,1320,138,2744,731,1292,2372,28,350,171,74,310,2690,25,40,7,14,4,3,169,32,44,698,407,40,358,2899,304,46,65,181,189,232,439,369,479,6,16,2,53,5,115,62,240,281,3,1,43,66,64,1348,562,3770,175,2452,2606,1094,3047,981,2071,23,2233,2607,949,809,1790,1468,517,62,31,48,2,39,62,22,14,4,4,365,36,3226,955,1149,29,14003,2848,262,2285,1719,85,53,3203,1370,4000,360,3579,12,3558,1,34,74,26,14,52,13,183,165,2,38,64,35,41,38,189,90,35,20,299,218,149,216,91,26,49,50,30,27,23,39,76,402,85,41,134,208,133,1074,1959,95,134,292,97,55,47,31,56,26,17,656,39,52,416,22,129,38,279,67,68,39,43,20,39,44,192,169,58,77,36,203,93,58,50,68,245,4,2,33,37,42,8,1201,5,772,1,57,10,472,85,554,528,541,1,185,9,21,90,336,4933,44,152,168,75,11,176,13,18,46,979,429,237,127,8,16,8,0,4,50,143,228,48,260,35,42,127,4052,42,167,9845,30,454,62,336,217,185,26,62,461,51,64,65,30,29,17,761,73,56,66,37,88,89,2126,12,800,226,2,2194,499,1,26,464,59,5,533,57,117,17,204,87,940,262,61,50,80,36,103,39,108,43,3,99,0,152,13,4,10,33,31,67,63,2313,187,743,467,117,49,79,13,3134,14,1157,164,1014,112,24,267,2,2457,491,673,3381,158,1547,19,13,29,65,31,73,45,95,508,51,9,37,85,2,2,399,362,2,28,11,2014,3015,2278,511,2939,429,23,6304,6838,1014,2971,5260,6433,18,21,58,62,13,62,143,24,42,40,508,0.0,0.0,0.0,0.0,0.0,0.0,0.0,0.0,0.0,0.0,0.0,0.0,0.0,0.0,0.0,0.0,0.0,0.0,0.0,0.0,0.0,0.0,0.0,0.0,0.0,0.0,0.0,0.0,0.0,0.0,0.0,0.0,0.0,0.0,0.0,0.0,0.0,0.0,0.0,0.0,0.0,0.0,0.0,0.0,0.0,0.0,0.0,0.0,0.0,0.0,0.0,0.0,0.0,0.0,0.0,0.0,0.0,0.0,0.0,0.0,0.0,0.0,0.0,0.0,0.0,0.0,0.0,0.0,0.0,0.0,0.0,0.0,0.0,0.0,0.0,0.0,0.0,0.0,0.0,0.0,0.0,0.0,0.0,0.0,0.0,0.0,0.0,0.0,0.0,0.0,0.0,0.0,0.0,0.0,0.0,0.0,0.0,0.0,0.0,0.0,0.0,0.0,0.0,0.0,0.0,0.0,0.0,0.0,0.0,0.0,0.0,0.0,0.0,0.0,0.0,0.0,0.0,0.0,0.0,0.0,0.0,0.0,0.0,0.0,0.0,0.0,0.0,0.0,0.0,0.0,0.0,0.0,0.0,0.0,0.0,0.0,0.0,0.0,0.0,0.0,0.0,0.0,0.0,0.0,0.0,0.0,0.0,0.0,0.0,0.0
ENCFF018TBF,0.09895349796381282,39626,48,1300,16775,247,55121,15781,238,227,175,483,2804,1079,2119,7097,9413,1023,642,6732,4103,94,448,66,1141,73,1386,1531,2019,8293,2814,95,36,254,1823,1941,16,2206,18,7,5897,5902,87,381,41,30,645,4448,9248,153,635,1079,1064,136,290,4672,49,236,287,676,764,1192,139,4034,115,157,379,66,18265,30028,4272,889,545,1552,4212,55,1268,430,524,570,184,914,1943,1635,362,530,2641,27,607,566,57,897,888,67,1711,371,3365,88401,4816,93,14683,26214,2346,21588,1569,509,3371,1756,1735,25,3464,6381,7933,663,3930,25358,583,20219,81,397,703,3892,166,31537,961,5223,1596,1032,1599,110,164,24438,2618,795,6821,2959,13305,20157,55,3482,6754,1128,2740,19860,474,259,33,58,25,14,1330,319,316,7765,2305,185,2116,15669,1028,228,1205,1975,1319,1959,4345,5459,5275,29,63,45,740,26,862,390,274,1231,4,4,339,351,1239,8494,3331,25723,1551,10835,19029,6670,11974,11107,15301,114,15466,18869,7208,5698,17329,11755,2643,583,123,164,16,652,908,91,19,26,32,2492,100,12952,3994,2848,193,103975,16856,1955,11129,6738,992,431,17248,8551,21494,958,35626,92,32796,60,242,516,29,264,796,186,3237,1689,29,484,458,398,763,388,2383,1289,127,107,3228,2496,1227,3367,1226,266,633,576,347,216,183,226,779,2563,435,242,787,3212,1576,3529,8492,1460,2047,2990,772,643,561,476,666,330,71,4313,401,1180,4034,273,1103,451,2740,1230,855,699,700,372,298,405,1826,1321,690,559,560,1527,1287,771,436,795,2147,13,15,296,595,581,227,9049,128,6970,16,111,66,3700,444,5218,6501,4174,195,1824,86,38,774,1816,32864,346,1277,2179,736,21,2184,142,365,1636,11415,5663,2432,856,26,169,169,9,36,415,612,1239,833,2618,455,360,806,26385,133,1208,72020,274,3906,737,5714,1820,1453,228,194,2525,521,1302,1212,245,204,62,15187,1976,708,912,330,894,1441,18860,63,8962,1050,53,22338,5259,14,305,3833,489,139,4746,538,3290,134,3372,729,13333,795,339,554,1020,500,544,669,891,386,1026,1138,595,1528,421,55,582,133,938,100,607,11470,411,3487,1751,273,410,1220,302,29923,94,7347,808,6896,1162,43,1944,15,22130,4318,6105,37674,603,7839,75,222,296,769,383,1181,578,866,2245,795,10,80,738,30,95,1818,2129,9,108,34,16016,18749,14485,3968,18378,2591,353,30475,47482,6135,18780,36822,45036,98,42,522,452,235,633,887,1962,922,544,5064,0.0,0.0,0.0,0.0,0.0,0.0,0.0,0.0,0.0,0.0,0.0,0.0,0.0,0.0,0.0,0.0,0.0,0.0,0.0,0.0,0.0,0.0,0.0,0.0,0.0,0.0,0.0,0.0,0.0,0.0,0.0,0.0,0.0,0.0,0.0,0.0,0.0,0.0,0.0,0.0,0.0,0.0,0.0,0.0,0.0,0.0,0.0,0.0,0.0,0.0,0.0,0.0,0.0,0.0,0.0,0.0,0.0,0.0,0.0,0.0,0.0,0.0,0.0,0.0,0.0,0.0,0.0,0.0,0.0,0.0,0.0,0.0,0.0,0.0,0.0,0.0,0.0,0.0,0.0,0.0,0.0,0.0,0.0,0.0,0.0,0.0,0.0,0.0,0.0,0.0,0.0,0.0,0.0,0.0,0.0,0.0,0.0,0.0,0.0,0.0,0.0,0.0,0.0,0.0,0.0,0.0,0.0,0.0,0.0,0.0,0.0,0.0,0.0,0.0,0.0,0.0,0.0,0.0,0.0,0.0,0.0,0.0,0.0,0.0,0.0,0.0,0.0,0.0,0.0,0.0,0.0,0.0,0.0,0.0,0.0,0.0,0.0,0.0,0.0,0.0,0.0,0.0,0.0,0.0,0.0,0.0,0.0,0.0,0.0,0.0
ENCFF000ZFU,0.06135374128828068,5585,16,342,3228,76,14942,397,38,29,19,32,207,316,545,1373,3701,257,26,415,397,17,50,7,4,3,53,263,259,1789,253,30,14,35,149,119,4,141,1,2,534,785,3,29,1,6,51,456,1808,43,52,92,107,45,32,538,7,33,24,12,52,106,40,1258,19,50,73,4,4158,3548,527,83,62,144,426,17,84,51,68,81,21,83,85,292,35,46,248,0,59,34,2,99,31,3,95,110,1652,13036,776,69,2100,3000,185,2540,113,40,337,124,105,2,213,535,497,5,370,2731,248,1995,72,294,254,644,135,2718,117,537,231,64,234,31,7,2086,826,197,1603,527,760,1902,51,346,288,88,291,4080,40,45,2,13,2,3,137,18,44,724,324,40,308,3352,322,24,94,60,77,232,294,241,374,6,8,1,72,1,132,62,203,463,6,2,56,76,68,1083,482,3609,207,2227,2981,1262,2455,1108,2117,22,2147,2460,882,656,1874,1332,511,72,56,56,17,38,63,14,2,0,3,372,17,3008,966,773,15,14784,2733,325,2045,2115,86,40,3030,1399,4689,525,2904,3,2976,4,24,76,7,17,63,22,262,145,1,61,79,51,83,39,198,106,19,15,346,205,132,190,82,32,44,45,31,28,26,33,114,396,94,28,121,215,167,1176,4372,185,202,280,97,63,43,47,75,49,15,598,35,56,378,24,121,45,309,98,96,58,91,15,37,28,205,214,66,70,61,161,108,73,63,64,286,0,1,33,39,50,22,1050,8,691,1,50,30,519,58,430,544,476,1,168,8,8,106,316,6183,47,147,195,77,14,209,18,12,45,1033,503,225,93,5,17,4,1,3,47,65,174,45,271,37,39,138,4454,52,185,8856,37,462,65,408,303,203,30,141,487,61,66,67,35,37,22,1357,100,75,73,35,106,98,1991,3,820,192,1,2010,541,6,29,360,47,5,551,61,111,16,226,83,1890,284,78,76,70,31,81,62,113,47,1,68,1,159,12,2,8,39,44,71,60,2453,258,861,545,167,52,50,10,2459,43,1230,158,921,80,16,198,2,2083,406,718,3157,414,1498,19,15,21,87,39,72,55,101,438,74,3,61,113,0,3,317,283,4,48,10,1939,3108,2364,573,2622,362,45,6245,7004,1066,3183,5190,6237,18,17,79,61,20,55,112,21,35,56,517,0.0,0.0,0.0,0.0,0.0,0.0,0.0,0.0,0.0,0.0,0.0,0.0,0.0,0.0,0.0,0.0,0.0,0.0,0.0,0.0,0.0,0.0,0.0,0.0,0.0,0.0,0.0,0.0,0.0,0.0,0.0,0.0,0.0,0.0,0.0,0.0,0.0,0.0,0.0,0.0,0.0,0.0,0.0,0.0,0.0,0.0,0.0,0.0,0.0,0.0,0.0,0.0,0.0,0.0,0.0,0.0,0.0,0.0,0.0,0.0,0.0,0.0,0.0,0.0,0.0,0.0,0.0,0.0,0.0,0.0,0.0,0.0,0.0,0.0,0.0,0.0,0.0,0.0,0.0,0.0,0.0,0.0,0.0,0.0,0.0,0.0,0.0,0.0,0.0,0.0,0.0,0.0,0.0,0.0,0.0,0.0,0.0,0.0,0.0,0.0,0.0,0.0,0.0,0.0,0.0,0.0,0.0,0.0,0.0,0.0,0.0,0.0,0.0,0.0,0.0,0.0,0.0,0.0,0.0,0.0,0.0,0.0,0.0,0.0,0.0,0.0,0.0,0.0,0.0,0.0,0.0,0.0,0.0,0.0,0.0,0.0,0.0,0.0,0.0,0.0,0.0,0.0,0.0,0.0,0.0,0.0,0.0,0.0,0.0,0.0
ENCFF000YSE,0.15329989947327466,102888,460,4013,37826,763,116644,10940,305,422,393,1349,3827,2893,6932,21358,26342,3548,534,7221,9335,242,991,106,78,56,1661,4328,3493,20721,5271,324,332,644,2007,1884,115,2246,31,48,12494,14663,37,792,14,136,926,6447,17307,611,675,1068,1465,634,428,12416,197,444,672,144,920,1880,231,9031,315,276,1258,108,47367,64882,10672,1166,685,2057,9201,442,1411,570,828,873,226,1036,1342,4793,463,551,3897,22,914,514,18,1454,158,29,1373,1176,15871,219221,14326,399,38620,51673,2772,44472,1334,655,6919,2110,2448,24,4191,11597,12198,141,8056,46832,2380,33165,564,1960,2308,11260,921,40480,1419,10868,4925,895,3884,478,270,42031,9559,3212,14124,6825,22185,37463,796,5254,4468,1346,5358,39251,404,958,128,115,30,51,3004,329,1185,18264,6540,925,5120,38113,3144,524,1284,1309,1131,3590,9407,9669,9404,93,147,38,1053,27,1807,580,986,230,89,7,766,897,1146,19880,9389,62279,2695,32588,40370,18849,29711,16161,32458,270,35640,42182,18991,12212,33135,24751,6743,1032,1053,1073,95,492,936,209,73,24,68,7576,253,33508,13461,7542,337,285110,47742,4554,34236,17923,1619,1236,47630,24082,61338,5335,69912,270,72840,80,795,1797,218,317,1101,515,4528,2935,59,681,962,629,949,453,2963,1607,869,287,5488,3696,2640,4101,1240,331,696,775,376,350,287,739,1083,6019,1450,363,2012,2635,2367,7849,28321,2917,2854,5051,1446,875,705,646,976,540,244,10258,516,863,6539,373,1919,396,4931,1126,1063,629,978,603,490,780,2442,2540,855,908,800,3156,1716,785,794,984,4359,34,58,400,633,795,405,23175,229,16096,33,689,1135,8599,1044,10969,10502,10915,14,3104,163,250,1682,5851,76780,1037,3162,2577,1364,279,3020,240,218,1100,18978,8934,3980,1861,63,246,119,18,38,706,1715,3499,688,5272,554,514,1273,45190,563,2304,169267,616,7414,987,5626,4826,2944,325,1869,8536,781,1173,1315,374,396,402,26802,1377,980,1378,697,1297,1496,31654,82,12327,2727,34,41015,9186,64,376,9998,1295,75,7710,857,4484,444,3547,1158,14793,2952,1193,800,1312,444,1280,890,2845,758,31,1410,37,2961,178,131,268,933,477,585,691,37849,2076,9003,5717,1359,570,1279,295,57596,489,20792,2527,17234,1796,421,3870,61,39781,7321,14870,61395,2982,12626,298,275,395,1273,655,1253,761,1682,7941,1173,54,571,1116,36,28,5291,5390,22,952,295,31719,48561,35821,8521,45751,4931,430,75267,107273,15958,49721,80967,101122,269,188,746,671,226,814,1614,433,550,896,10159,0.0,0.0,0.0,0.0,0.0,0.0,0.0,0.0,0.0,0.0,0.0,0.0,0.0,0.0,0.0,0.0,0.0,0.0,0.0,0.0,0.0,0.0,0.0,0.0,0.0,0.0,0.0,0.0,0.0,0.0,0.0,0.0,0.0,0.0,0.0,0.0,0.0,0.0,0.0,0.0,0.0,0.0,0.0,0.0,0.0,0.0,0.0,0.0,0.0,0.0,0.0,0.0,0.0,0.0,0.0,0.0,0.0,0.0,0.0,0.0,0.0,0.0,0.0,0.0,0.0,0.0,0.0,0.0,0.0,0.0,0.0,0.0,0.0,0.0,0.0,0.0,0.0,0.0,0.0,0.0,0.0,0.0,0.0,0.0,0.0,0.0,0.0,0.0,0.0,0.0,0.0,0.0,0.0,0.0,0.0,0.0,0.0,0.0,0.0,0.0,0.0,0.0,0.0,0.0,0.0,0.0,0.0,0.0,0.0,0.0,0.0,0.0,0.0,0.0,0.0,0.0,0.0,0.0,0.0,0.0,0.0,0.0,0.0,0.0,0.0,0.0,0.0,0.0,0.0,0.0,0.0,0.0,0.0,0.0,0.0,0.0,0.0,0.0,0.0,0.0,0.0,0.0,0.0,0.0,0.0,0.0,0.0,0.0,0.0,0.0
ENCFF000WRD,0.19224329207435736,53380,338,3911,36536,595,88762,8717,277,612,366,12441,44795,4930,10604,18218,31861,3886,542,9392,7111,195,864,119,73,81,1606,1701,3121,17059,4010,277,193,553,1996,2030,66,2354,42,1940,29677,12172,64,730,45,519,1314,7262,17541,192,549,996,1455,487,332,7603,182,368,420,166,977,26346,418,10888,656,643,497,9717,45623,47650,8035,1100,765,1458,6077,330,1398,536,826,897,222,981,1488,3988,461,527,3608,22,820,496,32,1371,187,44,1138,1241,12708,179236,12201,128,33149,45694,2740,39757,1430,642,6026,1829,2070,31,3107,8061,8096,230,10379,34974,2659,26711,396,1599,1814,9472,670,36359,1485,6725,4609,827,2832,416,219,34653,15254,1437,22039,9724,13599,31288,282,18599,5898,1323,3806,37734,679,417,130,118,45,45,2550,350,21680,11414,5444,702,4425,36623,3023,442,1340,1442,1476,3287,5056,4207,10010,90,152,60,1014,32,1740,608,1246,320,43,11,559,900,1218,16661,7739,47617,2380,30746,34253,14594,23911,13726,28262,384,30004,35615,11473,10069,25340,21029,6740,888,420,781,435,489,913,211,72,38,52,9416,341,33396,11017,14791,270,269954,39023,3628,30487,22685,1306,4647,41385,20231,55457,3976,49954,225,50227,61,415,15525,16577,313,1111,398,3884,2606,38,654,887,594,903,427,2918,1741,227,511,4803,3229,2250,2990,1240,324,641,759,351,335,263,513,1009,5774,1203,349,1842,2772,2371,10246,22365,1140,2537,4100,1333,916,693,692,945,511,131,8628,469,829,6059,331,1801,420,4269,1068,1042,530,914,163,472,525,2278,2430,828,960,687,2756,1597,804,774,955,3829,19,29,357,627,573,263,16245,122,10462,18,562,46,7153,791,8088,10856,15402,48,2890,149,169,1948,4241,71046,772,2484,2492,1166,95,3125,204,280,779,16279,21697,94796,1644,24,178,142,14,74,651,1244,2711,772,4023,514,534,1501,49967,414,2276,136786,605,6447,979,5792,2016,2481,296,716,5212,792,1329,1397,349,402,277,8121,1460,996,1410,644,1269,1575,27316,110,10768,2396,42,29650,7336,21,314,7422,951,72,6793,808,1376,337,3637,1191,18357,3241,1135,807,1407,454,1262,869,1466,989,22,1058,27,3260,133,22,233,550,497,674,761,26686,1471,8747,4791,982,755,1228,263,40787,190,17571,1759,13382,1507,406,3132,2494,37188,6584,12169,49594,2081,17243,263,450,376,915,602,1239,747,1409,5870,1258,49,371,1011,27,37,4548,4659,35,344,277,29310,43286,29821,7861,39362,4695,1033,69677,98134,13237,42965,72326,89448,402,200,705,701,233,934,1396,353,455,771,7325,0.0,0.0,0.0,0.0,0.0,0.0,0.0,0.0,0.0,0.0,0.0,0.0,0.0,0.0,0.0,0.0,0.0,0.0,0.0,0.0,0.0,0.0,0.0,0.0,0.0,0.0,0.0,0.0,0.0,0.0,0.0,0.0,0.0,0.0,0.0,0.0,0.0,0.0,0.0,0.0,0.0,0.0,0.0,0.0,0.0,0.0,0.0,0.0,0.0,0.0,0.0,0.0,0.0,0.0,0.0,0.0,0.0,0.0,0.0,0.0,0.0,0.0,0.0,0.0,0.0,0.0,0.0,0.0,0.0,0.0,0.0,0.0,0.0,0.0,0.0,0.0,0.0,0.0,0.0,0.0,0.0,0.0,0.0,0.0,0.0,0.0,0.0,0.0,0.0,0.0,0.0,0.0,0.0,0.0,0.0,0.0,0.0,0.0,0.0,0.0,0.0,0.0,0.0,0.0,0.0,0.0,0.0,0.0,0.0,0.0,0.0,0.0,0.0,0.0,0.0,0.0,0.0,0.0,0.0,0.0,0.0,0.0,0.0,0.0,0.0,0.0,0.0,0.0,0.0,0.0,0.0,0.0,0.0,0.0,0.0,0.0,0.0,0.0,0.0,0.0,0.0,0.0,0.0,0.0,0.0,0.0,0.0,0.0,0.0,0.0
ENCFF001FTM,0.08638132309558694,27718,31,1682,12606,306,43993,4212,128,228,146,1472,2053,1813,3518,6745,12540,1582,254,3360,2800,223,408,27,24,29,512,116,1202,8872,1896,112,68,191,1645,1586,9,1391,12,212,5837,9635,25,323,19,6,1144,3026,8953,16,275,349,489,201,289,10089,95,173,151,57,352,618,254,6139,220,328,27,296,22292,23241,10049,524,271,486,7055,121,991,204,248,325,84,370,1868,4216,154,202,1339,6,341,185,7,683,60,4,691,524,6592,91951,7083,38,18360,28405,1000,24872,1447,225,4633,1363,794,7,2840,8240,6634,39,4798,23347,1271,11088,169,662,730,4170,266,14214,1045,3085,1682,329,2369,206,54,21931,5397,187,9136,3227,16682,19708,21,2584,1453,856,2272,16260,295,120,56,54,24,10,1115,208,500,7745,2720,312,1870,13198,1235,165,658,1555,1819,1809,2244,2017,11145,65,85,17,345,13,585,211,672,714,6,4,159,283,839,12731,3468,25900,1101,17128,21048,6717,13598,9044,14628,116,16583,18561,8599,5835,22794,9756,3388,472,33,382,32,196,316,126,29,12,50,2365,146,17010,7819,5598,62,124822,18557,1629,15416,11837,533,1243,21496,8239,29982,1553,26894,81,27393,24,192,1282,232,105,800,132,3191,3005,32,232,341,207,315,161,2718,1753,2509,134,1854,3046,1105,8079,419,130,234,250,155,133,87,3640,362,3119,432,98,750,2106,1395,4221,12618,128,1739,6899,546,439,370,210,380,200,2717,5405,159,295,6004,126,1217,138,2895,375,410,196,361,351,175,191,924,803,278,301,265,2696,738,281,257,311,1398,8,14,152,243,461,122,10557,55,8152,8,311,25,3308,597,6941,3213,9301,10,1100,43,112,712,1915,32187,335,912,4298,616,16,2020,97,561,446,8433,3988,1643,601,26,54,56,9,8,254,461,1034,781,1961,177,176,694,19366,119,810,79887,198,4167,359,3018,279,1009,72,60,1829,273,1188,1429,114,132,99,924,1358,398,1228,185,688,1481,14233,32,6999,1254,22,30737,5159,134,135,4154,444,24,2643,305,740,156,2713,494,10642,1421,263,244,1273,154,468,301,2062,329,15,569,23,1156,93,51,130,189,133,276,355,13068,566,3586,2411,415,261,446,77,31762,31,7714,649,7667,709,97,1302,136,15485,3644,4612,32297,1162,6541,81,73,116,303,124,727,261,2135,2533,825,21,102,385,5,15,1962,2390,12,44,110,14380,23667,20190,3225,18469,2211,203,32224,52908,9886,20980,38368,46023,243,89,264,235,59,329,1230,163,193,283,3116,0.0,0.0,0.0,0.0,0.0,0.0,0.0,0.0,0.0,0.0,0.0,0.0,0.0,0.0,0.0,0.0,0.0,0.0,0.0,0.0,0.0,0.0,0.0,0.0,0.0,0.0,0.0,0.0,0.0,0.0,0.0,0.0,0.0,0.0,0.0,0.0,0.0,0.0,0.0,0.0,0.0,0.0,0.0,0.0,0.0,0.0,0.0,0.0,0.0,0.0,0.0,0.0,0.0,0.0,0.0,0.0,0.0,0.0,0.0,0.0,0.0,0.0,0.0,0.0,0.0,0.0,0.0,0.0,0.0,0.0,0.0,0.0,0.0,0.0,0.0,0.0,0.0,0.0,0.0,0.0,0.0,0.0,0.0,0.0,0.0,0.0,0.0,0.0,0.0,0.0,0.0,0.0,0.0,0.0,0.0,0.0,0.0,0.0,0.0,0.0,0.0,0.0,0.0,0.0,0.0,0.0,0.0,0.0,0.0,0.0,0.0,0.0,0.0,0.0,0.0,0.0,0.0,0.0,0.0,0.0,0.0,0.0,0.0,0.0,0.0,0.0,0.0,0.0,0.0,0.0,0.0,0.0,0.0,0.0,0.0,0.0,0.0,0.0,0.0,0.0,0.0,0.0,0.0,0.0,0.0,0.0,0.0,0.0,0.0,0.0
ENCFF000YEH,0.06526172841542469,2107,19,204,2561,52,4632,319,25,34,17,33,202,302,518,1186,1672,224,20,349,352,12,52,1,4,1,42,29,189,1979,219,22,15,22,88,99,1,107,2,2,453,707,2,51,6,2,24,337,1730,5,43,66,70,33,38,422,12,23,23,6,36,83,23,886,21,19,10,3,3068,3076,472,71,42,63,381,17,68,42,51,63,14,71,70,259,30,32,190,2,51,30,0,94,9,1,88,89,1101,10347,620,2,1793,2559,143,2168,70,43,301,92,120,2,168,533,510,10,294,2007,191,1843,37,162,134,527,76,2680,94,436,189,49,192,26,6,2025,808,18,1798,551,763,1682,2,248,205,73,222,3378,24,14,10,6,2,3,121,21,75,620,299,39,244,2561,244,20,55,66,57,158,288,238,379,3,15,3,52,1,112,56,174,257,3,0,35,46,64,959,420,2815,147,1750,2084,834,2184,862,1614,14,1759,2052,725,612,1463,1102,377,49,12,48,5,32,49,11,7,1,3,211,26,2253,767,710,3,13479,2089,202,1682,1609,70,28,2376,1074,3562,332,2695,8,2804,1,18,73,23,9,37,16,218,137,42,48,61,44,52,26,124,93,22,12,268,191,99,181,70,21,36,34,20,30,16,39,81,296,76,19,121,116,112,874,1319,22,151,218,70,37,26,27,52,37,10,450,27,58,331,21,85,22,253,85,59,39,53,60,19,32,154,146,63,56,47,159,97,44,62,42,194,2,1,16,37,57,12,945,4,596,2,24,1,381,44,468,440,431,0,145,5,8,65,279,4430,40,109,128,70,0,126,15,9,45,830,379,218,90,3,11,10,0,3,37,39,154,39,202,49,40,132,3534,22,118,7455,33,337,60,292,48,148,20,10,233,52,60,53,34,33,15,136,67,51,71,24,48,74,1498,2,623,141,4,1678,436,0,22,368,42,5,383,46,171,18,175,67,1460,215,31,56,53,23,83,40,79,38,0,62,0,139,13,2,14,27,11,43,38,2142,132,670,358,111,22,45,10,2407,10,862,81,777,77,23,180,0,1669,342,545,2581,100,1145,15,9,18,53,33,58,26,86,410,59,2,18,74,0,4,248,283,0,6,10,1487,2310,1793,392,2050,247,26,4111,5452,757,2469,3999,4906,22,24,56,48,18,64,119,19,29,25,422,0.0,0.0,0.0,0.0,0.0,0.0,0.0,0.0,0.0,0.0,0.0,0.0,0.0,0.0,0.0,0.0,0.0,0.0,0.0,0.0,0.0,0.0,0.0,0.0,0.0,0.0,0.0,0.0,0.0,0.0,0.0,0.0,0.0,0.0,0.0,0.0,0.0,0.0,0.0,0.0,0.0,0.0,0.0,0.0,0.0,0.0,0.0,0.0,0.0,0.0,0.0,0.0,0.0,0.0,0.0,0.0,0.0,0.0,0.0,0.0,0.0,0.0,0.0,0.0,0.0,0.0,0.0,0.0,0.0,0.0,0.0,0.0,0.0,0.0,0.0,0.0,0.0,0.0,0.0,0.0,0.0,0.0,0.0,0.0,0.0,0.0,0.0,0.0,0.0,0.0,0.0,0.0,0.0,0.0,0.0,0.0,0.0,0.0,0.0,0.0,0.0,0.0,0.0,0.0,0.0,0.0,0.0,0.0,0.0,0.0,0.0,0.0,0.0,0.0,0.0,0.0,0.0,0.0,0.0,0.0,0.0,0.0,0.0,0.0,0.0,0.0,0.0,0.0,0.0,0.0,0.0,0.0,0.0,0.0,0.0,0.0,0.0,0.0,0.0,0.0,0.0,0.0,0.0,0.0,0.0,0.0,0.0,0.0,0.0,0.0
ENCFF000ZJY,0.10795785825111678,57021,74,1873,13992,302,60396,2247,160,159,128,191,1323,1172,2417,6251,14242,1040,122,2191,2864,39,185,21,10,19,333,3890,1280,7136,1077,65,192,174,734,660,115,673,7,4,2947,3309,21,183,19,21,261,2298,7430,355,175,471,640,121,104,2494,33,121,109,46,251,563,238,5696,109,137,996,14,20298,17006,2028,414,298,996,1738,73,474,192,337,344,91,440,420,1146,173,218,1529,2,390,238,1,309,68,6,476,497,7888,61483,3350,231,8812,13069,1025,11709,499,260,1457,474,570,6,881,2292,2346,11,1704,11429,833,8407,156,662,824,3253,281,12357,596,2822,1979,205,787,139,32,12254,3454,2230,6738,2733,4028,8064,664,1819,1349,503,1574,17124,129,706,35,30,9,7,709,68,225,4471,1279,256,1234,14520,1247,115,429,198,241,1018,1409,1230,1575,8,49,10,395,3,786,271,227,639,80,15,466,331,410,4788,2081,18047,951,10407,12537,6348,11033,5200,10711,83,10631,12475,4997,2943,8005,7483,1784,372,692,305,74,253,414,51,17,7,8,1693,86,13029,4643,3170,39,66253,13918,1824,9063,9600,293,277,14540,6833,23476,1350,12995,49,12530,16,105,290,29,118,396,75,1529,756,89,316,420,263,395,165,1006,537,65,108,1899,995,850,771,508,169,268,303,136,130,107,156,484,2057,526,146,702,1034,1003,4350,34143,2257,986,1063,532,332,277,275,390,242,46,2519,193,336,1835,129,681,167,1640,474,402,248,375,137,202,313,952,977,338,391,300,777,592,366,354,416,1807,6,14,174,270,478,134,4541,21,3011,15,194,62,2239,220,2177,3036,2680,8,867,28,67,491,1443,35167,441,829,828,323,278,1192,60,59,190,5868,2615,1199,405,3,61,29,5,21,264,333,800,181,1448,224,205,532,17722,372,900,40923,181,2064,408,2170,3776,943,127,1690,4267,366,420,423,150,161,126,18823,475,352,428,265,517,514,9103,20,3862,728,9,10372,2637,268,74,2311,178,15,2721,343,2087,110,1248,467,8760,1233,733,283,433,173,422,342,425,257,12,379,4,812,186,6,58,471,90,186,294,9662,740,3867,2109,459,199,203,30,10618,584,8554,1058,3520,368,134,905,5,17130,1954,3576,15404,2963,6712,126,34,148,594,187,469,300,800,2385,464,21,328,473,12,13,1115,1186,1,741,49,9811,17142,11724,3112,12196,1370,279,29808,36876,5077,16905,26339,29923,109,36,319,251,102,346,470,164,127,197,2896,0.0,0.0,0.0,0.0,0.0,0.0,0.0,0.0,0.0,0.0,0.0,0.0,0.0,0.0,0.0,0.0,0.0,0.0,0.0,0.0,0.0,0.0,0.0,0.0,0.0,0.0,0.0,0.0,0.0,0.0,0.0,0.0,0.0,0.0,0.0,0.0,0.0,0.0,0.0,0.0,0.0,0.0,0.0,0.0,0.0,0.0,0.0,0.0,0.0,0.0,0.0,0.0,0.0,0.0,0.0,0.0,0.0,0.0,0.0,0.0,0.0,0.0,0.0,0.0,0.0,0.0,0.0,0.0,0.0,0.0,0.0,0.0,0.0,0.0,0.0,0.0,0.0,0.0,0.0,0.0,0.0,0.0,0.0,0.0,0.0,0.0,0.0,0.0,0.0,0.0,0.0,0.0,0.0,0.0,0.0,0.0,0.0,0.0,0.0,0.0,0.0,0.0,0.0,0.0,0.0,0.0,0.0,0.0,0.0,0.0,0.0,0.0,0.0,0.0,0.0,0.0,0.0,0.0,0.0,0.0,0.0,0.0,0.0,0.0,0.0,0.0,0.0,0.0,0.0,0.0,0.0,0.0,0.0,0.0,0.0,0.0,0.0,0.0,0.0,0.0,0.0,0.0,0.0,0.0,0.0,0.0,0.0,0.0,0.0,0.0
ENCFF406XVO,0.05555867900190428,365673,1687,6473,46070,672,73487,8078,359,461,354,868,4633,3728,10134,21919,20827,3825,407,8058,6522,155,714,73,114,93,1590,34341,4287,29343,3992,273,1695,748,2471,2151,1122,2442,42,111,10350,11527,132,941,102,487,1106,6999,32521,5041,581,1546,1834,478,473,6866,217,348,509,233,741,2162,981,17201,687,4009,8661,211,66268,60755,7289,1384,867,7393,5796,319,1697,615,991,1207,298,1300,1540,3759,572,682,4743,30,1074,568,20,1216,271,43,1997,1883,31360,197109,11552,231,30617,45406,3147,39486,2396,790,5599,1942,2187,23,3281,8600,8706,243,5983,35040,2772,36137,502,2079,2559,10105,869,49650,1898,6884,3317,904,2627,368,106,29952,12714,19857,32742,9745,15515,28313,5654,6018,5153,1807,6677,58122,764,4516,138,112,64,58,2271,265,1088,11970,4806,661,5628,48229,4581,428,1529,1660,1780,3651,4967,4263,6794,112,146,62,1313,42,2377,696,2990,32626,666,26,2164,802,1335,16543,7423,55676,2772,32658,36174,18460,36434,17357,35122,211,32202,38643,12408,9974,28604,21051,9008,1145,7576,1105,438,681,1178,181,52,58,62,4796,411,52789,16037,9953,397,365182,51359,7696,33572,32335,1235,866,52517,27533,80085,4098,47952,264,43745,45,415,1151,430,352,1308,482,4810,2711,55,814,1131,677,1136,505,3359,1955,662,474,5426,3485,2360,3373,1531,410,829,974,387,405,364,559,1484,7591,1657,484,2370,3106,2893,18215,72848,21822,2924,3750,1681,1148,912,787,1226,639,211,8984,602,1026,5781,418,1943,466,4967,1389,1240,703,1156,493,536,1762,3093,3033,1037,1190,873,2634,1816,984,955,1230,5405,47,30,487,767,570,409,15334,174,10517,65,490,130,6912,733,8024,8069,9222,26,3135,116,179,2741,4005,95243,2325,5283,2846,1269,1416,4049,174,487,887,21596,11451,4893,1315,45,292,136,21,34,854,1986,3055,823,4445,644,609,2202,61127,1859,2763,137202,902,6283,1268,7016,35585,3472,348,11928,33912,999,1361,1407,487,480,720,148290,1686,1162,1547,730,1663,1721,27750,90,12453,2440,51,28852,7727,54,282,7911,880,54,7981,998,1593,259,4127,1381,29017,4811,4510,1049,1499,513,1446,975,1382,1292,17,1231,28,2236,301,116,201,3797,846,785,1331,39533,1844,12926,7070,1310,631,1157,189,36357,3361,17667,7716,12352,1431,417,3139,61,42791,7694,13313,57083,5866,21984,1071,428,443,3331,1470,1575,934,2251,10384,1374,36,2808,1283,40,36,3954,3982,25,7695,164,26564,54002,39329,10697,39926,4932,998,83947,111017,17651,52341,83207,94219,253,186,984,831,264,1140,1462,342,471,851,7832,0.0,0.0,0.0,0.0,0.0,0.0,0.0,0.0,0.0,0.0,0.0,0.0,0.0,0.0,0.0,0.0,0.0,0.0,0.0,0.0,0.0,0.0,0.0,0.0,0.0,0.0,0.0,0.0,0.0,0.0,0.0,0.0,0.0,0.0,0.0,0.0,0.0,0.0,0.0,0.0,0.0,0.0,0.0,0.0,0.0,0.0,0.0,0.0,0.0,0.0,0.0,0.0,0.0,0.0,0.0,0.0,0.0,0.0,0.0,0.0,0.0,0.0,0.0,0.0,0.0,0.0,0.0,0.0,0.0,0.0,0.0,0.0,0.0,0.0,0.0,0.0,0.0,0.0,0.0,0.0,0.0,0.0,0.0,0.0,0.0,0.0,0.0,0.0,0.0,0.0,0.0,0.0,0.0,0.0,0.0,0.0,0.0,0.0,0.0,0.0,0.0,0.0,0.0,0.0,0.0,0.0,0.0,0.0,0.0,0.0,0.0,0.0,0.0,0.0,0.0,0.0,0.0,0.0,0.0,0.0,0.0,0.0,0.0,0.0,0.0,0.0,0.0,0.0,0.0,0.0,0.0,0.0,0.0,0.0,0.0,0.0,0.0,0.0,0.0,0.0,0.0,0.0,0.0,0.0,0.0,0.0,0.0,0.0,0.0,0.0
ENCFF967SYP,0.15536795316318605,6203,36,394,7552,67,16912,1813,80,48,50,125,637,359,1158,2663,4644,444,180,1098,1210,21,223,17,28,13,237,36,776,5328,871,41,11,132,521,477,14,630,3,2,1881,2808,11,152,11,8,177,1535,4592,1,160,300,358,83,86,1367,14,105,40,20,188,346,158,2394,79,95,11,13,8659,9194,1602,322,173,400,1319,37,386,147,190,215,59,297,314,756,96,162,920,17,201,185,3,429,32,10,275,187,4693,35467,2246,27,6425,8852,614,7816,334,154,1060,281,322,1,710,1690,1868,97,1011,10245,344,5967,29,124,201,1481,48,8388,322,1401,650,141,511,234,4,7202,1298,13,5328,1146,2409,7150,2,883,1102,317,639,8086,240,26,23,28,9,9,570,88,63,2128,965,102,908,7441,522,137,341,795,511,631,791,741,1562,5,22,14,261,8,332,163,628,274,2,4,115,132,312,3039,1698,9143,607,4998,6898,2647,5837,3343,6230,81,6200,7508,2184,2337,6362,4120,1467,228,10,172,23,186,297,23,4,32,23,847,15,7888,2105,1850,66,43883,8071,1028,5801,4650,235,108,7949,3880,10941,421,9837,17,9620,1,50,177,5,58,238,56,1019,675,5,176,193,139,251,114,711,380,30,40,1320,819,477,755,395,89,187,205,117,76,61,70,316,1116,302,93,329,634,499,2234,8976,26,610,804,343,209,182,184,256,130,5,3131,170,333,1289,78,439,134,868,288,257,198,249,19,147,102,553,492,235,244,219,646,452,294,165,256,828,13,23,109,194,114,59,3867,29,2229,7,59,5,1450,185,2104,1509,1803,4,648,12,12,435,786,17373,134,557,633,292,2,584,24,118,401,3669,1497,698,377,19,89,10,1,7,167,335,837,205,1030,158,119,346,11744,42,391,28604,103,1603,236,1704,108,587,89,7,756,197,306,290,109,82,61,275,338,279,277,97,297,329,5721,3,3027,289,5,6411,1883,2,121,1084,376,4,1585,201,165,37,1027,262,5169,566,89,163,273,155,222,240,445,145,5,321,4,440,48,11,17,23,275,55,146,4121,122,1724,755,99,219,122,49,8203,5,3255,290,2600,353,17,692,3,6841,1237,2317,9496,448,3625,40,64,103,274,126,296,188,263,1333,284,1,41,284,6,7,869,923,7,5,17,6312,7519,6392,1517,7407,1073,418,13445,18413,2717,7530,14145,17230,60,17,157,171,74,227,157,87,101,173,1531,0.0,0.0,0.0,0.0,0.0,0.0,0.0,0.0,0.0,0.0,0.0,0.0,0.0,0.0,0.0,0.0,0.0,0.0,0.0,0.0,0.0,0.0,0.0,0.0,0.0,0.0,0.0,0.0,0.0,0.0,0.0,0.0,0.0,0.0,0.0,0.0,0.0,0.0,0.0,0.0,0.0,0.0,0.0,0.0,0.0,0.0,0.0,0.0,0.0,0.0,0.0,0.0,0.0,0.0,0.0,0.0,0.0,0.0,0.0,0.0,0.0,0.0,0.0,0.0,0.0,0.0,0.0,0.0,0.0,0.0,0.0,0.0,0.0,0.0,0.0,0.0,0.0,0.0,0.0,0.0,0.0,0.0,0.0,0.0,0.0,0.0,0.0,0.0,0.0,0.0,0.0,0.0,0.0,0.0,0.0,0.0,0.0,0.0,0.0,0.0,0.0,0.0,0.0,0.0,0.0,0.0,0.0,0.0,0.0,0.0,0.0,0.0,0.0,0.0,0.0,0.0,0.0,0.0,0.0,0.0,0.0,0.0,0.0,0.0,0.0,0.0,0.0,0.0,0.0,0.0,0.0,0.0,0.0,0.0,0.0,0.0,0.0,0.0,0.0,0.0,0.0,0.0,0.0,0.0,0.0,0.0,0.0,0.0,0.0,0.0
ENCFF000BMX,0.15203458464762912,46927,161,5060,28239,959,131466,5946,365,798,593,621,3931,5556,11018,12993,36187,5205,4227,5868,8370,295,1680,282,151,49,826,100,5087,27823,6371,604,232,876,2543,2156,40,2952,47,8,11046,23249,73,1189,32,56,608,8674,15261,17,774,1306,1950,1029,862,13567,315,665,606,81,1598,1938,357,12678,836,454,51,19,63032,76401,16587,1419,1015,1669,10015,634,1552,811,1084,1248,346,1528,1470,8111,617,783,5437,24,1345,714,27,3255,107,23,1712,1515,12463,288681,18113,193,51522,68661,3831,62612,1554,879,9728,2479,2232,20,5241,13557,12073,48,6840,60941,3138,55362,803,3001,2863,15328,1312,60902,1649,9470,4670,1401,5175,782,217,55476,16334,122,20333,9839,18727,57742,31,6137,3261,1602,6514,34697,473,411,132,379,167,44,4186,481,680,16380,9315,3093,6088,28767,3529,1085,1527,835,936,4568,6403,5472,11887,78,142,136,1336,23,2424,854,1327,1641,3,8,778,1193,1272,30469,12880,107601,3494,46419,52036,21317,30669,19935,41340,529,50632,57878,53174,17224,36155,30643,7110,1266,22,999,53,699,1212,304,116,70,85,6500,336,35133,15759,12805,124,268079,56004,5294,47168,25534,2122,731,62403,25603,72572,5950,76626,286,80619,42,374,940,42,400,1302,344,5735,3975,62,940,1372,832,1301,586,3304,1939,1559,268,7265,5005,3383,5449,1997,438,991,1006,507,506,386,1715,1658,7170,2060,572,2868,3374,2626,11363,28202,232,3460,6835,2086,1056,779,926,1292,752,528,12930,656,1203,11405,522,2345,595,7220,1579,1346,863,1283,186,728,725,3680,3380,1117,1285,1041,4942,2278,1188,1100,1385,5539,42,42,580,936,702,231,27365,91,18702,184,1056,66,11766,1480,13051,9755,12073,23,4363,338,958,1323,7101,80044,1290,3584,4091,1991,23,3584,289,272,1056,19633,7004,3784,2576,48,391,186,9,53,929,817,4167,690,6534,822,741,1347,41744,542,3095,224167,706,10926,1336,7136,471,3524,418,69,6060,1120,1270,1271,548,581,498,1807,1537,1256,1424,443,1437,1636,44167,167,18669,3831,15,48298,11878,20,489,8251,1134,53,11007,1150,1996,523,4236,1478,14121,3106,955,1087,1439,581,1673,1218,2474,525,9,1974,34,2756,330,45,387,645,106,963,824,32320,2795,10559,6795,1682,612,1273,86,69800,94,24796,2391,33348,2329,419,5541,15,38800,7845,13471,63314,3112,15763,267,122,546,1119,569,1454,1053,2006,6966,1386,42,265,1512,11,11,8387,8289,8,172,356,39912,56646,42932,9537,57910,6509,412,97196,133398,18705,57605,97738,126561,417,326,999,1029,298,1206,2418,486,1183,982,10285,0.0,0.0,0.0,0.0,0.0,0.0,0.0,0.0,0.0,0.0,0.0,0.0,0.0,0.0,0.0,0.0,0.0,0.0,0.0,0.0,0.0,0.0,0.0,0.0,0.0,0.0,0.0,0.0,0.0,0.0,0.0,0.0,0.0,0.0,0.0,0.0,0.0,0.0,0.0,0.0,0.0,0.0,0.0,0.0,0.0,0.0,0.0,0.0,0.0,0.0,0.0,0.0,0.0,0.0,0.0,0.0,0.0,0.0,0.0,0.0,0.0,0.0,0.0,0.0,0.0,0.0,0.0,0.0,0.0,0.0,0.0,0.0,0.0,0.0,0.0,0.0,0.0,0.0,0.0,0.0,0.0,0.0,0.0,0.0,0.0,0.0,0.0,0.0,0.0,0.0,0.0,0.0,0.0,0.0,0.0,0.0,0.0,0.0,0.0,0.0,0.0,0.0,0.0,0.0,0.0,0.0,0.0,0.0,0.0,0.0,0.0,0.0,0.0,0.0,0.0,0.0,0.0,0.0,0.0,0.0,0.0,0.0,0.0,0.0,0.0,0.0,0.0,0.0,0.0,0.0,0.0,0.0,0.0,0.0,0.0,0.0,0.0,0.0,0.0,0.0,0.0,0.0,0.0,0.0,0.0,0.0,0.0,0.0,0.0,0.0
ENCFF000CFB,0.1944306744554585,40600,147,3544,32119,938,110444,5313,207,1050,355,507,2517,10544,15368,16465,64006,6306,722,5582,8488,215,1014,227,31,67,359,236,3708,21820,4646,554,218,666,1739,1562,47,2337,7,5,8483,17556,66,888,6,85,594,6256,17675,7,458,958,1346,712,590,8633,202,457,519,41,1065,1391,562,11394,469,419,33,18,50837,50474,12431,985,668,1079,6498,388,1198,445,733,792,160,911,1137,5993,371,488,3582,187,839,423,22,2761,37,11,1063,1165,17338,210429,13058,114,39203,51182,2883,44084,1080,562,7064,1614,1477,3,2944,8240,7994,287,4704,71978,4315,56759,824,3025,2570,11571,1343,71003,1260,11453,6326,935,3641,1086,122,40313,26862,56,26992,12910,12538,46979,4,3954,3288,1088,4909,39659,699,296,211,182,103,55,3057,484,540,13448,6274,2066,4339,32448,2804,1557,1109,3168,2422,3292,4282,3929,7683,125,72,85,921,13,1434,575,1425,119,0,2,400,830,925,22446,11791,54464,2413,44251,39185,14806,25212,16891,32737,562,35141,40624,13828,12637,30830,21123,6307,915,10,739,32,417,844,207,50,67,29,5136,593,30841,10909,33842,68,199178,41857,3682,35256,30009,1528,551,46689,20041,56658,8179,55464,148,57621,19,271,752,44,288,924,268,3632,3102,2,559,860,545,833,336,2465,1381,286,191,5462,3428,2465,4006,1222,332,608,680,337,343,226,772,1000,5047,1731,334,2148,2339,1945,9824,14857,181,2866,4287,1289,736,591,590,953,474,143,11999,436,722,6919,341,1719,381,4732,896,908,545,871,58,424,625,2365,2237,734,925,662,3260,1704,636,685,816,3675,183,229,351,529,457,241,22347,29,15977,189,732,23,8180,964,11543,10222,8738,19,3531,208,270,596,5573,111940,865,2939,2358,1575,13,2809,254,397,902,13780,5884,2511,1924,393,1182,122,7,74,632,1018,4205,585,5653,477,448,2673,65542,277,1758,176188,614,9701,965,5867,439,2586,276,39,4449,729,1056,1117,323,399,326,1246,1269,881,1119,501,988,1248,32054,139,12406,2735,68,35055,10276,11,378,6012,1261,23,7184,801,1371,397,3181,1061,15925,2853,724,690,1100,471,1225,790,3221,454,4,2191,44,2452,483,84,255,428,1153,1382,654,27718,3002,7539,6054,1685,637,875,203,54409,70,17474,1522,18037,1859,349,4493,13,26406,5289,9425,43536,1844,15821,229,275,313,755,416,1106,626,1165,6889,1046,64,225,885,1,12,6338,6132,249,87,197,29876,41194,35764,6997,42499,4841,553,67213,97946,15622,44005,72231,94031,693,381,662,648,203,771,1682,342,1202,726,10565,0.0,0.0,0.0,0.0,0.0,0.0,0.0,0.0,0.0,0.0,0.0,0.0,0.0,0.0,0.0,0.0,0.0,0.0,0.0,0.0,0.0,0.0,0.0,0.0,0.0,0.0,0.0,0.0,0.0,0.0,0.0,0.0,0.0,0.0,0.0,0.0,0.0,0.0,0.0,0.0,0.0,0.0,0.0,0.0,0.0,0.0,0.0,0.0,0.0,0.0,0.0,0.0,0.0,0.0,0.0,0.0,0.0,0.0,0.0,0.0,0.0,0.0,0.0,0.0,0.0,0.0,0.0,0.0,0.0,0.0,0.0,0.0,0.0,0.0,0.0,0.0,0.0,0.0,0.0,0.0,0.0,0.0,0.0,0.0,0.0,0.0,0.0,0.0,0.0,0.0,0.0,0.0,0.0,0.0,0.0,0.0,0.0,0.0,0.0,0.0,0.0,0.0,0.0,0.0,0.0,0.0,0.0,0.0,0.0,0.0,0.0,0.0,0.0,0.0,0.0,0.0,0.0,0.0,0.0,0.0,0.0,0.0,0.0,0.0,0.0,0.0,0.0,0.0,0.0,0.0,0.0,0.0,0.0,0.0,0.0,0.0,0.0,0.0,0.0,0.0,0.0,0.0,0.0,0.0,0.0,0.0,0.0,0.0,0.0,0.0
ENCFF396DVW,0.12552850335088736,4810042,3681,10912,572,3,7015,1594,29,179,72,767,444,108,431,61,27,2046,213,1480,2749,84,382,76,46,2,102,217575,696,182,1356,299,17242,1014,384,238,9909,481,5,2,6253,5176,4,293,0,1255,47,1189,205,48029,138,113,199,214,401,71686,92,223,110,14,271,261,0,10,39,222,35049,1,18372,36369,21315,135,107,68270,4872,173,138,77,91,255,27,100,137,2223,53,66,589,45,95,62,143,1014,20,0,507,95,62,108330,5508,14,56702,24314,412,22579,587,84,2799,954,904,0,36675,20329,5579,202,4785,35519,93,4123,0,1,151,3562,1,81,120,4408,1875,369,1350,156,31,13503,1160,142335,162,568,5215,42036,155499,2328,129,127,13937,735,72,38763,10,56,57,4,889,101,265,7261,1996,394,1220,479,219,582,111,225,246,913,1512,1288,24148,22,54,1,126,1,236,73,1656,676,9646,0,26162,247,118,12681,3912,147661,679,8520,11612,7534,4245,5451,12381,62,17221,18051,6936,7268,20316,28491,3540,192,13380,131,11,52,140,74,43,4,0,2436,2,4010,2550,17,5,243836,12266,11147,12014,337,435,622,13298,5817,9232,158,26275,40,26440,81,59,1268,6,25,103,95,767,1019,4,71,114,81,110,48,339,163,5548,102,2413,1006,777,8163,155,44,90,93,47,41,21,1188,137,1699,688,50,635,479,288,645,152,316948,412,14958,273,99,68,58,103,83,507,4268,79,99,2355,48,465,45,1213,131,131,75,94,20,94,10830,420,334,91,129,86,1718,482,84,106,123,607,184,8,58,76,150,3,13601,0,11487,14,257,11,2122,282,19952,4846,2080,0,1153,25,53,31,1609,8840,7599,39541,5523,520,721,430,79,61,435,5353,1741,514,538,45,632,43,0,2,102,17,1472,93,1102,62,80,201,329,15167,360,63671,742,3361,121,1008,234549,501,59,72065,308182,96,113,108,49,58,2240,1638506,149,115,114,177,132,147,11783,86,4291,2004,3,46908,4228,1,116,2309,452,15,2048,84,401,136,761,131,177,178,59150,100,138,61,158,77,844,351,1,1614,2,665,44,18,132,53078,167,23,128,1071,19,730,386,63,71,388,9,31420,18589,8427,1455,6191,512,54,2139,3,97542,2058,2821,32597,252,359,5955,20,50,644,2296,130,106,241,613,102,16,27844,143,0,0,4491,1954,3,43337,130,10157,16085,11586,2040,13693,2287,84,17720,39790,4271,14319,30742,31960,122,107,124,93,28,82,649,97,756,195,2812,0.0,0.0,0.0,0.0,0.0,0.0,0.0,0.0,0.0,0.0,0.0,0.0,0.0,0.0,0.0,0.0,0.0,0.0,0.0,0.0,0.0,0.0,0.0,0.0,0.0,0.0,0.0,0.0,0.0,0.0,0.0,0.0,0.0,0.0,0.0,0.0,0.0,0.0,0.0,0.0,0.0,0.0,0.0,0.0,0.0,0.0,0.0,0.0,0.0,0.0,0.0,0.0,0.0,0.0,0.0,0.0,0.0,0.0,0.0,0.0,0.0,0.0,0.0,0.0,0.0,0.0,0.0,0.0,0.0,0.0,0.0,0.0,0.0,0.0,0.0,0.0,0.0,0.0,0.0,0.0,0.0,0.0,0.0,0.0,0.0,0.0,0.0,0.0,0.0,0.0,0.0,0.0,0.0,0.0,0.0,0.0,0.0,0.0,0.0,0.0,0.0,0.0,0.0,0.0,0.0,0.0,0.0,0.0,0.0,0.0,0.0,0.0,0.0,0.0,0.0,0.0,0.0,0.0,0.0,0.0,0.0,0.0,0.0,0.0,0.0,0.0,0.0,0.0,0.0,0.0,0.0,0.0,0.0,0.0,0.0,0.0,0.0,0.0,0.0,0.0,0.0,0.0,0.0,0.0,0.0,0.0,0.0,0.0,0.0,0.0
ENCFF000ZHH,0.055895248921493175,2487,12,183,1795,42,5671,297,23,14,13,23,142,156,287,736,1574,118,14,196,195,3,14,1,0,4,27,107,162,816,106,6,16,15,99,78,3,77,2,0,316,381,0,26,0,3,29,244,1031,12,22,55,80,11,19,227,5,9,13,8,20,59,19,684,12,26,27,0,2198,1918,259,49,40,72,197,8,52,24,38,35,15,52,46,128,27,20,155,0,44,24,2,46,7,0,65,73,878,6555,340,9,990,1483,90,1278,100,30,172,49,72,1,106,267,270,3,215,1136,132,923,20,89,121,309,39,1298,69,269,102,27,92,23,1,972,484,82,825,307,460,852,18,173,122,60,137,2080,21,23,3,2,2,1,86,11,17,414,142,27,139,1890,176,18,47,33,28,101,164,128,214,1,10,1,46,1,95,30,76,1463,3,1,27,38,41,544,265,1754,108,1134,1318,610,1361,567,1243,7,1124,1287,422,318,926,658,218,46,26,31,5,21,41,2,2,0,1,177,10,1604,624,381,2,7954,1464,176,957,1133,38,20,1591,713,2633,210,1345,5,1450,3,7,54,8,10,44,16,167,70,1,31,63,31,43,16,83,61,18,6,203,143,85,119,64,17,38,31,16,19,9,19,54,188,47,21,87,115,88,613,2264,69,99,165,53,36,22,27,28,41,5,255,31,48,186,18,74,19,156,55,61,28,45,16,15,21,112,108,38,46,40,86,66,34,35,38,199,1,0,20,33,32,13,496,2,340,2,30,10,225,21,233,275,305,0,78,1,6,51,136,3168,16,75,86,51,11,129,4,5,15,616,272,113,41,0,11,3,0,2,31,35,84,26,136,23,17,70,2395,18,85,4313,22,223,39,229,129,114,14,58,215,52,43,42,23,15,12,540,46,51,42,31,62,61,1010,2,433,105,2,1064,235,4,8,229,23,0,330,39,64,14,129,61,973,161,37,42,50,20,55,37,51,20,0,37,1,68,10,1,5,16,13,27,33,1260,110,482,296,55,22,17,6,1154,23,551,92,392,44,9,108,0,1201,214,372,1657,215,760,13,4,9,32,34,56,37,47,270,45,2,12,58,1,0,146,150,1,19,5,809,1700,1225,304,1228,186,23,3174,3564,545,1644,2641,2968,14,9,38,37,10,46,41,13,13,23,272,0.0,0.0,0.0,0.0,0.0,0.0,0.0,0.0,0.0,0.0,0.0,0.0,0.0,0.0,0.0,0.0,0.0,0.0,0.0,0.0,0.0,0.0,0.0,0.0,0.0,0.0,0.0,0.0,0.0,0.0,0.0,0.0,0.0,0.0,0.0,0.0,0.0,0.0,0.0,0.0,0.0,0.0,0.0,0.0,0.0,0.0,0.0,0.0,0.0,0.0,0.0,0.0,0.0,0.0,0.0,0.0,0.0,0.0,0.0,0.0,0.0,0.0,0.0,0.0,0.0,0.0,0.0,0.0,0.0,0.0,0.0,0.0,0.0,0.0,0.0,0.0,0.0,0.0,0.0,0.0,0.0,0.0,0.0,0.0,0.0,0.0,0.0,0.0,0.0,0.0,0.0,0.0,0.0,0.0,0.0,0.0,0.0,0.0,0.0,0.0,0.0,0.0,0.0,0.0,0.0,0.0,0.0,0.0,0.0,0.0,0.0,0.0,0.0,0.0,0.0,0.0,0.0,0.0,0.0,0.0,0.0,0.0,0.0,0.0,0.0,0.0,0.0,0.0,0.0,0.0,0.0,0.0,0.0,0.0,0.0,0.0,0.0,0.0,0.0,0.0,0.0,0.0,0.0,0.0,0.0,0.0,0.0,0.0,0.0,0.0
ENCFF932THV,0.13028834334342193,152358,124,1729,38009,373,162029,6872,453,255,166,868,4130,1282,4676,23080,18852,1820,535,5258,5292,91,527,38,111,70,2229,11202,3455,20348,3340,121,60,454,2337,2238,25,2332,29,6,6792,6557,56,183,40,22,580,5915,17023,3545,785,1598,1830,126,206,4293,69,280,281,188,867,2167,184,8248,244,179,2619,182,28307,39296,3822,1434,861,2164,3964,36,1684,757,962,1042,277,1466,1725,1933,569,855,4391,17,1083,968,18,617,185,32,884,748,14670,122471,6335,187,18468,26879,3256,23278,1703,933,2562,1075,1385,17,2999,6176,7027,106,4836,26824,1312,32424,191,830,868,5119,380,50392,1450,5621,1796,217,1856,90,244,18667,3538,4315,12947,5765,9011,20143,352,4605,6145,1527,3063,38433,226,564,70,57,41,10,1173,258,577,11020,2769,249,3118,36898,2068,155,1805,524,306,2307,3576,4138,6238,62,132,35,1302,51,1402,728,341,119,6,16,514,340,1646,8629,4201,34937,2535,17605,25631,12071,26285,12819,23499,140,19220,24730,9983,7021,19866,14010,3452,911,940,926,35,829,1469,95,46,13,153,4854,105,30537,8453,5632,274,155441,37603,3448,18881,15159,643,775,27368,17692,43899,4065,34150,184,34707,35,251,1055,59,411,1108,405,4777,2301,26,946,867,854,1334,716,3100,1523,1072,209,4661,3246,1902,2296,1985,420,1126,990,554,390,294,226,1267,3830,1275,454,1385,3004,2092,6337,38110,16113,2929,2897,1356,997,803,809,1170,607,99,5225,700,2059,4090,439,1719,742,3780,2030,1336,1173,1224,398,579,499,3050,2343,1264,1011,935,2071,1953,1375,744,1372,3243,29,33,537,1055,1243,285,11050,243,8025,15,177,144,4310,595,5675,6071,12741,32,1877,214,56,1431,2352,73508,828,1597,2598,871,87,2405,32,83,1326,18563,7471,5073,1016,113,284,114,16,103,780,1341,1817,967,3669,842,532,1174,53117,1103,1969,77474,452,4532,1235,6993,13724,2583,330,849,6608,1031,1341,1511,442,317,68,102941,1919,1244,1328,653,1265,1477,18323,26,12851,935,20,23511,6244,45,338,5774,941,95,6723,919,1415,197,3997,1216,14492,1494,1424,1007,1327,841,841,1154,1117,645,44,821,40,2541,159,256,87,687,138,193,491,33297,1081,7051,4045,602,609,783,231,20370,546,10252,1563,7717,1041,58,2009,18,31565,5189,9684,34756,1581,11996,119,244,510,1302,694,1224,1037,1259,5792,1160,26,89,1282,15,36,2073,2144,4,450,223,17409,27713,21932,5940,22325,3130,546,47569,59417,9947,27271,49616,56321,156,55,850,801,453,1165,450,254,190,624,7311,0.0,0.0,0.0,0.0,0.0,0.0,0.0,0.0,0.0,0.0,0.0,0.0,0.0,0.0,0.0,0.0,0.0,0.0,0.0,0.0,0.0,0.0,0.0,0.0,0.0,0.0,0.0,0.0,0.0,0.0,0.0,0.0,0.0,0.0,0.0,0.0,0.0,0.0,0.0,0.0,0.0,0.0,0.0,0.0,0.0,0.0,0.0,0.0,0.0,0.0,0.0,0.0,0.0,0.0,0.0,0.0,0.0,0.0,0.0,0.0,0.0,0.0,0.0,0.0,0.0,0.0,0.0,0.0,0.0,0.0,0.0,0.0,0.0,0.0,0.0,0.0,0.0,0.0,0.0,0.0,0.0,0.0,0.0,0.0,0.0,0.0,0.0,0.0,0.0,0.0,0.0,0.0,0.0,0.0,0.0,0.0,0.0,0.0,0.0,0.0,0.0,0.0,0.0,0.0,0.0,0.0,0.0,0.0,0.0,0.0,0.0,0.0,0.0,0.0,0.0,0.0,0.0,0.0,0.0,0.0,0.0,0.0,0.0,0.0,0.0,0.0,0.0,0.0,0.0,0.0,0.0,0.0,0.0,0.0,0.0,0.0,0.0,0.0,0.0,0.0,0.0,0.0,0.0,0.0,0.0,0.0,0.0,0.0,0.0,0.0
ENCFF000CWD,0.11305564719660346,11660,41,2343,6954,152,23546,1518,56,135,110,188,676,952,1993,2369,6545,1039,239,1152,4593,102,272,43,18,7,272,22,802,3532,1463,120,48,166,490,260,4,608,10,1,2681,4775,62,332,2,7,116,1575,3730,3,114,145,205,250,162,3535,58,147,150,29,299,426,83,1723,75,128,14,13,14254,39916,3700,179,162,294,2264,107,178,87,104,182,32,156,159,1710,81,84,771,6,133,91,9,543,45,1,5766,196,2695,123746,5408,50,21548,19676,569,34107,4472,78,2492,785,883,4,1204,3155,2936,4,1435,19460,511,8387,107,452,497,3668,194,7330,217,2687,1284,309,1420,190,69,13963,15757,16,3633,1840,4453,16353,12,1055,469,167,1424,6885,67,81,21,57,12,9,925,110,235,3638,1986,282,1247,6808,486,193,171,180,218,981,1540,1364,4409,22,64,2,151,13,349,104,1788,7543,0,1,94,376,124,28583,2786,26350,582,17719,30431,4420,7118,4232,15071,64,15540,14422,7734,3836,16165,6954,1510,251,6,220,31,77,152,82,56,6,7,1687,74,6226,4704,2538,39,86306,21170,992,10970,3610,481,13268,12726,4909,19651,865,16184,48,17601,34,211,385,36,42,113,107,967,1000,63,129,148,81,127,67,484,224,184,91,1442,848,671,1038,187,50,114,120,56,55,46,304,199,1501,214,66,4769,596,474,1709,3753,56,525,3367,284,126,94,94,132,81,99,2712,73,143,2356,54,637,72,1360,183,145,102,163,474,67,179,512,407,126,140,100,994,373,133,99,163,1042,5,11,66,97,337,52,8923,16,4283,5,230,152,2727,331,2648,2956,2001,5,915,57,147,174,2191,19046,251,685,727,380,4,637,58,8,284,16550,1746,838,639,5,104,66,4,31,111,133,994,77,1165,83,89,375,9024,71,525,96666,73,19195,167,963,96,607,55,14,1313,133,126,138,122,75,89,311,173,119,149,85,168,206,9793,38,3418,955,3,11214,2746,51,103,2467,101,28,2419,106,1468,159,1070,157,2768,453,186,167,156,89,227,129,603,87,3,448,10,676,103,14,81,182,0,185,174,5176,439,1336,1153,288,102,1590,5,35050,14,6763,431,9873,496,142,1226,1,11681,16963,3391,17043,555,2759,36,25,91,187,54,182,137,326,863,132,84,80,167,0,1,1984,1832,1,35,139,9011,12528,9443,2138,14615,3877,142,23840,42945,7755,13844,46808,41583,76,77,100,100,57,127,667,109,185,209,2336,0.0,0.0,0.0,0.0,0.0,0.0,0.0,0.0,0.0,0.0,0.0,0.0,0.0,0.0,0.0,0.0,0.0,0.0,0.0,0.0,0.0,0.0,0.0,0.0,0.0,0.0,0.0,0.0,0.0,0.0,0.0,0.0,0.0,0.0,0.0,0.0,0.0,0.0,0.0,0.0,0.0,0.0,0.0,0.0,0.0,0.0,0.0,0.0,0.0,0.0,0.0,0.0,0.0,0.0,0.0,0.0,0.0,0.0,0.0,0.0,0.0,0.0,0.0,0.0,0.0,0.0,0.0,0.0,0.0,0.0,0.0,0.0,0.0,0.0,0.0,0.0,0.0,0.0,0.0,0.0,0.0,0.0,0.0,0.0,0.0,0.0,0.0,0.0,0.0,0.0,0.0,0.0,0.0,0.0,0.0,0.0,0.0,0.0,0.0,0.0,0.0,0.0,0.0,0.0,0.0,0.0,0.0,0.0,0.0,0.0,0.0,0.0,0.0,0.0,0.0,0.0,0.0,0.0,0.0,0.0,0.0,0.0,0.0,0.0,0.0,0.0,0.0,0.0,0.0,0.0,0.0,0.0,0.0,0.0,0.0,0.0,0.0,0.0,0.0,0.0,0.0,0.0,0.0,0.0,0.0,0.0,0.0,0.0,0.0,0.0
ENCFF001HWL,0.1331651908306741,54837,185,2688,27477,727,132418,4652,188,420,207,903,2447,4110,6944,14597,33639,2883,325,7339,7785,203,535,63,24,43,664,1661,2434,28410,3483,185,164,412,1429,1297,49,1441,18,410,6443,7921,133,485,19,55,519,4281,19941,211,344,743,1133,344,224,5380,96,270,250,86,610,1135,210,15497,562,487,490,53,42403,36372,6928,749,586,1142,3709,246,933,451,609,723,193,702,810,2777,321,459,2779,19,675,345,14,956,121,9,2320,1036,13853,144845,8305,72,22189,35118,2268,28693,889,475,5479,1646,4661,8,3672,10928,10537,72,4929,27076,2212,26527,429,1815,1804,6996,810,37853,948,6832,4588,725,1976,260,135,26657,11174,1682,16134,6476,10401,22138,383,3278,4287,935,2752,46611,306,403,140,83,29,13,1703,259,2611,10704,3621,540,2736,29757,2645,348,922,804,756,2254,11129,6874,4738,426,76,26,805,18,1317,514,595,158,52,1,465,614,840,12419,5609,36176,1701,26023,27600,13091,25605,11500,21581,240,23680,28732,8630,7113,20981,14264,4364,626,390,674,77,450,718,126,46,16,18,4668,283,33542,10231,10542,196,205147,27875,2666,22115,24726,871,983,30765,15217,51236,3889,41362,162,36850,34,264,980,80,219,758,183,3524,1722,454,508,674,442,659,318,1936,1035,168,151,3486,2520,1585,2467,968,241,502,606,338,276,199,305,828,4738,1004,307,1384,1724,1663,9835,15141,1132,1767,3554,1004,660,560,471,753,369,98,5529,379,657,4095,278,1237,297,3081,809,800,423,768,599,357,655,1798,1780,627,708,590,1889,1182,583,559,730,2762,21,29,287,496,660,235,13369,90,11466,8,475,62,5026,712,7465,6289,6410,20,2201,72,120,999,3712,64628,586,1772,1539,787,124,1964,120,148,572,12217,7730,2649,1058,16,83,99,12,31,542,1327,2094,437,2993,392,386,1416,41411,363,1555,93173,533,4405,796,4226,1921,2026,227,852,4335,592,790,797,299,312,236,9968,942,769,881,799,909,980,20139,61,7744,1541,14,23803,5059,34,220,4346,462,32,4985,630,1817,198,2343,924,18162,3260,655,546,852,372,902,672,1354,576,22,693,27,2547,172,41,148,438,285,608,562,28127,1782,7566,4324,1051,390,1070,97,40635,199,12174,1404,9579,1040,233,2042,17,29221,6012,10553,46764,1166,15557,246,161,284,717,361,913,552,1164,5226,784,20,271,764,8,11,3079,3467,11,369,164,18927,32803,24251,5732,27505,3449,247,63624,72761,10395,34439,53198,61264,258,122,598,530,172,680,1469,160,322,439,6673,0.0,0.0,0.0,0.0,0.0,0.0,0.0,0.0,0.0,0.0,0.0,0.0,0.0,0.0,0.0,0.0,0.0,0.0,0.0,0.0,0.0,0.0,0.0,0.0,0.0,0.0,0.0,0.0,0.0,0.0,0.0,0.0,0.0,0.0,0.0,0.0,0.0,0.0,0.0,0.0,0.0,0.0,0.0,0.0,0.0,0.0,0.0,0.0,0.0,0.0,0.0,0.0,0.0,0.0,0.0,0.0,0.0,0.0,0.0,0.0,0.0,0.0,0.0,0.0,0.0,0.0,0.0,0.0,0.0,0.0,0.0,0.0,0.0,0.0,0.0,0.0,0.0,0.0,0.0,0.0,0.0,0.0,0.0,0.0,0.0,0.0,0.0,0.0,0.0,0.0,0.0,0.0,0.0,0.0,0.0,0.0,0.0,0.0,0.0,0.0,0.0,0.0,0.0,0.0,0.0,0.0,0.0,0.0,0.0,0.0,0.0,0.0,0.0,0.0,0.0,0.0,0.0,0.0,0.0,0.0,0.0,0.0,0.0,0.0,0.0,0.0,0.0,0.0,0.0,0.0,0.0,0.0,0.0,0.0,0.0,0.0,0.0,0.0,0.0,0.0,0.0,0.0,0.0,0.0,0.0,0.0,0.0,0.0,0.0,0.0
ENCFF000XIW,0.03353072454539447,2186,11,256,4058,113,11783,317,12,41,13,23,149,395,531,1117,3154,250,37,323,315,14,51,3,2,2,42,37,208,4019,241,18,15,30,108,115,3,100,1,2,382,806,1,43,1,5,38,334,2762,3,59,45,56,33,18,486,9,23,18,5,46,74,15,1499,16,49,7,3,4107,2904,518,66,31,74,364,15,71,49,26,57,10,67,59,246,37,36,174,0,38,24,1,88,8,0,90,98,1453,11930,713,14,1985,2752,140,2434,86,28,383,99,143,1,324,636,671,13,314,2245,355,3845,127,483,338,649,206,5502,118,433,179,45,211,25,6,2147,821,39,1972,580,753,2034,6,264,178,67,236,2999,22,16,6,4,2,3,119,25,26,637,337,47,279,4119,437,26,69,58,66,180,293,255,408,4,11,1,47,2,124,32,144,190,3,0,35,51,47,1221,480,2972,172,2157,2476,900,3267,896,1713,10,1732,2042,665,536,1452,1194,438,43,8,48,4,26,37,14,4,0,4,257,22,3009,913,887,16,12749,3164,276,1895,2318,71,32,2727,1102,4498,695,2767,6,2860,2,26,51,7,10,52,7,198,171,0,38,58,35,50,32,128,55,102,15,302,258,104,170,58,15,33,36,23,20,21,43,68,315,78,13,123,146,122,1218,3041,36,135,231,91,33,44,31,55,44,10,463,30,56,368,21,96,25,224,70,55,38,52,18,24,30,147,134,66,56,46,161,103,34,57,56,235,3,5,29,28,49,18,972,2,676,1,45,7,448,52,480,449,417,1,157,5,11,56,281,4330,40,119,121,61,7,154,13,6,38,781,320,200,111,5,8,15,2,3,36,176,223,31,300,29,26,140,5371,27,114,8890,21,375,41,289,56,137,14,15,255,53,42,45,39,30,16,195,50,51,58,35,72,76,1700,1,584,160,0,1799,435,0,22,383,28,1,401,45,133,24,173,61,2089,334,30,54,54,37,64,24,74,9,1,62,0,102,5,4,13,31,24,92,50,2763,416,912,678,242,41,41,2,2625,4,972,140,867,87,16,194,2,2014,447,567,3099,230,1889,10,8,18,41,27,65,31,58,448,35,2,16,60,2,3,283,322,0,16,12,1932,2628,1910,506,2668,333,13,5590,5931,803,2803,4603,5608,15,20,46,47,13,45,179,27,38,35,432,0.0,0.0,0.0,0.0,0.0,0.0,0.0,0.0,0.0,0.0,0.0,0.0,0.0,0.0,0.0,0.0,0.0,0.0,0.0,0.0,0.0,0.0,0.0,0.0,0.0,0.0,0.0,0.0,0.0,0.0,0.0,0.0,0.0,0.0,0.0,0.0,0.0,0.0,0.0,0.0,0.0,0.0,0.0,0.0,0.0,0.0,0.0,0.0,0.0,0.0,0.0,0.0,0.0,0.0,0.0,0.0,0.0,0.0,0.0,0.0,0.0,0.0,0.0,0.0,0.0,0.0,0.0,0.0,0.0,0.0,0.0,0.0,0.0,0.0,0.0,0.0,0.0,0.0,0.0,0.0,0.0,0.0,0.0,0.0,0.0,0.0,0.0,0.0,0.0,0.0,0.0,0.0,0.0,0.0,0.0,0.0,0.0,0.0,0.0,0.0,0.0,0.0,0.0,0.0,0.0,0.0,0.0,0.0,0.0,0.0,0.0,0.0,0.0,0.0,0.0,0.0,0.0,0.0,0.0,0.0,0.0,0.0,0.0,0.0,0.0,0.0,0.0,0.0,0.0,0.0,0.0,0.0,0.0,0.0,0.0,0.0,0.0,0.0,0.0,0.0,0.0,0.0,0.0,0.0,0.0,0.0,0.0,0.0,0.0,0.0
ENCFF001FXH,0.12481591290404134,24231,56,1207,13998,267,36672,11706,80,208,119,379,1290,1312,3116,7369,10229,1491,215,3367,3293,118,438,27,40,47,509,47,1127,7834,2166,134,71,168,1110,1089,12,1242,22,8,4327,6360,18,327,2,14,634,2568,6293,8,242,283,454,239,189,5940,85,156,334,73,414,529,95,3680,94,131,19,21,17863,24097,6568,425,213,434,4619,131,753,160,230,281,74,283,1184,2302,137,156,1168,3,268,161,12,777,69,10,507,427,6472,80601,6423,42,17515,22937,1044,20567,959,201,3427,950,781,18,2481,7058,6585,88,3393,18958,1193,11854,199,718,719,4064,325,14401,721,4382,1929,347,1558,227,77,17635,4370,56,6054,3084,11836,16894,12,1954,1900,581,2261,17037,149,98,38,61,18,11,1093,196,274,6835,2641,302,1975,13845,1042,210,490,817,705,1441,4463,4849,7350,43,54,24,323,13,515,186,517,341,6,1,157,322,602,9397,3570,22475,934,12299,18044,6397,10952,7804,12187,110,12655,14357,7066,5294,16274,9422,3345,368,26,494,20,157,256,125,24,12,30,1919,119,13206,6049,3866,83,121048,23459,1535,15246,7666,590,369,19006,10887,28337,2069,33770,92,36478,34,198,425,43,91,567,153,2430,2091,20,200,320,179,265,138,1675,1311,1819,105,1792,2387,1042,5683,369,98,189,234,92,84,93,950,344,2477,508,96,676,1623,1034,2921,5294,59,1447,3970,496,330,303,201,289,160,608,4145,159,265,3397,106,660,130,1961,293,341,152,255,234,143,196,765,750,245,298,223,2184,601,239,225,277,1230,12,22,131,180,507,149,11610,99,9029,10,286,52,3342,469,7854,5272,9884,15,1112,65,128,662,1797,32950,337,932,2117,540,0,1299,97,430,412,7663,3346,1005,696,43,105,76,6,34,208,600,1142,491,1908,150,166,508,18092,123,675,68102,152,3491,308,2417,252,1088,96,33,1702,244,673,947,106,137,92,605,869,357,807,183,479,1088,13323,36,5428,1188,14,26073,4375,17,154,3698,515,30,2353,235,1116,137,2060,399,5346,1108,226,263,777,138,411,276,1485,283,10,546,28,1286,43,53,172,160,248,294,310,11455,642,2592,2082,407,220,524,103,25211,36,8116,615,8818,893,95,1291,10,13895,2501,4848,23991,711,4485,54,107,135,249,159,580,223,1051,2835,587,13,95,306,8,14,2037,2570,2,32,107,13642,18441,13921,2911,17354,2112,164,28975,44219,7638,20882,31419,42785,181,80,224,197,56,267,970,149,185,427,3530,0.0,0.0,0.0,0.0,0.0,0.0,0.0,0.0,0.0,0.0,0.0,0.0,0.0,0.0,0.0,0.0,0.0,0.0,0.0,0.0,0.0,0.0,0.0,0.0,0.0,0.0,0.0,0.0,0.0,0.0,0.0,0.0,0.0,0.0,0.0,0.0,0.0,0.0,0.0,0.0,0.0,0.0,0.0,0.0,0.0,0.0,0.0,0.0,0.0,0.0,0.0,0.0,0.0,0.0,0.0,0.0,0.0,0.0,0.0,0.0,0.0,0.0,0.0,0.0,0.0,0.0,0.0,0.0,0.0,0.0,0.0,0.0,0.0,0.0,0.0,0.0,0.0,0.0,0.0,0.0,0.0,0.0,0.0,0.0,0.0,0.0,0.0,0.0,0.0,0.0,0.0,0.0,0.0,0.0,0.0,0.0,0.0,0.0,0.0,0.0,0.0,0.0,0.0,0.0,0.0,0.0,0.0,0.0,0.0,0.0,0.0,0.0,0.0,0.0,0.0,0.0,0.0,0.0,0.0,0.0,0.0,0.0,0.0,0.0,0.0,0.0,0.0,0.0,0.0,0.0,0.0,0.0,0.0,0.0,0.0,0.0,0.0,0.0,0.0,0.0,0.0,0.0,0.0,0.0,0.0,0.0,0.0,0.0,0.0,0.0
ENCFF418SMX,0.10944504400651525,156223,124,3211,44312,465,112917,15807,723,606,344,1373,6756,2890,5229,18157,23103,2498,1453,6919,6998,150,886,80,194,153,2097,9697,5573,22595,4717,196,59,649,3910,3913,50,4055,47,27,9815,12262,194,525,153,28,1025,10105,24209,654,1179,2421,2663,215,489,7596,101,441,378,493,1553,3911,303,10093,299,214,2763,541,42234,67595,7173,2324,1407,3320,7755,71,2705,1249,1393,1720,507,2262,2743,3362,865,1376,6603,67,1656,1475,45,1450,814,79,3790,936,9621,174432,9474,274,27405,46192,5019,39045,2761,1403,5402,2393,2996,74,4912,10342,12264,689,7592,41231,1488,36606,143,721,965,7543,373,58086,2074,7618,3120,561,2470,202,250,33906,5201,4512,15206,6889,14974,31670,328,7636,5861,2339,4515,61665,840,794,75,190,133,38,2302,643,1344,13555,4100,410,4871,42591,2644,452,2880,4555,3967,3593,7021,9322,8411,75,145,50,1934,134,2416,1050,2700,1015,12,33,802,548,2573,14263,6850,48064,3778,22070,35652,14555,29523,19339,34912,339,30891,39551,11751,11360,31278,20106,5453,1304,708,396,56,1345,2431,160,108,65,88,5688,393,44383,9807,9162,546,157801,35728,4620,23925,16167,1582,1041,35590,16481,46813,2480,45249,149,43582,121,299,1638,241,665,1832,421,7303,2886,107,1496,1365,1120,2087,1205,4882,2415,334,269,7483,5254,2735,4301,3309,594,1900,1560,1002,573,476,450,1923,5493,1210,722,1945,5017,3351,9136,56971,9070,4500,4650,2130,1572,1331,1254,1773,997,171,11292,1196,3129,6713,673,2635,1102,5563,3295,2122,1808,1781,209,842,612,4824,3421,1881,1505,1568,3156,3003,2081,1164,2114,4673,24,21,806,1705,734,224,13981,170,10355,43,215,113,6453,630,8386,8197,9691,122,3167,348,124,1655,3350,82891,950,2531,4382,1289,110,3924,309,1144,1918,25441,8672,8886,1852,127,357,307,27,214,1189,1249,2493,1530,6925,1228,870,2108,69384,335,3287,148813,782,7558,1816,10764,11446,3542,663,727,7483,1466,2243,2329,648,559,154,93163,3282,2089,2135,798,1972,2426,32706,303,20813,1680,155,38577,9400,45,538,7627,1382,279,10790,1494,1488,305,6487,2037,35677,1750,1592,1512,2194,1353,1342,1830,2048,993,60,1544,104,3635,400,292,133,649,552,210,873,29649,998,8405,3865,600,964,1365,468,40291,567,13872,2093,11722,2341,56,2842,44,45198,8567,12998,56609,2447,24835,175,511,870,2047,1074,2045,1579,1890,5715,1807,34,187,1947,45,93,3412,3439,45,515,172,31245,39951,31435,7878,34802,5460,497,67072,95628,13579,39002,74615,88589,235,68,1348,1239,670,1754,967,948,328,983,8876,0.0,0.0,0.0,0.0,0.0,0.0,0.0,0.0,0.0,0.0,0.0,0.0,0.0,0.0,0.0,0.0,0.0,0.0,0.0,0.0,0.0,0.0,0.0,0.0,0.0,0.0,0.0,0.0,0.0,0.0,0.0,0.0,0.0,0.0,0.0,0.0,0.0,0.0,0.0,0.0,0.0,0.0,0.0,0.0,0.0,0.0,0.0,0.0,0.0,0.0,0.0,0.0,0.0,0.0,0.0,0.0,0.0,0.0,0.0,0.0,0.0,0.0,0.0,0.0,0.0,0.0,0.0,0.0,0.0,0.0,0.0,0.0,0.0,0.0,0.0,0.0,0.0,0.0,0.0,0.0,0.0,0.0,0.0,0.0,0.0,0.0,0.0,0.0,0.0,0.0,0.0,0.0,0.0,0.0,0.0,0.0,0.0,0.0,0.0,0.0,0.0,0.0,0.0,0.0,0.0,0.0,0.0,0.0,0.0,0.0,0.0,0.0,0.0,0.0,0.0,0.0,0.0,0.0,0.0,0.0,0.0,0.0,0.0,0.0,0.0,0.0,0.0,0.0,0.0,0.0,0.0,0.0,0.0,0.0,0.0,0.0,0.0,0.0,0.0,0.0,0.0,0.0,0.0,0.0,0.0,0.0,0.0,0.0,0.0,0.0
ENCFF002AWN,0.08036752071333185,23994,101,1743,13387,187,32740,2262,88,140,171,358,1173,1094,2058,7563,8301,1379,282,1752,4257,100,457,54,6,9,355,139,1174,6085,2158,185,79,235,405,381,10,786,9,16,3398,7928,22,427,12,18,231,2304,6412,19,248,243,330,308,226,10327,97,221,239,47,411,778,102,3171,228,112,48,91,18148,25732,8140,230,149,448,5433,208,253,166,179,208,65,258,266,2725,132,136,1203,5,203,134,9,769,80,6,532,325,6145,93754,6263,101,17247,25213,820,21888,272,180,3832,1039,936,1,1870,5044,5148,9,2149,24614,653,10991,132,561,642,4949,196,13474,318,4985,3605,462,2035,262,65,24611,3412,108,4557,2231,26277,18653,26,1806,770,283,2246,11451,126,144,45,88,12,20,1355,196,447,6369,3036,456,1834,13172,832,254,256,335,340,1374,2196,2018,5289,68,59,3,219,8,613,167,566,95,7,3,121,501,220,11036,4378,35543,1040,14351,18777,7185,13990,6135,11929,126,24147,26282,13168,5729,12439,10557,2259,361,36,245,61,129,223,131,38,5,9,2295,62,14043,4091,2742,49,108347,16295,1805,15144,5658,781,294,19249,7179,19111,1054,26352,84,27596,18,299,566,237,80,214,102,1540,1587,81,186,234,140,203,118,643,294,999,142,2117,1583,1103,1743,286,72,149,165,91,80,74,895,300,2627,360,85,877,801,837,2926,8704,158,778,2902,424,189,126,142,221,119,210,4949,105,225,5387,71,773,113,2188,288,220,132,240,2479,164,216,852,659,178,236,208,1753,527,214,190,230,1615,8,10,105,142,386,80,10658,18,6468,6,351,760,4540,758,4190,4923,3259,2,1410,96,168,322,5361,21612,452,1061,1419,610,17,820,114,97,465,5683,2069,1824,886,17,313,69,1,15,153,264,1317,98,1720,132,127,466,15949,110,794,73001,159,3569,242,1373,256,964,79,74,2007,202,212,220,102,100,123,1107,235,195,225,120,274,285,14643,54,5116,1345,5,20490,4675,15,185,3090,201,22,3589,189,7843,214,991,255,6018,833,333,207,239,131,398,199,1045,157,2,649,8,978,142,290,145,321,62,165,259,8450,493,2413,1390,340,186,469,20,25738,32,10046,677,8616,888,196,1901,27,14631,2544,4570,24265,1055,5204,57,22,101,263,135,222,162,712,1764,214,55,186,264,4,4,2832,2997,1,70,145,14171,22599,13766,3293,21173,2510,169,37358,55309,5570,25486,40610,45461,159,99,170,172,46,177,1267,304,353,311,3803,0.0,0.0,0.0,0.0,0.0,0.0,0.0,0.0,0.0,0.0,0.0,0.0,0.0,0.0,0.0,0.0,0.0,0.0,0.0,0.0,0.0,0.0,0.0,0.0,0.0,0.0,0.0,0.0,0.0,0.0,0.0,0.0,0.0,0.0,0.0,0.0,0.0,0.0,0.0,0.0,0.0,0.0,0.0,0.0,0.0,0.0,0.0,0.0,0.0,0.0,0.0,0.0,0.0,0.0,0.0,0.0,0.0,0.0,0.0,0.0,0.0,0.0,0.0,0.0,0.0,0.0,0.0,0.0,0.0,0.0,0.0,0.0,0.0,0.0,0.0,0.0,0.0,0.0,0.0,0.0,0.0,0.0,0.0,0.0,0.0,0.0,0.0,0.0,0.0,0.0,0.0,0.0,0.0,0.0,0.0,0.0,0.0,0.0,0.0,0.0,0.0,0.0,0.0,0.0,0.0,0.0,0.0,0.0,0.0,0.0,0.0,0.0,0.0,0.0,0.0,0.0,0.0,0.0,0.0,0.0,0.0,0.0,0.0,0.0,0.0,0.0,0.0,0.0,0.0,0.0,0.0,0.0,0.0,0.0,0.0,0.0,0.0,0.0,0.0,0.0,0.0,0.0,0.0,0.0,0.0,0.0,0.0,0.0,0.0,0.0
ENCFF996JML,0.1736184722950302,465980,541,3727,11710,495,59219,1774,111,282,126,332,1434,2746,4993,10558,19900,1831,203,2347,1773,57,215,28,17,14,342,32816,1261,10110,1085,86,1850,227,624,586,642,567,15,13,2992,3677,15,247,21,264,182,2082,9512,5632,186,352,510,150,182,2618,59,119,167,41,262,759,226,5575,302,150,10591,84,20274,19256,2520,372,259,6754,1860,80,413,196,269,329,75,402,364,1230,180,205,1374,5,311,206,7,417,52,17,521,550,8008,59363,3213,43,9333,13638,919,11709,424,247,1617,512,484,10,941,2477,2487,39,1774,9978,1560,15880,381,1532,1226,2985,702,21045,547,1926,955,220,850,94,36,9558,7038,19590,4947,4136,5016,8680,7722,1777,1625,409,5653,17544,104,4533,58,36,16,9,736,108,371,3411,1515,189,1324,13091,1403,118,357,321,285,1042,1428,1170,1940,26,63,9,337,3,723,237,433,216,610,16,2288,233,296,5058,2277,24893,899,12729,11988,5302,11147,5308,10264,112,9001,10657,3485,2911,7997,6369,2284,317,6021,306,87,172,325,59,55,33,38,1440,209,13633,4772,7033,51,101192,14260,4172,10426,11605,339,193,15823,7549,24134,2862,13769,80,12842,17,116,458,357,89,281,87,1412,842,40,237,389,216,325,166,808,516,210,61,1662,1012,708,874,475,134,234,280,128,130,84,200,434,2189,462,128,703,870,784,5313,17487,26573,804,1147,516,268,221,199,354,201,87,2370,193,293,1684,126,520,155,1478,453,325,234,295,231,186,1025,888,894,309,335,292,878,553,294,290,352,1514,4,10,121,224,171,118,4820,34,3159,9,179,14,2045,251,2282,2183,2619,12,863,45,73,432,1299,38292,2827,3945,784,426,2287,1048,50,123,213,5480,2856,1819,448,12,55,31,1,16,263,460,912,205,1443,196,188,673,20153,2609,949,41044,229,1898,339,1754,36832,927,110,17713,41946,323,334,316,173,163,677,206514,402,303,344,263,414,426,8313,19,3560,806,8,8764,2660,14,95,1999,146,18,2495,271,467,93,1048,429,7262,1447,4634,299,360,146,406,294,433,318,10,378,9,677,48,9,44,5013,79,449,398,18660,1321,4177,2829,770,247,256,36,10894,3365,4893,5690,3872,404,148,960,27,10360,2076,3280,15104,2108,6194,775,60,121,2747,433,355,266,681,2809,345,17,3724,390,7,12,1250,1314,0,6851,47,8137,16042,12112,2942,12383,1507,146,26322,33922,5099,15728,24773,27994,135,84,329,289,66,308,502,147,141,180,2198,0.0,0.0,0.0,0.0,0.0,0.0,0.0,0.0,0.0,0.0,0.0,0.0,0.0,0.0,0.0,0.0,0.0,0.0,0.0,0.0,0.0,0.0,0.0,0.0,0.0,0.0,0.0,0.0,0.0,0.0,0.0,0.0,0.0,0.0,0.0,0.0,0.0,0.0,0.0,0.0,0.0,0.0,0.0,0.0,0.0,0.0,0.0,0.0,0.0,0.0,0.0,0.0,0.0,0.0,0.0,0.0,0.0,0.0,0.0,0.0,0.0,0.0,0.0,0.0,0.0,0.0,0.0,0.0,0.0,0.0,0.0,0.0,0.0,0.0,0.0,0.0,0.0,0.0,0.0,0.0,0.0,0.0,0.0,0.0,0.0,0.0,0.0,0.0,0.0,0.0,0.0,0.0,0.0,0.0,0.0,0.0,0.0,0.0,0.0,0.0,0.0,0.0,0.0,0.0,0.0,0.0,0.0,0.0,0.0,0.0,0.0,0.0,0.0,0.0,0.0,0.0,0.0,0.0,0.0,0.0,0.0,0.0,0.0,0.0,0.0,0.0,0.0,0.0,0.0,0.0,0.0,0.0,0.0,0.0,0.0,0.0,0.0,0.0,0.0,0.0,0.0,0.0,0.0,0.0,0.0,0.0,0.0,0.0,0.0,0.0
ENCFF566MNM,0.12824443157491905,836885,3443,15709,132919,2081,274928,23885,958,1731,1077,2310,10479,13800,34303,61802,87764,12588,1705,22936,19123,637,2549,290,271,327,3044,69137,11117,104358,12700,984,3017,1859,6304,5330,2312,6669,112,82,28002,38516,448,2490,137,862,2184,19333,80582,9645,1727,3034,4451,1733,1222,24603,722,1255,1586,731,2753,5144,2802,36576,2582,3105,17019,330,170812,189244,26237,3597,2186,16868,25605,953,4155,1589,2584,3170,733,3036,3821,13062,1515,1650,11425,78,2749,1502,81,4785,844,236,5006,4478,50799,572309,37293,414,102192,140252,8553,121663,5431,2018,18967,6071,6349,77,10783,26772,26875,1055,15527,115763,9008,77557,1290,5757,6701,30463,2411,113994,4679,22406,10142,3845,10030,1370,464,112953,43303,38315,66621,31373,54228,94184,12616,15010,14842,3995,19285,157087,4658,9548,396,420,123,99,8085,1071,2667,35014,17862,2171,16000,135216,11999,1492,3764,8695,7346,10741,14554,13271,22983,277,486,294,3234,93,5843,1870,12137,3329,1262,67,4854,2991,3372,54366,25252,165999,7581,100219,115194,52390,108398,45769,90225,873,97093,114045,39012,31067,85515,67324,26223,2931,15113,3655,449,1594,2773,672,238,96,209,14105,1164,127951,42302,32718,899,1093154,135274,18682,104982,76907,3946,2071,151126,75591,204082,12124,164668,814,157617,127,1402,2996,816,880,3109,1291,11871,7897,118,2018,2931,1842,2849,1319,8303,4779,2308,770,15101,10403,6571,10091,3513,1050,1940,2223,1039,1118,894,2134,3478,19634,4412,1076,6322,8082,7415,45528,125148,43058,7608,11931,4500,2669,2125,1886,2974,1798,842,31049,1465,2629,19762,1082,5498,1253,13285,3350,3491,1806,2960,1597,1415,2996,7679,7806,2518,2983,2285,8230,4743,2470,2398,2906,12817,81,112,1167,1882,1740,760,53285,661,36067,85,1979,797,22418,2753,25913,24328,26385,148,9926,376,724,7738,13330,245331,5878,12238,7447,3971,4023,9421,1410,1837,2685,53764,26022,10310,5030,253,1417,493,56,198,2102,6430,9940,2132,12873,1632,1476,6006,194050,4182,6957,428066,2275,19641,3174,17670,71904,9022,943,28535,79252,2435,3232,3490,1325,1428,1705,325201,3940,2898,3720,1565,3990,4319,88715,270,33843,8118,117,98863,23455,305,1069,21545,3250,165,21728,2521,6385,1055,10577,3596,82317,11181,9445,2507,3511,1359,3533,2614,4658,3221,108,3849,100,6111,669,221,741,8229,4529,2360,3357,120310,5134,32062,17728,3631,1987,3514,858,123802,6264,52751,16452,44067,5291,1273,10482,112,117301,22230,35303,164437,11194,63699,2080,1525,1168,7703,3233,3552,2189,4983,34198,3248,132,6855,3198,147,179,15450,14262,81,12608,718,91168,146643,104917,26540,126274,15332,1842,237735,327253,46406,145959,243150,288288,934,723,2365,2203,684,2663,4952,1108,1630,2558,24163,0.0,0.0,0.0,0.0,0.0,0.0,0.0,0.0,0.0,0.0,0.0,0.0,0.0,0.0,0.0,0.0,0.0,0.0,0.0,0.0,0.0,0.0,0.0,0.0,0.0,0.0,0.0,0.0,0.0,0.0,0.0,0.0,0.0,0.0,0.0,0.0,0.0,0.0,0.0,0.0,0.0,0.0,0.0,0.0,0.0,0.0,0.0,0.0,0.0,0.0,0.0,0.0,0.0,0.0,0.0,0.0,0.0,0.0,0.0,0.0,0.0,0.0,0.0,0.0,0.0,0.0,0.0,0.0,0.0,0.0,0.0,0.0,0.0,0.0,0.0,0.0,0.0,0.0,0.0,0.0,0.0,0.0,0.0,0.0,0.0,0.0,0.0,0.0,0.0,0.0,0.0,0.0,0.0,0.0,0.0,0.0,0.0,0.0,0.0,0.0,0.0,0.0,0.0,0.0,0.0,0.0,0.0,0.0,0.0,0.0,0.0,0.0,0.0,0.0,0.0,0.0,0.0,0.0,0.0,0.0,0.0,0.0,0.0,0.0,0.0,0.0,0.0,0.0,0.0,0.0,0.0,0.0,0.0,0.0,0.0,0.0,0.0,0.0,0.0,0.0,0.0,0.0,0.0,0.0,0.0,0.0,0.0,0.0,0.0,0.0
ENCFF843ACU,0.13757098585090413,51522,112,4247,33569,363,76060,11051,307,411,547,911,4156,2323,5356,22339,17231,4029,1453,5262,8803,319,1577,108,63,65,1761,475,4913,19914,7720,563,162,755,2251,2139,44,3546,9,5,13855,23114,63,1457,66,32,1119,9529,25023,50,793,1273,1625,1056,669,15572,260,791,613,210,1711,1825,168,8975,1952,132,155,40,56132,87622,16842,1357,762,2122,11194,729,1581,620,839,1030,232,1238,1474,7349,545,749,5194,8,898,696,34,2164,727,36,2260,1212,9124,310137,20658,299,55914,80331,3688,69936,2343,720,11433,3368,3920,38,6742,16938,16975,193,7016,72915,1711,36582,205,932,1433,15046,455,53628,1534,11657,5218,1510,5327,896,165,76319,9123,330,33099,6577,29513,65971,70,6434,2783,1434,6932,28137,285,354,84,182,30,66,5227,700,634,16834,9238,1019,5448,36925,3709,913,1444,1822,1778,4925,10267,9507,12138,106,172,58,1210,34,1930,698,4475,721,25,33,607,1525,1194,31494,14621,91914,3546,40563,55740,22910,43212,21702,41922,522,55776,64677,27636,19177,45141,35298,9225,1494,86,727,154,675,1183,277,63,21,33,8192,181,46665,14107,6888,1347,259451,55949,6065,48121,16190,2272,1041,60431,25194,60486,2026,90202,208,89395,79,692,1203,47,361,1118,1022,6176,5188,162,797,1046,761,1096,549,3140,1696,695,419,8885,5023,3232,5352,1595,423,789,868,439,353,315,972,1468,7318,1108,476,2797,3766,2711,13151,77043,485,3420,7682,1930,1041,792,717,1107,683,231,16487,611,1306,10227,390,3370,484,7133,1394,1213,774,1087,624,575,749,3242,2668,896,1148,999,4386,2280,1115,855,1197,5587,22,46,490,758,1229,224,32289,104,18727,24,773,262,12768,1702,14775,11078,11491,8,5061,95,378,1097,9462,73920,1537,4767,3892,2023,30,3467,350,452,2253,22590,6982,4152,3372,58,517,86,6,26,779,2069,4343,833,6099,663,607,1824,47222,435,2740,237108,576,12759,1185,7163,1054,3142,403,171,6056,894,1225,1348,530,531,742,3353,1607,1100,1331,930,1413,1593,46241,60,19888,3290,30,52809,13112,115,657,10706,1769,27,11228,888,4462,395,4983,1310,14345,2979,783,885,1424,590,1374,979,2555,584,19,1456,14,2953,717,105,392,484,272,279,811,28448,934,9399,4867,919,997,1522,156,76935,104,27157,1865,25279,3020,345,5629,14,52102,9495,16372,71457,6190,21055,226,119,417,1069,524,1305,859,1838,6491,1194,44,407,1270,51,44,8274,9016,31,199,348,50850,62727,43977,10526,67704,8166,720,115287,153965,18491,61796,121664,146891,350,291,845,771,271,998,2306,726,787,1194,11263,0.0,0.0,0.0,0.0,0.0,0.0,0.0,0.0,0.0,0.0,0.0,0.0,0.0,0.0,0.0,0.0,0.0,0.0,0.0,0.0,0.0,0.0,0.0,0.0,0.0,0.0,0.0,0.0,0.0,0.0,0.0,0.0,0.0,0.0,0.0,0.0,0.0,0.0,0.0,0.0,0.0,0.0,0.0,0.0,0.0,0.0,0.0,0.0,0.0,0.0,0.0,0.0,0.0,0.0,0.0,0.0,0.0,0.0,0.0,0.0,0.0,0.0,0.0,0.0,0.0,0.0,0.0,0.0,0.0,0.0,0.0,0.0,0.0,0.0,0.0,0.0,0.0,0.0,0.0,0.0,0.0,0.0,0.0,0.0,0.0,0.0,0.0,0.0,0.0,0.0,0.0,0.0,0.0,0.0,0.0,0.0,0.0,0.0,0.0,0.0,0.0,0.0,0.0,0.0,0.0,0.0,0.0,0.0,0.0,0.0,0.0,0.0,0.0,0.0,0.0,0.0,0.0,0.0,0.0,0.0,0.0,0.0,0.0,0.0,0.0,0.0,0.0,0.0,0.0,0.0,0.0,0.0,0.0,0.0,0.0,0.0,0.0,0.0,0.0,0.0,0.0,0.0,0.0,0.0,0.0,0.0,0.0,0.0,0.0,0.0
ENCFF428IKC,0.12108126821884754,110342,3079,7907,39590,412,70995,20869,463,680,735,1437,4806,3587,10080,13488,18085,6092,1493,22995,13532,618,2277,327,383,335,2491,3245,5043,27327,11199,765,486,1220,2701,2483,94,4629,162,47,19183,31201,194,2303,58,1116,2109,11178,15949,390,775,877,1474,1520,1149,21036,639,1134,1360,1009,2311,2866,460,8594,1378,1830,815,179,87551,121598,22650,1515,691,2453,17402,1100,1744,530,890,1140,158,988,1779,10229,426,441,4756,61,869,495,111,4475,847,305,3557,1444,13244,429984,30335,195,81590,109443,4963,93435,2163,594,16902,5301,5470,81,8865,22356,22147,518,9469,93317,3406,34036,181,759,2223,22963,332,29586,1594,17123,8045,3144,8910,1181,424,101188,15598,2080,32714,11019,49248,83074,451,8355,17039,1537,9157,48759,2069,1104,143,353,152,231,7569,1140,1845,23784,15323,2181,10503,34088,3284,1544,1709,7054,5479,7226,12431,10833,19048,302,452,266,1124,85,2401,515,4849,697,38,27,677,2250,1503,43525,19800,120826,3712,60580,77823,32934,36844,28007,49501,691,74771,84892,32920,26064,63050,53239,17567,1656,596,2884,127,534,907,622,250,280,160,9546,768,43051,18669,8925,1905,968500,96495,8126,76110,20491,3801,1504,97002,51466,93681,2285,142205,569,138621,189,1050,1818,272,248,1373,1208,6517,7026,150,518,1018,511,972,442,4197,2191,1292,910,9383,7013,5023,10024,1154,267,613,923,323,298,312,1798,1033,11888,1939,328,4084,4177,3789,11709,30201,1647,3985,10743,1945,1224,1028,627,1145,418,813,24264,590,938,14102,409,2910,390,8667,882,1280,425,997,1433,457,1368,2938,3000,822,978,800,6226,2498,741,760,850,5734,87,90,369,553,1839,467,45862,977,30820,94,1504,249,17034,2538,22946,17824,16394,156,8352,392,577,9217,11899,106390,1915,6382,4487,2641,67,5346,706,1036,2386,39988,22640,5427,4357,118,718,503,97,123,636,5190,7672,1131,8572,561,566,2858,48825,593,2557,337793,2138,15933,1171,10315,4007,5135,376,1415,11437,705,1572,1658,459,551,625,17758,1957,1357,1696,1148,1578,2046,70575,248,21963,5796,241,78594,21212,171,856,15074,3146,155,11965,885,5021,960,5850,1514,23245,2219,1710,871,1662,557,1691,1017,4296,2843,129,2560,133,4062,1025,40,578,1401,2068,1190,2969,29705,834,7812,6422,786,958,3063,1243,118682,302,46944,3006,36733,4235,1179,8111,63,94089,16815,30026,126100,4509,19612,378,1934,397,1061,1878,1878,690,2265,19932,1548,56,1137,1030,139,192,12585,12548,31,867,592,69267,94909,60896,18059,97309,11169,818,131922,231130,26653,91662,167015,211215,549,458,724,662,295,877,4588,756,1464,1943,16127,0.0,0.0,0.0,0.0,0.0,0.0,0.0,0.0,0.0,0.0,0.0,0.0,0.0,0.0,0.0,0.0,0.0,0.0,0.0,0.0,0.0,0.0,0.0,0.0,0.0,0.0,0.0,0.0,0.0,0.0,0.0,0.0,0.0,0.0,0.0,0.0,0.0,0.0,0.0,0.0,0.0,0.0,0.0,0.0,0.0,0.0,0.0,0.0,0.0,0.0,0.0,0.0,0.0,0.0,0.0,0.0,0.0,0.0,0.0,0.0,0.0,0.0,0.0,0.0,0.0,0.0,0.0,0.0,0.0,0.0,0.0,0.0,0.0,0.0,0.0,0.0,0.0,0.0,0.0,0.0,0.0,0.0,0.0,0.0,0.0,0.0,0.0,0.0,0.0,0.0,0.0,0.0,0.0,0.0,0.0,0.0,0.0,0.0,0.0,0.0,0.0,0.0,0.0,0.0,0.0,0.0,0.0,0.0,0.0,0.0,0.0,0.0,0.0,0.0,0.0,0.0,0.0,0.0,0.0,0.0,0.0,0.0,0.0,0.0,0.0,0.0,0.0,0.0,0.0,0.0,0.0,0.0,0.0,0.0,0.0,0.0,0.0,0.0,0.0,0.0,0.0,0.0,0.0,0.0,0.0,0.0,0.0,0.0,0.0,0.0
ENCFF844IHT,0.10841982492282522,147532,109,3772,40694,426,103385,16152,632,656,417,993,7406,2731,4704,18616,18823,2371,1592,5889,7220,151,933,97,199,182,2112,9787,5516,26612,5075,192,61,714,3944,3876,37,4213,58,15,9889,12372,230,591,164,51,1185,9975,29645,609,1186,2501,2544,234,546,7518,131,499,364,525,1617,5159,211,6173,174,432,2717,970,35397,61435,7079,2267,1302,3263,8061,104,2733,1231,1318,1713,426,2219,2753,3329,775,1373,6617,70,1550,1446,49,1484,791,104,2909,885,6847,177613,9876,223,28459,48199,5113,40700,2901,1371,5632,2777,3571,88,5141,10544,12330,662,7416,49188,1418,29645,105,566,953,7783,437,50821,2143,7764,3347,667,2686,199,319,37913,4765,4269,15430,6276,17729,36394,331,7046,4233,2243,4376,38480,783,721,76,124,100,30,2427,721,1896,13995,4496,448,4754,37767,2443,417,2758,4446,3265,3246,5787,7411,7893,82,216,77,1880,101,2258,1078,2282,1030,16,43,871,536,2502,14233,7232,49029,3823,21963,37493,14715,29753,18863,34088,319,31367,40448,12243,11709,32469,21694,5195,1296,679,329,45,1288,2299,162,84,63,102,5906,223,26923,8366,5416,509,151438,35026,4962,24083,11506,1575,940,34238,14611,40253,1712,50277,173,48986,177,330,1994,139,642,1750,437,7264,2929,95,1324,1318,1146,1914,1117,4892,2415,304,291,7720,5378,2631,4373,3162,564,1873,1544,931,610,451,443,1900,5192,1109,725,1914,5182,3346,10315,60913,8837,4490,4713,2042,1604,1420,1195,1737,997,96,11614,1146,3098,7156,688,2809,1061,5366,3212,2083,1749,1855,324,858,678,4731,3497,1805,1520,1526,3596,3206,2054,1151,2055,4815,48,49,792,1597,1303,944,16737,648,12358,70,252,225,7398,901,10157,9561,9209,124,3245,379,140,1838,3627,77615,998,2613,4191,1406,95,3910,226,1165,2024,26776,7409,14014,1944,149,288,357,37,206,1143,1506,2797,1647,7075,1231,869,1686,57633,312,3226,148329,738,8103,1897,11038,11379,3437,553,662,7243,1472,2286,2386,698,502,134,85043,3360,1963,2206,802,2040,2452,33118,255,20267,1665,140,39457,10036,43,555,8069,1479,277,10921,1390,1772,355,6800,1922,37257,1907,1607,1502,2061,1276,1395,1691,1963,1098,72,1686,94,3407,382,352,120,656,627,159,835,25263,869,8403,3942,618,1119,1331,509,42477,575,14663,2085,12134,2315,61,3218,43,48266,8779,13911,57507,2530,21426,175,439,786,1961,1041,2048,1480,1892,6246,1820,15,187,1939,54,89,3622,3538,39,506,194,33065,39751,30247,7918,35965,5877,416,67866,96997,13087,38182,75599,90812,178,87,1226,1229,593,1728,1188,1108,368,1028,9263,0.0,0.0,0.0,0.0,0.0,0.0,0.0,0.0,0.0,0.0,0.0,0.0,0.0,0.0,0.0,0.0,0.0,0.0,0.0,0.0,0.0,0.0,0.0,0.0,0.0,0.0,0.0,0.0,0.0,0.0,0.0,0.0,0.0,0.0,0.0,0.0,0.0,0.0,0.0,0.0,0.0,0.0,0.0,0.0,0.0,0.0,0.0,0.0,0.0,0.0,0.0,0.0,0.0,0.0,0.0,0.0,0.0,0.0,0.0,0.0,0.0,0.0,0.0,0.0,0.0,0.0,0.0,0.0,0.0,0.0,0.0,0.0,0.0,0.0,0.0,0.0,0.0,0.0,0.0,0.0,0.0,0.0,0.0,0.0,0.0,0.0,0.0,0.0,0.0,0.0,0.0,0.0,0.0,0.0,0.0,0.0,0.0,0.0,0.0,0.0,0.0,0.0,0.0,0.0,0.0,0.0,0.0,0.0,0.0,0.0,0.0,0.0,0.0,0.0,0.0,0.0,0.0,0.0,0.0,0.0,0.0,0.0,0.0,0.0,0.0,0.0,0.0,0.0,0.0,0.0,0.0,0.0,0.0,0.0,0.0,0.0,0.0,0.0,0.0,0.0,0.0,0.0,0.0,0.0,0.0,0.0,0.0,0.0,0.0,0.0
ENCFF000YEB,0.06624047218596125,1617,14,175,1936,33,3372,244,17,30,10,25,123,209,357,904,1198,158,11,245,248,11,42,4,0,3,36,24,171,1450,162,13,13,22,95,62,1,98,4,0,368,551,3,50,4,3,31,253,1196,1,48,46,51,26,14,452,5,11,13,3,48,70,21,631,8,12,8,2,2370,2374,446,45,26,35,2058,12,45,30,33,55,8,45,56,183,25,25,156,1,38,23,1,60,6,2,64,61,867,8334,568,5,1502,1986,99,1722,64,19,233,60,74,0,139,424,358,7,280,1707,156,1369,22,119,88,392,46,1860,73,342,137,46,160,26,7,4170,581,15,1246,406,2386,1403,4,204,157,60,160,2403,24,7,4,13,1,1,105,13,35,511,265,29,177,1960,191,17,48,39,39,150,219,180,386,1,10,2,36,1,83,28,195,231,4,0,22,44,37,751,345,2271,110,1321,1712,634,1587,592,1253,14,1434,1665,635,499,1193,874,329,25,4,27,2,13,36,10,1,0,0,207,21,1723,596,460,4,10123,1697,152,1357,1189,54,37,1873,885,2764,222,2115,13,2237,4,9,48,14,15,31,10,158,102,2,35,62,27,36,22,112,46,33,10,198,176,85,145,50,14,28,36,23,14,20,28,73,247,68,15,84,112,98,677,1158,17,94,230,69,38,23,30,25,31,17,383,21,20,307,13,81,22,183,43,52,30,34,86,15,23,109,103,36,45,19,174,65,40,37,51,142,1,3,18,28,28,11,691,2,483,1,38,12,335,46,320,315,304,1,115,1,8,46,198,3273,32,81,109,48,1,94,7,7,38,606,314,132,67,3,11,4,0,2,27,30,146,16,175,21,23,99,2527,17,110,6281,17,328,44,215,31,102,11,9,193,39,42,40,26,20,10,117,59,47,41,19,54,48,1276,4,468,144,0,1434,329,0,20,280,25,3,320,29,144,13,129,46,1044,176,31,39,54,19,49,38,58,22,2,74,2,87,11,2,4,17,7,30,42,1491,110,474,241,68,24,37,8,2023,3,690,75,622,62,12,160,0,1210,273,449,2046,110,841,6,7,13,38,15,46,18,59,320,45,3,5,43,2,3,240,215,0,4,14,1152,1909,1441,328,1605,229,11,3192,4416,612,1885,3114,3816,17,11,43,33,20,39,64,21,24,26,297,0.0,0.0,0.0,0.0,0.0,0.0,0.0,0.0,0.0,0.0,0.0,0.0,0.0,0.0,0.0,0.0,0.0,0.0,0.0,0.0,0.0,0.0,0.0,0.0,0.0,0.0,0.0,0.0,0.0,0.0,0.0,0.0,0.0,0.0,0.0,0.0,0.0,0.0,0.0,0.0,0.0,0.0,0.0,0.0,0.0,0.0,0.0,0.0,0.0,0.0,0.0,0.0,0.0,0.0,0.0,0.0,0.0,0.0,0.0,0.0,0.0,0.0,0.0,0.0,0.0,0.0,0.0,0.0,0.0,0.0,0.0,0.0,0.0,0.0,0.0,0.0,0.0,0.0,0.0,0.0,0.0,0.0,0.0,0.0,0.0,0.0,0.0,0.0,0.0,0.0,0.0,0.0,0.0,0.0,0.0,0.0,0.0,0.0,0.0,0.0,0.0,0.0,0.0,0.0,0.0,0.0,0.0,0.0,0.0,0.0,0.0,0.0,0.0,0.0,0.0,0.0,0.0,0.0,0.0,0.0,0.0,0.0,0.0,0.0,0.0,0.0,0.0,0.0,0.0,0.0,0.0,0.0,0.0,0.0,0.0,0.0,0.0,0.0,0.0,0.0,0.0,0.0,0.0,0.0,0.0,0.0,0.0,0.0,0.0,0.0
ENCFF390DXB,0.1270414791773882,15815,85,1929,20414,418,63858,3132,132,231,134,325,1805,2215,4558,13740,18289,1882,294,2338,2942,80,332,56,38,28,1068,74,1675,9768,2166,143,76,267,1056,1019,15,1152,11,10,4492,6001,41,598,19,18,634,3319,9047,46,274,569,738,282,302,3669,88,170,275,67,441,793,302,6792,345,179,31,25,24750,24924,4015,663,359,551,2514,188,738,220,374,492,107,495,821,1997,235,284,2123,12,432,210,34,624,64,5,533,727,6647,91708,5669,56,15039,22478,1338,19732,758,327,3044,998,1124,16,2153,4697,4806,21,2420,17425,1433,20741,336,1131,1141,5149,540,28908,820,3242,1488,757,1590,187,69,16582,6351,37,12253,3932,6507,14748,20,2563,1189,725,1948,16633,438,101,68,52,35,21,1124,184,317,5686,2310,387,2240,21236,1728,232,722,338,344,1483,2161,1863,2988,47,166,19,526,19,969,313,443,59,15,3,318,479,627,8081,3554,25371,1070,16145,17190,7771,12998,7372,15026,151,15792,18639,7268,4886,12921,10763,3330,461,24,322,40,266,489,87,67,12,13,2049,185,15030,6360,5811,219,121816,19662,1759,14286,12752,659,315,20561,9909,29606,2504,25759,138,24346,26,263,413,74,138,639,401,2091,1156,26,355,476,284,419,209,1550,927,218,188,2615,1594,1131,1674,613,161,317,418,192,151,120,283,569,3143,657,191,1007,1455,1354,5603,9461,73,1417,1938,639,584,446,303,519,255,119,3937,229,389,2887,176,925,194,2314,578,563,314,454,288,250,298,1267,1247,395,448,354,1282,763,415,406,519,2266,10,15,214,309,288,132,8783,40,5562,11,295,27,3607,449,4001,3983,3905,12,1728,68,126,569,2285,31249,309,1073,1320,551,20,1723,125,105,409,10455,2859,1632,666,17,92,47,1,33,307,340,1550,440,2494,253,231,860,27108,155,1131,67071,267,3183,542,3034,157,1293,160,24,1852,397,665,672,182,196,134,488,795,539,716,406,594,844,13603,44,5657,1235,38,13826,3769,20,136,3819,405,29,4100,385,1029,143,1968,681,12280,1689,302,384,670,217,669,464,575,364,16,588,10,1038,159,19,119,239,107,357,348,15933,1054,4668,2779,709,265,498,48,19118,27,9007,772,6487,712,242,1460,10,22157,3559,7863,28943,758,7781,115,54,174,404,186,722,356,855,3302,629,39,75,477,12,16,2192,2105,7,60,120,13699,21990,15959,4393,19770,2339,157,37467,50974,7318,22110,38247,44341,138,86,367,355,89,450,712,153,218,494,3624,0.0,0.0,0.0,0.0,0.0,0.0,0.0,0.0,0.0,0.0,0.0,0.0,0.0,0.0,0.0,0.0,0.0,0.0,0.0,0.0,0.0,0.0,0.0,0.0,0.0,0.0,0.0,0.0,0.0,0.0,0.0,0.0,0.0,0.0,0.0,0.0,0.0,0.0,0.0,0.0,0.0,0.0,0.0,0.0,0.0,0.0,0.0,0.0,0.0,0.0,0.0,0.0,0.0,0.0,0.0,0.0,0.0,0.0,0.0,0.0,0.0,0.0,0.0,0.0,0.0,0.0,0.0,0.0,0.0,0.0,0.0,0.0,0.0,0.0,0.0,0.0,0.0,0.0,0.0,0.0,0.0,0.0,0.0,0.0,0.0,0.0,0.0,0.0,0.0,0.0,0.0,0.0,0.0,0.0,0.0,0.0,0.0,0.0,0.0,0.0,0.0,0.0,0.0,0.0,0.0,0.0,0.0,0.0,0.0,0.0,0.0,0.0,0.0,0.0,0.0,0.0,0.0,0.0,0.0,0.0,0.0,0.0,0.0,0.0,0.0,0.0,0.0,0.0,0.0,0.0,0.0,0.0,0.0,0.0,0.0,0.0,0.0,0.0,0.0,0.0,0.0,0.0,0.0,0.0,0.0,0.0,0.0,0.0,0.0,0.0
ENCFF354VZR,0.12830103132074108,70776,138,3021,27983,328,64711,10617,296,336,349,829,3468,1851,4644,19694,17377,2733,851,4016,5819,198,923,62,70,76,957,3938,3791,41640,5627,336,140,513,2096,1843,56,2405,19,53,8886,14030,54,772,45,52,684,6924,20535,335,928,1136,1476,592,497,9175,171,439,356,210,1042,2026,244,8750,184,353,1296,252,39929,47909,9709,1224,765,1928,8605,437,1439,671,816,990,253,1067,1194,4331,575,655,4146,10,933,573,20,1560,1952,53,1424,988,11519,183486,11196,141,31561,44278,2695,38682,1346,672,6465,1771,1741,14,3801,8765,8350,132,4599,40941,1423,30065,152,912,1103,9111,357,41430,1278,6252,3150,740,3090,610,88,41936,6339,3028,23616,5003,21072,37152,563,4634,2190,1328,4539,32526,314,708,94,139,62,46,3181,649,995,11101,5377,714,4313,30220,2807,563,1271,1919,1540,3213,4240,3980,7618,80,128,114,1126,28,1706,687,1986,1145,36,9,557,954,1164,16795,8589,50454,2451,25940,34611,14104,40729,14443,28333,368,30765,36980,12658,11247,29343,21102,5897,835,670,532,143,605,1100,178,42,48,74,4297,140,39631,9596,5633,344,182858,36290,4396,28381,15426,1442,735,37485,15069,45015,1942,48504,99,50999,44,537,1074,211,368,1023,226,4743,3811,47,759,1048,700,1066,503,2528,1537,510,296,6267,3666,2436,3501,1605,327,855,791,461,377,306,648,1212,4522,1302,432,2191,2595,2621,9183,27368,2781,2568,4473,1560,834,691,712,1019,555,312,9786,584,1193,6835,397,1903,521,4611,1275,1071,675,1053,469,623,655,2663,2198,840,1102,880,3114,1762,996,817,1162,5010,38,20,452,747,711,278,19346,180,11673,17,470,99,8675,1230,9233,6861,8018,37,3944,75,148,1266,6251,54865,1108,2659,2552,1369,200,3170,297,616,1349,16284,5791,6052,1925,70,181,88,24,36,713,1526,3141,695,4564,602,572,1553,38436,552,2259,145576,717,7645,1026,6456,4756,2827,319,1545,6742,841,1189,1204,430,472,416,21466,1388,1048,1248,438,1178,1322,28802,83,13660,2254,22,34314,14956,7,362,6483,1024,53,7782,883,1782,257,3702,1227,18616,3125,969,818,1237,507,1328,901,1647,656,29,1029,66,2083,94,55,263,706,720,307,517,25532,944,7968,3510,778,597,839,332,47044,195,18673,1957,15469,2026,307,3665,51,30332,5840,10927,46891,2741,19073,230,251,442,1134,545,1192,848,1546,7208,1094,13,570,1165,39,26,5367,5442,9,602,205,31701,43638,32664,7918,39257,5066,573,68347,101421,13425,43289,75101,89000,264,166,794,777,236,1010,1407,791,554,864,7092,0.0,0.0,0.0,0.0,0.0,0.0,0.0,0.0,0.0,0.0,0.0,0.0,0.0,0.0,0.0,0.0,0.0,0.0,0.0,0.0,0.0,0.0,0.0,0.0,0.0,0.0,0.0,0.0,0.0,0.0,0.0,0.0,0.0,0.0,0.0,0.0,0.0,0.0,0.0,0.0,0.0,0.0,0.0,0.0,0.0,0.0,0.0,0.0,0.0,0.0,0.0,0.0,0.0,0.0,0.0,0.0,0.0,0.0,0.0,0.0,0.0,0.0,0.0,0.0,0.0,0.0,0.0,0.0,0.0,0.0,0.0,0.0,0.0,0.0,0.0,0.0,0.0,0.0,0.0,0.0,0.0,0.0,0.0,0.0,0.0,0.0,0.0,0.0,0.0,0.0,0.0,0.0,0.0,0.0,0.0,0.0,0.0,0.0,0.0,0.0,0.0,0.0,0.0,0.0,0.0,0.0,0.0,0.0,0.0,0.0,0.0,0.0,0.0,0.0,0.0,0.0,0.0,0.0,0.0,0.0,0.0,0.0,0.0,0.0,0.0,0.0,0.0,0.0,0.0,0.0,0.0,0.0,0.0,0.0,0.0,0.0,0.0,0.0,0.0,0.0,0.0,0.0,0.0,0.0,0.0,0.0,0.0,0.0,0.0,0.0
ENCFF000ZKX,0.08274660256899533,32087,98,1969,19512,385,75620,2748,113,218,142,266,1490,1388,2528,8533,17684,1264,154,2443,4631,55,248,21,14,9,369,999,1506,11004,1368,84,69,195,901,725,34,779,7,5,3518,4569,14,275,15,33,260,3127,9241,126,224,474,688,187,124,3894,40,147,129,35,265,673,217,7021,146,128,277,12,22763,21242,2920,461,333,699,2767,107,557,259,356,407,88,498,532,1626,243,250,1648,7,401,280,9,399,106,12,616,596,9335,78200,4501,693,11946,18079,1066,16451,1070,353,2229,637,665,5,1194,3284,3225,28,2182,16381,1147,10765,215,1002,1069,3965,417,16781,655,5089,3671,270,1098,144,63,17780,4090,610,9771,3219,6462,11620,186,2071,1468,539,1572,24269,145,211,26,38,9,12,864,85,348,6639,1809,250,1591,19653,1547,180,506,251,283,1202,1881,1475,2323,25,63,3,456,4,884,319,588,2613,35,4,285,429,425,6682,2878,25097,1074,12693,16464,8564,15288,6374,13128,108,15041,17319,7762,3798,10409,8998,2268,471,203,241,61,243,408,73,20,7,4,2110,107,17580,5206,3570,45,78497,16444,1666,11033,11414,435,427,16916,7614,26537,1801,17362,63,18186,25,202,459,38,153,399,86,1796,976,125,313,431,319,442,224,1173,649,116,110,2210,1184,1108,969,571,162,321,305,160,182,131,237,502,2234,636,187,905,1396,1100,5663,25774,725,1254,1367,565,374,274,316,461,250,101,3548,246,425,2412,177,1022,207,1962,551,458,280,441,141,250,266,1160,1127,394,436,326,1146,687,399,358,481,1971,15,17,218,298,742,82,6338,30,4188,3,284,91,3161,296,2776,5473,3150,12,1073,16,82,445,2209,35240,320,798,1098,469,79,1353,59,87,256,6341,2829,1393,518,4,71,40,3,16,294,387,1045,219,1816,288,252,652,23919,229,1104,58706,255,2979,486,2358,1062,1174,154,452,2528,418,444,507,252,214,92,5473,547,445,498,247,545,597,11362,15,4561,994,6,15230,3774,1263,121,2919,228,19,3510,363,2799,128,1489,502,11540,1556,395,396,494,247,490,326,559,241,33,616,5,1024,486,20,55,236,92,237,251,12495,904,4313,2347,607,236,297,59,14700,111,10539,845,5003,497,152,1219,7,36613,2662,4296,19237,1939,9040,119,41,180,503,222,523,359,894,2404,493,33,161,492,6,8,1677,1722,7,190,91,13674,20549,14300,3713,17053,1845,218,39873,46746,6086,20646,32326,40422,106,66,372,410,109,391,573,181,140,232,4488,0.0,0.0,0.0,0.0,0.0,0.0,0.0,0.0,0.0,0.0,0.0,0.0,0.0,0.0,0.0,0.0,0.0,0.0,0.0,0.0,0.0,0.0,0.0,0.0,0.0,0.0,0.0,0.0,0.0,0.0,0.0,0.0,0.0,0.0,0.0,0.0,0.0,0.0,0.0,0.0,0.0,0.0,0.0,0.0,0.0,0.0,0.0,0.0,0.0,0.0,0.0,0.0,0.0,0.0,0.0,0.0,0.0,0.0,0.0,0.0,0.0,0.0,0.0,0.0,0.0,0.0,0.0,0.0,0.0,0.0,0.0,0.0,0.0,0.0,0.0,0.0,0.0,0.0,0.0,0.0,0.0,0.0,0.0,0.0,0.0,0.0,0.0,0.0,0.0,0.0,0.0,0.0,0.0,0.0,0.0,0.0,0.0,0.0,0.0,0.0,0.0,0.0,0.0,0.0,0.0,0.0,0.0,0.0,0.0,0.0,0.0,0.0,0.0,0.0,0.0,0.0,0.0,0.0,0.0,0.0,0.0,0.0,0.0,0.0,0.0,0.0,0.0,0.0,0.0,0.0,0.0,0.0,0.0,0.0,0.0,0.0,0.0,0.0,0.0,0.0,0.0,0.0,0.0,0.0,0.0,0.0,0.0,0.0,0.0,0.0
ENCFF952JIY,0.19995617550614178,21967,167,2279,47460,596,146949,7028,275,470,212,359,2709,3013,6764,26385,52243,2308,623,6215,3833,98,606,40,54,35,1171,280,2927,46713,3227,169,64,470,2165,1931,27,2468,20,8,5945,9562,43,426,48,27,691,5808,28891,29,612,1356,1501,320,221,4920,103,303,194,122,678,1309,656,20748,418,530,75,33,49793,37294,5059,1318,757,1486,4342,213,1569,637,865,1005,247,1130,1279,2671,404,747,3759,18,839,703,16,1066,171,40,1305,1124,22841,138802,8381,75,21818,32090,2545,27546,1444,662,3856,1115,1332,13,2654,5839,6184,236,3471,25920,2599,36795,202,1193,1243,6421,547,58190,1314,4875,1922,338,2082,203,71,25536,9790,169,36863,8062,9422,22830,25,3622,7393,1321,2636,55243,385,111,125,93,33,31,1945,338,188,7363,3549,349,3394,46958,3137,359,1372,984,1328,2373,2992,2994,4731,22,87,34,1259,10,1487,600,641,4042,19,0,436,495,1363,10503,5314,33866,2263,26585,28680,11150,34339,11971,22188,671,22373,27231,8222,7504,20791,15891,4426,751,34,765,27,726,1157,125,11,20,56,3140,267,53042,9646,15537,355,168568,33824,3328,21992,34950,904,369,32236,16283,58948,3667,33285,56,33922,6,311,542,42,338,1058,213,3888,2556,28,767,843,522,1116,468,2798,1564,101,149,5300,3199,1740,2287,1600,306,800,830,489,326,249,286,1231,3825,906,338,1314,2593,2058,13917,26924,228,2548,2618,1284,926,712,656,1006,575,48,6300,562,1324,4653,356,1686,486,3297,1365,1232,674,1021,74,498,541,2532,2043,851,952,812,2305,1749,1411,736,1262,3452,41,20,427,828,422,451,12602,180,7556,30,291,62,5655,670,6293,5289,6784,35,3020,38,63,2156,3253,98150,431,1592,2239,948,8,2487,102,344,1283,15789,7740,2249,1400,9,124,63,15,39,622,1085,1876,822,2532,646,463,3855,85669,185,1842,89709,481,5639,1126,7209,548,2466,303,68,2670,822,1111,1205,358,340,184,1658,1580,1098,1208,453,1274,1412,21485,18,11695,1205,20,22401,6519,57,355,4334,786,19,6248,783,710,121,3762,1074,18748,3101,287,774,1149,512,1055,862,962,1049,19,734,20,1810,115,5,61,94,893,543,783,41901,1326,9018,3895,815,730,585,218,25968,46,12274,1130,9186,1228,99,2377,8,27895,4885,8816,34020,790,23777,199,376,399,948,490,1133,804,1043,9072,1021,9,148,1084,40,22,2935,3176,36,76,64,23039,28909,23812,5963,27783,4135,693,62762,71145,10159,29909,55515,64451,442,99,676,668,266,921,723,214,123,609,5494,0.0,0.0,0.0,0.0,0.0,0.0,0.0,0.0,0.0,0.0,0.0,0.0,0.0,0.0,0.0,0.0,0.0,0.0,0.0,0.0,0.0,0.0,0.0,0.0,0.0,0.0,0.0,0.0,0.0,0.0,0.0,0.0,0.0,0.0,0.0,0.0,0.0,0.0,0.0,0.0,0.0,0.0,0.0,0.0,0.0,0.0,0.0,0.0,0.0,0.0,0.0,0.0,0.0,0.0,0.0,0.0,0.0,0.0,0.0,0.0,0.0,0.0,0.0,0.0,0.0,0.0,0.0,0.0,0.0,0.0,0.0,0.0,0.0,0.0,0.0,0.0,0.0,0.0,0.0,0.0,0.0,0.0,0.0,0.0,0.0,0.0,0.0,0.0,0.0,0.0,0.0,0.0,0.0,0.0,0.0,0.0,0.0,0.0,0.0,0.0,0.0,0.0,0.0,0.0,0.0,0.0,0.0,0.0,0.0,0.0,0.0,0.0,0.0,0.0,0.0,0.0,0.0,0.0,0.0,0.0,0.0,0.0,0.0,0.0,0.0,0.0,0.0,0.0,0.0,0.0,0.0,0.0,0.0,0.0,0.0,0.0,0.0,0.0,0.0,0.0,0.0,0.0,0.0,0.0,0.0,0.0,0.0,0.0,0.0,0.0
ENCFF000XNQ,0.08995285674440494,4456,25,203,2702,61,8658,445,28,34,10,52,157,274,406,902,2326,256,34,341,347,17,54,7,3,11,49,238,207,2129,279,17,19,26,118,95,7,102,2,1,500,871,5,52,7,3,42,350,1876,27,54,68,83,23,39,587,17,27,23,15,65,52,16,780,18,120,63,3,3018,2802,578,69,36,109,477,14,55,49,45,59,11,58,62,298,35,26,196,4,49,31,5,98,21,2,90,65,804,11926,785,6,2126,2868,152,2564,121,33,367,116,135,2,207,568,570,23,333,2389,237,2586,49,220,185,599,107,3517,99,462,189,52,260,22,12,2406,793,147,1426,467,1033,2076,33,322,213,68,277,1789,40,34,8,4,6,2,139,28,36,673,356,48,295,2573,217,18,67,141,101,204,294,249,463,4,19,2,47,2,91,43,213,6889,3,0,39,65,46,1165,495,3095,142,1948,2539,926,1998,820,1726,16,1847,2126,724,649,1688,1270,461,56,63,43,5,37,42,19,5,0,113,267,30,2008,719,763,21,15105,2544,236,1939,1433,93,47,2585,1111,3401,378,3075,5,3269,2,21,63,17,10,52,13,186,170,3,43,74,33,46,27,142,78,19,12,249,204,128,210,76,27,27,40,19,29,17,44,70,311,62,24,127,127,113,727,1454,163,129,264,77,42,44,32,50,25,19,624,30,35,353,20,93,36,237,57,45,38,55,20,21,30,168,142,49,60,37,206,101,48,53,34,191,0,1,25,30,55,12,1109,24,744,2,72,7,486,75,509,496,416,2,174,10,17,59,273,3861,59,137,133,74,14,138,13,23,54,926,465,184,106,5,47,9,2,8,50,160,244,37,206,34,24,103,3542,37,116,8608,21,414,57,331,255,143,19,100,502,45,56,52,51,23,15,1129,74,49,62,24,69,89,1797,14,666,200,1,1984,471,4,25,370,70,1,396,44,121,18,199,66,1531,163,72,46,67,21,74,42,109,10,4,49,1,116,13,2,14,58,61,70,39,1589,182,500,431,100,37,81,10,3068,28,978,120,924,108,19,244,0,2013,407,643,2751,101,1235,13,13,19,54,28,65,41,103,484,54,3,49,63,0,3,326,339,0,37,20,1726,2459,1822,435,2414,308,17,4494,5861,758,2554,4435,5466,24,23,52,43,25,55,145,31,42,50,397,0.0,0.0,0.0,0.0,0.0,0.0,0.0,0.0,0.0,0.0,0.0,0.0,0.0,0.0,0.0,0.0,0.0,0.0,0.0,0.0,0.0,0.0,0.0,0.0,0.0,0.0,0.0,0.0,0.0,0.0,0.0,0.0,0.0,0.0,0.0,0.0,0.0,0.0,0.0,0.0,0.0,0.0,0.0,0.0,0.0,0.0,0.0,0.0,0.0,0.0,0.0,0.0,0.0,0.0,0.0,0.0,0.0,0.0,0.0,0.0,0.0,0.0,0.0,0.0,0.0,0.0,0.0,0.0,0.0,0.0,0.0,0.0,0.0,0.0,0.0,0.0,0.0,0.0,0.0,0.0,0.0,0.0,0.0,0.0,0.0,0.0,0.0,0.0,0.0,0.0,0.0,0.0,0.0,0.0,0.0,0.0,0.0,0.0,0.0,0.0,0.0,0.0,0.0,0.0,0.0,0.0,0.0,0.0,0.0,0.0,0.0,0.0,0.0,0.0,0.0,0.0,0.0,0.0,0.0,0.0,0.0,0.0,0.0,0.0,0.0,0.0,0.0,0.0,0.0,0.0,0.0,0.0,0.0,0.0,0.0,0.0,0.0,0.0,0.0,0.0,0.0,0.0,0.0,0.0,0.0,0.0,0.0,0.0,0.0,0.0
ENCFF731PMZ,0.13718573465837205,34533,261,2538,46272,385,123297,7449,374,288,229,487,3983,2098,10467,26464,30684,2059,690,5936,4628,128,684,59,96,115,1699,1181,4029,24049,3402,199,73,509,2557,2524,24,2584,22,12,7355,9301,57,479,75,65,1052,6998,25704,80,707,1632,1922,376,202,4583,99,394,241,157,677,1849,560,16497,2668,526,362,57,47859,40271,4943,1725,1016,2206,4434,215,1769,816,1104,1277,346,1478,1688,2853,579,971,4810,26,1157,905,22,939,201,52,1132,1468,18297,142421,8675,166,22726,35290,3336,29811,1762,871,3860,1279,1574,29,2865,6435,6543,291,4606,30538,1998,30530,170,815,1277,6599,358,55922,1774,5523,2115,449,1996,171,144,24052,10092,545,30026,8849,8436,24577,64,4935,6065,1687,3263,53903,575,246,179,81,37,45,1939,309,300,9190,3413,335,4126,44807,3526,267,1820,1200,1116,2543,3740,3264,4966,56,101,41,1559,22,1796,844,1409,456,10,10,692,527,1584,11292,5538,36122,2910,25214,30705,13965,30542,15315,28091,334,23768,29211,8472,8050,23272,16475,5169,992,161,765,171,897,1626,68,25,19,32,3841,199,45411,10654,12336,304,222783,39185,3764,27824,28728,995,509,38140,19618,61624,2826,36141,174,33263,24,313,648,12,425,1284,252,4893,2515,42,1001,1050,832,1310,657,3327,1819,135,232,6142,3645,1938,2452,2109,493,1046,1133,576,411,324,303,1694,5492,1292,440,1561,3193,2617,13319,56936,1032,3112,2848,1493,1213,950,856,1265,713,75,7738,713,1826,4917,426,1956,696,3994,1815,1470,1065,1248,125,687,612,3241,2609,1187,1249,1099,2367,1953,1311,909,1422,4612,24,27,573,1061,433,230,12092,113,7772,23,276,35,5809,607,6668,6200,8330,27,2662,61,57,2258,3103,97801,432,1966,2627,1001,74,3080,74,294,1361,19095,7788,3662,1271,18,104,63,26,55,811,1476,2017,926,3523,832,631,1958,70615,318,2251,101188,562,6029,1408,7834,1678,2883,431,329,3521,1051,1506,1569,539,407,183,7017,2037,1344,1579,652,1595,1851,23668,43,14109,1435,51,23249,6497,37,386,5661,1072,39,8149,1027,738,147,4419,1447,26916,3393,435,977,1498,732,1099,1254,1007,1004,21,640,22,2142,111,40,121,179,470,328,779,36493,949,10323,4641,685,677,821,238,26527,83,12626,1517,8768,1179,128,2427,16,34615,5950,10752,42601,3557,25302,203,415,550,1267,655,1361,1065,1459,5138,1416,5,166,1463,42,48,3023,3046,18,174,136,22854,35747,28428,7180,27645,4201,1593,67547,79131,12767,35270,63235,68402,294,100,911,858,275,1256,664,288,245,724,6355,0.0,0.0,0.0,0.0,0.0,0.0,0.0,0.0,0.0,0.0,0.0,0.0,0.0,0.0,0.0,0.0,0.0,0.0,0.0,0.0,0.0,0.0,0.0,0.0,0.0,0.0,0.0,0.0,0.0,0.0,0.0,0.0,0.0,0.0,0.0,0.0,0.0,0.0,0.0,0.0,0.0,0.0,0.0,0.0,0.0,0.0,0.0,0.0,0.0,0.0,0.0,0.0,0.0,0.0,0.0,0.0,0.0,0.0,0.0,0.0,0.0,0.0,0.0,0.0,0.0,0.0,0.0,0.0,0.0,0.0,0.0,0.0,0.0,0.0,0.0,0.0,0.0,0.0,0.0,0.0,0.0,0.0,0.0,0.0,0.0,0.0,0.0,0.0,0.0,0.0,0.0,0.0,0.0,0.0,0.0,0.0,0.0,0.0,0.0,0.0,0.0,0.0,0.0,0.0,0.0,0.0,0.0,0.0,0.0,0.0,0.0,0.0,0.0,0.0,0.0,0.0,0.0,0.0,0.0,0.0,0.0,0.0,0.0,0.0,0.0,0.0,0.0,0.0,0.0,0.0,0.0,0.0,0.0,0.0,0.0,0.0,0.0,0.0,0.0,0.0,0.0,0.0,0.0,0.0,0.0,0.0,0.0,0.0,0.0,0.0
ENCFF613OTS,0.12832824269814685,53439,582,4149,80482,508,102137,9856,460,360,380,741,6828,2437,6863,21552,34846,2611,1136,5263,6744,157,1029,49,82,146,3884,1920,4823,33220,5275,229,115,713,3958,3560,53,3792,60,8,11818,14837,251,617,52,73,2527,10300,26782,131,1164,2007,2378,487,629,11399,148,537,333,207,1098,4315,938,17109,471,402,671,752,57677,59213,9740,2038,1204,2783,8806,301,2585,1004,1218,1582,359,1886,3337,4373,670,1139,6503,34,1398,1142,32,1547,192,52,2437,1503,24099,219357,12873,244,34784,51803,4019,43831,3117,1124,6398,1863,2289,25,4429,9495,10155,188,5878,51051,2154,47087,176,1009,1493,11667,459,67256,2229,7703,3109,573,3283,301,71,41716,9157,855,36489,8045,30091,40292,115,6524,5262,2367,4556,39384,991,338,155,164,357,40,2937,661,2014,13257,5143,516,5027,81221,4146,479,2369,1767,1593,3476,6810,5718,10237,104,230,81,1872,30,2289,1025,2037,597,25,17,811,736,2462,18293,8676,56143,3488,31117,43324,17927,31593,19660,36825,365,35762,42956,13299,12447,34631,25404,7778,1210,253,696,118,1123,1871,162,58,34,62,5340,157,48114,13018,12639,353,335680,50829,5867,34239,31525,1706,847,47625,26310,69745,3106,60097,151,52285,33,550,2250,105,475,1733,3328,6728,4379,27,1250,1257,1041,1620,769,5202,2979,845,587,8180,5107,2698,4235,2698,603,1268,1390,750,507,391,696,2042,6461,1364,597,1996,5562,3595,15527,75953,1861,4215,7670,1886,1589,1288,1111,1655,891,367,11943,796,2052,8218,592,2759,857,5619,2269,1874,1348,1599,427,777,784,4071,3391,1320,1459,1317,3858,2643,1819,1179,1802,5814,34,69,716,1293,762,404,20150,158,15815,29,376,60,8675,1106,10666,9199,10861,36,3995,80,107,1328,4876,117543,842,3006,4476,1524,66,4442,78,781,2235,30462,7723,15370,2031,88,170,82,32,56,1064,2849,3139,1595,5399,1065,721,2011,112670,377,2886,158931,793,8994,1731,10643,2601,3659,466,416,5017,1301,2498,2546,669,526,362,11567,3179,1904,2337,1731,2091,2697,32544,43,18956,1971,34,38428,9936,67,634,7681,1564,66,10788,1292,1382,301,7042,1751,31024,3662,685,1221,2233,870,1546,1405,1550,831,31,1218,78,3313,276,63,182,281,576,281,912,38229,1113,11592,5334,898,959,908,250,40599,112,23171,2088,15067,1864,141,3654,36,65268,7710,18137,64798,5510,18564,247,247,603,1539,891,2018,1326,2321,6537,2060,32,248,1734,52,35,4763,4864,12,209,216,35496,48570,35051,10513,41787,5902,607,99258,108694,16143,46741,91956,100008,400,136,1194,1130,357,1503,1445,609,516,1015,8936,0.0,0.0,0.0,0.0,0.0,0.0,0.0,0.0,0.0,0.0,0.0,0.0,0.0,0.0,0.0,0.0,0.0,0.0,0.0,0.0,0.0,0.0,0.0,0.0,0.0,0.0,0.0,0.0,0.0,0.0,0.0,0.0,0.0,0.0,0.0,0.0,0.0,0.0,0.0,0.0,0.0,0.0,0.0,0.0,0.0,0.0,0.0,0.0,0.0,0.0,0.0,0.0,0.0,0.0,0.0,0.0,0.0,0.0,0.0,0.0,0.0,0.0,0.0,0.0,0.0,0.0,0.0,0.0,0.0,0.0,0.0,0.0,0.0,0.0,0.0,0.0,0.0,0.0,0.0,0.0,0.0,0.0,0.0,0.0,0.0,0.0,0.0,0.0,0.0,0.0,0.0,0.0,0.0,0.0,0.0,0.0,0.0,0.0,0.0,0.0,0.0,0.0,0.0,0.0,0.0,0.0,0.0,0.0,0.0,0.0,0.0,0.0,0.0,0.0,0.0,0.0,0.0,0.0,0.0,0.0,0.0,0.0,0.0,0.0,0.0,0.0,0.0,0.0,0.0,0.0,0.0,0.0,0.0,0.0,0.0,0.0,0.0,0.0,0.0,0.0,0.0,0.0,0.0,0.0,0.0,0.0,0.0,0.0,0.0,0.0
ENCFF000XMO,0.10218035596721227,8524,56,807,2435,79,13526,1397,27,70,69,136,317,319,653,654,2291,679,170,1315,1369,70,275,37,27,30,173,72,403,1831,1229,112,81,90,201,170,4,455,5,1,1633,3698,9,273,5,21,222,1007,1180,18,204,40,56,165,141,2506,60,132,127,69,301,216,11,512,87,303,39,5,8531,11929,2769,91,31,209,2253,81,131,28,50,73,8,51,153,1278,43,22,355,6,50,29,9,606,60,12,350,85,545,51845,4027,16,10591,13187,390,11738,187,17,2004,648,762,13,936,2526,2685,53,1083,10912,337,4751,71,230,266,2713,120,3003,129,2085,888,308,1201,132,39,11579,1312,37,1249,806,4666,10264,8,755,920,129,936,1556,199,60,11,56,14,18,794,151,146,2642,1848,231,1045,1872,214,148,116,399,350,744,1679,1583,2058,14,72,13,49,10,133,29,678,279,4,2,22,311,121,5390,2489,13972,460,6743,9726,3235,3494,2751,4962,77,8070,8888,3345,3373,6399,6267,1470,148,26,225,11,26,38,77,21,7,11,1127,26,2530,1791,675,149,49109,8885,971,8583,1223,485,163,10392,4508,8221,382,15510,60,16403,8,93,182,10,15,97,63,432,675,8,42,57,27,30,18,416,177,68,78,951,736,449,872,51,11,31,52,15,17,13,199,57,1194,82,19,439,391,245,804,1383,65,343,1134,214,91,71,23,56,16,45,2318,24,41,1710,20,296,23,858,47,72,38,57,51,20,53,220,211,43,52,36,823,229,33,47,40,357,6,8,17,17,270,15,5127,65,3412,10,194,33,2041,317,2328,1972,1487,11,723,27,69,376,1392,7653,228,650,494,303,1,362,76,139,285,2753,1271,451,614,36,112,72,4,41,38,779,1095,134,928,32,32,153,2921,35,190,39911,76,1872,70,661,156,357,14,17,1056,39,110,140,32,21,89,479,160,74,140,48,105,173,8144,42,2523,786,16,9351,2451,12,116,1612,189,24,1286,47,547,127,518,84,1067,195,164,35,123,25,123,46,498,40,11,321,3,419,54,4,64,145,116,79,219,1626,230,597,662,140,95,311,83,13660,5,4650,244,4645,576,69,988,1,8716,1689,2760,12290,367,1009,15,67,16,66,42,122,34,83,1435,102,3,88,45,10,21,1639,1711,12,11,72,8594,9636,5829,1588,11559,1530,125,15444,25117,2589,10059,18594,25054,80,90,38,31,26,49,572,115,235,186,1684,0.0,0.0,0.0,0.0,0.0,0.0,0.0,0.0,0.0,0.0,0.0,0.0,0.0,0.0,0.0,0.0,0.0,0.0,0.0,0.0,0.0,0.0,0.0,0.0,0.0,0.0,0.0,0.0,0.0,0.0,0.0,0.0,0.0,0.0,0.0,0.0,0.0,0.0,0.0,0.0,0.0,0.0,0.0,0.0,0.0,0.0,0.0,0.0,0.0,0.0,0.0,0.0,0.0,0.0,0.0,0.0,0.0,0.0,0.0,0.0,0.0,0.0,0.0,0.0,0.0,0.0,0.0,0.0,0.0,0.0,0.0,0.0,0.0,0.0,0.0,0.0,0.0,0.0,0.0,0.0,0.0,0.0,0.0,0.0,0.0,0.0,0.0,0.0,0.0,0.0,0.0,0.0,0.0,0.0,0.0,0.0,0.0,0.0,0.0,0.0,0.0,0.0,0.0,0.0,0.0,0.0,0.0,0.0,0.0,0.0,0.0,0.0,0.0,0.0,0.0,0.0,0.0,0.0,0.0,0.0,0.0,0.0,0.0,0.0,0.0,0.0,0.0,0.0,0.0,0.0,0.0,0.0,0.0,0.0,0.0,0.0,0.0,0.0,0.0,0.0,0.0,0.0,0.0,0.0,0.0,0.0,0.0,0.0,0.0,0.0
ENCFF001RRJ,0.09872929287996149,2864710,10,5286,56,0,1142,325,8,44,17,11356,42,89,45,1,0,528,58,2631,486,18,69,0,0,0,35,20094,129,16,689,29,113,15,55,25,1,40,0,0,403,1155,0,10,0,4,54,253,2,3698,63,32,30,59,11,100930,0,24,7,0,174,35,0,0,1,0,3190,0,3683,29689,15458,17,16,1376,3117,8,23,8,9,8,2,25,18,331,7,14,77,0,11,13,0,96,2506,0,3056,3,1,60516,1356,2,157597,4059,45,3500,25,14,813,174,371,0,82775,11508,1044,2,230,13456,4,905,0,0,22,841,0,4,15,542,349,10,164,5,0,5146,123,15709,2,49,1402,53365,115210,506,92,13,1221,70,0,25705,0,8,0,0,287,41,28,905,625,34,328,62,8,44,27,26,5,154,263,295,6246,0,0,0,15,0,39,5,6672,18,0,0,47,25,14,4563,1572,12026,168,1124,2198,3077,519,1339,3499,3,3238,3405,3038,2609,26252,46126,456,34,301,4,0,13,30,12,0,0,0,2860,0,853,413,0,0,38509,1958,1967,3587,24,104,1172,2296,1176,1179,3,6519,0,4884,1,7,383,0,6,19,69,159,486,0,13,15,9,10,13,39,16,1637,12,479,218,127,1783,32,2,36,16,4,4,3,208,14,242,54,8,97,89,34,90,30,31071,106,8253,57,4,12,12,10,11,291,946,11,27,470,9,122,11,264,23,11,6,13,24,27,72,59,23,19,11,19,4820,149,21,12,16,125,19,12,14,13,31,1,2869,0,2108,5,23,2,476,50,6921,737,690,0,296,0,0,131,1061,18687,519,149,2634,221,0,53,1,1,167,2908,2630,118,157,0,12,0,0,0,12,0,267,9,178,10,9,16,7,489,85,25211,7,581,13,322,14470,106,8,5296,33605,10,33,20,15,9,23,348271,16,15,19,65,5,11,2655,10,784,414,0,77442,4005,0,51,463,25,0,186,12,38,38,373,14,37,14,5459,16,27,17,28,16,175,16,0,193,0,119,0,2,10,5374,4,0,12,56,0,134,38,6,37,34,1,6148,4211,3168,55,1387,125,1,316,0,45064,328,575,51851,19,102,1,0,6,30,8,11,12,22,5,14,0,53,16,0,0,710,406,25,2897,1,2496,3970,6187,326,2328,539,46,4254,24503,1409,3524,24628,8606,21,11,12,5,7,9,45,15,124,48,460,0.0,0.0,0.0,0.0,0.0,0.0,0.0,0.0,0.0,0.0,0.0,0.0,0.0,0.0,0.0,0.0,0.0,0.0,0.0,0.0,0.0,0.0,0.0,0.0,0.0,0.0,0.0,0.0,0.0,0.0,0.0,0.0,0.0,0.0,0.0,0.0,0.0,0.0,0.0,0.0,0.0,0.0,0.0,0.0,0.0,0.0,0.0,0.0,0.0,0.0,0.0,0.0,0.0,0.0,0.0,0.0,0.0,0.0,0.0,0.0,0.0,0.0,0.0,0.0,0.0,0.0,0.0,0.0,0.0,0.0,0.0,0.0,0.0,0.0,0.0,0.0,0.0,0.0,0.0,0.0,0.0,0.0,0.0,0.0,0.0,0.0,0.0,0.0,0.0,0.0,0.0,0.0,0.0,0.0,0.0,0.0,0.0,0.0,0.0,0.0,0.0,0.0,0.0,0.0,0.0,0.0,0.0,0.0,0.0,0.0,0.0,0.0,0.0,0.0,0.0,0.0,0.0,0.0,0.0,0.0,0.0,0.0,0.0,0.0,0.0,0.0,0.0,0.0,0.0,0.0,0.0,0.0,0.0,0.0,0.0,0.0,0.0,0.0,0.0,0.0,0.0,0.0,0.0,0.0,0.0,0.0,0.0,0.0,0.0,0.0
ENCFF071AON,0.13614454138270668,102639,631,5428,101238,971,274794,21076,864,650,530,1002,9116,4094,21202,60399,65892,4689,1517,12360,10683,235,1437,76,205,195,4475,5703,8845,47408,7546,344,189,1148,6798,6866,85,6879,58,23,16962,21830,87,957,121,148,3044,16725,53101,373,1756,3712,4229,692,539,11603,218,815,526,426,1655,4017,1291,32203,5516,1183,1626,208,102290,89570,11662,3919,2045,4829,11009,481,4620,1856,2338,2786,721,3311,5334,6304,1230,2230,11066,47,2617,2067,26,2174,350,53,2565,3226,37063,324365,19615,278,52784,81493,7309,70031,5158,2062,9085,3082,3967,83,7010,15248,15900,511,10221,70235,4423,70186,398,2071,2801,15060,880,119213,4379,12343,4615,982,4829,349,139,57134,20926,2595,61756,18609,20235,56949,207,11629,12203,4304,7584,109533,1494,619,386,220,147,60,4364,730,860,20868,7483,702,8787,99774,7739,640,4185,2682,2593,5689,8850,7585,11526,157,259,139,3398,52,4220,1902,3118,1415,5,28,1445,1318,4403,25860,13136,83989,6847,55420,70358,32061,62144,34345,64056,725,54800,67714,20449,18383,54181,38046,12412,2122,735,1620,367,2035,3433,208,86,103,62,8805,387,96191,24255,24626,718,517738,85878,8914,61053,59091,2279,1047,84783,42878,130884,5969,83981,485,75742,25,795,1668,45,851,3389,1008,11164,5682,76,2190,2391,1974,2928,1523,8827,5056,455,644,13741,8363,4499,6411,4936,1099,2264,2523,1222,963,716,773,3852,12378,2670,959,3459,8698,6234,30033,114370,4793,7395,7196,3369,2806,2308,1860,3064,1656,188,17728,1542,3992,11695,973,4510,1488,9037,4221,3196,2427,2814,371,1471,1394,7019,6036,2442,2909,2516,5594,4453,3065,2054,3438,10147,54,87,1218,2221,1239,567,28587,180,18267,67,632,128,13145,1458,15562,13941,18060,109,6788,180,155,4212,7017,200080,1262,4416,6901,2297,233,8112,211,699,3094,44859,16116,9208,2725,30,202,105,38,132,1931,3094,4675,2807,8083,1891,1378,4201,151482,766,4900,230765,1353,13665,3085,18796,7092,6545,836,1422,9081,2446,4290,4243,1269,934,426,30540,5647,3280,4215,1482,3772,4883,53381,108,31942,3209,138,55799,15006,51,865,14407,2279,103,17936,2363,1950,334,11415,3225,53924,7531,1488,2160,4014,1689,2613,2636,2894,2137,58,1733,50,4845,221,60,185,585,851,643,1785,73795,2232,22165,10342,1663,1575,1617,489,61589,281,29839,3742,20879,2786,316,5436,37,85075,14253,26297,99783,7226,52498,488,942,1152,2903,1537,3457,2360,3408,11154,3617,26,476,3111,73,84,6892,6857,52,515,361,53293,80913,63528,16197,63690,9359,3453,148825,180602,28622,79411,145777,156849,678,215,2093,2005,722,2771,1601,652,484,1611,14303,0.0,0.0,0.0,0.0,0.0,0.0,0.0,0.0,0.0,0.0,0.0,0.0,0.0,0.0,0.0,0.0,0.0,0.0,0.0,0.0,0.0,0.0,0.0,0.0,0.0,0.0,0.0,0.0,0.0,0.0,0.0,0.0,0.0,0.0,0.0,0.0,0.0,0.0,0.0,0.0,0.0,0.0,0.0,0.0,0.0,0.0,0.0,0.0,0.0,0.0,0.0,0.0,0.0,0.0,0.0,0.0,0.0,0.0,0.0,0.0,0.0,0.0,0.0,0.0,0.0,0.0,0.0,0.0,0.0,0.0,0.0,0.0,0.0,0.0,0.0,0.0,0.0,0.0,0.0,0.0,0.0,0.0,0.0,0.0,0.0,0.0,0.0,0.0,0.0,0.0,0.0,0.0,0.0,0.0,0.0,0.0,0.0,0.0,0.0,0.0,0.0,0.0,0.0,0.0,0.0,0.0,0.0,0.0,0.0,0.0,0.0,0.0,0.0,0.0,0.0,0.0,0.0,0.0,0.0,0.0,0.0,0.0,0.0,0.0,0.0,0.0,0.0,0.0,0.0,0.0,0.0,0.0,0.0,0.0,0.0,0.0,0.0,0.0,0.0,0.0,0.0,0.0,0.0,0.0,0.0,0.0,0.0,0.0,0.0,0.0
ENCFF000BLI,0.06778880776652675,10320,60,1279,6806,208,23990,1576,65,163,103,278,942,1510,2909,2676,7952,1162,216,1521,1913,60,280,41,14,12,240,36,886,5743,1522,125,58,134,600,320,6,625,16,17,2556,4515,49,265,6,8,189,1515,3558,6,126,200,276,241,218,4137,71,143,155,47,305,551,63,2146,120,303,19,62,13160,18604,3545,203,204,336,2748,96,258,130,162,225,51,186,241,1610,128,116,787,4,157,114,4,574,63,6,953,237,2351,62908,3673,35,10845,15098,648,14574,1362,142,2136,596,566,8,1130,2812,2530,37,1483,13367,921,9216,185,728,684,3212,344,9447,274,2233,1040,380,1268,170,72,12361,5397,24,4299,2479,10037,11313,8,1262,754,251,1255,7681,159,69,28,50,14,13,856,125,327,3237,1791,293,1434,6346,742,203,204,310,387,962,1380,1238,4254,36,81,11,164,11,395,143,2016,3378,0,1,88,305,177,8264,2568,21725,601,11255,12831,4297,7451,3917,8458,105,11679,12539,7636,3299,8805,6465,1818,264,8,227,44,92,159,86,51,7,36,1348,121,7522,3264,3656,37,71296,11826,947,9414,5086,483,1548,12299,5307,14617,1436,15623,54,16149,34,140,548,147,71,184,106,976,888,39,153,191,124,162,89,554,262,490,86,1407,954,669,1016,223,49,146,127,56,88,73,440,286,1545,275,79,1032,594,491,2451,4344,60,577,1664,324,146,102,88,170,94,195,2605,114,159,3250,78,562,118,1263,221,156,99,177,377,101,127,586,534,138,206,131,1001,365,125,149,177,956,6,10,82,106,268,92,5646,36,3653,9,231,127,3072,553,2313,2401,1991,12,964,65,240,348,1840,18082,244,753,862,380,5,602,82,69,260,5254,1874,1257,554,18,670,45,8,31,152,235,847,100,1040,101,112,435,10437,96,525,47448,94,3592,196,1214,81,591,90,10,1147,170,181,174,126,115,69,314,233,162,200,81,261,264,8998,45,2996,888,4,10720,2483,4,95,2088,184,51,2237,141,909,139,828,201,2983,631,191,161,192,97,246,167,559,140,7,453,14,613,58,26,89,154,52,260,185,5454,696,1762,1451,396,124,537,40,18271,16,5123,433,5445,445,99,1112,22,11286,3557,3012,17166,537,3124,51,30,100,178,85,180,143,461,1559,172,87,83,193,6,13,1692,1564,3,26,91,7936,11254,9167,1911,11802,1911,87,21212,28991,4147,11746,23727,27083,113,75,134,161,52,144,743,95,185,214,2243,0.0,0.0,0.0,0.0,0.0,0.0,0.0,0.0,0.0,0.0,0.0,0.0,0.0,0.0,0.0,0.0,0.0,0.0,0.0,0.0,0.0,0.0,0.0,0.0,0.0,0.0,0.0,0.0,0.0,0.0,0.0,0.0,0.0,0.0,0.0,0.0,0.0,0.0,0.0,0.0,0.0,0.0,0.0,0.0,0.0,0.0,0.0,0.0,0.0,0.0,0.0,0.0,0.0,0.0,0.0,0.0,0.0,0.0,0.0,0.0,0.0,0.0,0.0,0.0,0.0,0.0,0.0,0.0,0.0,0.0,0.0,0.0,0.0,0.0,0.0,0.0,0.0,0.0,0.0,0.0,0.0,0.0,0.0,0.0,0.0,0.0,0.0,0.0,0.0,0.0,0.0,0.0,0.0,0.0,0.0,0.0,0.0,0.0,0.0,0.0,0.0,0.0,0.0,0.0,0.0,0.0,0.0,0.0,0.0,0.0,0.0,0.0,0.0,0.0,0.0,0.0,0.0,0.0,0.0,0.0,0.0,0.0,0.0,0.0,0.0,0.0,0.0,0.0,0.0,0.0,0.0,0.0,0.0,0.0,0.0,0.0,0.0,0.0,0.0,0.0,0.0,0.0,0.0,0.0,0.0,0.0,0.0,0.0,0.0,0.0
ENCFF000VKC,0.14404271321219556,47669,476,4281,23362,550,94656,15425,362,352,585,801,5318,2505,6370,9943,18208,3116,488,6867,9221,147,830,62,31,29,2133,21,5045,19168,4197,272,141,686,2935,2697,25,3270,51,4,11356,13381,45,847,268,208,1058,8019,11047,19,835,2062,2256,582,318,6770,177,398,564,204,828,2151,159,10311,653,266,52,15,54962,62603,7749,1752,1201,1704,5421,375,2034,818,1296,1518,381,1614,1842,4351,678,902,5722,7,1465,822,12,1255,131,45,2518,1762,10095,238247,14339,136,36713,52418,4210,44992,1867,961,6282,1754,2271,35,3644,9589,10134,197,8288,32865,2005,36968,418,1496,2251,10945,600,41013,2136,9066,5499,1125,3204,405,452,40064,8928,45,16281,7535,11268,31117,18,7575,1807,1915,5029,29069,374,208,65,108,20,26,3075,440,519,18355,5950,622,6900,25425,3378,405,1959,683,698,4162,6599,4929,6051,84,206,9,1663,13,2676,945,978,246,28,22,815,1035,1673,16851,8556,52047,3334,38440,56898,23317,29469,18719,39517,301,37380,46298,12109,10926,33843,30369,7525,1641,61,991,72,943,1599,195,105,2,21,6738,325,31227,14082,6027,495,327960,45982,4371,32663,19476,1319,893,48549,24975,65868,3522,51887,245,51026,38,589,1048,23,487,1602,364,5757,2781,89,1121,1529,912,1474,674,4009,2371,156,230,6982,4251,2664,3894,2017,566,1010,1299,585,493,362,457,1880,8054,1635,594,2263,3485,3337,10280,24216,114,3589,3189,1960,1409,1090,1073,1526,883,74,7949,736,1388,6659,554,2403,619,5697,1835,1660,1047,1541,208,739,651,3765,3667,1307,1616,1176,2904,2320,1308,1310,1693,6106,6,10,604,974,782,964,17191,120,10894,5,494,203,9232,845,7640,9888,11966,84,3685,87,143,2447,4585,56397,735,2304,2864,1281,13,3913,259,245,848,21695,7760,4334,1997,8,97,117,18,18,1016,880,2385,1011,3631,808,741,2927,34261,500,3126,144028,933,7639,1685,8390,262,3664,407,33,4039,1312,1617,1732,563,600,337,677,2052,1596,1740,733,1847,2055,34830,54,14753,2957,63,35457,8306,262,427,26420,662,55,9182,1222,1622,303,4803,1836,13965,2322,642,1107,1875,663,2151,1429,1306,1322,14,947,24,2885,109,153,266,395,120,417,756,21690,1377,9988,7652,1228,674,1807,169,38274,75,17793,2171,13757,1513,339,3289,16,45349,9660,13635,63868,3856,12669,418,221,552,1241,780,1826,1242,2292,7994,1694,96,154,1706,100,41,4754,4942,4,131,193,31128,60827,46992,10702,48224,5404,609,78831,128892,18600,61623,96061,112485,263,191,1185,1081,331,1484,1279,1248,424,868,11029,0.0,0.0,0.0,0.0,0.0,0.0,0.0,0.0,0.0,0.0,0.0,0.0,0.0,0.0,0.0,0.0,0.0,0.0,0.0,0.0,0.0,0.0,0.0,0.0,0.0,0.0,0.0,0.0,0.0,0.0,0.0,0.0,0.0,0.0,0.0,0.0,0.0,0.0,0.0,0.0,0.0,0.0,0.0,0.0,0.0,0.0,0.0,0.0,0.0,0.0,0.0,0.0,0.0,0.0,0.0,0.0,0.0,0.0,0.0,0.0,0.0,0.0,0.0,0.0,0.0,0.0,0.0,0.0,0.0,0.0,0.0,0.0,0.0,0.0,0.0,0.0,0.0,0.0,0.0,0.0,0.0,0.0,0.0,0.0,0.0,0.0,0.0,0.0,0.0,0.0,0.0,0.0,0.0,0.0,0.0,0.0,0.0,0.0,0.0,0.0,0.0,0.0,0.0,0.0,0.0,0.0,0.0,0.0,0.0,0.0,0.0,0.0,0.0,0.0,0.0,0.0,0.0,0.0,0.0,0.0,0.0,0.0,0.0,0.0,0.0,0.0,0.0,0.0,0.0,0.0,0.0,0.0,0.0,0.0,0.0,0.0,0.0,0.0,0.0,0.0,0.0,0.0,0.0,0.0,0.0,0.0,0.0,0.0,0.0,0.0
ENCFF002AXB,0.11728479609017863,38267,68,4249,27107,518,76916,4695,502,378,348,732,3407,3043,6245,12231,22387,3105,510,4875,6210,197,851,110,39,31,920,306,4247,16387,5041,385,180,513,2148,2082,36,1920,33,11,7885,14257,52,744,41,24,567,7420,13900,50,897,864,1481,634,404,13901,168,762,382,179,974,2053,367,8294,314,215,101,32,46865,56986,9194,1126,712,1905,7200,326,1314,904,909,950,323,1326,1212,4794,814,956,4829,19,987,859,20,1421,166,26,43350,1307,13880,268940,12202,119,34217,60557,2923,53720,1581,847,7112,1952,2111,11,4087,9334,8262,96,6422,57772,2373,22384,329,1496,1637,10127,629,25064,1376,6838,3155,952,4313,478,95,39050,9617,187,11699,6206,17063,58287,59,4716,2051,1251,4612,30091,392,274,84,158,61,31,2463,340,846,12987,5578,826,4797,29808,4467,555,1241,706,671,3354,4257,3868,10244,79,181,22,1153,18,2318,1052,1643,291,12,9,643,809,973,21185,8289,53800,3112,33316,34194,16506,25960,17813,38001,264,42258,49193,14460,11582,30221,20599,5959,838,44,793,179,489,978,200,154,16,91,4951,211,29188,13208,7329,113,202083,45673,3965,30842,17847,1442,815,43573,19316,56060,2997,53183,190,53647,85,449,1123,78,465,850,282,5149,2800,18,1048,1141,880,976,1001,2452,1681,1467,244,7356,4044,2838,3381,1561,288,1359,635,486,800,499,766,1425,5474,1624,707,2347,3063,2335,11819,19871,280,4078,4031,1588,710,457,667,1011,661,414,9523,989,1392,7234,495,1743,777,7266,1552,1121,640,1218,670,724,501,3603,2767,983,1095,1076,4740,1878,1001,963,926,4975,18,30,560,723,697,293,38743,114,29634,20,599,53,7869,1135,12056,10326,51210,20,2861,90,260,848,12455,53713,757,2036,2637,1302,40,2697,185,279,785,16196,17101,8392,1783,40,354,104,9,18,763,591,2993,420,5047,934,964,1682,42896,718,3183,153744,485,7049,1095,6003,468,2576,550,119,4672,1047,908,922,859,794,254,1842,1233,926,1056,373,1342,1279,29268,64,11687,2720,12,33049,11265,76,322,6750,619,61,12005,932,2479,386,3401,1108,21198,2679,601,1414,1055,895,1073,885,1574,473,46,1348,18,2594,62,18,217,463,143,469,535,24991,1464,10469,4767,1311,410,1027,107,45893,51,16599,1766,15273,1448,351,3536,40,33673,7269,12324,51559,2298,12368,196,144,597,1199,770,1066,778,2816,5287,928,36,220,1348,15,16,5011,5116,29,115,383,29396,45438,34314,7383,40497,4786,306,71460,104014,14280,47220,75916,91842,296,235,905,994,290,990,2447,323,640,1042,8207,0.0,0.0,0.0,0.0,0.0,0.0,0.0,0.0,0.0,0.0,0.0,0.0,0.0,0.0,0.0,0.0,0.0,0.0,0.0,0.0,0.0,0.0,0.0,0.0,0.0,0.0,0.0,0.0,0.0,0.0,0.0,0.0,0.0,0.0,0.0,0.0,0.0,0.0,0.0,0.0,0.0,0.0,0.0,0.0,0.0,0.0,0.0,0.0,0.0,0.0,0.0,0.0,0.0,0.0,0.0,0.0,0.0,0.0,0.0,0.0,0.0,0.0,0.0,0.0,0.0,0.0,0.0,0.0,0.0,0.0,0.0,0.0,0.0,0.0,0.0,0.0,0.0,0.0,0.0,0.0,0.0,0.0,0.0,0.0,0.0,0.0,0.0,0.0,0.0,0.0,0.0,0.0,0.0,0.0,0.0,0.0,0.0,0.0,0.0,0.0,0.0,0.0,0.0,0.0,0.0,0.0,0.0,0.0,0.0,0.0,0.0,0.0,0.0,0.0,0.0,0.0,0.0,0.0,0.0,0.0,0.0,0.0,0.0,0.0,0.0,0.0,0.0,0.0,0.0,0.0,0.0,0.0,0.0,0.0,0.0,0.0,0.0,0.0,0.0,0.0,0.0,0.0,0.0,0.0,0.0,0.0,0.0,0.0,0.0,0.0
ENCFF001HUM,0.1698360665538593,60683,208,4026,68610,1141,140894,6429,389,522,325,591,4682,5125,12320,28297,41614,4202,536,6537,7316,149,687,72,36,46,1156,2255,4847,42792,4175,301,227,623,2912,2569,86,2588,13,12,9877,12404,70,712,70,39,796,8074,39300,335,713,1816,2391,485,253,6344,189,377,464,137,839,1941,884,27559,437,444,664,49,77412,63859,7493,1776,1202,2045,4952,370,1911,901,1351,1454,361,1665,1872,4202,776,868,5837,27,1418,803,62,1437,356,162,2415,2053,23070,209228,10452,166,28924,43685,3793,38059,1692,1094,5754,1887,2235,37,3073,7843,7746,149,5985,35906,3806,42770,800,3393,3106,10731,1406,74412,2272,7175,3325,720,2677,432,177,30115,16099,1357,43394,11894,11032,29976,433,6609,4218,1855,4516,62966,243,501,125,110,31,30,2432,328,426,13320,5035,690,4458,70423,5942,506,1872,1270,1077,3810,5178,4244,5082,100,185,37,1697,41,2866,954,803,282,76,33,904,825,1678,16452,8059,50560,3094,36600,42910,19209,48824,18040,39478,314,32820,40469,11731,10286,27284,21094,7085,1240,466,849,56,889,1543,184,87,27,63,4814,454,73852,17937,15368,2600,229710,47420,4705,33495,46183,1159,710,50991,22873,90441,6032,45249,227,44241,39,328,865,87,524,1491,318,5615,2629,48,1152,1488,1042,1490,670,3911,2145,217,255,6451,3900,2682,2714,2004,547,1070,1236,617,612,476,462,1796,6721,1859,649,2344,3540,3262,18828,68847,1544,3529,3152,2059,1408,954,1105,1612,815,149,8236,849,1418,6063,564,2214,711,5608,1823,1615,969,1540,221,793,861,3803,3837,1342,1516,1103,3034,2300,1301,1277,1564,6143,48,75,653,992,518,633,17104,347,11708,56,580,86,8030,828,8238,8318,9458,25,3098,131,187,1495,4190,97193,785,2298,2945,1388,144,4100,138,451,652,19417,8084,3737,1450,50,209,156,47,57,1129,1526,2930,833,4741,895,773,3647,82775,663,3187,144689,782,6845,1642,8289,2447,3690,509,1034,6425,1360,1642,1687,636,635,351,11965,1885,1561,1714,730,1790,1996,31287,90,13938,2670,61,29243,7575,24,309,6467,845,48,8947,1336,1212,306,4302,1872,34647,5581,935,1282,1689,704,1843,1447,1261,332,24,1182,31,2449,202,50,205,575,377,955,1291,62893,3223,16808,8603,2069,719,1083,401,38444,298,16693,2446,12983,1429,439,3387,17,32084,6291,11748,49047,5240,29313,375,291,662,1439,688,1747,1337,2199,15733,1653,64,407,1745,34,70,4172,4295,3,502,211,26145,50289,39344,9949,39589,4440,567,88503,106775,17508,52979,76619,89831,319,194,1251,1166,333,1378,1302,389,431,834,8733,0.0,0.0,0.0,0.0,0.0,0.0,0.0,0.0,0.0,0.0,0.0,0.0,0.0,0.0,0.0,0.0,0.0,0.0,0.0,0.0,0.0,0.0,0.0,0.0,0.0,0.0,0.0,0.0,0.0,0.0,0.0,0.0,0.0,0.0,0.0,0.0,0.0,0.0,0.0,0.0,0.0,0.0,0.0,0.0,0.0,0.0,0.0,0.0,0.0,0.0,0.0,0.0,0.0,0.0,0.0,0.0,0.0,0.0,0.0,0.0,0.0,0.0,0.0,0.0,0.0,0.0,0.0,0.0,0.0,0.0,0.0,0.0,0.0,0.0,0.0,0.0,0.0,0.0,0.0,0.0,0.0,0.0,0.0,0.0,0.0,0.0,0.0,0.0,0.0,0.0,0.0,0.0,0.0,0.0,0.0,0.0,0.0,0.0,0.0,0.0,0.0,0.0,0.0,0.0,0.0,0.0,0.0,0.0,0.0,0.0,0.0,0.0,0.0,0.0,0.0,0.0,0.0,0.0,0.0,0.0,0.0,0.0,0.0,0.0,0.0,0.0,0.0,0.0,0.0,0.0,0.0,0.0,0.0,0.0,0.0,0.0,0.0,0.0,0.0,0.0,0.0,0.0,0.0,0.0,0.0,0.0,0.0,0.0,0.0,0.0
ENCFF196TBZ,0.1615821763965504,2816475,17098,43833,450229,7854,810484,52855,2462,4142,2412,5581,28175,34007,71944,186507,252287,28495,3512,52240,48919,1435,5138,587,367,674,7153,249564,29838,239407,27680,2485,13791,5650,16980,15006,6140,15937,234,690,66371,87917,500,5434,344,3903,4627,50406,258146,34440,4646,8953,13436,3575,3040,55823,1257,2914,3292,2219,7459,13971,3000,137199,4132,3432,67688,1302,470473,413734,58529,10429,6964,61626,49706,1914,11212,4937,7674,8738,2175,9429,10123,30728,4282,5047,31980,124,8273,4759,115,9619,1418,325,11231,12316,191902,1449833,85116,888,231387,332904,23433,287332,11566,6030,41823,13532,13587,159,23699,61633,59448,862,41071,256382,25408,284110,5322,24148,21547,73687,10779,451605,13538,48973,24194,6423,21201,3472,1109,250617,102370,149836,246981,70434,121005,215233,40045,37876,30429,11102,49868,512519,4350,35163,1008,1031,321,399,16610,2690,6864,87313,39661,5018,42409,450263,34248,3185,10387,11056,9224,24510,35589,31255,47880,547,951,417,9304,203,16571,5880,20144,2291,4370,263,17646,6671,9501,124610,58262,405443,19316,249711,274236,126820,318469,113324,229029,2137,230823,272328,87085,72340,205801,150036,66003,7407,54996,7477,945,4700,8707,1576,411,181,350,32001,2402,375488,108215,90128,1947,2957797,322464,55277,228231,235495,9135,5070,362729,165345,532373,44364,361901,2012,338750,288,2955,8056,2264,2736,8994,1847,32046,18049,330,6162,8700,5622,8711,3953,22381,13471,4446,1984,38916,25856,17115,21280,11314,2998,5749,7009,3234,3493,2569,4688,10704,48678,11162,3632,16351,22576,19491,142402,434035,154608,20266,28122,12332,7443,6049,6023,8879,4932,1809,71957,4277,7988,44406,3347,14229,3552,33367,10038,9600,5489,8832,2715,4581,9390,22343,22136,7533,8798,7066,20828,13617,7280,7715,8994,34034,216,272,3773,5857,3730,2994,115268,1274,76956,151,4513,1560,52654,6016,58077,55575,60008,243,21735,860,1426,5832,31862,674895,19203,30738,19273,9143,12056,23614,2192,2543,6120,126027,60564,28831,10967,409,2084,964,226,238,6654,9927,20541,5195,30991,4854,4322,19679,615832,14818,18538,1009451,6856,46897,9363,46611,253227,23647,2810,107873,267793,7608,9053,9499,3459,3757,5342,1186678,10906,8587,9920,3622,10769,11504,205060,669,84996,19330,196,219758,49725,660,2517,50181,7561,296,56606,7635,13284,2214,27638,10335,147153,32081,34167,7489,10059,3909,9453,8087,10854,7699,375,8687,188,15405,1722,271,1148,26011,4872,7511,7707,311911,21250,92564,53551,12991,4748,6863,1722,283270,25528,112715,47796,98086,10722,2390,22478,448,258066,48151,81074,372964,35617,179372,6731,1366,3524,24753,13182,10045,7061,13361,62231,9386,319,22595,9884,189,401,32910,31073,213,54321,1394,204263,352524,261801,66539,287642,34927,3409,690546,761351,113587,356505,560150,665544,2383,1644,6808,6633,1937,8345,11565,2317,3669,5206,57686,0.0,0.0,0.0,0.0,0.0,0.0,0.0,0.0,0.0,0.0,0.0,0.0,0.0,0.0,0.0,0.0,0.0,0.0,0.0,0.0,0.0,0.0,0.0,0.0,0.0,0.0,0.0,0.0,0.0,0.0,0.0,0.0,0.0,0.0,0.0,0.0,0.0,0.0,0.0,0.0,0.0,0.0,0.0,0.0,0.0,0.0,0.0,0.0,0.0,0.0,0.0,0.0,0.0,0.0,0.0,0.0,0.0,0.0,0.0,0.0,0.0,0.0,0.0,0.0,0.0,0.0,0.0,0.0,0.0,0.0,0.0,0.0,0.0,0.0,0.0,0.0,0.0,0.0,0.0,0.0,0.0,0.0,0.0,0.0,0.0,0.0,0.0,0.0,0.0,0.0,0.0,0.0,0.0,0.0,0.0,0.0,0.0,0.0,0.0,0.0,0.0,0.0,0.0,0.0,0.0,0.0,0.0,0.0,0.0,0.0,0.0,0.0,0.0,0.0,0.0,0.0,0.0,0.0,0.0,0.0,0.0,0.0,0.0,0.0,0.0,0.0,0.0,0.0,0.0,0.0,0.0,0.0,0.0,0.0,0.0,0.0,0.0,0.0,0.0,0.0,0.0,0.0,0.0,0.0,0.0,0.0,0.0,0.0,0.0,0.0
ENCFF622ABQ,0.13602649072324818,84479,3411,3935,13614,186,34282,10517,105,267,398,1038,2323,896,3498,5930,4434,2657,662,11139,7176,377,1237,111,223,182,1007,4288,2240,8552,5443,369,296,915,1051,1109,64,2329,50,85,9128,16121,186,1065,14,1156,1050,5198,6381,382,394,287,541,702,507,11982,292,579,662,393,1061,1240,206,5487,883,1576,1133,159,43364,57164,12251,630,254,1525,10703,515,804,185,297,426,69,358,881,5291,157,170,2079,45,356,183,45,2391,476,126,2236,549,6437,217556,16060,90,42026,57099,2258,48769,881,208,9001,2961,3617,50,5217,12728,12981,606,4552,47871,1371,18818,96,355,1012,11392,198,16256,767,9237,4542,1541,4578,569,169,50234,5157,2273,15429,4331,22680,43313,667,4123,6735,692,4779,15771,943,801,48,178,48,59,3712,640,1268,12383,7752,1034,6359,12096,1338,744,749,3457,3850,3453,6611,6016,10874,115,209,159,423,49,879,184,2164,274570,38,16,523,1474,719,23611,10222,59814,1838,27055,39425,15467,17121,14242,23031,325,38352,43625,15647,13237,32291,27504,8911,861,582,1233,73,200,343,305,125,85,107,5112,245,17475,8449,1841,650,697671,46941,4615,38722,9507,1866,810,47572,26122,46583,843,73784,311,72284,50,526,1369,272,85,637,436,3114,3518,113,186,359,175,357,151,1834,1034,913,324,4453,3877,2399,6475,409,76,225,369,108,115,81,1128,389,6604,757,125,1736,1931,1614,4734,16815,1980,1800,5465,835,494,454,229,424,156,673,11817,183,324,7422,161,1420,177,4263,322,542,136,346,924,162,581,1177,1226,298,342,292,3402,1130,291,270,307,2403,62,37,114,199,918,120,23175,317,15959,39,809,130,8439,1324,12092,9604,7902,45,3880,106,284,4161,5970,47266,1066,3030,2235,1397,69,2312,524,1388,1519,17384,11080,2560,2343,44,344,182,33,79,220,2559,3830,640,4094,191,199,773,14955,330,1120,170853,1573,8060,460,4565,4851,2270,144,1348,7867,254,753,843,137,181,354,20438,865,573,815,475,702,930,36253,71,10919,2756,79,42787,11027,93,420,7698,1404,50,5522,329,2433,435,2612,616,9057,1003,1539,293,726,185,680,397,2524,1078,84,1314,31,2352,470,25,373,1037,2743,438,1281,17992,423,3033,3071,326,489,1704,561,60798,367,22482,1533,18998,2414,423,3917,55,48339,9220,13933,68447,2480,7332,169,981,132,435,2028,814,291,1013,9129,683,14,1313,371,115,90,6368,6521,67,1078,251,37080,48192,29750,8366,49999,5575,999,66695,117282,12949,46452,84329,108552,226,241,260,241,115,322,2556,401,687,893,8103,0.0,0.0,0.0,0.0,0.0,0.0,0.0,0.0,0.0,0.0,0.0,0.0,0.0,0.0,0.0,0.0,0.0,0.0,0.0,0.0,0.0,0.0,0.0,0.0,0.0,0.0,0.0,0.0,0.0,0.0,0.0,0.0,0.0,0.0,0.0,0.0,0.0,0.0,0.0,0.0,0.0,0.0,0.0,0.0,0.0,0.0,0.0,0.0,0.0,0.0,0.0,0.0,0.0,0.0,0.0,0.0,0.0,0.0,0.0,0.0,0.0,0.0,0.0,0.0,0.0,0.0,0.0,0.0,0.0,0.0,0.0,0.0,0.0,0.0,0.0,0.0,0.0,0.0,0.0,0.0,0.0,0.0,0.0,0.0,0.0,0.0,0.0,0.0,0.0,0.0,0.0,0.0,0.0,0.0,0.0,0.0,0.0,0.0,0.0,0.0,0.0,0.0,0.0,0.0,0.0,0.0,0.0,0.0,0.0,0.0,0.0,0.0,0.0,0.0,0.0,0.0,0.0,0.0,0.0,0.0,0.0,0.0,0.0,0.0,0.0,0.0,0.0,0.0,0.0,0.0,0.0,0.0,0.0,0.0,0.0,0.0,0.0,0.0,0.0,0.0,0.0,0.0,0.0,0.0,0.0,0.0,0.0,0.0,0.0,0.0
ENCFF000ZQJ,0.06299237693636363,6696,13,203,1127,29,2444,260,21,31,9,45,103,200,365,550,979,151,22,343,350,29,32,4,2,2,29,490,113,1202,238,14,15,16,70,72,11,68,1,11,379,468,2,31,0,6,30,240,1018,66,28,31,36,30,27,382,9,15,14,4,33,49,24,458,13,21,182,5,1843,2457,471,39,23,158,264,6,55,25,24,33,5,49,37,166,18,9,111,2,28,14,0,66,11,1,113,33,484,7339,438,2,1216,1844,100,1547,48,27,257,72,151,0,163,544,511,3,269,1579,101,1128,16,66,81,352,50,1556,50,410,210,46,150,25,4,1495,607,196,713,326,632,1289,67,152,172,40,160,1035,19,62,6,6,2,0,77,11,83,470,225,28,182,1216,143,20,52,49,35,119,428,297,261,46,7,3,27,1,71,33,99,279,10,0,40,37,27,703,334,2244,88,1246,1414,616,1142,613,1225,13,1283,1489,476,391,1265,850,300,34,84,72,4,12,31,12,4,1,7,213,7,1206,521,559,8,10804,1489,182,1114,892,68,64,1584,878,2301,188,2171,7,2114,4,9,57,12,12,23,9,158,111,29,25,27,27,35,8,102,56,11,8,152,148,78,125,36,12,26,26,15,23,15,21,44,230,44,17,66,72,65,432,650,307,83,203,46,25,23,17,22,17,2,319,18,32,214,14,55,18,148,40,39,22,28,29,15,44,81,80,31,41,26,118,48,24,30,29,113,3,1,16,24,51,11,785,6,554,3,28,1,279,42,440,322,317,1,120,6,11,58,179,2876,53,151,71,37,32,73,7,4,33,590,373,122,65,0,10,7,0,3,17,62,126,27,142,20,19,47,1815,36,72,5260,21,252,30,187,477,91,9,206,597,33,20,27,18,15,7,2566,39,35,37,34,41,37,1168,3,435,96,4,1379,278,1,14,233,27,3,275,13,103,10,128,33,511,132,84,24,40,19,46,27,84,18,0,48,2,135,8,2,14,59,25,31,22,1483,88,348,209,45,23,65,10,2261,62,682,143,548,60,14,140,1,1488,344,440,2295,69,565,13,21,8,54,26,51,35,44,270,36,2,44,40,5,9,204,224,2,72,13,1082,1575,1242,254,1467,175,26,2657,3792,545,1617,2717,3357,16,12,34,29,7,26,86,13,16,27,352,0.0,0.0,0.0,0.0,0.0,0.0,0.0,0.0,0.0,0.0,0.0,0.0,0.0,0.0,0.0,0.0,0.0,0.0,0.0,0.0,0.0,0.0,0.0,0.0,0.0,0.0,0.0,0.0,0.0,0.0,0.0,0.0,0.0,0.0,0.0,0.0,0.0,0.0,0.0,0.0,0.0,0.0,0.0,0.0,0.0,0.0,0.0,0.0,0.0,0.0,0.0,0.0,0.0,0.0,0.0,0.0,0.0,0.0,0.0,0.0,0.0,0.0,0.0,0.0,0.0,0.0,0.0,0.0,0.0,0.0,0.0,0.0,0.0,0.0,0.0,0.0,0.0,0.0,0.0,0.0,0.0,0.0,0.0,0.0,0.0,0.0,0.0,0.0,0.0,0.0,0.0,0.0,0.0,0.0,0.0,0.0,0.0,0.0,0.0,0.0,0.0,0.0,0.0,0.0,0.0,0.0,0.0,0.0,0.0,0.0,0.0,0.0,0.0,0.0,0.0,0.0,0.0,0.0,0.0,0.0,0.0,0.0,0.0,0.0,0.0,0.0,0.0,0.0,0.0,0.0,0.0,0.0,0.0,0.0,0.0,0.0,0.0,0.0,0.0,0.0,0.0,0.0,0.0,0.0,0.0,0.0,0.0,0.0,0.0,0.0
ENCFF073BAH,0.1413858387396698,42211,245,4073,42071,2559,181848,15661,212,1240,217,637,4056,14956,23021,19298,79122,7429,405,8995,6724,213,510,145,30,33,3709,210,3153,38940,2996,272,188,404,3153,2957,42,2826,35,22,10431,12472,50,589,39,70,3391,6308,35339,34,503,859,1401,425,477,10329,167,257,481,132,691,1370,1246,18850,1649,549,86,37,70021,56820,10296,1379,680,781,7495,87,2012,424,742,1095,228,865,2729,4602,312,422,3751,15,774,370,23,1225,361,37,1797,1888,29862,182458,12190,190,30707,48022,2559,41674,2562,539,6655,2262,2222,11,4720,11067,10413,103,6397,33758,7621,51858,2097,9573,7137,12250,4613,69751,2874,7399,3498,883,3204,357,82,33460,35788,191,40853,20933,26728,29809,72,5563,3846,1679,3708,56295,389,171,192,122,115,47,1735,345,519,14188,4544,639,5124,49083,4769,324,1609,1320,1219,3626,5353,4744,9464,142,156,26,974,19,1893,500,1280,743,10,11,404,608,1927,17794,6166,41003,2200,45061,42967,17033,40441,15818,29725,473,30210,35592,10305,9835,30679,20121,10835,1248,62,1154,36,501,760,160,113,32,62,3712,761,47468,15996,40821,143,354886,46498,3520,32529,45591,816,740,54738,29261,80922,15434,50815,455,44241,41,510,824,97,251,1940,946,4230,2704,46,566,762,553,837,301,5082,2828,2113,953,4190,4181,1863,7577,954,309,423,826,299,313,225,1478,976,9525,1521,360,1557,3733,3180,15144,47431,245,3239,7591,1170,1262,1069,592,1021,469,1534,7932,353,563,6300,383,1693,312,4170,863,1261,520,820,556,335,512,1962,2615,772,882,532,3595,1212,497,736,795,3646,8,57,339,527,532,306,14061,40,11727,13,611,66,5565,1052,9022,7955,10102,21,2325,93,242,546,2973,137425,437,2054,4439,860,36,4455,105,371,426,54219,8495,3633,1107,68,168,146,15,46,629,868,2232,1482,4908,447,344,3585,70680,336,1929,142087,556,5780,1221,6516,451,2718,241,123,3563,728,2282,2588,301,329,176,1427,2554,1231,2410,1114,1559,2581,25132,104,9256,2450,19,40608,7048,20,164,25799,640,45,5345,756,1521,269,5260,1445,25828,6240,593,727,2436,361,908,863,2113,505,8,1014,39,3266,104,52,176,407,662,2340,1150,50166,7946,13673,13575,3699,965,1851,93,35459,86,25780,1727,12499,1295,404,2416,34,113928,8094,31538,76106,6646,23791,274,391,297,649,371,1749,689,2259,9740,1977,56,166,868,4,12,3475,3486,22,102,188,25292,52917,38930,11287,36325,3798,1605,77107,108874,18956,53922,74584,90249,471,228,675,594,207,848,1593,312,424,2052,7024,0.0,0.0,0.0,0.0,0.0,0.0,0.0,0.0,0.0,0.0,0.0,0.0,0.0,0.0,0.0,0.0,0.0,0.0,0.0,0.0,0.0,0.0,0.0,0.0,0.0,0.0,0.0,0.0,0.0,0.0,0.0,0.0,0.0,0.0,0.0,0.0,0.0,0.0,0.0,0.0,0.0,0.0,0.0,0.0,0.0,0.0,0.0,0.0,0.0,0.0,0.0,0.0,0.0,0.0,0.0,0.0,0.0,0.0,0.0,0.0,0.0,0.0,0.0,0.0,0.0,0.0,0.0,0.0,0.0,0.0,0.0,0.0,0.0,0.0,0.0,0.0,0.0,0.0,0.0,0.0,0.0,0.0,0.0,0.0,0.0,0.0,0.0,0.0,0.0,0.0,0.0,0.0,0.0,0.0,0.0,0.0,0.0,0.0,0.0,0.0,0.0,0.0,0.0,0.0,0.0,0.0,0.0,0.0,0.0,0.0,0.0,0.0,0.0,0.0,0.0,0.0,0.0,0.0,0.0,0.0,0.0,0.0,0.0,0.0,0.0,0.0,0.0,0.0,0.0,0.0,0.0,0.0,0.0,0.0,0.0,0.0,0.0,0.0,0.0,0.0,0.0,0.0,0.0,0.0,0.0,0.0,0.0,0.0,0.0,0.0
ENCFF240MSC,0.15817812089343578,114372,999,4784,157891,1177,357538,14444,764,449,453,846,7521,2671,13164,95899,50654,4043,1078,11615,8909,185,1117,64,132,94,2529,7434,7658,77502,6214,229,123,951,5337,4688,58,4867,27,7,13004,16039,79,554,45,255,1484,12886,74836,589,1276,3215,3920,544,340,8030,153,563,693,280,1333,3427,903,40993,746,391,2092,80,100856,90262,8598,3174,1902,4436,7298,313,3526,1704,2033,2342,674,3036,3417,4994,1195,2095,9344,24,2248,1943,33,1376,226,50,1952,2866,72005,277381,13709,230,38114,58789,6282,50273,3499,1798,6133,2153,2373,45,5192,15453,12193,227,9017,50738,3779,82074,583,2472,2887,11361,1157,153891,3510,9850,3536,554,3322,312,122,39028,11611,3269,57057,14118,16685,40421,339,9564,12890,3261,6259,148352,634,732,235,161,41,45,3029,537,445,17620,6119,480,7403,155136,8319,513,3387,2037,1379,4704,6593,6908,9079,86,162,64,2945,42,3646,1682,1502,1218,24,22,1429,929,3150,18721,9344,65254,5357,41815,59856,28658,90364,28114,53244,346,40646,51390,15504,13816,40893,27979,9402,1826,1020,1685,71,1847,2970,128,45,25,195,6760,189,108114,23267,12531,577,456793,79130,7349,46177,61996,1734,821,69236,38607,133052,11031,67414,319,68063,34,551,1171,36,809,2552,510,9932,4777,77,2098,2072,1742,2716,1249,6673,3792,761,349,11460,6847,3820,4658,4274,946,2093,2095,1149,930,679,468,3375,9315,3204,986,2772,6027,4724,22860,74909,6222,6015,8666,2868,2248,1685,1719,2538,1430,184,12229,1432,3585,8463,914,3654,1441,7589,3647,2850,2076,2680,441,1334,1127,6491,5178,2295,2505,2215,4408,3754,3060,1926,3015,8754,63,59,1170,2076,812,766,22978,296,14132,40,556,95,10452,1126,11975,11827,17964,44,4795,154,81,3625,5235,177430,1141,2991,5156,1859,264,5675,130,511,2238,34720,15749,6682,2064,109,326,129,28,103,1733,3727,4321,1881,6920,1842,1293,4074,192590,751,4394,172424,1276,10338,2558,15572,8346,5548,787,1145,8848,2040,2968,3073,1061,877,364,43423,3719,2724,3093,1120,3096,3419,40835,30,26592,2263,92,47725,12294,99,562,10430,1724,92,15265,2032,1883,272,8474,2778,58032,6864,1422,1953,3068,1471,2056,2387,1983,1698,59,1424,59,4170,198,103,143,664,808,510,1295,135602,3070,23570,10820,2045,1233,1263,537,44497,286,24115,3589,15931,2176,196,4289,26,56559,10120,18138,70798,3420,48243,408,533,1072,2498,1527,2630,2103,2805,14029,2620,30,334,2952,61,55,4849,5132,20,652,115,37657,61180,50656,12706,48172,6329,808,139071,131996,23569,63158,103159,115413,400,144,1708,1755,657,2450,1202,596,338,1242,12097,0.0,0.0,0.0,0.0,0.0,0.0,0.0,0.0,0.0,0.0,0.0,0.0,0.0,0.0,0.0,0.0,0.0,0.0,0.0,0.0,0.0,0.0,0.0,0.0,0.0,0.0,0.0,0.0,0.0,0.0,0.0,0.0,0.0,0.0,0.0,0.0,0.0,0.0,0.0,0.0,0.0,0.0,0.0,0.0,0.0,0.0,0.0,0.0,0.0,0.0,0.0,0.0,0.0,0.0,0.0,0.0,0.0,0.0,0.0,0.0,0.0,0.0,0.0,0.0,0.0,0.0,0.0,0.0,0.0,0.0,0.0,0.0,0.0,0.0,0.0,0.0,0.0,0.0,0.0,0.0,0.0,0.0,0.0,0.0,0.0,0.0,0.0,0.0,0.0,0.0,0.0,0.0,0.0,0.0,0.0,0.0,0.0,0.0,0.0,0.0,0.0,0.0,0.0,0.0,0.0,0.0,0.0,0.0,0.0,0.0,0.0,0.0,0.0,0.0,0.0,0.0,0.0,0.0,0.0,0.0,0.0,0.0,0.0,0.0,0.0,0.0,0.0,0.0,0.0,0.0,0.0,0.0,0.0,0.0,0.0,0.0,0.0,0.0,0.0,0.0,0.0,0.0,0.0,0.0,0.0,0.0,0.0,0.0,0.0,0.0
ENCFF000VJF,0.0647139619707454,7495,19,857,9666,54,8780,1336,49,52,82,206,627,244,740,4065,1828,554,152,880,1396,93,266,39,20,25,269,12,628,5307,1016,79,49,110,322,268,2,390,2,9,1977,3417,8,189,5,6,119,1106,5643,2,115,169,219,144,173,3006,51,106,97,39,230,367,34,1449,56,126,6,42,9120,12449,2573,132,86,225,2116,76,196,95,105,145,30,158,173,1254,53,80,606,15,125,80,1,488,72,3,302,217,2616,45556,3212,21,8888,11743,445,10590,220,86,1671,508,376,2,970,2382,2331,11,1178,9915,267,3983,37,202,239,2468,92,4563,192,1673,799,235,1135,99,28,11045,1116,8,2212,782,4876,8459,5,1135,640,175,898,5147,100,62,9,58,23,17,710,148,232,2424,1584,187,985,9497,589,96,136,210,232,686,1178,1023,2330,29,320,5,144,0,276,90,722,8289,0,0,82,212,134,5024,2088,15132,540,5851,7780,3126,5993,2984,5591,46,10015,10904,4793,2958,6240,5178,1435,216,6,108,23,108,118,50,29,4,0,1021,15,7406,2406,836,34,46546,7517,811,7224,2417,383,140,9598,3695,9298,367,12667,39,13944,22,90,453,287,31,114,62,651,643,21,101,134,87,134,63,404,193,139,48,923,784,426,1034,190,56,89,113,72,71,40,238,188,1053,160,59,459,433,326,2142,4491,49,420,1394,273,123,88,70,136,96,155,2132,75,109,2050,44,331,58,1069,178,152,102,122,146,69,89,427,375,126,150,118,918,307,106,121,170,621,0,6,56,77,281,42,4465,26,3092,1,174,12,1719,341,2079,1774,1599,2,613,11,61,82,1385,7311,196,517,531,268,3,381,46,45,187,2981,1184,847,506,20,160,40,0,12,104,423,787,98,1163,75,58,307,11392,61,306,38690,63,1723,162,778,73,447,36,8,984,123,132,127,58,66,63,215,187,120,154,71,182,183,7126,12,2481,690,7,8885,2119,13,81,1826,187,20,1691,101,643,139,554,156,3502,564,157,121,161,61,207,102,410,63,10,316,4,506,194,19,55,99,179,68,136,5707,184,1548,658,210,101,304,78,11848,6,4365,312,4011,410,55,956,15,6679,1233,2273,9951,345,1995,35,45,42,118,57,180,86,245,831,134,7,75,199,8,7,1389,1468,6,8,66,7296,9115,6250,1485,9758,1277,61,16563,22519,2733,9397,16979,21872,64,68,117,121,46,107,482,86,140,142,1557,0.0,0.0,0.0,0.0,0.0,0.0,0.0,0.0,0.0,0.0,0.0,0.0,0.0,0.0,0.0,0.0,0.0,0.0,0.0,0.0,0.0,0.0,0.0,0.0,0.0,0.0,0.0,0.0,0.0,0.0,0.0,0.0,0.0,0.0,0.0,0.0,0.0,0.0,0.0,0.0,0.0,0.0,0.0,0.0,0.0,0.0,0.0,0.0,0.0,0.0,0.0,0.0,0.0,0.0,0.0,0.0,0.0,0.0,0.0,0.0,0.0,0.0,0.0,0.0,0.0,0.0,0.0,0.0,0.0,0.0,0.0,0.0,0.0,0.0,0.0,0.0,0.0,0.0,0.0,0.0,0.0,0.0,0.0,0.0,0.0,0.0,0.0,0.0,0.0,0.0,0.0,0.0,0.0,0.0,0.0,0.0,0.0,0.0,0.0,0.0,0.0,0.0,0.0,0.0,0.0,0.0,0.0,0.0,0.0,0.0,0.0,0.0,0.0,0.0,0.0,0.0,0.0,0.0,0.0,0.0,0.0,0.0,0.0,0.0,0.0,0.0,0.0,0.0,0.0,0.0,0.0,0.0,0.0,0.0,0.0,0.0,0.0,0.0,0.0,0.0,0.0,0.0,0.0,0.0,0.0,0.0,0.0,0.0,0.0,0.0
ENCFF001HJW,0.14995684443780072,35147,122,2832,23940,373,39739,3918,166,328,168,567,2214,2827,5729,20098,14821,2088,298,3811,5093,119,428,64,28,51,567,1139,2303,19189,2583,169,122,322,1263,1114,44,1295,18,142,5761,7055,44,403,29,56,447,3764,15670,153,414,687,999,285,175,4216,95,202,262,81,502,1042,295,11853,204,207,331,85,35479,31851,5438,718,479,913,2997,203,853,377,560,622,161,680,809,2301,335,374,2506,15,610,327,12,763,103,17,986,1002,11793,109187,6756,58,18176,28821,1798,23903,856,422,4001,1174,2488,15,2593,7598,7279,106,3666,21993,1468,17622,242,1032,1186,5608,437,25867,898,4593,2936,666,1746,244,67,19487,8210,1116,19331,5379,7339,17803,222,2877,2039,818,2218,26333,428,278,91,64,21,21,1418,197,1516,7824,3009,427,2186,25023,2493,261,843,546,509,2013,4459,3321,3622,38,73,28,725,33,1178,421,535,516,35,4,420,470,749,9749,4564,29353,1511,19024,20816,10013,21616,9638,18385,209,18947,23581,7063,6081,17018,11809,3752,540,229,546,64,377,632,86,35,22,44,3069,189,28843,8176,7387,150,158949,24313,2432,18074,19361,783,556,26448,12328,41914,2305,30375,84,29087,22,234,701,114,215,652,142,2885,1407,287,445,649,423,629,307,1734,927,158,135,3212,2003,1373,2028,797,208,490,511,249,249,180,279,767,3579,836,244,1234,1615,1599,7912,22439,779,1606,2412,955,570,518,461,696,364,89,4513,321,551,3407,256,1087,251,2743,754,705,426,658,329,328,449,1589,1624,534,678,517,1539,1054,617,517,660,2639,17,26,330,443,470,212,10105,65,8115,15,289,30,4199,491,5611,4823,4911,15,1779,62,98,1011,2673,53733,435,1381,1440,694,77,1873,109,151,676,10026,4484,2426,811,30,101,76,9,33,497,662,1671,372,2341,367,369,1315,33678,262,1473,79642,406,3804,706,3759,1384,1745,207,514,3322,504,751,798,252,326,186,6287,866,674,769,448,780,855,16432,51,6912,1367,38,17426,4364,22,212,3579,448,31,4458,568,1193,182,2106,728,12416,2784,501,504,826,287,837,609,986,684,17,636,33,1574,149,60,116,304,164,353,550,20450,937,6888,3255,722,345,669,122,28471,143,10510,1195,8004,922,195,1857,23,22864,4318,7431,34348,1658,12444,170,87,253,647,343,789,543,869,4672,670,39,214,732,6,17,2546,2681,16,242,113,15884,27593,20823,5104,22717,2809,440,46875,60224,8837,28047,44183,51458,230,97,481,459,154,620,1093,190,250,457,4896,0.0,0.0,0.0,0.0,0.0,0.0,0.0,0.0,0.0,0.0,0.0,0.0,0.0,0.0,0.0,0.0,0.0,0.0,0.0,0.0,0.0,0.0,0.0,0.0,0.0,0.0,0.0,0.0,0.0,0.0,0.0,0.0,0.0,0.0,0.0,0.0,0.0,0.0,0.0,0.0,0.0,0.0,0.0,0.0,0.0,0.0,0.0,0.0,0.0,0.0,0.0,0.0,0.0,0.0,0.0,0.0,0.0,0.0,0.0,0.0,0.0,0.0,0.0,0.0,0.0,0.0,0.0,0.0,0.0,0.0,0.0,0.0,0.0,0.0,0.0,0.0,0.0,0.0,0.0,0.0,0.0,0.0,0.0,0.0,0.0,0.0,0.0,0.0,0.0,0.0,0.0,0.0,0.0,0.0,0.0,0.0,0.0,0.0,0.0,0.0,0.0,0.0,0.0,0.0,0.0,0.0,0.0,0.0,0.0,0.0,0.0,0.0,0.0,0.0,0.0,0.0,0.0,0.0,0.0,0.0,0.0,0.0,0.0,0.0,0.0,0.0,0.0,0.0,0.0,0.0,0.0,0.0,0.0,0.0,0.0,0.0,0.0,0.0,0.0,0.0,0.0,0.0,0.0,0.0,0.0,0.0,0.0,0.0,0.0,0.0
ENCFF315GDY,0.0715177890578284,122818,1074,5936,36518,506,63083,6248,324,390,334,642,3455,3019,7020,21205,22227,3092,401,5735,5548,152,689,74,76,78,1062,8928,3295,33963,3529,278,510,533,1898,1553,265,1835,34,61,8322,10817,69,747,68,296,510,5951,26629,1314,496,1126,1272,427,383,6894,153,342,448,140,654,1713,554,15281,642,759,2316,125,57587,65560,7203,1008,663,2828,5457,288,1187,521,752,924,187,896,1035,3614,433,507,3723,21,878,475,22,1163,207,25,1855,1404,18431,186181,10806,142,29659,41980,2658,36743,1848,617,5171,1719,1784,18,3293,8925,8936,199,5078,33290,2096,22686,324,1480,2051,8688,612,29970,1461,6318,2904,949,2590,321,123,29184,9789,6248,24488,7371,12320,26483,1704,4730,3231,1140,4922,47034,389,1319,89,109,26,41,2041,232,666,10283,4939,652,4418,38095,3989,418,1122,1276,1501,3028,4125,3688,5979,65,185,37,974,13,1875,536,2456,1081,196,38,988,748,910,15839,7048,46980,2397,28895,32914,15781,32739,14435,29258,195,29798,35426,13846,9307,24813,19459,7081,1062,1892,914,227,483,821,140,64,22,88,4374,270,45061,13250,8294,312,285949,43019,5175,29967,26932,1141,887,45094,21045,65498,3007,45787,235,41693,40,318,892,193,241,871,263,3893,2308,54,631,880,533,900,467,2305,1379,495,208,4591,2867,2084,3000,1086,332,635,707,317,317,260,617,1051,5983,1212,338,2077,2617,2216,17084,72140,5534,2244,3623,1291,805,634,574,885,485,242,8232,437,730,4961,334,1563,338,4378,999,1002,531,886,483,432,904,2296,2405,737,895,717,2509,1545,770,770,896,4152,42,28,343,580,411,299,15270,163,9922,35,519,98,6159,754,7913,7043,7778,12,2654,63,196,1876,4109,76187,976,2560,2435,1179,517,3160,153,217,712,16535,7004,3250,1297,28,147,129,15,16,647,1035,2718,521,4015,422,472,3270,52918,734,2163,127820,650,5809,982,5208,9640,2801,300,3562,12789,726,897,987,381,410,365,42238,1115,849,1011,523,1108,1177,25905,45,11113,2328,41,26820,7264,23,280,6319,790,34,6622,769,1234,260,3154,1015,14914,3802,1513,864,1005,420,1114,776,1411,1140,26,1043,19,1923,270,29,138,1116,776,565,1089,34989,1350,10520,5660,1052,567,968,168,35982,829,17321,3066,12241,1257,333,2889,41,32959,6594,10858,48785,5758,18710,425,409,370,1356,875,1073,667,1682,10316,953,33,1031,985,33,27,4108,3803,20,1845,170,24384,46956,33349,8961,36943,4420,485,69664,98268,14897,44446,74099,85473,254,213,730,645,200,842,1511,311,446,630,6742,0.0,0.0,0.0,0.0,0.0,0.0,0.0,0.0,0.0,0.0,0.0,0.0,0.0,0.0,0.0,0.0,0.0,0.0,0.0,0.0,0.0,0.0,0.0,0.0,0.0,0.0,0.0,0.0,0.0,0.0,0.0,0.0,0.0,0.0,0.0,0.0,0.0,0.0,0.0,0.0,0.0,0.0,0.0,0.0,0.0,0.0,0.0,0.0,0.0,0.0,0.0,0.0,0.0,0.0,0.0,0.0,0.0,0.0,0.0,0.0,0.0,0.0,0.0,0.0,0.0,0.0,0.0,0.0,0.0,0.0,0.0,0.0,0.0,0.0,0.0,0.0,0.0,0.0,0.0,0.0,0.0,0.0,0.0,0.0,0.0,0.0,0.0,0.0,0.0,0.0,0.0,0.0,0.0,0.0,0.0,0.0,0.0,0.0,0.0,0.0,0.0,0.0,0.0,0.0,0.0,0.0,0.0,0.0,0.0,0.0,0.0,0.0,0.0,0.0,0.0,0.0,0.0,0.0,0.0,0.0,0.0,0.0,0.0,0.0,0.0,0.0,0.0,0.0,0.0,0.0,0.0,0.0,0.0,0.0,0.0,0.0,0.0,0.0,0.0,0.0,0.0,0.0,0.0,0.0,0.0,0.0,0.0,0.0,0.0,0.0
ENCFF229OLT,0.09403380608389052,263171,5162,7104,57346,873,107531,12389,385,580,612,1973,6334,4522,10052,31046,31662,4401,616,9008,8169,322,1012,147,93,51,1344,19853,4595,56468,5872,343,775,1371,2484,2160,560,2682,64,135,13128,16142,238,1627,168,2325,808,8024,46195,2529,682,1252,1769,735,1010,14808,249,450,615,216,990,3240,527,30213,496,1780,5287,624,83665,65009,14727,1317,927,5462,12272,429,1656,641,990,1188,248,1281,1455,5411,642,669,4771,23,1067,656,26,1896,311,47,2393,1663,31384,238867,14356,197,39306,59060,3457,50759,2044,796,8626,2868,3139,23,8549,15885,16234,209,7471,51154,3399,41456,708,2671,2969,12013,1175,67039,1797,8651,4266,1442,4198,593,205,48832,15634,12231,43492,11276,27221,40701,3160,6905,5295,1598,8499,64180,780,2044,169,157,66,32,2968,479,2843,14728,6028,923,5254,58852,4795,646,1531,1902,1987,4584,5869,5086,14177,127,249,63,1230,30,2507,758,2689,4425,275,171,1577,1235,1296,24866,9552,76817,2890,40284,46895,20756,58818,20476,40532,301,44020,51729,21793,13363,39698,29895,10618,1234,3053,1028,349,600,1135,228,82,49,50,6180,427,61425,15923,13607,301,768225,54599,6967,38172,44238,1761,1505,58873,27314,90300,5211,67681,226,68069,81,554,2657,1256,361,1204,538,5972,4597,128,866,1259,733,1165,564,3295,1880,3301,418,6510,4657,2926,6535,1501,380,819,903,416,408,324,1474,1468,9032,1652,514,2802,3667,2847,17191,80030,11790,3247,7457,1784,1032,850,722,1074,593,1041,11786,595,1043,9009,406,2111,476,6507,1332,1317,700,1195,3567,634,1349,3149,3037,934,1126,941,4058,1994,940,952,1164,5592,149,59,482,737,2350,488,22543,146,16693,34,719,400,9282,1344,11774,9777,11601,28,3832,140,441,2617,5997,123688,1966,5120,4001,1603,814,4195,215,405,1081,22200,11462,9251,1801,28,456,136,10,32,878,1496,4094,771,6921,639,633,2028,76920,1329,2851,185327,1182,7568,1268,6995,19027,3424,433,9169,22382,969,1341,1387,542,566,621,101200,1636,1161,1462,763,1515,1610,36064,103,14663,3265,68,45579,10927,114,381,9841,1272,79,9210,978,4734,435,4480,1471,37809,5283,3624,1026,1443,570,1359,1096,2757,851,85,2250,66,2725,288,117,258,2801,537,896,1146,55786,2338,13191,7356,1694,772,1312,234,64078,2281,21197,6337,17688,1908,558,4142,171,50029,9488,16615,84557,8476,32859,575,348,450,1983,4167,1576,867,2999,10494,1310,92,2457,1398,40,50,5829,5344,2,3676,569,34354,61443,47026,10814,52371,5797,1520,112565,136526,19066,59485,99266,118675,356,291,929,924,310,1051,2933,547,639,974,9407,0.0,0.0,0.0,0.0,0.0,0.0,0.0,0.0,0.0,0.0,0.0,0.0,0.0,0.0,0.0,0.0,0.0,0.0,0.0,0.0,0.0,0.0,0.0,0.0,0.0,0.0,0.0,0.0,0.0,0.0,0.0,0.0,0.0,0.0,0.0,0.0,0.0,0.0,0.0,0.0,0.0,0.0,0.0,0.0,0.0,0.0,0.0,0.0,0.0,0.0,0.0,0.0,0.0,0.0,0.0,0.0,0.0,0.0,0.0,0.0,0.0,0.0,0.0,0.0,0.0,0.0,0.0,0.0,0.0,0.0,0.0,0.0,0.0,0.0,0.0,0.0,0.0,0.0,0.0,0.0,0.0,0.0,0.0,0.0,0.0,0.0,0.0,0.0,0.0,0.0,0.0,0.0,0.0,0.0,0.0,0.0,0.0,0.0,0.0,0.0,0.0,0.0,0.0,0.0,0.0,0.0,0.0,0.0,0.0,0.0,0.0,0.0,0.0,0.0,0.0,0.0,0.0,0.0,0.0,0.0,0.0,0.0,0.0,0.0,0.0,0.0,0.0,0.0,0.0,0.0,0.0,0.0,0.0,0.0,0.0,0.0,0.0,0.0,0.0,0.0,0.0,0.0,0.0,0.0,0.0,0.0,0.0,0.0,0.0,0.0
ENCFF000WVH,0.08421096030476442,2883,34,274,3141,44,6306,706,31,57,25,48,243,401,837,1478,2237,356,39,493,432,25,90,6,4,9,108,60,259,1755,360,22,23,47,144,140,2,173,3,1,753,982,5,70,5,4,107,482,1765,3,67,76,98,35,26,596,18,25,47,19,78,117,34,1056,40,53,16,8,3826,3642,696,99,38,84,603,23,124,49,58,72,19,78,123,331,41,28,251,1,69,33,2,137,19,4,108,114,1095,14082,889,8,2573,3646,208,3177,114,54,464,150,164,3,272,656,705,16,427,2908,236,1830,37,161,180,722,78,2683,131,558,236,93,296,32,110,2860,1278,62,1997,764,1156,2481,13,386,271,118,291,3549,69,17,8,13,3,3,194,26,67,792,456,58,397,3055,260,40,99,132,160,259,434,339,567,14,14,10,67,2,136,53,204,756,2,0,36,72,93,1394,603,3780,187,2372,2645,1128,2241,1065,2110,20,2316,2673,920,880,2068,1673,592,59,10,71,5,44,68,18,4,1,3,316,27,2946,997,1134,24,21784,2977,274,2477,2016,120,54,3333,1527,4593,373,4094,17,4032,6,36,120,65,21,81,36,282,194,4,43,76,41,73,30,221,127,37,45,337,297,145,311,100,18,43,62,42,23,19,52,93,440,91,23,138,200,180,903,1591,54,203,358,98,78,54,42,64,29,23,775,27,54,434,31,141,33,328,94,102,50,85,12,29,42,157,164,74,75,53,220,108,56,53,69,285,2,3,29,30,39,14,1279,8,826,4,47,3,559,134,673,535,591,2,232,12,24,157,306,5179,69,197,204,107,1,187,17,16,62,1245,534,286,127,0,22,13,3,2,62,113,219,84,289,44,34,128,4081,25,137,10458,51,476,76,404,62,185,32,27,338,65,105,96,36,37,13,260,104,81,102,31,94,108,2209,5,778,224,7,2537,603,2,17,599,79,5,541,60,119,29,276,100,1506,249,56,72,111,24,87,57,109,73,3,96,0,179,10,3,10,44,30,51,52,2429,140,711,393,101,35,95,23,3573,15,1319,136,1134,124,21,269,3,3110,551,933,3985,141,1434,20,29,19,58,39,104,52,100,454,95,5,15,92,1,5,383,409,5,12,31,2223,3145,2408,590,3032,410,68,5814,7422,999,3222,5586,6770,36,27,65,62,24,49,140,21,47,60,538,0.0,0.0,0.0,0.0,0.0,0.0,0.0,0.0,0.0,0.0,0.0,0.0,0.0,0.0,0.0,0.0,0.0,0.0,0.0,0.0,0.0,0.0,0.0,0.0,0.0,0.0,0.0,0.0,0.0,0.0,0.0,0.0,0.0,0.0,0.0,0.0,0.0,0.0,0.0,0.0,0.0,0.0,0.0,0.0,0.0,0.0,0.0,0.0,0.0,0.0,0.0,0.0,0.0,0.0,0.0,0.0,0.0,0.0,0.0,0.0,0.0,0.0,0.0,0.0,0.0,0.0,0.0,0.0,0.0,0.0,0.0,0.0,0.0,0.0,0.0,0.0,0.0,0.0,0.0,0.0,0.0,0.0,0.0,0.0,0.0,0.0,0.0,0.0,0.0,0.0,0.0,0.0,0.0,0.0,0.0,0.0,0.0,0.0,0.0,0.0,0.0,0.0,0.0,0.0,0.0,0.0,0.0,0.0,0.0,0.0,0.0,0.0,0.0,0.0,0.0,0.0,0.0,0.0,0.0,0.0,0.0,0.0,0.0,0.0,0.0,0.0,0.0,0.0,0.0,0.0,0.0,0.0,0.0,0.0,0.0,0.0,0.0,0.0,0.0,0.0,0.0,0.0,0.0,0.0,0.0,0.0,0.0,0.0,0.0,0.0
ENCFF789LVT,0.09020840735916054,346079,2116,5626,42346,513,59312,8049,392,432,318,737,4059,3414,8885,16805,18280,3595,436,7127,6155,172,696,107,93,107,1294,28299,3983,26122,4314,291,1480,811,2312,2099,772,2372,51,62,10031,12181,103,844,81,808,746,7081,27871,4860,491,1410,1739,459,501,8227,181,376,567,205,704,1921,787,13873,512,857,7220,109,59265,55982,8013,1323,829,7049,7066,349,1543,635,948,1120,265,1203,1361,4084,505,696,4610,32,1001,576,27,1342,391,34,2015,1640,24364,194030,11540,788,31000,44988,3058,39329,1881,721,5725,1833,1961,20,3500,8812,8465,324,6039,40699,2456,26930,375,1497,2111,9921,625,35777,1705,6525,3225,1112,2847,484,129,32410,11627,17095,26727,8476,16694,29593,4689,5560,4539,1551,6356,47872,811,4020,120,121,44,44,2326,258,872,12209,4902,752,5306,42446,4213,499,1394,1290,1258,3482,4657,4024,7193,88,142,68,1201,24,2191,665,2426,1463,563,45,1917,952,1171,17225,7534,57104,2695,31972,35398,18020,33357,17013,33335,231,32538,39048,13878,10029,28641,20942,8470,1176,6491,1075,333,695,1050,169,97,64,88,4896,331,45219,14715,9051,486,417595,48335,6730,31918,26081,1246,771,50183,25537,71876,3169,48724,296,44998,40,459,960,221,319,1210,360,4762,2675,59,725,1095,671,1092,490,3069,1759,996,337,5428,3679,2542,3856,1415,425,734,901,380,422,280,834,1372,7496,1653,446,2125,3045,2865,15020,60549,16946,2714,4115,1577,992,798,697,1145,608,370,9097,542,934,6046,392,1993,447,5086,1329,1220,746,1125,735,517,1493,2942,3027,983,1142,838,2722,1712,920,889,1181,5053,28,144,414,711,521,454,16538,291,11040,22,571,177,7009,906,8289,7521,9389,28,3062,91,207,2562,4225,86339,2203,3965,3027,1350,1512,3824,225,230,875,20306,8622,3772,1556,72,333,161,6,32,858,1930,2992,732,4365,596,563,1752,55004,1638,2553,137625,907,6162,1193,6790,29399,3370,367,12477,32595,969,1191,1347,440,481,616,143613,1449,1089,1348,729,1378,1675,28524,90,12250,2550,46,29811,8650,66,301,7107,914,66,7846,916,1677,314,3770,1377,28624,4378,3680,1046,1406,488,1425,1012,1443,1041,28,1223,47,2356,277,130,198,3133,638,611,1120,27125,1429,11706,5922,1065,588,1315,334,38471,2548,18423,6305,13088,1340,530,3268,38,41852,7853,13800,60361,5204,19194,926,410,455,2589,1893,1373,846,2080,10267,1189,57,2767,1205,17,31,4280,3972,26,6173,295,27057,52258,38164,10006,40300,4860,1446,74191,108201,17089,51064,80557,93264,278,184,897,845,233,1063,1726,379,455,796,7576,0.0,0.0,0.0,0.0,0.0,0.0,0.0,0.0,0.0,0.0,0.0,0.0,0.0,0.0,0.0,0.0,0.0,0.0,0.0,0.0,0.0,0.0,0.0,0.0,0.0,0.0,0.0,0.0,0.0,0.0,0.0,0.0,0.0,0.0,0.0,0.0,0.0,0.0,0.0,0.0,0.0,0.0,0.0,0.0,0.0,0.0,0.0,0.0,0.0,0.0,0.0,0.0,0.0,0.0,0.0,0.0,0.0,0.0,0.0,0.0,0.0,0.0,0.0,0.0,0.0,0.0,0.0,0.0,0.0,0.0,0.0,0.0,0.0,0.0,0.0,0.0,0.0,0.0,0.0,0.0,0.0,0.0,0.0,0.0,0.0,0.0,0.0,0.0,0.0,0.0,0.0,0.0,0.0,0.0,0.0,0.0,0.0,0.0,0.0,0.0,0.0,0.0,0.0,0.0,0.0,0.0,0.0,0.0,0.0,0.0,0.0,0.0,0.0,0.0,0.0,0.0,0.0,0.0,0.0,0.0,0.0,0.0,0.0,0.0,0.0,0.0,0.0,0.0,0.0,0.0,0.0,0.0,0.0,0.0,0.0,0.0,0.0,0.0,0.0,0.0,0.0,0.0,0.0,0.0,0.0,0.0,0.0,0.0,0.0,0.0
ENCFF001GWK,0.15084533033467237,43202,150,3352,42412,772,122267,5639,228,555,287,681,3087,4748,8942,16558,35791,3469,477,6433,6728,182,609,52,50,64,683,1129,3179,29511,3899,221,237,426,1700,1619,49,1832,45,83,7588,9902,101,552,36,38,577,5554,23441,173,457,1070,1461,402,253,6253,127,310,353,109,670,1439,498,17067,965,499,356,66,51174,45806,7440,1076,733,1279,4216,261,1160,549,811,913,238,1023,1152,3196,505,519,3503,19,857,507,19,1089,189,36,1011,1253,21894,162027,9340,120,25171,38138,2685,31964,1105,665,5415,1624,3493,29,3675,10232,10212,268,4636,31209,2865,33584,578,2259,2300,7873,922,47868,1372,6661,3904,767,2499,378,124,30639,13686,1214,23113,8319,11458,24887,202,4309,3933,1168,3347,33622,685,277,141,99,32,26,2068,257,2050,10312,4331,618,3461,43202,3420,393,1087,1028,1051,2741,8729,4929,5104,62,112,40,930,30,1691,589,642,279,28,14,543,695,1015,13714,6586,42084,2334,29281,31334,14701,31633,14292,27418,320,27608,33222,10012,8382,23109,16693,5120,782,272,665,50,471,904,155,91,27,128,4271,337,44326,11187,13630,211,177068,35392,3299,27562,28588,931,669,37797,17638,60326,4907,42899,202,39308,44,278,756,108,297,945,188,4180,2057,446,654,916,573,867,451,2468,1394,267,192,4467,2985,2010,2683,1208,332,695,725,371,359,276,408,1111,5541,1225,358,1721,2205,2181,11355,53013,679,2286,3277,1280,804,645,674,934,500,138,6505,457,848,4868,352,1481,428,3979,1063,943,591,867,548,553,673,2434,2316,826,935,713,2181,1453,828,762,891,3797,22,46,412,608,707,287,15225,125,11112,28,460,70,5962,774,8146,6898,7001,23,2482,140,144,1425,3792,81832,605,1923,2049,1004,68,2681,151,192,637,14524,7168,3046,1152,32,191,91,24,83,643,1395,2192,540,3509,509,552,1459,57686,414,2080,110922,523,5142,975,5221,1299,2417,318,502,3941,878,988,1037,386,475,239,6447,1166,923,1069,540,1115,1196,23465,88,9533,2011,37,24466,6266,43,256,5262,620,52,6340,797,1775,254,2851,1089,27412,3349,607,830,1067,460,1146,832,1433,939,23,965,50,2387,154,61,187,390,316,776,850,28681,2174,10067,5756,1351,462,887,258,40516,152,13349,1598,10804,1359,303,2553,22,31190,6447,10313,49114,3476,24464,216,346,405,905,446,1028,782,1361,7691,1024,43,260,1005,22,33,3409,3688,12,295,223,22057,38919,29483,7012,31883,3543,276,71085,84345,12653,40132,61215,71895,327,156,763,748,214,850,1535,226,333,605,7185,0.0,0.0,0.0,0.0,0.0,0.0,0.0,0.0,0.0,0.0,0.0,0.0,0.0,0.0,0.0,0.0,0.0,0.0,0.0,0.0,0.0,0.0,0.0,0.0,0.0,0.0,0.0,0.0,0.0,0.0,0.0,0.0,0.0,0.0,0.0,0.0,0.0,0.0,0.0,0.0,0.0,0.0,0.0,0.0,0.0,0.0,0.0,0.0,0.0,0.0,0.0,0.0,0.0,0.0,0.0,0.0,0.0,0.0,0.0,0.0,0.0,0.0,0.0,0.0,0.0,0.0,0.0,0.0,0.0,0.0,0.0,0.0,0.0,0.0,0.0,0.0,0.0,0.0,0.0,0.0,0.0,0.0,0.0,0.0,0.0,0.0,0.0,0.0,0.0,0.0,0.0,0.0,0.0,0.0,0.0,0.0,0.0,0.0,0.0,0.0,0.0,0.0,0.0,0.0,0.0,0.0,0.0,0.0,0.0,0.0,0.0,0.0,0.0,0.0,0.0,0.0,0.0,0.0,0.0,0.0,0.0,0.0,0.0,0.0,0.0,0.0,0.0,0.0,0.0,0.0,0.0,0.0,0.0,0.0,0.0,0.0,0.0,0.0,0.0,0.0,0.0,0.0,0.0,0.0,0.0,0.0,0.0,0.0,0.0,0.0
ENCFF515JGH,0.18946196709551466,12333,53,1326,28805,423,52616,2015,180,160,111,195,1695,1968,4444,13094,15149,1405,233,2017,2362,32,250,21,12,5,361,84,1838,18059,1313,102,52,221,1052,1026,9,1000,4,3,3403,4142,18,253,28,20,253,2984,18150,18,277,603,961,163,100,2119,68,138,165,53,265,782,283,11246,142,145,27,7,27992,21269,2440,725,476,569,1594,95,718,296,490,570,138,656,684,1539,251,365,2281,4,586,320,13,528,103,24,742,787,8269,70016,3386,44,9879,14803,1297,13229,688,415,1868,552,622,6,998,2735,2607,62,2026,11448,1431,17464,356,1344,1105,3727,551,33250,784,2210,998,238,821,145,50,9711,5412,84,18540,4213,3813,9644,30,2347,1098,728,1488,23201,67,79,48,33,8,8,782,123,156,4418,1463,236,1527,30061,2398,154,732,673,573,1312,1624,1401,1625,31,38,9,631,18,1107,385,671,49,10,16,297,270,661,5293,2681,16979,1086,12320,14254,6606,20862,6205,13977,105,11189,13743,3980,3384,9529,6859,2619,408,29,263,26,321,604,60,23,9,19,1427,145,29009,6586,5310,509,76071,15723,1429,10770,17634,373,212,17165,7770,32494,2377,14200,58,13979,8,110,261,8,201,578,75,2041,840,4,443,555,366,570,254,1533,851,106,71,2327,1412,874,923,757,230,404,488,244,245,166,153,728,2475,706,256,898,1361,1224,8351,24256,107,1261,1068,754,474,394,417,638,318,43,2978,308,474,2067,225,820,229,2095,690,666,371,575,76,319,267,1430,1432,552,580,453,1069,768,464,510,615,2291,11,14,284,405,155,140,5208,51,3571,6,213,39,2560,240,2755,2600,3403,6,1124,59,61,508,1416,36080,217,715,1067,425,21,1640,55,157,197,6547,2579,1329,435,23,43,42,13,17,455,463,953,351,1658,321,280,1418,33487,198,1279,47625,321,2427,676,3102,170,1494,160,36,1535,529,615,680,224,268,127,662,735,606,679,193,715,750,10493,39,5032,929,13,9613,2443,4,106,2391,288,16,3201,491,403,93,1754,731,20988,2748,288,471,693,280,712,540,397,114,10,418,17,792,76,14,53,163,203,350,366,21570,1196,6102,3066,781,277,358,109,11776,32,5402,838,4344,523,206,1146,5,10149,2026,3726,16292,1437,14687,145,113,194,482,238,697,496,802,5190,656,10,70,676,2,16,1584,1333,0,55,66,8913,17010,13998,3405,13127,1567,189,35165,36206,6326,18213,25619,30223,121,76,481,465,128,531,399,148,170,246,2946,0.0,0.0,0.0,0.0,0.0,0.0,0.0,0.0,0.0,0.0,0.0,0.0,0.0,0.0,0.0,0.0,0.0,0.0,0.0,0.0,0.0,0.0,0.0,0.0,0.0,0.0,0.0,0.0,0.0,0.0,0.0,0.0,0.0,0.0,0.0,0.0,0.0,0.0,0.0,0.0,0.0,0.0,0.0,0.0,0.0,0.0,0.0,0.0,0.0,0.0,0.0,0.0,0.0,0.0,0.0,0.0,0.0,0.0,0.0,0.0,0.0,0.0,0.0,0.0,0.0,0.0,0.0,0.0,0.0,0.0,0.0,0.0,0.0,0.0,0.0,0.0,0.0,0.0,0.0,0.0,0.0,0.0,0.0,0.0,0.0,0.0,0.0,0.0,0.0,0.0,0.0,0.0,0.0,0.0,0.0,0.0,0.0,0.0,0.0,0.0,0.0,0.0,0.0,0.0,0.0,0.0,0.0,0.0,0.0,0.0,0.0,0.0,0.0,0.0,0.0,0.0,0.0,0.0,0.0,0.0,0.0,0.0,0.0,0.0,0.0,0.0,0.0,0.0,0.0,0.0,0.0,0.0,0.0,0.0,0.0,0.0,0.0,0.0,0.0,0.0,0.0,0.0,0.0,0.0,0.0,0.0,0.0,0.0,0.0,0.0
ENCFF002ERF,0.16999806289682268,987954,1070,5145,37295,343,54026,6475,106,237,178,509,1928,1516,3094,14244,12090,1521,274,3737,3349,90,446,56,38,28,652,84040,1509,23636,2350,168,3142,342,776,732,1943,1144,9,55,5203,7532,23,381,67,303,566,3778,31051,14561,268,352,553,285,235,8465,101,207,279,91,458,1012,131,14065,132,406,23295,145,32121,25211,6660,485,261,18061,7961,243,544,201,274,332,84,378,572,2499,193,187,1598,10,310,199,130,807,241,13,763,515,14317,107040,6076,331,17302,26386,1178,23085,564,231,4425,1360,1637,7,2864,6312,5937,181,2664,28124,1369,19145,242,970,950,5528,455,37791,635,4326,2138,498,1904,232,105,24581,4577,46937,21468,3432,30723,18589,13831,2490,2483,490,10841,23548,310,12852,82,56,21,26,1385,179,783,6320,2945,373,2414,36825,1509,369,516,858,675,1589,2775,2432,5755,55,502,26,383,15,779,240,491,167,1213,6,4680,527,469,10628,4222,49536,1089,15523,22382,8713,25228,8070,14127,136,16331,19384,8207,5179,14552,10741,3536,404,19970,436,43,174,333,113,43,15,11,2447,93,25696,5860,4244,181,208232,20395,9378,15043,18253,803,383,21590,10792,35200,1797,28223,99,28118,39,446,593,343,114,432,374,1967,2068,39,279,384,214,328,180,1261,725,1507,787,2425,1832,1280,2234,471,120,236,266,137,150,116,524,420,2994,484,152,909,1347,1054,4736,22704,49759,1223,3796,659,380,299,245,372,195,410,5568,184,332,4401,144,1274,165,2312,429,430,211,335,501,195,1776,1038,951,311,355,274,1739,669,318,257,378,1907,12,14,177,230,1272,159,10090,93,7667,18,372,989,4481,535,5303,4241,3744,13,1515,29,111,540,2952,32644,5005,5948,1329,705,4971,1451,102,125,498,8809,4026,2687,1020,37,4065,74,8,34,248,1379,1720,273,2639,207,194,713,41444,4419,958,79621,388,3401,396,2694,87102,1251,107,37167,92028,341,427,516,140,171,1322,459858,547,328,601,566,512,536,15302,29,5243,1359,14,21108,3794,39,176,3495,545,40,3692,302,3219,208,1572,526,21232,1629,10343,306,517,186,467,352,886,119,11,584,6,1151,316,61,106,9115,240,312,354,21578,867,4031,2473,590,324,565,73,31867,7547,10487,13645,7883,889,182,1758,54,22509,3409,6411,32000,1301,17873,1600,128,157,6338,801,515,279,1108,3503,484,18,8192,400,18,26,2578,2580,5,16469,178,15133,22838,15686,4135,20790,2645,216,43347,54370,6709,24184,39262,47308,146,109,288,275,99,348,1656,308,359,368,3888,0.0,0.0,0.0,0.0,0.0,0.0,0.0,0.0,0.0,0.0,0.0,0.0,0.0,0.0,0.0,0.0,0.0,0.0,0.0,0.0,0.0,0.0,0.0,0.0,0.0,0.0,0.0,0.0,0.0,0.0,0.0,0.0,0.0,0.0,0.0,0.0,0.0,0.0,0.0,0.0,0.0,0.0,0.0,0.0,0.0,0.0,0.0,0.0,0.0,0.0,0.0,0.0,0.0,0.0,0.0,0.0,0.0,0.0,0.0,0.0,0.0,0.0,0.0,0.0,0.0,0.0,0.0,0.0,0.0,0.0,0.0,0.0,0.0,0.0,0.0,0.0,0.0,0.0,0.0,0.0,0.0,0.0,0.0,0.0,0.0,0.0,0.0,0.0,0.0,0.0,0.0,0.0,0.0,0.0,0.0,0.0,0.0,0.0,0.0,0.0,0.0,0.0,0.0,0.0,0.0,0.0,0.0,0.0,0.0,0.0,0.0,0.0,0.0,0.0,0.0,0.0,0.0,0.0,0.0,0.0,0.0,0.0,0.0,0.0,0.0,0.0,0.0,0.0,0.0,0.0,0.0,0.0,0.0,0.0,0.0,0.0,0.0,0.0,0.0,0.0,0.0,0.0,0.0,0.0,0.0,0.0,0.0,0.0,0.0,0.0
ENCFF000XNO,0.07752416844099433,3705,24,269,3313,91,10867,395,29,34,12,37,204,390,620,964,3013,311,32,353,447,20,62,6,3,1,56,151,228,2605,300,24,25,28,262,93,7,136,0,2,808,777,1,58,1,5,46,380,2516,15,130,66,78,31,22,540,14,20,31,16,60,97,15,909,13,73,53,5,3403,3820,484,67,70,111,492,18,76,37,51,73,18,64,75,320,43,33,194,1,72,34,1,122,18,3,175,80,1010,13948,880,7,2361,3205,147,2947,1427,46,409,133,120,2,212,613,593,20,329,2361,290,3363,93,321,274,673,162,4477,121,458,213,62,209,34,15,2360,1604,92,1729,617,1017,2236,47,313,239,77,252,2148,41,29,10,7,1,2,150,31,43,749,385,38,329,3066,259,28,81,120,105,198,306,292,567,5,13,3,65,5,111,49,1229,765,4,0,48,70,64,1327,539,3462,171,2359,2804,1012,2440,948,2113,25,2320,2735,717,685,1844,1354,573,70,33,50,5,31,54,17,6,3,254,292,29,2542,901,1126,29,15099,3854,254,1946,1743,95,148,2663,1207,3880,554,3113,9,3337,5,17,70,31,20,64,10,221,167,5,38,76,43,54,28,174,94,19,17,279,230,138,210,72,26,54,51,26,25,15,31,85,356,66,24,255,177,146,983,1876,93,136,480,100,53,38,26,52,34,13,598,32,64,365,15,131,36,232,73,76,37,67,18,30,30,157,144,51,64,56,220,117,34,50,68,217,1,2,28,34,51,19,1183,18,747,1,58,8,506,79,498,584,439,2,149,10,18,67,472,5433,53,161,136,69,12,167,13,31,51,1059,440,209,119,4,27,9,0,3,47,163,266,40,268,46,29,149,4569,28,121,10059,42,570,52,307,178,194,24,56,415,60,64,70,24,37,17,762,77,68,78,32,84,77,1926,10,713,154,2,2160,484,2,27,420,48,9,433,41,113,19,444,79,1713,208,62,66,63,29,74,46,112,17,1,67,2,119,13,7,12,54,38,69,38,1950,297,670,567,176,38,80,20,3421,25,1101,148,960,129,22,225,3,2769,611,725,3326,172,1318,12,5,23,59,37,72,34,104,520,64,0,29,90,2,3,491,324,1,35,24,1801,2693,2086,482,2842,380,22,5305,6858,949,2838,5275,6052,25,14,48,67,16,55,134,14,49,38,504,0.0,0.0,0.0,0.0,0.0,0.0,0.0,0.0,0.0,0.0,0.0,0.0,0.0,0.0,0.0,0.0,0.0,0.0,0.0,0.0,0.0,0.0,0.0,0.0,0.0,0.0,0.0,0.0,0.0,0.0,0.0,0.0,0.0,0.0,0.0,0.0,0.0,0.0,0.0,0.0,0.0,0.0,0.0,0.0,0.0,0.0,0.0,0.0,0.0,0.0,0.0,0.0,0.0,0.0,0.0,0.0,0.0,0.0,0.0,0.0,0.0,0.0,0.0,0.0,0.0,0.0,0.0,0.0,0.0,0.0,0.0,0.0,0.0,0.0,0.0,0.0,0.0,0.0,0.0,0.0,0.0,0.0,0.0,0.0,0.0,0.0,0.0,0.0,0.0,0.0,0.0,0.0,0.0,0.0,0.0,0.0,0.0,0.0,0.0,0.0,0.0,0.0,0.0,0.0,0.0,0.0,0.0,0.0,0.0,0.0,0.0,0.0,0.0,0.0,0.0,0.0,0.0,0.0,0.0,0.0,0.0,0.0,0.0,0.0,0.0,0.0,0.0,0.0,0.0,0.0,0.0,0.0,0.0,0.0,0.0,0.0,0.0,0.0,0.0,0.0,0.0,0.0,0.0,0.0,0.0,0.0,0.0,0.0,0.0,0.0
ENCFF000NFN,0.14726848227621026,33434,102,2262,33410,305,60272,5967,237,323,285,553,2910,2509,4953,21800,21529,2411,638,4623,5108,128,674,71,51,58,978,664,3226,23170,3668,277,115,470,1795,1685,31,2075,10,30,7130,10997,55,711,60,35,662,5821,26719,80,717,1052,1290,442,408,6929,138,378,356,135,822,1462,193,8268,1200,147,201,91,36402,49388,7406,1132,636,1394,5284,323,1206,556,768,859,245,995,1082,3398,419,559,3559,17,777,560,10,1042,168,29,1796,981,8645,167350,9967,77,26791,39936,2497,34567,1166,600,5351,1541,2225,13,3331,8547,8559,201,3847,34720,1698,28774,228,923,1104,7593,419,54490,1209,6422,2750,752,2569,500,120,32791,8730,829,38135,6100,13402,30555,77,4043,3240,1156,3386,29023,232,208,176,95,18,33,2431,276,1152,8819,3958,489,3209,36377,3141,443,1154,2083,2059,2829,5919,4575,5284,93,130,57,1053,32,1578,623,1043,419,34,3,445,805,970,14334,6818,43788,2240,26037,30020,13460,33595,13258,26067,331,26660,32614,10901,8920,23099,17541,5236,781,140,692,68,600,992,161,37,27,26,3855,180,42662,9789,8989,472,151390,32111,3099,25744,15874,1096,492,33781,16425,43447,2521,41455,88,39839,13,306,697,47,244,902,294,4029,2544,293,643,882,554,894,413,2226,1413,168,185,5200,3160,1856,2515,1345,357,696,787,359,311,208,359,1193,4752,921,306,1548,2246,2015,11225,28622,513,2337,3550,1272,843,593,605,945,530,95,6549,501,1051,4972,332,1715,419,3799,1123,911,598,963,486,481,642,2400,1967,763,912,778,2201,1538,973,782,1015,3799,12,24,359,618,604,206,15460,102,9989,18,377,54,6343,815,7217,6005,7043,18,2931,88,135,1361,4357,61372,710,1962,2135,1073,40,2379,224,318,1029,14770,5790,3718,1475,57,169,81,11,25,618,1911,2240,589,3276,512,514,1631,52345,316,2004,110526,466,6039,930,5840,1007,2299,297,325,3381,769,933,1021,396,387,319,4181,1229,941,1094,817,1176,1244,24895,42,11304,1731,54,26292,6046,26,283,4930,703,17,6612,748,1678,181,3157,1038,14535,2632,440,709,1097,451,1168,825,1299,592,17,694,12,1975,134,56,156,283,381,320,693,27002,847,8274,3703,830,530,845,181,37135,77,14379,1421,11115,1473,237,2744,39,31215,5878,10724,43515,1546,20624,193,201,335,843,411,1044,758,1293,6107,1006,18,219,1055,43,40,3864,4522,32,149,134,24967,34415,26312,6385,34147,4208,355,72922,84338,10994,35740,62503,74441,282,164,667,692,217,829,1293,326,351,699,6365,0.0,0.0,0.0,0.0,0.0,0.0,0.0,0.0,0.0,0.0,0.0,0.0,0.0,0.0,0.0,0.0,0.0,0.0,0.0,0.0,0.0,0.0,0.0,0.0,0.0,0.0,0.0,0.0,0.0,0.0,0.0,0.0,0.0,0.0,0.0,0.0,0.0,0.0,0.0,0.0,0.0,0.0,0.0,0.0,0.0,0.0,0.0,0.0,0.0,0.0,0.0,0.0,0.0,0.0,0.0,0.0,0.0,0.0,0.0,0.0,0.0,0.0,0.0,0.0,0.0,0.0,0.0,0.0,0.0,0.0,0.0,0.0,0.0,0.0,0.0,0.0,0.0,0.0,0.0,0.0,0.0,0.0,0.0,0.0,0.0,0.0,0.0,0.0,0.0,0.0,0.0,0.0,0.0,0.0,0.0,0.0,0.0,0.0,0.0,0.0,0.0,0.0,0.0,0.0,0.0,0.0,0.0,0.0,0.0,0.0,0.0,0.0,0.0,0.0,0.0,0.0,0.0,0.0,0.0,0.0,0.0,0.0,0.0,0.0,0.0,0.0,0.0,0.0,0.0,0.0,0.0,0.0,0.0,0.0,0.0,0.0,0.0,0.0,0.0,0.0,0.0,0.0,0.0,0.0,0.0,0.0,0.0,0.0,0.0,0.0
ENCFF001HJJ,0.17211210706394853,60628,220,6209,54869,1001,94834,5780,413,638,291,632,4722,6565,13669,48959,36775,4606,446,6015,6866,147,642,94,46,54,1044,2373,4856,45870,3726,245,221,622,2783,2433,86,2409,29,30,9660,11483,102,757,55,48,757,8035,37792,305,679,1702,2292,476,309,5845,153,356,385,119,736,2209,705,30885,405,329,855,103,79347,61173,6828,1601,1164,2095,4504,278,1792,921,1301,1434,363,1626,1694,4025,726,872,5677,26,1407,846,17,1092,170,33,1742,2485,32053,197001,10957,154,29841,44963,3590,38596,1676,1069,5038,1521,1741,23,2740,7486,7676,121,5738,32814,3816,42385,694,2854,3065,10203,1317,67309,2123,6156,2966,695,2519,406,159,27208,19178,1358,46190,12745,10214,27672,496,6137,3497,1785,4477,61646,705,513,150,124,40,52,2264,321,635,12637,4641,711,4210,58452,6104,447,1793,649,673,3684,4128,3595,4932,43,157,26,1528,33,2756,1032,917,58,76,13,913,723,1555,15408,7471,47830,3123,37240,37313,19081,49837,17355,38226,363,31505,38832,11515,9628,26028,19503,6918,1218,531,839,94,799,1438,159,78,27,56,4466,368,66925,18527,17935,208,228654,49361,4923,33003,49509,997,621,52043,24414,95733,6156,42291,200,42046,48,331,830,177,488,1422,246,5534,2347,25,1084,1564,1004,1554,717,3409,2188,230,231,6080,3747,2615,2740,1934,539,1091,1175,596,573,419,493,1798,6842,1937,611,2326,3345,3194,18732,66235,1774,3200,2977,2007,1284,987,1073,1455,898,123,7724,780,1329,5815,593,2074,662,5270,1717,1545,893,1492,185,697,780,3847,3805,1305,1521,1182,2803,2037,1232,1289,1603,5784,26,55,632,1063,425,410,14786,79,9761,30,504,68,7464,715,7187,7149,9029,40,3146,108,180,1775,4168,131800,721,2119,2728,1231,173,4073,178,159,936,19604,7510,4406,1314,36,162,114,20,55,1092,1158,2727,788,4475,833,788,2792,78911,634,3248,137305,796,6551,1605,7773,2777,3598,465,1009,6482,1266,1541,1549,629,650,329,13286,1864,1439,1692,597,1772,1904,27270,54,13167,2573,34,26543,7299,29,275,6913,705,46,9018,1303,1223,300,4300,1751,29033,6443,1078,1301,1697,782,1772,1423,1280,1355,18,994,38,2059,144,61,176,615,195,870,1056,48453,2689,16970,8077,1816,655,770,175,34647,297,17524,2515,12500,1378,388,3118,38,33935,6258,11280,49631,4368,30411,399,138,573,1455,739,1659,1261,2092,9299,1632,53,369,1643,15,32,4006,4258,25,528,197,26714,53090,40544,10379,39313,4874,736,96132,109111,17996,53431,80421,91074,408,200,1259,1166,329,1320,1130,360,439,749,8089,0.0,0.0,0.0,0.0,0.0,0.0,0.0,0.0,0.0,0.0,0.0,0.0,0.0,0.0,0.0,0.0,0.0,0.0,0.0,0.0,0.0,0.0,0.0,0.0,0.0,0.0,0.0,0.0,0.0,0.0,0.0,0.0,0.0,0.0,0.0,0.0,0.0,0.0,0.0,0.0,0.0,0.0,0.0,0.0,0.0,0.0,0.0,0.0,0.0,0.0,0.0,0.0,0.0,0.0,0.0,0.0,0.0,0.0,0.0,0.0,0.0,0.0,0.0,0.0,0.0,0.0,0.0,0.0,0.0,0.0,0.0,0.0,0.0,0.0,0.0,0.0,0.0,0.0,0.0,0.0,0.0,0.0,0.0,0.0,0.0,0.0,0.0,0.0,0.0,0.0,0.0,0.0,0.0,0.0,0.0,0.0,0.0,0.0,0.0,0.0,0.0,0.0,0.0,0.0,0.0,0.0,0.0,0.0,0.0,0.0,0.0,0.0,0.0,0.0,0.0,0.0,0.0,0.0,0.0,0.0,0.0,0.0,0.0,0.0,0.0,0.0,0.0,0.0,0.0,0.0,0.0,0.0,0.0,0.0,0.0,0.0,0.0,0.0,0.0,0.0,0.0,0.0,0.0,0.0,0.0,0.0,0.0,0.0,0.0,0.0
ENCFF000ZDV,0.0651802446349715,2587,17,192,1836,27,4212,279,24,15,19,33,145,112,278,1001,1027,132,18,225,325,8,43,4,5,2,40,111,135,1017,169,20,15,23,92,63,3,79,0,0,381,537,0,28,3,5,26,273,1012,14,37,58,41,22,25,337,10,13,40,7,47,79,7,413,11,17,43,4,2011,2405,364,44,29,64,344,13,72,26,40,40,10,52,52,201,29,29,150,1,46,24,0,50,14,0,70,44,737,8230,522,3,1492,1959,93,1733,100,31,225,65,82,0,147,366,393,3,270,1482,112,1237,31,114,112,409,48,1548,62,353,138,29,171,17,8,1354,409,104,611,266,685,1354,30,204,103,46,166,1864,16,26,2,4,1,2,100,12,27,523,240,29,205,1812,136,21,47,46,45,134,232,229,302,2,3,2,52,1,80,37,226,232,2,0,33,33,39,738,334,2156,93,1319,1592,656,1409,610,1302,12,1255,1483,536,471,1093,925,273,33,25,27,3,30,24,8,4,1,2,202,13,1571,592,320,7,9630,1866,160,1295,800,57,40,1890,891,2525,273,2365,8,2415,1,18,42,19,13,27,19,152,99,2,21,40,27,34,22,103,71,8,11,208,139,100,144,54,16,35,28,17,24,14,23,52,205,54,15,102,101,90,503,1217,72,111,187,53,37,28,27,26,21,6,374,16,33,240,21,66,25,163,45,41,26,44,14,15,25,112,87,44,34,35,129,75,19,42,23,144,3,2,18,25,23,23,783,5,536,0,32,3,315,33,311,346,365,2,104,6,12,66,205,2805,36,103,95,40,3,101,6,7,22,612,271,132,69,1,21,6,0,3,32,80,156,26,173,23,25,63,2357,20,88,6145,23,260,40,220,137,126,12,55,253,41,55,31,23,15,14,565,61,45,38,20,56,52,1177,0,457,113,2,1404,352,0,11,316,27,1,322,33,89,12,147,34,665,141,42,48,37,30,58,29,76,32,2,51,1,108,3,5,12,23,19,28,23,1803,114,434,256,71,23,50,14,1946,13,707,89,625,61,16,154,1,1343,279,459,1957,136,611,19,14,17,40,14,49,32,52,331,40,0,9,62,1,2,223,212,0,19,14,1200,1721,1398,314,1630,228,18,3213,4034,528,1814,3033,3675,9,9,38,43,14,33,69,12,21,32,318,0.0,0.0,0.0,0.0,0.0,0.0,0.0,0.0,0.0,0.0,0.0,0.0,0.0,0.0,0.0,0.0,0.0,0.0,0.0,0.0,0.0,0.0,0.0,0.0,0.0,0.0,0.0,0.0,0.0,0.0,0.0,0.0,0.0,0.0,0.0,0.0,0.0,0.0,0.0,0.0,0.0,0.0,0.0,0.0,0.0,0.0,0.0,0.0,0.0,0.0,0.0,0.0,0.0,0.0,0.0,0.0,0.0,0.0,0.0,0.0,0.0,0.0,0.0,0.0,0.0,0.0,0.0,0.0,0.0,0.0,0.0,0.0,0.0,0.0,0.0,0.0,0.0,0.0,0.0,0.0,0.0,0.0,0.0,0.0,0.0,0.0,0.0,0.0,0.0,0.0,0.0,0.0,0.0,0.0,0.0,0.0,0.0,0.0,0.0,0.0,0.0,0.0,0.0,0.0,0.0,0.0,0.0,0.0,0.0,0.0,0.0,0.0,0.0,0.0,0.0,0.0,0.0,0.0,0.0,0.0,0.0,0.0,0.0,0.0,0.0,0.0,0.0,0.0,0.0,0.0,0.0,0.0,0.0,0.0,0.0,0.0,0.0,0.0,0.0,0.0,0.0,0.0,0.0,0.0,0.0,0.0,0.0,0.0,0.0,0.0
ENCFF307LWZ,0.14939219990738323,27736,195,1821,46448,421,94205,6284,349,209,167,394,3484,1506,5840,16335,22975,1589,565,4862,3800,79,541,36,74,67,1084,925,3358,27109,2637,116,44,408,2255,2125,25,2332,29,3,6101,7595,73,371,21,43,662,6100,28031,77,625,1448,1666,239,157,3583,102,273,179,162,594,1626,879,14785,495,438,275,86,42844,35520,3842,1465,839,1745,3356,154,1604,697,911,1113,291,1409,1432,2230,487,864,4195,17,1039,915,8,768,176,41,1232,1213,28556,121511,6739,133,18133,27717,2996,23700,1445,777,2887,973,1202,18,2151,4698,5134,237,3896,23202,1645,32051,169,866,1180,5220,407,51220,1498,4070,1647,324,1462,215,32,18631,6033,382,28642,6273,6708,18246,55,4082,5069,1373,2447,47421,675,162,133,68,20,32,1545,268,303,7106,2628,297,3618,45310,3144,224,1449,1038,767,2129,2882,2553,3795,20,91,61,1305,32,1698,764,1211,417,13,20,582,416,1380,8779,4329,29713,2437,19889,25933,11396,29708,12408,23344,263,19003,24302,6600,6480,19306,13264,4699,937,99,818,109,832,1448,76,25,43,74,3062,120,44396,10009,8371,318,172950,33532,3533,21104,25764,768,354,31609,16660,56167,2318,27693,95,26338,16,236,646,22,355,1054,178,4355,1924,22,899,913,805,1280,623,2916,1687,107,184,4913,3086,1682,1953,1886,488,952,986,507,402,299,212,1552,4612,1111,425,1281,2758,2214,12967,76469,752,2573,2175,1300,983,821,787,1137,752,27,6795,673,1640,4026,416,1701,599,3234,1670,1256,886,1168,117,585,494,2863,2441,1043,1060,1022,2029,1773,1286,833,1299,3733,19,24,498,908,334,302,9254,93,5918,28,188,57,4873,532,5245,4863,7047,21,2056,76,49,2050,2366,91201,393,1482,2227,837,45,2604,86,249,1170,15505,6602,3418,1064,66,116,49,9,45,839,1401,1667,830,2851,788,544,1574,67103,209,1939,78510,549,4588,1184,7002,1204,2485,385,192,2836,920,1268,1352,509,437,176,5533,1609,1279,1318,441,1406,1501,18982,34,11966,1127,46,18151,5315,30,327,3993,877,34,6973,908,601,98,3804,1190,28876,3422,385,899,1299,717,911,1082,768,673,24,634,19,1753,152,62,76,124,589,235,791,25020,925,9462,4292,738,598,410,186,19342,67,9422,1396,7059,1106,97,1813,4,26083,4647,8059,32737,3565,19999,162,254,460,1201,573,1192,945,1298,6240,1179,18,146,1269,27,44,2322,2294,18,93,79,18597,30919,25075,6460,23253,3165,1188,54859,65652,11071,30615,51456,57169,239,78,780,761,295,1137,527,285,167,550,5197,0.0,0.0,0.0,0.0,0.0,0.0,0.0,0.0,0.0,0.0,0.0,0.0,0.0,0.0,0.0,0.0,0.0,0.0,0.0,0.0,0.0,0.0,0.0,0.0,0.0,0.0,0.0,0.0,0.0,0.0,0.0,0.0,0.0,0.0,0.0,0.0,0.0,0.0,0.0,0.0,0.0,0.0,0.0,0.0,0.0,0.0,0.0,0.0,0.0,0.0,0.0,0.0,0.0,0.0,0.0,0.0,0.0,0.0,0.0,0.0,0.0,0.0,0.0,0.0,0.0,0.0,0.0,0.0,0.0,0.0,0.0,0.0,0.0,0.0,0.0,0.0,0.0,0.0,0.0,0.0,0.0,0.0,0.0,0.0,0.0,0.0,0.0,0.0,0.0,0.0,0.0,0.0,0.0,0.0,0.0,0.0,0.0,0.0,0.0,0.0,0.0,0.0,0.0,0.0,0.0,0.0,0.0,0.0,0.0,0.0,0.0,0.0,0.0,0.0,0.0,0.0,0.0,0.0,0.0,0.0,0.0,0.0,0.0,0.0,0.0,0.0,0.0,0.0,0.0,0.0,0.0,0.0,0.0,0.0,0.0,0.0,0.0,0.0,0.0,0.0,0.0,0.0,0.0,0.0,0.0,0.0,0.0,0.0,0.0,0.0
ENCFF000VSE,0.040700824926821005,1678,7,122,878,28,2117,159,13,9,11,28,90,90,220,479,643,115,6,136,176,11,23,4,1,2,16,49,113,736,121,7,7,14,68,37,2,61,3,0,238,375,1,22,0,4,20,203,643,8,24,24,35,10,11,276,8,7,11,3,45,55,7,372,7,19,17,7,1380,1608,253,28,18,34,265,5,35,17,34,27,9,26,34,142,19,14,95,0,31,17,0,37,75,1,57,27,459,5413,339,2,950,1369,75,1189,84,16,136,47,62,1,102,254,235,0,157,1091,80,905,19,90,62,311,33,1076,32,197,94,27,112,15,2,1167,341,47,637,251,540,960,16,132,90,42,88,1108,11,12,6,2,2,2,60,5,33,325,165,18,169,900,102,11,21,36,29,95,126,106,235,3,5,1,26,1,55,17,127,314,2,0,20,29,27,570,217,1442,64,872,1006,478,980,447,819,9,879,1046,309,309,748,620,183,35,12,17,1,29,24,8,3,1,0,124,12,1342,362,245,3,7546,1240,119,916,662,56,28,1283,538,1646,119,1430,6,1406,2,8,37,20,3,32,5,115,77,1,12,34,18,28,16,66,47,23,5,108,133,56,122,41,5,19,18,16,10,9,10,32,147,24,11,72,51,69,407,1036,46,88,157,34,22,11,12,24,20,14,266,15,15,204,9,45,13,119,33,33,26,19,22,15,17,72,66,27,22,17,87,43,17,24,27,112,0,1,8,10,19,10,484,4,312,1,16,3,216,24,236,200,200,0,76,3,9,38,152,1973,23,61,83,38,4,69,8,12,29,408,199,111,40,9,3,3,0,2,19,32,85,13,136,21,23,39,1252,16,57,4235,12,168,24,128,80,79,7,38,190,25,31,29,22,8,8,363,36,30,38,11,48,35,815,4,305,96,1,1022,404,0,12,191,17,1,193,22,69,16,103,30,456,102,22,29,35,20,37,27,38,27,1,42,1,55,3,0,3,22,7,21,25,854,57,303,164,49,23,34,6,1395,8,475,52,441,39,12,106,1,923,184,297,1392,97,457,10,3,9,35,14,31,15,57,201,36,1,7,29,1,1,140,158,0,17,4,847,1298,1052,234,1134,165,7,2060,3086,470,1250,2292,2649,9,11,23,22,9,29,52,8,17,12,208,0.0,0.0,0.0,0.0,0.0,0.0,0.0,0.0,0.0,0.0,0.0,0.0,0.0,0.0,0.0,0.0,0.0,0.0,0.0,0.0,0.0,0.0,0.0,0.0,0.0,0.0,0.0,0.0,0.0,0.0,0.0,0.0,0.0,0.0,0.0,0.0,0.0,0.0,0.0,0.0,0.0,0.0,0.0,0.0,0.0,0.0,0.0,0.0,0.0,0.0,0.0,0.0,0.0,0.0,0.0,0.0,0.0,0.0,0.0,0.0,0.0,0.0,0.0,0.0,0.0,0.0,0.0,0.0,0.0,0.0,0.0,0.0,0.0,0.0,0.0,0.0,0.0,0.0,0.0,0.0,0.0,0.0,0.0,0.0,0.0,0.0,0.0,0.0,0.0,0.0,0.0,0.0,0.0,0.0,0.0,0.0,0.0,0.0,0.0,0.0,0.0,0.0,0.0,0.0,0.0,0.0,0.0,0.0,0.0,0.0,0.0,0.0,0.0,0.0,0.0,0.0,0.0,0.0,0.0,0.0,0.0,0.0,0.0,0.0,0.0,0.0,0.0,0.0,0.0,0.0,0.0,0.0,0.0,0.0,0.0,0.0,0.0,0.0,0.0,0.0,0.0,0.0,0.0,0.0,0.0,0.0,0.0,0.0,0.0,0.0
ENCFF887CDX,0.10774270111215022,103882,83,1517,24632,250,101495,8530,361,256,165,766,4053,1038,2996,15369,11587,1750,573,4095,5373,256,583,62,115,91,1621,6240,3207,14427,3493,147,40,366,2297,2426,14,2313,33,8,9295,10593,37,162,44,13,554,5607,11723,388,894,1412,1472,145,215,5577,120,288,320,194,1046,2655,123,4235,193,199,1636,303,21402,34834,6268,1306,749,1902,5942,43,1516,708,701,910,241,1264,1806,4451,471,741,3725,19,852,827,21,748,207,31,871,570,7812,118412,7412,158,20574,27969,2937,24543,1845,760,4727,1856,1365,19,2790,8208,7948,115,7998,37721,869,21477,142,488,701,4817,237,31814,1332,6336,2198,205,1667,99,170,22422,2464,2642,8003,3970,20787,20770,245,4158,3049,1407,2809,21868,256,453,43,57,41,11,1312,347,970,11988,2872,285,2907,24122,1493,197,1549,884,531,2143,4656,5661,14906,76,122,35,1053,47,1245,585,698,418,10,17,503,302,1423,9252,4477,32512,2457,15289,24121,10488,19321,11994,21437,103,18371,23242,8895,7565,24202,13947,3312,947,545,744,22,751,1334,130,35,16,78,4472,102,22230,8008,3522,229,164475,38466,3387,18226,8448,748,629,23320,14834,34925,2487,36570,123,40030,85,234,930,96,389,1023,401,4125,3877,48,741,679,659,1135,593,2904,1469,1923,159,4556,3832,1574,5603,1805,368,1001,876,514,313,247,1252,1103,3411,930,360,1135,3499,1901,5048,23168,5600,2560,5882,1231,918,777,707,994,528,974,6706,602,1737,4250,349,1460,562,3582,1808,1129,1136,1038,329,452,408,2707,1856,1040,881,874,2252,1734,1134,678,1184,2764,23,38,449,896,710,345,14066,726,10121,35,179,440,4049,844,8744,8546,10251,25,2034,239,25,1355,2557,54250,601,1662,4425,919,44,2406,62,171,1196,17163,5701,7856,1076,174,233,123,6,112,678,1809,1816,951,3561,719,501,830,33397,172,1837,109967,428,4578,999,6341,6665,2066,364,486,4587,833,1418,1372,358,289,99,60991,2006,1144,1307,507,1134,1403,18260,61,11685,955,35,35452,6050,39,341,6001,1076,147,6099,799,1602,218,3888,1048,10419,1158,987,803,1247,660,811,1003,1870,714,30,775,48,2364,212,453,109,447,397,141,391,23430,715,5234,3241,459,630,918,292,29875,387,9737,1386,7918,1104,62,2197,19,29389,5084,9163,35875,1238,9282,112,342,403,1079,631,1241,882,2857,6142,1063,22,109,1126,31,29,2369,2405,11,338,306,20359,25184,21033,5376,23267,3327,450,42337,59091,10144,24853,47080,56104,104,74,737,682,357,1036,4968,352,534,661,6392,0.0,0.0,0.0,0.0,0.0,0.0,0.0,0.0,0.0,0.0,0.0,0.0,0.0,0.0,0.0,0.0,0.0,0.0,0.0,0.0,0.0,0.0,0.0,0.0,0.0,0.0,0.0,0.0,0.0,0.0,0.0,0.0,0.0,0.0,0.0,0.0,0.0,0.0,0.0,0.0,0.0,0.0,0.0,0.0,0.0,0.0,0.0,0.0,0.0,0.0,0.0,0.0,0.0,0.0,0.0,0.0,0.0,0.0,0.0,0.0,0.0,0.0,0.0,0.0,0.0,0.0,0.0,0.0,0.0,0.0,0.0,0.0,0.0,0.0,0.0,0.0,0.0,0.0,0.0,0.0,0.0,0.0,0.0,0.0,0.0,0.0,0.0,0.0,0.0,0.0,0.0,0.0,0.0,0.0,0.0,0.0,0.0,0.0,0.0,0.0,0.0,0.0,0.0,0.0,0.0,0.0,0.0,0.0,0.0,0.0,0.0,0.0,0.0,0.0,0.0,0.0,0.0,0.0,0.0,0.0,0.0,0.0,0.0,0.0,0.0,0.0,0.0,0.0,0.0,0.0,0.0,0.0,0.0,0.0,0.0,0.0,0.0,0.0,0.0,0.0,0.0,0.0,0.0,0.0,0.0,0.0,0.0,0.0,0.0,0.0
ENCFF864CRK,0.1681655126550299,49048,267,5454,39389,1447,175514,11980,512,851,589,773,7060,9171,17724,24049,61277,6114,513,8886,9361,152,731,116,37,56,1682,185,7016,38387,4867,275,132,815,4035,3569,50,3661,68,17,14396,14074,172,928,271,40,1049,10237,23690,48,917,2927,3456,562,344,6217,200,397,618,300,1069,2800,610,15632,333,280,126,83,70414,74753,7222,2433,1700,2195,4565,322,2612,1082,1838,2051,495,2410,2494,4744,978,1214,8494,28,2089,1039,38,1216,228,49,2095,2614,19592,275518,12878,237,33644,53100,5364,46488,2331,1487,6100,1917,2320,55,3349,9031,9297,94,8431,34572,4901,64982,1153,4163,4002,12219,1864,82837,2923,8838,4029,895,3173,363,212,31835,25016,197,30475,16204,10768,29233,63,9435,4693,2651,5630,51858,434,211,230,102,54,58,2616,338,685,18046,5034,747,6309,45269,5760,471,2572,784,809,4656,6411,5100,5289,174,302,21,2415,34,4022,1409,1479,139,37,9,1209,1049,2217,16578,8118,56793,4119,51928,53202,25397,39072,22838,49939,419,38943,49490,12872,10332,34710,26333,8674,1681,81,1138,102,1374,2248,211,164,12,103,6401,842,49571,19883,26225,534,306712,55429,4400,34618,37349,1276,825,58238,30066,90704,8998,46881,206,45097,82,638,1068,220,617,2116,359,7609,2715,100,1549,2165,1446,2172,924,5002,3229,224,307,8655,5246,3235,3337,3055,942,1437,1751,780,736,634,462,2787,8753,2684,860,2947,4382,4459,17457,36266,230,4692,3316,2674,1992,1589,1532,2193,1269,103,8973,1044,1866,7140,843,2737,866,7316,2518,2336,1610,2148,291,1012,916,5439,5504,1912,2184,1620,3212,3047,1741,1898,2523,8704,30,52,871,1454,744,1327,16464,252,10834,26,579,278,9839,884,7879,10398,11980,129,4110,291,253,1657,4330,117103,626,2474,3539,1434,37,5671,181,331,880,28014,10630,5709,1805,31,126,137,17,82,1622,1783,2655,1194,4652,1182,1039,2040,70132,681,4586,145159,1047,7777,2290,11050,411,4894,588,159,4668,1875,2140,2233,792,900,334,1557,2629,2133,2317,886,2530,2779,36298,152,18073,3401,68,33372,7933,273,364,14093,744,132,11791,1895,1737,331,6170,2617,24076,4668,825,1670,2390,971,2921,2058,1211,1339,27,1264,18,3110,219,299,217,513,168,1422,984,39783,3857,16176,10575,2463,804,1652,281,35583,131,18220,3032,13243,1477,610,3541,24,50132,9253,16229,69304,4233,22283,598,202,784,1821,881,2508,1755,3333,11073,2223,133,157,2448,81,70,4468,4270,12,191,349,29606,63098,52173,11964,47766,5599,1050,95645,135729,22356,66238,96470,111730,516,231,1734,1598,438,2061,1407,785,446,1062,11636,0.0,0.0,0.0,0.0,0.0,0.0,0.0,0.0,0.0,0.0,0.0,0.0,0.0,0.0,0.0,0.0,0.0,0.0,0.0,0.0,0.0,0.0,0.0,0.0,0.0,0.0,0.0,0.0,0.0,0.0,0.0,0.0,0.0,0.0,0.0,0.0,0.0,0.0,0.0,0.0,0.0,0.0,0.0,0.0,0.0,0.0,0.0,0.0,0.0,0.0,0.0,0.0,0.0,0.0,0.0,0.0,0.0,0.0,0.0,0.0,0.0,0.0,0.0,0.0,0.0,0.0,0.0,0.0,0.0,0.0,0.0,0.0,0.0,0.0,0.0,0.0,0.0,0.0,0.0,0.0,0.0,0.0,0.0,0.0,0.0,0.0,0.0,0.0,0.0,0.0,0.0,0.0,0.0,0.0,0.0,0.0,0.0,0.0,0.0,0.0,0.0,0.0,0.0,0.0,0.0,0.0,0.0,0.0,0.0,0.0,0.0,0.0,0.0,0.0,0.0,0.0,0.0,0.0,0.0,0.0,0.0,0.0,0.0,0.0,0.0,0.0,0.0,0.0,0.0,0.0,0.0,0.0,0.0,0.0,0.0,0.0,0.0,0.0,0.0,0.0,0.0,0.0,0.0,0.0,0.0,0.0,0.0,0.0,0.0,0.0
ENCFF000BJD,0.09505570010896018,18036,40,2113,8249,225,39947,5866,75,252,165,308,1072,1339,2996,3936,8592,1661,331,3030,3432,139,479,82,16,22,402,36,1111,4858,2550,195,112,243,672,508,4,1109,15,3,4849,8030,18,498,11,11,545,2814,4446,5,241,251,319,426,247,5479,110,233,242,89,560,545,78,2454,124,190,18,3,19583,29101,6202,325,147,450,4220,169,416,136,162,244,49,218,450,2722,123,121,1282,8,189,135,11,1191,104,26,1410,308,3170,118610,7141,148,21154,27302,948,26306,1270,148,3955,1101,1150,7,2632,6098,5871,53,2742,30024,900,10593,145,559,739,5936,290,9426,441,4302,1979,592,2357,284,73,24631,6173,13,5369,2863,11761,21456,2,1958,1045,395,2335,7898,147,191,36,104,28,22,1553,180,350,6218,3543,502,2057,8191,790,297,306,640,678,1584,2653,2405,5221,33,125,24,212,28,603,135,2245,1687,2,1,105,1132,328,14355,4898,35261,1120,16122,22349,7758,10849,7378,13899,169,19522,21752,11471,6291,17042,12497,3796,455,6,315,31,118,174,172,79,6,25,2610,100,9493,4703,2850,113,126431,20436,1841,16778,5414,806,2196,21092,8647,20790,1180,33778,109,35094,45,376,520,9,50,305,159,1478,1539,50,140,193,111,217,96,1166,514,276,178,2380,1598,1180,2559,268,85,169,150,64,90,58,525,295,2908,353,103,1466,1084,820,2596,5982,95,1133,2892,502,225,187,108,211,128,169,6121,114,169,3889,95,1135,88,2231,241,264,116,189,667,110,223,809,680,175,200,154,1575,591,160,157,210,1439,4,33,80,117,885,67,11857,40,7659,13,360,143,4305,675,5377,4819,3607,12,1559,41,180,345,3231,21387,483,1597,1191,745,5,1053,118,255,514,8558,2909,1101,1088,36,915,92,7,75,150,329,1596,270,1943,112,141,432,11242,95,818,89315,109,6494,228,1747,201,841,87,9,2116,153,335,421,152,102,128,471,505,249,402,177,379,497,18221,33,5390,1636,15,19757,4922,145,217,4848,486,35,3336,151,3261,224,1556,265,3628,771,316,177,385,131,353,147,1080,129,156,881,10,1461,712,13,159,297,173,198,310,7085,583,2045,1565,331,214,920,32,31623,22,10589,631,10215,886,189,1903,3,17484,5764,5699,27107,934,4129,54,63,85,242,102,339,149,517,2243,279,30,137,260,15,9,3214,3259,1,39,279,17589,23179,16024,3679,23750,3301,266,39144,61650,7845,23419,46617,54970,169,137,173,150,61,182,1302,234,507,379,3711,0.0,0.0,0.0,0.0,0.0,0.0,0.0,0.0,0.0,0.0,0.0,0.0,0.0,0.0,0.0,0.0,0.0,0.0,0.0,0.0,0.0,0.0,0.0,0.0,0.0,0.0,0.0,0.0,0.0,0.0,0.0,0.0,0.0,0.0,0.0,0.0,0.0,0.0,0.0,0.0,0.0,0.0,0.0,0.0,0.0,0.0,0.0,0.0,0.0,0.0,0.0,0.0,0.0,0.0,0.0,0.0,0.0,0.0,0.0,0.0,0.0,0.0,0.0,0.0,0.0,0.0,0.0,0.0,0.0,0.0,0.0,0.0,0.0,0.0,0.0,0.0,0.0,0.0,0.0,0.0,0.0,0.0,0.0,0.0,0.0,0.0,0.0,0.0,0.0,0.0,0.0,0.0,0.0,0.0,0.0,0.0,0.0,0.0,0.0,0.0,0.0,0.0,0.0,0.0,0.0,0.0,0.0,0.0,0.0,0.0,0.0,0.0,0.0,0.0,0.0,0.0,0.0,0.0,0.0,0.0,0.0,0.0,0.0,0.0,0.0,0.0,0.0,0.0,0.0,0.0,0.0,0.0,0.0,0.0,0.0,0.0,0.0,0.0,0.0,0.0,0.0,0.0,0.0,0.0,0.0,0.0,0.0,0.0,0.0,0.0
ENCFF003PTJ,0.07901770038894879,278787,3293,15272,96351,2343,236569,18543,900,1414,852,2122,10438,12936,33574,60998,68515,11173,1190,20926,17184,457,2020,235,272,178,2791,19128,9966,64958,10002,745,1198,1590,5780,5020,617,5861,70,208,24613,30139,320,2418,233,939,1692,17110,78850,2789,1434,3158,4179,1164,1076,18156,508,888,1270,530,1893,4970,2887,47511,3542,2146,5175,373,176456,218795,19462,3216,2039,7109,14475,869,3631,1448,2307,2665,590,2934,3256,10325,1327,1615,11157,37,2616,1518,50,3323,723,119,5835,4579,89463,519804,31667,441,84547,118873,7673,104246,6062,1803,14623,4551,4999,79,8990,23504,21987,674,14737,92955,9591,132334,2026,7996,7847,25699,3597,179115,4909,18476,8586,2349,6822,826,299,80218,42303,11567,83394,31529,37379,75874,3143,14803,11977,3528,12493,135150,1507,2697,377,329,117,101,6089,802,2050,31964,13754,1837,14972,103596,12370,1132,3301,4529,5425,9264,13292,12053,16652,289,345,197,2973,31,5706,1840,7648,4645,447,78,2377,1948,2905,45535,20297,133605,6918,87163,98427,47283,90245,42855,85578,667,85533,100568,41257,26044,72209,57856,22271,3065,4202,2654,908,1456,2599,498,197,104,141,13946,1815,126221,39587,33546,892,960657,130433,13589,93820,92484,3070,3071,137035,68995,208208,14809,140200,968,119484,85,998,2713,672,857,2803,677,11276,6083,88,1918,2856,1671,2562,1240,7378,4167,1268,623,13248,8471,5820,7604,3353,968,1830,2187,942,1016,791,1705,3298,19359,3952,1076,6046,7486,6652,48917,168546,11111,6516,9982,3894,2465,1928,1804,2762,1645,631,23010,1299,2421,14047,1041,4520,1121,12250,3116,3019,1575,2728,967,1279,2511,7211,7284,2247,2905,2178,6769,4490,2303,2249,2779,12896,69,149,1067,1787,1254,789,40756,426,27448,88,1551,270,17444,2008,21114,22253,23175,110,7911,334,450,6601,11562,249011,2489,6991,6591,3164,1043,9272,582,1608,2212,50598,24597,10145,3664,112,667,358,61,97,2053,5074,8205,1674,11945,1504,1418,5808,140417,1849,6527,372510,2068,16806,2974,16314,20148,8460,917,7559,26871,2272,2873,2995,1185,1220,884,87796,3514,2521,3189,1703,3581,3801,73945,194,30347,6558,111,77653,20415,91,758,21872,2302,73,19622,2303,4101,715,9542,3215,58845,11624,3520,2776,3207,1339,3275,2372,3671,3141,105,3037,78,6003,674,281,445,2789,3436,3063,3436,132346,6764,31240,21373,4617,1945,3257,668,97530,1849,43431,7939,34003,3509,1092,8105,131,100177,20131,31796,141990,14689,55827,1166,1199,1003,3574,3115,3305,2051,5323,27142,2975,125,2115,3138,95,122,11230,10159,100,3958,427,69607,138757,98648,27781,107490,12913,2001,231800,288692,45222,133635,216540,248987,759,524,2317,2029,643,2546,3669,820,1308,1895,20609,0.0,0.0,0.0,0.0,0.0,0.0,0.0,0.0,0.0,0.0,0.0,0.0,0.0,0.0,0.0,0.0,0.0,0.0,0.0,0.0,0.0,0.0,0.0,0.0,0.0,0.0,0.0,0.0,0.0,0.0,0.0,0.0,0.0,0.0,0.0,0.0,0.0,0.0,0.0,0.0,0.0,0.0,0.0,0.0,0.0,0.0,0.0,0.0,0.0,0.0,0.0,0.0,0.0,0.0,0.0,0.0,0.0,0.0,0.0,0.0,0.0,0.0,0.0,0.0,0.0,0.0,0.0,0.0,0.0,0.0,0.0,0.0,0.0,0.0,0.0,0.0,0.0,0.0,0.0,0.0,0.0,0.0,0.0,0.0,0.0,0.0,0.0,0.0,0.0,0.0,0.0,0.0,0.0,0.0,0.0,0.0,0.0,0.0,0.0,0.0,0.0,0.0,0.0,0.0,0.0,0.0,0.0,0.0,0.0,0.0,0.0,0.0,0.0,0.0,0.0,0.0,0.0,0.0,0.0,0.0,0.0,0.0,0.0,0.0,0.0,0.0,0.0,0.0,0.0,0.0,0.0,0.0,0.0,0.0,0.0,0.0,0.0,0.0,0.0,0.0,0.0,0.0,0.0,0.0,0.0,0.0,0.0,0.0,0.0,0.0
ENCFF665WBA,0.05525304356326883,10928,40,161,1460,13,2284,232,9,12,8,36,135,126,332,703,653,115,19,259,206,3,19,2,0,2,30,1102,148,900,118,5,46,15,76,87,36,62,0,6,276,335,2,26,3,12,28,211,1026,150,9,40,60,10,12,211,5,10,13,3,21,69,34,514,26,54,265,3,2002,1863,217,48,34,241,197,8,42,26,26,38,8,38,50,124,15,28,153,2,36,28,2,44,4,0,68,56,951,5831,342,8,889,1303,99,1126,66,27,156,53,69,0,94,239,244,8,164,1027,90,1094,19,65,79,314,25,1576,60,220,93,23,64,14,4,828,404,639,985,269,457,802,184,173,148,50,194,1780,17,136,5,8,0,0,64,8,26,392,139,23,163,1510,138,12,53,42,52,99,146,124,179,2,5,5,34,1,67,24,81,172,22,0,56,21,39,486,223,1618,95,970,1027,582,1192,551,1034,7,1016,1200,378,298,807,642,241,30,239,33,12,21,43,6,3,2,0,147,9,1608,470,294,14,10510,1463,233,1010,947,48,25,1620,821,2493,133,1412,11,1258,0,20,35,6,17,34,14,164,69,3,26,26,21,30,8,107,54,25,15,146,104,92,100,48,14,27,31,13,12,10,19,51,233,44,19,65,86,99,603,2285,664,86,122,63,37,30,24,37,22,3,229,22,34,162,17,70,16,160,44,43,31,40,24,16,59,89,82,24,32,21,80,50,29,36,30,173,0,2,21,20,16,9,449,2,321,1,16,3,190,15,215,252,310,0,99,3,5,78,114,2914,69,165,85,47,43,136,6,11,32,662,275,113,38,1,4,4,1,0,23,64,98,23,127,17,15,80,1944,54,80,4012,26,184,33,212,1030,119,10,374,1049,31,43,46,11,8,24,4415,53,46,38,26,45,57,862,1,348,90,1,856,239,6,8,227,19,1,266,23,51,11,143,29,888,160,153,43,40,19,36,34,51,45,1,37,0,58,9,5,8,135,20,23,36,1282,54,422,209,43,14,29,5,1095,106,449,219,362,41,15,99,0,1233,237,386,1730,174,704,33,13,18,106,41,53,31,54,293,45,1,65,40,2,0,121,103,0,248,3,752,1566,1124,340,1153,167,21,2571,3300,505,1499,2489,2772,7,4,14,21,8,32,34,12,19,15,236,0.0,0.0,0.0,0.0,0.0,0.0,0.0,0.0,0.0,0.0,0.0,0.0,0.0,0.0,0.0,0.0,0.0,0.0,0.0,0.0,0.0,0.0,0.0,0.0,0.0,0.0,0.0,0.0,0.0,0.0,0.0,0.0,0.0,0.0,0.0,0.0,0.0,0.0,0.0,0.0,0.0,0.0,0.0,0.0,0.0,0.0,0.0,0.0,0.0,0.0,0.0,0.0,0.0,0.0,0.0,0.0,0.0,0.0,0.0,0.0,0.0,0.0,0.0,0.0,0.0,0.0,0.0,0.0,0.0,0.0,0.0,0.0,0.0,0.0,0.0,0.0,0.0,0.0,0.0,0.0,0.0,0.0,0.0,0.0,0.0,0.0,0.0,0.0,0.0,0.0,0.0,0.0,0.0,0.0,0.0,0.0,0.0,0.0,0.0,0.0,0.0,0.0,0.0,0.0,0.0,0.0,0.0,0.0,0.0,0.0,0.0,0.0,0.0,0.0,0.0,0.0,0.0,0.0,0.0,0.0,0.0,0.0,0.0,0.0,0.0,0.0,0.0,0.0,0.0,0.0,0.0,0.0,0.0,0.0,0.0,0.0,0.0,0.0,0.0,0.0,0.0,0.0,0.0,0.0,0.0,0.0,0.0,0.0,0.0,0.0
ENCFF000CDS,0.09126660781246766,24525,35,1764,6588,240,22230,4616,205,205,171,292,859,986,2360,3440,5106,1676,320,2486,3202,215,558,39,17,0,362,8,886,4265,2758,251,102,212,430,399,13,930,1,2,5193,9712,24,649,12,13,307,2204,3650,0,368,287,307,280,465,10194,110,242,264,24,324,461,162,2352,126,49,8,21,18945,26153,9793,213,158,413,7987,141,346,125,169,253,53,229,333,3549,90,172,847,0,144,158,0,981,60,29,786,342,3161,110579,8803,52,23691,34844,746,30757,324,102,5334,1613,1182,0,2723,7266,7231,14,3779,26228,594,11511,74,418,600,5314,166,10216,412,7356,1998,515,3147,217,42,29878,3536,21,5008,2549,22460,27525,0,1698,748,396,3997,8666,117,162,17,60,16,76,1446,323,390,7658,3570,610,2062,6334,1020,350,271,914,878,2002,2742,2409,9078,162,23,1,180,1,382,123,1031,287,0,0,86,355,272,13781,4860,33904,1022,14614,21210,6825,9108,8979,13560,106,17596,20035,11361,6819,24205,12725,2542,503,0,280,46,170,172,80,12,0,2,2866,96,7894,4423,2523,14,122880,18400,2020,16835,5171,709,349,20759,7714,20028,859,34036,55,37038,21,295,419,27,63,241,232,2163,2294,1,144,281,161,181,98,877,366,1677,154,2051,2525,1205,6322,355,90,96,170,78,102,63,1280,288,4031,324,104,961,843,689,2524,7005,85,970,5097,506,223,170,119,202,130,1198,7575,118,186,5122,82,702,142,2809,245,234,138,186,670,60,212,752,599,179,194,168,2660,666,201,232,194,1278,18,0,58,176,737,69,12209,24,8883,0,382,107,3909,1465,6432,8172,4722,0,1303,25,93,273,4157,19682,414,1147,2695,686,0,914,123,352,690,8441,2003,993,897,2,24,39,15,18,146,320,1497,146,2005,77,93,696,9193,100,617,94438,104,4798,252,1366,230,875,71,26,2185,156,229,243,56,102,125,594,331,218,262,202,268,303,16690,12,7581,1391,9,32568,10879,0,154,3812,403,11,2904,173,1074,278,1123,219,2851,631,414,191,259,111,327,228,2464,237,1,661,0,4424,93,3,160,263,86,115,203,5929,396,1999,1751,312,253,693,20,35774,43,11357,856,11282,993,112,1736,6,19650,4598,5067,32010,1233,3477,85,64,60,177,87,288,179,1127,1516,269,23,172,256,0,20,3094,3485,0,5,74,17630,25400,21511,3403,24028,3010,168,32888,70862,13938,22623,45565,57612,172,138,170,138,61,202,1797,286,367,363,3757,0.0,0.0,0.0,0.0,0.0,0.0,0.0,0.0,0.0,0.0,0.0,0.0,0.0,0.0,0.0,0.0,0.0,0.0,0.0,0.0,0.0,0.0,0.0,0.0,0.0,0.0,0.0,0.0,0.0,0.0,0.0,0.0,0.0,0.0,0.0,0.0,0.0,0.0,0.0,0.0,0.0,0.0,0.0,0.0,0.0,0.0,0.0,0.0,0.0,0.0,0.0,0.0,0.0,0.0,0.0,0.0,0.0,0.0,0.0,0.0,0.0,0.0,0.0,0.0,0.0,0.0,0.0,0.0,0.0,0.0,0.0,0.0,0.0,0.0,0.0,0.0,0.0,0.0,0.0,0.0,0.0,0.0,0.0,0.0,0.0,0.0,0.0,0.0,0.0,0.0,0.0,0.0,0.0,0.0,0.0,0.0,0.0,0.0,0.0,0.0,0.0,0.0,0.0,0.0,0.0,0.0,0.0,0.0,0.0,0.0,0.0,0.0,0.0,0.0,0.0,0.0,0.0,0.0,0.0,0.0,0.0,0.0,0.0,0.0,0.0,0.0,0.0,0.0,0.0,0.0,0.0,0.0,0.0,0.0,0.0,0.0,0.0,0.0,0.0,0.0,0.0,0.0,0.0,0.0,0.0,0.0,0.0,0.0,0.0,0.0
ENCFF990AOS,0.1623348553754698,129400,926,5002,35889,414,66010,7572,369,393,348,1162,4459,2936,6128,19847,22938,3187,585,7090,6571,249,960,100,104,121,1127,8652,3360,32864,4816,376,451,626,1786,1679,228,2220,36,124,10200,14042,80,785,57,345,736,6524,22497,1268,571,949,1342,547,625,9331,210,490,475,283,936,2376,470,13729,248,815,2521,399,54032,55724,10153,1096,691,2899,7590,353,1266,500,815,913,222,951,1198,4691,486,511,3715,32,830,536,38,1826,311,61,1964,1333,16459,213566,13478,130,35067,50608,2816,43514,1206,651,6795,2158,2282,20,4251,10510,11433,240,5133,40600,2147,22659,257,1071,1636,10264,487,28606,1333,7331,3620,1341,3732,427,179,39811,9119,5891,24161,6465,16737,34687,1426,5234,4020,1174,5586,44642,616,1488,68,158,50,36,2925,408,1508,11882,6188,787,4969,36937,3258,549,1153,2189,2355,3787,4876,4264,8431,70,269,78,934,36,1845,576,2154,3235,147,7,1084,935,1069,19091,9067,55956,2555,30896,37615,16197,30566,15008,29553,353,34294,39427,13265,11551,29609,23361,8223,1050,1945,1034,86,463,921,214,69,39,107,4894,268,42857,12687,8109,436,353173,46438,5310,34044,23979,1684,793,47507,22718,63631,2670,54745,148,56511,65,435,1423,732,296,996,272,4107,2757,92,660,964,574,931,408,2609,1420,622,293,5296,3393,2354,3859,1151,322,619,712,371,355,257,756,1045,6062,1185,343,1919,2412,2231,13349,32099,4807,2437,4418,1405,828,658,618,956,539,293,11311,499,846,6462,379,1709,384,4800,1034,980,539,935,638,433,719,2529,2271,765,917,754,2971,1669,782,730,936,3975,38,32,405,574,576,265,19204,224,12756,26,644,88,7889,1074,9739,8040,8975,33,3381,111,289,2315,4866,63519,1325,3091,2495,1413,448,2849,292,372,1078,17896,8558,5735,1819,34,223,137,19,40,650,1241,2809,618,4166,472,485,2817,48249,692,2359,149142,780,7169,993,5830,9758,2817,304,4186,12977,753,1076,1125,354,417,405,46566,1203,977,1073,541,1166,1371,31356,80,12418,2901,35,33679,8818,30,454,6810,1227,50,7447,827,1717,412,3430,1152,13791,3029,2201,747,1111,405,1240,901,1692,1163,35,1249,31,2338,468,38,208,1341,1413,533,1119,32950,957,9051,4772,790,579,1054,203,47066,723,20687,3134,16083,1786,340,3358,101,38118,7020,12699,56800,2246,17813,336,535,355,1371,950,1206,710,1737,11487,985,57,1147,968,50,46,5424,5247,49,1799,212,31797,48529,33974,8970,43858,5205,726,75688,109928,14868,48364,79084,98277,296,242,706,682,250,832,2173,378,597,923,7408,0.0,0.0,0.0,0.0,0.0,0.0,0.0,0.0,0.0,0.0,0.0,0.0,0.0,0.0,0.0,0.0,0.0,0.0,0.0,0.0,0.0,0.0,0.0,0.0,0.0,0.0,0.0,0.0,0.0,0.0,0.0,0.0,0.0,0.0,0.0,0.0,0.0,0.0,0.0,0.0,0.0,0.0,0.0,0.0,0.0,0.0,0.0,0.0,0.0,0.0,0.0,0.0,0.0,0.0,0.0,0.0,0.0,0.0,0.0,0.0,0.0,0.0,0.0,0.0,0.0,0.0,0.0,0.0,0.0,0.0,0.0,0.0,0.0,0.0,0.0,0.0,0.0,0.0,0.0,0.0,0.0,0.0,0.0,0.0,0.0,0.0,0.0,0.0,0.0,0.0,0.0,0.0,0.0,0.0,0.0,0.0,0.0,0.0,0.0,0.0,0.0,0.0,0.0,0.0,0.0,0.0,0.0,0.0,0.0,0.0,0.0,0.0,0.0,0.0,0.0,0.0,0.0,0.0,0.0,0.0,0.0,0.0,0.0,0.0,0.0,0.0,0.0,0.0,0.0,0.0,0.0,0.0,0.0,0.0,0.0,0.0,0.0,0.0,0.0,0.0,0.0,0.0,0.0,0.0,0.0,0.0,0.0,0.0,0.0,0.0
ENCFF987HYN,0.07319044355784328,390606,5774,2816,500,0,2890,922,11,47,33,624,237,104,76,21,8,316,94,334,961,31,155,4,2,52,75,51386,334,53,638,47,42,55,271,195,6,287,0,0,2126,1676,43,59,0,790,56,626,8,695,73,169,143,34,215,32448,0,56,6,0,157,88,0,0,3,0,5979,0,4410,33913,5535,136,86,292,1530,18,155,36,96,115,15,64,222,371,19,41,334,17,64,43,0,320,0,0,146,35,1,28397,1926,4,15279,5965,248,5439,268,38,684,247,219,0,5398,3513,2517,281,1543,22496,13,982,0,0,11,1010,0,44,94,1598,643,29,310,15,1,4879,175,47188,27,43,2219,11297,3322,1764,173,152,598,200,8,4905,0,15,10,1,293,82,9,1845,672,40,286,188,25,70,174,190,98,264,328,447,7513,2,0,0,91,0,97,32,5438,101,0,0,20,31,202,5547,1026,10398,232,1867,3417,1951,657,2174,4177,23,6075,6656,2640,2563,8389,47163,867,104,122,4,0,59,98,13,0,2,1,731,0,638,422,74,0,436228,3400,964,3716,160,129,150,3224,1383,1865,11,12775,1,10230,3,12,215,0,24,110,70,565,375,0,39,48,53,107,25,405,157,909,11,689,518,161,4015,112,36,57,99,22,13,9,464,72,777,27,23,154,368,198,267,40,100461,310,2501,157,102,91,82,94,29,58,2562,34,88,1340,19,333,26,513,98,124,58,88,37,40,54,206,173,82,74,41,485,216,72,40,97,278,8,0,28,78,77,0,6095,34,3460,25,29,6,620,65,3386,2108,799,0,345,1,2,0,417,5810,890,517,3097,187,1,273,23,18,317,1618,429,149,179,3,258,0,0,0,55,1,601,145,853,37,25,41,138,124,185,24631,380,1388,78,632,38739,190,16,877,7051,56,192,171,15,15,14,108762,187,134,153,68,132,134,4191,40,1675,852,0,10138,1678,0,91,738,319,0,543,73,88,38,620,90,61,19,16456,52,136,37,128,111,254,38,0,332,0,219,25,24,5,17742,40,0,11,123,0,251,59,3,94,647,35,9657,11929,4970,103,1607,228,5,457,0,7351,1018,1911,12525,49,155,6,0,21,81,1246,152,83,66,31,115,0,49,63,0,0,730,562,0,8861,4,3839,4941,3619,540,3793,1364,37,5287,14557,1280,4226,14188,9775,6,157,38,42,29,69,100,26,283,85,1257,0.0,0.0,0.0,0.0,0.0,0.0,0.0,0.0,0.0,0.0,0.0,0.0,0.0,0.0,0.0,0.0,0.0,0.0,0.0,0.0,0.0,0.0,0.0,0.0,0.0,0.0,0.0,0.0,0.0,0.0,0.0,0.0,0.0,0.0,0.0,0.0,0.0,0.0,0.0,0.0,0.0,0.0,0.0,0.0,0.0,0.0,0.0,0.0,0.0,0.0,0.0,0.0,0.0,0.0,0.0,0.0,0.0,0.0,0.0,0.0,0.0,0.0,0.0,0.0,0.0,0.0,0.0,0.0,0.0,0.0,0.0,0.0,0.0,0.0,0.0,0.0,0.0,0.0,0.0,0.0,0.0,0.0,0.0,0.0,0.0,0.0,0.0,0.0,0.0,0.0,0.0,0.0,0.0,0.0,0.0,0.0,0.0,0.0,0.0,0.0,0.0,0.0,0.0,0.0,0.0,0.0,0.0,0.0,0.0,0.0,0.0,0.0,0.0,0.0,0.0,0.0,0.0,0.0,0.0,0.0,0.0,0.0,0.0,0.0,0.0,0.0,0.0,0.0,0.0,0.0,0.0,0.0,0.0,0.0,0.0,0.0,0.0,0.0,0.0,0.0,0.0,0.0,0.0,0.0,0.0,0.0,0.0,0.0,0.0,0.0
ENCFF000YZX,0.1656373299276447,23736,108,1854,20954,389,58136,4350,139,226,169,430,1867,1620,3753,11004,14247,1754,271,3622,4231,122,447,57,55,50,534,433,1488,11214,2277,132,93,265,929,776,14,1134,16,51,4876,6140,22,347,14,23,363,2880,9664,74,270,536,664,279,226,4083,77,214,387,108,567,859,150,5321,137,158,125,70,23579,31120,4560,522,320,625,3244,185,602,233,372,415,113,499,595,2088,193,233,1699,8,381,235,11,760,100,21,1157,595,8904,105347,6333,82,17724,23502,1301,21600,2537,303,3104,950,1193,24,1801,5047,5193,105,2805,19787,1249,16953,279,1027,1084,5053,455,21316,653,4012,2096,423,1510,226,84,18223,6548,364,8569,3642,8032,17290,64,2416,2303,552,1971,22225,276,161,79,74,12,19,1264,172,639,6921,2877,424,2188,20203,1468,237,501,997,797,1764,3017,2925,3882,63,51,30,468,24,816,265,1106,2557,15,6,251,426,515,10530,4223,25811,1192,16316,20129,8312,15024,7115,15177,152,16865,19147,6489,5545,14027,10927,3566,447,100,624,36,255,431,99,38,15,47,2510,146,17250,6161,4248,167,129292,31374,1833,15601,10044,690,1440,21717,11584,30052,2817,30493,123,32832,28,208,547,157,129,458,156,2013,1259,98,295,387,268,417,193,1209,751,159,143,2483,1589,1094,1821,562,137,328,316,158,172,110,291,492,2709,774,161,1266,1206,1065,3891,8363,301,1180,2294,626,388,329,284,455,248,68,4605,236,391,2902,180,799,195,2084,475,463,268,400,187,234,304,1096,1098,370,413,355,1342,789,350,428,417,1860,16,22,172,253,407,213,9902,153,6416,17,301,48,3631,467,4837,4253,4409,17,1528,121,108,988,4080,44110,390,1289,1147,606,25,1398,103,139,413,8992,4399,2087,846,57,185,74,10,33,330,988,1511,293,2166,223,234,671,25334,162,1006,77688,266,4608,464,2612,496,1219,147,182,2514,389,507,576,182,173,119,2661,551,464,589,337,647,684,14402,80,5244,1313,31,16452,4096,33,194,3679,520,39,3237,368,1206,186,1973,561,7780,1372,309,374,558,205,567,453,925,403,18,591,41,1287,105,42,132,228,286,367,407,19617,1060,4179,2859,634,283,897,265,29425,59,9152,854,7719,951,176,1703,49,18715,5172,6067,27331,921,6425,117,211,166,433,230,533,323,717,4570,504,24,149,483,38,26,2662,2495,7,93,108,14260,21636,15915,3781,21414,2509,235,36011,51290,7128,21957,37262,47463,129,81,371,348,94,397,945,208,254,403,4215,0.0,0.0,0.0,0.0,0.0,0.0,0.0,0.0,0.0,0.0,0.0,0.0,0.0,0.0,0.0,0.0,0.0,0.0,0.0,0.0,0.0,0.0,0.0,0.0,0.0,0.0,0.0,0.0,0.0,0.0,0.0,0.0,0.0,0.0,0.0,0.0,0.0,0.0,0.0,0.0,0.0,0.0,0.0,0.0,0.0,0.0,0.0,0.0,0.0,0.0,0.0,0.0,0.0,0.0,0.0,0.0,0.0,0.0,0.0,0.0,0.0,0.0,0.0,0.0,0.0,0.0,0.0,0.0,0.0,0.0,0.0,0.0,0.0,0.0,0.0,0.0,0.0,0.0,0.0,0.0,0.0,0.0,0.0,0.0,0.0,0.0,0.0,0.0,0.0,0.0,0.0,0.0,0.0,0.0,0.0,0.0,0.0,0.0,0.0,0.0,0.0,0.0,0.0,0.0,0.0,0.0,0.0,0.0,0.0,0.0,0.0,0.0,0.0,0.0,0.0,0.0,0.0,0.0,0.0,0.0,0.0,0.0,0.0,0.0,0.0,0.0,0.0,0.0,0.0,0.0,0.0,0.0,0.0,0.0,0.0,0.0,0.0,0.0,0.0,0.0,0.0,0.0,0.0,0.0,0.0,0.0,0.0,0.0,0.0,0.0
ENCFF000WPB,0.1402459307217763,11255,54,1238,3706,118,12773,1484,41,85,60,154,711,671,1416,1538,3782,687,105,1309,1766,62,185,28,16,16,116,166,528,3061,1076,82,46,124,289,232,5,362,4,1,2019,3002,10,218,7,21,116,1026,2299,34,112,117,201,106,129,3189,40,92,89,25,195,267,45,1463,60,143,48,11,8740,12272,2510,155,95,185,28438,47,169,64,104,116,22,122,190,1222,54,72,526,3,118,66,4,410,1170,50,1004,170,1444,48136,3443,26,9602,11860,442,10107,526,94,1790,666,476,2,890,2624,1993,38,1123,10834,449,4904,95,385,387,2298,191,4464,172,1692,878,234,942,144,51,47408,2762,103,2022,1356,50620,8283,31,778,524,163,840,4218,169,89,23,49,15,15,512,102,162,2961,1537,195,1036,3469,447,140,163,366,340,617,1188,1232,3118,10,24,13,134,5,265,84,560,323,4,1,75,156,139,5186,2007,11015,480,7583,8577,3099,4746,3190,6698,53,7526,8882,2663,2999,7018,4920,1531,204,26,179,11,57,128,52,20,12,11,929,40,4402,2306,1843,52,56209,8296,744,6754,2920,251,361,8915,3923,9901,659,13058,50,13110,16,89,151,49,36,141,64,679,739,6,75,142,91,124,67,429,224,429,42,846,878,385,1485,146,43,92,94,49,46,44,264,140,1124,191,58,623,428,328,1503,2779,150,377,1483,208,115,102,70,124,70,283,2076,77,100,1665,56,314,62,851,148,133,71,132,438,59,106,328,391,95,120,102,1029,338,100,105,113,556,6,10,64,83,102,41,4694,19,3375,10,148,32,1410,280,2501,1827,1457,8,535,17,70,414,1249,10531,149,495,544,262,7,469,58,66,174,3286,1267,556,337,41,108,36,5,15,104,230,708,87,957,69,85,356,4815,60,329,41183,98,1649,116,790,257,448,46,84,1149,123,146,161,100,56,63,946,165,124,165,76,165,182,6241,23,2091,602,11,8751,4766,4,63,1314,204,16,1183,95,357,81,524,180,1952,376,148,116,169,75,161,110,653,101,3,284,2,468,12,17,68,112,108,155,148,3110,391,1260,856,193,96,383,37,16696,26,4183,335,3774,361,84,730,13,7733,1787,2258,11498,392,2097,67,114,67,131,89,143,111,253,1255,133,3,64,116,3,10,1111,1191,8,36,51,6966,10229,7929,1588,10248,1234,103,14295,25667,3750,10177,17812,21764,65,53,94,86,32,103,420,75,163,157,1491,0.0,0.0,0.0,0.0,0.0,0.0,0.0,0.0,0.0,0.0,0.0,0.0,0.0,0.0,0.0,0.0,0.0,0.0,0.0,0.0,0.0,0.0,0.0,0.0,0.0,0.0,0.0,0.0,0.0,0.0,0.0,0.0,0.0,0.0,0.0,0.0,0.0,0.0,0.0,0.0,0.0,0.0,0.0,0.0,0.0,0.0,0.0,0.0,0.0,0.0,0.0,0.0,0.0,0.0,0.0,0.0,0.0,0.0,0.0,0.0,0.0,0.0,0.0,0.0,0.0,0.0,0.0,0.0,0.0,0.0,0.0,0.0,0.0,0.0,0.0,0.0,0.0,0.0,0.0,0.0,0.0,0.0,0.0,0.0,0.0,0.0,0.0,0.0,0.0,0.0,0.0,0.0,0.0,0.0,0.0,0.0,0.0,0.0,0.0,0.0,0.0,0.0,0.0,0.0,0.0,0.0,0.0,0.0,0.0,0.0,0.0,0.0,0.0,0.0,0.0,0.0,0.0,0.0,0.0,0.0,0.0,0.0,0.0,0.0,0.0,0.0,0.0,0.0,0.0,0.0,0.0,0.0,0.0,0.0,0.0,0.0,0.0,0.0,0.0,0.0,0.0,0.0,0.0,0.0,0.0,0.0,0.0,0.0,0.0,0.0
ENCFF000WWF,0.06645085565870835,3644,36,338,3422,46,7315,847,50,85,27,119,328,588,1098,1468,3196,481,62,658,604,32,94,14,9,8,113,69,332,2020,435,39,28,35,205,248,5,280,0,11,1172,1356,3,74,3,15,162,713,2119,8,89,94,139,44,58,773,16,25,44,30,80,180,40,1117,58,71,21,18,4847,4470,842,117,71,104,751,28,179,76,94,102,24,90,147,388,55,39,375,0,91,62,1,156,38,4,158,147,1250,17681,1171,10,3171,4569,382,3967,166,55,519,209,218,0,302,853,875,41,597,3326,338,2481,47,191,201,993,88,3010,160,676,346,96,385,42,10,3369,1752,45,2331,1113,1508,2991,8,503,378,151,388,4283,84,30,11,9,8,2,254,27,122,1107,543,87,528,3345,409,39,129,224,259,330,525,489,737,32,21,6,107,4,186,65,419,742,2,0,40,112,150,1580,716,4702,234,3237,3385,1522,2757,1485,2805,40,2984,3576,1058,990,2962,2044,1105,98,20,91,7,61,85,34,12,4,2,422,47,3436,1223,1802,30,36977,3927,333,3213,2535,120,79,4473,2012,5722,504,5018,18,4950,6,23,145,91,39,106,36,360,252,3,73,110,60,108,60,315,207,19,43,449,418,212,343,127,24,62,70,60,47,30,62,130,602,153,29,211,313,229,1274,1969,44,285,392,159,102,71,53,95,63,9,1274,59,72,603,37,192,54,383,109,128,48,106,21,68,60,229,269,96,98,72,275,134,77,81,87,352,0,3,38,54,49,17,1502,13,1101,3,60,5,733,95,874,761,874,3,293,10,22,205,414,7308,88,282,259,118,2,330,12,57,75,1593,742,409,159,2,23,14,1,7,68,133,280,161,363,51,55,138,5025,46,202,12963,65,699,119,763,82,287,32,24,363,83,137,138,77,42,18,332,164,132,146,54,148,165,2942,8,1037,303,4,2979,757,2,28,633,220,3,691,92,173,30,388,118,1878,403,57,96,150,37,120,78,142,109,1,111,4,241,21,3,23,38,88,86,79,2932,193,999,529,140,70,121,33,4292,11,1667,188,1312,160,33,312,6,3612,698,1197,4610,220,1807,29,57,41,87,54,129,69,210,650,117,2,30,145,1,7,482,500,3,18,24,2807,4066,3112,758,3661,513,113,7152,9410,1334,4195,7167,8587,49,34,85,133,47,103,191,41,61,72,725,0.0,0.0,0.0,0.0,0.0,0.0,0.0,0.0,0.0,0.0,0.0,0.0,0.0,0.0,0.0,0.0,0.0,0.0,0.0,0.0,0.0,0.0,0.0,0.0,0.0,0.0,0.0,0.0,0.0,0.0,0.0,0.0,0.0,0.0,0.0,0.0,0.0,0.0,0.0,0.0,0.0,0.0,0.0,0.0,0.0,0.0,0.0,0.0,0.0,0.0,0.0,0.0,0.0,0.0,0.0,0.0,0.0,0.0,0.0,0.0,0.0,0.0,0.0,0.0,0.0,0.0,0.0,0.0,0.0,0.0,0.0,0.0,0.0,0.0,0.0,0.0,0.0,0.0,0.0,0.0,0.0,0.0,0.0,0.0,0.0,0.0,0.0,0.0,0.0,0.0,0.0,0.0,0.0,0.0,0.0,0.0,0.0,0.0,0.0,0.0,0.0,0.0,0.0,0.0,0.0,0.0,0.0,0.0,0.0,0.0,0.0,0.0,0.0,0.0,0.0,0.0,0.0,0.0,0.0,0.0,0.0,0.0,0.0,0.0,0.0,0.0,0.0,0.0,0.0,0.0,0.0,0.0,0.0,0.0,0.0,0.0,0.0,0.0,0.0,0.0,0.0,0.0,0.0,0.0,0.0,0.0,0.0,0.0,0.0,0.0
ENCFF496SEN,0.14397443191180476,63785,252,3543,56858,670,173319,8723,494,305,295,543,5272,2133,10603,36740,32481,2313,804,6718,5987,110,683,29,67,85,1589,3568,5154,43114,3786,171,80,659,3330,3082,52,3202,26,1,8641,10762,71,479,68,59,905,8768,35670,307,923,2406,2533,358,211,5050,114,378,273,145,747,2270,1085,21848,737,357,961,57,62250,55113,5325,2137,1262,3113,4696,234,2355,1106,1391,1610,436,2120,2081,3287,815,1390,6723,11,1511,1327,15,913,343,43,1327,2102,32339,173795,9546,167,25382,38204,4295,32753,2200,1196,4140,1335,1689,38,3109,6915,7427,100,5748,32212,2393,58145,265,1324,1773,7918,577,94055,2347,6117,2272,400,2174,234,49,26155,9577,1556,39946,9800,9920,26909,589,6382,7044,2117,4274,58204,242,404,183,96,42,50,2078,448,372,11252,3746,345,5330,58727,5119,371,2114,1115,795,3281,3983,3654,5099,41,69,62,1974,35,2589,1135,889,247,17,30,920,644,2000,12583,6216,42993,3649,28952,39273,18310,47197,19344,36601,246,28079,35435,10061,9269,28432,19499,6055,1190,443,1265,56,1310,2064,142,27,24,42,4465,140,78347,15227,9001,433,225881,48630,5117,30123,35539,1079,494,46163,22308,80273,3230,37723,127,35432,19,330,776,23,571,1558,265,6814,2837,30,1408,1441,1194,1817,853,4037,2380,165,198,7660,4561,2479,2828,2844,725,1435,1465,809,574,406,325,2294,6388,1527,655,1855,3941,3253,16312,78947,3211,3974,3164,1999,1511,1171,1168,1723,1019,53,7802,1011,2500,5614,556,2364,1026,5391,2504,1878,1473,1765,177,904,769,4444,3692,1427,1703,1504,2910,2704,2041,1286,2088,6342,37,40,723,1408,483,569,13754,137,8647,23,349,50,7080,713,7453,7309,10250,39,3170,70,59,1505,3401,109645,689,1968,3197,1312,137,3862,172,649,1373,22860,9094,4697,1365,28,129,70,21,53,1216,1549,2720,1163,4838,1197,814,3016,79981,454,3011,114843,780,6966,1856,10454,4218,3693,518,929,5192,1528,1807,1832,776,622,260,21325,2400,1705,1903,708,2033,2161,27616,24,19197,1534,33,27001,8573,30,437,6624,977,44,10766,1296,858,147,5395,1859,26312,4171,811,1253,1934,1011,1520,1605,1068,1031,22,944,32,2565,85,52,89,363,354,333,1089,46454,1498,13107,6538,1135,697,670,241,27551,170,14564,2211,10236,1394,138,2607,7,35197,6558,11535,47597,3544,25642,278,242,659,1826,866,1609,1440,1985,8905,1675,14,212,2089,38,44,3215,3202,11,330,115,27522,49129,39536,10108,34287,4755,954,83815,102310,16385,48864,80706,85281,270,108,1252,1229,439,1664,741,397,229,767,8007,0.0,0.0,0.0,0.0,0.0,0.0,0.0,0.0,0.0,0.0,0.0,0.0,0.0,0.0,0.0,0.0,0.0,0.0,0.0,0.0,0.0,0.0,0.0,0.0,0.0,0.0,0.0,0.0,0.0,0.0,0.0,0.0,0.0,0.0,0.0,0.0,0.0,0.0,0.0,0.0,0.0,0.0,0.0,0.0,0.0,0.0,0.0,0.0,0.0,0.0,0.0,0.0,0.0,0.0,0.0,0.0,0.0,0.0,0.0,0.0,0.0,0.0,0.0,0.0,0.0,0.0,0.0,0.0,0.0,0.0,0.0,0.0,0.0,0.0,0.0,0.0,0.0,0.0,0.0,0.0,0.0,0.0,0.0,0.0,0.0,0.0,0.0,0.0,0.0,0.0,0.0,0.0,0.0,0.0,0.0,0.0,0.0,0.0,0.0,0.0,0.0,0.0,0.0,0.0,0.0,0.0,0.0,0.0,0.0,0.0,0.0,0.0,0.0,0.0,0.0,0.0,0.0,0.0,0.0,0.0,0.0,0.0,0.0,0.0,0.0,0.0,0.0,0.0,0.0,0.0,0.0,0.0,0.0,0.0,0.0,0.0,0.0,0.0,0.0,0.0,0.0,0.0,0.0,0.0,0.0,0.0,0.0,0.0,0.0,0.0
ENCFF000NOM,0.09850887993704074,31337,106,1956,12885,156,41289,5113,173,197,266,494,1668,1059,2536,7482,9840,1954,647,2793,4994,141,723,52,136,28,599,636,2209,17237,3445,276,110,367,1200,1113,20,1648,12,19,27714,11363,30,599,20,39,414,4485,12697,62,856,579,854,480,362,6890,123,356,370,79,875,913,88,4927,157,247,125,26,26436,35513,7953,767,417,1113,5799,246,863,315,486,529,141,648,705,3265,259,373,2254,4,557,308,6,1199,161,54,1142,559,6137,138114,9849,59,26547,35703,1640,31304,767,420,5286,1344,1387,27,2786,6805,6995,690,2873,30051,851,14720,69,437,614,6546,176,15938,814,6464,3030,586,2515,376,52,31619,3650,1144,10800,2932,11728,29141,70,2972,1544,767,2768,17389,330,184,41,102,14,42,2620,332,354,8260,4575,491,2872,14097,1471,412,762,1085,896,2370,3465,3314,5723,51,126,29,652,19,1033,399,1383,899,13,3,277,862,686,13640,7047,38249,1754,18248,24618,9795,15147,9741,18583,266,23560,27382,9381,8615,20440,19589,4183,726,102,412,35,329,577,330,19,29,43,3600,63,17062,6485,2904,158,136794,26121,3133,22363,8748,1179,466,27917,11822,30599,977,41349,66,44165,9,282,643,45,185,565,126,2820,2449,11,488,546,357,587,247,1574,908,155,132,4339,2570,1549,2659,863,191,452,492,246,189,166,482,711,3284,501,247,1398,1764,1332,5432,10297,472,1668,3215,1069,539,398,398,560,323,89,7469,297,617,4872,201,1349,249,3081,693,640,360,581,121,280,322,1710,1380,449,573,470,2240,1175,578,424,632,2525,17,31,242,421,542,255,16119,101,9071,19,372,49,6391,916,7282,6594,5709,25,2673,42,134,918,4126,31804,827,2005,1617,1050,24,1542,207,274,1117,10367,3481,2077,1578,31,404,60,7,10,442,625,2079,404,2634,320,288,797,19417,180,1418,110743,325,5940,597,3679,1033,1559,186,209,3188,495,644,697,212,260,348,3318,825,580,664,274,733,860,22400,33,9092,1770,20,27437,6704,9,333,4654,757,16,5053,482,1113,202,2502,670,8432,1545,383,471,724,287,756,584,1261,436,8,755,10,1442,97,20,156,276,418,136,379,13432,374,4208,2011,354,536,675,140,35346,48,12619,1073,12015,1461,133,2637,12,22342,4301,7414,33017,1054,7149,127,111,243,569,299,683,450,820,3882,628,7,225,620,21,18,4383,4804,12,122,140,25192,29674,19822,5089,30470,4020,461,48862,70603,8420,29881,56142,68241,190,131,452,447,149,511,992,373,320,576,6343,0.0,0.0,0.0,0.0,0.0,0.0,0.0,0.0,0.0,0.0,0.0,0.0,0.0,0.0,0.0,0.0,0.0,0.0,0.0,0.0,0.0,0.0,0.0,0.0,0.0,0.0,0.0,0.0,0.0,0.0,0.0,0.0,0.0,0.0,0.0,0.0,0.0,0.0,0.0,0.0,0.0,0.0,0.0,0.0,0.0,0.0,0.0,0.0,0.0,0.0,0.0,0.0,0.0,0.0,0.0,0.0,0.0,0.0,0.0,0.0,0.0,0.0,0.0,0.0,0.0,0.0,0.0,0.0,0.0,0.0,0.0,0.0,0.0,0.0,0.0,0.0,0.0,0.0,0.0,0.0,0.0,0.0,0.0,0.0,0.0,0.0,0.0,0.0,0.0,0.0,0.0,0.0,0.0,0.0,0.0,0.0,0.0,0.0,0.0,0.0,0.0,0.0,0.0,0.0,0.0,0.0,0.0,0.0,0.0,0.0,0.0,0.0,0.0,0.0,0.0,0.0,0.0,0.0,0.0,0.0,0.0,0.0,0.0,0.0,0.0,0.0,0.0,0.0,0.0,0.0,0.0,0.0,0.0,0.0,0.0,0.0,0.0,0.0,0.0,0.0,0.0,0.0,0.0,0.0,0.0,0.0,0.0,0.0,0.0,0.0
ENCFF000DVU,0.05882540969055663,232923,1074,1153,33,2,623,435,6,23,2,124,94,15,14,11,5,125,29,275,370,6,22,5,0,0,35,10932,106,36,448,51,124,40,76,87,6,98,0,0,846,438,0,10,0,264,46,187,8,1545,17,62,71,7,82,16018,4,8,915,0,53,25,0,3,32,1,2247,0,1682,14296,2943,73,39,648,470,12,82,18,45,44,2,43,55,135,21,23,154,8,43,25,0,164,1,0,64,22,12,14173,722,1,14406,2064,94,2045,94,38,401,197,187,0,10649,4705,1609,322,767,6301,16,286,0,0,15,258,0,8,45,969,276,9,112,6,5,12158,52,3356,24,37,558,4032,2165,746,36,92,175,96,0,1857,0,0,2,2,80,17,16,797,143,30,161,89,55,104,62,81,57,94,624,726,5707,4,0,0,57,0,54,19,103,647,3,0,43,8,60,1251,583,3702,93,525,915,429,274,1258,2146,2,1368,1334,1919,1360,5126,15995,307,32,288,70,0,33,52,6,1,0,0,377,1,782,926,3,110,144316,3514,364,3524,62,42,53,1096,1064,1867,3,4560,2,4982,0,6,86,0,14,42,5,127,213,0,25,25,21,51,53,131,56,527,0,416,252,81,953,58,17,27,40,18,14,23,191,45,186,43,7,50,95,69,112,44,10428,125,3488,46,36,31,25,49,16,49,744,27,43,491,11,209,31,136,63,80,13,64,48,22,47,75,88,46,38,11,176,71,24,24,34,122,17,4,37,23,17,0,2893,38,2352,1,18,0,193,24,1634,1386,4140,0,108,0,2,2,112,3676,809,291,493,42,108,87,0,39,47,1557,241,44,45,76,380,0,0,0,35,52,166,42,134,10,28,9,29,201,84,5734,247,302,45,260,23137,192,16,682,2578,45,65,57,12,6,5,37936,76,62,55,36,51,84,1387,0,354,451,0,38164,616,0,8,386,116,0,171,24,54,13,145,36,24,13,977,45,58,21,22,39,110,7,0,159,0,83,0,1,6,564,39,0,9,87,1,148,49,8,10,15,2,3012,203,735,98,446,36,1,291,0,4046,305,625,7080,33,36,3,139,14,31,3651,53,22,50,52,62,0,57,130,0,0,332,115,13,382,1,1841,3540,1749,197,1282,484,13,1528,5862,1001,1624,3738,3351,3,6,28,26,8,35,29,5,217,55,683,0.0,0.0,0.0,0.0,0.0,0.0,0.0,0.0,0.0,0.0,0.0,0.0,0.0,0.0,0.0,0.0,0.0,0.0,0.0,0.0,0.0,0.0,0.0,0.0,0.0,0.0,0.0,0.0,0.0,0.0,0.0,0.0,0.0,0.0,0.0,0.0,0.0,0.0,0.0,0.0,0.0,0.0,0.0,0.0,0.0,0.0,0.0,0.0,0.0,0.0,0.0,0.0,0.0,0.0,0.0,0.0,0.0,0.0,0.0,0.0,0.0,0.0,0.0,0.0,0.0,0.0,0.0,0.0,0.0,0.0,0.0,0.0,0.0,0.0,0.0,0.0,0.0,0.0,0.0,0.0,0.0,0.0,0.0,0.0,0.0,0.0,0.0,0.0,0.0,0.0,0.0,0.0,0.0,0.0,0.0,0.0,0.0,0.0,0.0,0.0,0.0,0.0,0.0,0.0,0.0,0.0,0.0,0.0,0.0,0.0,0.0,0.0,0.0,0.0,0.0,0.0,0.0,0.0,0.0,0.0,0.0,0.0,0.0,0.0,0.0,0.0,0.0,0.0,0.0,0.0,0.0,0.0,0.0,0.0,0.0,0.0,0.0,0.0,0.0,0.0,0.0,0.0,0.0,0.0,0.0,0.0,0.0,0.0,0.0,0.0
ENCFF830OFV,0.2587444184307398,6835180,6653,25862,40767,740,121930,12331,466,682,684,1475,5435,4784,10667,36525,34911,5205,1369,13160,10278,439,1461,168,147,131,1615,643977,5101,39952,7580,527,19155,1646,6685,2380,16809,3212,59,93,17458,22633,101,1433,51,2138,1180,9755,34426,75996,870,1427,1959,855,852,17338,388,715,940,315,1594,2967,917,18321,1144,1250,170609,343,82263,100573,17230,1631,1135,118247,17267,653,1826,713,1138,1710,289,1318,1679,7673,648,674,5491,31,1166,732,56,2670,436,125,2752,1899,24773,328223,20750,290,57480,81032,4225,69978,10637,832,11052,3447,3154,36,6379,16280,15688,474,8068,66770,3375,39150,473,1928,2496,15937,930,47953,1888,12134,5654,1745,5592,765,223,69231,16446,342516,19428,9804,38365,56856,96316,7642,7895,1758,71200,57521,988,83097,172,234,76,82,4466,700,1795,18575,9594,1282,7135,42725,4763,855,1686,3554,3261,5401,8431,7558,14941,106,216,201,1386,50,2572,839,50422,2026,8534,15,40250,1419,1490,31706,14183,195839,3849,48807,62334,25209,41242,30572,47363,504,54706,62093,21424,18127,52215,36424,14508,1674,125339,1689,119,658,1254,460,92,180,405,7833,429,47865,18938,11979,569,1166609,69752,72222,55795,33731,2534,1550,74050,39036,102687,4475,90862,361,88880,82,735,1812,630,381,1357,471,6267,5045,213,939,1304,831,1247,479,3759,2232,2833,394,7860,5315,3574,6903,1671,442,915,1031,472,443,398,1615,1560,10246,1780,539,3440,4066,3431,18136,39990,385787,4086,8019,3250,1194,966,891,1283,710,842,17000,686,1180,11213,493,2762,609,7348,1449,1383,755,1245,1535,623,10818,3631,3501,1111,1273,1009,5027,2407,1156,1071,1271,6037,46,58,542,824,961,310,32223,377,21880,30,1076,181,12253,1991,20440,12674,13349,75,5086,156,430,3087,7855,105738,42355,35297,3779,2092,36425,4386,453,939,1666,27626,14423,6649,2712,128,407,229,18,96,944,3523,5307,899,7963,741,622,2588,57703,24674,3340,252696,1988,11149,1394,8549,689190,4456,405,266541,597131,1097,1602,1650,534,557,8138,3048228,1871,1422,1592,904,1598,1883,49153,125,17939,4153,134,58189,15421,133,668,11317,1798,62,11213,1200,3320,564,6519,1628,26955,4699,111181,1258,1695,613,1786,1236,2987,1463,106,2162,61,3554,520,71,410,81750,1477,1010,1705,59159,1850,13751,7332,1421,893,1828,399,80499,46485,30019,118656,25987,2884,596,7746,95,62146,11773,18916,96626,3882,22153,8501,655,493,35468,5061,1744,975,2803,16754,1563,46,75332,1369,81,125,11193,8242,27,117839,301,52007,79483,56265,14253,72802,8446,976,126352,187071,24317,78070,133841,165706,458,350,1021,860,400,1239,3596,510,863,1371,11714,0.0,0.0,0.0,0.0,0.0,0.0,0.0,0.0,0.0,0.0,0.0,0.0,0.0,0.0,0.0,0.0,0.0,0.0,0.0,0.0,0.0,0.0,0.0,0.0,0.0,0.0,0.0,0.0,0.0,0.0,0.0,0.0,0.0,0.0,0.0,0.0,0.0,0.0,0.0,0.0,0.0,0.0,0.0,0.0,0.0,0.0,0.0,0.0,0.0,0.0,0.0,0.0,0.0,0.0,0.0,0.0,0.0,0.0,0.0,0.0,0.0,0.0,0.0,0.0,0.0,0.0,0.0,0.0,0.0,0.0,0.0,0.0,0.0,0.0,0.0,0.0,0.0,0.0,0.0,0.0,0.0,0.0,0.0,0.0,0.0,0.0,0.0,0.0,0.0,0.0,0.0,0.0,0.0,0.0,0.0,0.0,0.0,0.0,0.0,0.0,0.0,0.0,0.0,0.0,0.0,0.0,0.0,0.0,0.0,0.0,0.0,0.0,0.0,0.0,0.0,0.0,0.0,0.0,0.0,0.0,0.0,0.0,0.0,0.0,0.0,0.0,0.0,0.0,0.0,0.0,0.0,0.0,0.0,0.0,0.0,0.0,0.0,0.0,0.0,0.0,0.0,0.0,0.0,0.0,0.0,0.0,0.0,0.0,0.0,0.0
ENCFF002ATQ,0.1313151143655113,43489,92,4268,20608,302,56154,7012,281,352,419,992,3484,2093,4787,8140,14241,2895,542,5341,7694,203,1013,144,82,61,1413,112,3869,11331,6042,487,228,629,1849,1694,33,2373,71,13,9857,16269,64,1093,58,22,764,6898,8576,41,670,1356,1407,734,511,11079,192,771,588,286,1236,1748,250,5244,275,215,64,27,42706,59761,10778,1110,703,1523,7502,467,1196,627,755,848,210,1045,1197,5499,566,625,4401,33,909,556,30,1838,307,60,18075,1129,10687,272568,14904,140,40118,59621,3068,51887,1118,707,8841,2721,3556,15,5936,11413,10851,126,6759,56716,1441,19539,168,771,1278,11936,330,16280,1160,8340,4013,1204,4439,600,170,44935,7352,66,8165,4697,15999,49303,25,5312,1916,1152,5023,20419,614,345,87,171,82,33,3103,379,923,14928,6741,979,5574,21638,2829,694,1280,892,906,3474,5409,4606,9556,115,289,27,1080,17,2140,753,1023,264,6,5,602,1000,997,23064,9890,63182,2860,34583,36304,17269,21106,17787,36648,304,45108,52694,17477,14171,32832,23737,5791,1001,27,828,118,514,924,249,212,32,34,6041,149,21538,11511,5033,217,211214,47297,4034,33490,12127,1788,1087,45679,20105,50518,1855,65033,212,64069,75,606,1418,40,351,920,346,4675,3243,37,735,935,672,904,570,2513,1565,805,321,7027,4124,2878,4398,1378,318,805,768,399,396,248,947,1258,6041,1264,452,2283,2676,2324,7786,12557,202,3116,4673,1444,840,568,621,943,524,384,10558,595,994,7403,419,1939,463,6358,1195,1001,623,942,494,550,718,3007,2558,811,990,752,3851,1865,883,812,1066,4826,50,47,461,631,801,322,27409,204,19272,46,708,85,8743,1216,11562,11007,24432,34,3473,123,287,900,8237,44091,932,2584,2794,1456,21,2955,261,337,971,19039,13251,5103,2194,40,394,125,10,20,640,536,3507,499,5258,573,566,1136,27159,424,2527,176050,616,8310,1043,5986,367,2893,337,47,4535,805,943,1054,444,505,326,1072,1192,946,1060,484,1172,1253,34156,87,13369,3031,15,36439,12365,186,350,7876,745,123,9994,811,3619,499,3287,1195,13761,1850,709,875,1106,678,1437,898,1746,384,89,1876,13,2948,86,45,297,557,178,386,601,16510,724,7580,3471,719,413,1276,223,55924,46,20328,1757,17639,1621,491,4450,19,42431,8257,15448,62556,1944,8305,211,183,402,999,478,1123,777,2036,5172,1007,40,245,1107,30,14,5730,6225,29,92,355,32533,49857,35031,8877,46440,5169,329,68913,113109,14281,51201,82533,103154,260,213,729,789,233,917,2418,371,777,970,8908,0.0,0.0,0.0,0.0,0.0,0.0,0.0,0.0,0.0,0.0,0.0,0.0,0.0,0.0,0.0,0.0,0.0,0.0,0.0,0.0,0.0,0.0,0.0,0.0,0.0,0.0,0.0,0.0,0.0,0.0,0.0,0.0,0.0,0.0,0.0,0.0,0.0,0.0,0.0,0.0,0.0,0.0,0.0,0.0,0.0,0.0,0.0,0.0,0.0,0.0,0.0,0.0,0.0,0.0,0.0,0.0,0.0,0.0,0.0,0.0,0.0,0.0,0.0,0.0,0.0,0.0,0.0,0.0,0.0,0.0,0.0,0.0,0.0,0.0,0.0,0.0,0.0,0.0,0.0,0.0,0.0,0.0,0.0,0.0,0.0,0.0,0.0,0.0,0.0,0.0,0.0,0.0,0.0,0.0,0.0,0.0,0.0,0.0,0.0,0.0,0.0,0.0,0.0,0.0,0.0,0.0,0.0,0.0,0.0,0.0,0.0,0.0,0.0,0.0,0.0,0.0,0.0,0.0,0.0,0.0,0.0,0.0,0.0,0.0,0.0,0.0,0.0,0.0,0.0,0.0,0.0,0.0,0.0,0.0,0.0,0.0,0.0,0.0,0.0,0.0,0.0,0.0,0.0,0.0,0.0,0.0,0.0,0.0,0.0,0.0
ENCFF001HNI,0.09700630644956727,15648,60,978,14099,312,48265,2260,113,148,108,399,968,1443,2313,4655,11621,973,139,2312,2899,45,249,21,18,11,307,145,1029,11788,1730,77,58,161,649,543,21,681,2,108,2883,3515,14,238,35,25,248,1859,9258,24,199,312,488,131,116,2302,29,118,111,49,230,423,101,4504,105,336,50,6,15364,16455,2924,331,258,383,1604,100,376,147,259,290,77,287,391,1252,103,171,1124,1,266,153,8,435,66,9,938,442,5226,62815,3510,19,9909,15785,902,13147,569,210,2355,768,2038,8,1837,5001,4472,51,2122,12092,921,14492,224,841,883,2872,343,20675,423,2929,1790,405,859,98,59,11270,4098,219,7878,2396,4112,9708,56,1434,1366,435,1179,11393,199,79,51,31,24,8,791,100,852,4346,1551,188,1133,13781,1133,145,379,474,352,959,3336,3007,2111,44,40,21,301,6,532,218,435,75854,6,0,165,249,331,5358,2347,14754,701,10178,11518,4870,9505,4746,9043,94,8983,11206,3290,2902,8465,6091,1824,299,53,327,28,171,302,62,14,5,19,1683,77,12081,4040,3977,129,69732,11715,1072,8877,7823,404,662,12810,5998,18865,1512,16167,41,14841,11,114,419,18,88,322,85,1327,711,204,194,327,196,285,124,847,498,89,72,1567,1110,649,962,385,102,182,235,141,121,93,136,383,1964,322,109,650,729,688,3494,8175,123,753,1330,416,271,221,202,287,145,53,2446,136,307,1888,110,483,116,1308,347,329,191,310,239,139,262,782,761,260,307,213,811,503,278,249,302,1224,10,2,148,218,394,83,5654,39,4827,11,203,33,2245,291,3416,2887,2333,3,936,33,42,353,1371,19483,185,652,670,343,14,816,57,95,204,5288,2902,1343,513,9,39,41,8,11,209,713,1134,181,1355,158,147,518,18127,102,621,43110,194,2266,312,1827,282,822,89,99,1184,219,317,329,142,140,102,1243,410,288,386,429,384,424,8411,15,3336,682,9,9527,1939,14,87,1862,254,5,2103,222,675,86,1020,388,8653,1342,188,233,378,160,338,273,461,65,2,303,8,1047,51,27,43,128,194,236,236,8612,744,3330,2027,477,169,351,53,16033,40,4814,562,4234,488,104,925,3,11920,2641,4137,17972,584,5941,61,168,146,279,159,339,266,394,2427,360,15,76,349,12,11,1301,1460,7,51,76,8256,13194,9911,2504,11657,1410,105,21756,29935,4317,13707,22154,26207,103,61,260,234,58,258,793,112,170,213,2676,0.0,0.0,0.0,0.0,0.0,0.0,0.0,0.0,0.0,0.0,0.0,0.0,0.0,0.0,0.0,0.0,0.0,0.0,0.0,0.0,0.0,0.0,0.0,0.0,0.0,0.0,0.0,0.0,0.0,0.0,0.0,0.0,0.0,0.0,0.0,0.0,0.0,0.0,0.0,0.0,0.0,0.0,0.0,0.0,0.0,0.0,0.0,0.0,0.0,0.0,0.0,0.0,0.0,0.0,0.0,0.0,0.0,0.0,0.0,0.0,0.0,0.0,0.0,0.0,0.0,0.0,0.0,0.0,0.0,0.0,0.0,0.0,0.0,0.0,0.0,0.0,0.0,0.0,0.0,0.0,0.0,0.0,0.0,0.0,0.0,0.0,0.0,0.0,0.0,0.0,0.0,0.0,0.0,0.0,0.0,0.0,0.0,0.0,0.0,0.0,0.0,0.0,0.0,0.0,0.0,0.0,0.0,0.0,0.0,0.0,0.0,0.0,0.0,0.0,0.0,0.0,0.0,0.0,0.0,0.0,0.0,0.0,0.0,0.0,0.0,0.0,0.0,0.0,0.0,0.0,0.0,0.0,0.0,0.0,0.0,0.0,0.0,0.0,0.0,0.0,0.0,0.0,0.0,0.0,0.0,0.0,0.0,0.0,0.0,0.0
ENCFF000OBY,0.04699990275567641,31266,226,2315,20483,419,49964,3563,140,286,176,446,2073,2139,4396,11326,14324,2047,258,3178,3788,106,470,57,50,44,555,1271,2419,18106,3343,203,151,352,1441,1328,49,1199,9,8,4748,7542,35,438,34,58,374,3453,13349,178,339,620,1032,295,197,4748,138,209,227,99,391,1302,314,7719,240,265,350,62,30576,32702,4647,858,541,915,3694,202,911,475,598,628,271,774,820,2562,316,542,2567,8,568,277,16,802,423,35,949,1013,10126,109825,6667,56,18367,26770,1783,23263,1156,429,3592,1085,1061,22,1859,4862,4728,72,2823,23910,1526,19163,295,1401,1386,5652,581,24574,992,3829,1892,466,1861,274,82,21180,6613,1573,14986,4462,8506,19025,299,2980,1868,848,2403,25062,253,284,38,99,30,29,1450,202,409,6438,3113,457,3130,21310,2291,335,754,946,862,1967,2660,2373,3767,30,59,34,744,9,1340,474,1218,68703,30,4,571,510,646,10066,4837,28641,1667,18026,20975,9261,21069,8626,18476,167,18209,21127,7264,5956,16056,11924,4162,483,309,521,40,298,754,134,32,20,27,2408,172,28306,8047,5121,200,136917,24962,2533,17780,13804,706,474,26431,11500,37031,2450,28272,95,28696,25,283,585,134,142,641,160,2481,1403,9,547,778,490,630,246,1669,1167,298,132,2975,1994,1334,1689,964,198,539,599,316,230,184,321,843,3091,811,240,1391,1528,1656,7364,18701,887,1690,1951,974,624,514,469,728,468,130,5050,275,673,3931,234,1088,260,2757,869,753,493,640,192,346,421,1822,1704,660,745,551,1748,1040,701,591,695,2564,14,25,373,489,343,190,9405,144,6386,13,411,63,4366,568,4395,4287,4841,12,1760,45,158,793,3336,39347,403,1299,1371,735,94,1552,150,269,475,9323,5007,1900,1006,30,95,67,8,19,485,825,1792,347,2631,466,311,1071,27506,255,1367,83794,447,4211,777,3796,1432,1826,205,525,3462,565,691,713,234,279,164,5985,852,698,799,255,961,998,16742,22,6486,1435,18,17768,6863,16,195,4162,509,44,4634,613,965,192,2162,1004,9830,2013,482,499,820,267,813,559,804,506,12,695,28,1342,69,27,147,364,348,397,465,18548,1288,6239,3460,881,257,592,146,25398,175,10510,1412,8215,834,291,2005,24,18935,3706,6524,28267,1527,10471,148,171,256,837,374,880,528,945,5267,644,17,316,751,21,13,2677,2706,15,272,152,16426,26969,21172,4910,23939,2868,369,44284,61919,8948,27856,45389,53699,148,124,550,599,138,631,811,196,402,405,4443,0.0,0.0,0.0,0.0,0.0,0.0,0.0,0.0,0.0,0.0,0.0,0.0,0.0,0.0,0.0,0.0,0.0,0.0,0.0,0.0,0.0,0.0,0.0,0.0,0.0,0.0,0.0,0.0,0.0,0.0,0.0,0.0,0.0,0.0,0.0,0.0,0.0,0.0,0.0,0.0,0.0,0.0,0.0,0.0,0.0,0.0,0.0,0.0,0.0,0.0,0.0,0.0,0.0,0.0,0.0,0.0,0.0,0.0,0.0,0.0,0.0,0.0,0.0,0.0,0.0,0.0,0.0,0.0,0.0,0.0,0.0,0.0,0.0,0.0,0.0,0.0,0.0,0.0,0.0,0.0,0.0,0.0,0.0,0.0,0.0,0.0,0.0,0.0,0.0,0.0,0.0,0.0,0.0,0.0,0.0,0.0,0.0,0.0,0.0,0.0,0.0,0.0,0.0,0.0,0.0,0.0,0.0,0.0,0.0,0.0,0.0,0.0,0.0,0.0,0.0,0.0,0.0,0.0,0.0,0.0,0.0,0.0,0.0,0.0,0.0,0.0,0.0,0.0,0.0,0.0,0.0,0.0,0.0,0.0,0.0,0.0,0.0,0.0,0.0,0.0,0.0,0.0,0.0,0.0,0.0,0.0,0.0,0.0,0.0,0.0
ENCFF000CTW,0.1229655154115439,38557,131,3447,61486,1413,182192,8335,385,749,287,603,3620,7745,14907,23445,62970,5241,468,6649,5711,237,737,122,75,51,956,127,3818,33362,3970,256,145,481,2285,2156,20,2157,40,27,9014,14282,126,728,50,33,815,6574,31210,21,727,1276,1736,485,416,11571,160,360,390,169,897,1732,956,21886,313,761,58,94,60518,54274,12034,1270,931,1337,8067,240,1423,678,1009,1087,277,1172,1510,5372,612,660,4380,31,1092,639,24,1203,162,24,1179,1551,32553,183276,10830,126,28981,44741,3018,39386,1467,794,6919,2025,1718,26,4108,11669,10491,231,5776,38619,4216,54151,1013,4078,3270,9200,1854,82198,1807,6465,2803,804,3218,420,186,32743,20233,115,40379,13092,14435,31902,37,4806,4440,1468,4073,65785,493,190,138,98,66,47,2113,358,654,12224,4538,704,4580,63152,4246,411,1397,2013,1968,3786,4367,3669,11613,73,132,42,1256,35,2144,803,849,2313,11,0,603,757,1285,18260,6940,48511,2571,36851,40854,15352,47399,16665,32286,377,31504,37455,14539,9994,30132,17767,6385,997,34,797,52,632,1154,214,94,25,259,3812,500,50870,13854,21911,157,226661,39636,3282,28838,38862,1057,608,43140,19163,73216,8321,42953,176,43075,77,461,892,239,433,1263,286,5651,4007,101,833,1130,800,1116,613,3053,1814,2657,325,5173,4343,2207,6913,1489,359,864,922,444,424,373,2858,1399,6178,1677,476,1983,2901,2672,14174,32886,132,2840,6834,1566,987,802,792,1206,628,2012,9382,607,1038,7427,455,1804,534,5455,1302,1144,716,1159,716,559,542,2880,2876,1027,1115,897,4055,1700,986,1009,1138,4714,30,41,519,805,819,304,17730,195,12812,41,537,107,6964,1140,9714,7500,9869,36,2859,252,297,1797,3937,93888,605,1973,4422,1121,18,3327,203,304,768,17515,8107,3632,1301,58,235,144,10,77,893,1153,2231,730,3758,664,664,1622,83704,406,2541,127018,702,6791,1199,6529,278,3070,352,68,3534,1011,1330,1379,454,509,244,956,1507,1108,1427,466,1397,1597,27160,138,11971,2603,53,37008,7944,87,271,7559,713,96,7463,1043,1832,319,3694,1416,28891,4306,616,936,1458,545,1368,1073,2524,767,14,1091,52,2495,232,70,203,374,272,1194,804,49162,3882,11314,8000,2233,661,749,167,39174,44,18547,1790,13115,1412,437,2919,27,31405,6488,10273,53729,1716,27468,261,377,492,1043,551,1334,922,3111,6188,1301,81,152,1355,15,24,4007,4181,20,63,237,25229,43875,36488,7776,35525,4178,515,74814,100380,15060,44052,70103,84493,465,214,918,917,311,1048,2027,282,400,764,6933,0.0,0.0,0.0,0.0,0.0,0.0,0.0,0.0,0.0,0.0,0.0,0.0,0.0,0.0,0.0,0.0,0.0,0.0,0.0,0.0,0.0,0.0,0.0,0.0,0.0,0.0,0.0,0.0,0.0,0.0,0.0,0.0,0.0,0.0,0.0,0.0,0.0,0.0,0.0,0.0,0.0,0.0,0.0,0.0,0.0,0.0,0.0,0.0,0.0,0.0,0.0,0.0,0.0,0.0,0.0,0.0,0.0,0.0,0.0,0.0,0.0,0.0,0.0,0.0,0.0,0.0,0.0,0.0,0.0,0.0,0.0,0.0,0.0,0.0,0.0,0.0,0.0,0.0,0.0,0.0,0.0,0.0,0.0,0.0,0.0,0.0,0.0,0.0,0.0,0.0,0.0,0.0,0.0,0.0,0.0,0.0,0.0,0.0,0.0,0.0,0.0,0.0,0.0,0.0,0.0,0.0,0.0,0.0,0.0,0.0,0.0,0.0,0.0,0.0,0.0,0.0,0.0,0.0,0.0,0.0,0.0,0.0,0.0,0.0,0.0,0.0,0.0,0.0,0.0,0.0,0.0,0.0,0.0,0.0,0.0,0.0,0.0,0.0,0.0,0.0,0.0,0.0,0.0,0.0,0.0,0.0,0.0,0.0,0.0,0.0
ENCFF000CNG,0.35085885664373057,56948,1659,10501,153811,5999,1006906,23014,925,5183,453,1264,9157,53815,93359,61704,434422,27755,1579,41206,11125,255,1178,212,357,705,1995,181,9839,96727,7869,501,232,1160,6575,5706,49,6183,198,67,15091,20932,610,1357,342,605,2655,17783,129437,32,1589,2654,4815,977,436,9386,857,896,1882,857,3555,4416,806,73430,1865,3614,57,275,188189,137386,10766,3762,2427,2955,7197,380,4203,1887,2753,3046,768,3091,4287,6734,1509,1596,9878,83,2906,1778,419,3224,805,427,3530,4369,67249,459439,21658,413,53793,76317,8997,65874,4397,2034,8043,2311,2276,137,3923,11808,12185,3521,9563,45515,23821,207126,4167,16164,12943,21453,7149,289049,5505,9539,4630,1502,4544,1063,1428,45679,140816,338,107739,74922,18856,43607,80,11974,35718,4021,6954,186193,3789,339,1037,162,116,131,4774,1670,1396,20526,8481,2243,15276,146147,11448,667,4128,11010,9102,8953,7786,7413,7917,441,460,283,3193,251,5244,1909,1965,387,49,17,1286,1690,3870,22621,12303,84823,5890,143334,89287,36842,100305,31653,68129,1928,52843,65231,17638,16322,48304,34676,20812,2234,73,5324,79,1493,2977,735,258,210,70,5865,4239,127023,37595,161478,771,1008353,133592,8307,82239,164945,1939,1030,132773,82496,237676,43313,72715,394,67313,113,651,1500,494,1081,3657,465,9673,4880,29,2060,2893,1857,2974,1446,9047,5326,236,782,12065,8288,5532,3737,3705,845,2296,2421,1254,1247,1026,698,3291,16445,5839,1272,4978,7702,7326,33829,92361,241,7377,4387,3854,2777,2165,2286,3199,1393,130,15832,1785,2697,11320,1232,4352,1542,8091,3292,3372,1658,3003,138,1572,1205,6666,7558,2577,3082,2308,4743,4062,2415,2552,2588,11039,14,179,1484,2126,999,457,24615,1622,16654,74,1510,277,14010,1297,12234,12516,24158,119,8153,1550,366,12973,6793,542347,960,4278,5631,2037,32,9610,949,1020,2312,42293,43484,9174,2422,1086,551,313,147,265,2264,11280,4630,2192,7564,1752,1928,7343,312516,1094,6101,211575,2400,12727,3156,19445,536,8339,1122,104,7133,2542,3920,4234,1228,1484,474,1761,4397,3456,4130,916,3899,4907,50485,1014,23174,5023,169,45128,15646,42,600,11306,2214,248,15076,2787,1849,572,9956,3853,48329,10569,955,2868,4271,1531,2916,3039,1917,3964,91,1599,344,3727,291,103,456,534,7436,8066,4846,117248,15450,30727,30851,8111,2619,1735,2546,54668,78,28751,4128,22502,6156,1412,5465,100,75045,14810,21817,92507,7092,86016,696,4264,1404,2487,2208,3969,2399,3997,40212,3730,177,328,3202,78,385,7898,7017,61,106,307,49883,96462,78830,20448,70781,7950,2235,174531,199041,37932,102076,136751,164411,2508,656,2548,2262,807,2747,2057,654,811,1946,14081,0.0,0.0,0.0,0.0,0.0,0.0,0.0,0.0,0.0,0.0,0.0,0.0,0.0,0.0,0.0,0.0,0.0,0.0,0.0,0.0,0.0,0.0,0.0,0.0,0.0,0.0,0.0,0.0,0.0,0.0,0.0,0.0,0.0,0.0,0.0,0.0,0.0,0.0,0.0,0.0,0.0,0.0,0.0,0.0,0.0,0.0,0.0,0.0,0.0,0.0,0.0,0.0,0.0,0.0,0.0,0.0,0.0,0.0,0.0,0.0,0.0,0.0,0.0,0.0,0.0,0.0,0.0,0.0,0.0,0.0,0.0,0.0,0.0,0.0,0.0,0.0,0.0,0.0,0.0,0.0,0.0,0.0,0.0,0.0,0.0,0.0,0.0,0.0,0.0,0.0,0.0,0.0,0.0,0.0,0.0,0.0,0.0,0.0,0.0,0.0,0.0,0.0,0.0,0.0,0.0,0.0,0.0,0.0,0.0,0.0,0.0,0.0,0.0,0.0,0.0,0.0,0.0,0.0,0.0,0.0,0.0,0.0,0.0,0.0,0.0,0.0,0.0,0.0,0.0,0.0,0.0,0.0,0.0,0.0,0.0,0.0,0.0,0.0,0.0,0.0,0.0,0.0,0.0,0.0,0.0,0.0,0.0,0.0,0.0,0.0
ENCFF000RXS,0.13699494140826907,14561,86,1181,14695,247,58006,2061,80,130,127,208,1066,1086,2642,5852,12382,955,191,2095,1881,51,205,29,13,22,319,519,1198,13260,1351,97,31,179,641,646,19,756,7,118,2602,3565,15,184,14,23,209,2110,9800,56,244,450,498,140,97,2056,60,98,116,16,286,502,192,6622,752,132,149,10,18477,17897,2481,431,286,563,1549,119,482,200,279,307,87,349,413,1092,165,217,1279,4,301,217,2,296,72,20,806,504,8447,56546,3080,36,8413,12937,902,10962,449,242,1655,486,880,4,1063,3037,2870,44,1657,10596,784,15005,111,595,606,2452,240,22657,515,2067,1052,191,776,95,26,9355,3743,400,7583,2812,3324,9469,54,1457,1887,429,1155,16606,251,105,50,38,16,19,811,92,331,3486,1318,192,1116,14883,1177,132,425,392,403,934,1931,1537,1677,28,44,4,390,2,546,235,349,852,8,15,177,198,358,4381,2190,13293,778,9239,10709,5189,9843,4627,8988,121,8505,10238,2970,2832,8062,5599,2030,282,130,466,11,166,357,38,7,3,32,1463,93,14409,4340,3540,68,78201,13377,1232,9803,10713,376,253,13172,8754,23185,1258,14101,69,12818,6,92,254,10,111,330,68,1466,842,119,249,306,220,322,185,910,557,49,86,1834,1140,737,738,472,114,247,246,141,135,107,135,426,1878,371,141,591,897,758,4261,16059,372,912,1091,459,297,212,226,328,177,37,2287,186,422,1640,127,588,143,1313,397,374,212,359,114,183,236,854,763,306,330,301,746,560,392,330,426,1364,6,16,131,210,204,115,5243,41,3202,6,143,11,2194,237,2435,2213,2869,8,1003,34,37,639,1447,31276,240,684,737,358,22,878,73,88,338,5457,2759,1126,454,22,44,21,2,18,223,621,760,232,1033,190,208,720,22897,141,696,39471,164,2011,370,2060,614,853,107,231,1387,313,323,351,138,158,103,2790,443,318,395,274,414,413,8338,20,3809,570,2,8639,2194,28,81,1713,238,7,2380,282,454,60,1152,426,4981,1095,182,310,399,178,407,309,489,234,5,312,6,711,71,21,43,145,155,140,257,10748,488,2908,1673,345,191,241,48,10981,53,5375,513,3490,482,96,929,1,11375,2262,3786,16592,1160,6586,65,200,137,322,194,384,282,605,1722,372,10,112,411,6,14,1207,1322,3,117,44,7834,12535,10179,2508,10383,1298,342,22378,28803,4636,12639,21917,24386,98,50,266,269,82,303,392,107,127,195,2323,0.0,0.0,0.0,0.0,0.0,0.0,0.0,0.0,0.0,0.0,0.0,0.0,0.0,0.0,0.0,0.0,0.0,0.0,0.0,0.0,0.0,0.0,0.0,0.0,0.0,0.0,0.0,0.0,0.0,0.0,0.0,0.0,0.0,0.0,0.0,0.0,0.0,0.0,0.0,0.0,0.0,0.0,0.0,0.0,0.0,0.0,0.0,0.0,0.0,0.0,0.0,0.0,0.0,0.0,0.0,0.0,0.0,0.0,0.0,0.0,0.0,0.0,0.0,0.0,0.0,0.0,0.0,0.0,0.0,0.0,0.0,0.0,0.0,0.0,0.0,0.0,0.0,0.0,0.0,0.0,0.0,0.0,0.0,0.0,0.0,0.0,0.0,0.0,0.0,0.0,0.0,0.0,0.0,0.0,0.0,0.0,0.0,0.0,0.0,0.0,0.0,0.0,0.0,0.0,0.0,0.0,0.0,0.0,0.0,0.0,0.0,0.0,0.0,0.0,0.0,0.0,0.0,0.0,0.0,0.0,0.0,0.0,0.0,0.0,0.0,0.0,0.0,0.0,0.0,0.0,0.0,0.0,0.0,0.0,0.0,0.0,0.0,0.0,0.0,0.0,0.0,0.0,0.0,0.0,0.0,0.0,0.0,0.0,0.0,0.0
ENCFF884FZP,0.09936768142595306,2855,26,200,2586,32,7107,858,22,33,46,67,253,144,437,1267,1638,184,127,542,451,14,93,8,10,5,98,18,337,1732,401,20,5,53,181,167,2,214,2,1,658,1190,8,44,3,8,77,602,1548,5,56,120,127,47,80,710,4,34,16,9,79,139,62,840,201,42,8,5,3402,4297,728,113,54,174,642,26,127,56,66,78,20,94,109,303,41,87,337,1,75,63,1,114,44,5,101,78,1732,14970,1022,17,2676,3938,241,3180,138,51,505,143,169,1,421,755,846,8,449,3560,111,2549,5,43,98,691,17,3645,121,574,237,60,233,11,9,3610,491,11,1824,482,1438,2867,3,373,400,111,350,3367,30,13,2,12,3,5,258,46,40,927,402,25,332,2621,213,41,143,132,77,256,377,315,822,7,4,6,103,2,130,72,152,19,0,1,50,76,118,1426,659,4530,233,2154,3300,1163,2469,1396,2457,36,3026,3620,1414,967,2559,1800,468,78,5,77,5,82,82,12,0,2,2,446,10,2991,862,521,33,21908,3511,446,2625,1696,123,73,3284,1467,4392,125,4325,7,4228,1,30,94,3,21,93,25,359,269,18,64,60,64,100,55,238,134,47,26,595,297,174,394,160,36,87,72,34,39,21,69,114,418,73,27,121,240,182,895,2237,27,247,399,94,79,74,61,91,57,17,916,63,120,564,28,188,40,407,133,98,76,94,72,44,52,217,187,71,91,78,257,191,90,55,109,324,0,1,36,73,63,20,1636,14,900,5,29,14,631,79,955,693,779,1,259,6,4,119,369,6402,63,230,263,107,0,204,6,48,176,1610,642,296,186,8,18,3,0,2,63,99,190,65,298,73,40,220,4160,19,176,11058,47,630,101,633,61,228,25,8,284,71,102,106,35,33,32,204,140,95,100,40,111,115,2256,4,1291,139,6,2877,832,9,46,517,125,2,739,70,201,22,350,95,1488,164,29,58,86,51,89,85,144,62,6,101,3,234,107,7,7,10,63,24,53,1821,52,702,305,46,73,71,8,3563,6,1251,114,1281,136,10,280,2,2616,471,902,3627,120,1396,22,21,27,82,48,90,84,84,468,81,3,17,110,1,2,345,397,1,5,25,2630,3320,2659,614,3407,501,39,5800,8204,1104,3142,6358,7474,18,6,65,59,20,88,116,43,16,52,572,0.0,0.0,0.0,0.0,0.0,0.0,0.0,0.0,0.0,0.0,0.0,0.0,0.0,0.0,0.0,0.0,0.0,0.0,0.0,0.0,0.0,0.0,0.0,0.0,0.0,0.0,0.0,0.0,0.0,0.0,0.0,0.0,0.0,0.0,0.0,0.0,0.0,0.0,0.0,0.0,0.0,0.0,0.0,0.0,0.0,0.0,0.0,0.0,0.0,0.0,0.0,0.0,0.0,0.0,0.0,0.0,0.0,0.0,0.0,0.0,0.0,0.0,0.0,0.0,0.0,0.0,0.0,0.0,0.0,0.0,0.0,0.0,0.0,0.0,0.0,0.0,0.0,0.0,0.0,0.0,0.0,0.0,0.0,0.0,0.0,0.0,0.0,0.0,0.0,0.0,0.0,0.0,0.0,0.0,0.0,0.0,0.0,0.0,0.0,0.0,0.0,0.0,0.0,0.0,0.0,0.0,0.0,0.0,0.0,0.0,0.0,0.0,0.0,0.0,0.0,0.0,0.0,0.0,0.0,0.0,0.0,0.0,0.0,0.0,0.0,0.0,0.0,0.0,0.0,0.0,0.0,0.0,0.0,0.0,0.0,0.0,0.0,0.0,0.0,0.0,0.0,0.0,0.0,0.0,0.0,0.0,0.0,0.0,0.0,0.0
ENCFF000VSS,0.1495611082245428,42790,204,3317,29442,676,86588,4453,234,449,274,581,3114,3623,7895,18390,25885,3039,392,4854,5155,147,613,71,50,46,773,1381,3046,23146,3178,190,167,450,1727,1640,61,1901,20,26,6502,9090,49,552,66,57,570,5286,18967,184,450,974,1385,366,238,5355,141,295,324,122,648,1464,543,11605,257,311,428,113,43102,43008,5843,1016,688,1248,4466,279,1156,506,745,866,194,962,1044,3253,381,570,3468,14,877,479,12,1012,341,37,998,1323,16798,145259,8988,87,24127,34410,2335,29161,1082,625,4283,1226,1363,13,2309,6022,6078,74,3750,27038,2385,31877,511,1883,2027,7406,862,43503,1320,4934,2411,610,2167,328,113,25652,10993,921,21789,7433,9413,23105,323,4078,2804,1134,3256,33908,261,365,79,99,24,30,1879,299,549,8859,4124,555,3966,31472,3182,362,1067,1127,940,2652,3645,3182,4363,45,116,32,1044,34,1633,615,846,403,35,9,541,643,949,12646,6046,36400,2080,24858,28725,12961,27870,11883,24644,245,23634,28383,8738,8038,19882,15792,5046,804,329,752,66,453,916,136,49,24,24,3377,313,42506,10854,9577,242,179364,33199,3482,24160,21582,932,476,35970,16476,52789,3962,36529,138,36510,47,292,685,195,278,952,168,3621,1981,34,640,926,604,877,416,2291,1289,215,169,4171,2772,1879,2219,1164,321,630,743,332,319,245,416,1089,4618,1086,341,1585,2121,2075,9731,28559,1025,2197,2467,1301,803,616,598,929,526,112,6235,442,851,4476,307,1420,391,3526,1092,977,617,857,242,517,554,2323,2245,731,906,715,2067,1432,761,787,945,3818,17,25,398,615,359,295,12062,130,7994,27,433,33,5615,629,5758,5446,6586,37,2296,111,147,1085,3671,61141,556,1654,1944,946,111,2618,196,347,608,13378,5717,3416,1220,30,123,81,20,59,675,1199,2359,559,3540,524,459,1656,40360,404,2023,107686,496,4863,980,4882,1707,2275,282,822,4406,760,929,1037,334,422,233,8885,1126,924,1029,405,1031,1198,21550,71,9201,1870,26,22195,7674,13,273,5122,605,59,6000,822,1022,269,2810,1071,15173,3203,617,727,1056,448,1034,804,1099,735,27,879,32,1503,91,75,183,450,325,600,670,27837,1806,8831,5207,1170,516,751,191,29598,176,13271,1608,10748,1162,296,2452,32,25388,4602,8644,36169,2044,14499,242,205,313,891,458,1038,760,1389,7433,1033,45,280,972,21,28,3417,3392,6,297,172,22152,38812,28293,7159,31449,3587,504,60558,82246,12410,39214,60509,71625,243,156,733,651,203,819,991,323,391,636,6009,0.0,0.0,0.0,0.0,0.0,0.0,0.0,0.0,0.0,0.0,0.0,0.0,0.0,0.0,0.0,0.0,0.0,0.0,0.0,0.0,0.0,0.0,0.0,0.0,0.0,0.0,0.0,0.0,0.0,0.0,0.0,0.0,0.0,0.0,0.0,0.0,0.0,0.0,0.0,0.0,0.0,0.0,0.0,0.0,0.0,0.0,0.0,0.0,0.0,0.0,0.0,0.0,0.0,0.0,0.0,0.0,0.0,0.0,0.0,0.0,0.0,0.0,0.0,0.0,0.0,0.0,0.0,0.0,0.0,0.0,0.0,0.0,0.0,0.0,0.0,0.0,0.0,0.0,0.0,0.0,0.0,0.0,0.0,0.0,0.0,0.0,0.0,0.0,0.0,0.0,0.0,0.0,0.0,0.0,0.0,0.0,0.0,0.0,0.0,0.0,0.0,0.0,0.0,0.0,0.0,0.0,0.0,0.0,0.0,0.0,0.0,0.0,0.0,0.0,0.0,0.0,0.0,0.0,0.0,0.0,0.0,0.0,0.0,0.0,0.0,0.0,0.0,0.0,0.0,0.0,0.0,0.0,0.0,0.0,0.0,0.0,0.0,0.0,0.0,0.0,0.0,0.0,0.0,0.0,0.0,0.0,0.0,0.0,0.0,0.0
ENCFF387CVH,0.3603937218447091,39179,668,3581,222295,4325,1229326,12655,1145,1789,239,966,10177,13587,53643,65181,293630,8467,1286,37274,7309,149,544,269,288,387,1696,314,10537,247680,5173,175,51,995,8621,7665,45,9016,37,32,14306,14194,211,452,67,190,2355,18012,230250,30,1788,3752,6649,328,242,4476,309,363,589,208,1034,5290,7925,119872,21653,709,107,205,266850,154154,4767,5430,3466,4510,4015,195,5940,2417,3709,4152,1100,4582,5322,4709,1777,2665,12655,27,3881,2766,23,1717,1660,231,6275,7367,184288,393511,11256,241,29979,50909,10352,42465,5784,3010,3517,1006,1366,47,2424,6983,7629,681,7818,27689,14212,302296,1607,8426,8247,14999,3708,551655,7131,7338,2796,516,2070,577,42,24244,60062,549,258573,56158,9837,24034,32,12220,46413,5381,5122,345411,308,126,1013,135,96,98,2647,515,809,14185,4563,959,16026,240925,23844,352,5749,2573,3708,5867,4344,5429,4953,109,146,86,4740,91,5250,2764,4740,250,29,34,1354,577,5743,10980,6299,51134,6835,96095,87553,44400,214811,33359,61830,2042,36807,49604,9382,9016,46754,18662,19405,2207,56,6147,16,2455,4763,175,38,34,360,5033,971,242028,61949,106973,784,681376,168903,11890,106430,219397,1094,898,144077,97477,362869,24097,61349,373,36069,35,363,1260,63,1421,4402,347,11482,3567,11,3139,3082,2636,4509,1821,11060,5647,97,334,14111,10288,4318,2276,6110,1360,3248,3637,1917,1366,1151,258,5037,19947,5800,1600,3822,8643,7576,56232,231835,290,8624,3325,4331,3701,3171,3121,4264,2312,21,21332,2095,4990,9634,1563,5368,2201,6550,5110,4857,2845,4364,77,2003,1408,8604,8281,3597,3998,3160,4306,5100,3639,3108,4052,10211,22,73,2033,3421,417,1755,13665,211,9943,15,1169,53,11314,625,11311,9390,26234,178,5014,211,78,1130,3240,732740,445,4000,6974,1726,21,9378,103,696,1197,43003,44325,9436,1270,316,128,282,85,130,3020,1331,2551,3200,5814,2480,1889,20882,448363,807,5291,120402,2003,11382,4267,25422,651,8306,1180,121,4472,3453,5089,4972,1443,1325,255,2014,6199,4656,5145,1333,5126,5541,41549,187,27850,2173,82,31526,11542,40,453,6270,3634,68,15675,3536,628,186,11713,4308,167632,18596,472,2944,4920,2183,2265,4285,883,1480,34,694,141,4311,157,62,313,127,6379,2466,5446,241467,8999,62081,29663,6347,1703,966,685,22815,55,18813,4851,11394,3212,355,3014,57,40915,7190,15926,57203,7389,151065,709,2585,1794,3538,2049,4455,3621,3121,48973,4710,10,161,4534,17,65,3589,3209,11,66,175,32518,90185,79443,20334,44153,5656,10118,138021,161756,40607,101854,114095,120270,2141,211,3076,2860,1060,4052,646,827,321,1192,10851,0.0,0.0,0.0,0.0,0.0,0.0,0.0,0.0,0.0,0.0,0.0,0.0,0.0,0.0,0.0,0.0,0.0,0.0,0.0,0.0,0.0,0.0,0.0,0.0,0.0,0.0,0.0,0.0,0.0,0.0,0.0,0.0,0.0,0.0,0.0,0.0,0.0,0.0,0.0,0.0,0.0,0.0,0.0,0.0,0.0,0.0,0.0,0.0,0.0,0.0,0.0,0.0,0.0,0.0,0.0,0.0,0.0,0.0,0.0,0.0,0.0,0.0,0.0,0.0,0.0,0.0,0.0,0.0,0.0,0.0,0.0,0.0,0.0,0.0,0.0,0.0,0.0,0.0,0.0,0.0,0.0,0.0,0.0,0.0,0.0,0.0,0.0,0.0,0.0,0.0,0.0,0.0,0.0,0.0,0.0,0.0,0.0,0.0,0.0,0.0,0.0,0.0,0.0,0.0,0.0,0.0,0.0,0.0,0.0,0.0,0.0,0.0,0.0,0.0,0.0,0.0,0.0,0.0,0.0,0.0,0.0,0.0,0.0,0.0,0.0,0.0,0.0,0.0,0.0,0.0,0.0,0.0,0.0,0.0,0.0,0.0,0.0,0.0,0.0,0.0,0.0,0.0,0.0,0.0,0.0,0.0,0.0,0.0,0.0,0.0
ENCFF000ZGI,0.09919187003803225,71603,165,4082,25362,574,123842,5978,202,359,246,437,2708,2176,4570,10881,27508,2143,296,5252,5734,85,416,57,18,13,759,3840,2780,12228,2545,167,181,354,1425,1326,142,1337,12,5,6790,7761,37,468,84,48,564,5474,12725,422,375,947,1242,322,235,5844,86,255,296,70,482,1188,353,9628,184,241,871,31,38442,37382,4885,895,599,1531,3408,215,964,424,642,722,183,927,916,2657,392,475,3105,8,780,411,15,838,269,13,1073,1029,13725,145240,8161,1543,20239,29767,2115,26575,884,561,3316,1115,1274,11,2274,5516,6014,26,3969,30531,1676,17049,314,1348,1637,6624,551,23389,1113,6425,4289,507,1711,408,74,21638,6430,2292,12606,5065,7586,19387,583,3822,3838,941,3086,30932,250,715,62,56,20,18,1507,191,480,9723,3147,539,2695,26203,2505,254,930,376,407,2279,2986,2544,3557,25,143,17,819,13,1669,525,392,295,64,22,772,1146,815,11276,4919,42138,2026,22723,30108,15202,22531,12405,23703,183,23875,28129,11533,6409,19987,13431,3632,728,805,632,132,483,834,98,46,12,16,4364,176,24244,9390,5774,136,149439,28460,3261,19441,16784,918,490,29953,13927,44492,2790,29213,105,28846,41,368,835,53,255,774,220,3542,1774,68,578,806,541,788,326,1909,1132,200,306,3980,2119,1705,1618,1082,312,547,633,319,300,213,339,950,4436,995,305,1348,2384,2194,8193,41929,1896,2293,2822,1092,666,526,578,826,474,128,5882,434,733,4220,293,1617,344,3591,921,846,587,845,547,441,511,2053,2169,653,804,627,1799,1249,820,718,830,4098,21,31,323,564,760,308,11122,60,7342,19,380,497,5831,429,4817,6546,5477,19,2064,87,106,888,3446,59717,641,1512,1712,830,215,2445,107,155,419,13257,5980,2576,824,18,221,64,9,41,580,680,1768,420,3056,399,437,981,31888,458,2092,94364,413,4266,836,4472,3763,2189,236,1640,5345,669,766,852,295,363,240,20228,989,793,869,571,919,988,21865,31,8526,1761,15,21889,5626,264,157,4933,373,23,7034,735,2171,222,2361,986,15472,2237,978,701,856,387,939,789,1190,636,25,1001,8,1871,193,37,121,657,112,389,579,17564,1421,7240,4089,878,339,487,85,24458,565,14756,1733,8515,683,278,2166,20,28245,4307,8524,36919,3902,11974,212,62,257,1023,433,831,646,1454,4606,865,78,565,951,8,21,2464,2551,3,777,107,20509,37305,25432,6639,28161,3376,551,58546,78650,11366,36272,57397,65622,199,85,638,564,171,723,895,542,303,468,6398,0.0,0.0,0.0,0.0,0.0,0.0,0.0,0.0,0.0,0.0,0.0,0.0,0.0,0.0,0.0,0.0,0.0,0.0,0.0,0.0,0.0,0.0,0.0,0.0,0.0,0.0,0.0,0.0,0.0,0.0,0.0,0.0,0.0,0.0,0.0,0.0,0.0,0.0,0.0,0.0,0.0,0.0,0.0,0.0,0.0,0.0,0.0,0.0,0.0,0.0,0.0,0.0,0.0,0.0,0.0,0.0,0.0,0.0,0.0,0.0,0.0,0.0,0.0,0.0,0.0,0.0,0.0,0.0,0.0,0.0,0.0,0.0,0.0,0.0,0.0,0.0,0.0,0.0,0.0,0.0,0.0,0.0,0.0,0.0,0.0,0.0,0.0,0.0,0.0,0.0,0.0,0.0,0.0,0.0,0.0,0.0,0.0,0.0,0.0,0.0,0.0,0.0,0.0,0.0,0.0,0.0,0.0,0.0,0.0,0.0,0.0,0.0,0.0,0.0,0.0,0.0,0.0,0.0,0.0,0.0,0.0,0.0,0.0,0.0,0.0,0.0,0.0,0.0,0.0,0.0,0.0,0.0,0.0,0.0,0.0,0.0,0.0,0.0,0.0,0.0,0.0,0.0,0.0,0.0,0.0,0.0,0.0,0.0,0.0,0.0
ENCFF648WNU,0.17797419505682965,133086,192,3149,45424,739,100426,5280,243,360,233,431,2734,2889,7457,28952,25534,3144,303,4149,4926,128,546,57,42,45,925,8355,2732,22239,2722,202,432,394,1511,1423,234,1570,18,15,6108,7786,17,459,28,67,574,4678,21391,1128,511,816,1263,282,160,4868,121,300,419,91,528,1242,318,11309,271,183,2718,48,41003,41709,4898,894,598,2536,3355,216,1062,414,670,818,213,874,992,2826,384,455,3138,11,815,387,6,757,90,24,811,1242,20356,134139,7480,89,20689,29571,2101,25947,993,572,3727,1067,1221,9,2071,5447,5394,50,3916,23424,2224,28185,506,1986,2036,6580,886,44181,1239,4838,2101,494,1943,251,85,19442,9536,4513,16134,6873,7927,20304,1754,4044,2448,992,3767,50895,238,1363,83,75,31,17,1500,156,402,8904,3425,496,3131,46631,3223,306,967,748,582,2452,3701,3345,3724,64,86,17,937,13,1531,540,711,174,191,11,850,508,818,10828,5143,34672,1914,22492,26083,12561,29025,11028,22909,188,20134,24458,8096,6881,17256,13836,4407,828,1854,563,53,413,775,80,32,11,24,3558,237,33886,10576,7829,194,158455,32315,3725,21506,20876,787,426,33093,16751,51618,5423,34156,215,34577,38,216,574,85,242,872,199,3292,1640,28,643,845,514,780,357,2156,1306,247,219,3953,2391,1545,2203,1134,302,519,618,295,255,207,352,939,4243,1504,280,1409,1902,1836,8070,32970,5767,2044,2262,1096,702,608,592,828,552,127,5014,410,657,3888,300,1273,301,3406,923,913,541,776,216,390,697,2023,1973,693,794,549,1802,1275,664,702,852,3475,22,18,323,561,344,262,10700,119,7130,12,406,26,4885,551,5364,5156,6347,17,1973,92,112,1193,2691,67663,998,2121,1756,891,599,2402,100,130,429,12719,5192,2605,928,13,158,92,14,37,538,1126,1979,503,3114,440,402,1231,53588,722,1877,93246,455,4262,830,4399,9415,2208,201,3903,12406,621,854,945,306,351,342,52385,1041,758,910,443,1004,1029,18845,28,8168,1659,13,20498,5345,33,231,5630,493,65,5703,701,1039,203,2615,988,16304,3228,1520,631,907,344,974,723,1066,634,15,784,11,1460,75,34,138,1311,166,592,572,41846,1920,9009,5413,1336,452,670,207,24652,748,12178,2450,9201,1045,330,2389,24,23527,4313,7992,33611,3037,13579,364,184,290,1194,357,882,643,1309,6352,911,32,608,884,27,28,2865,2871,9,1744,133,17060,31454,23963,5877,25350,3039,275,56370,66033,11244,32521,48477,57864,242,135,657,586,175,796,878,278,358,525,5477,0.0,0.0,0.0,0.0,0.0,0.0,0.0,0.0,0.0,0.0,0.0,0.0,0.0,0.0,0.0,0.0,0.0,0.0,0.0,0.0,0.0,0.0,0.0,0.0,0.0,0.0,0.0,0.0,0.0,0.0,0.0,0.0,0.0,0.0,0.0,0.0,0.0,0.0,0.0,0.0,0.0,0.0,0.0,0.0,0.0,0.0,0.0,0.0,0.0,0.0,0.0,0.0,0.0,0.0,0.0,0.0,0.0,0.0,0.0,0.0,0.0,0.0,0.0,0.0,0.0,0.0,0.0,0.0,0.0,0.0,0.0,0.0,0.0,0.0,0.0,0.0,0.0,0.0,0.0,0.0,0.0,0.0,0.0,0.0,0.0,0.0,0.0,0.0,0.0,0.0,0.0,0.0,0.0,0.0,0.0,0.0,0.0,0.0,0.0,0.0,0.0,0.0,0.0,0.0,0.0,0.0,0.0,0.0,0.0,0.0,0.0,0.0,0.0,0.0,0.0,0.0,0.0,0.0,0.0,0.0,0.0,0.0,0.0,0.0,0.0,0.0,0.0,0.0,0.0,0.0,0.0,0.0,0.0,0.0,0.0,0.0,0.0,0.0,0.0,0.0,0.0,0.0,0.0,0.0,0.0,0.0,0.0,0.0,0.0,0.0
ENCFF001RUO,0.17125055751217294,122490,176,3688,31066,440,136440,16077,390,586,741,2184,4539,2060,5198,16733,21957,4033,1324,6486,10213,351,1607,111,196,140,2098,6891,4609,19341,9005,617,204,758,2578,2330,55,3542,29,35,16502,21936,69,1095,24,63,1152,9454,13806,662,1331,1222,1794,923,791,14637,338,688,1239,270,2250,2309,132,4277,301,392,1850,165,45730,75646,16045,1482,855,2995,12771,786,1832,758,920,1110,282,1256,1801,6636,615,709,4841,28,1128,756,31,2220,246,48,1607,1109,8507,290706,19262,193,53170,69597,3445,60281,1782,835,10696,2906,2853,59,5959,15133,15795,412,8940,68207,1842,34645,218,1053,1448,13780,544,36562,1605,12669,5434,1145,5280,762,289,62399,6702,5959,11325,5597,32908,59449,543,6775,3465,1634,7906,26525,615,1019,95,188,36,76,5004,608,955,20579,8992,1151,7062,30500,2786,1002,1643,2114,1622,4942,8578,8859,13446,101,212,95,1249,64,1900,765,1914,1749,47,6,707,1478,1511,27007,13570,82825,3601,38410,55159,22588,28880,21132,41054,590,47954,56250,23317,18095,44277,35545,8845,1418,1442,966,77,696,1227,309,94,48,373,9114,233,31099,14093,4923,403,263079,57967,6396,46185,11316,2462,1912,56256,26255,58185,3613,92642,293,100537,88,715,2432,159,392,1292,912,6137,5318,78,831,1246,766,1152,562,3586,2141,582,508,8778,5215,3425,7166,1780,383,1009,910,488,472,326,915,1388,6901,1332,479,2726,3667,2890,7906,11669,4269,3703,7001,1967,963,816,732,1175,589,190,15338,720,1375,9547,424,2895,653,6710,1382,1318,696,1196,596,617,738,3466,2740,977,1145,1106,4562,2451,1323,982,1224,5288,82,95,572,883,1377,654,33766,650,20328,71,813,225,12753,1998,15797,13483,15115,44,5563,398,259,2402,9500,64791,1791,5000,3501,2075,275,3501,400,491,2203,25098,8905,5804,3139,238,460,183,23,106,820,2686,4700,969,6150,779,793,1391,37800,787,2821,226052,561,11665,1207,8101,7509,3270,468,2154,10062,1017,1455,1649,556,571,659,38150,1856,1260,1632,802,1605,1860,45567,183,18891,3563,82,57507,14452,69,596,12162,2335,181,10922,1000,3700,485,5183,1477,13893,2345,1707,970,1572,668,1572,1136,3531,977,71,1719,95,3552,233,116,564,1115,695,388,725,32661,1184,8489,5025,1011,887,1725,636,77521,414,28666,2890,24958,3131,467,5923,51,52494,9679,18841,76959,1992,12340,254,527,547,1475,596,1514,862,1787,10538,1403,31,630,1349,70,57,8398,9087,21,1080,379,48337,55682,40824,9921,61910,7124,629,91194,137770,17093,56157,105238,134087,297,225,922,965,328,1040,2272,749,786,1407,12299,0.0,0.0,0.0,0.0,0.0,0.0,0.0,0.0,0.0,0.0,0.0,0.0,0.0,0.0,0.0,0.0,0.0,0.0,0.0,0.0,0.0,0.0,0.0,0.0,0.0,0.0,0.0,0.0,0.0,0.0,0.0,0.0,0.0,0.0,0.0,0.0,0.0,0.0,0.0,0.0,0.0,0.0,0.0,0.0,0.0,0.0,0.0,0.0,0.0,0.0,0.0,0.0,0.0,0.0,0.0,0.0,0.0,0.0,0.0,0.0,0.0,0.0,0.0,0.0,0.0,0.0,0.0,0.0,0.0,0.0,0.0,0.0,0.0,0.0,0.0,0.0,0.0,0.0,0.0,0.0,0.0,0.0,0.0,0.0,0.0,0.0,0.0,0.0,0.0,0.0,0.0,0.0,0.0,0.0,0.0,0.0,0.0,0.0,0.0,0.0,0.0,0.0,0.0,0.0,0.0,0.0,0.0,0.0,0.0,0.0,0.0,0.0,0.0,0.0,0.0,0.0,0.0,0.0,0.0,0.0,0.0,0.0,0.0,0.0,0.0,0.0,0.0,0.0,0.0,0.0,0.0,0.0,0.0,0.0,0.0,0.0,0.0,0.0,0.0,0.0,0.0,0.0,0.0,0.0,0.0,0.0,0.0,0.0,0.0,0.0
ENCFF016XWU,0.1323382448733911,74104,103,3082,39872,621,127195,11536,550,553,293,677,5784,2833,5443,16801,26548,2191,1273,6185,5513,126,837,80,247,171,1777,3991,4831,19856,4404,162,54,593,3239,3393,33,3670,58,6,8859,10717,225,425,162,34,904,8884,21717,298,1280,2318,2417,219,352,5511,121,456,374,444,1585,3235,389,8377,278,405,1100,240,36058,50949,5276,2081,1155,3099,5763,59,2311,1074,1162,1572,448,2135,2241,2921,772,1230,6026,58,1431,1334,35,1427,655,100,2808,892,8212,160730,8163,216,24302,38829,4992,33390,2357,1283,4356,1905,2464,91,3959,7691,9435,807,5720,34880,1711,50934,203,1028,1199,7140,531,82681,2027,6057,2496,652,2301,192,232,29947,5888,1620,15924,7257,12735,29222,98,6537,5795,1993,4077,42586,804,315,107,140,79,51,2090,599,834,11224,3930,388,4378,38252,2627,366,2481,5170,4104,3107,5017,5874,6530,67,175,43,1796,81,2035,1001,1010,320,10,19,725,494,2222,11557,5906,40693,3395,21506,33813,13492,25614,16577,30402,244,26470,34040,9186,9599,27171,17837,4866,1147,301,322,29,1308,2099,173,69,66,57,4351,282,30589,8289,8652,525,134275,33337,3737,21184,14620,1253,592,31990,15141,42742,2970,42167,130,40649,101,291,930,88,573,1624,299,6364,2545,66,1328,1139,1156,1759,974,4183,2087,163,245,6871,4752,2375,3276,2866,576,1652,1420,828,510,430,333,1733,5065,1119,659,1774,4288,2865,8537,36011,3389,3910,3447,1909,1445,1092,1145,1526,836,68,10119,974,2843,6195,591,2408,994,5264,3118,1872,1795,1691,157,721,654,4334,3111,1687,1341,1326,2917,2716,1795,1078,2001,4401,39,33,761,1438,696,412,13380,422,9448,44,234,86,6093,659,7826,7085,8130,96,3014,396,125,1867,3208,75985,608,2128,3610,1251,31,3277,183,1324,1679,23284,7345,7533,1637,185,228,382,24,270,1061,1181,2221,1390,5218,1122,832,1924,68917,291,2831,117274,715,6815,1784,10004,4517,2976,533,473,4502,1336,1931,1962,605,532,120,36448,2742,1787,1752,601,1841,2149,28618,259,18317,1662,194,30507,8381,34,501,5927,1351,212,9775,1298,1167,256,5718,1743,30858,1718,799,1294,1853,1217,1262,1596,1499,917,75,1461,118,2900,322,190,132,270,777,244,893,28281,1180,7903,4117,686,759,1222,562,32655,262,12109,1728,9977,2461,80,2623,26,39861,7307,11408,46174,1759,20289,158,535,762,1793,952,1722,1387,1736,6051,1714,9,140,1796,39,136,3245,3160,28,222,109,27346,32935,26772,6653,30707,4722,785,59104,82164,11836,33511,63395,76628,255,79,1108,1138,544,1580,807,719,339,898,7569,0.0,0.0,0.0,0.0,0.0,0.0,0.0,0.0,0.0,0.0,0.0,0.0,0.0,0.0,0.0,0.0,0.0,0.0,0.0,0.0,0.0,0.0,0.0,0.0,0.0,0.0,0.0,0.0,0.0,0.0,0.0,0.0,0.0,0.0,0.0,0.0,0.0,0.0,0.0,0.0,0.0,0.0,0.0,0.0,0.0,0.0,0.0,0.0,0.0,0.0,0.0,0.0,0.0,0.0,0.0,0.0,0.0,0.0,0.0,0.0,0.0,0.0,0.0,0.0,0.0,0.0,0.0,0.0,0.0,0.0,0.0,0.0,0.0,0.0,0.0,0.0,0.0,0.0,0.0,0.0,0.0,0.0,0.0,0.0,0.0,0.0,0.0,0.0,0.0,0.0,0.0,0.0,0.0,0.0,0.0,0.0,0.0,0.0,0.0,0.0,0.0,0.0,0.0,0.0,0.0,0.0,0.0,0.0,0.0,0.0,0.0,0.0,0.0,0.0,0.0,0.0,0.0,0.0,0.0,0.0,0.0,0.0,0.0,0.0,0.0,0.0,0.0,0.0,0.0,0.0,0.0,0.0,0.0,0.0,0.0,0.0,0.0,0.0,0.0,0.0,0.0,0.0,0.0,0.0,0.0,0.0,0.0,0.0,0.0,0.0
ENCFF796VRG,0.173999610467839,177506,88,2112,21411,186,36933,4904,239,209,242,415,2317,1146,2512,14692,8889,1778,660,2534,3803,99,555,63,45,72,776,15607,2752,14341,3089,230,262,376,1431,1285,98,1635,8,1,5914,9347,38,567,28,29,449,4749,16526,1686,434,899,1073,438,271,5411,108,301,300,100,655,1080,84,4180,1180,63,4527,34,26422,39532,6004,810,544,2128,4142,289,962,462,591,682,169,755,857,2880,353,511,2945,8,659,428,14,920,157,25,1173,694,4388,133376,8419,92,22896,33634,1926,28908,1118,478,4382,1313,1433,22,2559,6654,6868,133,3327,28014,878,17137,95,471,760,6292,232,30244,898,4728,2110,589,2089,454,103,25833,4487,7661,21052,3318,10529,26493,1501,3260,1297,904,4087,17096,176,1908,46,69,21,22,2028,250,278,7257,3532,432,2545,23378,2197,424,863,1084,1048,2378,3936,3593,4618,35,76,52,815,34,1204,454,1011,194,123,36,691,637,806,12154,6060,37894,1769,18211,23730,10465,23845,10473,21156,224,22647,26618,9506,7624,19017,14770,3965,736,2587,302,128,465,808,130,29,12,30,3341,91,27323,7239,3643,353,108363,24766,4121,20384,8326,954,371,26706,11251,29923,1054,34081,93,33328,10,247,542,32,227,645,213,3153,2188,22,533,691,487,658,365,1830,1107,176,164,4472,2475,1602,2146,1070,243,533,557,306,264,177,357,970,3427,714,266,1272,1897,1563,7968,39468,11478,1863,2633,1009,600,517,480,744,385,106,5931,383,888,3968,263,1320,370,3215,908,744,511,770,152,359,528,1984,1629,552,727,630,1791,1293,676,621,817,3348,27,33,297,503,375,164,12598,81,7292,14,313,55,5256,650,5722,4812,5443,12,2301,62,119,778,3510,36792,1317,2052,1672,826,826,2065,148,253,822,11545,3541,2527,1212,38,141,67,11,18,487,1501,1895,465,2945,430,387,946,28825,1120,1582,97564,371,5209,749,4318,17135,1917,220,6050,13683,598,805,797,321,349,346,77280,938,744,831,427,832,1016,20265,42,9254,1454,29,21101,5278,23,243,4339,613,15,5487,654,1006,169,2588,838,9233,1673,2336,616,842,421,855,706,992,420,14,598,8,1401,100,44,165,1905,185,167,416,17578,507,5438,2452,484,445,653,133,29165,692,11851,2424,9400,1274,173,2353,9,23516,4506,7505,32346,2940,12503,155,79,290,1451,358,794,572,1037,3879,777,22,1383,795,35,33,3406,3529,32,2225,108,20903,28304,21363,5229,28530,3464,263,53550,67124,8705,28394,51518,62976,122,115,538,508,188,690,849,285,306,599,5197,0.0,0.0,0.0,0.0,0.0,0.0,0.0,0.0,0.0,0.0,0.0,0.0,0.0,0.0,0.0,0.0,0.0,0.0,0.0,0.0,0.0,0.0,0.0,0.0,0.0,0.0,0.0,0.0,0.0,0.0,0.0,0.0,0.0,0.0,0.0,0.0,0.0,0.0,0.0,0.0,0.0,0.0,0.0,0.0,0.0,0.0,0.0,0.0,0.0,0.0,0.0,0.0,0.0,0.0,0.0,0.0,0.0,0.0,0.0,0.0,0.0,0.0,0.0,0.0,0.0,0.0,0.0,0.0,0.0,0.0,0.0,0.0,0.0,0.0,0.0,0.0,0.0,0.0,0.0,0.0,0.0,0.0,0.0,0.0,0.0,0.0,0.0,0.0,0.0,0.0,0.0,0.0,0.0,0.0,0.0,0.0,0.0,0.0,0.0,0.0,0.0,0.0,0.0,0.0,0.0,0.0,0.0,0.0,0.0,0.0,0.0,0.0,0.0,0.0,0.0,0.0,0.0,0.0,0.0,0.0,0.0,0.0,0.0,0.0,0.0,0.0,0.0,0.0,0.0,0.0,0.0,0.0,0.0,0.0,0.0,0.0,0.0,0.0,0.0,0.0,0.0,0.0,0.0,0.0,0.0,0.0,0.0,0.0,0.0,0.0
ENCFF206FVJ,0.16165553668525814,91737,515,10847,97403,2754,270411,13827,721,1062,668,1248,10844,11925,23344,47936,80379,8851,868,13655,18284,289,1304,191,34,92,3084,437,10063,69177,8148,609,341,1208,5229,4783,96,5455,122,15,22437,24356,87,1362,163,136,1320,16171,69678,134,1267,3763,4559,1049,625,11750,302,638,1101,605,1649,3720,1752,37763,2442,847,371,26,144385,128694,13012,3139,2230,2645,9070,377,3539,1363,2497,3009,650,3007,3361,8396,1096,1594,11590,31,2704,1292,45,2500,509,31,3259,4203,52735,436406,28016,393,70318,103873,7389,88861,3179,1931,12674,5038,6827,79,7105,16540,16428,212,14159,71471,7949,79921,2255,9586,9241,25049,4663,117088,4552,16442,7505,2143,5656,804,291,58873,32733,396,92685,23032,21057,56902,157,15507,4167,3517,8561,114300,611,457,300,202,65,69,4857,717,867,33711,10392,1385,10488,106193,9882,863,3229,1520,1308,7157,13473,11219,10100,306,424,31,3136,77,5802,1769,2422,283,52,52,1665,2215,2797,34667,16686,105067,6799,85338,93294,44064,93887,39078,83660,578,72203,89348,22697,22420,59528,48177,16201,3348,143,1745,179,1812,2749,341,249,29,82,11714,714,110913,35361,28208,1417,554100,97737,8891,70256,68526,2359,1470,115551,53759,167794,15380,109267,832,98713,76,1113,1808,108,826,2755,519,10518,4159,47,1902,2822,1823,2846,1024,6936,4149,471,552,12407,7472,4713,5659,3615,1242,1690,2419,1013,990,687,1082,3494,16930,4046,1070,4474,6755,6323,37334,140125,576,5993,6543,3643,2644,2121,1984,3115,1721,212,15731,1215,2202,11294,1106,4162,977,11389,3291,3097,2035,2793,285,1303,1657,7102,7632,2490,2928,1973,5322,4054,1886,2559,3129,12379,40,71,1100,1679,895,2101,30401,189,22152,29,1262,163,15403,1296,15798,19541,18624,51,7030,245,409,1413,7675,214274,1204,4472,5654,2367,126,8947,282,273,1252,45058,15455,8556,2834,41,300,314,18,69,2139,2821,5108,1744,9297,1377,1170,6678,130224,959,6624,300582,1469,12270,3109,14528,866,7323,780,272,8356,2423,2834,3131,1052,1115,571,3183,3454,2795,3121,1679,3345,3590,65962,117,26006,6435,66,60064,16929,145,486,25764,1284,111,16886,2700,2229,551,8486,3555,48308,9874,1556,2290,3290,1158,3771,2646,2376,1368,29,2716,57,5081,186,621,300,1099,442,2087,2250,98085,8206,29606,20442,4552,1536,3225,548,71194,320,35248,4634,26296,2439,1020,6565,25,90285,17426,28641,121042,18528,52186,787,610,916,2296,1107,3327,2316,4504,18545,2997,93,362,3176,94,46,8507,7995,31,425,366,55688,124586,92989,22610,87376,9732,1815,179822,254956,40981,128573,179474,206546,613,482,2229,2072,521,2801,2635,723,931,1927,19062,0.0,0.0,0.0,0.0,0.0,0.0,0.0,0.0,0.0,0.0,0.0,0.0,0.0,0.0,0.0,0.0,0.0,0.0,0.0,0.0,0.0,0.0,0.0,0.0,0.0,0.0,0.0,0.0,0.0,0.0,0.0,0.0,0.0,0.0,0.0,0.0,0.0,0.0,0.0,0.0,0.0,0.0,0.0,0.0,0.0,0.0,0.0,0.0,0.0,0.0,0.0,0.0,0.0,0.0,0.0,0.0,0.0,0.0,0.0,0.0,0.0,0.0,0.0,0.0,0.0,0.0,0.0,0.0,0.0,0.0,0.0,0.0,0.0,0.0,0.0,0.0,0.0,0.0,0.0,0.0,0.0,0.0,0.0,0.0,0.0,0.0,0.0,0.0,0.0,0.0,0.0,0.0,0.0,0.0,0.0,0.0,0.0,0.0,0.0,0.0,0.0,0.0,0.0,0.0,0.0,0.0,0.0,0.0,0.0,0.0,0.0,0.0,0.0,0.0,0.0,0.0,0.0,0.0,0.0,0.0,0.0,0.0,0.0,0.0,0.0,0.0,0.0,0.0,0.0,0.0,0.0,0.0,0.0,0.0,0.0,0.0,0.0,0.0,0.0,0.0,0.0,0.0,0.0,0.0,0.0,0.0,0.0,0.0,0.0,0.0
ENCFF246DIP,0.1329940023595691,78306,379,2917,50185,624,199817,13869,690,365,254,698,6276,2439,7661,30250,32012,2144,931,11084,6411,157,770,38,162,168,1945,5179,5531,41482,5547,146,59,604,3899,3601,40,4495,67,32,10679,11523,149,383,120,82,1027,9659,30339,283,1253,2789,2746,228,473,6150,153,424,440,358,1117,4051,806,19803,797,404,1311,403,54303,50892,5795,2303,1449,3308,8891,96,2671,1274,1446,1682,489,2335,2551,3138,888,1399,6980,36,1605,1514,31,1238,2588,128,1758,1432,26724,173977,9784,158,25324,39643,5472,33837,2689,1387,4047,1636,2133,47,4414,8565,8898,195,7405,37616,2128,63398,257,1271,1486,7781,602,100684,2340,6286,2998,527,2465,435,112,30798,7073,2557,36885,10251,16170,29501,514,6241,11938,2194,3784,55149,424,417,97,112,78,48,2077,680,1198,13093,4000,336,5732,50380,3405,275,2800,2469,1480,3180,4551,4597,8656,185,179,168,2128,74,2547,1095,1534,201,30,8,821,572,2522,12599,6154,43711,3969,27016,38997,16093,43039,19925,35587,224,28867,37620,10302,10367,33609,19914,6644,1202,355,1620,36,1544,2372,226,83,70,140,4208,139,70766,11960,9591,554,557648,48240,4599,28090,30309,1177,555,41113,21796,70611,2840,42788,135,38253,66,313,1105,65,752,1759,421,7291,3207,84,1481,1355,1171,2099,1006,4875,2429,294,282,7699,5471,2911,3965,3338,584,1892,1555,1047,631,513,368,2109,6845,1931,772,2017,4618,3470,12615,34634,3768,4406,4236,2068,1641,1310,1315,1794,988,164,11552,1174,3363,6653,732,2668,1126,5563,3245,2328,1663,1961,508,867,884,5005,3586,1723,1608,1546,3146,3075,2232,1189,2202,5495,50,76,855,1649,810,723,15407,337,11094,54,293,95,6673,671,9179,7732,10721,56,3409,202,50,2379,3654,96048,610,2424,3938,1273,34,3974,264,938,1705,26147,13558,11033,1550,109,336,125,39,164,1183,2108,2638,1512,5730,1278,919,2461,78076,307,3086,112051,767,7104,1880,12199,5559,3619,560,702,4564,1551,2188,2298,689,524,103,33655,3077,2176,2091,820,2226,2361,31398,101,20398,1535,59,31981,12345,29,468,6085,1580,143,10202,1466,1485,233,6192,2059,24495,2454,955,1584,2125,1325,1473,1753,1498,1235,51,1285,91,3318,173,119,117,350,992,307,1173,40332,1555,9969,5368,844,862,904,535,31831,300,14843,2008,10012,1646,70,2804,26,44256,8680,13784,52268,1370,24490,209,489,862,2036,1297,1841,1603,3394,10489,1846,23,155,2004,49,80,3245,3044,15,331,208,30341,46232,37802,9410,34271,5201,948,76288,102918,15450,44410,78479,86336,252,84,1345,1213,586,1750,1008,404,346,959,7562,0.0,0.0,0.0,0.0,0.0,0.0,0.0,0.0,0.0,0.0,0.0,0.0,0.0,0.0,0.0,0.0,0.0,0.0,0.0,0.0,0.0,0.0,0.0,0.0,0.0,0.0,0.0,0.0,0.0,0.0,0.0,0.0,0.0,0.0,0.0,0.0,0.0,0.0,0.0,0.0,0.0,0.0,0.0,0.0,0.0,0.0,0.0,0.0,0.0,0.0,0.0,0.0,0.0,0.0,0.0,0.0,0.0,0.0,0.0,0.0,0.0,0.0,0.0,0.0,0.0,0.0,0.0,0.0,0.0,0.0,0.0,0.0,0.0,0.0,0.0,0.0,0.0,0.0,0.0,0.0,0.0,0.0,0.0,0.0,0.0,0.0,0.0,0.0,0.0,0.0,0.0,0.0,0.0,0.0,0.0,0.0,0.0,0.0,0.0,0.0,0.0,0.0,0.0,0.0,0.0,0.0,0.0,0.0,0.0,0.0,0.0,0.0,0.0,0.0,0.0,0.0,0.0,0.0,0.0,0.0,0.0,0.0,0.0,0.0,0.0,0.0,0.0,0.0,0.0,0.0,0.0,0.0,0.0,0.0,0.0,0.0,0.0,0.0,0.0,0.0,0.0,0.0,0.0,0.0,0.0,0.0,0.0,0.0,0.0,0.0
ENCFF814WXD,0.1361940184454667,1774669,17546,10324,89719,798,98743,31364,355,621,525,3033,9003,4123,8583,43721,31650,4514,847,10995,10767,558,1365,134,137,192,4010,177612,5591,48618,8121,624,5315,2111,5659,4713,5019,6005,98,811,26624,23432,265,1410,56,3719,3332,11759,38725,19384,860,1183,1938,1010,1816,18476,331,779,890,602,2310,4476,813,24405,753,1327,44039,1432,85560,82920,21746,3847,932,35109,18467,531,4327,673,1070,1489,248,1238,3695,7027,594,627,5124,25,1126,644,79,2880,424,82,3252,1843,31216,323197,22355,113,59451,89543,4824,75751,5556,798,13519,5283,5702,77,9472,22933,23336,577,10587,74112,4429,46592,515,2588,2659,18373,1063,72834,3453,13314,6365,3067,6531,710,332,77326,13671,94561,53177,10251,54226,57757,18500,9726,5052,5942,23688,52116,1637,20489,274,254,139,98,4263,700,5593,19503,9636,1135,10426,88442,4403,779,4323,3958,3453,6309,10912,8990,24489,241,554,155,1311,59,2236,734,13401,4652,2014,20,10683,1567,3627,36695,13939,111111,3563,46070,60295,29236,46765,27485,48521,475,58200,67167,21806,18210,65611,38925,28556,1575,30687,1498,246,620,1112,498,182,90,331,8356,393,59489,18260,10804,652,2357968,70612,23355,48401,40786,2413,2123,71026,42778,97921,5035,111432,489,102785,190,834,3432,2268,349,2958,3365,7042,6802,320,710,1168,669,1057,480,9008,4242,3567,1137,7320,8060,3623,11928,1473,407,780,993,412,417,343,2277,1246,10906,1617,430,2910,7124,5326,19063,46358,90653,6317,12810,2344,2484,2851,742,1255,602,1424,27260,646,1037,14825,526,3305,514,7319,1122,2452,604,1085,1979,586,3691,3187,3376,1000,1113,879,5137,2185,1097,909,1075,5305,57,64,518,807,1621,400,33106,260,28344,46,1126,116,13229,1953,21090,15436,14695,48,5154,139,511,2272,7674,98005,10449,11524,6565,1898,5445,7913,448,1169,1723,33861,13741,13360,2827,121,1361,162,32,148,833,3580,4936,3483,7667,573,576,2159,108524,5847,2919,252839,3116,11399,1452,11960,178875,4192,410,66254,153325,959,4154,4058,472,558,2747,769214,5021,1938,4793,1550,4577,3934,52049,106,18723,5167,69,72067,14724,97,666,18781,4879,257,10237,1005,4256,796,9196,3789,43124,4318,34024,961,3297,546,1580,1142,3361,1513,74,2001,59,5736,443,73,502,17899,1784,926,1311,51979,2304,11360,7652,1574,903,4475,474,86339,17709,33307,27114,24486,3095,627,5764,426,79564,14505,24496,132559,4267,25970,2377,592,403,11737,10300,4765,860,2926,10929,4050,157,20429,1206,116,105,8964,8418,29,36654,557,52965,76004,57928,13306,69566,8593,684,137757,183221,24105,76709,135124,168601,675,358,907,882,293,1091,4215,589,895,1597,12519,0.0,0.0,0.0,0.0,0.0,0.0,0.0,0.0,0.0,0.0,0.0,0.0,0.0,0.0,0.0,0.0,0.0,0.0,0.0,0.0,0.0,0.0,0.0,0.0,0.0,0.0,0.0,0.0,0.0,0.0,0.0,0.0,0.0,0.0,0.0,0.0,0.0,0.0,0.0,0.0,0.0,0.0,0.0,0.0,0.0,0.0,0.0,0.0,0.0,0.0,0.0,0.0,0.0,0.0,0.0,0.0,0.0,0.0,0.0,0.0,0.0,0.0,0.0,0.0,0.0,0.0,0.0,0.0,0.0,0.0,0.0,0.0,0.0,0.0,0.0,0.0,0.0,0.0,0.0,0.0,0.0,0.0,0.0,0.0,0.0,0.0,0.0,0.0,0.0,0.0,0.0,0.0,0.0,0.0,0.0,0.0,0.0,0.0,0.0,0.0,0.0,0.0,0.0,0.0,0.0,0.0,0.0,0.0,0.0,0.0,0.0,0.0,0.0,0.0,0.0,0.0,0.0,0.0,0.0,0.0,0.0,0.0,0.0,0.0,0.0,0.0,0.0,0.0,0.0,0.0,0.0,0.0,0.0,0.0,0.0,0.0,0.0,0.0,0.0,0.0,0.0,0.0,0.0,0.0,0.0,0.0,0.0,0.0,0.0,0.0
ENCFF269DXG,0.06000290741318337,800733,3407,4783,585,5,23134,1328,49,115,115,824,495,87,354,57,3,842,249,1614,2642,112,440,100,45,13,224,16213,684,225,1464,413,3139,927,399,306,799,465,9,0,3859,4664,9,288,8,1033,84,1230,120,6484,94,156,307,229,475,34922,81,193,102,35,336,290,2,3,46,167,1592,1,13376,53594,13003,192,180,14678,3249,148,221,106,185,224,39,186,229,1789,75,103,769,22,166,102,165,913,23,0,388,138,76,91979,4368,19,53464,18888,525,16877,281,133,2391,783,788,2,48011,22616,6286,312,3004,38871,104,3505,0,1,156,3297,0,83,171,3833,1915,331,1296,164,30,12004,718,11505,194,653,5646,22991,26243,1780,114,209,3554,767,68,4698,2,40,40,4,846,100,194,5545,1807,359,1162,542,267,1331,214,317,255,801,1279,1082,11935,39,77,8,178,2,337,154,576,794,530,0,5669,233,211,9611,3449,41792,788,17023,20507,4174,3378,7867,38162,40,13907,14863,7319,5781,17914,50568,2677,207,745,121,15,69,182,52,51,21,4,2381,6,3800,2755,4,17,200529,10166,2661,13291,446,394,673,12259,5105,8593,108,24056,37,19017,21,108,1012,0,49,170,99,884,917,1,100,164,103,176,75,464,292,3809,51,1871,828,649,2558,212,55,97,133,118,55,62,763,216,1757,713,89,585,516,409,695,181,23101,634,17198,347,133,126,123,185,126,379,3596,87,152,2304,66,478,64,1252,182,212,124,174,14,108,1083,533,423,158,210,132,1393,401,113,150,177,829,114,7,67,114,161,5,11007,24,8745,19,241,27,2131,233,13009,3696,2131,0,926,43,66,36,1538,5668,545,4005,5859,451,104,534,64,21,235,4690,1928,575,536,59,287,57,0,1,168,32,1034,100,1016,80,76,95,376,2063,389,60928,615,2503,183,1023,18106,597,91,12131,38768,177,224,209,60,57,207,198646,198,193,200,294,161,222,10327,22,3201,2005,7,59385,3785,0,114,3144,398,21,1919,180,377,301,791,206,153,118,5120,116,201,77,254,175,642,27,2,1612,121,637,70,20,83,4177,277,24,90,992,15,943,430,51,75,337,1,33122,1602,7843,508,5121,448,72,1654,3,13407,2255,3452,47326,318,306,420,18,59,287,1982,216,134,306,483,222,4,4749,225,0,0,4677,1630,2,3602,171,8358,14662,21947,1748,12657,1774,70,15511,34315,5527,13281,25747,28489,112,129,157,142,37,132,496,104,429,174,2854,0.0,0.0,0.0,0.0,0.0,0.0,0.0,0.0,0.0,0.0,0.0,0.0,0.0,0.0,0.0,0.0,0.0,0.0,0.0,0.0,0.0,0.0,0.0,0.0,0.0,0.0,0.0,0.0,0.0,0.0,0.0,0.0,0.0,0.0,0.0,0.0,0.0,0.0,0.0,0.0,0.0,0.0,0.0,0.0,0.0,0.0,0.0,0.0,0.0,0.0,0.0,0.0,0.0,0.0,0.0,0.0,0.0,0.0,0.0,0.0,0.0,0.0,0.0,0.0,0.0,0.0,0.0,0.0,0.0,0.0,0.0,0.0,0.0,0.0,0.0,0.0,0.0,0.0,0.0,0.0,0.0,0.0,0.0,0.0,0.0,0.0,0.0,0.0,0.0,0.0,0.0,0.0,0.0,0.0,0.0,0.0,0.0,0.0,0.0,0.0,0.0,0.0,0.0,0.0,0.0,0.0,0.0,0.0,0.0,0.0,0.0,0.0,0.0,0.0,0.0,0.0,0.0,0.0,0.0,0.0,0.0,0.0,0.0,0.0,0.0,0.0,0.0,0.0,0.0,0.0,0.0,0.0,0.0,0.0,0.0,0.0,0.0,0.0,0.0,0.0,0.0,0.0,0.0,0.0,0.0,0.0,0.0,0.0,0.0,0.0
ENCFF002EIG,0.17862424005497043,71969,208,2543,33891,709,115402,5169,198,350,294,436,2300,3021,5003,11229,27528,2441,433,4227,4767,171,613,177,59,29,809,4403,2581,28161,3137,263,224,402,1478,1313,114,1498,10,10,5313,9608,43,557,18,64,450,4769,22563,484,434,719,1145,404,214,6118,135,283,291,96,611,1182,213,10310,243,461,1226,36,36986,36365,6555,830,529,1651,4877,297,1000,425,647,766,197,777,853,3190,362,464,2699,21,770,445,48,1144,144,22,994,942,11531,143614,8846,115,24205,34899,2041,29483,950,510,4755,1439,1624,22,2595,6620,6515,154,3713,28971,1975,32725,455,1823,1827,7310,799,48553,1007,5257,2477,585,2403,372,131,26518,8228,3063,19465,5098,10858,24845,799,3381,2848,968,3331,23139,386,771,77,83,43,33,1987,290,441,8757,4277,626,3094,32754,2464,435,948,793,638,2377,3559,3026,4601,32,145,54,841,25,1389,469,500,102,66,12,631,632,787,12756,6282,37209,1753,22972,26775,10778,22552,10336,21962,228,22804,26613,8685,7712,18097,14926,4115,713,879,531,40,433,725,168,68,21,24,3227,248,27353,8925,9414,215,144254,27556,3200,21712,17543,967,487,30926,13813,42593,3414,36471,121,37293,39,272,550,47,256,725,185,3010,2008,35,533,730,435,776,353,2095,1183,235,192,3953,2414,1744,2170,956,244,560,559,325,300,215,454,895,3765,921,289,1456,1998,1658,7532,27815,2695,1904,2750,1110,646,473,547,726,397,167,5912,394,669,4599,325,1454,321,3184,845,837,453,724,232,403,589,1950,1995,666,771,591,2309,1289,636,668,797,3052,29,29,342,508,560,277,12751,128,8964,26,493,153,5804,618,6150,5725,5451,26,2235,88,158,798,3428,45657,759,1790,1756,907,225,2083,156,199,622,11650,4809,2500,1323,27,495,109,8,68,519,1977,2424,478,3208,408,399,1173,42579,480,1675,107856,389,4936,798,4205,4478,2073,248,1980,6725,683,820,883,330,333,304,22762,921,786,837,455,859,1011,20736,50,8148,1743,10,22758,5433,31,252,4745,557,50,5325,675,1215,249,2459,958,21488,2235,961,614,875,354,983,713,1086,158,4,768,18,1551,113,22,136,738,156,531,468,20015,1675,7022,4326,1054,416,689,116,32293,466,12828,1951,10612,1116,275,2371,15,25592,4412,8589,35568,2222,15933,253,108,301,870,417,909,598,1058,5474,762,33,564,799,21,31,3479,3801,12,842,190,20863,30789,22410,5697,29610,3350,252,52052,70777,9708,31741,51669,65294,266,136,596,585,182,662,1165,221,447,562,5641,0.0,0.0,0.0,0.0,0.0,0.0,0.0,0.0,0.0,0.0,0.0,0.0,0.0,0.0,0.0,0.0,0.0,0.0,0.0,0.0,0.0,0.0,0.0,0.0,0.0,0.0,0.0,0.0,0.0,0.0,0.0,0.0,0.0,0.0,0.0,0.0,0.0,0.0,0.0,0.0,0.0,0.0,0.0,0.0,0.0,0.0,0.0,0.0,0.0,0.0,0.0,0.0,0.0,0.0,0.0,0.0,0.0,0.0,0.0,0.0,0.0,0.0,0.0,0.0,0.0,0.0,0.0,0.0,0.0,0.0,0.0,0.0,0.0,0.0,0.0,0.0,0.0,0.0,0.0,0.0,0.0,0.0,0.0,0.0,0.0,0.0,0.0,0.0,0.0,0.0,0.0,0.0,0.0,0.0,0.0,0.0,0.0,0.0,0.0,0.0,0.0,0.0,0.0,0.0,0.0,0.0,0.0,0.0,0.0,0.0,0.0,0.0,0.0,0.0,0.0,0.0,0.0,0.0,0.0,0.0,0.0,0.0,0.0,0.0,0.0,0.0,0.0,0.0,0.0,0.0,0.0,0.0,0.0,0.0,0.0,0.0,0.0,0.0,0.0,0.0,0.0,0.0,0.0,0.0,0.0,0.0,0.0,0.0,0.0,0.0
ENCFF000WQL,0.16677786924472693,65797,613,4298,43601,731,112973,13807,347,747,347,828,4207,5693,12847,30725,39193,4534,563,7011,7083,220,880,127,105,124,1741,4004,4033,23716,4539,338,253,775,2385,2278,139,2546,38,53,9172,13390,85,815,81,226,1115,7003,23789,214,700,1243,1846,575,385,8231,213,408,500,205,949,1949,530,14712,845,789,1060,157,55657,55211,8775,1383,880,1814,7377,375,1580,640,997,1102,261,1225,1521,4528,562,691,4413,25,1127,639,27,1599,240,47,1281,1589,17093,201780,12993,150,35436,50993,3170,43758,1537,774,6369,2039,2291,34,3702,9382,9367,367,5167,39745,3377,32444,524,2041,2321,10665,856,46229,1724,7497,3698,985,3279,552,188,38157,18538,15051,29343,11586,16301,34607,540,5543,4304,1535,4536,49810,770,579,150,131,61,99,2914,367,952,12571,6025,861,5159,44013,3809,579,1518,1660,1682,3631,5548,4701,6567,112,169,74,1262,43,2161,735,1272,390,135,5,750,893,1329,18025,8877,52941,2806,35865,39058,17361,30650,16103,33177,415,33656,40056,13175,11451,28519,22862,7597,1135,1136,845,67,654,1103,228,82,53,38,4830,535,43318,13366,17109,293,365457,45515,4343,34972,29128,1362,695,48609,23532,68853,5471,54632,264,53713,60,494,1063,299,368,1220,459,4584,2698,38,774,1151,748,1140,535,3211,1812,264,378,5718,3762,2483,3560,1457,403,793,945,433,381,321,545,1325,6528,1494,369,2090,2894,2673,13283,25533,2715,2983,3813,1628,1127,864,795,1247,676,124,9375,573,1033,6350,461,1923,471,4810,1325,1237,677,1157,202,620,655,2995,2953,1019,1146,904,3012,1883,1024,968,1194,4608,29,39,511,772,625,263,17584,161,11920,25,631,75,7922,950,8687,8338,8989,49,3473,122,235,2609,4655,83307,942,2809,2673,1275,240,3519,255,282,913,19455,8152,4548,1822,39,214,151,28,91,793,1728,2897,790,4540,602,565,1916,58764,605,2662,152001,766,7070,1230,6803,5190,3122,388,1533,6986,959,1371,1460,471,468,397,18655,1591,1205,1428,678,1466,1682,30851,84,12478,2671,64,32402,8530,66,366,8075,1019,74,7881,1000,1524,359,3966,1416,24950,4300,1128,988,1492,560,1469,995,1543,1151,22,1144,42,2421,190,48,1097,825,581,842,874,36414,2064,11789,5944,1353,660,1245,274,45236,390,18905,2752,15129,1730,490,3396,73,42389,7414,13707,56903,2055,23442,374,470,429,1261,1025,1479,895,1759,7347,1351,47,548,1270,61,44,4896,5070,29,920,263,31641,48757,35891,8908,43426,5199,1193,82400,109454,15570,50099,80979,98053,418,258,938,792,257,1104,1574,384,577,1015,8490,0.0,0.0,0.0,0.0,0.0,0.0,0.0,0.0,0.0,0.0,0.0,0.0,0.0,0.0,0.0,0.0,0.0,0.0,0.0,0.0,0.0,0.0,0.0,0.0,0.0,0.0,0.0,0.0,0.0,0.0,0.0,0.0,0.0,0.0,0.0,0.0,0.0,0.0,0.0,0.0,0.0,0.0,0.0,0.0,0.0,0.0,0.0,0.0,0.0,0.0,0.0,0.0,0.0,0.0,0.0,0.0,0.0,0.0,0.0,0.0,0.0,0.0,0.0,0.0,0.0,0.0,0.0,0.0,0.0,0.0,0.0,0.0,0.0,0.0,0.0,0.0,0.0,0.0,0.0,0.0,0.0,0.0,0.0,0.0,0.0,0.0,0.0,0.0,0.0,0.0,0.0,0.0,0.0,0.0,0.0,0.0,0.0,0.0,0.0,0.0,0.0,0.0,0.0,0.0,0.0,0.0,0.0,0.0,0.0,0.0,0.0,0.0,0.0,0.0,0.0,0.0,0.0,0.0,0.0,0.0,0.0,0.0,0.0,0.0,0.0,0.0,0.0,0.0,0.0,0.0,0.0,0.0,0.0,0.0,0.0,0.0,0.0,0.0,0.0,0.0,0.0,0.0,0.0,0.0,0.0,0.0,0.0,0.0,0.0,0.0
ENCFF777GCN,0.09243952446443876,67264,173,2223,28549,340,87185,5846,269,208,583,500,2933,1546,5006,14799,17459,2263,1102,3631,5059,251,1099,65,36,28,1118,4020,2976,20207,4357,225,86,548,1735,1695,25,2005,14,1,8054,14235,93,558,121,32,715,6217,18224,328,952,1187,1287,595,1037,17204,70,556,157,88,1098,1431,805,9966,2407,225,1035,82,39359,46071,11963,1104,674,1875,12276,293,1271,576,717,837,215,1077,1106,4222,415,735,3709,5,784,685,8,1449,182,22,968,992,20009,172001,11732,87,33776,43643,2383,37883,1063,635,6234,1572,1390,11,5234,8884,9332,79,4701,53165,1157,33163,118,650,1041,7931,340,47730,1103,6387,2619,1221,3233,283,52,48853,5577,1571,19994,5103,37118,38527,175,3897,3908,1089,3833,36727,294,394,64,131,26,40,2775,645,373,10307,5305,481,3479,28797,2462,631,1175,892,658,2786,4006,4013,11832,70,141,36,1076,22,1342,562,1309,910,8,10,416,642,1071,18866,8484,49789,2674,23214,34965,12282,27196,17118,26754,221,31973,37568,14819,11145,28200,20931,4387,928,458,590,60,689,1088,128,26,18,30,4490,54,33596,9767,5217,209,219831,37116,4835,29669,18293,1404,456,36913,15716,48346,1764,59926,74,49464,69,323,746,20,252,877,307,5339,4322,171,717,686,589,928,520,2254,1364,2147,211,6073,4325,1837,10408,1534,376,745,827,403,278,209,1266,1214,4370,769,347,1416,2554,1729,10477,35517,3191,2562,7124,1365,810,644,616,880,515,1072,13397,544,1255,7318,315,1966,524,4602,1300,1035,771,923,3192,449,609,2558,1938,772,800,794,3351,1890,1023,614,1107,3738,23,30,430,718,873,283,22012,68,13557,40,338,78,7118,1032,11358,6432,8292,8,3080,44,55,1215,4508,70192,944,2056,4527,1383,91,2073,110,295,2281,15210,5459,3632,1811,16,175,39,11,28,585,883,2255,641,3213,666,424,2431,43651,294,1667,134497,418,7657,918,5818,4606,2258,291,639,5110,777,1000,994,376,299,296,22320,1303,969,1021,476,1066,1183,27613,17,14623,1620,46,41583,10983,80,544,5410,1003,19,7488,732,2947,187,3887,974,15684,2090,846,637,1062,550,1046,850,2907,475,36,1337,49,2428,2120,68,95,397,289,173,607,20814,768,7132,3425,617,860,623,101,72472,111,13735,1406,16591,1575,83,3219,17,26893,4643,8804,40514,1946,16533,141,108,368,944,461,890,794,1701,4201,927,9,264,1163,11,20,4687,5110,13,290,349,30202,38811,29086,6853,35738,5148,405,69282,94920,12099,38270,74182,83779,235,128,616,630,219,831,1815,435,1135,696,6222,0.0,0.0,0.0,0.0,0.0,0.0,0.0,0.0,0.0,0.0,0.0,0.0,0.0,0.0,0.0,0.0,0.0,0.0,0.0,0.0,0.0,0.0,0.0,0.0,0.0,0.0,0.0,0.0,0.0,0.0,0.0,0.0,0.0,0.0,0.0,0.0,0.0,0.0,0.0,0.0,0.0,0.0,0.0,0.0,0.0,0.0,0.0,0.0,0.0,0.0,0.0,0.0,0.0,0.0,0.0,0.0,0.0,0.0,0.0,0.0,0.0,0.0,0.0,0.0,0.0,0.0,0.0,0.0,0.0,0.0,0.0,0.0,0.0,0.0,0.0,0.0,0.0,0.0,0.0,0.0,0.0,0.0,0.0,0.0,0.0,0.0,0.0,0.0,0.0,0.0,0.0,0.0,0.0,0.0,0.0,0.0,0.0,0.0,0.0,0.0,0.0,0.0,0.0,0.0,0.0,0.0,0.0,0.0,0.0,0.0,0.0,0.0,0.0,0.0,0.0,0.0,0.0,0.0,0.0,0.0,0.0,0.0,0.0,0.0,0.0,0.0,0.0,0.0,0.0,0.0,0.0,0.0,0.0,0.0,0.0,0.0,0.0,0.0,0.0,0.0,0.0,0.0,0.0,0.0,0.0,0.0,0.0,0.0,0.0,0.0
ENCFF002EBC,0.18356904399554738,90581,285,3710,41617,730,103397,6712,272,408,328,637,3237,3031,7185,23448,25230,3373,480,5835,6811,184,845,96,78,70,1139,4911,3505,24652,4211,262,289,563,1909,1683,154,2075,17,17,8109,12226,49,668,22,89,655,6001,19796,653,533,1060,1529,513,370,7133,194,394,669,202,830,1552,303,10814,292,316,1460,51,46299,55075,8238,1137,805,2143,5667,342,1286,584,802,948,244,993,1233,4152,412,610,3753,21,902,487,16,1346,178,29,1193,1327,18925,188865,11437,110,31316,43289,2682,37408,1167,659,5804,1737,1897,29,3161,8305,8716,127,5129,37104,2425,31101,498,1934,2123,9372,884,41670,1374,7186,3391,736,2931,451,139,32520,9658,3347,16876,6870,13017,31723,892,4968,3543,1194,4447,44787,364,850,113,94,28,32,2515,306,572,12571,5469,775,4599,41669,3335,508,1191,1427,1101,3360,5471,5204,6183,82,103,49,1116,25,1813,652,1045,441,106,8,821,857,1074,16730,8099,49068,2482,29165,35124,16199,30412,14082,28896,299,29397,34565,12418,10354,24662,20917,6022,949,1127,970,62,515,921,169,72,26,53,4718,311,37253,12372,8119,286,230450,41997,4030,30326,20291,1320,711,43210,21623,59304,5344,53720,281,56071,44,370,883,99,293,1039,276,4032,2464,40,699,975,594,886,389,2591,1417,350,217,5038,3253,2247,3157,1275,386,672,731,373,373,270,601,1198,5392,1571,372,1893,2321,2186,8581,18323,3292,2433,3297,1343,943,682,636,1068,573,162,8167,503,878,5592,365,1630,402,4455,1151,1038,638,919,276,552,722,2495,2407,822,996,743,2684,1645,763,814,1026,4086,33,48,436,609,564,428,17383,180,11264,33,596,77,7299,908,8246,7683,8529,20,2998,173,226,1697,4328,68019,938,2573,2273,1179,229,2798,190,236,825,15875,7095,2997,1658,72,282,129,20,69,703,1656,2903,589,4310,565,475,1296,49798,588,2207,137961,601,6429,1002,5511,5481,2625,320,2071,8407,810,1111,1206,339,442,320,27574,1318,1011,1173,574,1164,1324,27980,92,11349,2411,44,29866,7889,48,288,7601,819,72,7170,840,1712,374,3353,1173,17094,3148,1286,833,1164,475,1268,877,1591,789,33,1250,47,2092,127,74,223,920,391,611,748,40401,1918,9727,5576,1296,530,1155,295,42088,491,17153,2405,14425,1552,378,3352,24,33158,6143,11063,47734,1989,14131,365,245,357,1173,536,1168,805,1485,8014,1153,43,510,1083,39,28,4679,4669,11,960,198,26393,40706,30492,7495,37915,4251,384,70798,91353,13785,42647,66772,83721,263,218,778,743,187,855,1432,367,537,770,7797,0.0,0.0,0.0,0.0,0.0,0.0,0.0,0.0,0.0,0.0,0.0,0.0,0.0,0.0,0.0,0.0,0.0,0.0,0.0,0.0,0.0,0.0,0.0,0.0,0.0,0.0,0.0,0.0,0.0,0.0,0.0,0.0,0.0,0.0,0.0,0.0,0.0,0.0,0.0,0.0,0.0,0.0,0.0,0.0,0.0,0.0,0.0,0.0,0.0,0.0,0.0,0.0,0.0,0.0,0.0,0.0,0.0,0.0,0.0,0.0,0.0,0.0,0.0,0.0,0.0,0.0,0.0,0.0,0.0,0.0,0.0,0.0,0.0,0.0,0.0,0.0,0.0,0.0,0.0,0.0,0.0,0.0,0.0,0.0,0.0,0.0,0.0,0.0,0.0,0.0,0.0,0.0,0.0,0.0,0.0,0.0,0.0,0.0,0.0,0.0,0.0,0.0,0.0,0.0,0.0,0.0,0.0,0.0,0.0,0.0,0.0,0.0,0.0,0.0,0.0,0.0,0.0,0.0,0.0,0.0,0.0,0.0,0.0,0.0,0.0,0.0,0.0,0.0,0.0,0.0,0.0,0.0,0.0,0.0,0.0,0.0,0.0,0.0,0.0,0.0,0.0,0.0,0.0,0.0,0.0,0.0,0.0,0.0,0.0,0.0
ENCFF000WQF,0.1498805925680473,9147,33,1458,2161,34,7071,1055,40,48,51,97,786,205,677,533,957,392,108,1154,1741,45,179,22,32,18,89,175,274,1380,783,72,70,86,127,99,5,242,5,3,1535,2529,4,282,3,21,104,713,1213,27,82,40,61,101,123,2374,44,100,71,34,150,134,14,725,45,87,27,3,6841,11924,2055,58,29,153,13775,32,73,28,42,39,11,44,90,1086,16,23,263,5,31,32,6,342,917,39,908,71,734,47609,3723,7,10125,11404,264,9331,540,35,1412,641,392,0,717,2217,1878,27,829,9232,176,3507,24,125,174,1965,61,1936,87,1396,778,184,694,98,36,29378,2448,157,919,565,20803,7535,46,510,301,72,662,2118,162,89,6,28,10,11,446,100,109,2403,1463,168,652,1297,221,93,60,262,265,480,1038,1389,2582,11,24,25,33,2,114,29,409,52,3,1,29,152,55,4887,1699,10055,343,6773,9011,2376,3261,2033,5503,46,6951,8070,2181,2893,6365,4311,1491,128,46,147,8,16,37,49,13,14,6,693,13,2677,1955,296,48,46002,7438,604,6228,1116,225,659,7080,3044,6746,201,11555,39,11751,12,58,141,3,12,63,49,406,517,6,26,39,19,47,12,241,99,257,36,592,566,246,1152,37,18,33,21,18,13,8,181,52,779,97,19,1062,399,151,919,1750,120,208,1427,129,52,48,19,39,18,165,1714,29,38,1182,9,243,15,591,44,42,18,34,177,18,39,130,119,28,37,33,645,349,33,43,25,305,6,7,13,24,126,35,4021,32,2606,11,137,23,1227,264,2072,2043,985,9,465,24,41,201,1500,7167,155,463,347,216,4,231,47,52,155,2383,973,232,300,26,61,40,2,8,28,227,779,47,822,18,16,163,1669,42,153,40618,58,1649,57,411,202,216,18,47,1110,28,68,82,17,31,59,721,84,53,76,56,67,77,5137,26,1397,474,6,7276,3125,2,56,1153,179,10,849,37,337,89,449,52,984,198,134,32,84,23,90,38,570,42,1,242,6,334,22,5,46,118,58,48,139,1265,116,606,451,94,58,627,54,12995,35,3026,204,3743,354,42,588,0,7110,1853,1900,9848,317,1052,28,107,26,60,42,73,37,104,822,81,6,98,52,4,11,984,1044,17,39,54,6201,8110,5606,1193,9767,1417,84,11985,21603,3078,8902,17563,20200,40,43,28,25,8,46,392,76,119,124,1226,0.0,0.0,0.0,0.0,0.0,0.0,0.0,0.0,0.0,0.0,0.0,0.0,0.0,0.0,0.0,0.0,0.0,0.0,0.0,0.0,0.0,0.0,0.0,0.0,0.0,0.0,0.0,0.0,0.0,0.0,0.0,0.0,0.0,0.0,0.0,0.0,0.0,0.0,0.0,0.0,0.0,0.0,0.0,0.0,0.0,0.0,0.0,0.0,0.0,0.0,0.0,0.0,0.0,0.0,0.0,0.0,0.0,0.0,0.0,0.0,0.0,0.0,0.0,0.0,0.0,0.0,0.0,0.0,0.0,0.0,0.0,0.0,0.0,0.0,0.0,0.0,0.0,0.0,0.0,0.0,0.0,0.0,0.0,0.0,0.0,0.0,0.0,0.0,0.0,0.0,0.0,0.0,0.0,0.0,0.0,0.0,0.0,0.0,0.0,0.0,0.0,0.0,0.0,0.0,0.0,0.0,0.0,0.0,0.0,0.0,0.0,0.0,0.0,0.0,0.0,0.0,0.0,0.0,0.0,0.0,0.0,0.0,0.0,0.0,0.0,0.0,0.0,0.0,0.0,0.0,0.0,0.0,0.0,0.0,0.0,0.0,0.0,0.0,0.0,0.0,0.0,0.0,0.0,0.0,0.0,0.0,0.0,0.0,0.0,0.0
ENCFF957KBX,0.19778618036154802,79311,370,3583,87115,1169,306613,14980,449,1005,710,1113,4898,5789,16038,38710,71868,5112,1838,13791,9559,349,1820,172,163,95,2552,3105,5882,61628,8848,547,192,1249,3965,3977,62,5229,58,8,12073,24552,168,1105,83,66,1622,12346,52473,319,1490,2340,2763,846,566,13933,292,961,443,347,2077,2452,1335,26520,8580,977,829,102,90146,98778,14134,2536,1278,3149,13063,678,2828,1058,1472,1880,448,2085,2592,6898,688,1290,6802,28,1514,1245,26,2545,463,148,2544,1803,50118,321013,22201,181,59284,80883,4685,68784,2833,1151,10826,3031,3311,38,7067,15733,16510,304,7499,72736,4571,96561,432,2248,2680,15873,971,149725,2455,12840,5447,949,5742,516,105,73571,21033,1702,62332,17465,26753,63912,149,7275,16484,2490,5841,112179,989,487,204,232,66,106,5924,1208,572,17920,10393,963,7526,82360,4618,948,2585,2513,1953,5704,8744,8683,13048,78,206,124,2127,54,2519,949,1246,497146,40,14,1062,1255,2502,28100,14238,87733,4661,54625,70100,24834,59820,25499,46257,1371,56224,66891,22101,20235,48920,42772,9272,1848,292,1780,66,1151,2070,262,36,36,87,8340,527,89775,17692,22975,1369,388881,73358,8527,57692,50756,2743,1016,73134,34995,101169,7404,98347,247,94621,20,685,1622,88,549,1946,647,7565,6948,82,1169,1388,982,1911,749,5552,2874,372,432,11771,7039,3962,5723,2798,572,1404,1599,832,581,385,825,2253,8495,1654,542,2612,5154,3819,22418,58127,1969,4804,7227,2490,1645,1485,1171,1820,923,172,14363,998,2537,11800,679,3645,822,6795,2088,2201,1142,1796,444,805,1230,4288,3863,1486,1746,1495,5665,3561,2205,1244,1915,6901,70,84,736,1243,1368,982,35022,353,20487,65,745,125,13426,1901,16606,13642,16087,85,6982,157,140,5067,8634,194296,1576,4171,4815,2483,74,4754,294,762,3444,35260,17396,4831,3842,41,264,128,32,103,1147,4042,5227,1563,6103,1223,837,6179,153095,499,3685,240216,1020,14044,1872,14412,4061,4861,517,669,7489,1314,2304,2270,676,647,515,18241,3076,2049,2226,1088,2357,2647,53254,68,23990,2965,94,59504,17564,178,988,10541,1508,39,12937,1403,2266,339,7993,2058,44019,4104,1133,1212,2382,1064,1918,1698,2679,1968,54,2016,56,4380,328,18,167,505,1333,1097,2030,62899,2515,14219,7841,1449,1699,1706,512,74047,205,30729,2319,25217,3506,305,5951,18,66496,11380,21074,81664,3109,43332,397,744,663,1932,978,2022,1343,1802,14920,2111,32,483,2023,74,70,8152,8639,31,294,177,60842,66712,51327,13475,70528,10863,881,151802,172092,22353,67331,134750,160824,700,267,1173,1096,431,1708,2056,567,521,1563,12707,0.0,0.0,0.0,0.0,0.0,0.0,0.0,0.0,0.0,0.0,0.0,0.0,0.0,0.0,0.0,0.0,0.0,0.0,0.0,0.0,0.0,0.0,0.0,0.0,0.0,0.0,0.0,0.0,0.0,0.0,0.0,0.0,0.0,0.0,0.0,0.0,0.0,0.0,0.0,0.0,0.0,0.0,0.0,0.0,0.0,0.0,0.0,0.0,0.0,0.0,0.0,0.0,0.0,0.0,0.0,0.0,0.0,0.0,0.0,0.0,0.0,0.0,0.0,0.0,0.0,0.0,0.0,0.0,0.0,0.0,0.0,0.0,0.0,0.0,0.0,0.0,0.0,0.0,0.0,0.0,0.0,0.0,0.0,0.0,0.0,0.0,0.0,0.0,0.0,0.0,0.0,0.0,0.0,0.0,0.0,0.0,0.0,0.0,0.0,0.0,0.0,0.0,0.0,0.0,0.0,0.0,0.0,0.0,0.0,0.0,0.0,0.0,0.0,0.0,0.0,0.0,0.0,0.0,0.0,0.0,0.0,0.0,0.0,0.0,0.0,0.0,0.0,0.0,0.0,0.0,0.0,0.0,0.0,0.0,0.0,0.0,0.0,0.0,0.0,0.0,0.0,0.0,0.0,0.0,0.0,0.0,0.0,0.0,0.0,0.0
ENCFF000WIJ,0.12217732191559669,100781,533,3515,24645,613,52339,5420,187,374,193,584,2033,2859,5414,10911,16363,2421,420,4747,5435,159,608,62,45,68,794,7803,2261,19929,3190,311,465,464,1242,921,259,1347,35,23,5554,9619,31,629,23,144,403,3923,13209,1010,378,539,815,525,317,6123,114,289,339,175,651,1099,350,9599,770,539,2276,43,37523,40849,6400,651,416,2743,6817,140,738,317,488,563,128,523,746,3422,271,306,2001,10,507,263,29,1343,943,46,1315,901,14532,146830,11217,93,28308,37400,1680,31678,733,375,4920,1520,1637,20,2624,6867,6841,76,3137,28606,2185,21862,512,2272,1986,8327,1093,26838,848,5731,2941,856,2764,392,86,31885,8450,4757,16457,5368,12021,25200,1690,3328,2041,675,3118,29921,432,1240,50,125,46,52,1965,381,476,9396,5049,630,3564,23840,2082,367,649,988,895,2226,4368,3798,5074,49,96,37,576,21,1152,341,1374,696,181,3,745,679,610,14811,6509,39791,1671,23796,27288,11146,22680,9796,19889,208,24695,28220,9642,8953,19851,16895,5717,674,1664,767,37,270,530,177,79,24,17,3395,262,29341,8113,7233,183,210711,28704,3390,24297,15680,999,555,32365,15084,41818,3505,43645,247,42642,54,308,690,212,158,551,171,2301,1759,25,335,513,311,543,238,1626,808,255,179,3300,2253,1408,2460,637,161,346,452,207,222,158,576,630,3619,814,246,1464,1628,1345,7164,14187,4131,1401,2844,871,504,413,378,558,293,152,6572,296,425,4395,258,1091,239,2770,543,636,301,538,233,273,631,1350,1571,472,555,390,1999,954,421,446,476,2327,22,20,245,300,525,117,12999,85,9147,16,552,49,5229,755,6519,6033,5435,39,2111,79,185,986,3395,43431,952,1864,1547,772,250,1626,145,499,556,10564,4895,2085,1268,45,184,156,20,52,397,982,2285,347,3259,302,274,1395,29920,537,1316,118560,392,4642,590,3207,7465,1854,163,3310,11204,440,568,644,229,243,396,35985,689,562,650,301,690,797,21518,69,7097,2099,17,23875,7468,19,204,4956,673,82,4613,477,1087,327,1952,640,11862,1970,1389,524,695,219,708,488,1227,599,16,848,26,1474,82,24,165,1106,281,639,658,21663,1839,5928,4181,1095,342,887,144,36074,1006,14686,2310,12234,1164,317,2432,41,26530,5128,8746,36208,1169,11382,436,170,211,969,541,700,442,916,5061,689,35,739,568,15,22,3718,3677,17,1337,218,22072,34863,23118,6164,32750,3728,798,55952,78838,10013,35983,54777,71465,216,174,408,429,156,516,1288,246,368,510,5582,0.0,0.0,0.0,0.0,0.0,0.0,0.0,0.0,0.0,0.0,0.0,0.0,0.0,0.0,0.0,0.0,0.0,0.0,0.0,0.0,0.0,0.0,0.0,0.0,0.0,0.0,0.0,0.0,0.0,0.0,0.0,0.0,0.0,0.0,0.0,0.0,0.0,0.0,0.0,0.0,0.0,0.0,0.0,0.0,0.0,0.0,0.0,0.0,0.0,0.0,0.0,0.0,0.0,0.0,0.0,0.0,0.0,0.0,0.0,0.0,0.0,0.0,0.0,0.0,0.0,0.0,0.0,0.0,0.0,0.0,0.0,0.0,0.0,0.0,0.0,0.0,0.0,0.0,0.0,0.0,0.0,0.0,0.0,0.0,0.0,0.0,0.0,0.0,0.0,0.0,0.0,0.0,0.0,0.0,0.0,0.0,0.0,0.0,0.0,0.0,0.0,0.0,0.0,0.0,0.0,0.0,0.0,0.0,0.0,0.0,0.0,0.0,0.0,0.0,0.0,0.0,0.0,0.0,0.0,0.0,0.0,0.0,0.0,0.0,0.0,0.0,0.0,0.0,0.0,0.0,0.0,0.0,0.0,0.0,0.0,0.0,0.0,0.0,0.0,0.0,0.0,0.0,0.0,0.0,0.0,0.0,0.0,0.0,0.0,0.0
ENCFF675SLL,0.5136534486574784,46735044,425988,3850,756,1,22011,5797,157,462,309,1909,1595,389,281,88,38,962,856,900,4507,103,917,1034,507,0,826,1891390,1746,355,2852,351,2877,578,1680,900,63,1242,2,0,10034,8319,1860,7789,158,72825,303,3488,60,312776,513,763,908,199,1384,151305,4,235,40,0,797,709,1,29,11,2,382437,3,18634,92732,15879,618,634,17448,6283,54,742,431,619,684,138,637,642,1885,305,368,1999,31,459,523,2,1920,0,0,887,191,33,156409,8675,145,40638,34912,1175,30661,1256,411,3758,1209,1320,0,58851,27038,11990,274,5081,113656,123,4673,0,0,167,4491,0,259,534,7676,3032,750,1849,285,0,23869,730,666851,155,755,11488,55974,155821,8909,525,809,66989,1488,830,237411,2,101,72,6,1360,287,91,8489,3121,169,1713,1101,264,5237,916,10996,7375,1534,1594,2005,23989,121,16,79,530,0,716,331,2228,4445,4,0,755,242,905,18385,4713,258314,1396,12348,17274,6709,6430,11669,18302,148,23625,26222,10183,10287,27598,88009,3398,1501,4930,97,3,302,723,65,0,108,0,3201,2,6321,3821,18,2,35625237,22722,29562,15973,848,668,558,16540,11945,16564,48,44266,8,34925,109,148,692,0,215,900,311,2509,1891,18,430,420,331,592,291,1994,685,4178,108,3584,2034,1525,4743,949,276,538,452,242,168,147,403,602,2083,481,258,896,1502,1039,1520,550,3081715,1615,22793,876,398,372,532,503,242,184,12176,363,1242,3834,175,1471,335,2481,820,588,431,583,774,309,362,1555,1025,578,516,375,2449,1844,604,342,564,1805,33,64,265,613,345,1,50415,4,24380,140,117,23,3594,415,18901,10839,4321,0,2106,70,29,29,2718,20518,107940,4457,6818,891,549,1327,59,90,1315,12120,1712,1344,1163,90,503,15,0,1,431,1,1506,383,2014,343,238,356,405,49985,1105,89113,41830,4422,568,3669,2096375,1174,624,218956,561983,443,1106,843,208,122,148,16344221,1022,912,937,384,588,682,14100,12,9153,1348,14,51437,9773,0,311,2273,2289,2,3981,477,378,135,2947,657,438,97,426790,404,647,361,494,834,3932,3,6,2941,20,1453,667,59,63,197335,536,8,42,1073,3,1779,488,42,400,1652,15,66830,149938,9008,9376,8952,853,23,3590,0,25334,3258,6152,45380,379,711,108,10,227,576,122303,653,537,672,197,748,0,2126,598,0,0,4053,2478,1,187804,3615,19955,31372,20985,3068,19745,4037,163,26547,112618,7125,28353,85196,49619,33,72,349,317,184,477,454,285,629,466,6187,0.0,0.0,0.0,0.0,0.0,0.0,0.0,0.0,0.0,0.0,0.0,0.0,0.0,0.0,0.0,0.0,0.0,0.0,0.0,0.0,0.0,0.0,0.0,0.0,0.0,0.0,0.0,0.0,0.0,0.0,0.0,0.0,0.0,0.0,0.0,0.0,0.0,0.0,0.0,0.0,0.0,0.0,0.0,0.0,0.0,0.0,0.0,0.0,0.0,0.0,0.0,0.0,0.0,0.0,0.0,0.0,0.0,0.0,0.0,0.0,0.0,0.0,0.0,0.0,0.0,0.0,0.0,0.0,0.0,0.0,0.0,0.0,0.0,0.0,0.0,0.0,0.0,0.0,0.0,0.0,0.0,0.0,0.0,0.0,0.0,0.0,0.0,0.0,0.0,0.0,0.0,0.0,0.0,0.0,0.0,0.0,0.0,0.0,0.0,0.0,0.0,0.0,0.0,0.0,0.0,0.0,0.0,0.0,0.0,0.0,0.0,0.0,0.0,0.0,0.0,0.0,0.0,0.0,0.0,0.0,0.0,0.0,0.0,0.0,0.0,0.0,0.0,0.0,0.0,0.0,0.0,0.0,0.0,0.0,0.0,0.0,0.0,0.0,0.0,0.0,0.0,0.0,0.0,0.0,0.0,0.0,0.0,0.0,0.0,0.0
ENCFF001GWB,0.1459799623665142,45963,80,1871,26420,271,43024,5070,147,291,198,847,1856,2525,3727,13554,14944,1877,340,5338,5996,167,524,74,64,39,581,1732,1918,17868,3094,166,153,258,1053,997,38,1212,19,220,5764,7535,43,454,19,27,461,3363,17642,205,348,601,801,312,259,5740,96,272,292,94,660,891,98,5871,733,144,555,49,26281,40458,6769,614,399,934,3509,238,742,280,483,539,110,559,698,2595,218,290,2141,11,485,252,8,894,113,49,2457,656,5687,127377,8087,43,21003,34624,1854,27981,691,313,5022,1326,3583,14,3640,11115,11854,138,3867,26032,1345,18439,215,892,1010,5853,374,35013,781,6087,4145,1201,2016,374,142,26529,6645,1568,27238,4095,10556,22546,382,2594,2761,665,2440,23430,265,437,101,88,23,20,1590,194,1939,8063,3396,450,2126,27536,1709,325,698,1387,1258,2162,12556,11393,4813,76,65,46,562,29,1006,298,474,38,50,1,387,651,630,11637,5237,33313,1320,19417,21733,9870,21765,9283,17343,199,20562,24722,8118,6544,18359,13825,3643,496,369,1079,46,303,460,143,40,10,15,3926,165,30652,6892,6722,204,122715,21487,2150,18974,10691,812,857,24448,12905,31120,1939,35926,168,32695,26,218,938,98,150,540,170,2719,1581,331,348,477,308,515,254,1604,851,146,116,2995,2104,1329,1977,630,175,375,434,226,167,143,339,582,3356,650,214,1112,1388,1329,6816,17293,1098,1431,3063,762,481,397,387,548,291,134,4759,292,477,3591,190,942,209,2577,537,604,282,501,362,245,461,1265,1286,431,534,384,1572,890,499,418,553,2135,10,23,220,349,437,85,12178,69,9921,7,352,40,4327,678,6154,5244,5764,10,2034,77,114,815,2915,40294,594,1415,1313,707,93,1610,142,256,507,9366,6811,2384,1006,32,135,86,5,32,362,1093,1771,340,2514,285,267,1009,35739,263,1145,84880,379,4089,586,3403,2092,1582,166,760,3839,424,610,697,210,224,182,9512,820,582,639,914,664,768,18276,56,6433,1345,23,20138,4128,14,181,3789,430,24,3943,435,1285,209,1932,658,9533,1982,555,433,694,233,711,505,1039,464,4,568,5,2097,104,39,135,441,374,346,432,18227,868,4935,2726,607,286,898,133,33907,204,10895,1219,8801,1074,252,1903,14,27934,5028,8926,39249,1080,12823,172,231,191,581,235,722,383,808,4063,643,26,284,584,29,16,2966,3386,11,374,126,16925,26008,18766,4461,25116,2931,199,47672,61251,7955,26884,44499,54840,203,104,409,386,107,454,1207,174,296,427,5180,0.0,0.0,0.0,0.0,0.0,0.0,0.0,0.0,0.0,0.0,0.0,0.0,0.0,0.0,0.0,0.0,0.0,0.0,0.0,0.0,0.0,0.0,0.0,0.0,0.0,0.0,0.0,0.0,0.0,0.0,0.0,0.0,0.0,0.0,0.0,0.0,0.0,0.0,0.0,0.0,0.0,0.0,0.0,0.0,0.0,0.0,0.0,0.0,0.0,0.0,0.0,0.0,0.0,0.0,0.0,0.0,0.0,0.0,0.0,0.0,0.0,0.0,0.0,0.0,0.0,0.0,0.0,0.0,0.0,0.0,0.0,0.0,0.0,0.0,0.0,0.0,0.0,0.0,0.0,0.0,0.0,0.0,0.0,0.0,0.0,0.0,0.0,0.0,0.0,0.0,0.0,0.0,0.0,0.0,0.0,0.0,0.0,0.0,0.0,0.0,0.0,0.0,0.0,0.0,0.0,0.0,0.0,0.0,0.0,0.0,0.0,0.0,0.0,0.0,0.0,0.0,0.0,0.0,0.0,0.0,0.0,0.0,0.0,0.0,0.0,0.0,0.0,0.0,0.0,0.0,0.0,0.0,0.0,0.0,0.0,0.0,0.0,0.0,0.0,0.0,0.0,0.0,0.0,0.0,0.0,0.0,0.0,0.0,0.0,0.0
ENCFF000WFJ,0.14190678080134853,52834,289,3390,34963,896,102676,4466,257,512,274,457,3051,4329,9081,21110,32400,2977,370,4267,4801,127,542,55,42,38,748,2593,3335,28201,3109,189,169,443,1982,1801,88,1602,23,24,5902,8541,49,493,45,82,418,5561,21946,292,503,1088,1552,338,236,5056,145,280,286,77,557,1490,549,13851,227,234,762,70,44086,39856,4985,1061,838,1557,3953,229,1278,688,858,958,295,1199,1103,2904,517,591,3617,16,994,618,22,898,518,31,1006,1417,19291,133797,7472,94,20257,30489,2520,26531,1147,762,3729,1112,1208,17,2024,5547,5460,54,3858,24058,2809,37541,699,2606,2329,6871,1137,52045,1343,4441,2169,540,1916,332,106,21817,12696,1720,25748,8238,8813,20564,547,4172,2689,1288,3252,40154,173,456,114,74,42,28,1622,298,443,8503,3455,509,3681,37645,3682,329,1218,639,573,2540,3230,2765,3844,67,103,33,1138,22,2006,737,555,442,54,2,709,559,982,10706,5357,33420,2226,25388,26671,12184,30479,12177,25949,231,21365,26182,8038,6663,18369,13913,4652,788,591,649,60,517,979,139,80,19,84,3120,324,47464,11335,11815,140,163035,30740,3040,21218,25254,812,452,32407,15154,54921,5097,30446,131,29621,87,233,666,143,331,946,179,3754,1746,33,777,1035,681,972,521,2411,1416,262,379,4350,2662,1898,1915,1370,405,799,792,416,443,311,408,1296,4354,1317,438,1614,2322,2194,10562,28088,1814,2371,2309,1313,813,613,701,985,581,148,5430,555,980,4197,395,1492,514,3511,1224,1050,718,1041,320,552,539,2640,2619,920,1050,816,2083,1470,906,849,1075,4278,27,31,522,682,368,468,10653,119,7092,23,423,60,5260,572,4884,5042,6383,23,2286,105,141,902,3115,62793,544,1587,1917,930,175,2536,150,312,491,12853,5552,3250,964,21,142,79,20,32,720,953,1961,485,3445,607,605,1816,48676,536,2352,94995,548,4528,1040,5346,2557,2491,344,1215,5229,871,983,1031,466,539,219,14027,1166,977,1103,447,1265,1251,19412,41,9123,1814,13,19774,7053,12,199,4638,522,62,6253,862,1054,215,2915,1184,17132,3376,734,939,1081,552,1147,981,947,669,11,907,35,1588,80,31,117,514,131,762,584,32360,2434,9917,5668,1498,429,537,144,26035,348,11932,1953,9137,993,268,2041,23,22963,4530,8138,34540,1761,16775,266,145,454,1104,578,1143,794,1545,6818,1062,41,286,1143,9,34,2766,2956,6,531,161,18554,35087,28167,6687,27170,3214,323,58927,74661,11886,36565,54513,63343,259,137,846,830,233,937,956,210,284,563,5825,0.0,0.0,0.0,0.0,0.0,0.0,0.0,0.0,0.0,0.0,0.0,0.0,0.0,0.0,0.0,0.0,0.0,0.0,0.0,0.0,0.0,0.0,0.0,0.0,0.0,0.0,0.0,0.0,0.0,0.0,0.0,0.0,0.0,0.0,0.0,0.0,0.0,0.0,0.0,0.0,0.0,0.0,0.0,0.0,0.0,0.0,0.0,0.0,0.0,0.0,0.0,0.0,0.0,0.0,0.0,0.0,0.0,0.0,0.0,0.0,0.0,0.0,0.0,0.0,0.0,0.0,0.0,0.0,0.0,0.0,0.0,0.0,0.0,0.0,0.0,0.0,0.0,0.0,0.0,0.0,0.0,0.0,0.0,0.0,0.0,0.0,0.0,0.0,0.0,0.0,0.0,0.0,0.0,0.0,0.0,0.0,0.0,0.0,0.0,0.0,0.0,0.0,0.0,0.0,0.0,0.0,0.0,0.0,0.0,0.0,0.0,0.0,0.0,0.0,0.0,0.0,0.0,0.0,0.0,0.0,0.0,0.0,0.0,0.0,0.0,0.0,0.0,0.0,0.0,0.0,0.0,0.0,0.0,0.0,0.0,0.0,0.0,0.0,0.0,0.0,0.0,0.0,0.0,0.0,0.0,0.0,0.0,0.0,0.0,0.0
ENCFF487EHE,0.16997150044688103,166783,1019,2006,15575,182,24612,3898,123,171,156,515,1774,1282,2876,6017,7538,1399,236,3462,2778,126,419,49,47,76,463,14009,1391,9800,2194,144,410,383,838,780,330,1017,15,37,4740,6260,38,367,22,475,461,2963,9724,2037,212,378,561,309,268,4841,102,193,196,139,452,893,250,4322,137,414,3895,118,21631,23247,5079,471,254,3392,4630,195,535,197,297,342,97,376,558,2047,173,162,1471,7,344,184,12,813,235,32,892,470,8254,90066,6061,218,15850,22400,1251,18962,593,248,3260,986,1074,9,1839,4445,4610,164,2360,21175,989,10718,135,578,623,4542,222,13418,569,3210,1619,651,1648,276,70,19520,4211,8200,10375,2912,10175,15904,2303,2214,2082,565,3465,16838,464,2161,44,62,21,17,1370,171,632,5356,2732,359,2496,15173,1272,225,556,888,810,1560,2235,2031,4395,27,77,33,394,23,724,217,1273,2260,156,1,991,508,532,9158,3922,27358,1009,13499,16572,7076,11970,6873,12337,144,15129,17566,6898,5294,14028,10401,4239,415,3002,472,31,189,345,118,46,29,59,2078,108,15842,5091,3322,217,249686,19709,3266,14635,8493,710,354,20249,10360,25707,1183,26023,83,26136,44,221,581,250,106,467,150,1767,1412,24,246,331,250,366,176,1231,676,557,165,2330,1698,1094,2366,510,128,259,291,138,135,102,460,418,2796,535,152,853,1212,938,4662,9650,7491,1065,2213,533,363,278,228,379,182,266,5448,175,345,3210,125,806,179,2158,398,391,207,353,378,187,492,988,944,334,362,286,1356,664,339,269,362,1685,20,51,151,225,301,148,8820,145,5846,13,309,79,3584,554,4709,3494,4051,11,1508,39,106,1208,2322,28639,1315,1794,1263,564,682,1310,130,227,505,7780,3800,2185,1019,35,156,61,6,20,249,884,1386,323,1824,194,153,595,19482,808,871,67278,499,3157,432,2559,15106,1181,110,6538,14924,301,511,592,133,158,269,72112,578,408,538,308,541,618,13909,38,5099,1268,28,15755,4425,26,188,3063,641,27,3163,316,867,186,1605,461,9910,1309,2778,288,511,190,502,322,885,408,30,545,14,1005,187,33,121,1770,507,251,461,9736,488,3746,1865,365,261,724,219,22247,1147,9358,2709,7124,908,228,1598,49,18594,3533,6054,29542,873,6604,264,217,140,1117,865,544,256,689,4172,470,23,1484,415,20,25,2532,2387,12,2868,213,14639,20866,14941,3817,19712,2232,567,31926,48123,6238,20948,35321,44001,141,106,296,251,82,341,1060,181,233,376,3305,0.0,0.0,0.0,0.0,0.0,0.0,0.0,0.0,0.0,0.0,0.0,0.0,0.0,0.0,0.0,0.0,0.0,0.0,0.0,0.0,0.0,0.0,0.0,0.0,0.0,0.0,0.0,0.0,0.0,0.0,0.0,0.0,0.0,0.0,0.0,0.0,0.0,0.0,0.0,0.0,0.0,0.0,0.0,0.0,0.0,0.0,0.0,0.0,0.0,0.0,0.0,0.0,0.0,0.0,0.0,0.0,0.0,0.0,0.0,0.0,0.0,0.0,0.0,0.0,0.0,0.0,0.0,0.0,0.0,0.0,0.0,0.0,0.0,0.0,0.0,0.0,0.0,0.0,0.0,0.0,0.0,0.0,0.0,0.0,0.0,0.0,0.0,0.0,0.0,0.0,0.0,0.0,0.0,0.0,0.0,0.0,0.0,0.0,0.0,0.0,0.0,0.0,0.0,0.0,0.0,0.0,0.0,0.0,0.0,0.0,0.0,0.0,0.0,0.0,0.0,0.0,0.0,0.0,0.0,0.0,0.0,0.0,0.0,0.0,0.0,0.0,0.0,0.0,0.0,0.0,0.0,0.0,0.0,0.0,0.0,0.0,0.0,0.0,0.0,0.0,0.0,0.0,0.0,0.0,0.0,0.0,0.0,0.0,0.0,0.0
ENCFF355QDR,0.21152940540747597,84619,1101,3248,23504,345,137871,24456,169,703,1034,1862,3282,4273,9104,5975,29027,7164,2931,24229,15579,732,3639,193,474,299,2488,820,4115,16460,14188,916,287,1350,2339,3219,20,7474,102,35,20579,43996,192,1645,60,284,2582,14768,6763,121,2365,471,708,1683,1009,27054,476,1607,828,794,3753,1680,220,4477,14805,2310,195,68,74318,134511,26985,1212,296,2537,26416,908,1936,247,404,856,74,477,2733,10851,182,253,3878,75,321,281,67,6016,1023,444,3834,517,8526,498919,41972,203,110988,136524,4178,117601,3067,228,20352,5566,5938,71,13323,26140,27936,1185,9289,120925,3279,45525,115,543,1767,24860,263,36035,1186,20719,8432,2149,10251,729,295,144117,14719,563,20622,11164,51056,113531,41,7135,23359,1939,8057,24223,3060,610,84,410,73,306,10763,2428,901,26646,19761,1531,10115,16253,1000,1726,2004,10154,7536,9268,13415,13875,25482,187,449,321,650,78,708,205,6306,322997,20,2,213,1786,2080,49216,25820,141559,5533,65264,106995,31982,30532,29404,47061,1064,87703,100720,36906,34823,79671,74265,16507,3016,133,2969,26,238,553,653,89,79,471,12473,392,30048,15532,9826,2718,856219,108633,13527,94818,14564,5421,1656,106569,54087,87055,2677,187178,333,182322,29,1032,2344,62,96,1000,887,5698,11126,89,218,322,188,533,200,5177,2749,297,591,12759,7938,4475,11109,577,79,291,489,170,98,85,1448,457,12935,877,97,2592,5790,3107,8382,13487,457,4201,12801,2410,1237,1152,224,551,127,156,34453,345,644,18950,193,4140,163,7866,338,1278,209,460,383,116,587,1784,1564,295,427,351,8601,3466,376,308,343,3364,74,78,159,284,2460,265,61794,985,36759,70,959,215,21392,3318,31771,19941,20114,187,11957,164,244,11609,15622,116935,2548,8075,5764,4264,3,4918,605,2598,7169,39531,26331,3546,7449,95,441,254,69,167,247,8352,9039,2080,7855,306,276,2872,43407,166,2803,413108,755,22799,586,13357,2616,3393,237,164,10309,275,2105,2297,170,190,896,7020,2555,1104,2156,676,1747,2062,84553,116,27416,4843,211,105957,31574,240,1915,16592,3735,126,11007,428,3880,674,10406,1076,12750,992,1011,325,1607,428,1067,504,5105,2514,89,3476,82,4832,725,33,398,509,5985,923,3107,16736,672,4455,5025,358,3766,3159,1453,137501,36,47327,1193,46274,6622,296,9612,35,100649,17551,26955,116935,2073,12501,81,2126,203,542,664,1752,317,578,23212,1283,7,1011,498,132,201,15841,16736,104,73,267,119273,92434,56050,17526,121093,19781,1564,163660,268351,28127,89215,214260,270156,557,382,246,211,161,389,3700,1091,832,2559,18793,0.0,0.0,0.0,0.0,0.0,0.0,0.0,0.0,0.0,0.0,0.0,0.0,0.0,0.0,0.0,0.0,0.0,0.0,0.0,0.0,0.0,0.0,0.0,0.0,0.0,0.0,0.0,0.0,0.0,0.0,0.0,0.0,0.0,0.0,0.0,0.0,0.0,0.0,0.0,0.0,0.0,0.0,0.0,0.0,0.0,0.0,0.0,0.0,0.0,0.0,0.0,0.0,0.0,0.0,0.0,0.0,0.0,0.0,0.0,0.0,0.0,0.0,0.0,0.0,0.0,0.0,0.0,0.0,0.0,0.0,0.0,0.0,0.0,0.0,0.0,0.0,0.0,0.0,0.0,0.0,0.0,0.0,0.0,0.0,0.0,0.0,0.0,0.0,0.0,0.0,0.0,0.0,0.0,0.0,0.0,0.0,0.0,0.0,0.0,0.0,0.0,0.0,0.0,0.0,0.0,0.0,0.0,0.0,0.0,0.0,0.0,0.0,0.0,0.0,0.0,0.0,0.0,0.0,0.0,0.0,0.0,0.0,0.0,0.0,0.0,0.0,0.0,0.0,0.0,0.0,0.0,0.0,0.0,0.0,0.0,0.0,0.0,0.0,0.0,0.0,0.0,0.0,0.0,0.0,0.0,0.0,0.0,0.0,0.0,0.0
ENCFF753KXC,0.12023251015741347,64725,279,4251,69995,658,211340,14251,680,302,193,896,6499,2593,6356,39901,50835,2692,966,11301,6902,243,928,89,271,208,2678,3807,6104,69088,5752,152,53,705,4725,4271,50,5407,44,74,12020,11907,169,495,146,65,1362,10597,42278,181,1211,3153,3119,227,345,7009,135,414,253,401,1111,3964,1042,32104,655,848,1142,355,73922,56781,6963,2838,1643,3233,6343,63,3213,1300,1670,1993,598,2486,3097,3289,876,1562,7338,63,1841,1532,37,1679,544,109,3341,1688,33944,214640,11458,221,29531,49809,5941,41789,3600,1465,5079,2091,3855,47,5852,12742,13286,403,7455,44207,2279,53206,260,1393,1719,8710,643,87774,2686,8321,3498,697,2409,254,89,34399,6180,1360,51435,11917,15363,32219,110,6983,13429,2824,3833,83465,806,301,56,118,84,36,2256,514,1407,12514,4258,324,5604,69500,4102,287,3388,2378,3286,3430,6579,6019,7499,57,215,110,2429,75,2813,1268,3831,501,30,2,967,780,3069,14906,7291,52947,4257,30474,43981,19870,55002,23620,39323,334,35609,46463,12582,11592,39658,22854,8147,1486,198,1598,35,1638,2665,150,48,57,235,5500,151,80788,15324,12471,753,308592,56909,5862,32569,48491,1297,769,47821,28512,93572,3644,50622,101,46670,49,335,1334,82,691,2087,637,8566,2813,252,1564,1454,1260,2459,1155,5866,2784,306,326,8617,6339,2875,4931,3642,680,2019,1981,1151,673,505,424,2307,7420,1545,755,2191,5527,3996,20989,43362,3001,5113,5320,2235,2048,1742,1495,2081,1180,167,14898,1211,3617,7504,713,3263,1145,6117,3642,2533,2013,2230,855,924,1027,5252,4104,2083,1864,1727,3432,3612,2532,1367,2529,5483,63,78,941,1865,1191,830,18792,409,14102,47,184,158,7475,764,11640,9297,13106,42,3438,150,83,4217,3611,111610,590,3025,4914,1348,41,4574,125,415,1979,32155,14151,9464,1733,74,302,139,24,152,1319,2153,2368,1939,4974,1480,934,5767,107672,252,3493,121863,968,8295,2051,13644,4322,4045,591,221,4296,1716,2802,2674,663,574,142,22427,3784,2408,2603,1204,2599,2794,35591,40,21502,1629,97,35650,10650,83,588,6903,1819,98,11594,1660,1967,201,7467,2363,28852,3109,749,1629,2519,1329,1620,2095,1703,1943,84,1066,95,4486,321,63,57,338,1789,320,1636,61721,1661,13526,6336,1018,999,1176,448,35476,241,18668,2341,10740,2032,53,2996,17,59269,11668,18547,71056,1343,38867,243,789,812,2179,1104,2493,1852,2088,17521,2245,37,166,2293,87,103,3552,3415,89,250,176,34738,51781,41461,10507,39883,6333,1435,92143,115404,17918,48963,88958,99993,289,84,1426,1328,605,1969,1485,372,213,1063,8845,0.0,0.0,0.0,0.0,0.0,0.0,0.0,0.0,0.0,0.0,0.0,0.0,0.0,0.0,0.0,0.0,0.0,0.0,0.0,0.0,0.0,0.0,0.0,0.0,0.0,0.0,0.0,0.0,0.0,0.0,0.0,0.0,0.0,0.0,0.0,0.0,0.0,0.0,0.0,0.0,0.0,0.0,0.0,0.0,0.0,0.0,0.0,0.0,0.0,0.0,0.0,0.0,0.0,0.0,0.0,0.0,0.0,0.0,0.0,0.0,0.0,0.0,0.0,0.0,0.0,0.0,0.0,0.0,0.0,0.0,0.0,0.0,0.0,0.0,0.0,0.0,0.0,0.0,0.0,0.0,0.0,0.0,0.0,0.0,0.0,0.0,0.0,0.0,0.0,0.0,0.0,0.0,0.0,0.0,0.0,0.0,0.0,0.0,0.0,0.0,0.0,0.0,0.0,0.0,0.0,0.0,0.0,0.0,0.0,0.0,0.0,0.0,0.0,0.0,0.0,0.0,0.0,0.0,0.0,0.0,0.0,0.0,0.0,0.0,0.0,0.0,0.0,0.0,0.0,0.0,0.0,0.0,0.0,0.0,0.0,0.0,0.0,0.0,0.0,0.0,0.0,0.0,0.0,0.0,0.0,0.0,0.0,0.0,0.0,0.0
ENCFF728GQX,0.13015262658113497,58331,151,6392,26363,395,77576,6517,399,312,493,821,4589,2830,7343,14483,17325,3888,514,6415,10506,179,861,164,24,85,2479,55,4178,28038,4698,410,177,678,2366,1982,25,2977,19,27,12148,15393,59,1466,210,47,812,7388,19577,45,697,1728,1897,596,329,8480,290,616,600,298,1083,2219,300,10818,666,215,45,78,56993,64267,9240,1443,986,1541,6407,428,1568,626,991,1135,302,1270,1549,5164,554,777,5421,2,1143,586,8,1526,193,143,1785,1774,13790,290608,18590,139,45651,61910,3626,52709,1386,801,9060,3102,3928,38,5399,13518,13312,112,8305,39447,1840,27192,294,1051,1885,12601,489,29516,1776,13389,5904,1154,4170,511,188,45509,10126,185,21443,7377,12570,38366,49,7353,2247,1451,5542,34238,278,276,127,151,5,72,3549,325,837,19081,6694,1159,7541,30183,3427,572,1414,875,1008,4743,8979,7350,6940,22,146,0,1501,16,2252,694,1641,370,18,31,630,947,1254,20234,9822,57927,3687,44212,56618,25552,38116,19258,37655,385,44189,52733,13419,13128,34585,34923,6818,1341,45,2173,151,678,1316,208,236,13,68,8635,227,37082,15778,6772,3053,230158,47198,4402,37107,20685,1592,783,54328,25567,68138,2904,62117,290,61649,46,908,1082,150,304,1239,257,5133,3279,47,867,1236,687,1190,470,3088,1862,276,304,6591,3867,3184,3321,1673,457,857,1066,449,405,327,697,1551,7721,1734,403,2422,2891,3192,11520,26724,180,3095,4148,1562,1198,1034,806,1439,634,159,9208,595,1032,6782,422,1941,565,6427,1557,1358,776,1156,81,547,849,3271,3214,1046,1118,1063,3232,2050,965,1003,1386,6215,2,38,412,721,643,683,18940,13,12514,5,692,23,8622,1214,8666,12502,15835,58,4200,122,362,3958,6103,67796,946,2759,3048,1392,20,3734,227,200,770,23986,7396,4822,2502,35,135,198,0,12,842,847,2913,728,4272,685,494,1903,37126,541,2922,158616,652,7917,1217,7151,494,3186,298,66,4708,971,1245,1393,412,549,369,1562,1663,1328,1460,763,1406,1484,41443,73,15475,3288,48,39855,9824,302,327,10950,581,24,9017,984,1529,346,4634,1438,15615,3023,748,905,1367,446,1792,1102,1630,1070,71,1258,15,3514,392,420,319,503,274,588,865,22144,1254,10403,6430,842,688,1755,244,49073,86,24471,2185,17193,2006,528,4529,33,73820,13897,19691,86765,3769,16947,374,425,374,981,467,1559,988,1957,7814,1214,133,200,1458,555,25,6316,5912,2,222,206,34147,61630,43426,9976,50604,5541,525,84934,133140,18221,64258,96351,113390,339,221,1037,941,199,1164,2271,499,465,924,12343,0.0,0.0,0.0,0.0,0.0,0.0,0.0,0.0,0.0,0.0,0.0,0.0,0.0,0.0,0.0,0.0,0.0,0.0,0.0,0.0,0.0,0.0,0.0,0.0,0.0,0.0,0.0,0.0,0.0,0.0,0.0,0.0,0.0,0.0,0.0,0.0,0.0,0.0,0.0,0.0,0.0,0.0,0.0,0.0,0.0,0.0,0.0,0.0,0.0,0.0,0.0,0.0,0.0,0.0,0.0,0.0,0.0,0.0,0.0,0.0,0.0,0.0,0.0,0.0,0.0,0.0,0.0,0.0,0.0,0.0,0.0,0.0,0.0,0.0,0.0,0.0,0.0,0.0,0.0,0.0,0.0,0.0,0.0,0.0,0.0,0.0,0.0,0.0,0.0,0.0,0.0,0.0,0.0,0.0,0.0,0.0,0.0,0.0,0.0,0.0,0.0,0.0,0.0,0.0,0.0,0.0,0.0,0.0,0.0,0.0,0.0,0.0,0.0,0.0,0.0,0.0,0.0,0.0,0.0,0.0,0.0,0.0,0.0,0.0,0.0,0.0,0.0,0.0,0.0,0.0,0.0,0.0,0.0,0.0,0.0,0.0,0.0,0.0,0.0,0.0,0.0,0.0,0.0,0.0,0.0,0.0,0.0,0.0,0.0,0.0
ENCFF222VRH,0.14973127462107455,162085,400,3762,118251,1033,260180,13025,838,444,439,850,8190,3604,14385,52501,48916,3559,1494,11362,8986,188,1089,39,76,83,2585,11713,8259,70449,6288,284,194,962,5746,5076,49,4954,21,6,14833,17227,109,764,121,84,1502,14214,68895,1148,1463,3771,4289,556,389,8176,193,705,480,270,1393,3663,1779,48492,1056,645,3241,61,115087,91035,8883,3643,2125,4748,7650,410,3931,1829,2333,2704,726,3424,3244,5585,1229,2180,10868,53,2532,2170,53,1828,736,195,3909,2945,36487,292346,13577,276,38608,60438,6807,51356,3539,1960,7615,2757,3612,89,5540,12015,12881,268,9145,57062,4259,81162,611,2877,2702,12680,991,157123,3694,10476,3824,644,3403,450,94,42407,13936,4487,68235,15877,16239,42578,513,10601,13085,3486,6999,100880,393,1068,238,139,40,43,3142,586,400,17073,5529,526,6536,118255,8734,550,3744,1945,1505,4960,7148,6450,8265,96,227,110,3243,57,4188,1896,1604,216,17,44,1418,997,3372,20257,10344,70434,5687,44424,64423,27464,84937,31033,59496,376,45821,57374,16166,14490,44246,30623,9807,1964,1367,1869,76,1984,3371,187,56,51,86,6938,191,132468,26100,16453,4201,399688,74522,8517,49037,74819,2019,870,70780,35708,142187,4784,58826,187,56454,26,494,1178,30,881,2722,441,10796,4802,59,2167,2312,1923,2965,1402,6837,4076,258,298,12353,7532,4138,4113,4652,1032,2518,2444,1316,990,719,512,3733,9938,2461,1159,3064,6503,5440,33362,113553,9859,6810,5310,3285,2456,1898,1909,2776,1700,142,12649,1610,4057,9389,1003,4048,1633,8358,4163,3118,2306,2993,364,1456,1360,7266,5928,2473,2615,2450,4806,4204,3174,2240,3170,9810,69,84,1382,2308,849,826,23872,342,14907,64,506,118,11596,1203,12588,12074,16397,73,5120,137,84,2603,5335,157053,1559,3103,5267,1893,412,5968,62,754,2196,35346,15756,6920,2278,96,232,123,55,74,1911,2703,4562,1914,6901,1948,1404,5998,149261,1061,4888,188697,1340,11244,3013,17022,13145,5958,821,2836,11146,2474,3146,3128,1167,1002,405,68701,3890,3059,3111,1277,3356,3573,47387,70,29930,2681,95,43522,12484,64,638,9638,1774,76,16442,2279,1457,224,8589,3093,81074,6817,2064,2096,3147,1641,2542,2697,1553,454,76,1416,56,4533,367,75,124,984,562,621,2108,85934,2713,21422,10083,1868,1091,1327,621,47769,373,21386,3784,16060,2171,306,4566,18,50775,9351,18374,69655,5064,56821,467,542,1179,2799,1477,2752,2336,3298,21810,2830,49,587,3351,62,118,5318,5340,5,822,144,38532,65191,55234,13968,49966,6888,1413,130853,143592,24917,66301,111541,122320,410,197,2038,1902,742,2808,1151,710,369,1279,12555,0.0,0.0,0.0,0.0,0.0,0.0,0.0,0.0,0.0,0.0,0.0,0.0,0.0,0.0,0.0,0.0,0.0,0.0,0.0,0.0,0.0,0.0,0.0,0.0,0.0,0.0,0.0,0.0,0.0,0.0,0.0,0.0,0.0,0.0,0.0,0.0,0.0,0.0,0.0,0.0,0.0,0.0,0.0,0.0,0.0,0.0,0.0,0.0,0.0,0.0,0.0,0.0,0.0,0.0,0.0,0.0,0.0,0.0,0.0,0.0,0.0,0.0,0.0,0.0,0.0,0.0,0.0,0.0,0.0,0.0,0.0,0.0,0.0,0.0,0.0,0.0,0.0,0.0,0.0,0.0,0.0,0.0,0.0,0.0,0.0,0.0,0.0,0.0,0.0,0.0,0.0,0.0,0.0,0.0,0.0,0.0,0.0,0.0,0.0,0.0,0.0,0.0,0.0,0.0,0.0,0.0,0.0,0.0,0.0,0.0,0.0,0.0,0.0,0.0,0.0,0.0,0.0,0.0,0.0,0.0,0.0,0.0,0.0,0.0,0.0,0.0,0.0,0.0,0.0,0.0,0.0,0.0,0.0,0.0,0.0,0.0,0.0,0.0,0.0,0.0,0.0,0.0,0.0,0.0,0.0,0.0,0.0,0.0,0.0,0.0
ENCFF000RZJ,0.30888087741768216,109328,505,7748,7740,106,72243,16652,272,749,1175,2206,3941,1574,4937,2591,4252,7021,2028,12819,18261,781,4155,366,353,727,816,585,4087,4206,19111,1295,709,1606,2191,2011,11,7558,148,23,23631,49575,137,2176,17,361,2608,12941,2290,107,1366,103,304,2183,1393,32263,1228,1527,1480,1192,4521,1979,26,1243,926,1970,50,66,86312,151875,38506,914,134,1934,28287,982,1202,151,182,523,28,224,2076,15151,177,75,3250,117,236,213,292,9785,1974,1687,4982,602,1347,626192,49679,338,134914,167902,5522,144605,2183,147,26313,7922,8863,74,13660,30978,32374,2060,9833,143045,2762,34347,48,218,1610,29833,120,5569,1151,23413,12367,3942,13676,1655,922,161815,10458,422,3620,6364,57404,129162,82,8992,4429,1156,13730,7363,1335,1020,52,629,63,121,10982,1736,1772,31781,26255,2859,11337,5887,927,1978,1231,10367,7911,10185,18270,16332,27303,532,1067,653,158,245,675,110,5325,389,9,2,119,2705,1438,66222,32380,173735,5275,74899,117202,36191,31171,31792,54191,1132,105327,116899,40544,42133,79886,85005,20782,2395,155,2556,27,55,218,1537,288,360,2032,12873,222,18151,16927,1978,9105,720309,107435,12140,104279,6013,6245,2279,117956,49517,84738,549,210576,502,224109,214,843,2645,113,34,1107,387,5401,8655,118,71,252,83,208,186,4766,2661,834,537,10702,9022,5378,11835,268,33,171,230,44,69,91,2486,230,12743,789,103,4285,4685,2469,6432,2638,607,4531,12793,1992,881,678,97,245,45,606,35758,298,417,22384,69,4098,160,10779,184,649,72,283,360,70,244,1957,1587,179,131,255,9265,3134,198,147,114,2621,19,211,137,155,4273,89,71817,3160,46024,91,2255,249,25969,5131,33637,23673,18309,183,9365,301,917,4030,17386,65039,3508,8779,5631,4092,1,3920,780,1712,3234,25535,12150,3542,7943,1800,608,576,57,496,170,5781,10846,1475,10841,149,212,1372,6855,435,2197,512454,778,24956,465,7624,2235,3268,151,132,13201,162,1730,1998,124,218,1047,6670,1902,771,2015,382,1072,2149,105439,273,28768,9864,511,116597,32212,41,1825,18394,4114,391,13414,223,4450,1595,7005,944,4180,1226,1886,335,1708,252,1170,277,6213,290,552,3894,351,5436,1064,87,2063,1511,3107,677,2621,8192,398,3804,3909,337,1618,4733,2811,181535,54,56659,2714,60979,9561,558,11587,51,88582,17637,26197,129003,2373,4535,26,1838,141,570,592,1417,88,482,29630,1377,26,1541,224,233,1142,21516,22940,8,116,887,118954,110054,65346,16627,147754,17168,1210,184810,298898,29374,115633,219745,309187,769,854,163,188,145,125,8629,1875,2296,2682,19734,0.0,0.0,0.0,0.0,0.0,0.0,0.0,0.0,0.0,0.0,0.0,0.0,0.0,0.0,0.0,0.0,0.0,0.0,0.0,0.0,0.0,0.0,0.0,0.0,0.0,0.0,0.0,0.0,0.0,0.0,0.0,0.0,0.0,0.0,0.0,0.0,0.0,0.0,0.0,0.0,0.0,0.0,0.0,0.0,0.0,0.0,0.0,0.0,0.0,0.0,0.0,0.0,0.0,0.0,0.0,0.0,0.0,0.0,0.0,0.0,0.0,0.0,0.0,0.0,0.0,0.0,0.0,0.0,0.0,0.0,0.0,0.0,0.0,0.0,0.0,0.0,0.0,0.0,0.0,0.0,0.0,0.0,0.0,0.0,0.0,0.0,0.0,0.0,0.0,0.0,0.0,0.0,0.0,0.0,0.0,0.0,0.0,0.0,0.0,0.0,0.0,0.0,0.0,0.0,0.0,0.0,0.0,0.0,0.0,0.0,0.0,0.0,0.0,0.0,0.0,0.0,0.0,0.0,0.0,0.0,0.0,0.0,0.0,0.0,0.0,0.0,0.0,0.0,0.0,0.0,0.0,0.0,0.0,0.0,0.0,0.0,0.0,0.0,0.0,0.0,0.0,0.0,0.0,0.0,0.0,0.0,0.0,0.0,0.0,0.0
ENCFF000VZE,0.16022963409821508,25580,92,1418,8186,361,26989,2153,110,143,89,195,1140,1528,2657,4615,8994,1013,135,1632,2166,52,141,37,11,21,219,1413,1042,7355,1224,93,103,160,594,456,52,484,12,7,2208,2941,31,186,14,23,153,1787,5363,200,162,300,475,120,96,1791,63,77,134,47,256,620,117,2973,105,122,377,28,12702,14364,1683,321,219,673,1325,43,359,171,248,284,69,327,340,1019,130,162,1108,13,275,159,14,359,216,29,475,425,4402,49185,3240,38,8073,11400,739,9794,332,203,1383,488,501,12,839,2173,2189,30,1316,8541,1048,10373,315,1390,1074,2942,630,12969,465,1919,981,253,798,121,44,8637,3899,1038,6397,2532,3600,7220,440,1442,663,321,978,9432,98,257,34,41,24,16,525,113,235,3552,1406,183,1279,9047,993,125,353,261,260,802,1395,1171,1521,20,40,26,287,5,628,231,204,48,28,3,259,244,312,4373,1923,12880,693,9063,9396,4328,8137,4021,8629,63,8218,9891,3173,2665,6706,5233,1609,309,254,235,17,166,269,73,45,16,16,1202,119,10933,3645,3439,98,56742,10091,1057,7378,5943,286,224,11025,5486,16167,1895,12243,48,11904,24,130,282,137,117,316,90,1100,585,14,184,303,199,303,133,757,404,101,68,1366,903,614,810,372,110,193,223,112,115,95,187,327,1522,413,123,547,683,622,2867,6001,997,608,895,387,233,167,195,303,147,102,2081,167,268,1455,131,449,146,1171,308,307,182,246,122,139,247,723,802,259,271,232,693,463,218,252,252,1379,4,18,152,214,194,148,3870,44,2836,9,170,38,1707,199,1997,2044,2042,6,772,46,68,372,981,17400,241,694,645,293,58,922,55,137,135,4512,1916,1316,312,22,65,47,2,26,223,331,722,152,1329,164,180,437,11167,191,684,38734,146,1408,313,1583,1382,851,123,735,2907,275,332,304,151,150,92,7527,362,285,344,162,330,372,6947,30,2761,687,6,7526,2649,8,56,1658,194,42,1908,252,411,84,887,346,4099,887,415,294,318,176,323,265,330,224,9,350,14,522,27,14,45,355,65,291,232,8998,1103,2844,2143,546,152,252,69,10424,195,4601,642,3393,345,123,792,40,8931,1870,3069,13182,565,4295,114,84,120,402,160,337,231,482,2518,325,12,145,341,6,12,1039,953,4,291,64,6589,13193,9745,2486,10506,1143,142,19379,28537,4223,13512,19783,23516,61,42,271,220,70,243,388,85,125,193,1998,0.0,0.0,0.0,0.0,0.0,0.0,0.0,0.0,0.0,0.0,0.0,0.0,0.0,0.0,0.0,0.0,0.0,0.0,0.0,0.0,0.0,0.0,0.0,0.0,0.0,0.0,0.0,0.0,0.0,0.0,0.0,0.0,0.0,0.0,0.0,0.0,0.0,0.0,0.0,0.0,0.0,0.0,0.0,0.0,0.0,0.0,0.0,0.0,0.0,0.0,0.0,0.0,0.0,0.0,0.0,0.0,0.0,0.0,0.0,0.0,0.0,0.0,0.0,0.0,0.0,0.0,0.0,0.0,0.0,0.0,0.0,0.0,0.0,0.0,0.0,0.0,0.0,0.0,0.0,0.0,0.0,0.0,0.0,0.0,0.0,0.0,0.0,0.0,0.0,0.0,0.0,0.0,0.0,0.0,0.0,0.0,0.0,0.0,0.0,0.0,0.0,0.0,0.0,0.0,0.0,0.0,0.0,0.0,0.0,0.0,0.0,0.0,0.0,0.0,0.0,0.0,0.0,0.0,0.0,0.0,0.0,0.0,0.0,0.0,0.0,0.0,0.0,0.0,0.0,0.0,0.0,0.0,0.0,0.0,0.0,0.0,0.0,0.0,0.0,0.0,0.0,0.0,0.0,0.0,0.0,0.0,0.0,0.0,0.0,0.0
ENCFF001HPU,0.1946679945427023,58585,183,3111,33895,658,128773,4654,198,418,251,377,2552,3528,8010,19052,32891,2776,393,6164,4510,106,538,85,83,61,760,3720,2967,27966,3002,199,186,389,1629,1474,94,1785,40,4,5683,8690,81,493,25,58,594,4792,20572,485,363,980,1309,368,188,4638,136,294,331,146,631,1168,623,14597,254,283,1131,11,43247,35419,5326,931,622,1567,3395,294,1138,503,713,839,188,830,1127,2756,399,500,3104,18,838,482,20,986,162,47,1000,1274,15346,131977,7617,126,20633,30521,2359,26159,1069,533,4082,1172,1303,20,2106,5276,5330,218,3414,24185,2337,26919,467,1843,1865,6755,763,44013,1153,4483,2220,626,2018,371,111,21972,11438,2000,33551,7562,7806,21020,493,3755,4765,1037,3027,40261,375,633,69,92,40,40,1846,204,321,7978,3678,556,2934,35004,3051,395,990,987,954,2461,3149,2825,3709,58,118,43,923,24,1534,531,468,362,52,9,640,618,994,11298,5493,33800,1830,22902,25999,11478,27482,10573,22413,223,21489,25694,8273,6894,17555,13838,4549,734,733,660,45,461,869,153,89,22,52,2895,323,40000,10470,9219,237,151363,31062,3091,21476,25728,850,526,31734,16110,53817,3845,32174,134,32647,35,227,463,52,253,836,186,3192,1787,23,616,892,563,794,409,2138,1336,133,165,3876,2514,1768,1865,1097,322,594,705,339,315,247,370,1017,4075,1221,316,1439,1947,1798,9204,26642,1852,2044,2124,1098,793,563,561,869,497,84,5360,449,740,4133,326,1302,351,3199,1022,934,524,859,126,418,537,2067,2159,747,817,675,1934,1258,766,707,839,3280,31,28,379,560,409,298,11290,140,7372,29,463,67,5345,567,5080,5031,6157,44,2348,107,162,1817,2933,59519,616,1729,1710,816,141,2342,154,156,493,12544,6980,2080,1080,49,163,99,20,63,634,1199,1933,523,2929,512,461,1503,47570,380,1802,92958,545,4883,935,5074,3589,2264,271,1480,5389,758,932,1038,363,385,247,17387,1121,864,1061,382,1059,1202,20203,94,8496,1657,26,19245,5093,18,212,4481,622,62,5318,721,978,294,2681,1059,19696,3360,859,762,1008,522,1048,826,1025,732,18,716,41,1421,106,7,168,575,210,649,707,31795,1705,8126,4538,1065,367,645,125,27388,443,11859,1926,9318,1093,312,2113,17,23155,4602,8060,34110,1643,19576,257,236,338,876,450,950,702,1180,6856,982,26,411,928,22,41,2906,3197,3,673,215,18570,31660,24363,5951,28241,3233,670,64750,70216,10550,32914,50113,61194,213,113,661,624,187,795,931,226,331,539,5329,0.0,0.0,0.0,0.0,0.0,0.0,0.0,0.0,0.0,0.0,0.0,0.0,0.0,0.0,0.0,0.0,0.0,0.0,0.0,0.0,0.0,0.0,0.0,0.0,0.0,0.0,0.0,0.0,0.0,0.0,0.0,0.0,0.0,0.0,0.0,0.0,0.0,0.0,0.0,0.0,0.0,0.0,0.0,0.0,0.0,0.0,0.0,0.0,0.0,0.0,0.0,0.0,0.0,0.0,0.0,0.0,0.0,0.0,0.0,0.0,0.0,0.0,0.0,0.0,0.0,0.0,0.0,0.0,0.0,0.0,0.0,0.0,0.0,0.0,0.0,0.0,0.0,0.0,0.0,0.0,0.0,0.0,0.0,0.0,0.0,0.0,0.0,0.0,0.0,0.0,0.0,0.0,0.0,0.0,0.0,0.0,0.0,0.0,0.0,0.0,0.0,0.0,0.0,0.0,0.0,0.0,0.0,0.0,0.0,0.0,0.0,0.0,0.0,0.0,0.0,0.0,0.0,0.0,0.0,0.0,0.0,0.0,0.0,0.0,0.0,0.0,0.0,0.0,0.0,0.0,0.0,0.0,0.0,0.0,0.0,0.0,0.0,0.0,0.0,0.0,0.0,0.0,0.0,0.0,0.0,0.0,0.0,0.0,0.0,0.0
ENCFF000NCD,0.16640607070089164,37424,584,3209,38675,780,83483,8540,223,835,352,650,3121,6785,9961,22024,41301,4182,641,6278,5805,189,846,130,128,138,921,848,3287,27637,4547,315,169,581,1815,1785,31,2156,32,26,8121,12704,125,802,44,145,831,6394,28863,86,550,945,1302,573,383,9610,198,434,543,261,985,1535,238,12087,904,199,226,119,48196,56420,8246,1085,643,1188,6511,392,1303,580,789,817,196,943,1170,4198,431,530,3258,40,866,481,42,1665,328,57,1826,1212,12502,195394,12177,94,32509,46935,2854,40160,1141,578,6392,1911,2069,51,3380,8919,9183,427,4196,37307,3553,40061,619,2505,2442,10280,1073,66868,1344,6650,3228,1182,3327,881,336,41740,18635,616,51453,10561,18502,33915,130,4401,4346,1150,3887,37181,306,355,126,145,49,45,2775,408,722,10421,5860,796,4125,41131,3352,726,1240,2859,2862,3300,5878,5114,6246,71,254,115,974,41,1651,571,718,720,35,2,503,924,998,17329,8300,49193,2334,35820,35659,15172,35062,13525,27529,472,31414,36116,12223,10234,24891,20881,6377,851,182,964,43,500,871,285,153,58,70,4243,597,49413,11290,20812,543,224335,38578,3343,32646,24517,1304,577,42161,20573,55579,5654,52420,257,50237,81,345,999,244,288,961,647,3571,2588,59,602,907,549,818,397,2551,1514,250,287,4905,3179,2194,2682,1136,291,634,675,321,352,303,523,1041,5190,1259,356,1769,2408,2101,11137,22562,444,2407,3633,1271,759,633,596,945,482,138,8455,494,862,6049,370,1645,423,3881,950,1040,511,899,198,427,483,2360,2235,735,868,719,2718,1482,750,757,855,3529,22,36,407,579,801,204,17247,176,11432,21,581,155,7393,930,7924,6918,8049,46,2845,159,215,1813,4636,83844,808,2982,2084,1062,31,2574,254,600,771,15176,7159,3425,1689,120,563,187,16,116,571,2264,2728,611,3679,498,553,1945,65582,373,1923,133730,596,6666,921,5517,1042,2706,308,347,4112,777,1003,1126,345,455,286,4125,1269,956,1159,661,1135,1337,29017,117,10744,2480,37,29962,7172,32,396,6433,1098,108,6661,751,1785,379,3134,1172,14890,2826,701,820,1098,475,1194,818,1532,713,13,960,50,1887,199,41,250,467,467,1165,924,33186,2239,9183,5710,1551,540,1073,334,43116,131,17265,1678,14502,1885,383,3281,32,35807,6426,10813,47172,1332,22309,242,248,406,807,688,1162,707,1278,7707,993,53,290,1021,45,79,4979,5031,45,214,263,28214,41354,30023,7267,41087,4564,324,81268,96456,12740,42545,69851,87849,452,233,735,637,203,847,1623,263,487,717,6969,0.0,0.0,0.0,0.0,0.0,0.0,0.0,0.0,0.0,0.0,0.0,0.0,0.0,0.0,0.0,0.0,0.0,0.0,0.0,0.0,0.0,0.0,0.0,0.0,0.0,0.0,0.0,0.0,0.0,0.0,0.0,0.0,0.0,0.0,0.0,0.0,0.0,0.0,0.0,0.0,0.0,0.0,0.0,0.0,0.0,0.0,0.0,0.0,0.0,0.0,0.0,0.0,0.0,0.0,0.0,0.0,0.0,0.0,0.0,0.0,0.0,0.0,0.0,0.0,0.0,0.0,0.0,0.0,0.0,0.0,0.0,0.0,0.0,0.0,0.0,0.0,0.0,0.0,0.0,0.0,0.0,0.0,0.0,0.0,0.0,0.0,0.0,0.0,0.0,0.0,0.0,0.0,0.0,0.0,0.0,0.0,0.0,0.0,0.0,0.0,0.0,0.0,0.0,0.0,0.0,0.0,0.0,0.0,0.0,0.0,0.0,0.0,0.0,0.0,0.0,0.0,0.0,0.0,0.0,0.0,0.0,0.0,0.0,0.0,0.0,0.0,0.0,0.0,0.0,0.0,0.0,0.0,0.0,0.0,0.0,0.0,0.0,0.0,0.0,0.0,0.0,0.0,0.0,0.0,0.0,0.0,0.0,0.0,0.0,0.0
ENCFF002ATR,0.1360560689695948,44370,149,6030,27478,370,51984,4837,274,437,403,614,2812,2322,7484,14332,12375,3350,670,4252,8250,313,1288,175,20,7,804,154,2877,16891,6053,412,261,615,1423,1154,28,2162,20,3,8872,18759,18,1096,20,28,459,6561,17896,12,691,745,1111,1123,433,15630,222,589,519,48,1090,1514,362,8607,333,292,81,5,56854,67892,13442,744,468,1240,9973,410,831,429,518,669,163,794,821,6895,412,460,3862,3,697,430,2,1824,16780,10,2625,1386,11476,251486,17995,104,48612,62373,2421,55791,877,514,9521,2551,2349,17,6745,13396,11496,95,5536,93277,1632,25928,294,1037,1621,13070,447,27327,1031,9088,5081,1329,4975,602,197,77637,9675,173,16349,7491,20271,50118,65,4609,1894,823,5419,49031,326,275,70,209,566,35,3853,463,843,14601,8353,1245,4705,29746,3169,626,835,918,1093,4032,6822,5662,10094,37,61,9,739,17,1562,497,1492,389,12,2,441,1064,648,26106,11566,94133,2897,39101,44773,17476,27832,16405,44067,297,40460,46444,33041,15917,35613,28098,8181,1083,37,789,183,444,654,189,82,22,21,5881,150,29269,13376,5420,196,245262,45049,5199,40153,16635,1869,721,53265,20085,56976,2240,68596,261,70741,72,617,835,24,202,721,271,4562,3603,31,567,726,519,669,386,1837,1057,1393,232,5772,3826,2763,5103,1013,253,506,456,268,284,182,1200,851,6283,1059,309,2512,2225,1821,8971,26181,261,2420,6462,1352,621,414,438,713,377,565,9776,397,646,9108,264,1731,298,5577,746,707,435,689,1022,431,546,2131,2030,605,677,611,4169,1629,674,657,704,4056,25,8,329,459,591,139,29356,65,17330,14,863,46,9456,1508,14479,9102,34102,12,3693,38,254,878,16174,53964,1029,2388,2761,1713,16,2379,361,256,1237,15386,7259,3574,2481,6,252,171,4,2,451,976,3487,389,5307,432,370,1944,34965,333,2132,195191,328,8846,734,3750,797,2280,232,79,5165,603,663,704,338,356,412,1999,835,592,733,453,847,811,39776,54,14773,3248,14,44283,22323,20,434,9666,525,33,8563,520,3960,472,2980,893,21533,3083,821,729,807,380,1014,615,2373,408,0,1739,8,2423,90,29,310,710,147,456,676,29773,1100,8746,4857,886,617,1329,116,73238,113,20781,1716,23443,2005,337,4760,6,33870,6847,11285,55450,3348,18989,136,84,283,715,318,763,539,1577,6071,674,35,276,787,2,0,7447,7330,10,186,238,36606,62930,42174,11564,52707,6118,437,82470,134021,18445,62401,100270,118817,423,346,575,523,177,618,2014,580,1397,945,8693,0.0,0.0,0.0,0.0,0.0,0.0,0.0,0.0,0.0,0.0,0.0,0.0,0.0,0.0,0.0,0.0,0.0,0.0,0.0,0.0,0.0,0.0,0.0,0.0,0.0,0.0,0.0,0.0,0.0,0.0,0.0,0.0,0.0,0.0,0.0,0.0,0.0,0.0,0.0,0.0,0.0,0.0,0.0,0.0,0.0,0.0,0.0,0.0,0.0,0.0,0.0,0.0,0.0,0.0,0.0,0.0,0.0,0.0,0.0,0.0,0.0,0.0,0.0,0.0,0.0,0.0,0.0,0.0,0.0,0.0,0.0,0.0,0.0,0.0,0.0,0.0,0.0,0.0,0.0,0.0,0.0,0.0,0.0,0.0,0.0,0.0,0.0,0.0,0.0,0.0,0.0,0.0,0.0,0.0,0.0,0.0,0.0,0.0,0.0,0.0,0.0,0.0,0.0,0.0,0.0,0.0,0.0,0.0,0.0,0.0,0.0,0.0,0.0,0.0,0.0,0.0,0.0,0.0,0.0,0.0,0.0,0.0,0.0,0.0,0.0,0.0,0.0,0.0,0.0,0.0,0.0,0.0,0.0,0.0,0.0,0.0,0.0,0.0,0.0,0.0,0.0,0.0,0.0,0.0,0.0,0.0,0.0,0.0,0.0,0.0
ENCFF124NVR,0.13226792997006528,1012405,10028,16821,115116,1342,190894,32231,1060,1137,1228,4236,15359,7858,22166,58686,49795,10725,2180,28898,23049,1114,3289,492,580,509,3328,94544,10407,90234,16791,1170,1816,2943,5757,5135,2052,7296,188,389,33886,48283,250,3134,90,3351,2991,20496,71466,7177,1702,2534,3724,2063,1741,34147,853,1587,1745,1172,3203,8777,2083,36617,2903,2708,24227,1652,175647,197571,34928,3321,1895,19729,30649,1386,3798,1426,2301,2708,553,2662,3718,15728,1225,1408,10286,98,2543,1417,158,6543,1131,350,5884,3629,60394,676022,45889,320,122152,172054,8494,146623,4098,1640,25575,8090,9805,109,14386,35603,34192,892,18154,140419,6444,81966,785,3537,5229,34682,1489,113472,3915,26753,12947,4831,12925,1548,583,150663,31054,62309,87825,22213,69714,123253,13732,16946,15256,3677,23212,152458,2924,12566,239,509,169,326,10572,1582,6437,40043,22634,3114,15361,116223,9175,1898,3720,9640,7834,11592,19836,16418,29931,408,616,357,2791,134,5397,1602,7057,1761,399,136,6461,4079,3265,68401,30467,196355,7548,99790,125984,54055,101452,50863,91978,988,117402,134879,48313,39218,102366,81893,29337,2990,14880,4485,315,1357,2501,911,356,147,429,17327,1005,123762,37818,19742,2248,2050484,152798,27382,119220,65249,5237,3243,160541,80019,193548,7498,209020,949,200678,202,1559,5747,3021,793,2997,1233,12952,10689,343,1596,2643,1489,2516,1110,8408,4705,2570,1301,16736,12593,8098,17881,3353,707,1717,2088,1002,939,862,3217,2906,21206,3821,1103,6612,8689,7305,36150,120501,43740,7780,17028,4144,2449,2015,1785,2591,1208,2024,36564,1327,2402,22764,1020,5418,1144,14847,2667,3134,1421,2628,2812,1257,3873,7222,6794,2232,2603,2001,10207,4800,2195,2034,2465,11831,163,139,1126,1688,2615,988,70891,1000,47197,89,2422,349,26457,3781,36248,29304,30277,171,12125,450,850,11198,17359,223211,6759,11940,8947,4404,3744,9530,1048,1652,3841,60298,31143,22970,6582,189,901,530,94,197,1834,7572,11083,2144,14063,1480,1364,7878,145915,3926,6321,513069,4075,24794,2838,18858,98309,9436,880,34983,91084,2130,3306,3614,1026,1249,2309,418045,3886,2891,3453,1973,3684,4174,109625,337,38970,9301,264,126115,32540,196,1292,24603,4122,243,21809,2278,6970,1369,10649,3369,73886,8343,20693,2268,3528,1302,3854,2402,6785,3679,247,4561,150,8079,1228,82,804,12402,3927,1896,3895,88164,3388,24979,14637,2523,1842,4540,1217,179544,6299,69429,19876,54674,6343,1629,12490,503,134476,25385,44184,195456,11754,63358,1623,2031,982,6017,7271,3687,1934,5144,33686,3402,82,15931,2722,188,246,18821,18222,102,18931,785,107365,159174,109879,29165,149902,17487,1223,249454,371907,47510,157548,269727,333930,904,726,1973,1793,662,2337,7276,1201,2182,3102,26409,0.0,0.0,0.0,0.0,0.0,0.0,0.0,0.0,0.0,0.0,0.0,0.0,0.0,0.0,0.0,0.0,0.0,0.0,0.0,0.0,0.0,0.0,0.0,0.0,0.0,0.0,0.0,0.0,0.0,0.0,0.0,0.0,0.0,0.0,0.0,0.0,0.0,0.0,0.0,0.0,0.0,0.0,0.0,0.0,0.0,0.0,0.0,0.0,0.0,0.0,0.0,0.0,0.0,0.0,0.0,0.0,0.0,0.0,0.0,0.0,0.0,0.0,0.0,0.0,0.0,0.0,0.0,0.0,0.0,0.0,0.0,0.0,0.0,0.0,0.0,0.0,0.0,0.0,0.0,0.0,0.0,0.0,0.0,0.0,0.0,0.0,0.0,0.0,0.0,0.0,0.0,0.0,0.0,0.0,0.0,0.0,0.0,0.0,0.0,0.0,0.0,0.0,0.0,0.0,0.0,0.0,0.0,0.0,0.0,0.0,0.0,0.0,0.0,0.0,0.0,0.0,0.0,0.0,0.0,0.0,0.0,0.0,0.0,0.0,0.0,0.0,0.0,0.0,0.0,0.0,0.0,0.0,0.0,0.0,0.0,0.0,0.0,0.0,0.0,0.0,0.0,0.0,0.0,0.0,0.0,0.0,0.0,0.0,0.0,0.0
ENCFF000PGK,0.19416203862566844,28498,76,1653,3414,74,17291,4027,60,167,231,455,906,417,1391,1378,1950,1382,412,3316,3622,119,660,66,41,52,384,797,999,4734,2686,225,134,287,450,458,22,1212,17,20,4737,8368,46,459,6,41,511,2654,1583,121,264,158,229,395,245,5894,133,298,245,115,639,525,22,963,258,303,221,42,18873,29647,7321,242,94,547,10197,253,340,79,96,175,16,137,392,2725,65,66,923,16,133,82,7,1191,100,29,806,196,1270,112137,8374,52,23322,29665,1053,25424,389,71,4611,1327,1360,10,2295,5752,6034,74,2259,29145,551,9203,55,196,458,6028,86,5290,327,4851,2318,646,2292,293,110,30825,2386,1336,2782,1530,26566,24365,93,1728,2140,292,2322,4690,356,289,22,93,23,38,1937,290,397,6468,4129,529,2701,3062,461,380,325,1036,881,1655,3407,3184,4931,31,118,39,139,31,308,66,1647,17642,15,13,118,496,304,12960,5840,32266,1009,14944,21330,7845,7915,6638,11820,152,19884,22153,8332,7819,16780,14985,3757,387,209,479,18,99,141,217,47,50,152,2543,63,7095,3946,969,333,103068,20371,2228,19280,2470,1068,432,23258,9610,17963,369,39652,138,40475,24,225,493,56,25,253,182,1264,1687,11,78,126,79,130,57,888,487,195,130,2353,1718,1108,2834,167,29,98,127,34,42,35,412,156,2638,261,63,863,941,579,1514,6378,497,888,2538,406,220,197,94,179,47,171,6349,87,131,3987,56,727,52,2135,135,215,59,122,115,69,178,508,503,97,150,102,1663,603,87,111,121,851,10,18,62,89,519,37,12151,97,7777,12,394,74,4763,801,6205,4318,3658,13,1784,82,126,1201,3271,17252,614,1530,1039,716,17,811,268,281,685,6507,3410,927,1262,32,146,95,4,28,97,675,1851,281,1995,57,78,321,4178,123,543,93774,174,4358,182,1625,1242,784,49,293,2834,94,333,375,72,66,178,4429,377,226,394,164,318,437,17840,61,5245,1451,19,20826,5725,56,267,3949,708,45,2866,95,1473,295,1329,263,2511,360,452,109,362,73,338,135,1345,434,39,693,33,939,127,7,132,335,337,121,400,2895,210,1132,1134,123,263,720,150,31691,77,10508,606,10320,1289,159,2114,9,19226,3481,5878,27817,1131,2070,61,178,46,170,94,371,96,277,3147,311,5,288,137,41,28,3601,3761,23,228,131,20910,23378,13419,3716,27113,3008,246,35071,58026,5782,22582,42333,56940,100,121,88,81,38,110,1136,214,367,423,4208,0.0,0.0,0.0,0.0,0.0,0.0,0.0,0.0,0.0,0.0,0.0,0.0,0.0,0.0,0.0,0.0,0.0,0.0,0.0,0.0,0.0,0.0,0.0,0.0,0.0,0.0,0.0,0.0,0.0,0.0,0.0,0.0,0.0,0.0,0.0,0.0,0.0,0.0,0.0,0.0,0.0,0.0,0.0,0.0,0.0,0.0,0.0,0.0,0.0,0.0,0.0,0.0,0.0,0.0,0.0,0.0,0.0,0.0,0.0,0.0,0.0,0.0,0.0,0.0,0.0,0.0,0.0,0.0,0.0,0.0,0.0,0.0,0.0,0.0,0.0,0.0,0.0,0.0,0.0,0.0,0.0,0.0,0.0,0.0,0.0,0.0,0.0,0.0,0.0,0.0,0.0,0.0,0.0,0.0,0.0,0.0,0.0,0.0,0.0,0.0,0.0,0.0,0.0,0.0,0.0,0.0,0.0,0.0,0.0,0.0,0.0,0.0,0.0,0.0,0.0,0.0,0.0,0.0,0.0,0.0,0.0,0.0,0.0,0.0,0.0,0.0,0.0,0.0,0.0,0.0,0.0,0.0,0.0,0.0,0.0,0.0,0.0,0.0,0.0,0.0,0.0,0.0,0.0,0.0,0.0,0.0,0.0,0.0,0.0,0.0
ENCFF358SUY,0.17312668303823275,25027,121,2142,25967,356,57488,5058,232,278,247,449,2464,1959,4396,17539,17912,2137,576,3275,3900,123,566,49,49,54,733,448,2893,16314,2997,229,65,407,1634,1456,29,1675,7,4,6367,9411,70,540,48,24,520,5287,19788,47,448,859,1178,390,254,6012,93,320,268,107,706,1139,172,7774,1577,80,140,44,31969,41983,6045,918,570,1298,7766,309,1023,513,623,722,212,906,1010,2881,417,539,3259,8,778,511,12,861,162,22,1198,897,7889,140767,8350,101,23140,32948,2086,28713,1200,553,4154,1281,1255,18,2436,6585,6668,165,3711,26707,1479,27492,158,935,1046,6341,422,48889,1054,4686,2022,602,2042,383,93,31388,7272,369,28357,5000,27522,25635,73,3687,2186,1024,3048,23489,187,155,87,61,8,21,2037,280,305,7318,3443,436,2562,29453,2964,384,1031,1367,1317,2544,3646,3223,5192,37,90,70,908,30,1361,522,1183,357,16,9,389,584,901,12062,5952,34827,1976,21673,24794,11341,29092,10813,22738,254,22552,26709,9054,7567,19550,14715,4241,740,76,395,99,463,859,118,29,25,39,3145,153,35929,8791,7599,253,127068,27709,2836,22426,14214,882,466,28897,13238,38800,2107,34235,100,33147,21,267,547,42,257,811,246,3563,2248,22,599,797,532,786,399,1988,1216,226,177,4584,2600,1651,2270,1180,301,600,596,315,313,230,363,1053,3811,867,304,1271,2069,1734,9762,19613,380,1964,2840,1168,718,530,530,830,438,177,6065,465,959,4090,261,1365,431,3432,1007,881,569,824,186,443,424,2207,1848,710,876,716,2009,1253,794,641,916,3528,12,26,371,598,396,170,12683,67,7409,10,317,70,5542,614,5847,4735,5629,18,2319,85,114,838,3405,50396,582,1732,1757,858,24,2185,148,251,821,11860,4423,2779,1224,32,170,61,7,21,597,1149,1801,483,2805,493,453,1233,40437,268,1923,96074,477,5160,850,4871,767,1937,284,209,2849,667,824,925,358,384,258,2737,1003,786,901,413,971,1049,19944,52,9715,1502,29,21351,5075,13,266,4260,633,12,5988,673,947,168,2690,907,11290,2498,391,677,926,472,816,792,1051,436,10,559,18,1406,100,46,151,204,267,255,579,22797,875,7472,3458,767,492,605,137,28296,72,11945,1135,9348,1279,231,2245,10,23217,4460,7453,32637,1177,16699,173,94,346,782,374,883,619,1090,4422,849,16,157,892,33,28,3241,3429,23,110,96,21115,30341,22980,5406,28633,3464,292,62585,69451,9668,30571,53010,63438,232,143,599,613,204,797,804,334,279,581,5191,0.0,0.0,0.0,0.0,0.0,0.0,0.0,0.0,0.0,0.0,0.0,0.0,0.0,0.0,0.0,0.0,0.0,0.0,0.0,0.0,0.0,0.0,0.0,0.0,0.0,0.0,0.0,0.0,0.0,0.0,0.0,0.0,0.0,0.0,0.0,0.0,0.0,0.0,0.0,0.0,0.0,0.0,0.0,0.0,0.0,0.0,0.0,0.0,0.0,0.0,0.0,0.0,0.0,0.0,0.0,0.0,0.0,0.0,0.0,0.0,0.0,0.0,0.0,0.0,0.0,0.0,0.0,0.0,0.0,0.0,0.0,0.0,0.0,0.0,0.0,0.0,0.0,0.0,0.0,0.0,0.0,0.0,0.0,0.0,0.0,0.0,0.0,0.0,0.0,0.0,0.0,0.0,0.0,0.0,0.0,0.0,0.0,0.0,0.0,0.0,0.0,0.0,0.0,0.0,0.0,0.0,0.0,0.0,0.0,0.0,0.0,0.0,0.0,0.0,0.0,0.0,0.0,0.0,0.0,0.0,0.0,0.0,0.0,0.0,0.0,0.0,0.0,0.0,0.0,0.0,0.0,0.0,0.0,0.0,0.0,0.0,0.0,0.0,0.0,0.0,0.0,0.0,0.0,0.0,0.0,0.0,0.0,0.0,0.0,0.0
ENCFF000YBV,0.06367940064998963,3983,87,207,2397,39,3682,384,37,34,19,38,178,225,411,1185,1362,201,26,240,300,9,39,1,4,5,34,279,171,1680,185,14,14,41,122,74,7,93,4,3,427,644,9,44,1,23,24,298,1548,37,108,75,66,28,18,410,6,13,19,5,44,88,21,831,13,34,89,8,2751,2697,415,52,47,89,408,11,66,27,41,66,8,53,59,207,29,28,173,2,41,19,1,90,5,0,78,73,1077,9357,562,3,1670,2211,117,2074,79,39,283,68,77,3,170,446,415,9,312,1707,170,1529,23,108,115,442,50,2326,61,339,161,53,175,9,5,1709,654,232,1634,455,681,1484,46,245,150,59,202,2958,26,38,4,11,2,1,105,16,53,548,262,31,187,2228,186,24,52,48,51,148,241,204,285,1,12,1,43,2,94,37,315,511,5,0,40,46,34,877,390,2510,126,1519,1875,737,1996,695,1522,16,1522,1812,668,517,1308,1009,428,43,72,44,7,31,39,13,0,1,4,211,20,2136,639,536,7,24570,1774,246,1458,1431,59,50,2164,993,3136,213,2227,7,2450,1,16,63,42,14,41,9,162,113,7,43,56,15,45,24,96,69,16,15,239,169,90,138,69,10,32,37,18,15,11,36,68,248,71,31,102,122,79,811,1355,150,104,230,73,38,35,37,34,30,2,377,24,48,296,11,81,29,215,71,55,41,42,14,23,23,143,110,49,46,36,164,94,33,41,52,198,1,0,18,34,21,7,803,2,532,0,24,6,381,44,378,368,379,1,130,6,7,56,209,3873,41,113,100,49,9,95,7,8,39,735,290,191,83,3,13,8,2,1,34,26,124,27,189,33,31,105,3276,33,119,6625,42,352,52,249,276,139,14,80,376,35,31,47,38,21,20,1083,61,52,55,22,63,64,1396,6,544,146,4,1541,385,2,15,309,31,6,391,54,120,17,169,52,1229,193,71,53,48,23,78,53,60,32,0,51,0,99,21,2,12,41,9,32,43,1839,98,549,293,89,31,41,8,2051,22,770,124,657,86,20,150,8,1442,279,487,2132,123,1105,16,1,13,54,60,46,42,76,337,52,4,33,70,0,2,256,267,0,35,12,1325,2063,1621,378,1934,257,20,3807,4777,683,2151,3635,4282,8,21,35,50,16,40,65,12,27,25,347,0.0,0.0,0.0,0.0,0.0,0.0,0.0,0.0,0.0,0.0,0.0,0.0,0.0,0.0,0.0,0.0,0.0,0.0,0.0,0.0,0.0,0.0,0.0,0.0,0.0,0.0,0.0,0.0,0.0,0.0,0.0,0.0,0.0,0.0,0.0,0.0,0.0,0.0,0.0,0.0,0.0,0.0,0.0,0.0,0.0,0.0,0.0,0.0,0.0,0.0,0.0,0.0,0.0,0.0,0.0,0.0,0.0,0.0,0.0,0.0,0.0,0.0,0.0,0.0,0.0,0.0,0.0,0.0,0.0,0.0,0.0,0.0,0.0,0.0,0.0,0.0,0.0,0.0,0.0,0.0,0.0,0.0,0.0,0.0,0.0,0.0,0.0,0.0,0.0,0.0,0.0,0.0,0.0,0.0,0.0,0.0,0.0,0.0,0.0,0.0,0.0,0.0,0.0,0.0,0.0,0.0,0.0,0.0,0.0,0.0,0.0,0.0,0.0,0.0,0.0,0.0,0.0,0.0,0.0,0.0,0.0,0.0,0.0,0.0,0.0,0.0,0.0,0.0,0.0,0.0,0.0,0.0,0.0,0.0,0.0,0.0,0.0,0.0,0.0,0.0,0.0,0.0,0.0,0.0,0.0,0.0,0.0,0.0,0.0,0.0
ENCFF498MQF,0.15482382049715893,76888,130,987,32877,347,121212,5610,340,247,122,458,3505,2034,5978,15325,25433,1540,839,5420,3097,65,461,21,73,64,1256,5233,2961,21807,2670,104,33,424,2292,1985,17,2459,39,2,5415,5913,69,189,100,22,586,5391,18182,375,773,1713,1598,144,259,2989,94,234,237,212,895,2012,463,13608,329,283,1399,145,34091,30701,3200,1392,828,1941,3337,59,1665,757,867,1003,266,1393,1557,1871,472,803,3985,38,972,949,35,822,628,135,1388,788,10145,102883,4828,140,13424,22177,3121,18903,1559,840,2589,1174,1570,67,2350,4686,5222,229,3400,21605,1910,31430,203,1073,894,4292,369,56885,1250,3642,1415,281,1231,173,48,16053,5440,2066,19775,7650,6725,15124,156,3819,7530,1315,2353,31293,180,406,65,77,31,16,1124,294,497,6070,2067,162,2396,32340,2155,143,1640,1272,855,1863,2786,2491,3471,104,219,80,1252,87,1494,648,546,243,12,17,513,306,1490,6911,3522,25167,2265,16674,24268,8912,25401,10980,19973,204,16205,21126,5681,5683,16418,11232,3588,717,383,829,18,869,1436,163,61,25,63,2250,153,41835,7459,12556,2279,166795,26205,2892,17392,23927,785,339,23818,12553,42776,2002,22346,56,20970,47,163,458,64,430,1085,206,4044,1506,38,840,824,782,1245,637,2827,1396,102,111,4286,3011,1457,1605,1879,343,1067,973,579,339,291,177,1223,3494,816,433,1156,2784,1976,8828,33157,4427,2535,2066,1299,1057,828,812,1109,596,55,5516,647,1811,3749,384,1612,665,3330,1996,1290,1060,1222,135,488,449,2923,2181,1154,927,929,1847,1768,1236,765,1263,2876,18,32,509,997,539,354,8663,429,6054,28,133,74,3981,507,4778,4444,6012,72,1861,239,45,1272,1768,64975,493,1230,2188,672,53,2135,26,720,881,15478,7034,4699,1042,200,211,237,38,143,761,1118,1606,1036,2446,701,505,1858,54732,201,1869,63112,454,4172,1132,6837,5810,2015,312,1075,3504,953,1271,1337,366,314,87,47009,1842,1300,1261,407,1260,1395,18171,99,11470,926,47,17125,4836,21,302,3354,776,148,6109,891,565,143,3649,1177,24681,1457,735,793,1256,704,839,1109,584,207,90,687,57,1844,270,127,78,323,407,283,919,25144,1021,6174,3380,604,510,821,418,17138,277,7289,1281,5447,1060,62,1543,8,22663,3894,7033,25887,1120,19282,120,367,474,1177,666,1127,958,1289,9098,1121,27,96,1179,40,123,2011,1801,0,243,192,15213,21120,18213,4946,17753,2747,590,42830,49829,8513,21370,38483,44712,226,47,825,731,347,1100,529,245,160,511,4246,0.0,0.0,0.0,0.0,0.0,0.0,0.0,0.0,0.0,0.0,0.0,0.0,0.0,0.0,0.0,0.0,0.0,0.0,0.0,0.0,0.0,0.0,0.0,0.0,0.0,0.0,0.0,0.0,0.0,0.0,0.0,0.0,0.0,0.0,0.0,0.0,0.0,0.0,0.0,0.0,0.0,0.0,0.0,0.0,0.0,0.0,0.0,0.0,0.0,0.0,0.0,0.0,0.0,0.0,0.0,0.0,0.0,0.0,0.0,0.0,0.0,0.0,0.0,0.0,0.0,0.0,0.0,0.0,0.0,0.0,0.0,0.0,0.0,0.0,0.0,0.0,0.0,0.0,0.0,0.0,0.0,0.0,0.0,0.0,0.0,0.0,0.0,0.0,0.0,0.0,0.0,0.0,0.0,0.0,0.0,0.0,0.0,0.0,0.0,0.0,0.0,0.0,0.0,0.0,0.0,0.0,0.0,0.0,0.0,0.0,0.0,0.0,0.0,0.0,0.0,0.0,0.0,0.0,0.0,0.0,0.0,0.0,0.0,0.0,0.0,0.0,0.0,0.0,0.0,0.0,0.0,0.0,0.0,0.0,0.0,0.0,0.0,0.0,0.0,0.0,0.0,0.0,0.0,0.0,0.0,0.0,0.0,0.0,0.0,0.0
ENCFF000YVP,0.07149912814006353,5044,21,261,3403,63,7425,684,32,36,21,143,254,254,540,1909,1899,270,38,459,531,26,51,7,5,5,103,226,298,1845,345,23,23,51,161,142,11,168,2,5,824,900,2,52,2,4,66,465,1846,16,53,76,86,31,29,646,17,20,61,11,61,106,24,824,21,37,69,7,3652,4465,669,82,60,132,639,25,102,54,61,57,12,76,108,325,38,42,268,0,73,38,1,109,7,4,114,116,1399,14565,932,10,2697,3512,207,3011,116,49,429,126,122,1,208,642,750,15,603,2866,202,2327,54,190,181,796,90,2897,121,692,262,69,259,27,12,2601,804,149,1190,536,1472,2374,58,371,229,104,332,3570,31,52,4,9,2,4,180,19,49,1103,413,59,382,3403,278,33,85,73,87,214,505,469,642,5,3,4,91,5,140,59,221,504,9,1,45,61,61,1245,570,4030,211,2253,2773,1313,2583,1079,2229,15,2246,2611,1240,765,2270,1619,537,76,40,45,5,31,77,10,2,1,6,579,22,2847,1131,540,7,17533,3268,322,2367,1453,99,115,3387,1660,4815,469,4043,15,4366,5,45,132,34,12,65,59,308,189,3,61,72,26,77,35,203,111,32,24,338,265,154,298,93,27,66,54,20,36,23,39,78,428,108,36,157,199,161,909,2124,136,164,375,98,62,34,58,65,41,6,705,38,70,446,28,113,46,291,76,86,61,73,42,31,44,181,202,48,74,53,207,111,51,75,83,272,1,6,29,47,57,23,1336,12,932,3,42,20,517,72,667,653,806,1,203,3,15,103,342,5781,63,247,182,80,16,220,8,11,60,1324,569,278,94,4,16,9,2,1,63,111,244,56,309,48,41,89,4326,46,149,10560,38,449,80,360,256,199,24,77,480,73,73,95,46,33,20,972,93,86,94,51,106,93,2099,5,872,181,1,2835,655,0,24,624,82,2,578,60,206,26,285,84,1199,275,79,87,88,31,97,46,121,57,2,96,1,197,5,7,14,41,34,49,48,3271,173,805,492,121,31,81,12,3200,21,1277,177,1113,110,17,253,1,2600,487,978,3585,207,1122,18,14,32,90,40,78,64,122,540,78,2,28,98,2,2,374,341,0,36,18,2036,3250,2555,547,2933,334,36,5706,7177,1079,3358,5527,6781,18,15,59,65,22,56,106,27,31,45,719,0.0,0.0,0.0,0.0,0.0,0.0,0.0,0.0,0.0,0.0,0.0,0.0,0.0,0.0,0.0,0.0,0.0,0.0,0.0,0.0,0.0,0.0,0.0,0.0,0.0,0.0,0.0,0.0,0.0,0.0,0.0,0.0,0.0,0.0,0.0,0.0,0.0,0.0,0.0,0.0,0.0,0.0,0.0,0.0,0.0,0.0,0.0,0.0,0.0,0.0,0.0,0.0,0.0,0.0,0.0,0.0,0.0,0.0,0.0,0.0,0.0,0.0,0.0,0.0,0.0,0.0,0.0,0.0,0.0,0.0,0.0,0.0,0.0,0.0,0.0,0.0,0.0,0.0,0.0,0.0,0.0,0.0,0.0,0.0,0.0,0.0,0.0,0.0,0.0,0.0,0.0,0.0,0.0,0.0,0.0,0.0,0.0,0.0,0.0,0.0,0.0,0.0,0.0,0.0,0.0,0.0,0.0,0.0,0.0,0.0,0.0,0.0,0.0,0.0,0.0,0.0,0.0,0.0,0.0,0.0,0.0,0.0,0.0,0.0,0.0,0.0,0.0,0.0,0.0,0.0,0.0,0.0,0.0,0.0,0.0,0.0,0.0,0.0,0.0,0.0,0.0,0.0,0.0,0.0,0.0,0.0,0.0,0.0,0.0,0.0
ENCFF000YRR,0.06600309301308117,2766,18,149,2012,38,4675,294,23,8,14,38,152,133,281,1100,1166,135,19,187,288,11,37,7,2,3,38,129,164,1122,169,16,10,19,96,97,3,65,1,1,403,471,1,30,0,5,26,228,1132,10,29,50,49,20,18,342,6,14,19,8,32,72,16,457,16,8,34,3,2049,2324,315,51,27,74,323,18,55,28,34,37,9,48,63,181,20,34,129,1,35,25,1,57,3,1,60,64,820,7877,512,5,1339,1805,99,1635,72,21,196,61,77,0,126,399,375,2,300,1395,121,1258,34,104,110,430,66,1740,64,377,131,24,136,11,4,1267,407,82,685,287,763,1227,33,209,98,60,182,2158,25,22,2,5,2,1,65,8,26,538,219,24,173,1940,172,17,50,42,27,140,275,240,267,2,6,3,50,1,79,38,153,194,3,1,41,43,43,670,338,2078,113,1206,1476,699,1520,614,1220,8,1175,1404,522,434,1066,830,268,43,32,37,9,28,40,6,3,0,6,242,11,1609,593,300,4,9607,1778,177,1247,845,33,29,1835,831,2635,310,2078,4,2159,5,16,42,21,13,44,13,154,85,2,34,30,26,41,21,100,58,26,7,220,132,88,163,54,22,27,25,22,20,12,28,49,228,53,17,88,122,101,500,1307,74,94,153,76,34,24,32,40,26,10,302,16,37,239,17,69,15,149,66,53,29,57,17,20,22,110,109,33,47,41,142,62,25,47,43,184,4,2,18,22,21,10,730,6,443,1,26,2,271,45,357,327,387,1,102,4,7,58,185,2936,32,97,93,45,9,111,6,6,22,657,291,126,73,3,10,12,0,0,39,67,147,26,200,27,40,67,2778,22,98,5510,21,235,34,234,149,119,11,51,261,37,49,44,36,19,14,570,54,39,43,20,60,43,1086,6,483,99,1,1396,336,1,12,334,34,1,298,25,63,12,128,36,714,155,34,43,45,24,65,27,66,25,1,55,3,114,1,2,9,34,17,27,28,1881,121,445,289,76,19,41,7,1737,12,683,79,579,56,9,131,1,1246,260,458,1932,116,636,10,8,15,33,37,51,28,62,332,42,0,11,42,0,1,205,201,0,34,6,1097,1733,1373,340,1592,171,11,3244,3753,616,1822,2982,3526,11,11,39,43,11,36,64,19,16,34,327,0.0,0.0,0.0,0.0,0.0,0.0,0.0,0.0,0.0,0.0,0.0,0.0,0.0,0.0,0.0,0.0,0.0,0.0,0.0,0.0,0.0,0.0,0.0,0.0,0.0,0.0,0.0,0.0,0.0,0.0,0.0,0.0,0.0,0.0,0.0,0.0,0.0,0.0,0.0,0.0,0.0,0.0,0.0,0.0,0.0,0.0,0.0,0.0,0.0,0.0,0.0,0.0,0.0,0.0,0.0,0.0,0.0,0.0,0.0,0.0,0.0,0.0,0.0,0.0,0.0,0.0,0.0,0.0,0.0,0.0,0.0,0.0,0.0,0.0,0.0,0.0,0.0,0.0,0.0,0.0,0.0,0.0,0.0,0.0,0.0,0.0,0.0,0.0,0.0,0.0,0.0,0.0,0.0,0.0,0.0,0.0,0.0,0.0,0.0,0.0,0.0,0.0,0.0,0.0,0.0,0.0,0.0,0.0,0.0,0.0,0.0,0.0,0.0,0.0,0.0,0.0,0.0,0.0,0.0,0.0,0.0,0.0,0.0,0.0,0.0,0.0,0.0,0.0,0.0,0.0,0.0,0.0,0.0,0.0,0.0,0.0,0.0,0.0,0.0,0.0,0.0,0.0,0.0,0.0,0.0,0.0,0.0,0.0,0.0,0.0
ENCFF036OXC,0.13399326970727196,61679,189,514,2155,18,3137,363,16,17,16,40,215,186,398,1222,1187,173,24,345,292,5,33,6,5,2,62,4969,209,1831,189,22,259,52,118,101,121,112,1,1,465,586,9,50,12,78,22,362,1449,907,20,67,86,28,23,405,9,15,23,14,36,98,38,1047,27,64,1433,7,3404,2990,375,69,47,1107,293,12,81,44,50,45,15,63,71,212,33,40,240,1,64,29,2,54,11,2,103,88,1172,10422,535,4,1567,2304,172,1949,80,31,277,91,102,3,188,431,422,11,285,1745,125,1218,24,72,118,486,39,1659,83,350,170,34,135,16,7,1509,580,3446,1391,428,625,1371,780,272,206,76,647,2924,20,725,3,4,0,2,115,10,52,582,237,37,251,2388,227,26,77,77,91,148,255,213,353,1,8,1,69,2,117,38,119,72,96,2,274,52,76,834,379,3863,148,1665,1847,943,1980,898,1753,12,1714,1992,683,525,1467,1016,455,54,1307,50,11,50,69,2,6,1,5,259,11,2721,819,487,18,26970,2501,632,1578,1656,61,35,2753,1346,4088,162,2340,11,2222,5,14,41,13,22,48,20,258,126,5,50,72,40,47,25,136,78,40,16,255,176,111,148,96,29,38,49,25,26,12,42,70,338,80,19,108,147,130,997,3788,2865,141,204,91,59,33,40,64,32,20,452,30,41,265,18,99,33,291,64,61,42,76,26,32,163,159,150,51,67,44,120,92,62,42,58,276,1,1,24,33,26,27,766,11,548,1,29,8,349,37,423,401,489,2,154,2,14,104,202,4612,351,394,145,52,252,204,8,9,24,1022,429,227,61,0,13,11,0,1,48,52,153,24,213,38,34,197,3181,233,150,6808,58,274,63,371,5410,176,18,2311,5552,57,59,67,23,21,82,26793,74,59,72,46,71,73,1359,5,690,129,1,1458,415,4,15,368,37,1,369,49,89,12,216,56,882,254,619,48,68,23,85,47,66,72,2,59,0,107,28,3,3,518,23,27,61,1978,59,702,341,72,32,60,13,1859,447,906,1108,662,46,25,156,3,1808,333,588,2749,286,1176,105,26,15,344,136,65,48,107,644,58,3,592,81,1,3,208,186,1,1172,6,1330,2666,2039,537,1954,257,27,4083,5475,970,2543,3964,4481,14,11,48,54,11,52,75,19,29,41,391,0.0,0.0,0.0,0.0,0.0,0.0,0.0,0.0,0.0,0.0,0.0,0.0,0.0,0.0,0.0,0.0,0.0,0.0,0.0,0.0,0.0,0.0,0.0,0.0,0.0,0.0,0.0,0.0,0.0,0.0,0.0,0.0,0.0,0.0,0.0,0.0,0.0,0.0,0.0,0.0,0.0,0.0,0.0,0.0,0.0,0.0,0.0,0.0,0.0,0.0,0.0,0.0,0.0,0.0,0.0,0.0,0.0,0.0,0.0,0.0,0.0,0.0,0.0,0.0,0.0,0.0,0.0,0.0,0.0,0.0,0.0,0.0,0.0,0.0,0.0,0.0,0.0,0.0,0.0,0.0,0.0,0.0,0.0,0.0,0.0,0.0,0.0,0.0,0.0,0.0,0.0,0.0,0.0,0.0,0.0,0.0,0.0,0.0,0.0,0.0,0.0,0.0,0.0,0.0,0.0,0.0,0.0,0.0,0.0,0.0,0.0,0.0,0.0,0.0,0.0,0.0,0.0,0.0,0.0,0.0,0.0,0.0,0.0,0.0,0.0,0.0,0.0,0.0,0.0,0.0,0.0,0.0,0.0,0.0,0.0,0.0,0.0,0.0,0.0,0.0,0.0,0.0,0.0,0.0,0.0,0.0,0.0,0.0,0.0,0.0
ENCFF676ATC,0.14548871335002705,46167,71,2058,16302,173,34169,5297,196,175,218,407,2267,994,2241,12114,7827,1647,535,2353,4013,127,517,42,48,57,726,2687,2602,11847,2881,212,80,330,1356,1216,32,1607,4,9,6064,8888,54,550,37,21,433,4522,13578,261,446,828,1080,380,282,5773,110,304,290,125,678,1118,63,2923,542,66,759,47,22929,37058,5818,787,512,1324,4157,293,795,412,530,608,160,771,804,2854,349,453,2943,14,593,414,9,866,146,20,1153,662,3198,127915,8082,91,22188,32036,1782,27810,982,467,4255,1255,1337,25,2463,6468,6649,143,3329,27134,800,15536,103,460,681,5911,177,23910,829,4806,2025,642,2036,441,96,26278,3905,2169,16138,2891,11445,25724,271,3348,972,858,3080,13657,168,424,49,61,12,37,1909,257,363,7104,3278,426,2335,18206,2104,405,792,1032,1019,2295,3959,3652,4596,38,93,60,792,37,1119,446,1149,351,32,20,376,594,711,12154,5816,34441,1712,17366,22714,10442,20935,10160,20939,186,21646,26223,8862,7507,18406,14384,3592,726,447,261,165,375,711,132,38,17,18,3237,98,22601,6676,3141,321,95909,22960,2749,18391,6503,830,427,24265,10393,26045,926,31402,67,31745,23,263,521,40,195,679,245,3085,2124,57,522,601,405,656,330,1701,1028,242,148,4127,2325,1538,2044,976,252,514,562,254,249,173,353,825,3171,569,266,1305,1785,1500,7078,29191,2052,1714,2598,961,580,433,431,654,427,101,5984,419,778,3955,264,1374,316,3194,880,699,455,670,171,352,393,1862,1539,575,682,570,1792,1227,679,541,731,3098,25,19,301,486,432,196,12376,82,7233,21,289,77,5158,603,5893,4783,4846,13,2098,78,120,649,3290,31594,713,1735,1655,849,155,1949,157,213,751,10801,3160,2545,1237,34,206,55,10,15,509,1126,1849,380,2692,372,390,824,22903,355,1613,94745,332,5152,706,4181,3311,1725,222,1040,4275,547,709,746,291,292,308,13886,900,717,791,372,847,849,19380,43,8913,1439,29,20842,4996,21,293,4219,550,24,5335,591,1045,176,2398,733,7770,1722,632,527,796,388,747,601,986,350,13,556,11,1307,120,55,134,455,221,136,410,14390,437,5106,2399,443,412,651,119,28042,165,11400,1304,9049,1082,199,2252,12,22134,4288,7071,31077,2302,10446,160,77,284,817,277,739,580,1000,3647,701,12,360,770,34,25,3259,3333,24,454,121,20047,27346,20451,4884,27139,3214,233,47659,64862,8417,26963,49342,59566,138,97,535,456,166,639,898,348,287,512,4994,0.0,0.0,0.0,0.0,0.0,0.0,0.0,0.0,0.0,0.0,0.0,0.0,0.0,0.0,0.0,0.0,0.0,0.0,0.0,0.0,0.0,0.0,0.0,0.0,0.0,0.0,0.0,0.0,0.0,0.0,0.0,0.0,0.0,0.0,0.0,0.0,0.0,0.0,0.0,0.0,0.0,0.0,0.0,0.0,0.0,0.0,0.0,0.0,0.0,0.0,0.0,0.0,0.0,0.0,0.0,0.0,0.0,0.0,0.0,0.0,0.0,0.0,0.0,0.0,0.0,0.0,0.0,0.0,0.0,0.0,0.0,0.0,0.0,0.0,0.0,0.0,0.0,0.0,0.0,0.0,0.0,0.0,0.0,0.0,0.0,0.0,0.0,0.0,0.0,0.0,0.0,0.0,0.0,0.0,0.0,0.0,0.0,0.0,0.0,0.0,0.0,0.0,0.0,0.0,0.0,0.0,0.0,0.0,0.0,0.0,0.0,0.0,0.0,0.0,0.0,0.0,0.0,0.0,0.0,0.0,0.0,0.0,0.0,0.0,0.0,0.0,0.0,0.0,0.0,0.0,0.0,0.0,0.0,0.0,0.0,0.0,0.0,0.0,0.0,0.0,0.0,0.0,0.0,0.0,0.0,0.0,0.0,0.0,0.0,0.0
ENCFF447ZPE,0.1080405861876039,160759,1725,4349,21211,251,35700,4735,191,233,180,484,2578,1896,4364,12609,12584,1920,307,3866,3676,122,436,68,46,39,796,12296,2376,20946,2496,171,736,491,1288,1110,406,1373,28,45,6517,7256,34,543,48,541,403,3962,16591,1989,353,795,882,324,255,4961,124,216,272,165,419,1278,335,9262,266,504,3417,135,35998,34487,5196,754,478,3092,4052,194,812,320,545,584,164,664,742,2529,291,405,2650,8,594,302,20,997,144,13,1158,948,10860,124177,7255,85,19335,30442,1740,26463,1184,411,3739,1179,1308,8,2379,5899,5631,123,3384,23895,1253,13691,179,818,1113,6218,295,17076,997,4106,1838,522,1708,204,82,20398,5738,8335,13700,4478,9867,18146,2443,3292,2117,826,3673,29819,312,1982,56,73,63,36,1440,144,719,6862,2979,412,3033,22602,2433,289,747,1026,1229,2021,2857,2633,4894,50,96,21,680,15,1310,372,1489,1114,352,24,1063,487,660,10787,4860,37124,1597,19229,21520,10785,21793,9950,19753,165,21268,25321,9101,6382,17617,12826,5321,722,2845,588,201,355,635,95,40,84,30,2831,161,28070,8649,5061,185,261460,28121,3980,19281,16779,792,427,29271,14689,42257,1675,31828,137,31009,29,247,664,220,189,622,335,2726,1620,34,433,656,408,617,269,1706,1044,526,165,3239,2128,1400,2505,815,223,451,538,214,214,212,450,820,4080,823,267,1366,1790,1552,10402,36507,8222,1619,2909,896,581,447,419,646,375,241,6292,292,571,3674,244,1076,207,3214,714,682,405,617,427,291,771,1747,1646,569,665,538,1580,1034,545,510,656,2988,24,23,249,425,406,182,10536,96,7045,17,354,56,4232,538,5520,4509,5290,11,1732,55,120,1152,2747,44248,1004,2569,1709,839,670,2111,124,167,607,11956,4574,2698,900,17,160,82,10,18,460,671,2012,411,2774,329,344,1930,30680,874,1503,87444,547,3847,727,3679,13317,1899,222,5261,15345,603,646,717,293,268,354,61136,825,589,741,462,800,843,17428,29,7095,1613,45,18639,4970,30,166,4413,761,20,4505,580,1116,161,2168,705,9531,2189,1926,607,772,294,759,592,986,813,15,729,32,1329,280,28,87,1538,384,309,682,20699,735,6718,3259,553,313,626,106,24626,1327,12837,3274,8318,876,260,1888,38,23459,4664,8135,36646,2724,11968,417,266,254,1401,1357,719,487,1154,6851,675,20,1327,764,18,28,2722,2505,20,2617,113,16559,31212,22809,5626,24496,3029,406,45909,68197,10238,30271,49118,56843,147,148,559,454,140,628,983,209,328,441,4482,0.0,0.0,0.0,0.0,0.0,0.0,0.0,0.0,0.0,0.0,0.0,0.0,0.0,0.0,0.0,0.0,0.0,0.0,0.0,0.0,0.0,0.0,0.0,0.0,0.0,0.0,0.0,0.0,0.0,0.0,0.0,0.0,0.0,0.0,0.0,0.0,0.0,0.0,0.0,0.0,0.0,0.0,0.0,0.0,0.0,0.0,0.0,0.0,0.0,0.0,0.0,0.0,0.0,0.0,0.0,0.0,0.0,0.0,0.0,0.0,0.0,0.0,0.0,0.0,0.0,0.0,0.0,0.0,0.0,0.0,0.0,0.0,0.0,0.0,0.0,0.0,0.0,0.0,0.0,0.0,0.0,0.0,0.0,0.0,0.0,0.0,0.0,0.0,0.0,0.0,0.0,0.0,0.0,0.0,0.0,0.0,0.0,0.0,0.0,0.0,0.0,0.0,0.0,0.0,0.0,0.0,0.0,0.0,0.0,0.0,0.0,0.0,0.0,0.0,0.0,0.0,0.0,0.0,0.0,0.0,0.0,0.0,0.0,0.0,0.0,0.0,0.0,0.0,0.0,0.0,0.0,0.0,0.0,0.0,0.0,0.0,0.0,0.0,0.0,0.0,0.0,0.0,0.0,0.0,0.0,0.0,0.0,0.0,0.0,0.0
ENCFF089TZR,0.07088912426877521,3550,65,249,1472,52,3926,289,13,29,21,22,146,177,410,927,1119,155,11,306,274,9,29,2,4,3,45,197,160,944,174,15,11,27,84,95,9,92,2,4,378,484,4,35,1,15,31,267,1178,31,23,45,73,20,18,331,10,10,21,10,36,82,37,767,45,27,44,3,2709,3145,298,42,32,96,260,12,52,22,33,46,16,47,45,181,13,22,181,0,44,21,1,47,7,6,70,49,1378,8295,532,5,1386,1961,104,1773,93,33,228,86,90,2,150,365,352,11,204,1553,125,2208,43,134,132,419,57,3108,75,275,133,57,123,12,4,1437,602,120,1256,398,595,1189,33,198,181,59,196,1922,24,47,3,5,2,2,103,13,45,451,214,29,247,1591,169,24,49,80,85,124,237,179,308,5,3,2,50,1,77,24,143,89,9,1,41,30,41,815,330,2150,113,1367,1578,663,1426,702,1338,10,1431,1630,693,428,1189,876,343,55,37,44,11,15,46,6,3,3,2,202,13,1871,578,492,14,16083,1906,208,1447,1405,50,64,2009,1038,3191,207,2221,11,2060,0,12,49,11,8,38,14,180,86,3,21,37,22,39,14,120,69,26,9,203,143,96,140,59,8,27,29,19,12,17,37,47,291,43,14,113,130,78,640,2206,133,99,183,83,28,26,29,40,26,7,429,20,43,237,20,62,11,194,45,48,23,36,23,27,39,110,108,39,38,35,110,86,32,22,50,182,2,0,16,28,25,8,701,7,434,4,25,3,290,33,324,317,327,1,122,6,7,72,194,3598,37,111,132,47,15,131,16,23,42,757,347,137,59,1,8,7,1,2,30,73,137,23,181,31,18,85,2074,29,108,5984,37,317,43,262,232,140,12,99,377,42,49,43,22,24,8,983,41,45,47,30,52,38,1222,1,446,91,2,1205,323,1,13,269,41,3,323,35,60,11,160,52,818,171,69,51,50,25,43,38,60,36,2,48,2,85,11,4,9,29,43,32,35,1925,133,495,302,72,30,51,9,1698,26,811,116,616,61,17,118,3,1631,355,555,2417,185,843,17,19,15,53,55,50,24,85,348,43,3,24,42,0,1,184,172,2,52,12,1123,2026,1445,409,1691,201,19,3613,4534,686,2020,3453,3982,17,8,27,35,6,44,58,14,23,40,319,0.0,0.0,0.0,0.0,0.0,0.0,0.0,0.0,0.0,0.0,0.0,0.0,0.0,0.0,0.0,0.0,0.0,0.0,0.0,0.0,0.0,0.0,0.0,0.0,0.0,0.0,0.0,0.0,0.0,0.0,0.0,0.0,0.0,0.0,0.0,0.0,0.0,0.0,0.0,0.0,0.0,0.0,0.0,0.0,0.0,0.0,0.0,0.0,0.0,0.0,0.0,0.0,0.0,0.0,0.0,0.0,0.0,0.0,0.0,0.0,0.0,0.0,0.0,0.0,0.0,0.0,0.0,0.0,0.0,0.0,0.0,0.0,0.0,0.0,0.0,0.0,0.0,0.0,0.0,0.0,0.0,0.0,0.0,0.0,0.0,0.0,0.0,0.0,0.0,0.0,0.0,0.0,0.0,0.0,0.0,0.0,0.0,0.0,0.0,0.0,0.0,0.0,0.0,0.0,0.0,0.0,0.0,0.0,0.0,0.0,0.0,0.0,0.0,0.0,0.0,0.0,0.0,0.0,0.0,0.0,0.0,0.0,0.0,0.0,0.0,0.0,0.0,0.0,0.0,0.0,0.0,0.0,0.0,0.0,0.0,0.0,0.0,0.0,0.0,0.0,0.0,0.0,0.0,0.0,0.0,0.0,0.0,0.0,0.0,0.0
ENCFF554ZQU,0.15827569567315425,72021,744,5924,143693,1870,425587,22479,1124,1244,812,1287,10742,8097,28114,47376,122160,6368,1884,17492,12539,363,1771,148,254,145,3554,966,11302,96006,9613,532,191,1622,7985,7247,105,7623,90,17,21365,27876,308,1304,152,149,2157,20914,84489,105,2164,4976,5640,889,554,14348,263,919,729,339,2130,5127,2205,46908,2155,1450,295,195,132906,118757,14267,4793,2797,6343,12939,693,5452,2681,3070,3513,1016,4248,4353,8573,1847,2753,14041,49,3250,2861,55,2533,585,154,4074,3501,89638,420657,23761,303,64163,96932,9207,82484,4839,2746,11348,3703,3897,89,7360,16799,17781,825,13310,80736,7311,130398,788,3849,4001,19397,1825,199124,4884,14535,5773,1073,5667,1154,216,70198,32735,500,96191,27357,27032,66316,73,13907,19685,4692,9205,151647,1813,368,610,259,119,148,5311,922,696,24242,9522,1126,12929,136769,9478,1069,4965,3065,2365,7670,10087,9229,13587,78,346,118,4347,86,5573,2388,1933,55890,47,13,1920,1588,4515,31343,15319,103224,8281,82606,87690,37274,97963,41684,82158,1494,69717,87463,24351,21786,66335,45895,14388,2866,144,2658,96,2587,4341,383,107,101,386,10082,678,141709,30752,47065,1010,546065,105713,10293,67514,88038,2755,1185,99780,52039,173212,11456,97192,321,92448,51,840,2254,292,1242,3600,608,13373,7552,138,2894,3028,2359,4068,1815,9556,5513,561,538,17124,10251,6216,7723,6123,1293,3088,2948,1673,1329,1048,860,4611,14156,3633,1495,4487,9139,7390,36277,67617,685,9152,7851,4592,3141,2467,2664,3704,2039,191,20152,2260,5384,14367,1331,5587,2311,12394,5224,4279,2736,3780,847,1992,1744,9867,7725,3255,3598,3239,7129,5903,5039,2598,4291,13782,91,168,1846,3141,1452,1279,35899,502,22067,76,783,184,16911,1899,18478,18027,23540,94,8196,254,204,6970,9058,330310,1266,4908,7726,3037,54,8678,315,790,3611,52749,23570,9023,3717,86,341,177,21,115,2516,4526,6131,2604,9034,2431,2208,5163,253239,815,7103,273066,1579,16255,3853,23461,1593,8444,1319,273,8542,3119,4048,4397,1480,1347,607,6261,5350,3956,4265,1376,4603,5062,67408,92,40607,4093,114,64962,19232,126,960,13255,2579,119,22990,3102,2620,359,12507,4084,90872,9980,1053,2969,4190,2335,3530,3549,2707,2179,63,2554,106,6542,719,121,203,331,1713,1298,2381,77262,4330,28439,13463,2646,1879,1344,699,72308,154,34519,4251,25551,3327,353,6965,59,89498,16967,27922,114456,3420,66158,601,880,1757,3881,2187,3877,2915,4225,20725,3837,74,460,4247,82,107,7933,8241,60,221,325,64914,94334,80632,19757,83106,11809,2917,187805,222052,34779,96238,172187,198534,1222,315,2517,2646,1037,3430,1919,732,479,1967,17888,0.0,0.0,0.0,0.0,0.0,0.0,0.0,0.0,0.0,0.0,0.0,0.0,0.0,0.0,0.0,0.0,0.0,0.0,0.0,0.0,0.0,0.0,0.0,0.0,0.0,0.0,0.0,0.0,0.0,0.0,0.0,0.0,0.0,0.0,0.0,0.0,0.0,0.0,0.0,0.0,0.0,0.0,0.0,0.0,0.0,0.0,0.0,0.0,0.0,0.0,0.0,0.0,0.0,0.0,0.0,0.0,0.0,0.0,0.0,0.0,0.0,0.0,0.0,0.0,0.0,0.0,0.0,0.0,0.0,0.0,0.0,0.0,0.0,0.0,0.0,0.0,0.0,0.0,0.0,0.0,0.0,0.0,0.0,0.0,0.0,0.0,0.0,0.0,0.0,0.0,0.0,0.0,0.0,0.0,0.0,0.0,0.0,0.0,0.0,0.0,0.0,0.0,0.0,0.0,0.0,0.0,0.0,0.0,0.0,0.0,0.0,0.0,0.0,0.0,0.0,0.0,0.0,0.0,0.0,0.0,0.0,0.0,0.0,0.0,0.0,0.0,0.0,0.0,0.0,0.0,0.0,0.0,0.0,0.0,0.0,0.0,0.0,0.0,0.0,0.0,0.0,0.0,0.0,0.0,0.0,0.0,0.0,0.0,0.0,0.0
ENCFF000PQC,0.11345668124345896,73368,492,4252,39627,901,98372,8830,315,670,460,869,3653,4313,9819,18746,26264,4522,692,7654,8365,291,1193,131,100,104,992,3110,4129,55653,6045,499,323,820,2424,2188,139,3062,31,28,12292,18560,128,1000,57,180,957,7729,25026,421,836,1225,1575,799,471,12294,250,626,547,221,1129,1753,301,16978,719,840,746,67,66194,76889,15121,1461,821,1981,14353,568,1764,662,931,1063,264,1175,1700,6246,575,635,4186,27,1062,587,26,2207,257,37,2216,1479,21610,259300,17085,133,45634,63793,3206,55319,2141,726,9560,2775,2806,30,4545,12326,12375,177,6191,63312,3680,52706,758,3199,2922,13721,1325,69230,1832,9901,4699,1313,4813,654,269,53729,15396,6667,31499,9943,24186,47524,360,5680,4758,1541,5871,62722,640,731,107,215,39,79,3826,588,880,15382,8270,1095,7161,39826,3782,791,1595,1892,1644,4457,7041,6426,10083,86,283,79,1180,68,1946,752,2354,30426,68,1,680,1203,1339,27745,12064,70963,3144,42248,51459,20978,49052,19362,38259,453,44307,50991,18301,15366,38363,30738,9423,1162,935,1359,54,565,1036,442,110,90,201,6036,486,70100,16208,13048,844,310261,54952,5286,44590,30486,2024,1017,59391,27463,76461,5416,77074,282,77860,94,483,1003,159,330,1283,452,4947,3765,44,724,1179,711,1035,515,3438,2054,681,305,6452,4651,2827,5923,1503,354,733,934,452,464,346,1094,1294,6995,1477,452,2554,3094,2660,11551,18185,1925,3171,5505,1774,1107,871,718,1174,607,533,12290,622,995,8839,470,2158,470,5640,1228,1330,654,1155,313,562,719,2907,2814,962,1109,854,3940,2037,1040,951,1141,4320,24,43,529,740,1058,265,24491,206,16698,35,948,146,10340,1487,11859,9896,10379,48,4075,126,333,2770,6509,77634,1150,3393,3299,1589,119,3216,376,358,1235,20155,8936,3407,2469,106,308,225,24,98,813,1797,3834,826,5210,625,626,1560,52904,570,2400,196288,681,9786,1150,7081,3593,3340,413,1577,7528,928,1352,1475,448,524,396,16003,1660,1142,1428,562,1626,1780,39787,55,14286,3390,34,44815,12345,111,534,9576,1281,124,8859,1002,2839,531,4464,1496,25876,3557,1167,949,1517,616,1489,1020,2599,1366,47,1762,77,2691,375,20,295,802,568,1005,1172,27466,2487,10285,7053,1746,739,1448,280,62327,369,22970,2966,20768,2633,355,4559,22,43091,8594,14174,65193,1778,20753,295,366,471,1127,755,1538,822,1616,10529,1329,47,694,1182,51,63,7141,7268,28,704,357,41268,57093,41467,10146,56650,6468,571,101504,133547,17663,57960,98346,123568,374,278,857,856,268,988,2627,390,700,921,9972,0.0,0.0,0.0,0.0,0.0,0.0,0.0,0.0,0.0,0.0,0.0,0.0,0.0,0.0,0.0,0.0,0.0,0.0,0.0,0.0,0.0,0.0,0.0,0.0,0.0,0.0,0.0,0.0,0.0,0.0,0.0,0.0,0.0,0.0,0.0,0.0,0.0,0.0,0.0,0.0,0.0,0.0,0.0,0.0,0.0,0.0,0.0,0.0,0.0,0.0,0.0,0.0,0.0,0.0,0.0,0.0,0.0,0.0,0.0,0.0,0.0,0.0,0.0,0.0,0.0,0.0,0.0,0.0,0.0,0.0,0.0,0.0,0.0,0.0,0.0,0.0,0.0,0.0,0.0,0.0,0.0,0.0,0.0,0.0,0.0,0.0,0.0,0.0,0.0,0.0,0.0,0.0,0.0,0.0,0.0,0.0,0.0,0.0,0.0,0.0,0.0,0.0,0.0,0.0,0.0,0.0,0.0,0.0,0.0,0.0,0.0,0.0,0.0,0.0,0.0,0.0,0.0,0.0,0.0,0.0,0.0,0.0,0.0,0.0,0.0,0.0,0.0,0.0,0.0,0.0,0.0,0.0,0.0,0.0,0.0,0.0,0.0,0.0,0.0,0.0,0.0,0.0,0.0,0.0,0.0,0.0,0.0,0.0,0.0,0.0
ENCFF000BIC,0.14743778379179084,13548,129,2133,68097,3204,608468,4825,286,1908,117,286,2399,20441,38328,42628,174082,9692,376,12294,2841,84,261,95,59,108,397,44,2985,35212,1879,96,45,272,2006,1892,8,1507,29,31,3902,4758,132,252,76,37,608,4797,33611,5,446,772,1504,226,91,2019,163,206,356,257,540,1086,1607,38382,336,847,10,50,76781,32936,2319,1220,807,694,1548,88,1287,588,902,1035,268,1030,1344,1615,509,501,2944,13,945,579,44,679,301,117,842,1966,31913,88741,4588,178,11610,18182,2388,15844,1335,676,1771,490,517,20,864,2511,2697,499,2380,10053,9783,92263,2413,8387,6256,6033,3636,149294,1876,2265,1175,405,1019,383,97,9596,51647,93,80135,31492,3992,9340,17,3137,10761,1210,1623,73145,844,72,307,32,29,68,996,214,295,5155,1734,341,3243,69697,4814,130,1276,3570,3410,2142,2021,1825,1805,62,115,105,1017,108,1634,666,848,56,20,1,392,341,1202,5089,2602,19624,1633,47018,35482,9446,42590,8376,18664,607,12591,16084,4136,3606,12639,7253,5826,592,19,1227,18,438,955,189,56,16,182,1308,1323,72570,14556,53900,278,166998,39662,2309,22001,77405,497,263,38039,23816,94931,19807,16296,68,14729,27,164,330,73,369,1126,123,2703,1002,4,674,855,632,974,443,2751,1512,65,228,3264,2279,1338,920,1119,293,760,786,438,413,319,156,1118,4566,2063,403,1334,2117,2180,16604,42567,60,2146,1038,1249,847,715,719,1088,542,38,4170,506,797,2742,430,1356,453,1999,1078,1081,572,934,37,561,330,2147,2303,855,1001,743,1350,1220,757,828,856,2995,6,52,460,680,299,65,5495,317,3764,11,775,42,3662,281,2839,3174,7026,37,1823,263,114,4756,1562,178487,212,1005,1611,523,4,2676,126,264,403,10684,12660,2137,546,256,134,136,34,99,746,2353,1009,660,1844,572,577,3221,131837,330,1760,49110,605,2975,1041,5581,107,2412,351,22,1851,786,1195,1304,370,470,116,329,1339,1049,1256,299,1249,1454,11854,207,5866,1174,46,10365,3229,18,122,2662,661,48,4123,904,440,114,2919,1181,38527,5995,251,873,1297,450,794,1038,397,1073,12,391,124,1111,59,14,188,138,1044,2943,1469,81272,8024,13266,12619,4156,914,320,141,11239,18,6190,1209,4879,1464,402,1252,18,14095,2812,4953,21304,1293,38895,189,696,440,802,492,1195,838,1127,10828,1174,71,54,986,79,71,1734,1504,1,19,141,11570,26177,22428,5763,17247,1852,1365,80419,51012,10781,29223,33751,40417,890,191,815,737,225,905,403,136,186,459,3663,0.0,0.0,0.0,0.0,0.0,0.0,0.0,0.0,0.0,0.0,0.0,0.0,0.0,0.0,0.0,0.0,0.0,0.0,0.0,0.0,0.0,0.0,0.0,0.0,0.0,0.0,0.0,0.0,0.0,0.0,0.0,0.0,0.0,0.0,0.0,0.0,0.0,0.0,0.0,0.0,0.0,0.0,0.0,0.0,0.0,0.0,0.0,0.0,0.0,0.0,0.0,0.0,0.0,0.0,0.0,0.0,0.0,0.0,0.0,0.0,0.0,0.0,0.0,0.0,0.0,0.0,0.0,0.0,0.0,0.0,0.0,0.0,0.0,0.0,0.0,0.0,0.0,0.0,0.0,0.0,0.0,0.0,0.0,0.0,0.0,0.0,0.0,0.0,0.0,0.0,0.0,0.0,0.0,0.0,0.0,0.0,0.0,0.0,0.0,0.0,0.0,0.0,0.0,0.0,0.0,0.0,0.0,0.0,0.0,0.0,0.0,0.0,0.0,0.0,0.0,0.0,0.0,0.0,0.0,0.0,0.0,0.0,0.0,0.0,0.0,0.0,0.0,0.0,0.0,0.0,0.0,0.0,0.0,0.0,0.0,0.0,0.0,0.0,0.0,0.0,0.0,0.0,0.0,0.0,0.0,0.0,0.0,0.0,0.0,0.0
ENCFF882UZC,0.1887759563716706,54560,437,5692,94841,1872,439718,16545,734,820,597,917,7690,5833,24300,58421,86354,4864,1271,16510,9387,237,1334,64,156,90,2338,863,8151,67541,7368,354,133,1127,5846,5376,79,5807,35,7,14868,20504,201,887,146,74,1709,14814,65525,109,1620,3658,3956,698,406,10193,223,689,565,260,1451,3356,2864,51004,8368,881,266,82,122991,93152,10521,3393,2036,4327,8984,497,4018,1830,2230,2603,756,3127,3409,6092,1319,2026,10154,35,2424,2046,58,2111,425,116,3358,3090,90990,314733,18039,175,48230,72018,6746,61495,3708,1950,8342,2603,2920,57,5514,12386,13044,511,8706,59300,6355,214395,650,3243,3625,14975,1386,328447,3748,11489,4378,811,4371,365,84,52039,26117,480,92532,24206,18658,49005,70,10239,19292,3527,6766,122539,1120,283,356,147,74,81,4260,1083,422,17927,7361,767,10639,96523,8206,700,3672,2769,3576,5491,7414,7196,9607,104,182,94,3107,47,4087,1818,1561,15255,38,3,1331,1192,3439,22874,11490,75760,6024,58314,60710,28673,69985,30674,58553,1000,50609,63899,17729,15785,48558,34800,10845,2132,114,1439,43,1987,3181,218,48,47,87,7244,549,118463,25227,34707,633,414568,85608,7734,58644,87334,2064,808,79553,44323,154714,8691,79476,369,71570,26,669,1414,126,907,2652,522,9933,5568,45,2117,2204,1750,2871,1284,7204,4009,228,387,12595,7561,4363,5056,4403,944,2280,2358,1290,929,685,586,3424,11434,2595,1049,3224,6572,5551,32834,61246,677,6415,5659,3356,2395,1932,1810,2619,1465,86,14779,1518,3688,10441,866,4003,1549,8841,3742,3217,1983,2708,272,1435,1315,7123,5631,2360,2606,2319,5308,4272,3660,2104,3285,9845,89,78,1206,2215,996,855,26580,307,16221,51,717,101,12662,1376,13669,13174,16809,83,6437,115,113,5621,6916,217059,992,3621,5493,2220,39,6380,278,1632,2744,39993,21130,6114,2908,29,192,145,57,70,1779,3706,4781,2067,6372,1836,1452,5014,163669,563,5019,204275,1222,12235,2780,18274,1385,6488,843,248,6408,2301,2995,3328,985,986,504,5205,4057,2989,3184,1181,3416,3712,50456,52,29379,2943,52,49861,14626,75,732,10632,1824,40,16270,2242,1704,283,9487,3027,53232,7212,727,2142,3121,1519,2566,2509,2153,2388,47,1650,47,4464,282,79,199,228,2569,1339,2137,116638,3482,22065,11568,2448,1445,1216,566,53412,147,25589,3191,19138,2483,261,5084,18,65611,12185,20791,83653,2196,53736,442,774,1173,2727,1407,2826,2178,2927,17198,2678,28,330,3105,56,58,5968,6322,79,185,134,50414,72153,59706,15419,62719,8647,1502,171576,167797,26381,74552,129771,148697,937,234,1853,1938,749,2599,1455,447,359,1429,13831,0.0,0.0,0.0,0.0,0.0,0.0,0.0,0.0,0.0,0.0,0.0,0.0,0.0,0.0,0.0,0.0,0.0,0.0,0.0,0.0,0.0,0.0,0.0,0.0,0.0,0.0,0.0,0.0,0.0,0.0,0.0,0.0,0.0,0.0,0.0,0.0,0.0,0.0,0.0,0.0,0.0,0.0,0.0,0.0,0.0,0.0,0.0,0.0,0.0,0.0,0.0,0.0,0.0,0.0,0.0,0.0,0.0,0.0,0.0,0.0,0.0,0.0,0.0,0.0,0.0,0.0,0.0,0.0,0.0,0.0,0.0,0.0,0.0,0.0,0.0,0.0,0.0,0.0,0.0,0.0,0.0,0.0,0.0,0.0,0.0,0.0,0.0,0.0,0.0,0.0,0.0,0.0,0.0,0.0,0.0,0.0,0.0,0.0,0.0,0.0,0.0,0.0,0.0,0.0,0.0,0.0,0.0,0.0,0.0,0.0,0.0,0.0,0.0,0.0,0.0,0.0,0.0,0.0,0.0,0.0,0.0,0.0,0.0,0.0,0.0,0.0,0.0,0.0,0.0,0.0,0.0,0.0,0.0,0.0,0.0,0.0,0.0,0.0,0.0,0.0,0.0,0.0,0.0,0.0,0.0,0.0,0.0,0.0,0.0,0.0
ENCFF000PJU,0.12887542742447258,96173,172,4004,29957,742,79714,6602,306,544,398,713,3552,3480,7572,17705,21522,3667,648,5824,7696,229,1068,106,70,44,901,4647,3960,45303,4966,335,378,553,2326,2189,191,2679,38,23,10670,15686,72,746,38,64,907,7146,21758,538,678,1183,1676,609,470,12679,206,461,439,136,942,1689,262,12490,526,446,1343,81,54466,65101,14924,1371,888,2257,128816,464,1648,643,984,1082,276,1235,1652,5401,574,642,4337,12,1072,579,27,1778,146,16,1688,1451,15525,215322,13730,128,38070,53566,3276,46584,1520,744,7992,2604,2127,14,3601,11367,9822,115,6665,55832,2961,46609,698,2641,2431,11647,1137,59299,1676,8524,4051,963,3860,585,204,103383,11216,3001,22980,7457,318241,40226,850,5237,3044,1459,5220,48278,428,965,74,193,39,35,3092,411,811,14830,6798,948,5768,32174,4357,708,1495,1226,1194,3744,5580,4922,10258,113,175,50,1280,40,2089,726,1456,1910,96,10,863,984,1306,24052,9932,60136,2932,35748,42374,18681,42420,18354,36845,321,38100,44488,15678,12896,34370,25108,7373,1203,1051,845,67,624,1115,235,123,67,120,4835,349,57502,14460,10454,431,224168,51600,4814,35692,23437,1523,733,49371,21681,63336,4663,62325,236,62759,111,460,960,146,329,1293,584,4940,3682,26,759,1173,727,1079,543,3310,1994,1139,269,6002,4510,2530,9177,1530,430,781,873,468,403,319,976,1287,6263,1387,458,2207,3031,2626,10977,21696,3146,3099,5682,1657,1079,784,754,1187,590,647,10699,604,1044,7801,490,1996,471,5281,1296,1250,738,1126,914,549,710,2876,2850,1005,1163,882,5121,1981,1002,929,1122,4513,29,33,511,727,798,409,20850,136,14583,30,781,110,8771,1374,10777,8742,9146,38,3292,125,237,1736,5168,64603,1060,3051,3317,1415,282,3228,244,258,992,17443,6907,3312,1995,47,468,140,15,66,770,1279,3060,811,4981,624,617,1412,41219,668,2484,170691,636,8130,1260,6779,5445,3072,393,2588,8949,957,1368,1440,513,511,382,26200,1598,1140,1473,566,1415,1757,33156,90,13040,2776,18,39611,10012,103,473,8104,1179,97,8254,996,1716,457,4173,1388,23563,3527,1313,967,1453,520,1501,1106,2839,1159,43,1603,65,2336,177,23,252,997,302,787,880,23557,2254,10224,6151,1548,596,1105,165,51639,551,18964,2816,17121,2093,378,3783,21,41161,8068,12285,61746,2061,18666,354,214,435,1332,528,1561,846,1809,8308,1360,32,712,1197,25,48,5724,5890,11,961,243,41339,53626,37762,8920,51406,5339,416,85755,117142,16076,51628,85767,110162,283,223,895,856,272,1068,1845,361,575,796,8963,0.0,0.0,0.0,0.0,0.0,0.0,0.0,0.0,0.0,0.0,0.0,0.0,0.0,0.0,0.0,0.0,0.0,0.0,0.0,0.0,0.0,0.0,0.0,0.0,0.0,0.0,0.0,0.0,0.0,0.0,0.0,0.0,0.0,0.0,0.0,0.0,0.0,0.0,0.0,0.0,0.0,0.0,0.0,0.0,0.0,0.0,0.0,0.0,0.0,0.0,0.0,0.0,0.0,0.0,0.0,0.0,0.0,0.0,0.0,0.0,0.0,0.0,0.0,0.0,0.0,0.0,0.0,0.0,0.0,0.0,0.0,0.0,0.0,0.0,0.0,0.0,0.0,0.0,0.0,0.0,0.0,0.0,0.0,0.0,0.0,0.0,0.0,0.0,0.0,0.0,0.0,0.0,0.0,0.0,0.0,0.0,0.0,0.0,0.0,0.0,0.0,0.0,0.0,0.0,0.0,0.0,0.0,0.0,0.0,0.0,0.0,0.0,0.0,0.0,0.0,0.0,0.0,0.0,0.0,0.0,0.0,0.0,0.0,0.0,0.0,0.0,0.0,0.0,0.0,0.0,0.0,0.0,0.0,0.0,0.0,0.0,0.0,0.0,0.0,0.0,0.0,0.0,0.0,0.0,0.0,0.0,0.0,0.0,0.0,0.0
ENCFF000YEV,0.06023956896508797,3244,29,198,2225,58,6129,395,15,32,20,42,157,197,337,1117,1457,175,44,261,332,15,45,2,2,0,48,131,175,1259,202,14,17,22,101,81,2,102,1,4,454,693,0,39,2,4,38,308,1151,8,38,55,63,27,20,450,6,20,26,14,50,76,13,527,15,19,44,8,2374,2916,415,46,33,80,332,20,59,38,35,44,19,66,57,222,29,27,192,1,38,23,0,68,3,1,85,71,819,10008,609,6,1747,2367,153,2051,76,47,292,102,86,1,160,485,507,6,355,1941,182,1697,29,188,162,525,84,2145,72,454,204,37,175,22,7,1649,467,70,728,338,853,1610,28,234,129,62,205,2170,20,28,2,5,2,3,114,11,30,733,291,39,246,2268,230,21,60,60,54,160,329,323,384,3,13,1,50,2,75,31,147,253,4,1,30,58,47,884,378,2723,150,1552,1973,855,1716,744,1556,11,1519,1885,704,533,1427,1142,348,46,40,43,8,32,43,5,2,0,4,344,15,1789,764,417,12,13107,2164,202,1600,1008,72,60,2290,1186,3135,340,2771,18,3066,2,19,74,18,16,47,23,168,120,1,31,54,35,43,27,117,84,29,4,242,168,123,161,69,15,39,41,33,24,14,28,59,277,90,29,106,147,126,535,1403,88,133,207,58,37,29,36,44,29,4,479,23,44,304,20,100,26,249,77,55,44,37,14,26,35,132,130,44,49,43,166,81,37,52,44,187,2,0,20,36,35,18,863,3,574,0,44,4,358,50,414,441,459,0,127,4,10,62,214,3701,44,127,122,70,7,141,8,10,40,833,383,189,91,2,12,5,1,4,39,70,186,40,222,33,23,78,2800,23,116,7510,26,346,63,271,117,157,12,40,295,57,56,55,25,22,21,589,63,52,48,27,72,59,1418,5,601,154,4,1876,432,3,18,404,55,5,385,40,93,14,183,45,772,173,36,47,61,21,44,42,86,29,0,52,1,122,9,0,12,28,19,31,39,2177,177,553,360,91,26,60,7,2355,14,905,127,793,62,12,173,2,1697,328,576,2523,143,731,23,8,20,63,25,70,36,84,423,40,1,21,66,2,0,248,241,2,22,12,1416,2225,1676,405,1962,241,20,3971,4903,746,2317,3650,4632,13,15,34,38,16,46,73,25,34,29,463,0.0,0.0,0.0,0.0,0.0,0.0,0.0,0.0,0.0,0.0,0.0,0.0,0.0,0.0,0.0,0.0,0.0,0.0,0.0,0.0,0.0,0.0,0.0,0.0,0.0,0.0,0.0,0.0,0.0,0.0,0.0,0.0,0.0,0.0,0.0,0.0,0.0,0.0,0.0,0.0,0.0,0.0,0.0,0.0,0.0,0.0,0.0,0.0,0.0,0.0,0.0,0.0,0.0,0.0,0.0,0.0,0.0,0.0,0.0,0.0,0.0,0.0,0.0,0.0,0.0,0.0,0.0,0.0,0.0,0.0,0.0,0.0,0.0,0.0,0.0,0.0,0.0,0.0,0.0,0.0,0.0,0.0,0.0,0.0,0.0,0.0,0.0,0.0,0.0,0.0,0.0,0.0,0.0,0.0,0.0,0.0,0.0,0.0,0.0,0.0,0.0,0.0,0.0,0.0,0.0,0.0,0.0,0.0,0.0,0.0,0.0,0.0,0.0,0.0,0.0,0.0,0.0,0.0,0.0,0.0,0.0,0.0,0.0,0.0,0.0,0.0,0.0,0.0,0.0,0.0,0.0,0.0,0.0,0.0,0.0,0.0,0.0,0.0,0.0,0.0,0.0,0.0,0.0,0.0,0.0,0.0,0.0,0.0,0.0,0.0
ENCFF000YVN,0.06203228329096979,5655,31,255,3141,64,6938,522,33,28,20,73,201,217,505,1734,1867,229,29,343,395,20,58,7,4,4,70,331,279,1747,303,25,27,25,141,108,14,139,1,3,681,775,3,50,6,11,61,390,1611,38,57,74,94,35,24,560,12,26,25,12,55,111,19,862,24,34,122,4,3246,3606,524,80,57,128,502,17,94,49,79,67,20,69,87,287,29,34,238,1,57,30,0,79,14,2,80,91,1328,12409,795,5,2108,2931,160,2587,99,39,395,111,129,2,195,563,579,11,433,2407,194,2063,47,159,169,664,85,2670,96,571,212,55,242,29,7,2065,681,188,1176,528,1103,2021,60,318,241,99,292,3407,30,47,7,10,2,2,132,14,56,900,369,59,314,3265,280,22,82,84,77,188,500,476,462,6,6,2,66,1,149,43,176,735,7,0,60,68,65,1099,511,3412,192,1973,2401,1066,2381,1017,2014,15,1835,2285,856,721,1803,1420,474,54,64,63,5,31,66,16,4,2,5,381,18,2650,902,546,14,16826,2696,281,1979,1472,64,70,2816,1365,4194,420,3571,14,3831,5,27,95,30,27,60,32,259,149,3,58,81,51,64,21,187,89,31,13,333,223,109,213,74,19,53,53,36,30,16,41,84,337,92,32,129,173,125,810,1584,183,158,289,106,48,37,36,60,36,16,526,26,47,354,14,100,25,237,78,86,40,74,31,32,51,189,191,42,64,44,188,105,58,40,66,243,2,2,30,36,35,24,1214,8,772,0,40,5,475,64,538,560,605,1,170,5,9,80,298,4737,70,158,160,80,13,175,10,11,48,985,490,227,96,3,18,9,0,3,55,94,212,42,279,40,36,99,4058,41,143,9161,38,445,74,352,294,179,26,110,521,58,63,71,49,25,12,1495,76,75,87,29,100,78,1767,4,757,198,1,2293,536,1,23,548,64,3,491,59,167,24,216,73,1195,245,68,61,70,33,86,47,116,47,1,96,5,139,8,4,9,61,19,46,44,2998,177,752,442,114,44,66,14,2822,30,1131,183,898,97,24,227,1,2154,384,769,3229,164,974,26,13,20,75,37,69,48,105,459,66,4,31,94,0,4,284,315,1,58,15,1777,2663,2117,512,2470,305,26,4880,6003,978,2713,4595,5633,18,22,62,51,19,70,112,25,27,35,579,0.0,0.0,0.0,0.0,0.0,0.0,0.0,0.0,0.0,0.0,0.0,0.0,0.0,0.0,0.0,0.0,0.0,0.0,0.0,0.0,0.0,0.0,0.0,0.0,0.0,0.0,0.0,0.0,0.0,0.0,0.0,0.0,0.0,0.0,0.0,0.0,0.0,0.0,0.0,0.0,0.0,0.0,0.0,0.0,0.0,0.0,0.0,0.0,0.0,0.0,0.0,0.0,0.0,0.0,0.0,0.0,0.0,0.0,0.0,0.0,0.0,0.0,0.0,0.0,0.0,0.0,0.0,0.0,0.0,0.0,0.0,0.0,0.0,0.0,0.0,0.0,0.0,0.0,0.0,0.0,0.0,0.0,0.0,0.0,0.0,0.0,0.0,0.0,0.0,0.0,0.0,0.0,0.0,0.0,0.0,0.0,0.0,0.0,0.0,0.0,0.0,0.0,0.0,0.0,0.0,0.0,0.0,0.0,0.0,0.0,0.0,0.0,0.0,0.0,0.0,0.0,0.0,0.0,0.0,0.0,0.0,0.0,0.0,0.0,0.0,0.0,0.0,0.0,0.0,0.0,0.0,0.0,0.0,0.0,0.0,0.0,0.0,0.0,0.0,0.0,0.0,0.0,0.0,0.0,0.0,0.0,0.0,0.0,0.0,0.0
ENCFF956VPK,0.15134347913181417,5341,88,441,9252,73,17024,2349,44,46,43,85,739,288,1089,3314,3820,345,150,1572,942,26,120,6,13,14,295,47,759,5459,719,31,9,91,590,532,6,564,3,0,1621,1871,16,89,11,18,199,1349,5190,5,145,315,366,52,36,893,21,76,54,73,137,344,168,2854,119,101,24,16,9478,8471,897,310,201,433,832,28,356,156,175,218,69,288,361,497,109,175,920,3,230,200,2,163,52,12,353,262,5241,29219,1728,30,4527,6815,664,5831,315,182,847,303,396,5,590,1199,1284,77,930,5362,329,5826,38,144,242,1255,68,8863,339,1047,426,94,368,60,10,4642,1164,37,6067,1296,1704,4388,6,992,1291,335,566,9318,168,22,19,13,5,8,406,65,69,1733,618,65,944,8960,584,51,369,279,183,497,924,802,950,5,21,9,276,3,354,178,370,153,3,4,118,106,316,2071,1058,7024,603,4571,7031,2773,6048,2885,5199,48,4649,5760,1488,1460,5146,3398,1325,207,9,246,7,183,312,33,7,8,23,714,30,8844,2121,1384,128,57554,7832,860,5047,4852,233,87,7210,4213,12080,391,7372,26,6828,2,56,141,5,90,241,50,970,535,5,196,192,161,280,116,690,405,21,28,1222,777,371,571,365,83,214,196,138,97,72,57,311,1179,263,101,300,643,479,2581,13712,57,601,580,325,215,195,164,246,141,12,1848,145,364,992,90,378,137,697,353,286,187,231,22,140,108,658,528,230,225,219,501,420,311,168,303,827,4,5,130,216,121,102,2303,30,1495,3,43,23,1152,124,1361,1223,1801,8,585,14,7,530,596,17852,96,389,534,197,5,604,31,95,289,3910,1931,798,329,10,21,7,1,11,165,364,360,186,595,200,153,321,12664,59,433,18637,118,1121,243,1703,135,547,86,19,572,208,306,316,117,93,30,419,392,266,292,112,356,363,4861,4,2657,289,33,4436,1330,26,89,1226,226,19,1560,197,150,17,857,291,5597,688,67,182,292,161,231,216,170,197,5,134,7,440,25,25,30,12,152,43,202,5050,153,1929,917,141,159,161,67,4572,11,2193,290,1638,273,22,440,3,7294,1356,2285,8179,685,3927,48,69,101,245,165,298,232,255,1558,263,5,31,296,20,9,577,545,6,20,10,4662,7265,6001,1501,5744,800,360,11890,16093,2537,7296,12387,13756,37,17,161,182,60,226,153,47,42,128,1228,0.0,0.0,0.0,0.0,0.0,0.0,0.0,0.0,0.0,0.0,0.0,0.0,0.0,0.0,0.0,0.0,0.0,0.0,0.0,0.0,0.0,0.0,0.0,0.0,0.0,0.0,0.0,0.0,0.0,0.0,0.0,0.0,0.0,0.0,0.0,0.0,0.0,0.0,0.0,0.0,0.0,0.0,0.0,0.0,0.0,0.0,0.0,0.0,0.0,0.0,0.0,0.0,0.0,0.0,0.0,0.0,0.0,0.0,0.0,0.0,0.0,0.0,0.0,0.0,0.0,0.0,0.0,0.0,0.0,0.0,0.0,0.0,0.0,0.0,0.0,0.0,0.0,0.0,0.0,0.0,0.0,0.0,0.0,0.0,0.0,0.0,0.0,0.0,0.0,0.0,0.0,0.0,0.0,0.0,0.0,0.0,0.0,0.0,0.0,0.0,0.0,0.0,0.0,0.0,0.0,0.0,0.0,0.0,0.0,0.0,0.0,0.0,0.0,0.0,0.0,0.0,0.0,0.0,0.0,0.0,0.0,0.0,0.0,0.0,0.0,0.0,0.0,0.0,0.0,0.0,0.0,0.0,0.0,0.0,0.0,0.0,0.0,0.0,0.0,0.0,0.0,0.0,0.0,0.0,0.0,0.0,0.0,0.0,0.0,0.0
ENCFF797LIC,0.16270771709519816,171089,1230,6823,47005,590,83212,9768,403,477,430,1537,5925,3687,8023,25853,29003,4131,744,8934,8447,371,1247,145,142,172,1450,11701,4557,42631,6281,495,618,740,2416,2142,320,2869,44,156,13276,18188,99,1056,66,467,1018,8569,29128,1536,719,1196,1750,821,816,12069,269,600,606,327,1239,3178,657,18275,317,1141,3480,548,70366,73659,13541,1402,857,3764,10194,517,1593,735,993,1139,278,1292,1569,6067,573,663,4840,27,1113,663,42,2393,355,57,2611,1687,21453,281291,17490,148,46540,66067,3677,56986,1572,830,8929,2826,2881,29,5299,13887,14478,330,6709,53346,2637,29040,316,1414,2096,13365,647,36841,1720,9564,4699,1770,4737,578,252,52607,11750,7830,31810,8487,21819,45539,1952,6847,5256,1466,7597,58760,825,2028,90,194,56,64,3656,543,1947,15211,7876,1033,6520,48261,4247,660,1458,2625,3015,4700,6370,5662,11129,84,381,92,1258,35,2314,712,2985,4283,173,7,1400,1146,1299,25137,11684,72918,3346,40251,49355,21294,40026,19571,38875,368,44948,52033,17539,15456,38084,30954,10812,1374,2548,1312,103,613,1134,351,82,67,136,6479,343,55828,16528,10205,560,453178,60107,6873,44578,31497,2130,1067,61938,29840,82935,3320,71773,216,73573,67,529,1857,954,385,1281,362,5340,3711,96,894,1217,727,1169,542,3385,1906,783,348,6716,4590,3051,5022,1517,432,815,918,431,481,343,1036,1359,7657,1528,442,2627,3253,3001,17488,41400,6581,3096,5928,1906,1099,866,801,1223,643,346,14226,667,1110,8569,455,2230,520,6525,1358,1302,741,1096,815,616,867,3210,3160,1029,1181,954,3826,2170,1103,951,1176,5298,58,43,486,781,801,302,24948,304,16957,35,897,148,10247,1451,12868,10598,11409,46,4376,131,351,3049,6425,82936,1719,4057,3287,1765,611,3980,346,505,1389,23402,10841,7892,2338,57,299,155,23,40,834,1628,3763,785,5542,623,595,3766,63002,1006,2926,196173,1067,9273,1237,7459,13202,3657,370,5350,17506,947,1341,1442,443,546,494,62694,1608,1383,1451,694,1540,1640,41623,116,16129,3854,60,44529,11740,34,602,8959,1635,64,9553,1060,2094,530,4498,1503,17923,4061,2948,979,1401,558,1716,1139,2199,1522,51,1657,50,2995,548,52,294,1807,1717,720,1453,42728,1253,11972,6033,1090,762,1514,291,61853,1031,27383,4100,21097,2471,474,4735,165,49744,9124,16469,74830,2860,23230,478,703,474,1766,1113,1436,906,2299,14783,1299,56,1534,1354,65,52,7038,6791,64,2396,316,41582,63255,44422,11580,57774,6750,998,99768,143731,19340,63813,104796,128235,434,292,944,883,295,1060,2790,488,771,1130,9823,0.0,0.0,0.0,0.0,0.0,0.0,0.0,0.0,0.0,0.0,0.0,0.0,0.0,0.0,0.0,0.0,0.0,0.0,0.0,0.0,0.0,0.0,0.0,0.0,0.0,0.0,0.0,0.0,0.0,0.0,0.0,0.0,0.0,0.0,0.0,0.0,0.0,0.0,0.0,0.0,0.0,0.0,0.0,0.0,0.0,0.0,0.0,0.0,0.0,0.0,0.0,0.0,0.0,0.0,0.0,0.0,0.0,0.0,0.0,0.0,0.0,0.0,0.0,0.0,0.0,0.0,0.0,0.0,0.0,0.0,0.0,0.0,0.0,0.0,0.0,0.0,0.0,0.0,0.0,0.0,0.0,0.0,0.0,0.0,0.0,0.0,0.0,0.0,0.0,0.0,0.0,0.0,0.0,0.0,0.0,0.0,0.0,0.0,0.0,0.0,0.0,0.0,0.0,0.0,0.0,0.0,0.0,0.0,0.0,0.0,0.0,0.0,0.0,0.0,0.0,0.0,0.0,0.0,0.0,0.0,0.0,0.0,0.0,0.0,0.0,0.0,0.0,0.0,0.0,0.0,0.0,0.0,0.0,0.0,0.0,0.0,0.0,0.0,0.0,0.0,0.0,0.0,0.0,0.0,0.0,0.0,0.0,0.0,0.0,0.0
ENCFF002BBT,0.0683387217808791,40657,138,2937,24645,777,100583,20634,156,572,219,356,1994,5421,11458,14234,34910,3823,358,5669,3574,180,520,63,34,36,766,37,2077,13867,2890,172,156,254,1208,1046,17,1313,23,4,17403,16125,46,686,26,21,528,3933,15143,32,472,603,840,357,589,15774,141,270,309,153,608,948,319,8828,491,516,27,18,34376,35782,17434,637,451,745,11950,200,794,315,488,574,143,593,856,5959,252,322,2150,12,531,281,22,1151,212,36,814,896,10129,134070,10030,82,27027,39816,1649,34975,853,372,7250,2305,1141,13,8361,16471,14928,216,9199,37150,2488,25422,485,1960,1822,6385,889,34767,976,5500,1930,695,2580,313,107,31683,15721,53,18186,10206,11374,38266,12,2948,3224,782,3584,31454,328,152,123,75,51,58,1566,335,391,14089,3688,522,3150,24435,2284,259,762,1439,1566,4043,3111,2676,19669,98,153,36,592,19,1084,341,991,2564,7,8,299,473,612,24335,5047,37489,1764,25744,34592,10273,21546,20255,30282,242,25668,28976,8396,8135,35333,15907,4446,797,52,537,49,326,551,223,83,22,25,2795,307,25807,8237,15283,134,212218,28325,2386,22023,19259,892,375,31810,14005,40693,4526,42183,168,43291,43,273,531,83,169,599,181,6281,4978,23,432,527,344,544,240,1763,986,6917,123,3129,6279,1388,16699,697,224,393,452,215,194,163,4332,694,5871,877,249,1214,1602,1298,7382,14475,74,1569,10727,888,555,414,376,581,345,3478,9336,271,479,6563,214,1029,239,5532,670,622,364,531,1702,279,286,1513,1457,463,533,409,3983,1019,436,474,587,2447,17,17,252,366,675,187,18639,57,16117,14,500,32,4636,734,13818,5534,10767,18,1750,92,202,1268,3573,58960,443,1289,4041,840,17,1864,140,357,612,13378,5252,1705,966,22,109,95,9,28,429,649,1606,462,4929,291,258,1196,38144,218,1326,127421,347,4627,596,3261,294,1651,142,24,2665,481,675,723,209,236,151,615,831,568,683,268,744,919,23138,70,10546,2141,25,59601,7936,15,200,8332,416,56,4424,523,1226,224,2203,702,15090,2551,382,469,835,259,717,503,4407,583,11,947,30,2649,150,11,174,307,257,700,570,22804,1881,6480,4833,1049,470,1008,91,51815,35,10471,1056,13020,1018,236,2019,35,30195,9998,6931,61172,1651,13995,190,261,229,533,245,724,475,4092,3471,612,36,142,651,13,23,3157,3992,21,54,155,19588,38888,31040,4887,25787,3143,807,56159,89504,13046,38325,59056,71975,390,154,410,372,130,508,2901,269,318,450,4492,0.0,0.0,0.0,0.0,0.0,0.0,0.0,0.0,0.0,0.0,0.0,0.0,0.0,0.0,0.0,0.0,0.0,0.0,0.0,0.0,0.0,0.0,0.0,0.0,0.0,0.0,0.0,0.0,0.0,0.0,0.0,0.0,0.0,0.0,0.0,0.0,0.0,0.0,0.0,0.0,0.0,0.0,0.0,0.0,0.0,0.0,0.0,0.0,0.0,0.0,0.0,0.0,0.0,0.0,0.0,0.0,0.0,0.0,0.0,0.0,0.0,0.0,0.0,0.0,0.0,0.0,0.0,0.0,0.0,0.0,0.0,0.0,0.0,0.0,0.0,0.0,0.0,0.0,0.0,0.0,0.0,0.0,0.0,0.0,0.0,0.0,0.0,0.0,0.0,0.0,0.0,0.0,0.0,0.0,0.0,0.0,0.0,0.0,0.0,0.0,0.0,0.0,0.0,0.0,0.0,0.0,0.0,0.0,0.0,0.0,0.0,0.0,0.0,0.0,0.0,0.0,0.0,0.0,0.0,0.0,0.0,0.0,0.0,0.0,0.0,0.0,0.0,0.0,0.0,0.0,0.0,0.0,0.0,0.0,0.0,0.0,0.0,0.0,0.0,0.0,0.0,0.0,0.0,0.0,0.0,0.0,0.0,0.0,0.0,0.0
ENCFF342JGY,0.20446977008753728,14098,126,1787,38283,505,109247,3841,309,292,118,254,2602,1846,7657,27414,33261,1439,466,4469,2553,67,256,44,23,86,539,219,2742,23267,1839,88,26,288,1953,1697,16,1513,11,4,4153,4994,102,210,19,36,372,4629,23638,25,470,962,1397,148,97,2080,114,183,174,106,395,1422,965,14563,2786,345,49,107,39434,34597,2216,1211,748,1381,1937,96,1246,690,818,864,264,1136,1177,1708,419,722,3437,10,883,768,16,577,98,20,847,1156,22097,84262,3903,83,11239,17832,2241,15166,1224,699,1710,469,661,10,1184,2819,2995,73,2535,13968,2051,34334,232,1058,1152,3796,500,65994,1271,2563,1059,269,926,168,10,11404,8640,87,21827,7162,4241,11107,22,3072,4800,1123,1941,51717,97,60,185,32,17,30,890,205,310,5163,1582,325,2085,40180,3572,131,1239,1035,904,1452,1762,1642,2110,28,65,17,1053,40,1285,686,937,93,11,1,393,297,1216,5244,2799,19536,2047,18542,20355,8269,24312,9227,18087,326,12630,16362,4350,3900,13638,8019,3736,592,39,444,21,600,1076,50,24,25,627,1806,176,42951,8866,10691,133,123556,28030,2519,19658,27434,538,247,25846,14071,51098,3149,18830,102,15191,15,142,480,29,339,903,93,3271,1361,8,813,752,653,982,488,2366,1310,53,81,3746,2327,1292,1083,1593,332,894,699,475,362,300,130,1235,3303,1125,407,1066,2022,1722,11190,42832,142,2123,1313,1095,743,571,630,973,544,16,5293,602,1358,2761,323,1225,607,2337,1353,1056,744,956,54,530,403,2402,1889,842,934,809,1354,1315,1043,711,1033,3124,16,42,423,805,216,186,5988,137,3835,3,197,41,3285,284,3669,3184,4946,28,1607,58,38,1730,1531,92528,232,1131,1657,531,17,2186,64,161,612,10121,5562,3097,611,196,63,23,14,62,641,559,957,574,1939,676,505,1833,70709,196,1567,49780,438,3299,991,5750,289,1973,324,45,1603,796,1090,1090,421,343,108,1108,1315,962,1072,346,1053,1146,12693,46,8575,777,60,11628,3086,16,158,2546,754,29,4996,778,321,91,2760,1071,25658,3182,205,781,1081,597,637,922,440,262,16,327,48,1175,64,14,101,53,440,353,580,35230,1199,8804,4103,800,376,297,215,11207,33,6073,1028,4545,568,116,1182,13,13440,2584,4713,19730,1719,21043,125,113,433,943,537,940,799,1006,6535,934,7,79,1079,7,32,1445,1506,11,38,69,11653,21339,18079,4505,14271,2125,1694,37949,44171,7945,22275,32955,35937,308,60,696,722,252,834,320,311,145,304,3471,0.0,0.0,0.0,0.0,0.0,0.0,0.0,0.0,0.0,0.0,0.0,0.0,0.0,0.0,0.0,0.0,0.0,0.0,0.0,0.0,0.0,0.0,0.0,0.0,0.0,0.0,0.0,0.0,0.0,0.0,0.0,0.0,0.0,0.0,0.0,0.0,0.0,0.0,0.0,0.0,0.0,0.0,0.0,0.0,0.0,0.0,0.0,0.0,0.0,0.0,0.0,0.0,0.0,0.0,0.0,0.0,0.0,0.0,0.0,0.0,0.0,0.0,0.0,0.0,0.0,0.0,0.0,0.0,0.0,0.0,0.0,0.0,0.0,0.0,0.0,0.0,0.0,0.0,0.0,0.0,0.0,0.0,0.0,0.0,0.0,0.0,0.0,0.0,0.0,0.0,0.0,0.0,0.0,0.0,0.0,0.0,0.0,0.0,0.0,0.0,0.0,0.0,0.0,0.0,0.0,0.0,0.0,0.0,0.0,0.0,0.0,0.0,0.0,0.0,0.0,0.0,0.0,0.0,0.0,0.0,0.0,0.0,0.0,0.0,0.0,0.0,0.0,0.0,0.0,0.0,0.0,0.0,0.0,0.0,0.0,0.0,0.0,0.0,0.0,0.0,0.0,0.0,0.0,0.0,0.0,0.0,0.0,0.0,0.0,0.0
ENCFF333HZB,0.1313558609710889,105309,98,3041,34762,409,85601,14894,684,715,366,911,6357,2748,4435,15505,17138,2352,1755,4771,6585,159,1013,117,184,141,1984,5418,5225,18379,5059,231,72,737,3878,3887,45,4346,67,18,10863,13344,238,513,116,15,1023,10579,20598,495,1498,2518,2686,286,427,7638,101,567,368,478,1944,3494,137,5334,111,402,1288,317,34080,57494,7144,2310,1409,3464,8143,102,2747,1199,1365,1695,434,2239,2803,3609,830,1304,6916,52,1635,1469,51,1574,707,76,2567,852,5014,185465,10562,250,30000,49022,5387,42080,3043,1342,5588,2162,2769,82,4763,9805,11975,756,7090,43876,1472,32056,124,570,861,8507,385,51628,2067,7107,2937,600,2913,196,117,39825,4518,3007,13077,5593,18251,37365,201,6911,3153,2275,4841,35185,713,496,70,183,103,30,2617,679,1024,13092,4908,600,4616,33455,2305,379,2921,4413,3369,3646,5747,7020,8215,89,189,276,2036,87,2309,1070,1620,214,7,18,809,531,2640,14680,7574,49846,3836,22515,34774,13976,23768,18466,33969,214,32698,42086,12379,11879,33658,22468,5794,1389,359,286,28,1306,2324,182,114,55,69,5188,402,31460,8905,5742,535,149418,35457,4796,23934,10386,1509,805,34350,14037,37956,1473,50477,130,50443,164,393,1246,143,688,1861,360,7197,3222,97,1364,1264,1243,1974,1089,5150,2369,212,302,7690,5516,2818,4065,3018,596,1873,1525,917,577,461,395,1968,5345,1120,697,2024,5071,3534,8765,33436,4849,4581,4596,2144,1629,1425,1214,1811,905,94,14390,1160,3104,7631,669,2795,1072,6123,3202,2118,1754,1870,391,835,772,4644,3482,1769,1518,1462,3538,3194,1988,1178,2023,5155,27,30,821,1621,1174,553,17235,458,12220,43,240,103,7470,984,10397,8530,9661,98,3708,435,135,1351,3995,61104,825,2972,4482,1501,60,4188,92,1343,2100,26318,6352,8219,2160,196,223,280,24,225,1130,1158,2571,1645,6028,1119,860,1719,53264,389,3113,144137,659,8268,1945,11615,6292,3525,603,833,6921,1488,2467,2364,630,523,169,57718,3338,2130,2201,665,2141,2534,32789,289,21033,1728,128,38359,10617,44,630,7500,2028,245,10654,1481,1544,425,6885,2014,29115,1810,1028,1392,2167,1237,1483,1816,1750,946,78,1716,124,3309,402,324,171,412,587,202,700,24115,810,7715,3406,534,998,1418,411,40407,317,14882,2024,13186,2514,126,3484,31,45498,8147,13203,55280,1890,17593,179,515,838,1976,1128,2177,1604,1921,5167,1881,24,203,1893,29,90,4065,4174,25,319,152,34013,38254,31108,7727,37762,6037,590,65106,97348,12949,37133,76614,93532,190,104,1331,1209,677,1677,1197,938,378,993,8613,0.0,0.0,0.0,0.0,0.0,0.0,0.0,0.0,0.0,0.0,0.0,0.0,0.0,0.0,0.0,0.0,0.0,0.0,0.0,0.0,0.0,0.0,0.0,0.0,0.0,0.0,0.0,0.0,0.0,0.0,0.0,0.0,0.0,0.0,0.0,0.0,0.0,0.0,0.0,0.0,0.0,0.0,0.0,0.0,0.0,0.0,0.0,0.0,0.0,0.0,0.0,0.0,0.0,0.0,0.0,0.0,0.0,0.0,0.0,0.0,0.0,0.0,0.0,0.0,0.0,0.0,0.0,0.0,0.0,0.0,0.0,0.0,0.0,0.0,0.0,0.0,0.0,0.0,0.0,0.0,0.0,0.0,0.0,0.0,0.0,0.0,0.0,0.0,0.0,0.0,0.0,0.0,0.0,0.0,0.0,0.0,0.0,0.0,0.0,0.0,0.0,0.0,0.0,0.0,0.0,0.0,0.0,0.0,0.0,0.0,0.0,0.0,0.0,0.0,0.0,0.0,0.0,0.0,0.0,0.0,0.0,0.0,0.0,0.0,0.0,0.0,0.0,0.0,0.0,0.0,0.0,0.0,0.0,0.0,0.0,0.0,0.0,0.0,0.0,0.0,0.0,0.0,0.0,0.0,0.0,0.0,0.0,0.0,0.0,0.0
ENCFF002EBQ,0.17182737047501104,29988,131,1756,13531,382,45896,2281,143,201,124,2662,10001,1758,4172,8254,13352,1494,200,2675,2826,56,354,31,30,28,347,1426,1564,12606,1626,123,112,205,805,792,28,820,16,391,7630,4867,27,293,19,40,262,2525,8756,201,228,457,635,221,121,2838,66,156,149,85,369,5714,260,5503,198,147,380,2031,22119,22072,3163,550,329,710,2419,122,521,263,384,408,130,464,513,1651,188,270,1658,6,386,257,12,515,316,16,534,594,8012,75125,4764,39,12613,17707,1184,15230,540,309,2250,631,665,12,1174,3173,3230,32,3021,14160,1084,17447,276,1057,1091,3814,400,22358,602,2608,1601,285,1161,209,26,13494,5700,1235,10641,3884,5242,12376,318,4989,1414,539,1683,16633,118,255,56,60,16,16,1018,159,4590,4625,2088,274,1810,14239,1511,213,516,504,362,1271,1920,1614,3092,29,57,22,454,9,802,297,385,6584,46,21,333,319,439,6843,3183,18738,995,12960,14857,6418,13576,5919,12466,99,12490,14312,4638,4179,10294,8154,2449,437,293,400,208,242,404,74,35,11,14,2763,126,19341,5168,4613,63,95121,17162,1940,12417,10151,474,1066,18557,8553,25733,1919,19779,92,19141,35,160,3546,3465,137,427,87,1737,974,16,300,453,277,420,186,1072,632,109,85,2157,1232,879,1194,617,145,282,305,141,142,99,221,463,2406,583,162,840,1073,969,4180,27510,985,1104,1430,640,364,282,255,440,241,72,3118,214,381,2291,191,675,186,1888,514,510,277,438,137,234,269,1111,1049,382,403,314,1118,673,379,342,462,1786,12,28,198,279,232,228,6375,34,4152,12,264,20,2944,322,3024,3532,4890,16,1186,55,78,467,1745,33875,314,898,999,462,98,1254,109,211,352,6687,5755,20028,574,15,87,49,9,29,325,490,1185,242,1895,271,246,737,18852,245,970,57243,227,2548,409,2348,1566,1117,144,626,2923,374,432,472,182,185,127,7350,512,457,476,218,494,556,10973,45,4722,973,6,11558,3558,5,139,2687,320,32,3047,371,566,129,1327,533,6649,1435,444,360,508,196,514,391,562,310,5,541,9,1058,52,25,91,304,107,297,357,13086,996,4072,2680,580,257,423,85,15668,169,6840,980,5578,636,148,1307,510,12717,2532,4321,18943,2321,7395,121,95,164,454,265,469,340,711,3375,481,15,153,432,9,18,1644,1778,8,288,100,11105,19583,14157,3677,16082,1968,223,30553,41763,6298,19343,31325,37144,135,93,342,334,121,360,558,172,217,269,3010,0.0,0.0,0.0,0.0,0.0,0.0,0.0,0.0,0.0,0.0,0.0,0.0,0.0,0.0,0.0,0.0,0.0,0.0,0.0,0.0,0.0,0.0,0.0,0.0,0.0,0.0,0.0,0.0,0.0,0.0,0.0,0.0,0.0,0.0,0.0,0.0,0.0,0.0,0.0,0.0,0.0,0.0,0.0,0.0,0.0,0.0,0.0,0.0,0.0,0.0,0.0,0.0,0.0,0.0,0.0,0.0,0.0,0.0,0.0,0.0,0.0,0.0,0.0,0.0,0.0,0.0,0.0,0.0,0.0,0.0,0.0,0.0,0.0,0.0,0.0,0.0,0.0,0.0,0.0,0.0,0.0,0.0,0.0,0.0,0.0,0.0,0.0,0.0,0.0,0.0,0.0,0.0,0.0,0.0,0.0,0.0,0.0,0.0,0.0,0.0,0.0,0.0,0.0,0.0,0.0,0.0,0.0,0.0,0.0,0.0,0.0,0.0,0.0,0.0,0.0,0.0,0.0,0.0,0.0,0.0,0.0,0.0,0.0,0.0,0.0,0.0,0.0,0.0,0.0,0.0,0.0,0.0,0.0,0.0,0.0,0.0,0.0,0.0,0.0,0.0,0.0,0.0,0.0,0.0,0.0,0.0,0.0,0.0,0.0,0.0
ENCFF000WRC,0.0851889050953766,2963,15,252,2042,35,3710,379,20,25,15,771,1504,210,496,991,1313,189,22,474,798,12,52,3,4,2,66,47,160,881,173,3,5,24,94,95,4,114,0,90,2736,583,0,49,2,28,71,302,1064,2,46,41,74,22,24,353,7,15,22,8,50,961,10,511,20,37,21,352,2362,2258,395,60,36,64,322,11,65,34,37,49,9,52,57,204,26,33,166,2,44,41,0,65,1,1,71,73,667,8530,582,8,1697,2293,109,2071,74,30,315,72,98,0,143,368,339,6,600,1649,135,1210,17,91,94,440,38,1582,61,360,478,34,152,21,13,1576,682,31,1056,472,717,1417,6,2071,454,61,189,1886,29,20,3,8,2,2,110,13,819,584,288,35,214,1984,180,13,51,40,68,153,227,198,448,3,4,2,49,2,84,43,142,313,1,0,26,58,55,870,387,2275,112,1449,1680,716,1281,644,1414,13,1476,1735,524,512,1536,988,338,38,9,39,78,26,40,8,1,1,1,491,13,1641,580,625,10,12179,1767,160,1425,1177,54,209,1918,893,2761,212,2334,8,2414,2,11,1645,1686,15,45,12,150,141,0,28,54,22,39,23,158,87,11,26,241,141,95,162,57,15,21,33,17,16,11,28,49,284,48,25,93,134,105,648,1268,40,119,273,74,34,28,22,41,40,9,382,20,44,281,16,105,16,203,50,47,22,43,10,19,17,118,138,39,46,30,142,75,30,39,31,161,1,4,12,27,32,8,830,4,472,0,30,4,304,53,356,998,746,2,128,6,12,42,222,3130,42,102,139,68,2,132,5,12,29,711,1186,3350,86,0,9,8,0,3,30,46,159,38,201,26,27,94,2899,11,124,6655,22,292,38,243,60,129,15,19,207,56,46,39,33,13,10,228,69,58,49,27,62,70,1314,4,555,115,1,1423,338,2,23,336,51,2,307,40,61,12,135,51,871,155,46,31,51,22,46,36,66,45,0,52,1,507,6,2,4,23,14,37,35,1358,67,451,265,61,58,58,4,2026,6,821,106,648,73,16,164,85,1646,298,537,2302,118,769,8,14,14,34,25,68,34,86,272,52,6,15,58,1,0,231,217,2,10,10,1420,2073,1484,365,1906,275,42,3610,4847,626,1985,3659,4368,18,15,33,37,13,45,61,20,22,28,343,0.0,0.0,0.0,0.0,0.0,0.0,0.0,0.0,0.0,0.0,0.0,0.0,0.0,0.0,0.0,0.0,0.0,0.0,0.0,0.0,0.0,0.0,0.0,0.0,0.0,0.0,0.0,0.0,0.0,0.0,0.0,0.0,0.0,0.0,0.0,0.0,0.0,0.0,0.0,0.0,0.0,0.0,0.0,0.0,0.0,0.0,0.0,0.0,0.0,0.0,0.0,0.0,0.0,0.0,0.0,0.0,0.0,0.0,0.0,0.0,0.0,0.0,0.0,0.0,0.0,0.0,0.0,0.0,0.0,0.0,0.0,0.0,0.0,0.0,0.0,0.0,0.0,0.0,0.0,0.0,0.0,0.0,0.0,0.0,0.0,0.0,0.0,0.0,0.0,0.0,0.0,0.0,0.0,0.0,0.0,0.0,0.0,0.0,0.0,0.0,0.0,0.0,0.0,0.0,0.0,0.0,0.0,0.0,0.0,0.0,0.0,0.0,0.0,0.0,0.0,0.0,0.0,0.0,0.0,0.0,0.0,0.0,0.0,0.0,0.0,0.0,0.0,0.0,0.0,0.0,0.0,0.0,0.0,0.0,0.0,0.0,0.0,0.0,0.0,0.0,0.0,0.0,0.0,0.0,0.0,0.0,0.0,0.0,0.0,0.0
ENCFF000XYD,0.17745214757306785,7952,34,635,3351,135,7960,709,32,66,43,74,476,619,1168,1657,2591,479,84,828,863,15,87,6,5,12,80,333,389,4243,403,46,32,40,237,209,18,219,4,3,891,1321,13,133,5,10,56,636,2151,65,58,135,173,71,46,771,14,49,57,28,90,207,36,1414,89,82,71,2,6158,7221,856,121,58,196,823,36,132,78,105,120,15,112,133,508,48,52,416,2,107,51,11,149,24,6,296,175,1943,23763,1573,16,4154,5478,272,4640,240,51,654,212,207,7,347,915,982,23,550,4458,404,4418,106,515,389,1296,236,5365,159,872,452,117,382,59,15,4042,1868,560,2412,1144,1850,3305,76,589,462,143,438,5016,60,66,10,18,12,8,273,49,62,1469,641,88,553,3331,359,50,125,155,151,377,651,669,669,9,32,8,119,7,190,70,235,113,10,4,63,111,122,2251,961,6058,303,4259,4653,2030,4226,1764,3890,33,3890,4674,1427,1290,3139,2424,792,133,101,99,10,61,82,34,13,12,19,500,67,5449,1622,1600,54,24846,5183,458,3755,2733,131,144,5455,2630,7343,688,5997,38,5832,21,44,87,32,27,130,40,393,229,5,71,117,59,113,59,274,177,30,23,499,344,208,347,124,37,59,88,33,53,32,77,135,644,175,41,344,291,246,1121,3911,200,236,451,146,76,73,72,106,69,21,808,59,79,590,47,250,48,455,125,121,72,107,18,59,69,222,292,100,110,77,302,198,69,110,109,428,1,2,41,71,71,55,1772,11,1250,8,87,16,665,98,822,939,819,11,343,32,25,189,515,8863,86,258,231,128,14,368,25,17,62,1759,906,370,158,5,45,24,4,15,84,154,285,84,500,55,63,144,4459,69,223,18250,49,760,116,528,353,337,31,168,987,72,115,125,36,51,34,1967,132,114,142,63,132,148,3183,19,1091,306,1,3256,881,6,32,838,80,28,725,89,126,54,385,142,2031,371,122,97,142,59,131,108,196,112,9,165,11,226,15,4,17,80,34,113,123,2695,415,986,893,225,53,165,19,4888,55,1698,254,1548,163,42,314,6,4191,895,1281,5618,530,1794,33,23,45,116,59,142,86,152,995,114,7,51,111,2,5,428,497,2,81,33,3327,5659,3899,1059,5258,577,39,8708,12485,1793,5831,9214,10900,31,25,91,67,12,70,180,35,57,80,829,0.0,0.0,0.0,0.0,0.0,0.0,0.0,0.0,0.0,0.0,0.0,0.0,0.0,0.0,0.0,0.0,0.0,0.0,0.0,0.0,0.0,0.0,0.0,0.0,0.0,0.0,0.0,0.0,0.0,0.0,0.0,0.0,0.0,0.0,0.0,0.0,0.0,0.0,0.0,0.0,0.0,0.0,0.0,0.0,0.0,0.0,0.0,0.0,0.0,0.0,0.0,0.0,0.0,0.0,0.0,0.0,0.0,0.0,0.0,0.0,0.0,0.0,0.0,0.0,0.0,0.0,0.0,0.0,0.0,0.0,0.0,0.0,0.0,0.0,0.0,0.0,0.0,0.0,0.0,0.0,0.0,0.0,0.0,0.0,0.0,0.0,0.0,0.0,0.0,0.0,0.0,0.0,0.0,0.0,0.0,0.0,0.0,0.0,0.0,0.0,0.0,0.0,0.0,0.0,0.0,0.0,0.0,0.0,0.0,0.0,0.0,0.0,0.0,0.0,0.0,0.0,0.0,0.0,0.0,0.0,0.0,0.0,0.0,0.0,0.0,0.0,0.0,0.0,0.0,0.0,0.0,0.0,0.0,0.0,0.0,0.0,0.0,0.0,0.0,0.0,0.0,0.0,0.0,0.0,0.0,0.0,0.0,0.0,0.0,0.0
ENCFF148IVO,0.14466768739439692,7988,89,490,10636,93,19615,3709,65,43,64,132,918,341,1303,3641,4357,399,165,1846,1092,25,146,8,12,23,405,217,916,6248,810,38,18,110,640,664,3,677,3,0,2000,2197,15,102,9,32,234,1609,6035,23,149,374,438,76,58,1023,27,87,82,85,196,459,189,3222,94,101,82,18,10629,10007,1045,358,211,450,1010,49,421,208,236,266,66,321,410,647,111,214,1105,1,258,212,2,226,72,16,442,292,5897,35116,2238,33,5537,8484,765,7095,426,204,927,350,488,4,714,1501,1641,88,1165,6566,372,6688,29,159,207,1513,80,9904,387,1333,516,94,439,61,13,6009,1417,95,6889,1549,2121,5224,12,1112,1454,353,694,10704,155,37,18,18,6,6,464,84,84,2218,810,66,1153,10230,758,61,425,303,238,641,1128,997,1189,8,35,10,367,3,390,182,463,232,5,2,155,117,362,2470,1194,8783,664,5587,8608,3443,7174,3459,6144,55,5766,7201,1885,1835,6212,4494,1530,235,20,309,9,223,367,24,9,8,27,983,44,9989,2387,1748,180,72880,9275,960,5766,5586,308,117,8301,5023,14126,473,8925,21,8252,4,73,175,8,93,269,67,1165,565,10,255,216,193,304,159,761,468,20,64,1438,828,444,760,445,113,254,217,141,66,71,65,406,1357,260,112,305,741,544,3015,13451,137,727,666,375,276,239,198,319,154,18,2150,147,434,1252,94,454,182,856,379,347,225,269,37,141,135,764,588,270,263,248,565,509,339,210,319,944,6,5,119,216,145,115,2804,49,1771,2,52,33,1453,157,1558,1555,2121,7,699,16,19,648,679,20506,113,467,593,246,8,670,33,101,348,4866,2256,952,364,8,20,19,0,8,194,415,451,218,658,186,172,393,14679,46,503,21875,161,1428,262,2018,305,620,82,35,736,212,346,367,103,110,60,1228,454,319,362,152,356,429,5882,9,3247,341,26,5669,1570,45,89,1797,272,15,1762,240,219,27,1124,271,6583,733,90,211,392,177,265,261,234,201,13,158,11,518,53,11,30,33,166,54,223,5678,201,2245,1070,128,193,249,75,5623,16,2813,336,2007,286,30,554,4,9175,1709,2571,10565,693,4483,51,65,101,289,184,303,229,329,1793,309,8,39,319,23,16,740,727,4,29,12,5683,8716,7095,1826,6983,997,368,14205,19513,3006,8675,15207,17307,57,19,205,188,75,291,197,76,39,169,1527,0.0,0.0,0.0,0.0,0.0,0.0,0.0,0.0,0.0,0.0,0.0,0.0,0.0,0.0,0.0,0.0,0.0,0.0,0.0,0.0,0.0,0.0,0.0,0.0,0.0,0.0,0.0,0.0,0.0,0.0,0.0,0.0,0.0,0.0,0.0,0.0,0.0,0.0,0.0,0.0,0.0,0.0,0.0,0.0,0.0,0.0,0.0,0.0,0.0,0.0,0.0,0.0,0.0,0.0,0.0,0.0,0.0,0.0,0.0,0.0,0.0,0.0,0.0,0.0,0.0,0.0,0.0,0.0,0.0,0.0,0.0,0.0,0.0,0.0,0.0,0.0,0.0,0.0,0.0,0.0,0.0,0.0,0.0,0.0,0.0,0.0,0.0,0.0,0.0,0.0,0.0,0.0,0.0,0.0,0.0,0.0,0.0,0.0,0.0,0.0,0.0,0.0,0.0,0.0,0.0,0.0,0.0,0.0,0.0,0.0,0.0,0.0,0.0,0.0,0.0,0.0,0.0,0.0,0.0,0.0,0.0,0.0,0.0,0.0,0.0,0.0,0.0,0.0,0.0,0.0,0.0,0.0,0.0,0.0,0.0,0.0,0.0,0.0,0.0,0.0,0.0,0.0,0.0,0.0,0.0,0.0,0.0,0.0,0.0,0.0
ENCFF000CUT,0.15270547170796653,40842,297,4374,33816,1009,126256,7576,298,582,268,608,3770,5914,11823,22954,40304,4304,587,6754,6397,190,791,109,68,53,919,904,3735,32669,3952,299,191,527,2130,1955,37,2125,36,21,9267,11794,84,854,54,116,680,6591,25523,150,709,1181,1627,517,386,6541,155,369,395,232,889,1754,561,17661,1277,465,228,129,55751,52739,7393,1253,849,1331,5274,296,1458,560,931,996,270,1138,1269,4078,560,605,4377,20,1031,546,9,1376,212,33,1308,1506,19285,182829,10721,139,29429,45340,2781,39293,1221,738,5893,1993,2331,49,3382,7949,7932,123,5060,34098,3053,41965,695,2694,2534,9465,1064,56381,1518,6571,3230,1225,2974,398,146,31105,17277,534,23933,10904,13377,29481,138,5334,3068,1271,4196,42779,413,327,113,124,35,59,2371,354,666,11723,4976,750,4186,37559,3756,421,1379,1535,1523,3081,4466,3805,5715,190,209,36,1088,40,2031,760,1391,326,23,7,673,878,1098,15909,7448,47229,2464,35098,46868,17356,39104,15274,30643,390,30139,35956,11606,9775,30677,19848,6804,1151,211,662,100,586,1035,230,97,21,41,4410,370,42146,12895,15793,338,237463,40399,3933,31663,31931,1362,630,43076,20085,66787,5828,47986,248,45441,68,475,871,241,322,1043,286,4293,2265,20,752,1203,716,1043,513,2665,1646,236,292,5201,3146,2244,4523,1481,366,702,832,385,363,254,520,1271,6623,1471,428,1938,2603,2455,12259,26276,624,2533,3237,1583,879,714,740,1064,675,122,8090,564,999,5494,361,1679,457,4665,1280,1145,684,1055,265,522,575,2863,2763,927,1118,896,2594,1699,897,906,1104,4850,23,29,504,740,622,709,15527,92,10583,25,553,52,7141,805,7859,7846,7744,27,3150,168,212,1164,4171,82066,694,2182,2318,1193,67,3154,228,352,699,18071,7324,4050,1662,41,200,154,7,66,771,1112,2424,590,3789,598,600,1646,54569,410,2558,123406,653,6267,1100,6028,1081,2844,330,366,4391,902,1088,1191,454,481,276,5016,1354,998,1214,571,1258,1429,27801,91,11735,2521,52,28251,7261,45,331,8316,767,71,7442,965,1513,357,3391,1310,24157,3773,732,855,1224,517,1388,992,1392,640,25,1208,52,2051,204,251,280,466,477,849,787,34700,2395,10296,7299,1545,558,1242,153,36951,151,15826,1916,13195,1486,467,3027,36,34025,6824,10650,48096,2290,21481,278,346,419,944,581,1254,916,1958,6890,1129,61,235,1238,35,27,4369,4393,21,267,207,26754,44997,37901,8173,38338,4625,794,82175,100820,15286,47741,73228,89619,423,222,892,823,238,966,1492,397,465,810,7517,0.0,0.0,0.0,0.0,0.0,0.0,0.0,0.0,0.0,0.0,0.0,0.0,0.0,0.0,0.0,0.0,0.0,0.0,0.0,0.0,0.0,0.0,0.0,0.0,0.0,0.0,0.0,0.0,0.0,0.0,0.0,0.0,0.0,0.0,0.0,0.0,0.0,0.0,0.0,0.0,0.0,0.0,0.0,0.0,0.0,0.0,0.0,0.0,0.0,0.0,0.0,0.0,0.0,0.0,0.0,0.0,0.0,0.0,0.0,0.0,0.0,0.0,0.0,0.0,0.0,0.0,0.0,0.0,0.0,0.0,0.0,0.0,0.0,0.0,0.0,0.0,0.0,0.0,0.0,0.0,0.0,0.0,0.0,0.0,0.0,0.0,0.0,0.0,0.0,0.0,0.0,0.0,0.0,0.0,0.0,0.0,0.0,0.0,0.0,0.0,0.0,0.0,0.0,0.0,0.0,0.0,0.0,0.0,0.0,0.0,0.0,0.0,0.0,0.0,0.0,0.0,0.0,0.0,0.0,0.0,0.0,0.0,0.0,0.0,0.0,0.0,0.0,0.0,0.0,0.0,0.0,0.0,0.0,0.0,0.0,0.0,0.0,0.0,0.0,0.0,0.0,0.0,0.0,0.0,0.0,0.0,0.0,0.0,0.0,0.0
ENCFF590TAH,0.14122527920788325,182176,127,1979,26929,325,130978,9451,542,431,249,948,5621,1796,4215,15281,16334,2514,901,3863,6975,146,908,85,211,135,2668,11844,4586,17450,4707,195,72,621,2993,2728,32,3325,67,8,9486,11007,78,265,91,21,801,7913,13607,793,1308,1976,2269,194,392,6189,88,485,519,305,1684,3403,142,4596,219,175,3152,391,28295,49395,6299,1844,1150,3082,6896,58,2111,917,1149,1343,381,1901,2047,2967,672,1119,5594,36,1331,1218,30,1192,346,40,1227,787,8352,172908,10584,235,29339,39796,4372,35008,2062,1147,4186,1496,1845,65,3764,8451,10190,160,6891,40157,1315,28965,184,755,943,7212,353,40409,1820,8125,2887,344,2334,181,122,31553,3624,4479,8929,5110,14796,30750,447,5703,3908,1802,4505,24641,352,833,54,109,87,26,2213,461,1144,13924,4684,422,4463,26917,1986,301,2151,795,413,3001,5126,5845,7575,89,206,76,1669,83,1930,847,693,256,9,16,740,519,1952,13623,6903,47104,3347,22665,35727,14902,25280,17039,30973,143,27333,34273,11967,11034,28080,20736,4377,1252,1105,650,46,1205,1922,177,79,26,96,5666,182,28585,9447,6065,358,166258,42127,4963,26780,10560,1231,720,33357,18928,42084,3563,50630,203,54891,137,292,1345,132,471,1563,396,5838,2746,48,1140,1044,1009,1687,852,3847,1835,339,275,6866,4680,2344,3802,2512,514,1380,1332,776,444,334,339,1706,4205,1244,565,1682,3723,2575,6666,28687,11199,3667,4046,1841,1344,1030,1039,1447,781,67,8726,903,2587,6279,535,2383,840,5355,2836,1721,1634,1591,340,639,600,3995,2811,1486,1259,1196,3038,2768,1692,953,1818,4042,46,64,633,1283,1007,563,17179,484,11538,58,222,95,6269,845,9039,8637,10125,70,3082,547,43,1876,3671,68707,1164,2266,3403,1461,106,2806,81,157,1916,23465,5950,8935,1790,326,356,269,21,231,1026,1552,2762,1164,4819,984,690,1132,39710,361,2630,121568,566,6975,1547,8795,12814,2910,475,1043,7829,1229,1728,1793,542,412,127,120265,2461,1648,1600,613,1644,1831,26995,125,17194,1528,42,34229,8944,55,546,7438,1399,308,9079,1232,1839,347,5330,1572,12563,1398,1654,1152,1755,976,1299,1375,1783,974,72,1195,90,3205,294,621,162,703,305,211,583,29815,1144,7292,4084,650,1017,1332,561,33501,675,14099,2091,12151,1912,86,3143,33,39310,6664,12523,46642,1596,11943,177,343,634,1715,859,1584,1250,1587,7702,1585,28,167,1600,62,65,3614,3498,9,564,322,28841,34718,27729,7500,33795,5129,610,59528,82880,13004,34300,67608,80947,194,117,1101,972,453,1386,852,580,362,900,8622,0.0,0.0,0.0,0.0,0.0,0.0,0.0,0.0,0.0,0.0,0.0,0.0,0.0,0.0,0.0,0.0,0.0,0.0,0.0,0.0,0.0,0.0,0.0,0.0,0.0,0.0,0.0,0.0,0.0,0.0,0.0,0.0,0.0,0.0,0.0,0.0,0.0,0.0,0.0,0.0,0.0,0.0,0.0,0.0,0.0,0.0,0.0,0.0,0.0,0.0,0.0,0.0,0.0,0.0,0.0,0.0,0.0,0.0,0.0,0.0,0.0,0.0,0.0,0.0,0.0,0.0,0.0,0.0,0.0,0.0,0.0,0.0,0.0,0.0,0.0,0.0,0.0,0.0,0.0,0.0,0.0,0.0,0.0,0.0,0.0,0.0,0.0,0.0,0.0,0.0,0.0,0.0,0.0,0.0,0.0,0.0,0.0,0.0,0.0,0.0,0.0,0.0,0.0,0.0,0.0,0.0,0.0,0.0,0.0,0.0,0.0,0.0,0.0,0.0,0.0,0.0,0.0,0.0,0.0,0.0,0.0,0.0,0.0,0.0,0.0,0.0,0.0,0.0,0.0,0.0,0.0,0.0,0.0,0.0,0.0,0.0,0.0,0.0,0.0,0.0,0.0,0.0,0.0,0.0,0.0,0.0,0.0,0.0,0.0,0.0
ENCFF964YRG,0.0780746241844409,8187,136,308,1627,42,4279,399,16,16,18,45,189,199,483,1049,1087,181,20,315,338,9,38,5,6,2,39,566,181,1108,195,12,40,40,99,97,17,97,1,1,549,654,8,40,2,44,39,291,1404,96,27,68,72,29,17,431,10,18,20,18,44,89,50,874,50,45,153,3,3108,4873,521,47,28,221,383,18,70,26,29,48,8,53,46,212,35,21,195,0,45,31,2,66,9,3,115,87,1410,10592,670,6,1823,2632,139,2459,125,31,334,105,109,1,180,465,459,12,273,2214,159,2421,37,142,145,533,68,3078,83,354,166,51,136,26,13,2036,665,342,1305,484,1007,1657,127,282,173,62,250,2206,37,72,2,3,7,5,130,25,60,599,288,40,283,1800,203,33,61,104,102,162,280,273,517,2,3,0,51,0,85,37,112,1488,12,1,59,37,57,1063,413,2920,129,1651,2037,914,1674,838,1562,14,2020,2165,1196,573,1529,1126,410,65,116,32,12,21,45,8,8,15,2,246,24,2213,755,468,26,21673,2358,311,1709,1536,60,123,2462,1260,3641,228,3337,16,2852,3,20,59,8,15,42,39,206,132,2,44,60,17,57,22,142,69,61,11,268,174,122,236,63,26,40,44,16,18,13,45,62,340,48,21,134,133,120,812,3119,374,135,358,70,49,41,35,38,25,24,580,37,36,354,21,82,14,320,58,53,28,44,44,21,50,156,126,35,52,39,139,83,48,49,65,260,3,1,23,31,35,13,950,5,593,3,24,6,384,39,484,413,394,3,139,4,11,99,241,4134,80,227,149,79,31,183,16,34,57,999,446,189,72,3,11,8,0,0,27,72,188,30,212,33,27,111,2307,36,123,8233,45,454,44,302,582,160,24,237,770,43,53,62,15,22,32,3001,76,45,50,47,72,64,1522,0,571,133,7,1626,457,0,8,376,43,0,376,42,121,13,168,52,962,214,92,39,57,29,47,46,89,61,4,72,1,104,29,6,8,75,51,33,61,2200,113,500,367,90,35,70,10,2292,59,1015,177,743,71,23,184,3,2058,452,676,3420,264,965,29,21,17,71,143,51,33,95,434,52,0,65,60,2,2,265,269,1,120,11,1476,2685,1806,485,2198,259,41,4285,5764,855,2439,4556,5089,14,5,39,25,14,45,74,19,36,45,384,0.0,0.0,0.0,0.0,0.0,0.0,0.0,0.0,0.0,0.0,0.0,0.0,0.0,0.0,0.0,0.0,0.0,0.0,0.0,0.0,0.0,0.0,0.0,0.0,0.0,0.0,0.0,0.0,0.0,0.0,0.0,0.0,0.0,0.0,0.0,0.0,0.0,0.0,0.0,0.0,0.0,0.0,0.0,0.0,0.0,0.0,0.0,0.0,0.0,0.0,0.0,0.0,0.0,0.0,0.0,0.0,0.0,0.0,0.0,0.0,0.0,0.0,0.0,0.0,0.0,0.0,0.0,0.0,0.0,0.0,0.0,0.0,0.0,0.0,0.0,0.0,0.0,0.0,0.0,0.0,0.0,0.0,0.0,0.0,0.0,0.0,0.0,0.0,0.0,0.0,0.0,0.0,0.0,0.0,0.0,0.0,0.0,0.0,0.0,0.0,0.0,0.0,0.0,0.0,0.0,0.0,0.0,0.0,0.0,0.0,0.0,0.0,0.0,0.0,0.0,0.0,0.0,0.0,0.0,0.0,0.0,0.0,0.0,0.0,0.0,0.0,0.0,0.0,0.0,0.0,0.0,0.0,0.0,0.0,0.0,0.0,0.0,0.0,0.0,0.0,0.0,0.0,0.0,0.0,0.0,0.0,0.0,0.0,0.0,0.0
ENCFF720ANW,0.25805236699542045,18096,275,3832,86867,1447,253002,10644,715,700,172,462,5717,5421,22631,45787,105703,3040,831,15019,3439,80,347,38,143,271,832,134,5191,31142,2759,128,26,460,3996,3662,31,2809,13,4,7338,6946,213,305,34,57,866,8880,49637,22,951,1868,2843,223,125,2662,211,209,374,222,720,3798,2519,60723,1530,908,29,526,120511,71681,2727,2457,1522,2735,2324,150,2478,1361,1690,1803,480,2115,2234,2626,962,1300,6150,21,1646,1486,106,1429,276,43,959,2757,64170,138457,5675,189,15046,26008,4392,21519,2445,1405,2053,570,661,30,1439,3467,3598,282,4347,15309,5922,138258,550,2860,2807,6455,1316,222901,2697,3200,1286,391,1217,130,159,13845,26614,102,67263,21298,5291,13786,30,5329,19776,2262,2899,42329,886,64,539,121,159,304,1660,676,1310,7049,1800,501,3294,83341,7591,171,2488,4888,4260,3136,2099,1972,2607,27,143,64,1942,72,2511,1280,1433,185,8,19,814,461,2377,6619,3741,30615,3327,42010,36099,15682,45401,14997,30689,991,18549,24747,5625,5071,21646,10182,7684,1149,18,2693,31,1058,2115,186,44,120,270,2362,486,63060,19885,41599,180,304008,60345,4695,34238,96029,765,459,55929,33130,142940,9333,21730,96,18540,36,190,1440,123,711,1789,152,5672,2072,13,1515,1434,1254,1924,990,4707,2592,56,336,6554,3817,2405,1529,2924,580,1572,1415,909,706,556,141,2213,6883,2431,791,1915,4214,3598,17056,46824,115,4021,1731,2050,1444,1220,1350,1805,1087,18,8409,1163,2580,4470,700,2370,1195,3710,2520,1893,1259,1893,42,988,743,4253,3792,1576,1725,1578,2226,2464,1996,1407,1815,5502,26,49,964,1571,435,921,8411,564,5699,65,292,150,5231,429,5294,4740,9073,85,2770,203,92,4187,1903,242124,270,1678,2984,908,33,4584,146,354,815,18687,17492,10584,817,180,51,26,72,251,1266,4046,1786,1240,3418,1330,1055,3249,176709,428,2934,72230,835,5207,1816,10809,277,3941,594,57,2541,1599,2203,2274,842,708,135,952,2589,1984,2256,566,2088,2412,19399,176,14776,1254,229,15378,4939,14,247,3304,1323,120,8824,1436,398,106,5435,1959,76018,6356,276,1525,2004,1306,1205,1855,508,453,54,387,118,2189,103,8,153,70,1440,1177,2044,70885,3193,17838,9834,2075,678,519,365,14559,28,8691,2011,6249,1361,263,1783,26,21454,4005,7105,28925,2028,39239,216,145,901,1926,1003,1857,1576,1777,12769,1954,11,80,2029,11,108,2060,1889,17,44,63,17983,37984,34700,9065,23444,3129,2571,104938,75066,16284,39015,53811,59772,949,81,1394,1349,575,1674,464,302,241,607,5152,0.0,0.0,0.0,0.0,0.0,0.0,0.0,0.0,0.0,0.0,0.0,0.0,0.0,0.0,0.0,0.0,0.0,0.0,0.0,0.0,0.0,0.0,0.0,0.0,0.0,0.0,0.0,0.0,0.0,0.0,0.0,0.0,0.0,0.0,0.0,0.0,0.0,0.0,0.0,0.0,0.0,0.0,0.0,0.0,0.0,0.0,0.0,0.0,0.0,0.0,0.0,0.0,0.0,0.0,0.0,0.0,0.0,0.0,0.0,0.0,0.0,0.0,0.0,0.0,0.0,0.0,0.0,0.0,0.0,0.0,0.0,0.0,0.0,0.0,0.0,0.0,0.0,0.0,0.0,0.0,0.0,0.0,0.0,0.0,0.0,0.0,0.0,0.0,0.0,0.0,0.0,0.0,0.0,0.0,0.0,0.0,0.0,0.0,0.0,0.0,0.0,0.0,0.0,0.0,0.0,0.0,0.0,0.0,0.0,0.0,0.0,0.0,0.0,0.0,0.0,0.0,0.0,0.0,0.0,0.0,0.0,0.0,0.0,0.0,0.0,0.0,0.0,0.0,0.0,0.0,0.0,0.0,0.0,0.0,0.0,0.0,0.0,0.0,0.0,0.0,0.0,0.0,0.0,0.0,0.0,0.0,0.0,0.0,0.0,0.0
ENCFF218PFQ,0.1399345963271215,138896,104,2394,32568,449,98028,13249,500,649,271,1067,7008,2628,4520,14116,20325,2270,1437,5095,5680,158,870,64,262,172,1573,9032,4116,18055,4419,204,59,533,2904,2697,27,3048,52,27,8328,11418,201,457,110,18,779,7887,19396,703,1347,1801,2012,227,466,6930,88,446,336,490,1641,5065,306,7273,211,323,2529,933,32055,46607,6432,1788,995,2614,7510,64,1937,945,1079,1235,333,1776,2071,3019,653,945,5055,67,1250,1064,36,1511,839,109,2594,689,7376,152836,8868,200,25171,40388,3789,34269,1964,1027,4815,2035,2465,81,4218,8340,9981,477,5686,40450,1431,42113,164,828,931,6810,437,70083,1642,6146,2699,649,2591,224,176,36503,5319,3795,17321,6453,15466,32824,263,5524,4758,1709,4002,39246,692,679,101,133,88,39,2242,619,2467,10575,4313,400,3943,30208,1867,368,2130,4003,2818,2844,5731,7594,7703,89,198,53,1413,86,1654,768,824,683,15,4,624,450,1785,12444,6442,40930,3153,19418,31668,11584,22233,14794,26248,234,26223,32828,10343,9927,25984,18453,4167,1185,567,261,23,1022,1688,203,94,52,82,4198,289,33315,7480,7954,518,144379,30371,4090,21419,12877,1382,695,30033,13538,37103,2265,45512,124,45257,163,242,1446,213,491,1308,300,5210,2594,85,993,968,930,1402,804,3499,1844,185,263,6225,4226,2139,3785,2334,442,1348,1140,674,404,356,417,1463,4357,834,512,1620,3718,2421,7008,14181,7933,3174,4050,1630,1186,969,919,1262,691,94,9081,867,2309,6164,515,2142,883,4670,2392,1534,1311,1407,239,615,570,3647,2520,1410,1047,1177,2847,2529,1548,872,1488,3565,41,28,609,1197,1081,402,14659,400,10019,50,255,136,6161,828,8287,7108,7426,91,2993,391,141,1402,3390,57889,1064,2137,3141,1260,49,2832,140,1184,1966,20349,6733,18134,1810,176,339,284,14,198,930,769,2110,1127,4546,860,648,1551,52603,258,2364,119204,556,6852,1395,8377,10063,2627,462,966,6514,1078,1730,1649,527,390,131,89489,2315,1446,1471,551,1544,1738,27081,231,16288,1511,134,33560,8592,33,528,5818,1156,284,8251,1071,1271,401,5092,1459,27657,1428,1281,1068,1566,1004,1030,1350,1737,749,67,1395,87,2791,345,300,152,526,534,205,750,23527,817,6468,3111,570,910,1250,414,37969,433,11559,1552,11310,2395,74,2701,38,36302,6466,10610,42860,995,17948,148,364,625,1556,802,1493,1173,1440,4315,1367,10,156,1427,45,84,3544,3548,16,451,155,27933,30151,23549,6039,30883,4930,600,56049,77869,10637,30458,61318,75265,189,81,936,864,513,1329,983,805,478,894,6890,0.0,0.0,0.0,0.0,0.0,0.0,0.0,0.0,0.0,0.0,0.0,0.0,0.0,0.0,0.0,0.0,0.0,0.0,0.0,0.0,0.0,0.0,0.0,0.0,0.0,0.0,0.0,0.0,0.0,0.0,0.0,0.0,0.0,0.0,0.0,0.0,0.0,0.0,0.0,0.0,0.0,0.0,0.0,0.0,0.0,0.0,0.0,0.0,0.0,0.0,0.0,0.0,0.0,0.0,0.0,0.0,0.0,0.0,0.0,0.0,0.0,0.0,0.0,0.0,0.0,0.0,0.0,0.0,0.0,0.0,0.0,0.0,0.0,0.0,0.0,0.0,0.0,0.0,0.0,0.0,0.0,0.0,0.0,0.0,0.0,0.0,0.0,0.0,0.0,0.0,0.0,0.0,0.0,0.0,0.0,0.0,0.0,0.0,0.0,0.0,0.0,0.0,0.0,0.0,0.0,0.0,0.0,0.0,0.0,0.0,0.0,0.0,0.0,0.0,0.0,0.0,0.0,0.0,0.0,0.0,0.0,0.0,0.0,0.0,0.0,0.0,0.0,0.0,0.0,0.0,0.0,0.0,0.0,0.0,0.0,0.0,0.0,0.0,0.0,0.0,0.0,0.0,0.0,0.0,0.0,0.0,0.0,0.0,0.0,0.0
ENCFF000OET,0.1111569366255462,51125,339,4692,44718,1330,155248,6170,414,673,372,738,4434,6154,12721,26192,47857,4406,558,6065,7017,222,839,83,71,74,1086,1441,5001,39687,4747,324,195,633,2612,2520,60,2407,32,35,8934,13926,125,784,68,88,698,7659,28789,184,735,1366,2096,564,349,8984,250,443,459,192,891,1966,633,17045,386,394,441,106,60373,59013,7990,1579,1056,1840,8098,366,1735,900,1230,1346,359,1610,1667,4485,744,847,5197,20,1354,806,28,1436,1381,79,1614,1901,24027,202280,11730,141,32127,46817,3621,40514,1617,1014,5931,1725,1946,25,3561,8825,8709,101,5697,38512,4316,56152,1038,4199,3569,10534,1794,73402,2053,7052,3364,845,3410,544,185,35999,18333,1112,33586,11896,16960,32954,303,5964,3785,1676,4426,50663,289,418,142,173,82,52,2608,505,653,12798,5522,802,5570,47924,5204,527,1680,1041,981,3671,4877,4393,6586,122,190,45,1516,45,2720,1086,770,970,41,2,879,888,1392,18005,8158,52114,3209,37284,41787,17897,42171,17830,37452,320,33101,39208,12618,10461,28027,21120,6860,1060,381,915,91,774,1358,293,113,38,84,4795,560,62088,15807,16081,247,235117,49499,4822,32677,32057,1240,725,48251,21598,74530,7746,48290,206,47940,124,438,1131,318,467,1335,286,5176,2933,37,1069,1468,953,1290,637,3477,2020,680,258,6085,4171,2657,3135,1856,499,1039,1074,617,575,408,624,1714,6152,1878,621,2358,3334,3116,15120,30064,990,3393,3516,1855,1160,872,929,1448,811,275,8028,792,1312,6854,561,1971,725,5245,1619,1484,948,1401,432,803,767,3633,3472,1277,1454,1077,3105,2052,1199,1211,1416,5735,46,56,653,918,729,494,16902,169,11581,34,611,106,8265,901,8045,7971,9401,67,3181,146,223,1475,5132,86079,746,2137,2744,1444,86,3606,250,624,727,18771,7784,4399,1528,56,248,167,21,100,1055,1413,3067,748,5064,855,844,2292,63607,617,3012,147549,730,7177,1429,7496,1699,3559,491,686,5416,1318,1390,1423,737,687,307,8027,1692,1442,1562,552,1639,1778,29959,83,13166,2791,20,31445,11918,15,325,6921,689,142,8726,1247,1478,360,4130,1746,22281,4656,787,1276,1608,651,1549,1222,1517,984,38,1350,74,2251,97,55,228,540,248,1134,970,42870,3905,13529,8703,2397,716,964,267,42404,201,18512,2354,14571,1544,441,3385,36,34411,6810,11925,53998,1940,21772,347,241,644,1323,810,1498,1126,2121,9438,1431,52,311,1678,28,42,4485,4617,11,319,299,29495,51655,41138,9760,42793,5385,717,85567,112798,17337,53066,82386,97041,340,214,1145,1182,376,1329,1573,471,560,780,8488,0.0,0.0,0.0,0.0,0.0,0.0,0.0,0.0,0.0,0.0,0.0,0.0,0.0,0.0,0.0,0.0,0.0,0.0,0.0,0.0,0.0,0.0,0.0,0.0,0.0,0.0,0.0,0.0,0.0,0.0,0.0,0.0,0.0,0.0,0.0,0.0,0.0,0.0,0.0,0.0,0.0,0.0,0.0,0.0,0.0,0.0,0.0,0.0,0.0,0.0,0.0,0.0,0.0,0.0,0.0,0.0,0.0,0.0,0.0,0.0,0.0,0.0,0.0,0.0,0.0,0.0,0.0,0.0,0.0,0.0,0.0,0.0,0.0,0.0,0.0,0.0,0.0,0.0,0.0,0.0,0.0,0.0,0.0,0.0,0.0,0.0,0.0,0.0,0.0,0.0,0.0,0.0,0.0,0.0,0.0,0.0,0.0,0.0,0.0,0.0,0.0,0.0,0.0,0.0,0.0,0.0,0.0,0.0,0.0,0.0,0.0,0.0,0.0,0.0,0.0,0.0,0.0,0.0,0.0,0.0,0.0,0.0,0.0,0.0,0.0,0.0,0.0,0.0,0.0,0.0,0.0,0.0,0.0,0.0,0.0,0.0,0.0,0.0,0.0,0.0,0.0,0.0,0.0,0.0,0.0,0.0,0.0,0.0,0.0,0.0
ENCFF002EGG,0.1339251048909362,241107,427,2576,67650,529,209976,13860,578,309,278,956,5536,1638,6243,38847,22971,2610,826,9268,7364,167,837,48,100,101,2499,22773,5141,35151,5282,196,70,653,3921,3484,38,4055,32,20,10956,11175,75,335,33,63,969,9031,30273,1260,1218,2606,2511,236,241,6894,88,452,618,256,1115,3120,393,16387,582,258,5431,123,50171,60479,6544,2145,1260,3369,6627,63,2648,1221,1329,1548,472,2160,2780,3123,765,1340,6285,30,1547,1436,38,1186,213,34,1430,1251,28180,196329,10984,202,30738,43576,4987,37393,2822,1280,4576,1786,2337,39,4523,9898,11511,179,7589,44984,1748,47393,269,1200,1463,8350,604,77003,2265,9282,3174,373,2431,231,122,31426,5166,12166,21749,8731,15894,32395,613,6889,11209,2260,4918,67338,431,1433,79,96,23,25,2170,483,544,15240,4714,368,5228,65374,3354,286,2681,1699,932,3333,6817,8360,8301,56,104,82,1887,27,2292,1044,1092,60,24,15,890,556,2438,14561,7137,51483,3983,26573,40015,19024,43228,19923,36959,193,30083,38951,13754,12001,33033,22490,6018,1297,1879,1273,35,1304,2197,118,38,25,164,6264,87,52438,13482,6634,548,290425,56321,5848,30885,26374,1195,909,43358,26899,72192,5745,57609,253,60120,42,393,996,51,658,1704,600,7342,3073,95,1372,1198,1078,1909,907,4855,2491,599,244,7856,5293,2752,4483,3064,569,1792,1500,865,474,423,449,1928,6418,1942,609,1909,4790,3035,10435,51423,18355,4296,4570,1917,1548,1287,1223,1708,924,142,10374,1042,2906,6641,618,2747,1049,5601,2910,2092,1646,1776,602,791,776,4523,3392,1615,1437,1419,3376,2940,2230,1104,2112,5151,59,68,813,1459,800,841,18977,338,13030,50,218,165,7098,695,10474,10560,13917,23,3289,132,32,2453,3917,103077,1610,2521,4139,1369,75,3767,92,253,1877,26936,12143,5571,1648,112,305,72,30,68,1028,2418,3080,1561,5773,1394,846,1972,85354,521,2844,128024,721,7522,1770,11177,22639,3659,490,1446,11058,1445,2170,2271,587,446,119,147375,3072,1899,1982,1109,2024,2364,30542,30,20362,1608,63,36805,10257,73,475,9568,1503,72,10258,1331,2292,191,6287,1871,25393,2580,3146,1289,1996,1177,1479,1651,1947,1076,32,1242,54,3845,248,123,63,1360,683,227,929,58654,1529,11108,5720,926,918,1091,440,35706,1353,16376,2579,12433,1727,118,3381,29,46469,8565,15929,58685,2239,20234,190,394,685,1858,1023,1920,1522,1932,9527,1762,19,162,1962,55,45,3408,3508,12,1191,173,30238,41584,33894,8584,35419,5349,616,79419,91239,15428,41324,75369,86452,208,76,1127,1067,527,1620,903,428,234,1083,9827,0.0,0.0,0.0,0.0,0.0,0.0,0.0,0.0,0.0,0.0,0.0,0.0,0.0,0.0,0.0,0.0,0.0,0.0,0.0,0.0,0.0,0.0,0.0,0.0,0.0,0.0,0.0,0.0,0.0,0.0,0.0,0.0,0.0,0.0,0.0,0.0,0.0,0.0,0.0,0.0,0.0,0.0,0.0,0.0,0.0,0.0,0.0,0.0,0.0,0.0,0.0,0.0,0.0,0.0,0.0,0.0,0.0,0.0,0.0,0.0,0.0,0.0,0.0,0.0,0.0,0.0,0.0,0.0,0.0,0.0,0.0,0.0,0.0,0.0,0.0,0.0,0.0,0.0,0.0,0.0,0.0,0.0,0.0,0.0,0.0,0.0,0.0,0.0,0.0,0.0,0.0,0.0,0.0,0.0,0.0,0.0,0.0,0.0,0.0,0.0,0.0,0.0,0.0,0.0,0.0,0.0,0.0,0.0,0.0,0.0,0.0,0.0,0.0,0.0,0.0,0.0,0.0,0.0,0.0,0.0,0.0,0.0,0.0,0.0,0.0,0.0,0.0,0.0,0.0,0.0,0.0,0.0,0.0,0.0,0.0,0.0,0.0,0.0,0.0,0.0,0.0,0.0,0.0,0.0,0.0,0.0,0.0,0.0,0.0,0.0
ENCFF126GLB,0.17420404154844593,117813,793,2021,13329,275,31274,3986,143,190,190,684,1862,1066,2736,8552,7207,1402,254,3598,3075,194,493,50,58,134,405,9281,1411,9483,2543,173,222,293,819,801,244,1086,22,49,4668,6956,76,433,11,321,458,2989,9705,1079,222,305,511,358,330,5250,95,229,249,190,468,1060,299,6370,269,388,2266,207,23886,24698,5363,479,256,2272,4648,219,553,196,286,366,69,332,542,2352,148,196,1394,11,336,191,14,805,174,30,1015,497,9956,96114,6557,150,17236,24131,1205,20565,658,242,3585,1125,1217,21,2129,5148,5450,132,2318,23172,1080,16517,191,807,821,5009,347,22274,583,3522,1820,664,1861,201,88,21492,3876,4910,12034,2869,10125,17710,1305,2287,2056,567,3043,17035,339,1459,53,89,26,12,1447,229,848,5669,3075,427,2752,13715,1168,266,542,1016,1102,1665,2781,2340,4884,37,108,33,343,13,638,227,949,3339,79,2,934,540,527,10088,4403,27788,1112,13759,17199,7263,12831,7249,12680,152,16298,18615,7311,5701,14750,11349,3927,440,1692,500,32,184,316,123,30,18,23,2233,129,15745,4984,2742,157,208904,19838,2930,16148,10061,763,437,20980,10400,27341,1422,28873,154,28929,53,216,841,359,104,473,179,1804,1523,41,212,346,184,302,140,1279,713,410,155,2343,1758,1094,2428,463,116,219,261,118,116,88,515,370,2858,444,126,842,1195,999,4517,10874,4542,1131,2376,628,423,315,245,320,183,302,5243,174,348,3408,134,838,152,2164,358,421,183,322,436,195,384,920,901,319,339,277,1529,714,332,291,355,1572,15,40,152,241,404,103,10217,138,6812,6,325,73,3877,634,4991,3798,3837,18,1552,43,132,1126,2519,25996,724,1628,1431,635,356,1319,171,342,580,7640,4412,2739,1065,28,142,65,7,15,255,750,1450,334,1835,191,197,714,16565,450,881,73816,403,3411,374,2611,9836,1157,138,3806,10216,280,539,561,122,153,217,45522,695,382,610,359,578,597,15105,46,5556,1383,16,17788,4583,25,206,3493,552,29,3029,290,955,232,1635,501,7993,1070,2435,291,546,159,467,325,897,440,20,572,8,1089,128,21,120,1408,712,321,394,16624,699,3193,2087,500,243,973,237,24953,668,9658,2084,7868,956,170,1726,58,19008,3742,6127,30648,829,7544,198,235,127,755,651,544,241,778,3751,533,18,1350,324,14,24,2739,2687,20,1728,221,15673,21507,15332,3697,21105,2347,368,37407,51269,6411,21783,37349,47559,113,107,275,252,108,317,1025,153,308,433,3458,0.0,0.0,0.0,0.0,0.0,0.0,0.0,0.0,0.0,0.0,0.0,0.0,0.0,0.0,0.0,0.0,0.0,0.0,0.0,0.0,0.0,0.0,0.0,0.0,0.0,0.0,0.0,0.0,0.0,0.0,0.0,0.0,0.0,0.0,0.0,0.0,0.0,0.0,0.0,0.0,0.0,0.0,0.0,0.0,0.0,0.0,0.0,0.0,0.0,0.0,0.0,0.0,0.0,0.0,0.0,0.0,0.0,0.0,0.0,0.0,0.0,0.0,0.0,0.0,0.0,0.0,0.0,0.0,0.0,0.0,0.0,0.0,0.0,0.0,0.0,0.0,0.0,0.0,0.0,0.0,0.0,0.0,0.0,0.0,0.0,0.0,0.0,0.0,0.0,0.0,0.0,0.0,0.0,0.0,0.0,0.0,0.0,0.0,0.0,0.0,0.0,0.0,0.0,0.0,0.0,0.0,0.0,0.0,0.0,0.0,0.0,0.0,0.0,0.0,0.0,0.0,0.0,0.0,0.0,0.0,0.0,0.0,0.0,0.0,0.0,0.0,0.0,0.0,0.0,0.0,0.0,0.0,0.0,0.0,0.0,0.0,0.0,0.0,0.0,0.0,0.0,0.0,0.0,0.0,0.0,0.0,0.0,0.0,0.0,0.0
ENCFF002EIH,0.14315456520666078,93122,378,1952,43310,614,181050,10845,592,281,268,554,4088,1957,7336,23209,21209,2189,760,10808,4706,110,646,38,205,167,1665,7821,4741,62291,4299,157,50,534,3590,3391,52,4316,79,4,8882,9337,153,430,77,53,978,7629,32464,350,1021,2253,2353,149,252,4528,128,351,265,311,1083,2324,301,20483,2195,913,2036,90,54805,54573,6353,2199,1349,2642,5341,219,2695,1012,1320,1617,440,1911,2430,2665,708,1228,5613,55,1423,1221,42,1263,462,97,1935,1285,27192,157560,8487,160,22987,36217,4867,30097,2822,1195,3737,1591,2035,48,4058,7457,8153,359,4881,43624,2638,87879,343,1747,1903,7023,869,145954,2350,6621,2145,630,2051,332,216,25060,7886,2716,32194,12898,12362,24775,221,5082,14340,2116,3156,72157,898,481,65,106,61,91,1997,581,429,9427,3527,370,6209,41669,2887,246,2447,3456,2410,2767,3994,4008,8454,100,339,173,1800,113,2206,963,1452,88,29,26,742,647,2522,12459,5963,44683,3417,27208,41511,16652,50236,18648,32223,432,27545,35469,10524,9428,29586,20336,6605,1098,465,1439,27,1342,2070,254,87,158,412,4238,234,89401,13941,14408,1141,214357,47650,4587,30072,33967,1110,505,41921,26424,71354,3083,44496,121,37142,37,217,653,44,536,1645,499,5921,2134,51,1231,1125,1002,1938,924,4664,2202,173,184,6231,4631,2281,3325,2722,539,1514,1409,787,490,433,805,1700,6543,1309,622,1752,4502,3164,11527,41851,5320,4146,3133,1754,1493,1242,1239,1571,896,113,11367,990,2655,5761,585,2580,861,4417,2696,1990,1424,1832,218,649,644,3986,3182,1477,1303,1263,2719,2601,1861,1105,1889,4207,31,63,714,1437,561,614,12696,438,9156,32,219,138,5855,588,7917,7261,9340,63,2798,239,74,4773,2503,98183,656,2288,3696,1100,61,3236,330,345,1760,23838,13153,3942,1341,147,316,146,41,140,993,2921,1945,1662,4311,1106,791,1641,80185,284,2551,97131,702,6207,1757,10837,7637,3092,464,1025,4715,1316,1992,2065,545,453,124,45154,3019,1785,2129,684,2036,2264,26943,107,16322,1311,90,26017,9166,103,426,6715,1556,123,8432,1201,1319,176,5625,1757,33698,2569,1233,1353,1903,1046,1309,1565,1697,1762,91,1264,107,2668,265,48,105,453,1401,407,1658,28096,1414,9192,5781,816,867,965,494,25669,490,11563,1929,8361,1750,69,2355,15,39099,7694,12215,48199,1602,25005,166,598,709,1613,943,1755,1350,1401,12854,1643,19,169,1686,81,112,2738,2660,35,481,162,27596,38472,31087,8765,31073,4241,465,81947,86306,14369,36778,69440,76335,244,61,1220,1077,528,1568,726,276,191,875,7056,0.0,0.0,0.0,0.0,0.0,0.0,0.0,0.0,0.0,0.0,0.0,0.0,0.0,0.0,0.0,0.0,0.0,0.0,0.0,0.0,0.0,0.0,0.0,0.0,0.0,0.0,0.0,0.0,0.0,0.0,0.0,0.0,0.0,0.0,0.0,0.0,0.0,0.0,0.0,0.0,0.0,0.0,0.0,0.0,0.0,0.0,0.0,0.0,0.0,0.0,0.0,0.0,0.0,0.0,0.0,0.0,0.0,0.0,0.0,0.0,0.0,0.0,0.0,0.0,0.0,0.0,0.0,0.0,0.0,0.0,0.0,0.0,0.0,0.0,0.0,0.0,0.0,0.0,0.0,0.0,0.0,0.0,0.0,0.0,0.0,0.0,0.0,0.0,0.0,0.0,0.0,0.0,0.0,0.0,0.0,0.0,0.0,0.0,0.0,0.0,0.0,0.0,0.0,0.0,0.0,0.0,0.0,0.0,0.0,0.0,0.0,0.0,0.0,0.0,0.0,0.0,0.0,0.0,0.0,0.0,0.0,0.0,0.0,0.0,0.0,0.0,0.0,0.0,0.0,0.0,0.0,0.0,0.0,0.0,0.0,0.0,0.0,0.0,0.0,0.0,0.0,0.0,0.0,0.0,0.0,0.0,0.0,0.0,0.0,0.0
ENCFF776VEC,0.14545259459073073,379454,147,1671,34032,300,121142,11558,481,292,242,1089,4731,1421,3894,21468,14119,2116,741,5748,6528,469,762,58,141,62,2842,31281,3876,22129,4675,168,72,566,2863,2622,24,3024,31,4,9970,9524,45,236,37,16,893,7007,17942,1938,948,1817,1907,221,288,6579,86,401,417,295,1211,2766,153,7229,205,179,8179,265,28977,44644,5705,1612,961,2977,6696,52,1968,883,994,1165,306,1587,2192,2691,549,1031,4813,18,1164,1070,14,961,229,31,1055,647,11610,152960,9680,420,26664,36076,3638,31370,2188,1000,3923,1417,1936,35,3845,8766,10244,162,6681,38315,1127,26210,147,590,725,6738,263,40692,1623,8291,2681,332,2329,119,167,28532,3750,35974,13154,5143,17572,28196,1050,5351,6696,1798,4914,31631,286,1755,43,68,27,15,1785,441,917,13301,3975,345,3872,33454,1838,265,2033,946,485,2606,7217,9619,7752,57,131,38,1362,35,1657,735,768,107,15,17,621,413,1789,12090,5896,45934,2922,19982,30137,12970,27668,15033,27458,124,25095,31873,12276,9810,27256,18568,4075,1085,2765,804,27,957,1583,147,46,28,113,5754,140,29913,8917,4840,375,165089,39242,5145,22693,12975,1070,850,29943,17784,42311,3248,48976,161,52800,73,367,1228,125,459,1339,651,5374,2547,65,1000,886,763,1460,785,3692,1778,459,242,5989,4239,2109,4430,2210,363,1216,1134,656,411,316,329,1403,4198,1242,507,1475,3743,2478,6366,23066,28922,3137,4151,1510,1157,879,862,1181,691,120,8280,780,2222,5467,453,2244,795,4657,2376,1567,1259,1288,531,592,578,3396,2426,1324,1047,1074,2860,2216,1461,834,1517,3768,30,47,549,1141,983,417,16754,652,11125,39,161,196,5930,805,9078,8456,10392,39,2730,246,45,1507,3827,67704,2396,2311,3276,1177,317,2993,51,190,1871,23158,7786,6806,1435,158,259,117,14,111,804,1546,2420,1199,4197,850,636,1093,45718,701,2239,108170,582,5965,1327,8165,32960,2826,398,2747,15805,1045,1668,1816,436,346,119,273051,2442,1523,1481,594,1433,1785,24225,31,14961,1279,27,33665,8107,56,461,7706,1370,117,7674,978,2362,246,4887,1388,16561,1436,3975,950,1581,902,1074,1191,1828,696,67,1045,48,3067,299,291,68,1929,414,200,520,34729,926,6757,3663,521,877,1086,373,32334,1795,13128,2194,11063,1529,72,2833,35,38576,6466,13336,47081,1340,14560,120,320,521,1442,843,1475,1127,1388,6597,1273,5,145,1319,22,66,3257,3146,9,1455,223,25446,32171,25051,6583,29985,4341,613,55267,73290,11598,30933,60804,71615,146,94,945,791,407,1201,794,317,239,894,8265,0.0,0.0,0.0,0.0,0.0,0.0,0.0,0.0,0.0,0.0,0.0,0.0,0.0,0.0,0.0,0.0,0.0,0.0,0.0,0.0,0.0,0.0,0.0,0.0,0.0,0.0,0.0,0.0,0.0,0.0,0.0,0.0,0.0,0.0,0.0,0.0,0.0,0.0,0.0,0.0,0.0,0.0,0.0,0.0,0.0,0.0,0.0,0.0,0.0,0.0,0.0,0.0,0.0,0.0,0.0,0.0,0.0,0.0,0.0,0.0,0.0,0.0,0.0,0.0,0.0,0.0,0.0,0.0,0.0,0.0,0.0,0.0,0.0,0.0,0.0,0.0,0.0,0.0,0.0,0.0,0.0,0.0,0.0,0.0,0.0,0.0,0.0,0.0,0.0,0.0,0.0,0.0,0.0,0.0,0.0,0.0,0.0,0.0,0.0,0.0,0.0,0.0,0.0,0.0,0.0,0.0,0.0,0.0,0.0,0.0,0.0,0.0,0.0,0.0,0.0,0.0,0.0,0.0,0.0,0.0,0.0,0.0,0.0,0.0,0.0,0.0,0.0,0.0,0.0,0.0,0.0,0.0,0.0,0.0,0.0,0.0,0.0,0.0,0.0,0.0,0.0,0.0,0.0,0.0,0.0,0.0,0.0,0.0,0.0,0.0
ENCFF000ODZ,0.15310742560530954,441892,122,3236,12922,203,43728,9047,231,321,357,842,2804,1622,3605,8447,11057,2396,724,3699,5333,204,1014,54,178,138,926,39125,2779,14982,5859,349,371,495,1524,1413,306,2280,47,48,7925,13530,73,715,46,31,720,5677,10208,4873,898,867,1013,596,593,8863,248,448,488,247,1324,1746,96,3765,111,360,9715,241,29747,42553,9506,916,538,4854,7253,446,1058,457,536,700,188,810,979,4034,392,422,3044,32,653,497,16,1673,2278,127,1317,692,5658,169789,11122,100,29938,41304,2210,35583,987,487,6778,2030,1950,39,4084,9133,8990,177,4224,40006,1156,18539,113,536,744,8333,230,17943,910,6669,3167,853,3325,614,116,39822,5048,19137,10328,3920,16572,36790,4127,3818,2382,946,8758,17090,309,4672,73,203,103,69,3047,645,1028,10065,5201,656,4143,13912,1631,620,982,1658,1366,2778,4109,3869,7781,113,209,147,743,62,1263,453,1234,1643,156,6,1219,991,860,16031,8018,51005,2149,23457,31603,12708,18277,13418,24420,380,28452,33914,12176,10725,25997,20425,5280,785,7436,539,91,432,732,226,90,64,115,4002,135,22433,7361,4138,462,163836,32200,5477,26554,8110,1711,583,33609,13088,33088,1356,49472,90,51733,105,330,1089,239,245,772,240,3718,3327,79,517,677,453,699,344,2088,1296,457,294,5100,3346,2163,4026,1067,226,536,554,306,299,234,667,928,3930,682,298,1704,2206,1898,5814,11878,20235,2253,4179,1145,604,433,488,667,376,245,9015,470,840,6162,285,1646,365,3810,870,833,413,752,534,408,725,2038,1672,572,687,649,2590,1471,790,626,796,3373,34,56,364,501,765,407,19431,390,11870,47,423,136,7869,1309,9432,7022,6645,75,3470,209,181,1216,5888,35980,1766,3207,2067,1261,1370,2159,415,639,1287,14657,4946,4960,1901,140,250,117,22,110,487,1261,3268,539,4331,404,472,980,22526,2688,1722,134211,419,6955,763,5295,39291,2022,298,13446,29637,642,828,889,310,360,571,215203,1091,767,919,360,1016,1016,27913,132,11363,2217,35,32273,13740,30,332,5903,1044,112,6723,594,2329,302,3079,920,8916,1378,5609,671,867,396,1102,651,1741,697,64,1142,80,1901,132,47,309,3844,622,247,548,14524,603,4794,2579,416,452,921,432,48858,1844,18066,5197,14336,1965,266,3317,58,31467,6274,10469,46430,1261,9122,155,343,320,2361,342,825,533,1207,5978,772,15,4912,818,55,96,4894,5504,13,5838,237,29316,35919,26832,6366,37068,4594,431,55477,90646,11049,35324,67700,82907,194,178,604,575,171,626,1602,513,604,764,6752,0.0,0.0,0.0,0.0,0.0,0.0,0.0,0.0,0.0,0.0,0.0,0.0,0.0,0.0,0.0,0.0,0.0,0.0,0.0,0.0,0.0,0.0,0.0,0.0,0.0,0.0,0.0,0.0,0.0,0.0,0.0,0.0,0.0,0.0,0.0,0.0,0.0,0.0,0.0,0.0,0.0,0.0,0.0,0.0,0.0,0.0,0.0,0.0,0.0,0.0,0.0,0.0,0.0,0.0,0.0,0.0,0.0,0.0,0.0,0.0,0.0,0.0,0.0,0.0,0.0,0.0,0.0,0.0,0.0,0.0,0.0,0.0,0.0,0.0,0.0,0.0,0.0,0.0,0.0,0.0,0.0,0.0,0.0,0.0,0.0,0.0,0.0,0.0,0.0,0.0,0.0,0.0,0.0,0.0,0.0,0.0,0.0,0.0,0.0,0.0,0.0,0.0,0.0,0.0,0.0,0.0,0.0,0.0,0.0,0.0,0.0,0.0,0.0,0.0,0.0,0.0,0.0,0.0,0.0,0.0,0.0,0.0,0.0,0.0,0.0,0.0,0.0,0.0,0.0,0.0,0.0,0.0,0.0,0.0,0.0,0.0,0.0,0.0,0.0,0.0,0.0,0.0,0.0,0.0,0.0,0.0,0.0,0.0,0.0,0.0
ENCFF000YTV,0.054494525119718785,5942,69,286,2531,54,6037,1443,29,31,24,88,227,214,408,1384,1485,279,38,411,572,35,87,8,6,5,97,235,235,1382,401,25,27,43,134,139,4,153,2,5,939,1070,2,56,1,24,102,437,1234,28,74,65,85,46,49,858,28,38,46,22,86,117,9,603,24,36,56,5,3109,4055,898,73,29,138,1253,22,98,30,49,59,5,69,87,334,35,21,188,0,46,29,3,140,17,3,128,94,902,15085,1054,7,2776,3774,182,3328,128,32,494,173,167,0,329,945,1088,19,590,3272,181,1736,28,162,147,740,69,1988,96,992,299,84,310,26,22,3456,672,171,905,450,3224,2718,57,355,245,93,399,2735,50,63,14,13,4,6,201,20,86,1172,456,51,386,2522,204,43,82,181,124,268,879,823,801,7,13,4,58,2,135,23,204,653,2,0,46,76,63,1457,710,4286,185,2176,2765,1176,2033,1129,2198,25,2442,2703,1108,841,2506,1763,685,64,68,79,8,35,43,21,6,3,7,500,15,2221,951,490,25,34529,3111,282,2415,1154,124,82,3326,1630,3905,362,5412,18,6039,11,47,142,79,14,75,40,260,223,12,17,63,39,47,27,204,111,44,27,328,259,163,436,70,15,52,35,25,22,13,57,64,396,79,25,142,191,128,630,1226,127,169,362,99,55,38,29,56,26,20,854,30,51,517,19,104,34,326,74,77,41,63,44,24,34,146,136,62,55,41,256,109,46,45,45,240,3,3,30,36,87,24,1725,31,1153,2,54,13,532,104,832,853,730,2,243,3,23,129,367,4408,70,224,185,110,13,180,16,21,68,1257,528,250,162,8,20,8,2,7,46,141,312,78,331,30,36,80,3205,34,118,11563,53,525,59,402,256,198,20,85,476,32,71,82,32,30,26,1226,104,58,94,41,82,96,2355,9,849,268,4,3327,700,5,27,655,111,9,522,43,375,36,244,71,939,164,70,60,92,24,68,35,156,57,3,112,6,217,15,22,24,48,115,48,32,2260,116,505,384,93,34,144,31,4934,28,1445,156,1265,137,24,269,5,2800,489,922,4148,140,812,18,30,18,78,70,91,36,134,518,85,4,33,63,2,3,426,426,2,32,24,2366,3076,2294,510,3145,403,33,5185,7118,1020,3145,5435,7030,29,17,41,62,21,60,191,29,40,69,707,0.0,0.0,0.0,0.0,0.0,0.0,0.0,0.0,0.0,0.0,0.0,0.0,0.0,0.0,0.0,0.0,0.0,0.0,0.0,0.0,0.0,0.0,0.0,0.0,0.0,0.0,0.0,0.0,0.0,0.0,0.0,0.0,0.0,0.0,0.0,0.0,0.0,0.0,0.0,0.0,0.0,0.0,0.0,0.0,0.0,0.0,0.0,0.0,0.0,0.0,0.0,0.0,0.0,0.0,0.0,0.0,0.0,0.0,0.0,0.0,0.0,0.0,0.0,0.0,0.0,0.0,0.0,0.0,0.0,0.0,0.0,0.0,0.0,0.0,0.0,0.0,0.0,0.0,0.0,0.0,0.0,0.0,0.0,0.0,0.0,0.0,0.0,0.0,0.0,0.0,0.0,0.0,0.0,0.0,0.0,0.0,0.0,0.0,0.0,0.0,0.0,0.0,0.0,0.0,0.0,0.0,0.0,0.0,0.0,0.0,0.0,0.0,0.0,0.0,0.0,0.0,0.0,0.0,0.0,0.0,0.0,0.0,0.0,0.0,0.0,0.0,0.0,0.0,0.0,0.0,0.0,0.0,0.0,0.0,0.0,0.0,0.0,0.0,0.0,0.0,0.0,0.0,0.0,0.0,0.0,0.0,0.0,0.0,0.0,0.0
ENCFF000PDL,0.1482808057340735,129874,84,2556,21220,132,35967,15690,260,359,357,792,2787,1409,2519,10627,9240,2375,1277,3799,5904,313,1009,114,176,217,1375,9004,3127,16642,5240,370,198,507,1661,1579,68,2359,28,38,8966,14514,107,727,85,24,734,6501,10985,1091,967,845,1184,699,622,10998,198,573,461,470,1407,1587,58,1431,139,143,2406,149,27955,43066,10490,1014,609,2039,8926,459,1135,520,680,747,197,891,1137,4463,381,548,3327,41,752,502,33,1927,561,133,1039,721,2537,175057,11533,455,31722,44436,2337,37909,1153,552,8407,3528,2437,49,4138,10225,10137,299,5207,44048,1003,14912,79,375,675,8487,173,15383,1026,7696,3469,944,3645,560,152,42215,4114,6008,4863,2894,19822,41644,834,4209,1777,1092,4828,27759,577,1251,54,131,33,37,3418,514,929,11574,5839,714,4176,21855,1638,656,1040,1464,1325,3061,5997,6165,8362,77,256,102,878,83,1316,493,1424,658,68,6,553,1210,994,17674,8704,53348,2293,23890,33008,13232,20460,14421,26833,370,32325,37960,13864,11327,27415,22757,5726,796,1839,369,51,531,819,308,113,67,125,4563,123,20538,7778,3704,295,148845,32347,4117,27071,5436,1600,649,34240,13096,30390,975,51068,138,53452,78,502,1156,175,278,769,230,4446,3481,87,543,726,481,813,361,2290,1391,438,333,5633,4123,2228,4747,1174,247,646,604,343,329,246,638,972,3988,657,294,1788,2338,1804,5666,5644,5339,2320,4452,1258,642,502,480,800,424,239,10531,489,950,6533,320,1968,426,4402,1014,873,491,840,470,411,501,2305,1829,679,809,682,3158,1567,824,693,848,3603,33,67,350,559,1304,352,22834,420,13257,54,459,370,8644,1530,10448,8074,6896,58,3889,257,207,2228,5811,29483,1261,2924,2461,1354,381,2378,295,342,1686,15703,4584,4309,2044,163,235,107,10,35,526,384,2748,649,3611,461,542,977,29761,725,1912,145812,374,7675,828,5307,9677,2236,277,3402,9885,699,941,1022,327,452,499,49342,1186,762,992,440,1069,1258,30849,177,12410,2535,102,37079,8795,42,412,7220,1170,140,7112,623,2340,354,3350,1012,7804,1283,1505,660,1012,411,1063,776,2300,644,139,1170,93,2270,185,84,391,1134,739,168,443,11667,377,4762,2258,373,545,1347,548,47999,508,20781,2092,15232,3134,366,3681,50,36786,7010,11095,51162,1256,5975,163,351,347,1150,400,983,643,1698,9720,895,29,1132,972,76,162,5762,6193,11,1595,235,32330,36697,26326,6837,41058,4924,547,66739,96362,10674,36986,72107,89063,193,156,631,597,177,742,1650,594,561,859,7635,0.0,0.0,0.0,0.0,0.0,0.0,0.0,0.0,0.0,0.0,0.0,0.0,0.0,0.0,0.0,0.0,0.0,0.0,0.0,0.0,0.0,0.0,0.0,0.0,0.0,0.0,0.0,0.0,0.0,0.0,0.0,0.0,0.0,0.0,0.0,0.0,0.0,0.0,0.0,0.0,0.0,0.0,0.0,0.0,0.0,0.0,0.0,0.0,0.0,0.0,0.0,0.0,0.0,0.0,0.0,0.0,0.0,0.0,0.0,0.0,0.0,0.0,0.0,0.0,0.0,0.0,0.0,0.0,0.0,0.0,0.0,0.0,0.0,0.0,0.0,0.0,0.0,0.0,0.0,0.0,0.0,0.0,0.0,0.0,0.0,0.0,0.0,0.0,0.0,0.0,0.0,0.0,0.0,0.0,0.0,0.0,0.0,0.0,0.0,0.0,0.0,0.0,0.0,0.0,0.0,0.0,0.0,0.0,0.0,0.0,0.0,0.0,0.0,0.0,0.0,0.0,0.0,0.0,0.0,0.0,0.0,0.0,0.0,0.0,0.0,0.0,0.0,0.0,0.0,0.0,0.0,0.0,0.0,0.0,0.0,0.0,0.0,0.0,0.0,0.0,0.0,0.0,0.0,0.0,0.0,0.0,0.0,0.0,0.0,0.0
ENCFF000YBX,0.09784913588228399,1452,107,169,1575,30,3019,238,22,18,13,23,94,234,445,772,1197,200,21,198,227,11,34,6,1,4,23,27,143,1117,158,11,9,33,82,57,2,78,0,3,315,497,4,39,2,12,33,231,1010,2,65,51,48,28,32,326,7,18,21,7,49,45,14,531,18,75,14,7,2038,2095,418,52,23,43,270,11,45,16,25,27,10,39,43,181,18,22,132,2,40,17,1,54,7,0,64,51,726,7607,504,5,1350,1771,98,1568,65,28,239,56,68,1,140,335,345,12,189,1445,134,1157,31,122,89,412,61,1749,49,282,121,49,133,21,11,1390,663,25,1153,399,568,1294,4,172,128,30,178,2008,25,16,4,6,2,0,93,18,34,422,211,24,162,1564,138,27,47,49,54,118,180,157,270,6,14,1,36,1,64,35,129,518,0,0,18,59,31,736,321,2017,88,1357,1550,581,1397,532,1088,6,1298,1391,519,458,993,791,359,43,4,33,2,20,25,8,10,1,0,172,13,1409,461,572,9,28553,1474,136,1147,1105,46,24,1685,755,2248,239,1928,5,1975,6,9,50,11,9,27,8,134,86,2,24,29,25,29,14,94,46,17,17,173,130,72,119,47,11,31,23,16,16,12,35,35,202,55,12,93,106,75,532,778,15,91,189,50,27,16,20,23,18,9,338,12,23,243,9,55,16,189,39,39,15,32,17,16,19,89,93,32,26,27,122,55,19,29,24,141,0,1,11,15,28,5,646,2,421,4,20,6,276,37,313,263,249,2,120,9,8,45,169,2934,26,81,70,56,6,86,3,5,27,530,306,114,81,1,4,5,0,1,27,27,118,19,129,19,16,84,2181,13,91,5311,56,251,30,183,38,107,8,12,176,34,37,37,23,14,6,152,40,36,38,17,37,34,1192,6,423,142,0,1246,357,0,12,226,35,3,275,27,80,12,123,44,818,130,35,31,35,24,42,21,45,16,0,45,2,67,10,1,8,13,22,39,28,1239,102,369,220,67,30,30,10,1783,6,623,63,588,67,17,137,3,1236,253,361,1715,92,746,7,5,16,38,51,37,20,44,255,38,1,11,43,0,2,242,192,0,9,13,1028,1614,1239,259,1481,183,22,2872,3852,562,1596,2916,3460,16,6,33,34,12,37,65,12,25,35,278,0.0,0.0,0.0,0.0,0.0,0.0,0.0,0.0,0.0,0.0,0.0,0.0,0.0,0.0,0.0,0.0,0.0,0.0,0.0,0.0,0.0,0.0,0.0,0.0,0.0,0.0,0.0,0.0,0.0,0.0,0.0,0.0,0.0,0.0,0.0,0.0,0.0,0.0,0.0,0.0,0.0,0.0,0.0,0.0,0.0,0.0,0.0,0.0,0.0,0.0,0.0,0.0,0.0,0.0,0.0,0.0,0.0,0.0,0.0,0.0,0.0,0.0,0.0,0.0,0.0,0.0,0.0,0.0,0.0,0.0,0.0,0.0,0.0,0.0,0.0,0.0,0.0,0.0,0.0,0.0,0.0,0.0,0.0,0.0,0.0,0.0,0.0,0.0,0.0,0.0,0.0,0.0,0.0,0.0,0.0,0.0,0.0,0.0,0.0,0.0,0.0,0.0,0.0,0.0,0.0,0.0,0.0,0.0,0.0,0.0,0.0,0.0,0.0,0.0,0.0,0.0,0.0,0.0,0.0,0.0,0.0,0.0,0.0,0.0,0.0,0.0,0.0,0.0,0.0,0.0,0.0,0.0,0.0,0.0,0.0,0.0,0.0,0.0,0.0,0.0,0.0,0.0,0.0,0.0,0.0,0.0,0.0,0.0,0.0,0.0
ENCFF000ZOA,0.06343076005777959,2184,13,143,2508,45,6300,351,21,25,16,29,124,213,406,817,1858,175,32,288,224,8,39,3,3,8,46,83,155,2023,185,11,14,20,103,87,3,76,0,1,306,504,3,34,0,1,38,255,1548,9,34,59,54,17,21,313,12,18,19,12,42,62,18,604,6,56,28,2,2141,2055,305,55,32,62,262,14,67,34,43,40,11,52,69,153,26,26,155,0,49,19,2,68,13,5,64,66,839,7869,485,2,1244,1760,134,1616,61,36,215,57,60,0,127,371,332,7,213,1361,169,1854,49,184,130,366,106,2668,70,248,121,38,139,14,3,1337,614,47,1294,421,766,1184,19,186,136,43,152,1680,26,28,4,15,6,3,96,12,33,430,207,38,183,2413,184,16,44,113,81,130,207,164,272,6,13,2,52,1,92,39,113,535,2,1,36,41,45,639,303,2012,104,1389,1769,582,1915,580,1219,17,1280,1460,484,445,1028,783,308,47,11,35,0,36,39,7,8,1,5,162,22,2340,570,715,17,8442,1440,156,1223,1124,40,26,1660,828,2458,310,1762,3,1840,2,8,25,14,13,34,10,167,87,1,31,40,19,41,23,123,72,9,8,182,147,89,110,68,12,37,33,17,18,15,28,71,225,50,17,69,110,89,694,1512,49,111,164,63,43,25,26,46,21,9,398,27,38,222,25,75,22,167,53,42,34,42,15,26,25,113,108,48,58,35,103,67,29,39,45,141,0,2,13,23,38,19,608,12,443,0,29,2,287,55,307,305,293,1,103,14,5,45,167,2738,25,96,109,39,2,113,8,19,34,698,255,145,65,0,19,3,1,6,33,122,143,37,174,21,26,90,3198,20,81,5285,19,279,42,250,98,135,13,39,216,54,47,40,27,24,7,468,62,50,60,14,54,80,1187,7,461,102,2,1157,267,3,8,275,41,3,294,37,97,14,127,55,1357,156,32,34,56,20,55,38,45,21,1,54,3,85,22,2,13,30,49,48,31,1588,184,516,351,120,30,39,8,1666,16,681,85,506,58,20,132,0,1269,248,442,1785,47,1080,12,15,12,40,14,58,42,63,375,56,2,14,60,3,5,189,175,0,17,9,1095,1578,1344,289,1551,177,12,3369,3844,568,1708,2714,3460,11,19,28,46,17,35,57,21,32,18,294,0.0,0.0,0.0,0.0,0.0,0.0,0.0,0.0,0.0,0.0,0.0,0.0,0.0,0.0,0.0,0.0,0.0,0.0,0.0,0.0,0.0,0.0,0.0,0.0,0.0,0.0,0.0,0.0,0.0,0.0,0.0,0.0,0.0,0.0,0.0,0.0,0.0,0.0,0.0,0.0,0.0,0.0,0.0,0.0,0.0,0.0,0.0,0.0,0.0,0.0,0.0,0.0,0.0,0.0,0.0,0.0,0.0,0.0,0.0,0.0,0.0,0.0,0.0,0.0,0.0,0.0,0.0,0.0,0.0,0.0,0.0,0.0,0.0,0.0,0.0,0.0,0.0,0.0,0.0,0.0,0.0,0.0,0.0,0.0,0.0,0.0,0.0,0.0,0.0,0.0,0.0,0.0,0.0,0.0,0.0,0.0,0.0,0.0,0.0,0.0,0.0,0.0,0.0,0.0,0.0,0.0,0.0,0.0,0.0,0.0,0.0,0.0,0.0,0.0,0.0,0.0,0.0,0.0,0.0,0.0,0.0,0.0,0.0,0.0,0.0,0.0,0.0,0.0,0.0,0.0,0.0,0.0,0.0,0.0,0.0,0.0,0.0,0.0,0.0,0.0,0.0,0.0,0.0,0.0,0.0,0.0,0.0,0.0,0.0,0.0
ENCFF000ZRV,0.15370229016551912,51870,309,4877,37061,702,74113,7141,386,594,316,747,3536,5430,10357,19461,32018,4008,576,7386,6704,205,812,86,68,51,975,1558,3740,38070,4469,320,261,564,2073,1947,72,2235,39,16,8438,12972,75,713,31,98,673,6856,30885,226,631,1099,1576,597,448,7857,250,444,522,177,906,1707,848,17546,310,357,413,63,57848,60850,8404,1216,835,1606,6564,381,1323,600,884,985,269,1129,1253,4306,551,620,4122,17,968,618,36,1495,232,33,1438,1371,18147,196719,12597,106,33815,47043,2958,40712,1252,737,6133,1883,2196,31,3572,8264,8596,100,5160,39180,2895,36917,518,2077,2212,10084,853,56961,1447,7084,3474,894,3136,544,219,37142,15950,1513,23001,9774,14264,33351,303,4993,4711,1287,4077,31360,450,455,116,165,48,29,2690,345,681,11911,5572,833,4453,39141,3504,519,1361,1281,1006,3488,5206,4748,6195,125,296,71,1136,53,1974,688,1170,143,49,6,677,866,1095,17805,8463,53602,2642,34984,38347,16504,32341,14874,31148,407,32876,38777,14125,10841,26026,22206,6730,1074,405,942,73,556,1040,222,95,19,199,4637,383,39113,13399,15718,318,227603,44055,4224,30998,31006,1414,682,45366,21944,69750,4719,51380,197,51463,52,431,823,135,355,1091,304,4389,2665,35,749,1018,667,1010,516,2771,1663,286,245,5687,3323,2535,3107,1402,377,756,798,448,389,335,591,1230,6111,1398,433,2106,2654,2540,11681,30079,1093,2730,3553,1616,978,661,790,1114,535,176,8995,628,998,5978,411,1742,452,4616,1226,1135,695,1057,269,533,630,2686,2687,924,1010,909,2876,1733,912,892,1049,4511,28,39,494,724,851,363,16754,113,11096,26,563,68,7740,898,8173,7549,8571,41,3255,151,234,1601,4652,87626,784,2490,2487,1306,94,3236,205,213,863,17049,8581,3460,1570,52,200,128,19,69,772,1584,3065,613,4788,551,564,1403,57390,460,2489,148650,664,6712,1126,5983,1981,2922,368,690,5426,879,1092,1192,465,474,309,8790,1389,1057,1285,607,1361,1460,28584,106,11770,2581,39,30660,7845,19,337,6864,943,67,7865,935,2489,375,3595,1224,18514,3354,774,905,1263,554,1401,1017,1468,596,15,1288,20,2042,166,52,269,604,696,831,1080,51496,2084,11476,6316,1374,612,1065,359,45333,203,18245,2008,14528,1809,439,3460,36,33754,6334,11421,49657,2233,19101,279,267,410,1112,625,1240,907,1578,8885,1157,50,341,1231,33,81,4818,4889,16,367,229,28966,47375,34163,8725,41600,4581,1018,76678,103583,15215,47852,76156,92960,364,204,909,782,243,958,1550,335,442,749,7952,0.0,0.0,0.0,0.0,0.0,0.0,0.0,0.0,0.0,0.0,0.0,0.0,0.0,0.0,0.0,0.0,0.0,0.0,0.0,0.0,0.0,0.0,0.0,0.0,0.0,0.0,0.0,0.0,0.0,0.0,0.0,0.0,0.0,0.0,0.0,0.0,0.0,0.0,0.0,0.0,0.0,0.0,0.0,0.0,0.0,0.0,0.0,0.0,0.0,0.0,0.0,0.0,0.0,0.0,0.0,0.0,0.0,0.0,0.0,0.0,0.0,0.0,0.0,0.0,0.0,0.0,0.0,0.0,0.0,0.0,0.0,0.0,0.0,0.0,0.0,0.0,0.0,0.0,0.0,0.0,0.0,0.0,0.0,0.0,0.0,0.0,0.0,0.0,0.0,0.0,0.0,0.0,0.0,0.0,0.0,0.0,0.0,0.0,0.0,0.0,0.0,0.0,0.0,0.0,0.0,0.0,0.0,0.0,0.0,0.0,0.0,0.0,0.0,0.0,0.0,0.0,0.0,0.0,0.0,0.0,0.0,0.0,0.0,0.0,0.0,0.0,0.0,0.0,0.0,0.0,0.0,0.0,0.0,0.0,0.0,0.0,0.0,0.0,0.0,0.0,0.0,0.0,0.0,0.0,0.0,0.0,0.0,0.0,0.0,0.0
ENCFF379ROL,0.12931832897058212,17164,684,846,2930,41,7186,2199,55,64,72,208,510,205,716,1298,939,535,151,2129,1468,83,225,22,42,47,207,881,470,1888,1204,85,63,186,238,256,15,448,18,13,1891,3296,34,204,3,223,209,1100,1377,79,73,77,112,147,134,2460,46,127,134,81,226,278,47,1185,201,131,201,37,9018,11637,2500,139,52,308,2096,101,169,39,72,84,13,79,176,1019,31,35,434,11,68,46,12,471,87,23,461,119,1526,44060,3130,14,8381,11481,447,9951,216,49,1897,573,692,7,1060,2634,2538,119,930,9523,296,3918,19,99,211,2345,32,3566,122,1777,877,271,943,113,38,9805,1104,487,3319,914,4384,8669,135,886,1337,146,905,3503,184,178,11,45,8,15,747,136,258,2436,1564,185,1357,2762,302,168,155,679,772,721,1346,1192,2150,25,47,25,83,7,214,48,610,144,6,4,100,288,137,4604,2010,12182,372,5584,7706,3225,3522,2855,4978,50,7589,8685,3177,2639,6401,5570,1774,158,136,273,12,34,72,54,26,22,21,992,51,3750,1748,403,129,136274,9552,939,7919,2066,382,167,10045,5334,9816,170,14693,51,14272,16,114,253,59,20,142,90,620,709,26,53,63,34,75,35,381,220,175,67,926,816,462,1273,90,21,50,76,29,22,22,241,83,1399,167,27,392,390,354,1133,4143,385,356,1065,187,96,96,45,84,28,120,2350,48,70,1519,35,309,39,885,67,93,36,66,200,31,124,253,278,61,69,77,656,248,59,62,56,408,22,6,30,35,161,25,4619,64,3160,5,169,26,1705,258,2432,1991,1601,14,872,29,49,825,1160,10495,233,608,467,282,10,494,96,245,333,3610,2235,643,454,9,80,55,7,9,46,528,725,127,791,58,51,159,3285,69,219,34372,281,1590,95,954,958,485,25,283,1621,60,175,161,41,55,78,4280,183,93,187,92,142,180,7325,23,2277,627,10,8547,2192,13,82,1577,265,7,1110,63,505,77,521,140,1942,222,248,74,147,47,140,87,501,259,20,273,3,445,98,5,78,201,472,103,280,3777,91,707,692,74,99,370,139,12043,68,4490,345,3746,470,112,831,11,9828,1972,2893,13894,568,1612,34,195,35,94,447,155,56,195,1863,139,5,262,86,16,16,1336,1295,21,224,49,7103,9749,6191,1764,9959,1118,211,13635,23793,2737,9780,17051,22013,45,46,60,57,21,57,502,67,145,177,1668,0.0,0.0,0.0,0.0,0.0,0.0,0.0,0.0,0.0,0.0,0.0,0.0,0.0,0.0,0.0,0.0,0.0,0.0,0.0,0.0,0.0,0.0,0.0,0.0,0.0,0.0,0.0,0.0,0.0,0.0,0.0,0.0,0.0,0.0,0.0,0.0,0.0,0.0,0.0,0.0,0.0,0.0,0.0,0.0,0.0,0.0,0.0,0.0,0.0,0.0,0.0,0.0,0.0,0.0,0.0,0.0,0.0,0.0,0.0,0.0,0.0,0.0,0.0,0.0,0.0,0.0,0.0,0.0,0.0,0.0,0.0,0.0,0.0,0.0,0.0,0.0,0.0,0.0,0.0,0.0,0.0,0.0,0.0,0.0,0.0,0.0,0.0,0.0,0.0,0.0,0.0,0.0,0.0,0.0,0.0,0.0,0.0,0.0,0.0,0.0,0.0,0.0,0.0,0.0,0.0,0.0,0.0,0.0,0.0,0.0,0.0,0.0,0.0,0.0,0.0,0.0,0.0,0.0,0.0,0.0,0.0,0.0,0.0,0.0,0.0,0.0,0.0,0.0,0.0,0.0,0.0,0.0,0.0,0.0,0.0,0.0,0.0,0.0,0.0,0.0,0.0,0.0,0.0,0.0,0.0,0.0,0.0,0.0,0.0,0.0
ENCFF476DQM,0.07411462618225036,3922,76,253,1620,43,4540,319,16,24,12,31,187,188,474,1019,1239,171,14,379,274,7,46,4,4,1,33,220,167,1057,159,12,18,24,73,76,4,97,4,0,422,502,4,34,5,30,23,289,1356,34,22,50,81,20,19,348,12,16,29,11,33,64,59,854,55,33,69,3,2931,3505,391,55,36,119,290,13,66,27,58,31,12,53,62,158,15,27,169,0,41,22,1,65,6,1,115,83,1569,8973,569,7,1426,2114,126,1877,84,21,254,83,93,1,158,390,337,12,253,1660,170,2731,31,154,142,465,61,3433,69,294,144,53,136,16,6,1546,630,146,1441,474,611,1351,36,233,189,52,202,2302,22,38,14,7,3,3,106,16,34,504,234,32,252,1776,177,18,42,79,98,140,224,198,298,3,0,3,40,1,78,33,70,1456,4,2,24,31,48,849,372,2326,116,1504,1769,776,1579,675,1471,10,1535,1828,800,452,1281,937,374,57,35,41,8,13,52,9,2,4,4,201,22,2138,638,562,12,16890,2137,219,1560,1530,45,56,2242,1116,3583,262,2483,10,2320,2,19,41,2,11,50,18,192,136,5,39,47,28,28,22,133,56,24,6,244,157,103,141,55,25,27,37,20,17,18,33,39,287,63,16,96,140,118,817,2733,169,130,233,75,39,30,25,40,31,14,435,21,35,284,19,82,16,237,58,43,36,61,17,18,40,129,115,41,56,39,130,81,33,38,48,210,2,2,22,23,38,19,768,6,519,3,32,5,305,34,388,323,354,1,128,5,6,120,193,4004,33,129,127,71,14,158,12,32,35,897,394,156,60,1,14,10,1,2,41,62,126,25,183,24,16,88,2334,33,105,6522,34,275,50,287,254,124,13,104,423,31,41,49,17,12,14,1149,57,52,55,38,54,67,1290,3,557,114,1,1317,384,1,14,331,36,1,302,44,72,18,156,56,958,181,65,45,61,13,46,43,71,54,2,57,1,101,18,3,8,39,38,48,57,2251,109,509,340,72,30,45,8,1805,34,795,130,646,75,23,157,2,1669,357,601,2540,193,899,15,24,23,66,61,52,38,80,416,44,1,27,41,1,0,209,208,1,39,8,1283,2268,1628,438,1852,219,41,4167,5016,751,2222,3762,4420,21,13,26,30,10,34,52,14,25,38,350,0.0,0.0,0.0,0.0,0.0,0.0,0.0,0.0,0.0,0.0,0.0,0.0,0.0,0.0,0.0,0.0,0.0,0.0,0.0,0.0,0.0,0.0,0.0,0.0,0.0,0.0,0.0,0.0,0.0,0.0,0.0,0.0,0.0,0.0,0.0,0.0,0.0,0.0,0.0,0.0,0.0,0.0,0.0,0.0,0.0,0.0,0.0,0.0,0.0,0.0,0.0,0.0,0.0,0.0,0.0,0.0,0.0,0.0,0.0,0.0,0.0,0.0,0.0,0.0,0.0,0.0,0.0,0.0,0.0,0.0,0.0,0.0,0.0,0.0,0.0,0.0,0.0,0.0,0.0,0.0,0.0,0.0,0.0,0.0,0.0,0.0,0.0,0.0,0.0,0.0,0.0,0.0,0.0,0.0,0.0,0.0,0.0,0.0,0.0,0.0,0.0,0.0,0.0,0.0,0.0,0.0,0.0,0.0,0.0,0.0,0.0,0.0,0.0,0.0,0.0,0.0,0.0,0.0,0.0,0.0,0.0,0.0,0.0,0.0,0.0,0.0,0.0,0.0,0.0,0.0,0.0,0.0,0.0,0.0,0.0,0.0,0.0,0.0,0.0,0.0,0.0,0.0,0.0,0.0,0.0,0.0,0.0,0.0,0.0,0.0
ENCFF072HZW,0.14179238077618997,14704,34,1939,18510,415,38835,2263,151,272,120,230,1416,2116,5188,10766,13278,1886,176,1880,2590,97,342,46,22,19,415,23,1582,13313,1602,131,73,207,828,766,17,898,2,5,3648,5544,16,325,21,11,208,2581,15274,18,263,467,622,236,164,4059,62,155,132,39,291,636,255,7190,117,181,17,3,25725,22659,3916,469,321,509,3134,124,528,219,381,428,120,540,537,1994,234,255,1835,7,408,234,6,530,900,3,678,736,8396,80367,4900,48,13762,19466,1113,17417,566,296,2665,764,753,6,1593,3788,3394,39,2535,20073,1267,17999,330,1248,1237,4137,548,24499,772,2918,1328,340,1301,171,48,17039,6834,26,12635,5088,6110,14081,13,2007,864,555,1690,35248,151,93,52,52,44,15,958,148,238,5236,2180,324,1734,19636,2023,192,484,361,321,1356,2019,1866,3492,25,36,8,470,8,898,307,534,89,3,4,269,333,404,7688,3343,22492,1197,14808,16849,7050,16196,7087,15656,102,12643,14807,6166,4457,11988,8273,2660,501,8,297,56,264,401,73,25,14,34,1888,120,18806,6736,5617,62,86081,17554,1914,13119,13569,482,256,20345,8300,30134,2185,18779,70,19191,16,144,295,19,119,421,89,1913,1139,7,323,431,292,434,195,1137,634,744,85,2104,1549,911,1850,571,168,267,348,170,157,102,469,543,2457,570,194,844,1056,1036,6336,20276,58,1103,2091,609,356,288,293,426,263,279,3498,201,392,2805,165,712,163,1997,554,518,284,459,251,239,238,1151,1116,417,401,350,1491,612,324,398,492,2021,5,11,183,278,189,125,8055,31,5038,7,258,14,3010,465,4120,3058,6057,16,1144,46,68,649,2444,35976,250,753,1133,507,5,1304,98,190,344,6809,2369,1213,628,3,71,48,8,10,289,484,1145,208,1962,247,229,1146,28073,173,1051,59146,206,2801,467,2253,141,1195,130,24,1522,345,391,429,163,208,123,330,554,398,495,221,550,567,12020,31,5088,1113,2,14382,4577,26,119,3643,221,28,3223,340,1189,147,1440,522,16328,2003,277,407,466,218,490,404,675,280,8,487,7,828,40,24,78,156,119,361,409,22393,1179,5920,3356,779,357,467,78,21197,48,6447,752,6304,600,163,1327,6,11788,2484,4045,18756,1861,14532,113,42,165,371,192,469,334,815,4664,435,17,78,469,3,19,1909,1904,12,58,92,11227,21484,17086,3944,16301,1973,136,35081,45933,7811,21397,33463,38373,154,85,361,340,86,442,677,185,260,305,3274,0.0,0.0,0.0,0.0,0.0,0.0,0.0,0.0,0.0,0.0,0.0,0.0,0.0,0.0,0.0,0.0,0.0,0.0,0.0,0.0,0.0,0.0,0.0,0.0,0.0,0.0,0.0,0.0,0.0,0.0,0.0,0.0,0.0,0.0,0.0,0.0,0.0,0.0,0.0,0.0,0.0,0.0,0.0,0.0,0.0,0.0,0.0,0.0,0.0,0.0,0.0,0.0,0.0,0.0,0.0,0.0,0.0,0.0,0.0,0.0,0.0,0.0,0.0,0.0,0.0,0.0,0.0,0.0,0.0,0.0,0.0,0.0,0.0,0.0,0.0,0.0,0.0,0.0,0.0,0.0,0.0,0.0,0.0,0.0,0.0,0.0,0.0,0.0,0.0,0.0,0.0,0.0,0.0,0.0,0.0,0.0,0.0,0.0,0.0,0.0,0.0,0.0,0.0,0.0,0.0,0.0,0.0,0.0,0.0,0.0,0.0,0.0,0.0,0.0,0.0,0.0,0.0,0.0,0.0,0.0,0.0,0.0,0.0,0.0,0.0,0.0,0.0,0.0,0.0,0.0,0.0,0.0,0.0,0.0,0.0,0.0,0.0,0.0,0.0,0.0,0.0,0.0,0.0,0.0,0.0,0.0,0.0,0.0,0.0,0.0
ENCFF863FVN,0.07213040658714406,166199,2877,6790,32455,903,87776,7696,264,423,351,936,3846,3598,10011,21703,21372,3695,517,6942,7055,211,785,88,89,45,1061,11160,3660,22478,4216,345,726,1066,1995,1732,288,2115,42,94,10685,12817,143,916,84,1000,566,6154,27864,1864,540,1410,1622,531,474,9545,229,360,502,361,800,1830,962,16922,1116,1144,2921,147,63709,97483,9912,1165,732,3539,7875,359,1350,490,791,962,248,1005,1185,4485,506,567,4292,18,941,535,18,1629,225,50,2453,1624,29063,218015,13701,159,37980,55115,2797,49839,2880,688,6728,1953,2286,16,3957,9773,9413,196,5583,45338,2915,50728,727,2765,2727,10748,1122,64893,1615,7315,3623,1097,3030,414,156,41933,13570,6849,26571,9255,20524,33610,2196,5600,3901,1291,5371,45510,503,1691,135,134,151,47,2628,329,1229,12453,5672,830,5670,35147,4196,555,1215,1838,2267,3533,5683,5087,10550,113,146,58,1130,13,1909,628,2114,56728,279,36,1118,816,1044,22480,8473,61698,2692,33576,41622,18016,34383,17592,34123,283,39124,44922,23898,11758,31590,23041,9195,1225,2385,819,338,532,979,162,53,323,50,5245,370,44725,14809,9362,385,450531,49669,5654,34981,30112,1326,2394,50306,25100,74540,4900,66709,343,59472,54,403,1251,281,281,926,586,4745,2892,72,688,1052,604,1003,382,2730,1548,1129,230,5183,3702,2187,4329,1247,418,627,776,336,339,276,898,1332,6906,1359,403,2701,2917,2537,16677,62621,7562,2755,6617,1443,914,701,616,984,557,550,11789,440,871,6907,356,1824,361,5562,1181,1062,689,1034,881,450,1112,2741,2665,820,1048,875,2947,1666,840,816,1034,4794,19,44,417,647,908,282,19225,150,12620,44,618,93,7408,940,10255,8370,8480,30,2947,93,235,2032,5564,83854,1350,4061,2936,1449,751,3332,239,537,982,20437,8286,3677,1692,43,530,164,17,29,703,1330,3671,623,4828,510,502,2041,45644,938,2358,166145,850,8879,1070,5608,11757,3000,336,5073,15650,849,1060,1127,468,421,483,59057,1251,904,1158,840,1207,1382,31691,52,11829,2747,71,34422,9462,28,314,7860,1169,21,7417,837,2351,274,3551,1192,20504,4097,2001,960,1169,406,1201,875,1800,1102,26,1411,40,2357,465,119,208,1585,949,822,1134,44717,2389,10835,7208,1620,721,1352,192,48212,995,19900,3735,15382,1469,363,3616,59,41572,10286,14250,69376,5185,19017,446,381,340,1645,2638,1238,793,2100,8599,1063,35,1294,1095,46,40,4766,4856,32,2352,264,29497,54084,37894,9878,45046,5521,738,90057,119872,17467,52211,91589,103775,283,213,827,698,205,902,1971,386,652,719,7944,0.0,0.0,0.0,0.0,0.0,0.0,0.0,0.0,0.0,0.0,0.0,0.0,0.0,0.0,0.0,0.0,0.0,0.0,0.0,0.0,0.0,0.0,0.0,0.0,0.0,0.0,0.0,0.0,0.0,0.0,0.0,0.0,0.0,0.0,0.0,0.0,0.0,0.0,0.0,0.0,0.0,0.0,0.0,0.0,0.0,0.0,0.0,0.0,0.0,0.0,0.0,0.0,0.0,0.0,0.0,0.0,0.0,0.0,0.0,0.0,0.0,0.0,0.0,0.0,0.0,0.0,0.0,0.0,0.0,0.0,0.0,0.0,0.0,0.0,0.0,0.0,0.0,0.0,0.0,0.0,0.0,0.0,0.0,0.0,0.0,0.0,0.0,0.0,0.0,0.0,0.0,0.0,0.0,0.0,0.0,0.0,0.0,0.0,0.0,0.0,0.0,0.0,0.0,0.0,0.0,0.0,0.0,0.0,0.0,0.0,0.0,0.0,0.0,0.0,0.0,0.0,0.0,0.0,0.0,0.0,0.0,0.0,0.0,0.0,0.0,0.0,0.0,0.0,0.0,0.0,0.0,0.0,0.0,0.0,0.0,0.0,0.0,0.0,0.0,0.0,0.0,0.0,0.0,0.0,0.0,0.0,0.0,0.0,0.0,0.0
ENCFF462NCK,0.17160329654185366,9882,85,829,26170,266,60584,2779,184,104,73,188,1621,861,3643,9304,15350,799,226,2741,1640,35,202,12,23,35,405,186,1693,16290,1190,66,22,194,1227,1191,9,1169,13,1,2696,3292,20,142,19,27,318,2900,14896,19,286,695,888,112,72,1491,40,122,83,63,274,821,575,8702,300,286,70,21,23188,16288,1567,755,461,843,1444,66,838,381,477,567,142,659,761,1059,268,434,2057,7,506,486,9,350,58,13,607,680,16381,54840,2922,56,7970,12413,1469,10554,791,385,1215,375,506,7,876,1998,2071,147,1733,9346,1014,20159,102,553,642,2458,256,33129,795,1680,686,116,561,97,17,7722,3754,96,17027,3744,2760,7778,14,1853,2969,792,1227,25408,341,52,70,21,11,13,683,116,112,3201,1095,118,1627,25399,1824,107,815,451,348,1096,1252,1104,1578,13,36,14,637,9,810,384,437,145,7,9,295,179,719,3621,1989,13053,1222,10231,12421,5459,15618,5853,11170,201,8596,10888,2853,2713,8903,5790,2417,405,22,427,21,411,721,35,15,17,38,1291,70,24527,5209,5897,151,80943,16347,1711,10501,15347,305,182,15757,8395,30198,1460,11763,25,11003,6,91,265,9,206,617,80,2095,848,9,466,478,352,630,309,1463,805,39,68,2388,1570,797,813,996,198,502,494,280,182,160,104,723,2360,675,266,622,1376,1062,6633,43271,153,1385,954,691,507,370,439,600,353,16,2925,327,834,1821,211,810,334,1547,853,648,457,645,34,290,230,1410,1241,513,617,543,942,940,633,397,675,1813,9,15,285,441,173,131,3921,50,2646,7,106,8,2196,209,2125,2100,3296,11,938,24,12,986,987,53329,167,682,1111,395,9,1316,40,109,484,7290,3379,1525,460,16,39,21,5,21,422,670,700,422,1263,418,309,876,40112,114,978,34347,273,2145,621,3520,316,1110,198,34,1140,500,677,692,224,211,81,1176,820,667,743,213,715,798,8622,10,5741,466,18,7710,2377,23,141,1742,382,8,3162,502,243,46,1935,632,16949,1979,143,461,733,345,427,573,297,351,9,264,6,784,43,19,29,31,523,166,418,14522,598,5374,2363,454,279,170,87,7851,25,4029,626,2891,475,48,763,5,11153,2047,3605,14551,1896,11672,95,113,223,553,348,636,494,637,3142,629,6,52,646,11,14,971,1026,7,34,32,8136,14245,12106,3114,10272,1435,840,26135,29757,5339,14693,22947,25541,145,35,445,398,155,576,223,110,67,224,2272,0.0,0.0,0.0,0.0,0.0,0.0,0.0,0.0,0.0,0.0,0.0,0.0,0.0,0.0,0.0,0.0,0.0,0.0,0.0,0.0,0.0,0.0,0.0,0.0,0.0,0.0,0.0,0.0,0.0,0.0,0.0,0.0,0.0,0.0,0.0,0.0,0.0,0.0,0.0,0.0,0.0,0.0,0.0,0.0,0.0,0.0,0.0,0.0,0.0,0.0,0.0,0.0,0.0,0.0,0.0,0.0,0.0,0.0,0.0,0.0,0.0,0.0,0.0,0.0,0.0,0.0,0.0,0.0,0.0,0.0,0.0,0.0,0.0,0.0,0.0,0.0,0.0,0.0,0.0,0.0,0.0,0.0,0.0,0.0,0.0,0.0,0.0,0.0,0.0,0.0,0.0,0.0,0.0,0.0,0.0,0.0,0.0,0.0,0.0,0.0,0.0,0.0,0.0,0.0,0.0,0.0,0.0,0.0,0.0,0.0,0.0,0.0,0.0,0.0,0.0,0.0,0.0,0.0,0.0,0.0,0.0,0.0,0.0,0.0,0.0,0.0,0.0,0.0,0.0,0.0,0.0,0.0,0.0,0.0,0.0,0.0,0.0,0.0,0.0,0.0,0.0,0.0,0.0,0.0,0.0,0.0,0.0,0.0,0.0,0.0
ENCFF000WZP,0.08216098040716276,20105,68,1457,5685,130,23771,4444,64,126,148,294,761,643,1232,1313,4263,1041,322,2741,3081,115,527,59,35,60,441,413,882,7117,2360,185,138,185,381,416,14,867,14,8,3418,6682,53,404,4,42,428,2306,2711,47,174,159,224,292,241,4807,130,254,224,130,536,427,15,1099,96,480,116,15,14491,21395,4919,210,99,438,3898,181,289,92,139,192,32,157,325,2138,63,85,907,7,158,78,94,1023,640,29,667,214,1097,92302,6795,50,17869,23251,921,20088,294,93,3963,1290,1408,12,2416,5147,5322,172,1851,23146,561,9034,89,332,474,5275,158,7071,293,3766,1974,555,1889,288,118,22550,2186,905,4093,1497,10689,17571,66,1519,1565,250,1634,4832,411,180,28,88,27,34,1364,258,318,5342,3408,512,1996,4679,517,315,274,902,655,1218,2757,2536,3598,32,992,62,181,23,338,95,557,550,7,0,90,462,240,9629,4358,25674,727,12111,17318,6000,6831,6025,10251,115,15402,16801,6427,5623,11812,10541,2635,383,114,383,18,71,140,135,45,24,51,1881,61,5739,3006,1314,219,89246,15787,1451,14076,2449,869,333,17382,7873,14733,634,29930,104,30787,39,243,368,46,41,220,276,1025,1248,42,82,139,85,151,71,769,381,157,174,1870,1751,836,2182,171,34,102,127,57,46,32,350,158,1998,264,34,703,771,573,1624,2135,238,704,2367,341,198,161,89,162,54,95,4340,91,143,3134,80,736,55,1659,139,187,68,141,178,76,188,471,486,116,172,106,1302,414,111,111,117,838,10,18,53,83,908,58,9022,137,6782,21,361,169,3519,484,4690,3904,2688,22,1439,91,120,664,2405,12754,411,1247,866,588,15,863,144,268,445,5940,2641,922,1013,75,369,128,12,59,96,1754,1867,244,1915,79,86,308,6424,97,407,74504,213,3244,165,1578,595,913,41,161,1991,97,277,340,78,65,136,2250,338,224,296,268,280,344,14077,77,4155,1230,21,17224,3813,39,158,3092,465,38,2359,128,1993,206,1049,237,4057,481,301,131,314,80,277,145,985,80,15,504,15,899,498,16,114,253,232,156,331,3480,360,1344,1113,224,175,555,149,28186,51,8968,571,7886,919,145,1645,13,17939,3209,5439,23688,577,2870,58,175,58,162,96,311,92,279,3045,272,8,188,177,25,50,2725,2821,15,98,132,14908,18693,11453,3386,20744,2249,188,27339,45805,4703,18860,32774,43685,111,134,110,89,40,141,1334,183,399,375,3376,0.0,0.0,0.0,0.0,0.0,0.0,0.0,0.0,0.0,0.0,0.0,0.0,0.0,0.0,0.0,0.0,0.0,0.0,0.0,0.0,0.0,0.0,0.0,0.0,0.0,0.0,0.0,0.0,0.0,0.0,0.0,0.0,0.0,0.0,0.0,0.0,0.0,0.0,0.0,0.0,0.0,0.0,0.0,0.0,0.0,0.0,0.0,0.0,0.0,0.0,0.0,0.0,0.0,0.0,0.0,0.0,0.0,0.0,0.0,0.0,0.0,0.0,0.0,0.0,0.0,0.0,0.0,0.0,0.0,0.0,0.0,0.0,0.0,0.0,0.0,0.0,0.0,0.0,0.0,0.0,0.0,0.0,0.0,0.0,0.0,0.0,0.0,0.0,0.0,0.0,0.0,0.0,0.0,0.0,0.0,0.0,0.0,0.0,0.0,0.0,0.0,0.0,0.0,0.0,0.0,0.0,0.0,0.0,0.0,0.0,0.0,0.0,0.0,0.0,0.0,0.0,0.0,0.0,0.0,0.0,0.0,0.0,0.0,0.0,0.0,0.0,0.0,0.0,0.0,0.0,0.0,0.0,0.0,0.0,0.0,0.0,0.0,0.0,0.0,0.0,0.0,0.0,0.0,0.0,0.0,0.0,0.0,0.0,0.0,0.0
ENCFF159OVJ,0.13328042098346557,2476068,6746,23786,172647,1930,214920,25784,1274,1528,1003,2294,14523,13654,34995,66678,70555,12895,1596,23917,21799,500,2313,355,305,238,4531,192465,15041,105544,12888,886,12798,2762,8085,7601,6288,8003,129,202,32071,38388,296,2674,283,2745,2219,23846,116485,33208,1819,5230,6662,1499,1410,22264,625,1181,1655,557,2294,6732,3342,58573,1834,2572,51820,327,226233,198002,22961,4960,3284,46610,17657,918,5582,2255,3609,4089,1139,4561,4886,12804,1897,2464,17176,78,4017,2222,78,3977,874,145,6340,6629,105546,656198,36617,601,99140,148126,11017,128735,5718,2788,18459,6466,7255,99,10104,25791,24721,874,20085,115303,9438,97086,1358,6173,8043,32938,2432,140044,6459,23264,10673,3233,8631,1533,401,93318,42964,120581,107840,33505,41332,89490,39210,20002,14960,5463,29088,200511,2549,28999,478,399,146,188,7197,731,2615,40270,15484,2307,18809,175795,16994,1491,5008,3729,3411,12004,16182,13803,19298,307,501,175,4640,97,8642,2709,6314,3913,5332,136,14579,2634,4402,55809,23964,218338,9316,111239,119957,63260,133701,56633,118773,795,105745,126894,41798,31376,91115,66939,29091,3830,41683,3908,930,2691,4092,578,291,161,186,16590,1337,184942,55576,36139,1539,1314759,165747,32312,110580,109205,4005,2216,177722,91460,277388,12659,154879,853,141115,171,1341,3115,709,1238,4183,1055,16805,8296,139,2882,4399,2775,4242,1834,10448,6452,1601,929,18981,12019,7969,11357,5711,1746,2810,3486,1576,1539,1182,1854,5382,25601,6179,1635,7562,10860,9890,64407,258525,127253,9771,11762,5550,4006,2896,2904,4338,2599,733,27347,1949,3716,18587,1489,6374,1619,17390,5091,4622,2800,4288,1634,2084,8044,11050,10957,3638,4332,3291,8503,6338,3494,3557,4614,19027,97,152,1683,2732,1797,1495,48982,564,33193,77,1668,606,22635,2555,25303,26013,31427,85,10388,394,576,8317,13290,337257,12020,18134,9293,4279,11544,13610,629,561,2603,69252,29076,13399,4240,151,1067,464,42,116,3164,6230,9574,2577,14781,2310,2037,7442,231844,9528,9582,441364,3157,20111,4722,24155,201134,11783,1315,87085,230063,3850,4279,4489,1606,1865,3517,1022931,5226,3999,4658,2186,5338,5717,93916,250,42783,8487,110,93794,25632,208,837,24673,2678,155,27143,3569,5102,952,13224,4812,114270,17556,26860,3992,4715,1848,5127,3891,4385,3552,160,4097,97,7457,978,256,486,24019,1336,2419,4007,110262,5247,48275,22778,4186,2166,3116,902,114331,19081,56659,44106,41300,4181,1745,10198,141,132261,24710,41876,183450,21038,78098,4696,1246,1517,16551,6114,4847,3403,6843,35520,4348,183,20536,4892,104,147,13103,12434,56,42655,698,83762,176844,133841,34173,129555,16064,4248,267632,365309,60827,174569,269717,299737,802,589,3663,3144,862,4151,5321,1098,1513,2660,27276,0.0,0.0,0.0,0.0,0.0,0.0,0.0,0.0,0.0,0.0,0.0,0.0,0.0,0.0,0.0,0.0,0.0,0.0,0.0,0.0,0.0,0.0,0.0,0.0,0.0,0.0,0.0,0.0,0.0,0.0,0.0,0.0,0.0,0.0,0.0,0.0,0.0,0.0,0.0,0.0,0.0,0.0,0.0,0.0,0.0,0.0,0.0,0.0,0.0,0.0,0.0,0.0,0.0,0.0,0.0,0.0,0.0,0.0,0.0,0.0,0.0,0.0,0.0,0.0,0.0,0.0,0.0,0.0,0.0,0.0,0.0,0.0,0.0,0.0,0.0,0.0,0.0,0.0,0.0,0.0,0.0,0.0,0.0,0.0,0.0,0.0,0.0,0.0,0.0,0.0,0.0,0.0,0.0,0.0,0.0,0.0,0.0,0.0,0.0,0.0,0.0,0.0,0.0,0.0,0.0,0.0,0.0,0.0,0.0,0.0,0.0,0.0,0.0,0.0,0.0,0.0,0.0,0.0,0.0,0.0,0.0,0.0,0.0,0.0,0.0,0.0,0.0,0.0,0.0,0.0,0.0,0.0,0.0,0.0,0.0,0.0,0.0,0.0,0.0,0.0,0.0,0.0,0.0,0.0,0.0,0.0,0.0,0.0,0.0,0.0
ENCFF805WZL,0.14572792580706487,69931,319,3284,71399,668,186117,7887,545,241,275,508,5366,1997,10413,37437,35494,2243,768,6631,5614,101,618,68,65,53,1759,4849,5258,31174,3780,171,78,670,3488,3146,66,3094,13,11,8162,10088,68,393,103,70,1111,9032,38265,344,966,2362,2549,350,202,4761,125,381,205,118,748,2361,873,22234,3284,651,1360,71,60571,48677,5172,2222,1312,3042,4395,207,2419,1130,1385,1503,468,2194,2186,3352,842,1409,6598,15,1607,1359,32,1011,140,21,1324,1942,24992,166281,9458,160,25070,38158,4224,33233,2236,1299,3811,1243,1630,26,2890,7135,6989,190,5545,31749,2264,44739,258,1259,1627,7426,558,82118,2361,6009,2323,320,2016,166,56,25276,9145,1971,40127,9298,8733,25581,217,6391,7038,2259,4122,71490,559,432,168,80,34,31,2042,402,359,10945,3515,321,4683,70597,5149,299,2300,860,887,2913,3775,3435,4992,63,88,56,2005,28,2536,1125,1072,295,10,23,974,530,2118,11964,6149,41054,3705,27704,36882,17359,39246,19140,36343,295,26711,34083,9326,9114,25966,18168,5969,1226,585,895,66,1314,2071,116,43,46,45,4413,98,61493,14152,10610,288,228727,46754,4830,32227,37254,990,478,44991,23096,79487,3293,37729,152,33907,27,291,757,20,562,1648,318,6660,2719,30,1404,1383,1229,1825,906,4261,2432,184,191,7728,4538,2382,2524,2955,721,1503,1495,838,612,484,295,2467,6257,1675,676,1985,4097,3349,19256,48921,4121,4161,3615,2002,1511,1273,1196,1846,1007,69,8019,993,2539,5611,620,2403,979,5102,2585,1819,1507,1817,148,902,764,4468,3773,1594,1671,1460,2933,2725,2063,1355,2005,5770,26,44,762,1480,490,392,12976,86,8316,22,318,60,6608,625,6987,7094,9876,41,2872,74,51,2352,3058,104907,757,1979,3457,1262,235,3870,85,253,1488,22361,9023,5059,1398,16,123,65,33,63,1169,1591,2127,1219,4151,1190,885,2688,95487,490,2934,110939,848,6752,1826,10446,5814,3655,585,1119,6092,1465,1878,1861,764,666,221,26442,2491,1822,2042,847,2090,2261,26395,30,18213,1398,38,25733,7220,53,410,6210,962,57,10674,1334,709,139,5698,1818,35051,4514,994,1356,1976,1067,1505,1714,987,1283,24,818,33,2592,105,37,76,462,292,272,925,49330,1483,14440,6089,1046,756,639,183,25601,157,13560,2305,9579,1298,123,2576,14,40461,7145,12139,50180,2185,41640,298,523,704,1800,903,1693,1434,2048,7715,1863,24,254,2127,38,46,2915,3075,46,375,162,25660,43296,35442,8567,32017,4769,1771,84372,92925,15859,44024,73530,78205,286,121,1251,1210,430,1702,633,374,218,720,7620,0.0,0.0,0.0,0.0,0.0,0.0,0.0,0.0,0.0,0.0,0.0,0.0,0.0,0.0,0.0,0.0,0.0,0.0,0.0,0.0,0.0,0.0,0.0,0.0,0.0,0.0,0.0,0.0,0.0,0.0,0.0,0.0,0.0,0.0,0.0,0.0,0.0,0.0,0.0,0.0,0.0,0.0,0.0,0.0,0.0,0.0,0.0,0.0,0.0,0.0,0.0,0.0,0.0,0.0,0.0,0.0,0.0,0.0,0.0,0.0,0.0,0.0,0.0,0.0,0.0,0.0,0.0,0.0,0.0,0.0,0.0,0.0,0.0,0.0,0.0,0.0,0.0,0.0,0.0,0.0,0.0,0.0,0.0,0.0,0.0,0.0,0.0,0.0,0.0,0.0,0.0,0.0,0.0,0.0,0.0,0.0,0.0,0.0,0.0,0.0,0.0,0.0,0.0,0.0,0.0,0.0,0.0,0.0,0.0,0.0,0.0,0.0,0.0,0.0,0.0,0.0,0.0,0.0,0.0,0.0,0.0,0.0,0.0,0.0,0.0,0.0,0.0,0.0,0.0,0.0,0.0,0.0,0.0,0.0,0.0,0.0,0.0,0.0,0.0,0.0,0.0,0.0,0.0,0.0,0.0,0.0,0.0,0.0,0.0,0.0
ENCFF554MGZ,0.1506507880072713,43784,298,3298,74517,817,173921,10445,572,537,344,655,5766,3381,11668,28393,46933,2970,936,7502,6331,149,918,76,66,61,1897,1217,5931,47352,4733,245,111,812,4101,3655,43,3632,31,7,11236,13680,124,630,75,59,1000,10420,48673,134,1006,2664,2994,412,287,6877,139,466,315,161,928,2728,1334,25527,1041,547,309,144,71991,61574,7089,2436,1423,3274,6143,334,2683,1327,1512,1858,546,2355,2216,4189,861,1530,7780,22,1713,1494,18,1227,211,37,2037,2124,45973,213408,11819,138,31633,48399,4716,41590,2489,1294,5378,1680,1912,19,3765,8328,8746,262,6830,40105,3210,58236,288,1723,2069,9863,782,90615,2573,7279,2992,440,2783,400,56,34146,13204,626,47559,12231,12849,32502,77,7406,7961,2369,5045,79195,792,236,285,127,40,42,2545,413,457,12261,4632,577,5944,73416,5659,467,2504,1095,865,3737,4977,4398,6656,27,130,42,2154,32,2967,1280,864,41876,27,14,1063,768,2240,15517,7782,51822,4028,37771,41228,19371,52057,21577,42852,613,35472,44033,12283,11109,33765,22489,7139,1492,136,1140,66,1360,2222,157,30,41,98,5330,262,77521,16873,18201,463,258612,54457,5641,34407,45971,1209,660,51469,26114,92667,4563,46882,159,45324,27,447,1227,132,644,1872,307,7587,3626,39,1589,1638,1313,2044,1002,4971,2673,287,258,9046,5217,2962,3637,3328,750,1733,1661,865,719,538,459,2627,7244,1981,792,2304,4529,3774,22260,38141,988,4622,4029,2458,1671,1356,1285,1976,1133,111,9217,1157,2938,7015,683,2808,1174,6539,2802,2170,1648,1994,328,1087,897,5101,4135,1776,1859,1693,3571,3165,2486,1468,2400,7400,44,51,965,1566,608,582,16823,166,10323,36,329,78,8588,877,8962,8724,11908,33,3937,86,94,2564,4471,160648,652,2502,3898,1509,53,4511,110,314,1728,27042,10674,4836,1763,21,146,67,13,55,1370,2104,3211,1238,4892,1292,1032,2961,116181,473,3530,141037,899,8088,2003,12494,1615,4559,605,323,4603,1705,2096,2202,772,731,323,7286,2713,1979,2097,790,2277,2533,32627,23,21544,2030,37,32585,9387,57,481,6718,1151,43,12181,1585,1231,167,6372,2041,47661,6389,659,1520,2263,1081,1788,1862,1413,1157,28,1110,26,3278,204,70,86,204,625,573,1248,44070,1918,16763,6926,1262,933,695,255,34970,126,17892,2281,12979,1569,192,3310,30,44544,8581,14770,58940,1799,33709,313,373,865,2006,1006,1928,1583,2268,10435,1936,28,218,2270,27,34,3758,4106,26,157,121,31554,50899,42769,10642,40128,5783,1415,99421,113429,18426,50660,88842,99139,493,132,1367,1357,502,1831,919,400,216,962,9132,0.0,0.0,0.0,0.0,0.0,0.0,0.0,0.0,0.0,0.0,0.0,0.0,0.0,0.0,0.0,0.0,0.0,0.0,0.0,0.0,0.0,0.0,0.0,0.0,0.0,0.0,0.0,0.0,0.0,0.0,0.0,0.0,0.0,0.0,0.0,0.0,0.0,0.0,0.0,0.0,0.0,0.0,0.0,0.0,0.0,0.0,0.0,0.0,0.0,0.0,0.0,0.0,0.0,0.0,0.0,0.0,0.0,0.0,0.0,0.0,0.0,0.0,0.0,0.0,0.0,0.0,0.0,0.0,0.0,0.0,0.0,0.0,0.0,0.0,0.0,0.0,0.0,0.0,0.0,0.0,0.0,0.0,0.0,0.0,0.0,0.0,0.0,0.0,0.0,0.0,0.0,0.0,0.0,0.0,0.0,0.0,0.0,0.0,0.0,0.0,0.0,0.0,0.0,0.0,0.0,0.0,0.0,0.0,0.0,0.0,0.0,0.0,0.0,0.0,0.0,0.0,0.0,0.0,0.0,0.0,0.0,0.0,0.0,0.0,0.0,0.0,0.0,0.0,0.0,0.0,0.0,0.0,0.0,0.0,0.0,0.0,0.0,0.0,0.0,0.0,0.0,0.0,0.0,0.0,0.0,0.0,0.0,0.0,0.0,0.0
ENCFF011ZDE,0.15109446371743818,68035,323,3368,74156,603,211679,13768,914,319,417,997,5637,1706,7427,43125,27099,2925,1089,7812,8395,329,1125,108,130,116,1975,2547,6021,32571,6893,258,84,696,4187,3619,35,3358,29,12,11365,15275,51,541,42,53,1056,11041,30838,221,1465,1889,2987,577,606,9480,145,639,927,474,1298,2804,441,16511,464,252,732,99,58555,73286,8509,2415,1520,3605,8309,362,2660,1523,1606,1850,455,2297,2483,4922,1169,1463,7050,18,1754,1698,22,1403,500,42,1715,1526,28953,242527,14156,207,38942,56334,4375,47377,2576,1499,6416,2008,2379,36,5430,11470,13147,230,8520,51149,2086,44528,243,1195,1608,9951,524,70346,2399,9580,3736,489,3626,259,90,44658,7269,1144,22556,7914,19767,40337,117,7258,8231,2385,5559,73532,444,367,120,190,29,37,3250,648,474,16982,6241,597,6081,73046,4711,496,2661,1876,1071,4179,9258,10972,9495,150,192,53,2083,30,2628,1312,2267,1184,17,25,867,817,2515,17737,9071,64461,4641,32001,49969,20994,44333,22113,42678,242,36594,45752,16623,13437,37948,26799,8119,1652,329,1151,61,1055,2216,275,138,22,2387,6440,127,53026,16989,6172,473,290064,61084,6364,39160,27826,1801,861,53318,28060,81510,5367,70368,246,74093,243,521,1463,49,774,1969,379,7746,3861,53,1600,1634,1211,2004,1170,5075,2769,335,546,9548,5378,3846,4555,3057,545,1909,1354,840,782,572,495,2405,6775,2109,796,2723,5054,3664,13007,43959,2342,4934,4973,2432,1378,1111,1315,1931,1003,70,12798,1420,3064,7890,767,3126,1425,6158,2656,2012,1295,2043,450,1104,744,5004,4018,1620,1841,1821,4384,3165,2116,1438,1937,6526,26,68,1002,1792,1826,400,24015,370,14204,26,480,142,9604,1990,11397,11035,14070,26,4072,127,104,2238,5600,101785,918,2942,4084,1783,93,4433,94,468,2407,25840,11652,6125,2200,148,2309,96,18,265,1251,2648,3744,1160,6171,1417,1446,2109,90633,599,3639,169348,772,9393,1808,10973,3203,4022,814,439,5923,1735,2286,2360,1114,753,317,15385,2804,2000,2312,877,2235,2548,36059,26,21185,2606,49,43310,12106,89,652,10341,1796,630,12440,1629,2806,498,6847,2199,24850,3478,802,1784,2216,1649,1395,1892,1882,981,56,1347,52,3881,238,884,223,331,977,312,780,57829,1551,13915,6556,1085,1071,1585,289,51870,146,19981,2542,17230,2047,154,4056,33,46180,8877,15039,62456,2938,19947,219,463,1153,2268,1199,1924,1555,2094,11103,2088,24,223,2279,44,74,5032,5384,9,280,379,36462,50916,40439,10273,45777,5767,828,92204,114431,18224,51683,91394,106596,250,135,1367,1447,774,1711,1560,646,619,1150,10563,0.0,0.0,0.0,0.0,0.0,0.0,0.0,0.0,0.0,0.0,0.0,0.0,0.0,0.0,0.0,0.0,0.0,0.0,0.0,0.0,0.0,0.0,0.0,0.0,0.0,0.0,0.0,0.0,0.0,0.0,0.0,0.0,0.0,0.0,0.0,0.0,0.0,0.0,0.0,0.0,0.0,0.0,0.0,0.0,0.0,0.0,0.0,0.0,0.0,0.0,0.0,0.0,0.0,0.0,0.0,0.0,0.0,0.0,0.0,0.0,0.0,0.0,0.0,0.0,0.0,0.0,0.0,0.0,0.0,0.0,0.0,0.0,0.0,0.0,0.0,0.0,0.0,0.0,0.0,0.0,0.0,0.0,0.0,0.0,0.0,0.0,0.0,0.0,0.0,0.0,0.0,0.0,0.0,0.0,0.0,0.0,0.0,0.0,0.0,0.0,0.0,0.0,0.0,0.0,0.0,0.0,0.0,0.0,0.0,0.0,0.0,0.0,0.0,0.0,0.0,0.0,0.0,0.0,0.0,0.0,0.0,0.0,0.0,0.0,0.0,0.0,0.0,0.0,0.0,0.0,0.0,0.0,0.0,0.0,0.0,0.0,0.0,0.0,0.0,0.0,0.0,0.0,0.0,0.0,0.0,0.0,0.0,0.0,0.0,0.0
ENCFF800DGE,0.15601086822233656,104109,181,2063,36222,388,119879,5389,291,166,155,291,2682,1393,3899,16706,23687,1341,515,4323,3493,103,450,33,58,45,1179,8535,2873,21408,2607,95,88,414,1887,1670,38,1913,19,0,5136,6989,41,328,28,43,580,5217,19341,851,588,1228,1404,243,174,3446,50,252,139,116,567,1314,359,12357,1741,329,2627,25,33774,32993,3578,1171,737,1715,3157,181,1275,589,811,897,263,1136,1070,1992,382,745,3628,17,802,700,12,670,112,31,890,916,16468,109869,5853,111,16024,25130,2437,21126,1150,658,2933,974,1213,22,2114,4703,4987,56,3154,22352,1286,30589,104,709,1009,4727,300,51665,1172,4194,1617,267,1425,172,49,18368,4777,3343,19586,4680,7841,16971,322,3638,4623,1089,2676,38014,430,730,113,71,27,21,1354,288,207,6548,2246,216,2436,34805,2173,206,1204,535,450,1791,2415,2440,3467,16,93,27,1070,27,1429,639,654,224,9,11,436,407,1083,8182,4220,28619,1963,17270,25250,10071,28339,11238,20575,191,17792,22137,6842,5869,16762,11711,3463,698,1028,459,25,689,1120,77,18,20,32,2721,105,47264,7721,5699,214,141217,26860,3542,18764,19997,761,279,25783,12231,41724,1521,24801,98,22756,4,230,391,12,331,897,162,3661,1852,32,744,802,611,1028,482,2360,1369,115,144,4419,2626,1484,1772,1573,401,771,809,461,327,245,188,1300,3529,834,395,1123,2102,1770,9220,29550,6611,2184,2092,1082,850,685,640,993,558,42,5165,515,1457,3646,321,1416,526,2965,1344,970,818,990,126,442,477,2570,1941,818,959,759,1853,1505,1085,724,1165,3199,25,18,424,755,342,338,9949,101,5924,18,220,57,4300,532,4828,4500,5703,33,2052,70,56,1816,2178,63042,858,1284,1945,742,262,1980,100,394,1050,13840,5658,2419,1012,45,158,60,7,28,627,982,1374,663,2382,689,479,1394,49316,580,1593,69203,489,4327,1062,5808,9665,2050,301,1916,6115,787,1041,1073,328,345,151,50864,1369,983,1057,420,1131,1197,17222,29,10339,981,50,17541,4621,14,252,3997,702,37,5949,729,772,103,3162,1027,22155,1921,1359,681,1096,605,843,874,843,562,14,605,19,1555,113,52,73,620,337,206,621,29391,919,6692,3391,607,450,476,171,19442,168,9955,1566,6643,877,102,1707,5,21741,3948,7175,28154,1119,19457,151,128,428,1006,508,888,756,1098,5495,978,8,368,1102,23,31,2108,2214,36,724,77,16672,26522,21073,5283,21001,3025,439,54981,59006,8955,26760,46290,51014,171,68,728,637,253,858,529,188,154,500,4718,0.0,0.0,0.0,0.0,0.0,0.0,0.0,0.0,0.0,0.0,0.0,0.0,0.0,0.0,0.0,0.0,0.0,0.0,0.0,0.0,0.0,0.0,0.0,0.0,0.0,0.0,0.0,0.0,0.0,0.0,0.0,0.0,0.0,0.0,0.0,0.0,0.0,0.0,0.0,0.0,0.0,0.0,0.0,0.0,0.0,0.0,0.0,0.0,0.0,0.0,0.0,0.0,0.0,0.0,0.0,0.0,0.0,0.0,0.0,0.0,0.0,0.0,0.0,0.0,0.0,0.0,0.0,0.0,0.0,0.0,0.0,0.0,0.0,0.0,0.0,0.0,0.0,0.0,0.0,0.0,0.0,0.0,0.0,0.0,0.0,0.0,0.0,0.0,0.0,0.0,0.0,0.0,0.0,0.0,0.0,0.0,0.0,0.0,0.0,0.0,0.0,0.0,0.0,0.0,0.0,0.0,0.0,0.0,0.0,0.0,0.0,0.0,0.0,0.0,0.0,0.0,0.0,0.0,0.0,0.0,0.0,0.0,0.0,0.0,0.0,0.0,0.0,0.0,0.0,0.0,0.0,0.0,0.0,0.0,0.0,0.0,0.0,0.0,0.0,0.0,0.0,0.0,0.0,0.0,0.0,0.0,0.0,0.0,0.0,0.0
ENCFF058JPN,0.11064787428017998,7311487,183973,14578,517,1,14226,5918,87,100,78,16098,402,416,324,43,10,2261,857,3667,3809,104,495,244,146,11,443,221037,962,112,2681,598,2338,494,463,353,44,630,0,0,23707,7328,6,111,20,6674,121,2026,18,28270,385,263,294,161,663,447439,27,148,47,2,1649,347,0,7,1,9,24666,1,34507,560494,43868,379,173,8118,10087,99,329,133,133,169,53,307,305,2103,88,85,863,87,204,299,7,2372,2,0,1117,93,23,293810,11389,115,234808,30425,425,27235,322,112,4462,1615,1152,0,179148,93274,23481,689,8215,123762,73,4646,0,0,127,4249,0,83,413,9741,3018,211,1825,87,0,22437,824,103249,65,511,13806,114605,29376,8938,594,213,12471,694,5,63608,0,23,88,10,1216,328,159,10517,3588,310,1339,531,201,531,308,701,289,1187,1275,1557,90448,104,9,4,222,0,296,97,2137,496,0,0,435,128,260,26042,5345,76556,1203,15804,20100,9528,3925,12817,14954,35,41046,41026,23391,13396,62806,759514,5533,403,1666,17,7,82,312,100,0,26,5,5041,4,14129,5071,4,2,9578793,13564,19834,31593,532,894,1977,16016,10691,9656,299,54046,6,40981,114,53,2570,0,92,307,394,2397,2171,23,164,220,114,300,121,658,253,7007,51,3675,3052,1023,13623,324,56,307,148,95,58,82,2934,221,3105,384,95,444,978,326,876,231,444972,919,36900,722,122,105,132,168,76,915,14669,198,372,3139,82,727,102,1696,282,565,125,162,128,126,384,627,350,175,213,152,3239,1821,230,92,157,746,209,28,105,155,229,2,27525,8,19097,22,149,0,2749,340,19785,12539,3427,0,1734,26,21,49,2349,38707,7203,2553,34484,959,28,589,11,83,1239,9243,2390,953,797,63,1436,1,0,1,129,0,1477,104,920,185,108,248,122,12206,561,96036,13438,7898,192,2753,208321,715,113,38145,143551,117,304,262,93,88,63,2949374,449,239,290,264,191,657,17370,16,4990,6274,0,148712,18313,0,297,2412,2144,2,2021,186,355,193,1712,209,274,94,70552,211,201,170,221,188,1771,55,0,2067,0,935,465,199,32,27210,926,12,92,1616,4,837,379,34,274,680,20,82645,20021,18331,441,6573,784,4,2532,0,39572,3816,4664,135373,219,403,36,0,109,292,56694,173,160,329,270,197,0,1548,368,0,0,9239,2368,3,28282,57,16919,21808,29928,2530,20448,7424,170,24520,85994,6755,14323,67891,109499,67,206,160,126,149,120,675,139,1711,224,5925,0.0,0.0,0.0,0.0,0.0,0.0,0.0,0.0,0.0,0.0,0.0,0.0,0.0,0.0,0.0,0.0,0.0,0.0,0.0,0.0,0.0,0.0,0.0,0.0,0.0,0.0,0.0,0.0,0.0,0.0,0.0,0.0,0.0,0.0,0.0,0.0,0.0,0.0,0.0,0.0,0.0,0.0,0.0,0.0,0.0,0.0,0.0,0.0,0.0,0.0,0.0,0.0,0.0,0.0,0.0,0.0,0.0,0.0,0.0,0.0,0.0,0.0,0.0,0.0,0.0,0.0,0.0,0.0,0.0,0.0,0.0,0.0,0.0,0.0,0.0,0.0,0.0,0.0,0.0,0.0,0.0,0.0,0.0,0.0,0.0,0.0,0.0,0.0,0.0,0.0,0.0,0.0,0.0,0.0,0.0,0.0,0.0,0.0,0.0,0.0,0.0,0.0,0.0,0.0,0.0,0.0,0.0,0.0,0.0,0.0,0.0,0.0,0.0,0.0,0.0,0.0,0.0,0.0,0.0,0.0,0.0,0.0,0.0,0.0,0.0,0.0,0.0,0.0,0.0,0.0,0.0,0.0,0.0,0.0,0.0,0.0,0.0,0.0,0.0,0.0,0.0,0.0,0.0,0.0,0.0,0.0,0.0,0.0,0.0,0.0
ENCFF000WEZ,0.06689756406163677,3236,17,177,1260,28,3189,296,22,11,5,113,219,157,305,683,976,174,17,202,273,8,35,4,2,3,30,222,143,1066,187,11,18,33,91,56,7,66,0,15,577,452,2,28,3,2,27,229,840,31,123,49,53,26,19,348,8,10,19,6,49,105,18,434,14,55,57,31,1856,1929,320,50,23,58,314,11,45,26,33,26,11,43,53,203,24,28,120,4,33,18,0,51,48,1,72,52,640,7031,466,5,1240,1785,90,1639,172,24,202,54,63,0,100,317,283,2,205,1365,121,1250,17,106,69,371,39,1500,51,253,136,35,137,17,4,1463,551,128,894,312,643,1129,29,304,121,51,182,1476,21,14,6,7,2,0,93,14,90,396,206,23,169,1296,162,15,50,43,47,111,180,150,279,2,6,5,46,2,70,35,312,3444,2,0,39,45,19,660,310,1888,91,1145,1559,549,1363,514,1072,9,1195,1407,443,441,1073,757,312,49,24,25,6,21,29,13,1,1,2,177,17,1681,477,384,6,9744,1537,156,1207,798,49,44,1631,671,2208,194,1818,5,1867,2,18,194,155,9,28,9,124,100,3,20,48,17,32,16,103,55,12,14,200,124,89,138,49,14,30,28,17,19,9,26,51,189,51,12,109,111,75,457,1064,113,94,192,67,27,16,15,23,19,11,336,24,38,207,14,57,19,141,37,42,33,32,20,11,27,94,85,34,39,29,113,58,25,27,31,152,1,1,18,25,19,5,567,4,386,0,26,2,279,32,282,301,308,3,96,5,6,47,208,2523,32,91,100,40,4,111,9,31,39,610,299,297,55,3,6,3,0,8,19,55,137,31,165,17,20,71,1733,20,73,5317,27,238,46,197,195,92,15,79,302,27,37,40,24,15,18,865,53,62,36,12,60,48,991,3,444,94,2,1157,479,2,15,272,34,2,258,24,63,10,125,45,546,133,62,38,37,18,57,25,57,24,0,60,0,101,5,3,10,38,10,22,31,1081,86,364,212,60,22,53,6,1695,26,596,117,578,61,19,137,5,1279,247,392,1669,103,590,14,9,11,40,24,52,20,67,284,38,3,35,57,1,3,220,175,0,27,6,1064,1743,1278,276,1508,210,11,2744,3943,610,1719,3142,3494,12,11,40,35,16,32,57,13,25,22,264,0.0,0.0,0.0,0.0,0.0,0.0,0.0,0.0,0.0,0.0,0.0,0.0,0.0,0.0,0.0,0.0,0.0,0.0,0.0,0.0,0.0,0.0,0.0,0.0,0.0,0.0,0.0,0.0,0.0,0.0,0.0,0.0,0.0,0.0,0.0,0.0,0.0,0.0,0.0,0.0,0.0,0.0,0.0,0.0,0.0,0.0,0.0,0.0,0.0,0.0,0.0,0.0,0.0,0.0,0.0,0.0,0.0,0.0,0.0,0.0,0.0,0.0,0.0,0.0,0.0,0.0,0.0,0.0,0.0,0.0,0.0,0.0,0.0,0.0,0.0,0.0,0.0,0.0,0.0,0.0,0.0,0.0,0.0,0.0,0.0,0.0,0.0,0.0,0.0,0.0,0.0,0.0,0.0,0.0,0.0,0.0,0.0,0.0,0.0,0.0,0.0,0.0,0.0,0.0,0.0,0.0,0.0,0.0,0.0,0.0,0.0,0.0,0.0,0.0,0.0,0.0,0.0,0.0,0.0,0.0,0.0,0.0,0.0,0.0,0.0,0.0,0.0,0.0,0.0,0.0,0.0,0.0,0.0,0.0,0.0,0.0,0.0,0.0,0.0,0.0,0.0,0.0,0.0,0.0,0.0,0.0,0.0,0.0,0.0,0.0
ENCFF381EMJ,0.14010000674273945,70021,98,2827,36296,562,123466,11067,535,576,320,798,5285,3102,6006,15626,28536,2563,1574,5464,6241,138,937,70,239,188,1769,3134,4498,19022,4714,195,58,630,3227,3102,29,3367,74,6,8606,12088,203,446,158,26,835,8566,21061,263,1403,2241,2314,263,527,6562,130,513,429,500,1905,2786,304,8263,276,362,867,187,37706,56297,6462,1934,1168,3013,6978,68,2260,1037,1192,1397,417,1965,2181,3012,703,1211,5857,72,1355,1247,39,1427,885,101,2683,870,7939,170058,9291,244,26825,42127,4718,36634,2291,1263,5053,2002,2664,94,4260,7931,9588,577,5810,40973,1811,52070,206,1107,1182,7893,501,83798,2041,6540,2727,659,2625,214,241,35895,7024,1300,16366,7773,13366,33477,99,6421,5163,1867,4338,37599,629,371,142,142,83,32,2351,669,700,11679,4611,470,4268,34161,2335,465,2411,4022,3149,3231,5268,6111,7231,109,248,63,1590,85,1952,935,763,323,8,17,746,520,1992,13090,6947,43772,3494,23358,36017,13678,25894,16972,30624,297,28601,36070,10320,10589,27529,19964,4808,1304,200,409,34,1233,2061,186,97,47,57,4476,353,37162,8580,11076,520,161524,35016,4222,23819,14735,1599,681,35347,16074,43158,2963,47598,151,47194,132,304,903,132,554,1501,265,6036,2704,65,1233,1091,1147,1653,953,3962,2006,147,263,6878,4825,2313,3462,2837,614,1636,1351,739,457,386,327,1830,5056,1094,596,1699,3895,2703,8117,34100,3132,3843,3929,1821,1446,1107,1035,1461,946,53,9297,931,2520,6436,552,2344,888,5373,3043,1751,1818,1632,179,704,639,4193,2983,1695,1312,1263,3020,2703,1659,1007,1867,4234,30,18,668,1318,885,357,15204,387,10246,51,298,112,6558,828,8488,7614,8628,109,3284,487,148,1534,3672,79879,640,2150,3468,1284,32,3126,188,1580,1904,23140,6721,5488,1961,169,383,446,26,325,1085,983,2352,1376,5142,1062,753,1753,67176,264,2749,127952,632,7440,1741,9577,3642,2941,497,412,4518,1288,1741,1907,535,472,117,32315,2627,1681,1752,541,1764,1934,29401,249,18586,1617,117,33265,9346,33,586,6492,1201,267,9517,1247,1199,367,5670,1551,28645,1650,761,1227,1813,1035,1194,1524,1564,889,83,1558,110,2944,395,320,167,245,539,258,929,26138,1090,7654,4024,725,1018,1341,503,36706,212,12579,1753,11633,2595,92,2956,14,40119,7151,11355,46879,1698,19018,172,418,687,1737,927,1617,1386,1672,5196,1523,20,149,1665,56,111,3507,3679,31,218,182,30196,33902,27046,6883,33680,5296,803,62119,86831,12474,34322,68172,82389,308,90,1162,1102,486,1545,894,735,390,926,7771,0.0,0.0,0.0,0.0,0.0,0.0,0.0,0.0,0.0,0.0,0.0,0.0,0.0,0.0,0.0,0.0,0.0,0.0,0.0,0.0,0.0,0.0,0.0,0.0,0.0,0.0,0.0,0.0,0.0,0.0,0.0,0.0,0.0,0.0,0.0,0.0,0.0,0.0,0.0,0.0,0.0,0.0,0.0,0.0,0.0,0.0,0.0,0.0,0.0,0.0,0.0,0.0,0.0,0.0,0.0,0.0,0.0,0.0,0.0,0.0,0.0,0.0,0.0,0.0,0.0,0.0,0.0,0.0,0.0,0.0,0.0,0.0,0.0,0.0,0.0,0.0,0.0,0.0,0.0,0.0,0.0,0.0,0.0,0.0,0.0,0.0,0.0,0.0,0.0,0.0,0.0,0.0,0.0,0.0,0.0,0.0,0.0,0.0,0.0,0.0,0.0,0.0,0.0,0.0,0.0,0.0,0.0,0.0,0.0,0.0,0.0,0.0,0.0,0.0,0.0,0.0,0.0,0.0,0.0,0.0,0.0,0.0,0.0,0.0,0.0,0.0,0.0,0.0,0.0,0.0,0.0,0.0,0.0,0.0,0.0,0.0,0.0,0.0,0.0,0.0,0.0,0.0,0.0,0.0,0.0,0.0,0.0,0.0,0.0,0.0
ENCFF000CTU,0.12173651074849812,14456,113,1895,20355,398,51870,2783,90,254,119,268,1560,2265,4569,6903,17262,1936,269,2207,2959,111,366,50,15,22,343,30,1243,10566,2095,131,60,180,1623,583,9,903,10,12,3948,5769,77,513,10,20,268,2247,11443,7,233,342,501,230,174,4781,72,162,201,48,364,671,184,6143,133,247,9,45,23349,30934,4762,389,556,395,3338,82,445,175,270,500,60,304,415,2918,176,186,1262,13,281,161,6,632,50,7,1960,417,9335,99101,6197,42,17485,21124,923,22598,5320,174,2927,938,769,2,1585,4533,4133,130,1930,17225,1381,18037,323,1332,1170,5204,560,21904,530,2833,1247,342,1546,200,116,17071,10116,22,13547,4115,6471,15565,19,1870,1449,422,1681,20056,193,97,49,67,17,17,1005,164,314,4457,2391,393,1820,19074,1149,201,393,623,604,1418,2185,2378,8990,37,66,15,335,8,603,238,6483,6662,2,0,170,331,347,13515,3451,24240,878,18356,21280,6058,16565,5752,13465,141,16946,17684,6928,4779,13600,9225,2992,377,15,313,20,151,307,128,24,13,188,1653,165,16187,5710,6150,69,92281,21311,1392,13412,11123,537,3249,17824,7790,25622,2522,19737,63,22006,33,190,371,99,108,339,78,1592,1619,33,215,295,196,267,157,1062,516,799,106,1781,1524,919,1932,396,117,195,248,119,127,88,735,426,2257,512,122,2128,1352,770,4712,12952,67,900,3021,499,280,236,222,339,176,508,3951,164,277,2909,110,1341,153,1811,354,322,173,298,289,157,214,856,923,254,359,231,1810,712,234,277,334,1409,8,31,136,192,321,67,8181,55,5105,9,322,68,3160,484,3667,3315,3303,27,1194,48,137,680,2241,40151,264,784,1310,574,4,1199,92,76,296,9174,2945,1260,631,38,119,80,6,28,279,467,1332,234,1688,164,168,1571,26307,143,780,76707,208,7137,346,1900,118,1010,100,19,1693,276,324,389,152,137,94,368,481,331,401,135,418,504,12622,35,4594,1099,20,15913,3408,34,145,3475,228,30,2579,236,800,166,3237,375,8463,1187,232,269,401,158,392,269,876,257,15,515,34,846,108,40,75,183,103,377,323,14920,1159,3363,2887,694,233,1061,76,29088,20,7821,642,7385,705,162,1386,12,15333,6721,4456,22349,1139,8661,83,146,133,259,128,365,227,760,2013,344,33,99,374,10,11,2657,2319,16,29,130,12320,18560,15681,2841,17064,3469,289,32275,46762,7039,18875,38371,40254,193,91,237,242,145,288,1097,127,198,260,2718,0.0,0.0,0.0,0.0,0.0,0.0,0.0,0.0,0.0,0.0,0.0,0.0,0.0,0.0,0.0,0.0,0.0,0.0,0.0,0.0,0.0,0.0,0.0,0.0,0.0,0.0,0.0,0.0,0.0,0.0,0.0,0.0,0.0,0.0,0.0,0.0,0.0,0.0,0.0,0.0,0.0,0.0,0.0,0.0,0.0,0.0,0.0,0.0,0.0,0.0,0.0,0.0,0.0,0.0,0.0,0.0,0.0,0.0,0.0,0.0,0.0,0.0,0.0,0.0,0.0,0.0,0.0,0.0,0.0,0.0,0.0,0.0,0.0,0.0,0.0,0.0,0.0,0.0,0.0,0.0,0.0,0.0,0.0,0.0,0.0,0.0,0.0,0.0,0.0,0.0,0.0,0.0,0.0,0.0,0.0,0.0,0.0,0.0,0.0,0.0,0.0,0.0,0.0,0.0,0.0,0.0,0.0,0.0,0.0,0.0,0.0,0.0,0.0,0.0,0.0,0.0,0.0,0.0,0.0,0.0,0.0,0.0,0.0,0.0,0.0,0.0,0.0,0.0,0.0,0.0,0.0,0.0,0.0,0.0,0.0,0.0,0.0,0.0,0.0,0.0,0.0,0.0,0.0,0.0,0.0,0.0,0.0,0.0,0.0,0.0
ENCFF000RXX,0.10390058747182371,32336,89,1501,17870,253,69489,4002,145,187,173,480,1636,1317,3142,6382,13719,1306,367,3863,3593,118,360,26,30,22,427,1634,1611,15417,2407,145,44,250,1010,905,31,1158,19,268,4399,5655,39,310,22,25,375,3064,10690,185,434,456,625,244,187,3733,89,195,194,75,534,680,209,7319,1094,282,417,13,23867,28387,4497,548,306,819,2564,163,651,320,367,413,116,473,588,1781,226,288,1809,10,378,289,12,586,97,26,1794,549,8982,89988,5299,46,14324,21693,1242,18052,656,302,3159,867,1716,10,1979,5766,5422,62,2887,18412,1047,17340,110,597,660,3969,270,24576,664,3599,2217,331,1357,172,82,16878,4347,931,8405,3427,5869,16278,119,2171,3188,618,1899,22212,429,237,96,46,11,15,1246,206,770,6196,2251,289,1720,18093,1437,231,569,668,609,1539,3760,2752,3192,47,110,14,492,8,703,283,784,43971,6,2,213,358,487,7631,3681,22352,1110,13445,16383,7587,12651,7062,13487,188,13679,16694,5183,4770,13568,9325,3102,411,262,816,32,243,494,90,16,12,33,2692,104,17945,5894,4077,98,113673,20103,1923,15262,12267,635,433,19260,13793,30377,1488,24625,82,22650,8,133,524,34,151,449,98,2174,1378,242,302,423,270,422,233,1305,770,127,124,2711,1770,1119,1408,616,128,371,300,187,169,104,198,543,2755,468,200,773,1353,1093,4837,12812,896,1285,1998,645,380,288,261,410,219,54,4143,263,544,2621,160,846,205,2087,502,460,256,444,217,220,340,1188,1033,397,415,427,1184,785,546,379,466,1930,6,13,212,302,446,95,9147,83,5851,9,187,24,3475,422,4777,3705,4515,14,1607,82,59,841,2363,38904,411,1185,1097,573,63,1245,95,165,513,8269,4885,1756,795,34,66,37,7,35,298,903,1282,351,1728,250,288,866,27092,243,1007,64526,203,3153,497,2814,1733,1191,184,552,2662,367,510,558,213,227,183,8477,648,443,590,411,603,624,13002,49,5828,958,28,15053,3688,16,154,2755,417,27,3348,338,867,90,1697,537,5853,1215,357,407,549,250,555,427,882,315,19,427,34,1336,99,27,129,265,327,184,428,12565,548,3511,1977,426,299,498,106,20083,70,8296,800,5963,796,165,1435,7,20151,4206,6603,29390,1012,7376,84,389,193,496,250,537,342,869,2306,464,16,246,519,22,25,2087,2440,7,223,64,13600,18960,15056,3737,16613,2141,468,31822,44854,6501,18724,33774,38579,125,83,362,360,109,378,752,133,194,332,3705,0.0,0.0,0.0,0.0,0.0,0.0,0.0,0.0,0.0,0.0,0.0,0.0,0.0,0.0,0.0,0.0,0.0,0.0,0.0,0.0,0.0,0.0,0.0,0.0,0.0,0.0,0.0,0.0,0.0,0.0,0.0,0.0,0.0,0.0,0.0,0.0,0.0,0.0,0.0,0.0,0.0,0.0,0.0,0.0,0.0,0.0,0.0,0.0,0.0,0.0,0.0,0.0,0.0,0.0,0.0,0.0,0.0,0.0,0.0,0.0,0.0,0.0,0.0,0.0,0.0,0.0,0.0,0.0,0.0,0.0,0.0,0.0,0.0,0.0,0.0,0.0,0.0,0.0,0.0,0.0,0.0,0.0,0.0,0.0,0.0,0.0,0.0,0.0,0.0,0.0,0.0,0.0,0.0,0.0,0.0,0.0,0.0,0.0,0.0,0.0,0.0,0.0,0.0,0.0,0.0,0.0,0.0,0.0,0.0,0.0,0.0,0.0,0.0,0.0,0.0,0.0,0.0,0.0,0.0,0.0,0.0,0.0,0.0,0.0,0.0,0.0,0.0,0.0,0.0,0.0,0.0,0.0,0.0,0.0,0.0,0.0,0.0,0.0,0.0,0.0,0.0,0.0,0.0,0.0,0.0,0.0,0.0,0.0,0.0,0.0
ENCFF001FRU,0.07386995034633326,28403,40,1831,12059,255,30632,4437,79,180,91,280,1199,1635,3529,5467,11441,1488,182,2352,2273,120,324,30,14,12,347,283,1109,11729,1589,104,69,164,871,695,14,881,8,9,4848,10752,25,311,15,11,469,2281,9776,46,239,356,513,189,332,11005,67,157,131,37,284,574,205,5203,114,188,94,31,19248,22047,10781,397,255,505,7239,126,550,175,263,313,97,347,610,5498,160,173,1296,2,305,189,8,630,42,4,488,439,6730,77214,6160,38,16228,26293,926,23362,638,214,4855,1248,699,3,3536,10205,6317,58,4218,21735,886,12540,182,650,750,3702,269,16054,624,2840,1219,308,1798,207,34,17694,5145,314,8110,3483,8909,19323,67,1635,1338,486,1916,16197,151,108,43,63,23,9,864,166,267,6578,2315,228,1773,12423,1179,166,458,939,1180,2029,1969,1690,10526,49,53,6,320,2,604,214,315,836,8,2,199,253,462,11690,2999,21303,960,13384,17732,6612,13520,8494,13164,106,14019,16303,7099,4913,21939,8820,2326,436,70,229,34,172,299,109,19,9,6,1515,120,13964,4906,4906,67,142022,15847,1472,12505,9576,437,337,18024,7207,23964,1550,21890,60,22942,31,176,326,53,111,463,192,3392,3480,13,232,291,230,306,166,1273,636,3155,92,1753,2758,754,7672,368,132,236,256,116,122,101,4092,349,3396,467,119,750,1081,893,3593,10695,206,949,9263,540,340,257,207,321,195,2906,4789,166,300,6016,126,622,133,3301,405,375,212,284,292,170,176,879,879,259,321,259,4431,644,317,260,338,1472,6,10,140,209,288,157,11409,39,9125,7,265,22,2792,514,7512,3258,5493,10,937,35,121,386,1765,29553,283,776,3623,527,23,1119,109,203,376,7831,2720,1076,528,9,54,47,3,6,247,359,924,334,2204,161,160,646,17141,147,694,71192,175,3703,348,2053,446,946,99,114,1924,273,560,584,127,115,96,1843,718,358,561,177,416,631,13756,22,5024,1187,4,30052,4047,30,106,6711,196,15,2439,278,595,109,1618,396,10317,1193,284,249,657,146,407,299,2364,226,6,460,6,1151,42,13,111,152,55,239,279,12499,611,3296,2384,418,232,336,38,26980,36,8064,629,7515,595,107,1149,13,13166,3152,3800,30746,1071,6850,82,41,129,317,150,515,291,2540,2220,494,11,100,358,3,9,1731,2173,3,73,79,11969,23427,22605,2935,15748,1878,546,34828,55005,8754,20698,36165,46327,210,73,249,257,80,341,1166,138,167,244,2705,0.0,0.0,0.0,0.0,0.0,0.0,0.0,0.0,0.0,0.0,0.0,0.0,0.0,0.0,0.0,0.0,0.0,0.0,0.0,0.0,0.0,0.0,0.0,0.0,0.0,0.0,0.0,0.0,0.0,0.0,0.0,0.0,0.0,0.0,0.0,0.0,0.0,0.0,0.0,0.0,0.0,0.0,0.0,0.0,0.0,0.0,0.0,0.0,0.0,0.0,0.0,0.0,0.0,0.0,0.0,0.0,0.0,0.0,0.0,0.0,0.0,0.0,0.0,0.0,0.0,0.0,0.0,0.0,0.0,0.0,0.0,0.0,0.0,0.0,0.0,0.0,0.0,0.0,0.0,0.0,0.0,0.0,0.0,0.0,0.0,0.0,0.0,0.0,0.0,0.0,0.0,0.0,0.0,0.0,0.0,0.0,0.0,0.0,0.0,0.0,0.0,0.0,0.0,0.0,0.0,0.0,0.0,0.0,0.0,0.0,0.0,0.0,0.0,0.0,0.0,0.0,0.0,0.0,0.0,0.0,0.0,0.0,0.0,0.0,0.0,0.0,0.0,0.0,0.0,0.0,0.0,0.0,0.0,0.0,0.0,0.0,0.0,0.0,0.0,0.0,0.0,0.0,0.0,0.0,0.0,0.0,0.0,0.0,0.0,0.0
ENCFF000BJT,0.1403645594125171,46762,71,4189,9739,295,72505,5748,234,439,502,709,2660,2129,4874,4917,13945,3953,5210,4441,8098,348,2104,366,191,20,481,111,4149,7439,6606,873,354,836,1690,1533,39,2801,19,9,11299,24936,21,1213,9,36,519,7100,5192,10,769,845,1296,1173,659,16518,323,714,542,59,1816,1607,133,3455,315,237,25,16,47799,68345,19633,928,725,1382,12124,580,1182,505,734,799,222,901,1059,8540,371,517,4206,11,817,423,12,4839,82,23,1454,914,3923,298591,21239,87,58812,73850,3264,65550,1025,580,11015,2614,2360,9,6211,15808,13930,65,6070,69111,1495,22846,197,727,1263,15076,356,13776,1092,10154,4875,1370,6009,796,222,65808,7652,47,7611,4791,20987,61415,9,4837,1925,1063,6469,12483,227,465,40,586,263,61,4745,632,765,15744,10755,2292,6027,10569,1848,1514,1096,962,1009,4338,7188,6269,14708,49,89,185,884,11,1639,555,2535,65,5,1,504,1223,888,36958,14891,103023,3137,38135,48242,19160,18390,18131,34859,441,51250,57718,47051,19121,40624,33208,7981,1163,19,716,24,491,861,396,71,58,29,6574,149,18435,11395,4435,83,243476,52751,5164,47008,9061,2408,729,58767,21499,51322,1708,87841,225,96208,56,388,950,35,285,908,363,4699,4364,10,603,915,532,859,370,2469,1389,1607,254,6587,5017,3158,6613,1505,297,728,650,359,373,255,2064,1137,5863,1409,415,2522,2658,1989,5503,5811,236,2848,8059,1585,726,577,568,833,480,494,17139,446,825,11687,331,2465,380,7162,1022,921,580,859,199,462,496,2790,2263,769,870,695,5383,1992,755,665,913,3936,29,44,423,549,806,136,33173,51,22798,379,1187,36,12585,1637,16989,9774,11693,11,4227,197,827,530,8040,38350,1526,4199,4051,2069,7,2425,359,248,1382,15745,5035,2772,3186,124,584,190,2,25,563,461,4289,536,6545,529,427,748,15513,355,2109,244704,503,12542,895,5196,615,2605,273,31,6313,792,965,1009,330,404,517,1880,1141,895,1069,276,993,1165,48340,160,18056,4170,9,54864,13353,2,604,8147,1625,24,9779,787,2215,661,3471,1020,5372,1236,1014,683,1054,394,1423,818,3109,243,10,1955,9,2556,1468,20,520,689,98,353,658,10845,783,5632,3112,569,497,1405,47,79032,61,29873,1887,35326,2712,331,5936,9,36690,7059,12254,60409,1746,5866,189,76,335,767,345,1059,676,1305,4144,881,34,416,1029,10,12,9718,9903,0,89,389,46918,55320,40199,8468,68563,7233,525,93707,139160,18219,55916,101571,144257,394,380,726,646,192,727,2605,577,1643,879,9791,0.0,0.0,0.0,0.0,0.0,0.0,0.0,0.0,0.0,0.0,0.0,0.0,0.0,0.0,0.0,0.0,0.0,0.0,0.0,0.0,0.0,0.0,0.0,0.0,0.0,0.0,0.0,0.0,0.0,0.0,0.0,0.0,0.0,0.0,0.0,0.0,0.0,0.0,0.0,0.0,0.0,0.0,0.0,0.0,0.0,0.0,0.0,0.0,0.0,0.0,0.0,0.0,0.0,0.0,0.0,0.0,0.0,0.0,0.0,0.0,0.0,0.0,0.0,0.0,0.0,0.0,0.0,0.0,0.0,0.0,0.0,0.0,0.0,0.0,0.0,0.0,0.0,0.0,0.0,0.0,0.0,0.0,0.0,0.0,0.0,0.0,0.0,0.0,0.0,0.0,0.0,0.0,0.0,0.0,0.0,0.0,0.0,0.0,0.0,0.0,0.0,0.0,0.0,0.0,0.0,0.0,0.0,0.0,0.0,0.0,0.0,0.0,0.0,0.0,0.0,0.0,0.0,0.0,0.0,0.0,0.0,0.0,0.0,0.0,0.0,0.0,0.0,0.0,0.0,0.0,0.0,0.0,0.0,0.0,0.0,0.0,0.0,0.0,0.0,0.0,0.0,0.0,0.0,0.0,0.0,0.0,0.0,0.0,0.0,0.0
ENCFF749RRK,0.12543991886102795,280012,51,714,10950,156,52197,4247,204,111,90,401,2296,635,1903,7326,6811,904,273,2048,3173,45,274,28,87,80,1044,12634,1758,16596,1796,62,44,215,1177,1091,9,1218,30,3,4168,4109,29,73,26,9,333,2824,5491,254,388,792,825,66,122,2712,40,179,206,102,632,1472,68,2535,171,131,5121,245,11800,19378,2488,697,424,1060,2478,31,836,352,457,469,114,656,869,1186,261,434,1986,13,502,418,7,425,135,20,454,308,4214,63886,3608,92,10412,14762,1710,12659,883,405,1734,831,756,16,1551,3791,4325,94,2938,17044,574,13418,60,303,351,2481,155,19462,673,4103,1248,136,752,73,106,9959,1780,4412,5222,2594,5493,10543,237,2317,1982,701,1581,12067,159,677,33,43,20,14,594,190,531,6592,1470,111,1785,10825,750,86,755,486,254,1021,2065,2598,4017,39,72,27,636,26,706,331,3890,352,4,7,262,236,773,5147,2387,18790,1256,8901,13729,5936,10734,6909,12079,96,10290,13188,5323,4058,12043,7673,1981,459,546,383,8,418,698,87,35,19,52,3778,73,13896,4494,3165,139,76616,19681,2758,10842,5608,452,322,12684,8318,19241,1288,19112,68,20341,64,178,764,78,174,586,189,2162,961,20,426,414,399,652,298,1593,796,573,108,2336,1763,934,1933,1003,205,543,483,289,171,111,156,628,1734,469,206,628,1597,1014,2585,23288,28609,1383,1679,618,537,422,389,518,301,100,4046,357,898,2284,207,829,347,1901,1104,698,658,594,190,268,182,1468,995,584,443,473,1135,967,673,340,691,1481,13,23,240,508,434,147,6764,239,4835,19,60,120,2095,260,3689,3667,4494,41,1004,190,22,863,1173,34433,2047,1093,1439,483,188,1187,23,97,617,9759,2976,3846,545,122,124,89,3,73,363,651,989,495,2107,457,273,395,17706,68,914,44792,226,2460,553,3386,17554,1098,182,718,7905,488,667,718,174,180,36,128865,1014,664,650,277,688,746,10074,44,6036,519,18,14524,3352,34,151,3198,595,113,3206,474,993,105,2011,609,5553,595,4149,448,683,358,497,543,1531,365,50,395,31,1570,103,211,59,2193,213,94,310,10758,411,2812,1818,240,369,481,192,13235,314,5088,914,4365,678,24,1157,16,16532,2745,5848,23736,889,5037,54,163,270,631,380,636,481,613,3127,560,9,68,562,15,35,1108,1125,2,288,168,10417,13709,12105,2950,12448,1752,248,22123,30883,5362,13301,25083,30389,69,24,360,387,187,539,409,199,139,309,4523,0.0,0.0,0.0,0.0,0.0,0.0,0.0,0.0,0.0,0.0,0.0,0.0,0.0,0.0,0.0,0.0,0.0,0.0,0.0,0.0,0.0,0.0,0.0,0.0,0.0,0.0,0.0,0.0,0.0,0.0,0.0,0.0,0.0,0.0,0.0,0.0,0.0,0.0,0.0,0.0,0.0,0.0,0.0,0.0,0.0,0.0,0.0,0.0,0.0,0.0,0.0,0.0,0.0,0.0,0.0,0.0,0.0,0.0,0.0,0.0,0.0,0.0,0.0,0.0,0.0,0.0,0.0,0.0,0.0,0.0,0.0,0.0,0.0,0.0,0.0,0.0,0.0,0.0,0.0,0.0,0.0,0.0,0.0,0.0,0.0,0.0,0.0,0.0,0.0,0.0,0.0,0.0,0.0,0.0,0.0,0.0,0.0,0.0,0.0,0.0,0.0,0.0,0.0,0.0,0.0,0.0,0.0,0.0,0.0,0.0,0.0,0.0,0.0,0.0,0.0,0.0,0.0,0.0,0.0,0.0,0.0,0.0,0.0,0.0,0.0,0.0,0.0,0.0,0.0,0.0,0.0,0.0,0.0,0.0,0.0,0.0,0.0,0.0,0.0,0.0,0.0,0.0,0.0,0.0,0.0,0.0,0.0,0.0,0.0,0.0
ENCFF000BVB,0.09925733136074531,16017,230,2066,17335,474,57622,2417,140,282,164,1583,3994,2557,5013,8266,16299,2041,313,2389,3571,89,411,143,64,12,377,139,1919,13809,1882,149,91,238,1063,830,22,1053,14,121,6872,6283,32,446,536,48,250,2986,9889,26,298,511,662,309,222,4645,99,175,183,48,412,2200,307,7525,483,228,40,555,28213,31264,4402,540,418,653,7504,108,626,284,383,452,148,524,493,2468,319,273,1941,18,437,260,11,882,38,1,1827,758,10356,102347,5664,47,17005,21994,1286,22176,2160,270,2804,802,745,19,1474,4267,4109,19,2894,22601,1729,19999,436,1617,1534,4790,743,26038,750,3161,1660,473,1687,379,60,21752,9501,66,10439,4699,18303,17334,36,3773,1367,585,2085,24395,170,105,57,88,29,22,1169,139,1436,5135,2474,442,1930,17925,2111,287,522,357,389,1621,2079,1918,4038,45,96,28,468,10,928,376,1897,1752,7,1,277,370,436,12384,3906,26955,1306,17823,20148,7609,17886,7494,18051,161,16942,18838,8693,5160,13652,9857,3118,471,20,365,322,247,417,92,61,51,13,2534,187,19048,7294,6580,46,108394,21148,2013,16215,14328,554,2495,22273,9279,32754,2894,21650,101,21987,145,132,2810,2129,147,458,86,1974,1214,14,332,427,343,478,253,1205,730,285,152,2423,1599,1019,1403,563,174,357,352,198,211,153,352,625,2784,736,252,1737,1269,1078,6077,17607,121,1240,2271,712,350,277,278,440,275,175,3822,267,454,2881,175,954,225,2241,541,506,345,491,167,311,306,1289,1319,394,537,355,1515,784,381,423,474,2091,16,23,217,292,268,108,8275,40,5343,18,344,223,3496,413,3511,4162,4371,5,1346,47,179,614,2348,37191,302,947,1333,630,14,1359,90,171,345,9375,4170,6485,799,41,151,59,6,45,332,434,1500,268,2148,294,255,846,23612,209,1268,75539,280,6069,488,2578,215,1334,182,59,2013,431,454,498,387,228,117,732,539,408,506,186,593,551,13603,40,5260,1411,20,14678,3996,16,144,3111,233,27,3670,427,725,152,1768,532,9792,2026,263,459,497,213,575,411,1060,285,6,831,11,1233,59,28,93,173,48,413,381,17255,1495,5460,3523,897,291,671,53,23940,42,7219,908,7939,600,168,1504,165,14561,5525,4671,21996,1629,8966,117,88,210,388,301,497,351,771,3094,459,19,108,523,5,8,2496,2270,14,92,202,12709,22246,17010,3841,20308,2697,200,39191,51473,7956,23208,40384,45498,158,71,361,364,128,429,756,204,287,361,3424,0.0,0.0,0.0,0.0,0.0,0.0,0.0,0.0,0.0,0.0,0.0,0.0,0.0,0.0,0.0,0.0,0.0,0.0,0.0,0.0,0.0,0.0,0.0,0.0,0.0,0.0,0.0,0.0,0.0,0.0,0.0,0.0,0.0,0.0,0.0,0.0,0.0,0.0,0.0,0.0,0.0,0.0,0.0,0.0,0.0,0.0,0.0,0.0,0.0,0.0,0.0,0.0,0.0,0.0,0.0,0.0,0.0,0.0,0.0,0.0,0.0,0.0,0.0,0.0,0.0,0.0,0.0,0.0,0.0,0.0,0.0,0.0,0.0,0.0,0.0,0.0,0.0,0.0,0.0,0.0,0.0,0.0,0.0,0.0,0.0,0.0,0.0,0.0,0.0,0.0,0.0,0.0,0.0,0.0,0.0,0.0,0.0,0.0,0.0,0.0,0.0,0.0,0.0,0.0,0.0,0.0,0.0,0.0,0.0,0.0,0.0,0.0,0.0,0.0,0.0,0.0,0.0,0.0,0.0,0.0,0.0,0.0,0.0,0.0,0.0,0.0,0.0,0.0,0.0,0.0,0.0,0.0,0.0,0.0,0.0,0.0,0.0,0.0,0.0,0.0,0.0,0.0,0.0,0.0,0.0,0.0,0.0,0.0,0.0,0.0
ENCFF000ZFE,0.09341819277367708,1947,10,184,1018,27,2688,220,13,13,11,30,107,70,190,526,612,145,19,146,285,6,31,4,3,3,26,51,105,607,162,13,20,18,77,44,2,77,0,2,283,579,2,53,1,1,23,178,568,6,37,23,42,14,18,377,12,14,18,3,34,52,6,219,12,17,24,4,1632,2232,385,33,18,38,329,11,30,10,26,31,6,34,24,223,12,18,101,0,22,10,2,48,4,0,67,34,379,8228,603,2,1759,2086,69,1856,133,19,221,70,83,1,109,367,374,6,197,1605,72,866,19,61,74,387,29,865,39,353,151,35,155,27,5,1739,302,41,341,186,832,1486,18,138,81,27,160,986,12,7,5,8,2,2,89,14,25,470,229,32,193,989,103,24,23,33,40,134,335,286,374,1,1,2,21,1,53,12,347,1036,2,0,19,54,18,805,367,2271,93,1169,1675,582,1019,485,1044,11,1379,1454,563,584,1062,941,224,36,11,34,2,13,24,11,1,2,2,241,3,923,400,182,3,8235,1719,178,1236,466,51,56,1589,670,1782,132,2428,2,2816,2,14,43,5,7,24,14,122,84,1,21,29,14,16,14,76,39,8,9,141,124,77,146,34,17,21,18,14,17,9,21,36,201,37,8,121,90,69,279,622,42,69,209,72,15,19,9,18,16,4,337,15,20,258,8,52,15,161,38,28,19,21,17,14,15,80,60,32,36,17,133,41,22,26,28,105,0,0,6,13,29,12,777,1,516,1,37,1,269,41,324,302,340,1,97,4,10,36,200,2097,29,87,92,49,1,67,3,4,36,508,212,133,80,2,10,4,0,1,21,37,164,18,201,15,12,75,1192,11,70,6657,9,290,24,143,67,79,11,31,215,22,15,19,23,15,12,261,46,23,23,11,28,34,1144,5,541,109,1,1530,343,1,22,290,33,2,280,22,65,13,112,32,372,75,24,20,31,6,47,20,63,21,0,49,1,94,2,1,15,17,8,22,22,992,61,249,154,41,34,70,6,2251,7,648,73,705,82,7,166,4,1277,236,436,1846,73,333,3,7,12,28,15,24,13,34,179,19,2,14,52,0,2,239,231,0,5,7,1310,1665,1131,292,1762,267,7,2923,4054,518,1745,3171,3847,25,8,19,19,8,15,78,19,23,20,297,0.0,0.0,0.0,0.0,0.0,0.0,0.0,0.0,0.0,0.0,0.0,0.0,0.0,0.0,0.0,0.0,0.0,0.0,0.0,0.0,0.0,0.0,0.0,0.0,0.0,0.0,0.0,0.0,0.0,0.0,0.0,0.0,0.0,0.0,0.0,0.0,0.0,0.0,0.0,0.0,0.0,0.0,0.0,0.0,0.0,0.0,0.0,0.0,0.0,0.0,0.0,0.0,0.0,0.0,0.0,0.0,0.0,0.0,0.0,0.0,0.0,0.0,0.0,0.0,0.0,0.0,0.0,0.0,0.0,0.0,0.0,0.0,0.0,0.0,0.0,0.0,0.0,0.0,0.0,0.0,0.0,0.0,0.0,0.0,0.0,0.0,0.0,0.0,0.0,0.0,0.0,0.0,0.0,0.0,0.0,0.0,0.0,0.0,0.0,0.0,0.0,0.0,0.0,0.0,0.0,0.0,0.0,0.0,0.0,0.0,0.0,0.0,0.0,0.0,0.0,0.0,0.0,0.0,0.0,0.0,0.0,0.0,0.0,0.0,0.0,0.0,0.0,0.0,0.0,0.0,0.0,0.0,0.0,0.0,0.0,0.0,0.0,0.0,0.0,0.0,0.0,0.0,0.0,0.0,0.0,0.0,0.0,0.0,0.0,0.0
ENCFF000YDG,0.14763068994014203,40710,334,4095,46692,730,91196,6540,304,480,256,624,3633,4360,9737,24728,30643,3555,457,6054,6834,154,685,58,38,59,992,797,3785,34557,3574,235,174,571,2009,1777,45,1989,40,22,8693,11208,97,710,101,81,551,6427,29143,126,549,1138,1760,480,337,6528,146,357,387,138,700,1588,500,17784,359,268,220,108,57706,56547,7491,1186,840,1372,6440,327,1348,584,926,1009,232,1204,1227,3705,517,579,4340,30,1024,568,13,1180,162,26,1082,1467,23138,184777,11141,175,29947,42269,2734,36128,1266,784,5411,1691,1876,19,3161,8094,8204,149,5411,33595,2738,35309,550,2186,2333,9228,873,55855,1544,6375,3337,684,2678,397,174,32957,13451,673,35896,9415,11668,27575,145,5055,3628,1341,3748,59274,530,343,114,109,37,33,2333,361,608,11803,5100,699,4142,47095,3929,406,1334,1086,887,3289,4351,3835,5541,62,185,37,1237,38,2031,744,1063,301,24,9,655,703,1109,15445,7430,46054,2589,31647,36228,15632,37856,14734,30860,339,30005,35930,12440,9923,24655,18669,6127,991,168,857,98,578,1175,137,95,35,31,4377,315,44289,13552,12468,215,238885,40067,4001,28585,30138,1098,629,44327,20946,68661,4705,43760,201,43467,64,351,821,154,332,1085,219,4310,2211,68,818,1099,694,1113,514,2620,1544,267,233,4967,3093,2164,2708,1354,402,735,869,431,429,279,502,1324,5808,1506,402,1922,2521,2386,13919,47278,592,2640,3116,1574,977,760,772,1131,595,177,7744,576,983,5603,370,1740,449,4442,1248,1129,722,1128,393,520,562,2744,2742,950,1116,901,2510,1708,931,901,1144,4539,31,39,403,749,551,212,14996,73,9965,19,542,112,6718,734,7398,7078,7770,17,2682,109,186,1203,3749,97038,585,1986,2356,1198,77,3106,238,153,720,16255,7284,3444,1372,47,181,106,7,47,812,629,2339,572,3870,546,524,2225,60061,400,2517,130753,671,6071,1144,5741,1081,2719,327,385,4082,857,1070,1184,459,486,284,4519,1334,1105,1161,492,1339,1424,25966,70,11282,2370,21,27381,6975,54,332,6639,719,54,7481,939,2183,331,3324,1297,30710,3984,684,871,1205,503,1393,1104,1302,528,23,1161,34,1977,280,82,202,440,229,712,901,39782,1973,11766,6302,1439,541,794,200,38107,167,15010,1813,12591,1484,348,2962,36,29309,5648,9885,44710,4615,24208,254,162,397,954,661,1208,873,1801,8065,1119,66,205,1220,20,34,4015,4125,1,267,248,25069,45620,33581,8452,36649,4385,585,71866,96384,14921,46195,70671,83135,349,158,930,775,252,1019,1408,348,478,700,7420,0.0,0.0,0.0,0.0,0.0,0.0,0.0,0.0,0.0,0.0,0.0,0.0,0.0,0.0,0.0,0.0,0.0,0.0,0.0,0.0,0.0,0.0,0.0,0.0,0.0,0.0,0.0,0.0,0.0,0.0,0.0,0.0,0.0,0.0,0.0,0.0,0.0,0.0,0.0,0.0,0.0,0.0,0.0,0.0,0.0,0.0,0.0,0.0,0.0,0.0,0.0,0.0,0.0,0.0,0.0,0.0,0.0,0.0,0.0,0.0,0.0,0.0,0.0,0.0,0.0,0.0,0.0,0.0,0.0,0.0,0.0,0.0,0.0,0.0,0.0,0.0,0.0,0.0,0.0,0.0,0.0,0.0,0.0,0.0,0.0,0.0,0.0,0.0,0.0,0.0,0.0,0.0,0.0,0.0,0.0,0.0,0.0,0.0,0.0,0.0,0.0,0.0,0.0,0.0,0.0,0.0,0.0,0.0,0.0,0.0,0.0,0.0,0.0,0.0,0.0,0.0,0.0,0.0,0.0,0.0,0.0,0.0,0.0,0.0,0.0,0.0,0.0,0.0,0.0,0.0,0.0,0.0,0.0,0.0,0.0,0.0,0.0,0.0,0.0,0.0,0.0,0.0,0.0,0.0,0.0,0.0,0.0,0.0,0.0,0.0
ENCFF739YHM,0.11032637376094342,1364727,15199,48042,402517,4947,622478,57538,2020,3113,3456,7592,30043,25648,71435,246037,160843,28055,6175,64148,52309,1758,5619,830,382,334,10430,103783,30545,274380,31822,2104,5426,5641,15461,13454,2869,16040,508,422,77522,97211,470,6445,430,5025,5046,50499,218506,13527,4279,10019,11976,3992,3854,77133,1741,2797,3901,1428,5292,14731,4762,118340,5196,12240,34662,1256,443074,433168,69150,9288,6158,27565,55435,2911,10404,4396,6533,7646,1997,8799,9774,33281,3776,4672,33875,158,7545,4134,217,10636,1980,520,11508,12898,144513,1593920,85695,914,236511,363648,22982,316071,11960,5360,47774,16101,14405,199,27931,68888,64133,1424,44084,289910,18783,229915,3235,14303,16866,76805,6031,350251,11768,55351,27357,7551,23545,3795,976,255287,87517,67395,231693,65483,150781,250760,19516,46225,41206,9734,43506,481256,4792,13906,950,997,432,418,19279,3031,9476,94256,35883,5675,31474,403193,32810,3745,9202,11017,9903,27238,35567,29951,57561,500,1084,291,8752,173,16813,5271,10834,278624,2149,96,10611,6794,8125,144104,60173,403932,20432,242983,275611,143379,323665,145222,263300,1824,245963,293464,99323,79131,223451,164440,55066,9510,19185,6589,1035,5113,8076,1449,660,2808,440,39202,2184,408624,115864,57604,2081,3512177,372457,43495,240447,207099,9628,5770,362638,178830,547490,28396,362438,1476,341859,273,3733,8931,4075,2459,7800,2499,37382,23272,2315,5990,8065,5152,8077,3729,20381,11836,9165,2063,42972,26936,19454,28826,10739,2931,5381,6357,3050,3077,2282,7006,9986,58135,12349,3243,15623,20747,20171,116435,285595,72800,20358,37710,11091,7169,5513,5386,8022,4591,4403,68771,3934,7184,46525,3033,12972,3475,40925,9742,8590,5364,7998,9279,4056,8957,22708,21339,6881,8289,6232,22301,13540,6949,6879,8767,38757,578,382,3356,5210,4586,2287,128772,856,93548,259,4278,622,54201,7321,68505,65076,68265,246,23604,563,1840,17213,34883,579898,13107,22437,21928,10194,5590,26246,2914,1978,6104,149606,74016,31617,10727,318,2219,841,153,338,5695,10451,26318,4744,44283,4502,4078,15317,483649,7900,20116,1178257,7971,48393,8673,47427,109164,24387,2473,44741,133143,7091,7946,8333,3259,3528,3779,492134,9871,7872,8715,8366,10027,10587,221502,322,92875,18719,416,246179,77058,436,2234,52932,5431,339,68753,6871,17149,2222,26895,9851,199999,32250,23035,7309,8781,3467,10914,7109,14865,5614,478,10272,239,21756,3066,539,1387,16056,4706,4569,9286,308500,12613,85423,46556,9374,4238,6458,1402,311648,11526,133755,31072,105415,11494,3349,26003,381,324267,64801,101454,478824,21167,169266,4001,3052,2914,13479,10527,9369,6179,16104,96837,8443,214,11901,9285,292,325,33185,33200,252,25560,1602,205970,408791,306122,74402,316996,38328,7075,637879,881515,132423,399617,631827,726721,2051,1490,6447,5809,1774,7360,15085,3118,3816,5988,60351,0.0,0.0,0.0,0.0,0.0,0.0,0.0,0.0,0.0,0.0,0.0,0.0,0.0,0.0,0.0,0.0,0.0,0.0,0.0,0.0,0.0,0.0,0.0,0.0,0.0,0.0,0.0,0.0,0.0,0.0,0.0,0.0,0.0,0.0,0.0,0.0,0.0,0.0,0.0,0.0,0.0,0.0,0.0,0.0,0.0,0.0,0.0,0.0,0.0,0.0,0.0,0.0,0.0,0.0,0.0,0.0,0.0,0.0,0.0,0.0,0.0,0.0,0.0,0.0,0.0,0.0,0.0,0.0,0.0,0.0,0.0,0.0,0.0,0.0,0.0,0.0,0.0,0.0,0.0,0.0,0.0,0.0,0.0,0.0,0.0,0.0,0.0,0.0,0.0,0.0,0.0,0.0,0.0,0.0,0.0,0.0,0.0,0.0,0.0,0.0,0.0,0.0,0.0,0.0,0.0,0.0,0.0,0.0,0.0,0.0,0.0,0.0,0.0,0.0,0.0,0.0,0.0,0.0,0.0,0.0,0.0,0.0,0.0,0.0,0.0,0.0,0.0,0.0,0.0,0.0,0.0,0.0,0.0,0.0,0.0,0.0,0.0,0.0,0.0,0.0,0.0,0.0,0.0,0.0,0.0,0.0,0.0,0.0,0.0,0.0
ENCFF218OLA,0.1291892150938206,97164,84,2392,34703,402,77519,14590,483,732,328,944,5755,2461,4160,14981,16731,2132,1443,5053,5886,162,910,74,188,182,1556,5582,3887,18558,4561,185,61,560,2818,2767,39,3217,63,30,8435,11313,185,431,106,28,820,7902,19909,441,1319,1814,1833,221,489,7536,65,466,468,475,1694,3495,184,6764,146,283,1548,494,30469,47363,6658,1722,967,2753,7875,81,1964,936,946,1196,334,1741,2085,2989,600,929,4986,48,1218,1112,47,1506,763,85,2360,714,5895,154100,9061,170,26052,41428,3730,35111,2196,1031,5174,2021,2726,93,4653,9654,11851,627,6030,40900,1288,25740,96,497,734,6732,357,45183,1577,6476,2771,585,2464,188,163,36401,4469,2318,14750,5721,17635,32915,199,5407,3757,1638,3917,28395,631,480,82,130,99,24,2138,653,1516,11276,4335,394,3700,31977,1818,407,2218,4398,3072,2821,5755,7554,7556,116,226,59,1452,99,1693,768,787,273,8,12,575,461,1881,12797,6498,41875,3172,19497,31473,11127,23103,14598,26533,241,26188,33764,10642,10436,26866,19222,4138,1199,358,313,15,965,1647,161,82,55,119,4438,297,27606,6901,6008,458,132543,29649,4059,21235,11349,1366,739,29327,12540,34561,1682,44813,114,44905,206,296,1342,165,523,1323,294,5347,2703,149,979,935,875,1403,765,3712,1850,349,334,6127,4175,2144,3824,2178,425,1371,1118,631,418,337,406,1344,4376,834,518,1588,4133,2521,6931,29389,5697,3520,4329,1623,1130,943,860,1281,647,126,9544,932,2349,6224,551,2262,838,4809,2390,1487,1233,1352,305,619,531,3550,2589,1297,1108,1116,3074,2530,1492,827,1417,3559,31,50,564,1185,1319,460,15745,435,10925,53,216,175,6091,843,8978,7539,7498,100,2998,360,100,1333,3579,60076,731,2086,3435,1285,46,2955,129,1380,1935,20354,5865,10901,1855,209,336,345,17,261,907,960,2241,1175,4917,879,710,1439,52982,282,2469,126763,526,6848,1419,8080,6315,2666,441,672,5565,1098,1719,1748,490,424,116,55102,2562,1541,1505,520,1551,1731,27251,289,16630,1643,200,35574,9579,40,522,6534,1153,307,8400,1050,1418,427,5220,1444,28190,1378,981,1078,1551,1018,1050,1252,1939,766,77,1520,92,2753,353,292,117,413,632,169,637,19281,671,6081,2908,471,874,1199,373,38840,292,12244,1449,11605,2254,68,2955,37,37035,6943,10598,45252,1588,19248,128,354,658,1509,827,1566,1050,1380,4197,1368,16,173,1341,38,96,3573,3603,18,281,180,28488,31361,24211,6116,31546,4918,463,57093,80246,10591,30385,63105,77167,173,82,892,873,508,1185,1153,943,376,921,7236,0.0,0.0,0.0,0.0,0.0,0.0,0.0,0.0,0.0,0.0,0.0,0.0,0.0,0.0,0.0,0.0,0.0,0.0,0.0,0.0,0.0,0.0,0.0,0.0,0.0,0.0,0.0,0.0,0.0,0.0,0.0,0.0,0.0,0.0,0.0,0.0,0.0,0.0,0.0,0.0,0.0,0.0,0.0,0.0,0.0,0.0,0.0,0.0,0.0,0.0,0.0,0.0,0.0,0.0,0.0,0.0,0.0,0.0,0.0,0.0,0.0,0.0,0.0,0.0,0.0,0.0,0.0,0.0,0.0,0.0,0.0,0.0,0.0,0.0,0.0,0.0,0.0,0.0,0.0,0.0,0.0,0.0,0.0,0.0,0.0,0.0,0.0,0.0,0.0,0.0,0.0,0.0,0.0,0.0,0.0,0.0,0.0,0.0,0.0,0.0,0.0,0.0,0.0,0.0,0.0,0.0,0.0,0.0,0.0,0.0,0.0,0.0,0.0,0.0,0.0,0.0,0.0,0.0,0.0,0.0,0.0,0.0,0.0,0.0,0.0,0.0,0.0,0.0,0.0,0.0,0.0,0.0,0.0,0.0,0.0,0.0,0.0,0.0,0.0,0.0,0.0,0.0,0.0,0.0,0.0,0.0,0.0,0.0,0.0,0.0
ENCFF163WTN,0.11529673645261974,70972,191,539,1651,60,6119,266,17,23,11,42,148,258,502,1487,1793,224,37,336,237,7,30,2,1,2,38,6063,176,1558,160,9,355,47,92,83,206,84,2,1,368,515,1,33,1,41,33,270,1401,1054,28,62,60,23,27,388,6,19,24,8,34,93,37,653,31,27,1941,4,2708,2637,387,51,36,1317,383,15,64,32,40,41,7,35,56,181,26,29,180,0,43,18,0,50,7,2,81,73,1106,8091,459,3,1253,1867,115,1624,56,26,224,76,63,2,136,421,362,3,238,1436,175,1782,41,200,153,424,75,2307,80,275,122,42,142,10,0,1401,669,3512,737,456,902,1310,1129,225,234,63,739,2406,23,812,4,7,3,2,84,16,41,471,207,24,211,1724,214,16,41,61,66,132,217,183,309,5,9,1,44,2,108,35,78,101,117,0,436,33,34,775,312,3538,126,1494,1639,734,1541,758,1336,11,1202,1511,542,385,1146,867,397,42,1243,38,6,22,44,7,8,1,4,154,21,1813,652,589,10,19516,1965,701,1482,1408,49,24,2127,1127,3177,297,1901,10,1904,0,13,58,37,12,35,19,175,124,4,32,42,28,48,18,98,74,39,15,222,170,100,135,52,16,33,33,14,18,15,38,53,289,61,30,101,133,108,807,1625,4001,126,185,87,38,35,19,52,33,18,398,20,28,276,18,80,23,205,55,40,33,36,38,21,164,105,105,45,48,35,117,73,36,32,40,191,1,0,15,30,24,12,707,4,491,0,23,7,296,46,334,349,356,0,115,5,13,60,172,3720,591,466,110,53,403,114,10,11,26,752,352,181,54,1,12,4,1,3,33,83,123,15,222,30,29,85,2570,428,134,5883,44,242,43,259,6328,145,16,2795,6436,52,39,40,20,26,141,30053,63,48,36,19,56,59,1199,4,439,106,1,1350,409,2,20,302,34,2,367,37,79,9,146,52,928,197,890,45,39,17,64,42,63,44,4,80,0,102,13,2,8,756,18,48,36,2410,167,544,340,96,35,29,3,1731,609,670,1266,592,74,12,140,3,1533,319,457,2194,136,824,153,14,14,479,123,53,33,92,448,49,3,695,56,0,1,173,191,0,1119,6,1184,2108,1648,354,1794,207,23,3578,4833,661,2102,3376,3958,10,12,47,38,14,48,79,13,16,31,313,0.0,0.0,0.0,0.0,0.0,0.0,0.0,0.0,0.0,0.0,0.0,0.0,0.0,0.0,0.0,0.0,0.0,0.0,0.0,0.0,0.0,0.0,0.0,0.0,0.0,0.0,0.0,0.0,0.0,0.0,0.0,0.0,0.0,0.0,0.0,0.0,0.0,0.0,0.0,0.0,0.0,0.0,0.0,0.0,0.0,0.0,0.0,0.0,0.0,0.0,0.0,0.0,0.0,0.0,0.0,0.0,0.0,0.0,0.0,0.0,0.0,0.0,0.0,0.0,0.0,0.0,0.0,0.0,0.0,0.0,0.0,0.0,0.0,0.0,0.0,0.0,0.0,0.0,0.0,0.0,0.0,0.0,0.0,0.0,0.0,0.0,0.0,0.0,0.0,0.0,0.0,0.0,0.0,0.0,0.0,0.0,0.0,0.0,0.0,0.0,0.0,0.0,0.0,0.0,0.0,0.0,0.0,0.0,0.0,0.0,0.0,0.0,0.0,0.0,0.0,0.0,0.0,0.0,0.0,0.0,0.0,0.0,0.0,0.0,0.0,0.0,0.0,0.0,0.0,0.0,0.0,0.0,0.0,0.0,0.0,0.0,0.0,0.0,0.0,0.0,0.0,0.0,0.0,0.0,0.0,0.0,0.0,0.0,0.0,0.0
ENCFF119FUG,0.13405337001237194,83033,209,2834,55519,557,180426,7654,409,316,296,531,5773,2009,9804,29338,36352,2348,903,6301,6266,127,815,83,99,44,2009,5766,4396,26604,3784,196,92,603,2891,2744,53,2874,30,8,7876,12007,51,398,67,56,1233,7867,30842,475,878,1759,2114,361,245,6188,99,380,176,124,867,3516,738,18965,3136,584,1485,546,54493,46659,7799,1828,1070,2446,5486,223,2076,894,1119,1344,357,1733,1884,3582,614,1141,5472,21,1230,1059,27,1172,157,34,1276,1616,21626,167973,10276,149,28556,40145,3554,34892,1868,953,4502,1347,1683,29,3275,7685,7846,207,5153,57358,2099,42816,220,1160,1461,7571,544,73426,1903,7649,3676,393,2301,194,47,30043,9007,2421,34518,8433,10348,30420,212,5418,7181,1768,3664,60393,513,621,189,109,43,35,2430,425,1407,11189,4023,367,4310,55003,4055,486,1857,1036,1005,2936,3997,3620,6356,55,119,57,1661,25,2131,899,1174,491,26,11,777,634,1754,15111,9459,44035,3288,27373,37476,15295,33265,16821,32058,354,27715,34126,9804,9984,26518,19907,5616,1127,659,715,40,1050,1766,100,32,48,43,4252,124,51679,12345,11376,251,233342,43420,4887,32037,32320,1199,546,41994,21334,69531,3161,42915,139,39707,14,295,1140,50,501,1360,307,5695,3031,21,1177,1151,952,1588,706,3770,2148,228,310,6746,4023,2220,2954,2365,530,1208,1226,648,489,359,358,1823,5788,1350,527,1720,3460,2642,15326,41645,5702,3583,4147,1772,1276,1030,1005,1491,813,123,8446,781,2046,5827,467,2214,836,4530,2058,1593,1233,1439,119,739,618,3679,3034,1277,1365,1221,3230,2484,1689,1059,1651,4834,41,71,691,1129,511,310,15419,101,9821,27,297,83,6966,769,7828,8571,9166,26,3084,89,61,2067,3557,99308,860,2097,3179,1231,194,3207,114,286,1702,28602,8458,11667,1545,56,215,51,15,68,966,1361,2350,1027,4283,1040,724,2312,81122,410,2513,124779,706,7014,1574,8915,6690,3041,436,1327,6256,1147,1573,1719,569,511,254,32030,2152,1584,1735,759,1742,1928,26724,55,16294,1536,40,29304,7776,25,476,6084,1118,44,9056,1145,829,189,5131,1521,29777,3780,1155,1107,1635,935,1201,1378,1247,1073,32,812,29,2878,160,28,102,724,322,281,853,41663,1310,11387,5418,911,834,653,190,30954,169,16823,2054,11115,1572,123,2766,15,57289,6445,15490,51339,2026,31808,229,404,593,1403,751,1421,1291,1699,5850,1534,16,343,1661,29,41,3732,3539,36,454,129,27462,40244,31443,8300,32783,4769,1839,78051,89820,14155,40297,72287,79521,302,113,1025,1033,365,1391,752,382,337,853,8722,0.0,0.0,0.0,0.0,0.0,0.0,0.0,0.0,0.0,0.0,0.0,0.0,0.0,0.0,0.0,0.0,0.0,0.0,0.0,0.0,0.0,0.0,0.0,0.0,0.0,0.0,0.0,0.0,0.0,0.0,0.0,0.0,0.0,0.0,0.0,0.0,0.0,0.0,0.0,0.0,0.0,0.0,0.0,0.0,0.0,0.0,0.0,0.0,0.0,0.0,0.0,0.0,0.0,0.0,0.0,0.0,0.0,0.0,0.0,0.0,0.0,0.0,0.0,0.0,0.0,0.0,0.0,0.0,0.0,0.0,0.0,0.0,0.0,0.0,0.0,0.0,0.0,0.0,0.0,0.0,0.0,0.0,0.0,0.0,0.0,0.0,0.0,0.0,0.0,0.0,0.0,0.0,0.0,0.0,0.0,0.0,0.0,0.0,0.0,0.0,0.0,0.0,0.0,0.0,0.0,0.0,0.0,0.0,0.0,0.0,0.0,0.0,0.0,0.0,0.0,0.0,0.0,0.0,0.0,0.0,0.0,0.0,0.0,0.0,0.0,0.0,0.0,0.0,0.0,0.0,0.0,0.0,0.0,0.0,0.0,0.0,0.0,0.0,0.0,0.0,0.0,0.0,0.0,0.0,0.0,0.0,0.0,0.0,0.0,0.0
ENCFF000YYE,0.06692169853614639,2532,31,201,2994,66,6052,312,16,28,20,30,166,195,434,1653,1665,184,26,293,319,10,45,5,3,3,62,52,209,1600,163,12,9,30,110,79,5,113,1,4,404,586,1,29,2,3,30,290,1510,11,80,53,71,29,24,309,14,20,41,8,37,75,15,813,14,25,18,2,2806,2998,401,52,35,70,319,17,83,27,48,65,15,73,71,221,36,31,204,0,47,26,0,67,11,3,56,79,1211,9720,534,2,1523,2151,150,1920,71,33,268,89,75,1,158,407,404,9,303,1749,195,1755,41,187,177,477,92,2404,94,387,139,38,151,23,11,1493,642,42,1000,461,740,1416,19,291,188,76,219,3041,24,27,3,9,1,0,112,6,22,592,266,35,255,3005,230,14,56,74,75,158,265,252,301,4,8,2,61,0,121,50,116,204,3,1,40,41,50,849,358,2374,164,1604,1883,900,2201,788,1627,11,1472,1708,548,489,1290,1077,414,64,21,54,10,38,40,8,1,0,3,253,14,2383,807,496,8,13204,2140,200,1605,1334,67,36,2464,1144,3513,401,2642,7,2496,3,14,59,7,9,50,12,226,114,1,48,68,30,50,32,149,95,14,11,265,180,135,148,76,29,41,47,22,25,13,33,81,297,87,28,96,173,91,771,1887,41,141,151,79,46,29,27,48,38,6,398,33,52,301,23,77,32,212,79,64,51,51,6,41,21,159,146,44,58,46,139,94,40,46,50,243,3,3,26,31,43,31,855,7,529,2,33,2,353,22,425,394,447,2,126,8,17,80,205,4167,41,94,134,65,7,121,5,9,25,745,378,169,77,5,16,3,1,3,39,72,171,29,212,39,45,76,3826,24,114,6640,29,292,46,300,67,166,19,24,258,57,62,59,44,32,14,339,60,43,51,28,89,68,1404,3,604,129,0,1570,424,2,14,353,38,3,416,44,91,14,167,69,1004,219,38,54,61,24,73,52,72,45,2,64,3,99,10,2,15,30,25,55,35,2833,181,612,459,129,27,56,16,2006,13,780,102,691,54,12,174,1,1559,292,531,2270,195,945,12,17,26,60,49,58,41,84,458,48,2,12,80,4,1,228,232,0,9,11,1305,2157,1740,397,1895,244,18,4207,4610,799,2196,3556,4247,11,13,53,58,17,68,87,24,30,21,410,0.0,0.0,0.0,0.0,0.0,0.0,0.0,0.0,0.0,0.0,0.0,0.0,0.0,0.0,0.0,0.0,0.0,0.0,0.0,0.0,0.0,0.0,0.0,0.0,0.0,0.0,0.0,0.0,0.0,0.0,0.0,0.0,0.0,0.0,0.0,0.0,0.0,0.0,0.0,0.0,0.0,0.0,0.0,0.0,0.0,0.0,0.0,0.0,0.0,0.0,0.0,0.0,0.0,0.0,0.0,0.0,0.0,0.0,0.0,0.0,0.0,0.0,0.0,0.0,0.0,0.0,0.0,0.0,0.0,0.0,0.0,0.0,0.0,0.0,0.0,0.0,0.0,0.0,0.0,0.0,0.0,0.0,0.0,0.0,0.0,0.0,0.0,0.0,0.0,0.0,0.0,0.0,0.0,0.0,0.0,0.0,0.0,0.0,0.0,0.0,0.0,0.0,0.0,0.0,0.0,0.0,0.0,0.0,0.0,0.0,0.0,0.0,0.0,0.0,0.0,0.0,0.0,0.0,0.0,0.0,0.0,0.0,0.0,0.0,0.0,0.0,0.0,0.0,0.0,0.0,0.0,0.0,0.0,0.0,0.0,0.0,0.0,0.0,0.0,0.0,0.0,0.0,0.0,0.0,0.0,0.0,0.0,0.0,0.0,0.0
ENCFF667HAO,0.06567819682883824,7563,74,391,1903,17,2822,601,14,26,26,50,285,135,407,1140,674,201,26,388,451,15,48,5,4,5,78,469,254,1584,239,25,36,39,144,133,18,140,3,12,672,735,3,53,5,20,32,449,1765,87,29,71,109,26,35,513,12,25,35,25,39,149,21,765,67,115,113,16,3405,3695,540,80,49,158,425,29,78,36,63,66,17,99,95,252,29,44,302,1,65,34,1,83,11,4,90,89,1010,12471,737,11,1942,3107,181,2600,108,43,343,128,134,2,256,606,582,8,396,2248,112,1253,12,65,100,621,26,1701,92,429,198,80,171,24,8,2118,529,281,1427,457,1158,1851,92,340,188,89,326,2452,17,63,5,10,4,3,133,18,62,700,320,41,283,2051,239,32,70,93,114,233,273,243,533,2,20,1,77,3,133,50,134,3519,11,2,72,38,70,1206,512,3416,154,1867,2261,1101,2178,1028,2025,16,2153,2483,818,668,1879,1477,467,84,92,62,44,28,53,11,4,5,3,306,19,2676,847,377,30,20333,2777,312,2094,1449,91,47,2966,1348,3883,134,3291,15,2923,3,27,107,29,21,64,18,290,181,8,50,64,48,63,32,192,114,46,18,366,209,144,221,80,20,30,59,20,25,14,53,94,501,84,25,136,195,172,832,3880,338,208,256,99,67,35,42,70,41,26,591,27,52,360,25,91,27,295,86,75,44,79,52,35,48,172,185,50,75,58,193,134,68,51,66,320,3,3,28,44,56,21,1063,12,723,3,35,3,412,50,556,526,536,1,187,1,14,100,268,4583,63,213,169,77,33,217,15,14,43,1226,469,281,75,4,14,7,0,6,44,96,224,44,323,34,32,88,2711,57,180,8833,40,401,72,376,483,218,41,212,771,60,86,71,32,47,23,2441,77,79,72,50,92,85,1733,4,702,173,3,1942,516,5,23,573,56,7,468,52,132,17,226,70,1325,217,113,72,89,41,83,58,122,55,2,92,2,163,30,8,13,68,36,24,57,1847,48,680,300,47,37,73,11,2499,49,1235,195,763,107,27,172,7,2458,454,836,3561,312,1149,26,26,31,86,85,74,45,139,602,76,4,51,95,2,2,272,248,4,108,11,1689,3255,2262,641,2496,263,82,4894,6773,988,3013,5078,5859,14,13,68,50,16,68,118,29,35,54,489,0.0,0.0,0.0,0.0,0.0,0.0,0.0,0.0,0.0,0.0,0.0,0.0,0.0,0.0,0.0,0.0,0.0,0.0,0.0,0.0,0.0,0.0,0.0,0.0,0.0,0.0,0.0,0.0,0.0,0.0,0.0,0.0,0.0,0.0,0.0,0.0,0.0,0.0,0.0,0.0,0.0,0.0,0.0,0.0,0.0,0.0,0.0,0.0,0.0,0.0,0.0,0.0,0.0,0.0,0.0,0.0,0.0,0.0,0.0,0.0,0.0,0.0,0.0,0.0,0.0,0.0,0.0,0.0,0.0,0.0,0.0,0.0,0.0,0.0,0.0,0.0,0.0,0.0,0.0,0.0,0.0,0.0,0.0,0.0,0.0,0.0,0.0,0.0,0.0,0.0,0.0,0.0,0.0,0.0,0.0,0.0,0.0,0.0,0.0,0.0,0.0,0.0,0.0,0.0,0.0,0.0,0.0,0.0,0.0,0.0,0.0,0.0,0.0,0.0,0.0,0.0,0.0,0.0,0.0,0.0,0.0,0.0,0.0,0.0,0.0,0.0,0.0,0.0,0.0,0.0,0.0,0.0,0.0,0.0,0.0,0.0,0.0,0.0,0.0,0.0,0.0,0.0,0.0,0.0,0.0,0.0,0.0,0.0,0.0,0.0
ENCFF000ZHI,0.1268653900719247,57966,246,4752,45019,946,183617,6998,339,444,378,527,3818,4075,8352,19577,45399,3199,319,6057,6418,111,555,59,30,49,1031,2526,4003,22163,2990,194,146,484,2366,2153,102,1985,20,12,8261,8997,29,629,47,78,655,6734,24389,217,521,1507,1909,337,238,5313,136,292,340,118,579,1620,658,16832,310,381,630,32,59877,51412,5469,1394,901,1727,4087,235,1557,597,1012,1097,314,1362,1409,3159,622,793,4680,17,1284,671,18,943,138,20,1500,1700,25134,171581,8991,209,24390,35772,2901,30881,1313,853,3815,1217,1510,16,2418,6520,6407,30,5174,29032,2707,25425,505,2147,2682,8341,924,41442,1830,6233,2937,570,1906,394,58,23343,11674,1538,22856,8500,10267,22166,382,5264,3562,1482,3895,52614,294,550,126,72,23,22,1866,227,511,11416,3774,625,3852,46961,4238,304,1382,571,647,3115,3973,3395,4512,32,132,32,1343,24,2413,864,637,484,56,56,958,858,1268,12678,5933,42296,2720,30382,34977,16565,32364,14609,32289,241,27009,33009,10376,7793,22987,16872,5285,1068,500,766,192,725,1213,120,69,14,29,4737,286,41856,14661,11411,178,191390,41423,4468,26860,30174,871,582,43804,20693,70957,4535,33996,132,32488,57,269,1056,54,377,1176,312,4685,2024,43,923,1344,826,1241,513,2961,1720,279,263,5405,2992,2065,2214,1637,511,859,959,464,455,368,413,1487,6315,1584,500,1925,2802,2906,14074,97488,1342,2816,3424,1588,1072,826,897,1267,735,173,6666,607,1120,4873,422,1891,490,4774,1462,1248,843,1310,264,622,646,3182,3136,1062,1245,991,2316,1945,1172,1077,1325,5984,27,27,548,773,752,410,11950,60,8380,24,504,165,6119,555,6188,6809,7788,30,2459,60,111,1496,3162,106554,538,1795,2277,1011,194,3508,124,212,486,17854,7349,3471,1053,22,261,68,24,41,982,1118,2280,643,3994,662,679,1880,58613,496,2942,109866,633,5270,1327,6501,2583,2993,374,1052,5160,1120,1227,1320,461,546,264,12001,1436,1253,1401,814,1422,1582,24951,24,11260,2175,17,24914,6279,131,192,6422,587,29,7580,1056,1463,253,3601,1495,28066,4079,860,1013,1391,597,1426,1192,1024,870,20,1005,31,1861,118,38,142,552,237,652,977,32240,2311,12408,6996,1486,566,576,120,26863,463,14901,2081,9674,921,314,2694,13,31214,5329,9893,43949,8406,21151,318,126,461,1256,587,1389,1034,2015,7740,1251,51,376,1414,10,36,2987,3139,13,551,120,21455,47317,35033,9467,32153,3776,789,78938,93649,15572,47143,69244,76908,338,147,1043,880,256,1193,1001,466,334,616,7365,0.0,0.0,0.0,0.0,0.0,0.0,0.0,0.0,0.0,0.0,0.0,0.0,0.0,0.0,0.0,0.0,0.0,0.0,0.0,0.0,0.0,0.0,0.0,0.0,0.0,0.0,0.0,0.0,0.0,0.0,0.0,0.0,0.0,0.0,0.0,0.0,0.0,0.0,0.0,0.0,0.0,0.0,0.0,0.0,0.0,0.0,0.0,0.0,0.0,0.0,0.0,0.0,0.0,0.0,0.0,0.0,0.0,0.0,0.0,0.0,0.0,0.0,0.0,0.0,0.0,0.0,0.0,0.0,0.0,0.0,0.0,0.0,0.0,0.0,0.0,0.0,0.0,0.0,0.0,0.0,0.0,0.0,0.0,0.0,0.0,0.0,0.0,0.0,0.0,0.0,0.0,0.0,0.0,0.0,0.0,0.0,0.0,0.0,0.0,0.0,0.0,0.0,0.0,0.0,0.0,0.0,0.0,0.0,0.0,0.0,0.0,0.0,0.0,0.0,0.0,0.0,0.0,0.0,0.0,0.0,0.0,0.0,0.0,0.0,0.0,0.0,0.0,0.0,0.0,0.0,0.0,0.0,0.0,0.0,0.0,0.0,0.0,0.0,0.0,0.0,0.0,0.0,0.0,0.0,0.0,0.0,0.0,0.0,0.0,0.0
ENCFF164ZYB,0.13643884286901958,57448,113,957,30750,356,95636,4575,279,121,101,299,2566,1283,4240,14799,16019,1029,438,7896,2771,42,323,6,37,24,986,3041,2419,20720,2063,98,40,269,1802,1680,20,2045,10,1,4263,4787,28,175,77,18,469,4300,16930,331,507,1418,1287,92,183,2533,56,155,128,125,634,1361,418,13739,360,196,828,48,31152,25685,2581,1164,765,1473,2590,42,1298,549,669,817,236,1091,1249,1432,377,646,3150,21,822,705,21,560,306,110,1147,597,9147,85639,3879,79,10924,17431,2643,15049,1316,584,2103,975,1344,23,1856,3855,4287,162,2816,19665,1375,28315,183,1125,783,3571,525,51761,1229,3483,1182,198,950,99,51,12733,3498,1566,17784,6082,5387,12354,117,3183,11227,1055,1726,28000,161,1238,45,33,12,7,871,202,202,5101,1651,105,1841,29853,1845,120,1283,692,475,1517,2593,2198,2684,52,174,50,963,34,1121,507,280,23,16,14,375,246,1201,5901,2929,21388,1788,12976,21331,7822,24159,9241,16841,94,13177,16909,5000,4707,13698,9199,2695,605,211,1260,15,830,1200,77,25,22,39,2012,69,36601,7173,5666,1826,120254,21502,2545,13940,20828,497,251,19596,9980,37907,1366,17490,44,16438,14,121,392,12,282,843,169,3422,1187,49,644,602,554,1027,478,2206,1135,92,94,3548,2565,1198,1277,1568,373,831,893,458,253,226,199,964,2927,700,341,914,2129,1644,8170,30256,2453,2167,2670,998,817,671,649,802,498,52,3978,490,1418,3139,286,1253,449,2629,1494,1023,867,1018,123,380,391,2223,1809,895,750,700,1421,1413,1000,602,1080,2469,26,21,375,702,325,278,6993,241,4791,24,117,74,3254,304,3871,3954,4884,25,1478,140,24,943,1436,45588,343,910,1841,616,11,1703,24,250,710,11265,8976,2389,679,85,108,141,25,46,573,955,1402,751,2206,552,354,1544,42011,191,1350,52602,415,3274,909,5580,3400,1674,235,1346,4138,727,1079,1085,268,246,63,49076,1513,960,939,370,1015,1174,14368,34,9545,702,37,13742,3963,20,193,2797,524,38,4862,675,488,86,2843,921,22067,1380,518,677,996,561,666,843,458,188,19,896,22,1496,203,56,31,185,206,189,716,24013,926,5062,3636,484,383,556,267,13666,281,6368,982,4336,737,33,1325,8,17517,3362,5978,21772,995,16901,94,222,352,951,465,912,794,893,6853,868,35,82,957,17,54,1449,1388,3,226,66,11976,19795,15967,4152,14637,2233,437,36469,42835,7074,19221,33232,36557,116,34,658,536,253,820,311,198,103,456,3777,0.0,0.0,0.0,0.0,0.0,0.0,0.0,0.0,0.0,0.0,0.0,0.0,0.0,0.0,0.0,0.0,0.0,0.0,0.0,0.0,0.0,0.0,0.0,0.0,0.0,0.0,0.0,0.0,0.0,0.0,0.0,0.0,0.0,0.0,0.0,0.0,0.0,0.0,0.0,0.0,0.0,0.0,0.0,0.0,0.0,0.0,0.0,0.0,0.0,0.0,0.0,0.0,0.0,0.0,0.0,0.0,0.0,0.0,0.0,0.0,0.0,0.0,0.0,0.0,0.0,0.0,0.0,0.0,0.0,0.0,0.0,0.0,0.0,0.0,0.0,0.0,0.0,0.0,0.0,0.0,0.0,0.0,0.0,0.0,0.0,0.0,0.0,0.0,0.0,0.0,0.0,0.0,0.0,0.0,0.0,0.0,0.0,0.0,0.0,0.0,0.0,0.0,0.0,0.0,0.0,0.0,0.0,0.0,0.0,0.0,0.0,0.0,0.0,0.0,0.0,0.0,0.0,0.0,0.0,0.0,0.0,0.0,0.0,0.0,0.0,0.0,0.0,0.0,0.0,0.0,0.0,0.0,0.0,0.0,0.0,0.0,0.0,0.0,0.0,0.0,0.0,0.0,0.0,0.0,0.0,0.0,0.0,0.0,0.0,0.0
ENCFF000OWE,0.15939223451271728,26495,638,2309,22903,468,69395,5301,237,457,200,466,2420,3950,7700,12046,26955,2763,348,4168,4049,306,509,62,31,55,1231,635,2312,13456,2767,173,126,374,1407,1351,39,1603,30,28,5321,7464,71,464,45,207,1046,5852,13324,63,527,716,1023,307,229,4758,132,359,254,143,493,1124,295,8262,505,454,204,87,32430,30973,5074,806,543,832,3599,203,1017,383,603,713,149,675,966,2519,388,350,2432,13,637,382,18,894,115,25,803,917,9365,114511,7758,174,20352,29884,1898,25877,998,452,4658,2628,1544,17,2040,5442,5427,167,2938,22317,2079,21193,339,1323,1405,7071,597,27748,1027,4402,2122,637,1899,252,95,22007,11748,515,16587,6785,7664,20264,109,3119,2481,958,2489,28513,406,222,127,77,50,29,1668,219,577,7199,3351,418,2794,23695,2328,291,893,885,830,2142,3402,2903,4335,59,91,30,735,12,1297,454,881,1855,14,1,349,559,806,10524,5020,30326,1638,21409,21834,9722,17367,9392,19083,264,20025,24017,7514,6356,16669,13193,4737,606,137,524,46,346,633,137,54,18,18,2680,280,23978,7792,12278,194,236370,25467,2342,19963,17198,790,399,27837,13831,39041,3433,33517,179,30780,41,238,639,199,219,777,597,2724,1652,20,471,674,416,636,292,1978,1163,196,314,3434,2965,1602,1922,825,211,498,507,278,232,236,363,803,3696,975,266,1323,1754,1642,7640,12340,403,1732,2540,975,630,503,445,744,328,111,6606,396,604,4032,282,1092,296,2832,756,725,397,640,157,393,395,1641,1635,629,681,547,1815,1059,556,553,601,2795,16,25,274,478,398,148,10398,43,7444,12,373,38,4734,724,5389,4672,5219,25,1928,85,106,1264,2883,49944,488,1528,1715,714,36,2055,135,210,519,11452,4871,2900,920,13,103,76,10,37,474,832,1714,521,2454,377,357,979,34012,261,1501,85582,561,4302,717,4246,785,1975,230,308,2705,604,831,879,293,311,185,3169,1021,744,943,459,897,1110,18029,51,7198,1553,28,19299,4861,14,213,4750,702,58,4445,568,818,187,2442,926,14273,2529,420,616,935,367,841,612,829,634,19,685,21,1285,104,11,126,254,250,608,454,19513,1260,6685,3700,829,426,700,119,25558,77,11314,1136,8505,1066,277,1903,32,27771,5071,8871,33978,1070,12921,152,338,338,654,588,908,538,1393,3890,811,25,192,724,16,35,2801,2861,24,132,161,18103,28530,20349,5568,25206,2944,688,46510,63522,8835,28522,46532,56704,256,141,551,503,201,642,899,197,293,490,4881,0.0,0.0,0.0,0.0,0.0,0.0,0.0,0.0,0.0,0.0,0.0,0.0,0.0,0.0,0.0,0.0,0.0,0.0,0.0,0.0,0.0,0.0,0.0,0.0,0.0,0.0,0.0,0.0,0.0,0.0,0.0,0.0,0.0,0.0,0.0,0.0,0.0,0.0,0.0,0.0,0.0,0.0,0.0,0.0,0.0,0.0,0.0,0.0,0.0,0.0,0.0,0.0,0.0,0.0,0.0,0.0,0.0,0.0,0.0,0.0,0.0,0.0,0.0,0.0,0.0,0.0,0.0,0.0,0.0,0.0,0.0,0.0,0.0,0.0,0.0,0.0,0.0,0.0,0.0,0.0,0.0,0.0,0.0,0.0,0.0,0.0,0.0,0.0,0.0,0.0,0.0,0.0,0.0,0.0,0.0,0.0,0.0,0.0,0.0,0.0,0.0,0.0,0.0,0.0,0.0,0.0,0.0,0.0,0.0,0.0,0.0,0.0,0.0,0.0,0.0,0.0,0.0,0.0,0.0,0.0,0.0,0.0,0.0,0.0,0.0,0.0,0.0,0.0,0.0,0.0,0.0,0.0,0.0,0.0,0.0,0.0,0.0,0.0,0.0,0.0,0.0,0.0,0.0,0.0,0.0,0.0,0.0,0.0,0.0,0.0
ENCFF041JIR,0.19870587667417314,72733,344,2396,23004,299,90087,10340,244,398,414,830,2332,1717,4066,10533,15860,2947,936,6046,6365,276,1147,98,151,139,1352,3868,2655,14521,5720,408,164,522,1460,1351,32,2547,36,18,8822,15653,75,807,10,106,944,5919,8085,392,1057,636,824,705,504,9935,259,509,1075,301,1421,1372,73,4093,265,293,1036,112,33188,51557,11215,809,429,1667,8689,490,1075,375,509,570,140,622,1065,4581,287,319,2565,11,511,361,22,1601,201,51,1186,654,6725,198029,13487,147,36978,48270,2202,41954,1090,395,7629,2072,2189,49,4194,10179,10989,298,4883,46510,1472,22218,140,639,967,9338,325,24594,905,8437,3669,876,3767,538,171,43949,5850,2686,10312,4725,20933,42326,340,4011,5098,934,4592,21054,563,691,60,156,28,59,3587,489,684,12157,6334,850,4548,21118,1360,685,910,2309,1617,3435,5734,5906,8752,93,182,98,677,61,1027,332,1590,552,31,3,347,972,872,18661,9609,55792,2127,26518,38106,14452,18179,13310,24124,400,31472,36929,15048,12301,28667,24919,6050,834,750,916,37,369,578,226,97,48,173,4879,194,20159,8255,4272,419,254181,41636,4263,32466,9204,1869,692,39452,19453,39793,2448,67684,218,73861,61,493,1009,89,186,756,376,3377,3894,58,393,533,347,585,252,2214,1239,315,304,5664,3582,2245,4404,822,156,454,450,260,202,135,609,720,4689,865,212,1681,2176,1741,4214,8740,1938,2159,4602,1075,593,510,411,562,243,122,10227,395,708,6527,245,1839,276,3850,606,751,336,656,294,260,469,1704,1405,468,627,500,2919,1427,652,552,577,2923,41,51,271,412,939,373,23775,394,13949,56,512,135,8994,1326,11044,8682,8622,43,4102,235,206,2335,6353,46569,1253,2947,2184,1395,118,2080,342,494,1610,16072,7637,3470,2372,229,338,137,27,103,369,2355,3687,670,3810,338,353,991,28694,456,1440,155113,425,8415,633,5113,4426,1983,225,1241,6514,466,938,989,221,274,394,21979,1162,719,997,435,946,1128,32174,107,11893,2487,85,38262,10534,73,471,7364,1332,148,6420,509,2485,382,3289,808,8994,1176,974,468,924,334,1010,547,2298,760,54,1133,80,2162,187,46,351,671,783,382,687,22167,720,4245,3046,568,684,1267,676,54960,205,19924,1543,17315,2480,315,4193,37,37949,6849,12099,51476,1455,7841,158,481,211,757,438,967,484,930,7640,841,11,400,632,71,48,6064,6639,18,608,240,34692,36154,25078,6794,43004,5119,523,61402,93321,11001,36816,70605,92096,249,161,414,416,143,536,1722,518,568,954,7777,0.0,0.0,0.0,0.0,0.0,0.0,0.0,0.0,0.0,0.0,0.0,0.0,0.0,0.0,0.0,0.0,0.0,0.0,0.0,0.0,0.0,0.0,0.0,0.0,0.0,0.0,0.0,0.0,0.0,0.0,0.0,0.0,0.0,0.0,0.0,0.0,0.0,0.0,0.0,0.0,0.0,0.0,0.0,0.0,0.0,0.0,0.0,0.0,0.0,0.0,0.0,0.0,0.0,0.0,0.0,0.0,0.0,0.0,0.0,0.0,0.0,0.0,0.0,0.0,0.0,0.0,0.0,0.0,0.0,0.0,0.0,0.0,0.0,0.0,0.0,0.0,0.0,0.0,0.0,0.0,0.0,0.0,0.0,0.0,0.0,0.0,0.0,0.0,0.0,0.0,0.0,0.0,0.0,0.0,0.0,0.0,0.0,0.0,0.0,0.0,0.0,0.0,0.0,0.0,0.0,0.0,0.0,0.0,0.0,0.0,0.0,0.0,0.0,0.0,0.0,0.0,0.0,0.0,0.0,0.0,0.0,0.0,0.0,0.0,0.0,0.0,0.0,0.0,0.0,0.0,0.0,0.0,0.0,0.0,0.0,0.0,0.0,0.0,0.0,0.0,0.0,0.0,0.0,0.0,0.0,0.0,0.0,0.0,0.0,0.0
ENCFF697EXD,0.24377524346424306,38812,703,2593,18799,387,39349,5761,163,367,243,890,2276,2463,4778,7787,13405,2653,595,6581,4995,233,909,85,94,118,600,1145,1741,10486,3941,311,172,477,883,783,25,1575,32,71,6900,12223,35,738,17,338,553,4045,10301,153,383,225,502,684,532,8027,243,498,430,342,829,1494,173,4604,414,624,266,268,33481,42286,9151,483,256,867,7153,331,529,227,283,393,77,378,510,4071,180,184,1650,14,308,189,25,1749,308,92,1184,499,7891,163110,11933,62,31575,41897,1597,35500,744,208,6445,1803,1985,35,3171,7962,8302,135,3181,34881,1756,16791,278,1171,1131,8160,593,18294,563,6055,3091,1022,3278,407,165,39612,7789,647,11287,4807,17666,32218,159,2912,3949,554,3285,23543,765,388,46,159,48,65,2837,396,1127,8630,5834,774,3762,18103,1377,500,515,2774,2170,2747,4600,4051,7429,81,172,94,335,36,695,215,1989,2633,9,0,244,764,535,16739,8146,44584,1573,23927,31357,11106,18260,9496,17441,307,26822,30075,11213,9909,22897,19876,6865,600,174,885,38,156,313,255,75,73,51,3557,180,19426,6520,6142,510,343426,31295,3277,27594,9745,1476,630,35542,16329,33802,2357,53472,195,54494,75,298,1116,525,108,429,276,2144,2329,36,244,352,189,358,162,1334,743,392,266,3573,2462,1695,3476,379,81,238,263,131,139,113,626,342,3862,541,126,1455,1448,1075,5834,18322,585,1373,3691,778,360,278,219,341,172,250,9451,223,387,5645,128,1165,173,3166,344,366,144,374,369,182,305,1039,1001,259,351,299,2580,1004,289,278,269,1657,15,20,141,222,640,69,17171,249,11390,17,622,66,6610,982,8185,6199,5729,44,2697,99,185,2343,4755,45423,785,2320,1612,1097,31,1416,298,345,999,11110,6805,3646,1832,53,167,143,16,23,231,1434,2573,326,3117,207,188,1115,25415,232,978,129907,632,6309,362,2900,1482,1487,163,414,4435,239,513,538,141,210,201,6065,609,412,541,280,525,621,26387,86,8090,2410,66,29702,7723,47,388,5357,1035,55,4626,329,1702,389,2060,466,8327,1316,650,336,506,227,510,340,1523,711,38,964,30,1465,323,15,219,488,844,560,723,14396,1053,3799,2673,606,433,1082,306,44816,80,16215,1065,15010,1583,228,3037,84,28937,5558,8905,41499,1833,8099,90,507,160,388,649,597,260,740,6184,512,32,361,344,35,65,5127,5106,28,262,204,27890,33128,21057,5499,36739,4115,295,57578,82824,8722,34130,59832,79031,250,184,293,255,97,251,1748,285,521,615,5472,0.0,0.0,0.0,0.0,0.0,0.0,0.0,0.0,0.0,0.0,0.0,0.0,0.0,0.0,0.0,0.0,0.0,0.0,0.0,0.0,0.0,0.0,0.0,0.0,0.0,0.0,0.0,0.0,0.0,0.0,0.0,0.0,0.0,0.0,0.0,0.0,0.0,0.0,0.0,0.0,0.0,0.0,0.0,0.0,0.0,0.0,0.0,0.0,0.0,0.0,0.0,0.0,0.0,0.0,0.0,0.0,0.0,0.0,0.0,0.0,0.0,0.0,0.0,0.0,0.0,0.0,0.0,0.0,0.0,0.0,0.0,0.0,0.0,0.0,0.0,0.0,0.0,0.0,0.0,0.0,0.0,0.0,0.0,0.0,0.0,0.0,0.0,0.0,0.0,0.0,0.0,0.0,0.0,0.0,0.0,0.0,0.0,0.0,0.0,0.0,0.0,0.0,0.0,0.0,0.0,0.0,0.0,0.0,0.0,0.0,0.0,0.0,0.0,0.0,0.0,0.0,0.0,0.0,0.0,0.0,0.0,0.0,0.0,0.0,0.0,0.0,0.0,0.0,0.0,0.0,0.0,0.0,0.0,0.0,0.0,0.0,0.0,0.0,0.0,0.0,0.0,0.0,0.0,0.0,0.0,0.0,0.0,0.0,0.0,0.0
ENCFF479BPN,0.1453374562079844,39676,129,1081,25660,333,100552,7138,304,129,120,301,2571,973,4353,13586,12079,1235,398,5896,2906,70,314,23,93,65,1029,2727,2531,40198,2304,64,29,287,1813,1797,22,2303,37,5,5127,4986,66,228,41,26,606,4389,17333,144,564,1436,1340,98,128,2325,66,179,135,159,539,1290,204,11385,1257,450,691,57,29958,30144,3236,1174,685,1445,3176,113,1373,593,754,795,249,1066,1357,1405,387,706,3117,26,778,714,17,595,229,39,1102,749,14986,87138,4883,85,12707,19972,2704,16636,1384,623,2073,939,1108,21,2047,4017,4645,240,2857,23702,1450,48782,194,931,1037,4019,463,81548,1223,3597,1223,263,1141,152,232,13396,4395,1270,22450,6101,7628,13570,83,2999,7713,1147,1836,41863,546,224,46,42,26,75,1061,346,243,5540,1820,170,3187,25046,1608,125,1457,1630,1053,1540,2575,2568,2958,34,215,77,1051,55,1204,566,877,46,19,10,419,351,1302,7264,3265,23672,1920,15871,23566,9662,30784,10649,18607,122,15043,19737,5477,5197,16645,10917,3616,598,203,902,16,771,1168,123,59,70,170,2169,129,55502,7517,8268,777,117222,26107,2466,15931,18569,537,277,23099,14604,38596,1666,23239,58,20289,20,157,326,30,326,882,368,3484,1290,31,667,622,538,981,453,2393,1249,161,119,3693,2712,1283,1915,1593,302,832,801,474,268,200,149,1017,3569,810,330,886,2323,1659,6332,18589,1966,2255,1801,928,819,716,593,863,470,51,5977,528,1465,3170,302,1283,518,2612,1452,1093,844,946,136,392,423,2294,1746,855,741,675,1476,1427,1015,570,1137,2421,12,29,398,761,402,307,7049,178,4967,18,105,77,3173,298,4402,4051,5327,43,1507,109,34,2390,1456,54941,296,1320,1958,562,21,1913,135,181,890,13899,7220,2694,677,65,175,67,20,57,560,1625,950,862,2290,584,420,941,42592,116,1420,51002,365,3450,866,6115,2916,1761,212,297,2088,744,1104,1090,280,243,54,17704,1612,968,1017,447,1009,1168,14664,32,9586,767,37,14446,5089,67,241,4071,831,58,4876,649,764,98,3144,971,18574,1452,454,651,1017,602,802,859,867,1010,48,719,46,1540,147,32,54,182,622,199,950,15355,783,4979,3022,434,402,472,255,13523,161,6636,1046,4563,869,25,1259,8,23608,4570,7153,27409,741,18027,110,249,351,925,454,912,808,871,6598,919,11,74,931,56,36,1501,1284,20,176,75,15134,21964,17927,4766,16835,2453,241,45050,48396,8086,20993,37937,42536,149,24,681,550,225,817,461,214,114,527,3788,0.0,0.0,0.0,0.0,0.0,0.0,0.0,0.0,0.0,0.0,0.0,0.0,0.0,0.0,0.0,0.0,0.0,0.0,0.0,0.0,0.0,0.0,0.0,0.0,0.0,0.0,0.0,0.0,0.0,0.0,0.0,0.0,0.0,0.0,0.0,0.0,0.0,0.0,0.0,0.0,0.0,0.0,0.0,0.0,0.0,0.0,0.0,0.0,0.0,0.0,0.0,0.0,0.0,0.0,0.0,0.0,0.0,0.0,0.0,0.0,0.0,0.0,0.0,0.0,0.0,0.0,0.0,0.0,0.0,0.0,0.0,0.0,0.0,0.0,0.0,0.0,0.0,0.0,0.0,0.0,0.0,0.0,0.0,0.0,0.0,0.0,0.0,0.0,0.0,0.0,0.0,0.0,0.0,0.0,0.0,0.0,0.0,0.0,0.0,0.0,0.0,0.0,0.0,0.0,0.0,0.0,0.0,0.0,0.0,0.0,0.0,0.0,0.0,0.0,0.0,0.0,0.0,0.0,0.0,0.0,0.0,0.0,0.0,0.0,0.0,0.0,0.0,0.0,0.0,0.0,0.0,0.0,0.0,0.0,0.0,0.0,0.0,0.0,0.0,0.0,0.0,0.0,0.0,0.0,0.0,0.0,0.0,0.0,0.0,0.0
ENCFF726ZWD,0.13282575714437123,32895,76,2571,20734,225,48387,7053,216,265,378,599,2627,1468,3366,13826,10927,2432,946,3108,5292,190,882,72,35,40,1033,407,3045,12686,4499,361,92,442,1447,1246,37,2014,11,5,8347,14029,42,852,43,31,700,5945,15486,60,555,789,1049,584,362,9355,154,459,400,113,1007,1124,103,5402,1460,85,127,31,34703,53412,10096,811,501,1338,6833,414,979,446,564,652,157,777,904,4410,361,428,3180,6,638,485,11,1303,391,18,1366,773,5365,189773,12903,151,34311,49112,2228,42064,1010,465,6863,2054,2367,22,3893,9956,9984,119,4357,42978,1062,22982,139,574,871,9294,268,33667,1005,6977,3131,885,3312,616,115,46552,5500,289,20290,4162,17906,39856,40,3906,1664,901,4156,17514,195,232,59,109,15,36,3216,482,397,10207,5596,688,3244,22964,2320,597,925,1156,1151,3066,5888,5616,7448,51,106,33,778,25,1265,447,2328,813,12,15,351,849,811,18885,8760,56163,2266,25017,34394,13887,26878,13242,25681,342,34073,39444,16887,11849,27534,21597,5843,980,75,398,305,407,755,167,47,18,41,4752,106,29052,8602,4408,678,155596,33593,3794,29970,10112,1383,541,37692,15408,37254,1305,55312,120,54988,39,380,703,16,226,709,628,3700,3189,104,521,667,409,691,325,1976,1139,410,250,5473,3232,2000,3102,984,256,516,551,264,277,188,601,870,4509,729,284,1770,2286,1753,8171,56112,410,2092,4666,1275,636,475,466,698,411,150,10074,387,808,6131,260,1972,340,4294,906,762,475,664,355,393,511,2039,1649,573,685,632,2672,1436,683,540,801,3390,14,32,303,492,746,118,19731,45,11252,10,521,138,7952,1092,8959,6755,7130,8,3138,85,193,672,5738,46927,906,2975,2188,1226,27,2225,218,287,1324,13855,4249,2673,2034,38,307,61,2,26,495,1210,2591,550,3698,402,411,1162,29323,278,1699,144723,342,7560,713,4505,847,1899,266,186,3790,592,733,812,344,319,429,3053,991,710,804,529,919,1029,28083,38,12050,2056,24,32241,7912,67,399,6540,1031,16,6891,571,2759,244,3033,822,9188,1967,509,615,914,407,869,637,1545,360,14,933,12,1757,421,66,246,318,186,142,540,17811,684,5868,3073,574,599,923,99,46070,91,16884,1126,15359,1949,201,3461,7,31538,5709,9687,42551,4264,12890,130,65,267,736,286,780,540,1045,3811,738,26,235,736,36,28,4993,5579,19,152,194,31207,38601,27344,6643,41657,4932,448,71506,94562,11454,38283,74042,90108,222,147,530,466,175,608,1397,440,460,723,6776,0.0,0.0,0.0,0.0,0.0,0.0,0.0,0.0,0.0,0.0,0.0,0.0,0.0,0.0,0.0,0.0,0.0,0.0,0.0,0.0,0.0,0.0,0.0,0.0,0.0,0.0,0.0,0.0,0.0,0.0,0.0,0.0,0.0,0.0,0.0,0.0,0.0,0.0,0.0,0.0,0.0,0.0,0.0,0.0,0.0,0.0,0.0,0.0,0.0,0.0,0.0,0.0,0.0,0.0,0.0,0.0,0.0,0.0,0.0,0.0,0.0,0.0,0.0,0.0,0.0,0.0,0.0,0.0,0.0,0.0,0.0,0.0,0.0,0.0,0.0,0.0,0.0,0.0,0.0,0.0,0.0,0.0,0.0,0.0,0.0,0.0,0.0,0.0,0.0,0.0,0.0,0.0,0.0,0.0,0.0,0.0,0.0,0.0,0.0,0.0,0.0,0.0,0.0,0.0,0.0,0.0,0.0,0.0,0.0,0.0,0.0,0.0,0.0,0.0,0.0,0.0,0.0,0.0,0.0,0.0,0.0,0.0,0.0,0.0,0.0,0.0,0.0,0.0,0.0,0.0,0.0,0.0,0.0,0.0,0.0,0.0,0.0,0.0,0.0,0.0,0.0,0.0,0.0,0.0,0.0,0.0,0.0,0.0,0.0,0.0
ENCFF000WZD,0.05439950977353497,14305,123,1177,11853,367,46548,3474,76,188,126,229,997,1449,2258,3630,11460,1164,205,2940,2442,85,325,35,29,49,370,183,1042,10690,1664,118,75,198,620,539,8,738,9,9,2933,4763,32,278,15,56,308,2056,7266,28,192,290,428,218,161,2987,100,174,175,96,372,520,68,3342,95,465,48,28,15440,17779,3157,320,201,352,2628,110,364,166,238,302,69,274,414,1531,119,128,1056,12,238,139,45,688,421,26,585,338,3657,73694,4917,34,12451,17071,930,14718,471,188,2765,858,964,22,1629,3639,3684,145,1709,15603,1123,14085,293,1055,970,4037,496,17913,452,2747,1431,409,1207,221,68,14802,3985,190,7895,2344,6693,11998,36,1517,1903,365,1270,8543,311,109,38,55,29,38,948,161,266,4245,2256,309,1658,10657,849,240,362,868,608,1066,1880,1725,2468,57,477,46,264,14,491,156,745,2727,5,1,122,349,364,6593,2922,18886,743,11123,14725,5072,8370,5071,9743,99,11374,12926,4566,4047,9321,7481,2471,291,36,407,14,158,244,95,39,26,37,1442,122,9687,3672,3940,194,87273,14105,1205,10844,6157,607,293,14555,7467,17906,1793,19987,65,20391,24,157,262,70,89,310,218,1166,879,16,133,242,151,254,102,867,450,80,118,1643,1339,795,1356,333,67,176,194,128,116,71,236,299,1917,353,105,685,703,700,2780,5277,121,821,1634,411,273,225,189,243,136,56,3452,135,248,2207,113,600,121,1375,258,298,152,244,100,115,191,657,701,222,276,192,959,478,218,196,237,1066,10,20,118,178,494,80,6530,144,4753,24,241,87,2641,313,3228,3040,2374,25,1230,93,99,604,1631,18800,256,954,752,416,10,945,93,253,269,5706,3028,1097,673,53,212,99,13,55,154,1378,1398,200,1653,132,138,484,14556,110,557,54121,243,2414,284,1763,276,992,70,76,1575,219,352,385,124,123,88,1104,389,300,369,211,341,413,10436,82,3516,923,27,11886,2672,21,114,2382,424,41,2119,234,1214,168,1092,327,7715,773,234,254,406,106,371,248,626,87,11,390,10,730,277,13,94,166,294,300,326,7651,956,2550,2036,530,169,469,136,18670,32,6605,537,5430,685,162,1167,11,13907,2595,4337,18042,520,5093,69,150,111,242,148,373,175,427,3333,321,16,101,280,23,49,1894,1870,8,53,102,10490,15451,10664,2935,15152,1639,158,23724,36097,4683,15969,25631,32899,88,64,194,173,77,234,906,128,289,302,2788,0.0,0.0,0.0,0.0,0.0,0.0,0.0,0.0,0.0,0.0,0.0,0.0,0.0,0.0,0.0,0.0,0.0,0.0,0.0,0.0,0.0,0.0,0.0,0.0,0.0,0.0,0.0,0.0,0.0,0.0,0.0,0.0,0.0,0.0,0.0,0.0,0.0,0.0,0.0,0.0,0.0,0.0,0.0,0.0,0.0,0.0,0.0,0.0,0.0,0.0,0.0,0.0,0.0,0.0,0.0,0.0,0.0,0.0,0.0,0.0,0.0,0.0,0.0,0.0,0.0,0.0,0.0,0.0,0.0,0.0,0.0,0.0,0.0,0.0,0.0,0.0,0.0,0.0,0.0,0.0,0.0,0.0,0.0,0.0,0.0,0.0,0.0,0.0,0.0,0.0,0.0,0.0,0.0,0.0,0.0,0.0,0.0,0.0,0.0,0.0,0.0,0.0,0.0,0.0,0.0,0.0,0.0,0.0,0.0,0.0,0.0,0.0,0.0,0.0,0.0,0.0,0.0,0.0,0.0,0.0,0.0,0.0,0.0,0.0,0.0,0.0,0.0,0.0,0.0,0.0,0.0,0.0,0.0,0.0,0.0,0.0,0.0,0.0,0.0,0.0,0.0,0.0,0.0,0.0,0.0,0.0,0.0,0.0,0.0,0.0
ENCFF244WIG,0.15960543029319202,63922,220,2612,65251,719,125751,8464,468,301,216,488,4142,2150,10712,35651,32790,2059,745,6643,4985,101,699,79,162,162,1584,4402,4302,46982,3642,161,77,532,2881,2841,48,2834,17,2,7875,9656,118,380,80,49,874,7440,45640,374,916,1922,2132,344,209,4551,128,353,263,146,846,1881,742,23953,431,526,1233,56,57729,42544,4850,1730,1087,2361,4147,209,2037,1009,1099,1413,364,1814,1769,2939,712,1118,5390,31,1348,1095,13,908,637,53,1492,1901,24660,153463,7756,138,21268,34088,3741,29017,1848,1024,3826,1418,1738,40,3000,6185,6320,291,4941,31365,2382,51528,191,1221,1610,6649,611,87730,1942,5544,2337,434,1998,183,99,24437,9831,1556,44893,10300,9281,23351,183,5055,7068,1743,3473,120997,703,425,189,96,67,51,1960,467,298,9339,3304,356,3981,66638,4917,350,1835,1091,631,2670,3536,3483,4629,85,100,80,1655,41,2058,893,945,224,18,16,781,594,1732,10922,5257,38441,3001,26959,34434,14222,43341,16097,30991,270,23756,29672,8931,7800,24598,16010,5529,977,501,894,42,1066,1752,97,37,38,229,3594,168,53898,13906,10967,352,186504,41094,4251,25137,39369,1127,488,38343,20728,74229,2719,31463,72,29696,24,281,665,27,511,1369,272,5472,2640,40,1214,1229,971,1541,693,3664,2088,145,191,6574,3849,2158,2412,2473,520,1203,1194,635,514,384,254,1895,4951,1300,565,1647,3131,2691,14906,45052,3158,3413,2916,1607,1237,965,981,1398,848,76,7425,797,2132,5216,468,2031,868,4232,2022,1673,1130,1435,154,702,703,3794,3009,1229,1402,1234,2528,2190,1566,1117,1820,4831,54,37,676,1216,475,421,13561,249,8065,41,238,75,6254,623,7063,6479,9287,57,2845,97,67,3281,3088,101500,664,1782,2639,1066,131,3176,155,965,1353,20023,8552,3871,1295,47,153,111,26,42,990,1987,2069,1022,3554,1032,693,3777,94730,411,2356,95112,659,5956,1556,9128,4781,3134,478,1022,4853,1210,1581,1601,582,490,192,24570,2044,1512,1645,678,1631,1819,24669,63,15362,1299,79,23158,8162,92,381,7267,1075,101,8838,1145,1216,174,4687,1657,55176,3632,834,1078,1612,978,1211,1391,1035,947,46,698,31,2376,251,89,87,373,950,456,1233,68680,1777,13709,6111,1288,690,833,493,31571,158,11755,1914,8651,1419,146,2373,17,28645,5302,10088,39331,1834,47579,229,290,598,1507,757,1468,1260,1591,13866,1457,26,254,1758,38,70,2876,2923,25,416,85,22365,36656,31945,7815,28480,3675,455,74981,81731,13641,38237,61889,68348,328,96,1068,987,333,1319,704,398,311,706,6787,0.0,0.0,0.0,0.0,0.0,0.0,0.0,0.0,0.0,0.0,0.0,0.0,0.0,0.0,0.0,0.0,0.0,0.0,0.0,0.0,0.0,0.0,0.0,0.0,0.0,0.0,0.0,0.0,0.0,0.0,0.0,0.0,0.0,0.0,0.0,0.0,0.0,0.0,0.0,0.0,0.0,0.0,0.0,0.0,0.0,0.0,0.0,0.0,0.0,0.0,0.0,0.0,0.0,0.0,0.0,0.0,0.0,0.0,0.0,0.0,0.0,0.0,0.0,0.0,0.0,0.0,0.0,0.0,0.0,0.0,0.0,0.0,0.0,0.0,0.0,0.0,0.0,0.0,0.0,0.0,0.0,0.0,0.0,0.0,0.0,0.0,0.0,0.0,0.0,0.0,0.0,0.0,0.0,0.0,0.0,0.0,0.0,0.0,0.0,0.0,0.0,0.0,0.0,0.0,0.0,0.0,0.0,0.0,0.0,0.0,0.0,0.0,0.0,0.0,0.0,0.0,0.0,0.0,0.0,0.0,0.0,0.0,0.0,0.0,0.0,0.0,0.0,0.0,0.0,0.0,0.0,0.0,0.0,0.0,0.0,0.0,0.0,0.0,0.0,0.0,0.0,0.0,0.0,0.0,0.0,0.0,0.0,0.0,0.0,0.0
ENCFF397MJD,0.22000151589501682,37516,137,1464,54973,731,202549,9183,353,361,184,724,3085,3158,4834,30111,46451,3007,1081,5995,5645,168,1044,54,411,240,746,600,3900,33179,4355,218,95,651,2645,2697,4,3619,70,12,8394,13398,32,446,21,83,778,7743,34284,54,1303,1011,1730,253,424,7199,119,512,277,449,1675,2163,363,15560,129,272,163,122,44607,51512,7497,1560,857,2275,8421,176,1979,755,876,1094,352,1478,2229,3282,565,987,4076,57,1044,1019,39,2568,637,177,1391,900,24018,181856,14013,124,35898,45765,3832,40726,2228,925,5244,2074,2731,40,4825,7972,9536,731,4774,43533,2442,53252,320,1557,1215,7549,641,87803,1486,6598,2416,844,3022,129,137,42881,7401,230,27278,7983,18066,35894,49,3930,5168,1704,2697,89945,1397,167,133,106,34,19,2811,753,493,10210,5363,245,4552,53553,2714,293,2189,3794,2737,3107,5129,6029,8805,53,283,231,1211,62,1442,808,3103,526,2,3,527,492,1890,14881,8601,47316,3330,27291,36580,11247,41471,14622,23861,367,30767,37699,11407,11775,31401,25236,7219,1338,43,332,5,727,1483,230,41,45,111,3592,184,62827,8731,15302,740,279213,37917,5203,29352,27454,1679,571,38087,18042,52797,4054,54852,44,56831,40,126,920,33,456,1190,131,4429,2607,25,949,830,720,1202,716,3533,1951,62,84,5795,4355,2067,4871,1999,381,1295,944,598,413,331,363,1169,5575,685,530,1545,3998,2537,11179,59807,759,3296,4608,1721,1223,1122,801,1068,693,39,15986,681,1884,8051,415,2262,701,3758,1816,1465,1096,1111,84,554,299,3077,2289,1147,1008,965,3139,2595,1279,791,1295,2777,17,28,568,1035,995,34,19147,419,12335,34,308,52,7117,870,10894,7064,7677,91,3371,123,17,3360,3748,113459,563,3094,3323,1372,20,2904,223,593,2768,16145,6430,4353,2225,221,134,170,39,102,724,1728,2303,1307,3869,875,528,2853,104644,180,2462,133161,568,8516,1229,8295,1401,2379,371,180,3789,1004,1678,1722,367,344,138,8583,2466,1326,1548,152,1539,1691,29417,85,14940,1660,168,36331,10736,16,804,5379,1909,105,6981,849,1318,296,5680,1295,12998,2083,309,932,1519,712,810,1129,2022,371,103,1131,69,2389,296,74,180,104,2201,426,909,52816,1724,8090,3761,892,1276,1259,896,38248,31,14118,1252,13747,3298,56,2897,11,36316,7837,8873,42459,1884,28016,95,1109,478,1276,741,1521,928,1299,15150,1287,6,231,1259,124,199,5313,4878,49,38,116,42401,33860,25012,6172,40174,7174,850,109556,95878,11849,35280,74346,94947,409,105,864,803,340,1097,1025,340,319,1069,6862,0.0,0.0,0.0,0.0,0.0,0.0,0.0,0.0,0.0,0.0,0.0,0.0,0.0,0.0,0.0,0.0,0.0,0.0,0.0,0.0,0.0,0.0,0.0,0.0,0.0,0.0,0.0,0.0,0.0,0.0,0.0,0.0,0.0,0.0,0.0,0.0,0.0,0.0,0.0,0.0,0.0,0.0,0.0,0.0,0.0,0.0,0.0,0.0,0.0,0.0,0.0,0.0,0.0,0.0,0.0,0.0,0.0,0.0,0.0,0.0,0.0,0.0,0.0,0.0,0.0,0.0,0.0,0.0,0.0,0.0,0.0,0.0,0.0,0.0,0.0,0.0,0.0,0.0,0.0,0.0,0.0,0.0,0.0,0.0,0.0,0.0,0.0,0.0,0.0,0.0,0.0,0.0,0.0,0.0,0.0,0.0,0.0,0.0,0.0,0.0,0.0,0.0,0.0,0.0,0.0,0.0,0.0,0.0,0.0,0.0,0.0,0.0,0.0,0.0,0.0,0.0,0.0,0.0,0.0,0.0,0.0,0.0,0.0,0.0,0.0,0.0,0.0,0.0,0.0,0.0,0.0,0.0,0.0,0.0,0.0,0.0,0.0,0.0,0.0,0.0,0.0,0.0,0.0,0.0,0.0,0.0,0.0,0.0,0.0,0.0
ENCFF895MOG,0.16365162274721645,25470,130,3174,35752,760,101296,3516,236,430,160,312,2714,4548,10974,20196,32388,3248,258,3788,3810,60,352,50,18,38,718,650,2778,19856,2012,202,112,326,1614,1514,36,1456,16,4,5596,6350,26,392,32,36,446,4782,22696,124,428,964,1318,212,142,3048,88,220,252,64,410,1148,578,13012,796,332,168,34,42178,33556,3326,1014,706,1016,2274,156,1130,504,772,922,208,964,1028,2332,454,530,3462,6,850,454,10,600,62,18,814,1400,15584,109398,5920,80,16014,24462,2076,21294,964,588,2722,760,866,12,1408,4104,4054,114,3496,17964,2608,28154,538,2058,2200,5628,942,44364,1482,3604,1696,440,1402,186,48,13762,14050,376,24438,9446,5204,15340,146,3862,2244,1122,2650,45548,218,154,114,62,8,18,1224,126,298,7438,2458,408,2796,37222,3720,210,1084,498,468,2132,2494,2028,2452,58,64,30,1006,24,1626,610,714,62,30,18,598,474,830,8606,4128,26842,1856,22662,23242,11508,26322,10498,22370,152,17428,20952,6034,5358,14916,10946,4138,772,146,448,56,508,794,96,36,14,24,2532,254,37712,11070,12624,178,130552,28914,2756,20922,25068,558,292,32094,15112,52746,4330,24156,196,21232,12,228,388,58,300,914,118,3284,1328,4,712,866,612,914,400,2200,1270,126,124,3760,2112,1454,1464,1038,332,608,756,322,342,266,232,1098,4438,1252,334,1428,2110,1958,12188,36942,554,2028,1564,1206,828,610,582,836,462,68,4310,460,764,3240,332,1132,368,3110,1022,836,576,838,98,462,478,2218,2298,826,952,662,1464,1296,708,744,1090,3870,14,24,384,554,194,216,7818,60,5252,12,350,28,4066,380,3924,4334,5564,32,1792,62,86,1140,2136,71902,324,1198,1592,728,60,2580,84,54,390,12088,4670,2396,710,22,114,60,18,30,728,826,1454,432,2614,436,382,1522,47364,326,2006,74626,508,3616,926,4654,704,2156,296,274,2918,804,922,914,342,370,182,3560,1040,774,940,410,1008,1126,15726,58,7804,1500,28,15006,4006,16,162,4276,390,34,5158,802,742,120,2540,1046,22098,4076,470,710,956,400,972,838,648,710,10,642,16,1118,68,12,90,292,100,672,598,32176,1918,10288,5384,1240,524,478,72,17910,120,9102,1408,6768,606,302,1748,16,20494,3954,6672,29910,3644,20920,238,226,318,772,384,1036,806,1364,4766,942,30,144,1028,4,34,2242,2062,18,208,102,14536,31076,23822,5798,21788,2616,816,53568,62348,10898,32484,45974,51154,238,140,748,686,162,846,608,192,236,434,4752,0.0,0.0,0.0,0.0,0.0,0.0,0.0,0.0,0.0,0.0,0.0,0.0,0.0,0.0,0.0,0.0,0.0,0.0,0.0,0.0,0.0,0.0,0.0,0.0,0.0,0.0,0.0,0.0,0.0,0.0,0.0,0.0,0.0,0.0,0.0,0.0,0.0,0.0,0.0,0.0,0.0,0.0,0.0,0.0,0.0,0.0,0.0,0.0,0.0,0.0,0.0,0.0,0.0,0.0,0.0,0.0,0.0,0.0,0.0,0.0,0.0,0.0,0.0,0.0,0.0,0.0,0.0,0.0,0.0,0.0,0.0,0.0,0.0,0.0,0.0,0.0,0.0,0.0,0.0,0.0,0.0,0.0,0.0,0.0,0.0,0.0,0.0,0.0,0.0,0.0,0.0,0.0,0.0,0.0,0.0,0.0,0.0,0.0,0.0,0.0,0.0,0.0,0.0,0.0,0.0,0.0,0.0,0.0,0.0,0.0,0.0,0.0,0.0,0.0,0.0,0.0,0.0,0.0,0.0,0.0,0.0,0.0,0.0,0.0,0.0,0.0,0.0,0.0,0.0,0.0,0.0,0.0,0.0,0.0,0.0,0.0,0.0,0.0,0.0,0.0,0.0,0.0,0.0,0.0,0.0,0.0,0.0,0.0,0.0,0.0
ENCFF000RNQ,0.12266967296332557,46189,124,2428,13018,292,53053,6191,144,568,286,525,1424,3430,5106,4681,21655,2910,534,4272,5171,244,888,125,188,159,541,1759,1661,18166,4602,297,178,392,830,854,46,1882,50,7,6244,12224,139,751,22,56,686,4114,3911,276,322,304,484,631,382,7918,283,413,521,295,1534,901,110,2585,642,545,312,17,26903,38520,8998,468,216,997,15202,332,613,216,287,307,58,334,634,3911,161,157,1510,32,316,184,38,1705,188,42,1222,400,2739,159132,11991,108,31306,40938,1826,35407,688,176,6985,2133,2134,50,3501,8405,8086,331,3134,35570,1708,17070,151,658,925,8195,328,17059,586,6514,3185,1034,3436,494,347,49876,9802,810,13266,5131,45226,33278,199,2740,2317,607,3571,9086,404,481,71,122,25,33,2635,357,485,8986,5908,869,3946,12400,926,577,601,3246,2307,2548,4495,4249,9509,110,247,77,351,65,631,192,894,7858,16,0,295,877,530,16256,7752,44339,1415,26637,31104,10701,12289,9931,17753,342,27339,30683,10961,10592,21669,19529,4952,668,470,677,20,147,287,301,142,65,215,3558,312,16236,6111,9830,419,169591,31060,3054,28898,8453,1669,581,32947,14455,28744,2274,49837,187,50598,59,280,671,37,83,459,239,2322,2703,40,181,320,182,263,180,1475,856,536,213,3448,2612,1745,3027,369,64,243,236,135,115,93,785,352,3595,547,126,1368,1487,1082,3098,5028,712,1488,3614,637,391,340,189,344,107,257,8258,234,306,5802,121,1153,126,3113,293,468,124,324,434,127,260,963,985,241,292,259,2616,981,349,242,262,1675,28,88,129,202,798,113,17202,359,11619,37,579,89,6774,1095,8038,6610,5494,69,2943,505,257,924,4614,43531,826,2197,1673,1007,47,1494,328,350,1022,10712,4249,1461,1791,223,429,177,31,125,216,1992,2405,398,2906,163,215,665,25958,246,863,126512,336,6184,372,3225,1767,1480,151,628,4411,272,501,643,140,203,316,9009,689,421,608,273,562,733,27230,357,8351,2307,112,29614,8049,59,348,5172,880,125,4390,265,2031,594,1949,514,7947,693,738,306,627,168,608,320,1801,464,57,979,79,1513,271,63,516,557,1292,673,865,15261,858,2695,2684,512,404,1187,588,45341,191,15506,1158,14409,2369,434,3123,7,31219,5865,8989,42611,912,6726,109,593,131,421,233,594,209,664,3662,513,32,579,336,21,76,4725,5343,9,375,189,26699,30313,21310,5053,36616,4067,344,49130,79428,8881,31324,57745,77622,300,191,236,189,88,297,1764,369,541,667,5612,0.0,0.0,0.0,0.0,0.0,0.0,0.0,0.0,0.0,0.0,0.0,0.0,0.0,0.0,0.0,0.0,0.0,0.0,0.0,0.0,0.0,0.0,0.0,0.0,0.0,0.0,0.0,0.0,0.0,0.0,0.0,0.0,0.0,0.0,0.0,0.0,0.0,0.0,0.0,0.0,0.0,0.0,0.0,0.0,0.0,0.0,0.0,0.0,0.0,0.0,0.0,0.0,0.0,0.0,0.0,0.0,0.0,0.0,0.0,0.0,0.0,0.0,0.0,0.0,0.0,0.0,0.0,0.0,0.0,0.0,0.0,0.0,0.0,0.0,0.0,0.0,0.0,0.0,0.0,0.0,0.0,0.0,0.0,0.0,0.0,0.0,0.0,0.0,0.0,0.0,0.0,0.0,0.0,0.0,0.0,0.0,0.0,0.0,0.0,0.0,0.0,0.0,0.0,0.0,0.0,0.0,0.0,0.0,0.0,0.0,0.0,0.0,0.0,0.0,0.0,0.0,0.0,0.0,0.0,0.0,0.0,0.0,0.0,0.0,0.0,0.0,0.0,0.0,0.0,0.0,0.0,0.0,0.0,0.0,0.0,0.0,0.0,0.0,0.0,0.0,0.0,0.0,0.0,0.0,0.0,0.0,0.0,0.0,0.0,0.0
ENCFF000VTL,0.06100379946141638,2065,31,164,1292,36,3160,212,16,23,6,33,113,175,352,700,972,168,25,187,229,9,43,3,1,3,32,97,141,1027,185,12,22,17,88,60,3,67,1,0,351,486,3,32,0,9,23,234,804,9,116,52,58,18,22,336,13,12,19,12,30,70,14,515,9,33,29,9,2034,2050,337,53,30,62,299,7,56,34,37,45,11,52,44,174,26,26,128,2,34,18,2,70,37,1,79,62,609,7016,488,6,1237,1822,86,1689,85,26,215,63,68,0,127,358,335,2,176,1469,134,1284,30,111,82,369,51,1530,52,257,117,29,167,22,3,1413,530,39,953,287,608,1200,23,180,90,47,179,1551,17,15,4,9,1,2,80,17,48,410,217,32,234,1349,163,22,47,65,43,129,185,133,307,5,6,3,43,1,76,35,177,2437,0,0,20,29,34,766,308,1778,93,1200,1522,601,1397,646,1178,13,1138,1381,418,421,1081,812,304,29,17,27,2,26,41,7,3,0,3,176,11,1784,514,374,7,11869,1596,160,1247,901,64,27,1683,654,2345,178,1910,3,1914,4,14,53,38,9,34,11,127,94,0,38,32,27,54,18,90,51,15,8,165,112,77,130,68,14,21,27,17,15,17,21,48,217,50,20,65,104,96,523,1112,54,93,130,61,23,22,25,48,17,9,358,25,37,269,7,69,30,174,49,42,23,40,20,14,14,83,104,26,36,29,128,60,28,40,42,145,0,1,18,18,31,12,630,3,416,0,25,4,318,52,305,292,321,0,98,5,8,65,210,2585,30,81,90,47,1,107,13,11,24,548,319,172,56,2,7,4,0,3,26,48,119,16,183,32,18,70,1792,21,61,5498,26,249,40,192,102,99,8,29,222,41,35,32,23,17,11,381,35,36,41,16,52,46,1058,1,432,102,1,1268,490,0,22,235,36,2,300,38,65,11,139,49,644,138,60,43,39,21,50,24,64,25,3,53,0,73,5,0,9,20,24,33,33,1146,84,447,254,58,26,28,9,1682,8,629,81,561,65,13,118,3,1239,256,413,1752,93,628,12,13,11,39,26,55,29,62,303,38,2,21,46,2,3,196,203,1,16,8,1158,1810,1375,339,1531,211,11,2912,4088,598,1792,2978,3687,13,15,28,39,4,42,49,22,15,26,260,0.0,0.0,0.0,0.0,0.0,0.0,0.0,0.0,0.0,0.0,0.0,0.0,0.0,0.0,0.0,0.0,0.0,0.0,0.0,0.0,0.0,0.0,0.0,0.0,0.0,0.0,0.0,0.0,0.0,0.0,0.0,0.0,0.0,0.0,0.0,0.0,0.0,0.0,0.0,0.0,0.0,0.0,0.0,0.0,0.0,0.0,0.0,0.0,0.0,0.0,0.0,0.0,0.0,0.0,0.0,0.0,0.0,0.0,0.0,0.0,0.0,0.0,0.0,0.0,0.0,0.0,0.0,0.0,0.0,0.0,0.0,0.0,0.0,0.0,0.0,0.0,0.0,0.0,0.0,0.0,0.0,0.0,0.0,0.0,0.0,0.0,0.0,0.0,0.0,0.0,0.0,0.0,0.0,0.0,0.0,0.0,0.0,0.0,0.0,0.0,0.0,0.0,0.0,0.0,0.0,0.0,0.0,0.0,0.0,0.0,0.0,0.0,0.0,0.0,0.0,0.0,0.0,0.0,0.0,0.0,0.0,0.0,0.0,0.0,0.0,0.0,0.0,0.0,0.0,0.0,0.0,0.0,0.0,0.0,0.0,0.0,0.0,0.0,0.0,0.0,0.0,0.0,0.0,0.0,0.0,0.0,0.0,0.0,0.0,0.0
ENCFF975MTU,0.7192918868977102,84971654,1408293,10959,1264,1,12080,5440,97,1048,107,1646,1205,545,478,65,188,1640,4995,6065,6503,175,1127,4857,2055,60,2435,4807098,1576,248,3414,1296,9322,1252,863,762,177,1022,143,0,23963,9469,55,577,22,124712,609,3521,70,273861,735,581,560,193,1745,55279,27,315,44,48,2336,525,1,7,5,7,951243,10,16218,53677,36256,431,256,48879,8376,62,612,263,327,360,79,431,527,2217,178,243,1617,98,301,365,148,2909,41,6,1583,170,32,191010,11820,3174,58308,39892,1062,34774,692,240,4864,1597,3632,5,51951,32218,16374,831,10677,227048,98,5135,0,1,163,4957,0,152,385,15347,5339,5284,2215,138,1,33926,1034,1924383,157,624,11903,61385,331650,2290,600,418,53646,1107,289,496806,2,153,540,5,1718,378,138,10215,4021,181,1791,1029,216,4022,666,8574,3877,1765,2077,2523,39146,120,25,71,372,9,434,211,4624,4222,3,0,1663,215,710,20058,5600,349193,1569,15398,21940,9241,15310,11625,29635,167,29191,32626,9930,11874,44109,64614,5539,642,17926,54,3,247,527,74,17,86,7,4195,5,5267,3307,92,40,106664392,21332,129671,16616,686,1354,530,18209,11195,16002,65,46434,4,43437,412,84,708,0,113,393,195,2019,2315,11,263,260,220,389,215,1199,585,1809,196,3831,2190,1157,14769,616,128,423,289,131,136,92,484,445,5947,328,149,766,1323,724,1319,533,7651344,1246,16047,729,295,224,242,343,109,219,18755,411,667,4114,139,1341,211,2459,640,367,383,373,108,257,369,1183,749,342,310,300,3078,2644,363,188,436,1219,16,25,152,310,438,8,34796,80,16485,22,148,21,3942,502,17729,11211,4087,4,2252,502,274,190,2728,34374,256861,9023,6891,1209,647,813,465,99,1853,16596,1781,1362,1209,498,2235,22,0,11,353,13,2164,309,2577,211,162,461,720,55027,771,107786,168238,5044,389,3121,5194221,911,191,260586,1139037,264,542,492,179,94,180,21212948,774,437,455,116,375,489,18722,96,18627,1619,0,67623,8634,0,430,3404,2821,5,4021,281,428,207,2500,407,452,108,1085345,240,433,305,460,421,2917,10,7,10309,11,1260,4061,85,41,478005,967,11,129,1453,6,1404,691,37,661,820,152,88968,490254,13146,4272,11895,1498,37,3453,0,38938,3859,10597,55796,297,823,381,3,193,442,389391,394,295,616,382,406,0,3559,380,8,10,4829,3462,0,559319,3294,25557,27637,18867,4671,22717,4389,327,31239,65996,7315,21391,54421,57417,58,142,249,228,171,303,831,581,1135,669,9894,0.0,0.0,0.0,0.0,0.0,0.0,0.0,0.0,0.0,0.0,0.0,0.0,0.0,0.0,0.0,0.0,0.0,0.0,0.0,0.0,0.0,0.0,0.0,0.0,0.0,0.0,0.0,0.0,0.0,0.0,0.0,0.0,0.0,0.0,0.0,0.0,0.0,0.0,0.0,0.0,0.0,0.0,0.0,0.0,0.0,0.0,0.0,0.0,0.0,0.0,0.0,0.0,0.0,0.0,0.0,0.0,0.0,0.0,0.0,0.0,0.0,0.0,0.0,0.0,0.0,0.0,0.0,0.0,0.0,0.0,0.0,0.0,0.0,0.0,0.0,0.0,0.0,0.0,0.0,0.0,0.0,0.0,0.0,0.0,0.0,0.0,0.0,0.0,0.0,0.0,0.0,0.0,0.0,0.0,0.0,0.0,0.0,0.0,0.0,0.0,0.0,0.0,0.0,0.0,0.0,0.0,0.0,0.0,0.0,0.0,0.0,0.0,0.0,0.0,0.0,0.0,0.0,0.0,0.0,0.0,0.0,0.0,0.0,0.0,0.0,0.0,0.0,0.0,0.0,0.0,0.0,0.0,0.0,0.0,0.0,0.0,0.0,0.0,0.0,0.0,0.0,0.0,0.0,0.0,0.0,0.0,0.0,0.0,0.0,0.0
ENCFF002EBN,0.17154915917187286,114090,226,3314,22476,630,79374,4404,219,337,235,524,2761,3164,7069,14081,23517,2417,316,4195,4242,98,564,61,50,29,593,8556,2574,18083,2636,183,466,383,1403,1306,198,1375,21,21,5259,8095,43,486,39,86,448,4314,14298,553,364,892,1120,329,238,4789,115,244,279,111,529,1236,409,9217,418,217,1601,95,37944,36858,5175,848,566,2428,4120,236,880,428,629,707,195,722,902,2937,356,470,2848,6,687,394,3,900,466,60,962,1004,13406,125407,7824,94,21071,29512,1945,25634,900,442,3735,1116,1200,20,1989,5329,5387,62,3297,22934,1993,29499,429,1751,1962,6711,815,37079,1122,4218,2201,558,1882,352,91,22094,9779,30316,16871,6501,8843,20835,1433,3601,2627,847,3197,27543,200,1141,101,99,64,48,1671,314,506,7864,3862,485,3213,24523,2476,316,949,774,700,2357,3211,2609,3759,41,74,61,766,19,1380,463,730,1501,283,41,674,558,785,11042,5234,33201,1722,22023,25368,10861,22636,10355,21536,223,20350,24034,7671,6787,17144,14045,4135,642,2809,616,176,370,736,121,46,17,9,2940,229,32966,8895,7974,182,160326,28659,3713,21173,17091,804,492,32052,14188,44001,3636,34516,189,31713,40,212,557,171,232,697,137,2897,1711,12,543,708,443,780,307,1941,1104,216,191,3491,2179,1523,1931,961,254,527,568,306,293,238,444,875,4233,907,295,1346,1965,1709,7286,52586,8074,1699,2375,1040,590,505,542,757,420,136,5226,402,645,3825,279,1182,340,3121,880,764,485,673,222,398,612,1856,1933,671,720,582,1850,1228,645,633,697,3046,31,32,311,506,330,381,10462,72,7042,15,387,38,4776,553,5053,4611,5513,25,1983,75,121,833,2770,59861,709,2140,1615,841,438,2208,161,336,468,11230,5014,2728,1030,45,149,96,20,44,549,887,2058,414,3122,391,382,1282,31542,619,1630,96222,410,4247,825,3937,11110,2050,236,2523,9185,613,735,806,277,363,560,43348,871,719,791,354,852,920,18104,75,7999,1694,16,19195,6121,21,254,4511,482,58,5288,613,898,198,2361,825,11105,2480,1658,653,828,309,967,711,1022,544,11,871,34,1373,87,33,131,1108,222,556,609,22306,1640,7073,4750,1034,461,597,146,26058,1029,11584,3284,9185,1025,250,2134,34,20949,4139,7318,31814,4358,12116,347,128,299,955,412,908,533,1164,5612,867,32,545,798,14,23,2915,2945,6,3695,137,18688,33138,24084,6107,26767,3345,374,50894,70723,10309,33005,52079,61318,217,94,623,592,169,644,902,258,307,494,4980,0.0,0.0,0.0,0.0,0.0,0.0,0.0,0.0,0.0,0.0,0.0,0.0,0.0,0.0,0.0,0.0,0.0,0.0,0.0,0.0,0.0,0.0,0.0,0.0,0.0,0.0,0.0,0.0,0.0,0.0,0.0,0.0,0.0,0.0,0.0,0.0,0.0,0.0,0.0,0.0,0.0,0.0,0.0,0.0,0.0,0.0,0.0,0.0,0.0,0.0,0.0,0.0,0.0,0.0,0.0,0.0,0.0,0.0,0.0,0.0,0.0,0.0,0.0,0.0,0.0,0.0,0.0,0.0,0.0,0.0,0.0,0.0,0.0,0.0,0.0,0.0,0.0,0.0,0.0,0.0,0.0,0.0,0.0,0.0,0.0,0.0,0.0,0.0,0.0,0.0,0.0,0.0,0.0,0.0,0.0,0.0,0.0,0.0,0.0,0.0,0.0,0.0,0.0,0.0,0.0,0.0,0.0,0.0,0.0,0.0,0.0,0.0,0.0,0.0,0.0,0.0,0.0,0.0,0.0,0.0,0.0,0.0,0.0,0.0,0.0,0.0,0.0,0.0,0.0,0.0,0.0,0.0,0.0,0.0,0.0,0.0,0.0,0.0,0.0,0.0,0.0,0.0,0.0,0.0,0.0,0.0,0.0,0.0,0.0,0.0
ENCFF000NAH,0.17393062199858023,32810,5524,2580,30036,395,50060,7471,209,435,330,724,3507,2956,4616,16431,18823,2548,475,4221,5348,192,764,78,71,54,1551,658,2617,21240,3604,226,159,1028,2162,1932,24,2578,21,42,7124,11130,75,672,26,1063,1190,5674,21821,58,471,765,1002,498,390,8369,146,355,427,198,797,1448,161,10276,713,334,164,183,40679,49007,7726,1250,553,904,6819,348,1614,409,597,690,139,681,1520,3713,334,327,2396,16,663,356,21,1251,206,32,1756,872,7976,168852,11407,67,29793,42653,2275,37447,2458,421,5694,1771,1917,29,3019,8050,8193,184,3774,33915,1998,23645,301,1079,1313,8628,509,39387,1395,6071,2873,1046,3081,549,216,35862,9856,643,36759,5268,18119,30718,117,4165,2335,1825,3247,25778,277,272,80,116,30,34,2434,364,802,9063,4957,662,3425,31250,2197,616,1368,1802,1836,2834,5222,4757,6259,49,165,61,751,38,1207,368,1268,21322,22,4,334,827,1352,17216,7232,44714,1846,25438,29769,12732,28382,11930,23660,272,28775,32941,12380,9848,23933,18112,7226,675,117,832,59,392,659,184,83,33,47,3675,241,36246,9117,8755,303,524875,34847,2908,27247,17543,1137,1215,35325,16953,44368,2601,48445,193,46904,46,286,1011,341,194,1153,832,2904,2636,73,438,599,405,611,327,3659,1550,212,236,3934,2863,1902,2508,778,196,479,505,240,243,206,538,751,4372,872,290,1762,2766,2214,7710,33495,436,2592,3625,1020,1041,968,440,653,317,198,7773,340,598,5750,261,1435,258,3438,680,931,354,636,207,326,428,1713,1704,567,686,470,2266,1148,569,591,756,2767,25,45,289,415,571,192,15445,91,10009,12,509,97,6766,783,6800,5974,7570,17,2538,123,216,1238,4430,56571,719,2734,2385,999,44,3114,192,312,738,17456,5275,3602,1495,55,245,116,11,30,476,1929,2414,1137,3272,335,374,1191,42322,265,1495,123888,1087,6774,719,5425,766,2000,236,223,3540,570,1664,1627,259,310,259,3465,1816,833,2351,551,1688,1832,25034,92,8862,2106,44,27285,6068,29,291,5523,933,49,5526,597,1303,295,3616,1004,11522,1769,597,551,1389,311,1057,620,1314,532,12,857,23,1505,989,28,191,445,377,513,578,22495,1053,5587,3556,775,398,936,176,42429,94,15190,1311,12635,1378,294,2875,51,34871,6240,10042,41761,2334,18520,176,140,254,671,2480,1764,496,1100,5460,1730,30,246,734,30,33,4456,4350,21,178,199,25704,36079,26401,6138,37163,4519,282,67018,87875,10933,37196,68400,80511,262,182,500,479,164,607,1354,231,411,665,5932,0.0,0.0,0.0,0.0,0.0,0.0,0.0,0.0,0.0,0.0,0.0,0.0,0.0,0.0,0.0,0.0,0.0,0.0,0.0,0.0,0.0,0.0,0.0,0.0,0.0,0.0,0.0,0.0,0.0,0.0,0.0,0.0,0.0,0.0,0.0,0.0,0.0,0.0,0.0,0.0,0.0,0.0,0.0,0.0,0.0,0.0,0.0,0.0,0.0,0.0,0.0,0.0,0.0,0.0,0.0,0.0,0.0,0.0,0.0,0.0,0.0,0.0,0.0,0.0,0.0,0.0,0.0,0.0,0.0,0.0,0.0,0.0,0.0,0.0,0.0,0.0,0.0,0.0,0.0,0.0,0.0,0.0,0.0,0.0,0.0,0.0,0.0,0.0,0.0,0.0,0.0,0.0,0.0,0.0,0.0,0.0,0.0,0.0,0.0,0.0,0.0,0.0,0.0,0.0,0.0,0.0,0.0,0.0,0.0,0.0,0.0,0.0,0.0,0.0,0.0,0.0,0.0,0.0,0.0,0.0,0.0,0.0,0.0,0.0,0.0,0.0,0.0,0.0,0.0,0.0,0.0,0.0,0.0,0.0,0.0,0.0,0.0,0.0,0.0,0.0,0.0,0.0,0.0,0.0,0.0,0.0,0.0,0.0,0.0,0.0
ENCFF935ETD,0.18207980572761823,31832,120,3141,46698,751,75325,4724,269,512,219,345,2727,4879,11015,25972,29382,3582,413,4272,4468,122,545,95,85,104,822,1016,3294,33677,2855,220,126,413,1800,1796,61,1813,16,6,6427,8748,73,526,52,32,451,5244,36650,129,480,1059,1449,388,199,4421,128,259,297,102,571,1256,510,17097,238,392,293,23,49333,38152,5046,1120,749,1239,3422,190,1250,542,798,924,279,1137,1124,2930,495,623,3801,20,881,478,14,936,279,29,1122,1647,19107,136840,7052,90,20710,30759,2370,26753,1164,689,4022,1327,1363,20,2119,5053,5063,167,3940,25014,3008,35078,612,2524,2141,6991,983,52682,1423,4917,2215,583,1981,264,131,20623,14271,486,32084,10418,7991,20637,185,3874,2780,1245,2905,89037,482,284,157,83,29,44,1708,275,344,7981,3573,537,3249,48423,4572,343,1078,676,610,2379,3242,2905,3700,56,70,33,1000,25,1821,715,1091,80,22,7,582,552,978,11209,5426,33348,2108,26699,27145,12719,34318,12050,25281,228,21271,25915,8192,6672,18791,14019,5408,714,220,687,63,583,921,146,71,30,106,3040,326,42868,12769,12748,201,153937,32503,2947,22462,31096,832,343,35001,16529,61100,4498,29471,111,29357,23,256,525,45,270,850,164,3415,1668,19,739,904,642,952,429,2362,1429,161,176,4178,2627,1712,1970,1189,339,665,766,364,390,294,342,1252,4363,1218,373,1535,2123,2084,14546,33806,689,2397,2216,1218,766,617,611,928,604,98,5989,471,860,4084,359,1385,433,3482,1144,1070,650,949,123,519,475,2590,2402,835,964,733,1885,1381,786,828,1014,3898,32,27,425,643,291,248,11276,110,7340,22,390,34,5186,530,5401,5405,6672,41,2206,106,129,1905,2969,73545,485,1427,1828,921,71,2532,152,633,543,13216,5197,2475,991,28,137,87,16,46,679,1292,1970,611,2864,517,484,2911,70197,446,2019,90297,537,4534,1028,5211,1101,2502,305,404,3639,875,917,958,373,413,209,4844,1229,901,1026,385,1230,1234,20144,86,8953,1817,34,19935,6165,78,218,6139,527,57,6131,815,1133,224,2846,1129,39569,4459,520,767,997,409,1196,791,906,619,29,750,30,1491,128,67,117,331,554,813,892,51227,2388,12567,6303,1611,588,840,294,28265,142,11438,1525,8910,1091,361,2172,13,21560,4161,7725,32767,2190,33901,266,143,382,885,432,1035,745,1404,10618,918,42,211,1128,22,35,3093,2926,18,249,150,18340,32965,27552,6523,27414,3156,285,66565,72975,11960,34976,53124,62073,252,145,746,780,168,873,950,282,380,577,6142,0.0,0.0,0.0,0.0,0.0,0.0,0.0,0.0,0.0,0.0,0.0,0.0,0.0,0.0,0.0,0.0,0.0,0.0,0.0,0.0,0.0,0.0,0.0,0.0,0.0,0.0,0.0,0.0,0.0,0.0,0.0,0.0,0.0,0.0,0.0,0.0,0.0,0.0,0.0,0.0,0.0,0.0,0.0,0.0,0.0,0.0,0.0,0.0,0.0,0.0,0.0,0.0,0.0,0.0,0.0,0.0,0.0,0.0,0.0,0.0,0.0,0.0,0.0,0.0,0.0,0.0,0.0,0.0,0.0,0.0,0.0,0.0,0.0,0.0,0.0,0.0,0.0,0.0,0.0,0.0,0.0,0.0,0.0,0.0,0.0,0.0,0.0,0.0,0.0,0.0,0.0,0.0,0.0,0.0,0.0,0.0,0.0,0.0,0.0,0.0,0.0,0.0,0.0,0.0,0.0,0.0,0.0,0.0,0.0,0.0,0.0,0.0,0.0,0.0,0.0,0.0,0.0,0.0,0.0,0.0,0.0,0.0,0.0,0.0,0.0,0.0,0.0,0.0,0.0,0.0,0.0,0.0,0.0,0.0,0.0,0.0,0.0,0.0,0.0,0.0,0.0,0.0,0.0,0.0,0.0,0.0,0.0,0.0,0.0,0.0
ENCFF613SKX,0.27442616125274955,57761,823,6798,101773,4370,546872,12944,861,4931,448,2772,12019,51465,98891,41942,293542,26964,1465,33553,11181,261,1026,380,286,497,2167,232,9131,95413,6580,423,223,862,5701,5694,41,6171,72,278,20118,18841,188,1087,129,310,2864,15382,92101,38,1468,2308,4200,787,566,8647,303,566,1107,428,1910,5671,2204,63603,3715,1540,78,1108,169886,106337,9784,3509,2227,2336,7005,363,4257,1492,2512,2791,609,2831,4096,5809,1337,1375,8699,47,2543,1401,51,2367,1512,296,3365,5031,68279,325999,17627,324,45275,67023,8356,58194,4042,1783,7290,2132,2342,66,3724,10685,10757,1382,9464,42925,20389,134351,3239,12540,10492,19159,5671,209324,5210,10862,5376,1317,4048,684,157,40796,141142,346,127039,77804,15298,38539,63,13290,23452,3937,5905,205513,1085,298,1081,216,148,152,3893,464,3306,19288,7726,1381,11139,108025,13251,574,3693,7594,7735,7001,7471,6944,8137,251,319,109,2853,152,4682,1771,6707,662,29,22,1149,1393,3514,20520,10311,71591,5034,133248,87371,37583,104643,29340,58612,1513,45883,56925,15940,14412,49745,28784,22673,2006,51,3506,273,1407,2545,346,181,80,421,7111,3492,153346,37928,156810,868,677093,114071,6684,81080,154228,1925,1575,122629,72078,222389,34690,74285,560,62243,123,578,3458,2640,906,3108,571,8303,3607,35,1837,2584,1703,2762,1186,8043,4878,274,847,10292,8187,4310,3841,3081,900,1934,2188,1034,1101,816,616,3038,15039,4582,1107,3825,6737,6380,33640,100973,294,6532,4599,3462,2761,2253,1896,2933,1363,126,22734,1354,2166,10229,1067,3984,1248,6954,2748,3229,1563,2672,193,1488,1147,5805,6867,2307,2677,1858,4117,3419,1860,2310,2434,8637,22,65,1187,1771,1001,680,21725,313,15114,36,1257,68,13136,1065,13759,12591,21969,164,6327,658,289,11698,5994,481365,825,5500,5608,1838,26,8520,292,929,1154,39997,34687,15009,2085,146,285,375,65,275,2032,1970,4260,2372,6715,1498,1484,6824,239827,898,4901,186151,2173,11624,2980,17399,539,7242,909,197,6028,2351,3487,3718,1062,1254,380,2059,4115,3077,4001,1030,3769,4555,45922,622,20616,4013,144,43219,13363,41,454,9764,4050,177,12322,2391,1614,486,9232,3526,102405,16208,939,2256,3692,1208,2562,2680,1765,4132,71,1475,271,3847,335,58,507,523,3909,6252,3370,142566,11800,36598,26353,6845,2638,1779,733,48784,62,25414,3625,19423,3591,1637,4625,350,60650,10453,20971,80931,7281,94759,708,3055,1143,2108,1326,3710,2059,3100,22373,3490,163,306,2968,63,108,6415,6023,71,83,645,41854,89871,72125,16757,58704,7213,10808,148634,172516,35223,94894,121949,140382,2316,638,2141,2075,655,2412,1896,587,1023,1699,13426,0.0,0.0,0.0,0.0,0.0,0.0,0.0,0.0,0.0,0.0,0.0,0.0,0.0,0.0,0.0,0.0,0.0,0.0,0.0,0.0,0.0,0.0,0.0,0.0,0.0,0.0,0.0,0.0,0.0,0.0,0.0,0.0,0.0,0.0,0.0,0.0,0.0,0.0,0.0,0.0,0.0,0.0,0.0,0.0,0.0,0.0,0.0,0.0,0.0,0.0,0.0,0.0,0.0,0.0,0.0,0.0,0.0,0.0,0.0,0.0,0.0,0.0,0.0,0.0,0.0,0.0,0.0,0.0,0.0,0.0,0.0,0.0,0.0,0.0,0.0,0.0,0.0,0.0,0.0,0.0,0.0,0.0,0.0,0.0,0.0,0.0,0.0,0.0,0.0,0.0,0.0,0.0,0.0,0.0,0.0,0.0,0.0,0.0,0.0,0.0,0.0,0.0,0.0,0.0,0.0,0.0,0.0,0.0,0.0,0.0,0.0,0.0,0.0,0.0,0.0,0.0,0.0,0.0,0.0,0.0,0.0,0.0,0.0,0.0,0.0,0.0,0.0,0.0,0.0,0.0,0.0,0.0,0.0,0.0,0.0,0.0,0.0,0.0,0.0,0.0,0.0,0.0,0.0,0.0,0.0,0.0,0.0,0.0,0.0,0.0
ENCFF422VPN,0.214995974168409,3197,57,457,10515,136,38801,1195,95,39,28,70,687,466,1304,6311,12551,358,70,1031,566,11,88,6,8,14,155,32,773,11364,436,13,5,80,579,538,6,574,4,1,1000,1204,11,39,9,12,140,1197,6273,1,109,275,415,31,24,496,12,37,32,21,90,366,189,5723,100,120,10,20,11348,6024,505,360,230,338,446,18,379,146,238,248,71,336,363,420,115,200,903,2,243,197,3,114,35,1,215,290,6175,21511,1035,14,2728,4450,652,3816,435,176,412,115,143,2,279,639,737,109,634,2953,474,9971,52,285,270,875,107,17434,341,585,283,37,179,16,18,2584,1447,26,9646,1546,1324,2443,4,733,1067,323,416,11640,134,22,28,13,7,9,251,43,82,1072,388,48,653,10667,728,28,399,491,717,392,329,352,533,2,18,6,321,2,337,165,248,162,1,3,104,51,381,1187,609,4702,457,4322,5253,2094,9150,2185,4277,88,3087,4099,910,895,3187,1821,997,161,7,184,17,195,384,7,2,3,18,383,26,11514,2123,3028,39,36327,6296,611,3642,9172,101,57,6090,3362,13960,714,3860,14,3576,2,30,90,9,82,315,22,890,248,3,198,206,156,293,143,694,386,13,36,877,633,320,254,438,88,223,224,135,83,62,24,341,841,285,100,294,607,467,2812,18339,33,559,317,331,246,202,203,282,150,3,1267,132,373,742,80,373,149,551,350,317,185,282,14,129,66,622,533,234,254,237,359,409,296,183,305,671,3,3,99,228,45,52,1406,29,983,1,39,6,851,60,744,673,1370,8,311,14,10,529,319,23793,54,230,467,136,1,550,13,53,150,2640,1338,746,171,8,13,10,2,6,207,218,212,206,451,160,138,823,18558,52,420,11552,133,876,275,1521,65,533,84,11,404,254,365,344,116,97,22,236,426,332,368,75,357,373,3289,3,2237,188,4,2845,789,5,51,652,180,2,1279,227,64,14,890,275,4746,680,35,185,339,155,196,292,105,222,2,73,13,326,6,2,10,10,338,85,143,9087,274,2175,1038,207,115,93,37,2612,8,1472,250,994,192,7,266,2,3825,731,1231,5148,521,6565,44,98,112,271,138,338,236,261,1914,290,2,12,300,7,4,328,273,9,9,6,3127,5176,5068,1193,3799,550,308,10944,11055,2160,5634,8047,9373,67,12,224,192,87,277,71,40,32,90,809,0.0,0.0,0.0,0.0,0.0,0.0,0.0,0.0,0.0,0.0,0.0,0.0,0.0,0.0,0.0,0.0,0.0,0.0,0.0,0.0,0.0,0.0,0.0,0.0,0.0,0.0,0.0,0.0,0.0,0.0,0.0,0.0,0.0,0.0,0.0,0.0,0.0,0.0,0.0,0.0,0.0,0.0,0.0,0.0,0.0,0.0,0.0,0.0,0.0,0.0,0.0,0.0,0.0,0.0,0.0,0.0,0.0,0.0,0.0,0.0,0.0,0.0,0.0,0.0,0.0,0.0,0.0,0.0,0.0,0.0,0.0,0.0,0.0,0.0,0.0,0.0,0.0,0.0,0.0,0.0,0.0,0.0,0.0,0.0,0.0,0.0,0.0,0.0,0.0,0.0,0.0,0.0,0.0,0.0,0.0,0.0,0.0,0.0,0.0,0.0,0.0,0.0,0.0,0.0,0.0,0.0,0.0,0.0,0.0,0.0,0.0,0.0,0.0,0.0,0.0,0.0,0.0,0.0,0.0,0.0,0.0,0.0,0.0,0.0,0.0,0.0,0.0,0.0,0.0,0.0,0.0,0.0,0.0,0.0,0.0,0.0,0.0,0.0,0.0,0.0,0.0,0.0,0.0,0.0,0.0,0.0,0.0,0.0,0.0,0.0
ENCFF000XUI,0.07419287399575904,1454,6,113,1156,24,2430,202,22,11,12,38,110,160,251,520,829,120,13,164,178,7,28,3,0,1,12,53,102,1409,106,12,9,13,62,51,4,59,1,4,283,308,1,21,0,0,27,137,820,5,30,33,42,7,13,206,3,13,13,7,29,66,7,476,9,21,21,7,1506,1574,255,35,23,40,209,9,33,21,24,30,4,42,29,132,18,4,105,2,29,14,1,47,3,1,53,37,583,5287,323,3,892,1232,77,1093,38,17,177,59,54,0,70,240,241,2,167,1118,113,1222,30,90,81,294,43,1779,43,203,95,29,106,14,6,937,424,52,736,286,487,857,11,169,103,36,140,1720,14,10,5,3,0,0,47,10,34,307,142,21,132,1131,111,13,39,46,50,87,138,113,192,4,9,4,32,1,72,23,91,294,1,0,28,25,25,507,252,1458,58,912,1103,498,1354,407,840,4,850,1025,380,316,777,613,194,30,18,30,0,18,20,10,4,1,9,133,10,1894,416,393,13,6481,1184,98,908,817,38,22,1307,567,1774,172,1364,2,1450,1,9,50,41,8,25,8,102,76,1,11,31,19,22,12,80,46,10,10,131,114,55,112,35,7,18,17,14,16,9,18,50,160,44,10,64,70,56,406,872,36,64,107,42,21,22,21,33,18,7,296,14,25,196,9,48,15,106,35,29,27,19,9,16,16,70,79,29,36,30,84,36,22,18,30,121,0,0,6,19,16,8,417,4,272,0,20,3,195,29,215,207,195,2,78,8,11,73,121,2126,27,79,83,36,4,63,3,11,28,429,237,102,41,0,8,1,1,3,29,39,75,14,109,23,16,52,1710,16,68,3698,25,181,32,146,59,72,13,13,175,30,29,30,12,9,4,323,28,27,47,10,35,33,758,2,320,95,0,840,270,2,8,219,29,4,203,19,57,6,97,37,675,110,29,36,26,11,42,24,35,29,1,40,1,65,9,0,3,25,15,35,28,761,78,316,216,61,18,34,6,1205,7,444,52,360,41,8,88,0,847,166,273,1271,88,586,9,8,13,30,9,39,14,32,248,30,1,10,28,0,3,131,139,0,7,9,797,1238,892,210,1101,119,4,2434,2773,437,1211,2100,2424,8,10,38,32,13,30,44,7,16,13,208,0.0,0.0,0.0,0.0,0.0,0.0,0.0,0.0,0.0,0.0,0.0,0.0,0.0,0.0,0.0,0.0,0.0,0.0,0.0,0.0,0.0,0.0,0.0,0.0,0.0,0.0,0.0,0.0,0.0,0.0,0.0,0.0,0.0,0.0,0.0,0.0,0.0,0.0,0.0,0.0,0.0,0.0,0.0,0.0,0.0,0.0,0.0,0.0,0.0,0.0,0.0,0.0,0.0,0.0,0.0,0.0,0.0,0.0,0.0,0.0,0.0,0.0,0.0,0.0,0.0,0.0,0.0,0.0,0.0,0.0,0.0,0.0,0.0,0.0,0.0,0.0,0.0,0.0,0.0,0.0,0.0,0.0,0.0,0.0,0.0,0.0,0.0,0.0,0.0,0.0,0.0,0.0,0.0,0.0,0.0,0.0,0.0,0.0,0.0,0.0,0.0,0.0,0.0,0.0,0.0,0.0,0.0,0.0,0.0,0.0,0.0,0.0,0.0,0.0,0.0,0.0,0.0,0.0,0.0,0.0,0.0,0.0,0.0,0.0,0.0,0.0,0.0,0.0,0.0,0.0,0.0,0.0,0.0,0.0,0.0,0.0,0.0,0.0,0.0,0.0,0.0,0.0,0.0,0.0,0.0,0.0,0.0,0.0,0.0,0.0
ENCFF993UAG,0.17333972841591644,251412,533,12059,96302,3140,239206,12101,682,832,615,1265,8599,8798,16807,58928,63870,7463,819,11656,17308,319,1192,220,109,72,2001,14898,7879,54427,6719,641,1173,904,4199,3732,898,3908,54,14,17553,21895,72,1342,36,97,1070,12585,52953,2168,1122,2292,3514,886,646,11595,281,633,1173,264,1423,3584,914,24897,1025,858,4103,38,112309,127775,12580,2319,1736,6838,8954,226,2608,1119,1901,2159,488,2368,2594,7833,921,1154,9143,40,2058,1060,43,2478,306,34,3110,3308,44963,408803,25334,374,66178,89709,5674,76965,2478,1491,10064,3380,3716,31,6009,16040,16165,185,11625,64593,7964,67105,2358,11140,9654,23437,5391,92443,3590,15542,8114,1966,5316,739,219,57519,22865,10624,38405,16495,22126,53307,5081,12676,4524,2639,8528,102317,812,2608,270,188,57,95,3953,509,861,30093,10217,1392,9908,101975,8381,789,2561,2035,1600,6174,11345,9915,9701,186,173,68,2341,28,4430,1510,2395,200,386,32,2056,1502,2217,33498,15161,101667,5652,69265,77314,37743,73391,31544,68975,397,63545,77183,24029,21630,50492,40438,13174,2449,2442,1820,120,1210,1988,360,178,38,71,10298,612,82147,31515,17566,430,422372,88626,9643,62202,47104,1897,1459,99934,49041,140423,17644,104060,620,99930,60,747,1581,133,692,2211,479,8274,3813,93,1562,2214,1505,2165,910,5441,3118,673,468,9820,6083,4096,5460,2518,841,1396,1637,828,805,570,1132,2605,13733,4041,979,3857,5020,5049,24251,73512,10518,4574,6404,3005,1916,1522,1637,2289,1257,246,14887,1076,1685,9719,883,3311,822,9541,2465,2325,1467,2096,437,950,2117,5491,6030,1956,2261,1649,4739,3355,1394,1908,2090,10334,67,111,933,1482,787,827,29280,211,21670,59,1181,170,11580,1303,15312,16703,16801,26,5377,224,393,2692,6737,162869,2097,5379,4666,2260,1132,7550,254,206,1024,34982,13601,6711,2284,93,535,352,27,79,1666,3333,5784,1241,10394,1157,997,3490,112586,2034,5616,304028,1286,10436,2405,11228,16425,6279,666,8268,33038,1963,2264,2329,833,936,934,86908,2599,2231,2326,1255,2477,2771,54129,171,20813,5696,57,55220,15458,95,382,15638,1324,109,14282,1953,2663,585,6770,2539,38251,9450,3354,1853,2358,1013,2449,2013,2759,1542,22,2905,67,4346,246,120,276,2762,436,1965,1639,105978,9785,25983,19385,5180,1359,2215,429,74650,2217,34919,6113,26542,2489,888,6523,75,70504,13678,22839,101209,10799,34332,1096,433,749,3098,1008,2543,1756,3537,19714,2303,85,1278,2330,57,38,8022,7139,15,3223,388,50428,103622,71900,19480,79579,8523,746,161812,211094,34154,106139,147255,180127,413,468,1700,1691,491,2124,2359,724,970,1436,16782,0.0,0.0,0.0,0.0,0.0,0.0,0.0,0.0,0.0,0.0,0.0,0.0,0.0,0.0,0.0,0.0,0.0,0.0,0.0,0.0,0.0,0.0,0.0,0.0,0.0,0.0,0.0,0.0,0.0,0.0,0.0,0.0,0.0,0.0,0.0,0.0,0.0,0.0,0.0,0.0,0.0,0.0,0.0,0.0,0.0,0.0,0.0,0.0,0.0,0.0,0.0,0.0,0.0,0.0,0.0,0.0,0.0,0.0,0.0,0.0,0.0,0.0,0.0,0.0,0.0,0.0,0.0,0.0,0.0,0.0,0.0,0.0,0.0,0.0,0.0,0.0,0.0,0.0,0.0,0.0,0.0,0.0,0.0,0.0,0.0,0.0,0.0,0.0,0.0,0.0,0.0,0.0,0.0,0.0,0.0,0.0,0.0,0.0,0.0,0.0,0.0,0.0,0.0,0.0,0.0,0.0,0.0,0.0,0.0,0.0,0.0,0.0,0.0,0.0,0.0,0.0,0.0,0.0,0.0,0.0,0.0,0.0,0.0,0.0,0.0,0.0,0.0,0.0,0.0,0.0,0.0,0.0,0.0,0.0,0.0,0.0,0.0,0.0,0.0,0.0,0.0,0.0,0.0,0.0,0.0,0.0,0.0,0.0,0.0,0.0
ENCFF525TVL,0.17184463094174376,45550,277,5737,60435,1515,147294,6973,405,866,326,611,4855,9861,20071,30963,54239,6477,526,8947,8272,156,701,99,83,73,1359,614,4975,34425,3848,332,195,573,2735,2498,68,2501,42,13,10074,12707,71,810,91,81,789,7801,37947,102,698,1542,2297,550,373,6432,222,379,558,181,851,2249,885,21451,1343,850,218,44,73507,62563,7064,1570,1134,1559,4813,192,1780,804,1214,1493,340,1532,1683,4448,635,764,5400,24,1331,689,43,1462,247,56,1682,2340,25900,214793,13213,167,34402,48842,3603,42718,1653,1021,5702,1863,2175,33,3375,8345,8676,320,6012,36397,5098,43236,1231,4866,4530,12092,2214,66370,2215,7818,3842,1034,2916,410,146,31743,27433,447,44966,17909,10693,30544,164,6774,4418,1712,4123,76303,599,288,213,135,50,64,2373,338,512,14685,5532,827,5695,62361,5698,504,1675,1430,1441,3666,5607,4722,5335,114,129,67,1601,39,2912,983,1505,149,31,14,849,892,1510,18112,8334,52980,3361,43766,44325,20474,43562,18534,39042,423,34633,41961,12305,10992,29098,22581,8194,1366,111,1021,72,758,1350,183,82,34,37,5079,586,60170,18572,24886,386,255837,53118,4381,39159,42333,1106,723,58346,29089,92122,9304,51693,416,47705,34,417,898,192,440,1512,270,5194,2307,22,1023,1403,963,1494,639,3637,2040,273,292,6021,3818,2520,2976,1688,546,952,1158,566,558,396,610,1698,8354,2210,553,2455,3297,3256,19805,45756,503,3074,3384,1945,1355,1024,1006,1502,876,135,9006,707,1162,5941,531,2094,577,5308,1693,1547,1017,1331,193,645,881,3630,3872,1288,1463,1090,2866,2000,1016,1221,1440,5921,37,52,610,952,459,396,15549,137,10869,23,686,73,7499,733,8173,8642,9834,58,3343,190,210,2729,3850,116291,596,2371,2862,1394,78,4430,187,199,704,21463,9598,4320,1367,28,223,188,47,63,1093,1811,2976,832,5227,794,632,2716,78814,521,3110,152159,891,6464,1544,7530,739,3906,425,325,4843,1300,1483,1593,541,564,305,3309,1728,1436,1593,747,1651,1856,31003,151,12726,3028,45,29951,8543,37,266,7844,895,66,8665,1309,1325,308,4397,1749,37209,6521,864,1271,1660,620,1677,1348,1445,1438,37,1413,29,2258,155,31,158,493,462,1447,1199,54688,4236,17012,10243,2435,850,1209,232,38946,151,17849,2490,14385,1483,614,3579,64,41858,7843,13662,58113,4100,34166,388,622,517,1281,669,1677,1195,2123,10293,1508,58,222,1513,43,67,4390,4065,52,211,240,28893,58762,42714,10994,44670,5236,1711,97316,121118,19451,60933,86433,101283,362,254,1240,1111,309,1398,1390,359,501,912,8960,0.0,0.0,0.0,0.0,0.0,0.0,0.0,0.0,0.0,0.0,0.0,0.0,0.0,0.0,0.0,0.0,0.0,0.0,0.0,0.0,0.0,0.0,0.0,0.0,0.0,0.0,0.0,0.0,0.0,0.0,0.0,0.0,0.0,0.0,0.0,0.0,0.0,0.0,0.0,0.0,0.0,0.0,0.0,0.0,0.0,0.0,0.0,0.0,0.0,0.0,0.0,0.0,0.0,0.0,0.0,0.0,0.0,0.0,0.0,0.0,0.0,0.0,0.0,0.0,0.0,0.0,0.0,0.0,0.0,0.0,0.0,0.0,0.0,0.0,0.0,0.0,0.0,0.0,0.0,0.0,0.0,0.0,0.0,0.0,0.0,0.0,0.0,0.0,0.0,0.0,0.0,0.0,0.0,0.0,0.0,0.0,0.0,0.0,0.0,0.0,0.0,0.0,0.0,0.0,0.0,0.0,0.0,0.0,0.0,0.0,0.0,0.0,0.0,0.0,0.0,0.0,0.0,0.0,0.0,0.0,0.0,0.0,0.0,0.0,0.0,0.0,0.0,0.0,0.0,0.0,0.0,0.0,0.0,0.0,0.0,0.0,0.0,0.0,0.0,0.0,0.0,0.0,0.0,0.0,0.0,0.0,0.0,0.0,0.0,0.0
ENCFF250WAH,0.1450232869762327,49017,174,4911,36846,720,94366,6530,439,426,417,672,5019,3337,8907,17565,23082,3996,519,5777,7779,169,841,82,18,22,1659,786,5333,25344,4474,337,224,761,2963,2609,73,2957,20,11,12468,14313,45,898,141,53,907,8660,22540,136,864,1948,2424,549,331,7458,240,455,571,134,824,2090,646,14802,478,724,225,17,69462,83658,8535,1806,1227,1848,5977,343,1987,836,1279,1477,371,1691,1880,4895,719,832,6214,20,1484,783,19,1561,488,77,4804,2070,14294,256787,13208,166,36495,51929,4026,44872,1931,1073,7000,2289,2708,30,3642,9266,9052,575,7380,40172,2899,33553,531,2326,2598,12016,838,45495,2259,8295,3845,811,3287,476,108,33197,11997,643,22396,9202,12831,34458,182,7045,2842,1962,5190,41491,237,336,112,123,18,40,2553,335,565,15121,5530,781,6306,41190,4960,550,1739,1124,1076,4456,6827,5824,6042,132,157,14,1648,27,3066,1102,1906,243,40,25,966,954,1703,18863,9098,57567,3756,40902,48697,22577,37383,20337,43016,256,37399,45073,13623,11428,31806,26663,8032,1454,150,1804,202,958,1574,182,81,9,30,5626,326,54508,19406,9067,4340,273512,53999,5477,37370,28461,1395,749,58133,29092,81722,3875,52290,210,51282,29,456,819,49,439,1489,323,6122,2717,31,1199,1515,991,1489,664,3973,2364,296,232,6839,4280,2887,2999,1974,636,1058,1365,562,573,387,638,1977,8180,1846,615,2790,3880,3588,16466,62195,704,3860,3913,2004,1553,1198,1108,1682,877,171,9367,669,1347,6825,522,2401,578,6471,1924,1680,1116,1552,242,764,808,3911,4090,1389,1611,1157,3388,2563,1183,1361,1711,6577,53,41,640,987,536,537,18241,122,12375,22,633,93,9533,968,8832,9252,11376,26,3646,97,183,4335,4896,85204,724,2206,2998,1454,58,4643,184,286,844,22709,7686,4080,1719,43,192,224,115,34,1079,1674,3378,984,5260,784,753,2415,47246,519,3703,163558,890,7878,1725,8008,1038,3928,484,283,5404,1273,1585,1714,620,695,340,4639,2058,1651,1764,828,1832,2101,36128,91,16068,3100,38,33393,10275,43,409,10236,801,35,9893,1359,1426,361,4836,1819,26756,4490,876,1147,1830,735,2226,1493,1461,1108,13,1399,23,2576,154,117,167,611,213,622,1201,34601,2077,14252,7713,1480,721,1642,267,41927,195,18548,2578,15332,1656,485,3871,9,40207,7434,12967,57004,6640,19039,433,285,564,1318,642,1929,1277,2446,15750,1638,140,235,1742,71,46,5350,5014,1,282,233,32231,58968,45184,10802,47300,5655,511,84048,123450,20297,60236,90993,107441,298,278,1220,1208,317,1498,1501,384,500,906,9604,0.0,0.0,0.0,0.0,0.0,0.0,0.0,0.0,0.0,0.0,0.0,0.0,0.0,0.0,0.0,0.0,0.0,0.0,0.0,0.0,0.0,0.0,0.0,0.0,0.0,0.0,0.0,0.0,0.0,0.0,0.0,0.0,0.0,0.0,0.0,0.0,0.0,0.0,0.0,0.0,0.0,0.0,0.0,0.0,0.0,0.0,0.0,0.0,0.0,0.0,0.0,0.0,0.0,0.0,0.0,0.0,0.0,0.0,0.0,0.0,0.0,0.0,0.0,0.0,0.0,0.0,0.0,0.0,0.0,0.0,0.0,0.0,0.0,0.0,0.0,0.0,0.0,0.0,0.0,0.0,0.0,0.0,0.0,0.0,0.0,0.0,0.0,0.0,0.0,0.0,0.0,0.0,0.0,0.0,0.0,0.0,0.0,0.0,0.0,0.0,0.0,0.0,0.0,0.0,0.0,0.0,0.0,0.0,0.0,0.0,0.0,0.0,0.0,0.0,0.0,0.0,0.0,0.0,0.0,0.0,0.0,0.0,0.0,0.0,0.0,0.0,0.0,0.0,0.0,0.0,0.0,0.0,0.0,0.0,0.0,0.0,0.0,0.0,0.0,0.0,0.0,0.0,0.0,0.0,0.0,0.0,0.0,0.0,0.0,0.0
ENCFF376SIP,0.13975173098342733,20971,77,2816,43509,305,108862,4615,292,137,165,295,2478,995,3598,20145,14329,1388,596,1910,3325,103,554,52,35,37,710,365,2751,27588,2538,145,63,391,1722,1560,26,1661,7,2,4922,7828,57,303,53,18,454,4671,14574,32,480,1117,1222,284,232,4254,46,250,147,62,561,1162,232,7270,179,83,107,66,26068,27295,4342,1052,668,1484,3585,154,1142,546,731,786,205,1049,1034,2607,384,654,3348,7,752,651,7,1104,89,17,729,941,22768,111812,6034,78,16785,23652,2200,20713,1106,646,2871,763,887,8,2263,4849,4951,61,3221,25751,1355,22304,179,900,1050,4886,413,41936,1152,4043,1662,259,1587,174,32,20090,4431,171,21666,4371,6932,19948,35,3053,1597,1106,2355,19025,108,124,77,124,30,18,1446,330,265,6279,2563,455,2679,42748,2847,279,1151,558,598,1851,2563,2557,3711,23,87,37,963,13,1242,539,848,236,8,14,476,414,1021,9835,4295,29974,1795,15544,19004,9193,23267,10845,20820,183,18265,21804,10448,6193,16739,11734,3281,654,40,215,26,652,993,77,36,30,51,2678,84,32154,8065,4744,265,102138,23607,2380,15640,13792,729,283,23763,10055,33608,1403,24704,37,25530,35,173,575,9,255,736,149,3397,1985,14,704,755,565,852,429,2108,1225,228,100,4088,2622,1329,1849,1524,379,723,756,407,307,204,342,1152,2815,804,341,1054,1991,1570,9795,30668,355,2204,3093,1046,790,592,558,868,527,103,5457,468,1220,4039,277,1382,487,3166,1266,925,746,980,146,491,424,2230,1831,762,799,745,2119,1468,947,614,1101,2949,27,59,374,687,396,622,11765,162,7401,58,256,62,4525,589,6328,4566,4656,29,1976,41,58,645,2384,44504,354,1315,1912,782,22,1803,52,134,1055,11797,2816,2757,1004,104,235,31,16,50,601,632,1439,570,2542,656,428,1354,58281,193,1447,76381,388,4537,883,5206,622,1871,272,121,2251,715,960,1008,369,312,175,2556,1227,907,983,271,996,1083,16498,17,10134,957,34,18248,4972,15,281,3364,698,14,5552,686,874,111,2950,931,20368,2169,270,630,1021,541,820,818,840,394,6,556,19,1745,188,77,70,97,738,178,546,28420,882,7705,3423,557,416,353,81,21076,50,8975,1001,8559,906,104,1964,7,18154,3255,6122,24751,865,10564,103,85,327,857,368,826,691,1003,4026,846,14,112,1034,14,9,2539,2527,14,60,69,16085,21897,17369,4133,18846,2577,249,50268,51515,8397,21978,39971,46182,144,74,602,609,203,873,451,215,190,422,4380,0.0,0.0,0.0,0.0,0.0,0.0,0.0,0.0,0.0,0.0,0.0,0.0,0.0,0.0,0.0,0.0,0.0,0.0,0.0,0.0,0.0,0.0,0.0,0.0,0.0,0.0,0.0,0.0,0.0,0.0,0.0,0.0,0.0,0.0,0.0,0.0,0.0,0.0,0.0,0.0,0.0,0.0,0.0,0.0,0.0,0.0,0.0,0.0,0.0,0.0,0.0,0.0,0.0,0.0,0.0,0.0,0.0,0.0,0.0,0.0,0.0,0.0,0.0,0.0,0.0,0.0,0.0,0.0,0.0,0.0,0.0,0.0,0.0,0.0,0.0,0.0,0.0,0.0,0.0,0.0,0.0,0.0,0.0,0.0,0.0,0.0,0.0,0.0,0.0,0.0,0.0,0.0,0.0,0.0,0.0,0.0,0.0,0.0,0.0,0.0,0.0,0.0,0.0,0.0,0.0,0.0,0.0,0.0,0.0,0.0,0.0,0.0,0.0,0.0,0.0,0.0,0.0,0.0,0.0,0.0,0.0,0.0,0.0,0.0,0.0,0.0,0.0,0.0,0.0,0.0,0.0,0.0,0.0,0.0,0.0,0.0,0.0,0.0,0.0,0.0,0.0,0.0,0.0,0.0,0.0,0.0,0.0,0.0,0.0,0.0
ENCFF000NEV,0.06645918831885099,31070,96,3007,5261,139,24966,5605,73,341,325,587,1172,1157,2331,2388,5309,2015,519,4648,5168,361,1096,149,266,98,218,193,1170,3401,4745,413,277,337,942,677,13,1735,36,10,11420,14735,37,754,5,91,796,3543,3635,22,455,146,236,647,852,15845,305,340,379,161,1394,723,26,1333,420,853,31,62,25737,55880,12658,329,143,592,57955,283,462,116,138,222,37,172,614,4997,81,92,1002,40,173,104,36,3026,202,26,3035,216,1456,196478,14880,36,42006,49364,1333,49073,4097,115,8644,2859,1654,15,4619,15582,14103,323,5293,48058,1075,13550,105,415,658,8652,176,6771,467,6480,2909,3856,4659,1063,213,125232,9795,117,5219,2866,262018,43434,24,2194,1298,441,3940,5129,374,289,16,224,29,41,2663,367,519,8293,6344,792,3999,4787,617,985,290,2171,2318,2932,4285,4396,26104,28,149,222,155,29,365,102,5245,19563,1,0,85,851,349,29871,8736,46416,1546,25877,36992,10345,12265,10929,22712,237,33826,36063,11055,11734,34488,21001,8297,611,39,506,14,82,129,387,115,144,111,3590,113,10148,7045,2706,168,212138,41512,3094,31903,3703,1404,4879,32147,13484,27242,799,55947,94,58963,212,248,650,88,52,344,459,2768,3981,46,98,191,92,143,95,1826,675,1189,172,2703,3412,1465,7086,225,42,124,115,64,69,56,1077,195,3615,360,83,2476,1513,689,2382,2393,273,1424,6656,824,210,161,66,142,60,1080,13285,110,152,6753,79,1093,89,3502,140,204,84,145,1647,86,122,776,670,142,155,138,3822,749,155,103,139,970,17,30,71,99,1262,57,26052,116,19410,39,760,244,6376,1162,12947,5893,5089,18,2392,148,394,513,5244,28789,767,2525,2059,1017,6,1063,199,390,766,12390,4471,1286,2090,531,541,126,4,75,106,960,2900,413,3043,107,104,537,7696,170,708,164656,170,12039,163,1942,516,899,76,48,3733,104,411,524,102,107,210,1487,663,212,608,245,397,687,29506,182,7685,2777,48,41921,8669,7,489,4763,1384,63,4312,130,1833,407,2612,261,2106,547,566,164,670,68,434,133,2815,161,19,1340,22,1676,478,4,433,454,445,310,477,4629,429,1731,1674,270,351,1667,217,62490,24,15044,956,18197,1767,155,3438,19,25723,10686,6824,39813,784,2833,40,83,110,300,144,378,93,396,2483,337,21,372,183,29,69,6470,6736,10,37,204,29367,33053,26581,4057,39878,5735,294,55567,91643,11854,31504,72799,88384,210,274,145,120,71,145,2446,398,720,587,5011,0.0,0.0,0.0,0.0,0.0,0.0,0.0,0.0,0.0,0.0,0.0,0.0,0.0,0.0,0.0,0.0,0.0,0.0,0.0,0.0,0.0,0.0,0.0,0.0,0.0,0.0,0.0,0.0,0.0,0.0,0.0,0.0,0.0,0.0,0.0,0.0,0.0,0.0,0.0,0.0,0.0,0.0,0.0,0.0,0.0,0.0,0.0,0.0,0.0,0.0,0.0,0.0,0.0,0.0,0.0,0.0,0.0,0.0,0.0,0.0,0.0,0.0,0.0,0.0,0.0,0.0,0.0,0.0,0.0,0.0,0.0,0.0,0.0,0.0,0.0,0.0,0.0,0.0,0.0,0.0,0.0,0.0,0.0,0.0,0.0,0.0,0.0,0.0,0.0,0.0,0.0,0.0,0.0,0.0,0.0,0.0,0.0,0.0,0.0,0.0,0.0,0.0,0.0,0.0,0.0,0.0,0.0,0.0,0.0,0.0,0.0,0.0,0.0,0.0,0.0,0.0,0.0,0.0,0.0,0.0,0.0,0.0,0.0,0.0,0.0,0.0,0.0,0.0,0.0,0.0,0.0,0.0,0.0,0.0,0.0,0.0,0.0,0.0,0.0,0.0,0.0,0.0,0.0,0.0,0.0,0.0,0.0,0.0,0.0,0.0
ENCFF330JGJ,0.19286736120294956,72440,351,7854,83475,953,121372,13110,550,1061,918,1568,6783,7901,14647,27889,48713,7168,1411,11005,13056,459,2129,228,213,280,3019,448,6292,38738,10298,730,454,1123,4063,3703,69,5198,164,76,16361,30773,447,1960,74,84,2682,13553,26349,93,1337,1977,2538,1420,942,17867,493,1031,1077,516,2219,3675,710,18181,609,929,162,347,92397,108587,20768,2117,1194,2413,14591,806,2531,986,1447,1766,405,1799,2957,10023,714,959,6624,64,1576,890,78,3916,419,103,3606,2032,23042,428666,28480,256,75945,105153,5588,89970,2988,1083,15451,4890,5037,85,7509,18975,19646,525,9077,85259,5018,55743,669,2761,3113,22408,1214,67832,2694,15259,7383,2359,8042,1265,395,84051,23077,293,44914,14023,34804,77472,107,9567,6405,2408,8730,46460,1647,555,194,390,204,136,6608,1303,1774,24065,13831,2051,9712,83079,4800,1246,2461,4332,3225,6652,11991,10198,14960,222,503,161,1851,87,3274,1003,2041,1027,45,0,941,2101,2220,40171,19642,114347,4905,64374,77830,30579,42043,28539,56094,792,69634,80718,29607,24251,55473,49017,14286,1849,199,1626,101,899,1583,644,311,122,200,9267,756,56225,20477,21753,663,573077,82934,7659,67598,38644,3542,1399,90552,39265,101977,6630,117799,457,120687,163,868,2230,725,527,2180,783,7207,6198,55,1111,1536,990,1593,764,6133,3609,491,848,10915,7095,5155,6733,2030,547,1153,1367,643,649,505,1446,1905,11113,2115,682,4217,5692,4866,16228,29926,508,5406,8249,2615,1674,1307,1199,1670,800,316,18907,837,1537,14159,651,3774,752,8934,1799,1923,960,1647,423,858,1129,4363,4455,1369,1598,1224,6390,3078,1451,1378,1592,7472,55,115,724,1083,1540,814,40731,542,26044,80,1411,139,17204,2213,18174,16251,16068,118,7248,376,623,2447,10926,116358,1850,5144,5102,2809,27,5778,548,1469,2186,38266,12664,8146,4176,212,490,380,50,208,1099,4505,6368,1430,8056,866,950,2261,107181,638,3914,316507,1121,15958,1818,11697,1087,5564,577,202,8822,1419,2458,2850,641,840,702,3802,2984,1984,2787,1023,2205,3255,67035,285,23774,6096,126,68588,18519,132,876,14398,1750,235,14301,1490,3301,1010,7559,2251,31205,4217,1266,1432,2724,804,2615,1542,3549,1666,146,2620,121,4168,323,72,605,1019,1223,1426,1602,45352,2702,13388,7919,1819,905,2495,820,98524,141,42640,3346,35044,4142,1040,7583,100,90071,14786,29287,114349,3467,18789,448,712,682,1572,815,2399,1256,2705,11666,2310,91,583,1835,127,161,11763,12360,44,184,708,67051,87370,60919,16769,92767,11077,868,158375,212785,26240,89506,158165,201097,832,498,1238,1198,374,1440,3694,625,1242,1867,15697,0.0,0.0,0.0,0.0,0.0,0.0,0.0,0.0,0.0,0.0,0.0,0.0,0.0,0.0,0.0,0.0,0.0,0.0,0.0,0.0,0.0,0.0,0.0,0.0,0.0,0.0,0.0,0.0,0.0,0.0,0.0,0.0,0.0,0.0,0.0,0.0,0.0,0.0,0.0,0.0,0.0,0.0,0.0,0.0,0.0,0.0,0.0,0.0,0.0,0.0,0.0,0.0,0.0,0.0,0.0,0.0,0.0,0.0,0.0,0.0,0.0,0.0,0.0,0.0,0.0,0.0,0.0,0.0,0.0,0.0,0.0,0.0,0.0,0.0,0.0,0.0,0.0,0.0,0.0,0.0,0.0,0.0,0.0,0.0,0.0,0.0,0.0,0.0,0.0,0.0,0.0,0.0,0.0,0.0,0.0,0.0,0.0,0.0,0.0,0.0,0.0,0.0,0.0,0.0,0.0,0.0,0.0,0.0,0.0,0.0,0.0,0.0,0.0,0.0,0.0,0.0,0.0,0.0,0.0,0.0,0.0,0.0,0.0,0.0,0.0,0.0,0.0,0.0,0.0,0.0,0.0,0.0,0.0,0.0,0.0,0.0,0.0,0.0,0.0,0.0,0.0,0.0,0.0,0.0,0.0,0.0,0.0,0.0,0.0,0.0
ENCFF181WQI,0.10470312247572766,1978130,7611,24382,185379,1877,231821,24483,900,1211,1539,2878,11294,9287,26705,106162,58155,11100,1798,24122,22286,685,2260,279,170,163,4227,157817,12884,99178,12911,919,6715,2360,6408,5477,3874,6710,203,191,33252,38973,241,2551,180,2024,1963,20583,94366,23379,1807,3997,4516,1578,1523,30851,652,1065,1632,652,2314,5577,1765,44300,2351,10474,49545,336,178933,178832,27850,3748,2424,38900,22338,1158,4154,1824,2530,2982,744,3583,4170,13584,1684,1851,13391,51,2930,1607,114,4323,714,171,4446,5170,60432,643774,35125,386,97983,146530,9463,128695,7801,2030,19622,6512,6651,146,11396,31379,29592,538,18407,126173,7379,86556,1325,5369,6520,31698,2403,137212,4739,24466,12504,3218,9627,1597,437,102253,34356,90568,84948,25405,51601,103156,28900,17849,14870,3973,27401,192731,2004,21781,393,348,235,163,7609,1272,3541,39847,14941,2242,13177,187917,13761,1501,3681,4414,4048,10818,15522,13316,24496,194,436,116,3479,109,6779,2107,6325,442180,2656,132,13502,2864,3169,59479,25015,195129,8443,96800,111457,57736,124200,56690,105981,741,106340,126178,42513,32728,91698,69790,23437,3717,32074,2688,413,2027,3230,560,256,521,173,17724,746,159733,47239,21300,967,1530311,156798,30776,97042,80050,4012,2501,149291,72359,218768,10974,153768,736,147014,53,1396,3700,1131,917,3083,1210,14804,9286,613,2377,3152,2062,3149,1452,8372,4909,3396,793,17050,10682,7607,11447,4309,1158,2148,2484,1122,1167,972,2947,4040,23057,4871,1296,6537,8448,8402,48934,136184,100695,8549,15005,4569,2899,2200,2022,3259,1806,1599,27513,1554,3006,18809,1154,5260,1387,16643,3746,3509,2134,3153,3202,1538,5676,9142,8561,2724,3357,2467,8837,5299,2778,2704,3360,15929,146,188,1310,1948,1846,1116,53860,320,38429,129,1776,512,21545,2898,28557,27853,28469,154,9370,206,834,6276,14125,238986,13310,15797,8979,4229,9956,11064,1256,840,2454,60846,31164,11622,4339,92,1343,346,78,122,2356,4626,9957,1990,15877,1772,1691,6163,220542,8922,8378,457261,3337,18982,3347,19135,156103,10354,1034,66338,174861,2880,3235,3410,1298,1409,3144,801828,3915,2985,3618,2784,4061,4367,94700,111,37895,8330,169,103281,29595,228,960,22240,2377,127,25647,2814,7264,921,11662,3974,73659,12707,35204,3197,3521,1356,4452,2835,6021,2327,137,4284,93,8689,1070,167,530,18931,2295,1774,3813,136173,4710,34352,18414,3652,1696,2813,525,131485,15520,54512,34275,43331,4884,1272,11012,200,132290,25934,42017,197713,11038,57965,3380,1239,1143,15381,5189,3744,2436,6435,34289,3293,81,16484,3776,99,136,13889,13620,100,31649,654,85399,169421,122233,30750,130108,16783,2530,268154,358550,52618,164041,267362,300452,859,634,2556,2393,736,2933,5881,1151,1633,2497,26082,0.0,0.0,0.0,0.0,0.0,0.0,0.0,0.0,0.0,0.0,0.0,0.0,0.0,0.0,0.0,0.0,0.0,0.0,0.0,0.0,0.0,0.0,0.0,0.0,0.0,0.0,0.0,0.0,0.0,0.0,0.0,0.0,0.0,0.0,0.0,0.0,0.0,0.0,0.0,0.0,0.0,0.0,0.0,0.0,0.0,0.0,0.0,0.0,0.0,0.0,0.0,0.0,0.0,0.0,0.0,0.0,0.0,0.0,0.0,0.0,0.0,0.0,0.0,0.0,0.0,0.0,0.0,0.0,0.0,0.0,0.0,0.0,0.0,0.0,0.0,0.0,0.0,0.0,0.0,0.0,0.0,0.0,0.0,0.0,0.0,0.0,0.0,0.0,0.0,0.0,0.0,0.0,0.0,0.0,0.0,0.0,0.0,0.0,0.0,0.0,0.0,0.0,0.0,0.0,0.0,0.0,0.0,0.0,0.0,0.0,0.0,0.0,0.0,0.0,0.0,0.0,0.0,0.0,0.0,0.0,0.0,0.0,0.0,0.0,0.0,0.0,0.0,0.0,0.0,0.0,0.0,0.0,0.0,0.0,0.0,0.0,0.0,0.0,0.0,0.0,0.0,0.0,0.0,0.0,0.0,0.0,0.0,0.0,0.0,0.0
ENCFF002EBR,0.17616036686013828,56113,302,5098,48228,1138,146434,9300,384,783,423,1507,6701,6650,14354,28632,46207,5184,748,8671,8804,266,1057,112,141,142,1385,1096,4897,45239,5746,366,226,736,2751,2564,60,2952,44,132,12115,16344,119,991,106,88,991,8567,29191,147,828,1633,2208,653,396,9183,275,534,604,254,1171,3538,856,18950,387,548,322,625,70762,70931,10278,1665,1096,1795,7504,514,1946,800,1243,1343,335,1588,1775,5362,689,843,5367,27,1363,732,15,1964,742,94,1703,2129,27207,246153,15213,143,41187,57628,3945,49577,1684,987,7862,2273,2445,41,4086,10481,10644,147,6520,46724,4125,54827,885,3294,3427,12894,1373,72097,2006,8664,4379,1095,3972,661,217,44439,20102,1156,38389,13119,16854,41713,241,7459,5327,1819,5145,55827,491,422,183,164,67,68,3407,540,1916,15063,7247,1002,6873,50493,4852,675,1781,2215,1701,4372,6241,5310,7774,105,170,121,1540,69,2631,972,1543,386,50,11,814,1152,1620,21668,10460,62820,3444,43522,49038,21380,44412,19786,41049,449,40422,48225,15169,13659,34605,27259,8776,1314,255,1264,120,754,1436,305,95,55,68,6041,548,68689,17443,17735,427,305064,55535,5453,40873,35633,1668,956,59654,27890,86034,6789,63535,240,63864,78,470,1972,1102,424,1491,335,5590,3208,66,1041,1419,967,1368,692,3749,2154,338,334,6976,4567,3125,3909,1862,526,1007,1192,544,538,390,732,1724,7634,1893,606,2510,3486,3262,14226,43807,784,3484,4199,1991,1317,1029,1026,1548,790,240,11422,745,1333,7729,558,2313,608,5807,1706,1610,920,1465,299,724,817,3702,3715,1235,1509,1123,3473,2253,1268,1208,1501,5801,54,55,611,971,684,615,20997,299,14130,49,833,99,9722,1156,10321,9702,11482,63,4043,206,247,2119,5742,104098,916,2913,3148,1598,84,4201,375,847,1058,22174,10697,9363,1977,82,285,169,29,101,963,2071,3894,912,6083,801,714,2448,66899,527,3152,183021,853,8732,1515,8250,1426,3831,418,536,6104,1254,1551,1692,556,661,353,6716,1880,1493,1692,668,1784,2002,36904,166,15179,3190,59,38331,11931,19,408,8539,1162,88,9697,1254,1848,448,4595,1711,24396,4798,865,1244,1724,688,1798,1403,1969,1180,45,1611,56,2693,143,71,331,573,780,1159,1218,44065,3165,13507,8364,1972,743,1298,408,53442,168,23092,2430,18148,2038,546,4077,193,44989,8295,14928,62781,3221,23125,356,456,578,1376,765,1746,1085,2215,12036,1539,54,365,1609,47,76,5993,6141,6,286,314,37627,62681,46522,11652,53414,6266,921,99536,136836,19615,63470,99840,119878,486,253,1199,1069,296,1301,1798,487,644,983,10131,0.0,0.0,0.0,0.0,0.0,0.0,0.0,0.0,0.0,0.0,0.0,0.0,0.0,0.0,0.0,0.0,0.0,0.0,0.0,0.0,0.0,0.0,0.0,0.0,0.0,0.0,0.0,0.0,0.0,0.0,0.0,0.0,0.0,0.0,0.0,0.0,0.0,0.0,0.0,0.0,0.0,0.0,0.0,0.0,0.0,0.0,0.0,0.0,0.0,0.0,0.0,0.0,0.0,0.0,0.0,0.0,0.0,0.0,0.0,0.0,0.0,0.0,0.0,0.0,0.0,0.0,0.0,0.0,0.0,0.0,0.0,0.0,0.0,0.0,0.0,0.0,0.0,0.0,0.0,0.0,0.0,0.0,0.0,0.0,0.0,0.0,0.0,0.0,0.0,0.0,0.0,0.0,0.0,0.0,0.0,0.0,0.0,0.0,0.0,0.0,0.0,0.0,0.0,0.0,0.0,0.0,0.0,0.0,0.0,0.0,0.0,0.0,0.0,0.0,0.0,0.0,0.0,0.0,0.0,0.0,0.0,0.0,0.0,0.0,0.0,0.0,0.0,0.0,0.0,0.0,0.0,0.0,0.0,0.0,0.0,0.0,0.0,0.0,0.0,0.0,0.0,0.0,0.0,0.0,0.0,0.0,0.0,0.0,0.0,0.0
ENCFF000WBR,0.09799211541051218,52354,1181,2726,37196,791,97386,33528,177,246,177,388,2403,2563,6040,23174,24754,2192,184,2947,4188,74,320,45,23,17,585,1439,2481,19746,1772,115,161,510,1283,1301,64,1086,8,10,5156,5381,23,291,11,309,241,3592,19639,163,341,754,1099,215,130,15992,62,132,253,44,337,971,311,10825,186,118,398,22,36325,34023,3204,742,556,1184,7873,149,881,436,565,639,191,736,863,1868,388,402,2683,8,663,397,5,468,48,4,657,1106,18936,99957,5173,86,14422,21646,1606,19334,842,533,2335,719,864,17,1375,4160,4116,47,4169,17046,2207,25703,645,2499,2189,4666,1104,39646,1236,4140,1625,237,1222,196,72,18591,7801,6527,13658,5756,22277,13321,535,3331,1642,925,2320,40063,147,259,80,57,10,16,947,84,212,8380,2195,339,2392,39246,3442,198,808,301,308,1912,13540,17049,2740,36,52,6,775,7,1377,484,544,559,53,30,563,305,675,7765,3534,23926,1758,17942,20435,10614,27018,9014,19579,127,14564,18255,6071,4800,13318,10007,4045,642,469,555,56,427,694,64,24,9,36,3301,180,30843,9836,6212,73,232802,27988,2636,16559,18629,416,419,27393,13579,46098,5477,21848,126,21696,18,135,455,82,209,647,154,2647,1153,16,540,796,471,706,362,1679,1062,409,92,2972,1846,1279,1546,973,301,516,543,291,298,215,256,917,3514,1158,287,1037,1670,1537,8859,52848,1293,1604,1785,899,609,449,499,781,425,105,3691,341,627,2544,273,967,333,2606,924,760,531,683,219,389,428,1864,1898,616,725,602,1623,1067,560,602,729,2988,22,26,296,502,239,290,7389,57,4922,11,291,55,3209,296,3766,4159,5572,4,1293,52,90,665,1798,67151,312,1201,1447,595,183,2022,73,47,275,9568,4183,2072,629,9,129,46,11,14,544,846,1419,402,2750,429,433,1167,46123,537,1631,68983,447,2955,760,3477,1976,1752,266,839,4812,660,647,711,349,309,180,13749,790,652,802,358,923,859,13184,27,6158,1188,5,43877,3685,37,124,17848,402,38,4331,637,655,124,2044,764,14337,3441,500,692,715,347,699,628,776,436,5,630,24,1267,57,59,70,305,59,506,460,37164,2264,9066,5463,1470,449,427,96,16051,188,8309,1412,6138,566,147,1596,11,15967,3147,5399,25061,4391,12337,255,79,280,722,1124,786,562,1221,5040,686,19,154,835,9,11,1760,1700,3,427,93,11992,25986,20326,4884,18391,2048,163,48463,50458,9719,26901,38212,43118,132,103,650,569,149,663,1863,244,181,373,4942,0.0,0.0,0.0,0.0,0.0,0.0,0.0,0.0,0.0,0.0,0.0,0.0,0.0,0.0,0.0,0.0,0.0,0.0,0.0,0.0,0.0,0.0,0.0,0.0,0.0,0.0,0.0,0.0,0.0,0.0,0.0,0.0,0.0,0.0,0.0,0.0,0.0,0.0,0.0,0.0,0.0,0.0,0.0,0.0,0.0,0.0,0.0,0.0,0.0,0.0,0.0,0.0,0.0,0.0,0.0,0.0,0.0,0.0,0.0,0.0,0.0,0.0,0.0,0.0,0.0,0.0,0.0,0.0,0.0,0.0,0.0,0.0,0.0,0.0,0.0,0.0,0.0,0.0,0.0,0.0,0.0,0.0,0.0,0.0,0.0,0.0,0.0,0.0,0.0,0.0,0.0,0.0,0.0,0.0,0.0,0.0,0.0,0.0,0.0,0.0,0.0,0.0,0.0,0.0,0.0,0.0,0.0,0.0,0.0,0.0,0.0,0.0,0.0,0.0,0.0,0.0,0.0,0.0,0.0,0.0,0.0,0.0,0.0,0.0,0.0,0.0,0.0,0.0,0.0,0.0,0.0,0.0,0.0,0.0,0.0,0.0,0.0,0.0,0.0,0.0,0.0,0.0,0.0,0.0,0.0,0.0,0.0,0.0,0.0,0.0
ENCFF824PVS,0.11375663561334186,188461,127,1729,37842,371,127132,8197,384,272,173,677,4558,1542,4747,20553,18708,1784,602,5211,5206,81,606,66,114,123,1740,15456,3950,24226,3339,115,61,516,2724,2481,19,2887,40,1,7765,7027,41,216,104,23,673,6415,20308,787,687,1888,1873,124,259,4078,90,274,264,211,940,2939,325,10998,310,267,4189,426,33551,39050,4271,1598,954,2350,4543,44,1865,849,971,1218,347,1584,1811,2185,571,973,4802,31,1161,1102,17,813,403,63,1254,922,13111,128559,6594,115,18881,28277,3699,24021,1941,984,2905,1295,1626,55,3037,6983,8146,167,5726,30876,1478,30526,215,927,946,5333,381,50875,1646,6305,2053,288,1416,130,129,19441,3985,5490,17268,6438,12256,20405,513,4754,5722,1615,3247,37584,311,927,50,70,32,7,1219,271,913,10540,2694,227,3322,36787,2347,238,1950,976,563,2204,3656,3907,5167,76,136,56,1455,54,1772,831,5883,649,8,8,635,331,1799,9446,4757,33700,2684,18162,27470,12296,30044,14373,25645,197,20347,25774,8934,7507,22242,14602,4074,948,1237,781,27,994,1785,96,46,35,54,4301,112,41786,9047,7261,1149,164266,34704,4101,20505,19013,768,586,27471,16370,46474,3027,32639,140,33170,58,196,1139,63,451,1296,410,5025,1757,39,1020,941,853,1530,750,3254,1645,300,155,5424,3902,1950,2721,2403,461,1383,1184,632,415,310,226,1465,3894,1129,523,1336,3150,2377,8703,32853,14219,3152,3034,1454,1186,973,946,1220,763,119,7208,786,2178,4424,465,1906,727,3935,2441,1560,1311,1280,271,630,491,3411,2548,1274,1139,1054,2642,2131,1500,887,1606,3575,38,40,548,1198,658,437,12107,292,8592,51,168,110,4605,427,6980,6488,8201,33,2115,207,33,1689,2268,68255,1224,1718,2916,952,132,2532,38,295,1098,19482,7020,6967,1139,107,330,174,24,98,856,1525,2091,1189,3732,939,593,1563,52997,303,2295,83973,550,4993,1272,8011,16939,2521,402,1319,7292,1108,1504,1597,408,369,95,118368,2185,1470,1462,612,1492,1599,21167,72,13827,1054,46,25211,6001,18,330,5726,1095,121,7544,1018,1044,153,4165,1381,22020,1774,2036,1010,1503,828,1001,1309,1264,613,58,875,45,2595,236,312,73,952,320,197,766,34197,1123,7684,3809,642,624,828,394,23255,892,10243,1825,7455,1131,54,2055,18,30450,5097,9967,35745,1415,19261,148,303,529,1459,813,1366,1130,1464,9454,1382,34,114,1460,43,77,2292,1971,15,812,208,19143,28093,23704,5941,22991,3433,553,52592,62116,10549,27396,49448,57381,173,44,949,868,384,1224,540,279,194,692,6781,0.0,0.0,0.0,0.0,0.0,0.0,0.0,0.0,0.0,0.0,0.0,0.0,0.0,0.0,0.0,0.0,0.0,0.0,0.0,0.0,0.0,0.0,0.0,0.0,0.0,0.0,0.0,0.0,0.0,0.0,0.0,0.0,0.0,0.0,0.0,0.0,0.0,0.0,0.0,0.0,0.0,0.0,0.0,0.0,0.0,0.0,0.0,0.0,0.0,0.0,0.0,0.0,0.0,0.0,0.0,0.0,0.0,0.0,0.0,0.0,0.0,0.0,0.0,0.0,0.0,0.0,0.0,0.0,0.0,0.0,0.0,0.0,0.0,0.0,0.0,0.0,0.0,0.0,0.0,0.0,0.0,0.0,0.0,0.0,0.0,0.0,0.0,0.0,0.0,0.0,0.0,0.0,0.0,0.0,0.0,0.0,0.0,0.0,0.0,0.0,0.0,0.0,0.0,0.0,0.0,0.0,0.0,0.0,0.0,0.0,0.0,0.0,0.0,0.0,0.0,0.0,0.0,0.0,0.0,0.0,0.0,0.0,0.0,0.0,0.0,0.0,0.0,0.0,0.0,0.0,0.0,0.0,0.0,0.0,0.0,0.0,0.0,0.0,0.0,0.0,0.0,0.0,0.0,0.0,0.0,0.0,0.0,0.0,0.0,0.0
ENCFF943CMT,0.2221481422721993,49229,166,2182,72919,859,259303,11423,510,447,227,946,3989,4007,6468,40523,59641,4061,1478,7511,7259,226,1304,55,498,338,953,893,5159,43798,5630,284,95,896,3563,3564,13,4735,82,8,10883,17372,30,588,34,92,942,10643,46230,72,1919,1440,2317,355,570,9442,179,679,361,589,2048,2670,437,20690,184,346,199,146,59573,68218,9764,1994,1093,3085,10938,195,2589,1001,1070,1352,479,1870,2940,4419,740,1312,5216,82,1366,1237,55,3329,775,190,1793,1229,31921,237798,18601,129,46929,60057,4919,53445,2932,1178,6743,2553,3657,39,6086,10449,12236,944,6192,56537,3074,68565,376,2046,1601,10011,898,113298,2046,8147,3079,1025,3786,176,191,56111,9679,283,35608,10431,23276,47676,77,5161,6455,2193,3617,119538,1756,205,172,136,34,23,3648,988,620,13390,7282,345,5823,71779,3820,372,2926,4555,3387,4239,6611,7797,11271,74,309,322,1599,72,1972,992,3810,543,3,17,662,657,2384,19671,11382,61726,4447,35549,47080,15015,54961,19682,31950,464,39776,49025,14774,15157,41304,32691,9243,1673,52,413,8,978,1909,266,44,59,136,4868,223,83954,11902,19707,1008,354237,49501,7115,38222,36142,2128,767,50473,23097,69350,5214,71981,61,74478,44,197,1078,41,566,1530,170,6170,3453,32,1264,1101,997,1622,1000,4707,2451,84,119,7669,5572,2598,6167,2694,508,1685,1278,847,565,410,456,1789,7210,881,694,2000,5270,3294,15019,117973,1069,4344,6105,2272,1548,1415,1150,1448,912,50,20264,880,2506,10440,497,3016,858,4925,2519,1900,1447,1595,110,806,457,4113,2920,1478,1303,1309,4206,3340,1685,1024,1693,3754,30,31,763,1363,1165,42,24532,477,16238,31,386,78,9153,1116,14114,8923,10364,83,4450,154,31,4066,5193,153759,800,3788,4291,1920,24,3798,263,717,3640,20751,8251,5117,2974,238,175,185,45,145,987,2269,3015,1716,5217,1141,681,3700,136831,223,3317,175160,720,11127,1612,10552,1991,3117,510,292,5197,1287,2243,2223,556,501,181,11512,3187,1857,2004,213,1941,2344,38120,84,19619,2213,195,47658,13800,23,1087,7167,2360,119,9205,1144,1584,316,7403,1658,17201,2847,390,1263,1908,1010,1066,1486,2633,475,110,1569,85,3145,355,89,222,167,2610,538,1072,69936,2261,11249,4994,1182,1712,1692,1016,48959,47,18352,1733,18126,4197,48,3759,10,45464,9945,11395,55095,4251,37209,89,1352,674,1664,1031,1903,1216,1775,19304,1704,10,286,1730,161,222,7211,6259,63,47,122,55012,45391,33195,8484,52549,9485,1155,146787,126420,15713,46496,97829,124949,557,145,1091,1040,439,1286,1308,481,411,1539,9036,0.0,0.0,0.0,0.0,0.0,0.0,0.0,0.0,0.0,0.0,0.0,0.0,0.0,0.0,0.0,0.0,0.0,0.0,0.0,0.0,0.0,0.0,0.0,0.0,0.0,0.0,0.0,0.0,0.0,0.0,0.0,0.0,0.0,0.0,0.0,0.0,0.0,0.0,0.0,0.0,0.0,0.0,0.0,0.0,0.0,0.0,0.0,0.0,0.0,0.0,0.0,0.0,0.0,0.0,0.0,0.0,0.0,0.0,0.0,0.0,0.0,0.0,0.0,0.0,0.0,0.0,0.0,0.0,0.0,0.0,0.0,0.0,0.0,0.0,0.0,0.0,0.0,0.0,0.0,0.0,0.0,0.0,0.0,0.0,0.0,0.0,0.0,0.0,0.0,0.0,0.0,0.0,0.0,0.0,0.0,0.0,0.0,0.0,0.0,0.0,0.0,0.0,0.0,0.0,0.0,0.0,0.0,0.0,0.0,0.0,0.0,0.0,0.0,0.0,0.0,0.0,0.0,0.0,0.0,0.0,0.0,0.0,0.0,0.0,0.0,0.0,0.0,0.0,0.0,0.0,0.0,0.0,0.0,0.0,0.0,0.0,0.0,0.0,0.0,0.0,0.0,0.0,0.0,0.0,0.0,0.0,0.0,0.0,0.0,0.0
ENCFF832HXT,0.1624963974234005,70709,102,2274,19081,223,59384,7347,252,301,351,654,2708,1005,2683,11142,9307,2087,686,2835,5760,170,824,74,70,82,1142,3610,3024,13384,4397,289,130,425,1658,1535,48,2065,27,20,7988,11741,33,641,23,15,653,5606,9661,415,885,972,1225,552,375,7215,169,400,572,154,1001,1417,70,2206,147,186,1108,97,25824,41673,8230,1015,627,1773,6345,382,1132,489,695,804,176,824,1042,3532,438,496,3373,8,729,501,17,1115,151,23,996,756,4747,161212,10040,119,27969,37868,2183,32633,1042,580,5456,1506,1626,20,3071,8173,8596,193,4896,36372,992,16826,127,471,776,7557,243,18061,963,6811,2922,548,2630,388,122,31804,3311,2292,7214,2811,14281,31812,317,4087,1539,1102,4094,16489,343,616,48,90,14,43,2590,319,509,10995,4912,634,3737,19404,1883,460,1028,909,744,2658,4084,4085,6310,76,112,39,901,41,1360,538,1117,344,38,5,441,744,996,14404,7345,44403,2160,21651,29684,12743,18604,12541,24290,315,25477,30825,11693,9678,23706,19057,4734,789,702,464,43,526,840,162,46,28,86,4436,103,20549,8172,2481,252,147370,32239,3489,24394,6121,1313,554,31197,14439,33032,1709,48681,166,52367,47,361,828,93,255,866,279,3701,2964,51,566,796,548,756,373,2242,1337,274,240,5452,3079,2107,3357,1182,301,606,654,324,314,208,457,1009,3789,837,293,1528,2187,1772,5511,9736,2497,2162,3493,1201,704,538,534,818,440,93,7679,463,895,5296,300,1607,432,3898,952,846,508,788,224,407,473,2235,1856,637,843,693,2400,1430,820,667,892,3574,27,46,373,554,657,469,18052,286,10440,43,413,86,7048,1042,8317,7252,7295,28,3104,115,128,1482,4751,37392,963,2440,1995,1100,180,2221,191,232,1083,14503,4402,3499,1701,117,243,107,12,44,556,1507,2739,608,3651,462,453,839,22535,439,1791,123069,401,6449,850,5208,4098,2166,302,1224,5834,705,920,1004,299,379,366,22116,1125,788,953,481,1046,1122,25493,64,11459,1891,42,29368,7752,48,320,6206,1006,95,6526,702,1645,264,3129,971,9439,1612,908,670,972,396,1093,734,1677,728,26,968,67,1937,147,90,269,596,263,176,423,21573,632,5840,2945,516,549,966,399,40194,240,15838,1688,12959,1758,248,3315,23,30038,5457,10149,42048,1290,8852,183,303,324,869,397,935,632,1267,7174,861,15,313,960,36,31,4438,4733,9,577,158,25812,31327,23166,6010,33435,3905,371,51679,76690,10137,32075,58376,73425,160,113,585,602,201,704,1214,416,427,814,7094,0.0,0.0,0.0,0.0,0.0,0.0,0.0,0.0,0.0,0.0,0.0,0.0,0.0,0.0,0.0,0.0,0.0,0.0,0.0,0.0,0.0,0.0,0.0,0.0,0.0,0.0,0.0,0.0,0.0,0.0,0.0,0.0,0.0,0.0,0.0,0.0,0.0,0.0,0.0,0.0,0.0,0.0,0.0,0.0,0.0,0.0,0.0,0.0,0.0,0.0,0.0,0.0,0.0,0.0,0.0,0.0,0.0,0.0,0.0,0.0,0.0,0.0,0.0,0.0,0.0,0.0,0.0,0.0,0.0,0.0,0.0,0.0,0.0,0.0,0.0,0.0,0.0,0.0,0.0,0.0,0.0,0.0,0.0,0.0,0.0,0.0,0.0,0.0,0.0,0.0,0.0,0.0,0.0,0.0,0.0,0.0,0.0,0.0,0.0,0.0,0.0,0.0,0.0,0.0,0.0,0.0,0.0,0.0,0.0,0.0,0.0,0.0,0.0,0.0,0.0,0.0,0.0,0.0,0.0,0.0,0.0,0.0,0.0,0.0,0.0,0.0,0.0,0.0,0.0,0.0,0.0,0.0,0.0,0.0,0.0,0.0,0.0,0.0,0.0,0.0,0.0,0.0,0.0,0.0,0.0,0.0,0.0,0.0,0.0,0.0
ENCFF001YXF,0.16842362789143545,56301,253,3479,37689,831,87335,6107,315,489,285,663,3779,4467,10749,20935,26519,3574,422,7362,5887,140,581,56,59,56,837,2211,3624,51843,3442,238,233,466,2066,1814,88,1982,36,50,9746,10630,57,577,43,72,570,6009,26568,283,496,1210,1676,424,328,5592,145,305,383,159,730,1594,358,17498,618,515,685,88,56259,53755,7643,1169,862,1502,8869,318,1351,581,911,1021,269,1111,1305,3360,540,654,4185,18,1007,548,24,1086,260,28,1692,1570,23619,162666,9140,120,25161,37041,2766,32441,1197,708,4693,1524,1862,20,2645,7094,7303,104,5208,35909,3141,49592,901,2976,2690,8352,1268,73094,1652,5773,2941,787,2279,343,164,25147,14519,1909,27916,9629,13117,25647,414,4891,3506,1340,3730,58971,452,472,127,114,29,40,2080,306,722,10864,3985,629,4480,40983,4204,396,1269,1267,1028,3373,5126,4654,5325,139,171,50,1147,39,2020,661,1089,299,65,29,686,753,1131,14608,6822,43665,2591,31268,34281,16391,47535,15254,31615,282,27457,33640,10755,8900,24201,18195,6052,942,485,948,67,592,1077,200,93,44,139,4252,402,67868,15206,14006,462,343594,40381,4117,28746,31332,946,564,43049,20461,66383,5395,40487,202,38518,36,325,765,181,345,1074,240,4185,2130,45,739,1007,702,1071,501,2575,1577,259,222,4826,2972,2068,2892,1413,426,711,823,433,413,291,463,1281,6542,1562,464,1807,2544,2503,11409,47339,1739,2454,2864,1482,924,699,749,1100,638,131,7150,524,887,4965,406,1616,477,4439,1342,1092,732,1088,211,542,692,2792,2804,969,1009,771,2248,1669,836,946,1132,4560,25,32,449,727,491,315,13120,134,9005,17,462,92,6139,663,6707,6167,7682,34,2536,115,147,1773,3457,83145,637,2141,2271,1001,143,3134,204,189,669,15507,9369,3412,1213,41,270,90,18,53,760,1222,2214,643,3863,566,527,1378,52445,493,2549,113928,595,5336,1109,5742,2600,2713,358,1152,5742,899,1087,1193,450,476,272,13198,1389,1061,1229,482,1307,1357,24130,89,10742,2200,21,24043,7091,49,276,6497,741,57,7067,960,1481,258,3312,1297,25256,4354,878,949,1246,502,1286,994,1304,944,36,1202,39,1845,91,28,185,565,340,794,942,25796,2377,10719,6689,1538,565,879,167,31493,284,13302,1988,10949,1275,288,2681,29,27952,5467,9361,43124,4138,20724,277,228,404,1070,507,1217,846,2787,8366,1208,35,357,1125,25,34,3543,3644,18,474,195,22869,43742,31920,8295,33044,3772,323,78770,89173,14381,43463,65780,76107,298,170,862,799,253,969,1181,319,392,635,6711,0.0,0.0,0.0,0.0,0.0,0.0,0.0,0.0,0.0,0.0,0.0,0.0,0.0,0.0,0.0,0.0,0.0,0.0,0.0,0.0,0.0,0.0,0.0,0.0,0.0,0.0,0.0,0.0,0.0,0.0,0.0,0.0,0.0,0.0,0.0,0.0,0.0,0.0,0.0,0.0,0.0,0.0,0.0,0.0,0.0,0.0,0.0,0.0,0.0,0.0,0.0,0.0,0.0,0.0,0.0,0.0,0.0,0.0,0.0,0.0,0.0,0.0,0.0,0.0,0.0,0.0,0.0,0.0,0.0,0.0,0.0,0.0,0.0,0.0,0.0,0.0,0.0,0.0,0.0,0.0,0.0,0.0,0.0,0.0,0.0,0.0,0.0,0.0,0.0,0.0,0.0,0.0,0.0,0.0,0.0,0.0,0.0,0.0,0.0,0.0,0.0,0.0,0.0,0.0,0.0,0.0,0.0,0.0,0.0,0.0,0.0,0.0,0.0,0.0,0.0,0.0,0.0,0.0,0.0,0.0,0.0,0.0,0.0,0.0,0.0,0.0,0.0,0.0,0.0,0.0,0.0,0.0,0.0,0.0,0.0,0.0,0.0,0.0,0.0,0.0,0.0,0.0,0.0,0.0,0.0,0.0,0.0,0.0,0.0,0.0
ENCFF000XCP,0.07416627674894617,6979,42,300,3664,77,10831,586,31,33,21,55,258,354,624,1179,2926,300,55,364,493,17,75,8,6,7,54,407,312,2885,326,31,33,41,144,145,12,146,1,2,659,1055,4,66,2,6,33,501,2670,47,71,80,111,33,41,748,9,32,39,12,90,124,13,1146,24,77,119,6,4117,3953,689,93,58,173,611,32,109,55,73,78,18,103,104,374,46,42,296,2,90,43,2,123,30,0,122,119,1277,15998,914,19,2648,3684,234,3297,114,54,506,148,154,2,256,728,717,11,470,3102,272,3348,57,298,217,800,116,4566,131,596,257,70,276,35,9,2896,983,286,1910,637,1316,2601,77,383,259,93,373,2597,43,71,11,16,5,3,199,35,63,968,467,64,372,3610,339,46,102,115,108,259,395,357,534,9,17,3,63,4,147,53,273,166,9,0,64,97,67,1448,665,4230,196,2664,3133,1202,2776,1130,2436,23,2382,2897,945,869,2015,1552,549,82,75,57,5,60,67,17,5,2,10,355,30,2952,1061,1092,20,19431,2939,347,2576,2020,115,43,3442,1523,4814,518,3873,14,4069,8,20,83,41,19,60,25,309,184,6,60,82,59,74,54,195,108,28,21,406,293,133,241,93,28,52,52,37,45,13,65,107,395,90,27,156,224,167,1053,2690,244,181,300,126,72,50,50,74,46,9,679,38,84,443,44,168,41,369,90,85,59,70,25,49,38,219,213,57,69,83,233,128,68,84,81,311,2,2,38,38,87,28,1411,11,983,2,49,18,607,86,655,626,550,1,213,10,16,74,391,4805,84,198,155,86,18,238,17,20,73,1155,507,299,157,5,90,15,1,5,52,191,282,57,353,45,55,122,4730,50,206,11388,50,563,83,419,425,200,40,174,695,73,68,92,50,37,30,1911,87,74,84,46,95,110,2288,7,869,238,0,2621,616,3,21,466,71,9,598,63,145,36,245,93,2077,325,91,79,75,34,88,52,125,15,2,83,1,174,20,4,14,63,36,81,68,2161,265,888,615,149,48,91,8,3567,39,1407,209,1208,132,24,252,3,2563,524,825,4032,241,1615,17,13,27,98,52,110,62,119,563,68,5,62,118,0,5,422,417,1,59,22,2196,3239,2570,632,3120,426,31,5878,7751,1052,3464,5758,7152,20,26,68,70,25,69,182,45,55,63,610,0.0,0.0,0.0,0.0,0.0,0.0,0.0,0.0,0.0,0.0,0.0,0.0,0.0,0.0,0.0,0.0,0.0,0.0,0.0,0.0,0.0,0.0,0.0,0.0,0.0,0.0,0.0,0.0,0.0,0.0,0.0,0.0,0.0,0.0,0.0,0.0,0.0,0.0,0.0,0.0,0.0,0.0,0.0,0.0,0.0,0.0,0.0,0.0,0.0,0.0,0.0,0.0,0.0,0.0,0.0,0.0,0.0,0.0,0.0,0.0,0.0,0.0,0.0,0.0,0.0,0.0,0.0,0.0,0.0,0.0,0.0,0.0,0.0,0.0,0.0,0.0,0.0,0.0,0.0,0.0,0.0,0.0,0.0,0.0,0.0,0.0,0.0,0.0,0.0,0.0,0.0,0.0,0.0,0.0,0.0,0.0,0.0,0.0,0.0,0.0,0.0,0.0,0.0,0.0,0.0,0.0,0.0,0.0,0.0,0.0,0.0,0.0,0.0,0.0,0.0,0.0,0.0,0.0,0.0,0.0,0.0,0.0,0.0,0.0,0.0,0.0,0.0,0.0,0.0,0.0,0.0,0.0,0.0,0.0,0.0,0.0,0.0,0.0,0.0,0.0,0.0,0.0,0.0,0.0,0.0,0.0,0.0,0.0,0.0,0.0
ENCFF000VWG,0.06802968425778644,5643,35,556,6473,159,14907,803,53,85,47,88,516,830,1570,3482,5159,603,70,772,817,42,122,9,16,7,123,141,608,5440,535,44,19,75,286,292,11,295,10,5,1037,1762,14,102,8,8,79,870,4202,18,96,155,233,74,60,997,22,55,50,26,125,231,66,2363,47,59,48,19,7946,7130,989,173,132,204,824,30,203,98,129,171,40,196,196,557,100,109,559,1,134,96,1,213,62,10,189,254,2984,24544,1499,11,4063,5906,371,5093,223,125,771,246,215,8,386,991,974,15,675,4582,592,5600,121,528,456,1274,210,7326,271,881,400,113,512,80,13,4296,2266,93,4431,1532,1747,4121,33,679,485,223,522,7021,29,50,16,29,5,4,314,50,77,1434,710,90,753,6590,673,53,175,164,148,428,626,571,770,14,26,11,178,10,312,162,165,263,3,4,115,135,148,2267,1040,6262,395,4360,4987,2170,5672,2086,4357,33,3874,4527,1456,1413,3399,2751,1020,126,34,127,14,94,174,38,6,6,4,591,64,7808,1985,2065,28,29104,5415,553,4274,4332,189,91,6093,2776,9507,959,6126,29,6245,10,41,206,54,48,160,34,578,318,7,116,164,97,140,78,401,247,36,31,765,510,281,387,234,56,111,109,59,84,62,68,269,736,235,72,289,410,356,2215,4425,103,380,460,215,133,104,105,170,103,20,1060,115,154,860,64,238,82,580,201,177,128,172,14,86,78,437,436,140,149,114,413,220,131,139,177,621,3,8,75,110,82,79,2097,35,1388,3,79,11,999,126,950,985,1160,6,361,11,29,197,553,10467,90,293,323,156,10,345,25,84,72,2098,951,495,214,7,28,24,5,6,94,211,440,94,584,118,105,284,9032,74,344,17433,90,872,174,840,155,436,71,71,672,164,157,157,74,85,29,744,191,168,191,42,210,206,4004,15,1538,377,2,4109,1272,1,50,807,94,8,1008,155,174,48,466,198,2856,619,121,149,197,106,172,138,181,121,6,153,8,280,9,6,18,59,47,146,126,5754,434,1723,1052,313,82,122,33,5180,17,2138,274,1926,217,34,392,2,4229,795,1402,6064,279,2937,45,44,71,157,86,184,100,217,1229,156,4,41,188,8,7,595,660,0,29,32,3509,5976,5002,1098,5221,657,73,11146,13300,2025,6249,9761,11773,41,30,156,155,31,165,195,44,73,101,983,0.0,0.0,0.0,0.0,0.0,0.0,0.0,0.0,0.0,0.0,0.0,0.0,0.0,0.0,0.0,0.0,0.0,0.0,0.0,0.0,0.0,0.0,0.0,0.0,0.0,0.0,0.0,0.0,0.0,0.0,0.0,0.0,0.0,0.0,0.0,0.0,0.0,0.0,0.0,0.0,0.0,0.0,0.0,0.0,0.0,0.0,0.0,0.0,0.0,0.0,0.0,0.0,0.0,0.0,0.0,0.0,0.0,0.0,0.0,0.0,0.0,0.0,0.0,0.0,0.0,0.0,0.0,0.0,0.0,0.0,0.0,0.0,0.0,0.0,0.0,0.0,0.0,0.0,0.0,0.0,0.0,0.0,0.0,0.0,0.0,0.0,0.0,0.0,0.0,0.0,0.0,0.0,0.0,0.0,0.0,0.0,0.0,0.0,0.0,0.0,0.0,0.0,0.0,0.0,0.0,0.0,0.0,0.0,0.0,0.0,0.0,0.0,0.0,0.0,0.0,0.0,0.0,0.0,0.0,0.0,0.0,0.0,0.0,0.0,0.0,0.0,0.0,0.0,0.0,0.0,0.0,0.0,0.0,0.0,0.0,0.0,0.0,0.0,0.0,0.0,0.0,0.0,0.0,0.0,0.0,0.0,0.0,0.0,0.0,0.0
ENCFF000BHI,0.1246169920147872,8919,37,1154,8235,243,41077,1692,70,173,85,226,1281,1561,3229,4084,10599,1142,137,1948,1904,62,176,31,16,10,186,68,810,5687,966,68,43,89,465,367,10,425,8,89,2218,2588,16,149,2,11,118,1280,4861,12,121,204,293,139,80,1765,41,74,97,29,212,336,115,2856,64,101,29,10,11808,11483,2011,230,150,253,1240,52,306,120,186,199,58,185,230,886,105,130,825,6,208,130,6,303,35,4,542,342,3023,45839,2341,24,6688,10721,705,9097,451,150,1569,508,1074,0,1069,3211,2745,39,1489,8168,883,8027,188,809,682,2241,328,10786,346,1932,1087,232,614,81,17,7765,4402,52,5624,2650,3171,6820,15,1036,1091,247,851,9205,93,48,54,21,13,9,532,76,647,2861,1072,135,892,8155,876,92,227,264,292,762,2388,1620,4861,15,37,11,210,6,438,151,531,326,6,0,95,192,203,4656,1677,11156,562,10705,8502,3874,7609,3510,10658,56,7243,8646,2712,2023,6893,4455,1654,192,16,236,16,104,187,55,26,3,20,1213,101,9351,4315,3462,42,62029,9696,765,6452,6324,306,588,9337,4448,13706,1552,11225,42,10217,16,57,276,15,58,175,40,927,495,119,140,216,127,195,88,565,329,63,51,1118,716,459,767,258,76,161,151,86,78,82,110,280,1353,280,87,578,537,517,2925,8704,80,558,1240,251,170,142,117,181,132,38,1760,84,184,1233,78,362,106,1053,204,185,132,189,154,107,184,519,543,183,219,163,568,332,175,175,218,975,4,10,95,113,193,70,4086,25,3264,9,139,18,1470,200,2238,1960,1960,7,669,40,57,321,1136,21840,145,470,569,270,6,643,35,35,134,3794,2126,798,300,15,42,41,3,32,133,233,651,111,832,111,113,386,13045,100,550,33655,123,1470,205,1169,93,594,62,29,878,174,169,204,87,88,75,454,247,193,188,291,250,258,6383,25,2358,618,7,7300,1484,7,69,1435,113,16,1455,155,663,76,696,223,4177,1012,150,164,229,120,271,160,391,186,6,237,11,625,45,12,41,104,52,258,170,7527,707,2162,1598,417,139,989,25,15425,20,3596,356,2993,326,84,690,1,8664,1973,2967,13398,635,4061,54,47,66,185,90,251,151,363,1568,196,12,53,212,3,9,939,1002,0,30,50,5432,9788,7836,1640,8525,2488,131,18878,23105,3472,9687,18710,19157,83,42,152,157,43,197,459,76,106,134,1982,0.0,0.0,0.0,0.0,0.0,0.0,0.0,0.0,0.0,0.0,0.0,0.0,0.0,0.0,0.0,0.0,0.0,0.0,0.0,0.0,0.0,0.0,0.0,0.0,0.0,0.0,0.0,0.0,0.0,0.0,0.0,0.0,0.0,0.0,0.0,0.0,0.0,0.0,0.0,0.0,0.0,0.0,0.0,0.0,0.0,0.0,0.0,0.0,0.0,0.0,0.0,0.0,0.0,0.0,0.0,0.0,0.0,0.0,0.0,0.0,0.0,0.0,0.0,0.0,0.0,0.0,0.0,0.0,0.0,0.0,0.0,0.0,0.0,0.0,0.0,0.0,0.0,0.0,0.0,0.0,0.0,0.0,0.0,0.0,0.0,0.0,0.0,0.0,0.0,0.0,0.0,0.0,0.0,0.0,0.0,0.0,0.0,0.0,0.0,0.0,0.0,0.0,0.0,0.0,0.0,0.0,0.0,0.0,0.0,0.0,0.0,0.0,0.0,0.0,0.0,0.0,0.0,0.0,0.0,0.0,0.0,0.0,0.0,0.0,0.0,0.0,0.0,0.0,0.0,0.0,0.0,0.0,0.0,0.0,0.0,0.0,0.0,0.0,0.0,0.0,0.0,0.0,0.0,0.0,0.0,0.0,0.0,0.0,0.0,0.0
ENCFF714TSH,0.10982507922434702,78025,64,4317,26057,183,59142,26577,339,474,814,1524,4389,1799,3626,21323,5906,5031,2587,9799,12156,635,2818,177,95,118,2643,362,4864,12776,13061,881,254,1112,2372,2431,44,5222,8,43,27726,40324,53,2023,94,44,2237,12682,18362,39,1028,1066,1274,1724,1619,52601,375,1361,858,261,2797,2590,58,4551,793,119,144,314,60482,115358,34972,1220,593,2399,27668,1284,1735,492,626,839,187,970,2046,12248,406,590,4872,16,765,571,35,3832,1106,51,2253,1007,5019,444845,33050,259,87232,132225,4012,112070,3942,603,22160,6472,7041,24,12722,33289,33918,139,10362,117843,1009,30248,55,279,968,22622,134,27498,1368,16732,7605,2720,10358,1304,194,222062,7991,178,16315,4601,142082,121067,36,7262,4014,1514,9482,16920,484,492,70,303,50,90,8747,1316,1666,25288,14965,1758,7414,26879,2300,1554,1479,2258,2505,7139,10580,9708,33996,175,233,82,1003,71,1629,495,13602,10540,13,2,407,2307,1231,54288,22121,144748,4421,52375,80143,28456,42181,28890,51430,861,87998,100808,48015,30481,79796,52497,19500,2059,72,817,254,611,960,535,125,31,28,10542,78,36701,15060,2297,843,502023,77499,8512,73361,9041,4683,1866,81187,32900,62114,660,157961,251,158963,151,1165,2279,194,235,1140,2510,8158,9506,287,584,790,503,882,456,3820,2234,2865,762,11857,8509,4706,13806,1351,313,722,718,353,281,244,2692,1154,8915,818,329,3644,4703,2744,7793,14257,460,4184,16209,2214,980,838,520,905,432,1674,37946,510,1042,18772,330,5476,448,9804,1078,1059,592,808,2591,375,1004,3004,2169,702,882,739,8190,3021,907,721,993,5489,30,46,386,558,3415,227,61042,117,36139,21,1416,1054,20787,3358,30635,15422,15766,12,8141,192,763,765,18810,47876,2932,9026,5698,3222,19,3332,569,1342,4273,34001,10188,8101,5895,87,2457,142,6,15,592,5299,6209,1135,7551,512,521,1693,30459,344,2624,368815,430,21931,983,8007,1376,3366,373,142,8888,681,1387,1718,427,401,1037,4133,2077,970,1664,1256,1444,1948,71539,95,27840,5091,29,106998,23492,280,1092,15387,4257,41,13736,768,18384,785,6418,1186,9635,1670,1039,737,1393,526,1615,810,4674,313,22,2609,9,4045,1752,453,752,700,382,113,652,16998,386,6094,3255,452,1435,2254,270,136689,84,42130,2033,41074,4694,357,9053,55,78401,14102,23029,107822,2288,13729,235,94,318,945,385,1428,653,2694,4612,1300,21,572,1017,100,21,14142,16690,25,164,743,86858,88587,57378,13217,102609,12253,889,145287,242322,24117,85514,185403,219831,424,329,619,571,230,778,5441,1112,1533,2104,14728,0.0,0.0,0.0,0.0,0.0,0.0,0.0,0.0,0.0,0.0,0.0,0.0,0.0,0.0,0.0,0.0,0.0,0.0,0.0,0.0,0.0,0.0,0.0,0.0,0.0,0.0,0.0,0.0,0.0,0.0,0.0,0.0,0.0,0.0,0.0,0.0,0.0,0.0,0.0,0.0,0.0,0.0,0.0,0.0,0.0,0.0,0.0,0.0,0.0,0.0,0.0,0.0,0.0,0.0,0.0,0.0,0.0,0.0,0.0,0.0,0.0,0.0,0.0,0.0,0.0,0.0,0.0,0.0,0.0,0.0,0.0,0.0,0.0,0.0,0.0,0.0,0.0,0.0,0.0,0.0,0.0,0.0,0.0,0.0,0.0,0.0,0.0,0.0,0.0,0.0,0.0,0.0,0.0,0.0,0.0,0.0,0.0,0.0,0.0,0.0,0.0,0.0,0.0,0.0,0.0,0.0,0.0,0.0,0.0,0.0,0.0,0.0,0.0,0.0,0.0,0.0,0.0,0.0,0.0,0.0,0.0,0.0,0.0,0.0,0.0,0.0,0.0,0.0,0.0,0.0,0.0,0.0,0.0,0.0,0.0,0.0,0.0,0.0,0.0,0.0,0.0,0.0,0.0,0.0,0.0,0.0,0.0,0.0,0.0,0.0
ENCFF000BKZ,0.16685439275042874,78695,432,6457,70582,1955,259613,9731,603,1040,447,935,6399,9530,20136,35838,73118,6744,908,9488,9845,294,1065,155,115,109,1631,2618,6578,74581,6039,432,313,841,3523,3350,152,3544,62,30,13483,18270,161,1156,66,113,1005,11411,41381,324,965,2120,3056,805,514,9567,250,582,631,274,1408,2899,1019,35567,2156,667,853,110,100457,86060,10777,2216,1408,2646,6926,443,2498,1255,1630,1814,477,2160,2206,6111,971,1169,7655,45,1885,1119,26,1892,305,63,1995,2932,36557,286628,16246,248,44112,67074,4721,57948,2179,1285,8554,2590,2915,40,4531,11459,11735,78,8411,50834,5977,104966,1774,6290,5510,15426,2596,143935,2756,9615,4518,1352,3998,678,244,43932,27872,1712,52831,17983,16568,44396,545,8738,5186,2298,6704,80905,903,675,235,203,60,56,3701,409,928,18222,7213,1196,6282,72001,7397,724,2338,1404,1510,5228,6074,5489,7705,155,318,78,2092,97,3646,1267,1262,175,78,28,1187,1358,1969,24085,11487,73307,4350,56723,62065,26448,66915,24430,53049,531,47309,57545,17610,14859,39082,29495,9806,1728,515,1563,138,1017,1956,268,192,48,289,7141,636,74178,24319,23481,382,354105,65862,5974,50556,60902,1752,934,71083,32847,121460,12379,70001,424,65368,112,612,1229,222,619,1826,355,7445,3603,45,1458,1947,1268,1939,926,4688,2808,326,404,8760,5249,3768,4414,2586,752,1498,1425,689,778,575,760,2299,10349,2738,854,3357,4420,4244,23951,72049,2112,4552,4671,2596,1636,1255,1344,1996,1102,194,11323,995,1770,8503,759,2831,850,7448,2328,1994,1294,1924,317,1023,1089,4937,4800,1658,1926,1541,3952,2914,1556,1645,2010,8493,46,106,893,1302,907,597,22208,192,15467,27,951,99,10878,1225,10850,11189,13255,49,4854,326,316,2692,6083,162353,1137,3312,3883,1874,231,5539,292,586,1023,27933,11187,5934,2116,81,286,154,18,108,1376,1692,3911,1046,6509,1013,1048,2385,95281,869,4471,197084,1087,9823,2047,10199,3132,4854,632,1331,8775,1667,1952,2119,815,902,457,15876,2316,1955,2112,862,2279,2517,42244,226,19130,4071,33,40399,10333,51,479,11725,963,137,12706,1677,1993,462,5801,2245,38222,7671,1377,1606,2173,1094,2356,1886,1987,936,55,1734,99,3005,264,385,277,905,336,1727,1461,76649,5821,20285,13555,3648,997,1474,193,53603,368,24245,3385,19397,2025,706,4626,46,48256,9524,16788,73752,5223,42204,494,251,764,1868,1015,2177,1601,3035,11783,1982,120,447,2149,47,80,6395,6446,9,634,347,37843,68133,54916,12697,53919,6467,464,139409,146065,24127,70461,105279,127143,619,302,1522,1440,446,1829,1996,623,744,1171,11732,0.0,0.0,0.0,0.0,0.0,0.0,0.0,0.0,0.0,0.0,0.0,0.0,0.0,0.0,0.0,0.0,0.0,0.0,0.0,0.0,0.0,0.0,0.0,0.0,0.0,0.0,0.0,0.0,0.0,0.0,0.0,0.0,0.0,0.0,0.0,0.0,0.0,0.0,0.0,0.0,0.0,0.0,0.0,0.0,0.0,0.0,0.0,0.0,0.0,0.0,0.0,0.0,0.0,0.0,0.0,0.0,0.0,0.0,0.0,0.0,0.0,0.0,0.0,0.0,0.0,0.0,0.0,0.0,0.0,0.0,0.0,0.0,0.0,0.0,0.0,0.0,0.0,0.0,0.0,0.0,0.0,0.0,0.0,0.0,0.0,0.0,0.0,0.0,0.0,0.0,0.0,0.0,0.0,0.0,0.0,0.0,0.0,0.0,0.0,0.0,0.0,0.0,0.0,0.0,0.0,0.0,0.0,0.0,0.0,0.0,0.0,0.0,0.0,0.0,0.0,0.0,0.0,0.0,0.0,0.0,0.0,0.0,0.0,0.0,0.0,0.0,0.0,0.0,0.0,0.0,0.0,0.0,0.0,0.0,0.0,0.0,0.0,0.0,0.0,0.0,0.0,0.0,0.0,0.0,0.0,0.0,0.0,0.0,0.0,0.0
ENCFF000BOE,0.17719661461991687,65697,530,7523,78784,1802,228259,12264,576,1105,576,1031,7092,11311,23655,40072,74507,8233,896,12275,10948,268,1238,170,106,93,2123,864,7438,79877,6763,476,257,892,4031,3769,123,4103,76,30,15804,19236,135,1376,73,125,1100,11803,46519,97,1121,2665,3318,919,554,10155,329,628,698,424,1500,3248,1173,35739,2156,842,324,100,110355,97788,11975,2508,1656,2528,7995,499,2581,1234,1868,2025,570,2359,2536,6656,998,1259,8235,38,2044,1130,42,2079,497,59,2382,3399,38025,319440,18321,236,49120,74491,5538,64770,2413,1517,9058,2921,3079,57,5085,12744,12992,136,9509,54811,6361,95186,1530,5845,5420,17165,2372,132502,3039,11062,5277,1509,4575,597,239,48818,33146,753,58697,20769,18641,48069,231,9611,7244,2760,6993,91169,1356,434,286,194,44,43,4107,462,942,20115,8143,1279,7275,81196,8056,847,2634,2267,2309,6010,7113,6381,8426,220,274,81,2315,66,3989,1549,2203,273,39,18,1118,1437,2335,26542,12690,80390,4548,63726,69627,30529,69517,26535,57450,600,51416,62937,19116,16593,44308,33995,12400,1951,206,1759,192,1237,2075,339,204,66,181,7725,889,82776,27504,28783,546,421626,75353,6434,55658,66621,1947,1001,81763,38934,134486,11925,78533,441,73115,115,647,1319,225,681,2155,414,7884,4106,58,1600,2074,1287,2042,1000,5275,3217,316,409,9296,5867,4048,5032,2854,794,1407,1713,838,722,575,803,2465,12178,2865,824,3359,4916,4803,28775,71613,890,5083,4953,2803,1891,1394,1519,2124,1275,175,13051,1127,1959,9107,819,3092,856,8137,2519,2246,1380,2132,285,1139,1091,5262,5331,1764,2117,1603,4139,3234,1747,1807,2243,9234,34,89,898,1402,786,736,24651,316,16488,31,938,117,12082,1222,12143,13232,14944,61,5783,395,308,3664,6861,175743,1039,3436,4110,2006,108,6256,269,782,1127,33164,13733,6675,2583,51,332,191,6,93,1589,1983,4631,1265,6977,1125,953,2942,110698,790,4799,216356,1222,10900,2231,11832,1273,5421,678,506,7191,1863,2230,2344,752,923,488,6106,2753,2161,2303,1106,2558,3006,47143,179,20797,4624,56,45561,11415,78,446,14109,1100,106,13530,1793,2253,465,6591,2416,41861,9155,1255,1753,2453,1128,2728,1923,2048,1268,38,1837,82,3386,224,549,281,779,611,1881,1806,86575,5050,22852,13923,3469,1162,1948,338,59639,176,27695,3291,21058,2391,774,5244,47,57892,10992,19561,83293,4987,43552,554,485,819,1849,969,2405,1762,3448,15209,2243,107,330,2378,69,42,7009,7193,9,302,303,42634,77068,62049,14811,61093,7147,512,151227,165489,27710,79719,120395,144505,804,387,1642,1632,483,2082,2145,653,769,1322,13247,0.0,0.0,0.0,0.0,0.0,0.0,0.0,0.0,0.0,0.0,0.0,0.0,0.0,0.0,0.0,0.0,0.0,0.0,0.0,0.0,0.0,0.0,0.0,0.0,0.0,0.0,0.0,0.0,0.0,0.0,0.0,0.0,0.0,0.0,0.0,0.0,0.0,0.0,0.0,0.0,0.0,0.0,0.0,0.0,0.0,0.0,0.0,0.0,0.0,0.0,0.0,0.0,0.0,0.0,0.0,0.0,0.0,0.0,0.0,0.0,0.0,0.0,0.0,0.0,0.0,0.0,0.0,0.0,0.0,0.0,0.0,0.0,0.0,0.0,0.0,0.0,0.0,0.0,0.0,0.0,0.0,0.0,0.0,0.0,0.0,0.0,0.0,0.0,0.0,0.0,0.0,0.0,0.0,0.0,0.0,0.0,0.0,0.0,0.0,0.0,0.0,0.0,0.0,0.0,0.0,0.0,0.0,0.0,0.0,0.0,0.0,0.0,0.0,0.0,0.0,0.0,0.0,0.0,0.0,0.0,0.0,0.0,0.0,0.0,0.0,0.0,0.0,0.0,0.0,0.0,0.0,0.0,0.0,0.0,0.0,0.0,0.0,0.0,0.0,0.0,0.0,0.0,0.0,0.0,0.0,0.0,0.0,0.0,0.0,0.0
ENCFF000MQA,0.058965947546745334,436793,1464,5595,105,0,1519,336,10,31,19,350,77,17,76,14,38,201,33,486,750,22,65,13,15,9,34,31773,88,43,261,63,638,431,86,38,2480,87,0,0,1459,954,0,34,0,452,19,185,65,4121,16,9,36,53,124,16902,18,38,22,9,52,42,0,7,15,29,3456,0,2713,21443,5347,22,27,7983,924,48,25,11,22,25,6,15,21,461,9,5,90,9,19,8,1,257,4,0,570,19,11,25454,1140,0,24414,4463,80,5631,570,19,602,181,165,0,5564,11331,1695,64,719,10228,25,924,0,2,30,778,0,23,32,804,355,121,309,21,4,3492,1291,14970,89,99,1292,7804,11652,759,28,38,1390,102,6,6078,0,10,2,2,136,21,27,920,399,61,251,85,35,414,27,45,59,283,491,548,12300,5,4,4,22,0,30,9,539,3057,985,0,3118,38,20,4251,980,12003,133,2235,3757,1215,743,978,2907,9,5495,5167,2059,1117,5190,14102,1144,37,2270,188,10,7,17,12,9,1,0,572,0,932,770,9,2,89654,3405,1110,2772,73,87,1158,2259,1310,2414,5,4552,9,4349,4,6,347,0,4,20,36,140,200,1,8,22,15,26,5,81,40,388,11,326,195,109,921,26,6,16,12,3,5,7,195,17,303,71,12,440,63,51,101,33,39986,104,4137,57,10,15,14,18,11,69,923,12,13,511,6,71,7,222,22,24,12,16,3,8,1761,68,59,12,25,11,584,60,7,16,20,92,8,2,11,8,47,1,2631,0,1997,6,38,0,386,65,1283,1120,537,0,163,3,30,4,429,4977,903,4720,555,45,193,75,7,9,54,2671,526,73,121,34,418,10,0,1,25,6,161,17,139,10,7,22,57,409,32,15438,189,2087,25,158,31404,89,6,5058,21989,17,25,31,6,9,222,85881,32,23,19,56,33,30,3073,16,499,476,0,14252,662,0,16,337,147,1,299,19,72,28,181,18,31,13,9084,13,24,9,30,15,108,6,0,167,0,139,18,4,17,8373,38,2,20,127,2,123,74,17,10,363,14,6965,2780,1424,1028,1329,79,6,288,0,6378,1754,605,4660,46,49,919,1,10,283,1244,20,8,29,69,24,1,2333,48,0,0,859,377,0,6690,11,1985,2625,2155,336,3312,1061,8,3751,7609,1175,2508,7624,6921,8,19,12,13,10,24,102,13,190,35,536,0.0,0.0,0.0,0.0,0.0,0.0,0.0,0.0,0.0,0.0,0.0,0.0,0.0,0.0,0.0,0.0,0.0,0.0,0.0,0.0,0.0,0.0,0.0,0.0,0.0,0.0,0.0,0.0,0.0,0.0,0.0,0.0,0.0,0.0,0.0,0.0,0.0,0.0,0.0,0.0,0.0,0.0,0.0,0.0,0.0,0.0,0.0,0.0,0.0,0.0,0.0,0.0,0.0,0.0,0.0,0.0,0.0,0.0,0.0,0.0,0.0,0.0,0.0,0.0,0.0,0.0,0.0,0.0,0.0,0.0,0.0,0.0,0.0,0.0,0.0,0.0,0.0,0.0,0.0,0.0,0.0,0.0,0.0,0.0,0.0,0.0,0.0,0.0,0.0,0.0,0.0,0.0,0.0,0.0,0.0,0.0,0.0,0.0,0.0,0.0,0.0,0.0,0.0,0.0,0.0,0.0,0.0,0.0,0.0,0.0,0.0,0.0,0.0,0.0,0.0,0.0,0.0,0.0,0.0,0.0,0.0,0.0,0.0,0.0,0.0,0.0,0.0,0.0,0.0,0.0,0.0,0.0,0.0,0.0,0.0,0.0,0.0,0.0,0.0,0.0,0.0,0.0,0.0,0.0,0.0,0.0,0.0,0.0,0.0,0.0
ENCFF504ADZ,0.15215146202372073,23462,65,2296,23265,269,49903,4722,248,219,244,433,2738,1596,3514,16336,13475,2077,635,2852,4193,112,618,59,53,56,781,155,2885,15265,3270,224,78,375,1591,1462,32,1757,11,4,6646,10064,44,638,54,26,533,5371,18357,36,466,899,1385,407,278,5639,108,337,302,119,777,1255,91,5320,1312,81,46,47,30362,44291,6305,986,637,1404,4425,273,1112,470,667,801,187,898,993,3187,438,561,3516,17,758,570,10,962,161,14,1305,821,5839,148635,9230,93,24914,36121,2175,31269,1232,564,4470,1382,1424,17,2584,6868,6956,137,3695,29478,1249,23137,149,725,944,6925,309,39526,1019,5153,2279,624,2209,485,122,27650,6008,146,23905,4263,10570,27809,22,3778,1476,1079,3386,20259,172,137,69,91,24,27,2179,287,323,7933,3764,440,2853,26203,2703,412,986,1172,1196,2509,4208,3815,4697,43,104,48,907,19,1379,559,1350,314,31,22,418,693,879,13202,6456,37862,2041,21230,26372,11842,28108,11416,24285,236,24131,28954,9679,8453,20183,16105,4238,838,25,330,286,494,918,128,49,19,30,3640,129,31868,8249,5588,331,115735,27594,2905,22255,10876,928,498,29716,12741,34860,1591,35845,128,35702,15,229,590,28,272,829,266,3671,2257,40,623,766,550,867,399,2096,1179,217,181,4759,2598,1707,2163,1271,344,650,636,348,289,219,347,1031,3971,836,355,1445,2095,1786,9323,46016,154,2065,2891,1197,698,517,564,822,492,74,6273,492,985,4338,277,1504,391,3687,1123,829,632,862,138,444,410,2309,1821,728,839,763,2034,1480,832,638,931,3691,14,20,310,614,428,201,13409,67,7691,17,343,52,5802,701,6050,5251,5820,22,2391,86,115,764,3827,47626,648,1815,1748,927,14,2393,154,257,806,12448,3911,2992,1413,40,156,58,6,22,617,1208,2057,435,3277,482,453,1145,34561,279,1805,106193,425,5772,858,4948,439,2075,273,70,2926,655,915,868,355,402,317,1224,1044,810,885,428,1005,1020,21523,43,10344,1609,29,22755,5550,24,320,4559,671,23,6328,660,1030,165,2789,903,10350,2176,323,683,993,418,902,777,991,420,11,602,11,1546,127,49,166,229,196,207,502,20376,729,6745,3078,663,474,675,140,30150,58,12576,1229,10351,1291,199,2628,23,24470,4593,7865,34277,3349,15147,179,85,356,804,394,868,648,1151,4274,863,18,136,969,21,31,3544,3753,14,81,151,22479,31812,24005,5683,30983,3760,290,60938,74233,10147,31573,56918,67609,194,120,686,569,198,775,893,378,327,590,5435,0.0,0.0,0.0,0.0,0.0,0.0,0.0,0.0,0.0,0.0,0.0,0.0,0.0,0.0,0.0,0.0,0.0,0.0,0.0,0.0,0.0,0.0,0.0,0.0,0.0,0.0,0.0,0.0,0.0,0.0,0.0,0.0,0.0,0.0,0.0,0.0,0.0,0.0,0.0,0.0,0.0,0.0,0.0,0.0,0.0,0.0,0.0,0.0,0.0,0.0,0.0,0.0,0.0,0.0,0.0,0.0,0.0,0.0,0.0,0.0,0.0,0.0,0.0,0.0,0.0,0.0,0.0,0.0,0.0,0.0,0.0,0.0,0.0,0.0,0.0,0.0,0.0,0.0,0.0,0.0,0.0,0.0,0.0,0.0,0.0,0.0,0.0,0.0,0.0,0.0,0.0,0.0,0.0,0.0,0.0,0.0,0.0,0.0,0.0,0.0,0.0,0.0,0.0,0.0,0.0,0.0,0.0,0.0,0.0,0.0,0.0,0.0,0.0,0.0,0.0,0.0,0.0,0.0,0.0,0.0,0.0,0.0,0.0,0.0,0.0,0.0,0.0,0.0,0.0,0.0,0.0,0.0,0.0,0.0,0.0,0.0,0.0,0.0,0.0,0.0,0.0,0.0,0.0,0.0,0.0,0.0,0.0,0.0,0.0,0.0
ENCFF225RSH,0.1615419246337411,97642,269,4276,91522,1008,272197,14992,827,359,288,688,6697,3600,10032,49907,57380,2850,1261,13643,6634,151,826,157,241,169,3321,6386,7139,71247,5591,200,86,910,5377,5025,50,5755,57,10,11006,12638,140,582,141,63,1392,12433,54566,307,1377,3673,3952,236,330,5190,152,437,334,331,1245,3496,1281,29753,736,607,1655,51,78107,70961,5721,3278,1955,4070,5795,131,3787,1669,1962,2362,738,3196,3529,3782,1072,2027,9170,57,2318,1977,48,1612,514,118,1910,2274,39534,225063,11353,189,29930,46052,7302,39919,3698,1895,4436,1912,2479,68,4053,7959,8873,434,7144,41753,3518,81686,438,2187,2229,9687,1098,132906,3139,7598,3034,628,2543,206,138,30258,10545,2217,52735,14274,12855,33033,293,8136,18237,3210,4532,121623,1089,512,189,106,79,31,2596,584,328,13913,4220,358,6373,90079,5638,351,3729,2270,1685,3648,4917,4967,6410,73,214,157,2984,79,3503,1574,1758,371,34,3,1230,623,3420,13961,7249,51097,4814,34935,41238,20488,58001,24252,43980,381,35127,45894,11571,11657,37076,23376,8364,1447,348,772,23,2116,3456,194,73,81,67,4489,209,93035,17029,17027,612,305451,61157,5416,33179,49563,1155,672,53744,31570,100049,5333,45660,131,41542,30,420,970,17,832,2562,547,9861,2924,53,1989,1829,1678,3005,1314,6659,3275,108,253,10129,6907,3459,3546,4600,936,2486,2352,1358,824,651,313,2971,8511,2246,990,2485,6053,4621,20962,47624,5699,5798,4064,2708,2406,1859,1845,2454,1390,56,13090,1373,4517,7946,926,3562,1457,6942,4370,3080,2478,2780,197,1138,1056,6705,4991,2498,2299,2160,3705,4040,3065,1702,3202,7024,60,75,1134,2269,690,678,16934,375,11527,54,259,102,8436,658,9538,9563,12184,93,4290,173,69,4539,3410,150453,777,2804,5025,1521,56,5031,136,356,2070,35585,16173,5260,1741,122,233,168,60,106,1710,1773,2320,2098,5158,1736,1177,5540,148812,387,4114,129236,1149,8854,2603,16623,7372,5087,722,877,6263,2253,3056,3209,786,730,145,44199,4219,2916,2981,1123,2981,3349,36960,48,25863,1873,126,33115,9940,60,515,7527,1633,101,13522,2004,1111,189,8175,2781,57455,4195,1246,1804,3129,1613,2016,2561,1564,1579,84,1333,69,3822,252,154,114,505,1202,510,1680,80394,2643,15534,7096,1349,935,1093,511,29192,481,19761,2921,10949,2211,106,3273,12,57211,10279,17828,64737,1635,44737,309,846,1009,2762,1469,2626,2277,2578,24619,2660,40,164,2944,59,181,4037,3559,31,476,91,33793,50402,44453,11170,42521,6227,3227,134730,116303,18740,50847,88887,102449,436,111,1809,1782,789,2516,758,253,255,1181,9505,0.0,0.0,0.0,0.0,0.0,0.0,0.0,0.0,0.0,0.0,0.0,0.0,0.0,0.0,0.0,0.0,0.0,0.0,0.0,0.0,0.0,0.0,0.0,0.0,0.0,0.0,0.0,0.0,0.0,0.0,0.0,0.0,0.0,0.0,0.0,0.0,0.0,0.0,0.0,0.0,0.0,0.0,0.0,0.0,0.0,0.0,0.0,0.0,0.0,0.0,0.0,0.0,0.0,0.0,0.0,0.0,0.0,0.0,0.0,0.0,0.0,0.0,0.0,0.0,0.0,0.0,0.0,0.0,0.0,0.0,0.0,0.0,0.0,0.0,0.0,0.0,0.0,0.0,0.0,0.0,0.0,0.0,0.0,0.0,0.0,0.0,0.0,0.0,0.0,0.0,0.0,0.0,0.0,0.0,0.0,0.0,0.0,0.0,0.0,0.0,0.0,0.0,0.0,0.0,0.0,0.0,0.0,0.0,0.0,0.0,0.0,0.0,0.0,0.0,0.0,0.0,0.0,0.0,0.0,0.0,0.0,0.0,0.0,0.0,0.0,0.0,0.0,0.0,0.0,0.0,0.0,0.0,0.0,0.0,0.0,0.0,0.0,0.0,0.0,0.0,0.0,0.0,0.0,0.0,0.0,0.0,0.0,0.0,0.0,0.0
ENCFF001FDX,0.1555730569983393,24771,125,2857,30287,529,70826,7908,219,312,289,294,2791,3279,8413,13427,18908,2647,273,6483,5178,100,435,63,26,44,957,73,3401,38662,2911,163,74,408,2147,1957,27,2125,8,6,7829,8856,43,539,20,75,696,5747,20788,15,485,1050,1561,251,210,4143,114,211,194,40,372,1189,761,17439,375,212,22,10,50979,39590,5436,1226,756,1075,2895,196,1474,552,910,1021,261,1003,1346,2568,414,547,3572,24,894,566,11,1533,173,55,1300,1409,18662,134097,7129,76,20514,28965,2711,25148,1335,719,3345,943,1007,6,1773,5343,5281,244,3713,31795,2161,38906,419,1881,1993,7268,671,56323,1549,4757,2638,605,1573,455,37,17879,12266,99,31594,8859,7548,20271,21,3985,4109,1346,2712,42004,581,139,116,83,31,17,1420,166,243,8690,2991,597,3671,33061,3659,587,1362,1547,1144,2276,2621,2270,3752,32,40,62,1168,9,2001,662,1732,3091,10,22,424,552,1237,11160,5787,35075,2093,23493,24828,12798,28817,12750,26633,142,23555,28565,8631,7453,21523,14056,6978,733,45,797,37,483,1004,88,17,39,15,2648,146,37516,11933,9345,139,165398,37038,3002,23551,28784,706,402,34915,17591,62381,3216,28666,129,26681,8,245,504,4,298,1108,318,3416,2046,7,647,950,607,1042,369,2846,1667,195,169,4607,2737,1940,2180,1123,299,676,848,408,360,269,342,1104,4835,1217,373,1556,2399,2499,12344,37446,76,2379,2174,1336,1000,804,722,1103,539,72,10015,442,859,4027,444,1486,371,3063,972,1125,559,945,89,510,616,2304,2601,852,1118,739,1687,1492,886,853,954,4179,41,82,405,632,226,322,12086,146,8037,41,324,13,4919,482,7715,5419,7761,18,2282,32,94,1588,2315,65566,371,3319,2233,870,12,3002,115,261,394,14035,7460,2389,900,86,260,58,11,7,750,1007,2070,682,3377,570,534,1947,45681,281,1849,96019,590,4548,1181,6475,250,3070,284,28,2561,765,1163,1267,341,405,203,496,1366,1180,1373,509,1273,1490,19067,22,8471,1596,28,19385,4969,6,161,4745,1911,3,5350,850,695,167,3329,1243,14872,4230,318,785,1277,409,1261,967,1031,858,8,1097,26,1451,82,5,125,203,1100,406,963,28943,1703,9658,5534,1207,408,543,103,26779,71,12841,1363,8263,817,323,2376,8,23616,4795,10232,40457,4063,18736,269,324,358,818,437,1388,808,1092,6572,1215,17,105,1149,18,16,2962,2620,2,84,75,18053,36388,29370,7411,26558,3033,278,57686,72469,12718,35584,52740,61150,221,107,794,792,218,964,776,164,367,611,6206,0.0,0.0,0.0,0.0,0.0,0.0,0.0,0.0,0.0,0.0,0.0,0.0,0.0,0.0,0.0,0.0,0.0,0.0,0.0,0.0,0.0,0.0,0.0,0.0,0.0,0.0,0.0,0.0,0.0,0.0,0.0,0.0,0.0,0.0,0.0,0.0,0.0,0.0,0.0,0.0,0.0,0.0,0.0,0.0,0.0,0.0,0.0,0.0,0.0,0.0,0.0,0.0,0.0,0.0,0.0,0.0,0.0,0.0,0.0,0.0,0.0,0.0,0.0,0.0,0.0,0.0,0.0,0.0,0.0,0.0,0.0,0.0,0.0,0.0,0.0,0.0,0.0,0.0,0.0,0.0,0.0,0.0,0.0,0.0,0.0,0.0,0.0,0.0,0.0,0.0,0.0,0.0,0.0,0.0,0.0,0.0,0.0,0.0,0.0,0.0,0.0,0.0,0.0,0.0,0.0,0.0,0.0,0.0,0.0,0.0,0.0,0.0,0.0,0.0,0.0,0.0,0.0,0.0,0.0,0.0,0.0,0.0,0.0,0.0,0.0,0.0,0.0,0.0,0.0,0.0,0.0,0.0,0.0,0.0,0.0,0.0,0.0,0.0,0.0,0.0,0.0,0.0,0.0,0.0,0.0,0.0,0.0,0.0,0.0,0.0
ENCFF000ZQR,0.06566115538076167,3183,24,144,1670,31,2446,239,23,26,6,27,84,236,386,796,1105,144,14,227,181,10,29,6,3,1,31,221,122,1633,135,6,12,22,69,56,3,71,1,0,261,408,4,28,3,1,27,205,1387,23,37,31,52,11,10,258,5,11,12,9,40,66,35,674,8,30,68,3,2100,1821,280,30,17,76,265,7,40,19,32,38,10,40,38,155,19,18,114,0,26,20,1,55,15,0,59,44,670,6138,397,1,1049,1481,77,1360,46,26,178,49,61,1,74,254,258,5,165,1143,121,1192,32,106,101,308,52,1939,52,240,104,30,135,15,1,1159,573,140,930,367,482,1034,38,132,145,31,125,1388,18,32,4,5,1,1,81,15,18,351,181,17,134,1607,153,16,32,64,49,122,163,117,216,1,11,3,26,0,75,29,120,547,5,0,35,37,23,573,262,1738,95,1134,1265,472,1348,477,937,15,945,1123,382,399,803,717,252,36,53,35,1,17,23,4,4,1,22,154,14,1549,478,590,7,9593,1375,117,1015,1180,50,31,1507,719,2312,193,1548,4,1615,2,13,37,15,9,24,6,118,84,2,25,30,11,27,18,76,53,6,5,155,116,64,108,37,11,23,29,22,12,11,22,41,190,45,27,65,86,88,510,1014,131,79,121,56,27,15,29,32,22,6,297,22,22,197,12,54,14,130,39,28,13,38,10,16,26,85,84,24,31,25,98,40,29,35,34,135,2,1,10,22,23,16,474,5,344,1,24,1,239,31,243,243,272,4,93,7,6,51,136,2932,30,83,74,41,10,85,7,7,26,489,267,93,46,4,9,4,1,1,18,57,81,23,133,21,15,56,2493,19,58,4486,19,236,36,152,205,73,11,88,283,27,23,27,22,14,14,951,43,34,45,16,45,50,930,3,376,101,4,1067,262,0,11,217,29,2,243,25,48,10,98,37,667,109,44,34,34,17,45,31,47,22,3,29,0,61,9,4,9,32,36,44,38,2061,84,399,248,63,33,34,10,1467,28,590,80,468,61,18,119,1,1010,202,334,1493,61,740,13,8,12,44,16,43,18,39,278,30,2,25,36,2,2,161,174,0,47,10,936,1369,1094,271,1265,158,25,2666,3249,517,1440,2345,2884,13,10,22,38,18,26,44,12,13,24,242,0.0,0.0,0.0,0.0,0.0,0.0,0.0,0.0,0.0,0.0,0.0,0.0,0.0,0.0,0.0,0.0,0.0,0.0,0.0,0.0,0.0,0.0,0.0,0.0,0.0,0.0,0.0,0.0,0.0,0.0,0.0,0.0,0.0,0.0,0.0,0.0,0.0,0.0,0.0,0.0,0.0,0.0,0.0,0.0,0.0,0.0,0.0,0.0,0.0,0.0,0.0,0.0,0.0,0.0,0.0,0.0,0.0,0.0,0.0,0.0,0.0,0.0,0.0,0.0,0.0,0.0,0.0,0.0,0.0,0.0,0.0,0.0,0.0,0.0,0.0,0.0,0.0,0.0,0.0,0.0,0.0,0.0,0.0,0.0,0.0,0.0,0.0,0.0,0.0,0.0,0.0,0.0,0.0,0.0,0.0,0.0,0.0,0.0,0.0,0.0,0.0,0.0,0.0,0.0,0.0,0.0,0.0,0.0,0.0,0.0,0.0,0.0,0.0,0.0,0.0,0.0,0.0,0.0,0.0,0.0,0.0,0.0,0.0,0.0,0.0,0.0,0.0,0.0,0.0,0.0,0.0,0.0,0.0,0.0,0.0,0.0,0.0,0.0,0.0,0.0,0.0,0.0,0.0,0.0,0.0,0.0,0.0,0.0,0.0,0.0
ENCFF566HIZ,0.09959857291721713,36454,170,2930,31384,380,42694,4231,150,93,128,285,2350,800,5002,16105,6415,1746,212,3419,3764,44,305,35,6,32,722,2126,2539,46412,1725,110,155,300,1644,1210,139,1270,8,8,6421,5697,10,315,26,81,312,4533,23523,117,336,796,1149,188,119,3013,66,189,152,47,216,1133,343,17170,1360,270,789,3,57925,41002,3761,825,591,1283,2599,105,1019,380,669,702,218,829,791,1989,328,503,3168,1,700,415,3,515,101,3,1040,1439,24003,108626,5481,103,15653,22927,1647,20151,1520,535,2346,720,831,2,1595,4048,4123,26,3478,23750,1352,27277,364,1362,1969,5433,458,45570,1437,3851,1525,313,1042,165,24,11765,5957,4133,20805,5569,5576,15677,254,3421,1601,886,2288,54624,210,312,83,34,7,11,1082,130,222,7260,2203,274,2787,35320,3844,240,928,894,623,1959,2470,2202,2559,39,25,13,814,14,1674,564,2589,398,319,33,557,347,715,10180,4783,28917,2249,19072,24553,13000,44310,11687,24493,68,18368,22561,6597,5778,16960,12095,4778,689,533,582,94,361,808,97,14,11,81,3391,43,66421,13542,2615,117,162006,32408,4320,22936,25874,407,409,39964,14402,58022,1938,25426,197,19505,6,202,429,10,231,729,149,3011,1187,11,619,780,478,764,286,1887,1011,189,113,3656,1749,1567,1636,937,263,542,575,308,267,226,218,1028,4808,918,309,1493,1969,1852,11904,147143,3074,1675,1643,993,672,476,515,875,493,62,5738,306,714,2813,263,1154,303,2981,904,697,501,767,131,402,624,2034,1943,709,779,608,1461,1124,750,642,924,3943,13,34,334,483,218,215,7245,11,4614,8,245,24,3634,312,4519,3908,5519,7,1420,16,47,829,2041,84522,282,1647,1462,697,144,2358,96,142,309,11123,4723,2228,598,9,74,53,15,4,530,705,1432,394,3093,406,411,1306,39258,419,1710,76975,377,3210,833,3871,3548,2141,219,495,3634,599,734,796,309,303,189,6462,892,702,886,443,887,921,14244,13,7057,1218,6,14266,4582,12,104,5167,610,6,4914,700,591,105,2501,854,23220,4866,579,779,801,317,880,700,784,679,12,713,6,1109,61,8,40,668,302,161,710,22906,1002,10024,5574,779,546,364,25,15683,331,8148,1952,5804,590,183,1655,13,16855,3858,5388,26860,15230,23104,213,80,297,729,348,890,628,1175,5524,767,15,214,943,4,5,1896,1709,6,607,48,14545,37914,25903,7792,20964,2619,146,67663,65086,11933,34317,51334,50536,120,76,592,592,159,735,395,138,212,348,4798,0.0,0.0,0.0,0.0,0.0,0.0,0.0,0.0,0.0,0.0,0.0,0.0,0.0,0.0,0.0,0.0,0.0,0.0,0.0,0.0,0.0,0.0,0.0,0.0,0.0,0.0,0.0,0.0,0.0,0.0,0.0,0.0,0.0,0.0,0.0,0.0,0.0,0.0,0.0,0.0,0.0,0.0,0.0,0.0,0.0,0.0,0.0,0.0,0.0,0.0,0.0,0.0,0.0,0.0,0.0,0.0,0.0,0.0,0.0,0.0,0.0,0.0,0.0,0.0,0.0,0.0,0.0,0.0,0.0,0.0,0.0,0.0,0.0,0.0,0.0,0.0,0.0,0.0,0.0,0.0,0.0,0.0,0.0,0.0,0.0,0.0,0.0,0.0,0.0,0.0,0.0,0.0,0.0,0.0,0.0,0.0,0.0,0.0,0.0,0.0,0.0,0.0,0.0,0.0,0.0,0.0,0.0,0.0,0.0,0.0,0.0,0.0,0.0,0.0,0.0,0.0,0.0,0.0,0.0,0.0,0.0,0.0,0.0,0.0,0.0,0.0,0.0,0.0,0.0,0.0,0.0,0.0,0.0,0.0,0.0,0.0,0.0,0.0,0.0,0.0,0.0,0.0,0.0,0.0,0.0,0.0,0.0,0.0,0.0,0.0
ENCFF906SAW,0.06673089335618622,6070,39,298,1752,17,2953,352,15,15,17,31,172,152,343,981,1080,161,25,296,264,11,42,2,3,1,55,408,160,1709,200,12,23,22,94,64,16,108,1,3,403,530,10,38,1,15,22,285,1306,65,26,55,62,12,20,326,6,8,18,12,35,86,26,709,31,53,105,5,2856,3132,347,44,41,147,316,14,63,28,31,39,6,33,44,183,21,24,183,2,39,25,0,71,6,4,87,76,860,9308,543,4,1473,2146,114,1782,87,36,259,69,99,2,169,476,439,7,241,1654,115,1105,18,88,110,434,29,1443,69,311,144,49,122,12,8,1431,453,312,1209,346,605,1285,75,213,175,51,234,2276,16,71,3,7,0,5,97,11,33,520,253,32,206,1893,217,15,51,48,83,169,203,176,278,2,7,1,43,1,80,30,110,121,11,2,61,34,52,755,339,2237,94,1392,1658,777,1671,678,1465,11,1487,1794,682,487,1210,960,339,47,86,40,13,16,41,7,3,1,0,192,17,2080,638,372,14,14331,2160,256,1475,1290,63,45,2227,1062,3178,129,2328,8,2079,2,14,29,8,9,36,15,178,115,4,28,41,26,44,27,108,77,27,8,232,138,107,148,58,20,27,34,22,23,14,38,51,294,66,11,105,122,120,820,3506,269,115,192,67,51,30,34,38,22,10,427,19,36,217,15,61,10,212,38,34,28,48,20,22,41,113,96,41,45,32,140,91,42,36,40,188,1,2,18,33,20,14,738,12,459,0,14,5,311,41,389,359,402,0,124,8,7,69,199,3599,59,128,110,59,25,158,5,11,30,824,334,193,74,1,5,10,0,2,39,77,137,15,188,13,21,181,2528,40,108,6349,39,283,56,246,473,149,16,180,638,34,57,43,21,18,18,2096,39,30,64,28,56,59,1278,2,518,107,2,1325,357,4,16,321,47,0,327,37,74,13,145,52,732,164,70,36,47,21,49,43,52,62,3,62,3,114,13,2,8,60,39,32,60,1623,57,513,256,55,34,66,10,1877,31,833,181,571,52,17,156,1,1650,332,517,2417,283,899,20,36,20,56,39,58,40,89,594,51,0,40,51,1,0,188,183,0,91,8,1197,2226,1692,441,1845,246,20,3576,4876,716,2181,3653,4144,15,12,38,24,12,38,83,10,27,37,337,0.0,0.0,0.0,0.0,0.0,0.0,0.0,0.0,0.0,0.0,0.0,0.0,0.0,0.0,0.0,0.0,0.0,0.0,0.0,0.0,0.0,0.0,0.0,0.0,0.0,0.0,0.0,0.0,0.0,0.0,0.0,0.0,0.0,0.0,0.0,0.0,0.0,0.0,0.0,0.0,0.0,0.0,0.0,0.0,0.0,0.0,0.0,0.0,0.0,0.0,0.0,0.0,0.0,0.0,0.0,0.0,0.0,0.0,0.0,0.0,0.0,0.0,0.0,0.0,0.0,0.0,0.0,0.0,0.0,0.0,0.0,0.0,0.0,0.0,0.0,0.0,0.0,0.0,0.0,0.0,0.0,0.0,0.0,0.0,0.0,0.0,0.0,0.0,0.0,0.0,0.0,0.0,0.0,0.0,0.0,0.0,0.0,0.0,0.0,0.0,0.0,0.0,0.0,0.0,0.0,0.0,0.0,0.0,0.0,0.0,0.0,0.0,0.0,0.0,0.0,0.0,0.0,0.0,0.0,0.0,0.0,0.0,0.0,0.0,0.0,0.0,0.0,0.0,0.0,0.0,0.0,0.0,0.0,0.0,0.0,0.0,0.0,0.0,0.0,0.0,0.0,0.0,0.0,0.0,0.0,0.0,0.0,0.0,0.0,0.0
ENCFF663LVG,0.15701010481464697,134867,574,6147,118830,1280,314053,17102,954,564,566,932,9333,3935,17585,75556,59236,4408,1545,14120,11103,220,1388,68,169,176,2846,9389,9735,85572,7744,383,185,1243,6613,6032,77,6332,68,8,16093,21199,165,919,157,161,1814,16664,75535,747,2140,4190,4827,674,503,10126,264,780,464,379,1724,4430,2092,46050,1274,766,2463,184,124011,102646,10359,4027,2452,5301,9517,471,4592,2127,2733,3095,882,4010,3911,6467,1434,2645,12201,39,2990,2436,39,2088,1010,113,2400,3873,65454,325431,18675,203,48934,72889,8093,61904,4235,2402,7907,2471,2858,56,5755,12543,13545,223,10050,64360,4593,104945,501,2473,3304,14246,1091,177021,4448,11322,4568,769,4326,484,101,52918,16929,3773,84152,17958,20581,52242,1202,11278,15705,4066,7713,119886,652,931,295,199,92,98,4137,976,718,20583,7206,848,10216,122152,9761,715,4308,3129,2054,6154,7530,7382,10280,129,187,182,3714,70,4835,2299,2914,976,33,37,1715,1160,3905,23977,12345,80396,6855,52342,72141,32926,93335,36082,68150,540,52423,65615,18209,17465,54282,36038,12715,2332,1064,2393,147,2455,4043,270,101,78,86,8038,257,160267,27853,16882,717,491328,90241,10161,56651,72421,2168,920,86141,42557,155880,5874,75733,229,70176,68,558,1518,46,1080,3170,531,12140,5655,67,2569,2697,2138,3435,1653,8123,4595,326,421,14401,8804,4663,5486,5607,1298,2673,2852,1505,1149,814,582,4333,11531,2930,1307,3657,7387,6189,32574,181771,8007,7526,6364,3675,2884,2277,2303,3133,1927,137,17901,1869,4529,11125,1124,4548,1849,9547,4811,3620,2698,3564,341,1733,1438,8349,6710,2763,3169,2891,5489,5071,3732,2515,4066,10927,74,90,1516,2572,1064,1252,26507,372,17232,46,562,137,13354,1403,14637,13340,19166,113,6119,169,114,3617,6353,210452,1535,4173,6093,2565,333,7345,336,1598,2912,42421,18995,9106,2743,80,283,142,66,171,2145,3410,5244,2369,9467,2243,1637,5928,163446,1027,5505,219594,1521,13393,3414,20250,11023,7038,1042,2148,10286,2786,3626,3792,1363,1234,433,49508,4703,3367,3638,1373,3855,4300,52873,71,34446,2969,77,52142,16366,56,875,11189,2179,114,19264,2524,1727,292,10706,3651,56251,7806,1958,2499,3651,1997,2821,2974,2206,2250,76,1965,60,4926,245,121,172,917,1000,658,1980,95953,2845,25492,11891,1990,1515,1267,572,54827,291,26937,4288,19115,2691,255,4968,15,67263,12155,21869,86684,7813,53079,510,580,1337,3405,1736,3180,2788,3451,19162,3356,36,468,3808,72,108,6253,6411,36,659,265,53880,88520,72181,18597,65686,9303,1651,164929,189256,30545,88213,147740,161257,543,213,2355,2316,827,3154,1459,724,515,1527,14423,0.0,0.0,0.0,0.0,0.0,0.0,0.0,0.0,0.0,0.0,0.0,0.0,0.0,0.0,0.0,0.0,0.0,0.0,0.0,0.0,0.0,0.0,0.0,0.0,0.0,0.0,0.0,0.0,0.0,0.0,0.0,0.0,0.0,0.0,0.0,0.0,0.0,0.0,0.0,0.0,0.0,0.0,0.0,0.0,0.0,0.0,0.0,0.0,0.0,0.0,0.0,0.0,0.0,0.0,0.0,0.0,0.0,0.0,0.0,0.0,0.0,0.0,0.0,0.0,0.0,0.0,0.0,0.0,0.0,0.0,0.0,0.0,0.0,0.0,0.0,0.0,0.0,0.0,0.0,0.0,0.0,0.0,0.0,0.0,0.0,0.0,0.0,0.0,0.0,0.0,0.0,0.0,0.0,0.0,0.0,0.0,0.0,0.0,0.0,0.0,0.0,0.0,0.0,0.0,0.0,0.0,0.0,0.0,0.0,0.0,0.0,0.0,0.0,0.0,0.0,0.0,0.0,0.0,0.0,0.0,0.0,0.0,0.0,0.0,0.0,0.0,0.0,0.0,0.0,0.0,0.0,0.0,0.0,0.0,0.0,0.0,0.0,0.0,0.0,0.0,0.0,0.0,0.0,0.0,0.0,0.0,0.0,0.0,0.0,0.0
ENCFF358EYL,0.15525082652290545,31010,241,4531,37054,598,71398,4515,334,401,248,551,4012,3566,8379,23119,23943,3253,375,4185,5773,114,608,67,20,35,904,196,3507,33352,3158,213,119,420,1910,1734,44,1834,19,37,7517,9823,72,646,73,68,497,5924,23847,42,539,1144,1629,433,225,5227,158,297,351,75,567,1780,706,12002,995,256,97,173,51621,54131,5721,1111,813,1225,3911,259,1263,544,840,971,256,1107,1131,3341,490,669,4217,12,991,543,10,1040,320,28,1816,1483,21755,158491,8998,139,24761,36899,2465,32365,1160,747,4791,1431,1806,25,2626,6466,6343,92,4789,30227,2290,26349,448,1689,2000,7957,748,43459,1506,5366,2708,686,2280,276,108,24108,11525,174,20742,8002,9516,24797,60,4998,2165,1185,3563,45018,197,207,110,85,38,27,1864,250,703,10680,3826,727,3678,40340,4158,378,1165,589,608,2823,4233,3698,4255,55,78,24,1120,14,1926,667,931,103,21,9,604,657,1002,13203,6375,39732,2581,29342,34802,15494,35248,13890,29800,231,24879,30300,10091,8252,21667,17891,5146,953,42,530,134,597,996,136,52,20,92,4208,300,40881,12759,9556,517,170824,35426,3729,27354,23741,968,574,41307,17910,58811,3715,38252,248,35485,60,396,846,315,313,988,190,3967,1855,25,837,1008,694,977,473,2402,1447,190,198,4801,2873,1985,2332,1394,380,685,813,420,389,302,420,1280,5521,1319,432,1746,2385,2367,12953,74111,181,2363,2639,1462,826,674,752,1066,631,140,6295,534,956,4523,377,1482,413,4308,1310,1075,704,955,200,517,611,2726,2626,814,989,815,2263,1603,840,875,1024,4581,28,20,416,677,416,309,12575,92,8335,28,461,47,5819,575,6255,6065,8256,22,2415,119,171,1280,3509,80618,539,1724,2022,971,38,3122,148,95,581,14727,5619,4386,1155,50,134,111,6,40,788,1136,2060,543,3565,531,554,1680,50880,365,2346,112324,583,5192,995,5213,403,2698,355,87,3310,968,949,1076,429,442,184,1398,1227,1010,1093,641,1161,1232,23999,78,10406,2211,20,23480,6468,74,219,5804,514,35,6714,924,1057,250,3121,1198,21939,4163,567,902,1191,451,1190,905,1082,506,25,883,16,1687,58,53,146,341,117,534,679,34077,1608,11071,5878,1185,564,769,100,28386,139,13085,1715,10715,956,350,2613,38,27079,5128,9272,40333,5713,19520,256,68,392,885,488,1062,806,1676,6849,1008,43,154,1168,11,23,3477,3309,13,127,169,20687,42688,31527,8041,31098,3937,772,71035,86048,13904,43426,63858,72763,266,174,890,762,249,972,1056,316,363,674,6818,0.0,0.0,0.0,0.0,0.0,0.0,0.0,0.0,0.0,0.0,0.0,0.0,0.0,0.0,0.0,0.0,0.0,0.0,0.0,0.0,0.0,0.0,0.0,0.0,0.0,0.0,0.0,0.0,0.0,0.0,0.0,0.0,0.0,0.0,0.0,0.0,0.0,0.0,0.0,0.0,0.0,0.0,0.0,0.0,0.0,0.0,0.0,0.0,0.0,0.0,0.0,0.0,0.0,0.0,0.0,0.0,0.0,0.0,0.0,0.0,0.0,0.0,0.0,0.0,0.0,0.0,0.0,0.0,0.0,0.0,0.0,0.0,0.0,0.0,0.0,0.0,0.0,0.0,0.0,0.0,0.0,0.0,0.0,0.0,0.0,0.0,0.0,0.0,0.0,0.0,0.0,0.0,0.0,0.0,0.0,0.0,0.0,0.0,0.0,0.0,0.0,0.0,0.0,0.0,0.0,0.0,0.0,0.0,0.0,0.0,0.0,0.0,0.0,0.0,0.0,0.0,0.0,0.0,0.0,0.0,0.0,0.0,0.0,0.0,0.0,0.0,0.0,0.0,0.0,0.0,0.0,0.0,0.0,0.0,0.0,0.0,0.0,0.0,0.0,0.0,0.0,0.0,0.0,0.0,0.0,0.0,0.0,0.0,0.0,0.0
ENCFF688LER,0.1083905950602498,275726,2952,7393,36863,460,62189,8207,359,381,335,834,4268,3190,7438,21928,21608,3479,515,6451,6338,186,763,105,86,63,1275,20929,4084,36239,4155,300,1290,873,2225,1875,708,2233,41,102,11027,12447,75,846,111,919,640,6781,28880,3384,574,1436,1704,530,455,8560,227,370,491,267,711,2139,589,16718,469,752,6018,241,61872,59537,8911,1300,847,5457,6870,321,1490,579,870,1080,281,1184,1233,4132,482,629,4537,19,994,551,18,1742,248,45,1843,1691,19227,213355,12516,189,33384,52246,3001,44986,1812,680,6413,1974,2122,21,3999,10127,9717,181,5709,41129,2211,23994,294,1297,1933,10481,545,30240,1629,6773,3154,921,2990,349,152,34627,9943,14365,23995,7521,17097,30698,4203,5625,3869,1425,6417,52000,547,3312,119,129,98,47,2418,256,1255,11518,5344,761,5144,38891,4281,499,1333,1699,2024,3420,4926,4459,8234,106,144,48,1199,19,2205,744,2429,1449,646,26,1819,804,1197,18511,8248,64609,2714,33175,36579,18994,38094,17299,33954,276,36345,43207,15976,10856,30053,22447,9464,1267,4844,970,349,613,1023,165,83,189,68,4924,286,49392,14979,8859,329,445603,48492,6937,33488,29021,1392,670,50101,25166,73129,2860,54362,251,52546,52,417,1137,369,309,1107,544,4866,2735,77,781,1161,705,1108,468,2911,1750,803,253,5616,3722,2371,4123,1395,430,779,897,369,395,317,818,1313,6900,1428,445,2384,3180,2601,18005,64377,14180,2733,4939,1616,1007,805,667,1139,617,378,10805,494,951,6318,401,1817,373,5529,1364,1205,719,1121,718,562,1369,2912,2942,882,1145,832,2722,1767,913,877,1214,5159,41,35,453,751,775,397,17866,175,12325,36,572,104,7366,898,9594,7854,9185,22,3179,81,229,2051,4789,78328,1810,4622,2890,1350,1179,3853,187,250,1061,20540,7880,4512,1539,31,250,136,19,37,819,1148,3275,693,4852,573,539,3407,53972,1434,2710,149804,896,6583,1113,6304,23079,3275,352,8943,26485,940,1131,1278,471,538,599,105035,1445,1002,1263,803,1486,1488,29785,59,12388,2652,54,32027,8673,42,310,7731,1190,45,8047,882,1826,300,3662,1259,16657,3919,3250,995,1253,474,1363,984,1585,1333,38,1300,56,2288,480,21,194,2753,712,591,1168,36079,1217,11871,5699,988,591,1057,210,42195,2279,21794,5498,14373,1474,400,3357,57,40508,7854,14091,62918,4935,20683,718,527,408,2387,2301,1323,829,2051,11530,1112,40,2388,1277,36,32,4625,4379,34,4575,226,27933,53732,39661,9992,42088,5216,659,78757,117328,17653,51388,85053,97756,228,225,939,774,224,1018,1658,370,502,813,7835,0.0,0.0,0.0,0.0,0.0,0.0,0.0,0.0,0.0,0.0,0.0,0.0,0.0,0.0,0.0,0.0,0.0,0.0,0.0,0.0,0.0,0.0,0.0,0.0,0.0,0.0,0.0,0.0,0.0,0.0,0.0,0.0,0.0,0.0,0.0,0.0,0.0,0.0,0.0,0.0,0.0,0.0,0.0,0.0,0.0,0.0,0.0,0.0,0.0,0.0,0.0,0.0,0.0,0.0,0.0,0.0,0.0,0.0,0.0,0.0,0.0,0.0,0.0,0.0,0.0,0.0,0.0,0.0,0.0,0.0,0.0,0.0,0.0,0.0,0.0,0.0,0.0,0.0,0.0,0.0,0.0,0.0,0.0,0.0,0.0,0.0,0.0,0.0,0.0,0.0,0.0,0.0,0.0,0.0,0.0,0.0,0.0,0.0,0.0,0.0,0.0,0.0,0.0,0.0,0.0,0.0,0.0,0.0,0.0,0.0,0.0,0.0,0.0,0.0,0.0,0.0,0.0,0.0,0.0,0.0,0.0,0.0,0.0,0.0,0.0,0.0,0.0,0.0,0.0,0.0,0.0,0.0,0.0,0.0,0.0,0.0,0.0,0.0,0.0,0.0,0.0,0.0,0.0,0.0,0.0,0.0,0.0,0.0,0.0,0.0
ENCFF001HUC,0.1948048334542394,67601,198,4618,58801,1246,199649,5241,347,568,329,483,3932,5697,10797,27708,49864,3855,449,5988,6001,133,568,99,52,43,989,3210,4282,57847,3511,226,254,537,2447,2303,113,2180,36,6,7846,10649,83,672,55,47,632,6900,42714,426,687,1434,1964,412,262,5299,180,317,382,131,684,1689,1069,29274,1321,289,963,24,72364,57901,6176,1445,1001,1948,4043,285,1650,758,1109,1244,304,1441,1474,3668,590,731,4761,22,1234,704,20,1123,188,47,1365,2148,37811,180272,10176,117,27168,40133,3217,34472,1461,922,4662,1423,1620,19,2567,7104,7305,104,4789,30387,3918,55320,980,3686,3341,9353,1603,84760,1863,5760,2842,687,2293,337,157,25852,15768,2105,34518,10041,8874,25912,656,5456,3856,1690,3919,55693,532,684,136,105,47,27,2095,266,435,10951,4487,658,4200,62663,5280,460,1597,736,703,3206,3881,3363,4515,75,119,24,1437,28,2406,866,704,41,76,5,805,611,1426,13424,6750,41077,2665,32304,34764,15971,37874,14794,31538,340,27572,33242,9550,8412,23371,17785,6285,976,681,809,89,694,1255,144,56,16,64,4105,337,54308,15952,14949,264,209809,44221,4171,30965,46594,959,494,44585,22901,89276,7135,41077,283,38589,35,315,620,51,415,1344,236,4607,2097,32,994,1238,862,1349,653,3098,1856,216,227,5371,3320,2321,2111,1707,456,913,1030,519,488,364,376,1501,6182,1746,548,1929,2930,2768,17746,48243,2312,3003,2703,1797,1095,856,890,1371,724,116,6974,673,1127,5097,506,1822,577,4420,1538,1346,774,1341,179,687,665,3122,3282,1140,1342,980,2427,1937,1057,1128,1290,5026,33,40,568,904,421,392,13654,120,9021,27,539,62,6843,602,6399,6646,8210,19,2737,107,161,2292,3469,100728,744,1974,2406,1123,259,3379,164,159,684,17282,7331,3242,1196,43,155,126,27,54,920,2439,2268,736,3971,711,716,3229,79676,630,2843,127075,686,5819,1431,6922,3493,3233,430,1412,6954,1131,1343,1469,547,558,310,17115,1649,1368,1444,575,1459,1744,25294,60,11510,2193,53,24530,6326,40,260,6046,669,56,7716,1141,1050,283,3675,1522,22353,5029,996,1112,1456,617,1541,1212,1260,896,21,920,27,2002,117,64,177,711,378,952,952,49056,3324,13888,8084,2011,570,773,161,30988,386,16388,2271,11345,1246,390,2715,21,33645,6192,10893,46631,2805,27654,391,331,493,1325,577,1512,1002,1909,7457,1326,44,427,1460,26,49,3676,3609,14,661,173,23345,45150,35430,8905,35511,4092,999,80406,95453,15694,46896,68777,80424,332,179,1075,986,312,1173,987,312,465,696,7172,0.0,0.0,0.0,0.0,0.0,0.0,0.0,0.0,0.0,0.0,0.0,0.0,0.0,0.0,0.0,0.0,0.0,0.0,0.0,0.0,0.0,0.0,0.0,0.0,0.0,0.0,0.0,0.0,0.0,0.0,0.0,0.0,0.0,0.0,0.0,0.0,0.0,0.0,0.0,0.0,0.0,0.0,0.0,0.0,0.0,0.0,0.0,0.0,0.0,0.0,0.0,0.0,0.0,0.0,0.0,0.0,0.0,0.0,0.0,0.0,0.0,0.0,0.0,0.0,0.0,0.0,0.0,0.0,0.0,0.0,0.0,0.0,0.0,0.0,0.0,0.0,0.0,0.0,0.0,0.0,0.0,0.0,0.0,0.0,0.0,0.0,0.0,0.0,0.0,0.0,0.0,0.0,0.0,0.0,0.0,0.0,0.0,0.0,0.0,0.0,0.0,0.0,0.0,0.0,0.0,0.0,0.0,0.0,0.0,0.0,0.0,0.0,0.0,0.0,0.0,0.0,0.0,0.0,0.0,0.0,0.0,0.0,0.0,0.0,0.0,0.0,0.0,0.0,0.0,0.0,0.0,0.0,0.0,0.0,0.0,0.0,0.0,0.0,0.0,0.0,0.0,0.0,0.0,0.0,0.0,0.0,0.0,0.0,0.0,0.0
ENCFF000XSG,0.19271867888147012,39153,184,2630,27259,682,74706,5071,236,486,267,474,2618,3838,8160,14274,23465,3207,387,5254,4883,160,638,63,72,69,691,1178,2795,37144,3188,215,161,430,1605,1517,55,1736,24,16,6695,9101,63,531,31,60,554,4941,18792,134,422,897,1240,407,240,5198,149,321,305,146,708,1261,240,12233,497,490,346,76,43721,43895,6536,911,627,1119,4645,338,1146,433,680,824,191,837,1055,3041,412,490,3059,15,798,427,27,1082,198,27,1352,1114,17244,144813,8848,83,23885,33791,2269,28717,1053,561,4381,1376,1563,26,2320,6161,6200,148,3558,32005,2604,40999,650,2370,2146,7506,990,57246,1216,5171,2522,686,2246,336,149,25508,12124,1080,21732,7657,10976,23835,193,3736,3357,1073,3002,44615,471,304,86,103,46,48,2027,280,505,8636,4070,576,4192,28512,2849,386,1013,1470,1092,2634,3545,3166,4294,66,149,47,924,51,1478,502,947,268,27,6,530,689,926,13276,6025,38595,2000,26977,30428,13080,32717,12209,24201,281,24195,29059,9502,8124,20089,16776,5387,833,300,853,34,470,825,217,63,48,132,3353,366,51075,11107,12352,492,163483,33941,3158,25561,22986,938,474,36119,17506,51859,4483,38955,149,37851,51,280,606,131,262,878,222,3158,1769,25,554,753,538,795,398,2091,1252,169,193,4161,2447,1685,2190,1135,301,564,645,328,288,228,397,1016,4608,1114,316,1522,1965,1859,8204,29208,803,2109,2418,1160,803,600,552,815,457,103,6551,473,803,4364,324,1376,360,3350,954,923,510,800,133,382,475,2090,2014,698,852,626,2136,1351,699,693,822,3319,14,22,373,575,447,254,11820,153,7916,18,433,60,5603,671,5829,5432,6370,39,2374,140,160,2024,3215,65713,578,1775,1801,900,68,2386,206,237,617,13189,6000,2527,1221,44,180,98,20,59,553,1372,2051,534,3044,418,376,1175,40062,342,1785,104300,466,5079,893,4788,1412,2162,244,600,4093,699,926,991,306,330,228,7491,1092,911,1017,363,1007,1225,21088,92,8697,1799,35,21829,6475,54,293,5406,794,70,5612,734,1191,243,2730,1021,19945,2858,589,636,1036,345,1062,815,1234,890,53,1019,52,1477,111,31,187,386,415,728,810,19886,1906,7794,5292,1327,452,793,179,29806,131,12451,1484,10446,1314,254,2379,32,25642,4803,8542,36243,2570,15760,226,232,330,746,397,1063,675,1174,7593,917,41,272,874,46,42,3371,3476,20,243,175,21754,35246,25434,6652,30511,3462,299,63282,76631,11368,35428,56459,68246,260,138,673,605,189,749,1084,222,350,618,5749,0.0,0.0,0.0,0.0,0.0,0.0,0.0,0.0,0.0,0.0,0.0,0.0,0.0,0.0,0.0,0.0,0.0,0.0,0.0,0.0,0.0,0.0,0.0,0.0,0.0,0.0,0.0,0.0,0.0,0.0,0.0,0.0,0.0,0.0,0.0,0.0,0.0,0.0,0.0,0.0,0.0,0.0,0.0,0.0,0.0,0.0,0.0,0.0,0.0,0.0,0.0,0.0,0.0,0.0,0.0,0.0,0.0,0.0,0.0,0.0,0.0,0.0,0.0,0.0,0.0,0.0,0.0,0.0,0.0,0.0,0.0,0.0,0.0,0.0,0.0,0.0,0.0,0.0,0.0,0.0,0.0,0.0,0.0,0.0,0.0,0.0,0.0,0.0,0.0,0.0,0.0,0.0,0.0,0.0,0.0,0.0,0.0,0.0,0.0,0.0,0.0,0.0,0.0,0.0,0.0,0.0,0.0,0.0,0.0,0.0,0.0,0.0,0.0,0.0,0.0,0.0,0.0,0.0,0.0,0.0,0.0,0.0,0.0,0.0,0.0,0.0,0.0,0.0,0.0,0.0,0.0,0.0,0.0,0.0,0.0,0.0,0.0,0.0,0.0,0.0,0.0,0.0,0.0,0.0,0.0,0.0,0.0,0.0,0.0,0.0
ENCFF802HEH,0.13307939039875918,61339,94,2633,35265,453,94043,8954,506,521,276,752,5505,2353,4660,14632,19890,2072,1263,4980,5285,103,784,66,143,95,1657,2749,4222,18036,4081,174,52,564,3032,2789,28,3035,52,16,7542,10177,154,387,137,20,729,7787,20591,240,1195,2024,2042,220,411,5817,94,461,310,359,1449,3463,280,6919,207,308,781,381,31325,48616,5553,1849,1124,2795,6032,70,2018,989,1104,1320,356,1826,1986,2753,626,1099,5416,33,1245,1119,23,1014,656,61,2325,748,6460,147829,8041,211,23188,37044,4236,31646,2033,1126,4346,1670,2211,82,3557,7114,8741,367,5489,35566,1465,30863,109,641,893,6635,422,53405,1706,5588,2301,442,2172,126,101,30245,4985,1156,14515,6431,12557,28758,103,5442,4584,1726,3658,31388,489,257,78,115,79,12,1933,519,1126,10498,3955,404,3843,33125,2098,306,2202,2653,2154,2748,5355,6315,6400,92,139,39,1557,48,1812,862,650,165,14,22,665,405,1858,10993,5959,39097,2989,18885,29733,11682,22836,14713,27349,189,24700,31350,9202,9168,24292,17198,3930,1101,190,313,42,1057,1761,166,85,23,54,4103,243,26089,7090,6368,399,128649,29231,3619,19651,11917,1177,600,29558,12765,36243,2066,39178,116,39054,133,289,1187,97,508,1381,231,5436,2224,47,1085,1002,1049,1566,893,3659,1810,135,224,6187,4283,2171,2902,2576,531,1426,1234,746,461,381,334,1618,4201,980,594,1672,3606,2465,7625,32025,2606,3414,3554,1673,1250,946,967,1384,816,66,7199,892,2472,5624,509,2260,873,4832,2586,1677,1552,1524,146,680,569,3728,2698,1519,1158,1224,2858,2491,1523,933,1670,3971,23,16,630,1272,848,439,13353,330,8968,34,233,62,5840,704,7223,6786,7497,77,2744,343,119,1291,3065,63374,564,1830,3193,1148,50,2861,89,1003,1572,20864,6181,8761,1613,75,219,302,21,174,937,848,2023,1182,4563,894,682,1717,56804,240,2439,113245,617,6399,1545,8618,3243,2622,455,393,4252,1200,1618,1760,547,418,128,27896,2437,1590,1602,538,1559,1839,25864,198,16248,1400,63,29102,8031,30,491,6184,932,223,8853,1156,1186,269,5081,1480,29197,1638,606,1091,1677,1006,1150,1379,1258,809,46,1302,72,2690,271,431,101,227,267,186,625,24646,862,6820,3422,558,740,1092,309,31145,172,11367,1612,10161,1839,58,2548,15,36096,6289,10476,41873,1611,17803,145,342,618,1605,861,1547,1264,1517,4112,1396,14,139,1518,24,69,3042,3136,15,136,144,25248,30299,23975,6245,29231,4461,500,54282,75852,10576,30359,59456,71505,204,84,1029,1008,530,1299,791,551,299,821,6827,0.0,0.0,0.0,0.0,0.0,0.0,0.0,0.0,0.0,0.0,0.0,0.0,0.0,0.0,0.0,0.0,0.0,0.0,0.0,0.0,0.0,0.0,0.0,0.0,0.0,0.0,0.0,0.0,0.0,0.0,0.0,0.0,0.0,0.0,0.0,0.0,0.0,0.0,0.0,0.0,0.0,0.0,0.0,0.0,0.0,0.0,0.0,0.0,0.0,0.0,0.0,0.0,0.0,0.0,0.0,0.0,0.0,0.0,0.0,0.0,0.0,0.0,0.0,0.0,0.0,0.0,0.0,0.0,0.0,0.0,0.0,0.0,0.0,0.0,0.0,0.0,0.0,0.0,0.0,0.0,0.0,0.0,0.0,0.0,0.0,0.0,0.0,0.0,0.0,0.0,0.0,0.0,0.0,0.0,0.0,0.0,0.0,0.0,0.0,0.0,0.0,0.0,0.0,0.0,0.0,0.0,0.0,0.0,0.0,0.0,0.0,0.0,0.0,0.0,0.0,0.0,0.0,0.0,0.0,0.0,0.0,0.0,0.0,0.0,0.0,0.0,0.0,0.0,0.0,0.0,0.0,0.0,0.0,0.0,0.0,0.0,0.0,0.0,0.0,0.0,0.0,0.0,0.0,0.0,0.0,0.0,0.0,0.0,0.0,0.0
ENCFF782OEQ,0.24152130909736752,272956,946,14566,19057,555,155360,40074,288,1794,1675,3715,7510,5993,14672,7050,32621,12892,2882,28852,28433,1485,6103,569,1151,1765,2301,11822,6688,14876,29034,1907,1195,1963,3533,3045,79,11033,398,116,42181,79727,126,3509,65,517,4434,21387,6163,943,2649,486,724,3679,2721,51113,1790,2133,5811,1899,7965,4354,181,5021,2559,3242,934,464,137995,235857,61885,1668,358,6415,45746,1614,1869,311,469,979,101,547,2980,23737,334,230,4681,130,556,321,633,12358,1696,550,6177,896,5987,992655,78828,874,212554,261745,8434,224973,3572,317,42230,12537,12881,246,20831,49699,50932,3905,17024,214928,6773,63154,309,1280,3470,45975,680,23400,2138,37256,19445,7000,22134,3061,1858,251018,25773,7121,10641,16747,101345,196140,914,14661,11173,1761,24981,22525,4759,2706,127,1133,143,281,16873,2153,4035,50444,38386,4169,24815,15810,2081,3708,1969,21820,17154,16649,26197,23727,46744,799,1527,893,535,197,1443,236,10962,2287,27,0,850,5511,2020,104949,51780,278776,7654,121249,189603,59581,55320,52501,87516,1727,161783,181060,60819,69255,130015,130363,37583,3672,2772,4931,63,209,479,2124,880,539,1051,19574,944,37452,28181,15465,1825,1350284,177082,19795,168083,18832,10880,3783,185996,84818,143675,4076,353420,661,382187,479,1467,4964,765,127,1754,876,8828,15099,227,282,571,273,535,255,7362,4152,1093,1138,16318,13493,8702,24011,647,100,355,528,173,205,145,4610,518,21417,1489,233,6066,8078,4612,10311,5144,4159,6597,20273,3487,1288,992,300,599,220,1026,64496,347,556,33072,274,5859,220,16732,423,1247,210,502,1192,192,644,3383,3118,413,488,454,13440,4674,628,420,432,5095,64,215,239,387,5448,425,110062,3608,73334,302,3183,367,39178,7345,57267,38097,30928,279,16896,1384,1896,9767,29723,146908,4656,14798,9691,6071,50,6837,2102,3386,5835,49531,26948,10439,13048,2379,1241,847,106,656,334,11721,16941,2117,16265,405,359,2319,29898,767,3471,784340,1390,34321,961,13023,14390,5740,366,2262,27951,398,2862,3317,231,308,1510,66053,3211,1307,2835,663,1715,3376,161321,1662,45417,15276,970,181119,49212,205,3213,28999,8520,644,22093,441,9802,2606,10946,1646,9561,2250,7169,703,3301,244,2055,504,10897,1863,573,6397,281,9277,1464,170,3228,4317,7135,2001,3319,21805,1484,6838,8044,895,2656,7941,4635,281450,611,101860,5691,95755,12796,1252,16838,124,165364,32667,44379,225519,3863,9472,127,3024,263,1182,983,2167,350,1273,37554,1942,110,4214,526,488,999,32483,35479,56,1628,969,186466,174774,104252,24640,228798,25377,1874,289653,478718,47942,180362,347495,483572,974,1145,490,367,179,420,14188,2897,3475,4551,30286,0.0,0.0,0.0,0.0,0.0,0.0,0.0,0.0,0.0,0.0,0.0,0.0,0.0,0.0,0.0,0.0,0.0,0.0,0.0,0.0,0.0,0.0,0.0,0.0,0.0,0.0,0.0,0.0,0.0,0.0,0.0,0.0,0.0,0.0,0.0,0.0,0.0,0.0,0.0,0.0,0.0,0.0,0.0,0.0,0.0,0.0,0.0,0.0,0.0,0.0,0.0,0.0,0.0,0.0,0.0,0.0,0.0,0.0,0.0,0.0,0.0,0.0,0.0,0.0,0.0,0.0,0.0,0.0,0.0,0.0,0.0,0.0,0.0,0.0,0.0,0.0,0.0,0.0,0.0,0.0,0.0,0.0,0.0,0.0,0.0,0.0,0.0,0.0,0.0,0.0,0.0,0.0,0.0,0.0,0.0,0.0,0.0,0.0,0.0,0.0,0.0,0.0,0.0,0.0,0.0,0.0,0.0,0.0,0.0,0.0,0.0,0.0,0.0,0.0,0.0,0.0,0.0,0.0,0.0,0.0,0.0,0.0,0.0,0.0,0.0,0.0,0.0,0.0,0.0,0.0,0.0,0.0,0.0,0.0,0.0,0.0,0.0,0.0,0.0,0.0,0.0,0.0,0.0,0.0,0.0,0.0,0.0,0.0,0.0,0.0
ENCFF514VXT,0.13705735836983834,126410,772,2017,65408,757,319726,15203,553,254,237,551,4941,2497,5960,21966,31285,2375,978,10940,5970,118,769,74,173,85,1883,10675,5135,55927,4943,200,76,565,3674,3251,51,4243,36,14,9433,10852,132,464,104,153,1034,9047,46712,614,1288,2654,2543,216,282,5468,148,427,310,263,1016,2725,464,23078,539,1211,2535,113,55194,43957,5788,2297,1188,3040,5956,75,2606,1151,1305,1573,527,2101,2388,3073,822,1199,6059,55,1648,1408,42,1442,495,81,1699,1196,24244,190387,10104,127,26495,41287,4994,35226,2496,1271,4596,2007,2682,62,4928,8900,10054,383,5932,38013,2030,86376,201,1251,1490,7762,519,143742,2189,7051,2810,528,2425,309,92,29088,6723,4699,37796,10432,12771,29129,266,6121,13175,2077,3773,43575,1041,736,127,98,49,34,2074,531,463,11968,4081,407,4638,60521,3593,330,2569,3254,1549,3186,3887,4235,6635,62,226,149,1887,50,2299,1046,2001,190,15,24,840,608,2323,12525,6215,44571,3429,26390,39432,15488,43251,18636,33244,255,27393,35279,9655,10017,29880,18686,6493,1172,686,1395,27,1474,2108,136,46,56,60,3884,98,53898,12463,14972,827,498972,43370,4766,26099,33700,1261,513,39104,22112,69786,2703,41310,87,38378,36,269,724,21,603,1647,430,6896,2604,39,1223,1171,1097,1998,926,4505,2323,171,236,7482,5139,2531,3317,2987,607,1644,1521,915,572,377,327,1894,6919,1321,637,1860,4333,3135,13347,42770,8127,4184,3870,1940,1490,1272,1212,1613,884,75,12384,984,2983,6246,575,2567,969,5230,3028,2092,1550,1866,267,838,819,4658,3362,1636,1589,1383,3230,2960,2187,1171,2075,5158,41,66,757,1454,840,677,15245,346,11505,61,300,134,7127,631,9543,8829,9668,46,3112,118,40,2066,3188,84938,840,2354,3587,1149,60,3521,147,698,1743,25275,12431,5499,1897,124,449,175,14,144,1089,4920,4625,1453,5057,1203,765,2154,97493,318,2806,114458,887,7360,1759,11558,10991,3480,528,863,6136,1470,1947,2018,620,524,125,69971,2802,1909,1981,835,2061,2253,30164,70,19185,1444,63,30335,7831,56,475,6050,1576,69,9560,1356,1329,198,6034,1918,44863,2512,1464,1324,1954,1152,1349,1714,1197,242,21,830,29,3205,272,105,92,662,1327,284,1161,33864,1334,10665,5346,962,890,967,372,31261,652,13678,2073,10169,1734,83,2795,15,45329,8712,13772,51417,1485,32180,189,324,737,1825,1162,1688,1512,1810,10589,1762,23,187,1891,92,94,3365,3292,31,554,124,29852,39085,31843,8208,33929,5160,560,74872,91601,14036,37829,72316,82305,322,74,1181,1126,540,1649,1130,409,476,1068,8128,0.0,0.0,0.0,0.0,0.0,0.0,0.0,0.0,0.0,0.0,0.0,0.0,0.0,0.0,0.0,0.0,0.0,0.0,0.0,0.0,0.0,0.0,0.0,0.0,0.0,0.0,0.0,0.0,0.0,0.0,0.0,0.0,0.0,0.0,0.0,0.0,0.0,0.0,0.0,0.0,0.0,0.0,0.0,0.0,0.0,0.0,0.0,0.0,0.0,0.0,0.0,0.0,0.0,0.0,0.0,0.0,0.0,0.0,0.0,0.0,0.0,0.0,0.0,0.0,0.0,0.0,0.0,0.0,0.0,0.0,0.0,0.0,0.0,0.0,0.0,0.0,0.0,0.0,0.0,0.0,0.0,0.0,0.0,0.0,0.0,0.0,0.0,0.0,0.0,0.0,0.0,0.0,0.0,0.0,0.0,0.0,0.0,0.0,0.0,0.0,0.0,0.0,0.0,0.0,0.0,0.0,0.0,0.0,0.0,0.0,0.0,0.0,0.0,0.0,0.0,0.0,0.0,0.0,0.0,0.0,0.0,0.0,0.0,0.0,0.0,0.0,0.0,0.0,0.0,0.0,0.0,0.0,0.0,0.0,0.0,0.0,0.0,0.0,0.0,0.0,0.0,0.0,0.0,0.0,0.0,0.0,0.0,0.0,0.0,0.0
ENCFF000ZBH,0.16674200503841555,84579,368,3770,42940,762,123976,7632,260,432,389,1060,3717,3125,7440,25727,29194,3267,470,6223,7672,210,779,101,49,64,1279,4271,3512,23738,4208,282,242,513,2083,1850,106,2178,23,32,9324,11738,41,698,28,92,656,6073,20591,512,524,1089,1533,484,307,7816,161,409,683,151,818,1647,316,11143,292,251,1266,82,47968,57304,8158,1147,757,2018,7114,340,1396,582,857,908,249,1119,1362,4120,472,579,3969,11,945,562,14,1290,133,34,1175,1305,19278,192734,12001,126,32766,44501,2634,38790,1303,685,5670,1675,1893,22,3247,9155,9435,122,6035,37495,2473,33900,593,2202,2404,9719,976,46220,1460,8155,3702,757,2984,439,219,33436,10082,3246,16457,7415,17033,30930,720,5246,3677,1303,4553,45723,348,746,98,99,33,22,2379,259,692,14309,5397,722,4441,44153,3373,453,1267,1148,944,3313,6228,6283,6847,67,90,34,1121,25,1917,660,967,216,101,11,815,769,1103,16893,8155,50615,2552,29637,36770,16903,31311,14508,31089,271,30090,36079,14006,10479,26135,21124,6048,1002,979,836,55,581,964,164,68,25,77,5707,289,36593,13370,8386,282,233745,44224,4213,30948,20759,1181,969,44298,22320,62135,6016,54790,245,57529,53,465,1211,150,320,1122,395,4279,2396,53,733,948,658,979,491,2670,1690,503,250,5289,3346,2318,3338,1413,353,736,763,449,375,269,592,1252,5711,1599,419,1846,2567,2302,8913,35460,2712,2608,3598,1413,870,726,661,1051,574,165,8195,554,937,5635,372,1741,426,4646,1221,1142,666,935,463,510,693,2683,2506,899,1021,798,2813,1697,802,830,1072,4442,37,44,400,666,637,422,17505,169,11351,25,592,127,7078,862,8419,8318,10096,23,2762,113,204,1594,4486,80448,848,2567,2305,1282,229,2932,212,218,820,16927,7673,3466,1615,51,281,139,15,56,797,1580,2986,671,4684,546,535,1325,51910,550,2319,143104,622,6319,1004,5788,4457,2750,321,1669,7389,890,1161,1173,423,445,339,22737,1393,1072,1276,632,1369,1473,27468,71,11331,2448,39,32450,7906,26,357,8325,969,72,7133,859,2223,341,3368,1254,16961,3364,1141,873,1232,416,1200,955,1758,779,36,1127,36,2330,133,86,239,867,359,675,697,42640,2284,10005,6317,1474,574,994,247,41828,495,17819,2538,14455,1526,340,3385,51,33975,6359,11921,49756,3518,14544,316,257,398,1177,556,1224,834,1569,8275,1176,44,397,1061,24,39,4483,4519,10,866,206,26436,43901,32562,8101,38867,4339,426,71888,94061,14856,45074,70617,87158,253,181,764,794,208,920,1427,442,511,798,8649,0.0,0.0,0.0,0.0,0.0,0.0,0.0,0.0,0.0,0.0,0.0,0.0,0.0,0.0,0.0,0.0,0.0,0.0,0.0,0.0,0.0,0.0,0.0,0.0,0.0,0.0,0.0,0.0,0.0,0.0,0.0,0.0,0.0,0.0,0.0,0.0,0.0,0.0,0.0,0.0,0.0,0.0,0.0,0.0,0.0,0.0,0.0,0.0,0.0,0.0,0.0,0.0,0.0,0.0,0.0,0.0,0.0,0.0,0.0,0.0,0.0,0.0,0.0,0.0,0.0,0.0,0.0,0.0,0.0,0.0,0.0,0.0,0.0,0.0,0.0,0.0,0.0,0.0,0.0,0.0,0.0,0.0,0.0,0.0,0.0,0.0,0.0,0.0,0.0,0.0,0.0,0.0,0.0,0.0,0.0,0.0,0.0,0.0,0.0,0.0,0.0,0.0,0.0,0.0,0.0,0.0,0.0,0.0,0.0,0.0,0.0,0.0,0.0,0.0,0.0,0.0,0.0,0.0,0.0,0.0,0.0,0.0,0.0,0.0,0.0,0.0,0.0,0.0,0.0,0.0,0.0,0.0,0.0,0.0,0.0,0.0,0.0,0.0,0.0,0.0,0.0,0.0,0.0,0.0,0.0,0.0,0.0,0.0,0.0,0.0
ENCFF000RNB,0.17008701610623134,120145,374,6750,65499,1215,190915,17984,393,1575,733,3110,4908,13156,18870,23314,80067,9078,1371,14829,22038,446,2082,277,451,338,1550,2019,5375,80254,13434,754,418,1058,2849,2802,58,4435,108,729,17977,29432,218,1746,34,143,1673,11532,19425,332,1057,1169,1912,1467,1002,19929,490,1014,1168,404,3040,2597,537,12784,1902,1127,417,97,79976,110250,23094,1584,951,2443,14270,770,1846,729,1092,1323,250,1266,2027,9270,606,655,5744,56,1179,721,74,3636,420,117,7238,1476,14554,413763,28837,236,75877,112084,5542,93012,2012,858,19050,5894,12882,121,11274,33995,31068,504,10818,95979,5606,60433,721,3077,3370,21814,1435,75114,1947,21600,16758,2340,8120,1021,618,99110,32598,1256,50009,17527,34928,83681,272,8178,7391,1670,8859,46344,1165,781,658,345,73,52,6306,813,6609,30886,14217,2131,9751,65809,4065,1345,1875,8520,5888,7234,35315,38533,17726,1059,584,169,1340,146,2362,691,1312,1317,39,2,786,2312,1668,40708,19508,119723,4205,79195,81561,31165,46918,31800,54090,969,75441,89644,27854,24912,60356,49325,12168,1698,507,2723,99,666,1140,712,307,96,305,13231,934,73996,20123,36289,955,495208,77922,7136,71720,34626,3865,3131,86000,42002,91172,9028,133528,433,124714,144,706,3173,133,397,1516,546,7855,6241,1569,709,1219,737,1195,588,4147,2506,608,582,9863,7310,4861,7278,1549,314,937,940,527,556,427,1331,1406,10675,1880,495,3867,4269,3661,12178,26245,1077,4191,10849,2087,1156,1011,857,1292,549,342,18399,821,1258,13498,574,2973,651,8901,1248,1493,592,1237,1423,595,1221,3519,3339,1067,1190,953,5950,2727,1277,1012,1109,5904,39,120,627,879,2609,498,47202,604,39648,107,1366,198,15997,2441,25935,19740,15787,108,7887,796,637,2050,12193,148571,1868,5034,4121,2565,76,4528,534,547,2138,29626,17007,6345,4059,276,575,384,35,301,834,4009,6330,982,8317,652,797,2566,114311,644,3100,314053,1066,15205,1338,9555,2339,4821,479,769,9425,1020,1687,1820,488,649,731,11450,1978,1426,1833,1891,1736,2158,71563,566,22252,5499,193,80773,18834,136,827,12854,1676,217,12685,1098,8006,1348,5549,1698,34556,4364,1425,1083,1764,680,1910,1193,4470,1459,59,2506,123,6642,900,98,936,1128,2677,2062,1995,59637,3620,11842,9527,2073,1024,5232,1034,134537,276,39124,3097,35122,5218,1076,7394,49,103846,22350,32045,154334,2607,28766,350,1952,582,1286,799,1808,917,2070,9650,1566,74,882,1300,21,99,11243,12479,64,490,457,63099,84140,60276,14248,89831,10240,888,139054,208676,25635,87171,150395,193947,986,480,978,894,396,1084,5820,723,1174,1490,18691,0.0,0.0,0.0,0.0,0.0,0.0,0.0,0.0,0.0,0.0,0.0,0.0,0.0,0.0,0.0,0.0,0.0,0.0,0.0,0.0,0.0,0.0,0.0,0.0,0.0,0.0,0.0,0.0,0.0,0.0,0.0,0.0,0.0,0.0,0.0,0.0,0.0,0.0,0.0,0.0,0.0,0.0,0.0,0.0,0.0,0.0,0.0,0.0,0.0,0.0,0.0,0.0,0.0,0.0,0.0,0.0,0.0,0.0,0.0,0.0,0.0,0.0,0.0,0.0,0.0,0.0,0.0,0.0,0.0,0.0,0.0,0.0,0.0,0.0,0.0,0.0,0.0,0.0,0.0,0.0,0.0,0.0,0.0,0.0,0.0,0.0,0.0,0.0,0.0,0.0,0.0,0.0,0.0,0.0,0.0,0.0,0.0,0.0,0.0,0.0,0.0,0.0,0.0,0.0,0.0,0.0,0.0,0.0,0.0,0.0,0.0,0.0,0.0,0.0,0.0,0.0,0.0,0.0,0.0,0.0,0.0,0.0,0.0,0.0,0.0,0.0,0.0,0.0,0.0,0.0,0.0,0.0,0.0,0.0,0.0,0.0,0.0,0.0,0.0,0.0,0.0,0.0,0.0,0.0,0.0,0.0,0.0,0.0,0.0,0.0
ENCFF061XKR,0.13963947740386512,80941,228,4424,39413,726,89484,7623,303,344,367,613,3763,2497,9160,19367,17333,3672,578,7406,6988,193,790,88,62,60,1238,3707,4239,57873,4410,330,319,533,2351,2053,101,2593,23,14,10524,13586,74,818,57,79,941,7826,29404,548,571,1263,1758,513,316,7465,233,454,438,147,939,1813,498,20057,1697,780,767,37,80112,70553,9368,1334,849,2058,6260,463,1611,634,844,1013,314,1129,1437,4361,429,656,4672,13,1025,603,18,1423,201,33,2190,1823,28096,211410,12324,173,34421,48629,3271,41969,1678,758,6192,1913,2216,21,3370,8832,8995,184,5860,49668,2924,52459,651,2498,2916,10862,1095,75297,2050,7928,3430,989,3047,443,183,32882,11413,2724,28485,9159,13885,35206,550,5717,4779,1428,4714,66456,534,789,149,113,40,69,2920,394,568,13141,5372,818,6041,43420,4938,510,1458,1653,1331,3893,5202,4380,6193,58,159,85,1220,55,2435,682,1651,379,50,44,825,981,1211,19972,9702,57998,3417,36144,44440,21448,54674,19547,39074,310,36140,42800,14547,11882,30489,25556,7564,1199,872,1280,59,573,1092,237,85,64,264,5951,272,83732,19476,7862,738,236721,56082,6637,41968,33762,1410,731,63649,27254,84209,4113,55588,272,51713,31,419,863,57,301,1170,396,4699,2868,34,837,1098,668,1048,449,3112,1870,305,279,6333,3503,2607,3555,1369,407,779,871,416,392,286,584,1404,7618,1546,393,2176,3165,3135,14949,148351,2313,2937,3622,1523,1028,876,738,1080,667,144,9555,515,1047,6247,398,1922,462,5134,1298,1225,731,1091,197,587,806,3074,2892,982,1079,857,2806,1895,1019,939,1326,5721,41,66,477,743,531,423,17774,171,11395,35,519,93,7911,1004,9233,8111,10137,27,3430,145,223,2956,4789,111893,864,2741,2733,1434,291,3647,424,306,947,20071,8964,3663,1705,45,201,159,28,65,803,1840,3010,751,5019,656,510,1910,52179,666,2578,153327,686,7204,1182,6819,3752,3381,293,1459,7491,982,1221,1315,425,487,390,19230,1545,1143,1432,745,1395,1581,31233,87,12971,2643,36,31741,9900,60,411,9071,999,63,8427,898,1666,309,4065,1344,29724,6231,999,984,1396,520,1455,1095,1791,1467,34,1368,62,2183,138,41,222,744,449,578,1410,28835,1897,13029,8080,1469,881,1014,199,40601,553,18376,2308,14341,1889,351,3865,21,37629,7405,12157,54218,15647,26446,316,356,475,1069,550,1426,925,1634,10932,1338,21,787,1312,47,44,4857,4997,28,799,187,31998,60128,42023,11991,43419,5342,508,99886,119129,19045,56881,92078,101621,277,176,873,886,244,1005,1301,344,489,908,8963,0.0,0.0,0.0,0.0,0.0,0.0,0.0,0.0,0.0,0.0,0.0,0.0,0.0,0.0,0.0,0.0,0.0,0.0,0.0,0.0,0.0,0.0,0.0,0.0,0.0,0.0,0.0,0.0,0.0,0.0,0.0,0.0,0.0,0.0,0.0,0.0,0.0,0.0,0.0,0.0,0.0,0.0,0.0,0.0,0.0,0.0,0.0,0.0,0.0,0.0,0.0,0.0,0.0,0.0,0.0,0.0,0.0,0.0,0.0,0.0,0.0,0.0,0.0,0.0,0.0,0.0,0.0,0.0,0.0,0.0,0.0,0.0,0.0,0.0,0.0,0.0,0.0,0.0,0.0,0.0,0.0,0.0,0.0,0.0,0.0,0.0,0.0,0.0,0.0,0.0,0.0,0.0,0.0,0.0,0.0,0.0,0.0,0.0,0.0,0.0,0.0,0.0,0.0,0.0,0.0,0.0,0.0,0.0,0.0,0.0,0.0,0.0,0.0,0.0,0.0,0.0,0.0,0.0,0.0,0.0,0.0,0.0,0.0,0.0,0.0,0.0,0.0,0.0,0.0,0.0,0.0,0.0,0.0,0.0,0.0,0.0,0.0,0.0,0.0,0.0,0.0,0.0,0.0,0.0,0.0,0.0,0.0,0.0,0.0,0.0
ENCFF478QIY,0.14683427686871567,62678,156,1230,41626,448,136948,6639,429,240,156,472,3789,2346,6907,19172,27363,1667,813,7889,3856,100,553,11,72,69,1492,3671,3749,27716,3265,128,37,482,2684,2441,32,2964,23,2,6238,6993,72,238,138,35,679,6220,22605,262,873,2027,1914,143,273,3633,91,290,248,217,1017,2006,540,17703,363,323,913,90,42679,37171,3775,1688,1012,2310,3798,72,1922,897,1003,1149,317,1662,1799,2198,554,962,4759,47,1182,997,54,888,614,150,1689,907,12019,124509,6005,129,16477,26402,3693,22476,1888,996,3124,1498,1919,59,2850,5469,6361,239,4092,26852,2049,39835,259,1330,1095,5247,581,71011,1745,4635,1716,290,1355,173,60,19172,6133,1499,24409,9023,7998,18424,135,4498,11169,1544,2655,39174,224,477,87,60,24,18,1450,291,337,7314,2490,227,2788,40460,2596,187,1913,1324,921,2228,3492,3061,4084,105,232,72,1469,70,1786,781,474,36,14,18,599,313,1737,8470,4282,30268,2615,19912,30292,11224,31856,13465,23797,182,19576,24958,6895,6936,19801,13529,4138,942,242,1176,23,1007,1685,130,54,35,53,2766,140,50242,9517,11852,2990,193153,32222,3524,20154,28818,825,421,29114,15425,52584,2275,26526,68,24966,17,153,533,27,443,1293,245,4945,1752,54,990,889,849,1488,708,3340,1706,116,149,5059,3730,1773,1828,2272,456,1233,1156,657,391,319,224,1507,4272,1032,490,1359,3196,2367,11312,45179,2992,3064,2704,1418,1228,921,899,1206,733,59,6160,756,2180,4426,482,1883,672,4069,2366,1481,1328,1368,200,565,587,3367,2639,1388,1055,1098,2149,2043,1463,848,1532,3603,33,48,547,1136,499,422,10588,421,7056,41,148,76,4622,512,5615,5463,6893,56,2198,225,41,1515,2190,74833,460,1403,2631,839,38,2499,24,555,1032,18061,9652,3626,1112,164,182,223,20,107,871,1335,1996,1147,3063,875,588,2188,64778,249,2102,76386,558,5058,1419,8296,4033,2368,372,929,3748,1116,1523,1582,428,383,79,35930,2127,1376,1425,522,1542,1653,21472,92,13859,1097,45,20370,5822,23,347,4100,886,115,7260,972,623,156,4250,1419,30118,1798,627,985,1537,861,988,1232,675,241,64,985,49,2255,246,158,68,244,391,356,1091,32110,1288,7468,4323,667,571,957,491,20392,216,8950,1400,6799,1190,87,1896,8,26781,4886,8663,31406,1566,23014,155,421,533,1413,746,1419,1185,1364,10385,1318,22,96,1466,40,107,2377,2174,1,217,130,17968,26998,22518,6014,22004,3226,794,52033,61403,10264,26591,47639,54238,243,68,930,892,386,1300,557,306,176,640,5151,0.0,0.0,0.0,0.0,0.0,0.0,0.0,0.0,0.0,0.0,0.0,0.0,0.0,0.0,0.0,0.0,0.0,0.0,0.0,0.0,0.0,0.0,0.0,0.0,0.0,0.0,0.0,0.0,0.0,0.0,0.0,0.0,0.0,0.0,0.0,0.0,0.0,0.0,0.0,0.0,0.0,0.0,0.0,0.0,0.0,0.0,0.0,0.0,0.0,0.0,0.0,0.0,0.0,0.0,0.0,0.0,0.0,0.0,0.0,0.0,0.0,0.0,0.0,0.0,0.0,0.0,0.0,0.0,0.0,0.0,0.0,0.0,0.0,0.0,0.0,0.0,0.0,0.0,0.0,0.0,0.0,0.0,0.0,0.0,0.0,0.0,0.0,0.0,0.0,0.0,0.0,0.0,0.0,0.0,0.0,0.0,0.0,0.0,0.0,0.0,0.0,0.0,0.0,0.0,0.0,0.0,0.0,0.0,0.0,0.0,0.0,0.0,0.0,0.0,0.0,0.0,0.0,0.0,0.0,0.0,0.0,0.0,0.0,0.0,0.0,0.0,0.0,0.0,0.0,0.0,0.0,0.0,0.0,0.0,0.0,0.0,0.0,0.0,0.0,0.0,0.0,0.0,0.0,0.0,0.0,0.0,0.0,0.0,0.0,0.0
ENCFF000VUM,0.0823331220745544,3279,29,342,3494,106,9050,477,45,28,36,65,270,413,860,1944,2774,335,37,468,515,17,54,9,6,4,82,77,362,2799,354,22,24,45,179,198,3,178,6,0,706,1103,5,70,11,6,46,547,2302,9,76,108,122,49,39,610,10,34,32,10,88,138,36,1333,22,32,18,6,4701,4534,662,117,70,122,541,16,122,46,75,78,22,97,114,352,49,56,322,0,111,42,0,124,49,5,121,125,1767,15657,1004,9,2621,3690,248,3303,97,67,453,126,147,0,250,659,669,12,433,2872,292,3535,80,330,297,803,143,4634,165,515,280,46,308,49,17,2797,1229,49,2608,852,1089,2546,19,474,284,89,317,4021,36,40,12,10,4,9,210,35,69,882,471,56,462,3556,378,34,102,113,107,267,417,348,530,8,16,6,88,1,208,84,231,162,4,3,74,78,109,1487,653,4092,224,2712,3196,1401,3336,1255,2706,15,2520,2960,912,890,2168,1751,593,81,20,74,7,64,86,22,6,0,6,409,32,4647,1221,1062,16,19706,3369,351,2605,2421,103,55,3677,1703,5673,583,3920,14,3976,6,28,100,43,29,80,20,330,224,2,81,111,56,97,49,261,137,18,28,386,280,183,247,146,31,59,76,55,34,45,50,100,486,131,39,156,217,193,1286,3030,46,212,292,146,66,40,51,107,53,12,722,46,77,508,33,132,53,371,112,116,74,99,25,66,42,248,241,90,101,69,237,117,71,103,90,379,2,1,43,63,61,28,1236,9,889,3,50,5,630,70,630,611,703,3,242,12,19,115,377,6325,57,175,213,112,6,231,28,43,60,1269,559,284,136,6,19,11,0,7,77,120,267,56,367,66,55,201,5053,30,185,11126,45,552,93,538,93,242,35,27,317,95,90,89,51,61,21,338,130,94,114,23,133,128,2333,12,927,238,2,2553,746,0,31,525,56,8,604,94,129,26,273,99,1618,351,56,107,95,36,122,63,122,89,5,113,5,176,7,8,24,39,56,90,66,3064,260,997,673,186,48,71,15,3271,8,1393,172,1140,127,30,286,3,2639,539,831,3911,210,1582,19,24,41,85,45,111,63,139,793,86,3,23,130,3,2,419,398,2,18,14,2379,3866,3038,795,3270,406,53,6715,8559,1300,3987,6319,7613,31,18,74,85,27,105,145,41,57,53,595,0.0,0.0,0.0,0.0,0.0,0.0,0.0,0.0,0.0,0.0,0.0,0.0,0.0,0.0,0.0,0.0,0.0,0.0,0.0,0.0,0.0,0.0,0.0,0.0,0.0,0.0,0.0,0.0,0.0,0.0,0.0,0.0,0.0,0.0,0.0,0.0,0.0,0.0,0.0,0.0,0.0,0.0,0.0,0.0,0.0,0.0,0.0,0.0,0.0,0.0,0.0,0.0,0.0,0.0,0.0,0.0,0.0,0.0,0.0,0.0,0.0,0.0,0.0,0.0,0.0,0.0,0.0,0.0,0.0,0.0,0.0,0.0,0.0,0.0,0.0,0.0,0.0,0.0,0.0,0.0,0.0,0.0,0.0,0.0,0.0,0.0,0.0,0.0,0.0,0.0,0.0,0.0,0.0,0.0,0.0,0.0,0.0,0.0,0.0,0.0,0.0,0.0,0.0,0.0,0.0,0.0,0.0,0.0,0.0,0.0,0.0,0.0,0.0,0.0,0.0,0.0,0.0,0.0,0.0,0.0,0.0,0.0,0.0,0.0,0.0,0.0,0.0,0.0,0.0,0.0,0.0,0.0,0.0,0.0,0.0,0.0,0.0,0.0,0.0,0.0,0.0,0.0,0.0,0.0,0.0,0.0,0.0,0.0,0.0,0.0
ENCFF598SBH,0.17952346356712998,165182,436,7039,63157,1876,355059,16272,787,1159,883,1388,7193,8734,22445,35123,93673,7682,1586,11867,12072,379,1773,117,215,195,2280,9101,8511,50522,10606,665,310,1233,4840,4329,155,5498,131,25,17612,27793,259,1503,177,117,1788,15206,35937,1261,2292,2837,3336,1158,932,15138,496,930,979,340,3055,3579,890,23228,694,716,2355,159,94295,104857,17692,2771,1758,4653,12631,859,3200,1576,1953,2173,562,2598,2942,8429,1365,1449,9324,67,2116,1553,59,2779,1655,149,2950,2609,31598,383126,22658,222,61550,87975,6283,75469,3026,1576,12856,3552,3568,99,6721,16638,16874,367,10202,78307,5994,122613,1079,4845,4055,18674,2220,161405,3295,13581,6177,1571,6321,1299,275,70094,29310,4653,46219,22145,28300,71491,1277,10451,9694,2962,10000,67792,685,1433,319,374,132,151,5682,1190,1193,23254,10420,1405,10434,66001,6533,1207,2877,3352,2582,7024,8657,7925,12856,193,468,201,2695,112,4063,1525,2756,4249,83,17,1400,2039,2544,32677,16899,100141,5829,69758,83059,32887,61517,34073,66390,885,62100,74315,24020,21842,55854,42647,12657,1967,1716,1773,128,1468,2452,513,223,105,211,8786,686,93235,24115,27610,670,429572,83391,8613,62037,46761,3060,1168,86366,38008,114668,10859,96149,285,97895,176,773,1777,201,772,2300,535,9927,7148,100,1697,2282,1570,2312,1180,5913,3746,511,588,13397,7807,5188,6699,3623,778,1863,1832,1007,937,708,909,3017,10938,2327,957,4068,6113,5351,19318,50725,5377,6065,7621,3261,1977,1514,1563,2333,1205,244,18004,1564,2734,12583,901,4201,1268,9955,2924,2492,1498,2460,505,1270,1249,6506,5297,1969,2306,2136,5757,3935,2780,1972,2647,10399,76,175,1127,1705,1382,1211,37335,627,21976,96,1026,241,17251,2257,17601,15240,17595,118,7716,732,347,3173,10723,165846,2033,5050,4983,2657,434,6277,869,1409,2491,37317,15647,8848,3696,238,450,253,56,252,1664,2959,6364,1551,9361,1529,1458,3728,106272,1305,5231,281078,1167,15369,2425,15158,10003,5774,879,3797,14394,2067,2501,2595,1016,1174,826,54952,3109,2391,2637,986,2950,3095,61281,367,28104,4886,77,62988,22055,40,759,12998,1991,249,17949,1993,3476,590,8194,2854,30814,5381,2195,2072,2763,1352,3144,2230,3108,1801,81,2525,112,4436,301,119,563,1469,967,1354,1675,58289,4245,17564,11822,3087,1249,1666,706,83606,480,37387,4142,28030,4028,612,7052,61,68495,13397,22350,96774,3984,30118,508,697,1061,2696,1297,2506,1841,3369,15492,2377,71,1492,2732,87,166,9589,10610,16,1457,568,62275,87650,69233,16841,79204,9838,1354,143488,204583,28541,88413,153712,181305,804,402,1804,1854,565,2211,2683,962,944,1618,15970,0.0,0.0,0.0,0.0,0.0,0.0,0.0,0.0,0.0,0.0,0.0,0.0,0.0,0.0,0.0,0.0,0.0,0.0,0.0,0.0,0.0,0.0,0.0,0.0,0.0,0.0,0.0,0.0,0.0,0.0,0.0,0.0,0.0,0.0,0.0,0.0,0.0,0.0,0.0,0.0,0.0,0.0,0.0,0.0,0.0,0.0,0.0,0.0,0.0,0.0,0.0,0.0,0.0,0.0,0.0,0.0,0.0,0.0,0.0,0.0,0.0,0.0,0.0,0.0,0.0,0.0,0.0,0.0,0.0,0.0,0.0,0.0,0.0,0.0,0.0,0.0,0.0,0.0,0.0,0.0,0.0,0.0,0.0,0.0,0.0,0.0,0.0,0.0,0.0,0.0,0.0,0.0,0.0,0.0,0.0,0.0,0.0,0.0,0.0,0.0,0.0,0.0,0.0,0.0,0.0,0.0,0.0,0.0,0.0,0.0,0.0,0.0,0.0,0.0,0.0,0.0,0.0,0.0,0.0,0.0,0.0,0.0,0.0,0.0,0.0,0.0,0.0,0.0,0.0,0.0,0.0,0.0,0.0,0.0,0.0,0.0,0.0,0.0,0.0,0.0,0.0,0.0,0.0,0.0,0.0,0.0,0.0,0.0,0.0,0.0
ENCFF000XWR,0.13772774327226525,43761,143,2642,25307,647,71654,4646,204,674,262,442,2225,3541,7320,12646,21777,2901,512,4966,5019,180,794,81,125,63,677,1425,2510,34516,3606,246,192,417,1456,1436,42,1659,33,10,6820,10827,68,624,21,42,545,4838,16487,180,454,821,1109,488,310,9726,145,329,369,107,734,1073,176,10899,356,398,407,35,39766,45471,9739,833,539,1128,76438,297,1066,421,605,683,166,756,1055,3601,327,378,2669,31,680,397,24,1290,137,22,1198,971,14532,148153,9285,79,25913,36633,2076,31965,1034,483,5773,1864,1567,19,2706,8324,7491,112,4105,41688,2605,37832,570,2265,1985,8099,997,51304,1124,5853,2770,778,2737,441,168,70485,11091,1043,20151,7196,202678,28468,237,3451,3303,1040,3307,39744,307,370,76,124,39,33,2159,338,524,9650,4751,738,4083,25724,2723,569,950,980,1003,2587,3752,3225,8134,61,136,68,779,32,1307,465,713,382,27,2,434,673,805,15618,6922,40345,1896,26747,29679,12194,28920,12264,24512,271,25704,29943,10769,8891,22965,17770,4970,736,342,708,51,382,712,224,91,91,163,3553,361,45083,10080,11228,342,174342,35899,2868,25025,20354,1118,447,34526,16107,46438,4360,42712,146,42844,130,300,566,53,228,788,323,3269,2471,21,543,743,511,716,348,2087,1267,966,195,4297,3140,1845,7746,982,264,570,564,297,285,241,816,876,4248,1004,324,1495,2032,1640,7057,11852,896,1933,4210,1106,644,491,505,762,396,558,6898,368,615,5344,285,1360,332,3666,927,806,444,676,408,406,432,1842,1845,629,725,606,3609,1296,646,647,761,2975,24,57,340,513,559,264,15349,119,10501,30,482,270,6002,928,7499,5907,6176,32,2385,140,208,1595,3671,53361,683,1875,2367,965,87,1969,198,200,698,12012,5617,2180,1336,68,410,136,20,55,532,1096,2273,490,3494,407,403,1029,36793,340,1539,115744,404,5638,751,4446,1576,2078,263,644,4317,642,831,938,329,370,254,7266,1056,762,913,394,913,1066,22830,89,8722,1862,25,27708,6944,65,319,5250,816,71,5566,624,1257,306,2646,898,17415,2381,643,655,947,393,1030,669,2401,745,23,1299,33,1563,152,12,170,460,270,682,650,17528,1934,6687,4612,1204,404,730,168,36425,193,13000,1469,11921,1452,270,2669,20,26711,5184,8732,41791,1090,13412,208,179,322,792,373,910,553,1232,6130,848,36,261,780,29,34,3903,4065,14,259,223,25363,34611,25555,5858,34290,3469,283,59704,77610,10935,34108,57130,72859,240,140,616,565,173,657,1223,208,377,555,6083,0.0,0.0,0.0,0.0,0.0,0.0,0.0,0.0,0.0,0.0,0.0,0.0,0.0,0.0,0.0,0.0,0.0,0.0,0.0,0.0,0.0,0.0,0.0,0.0,0.0,0.0,0.0,0.0,0.0,0.0,0.0,0.0,0.0,0.0,0.0,0.0,0.0,0.0,0.0,0.0,0.0,0.0,0.0,0.0,0.0,0.0,0.0,0.0,0.0,0.0,0.0,0.0,0.0,0.0,0.0,0.0,0.0,0.0,0.0,0.0,0.0,0.0,0.0,0.0,0.0,0.0,0.0,0.0,0.0,0.0,0.0,0.0,0.0,0.0,0.0,0.0,0.0,0.0,0.0,0.0,0.0,0.0,0.0,0.0,0.0,0.0,0.0,0.0,0.0,0.0,0.0,0.0,0.0,0.0,0.0,0.0,0.0,0.0,0.0,0.0,0.0,0.0,0.0,0.0,0.0,0.0,0.0,0.0,0.0,0.0,0.0,0.0,0.0,0.0,0.0,0.0,0.0,0.0,0.0,0.0,0.0,0.0,0.0,0.0,0.0,0.0,0.0,0.0,0.0,0.0,0.0,0.0,0.0,0.0,0.0,0.0,0.0,0.0,0.0,0.0,0.0,0.0,0.0,0.0,0.0,0.0,0.0,0.0,0.0,0.0
ENCFF969VSN,0.25582532243279027,46413,207,4967,118538,1785,254023,13912,873,1163,498,1056,8665,10355,20623,75079,102729,8092,1545,13360,8775,229,933,199,118,281,1820,298,10524,63506,6601,479,131,1044,7238,6230,62,5699,38,23,15340,19518,328,1104,181,60,1597,16260,79832,48,1585,3396,5517,732,352,8435,221,619,828,402,1454,4062,678,41934,7167,369,115,159,120256,100669,9609,4206,2849,3949,6557,438,4391,2026,3095,3492,907,3766,4130,6278,1598,2210,12007,25,3341,2196,21,2129,239,45,3143,3371,36472,364430,16112,183,44128,69201,7957,60032,4542,2470,7132,1897,1788,68,3977,11107,11396,1299,9443,42042,7602,115669,909,4316,4088,15502,2018,243878,4587,8606,3676,1130,3856,1428,423,41689,35414,331,168032,24200,16488,42248,81,11269,11110,4314,7326,117622,305,250,439,110,30,86,4484,607,752,17365,6628,917,8567,135927,11352,629,4460,15325,15262,7483,8464,7689,7523,81,359,157,3911,144,5527,2200,2242,503,33,37,1428,1261,4130,20779,11120,75506,5885,66653,65079,32410,114658,30837,68747,661,49988,63422,16367,14185,48491,29372,12993,2136,100,1014,1267,1917,3846,312,96,107,156,5999,1088,156607,28634,44778,1458,267875,78909,6736,60794,72345,1506,982,85031,39315,143107,11023,68951,290,57628,27,598,1279,160,1227,3764,423,11962,4964,19,2598,3134,2255,3591,1531,8882,4997,215,410,13314,8113,4476,3688,4815,1231,2551,2881,1428,1279,1028,501,4180,12075,4219,1373,4212,7716,7267,37068,167948,334,7351,4592,4455,3067,2405,2582,3709,1946,102,13454,1784,3748,10067,1302,4704,1794,8479,4034,3764,2226,3585,115,1992,1368,8128,7723,2977,3683,2903,4689,4698,3146,2939,3501,12035,18,55,1558,2599,621,572,22479,433,13531,25,694,104,13234,1125,10668,10330,17702,111,6295,214,189,3911,6315,260497,1072,3179,5691,1796,24,8876,493,1877,1464,33778,16908,8041,2476,283,462,227,33,149,2523,3092,3908,2200,6937,2052,1937,6020,200850,902,6016,189473,1911,12299,3669,19762,750,7757,1051,162,6712,2857,4073,4139,1349,1543,589,2276,4685,3810,4169,1218,4244,4604,47123,206,26143,3695,324,41139,9508,32,560,9780,1555,61,17573,3170,1457,256,10114,3978,53272,11276,785,2901,4347,1648,2868,3488,1522,2158,55,900,170,3950,192,94,431,340,2664,1785,2187,113685,4482,31654,14960,3850,1595,1873,763,45128,107,26644,4243,17305,3585,671,4713,49,55428,11168,17871,77562,9347,79988,708,726,1391,2977,1598,4112,2990,3725,19952,3830,61,289,3849,123,104,7848,6447,168,194,246,45702,75471,69206,15408,63250,7738,757,228917,171524,29575,84630,122992,145420,914,336,2656,2463,744,3364,1395,652,611,1254,13253,0.0,0.0,0.0,0.0,0.0,0.0,0.0,0.0,0.0,0.0,0.0,0.0,0.0,0.0,0.0,0.0,0.0,0.0,0.0,0.0,0.0,0.0,0.0,0.0,0.0,0.0,0.0,0.0,0.0,0.0,0.0,0.0,0.0,0.0,0.0,0.0,0.0,0.0,0.0,0.0,0.0,0.0,0.0,0.0,0.0,0.0,0.0,0.0,0.0,0.0,0.0,0.0,0.0,0.0,0.0,0.0,0.0,0.0,0.0,0.0,0.0,0.0,0.0,0.0,0.0,0.0,0.0,0.0,0.0,0.0,0.0,0.0,0.0,0.0,0.0,0.0,0.0,0.0,0.0,0.0,0.0,0.0,0.0,0.0,0.0,0.0,0.0,0.0,0.0,0.0,0.0,0.0,0.0,0.0,0.0,0.0,0.0,0.0,0.0,0.0,0.0,0.0,0.0,0.0,0.0,0.0,0.0,0.0,0.0,0.0,0.0,0.0,0.0,0.0,0.0,0.0,0.0,0.0,0.0,0.0,0.0,0.0,0.0,0.0,0.0,0.0,0.0,0.0,0.0,0.0,0.0,0.0,0.0,0.0,0.0,0.0,0.0,0.0,0.0,0.0,0.0,0.0,0.0,0.0,0.0,0.0,0.0,0.0,0.0,0.0
ENCFF002EBU,0.1746049092360999,52516,270,4208,37333,856,105279,6588,358,606,305,811,4173,5108,10793,23236,34204,3861,482,5292,6483,158,711,68,71,62,932,1959,4122,30608,4022,268,185,493,2309,2025,98,2096,29,76,8244,11795,87,654,81,57,610,6560,24168,222,632,1339,1810,446,331,7055,179,373,428,155,744,2033,613,14538,279,401,600,196,53451,53646,7090,1286,969,1690,6446,329,1497,735,964,1137,281,1303,1402,3964,618,706,4477,29,1067,662,21,1230,475,60,1809,1678,20906,184445,10533,129,29117,41202,2956,37180,1684,817,5279,1533,1587,25,2763,7192,7181,99,4921,32549,3179,40751,683,2519,2505,9144,1108,54858,1791,5966,2993,711,2666,453,144,31039,16286,1612,27550,10074,13270,29067,441,5283,2915,1484,4139,43008,287,468,147,158,43,33,2277,343,817,11158,4702,731,4964,40199,4164,469,1411,1250,991,3175,4255,3795,5493,85,135,44,1212,41,2214,790,1217,1776,52,7,768,796,1232,16924,7180,44685,2747,32924,36161,15736,35396,14724,32590,307,28611,34220,10475,9210,25516,18729,6448,1052,426,836,70,637,1117,184,71,30,39,4069,422,53776,13791,13139,256,216834,41063,4046,28826,27645,1062,1862,43126,19530,65911,5075,42085,190,42432,66,327,1080,346,433,1159,207,4499,2300,31,920,1179,826,1180,545,2935,1693,288,271,5314,3281,2419,2772,1612,437,860,861,478,490,379,552,1486,5762,1576,531,2446,2721,2626,12114,36287,1410,2820,3371,1590,1020,722,838,1229,671,134,7838,618,1033,5499,471,1829,565,4608,1380,1245,806,1182,253,645,616,3145,3003,1128,1252,931,2725,1840,1070,1051,1208,5016,23,33,546,845,483,442,14563,139,9712,17,572,64,6850,790,7066,6655,8150,33,2851,133,190,1272,4184,78194,687,2107,2358,1223,118,3407,225,471,694,17493,6879,4542,1451,38,174,107,21,54,857,1338,2691,687,4382,674,639,1973,52749,523,2631,133061,649,7563,1279,6461,2257,3039,404,985,5511,1012,1160,1230,501,543,257,10668,1433,1147,1277,526,1365,1555,26344,94,11685,2543,27,27577,8675,26,276,6291,751,77,7591,1106,1256,275,3576,1397,19513,4038,842,1072,1224,583,1495,1096,1232,835,19,1158,36,1835,98,70,180,597,366,811,802,34454,2441,11311,6394,1626,591,963,224,37826,202,15872,2129,12938,1416,396,2911,60,30246,7339,10455,45411,2792,18241,297,232,480,1227,615,1385,954,1780,8320,1314,51,340,1348,38,43,4145,4067,8,422,220,25997,46468,35159,8660,37257,4719,546,75041,100299,15431,47378,74740,85327,316,193,1009,925,299,1104,1369,377,538,738,7158,0.0,0.0,0.0,0.0,0.0,0.0,0.0,0.0,0.0,0.0,0.0,0.0,0.0,0.0,0.0,0.0,0.0,0.0,0.0,0.0,0.0,0.0,0.0,0.0,0.0,0.0,0.0,0.0,0.0,0.0,0.0,0.0,0.0,0.0,0.0,0.0,0.0,0.0,0.0,0.0,0.0,0.0,0.0,0.0,0.0,0.0,0.0,0.0,0.0,0.0,0.0,0.0,0.0,0.0,0.0,0.0,0.0,0.0,0.0,0.0,0.0,0.0,0.0,0.0,0.0,0.0,0.0,0.0,0.0,0.0,0.0,0.0,0.0,0.0,0.0,0.0,0.0,0.0,0.0,0.0,0.0,0.0,0.0,0.0,0.0,0.0,0.0,0.0,0.0,0.0,0.0,0.0,0.0,0.0,0.0,0.0,0.0,0.0,0.0,0.0,0.0,0.0,0.0,0.0,0.0,0.0,0.0,0.0,0.0,0.0,0.0,0.0,0.0,0.0,0.0,0.0,0.0,0.0,0.0,0.0,0.0,0.0,0.0,0.0,0.0,0.0,0.0,0.0,0.0,0.0,0.0,0.0,0.0,0.0,0.0,0.0,0.0,0.0,0.0,0.0,0.0,0.0,0.0,0.0,0.0,0.0,0.0,0.0,0.0,0.0
ENCFF001HPM,0.07482539318491072,31090,86,1942,17932,379,75517,4204,115,284,157,846,1562,2366,5405,9601,19482,1891,271,6066,5815,179,404,49,28,36,423,344,1604,12424,3065,163,115,266,959,798,22,1090,9,190,5833,6190,21,310,16,34,364,2971,10313,39,311,473,697,279,206,4827,88,204,211,73,464,744,285,6708,165,206,93,27,25692,25571,6077,529,314,661,2989,152,636,272,383,426,98,457,579,1911,206,247,1923,4,429,260,15,714,85,27,1224,615,7196,101028,6081,51,16194,28287,1618,22280,657,318,4331,1384,4201,16,3498,10896,10197,96,3875,23046,1421,15752,217,1051,1026,4869,444,22913,664,5204,3839,576,1564,216,64,23224,7140,919,14246,4676,8955,17296,82,2384,2747,585,1939,20758,269,166,138,59,21,14,1355,167,2977,8260,2718,355,1951,18821,1608,258,568,892,857,1699,7308,4462,3897,27,85,29,464,19,799,275,616,63985,13,5,243,501,554,9415,4360,27939,1201,17005,19339,9484,17100,8886,15310,157,18112,22177,6844,5492,18066,11058,3689,440,150,618,34,218,436,109,27,10,30,3463,174,20847,6776,6353,141,197723,20079,1934,15204,12760,698,985,21280,10855,31201,2338,33726,92,29295,16,157,910,53,133,493,106,2660,1196,680,307,458,316,426,190,1365,716,180,125,2362,2076,1095,2502,528,169,324,352,171,167,155,296,549,3457,578,168,996,1163,1092,5075,16804,264,1189,3052,665,437,333,285,422,241,109,4557,256,438,3046,155,809,174,2305,472,517,287,444,682,200,504,1147,1088,359,468,357,1334,760,412,395,384,1853,24,13,187,292,757,145,11215,53,9821,12,275,40,3491,478,7457,4721,4794,17,1689,47,111,949,2824,37088,359,1304,1194,565,23,1424,113,153,404,8944,6214,2035,811,32,96,51,8,24,326,587,1329,315,2006,249,235,793,26493,203,1047,73852,322,3211,469,2757,483,1375,144,253,2040,391,537,593,192,184,149,2250,635,469,510,769,563,657,15991,33,5508,1254,13,17963,3727,15,161,3264,414,34,3302,412,2105,172,1639,541,9799,2037,307,399,553,238,551,442,1085,408,11,535,14,1925,132,11,113,205,245,381,440,16104,986,4382,2561,552,280,1051,72,31436,52,9008,808,7034,779,196,1557,9,24110,5175,8403,38725,1180,9397,134,127,178,462,259,582,358,753,3762,495,24,121,443,14,15,2329,2474,1,102,109,14347,24842,18264,4097,20227,2418,388,42378,54977,8059,25791,40088,46449,186,124,389,336,101,416,1451,162,243,329,4832,0.0,0.0,0.0,0.0,0.0,0.0,0.0,0.0,0.0,0.0,0.0,0.0,0.0,0.0,0.0,0.0,0.0,0.0,0.0,0.0,0.0,0.0,0.0,0.0,0.0,0.0,0.0,0.0,0.0,0.0,0.0,0.0,0.0,0.0,0.0,0.0,0.0,0.0,0.0,0.0,0.0,0.0,0.0,0.0,0.0,0.0,0.0,0.0,0.0,0.0,0.0,0.0,0.0,0.0,0.0,0.0,0.0,0.0,0.0,0.0,0.0,0.0,0.0,0.0,0.0,0.0,0.0,0.0,0.0,0.0,0.0,0.0,0.0,0.0,0.0,0.0,0.0,0.0,0.0,0.0,0.0,0.0,0.0,0.0,0.0,0.0,0.0,0.0,0.0,0.0,0.0,0.0,0.0,0.0,0.0,0.0,0.0,0.0,0.0,0.0,0.0,0.0,0.0,0.0,0.0,0.0,0.0,0.0,0.0,0.0,0.0,0.0,0.0,0.0,0.0,0.0,0.0,0.0,0.0,0.0,0.0,0.0,0.0,0.0,0.0,0.0,0.0,0.0,0.0,0.0,0.0,0.0,0.0,0.0,0.0,0.0,0.0,0.0,0.0,0.0,0.0,0.0,0.0,0.0,0.0,0.0,0.0,0.0,0.0,0.0
ENCFF162RIY,0.05784393788662848,53077,759,1308,8054,86,10197,1763,47,62,74,217,694,494,1381,4608,2885,606,73,1145,1245,41,148,26,14,8,240,4435,699,6007,728,43,227,193,346,318,136,400,7,33,1930,2139,44,196,25,259,118,1214,5597,680,103,263,286,92,129,1730,39,57,94,40,119,405,74,3532,107,316,1122,51,11151,10067,1748,245,141,1021,1534,52,271,95,147,180,43,199,221,731,86,99,755,7,162,84,5,240,87,14,247,248,4114,35240,2224,36,6035,8830,527,7747,285,117,1217,423,442,5,917,1912,2028,36,1245,6947,398,5240,67,320,368,1801,112,8450,282,1297,610,170,578,68,33,6507,1686,2381,4522,1469,4953,5419,760,969,571,253,1327,8471,107,669,25,27,8,4,407,67,253,2288,918,126,888,8357,646,62,240,492,552,634,781,690,1847,40,26,12,174,1,365,112,316,11662,93,7,330,177,206,3403,1403,11032,430,5444,6880,3218,7051,3062,5960,23,6387,7470,2990,1874,5663,4032,1750,209,939,186,199,95,154,35,9,9,15,900,55,8454,2443,1293,61,106618,8198,1194,5692,5314,272,183,8803,4345,13183,529,9815,53,9521,7,71,295,47,43,206,109,878,475,17,117,185,107,165,86,530,302,264,49,932,645,442,859,225,58,115,145,71,69,44,175,212,1312,243,76,329,507,487,2377,12131,2802,465,1023,234,171,115,112,178,97,88,1770,83,129,1196,65,289,74,957,205,191,108,177,382,83,233,428,481,184,200,131,575,272,170,147,175,807,1,7,52,104,263,63,2989,24,2266,6,107,37,1290,193,1706,1477,1619,4,553,14,48,206,810,14284,360,795,533,224,238,579,24,69,194,3497,1431,836,248,6,54,27,2,8,116,185,563,148,944,106,80,274,10409,254,418,26225,187,1065,177,1025,4483,523,56,1772,4623,170,213,235,69,67,93,20658,267,199,243,144,239,254,4864,11,2011,522,20,6184,1486,10,47,1603,156,11,1462,166,519,59,653,196,4282,612,680,195,214,84,224,159,352,194,12,272,8,431,52,43,22,517,149,115,171,6743,202,1702,1010,191,100,276,38,8550,429,3255,1027,2463,265,79,566,16,6684,1274,2414,10766,881,4130,138,37,74,446,567,204,148,496,1437,188,6,410,196,6,13,788,764,3,982,72,5087,9384,7138,1745,7505,895,140,15625,20124,2954,8751,15038,17654,48,30,149,136,29,185,324,97,99,144,1396,0.0,0.0,0.0,0.0,0.0,0.0,0.0,0.0,0.0,0.0,0.0,0.0,0.0,0.0,0.0,0.0,0.0,0.0,0.0,0.0,0.0,0.0,0.0,0.0,0.0,0.0,0.0,0.0,0.0,0.0,0.0,0.0,0.0,0.0,0.0,0.0,0.0,0.0,0.0,0.0,0.0,0.0,0.0,0.0,0.0,0.0,0.0,0.0,0.0,0.0,0.0,0.0,0.0,0.0,0.0,0.0,0.0,0.0,0.0,0.0,0.0,0.0,0.0,0.0,0.0,0.0,0.0,0.0,0.0,0.0,0.0,0.0,0.0,0.0,0.0,0.0,0.0,0.0,0.0,0.0,0.0,0.0,0.0,0.0,0.0,0.0,0.0,0.0,0.0,0.0,0.0,0.0,0.0,0.0,0.0,0.0,0.0,0.0,0.0,0.0,0.0,0.0,0.0,0.0,0.0,0.0,0.0,0.0,0.0,0.0,0.0,0.0,0.0,0.0,0.0,0.0,0.0,0.0,0.0,0.0,0.0,0.0,0.0,0.0,0.0,0.0,0.0,0.0,0.0,0.0,0.0,0.0,0.0,0.0,0.0,0.0,0.0,0.0,0.0,0.0,0.0,0.0,0.0,0.0,0.0,0.0,0.0,0.0,0.0,0.0
ENCFF545WZD,0.09737006427848609,264736,98,5046,39089,481,144362,10524,911,408,279,792,8219,2281,6212,28703,22101,2543,1005,5728,7634,150,804,33,131,105,2709,21466,8140,37725,6017,179,115,779,5327,4827,62,5073,44,10,10245,12570,154,381,237,41,1061,12640,29781,1023,1315,3685,4059,218,407,7118,138,475,257,210,1320,4532,533,13454,412,353,5716,306,50962,59737,6075,3268,2028,4691,6702,87,3764,1732,2045,2392,755,3357,3316,4009,1210,2157,9724,38,2466,2123,24,1083,1754,58,1889,1499,17421,209978,10642,208,28369,47865,7179,40839,3480,2030,4301,1705,2383,42,4639,9554,9933,107,7577,52853,1849,52279,197,1166,1520,9300,518,78301,3201,7711,3114,391,2505,284,94,33619,5320,6733,26534,8369,12856,34575,2643,8872,5343,3016,5407,45847,322,1378,64,162,163,29,2209,621,898,15004,4417,380,6330,41904,3912,271,3687,730,465,3753,4823,4790,7764,81,204,70,2883,76,3705,1610,8831,1294,44,54,1300,741,3332,15721,7768,53095,5036,29221,43315,20502,45237,26840,48839,242,35699,46429,11548,13183,38289,22683,6767,1549,1205,959,81,2123,3398,189,90,50,55,6212,210,61926,12767,6699,560,221056,49163,6802,28190,22715,1157,804,43472,20085,64946,2027,43519,138,40578,209,279,1392,72,873,2605,434,10346,2996,65,2167,1893,1818,3162,1666,6475,3091,571,352,9757,7251,3534,3891,4771,953,2855,2260,1364,932,683,541,2884,6473,1858,1151,2822,5791,4603,16720,92987,19933,6111,4992,2798,2349,1739,1909,2700,1567,318,11054,1614,4682,8190,1022,3475,1599,7387,5044,2937,2861,2933,688,1331,1089,7292,5211,2789,2302,2284,4064,4190,3232,1801,3244,7143,82,72,1199,2423,851,849,16020,256,12507,47,236,133,8226,772,9336,8982,12190,100,3465,254,86,1800,4486,95982,1682,2546,5471,1695,312,5103,128,741,1843,32853,8283,8730,1670,125,212,152,40,177,1768,1608,3219,1777,7753,1832,1232,2164,59138,396,4348,144322,1086,8652,2974,15376,23418,4734,903,3191,11695,2262,2842,3022,1004,766,144,167933,3925,2919,2785,1084,2835,3269,34551,95,27189,1519,35,37114,15723,30,603,8461,1292,150,15020,2114,1629,253,8037,2827,26389,3083,2852,2315,3043,1794,1981,2592,1587,1332,76,1638,153,3980,167,574,73,1375,221,265,1030,41241,1402,12957,6151,865,981,913,294,32021,1219,17560,3312,11606,1634,56,3137,22,48630,9018,17268,63168,2859,24653,292,298,1091,3030,1662,2510,2388,2906,9698,2735,17,187,2998,32,78,3234,3327,11,1182,361,32359,64175,52671,12436,40412,6544,920,83987,129449,19465,60550,103509,108194,177,84,1831,1938,827,2588,932,600,268,1023,9823,0.0,0.0,0.0,0.0,0.0,0.0,0.0,0.0,0.0,0.0,0.0,0.0,0.0,0.0,0.0,0.0,0.0,0.0,0.0,0.0,0.0,0.0,0.0,0.0,0.0,0.0,0.0,0.0,0.0,0.0,0.0,0.0,0.0,0.0,0.0,0.0,0.0,0.0,0.0,0.0,0.0,0.0,0.0,0.0,0.0,0.0,0.0,0.0,0.0,0.0,0.0,0.0,0.0,0.0,0.0,0.0,0.0,0.0,0.0,0.0,0.0,0.0,0.0,0.0,0.0,0.0,0.0,0.0,0.0,0.0,0.0,0.0,0.0,0.0,0.0,0.0,0.0,0.0,0.0,0.0,0.0,0.0,0.0,0.0,0.0,0.0,0.0,0.0,0.0,0.0,0.0,0.0,0.0,0.0,0.0,0.0,0.0,0.0,0.0,0.0,0.0,0.0,0.0,0.0,0.0,0.0,0.0,0.0,0.0,0.0,0.0,0.0,0.0,0.0,0.0,0.0,0.0,0.0,0.0,0.0,0.0,0.0,0.0,0.0,0.0,0.0,0.0,0.0,0.0,0.0,0.0,0.0,0.0,0.0,0.0,0.0,0.0,0.0,0.0,0.0,0.0,0.0,0.0,0.0,0.0,0.0,0.0,0.0,0.0,0.0
ENCFF690DBL,0.19516702086181995,21702,109,1917,54513,827,623584,7568,426,274,213,377,4091,2797,7271,33906,66374,2197,558,4618,4053,86,443,51,76,74,1126,225,4335,38855,2839,108,44,449,3180,2676,37,2897,13,3,6397,8009,75,388,50,30,727,7385,51397,27,770,1931,2338,226,145,3295,79,269,232,127,594,1874,442,27097,270,1029,72,25,57482,35842,3431,1975,1198,2129,3102,136,2111,966,1287,1466,401,1809,1839,2497,670,1145,5450,16,1433,1239,23,726,139,30,906,1393,20198,145016,7504,114,18886,28574,3741,24324,2031,1122,2755,723,913,19,1942,4526,5039,306,4087,21651,2692,46841,341,1733,1717,6192,819,84465,2094,4144,1542,240,1441,149,186,17629,7231,127,45405,9134,7488,17290,28,5048,4391,1798,2916,66685,811,94,118,70,51,76,1672,269,223,8075,2507,328,3193,59264,5285,218,2079,2003,1811,2448,3681,3678,3536,25,94,44,1706,44,2142,1090,925,216,19,17,699,485,1862,8242,4390,32040,2809,26534,32855,14737,45562,14295,27592,332,19750,25315,6299,6067,19713,12944,4996,934,43,605,43,1068,1805,84,37,46,64,2796,184,50685,12557,18077,526,134108,35301,3301,22054,40546,762,357,34391,17269,68344,3897,25219,57,23462,16,210,447,21,506,1525,206,5224,1991,5,1177,1217,1005,1639,696,3843,2116,52,157,5979,3725,1920,1658,2523,583,1252,1280,716,519,412,160,1925,4371,1284,687,1573,3366,2882,18132,32270,236,3426,2128,1796,1352,1087,1099,1592,888,25,6135,892,2069,4560,579,2114,840,3931,2112,1672,1153,1593,97,776,617,3755,3235,1367,1522,1260,2238,2253,1768,1179,1841,4807,20,31,731,1221,362,409,9785,206,6490,21,536,46,5484,523,5197,5388,7306,16,2469,71,36,2408,2130,111357,374,1614,2735,954,26,3384,124,262,1046,18327,6226,3221,1085,83,96,104,24,44,1031,1447,1513,1041,2948,1069,799,2587,92743,332,2490,80710,699,5339,1581,9241,492,3272,477,88,2762,1332,1766,1858,630,563,174,1597,2188,1632,1826,629,1746,1936,19554,20,14186,1111,21,18488,5644,35,314,4569,875,20,8113,1236,506,119,4693,1608,33073,5324,278,1149,1862,883,1306,1504,665,1121,24,524,45,2078,229,78,109,90,1508,462,891,45138,1694,11675,6094,1140,557,665,436,18715,60,11644,1695,6953,1553,159,2051,15,25687,4574,8458,33275,1544,21546,263,460,616,1538,754,1570,1359,1490,8828,1638,26,128,1725,23,42,2489,2270,41,49,51,19002,33251,27201,7101,24390,3386,2024,63945,70390,12271,33907,54217,59694,387,93,1144,1006,405,1401,493,295,173,610,6021,0.0,0.0,0.0,0.0,0.0,0.0,0.0,0.0,0.0,0.0,0.0,0.0,0.0,0.0,0.0,0.0,0.0,0.0,0.0,0.0,0.0,0.0,0.0,0.0,0.0,0.0,0.0,0.0,0.0,0.0,0.0,0.0,0.0,0.0,0.0,0.0,0.0,0.0,0.0,0.0,0.0,0.0,0.0,0.0,0.0,0.0,0.0,0.0,0.0,0.0,0.0,0.0,0.0,0.0,0.0,0.0,0.0,0.0,0.0,0.0,0.0,0.0,0.0,0.0,0.0,0.0,0.0,0.0,0.0,0.0,0.0,0.0,0.0,0.0,0.0,0.0,0.0,0.0,0.0,0.0,0.0,0.0,0.0,0.0,0.0,0.0,0.0,0.0,0.0,0.0,0.0,0.0,0.0,0.0,0.0,0.0,0.0,0.0,0.0,0.0,0.0,0.0,0.0,0.0,0.0,0.0,0.0,0.0,0.0,0.0,0.0,0.0,0.0,0.0,0.0,0.0,0.0,0.0,0.0,0.0,0.0,0.0,0.0,0.0,0.0,0.0,0.0,0.0,0.0,0.0,0.0,0.0,0.0,0.0,0.0,0.0,0.0,0.0,0.0,0.0,0.0,0.0,0.0,0.0,0.0,0.0,0.0,0.0,0.0,0.0
ENCFF752GHJ,0.16616876473931655,1551126,6308,14820,126174,1013,180778,25047,651,991,681,2278,7382,6658,15262,66374,49601,7076,1240,14633,14130,630,1886,232,167,169,1905,136047,6680,73555,9927,705,4074,1886,3722,3061,3502,4530,96,265,21054,29504,108,1697,85,1869,1619,13104,62645,12458,1248,1750,2758,1257,1136,24603,451,913,1030,474,1963,4082,432,43520,1579,1915,33476,516,120988,117527,26309,2159,1224,27910,31567,797,2485,963,1507,1764,404,1810,2323,9941,857,973,7320,40,1716,900,48,3432,668,116,3306,2434,46349,435571,28591,278,76008,114254,5483,98223,2426,1134,16313,5647,6512,51,11306,24794,24193,648,10581,86084,4204,43920,578,2279,3351,21003,1097,88206,2465,15950,7745,2447,8204,857,462,118447,22965,71041,70166,14908,149788,76479,21727,9811,7999,2412,22879,134605,2587,19748,238,306,125,144,6028,747,2820,25285,12518,1670,11414,125987,6208,1290,2279,4793,4205,8099,10779,9322,27211,159,380,105,1851,53,3404,1064,3999,8800,1978,21,8381,2199,2159,41645,18381,148410,4790,65543,78907,33606,98177,33879,62575,623,73313,85663,33626,24964,64684,49396,16986,1996,28731,2030,224,977,1673,548,195,113,277,10099,625,116568,23836,20244,755,1058149,88171,21533,70372,62733,3021,2044,93578,45015,135947,5678,123931,530,122729,181,1280,2705,924,526,1833,1198,8537,7440,239,1170,1723,1063,1755,737,5049,2904,3616,594,10468,7489,4761,9187,2355,555,1224,1400,656,592,573,2219,2022,12239,2376,697,4242,4793,4727,19876,72508,77867,4750,11466,2792,1741,1314,1172,1789,947,1391,22875,939,1542,17696,714,3829,728,9976,1885,2013,1081,1791,2585,845,3423,4702,4675,1443,1769,1360,6829,2978,1454,1451,1694,8157,66,75,695,1181,1591,458,39577,335,29038,45,1336,1777,20611,2495,19880,16596,17440,63,6966,197,521,3794,11250,153860,8717,13541,5554,2820,6916,6045,546,769,2127,35806,16306,10788,3868,214,3781,281,54,128,1247,3722,6682,1339,10129,912,937,2734,150510,9008,4338,335565,1704,14734,1879,11240,149139,5875,574,51873,134823,1372,2086,2164,675,803,2200,684835,2419,1889,2207,1154,2278,2521,66164,200,24598,5864,159,87758,18227,106,763,15739,2212,153,15296,1516,9568,903,6942,2278,76085,5696,22230,1481,2266,807,2430,1694,4297,2420,86,2823,50,4615,1757,71,536,13255,1613,1187,1843,75315,2300,15553,9068,1642,1251,2530,466,102244,10258,43249,25483,32771,3767,805,7406,152,76362,14159,24275,129934,4810,67116,2327,1356,677,10410,4324,2289,1340,3932,17423,2110,145,11747,1898,80,119,11275,11126,46,24330,487,71051,101055,72605,17110,92179,11302,2274,188854,240847,31123,104365,173195,209295,724,508,1336,1269,411,1636,5416,846,1110,1886,15915,0.0,0.0,0.0,0.0,0.0,0.0,0.0,0.0,0.0,0.0,0.0,0.0,0.0,0.0,0.0,0.0,0.0,0.0,0.0,0.0,0.0,0.0,0.0,0.0,0.0,0.0,0.0,0.0,0.0,0.0,0.0,0.0,0.0,0.0,0.0,0.0,0.0,0.0,0.0,0.0,0.0,0.0,0.0,0.0,0.0,0.0,0.0,0.0,0.0,0.0,0.0,0.0,0.0,0.0,0.0,0.0,0.0,0.0,0.0,0.0,0.0,0.0,0.0,0.0,0.0,0.0,0.0,0.0,0.0,0.0,0.0,0.0,0.0,0.0,0.0,0.0,0.0,0.0,0.0,0.0,0.0,0.0,0.0,0.0,0.0,0.0,0.0,0.0,0.0,0.0,0.0,0.0,0.0,0.0,0.0,0.0,0.0,0.0,0.0,0.0,0.0,0.0,0.0,0.0,0.0,0.0,0.0,0.0,0.0,0.0,0.0,0.0,0.0,0.0,0.0,0.0,0.0,0.0,0.0,0.0,0.0,0.0,0.0,0.0,0.0,0.0,0.0,0.0,0.0,0.0,0.0,0.0,0.0,0.0,0.0,0.0,0.0,0.0,0.0,0.0,0.0,0.0,0.0,0.0,0.0,0.0,0.0,0.0,0.0,0.0
ENCFF632CZW,0.13137312596713321,5963272,185013,2323,480,0,57998,5261,73,134,86,10581,690,430,233,33,23,894,410,2176,3498,149,771,146,74,10,263,171753,1129,101,4077,472,240,370,456,386,9,623,0,0,11733,8088,8,107,3,22393,136,2475,22,47789,430,309,321,163,643,584756,10,194,51,0,603,363,1,13,5,0,21141,0,38719,115554,45181,259,164,2479,9243,61,273,137,185,235,51,284,264,2167,101,156,1035,77,178,433,0,1884,0,0,1661,99,13,190855,8985,20,135669,28153,497,24390,328,212,4494,1033,1005,0,94213,40174,10539,49,4617,113021,51,4401,2,0,173,4014,0,107,215,6138,2656,350,2129,102,4,27723,1059,79360,42,3088,20286,72088,8794,9196,475,303,8513,794,63,34076,0,50,62,7,1527,378,132,7380,4699,275,1491,489,133,1323,354,429,270,1148,1613,1927,62804,36,4,28,255,0,323,143,2577,2215,0,0,120,166,254,21129,6126,92739,1028,9204,18630,7419,5909,9207,13658,44,32736,34084,18743,14624,49004,229047,5745,812,1317,32,5,114,424,79,2,12,0,4862,4,6290,3719,8,1,12203843,16231,5751,26602,463,641,1763,18732,15584,10048,33,51459,2,39762,174,209,1587,0,90,225,394,1637,3081,56,176,157,135,248,129,628,249,9487,26,3453,7425,970,11916,411,74,236,161,95,120,68,3964,241,2379,463,101,423,698,339,768,179,326053,954,24857,647,165,152,165,225,90,1839,18813,213,557,3635,77,898,191,2106,407,277,181,239,61,140,489,719,470,210,239,212,2346,1011,225,130,293,1180,43,350,129,185,306,0,35418,0,22856,49,196,2,3100,418,24267,9895,3609,0,2308,19,5,2,2990,7680,5173,1962,26272,804,177,569,21,97,1255,9464,2101,750,1377,15,749,3,0,0,124,1,1076,145,946,135,151,278,150,10034,566,84992,22282,4223,198,3741,183587,1041,255,31081,71511,197,249,216,67,58,82,2494588,372,243,236,210,295,291,14607,14,7121,6426,7,102198,13016,0,265,2083,3172,0,2470,203,357,223,1670,404,346,137,50244,236,259,150,339,208,2339,0,0,2324,16,922,767,8,30,21627,359,19,47,615,3,949,376,21,342,528,2,84143,14398,12244,1607,7751,799,10,3178,0,43853,4260,3292,84401,252,548,37,0,75,344,38591,186,194,413,223,169,0,833,233,0,0,8244,3566,0,17477,512,18504,19399,15451,2713,19422,13616,140,27578,95466,4992,14264,82839,44882,16,123,178,146,101,192,759,145,1114,354,4511,0.0,0.0,0.0,0.0,0.0,0.0,0.0,0.0,0.0,0.0,0.0,0.0,0.0,0.0,0.0,0.0,0.0,0.0,0.0,0.0,0.0,0.0,0.0,0.0,0.0,0.0,0.0,0.0,0.0,0.0,0.0,0.0,0.0,0.0,0.0,0.0,0.0,0.0,0.0,0.0,0.0,0.0,0.0,0.0,0.0,0.0,0.0,0.0,0.0,0.0,0.0,0.0,0.0,0.0,0.0,0.0,0.0,0.0,0.0,0.0,0.0,0.0,0.0,0.0,0.0,0.0,0.0,0.0,0.0,0.0,0.0,0.0,0.0,0.0,0.0,0.0,0.0,0.0,0.0,0.0,0.0,0.0,0.0,0.0,0.0,0.0,0.0,0.0,0.0,0.0,0.0,0.0,0.0,0.0,0.0,0.0,0.0,0.0,0.0,0.0,0.0,0.0,0.0,0.0,0.0,0.0,0.0,0.0,0.0,0.0,0.0,0.0,0.0,0.0,0.0,0.0,0.0,0.0,0.0,0.0,0.0,0.0,0.0,0.0,0.0,0.0,0.0,0.0,0.0,0.0,0.0,0.0,0.0,0.0,0.0,0.0,0.0,0.0,0.0,0.0,0.0,0.0,0.0,0.0,0.0,0.0,0.0,0.0,0.0,0.0
ENCFF000BNM,0.11240272077446793,12474,80,1761,13811,557,55380,2222,127,284,128,414,1754,2892,5322,7286,16964,1918,417,1938,2653,83,319,77,62,24,380,23,1501,14302,1597,136,64,231,804,704,13,821,19,31,3700,4817,26,359,21,20,193,2574,8485,6,212,451,625,231,195,2948,85,148,176,50,344,917,146,6886,342,176,14,122,22214,22811,2943,446,291,532,1944,120,535,239,314,381,111,472,486,1680,241,230,1636,13,379,213,11,609,68,10,1129,615,6889,76762,4134,79,12133,16743,1078,16505,1081,263,2171,672,685,17,1231,3236,3110,29,2239,14805,1682,23500,490,2003,1522,3983,900,29450,666,2870,1220,464,1191,199,76,11681,8868,34,9930,4478,4799,12546,8,2240,1096,452,1652,15149,149,87,68,74,24,15,981,125,436,4474,1859,334,1536,13999,1536,230,434,267,305,1218,1567,1421,2464,42,140,25,447,13,788,319,1135,1711,5,1,215,310,378,8799,3013,21319,1032,15640,16593,6200,14294,5973,13226,127,12147,14090,7034,3751,10351,7896,2369,391,11,351,60,189,367,79,72,15,96,2028,201,14782,5580,6410,88,80513,15855,1372,11998,12709,516,1420,16859,7220,26094,3390,17624,74,17705,33,142,668,406,131,401,71,1505,919,6,282,396,258,374,206,976,572,120,103,1951,1275,841,1146,539,168,345,285,137,187,130,230,585,2262,572,177,1195,1036,928,5197,13517,53,1021,1521,610,327,243,225,372,236,46,2881,213,379,2227,162,676,204,1750,508,434,290,389,47,237,226,1079,1101,376,420,290,1019,647,336,375,406,1777,19,29,180,249,324,224,6245,45,4196,28,232,52,2597,271,2931,3112,3130,10,1152,104,95,442,1636,33441,218,779,862,434,8,1117,72,105,228,7234,2504,2361,601,31,140,63,4,34,292,287,1049,214,1490,290,186,545,20451,165,1027,55838,203,4075,380,2069,83,1012,129,24,1464,365,340,366,252,183,105,309,472,361,400,174,520,517,10999,78,4444,1026,12,11203,2882,14,114,2663,224,60,2903,325,504,121,1281,479,7105,1541,219,356,389,242,513,338,651,175,12,508,20,883,105,78,67,170,77,488,289,16264,1737,4248,3476,965,222,568,56,16936,22,5884,675,6005,536,170,1253,40,11493,4020,4033,18140,1124,8081,88,45,200,384,194,454,284,640,2365,399,19,72,507,8,11,1697,1671,1,57,98,9159,15773,12730,2822,13456,1813,90,32549,35867,5960,16140,28485,32159,141,93,320,308,94,348,556,153,226,292,2972,0.0,0.0,0.0,0.0,0.0,0.0,0.0,0.0,0.0,0.0,0.0,0.0,0.0,0.0,0.0,0.0,0.0,0.0,0.0,0.0,0.0,0.0,0.0,0.0,0.0,0.0,0.0,0.0,0.0,0.0,0.0,0.0,0.0,0.0,0.0,0.0,0.0,0.0,0.0,0.0,0.0,0.0,0.0,0.0,0.0,0.0,0.0,0.0,0.0,0.0,0.0,0.0,0.0,0.0,0.0,0.0,0.0,0.0,0.0,0.0,0.0,0.0,0.0,0.0,0.0,0.0,0.0,0.0,0.0,0.0,0.0,0.0,0.0,0.0,0.0,0.0,0.0,0.0,0.0,0.0,0.0,0.0,0.0,0.0,0.0,0.0,0.0,0.0,0.0,0.0,0.0,0.0,0.0,0.0,0.0,0.0,0.0,0.0,0.0,0.0,0.0,0.0,0.0,0.0,0.0,0.0,0.0,0.0,0.0,0.0,0.0,0.0,0.0,0.0,0.0,0.0,0.0,0.0,0.0,0.0,0.0,0.0,0.0,0.0,0.0,0.0,0.0,0.0,0.0,0.0,0.0,0.0,0.0,0.0,0.0,0.0,0.0,0.0,0.0,0.0,0.0,0.0,0.0,0.0,0.0,0.0,0.0,0.0,0.0,0.0
ENCFF649YXQ,0.12356700657919986,498706,18335,549,611,0,1284,416,16,88,13,274,158,69,33,6,3,207,59,469,402,6,97,0,37,0,28,144854,298,24,332,27,38,44,135,119,23,242,0,0,748,1042,17,7,3,1298,33,421,6,1559,82,118,65,31,25,13462,2,28,10,0,163,61,0,0,0,1,9106,0,2718,10610,1567,67,48,298,1153,10,101,20,54,82,10,59,96,242,15,23,210,10,48,36,18,109,0,0,199,27,3,15894,865,7,8860,3319,199,3219,156,33,375,110,110,0,3586,1143,639,47,490,9918,8,815,0,0,18,841,0,25,45,654,221,72,188,10,0,3161,149,137613,31,42,1600,6559,3120,672,72,87,966,131,7,4689,0,16,0,0,141,47,16,869,390,23,212,214,15,101,93,58,29,193,250,314,1882,2,0,17,54,0,65,30,10130,108,0,0,40,28,87,7493,607,12026,165,1447,2002,1324,1731,2526,1993,8,3444,4098,1019,1508,3377,12790,369,55,1433,9,1,57,89,12,0,1,0,470,0,876,421,0,0,1068386,2060,767,1900,100,65,49,2099,989,1465,1,5107,1,4034,1,5,70,0,17,91,20,351,288,0,32,35,42,85,15,216,65,455,1,912,377,162,5596,86,45,35,70,18,12,7,148,77,423,55,17,109,174,121,201,48,214985,184,900,70,69,53,47,68,29,86,760,17,78,473,24,221,31,324,86,80,36,50,8,17,45,130,104,51,59,27,325,141,53,32,72,183,4,4,24,41,56,0,3498,0,2328,8,13,1,390,43,1819,791,524,0,202,4,1,0,266,2645,1474,287,1391,163,0,148,1,1,154,869,215,148,103,2,90,1,0,0,45,0,455,61,522,37,14,17,173,167,141,13318,488,733,79,519,90871,152,17,1841,9431,45,105,98,10,15,10,189717,131,99,91,40,64,90,2091,19,1169,232,0,4592,1105,0,40,343,98,0,406,64,50,11,367,66,43,9,44836,22,76,23,62,64,177,523,0,202,1,132,11,2,7,41131,17,0,3,103,0,192,74,0,54,131,0,3917,35073,1880,71,1025,112,1,331,0,6899,328,482,4049,63,86,16,0,13,35,2081,58,67,53,12,66,0,29,54,0,0,451,291,0,34117,10,2967,2686,2432,379,2601,586,24,4038,9305,994,2310,8050,6424,5,10,29,39,19,51,160,37,100,40,532,0.0,0.0,0.0,0.0,0.0,0.0,0.0,0.0,0.0,0.0,0.0,0.0,0.0,0.0,0.0,0.0,0.0,0.0,0.0,0.0,0.0,0.0,0.0,0.0,0.0,0.0,0.0,0.0,0.0,0.0,0.0,0.0,0.0,0.0,0.0,0.0,0.0,0.0,0.0,0.0,0.0,0.0,0.0,0.0,0.0,0.0,0.0,0.0,0.0,0.0,0.0,0.0,0.0,0.0,0.0,0.0,0.0,0.0,0.0,0.0,0.0,0.0,0.0,0.0,0.0,0.0,0.0,0.0,0.0,0.0,0.0,0.0,0.0,0.0,0.0,0.0,0.0,0.0,0.0,0.0,0.0,0.0,0.0,0.0,0.0,0.0,0.0,0.0,0.0,0.0,0.0,0.0,0.0,0.0,0.0,0.0,0.0,0.0,0.0,0.0,0.0,0.0,0.0,0.0,0.0,0.0,0.0,0.0,0.0,0.0,0.0,0.0,0.0,0.0,0.0,0.0,0.0,0.0,0.0,0.0,0.0,0.0,0.0,0.0,0.0,0.0,0.0,0.0,0.0,0.0,0.0,0.0,0.0,0.0,0.0,0.0,0.0,0.0,0.0,0.0,0.0,0.0,0.0,0.0,0.0,0.0,0.0,0.0,0.0,0.0
ENCFF124FJO,0.1313359096797584,89995,103,1699,23794,246,104134,8917,408,307,208,874,4645,1431,4108,13436,15293,2237,828,4247,6472,162,738,80,217,164,2151,4405,3709,15225,4228,171,37,504,2592,2282,28,2698,51,6,7906,8924,64,214,72,11,746,6602,11884,294,1178,1565,1663,168,357,5480,110,463,524,351,1666,2793,135,4969,511,202,1181,363,25854,40696,5396,1566,873,2187,5826,122,1682,723,922,1073,282,1511,1786,2361,496,839,4311,52,1099,980,13,1007,429,80,1226,662,7871,144708,8940,218,25533,33817,3523,29774,1811,948,3550,1391,1757,48,3307,7590,8971,146,5664,33255,1296,23489,137,617,804,5840,270,34014,1463,8513,2588,327,1994,167,148,26527,3525,1866,9247,5107,12779,25486,122,4680,4739,1513,3355,21774,346,359,47,422,96,81,1769,420,1099,12661,3808,302,3564,23775,1646,227,1808,1025,562,2551,4608,5472,7046,101,233,49,1304,88,1433,659,770,291,13,20,527,496,1535,11163,5728,39557,2763,18997,29629,12181,21667,13940,24755,158,22664,28319,10189,9428,24285,17635,3919,1179,413,701,32,923,1460,188,88,21,85,4888,183,25497,8303,6259,569,174662,37216,4152,24154,11077,1184,688,29141,16615,38194,2797,46134,162,49064,242,260,1015,124,415,1171,333,4710,2173,49,876,790,812,1314,678,3276,1628,296,1057,5500,3909,1809,3405,2003,420,1119,1052,540,374,292,277,1253,3675,1081,452,1372,3199,2071,6172,69718,4222,2816,3554,1563,1045,898,793,1176,645,66,7867,745,2062,5250,473,1975,688,4068,2139,1445,1343,1281,292,532,534,3157,2316,1324,1020,1010,2618,2074,1306,808,1339,3191,28,45,486,1049,1626,1193,14328,552,9618,36,205,147,5163,811,7686,7647,8652,52,2678,554,70,1608,3145,73199,629,2046,2782,1174,38,2536,48,305,1666,20158,5934,8498,1462,307,284,260,11,280,802,1406,2238,1084,4040,750,581,1106,36844,225,2121,102794,497,5715,1291,7303,5034,2389,381,468,4308,942,1477,1564,403,322,110,47770,2040,1338,1388,520,1419,1603,22314,119,13928,1220,50,29933,7582,29,468,6466,1272,505,7294,954,1650,458,4622,1256,12053,1204,779,927,1450,776,978,1130,1393,642,122,976,77,2513,262,734,151,334,483,212,627,24915,847,6051,3583,511,956,1333,430,27982,265,11752,1571,10260,1709,93,2479,24,34039,5812,10884,39131,2711,10475,113,337,474,1270,723,1259,1058,1295,6548,1218,17,149,1211,46,113,3057,3043,13,191,554,25051,30094,23293,6536,29001,4522,617,50077,70855,11403,28983,57978,68890,147,74,889,770,398,1160,841,461,314,815,7294,0.0,0.0,0.0,0.0,0.0,0.0,0.0,0.0,0.0,0.0,0.0,0.0,0.0,0.0,0.0,0.0,0.0,0.0,0.0,0.0,0.0,0.0,0.0,0.0,0.0,0.0,0.0,0.0,0.0,0.0,0.0,0.0,0.0,0.0,0.0,0.0,0.0,0.0,0.0,0.0,0.0,0.0,0.0,0.0,0.0,0.0,0.0,0.0,0.0,0.0,0.0,0.0,0.0,0.0,0.0,0.0,0.0,0.0,0.0,0.0,0.0,0.0,0.0,0.0,0.0,0.0,0.0,0.0,0.0,0.0,0.0,0.0,0.0,0.0,0.0,0.0,0.0,0.0,0.0,0.0,0.0,0.0,0.0,0.0,0.0,0.0,0.0,0.0,0.0,0.0,0.0,0.0,0.0,0.0,0.0,0.0,0.0,0.0,0.0,0.0,0.0,0.0,0.0,0.0,0.0,0.0,0.0,0.0,0.0,0.0,0.0,0.0,0.0,0.0,0.0,0.0,0.0,0.0,0.0,0.0,0.0,0.0,0.0,0.0,0.0,0.0,0.0,0.0,0.0,0.0,0.0,0.0,0.0,0.0,0.0,0.0,0.0,0.0,0.0,0.0,0.0,0.0,0.0,0.0,0.0,0.0,0.0,0.0,0.0,0.0
ENCFF000QRH,0.1600425913191132,91008,192,3529,52817,490,100964,9816,430,439,594,1044,4857,2784,7650,25775,23305,4106,1369,6738,8549,278,1414,72,57,63,1675,4511,5466,38861,7019,586,227,808,3356,2955,71,4052,21,18,13211,21107,85,1128,46,70,1293,10445,30554,423,1558,1765,2306,858,623,12171,295,698,579,255,1627,2287,485,17076,395,680,1350,86,67632,77767,14774,2003,1157,2842,10631,617,2322,900,1308,1528,371,1678,2170,6527,760,960,6326,34,1340,849,38,2463,820,213,3021,1720,13974,285139,16798,129,46220,66636,4215,57867,2180,1043,10322,3400,3715,57,5836,13713,14056,379,7024,60164,2547,35814,258,1385,1540,13576,565,55608,2010,10200,4375,1169,4856,746,159,55369,9782,3889,34512,8351,21254,54126,414,7345,4819,2220,6655,54445,507,842,105,167,27,57,4685,647,784,15883,7709,907,5696,53604,4881,807,2254,2349,1950,4929,7199,6476,9836,132,291,86,1723,56,2624,1053,2054,420,54,6,830,1368,1841,25473,12639,76608,3671,40293,54863,22500,45492,22878,44144,483,46501,55332,19037,16281,41800,33234,9313,1427,839,1063,77,957,1581,314,81,53,63,6552,207,70163,16681,9007,4017,282102,56567,6291,44912,29986,2270,1004,59060,25051,77502,2718,72989,185,76473,24,545,1355,94,506,1615,363,6899,5096,61,1172,1445,1034,1553,759,4482,2457,355,362,9345,5540,3435,4583,2228,534,1219,1337,652,567,410,755,1964,7420,1382,627,2932,4346,3789,18588,35022,3046,4316,6288,2394,1486,1182,1116,1540,856,210,13409,875,1750,9719,590,3117,710,6903,1836,1804,989,1603,368,792,1016,4185,3563,1321,1546,1324,4305,2715,1694,1296,1748,6457,49,57,746,1146,1127,452,29704,371,17558,55,713,128,12702,1747,13626,11240,12206,51,5531,116,231,1991,7840,72000,1663,3610,3700,2007,232,4246,306,828,1853,24876,9199,5478,3041,89,260,173,44,60,1083,2673,4854,1278,5990,865,838,3391,68026,753,3370,214096,878,11707,1619,10435,5362,4112,467,1540,8763,1283,1906,1979,578,686,674,23742,2325,1599,2114,772,2209,2309,47041,89,20504,3496,101,48899,13381,68,582,9281,1449,65,11643,1329,2139,371,6078,1866,42444,4246,1259,1242,1980,735,1992,1512,2190,348,61,1662,49,3284,315,29,347,847,759,493,1289,44034,1357,12718,5453,1072,916,1519,669,66699,241,25593,2766,21489,2786,387,5279,22,46010,8176,15906,67018,2066,26398,373,525,616,1693,735,1928,1194,2178,18461,1849,47,850,1746,62,73,7878,8279,4,755,263,45268,55933,44296,10678,57807,7283,761,104136,139363,18992,58215,105246,127950,363,268,1154,1161,357,1516,2116,661,673,1214,11149,0.0,0.0,0.0,0.0,0.0,0.0,0.0,0.0,0.0,0.0,0.0,0.0,0.0,0.0,0.0,0.0,0.0,0.0,0.0,0.0,0.0,0.0,0.0,0.0,0.0,0.0,0.0,0.0,0.0,0.0,0.0,0.0,0.0,0.0,0.0,0.0,0.0,0.0,0.0,0.0,0.0,0.0,0.0,0.0,0.0,0.0,0.0,0.0,0.0,0.0,0.0,0.0,0.0,0.0,0.0,0.0,0.0,0.0,0.0,0.0,0.0,0.0,0.0,0.0,0.0,0.0,0.0,0.0,0.0,0.0,0.0,0.0,0.0,0.0,0.0,0.0,0.0,0.0,0.0,0.0,0.0,0.0,0.0,0.0,0.0,0.0,0.0,0.0,0.0,0.0,0.0,0.0,0.0,0.0,0.0,0.0,0.0,0.0,0.0,0.0,0.0,0.0,0.0,0.0,0.0,0.0,0.0,0.0,0.0,0.0,0.0,0.0,0.0,0.0,0.0,0.0,0.0,0.0,0.0,0.0,0.0,0.0,0.0,0.0,0.0,0.0,0.0,0.0,0.0,0.0,0.0,0.0,0.0,0.0,0.0,0.0,0.0,0.0,0.0,0.0,0.0,0.0,0.0,0.0,0.0,0.0,0.0,0.0,0.0,0.0
ENCFF000XHW,0.08187459937880326,3712,28,291,3199,93,11975,465,27,38,27,47,237,350,651,1004,3166,297,40,374,428,12,60,7,6,6,59,142,245,2791,311,27,16,33,186,105,3,137,4,0,651,868,3,50,6,4,47,426,2395,21,75,84,98,39,32,572,17,26,25,21,77,95,14,1113,20,86,44,4,3586,3437,603,79,58,93,570,19,98,40,68,78,19,92,81,310,33,40,229,2,64,50,3,118,19,1,112,91,1065,13631,833,7,2309,3126,201,2846,301,41,433,184,149,2,209,615,644,19,385,2547,268,3548,80,314,243,681,162,4965,116,526,203,87,265,23,7,2473,1169,60,1897,603,1382,2135,29,360,236,77,292,2401,53,34,8,9,3,3,152,17,51,794,366,54,301,3043,288,34,85,129,105,223,347,288,492,6,24,7,78,1,121,46,532,1883,1,1,53,70,60,1183,553,3558,174,2390,2821,1020,2578,986,2086,13,2117,2488,792,715,1816,1308,534,55,32,54,4,36,66,13,7,5,7,309,30,2724,896,1080,28,16897,2677,246,2036,1818,108,58,3016,1338,4155,553,3188,9,3472,3,40,64,30,13,67,18,256,181,1,43,63,42,65,38,200,86,24,14,290,195,148,254,69,25,46,47,41,36,27,34,95,316,87,34,191,180,135,925,1931,88,149,361,110,60,48,37,54,31,12,677,38,82,420,34,137,43,294,89,80,52,70,23,39,36,178,185,64,73,50,220,105,53,52,65,258,2,6,29,38,50,31,1184,25,873,4,55,4,521,63,540,566,461,1,172,7,15,81,319,4683,62,152,157,79,12,172,13,25,36,956,434,256,120,9,56,12,0,13,57,163,242,43,288,45,44,125,4322,22,147,9804,41,445,76,358,146,190,26,59,387,55,65,60,35,36,12,657,72,67,76,36,87,95,2000,12,804,210,1,2236,558,6,24,433,70,7,446,63,132,17,246,69,1893,233,59,63,75,26,80,43,104,23,3,80,1,173,9,8,15,32,48,101,51,2075,312,764,561,149,43,63,16,3140,15,1172,152,1022,111,15,220,2,2323,424,731,3339,144,1510,18,8,22,58,38,68,44,115,489,52,2,28,77,0,4,348,349,1,28,13,1902,2835,2227,480,2474,375,28,5282,6658,959,2901,5087,6054,27,24,39,65,25,44,134,27,60,57,548,0.0,0.0,0.0,0.0,0.0,0.0,0.0,0.0,0.0,0.0,0.0,0.0,0.0,0.0,0.0,0.0,0.0,0.0,0.0,0.0,0.0,0.0,0.0,0.0,0.0,0.0,0.0,0.0,0.0,0.0,0.0,0.0,0.0,0.0,0.0,0.0,0.0,0.0,0.0,0.0,0.0,0.0,0.0,0.0,0.0,0.0,0.0,0.0,0.0,0.0,0.0,0.0,0.0,0.0,0.0,0.0,0.0,0.0,0.0,0.0,0.0,0.0,0.0,0.0,0.0,0.0,0.0,0.0,0.0,0.0,0.0,0.0,0.0,0.0,0.0,0.0,0.0,0.0,0.0,0.0,0.0,0.0,0.0,0.0,0.0,0.0,0.0,0.0,0.0,0.0,0.0,0.0,0.0,0.0,0.0,0.0,0.0,0.0,0.0,0.0,0.0,0.0,0.0,0.0,0.0,0.0,0.0,0.0,0.0,0.0,0.0,0.0,0.0,0.0,0.0,0.0,0.0,0.0,0.0,0.0,0.0,0.0,0.0,0.0,0.0,0.0,0.0,0.0,0.0,0.0,0.0,0.0,0.0,0.0,0.0,0.0,0.0,0.0,0.0,0.0,0.0,0.0,0.0,0.0,0.0,0.0,0.0,0.0,0.0,0.0
ENCFF000ZQM,0.05819368380879687,5022,9,123,1329,27,2280,227,14,27,6,45,93,191,357,664,998,145,16,275,210,8,19,4,2,2,24,423,112,1254,132,7,13,18,54,46,4,53,2,9,268,356,1,18,2,3,23,197,1102,36,27,33,44,14,15,257,3,11,16,4,22,39,27,546,11,14,126,3,1714,1836,333,41,20,83,173,9,34,15,21,31,8,23,43,130,21,18,97,3,29,10,0,40,3,1,73,35,559,5451,351,5,944,1266,76,1131,44,14,166,43,84,3,112,331,325,4,179,1060,111,1028,20,97,91,259,37,1696,60,225,135,36,106,10,2,1125,581,178,698,332,423,927,51,125,157,40,108,1165,10,50,1,3,5,0,58,5,48,384,153,20,133,1360,127,10,28,47,38,96,293,228,189,4,2,1,30,2,43,24,121,184,9,0,31,28,36,494,200,1555,70,1060,1090,466,1101,450,899,13,920,1062,357,309,877,594,217,28,64,41,2,14,32,10,3,2,8,142,16,1241,439,497,7,8167,1172,145,844,981,37,34,1241,696,1998,165,1430,7,1483,2,7,45,5,14,28,7,138,69,16,29,28,19,28,13,84,40,8,9,114,111,61,113,41,6,18,18,14,11,10,13,38,172,42,11,46,61,63,456,842,243,64,130,39,23,17,10,19,18,4,239,12,19,173,5,45,20,114,29,31,15,35,21,12,33,69,62,26,34,27,87,50,14,25,42,86,0,1,10,15,29,6,482,4,335,1,15,2,196,30,274,249,263,1,79,1,2,47,117,2713,41,75,72,40,13,85,12,7,21,450,286,95,41,1,8,5,1,2,17,47,105,21,108,13,15,35,1937,23,52,3947,12,210,23,137,339,90,12,154,421,22,36,30,18,13,23,1836,38,35,32,19,38,42,770,4,299,79,0,938,223,1,10,191,16,1,193,24,57,11,88,44,566,104,74,32,35,18,43,18,54,9,0,34,1,86,7,0,9,65,35,24,30,1649,76,335,210,39,21,49,10,1439,43,459,91,404,50,11,102,0,1084,225,341,1537,51,575,13,12,11,36,14,39,15,41,221,29,1,49,35,0,2,119,138,0,59,8,789,1210,993,214,1118,157,25,2385,2833,470,1235,2047,2529,17,8,26,18,9,22,56,7,23,16,244,0.0,0.0,0.0,0.0,0.0,0.0,0.0,0.0,0.0,0.0,0.0,0.0,0.0,0.0,0.0,0.0,0.0,0.0,0.0,0.0,0.0,0.0,0.0,0.0,0.0,0.0,0.0,0.0,0.0,0.0,0.0,0.0,0.0,0.0,0.0,0.0,0.0,0.0,0.0,0.0,0.0,0.0,0.0,0.0,0.0,0.0,0.0,0.0,0.0,0.0,0.0,0.0,0.0,0.0,0.0,0.0,0.0,0.0,0.0,0.0,0.0,0.0,0.0,0.0,0.0,0.0,0.0,0.0,0.0,0.0,0.0,0.0,0.0,0.0,0.0,0.0,0.0,0.0,0.0,0.0,0.0,0.0,0.0,0.0,0.0,0.0,0.0,0.0,0.0,0.0,0.0,0.0,0.0,0.0,0.0,0.0,0.0,0.0,0.0,0.0,0.0,0.0,0.0,0.0,0.0,0.0,0.0,0.0,0.0,0.0,0.0,0.0,0.0,0.0,0.0,0.0,0.0,0.0,0.0,0.0,0.0,0.0,0.0,0.0,0.0,0.0,0.0,0.0,0.0,0.0,0.0,0.0,0.0,0.0,0.0,0.0,0.0,0.0,0.0,0.0,0.0,0.0,0.0,0.0,0.0,0.0,0.0,0.0,0.0,0.0
ENCFF273KUS,0.14867551517097866,81666,148,2741,68498,633,203345,7943,558,224,143,393,4849,1716,6812,24709,28903,1872,514,8867,4608,89,491,43,78,65,1735,5793,5012,57080,3343,113,52,534,3744,3613,49,3715,27,4,6711,8099,92,388,110,33,880,8269,51242,316,1021,2590,2664,128,182,3396,136,270,228,152,715,2505,1380,25869,3814,462,1551,16,62886,45065,3391,2128,1320,2729,3542,61,2461,1121,1328,1677,473,2181,2217,2401,773,1369,6254,21,1524,1304,24,802,281,62,1459,1681,24649,145315,7213,129,18838,31564,4936,27048,2483,1305,2939,1417,1765,30,2998,6704,7538,168,5478,21074,1874,36129,185,938,1259,5957,435,58079,2213,4537,1794,358,1519,82,42,18686,6291,2091,49335,12593,7454,20818,281,5876,12339,2136,3169,81955,1526,476,115,56,38,74,1595,330,187,9277,2364,177,3579,67903,4781,179,2589,1808,1454,2617,3741,4082,4130,35,85,45,1977,35,2408,1068,1002,299,14,24,763,359,2199,9053,4682,32511,3431,22452,32348,15570,37124,16375,30288,209,22288,29243,6834,7526,23945,14828,5562,1094,272,1143,43,1396,2376,94,32,20,40,3268,121,66133,15622,8077,364,186551,46092,5035,30627,41165,841,457,42141,21861,83212,3279,37488,136,30095,7,191,524,9,602,1649,312,6890,1795,34,1366,1249,1144,1967,908,4570,2209,102,161,6742,4857,2272,2269,3071,677,1733,1598,954,558,450,221,2059,6281,1688,726,1809,4080,3272,16259,135508,5467,3932,2505,1825,1603,1275,1206,1735,1047,24,7839,951,3041,5129,585,2392,981,4426,2960,1925,1807,1899,118,768,618,4568,3424,1900,1416,1610,2330,2821,1991,1153,2190,4861,29,34,729,1500,392,308,9529,113,6993,27,162,46,5378,400,5554,6065,9768,24,2325,80,29,2367,2186,121351,596,1715,3292,1005,46,3494,52,200,1313,22957,11701,3331,1040,48,73,66,21,19,1132,988,1608,1387,3791,1188,805,2207,98093,310,3018,80716,765,5869,1822,10639,6182,3223,540,468,5187,1485,1962,2008,614,549,94,40091,2836,1956,1869,768,1981,2201,25892,82,17757,1235,26,22981,5228,12,298,5630,1021,74,9916,1281,693,97,5242,1842,24098,3146,953,1375,2025,1056,1355,1706,862,1068,19,739,30,2414,76,98,36,365,765,281,1275,71203,1831,14714,6692,1113,730,609,269,21380,401,10863,2085,7461,1188,50,2092,8,30719,5858,10471,37668,3181,41608,206,410,692,1965,982,1788,1517,1837,13076,1769,50,127,2036,35,58,2360,2104,29,329,57,21938,41709,33216,9390,28838,4377,1127,82657,85377,14988,40171,67849,71408,239,62,1275,1153,551,1762,480,290,146,596,6261,0.0,0.0,0.0,0.0,0.0,0.0,0.0,0.0,0.0,0.0,0.0,0.0,0.0,0.0,0.0,0.0,0.0,0.0,0.0,0.0,0.0,0.0,0.0,0.0,0.0,0.0,0.0,0.0,0.0,0.0,0.0,0.0,0.0,0.0,0.0,0.0,0.0,0.0,0.0,0.0,0.0,0.0,0.0,0.0,0.0,0.0,0.0,0.0,0.0,0.0,0.0,0.0,0.0,0.0,0.0,0.0,0.0,0.0,0.0,0.0,0.0,0.0,0.0,0.0,0.0,0.0,0.0,0.0,0.0,0.0,0.0,0.0,0.0,0.0,0.0,0.0,0.0,0.0,0.0,0.0,0.0,0.0,0.0,0.0,0.0,0.0,0.0,0.0,0.0,0.0,0.0,0.0,0.0,0.0,0.0,0.0,0.0,0.0,0.0,0.0,0.0,0.0,0.0,0.0,0.0,0.0,0.0,0.0,0.0,0.0,0.0,0.0,0.0,0.0,0.0,0.0,0.0,0.0,0.0,0.0,0.0,0.0,0.0,0.0,0.0,0.0,0.0,0.0,0.0,0.0,0.0,0.0,0.0,0.0,0.0,0.0,0.0,0.0,0.0,0.0,0.0,0.0,0.0,0.0,0.0,0.0,0.0,0.0,0.0,0.0
ENCFF531WQP,0.1171828639657436,54627,218,2627,48359,477,196997,9012,533,198,190,980,5511,1697,5619,27893,23894,1809,640,10037,5025,172,529,59,136,127,1542,3305,4293,33943,3789,96,56,443,3356,3162,44,3419,37,54,7580,7651,271,385,92,79,811,7671,31857,133,803,2192,2406,122,291,4861,97,280,184,230,577,3684,1424,24962,4448,433,1099,468,55459,38915,5036,1944,1262,2374,4181,71,2338,999,1177,1458,448,1907,2076,2251,679,1243,5276,22,1446,1249,22,968,311,89,1727,1330,44334,133606,7347,117,19004,31590,4127,27010,2258,1172,3182,1353,2174,45,3622,8033,8200,301,4894,31094,1785,90015,201,959,1326,5692,485,147230,2072,5883,2523,541,1493,172,41,22557,5304,1137,42389,10830,10911,20926,114,5183,11420,1896,2640,62952,632,234,57,79,36,21,1415,431,1472,8959,2551,267,5113,48216,3113,174,2290,1972,2488,2345,5661,4297,5518,64,130,68,1759,56,2170,942,2538,582,7,10,645,413,2082,9909,4568,33143,3002,18971,26057,13212,35624,16621,28500,225,23759,31872,7697,7523,27674,14768,5595,984,199,813,23,1264,1998,119,52,50,58,3649,130,58961,10734,10011,413,257135,38791,3624,24714,38117,789,821,32961,21155,72655,2496,36496,142,28923,32,180,1302,58,553,1518,312,6385,1815,294,1169,1103,969,1747,810,4095,2024,270,192,5635,4300,2072,2656,2782,546,1623,1437,801,481,414,242,1690,5972,1264,633,1607,3788,2768,15085,47927,2909,3461,4027,1756,1462,1195,1133,1502,826,128,9461,900,2682,4871,547,2173,909,4333,2647,1894,1371,1590,686,791,811,4016,3000,1513,1360,1260,2383,2472,1916,1045,1903,3832,41,33,671,1508,883,544,11741,192,9244,43,201,88,4940,407,7717,6271,8555,59,2134,93,58,2705,2205,91278,438,1892,3706,906,38,2973,110,843,1377,20981,12480,10364,972,54,138,77,26,44,1061,1622,1710,1274,3272,1104,768,2193,72872,195,2525,78658,630,5177,1591,9317,3562,2955,453,269,2949,1371,1916,1930,467,455,87,19797,2566,1827,1780,1040,1795,1967,23495,63,15873,1045,44,24154,6235,31,341,4619,1239,45,8192,1252,1704,135,4963,1721,28958,2340,604,1272,1800,960,1128,1607,1264,1148,50,705,36,3073,383,155,92,248,1676,230,1053,51765,1042,9496,4681,834,656,721,308,22238,197,9923,1768,6842,1149,41,1938,27,37077,7728,11702,45987,1300,27846,195,444,696,1621,964,1579,1407,1890,8568,1579,22,117,1746,44,74,2265,2213,37,200,91,20879,33265,29267,6950,25987,3837,864,77253,74441,12119,32455,57116,66007,220,58,1032,1018,469,1414,1292,261,167,686,6479,0.0,0.0,0.0,0.0,0.0,0.0,0.0,0.0,0.0,0.0,0.0,0.0,0.0,0.0,0.0,0.0,0.0,0.0,0.0,0.0,0.0,0.0,0.0,0.0,0.0,0.0,0.0,0.0,0.0,0.0,0.0,0.0,0.0,0.0,0.0,0.0,0.0,0.0,0.0,0.0,0.0,0.0,0.0,0.0,0.0,0.0,0.0,0.0,0.0,0.0,0.0,0.0,0.0,0.0,0.0,0.0,0.0,0.0,0.0,0.0,0.0,0.0,0.0,0.0,0.0,0.0,0.0,0.0,0.0,0.0,0.0,0.0,0.0,0.0,0.0,0.0,0.0,0.0,0.0,0.0,0.0,0.0,0.0,0.0,0.0,0.0,0.0,0.0,0.0,0.0,0.0,0.0,0.0,0.0,0.0,0.0,0.0,0.0,0.0,0.0,0.0,0.0,0.0,0.0,0.0,0.0,0.0,0.0,0.0,0.0,0.0,0.0,0.0,0.0,0.0,0.0,0.0,0.0,0.0,0.0,0.0,0.0,0.0,0.0,0.0,0.0,0.0,0.0,0.0,0.0,0.0,0.0,0.0,0.0,0.0,0.0,0.0,0.0,0.0,0.0,0.0,0.0,0.0,0.0,0.0,0.0,0.0,0.0,0.0,0.0
ENCFF002BFU,0.19066258056999766,144087,136,2982,24855,386,114406,12297,298,433,483,911,3274,1731,4021,12833,18262,3150,966,4492,7399,241,1271,116,136,110,1502,9618,3589,15905,6413,414,200,618,1957,1765,100,2920,25,15,10432,16816,55,848,19,43,925,7127,10634,1089,1064,1057,1226,756,548,11039,251,571,979,244,1554,1689,92,3172,222,277,2738,80,34707,56650,12206,1045,643,2926,9073,553,1449,590,739,849,195,954,1326,5137,454,547,3749,21,855,542,23,1842,191,39,1325,837,6497,220286,14551,131,39871,52812,2711,46219,1334,625,8266,2350,2250,38,4641,11415,11740,275,6161,51641,1426,28190,198,953,1145,10636,408,30003,1213,9499,4057,894,4012,547,189,46673,5352,5880,9228,4236,21314,45743,881,5043,2960,1295,6161,20755,518,1403,78,169,26,61,3850,504,664,14418,6977,901,5263,24137,2170,778,1271,1893,1394,3670,6497,6976,9346,89,158,77,1002,46,1507,606,1619,982,47,0,672,1039,1186,20258,10361,62593,2640,29562,42051,16651,22261,16476,30864,478,35136,41758,16580,13319,32707,26888,6816,1052,1903,695,45,568,947,219,60,41,159,5762,158,24614,10453,4259,359,202254,43838,5024,34539,8456,1914,858,42227,19265,43161,3095,70712,242,77712,60,526,1129,135,269,1042,402,4456,4143,75,584,874,546,893,470,2771,1580,413,339,6766,4131,2750,4779,1321,265,709,752,393,350,256,669,1085,4914,969,360,1876,2801,2214,6204,7340,5628,2746,4953,1533,768,705,595,879,404,173,11413,608,1066,7489,376,2117,496,4991,1069,1047,527,963,381,473,647,2587,2055,785,875,717,3385,1903,1005,707,952,4014,56,93,403,661,935,567,25749,405,15024,60,590,127,9973,1434,12028,10036,9899,35,4316,222,247,2129,6847,47318,1507,3542,2469,1542,411,2654,309,478,1624,18430,6287,4063,2401,190,342,145,18,72,587,2288,3792,772,4645,544,564,1015,30085,896,2194,171409,457,8896,895,6324,10196,2481,357,3229,11458,746,1157,1202,350,421,519,58501,1471,1021,1234,600,1244,1408,35307,113,14501,2709,70,42541,11060,74,455,8831,1463,115,8491,713,2813,391,3950,1153,10821,1817,1942,764,1189,508,1307,881,2416,837,40,1325,73,2686,171,52,363,1383,631,349,568,26353,1029,6342,3732,769,759,1387,572,59368,502,21985,2596,18748,2385,353,4621,36,40529,7598,13491,57662,1318,9702,185,475,415,1265,499,1100,635,1351,8637,1067,23,659,1018,86,76,6385,7080,25,1522,230,37000,40480,30001,7655,47113,5601,482,69681,103973,13115,41912,78869,101630,211,203,670,676,220,792,1817,585,589,1093,9384,0.0,0.0,0.0,0.0,0.0,0.0,0.0,0.0,0.0,0.0,0.0,0.0,0.0,0.0,0.0,0.0,0.0,0.0,0.0,0.0,0.0,0.0,0.0,0.0,0.0,0.0,0.0,0.0,0.0,0.0,0.0,0.0,0.0,0.0,0.0,0.0,0.0,0.0,0.0,0.0,0.0,0.0,0.0,0.0,0.0,0.0,0.0,0.0,0.0,0.0,0.0,0.0,0.0,0.0,0.0,0.0,0.0,0.0,0.0,0.0,0.0,0.0,0.0,0.0,0.0,0.0,0.0,0.0,0.0,0.0,0.0,0.0,0.0,0.0,0.0,0.0,0.0,0.0,0.0,0.0,0.0,0.0,0.0,0.0,0.0,0.0,0.0,0.0,0.0,0.0,0.0,0.0,0.0,0.0,0.0,0.0,0.0,0.0,0.0,0.0,0.0,0.0,0.0,0.0,0.0,0.0,0.0,0.0,0.0,0.0,0.0,0.0,0.0,0.0,0.0,0.0,0.0,0.0,0.0,0.0,0.0,0.0,0.0,0.0,0.0,0.0,0.0,0.0,0.0,0.0,0.0,0.0,0.0,0.0,0.0,0.0,0.0,0.0,0.0,0.0,0.0,0.0,0.0,0.0,0.0,0.0,0.0,0.0,0.0,0.0
ENCFF000WSR,0.07808003003211768,3980,97,321,3360,68,7789,634,32,60,37,75,319,512,1006,1655,2972,406,59,460,491,23,76,16,6,6,113,152,313,1834,326,33,26,41,203,195,6,217,4,7,832,1093,8,79,9,18,115,525,1871,10,72,109,141,36,30,631,19,22,40,19,67,155,29,1037,53,66,62,17,4248,4088,687,102,61,118,785,15,148,92,80,102,29,96,157,328,48,46,325,4,85,50,1,120,17,3,114,130,1107,15109,993,8,2716,3872,233,3468,170,68,452,159,165,7,258,707,693,31,486,3006,310,2310,67,221,216,829,121,3005,147,597,264,70,293,29,13,3010,1509,104,1983,911,1653,2612,26,430,339,129,309,3769,70,35,10,9,4,7,214,24,83,904,458,64,429,3448,360,31,116,168,156,288,411,353,554,12,16,3,100,2,179,68,233,220,5,1,55,83,120,1409,609,4023,195,2923,2934,1352,2502,1218,2544,25,2555,3000,912,834,2348,1707,674,82,29,59,4,57,69,19,12,3,7,342,44,3147,1052,1413,14,30039,3298,329,2705,2219,100,57,3768,1655,4965,456,4207,24,4132,6,38,126,55,25,96,38,322,201,1,61,95,57,79,32,343,145,23,29,398,314,178,274,126,30,55,65,41,43,22,54,113,449,127,43,182,258,206,1309,1814,91,242,336,123,101,61,45,85,61,10,765,38,73,497,33,121,46,337,121,123,64,105,18,51,42,232,227,75,101,75,245,166,66,70,85,321,2,3,46,51,58,25,1397,11,978,2,54,6,623,86,648,586,671,7,254,11,17,179,357,6116,68,192,225,97,6,255,16,20,63,1352,586,363,133,3,18,17,1,7,58,106,255,111,308,55,64,131,4950,39,166,11156,65,549,94,515,183,248,25,53,419,80,124,139,41,34,14,670,149,94,132,46,134,164,2439,9,911,228,7,2552,673,2,28,534,89,3,647,74,136,31,324,125,1627,289,59,97,116,39,100,75,125,75,5,95,6,189,13,3,22,37,43,85,65,2579,191,874,528,132,55,95,26,3444,17,1475,167,1229,125,21,302,6,2995,553,995,4217,163,1621,27,49,32,75,95,125,68,130,550,117,1,45,121,1,3,418,381,2,26,24,2321,3523,2682,609,3273,442,72,6475,8044,1189,3564,6098,7487,44,16,94,80,25,76,135,29,41,61,690,0.0,0.0,0.0,0.0,0.0,0.0,0.0,0.0,0.0,0.0,0.0,0.0,0.0,0.0,0.0,0.0,0.0,0.0,0.0,0.0,0.0,0.0,0.0,0.0,0.0,0.0,0.0,0.0,0.0,0.0,0.0,0.0,0.0,0.0,0.0,0.0,0.0,0.0,0.0,0.0,0.0,0.0,0.0,0.0,0.0,0.0,0.0,0.0,0.0,0.0,0.0,0.0,0.0,0.0,0.0,0.0,0.0,0.0,0.0,0.0,0.0,0.0,0.0,0.0,0.0,0.0,0.0,0.0,0.0,0.0,0.0,0.0,0.0,0.0,0.0,0.0,0.0,0.0,0.0,0.0,0.0,0.0,0.0,0.0,0.0,0.0,0.0,0.0,0.0,0.0,0.0,0.0,0.0,0.0,0.0,0.0,0.0,0.0,0.0,0.0,0.0,0.0,0.0,0.0,0.0,0.0,0.0,0.0,0.0,0.0,0.0,0.0,0.0,0.0,0.0,0.0,0.0,0.0,0.0,0.0,0.0,0.0,0.0,0.0,0.0,0.0,0.0,0.0,0.0,0.0,0.0,0.0,0.0,0.0,0.0,0.0,0.0,0.0,0.0,0.0,0.0,0.0,0.0,0.0,0.0,0.0,0.0,0.0,0.0,0.0
ENCFF352QCK,0.14802905224500226,191769,293,3304,73769,618,214230,9810,520,297,366,761,5344,1700,7364,46485,26846,2873,891,6944,7587,144,887,65,96,70,1858,15367,5312,38806,4567,237,178,709,3420,3215,53,3260,26,10,9992,12727,45,466,36,66,1025,9178,34826,1401,1278,2235,2547,440,288,6424,128,492,524,194,980,2388,470,16025,539,298,4670,86,56238,68305,6849,2129,1349,3546,5941,256,2284,1031,1342,1606,422,2048,1974,3898,693,1373,6641,16,1454,1278,17,1064,154,26,1445,1633,31131,213978,11327,173,32355,46068,4507,39594,2085,1242,5107,1710,2011,19,4157,9133,10045,163,7219,42947,2050,47254,254,1290,1687,8902,572,76547,2311,8297,3000,410,2617,204,73,32820,6527,5863,24878,7905,13194,33508,608,7302,7023,2120,5414,70902,530,1419,127,80,39,31,2439,459,358,14599,4849,429,5393,73096,4626,430,2321,1464,916,3455,4823,5128,6880,71,72,46,1999,24,2437,1118,1421,246,21,15,931,699,2100,15459,7762,53077,3889,29864,45156,21445,46845,21077,39693,239,31993,39669,12506,11585,31066,23362,6476,1404,2015,1029,95,1255,2112,112,24,34,66,5950,101,56520,15252,6200,369,249898,56161,6827,34311,27442,1438,725,49202,26931,76863,5631,56499,289,57107,19,375,935,28,587,1655,328,6996,3521,31,1422,1393,1117,1823,902,4460,2490,312,267,8262,5017,2744,3670,2981,684,1471,1504,808,589,436,385,2312,6291,2025,658,2118,3942,3045,13492,60606,12896,3970,4002,1969,1481,1277,1205,1770,1029,58,9540,1007,2397,6428,637,2522,941,5627,2555,1900,1476,1761,251,937,755,4412,3601,1533,1666,1426,3396,2839,1929,1310,2030,5943,58,38,769,1396,600,613,18737,255,11325,41,389,93,7979,902,9575,9449,11974,30,3607,103,47,2283,4217,109585,1534,2485,3535,1471,536,3857,90,282,1841,24722,10029,4833,1793,83,249,80,12,62,1179,2473,3549,1144,5658,1234,742,2224,89463,952,2979,144458,844,8083,1853,10530,16696,3764,527,2211,11871,1459,1953,1883,691,645,262,93021,2389,1781,1986,892,2025,2216,31374,24,19707,1753,56,34375,10071,97,517,8352,1362,61,11010,1372,1406,171,5810,1908,27608,3820,2384,1282,1972,1014,1543,1675,1535,1104,31,1209,52,3028,157,97,102,1312,411,283,870,67456,1542,13785,7149,1142,921,940,367,38510,447,17870,2932,13131,1790,153,3478,17,42319,7597,13761,54050,3097,22896,277,358,713,1764,858,1650,1421,1940,10770,1743,27,408,1977,67,38,4124,4123,13,1100,77,30023,46458,37365,9773,38517,5068,687,88045,100402,17023,47289,81089,90598,223,125,1237,1204,458,1642,946,458,302,939,9824,0.0,0.0,0.0,0.0,0.0,0.0,0.0,0.0,0.0,0.0,0.0,0.0,0.0,0.0,0.0,0.0,0.0,0.0,0.0,0.0,0.0,0.0,0.0,0.0,0.0,0.0,0.0,0.0,0.0,0.0,0.0,0.0,0.0,0.0,0.0,0.0,0.0,0.0,0.0,0.0,0.0,0.0,0.0,0.0,0.0,0.0,0.0,0.0,0.0,0.0,0.0,0.0,0.0,0.0,0.0,0.0,0.0,0.0,0.0,0.0,0.0,0.0,0.0,0.0,0.0,0.0,0.0,0.0,0.0,0.0,0.0,0.0,0.0,0.0,0.0,0.0,0.0,0.0,0.0,0.0,0.0,0.0,0.0,0.0,0.0,0.0,0.0,0.0,0.0,0.0,0.0,0.0,0.0,0.0,0.0,0.0,0.0,0.0,0.0,0.0,0.0,0.0,0.0,0.0,0.0,0.0,0.0,0.0,0.0,0.0,0.0,0.0,0.0,0.0,0.0,0.0,0.0,0.0,0.0,0.0,0.0,0.0,0.0,0.0,0.0,0.0,0.0,0.0,0.0,0.0,0.0,0.0,0.0,0.0,0.0,0.0,0.0,0.0,0.0,0.0,0.0,0.0,0.0,0.0,0.0,0.0,0.0,0.0,0.0,0.0
ENCFF149OGB,0.16289518832682195,67229,241,7659,83753,347,66816,12009,428,590,839,1178,5688,2980,6886,14235,16746,5218,1292,6544,12782,444,2177,210,199,189,3120,176,5808,15196,9296,822,382,1047,3645,3295,56,4887,109,32,16937,29759,224,1955,136,67,2546,12108,12813,40,1391,1771,2106,1404,1270,18766,464,996,1025,593,1929,2594,369,7015,458,964,81,87,72869,99979,20932,1796,1003,2088,15043,680,2398,735,1139,1420,310,1544,2653,10160,654,804,6675,52,1292,680,58,3999,295,54,2865,1721,10073,403434,28060,327,75949,104245,4846,90652,2883,880,15496,4445,4669,70,8168,19300,19473,312,8994,88737,2408,34595,272,955,1943,21116,437,35142,2324,14573,7213,2421,7638,1028,286,83856,11117,107,16636,7206,38601,78092,36,8677,2703,2212,8644,21511,2091,524,124,365,226,90,6470,1006,1240,23713,13010,1760,8262,84440,3689,1130,2033,3004,3075,6197,10044,8746,15460,294,438,206,1558,44,2804,834,3444,717,27,1,858,1924,2077,40971,19241,110777,4463,52397,68416,28733,28945,27372,54393,601,68162,78993,28010,24873,53943,48446,13585,1976,60,1083,192,774,1337,545,174,126,67,8700,303,31340,17623,7480,607,531192,72699,7475,61485,17832,3345,1203,82279,33633,77389,2421,116114,343,120730,71,814,1520,239,401,1933,964,7172,5611,78,972,1400,858,1321,599,5681,3385,682,818,9677,6556,4630,7581,1784,591,958,1222,509,514,397,1515,1713,10507,1801,593,4035,5346,4246,12001,19148,312,4875,8743,2568,1574,1163,944,1462,819,382,19234,666,1266,13617,547,3354,581,9228,1609,1643,923,1303,389,681,1057,4065,3983,1156,1420,1057,6309,2879,1163,1095,1464,7068,55,66,526,897,1251,325,39540,431,26194,62,1362,100,16287,2294,17831,15454,14079,29,6978,236,553,1222,10704,66902,1698,4976,5175,2818,31,5738,451,1090,2227,35013,8076,5411,4112,229,486,343,36,118,999,5109,6610,1425,8809,714,720,1359,93227,599,3758,321638,923,15256,1526,9911,775,4596,427,93,8713,1209,2328,2688,528,681,672,2423,2827,1569,2537,1029,2050,2840,63977,180,23657,5794,97,67691,18034,134,811,14032,1709,125,14074,1230,3352,887,7174,1946,13549,2987,1374,1168,2542,621,2302,1264,3474,667,94,2894,49,3990,486,271,627,947,727,586,1141,22027,1041,9769,5192,918,870,2649,504,96871,106,41372,3102,34723,3907,783,7435,24,85563,13694,26571,111724,3649,9032,366,365,497,1251,600,2135,1006,3048,7410,2138,67,501,1586,124,106,11598,12091,31,140,525,67722,81987,55352,15501,90468,10714,670,141128,205427,24705,82142,153831,196191,547,483,1047,1015,291,1327,3659,804,1382,1840,15182,0.0,0.0,0.0,0.0,0.0,0.0,0.0,0.0,0.0,0.0,0.0,0.0,0.0,0.0,0.0,0.0,0.0,0.0,0.0,0.0,0.0,0.0,0.0,0.0,0.0,0.0,0.0,0.0,0.0,0.0,0.0,0.0,0.0,0.0,0.0,0.0,0.0,0.0,0.0,0.0,0.0,0.0,0.0,0.0,0.0,0.0,0.0,0.0,0.0,0.0,0.0,0.0,0.0,0.0,0.0,0.0,0.0,0.0,0.0,0.0,0.0,0.0,0.0,0.0,0.0,0.0,0.0,0.0,0.0,0.0,0.0,0.0,0.0,0.0,0.0,0.0,0.0,0.0,0.0,0.0,0.0,0.0,0.0,0.0,0.0,0.0,0.0,0.0,0.0,0.0,0.0,0.0,0.0,0.0,0.0,0.0,0.0,0.0,0.0,0.0,0.0,0.0,0.0,0.0,0.0,0.0,0.0,0.0,0.0,0.0,0.0,0.0,0.0,0.0,0.0,0.0,0.0,0.0,0.0,0.0,0.0,0.0,0.0,0.0,0.0,0.0,0.0,0.0,0.0,0.0,0.0,0.0,0.0,0.0,0.0,0.0,0.0,0.0,0.0,0.0,0.0,0.0,0.0,0.0,0.0,0.0,0.0,0.0,0.0,0.0
ENCFF049WQG,0.09247683852901967,1030013,3582,18766,134393,1855,226003,21059,934,1390,1085,2118,11945,12224,31650,72405,74162,11704,1357,22617,18805,465,2033,348,231,237,3498,83850,12482,100055,10558,702,4631,1909,6669,6201,2337,6663,101,389,28367,33542,251,2254,472,1193,2091,20263,93921,14387,1644,4046,5240,1262,1031,19637,617,965,1418,429,1954,5576,3430,48898,3375,5306,22953,256,196769,185686,20210,3959,2567,20197,15547,856,4624,1811,2971,3371,839,3739,4102,10917,1616,2113,14253,57,3278,1838,60,3418,810,119,4784,5598,86862,560382,32548,771,88829,126038,9300,109981,4624,2361,15153,5268,5610,79,9029,23598,22133,545,16849,99209,8292,99535,1399,6056,7533,28641,2595,140860,5560,19643,9074,2686,7423,982,415,86160,39342,56531,90525,30197,38537,79314,15338,17032,14381,4575,18881,189203,1661,12151,303,310,114,184,6618,937,2093,34886,14222,2076,13617,144319,14969,1362,4213,4725,4694,10353,13391,11551,17199,341,367,136,3793,76,7119,2313,4393,66272,1946,95,6024,2466,3575,47172,21389,160445,8294,96259,107978,55372,116761,48789,101536,826,92295,110633,35255,29320,80432,60178,24469,3420,19545,3439,1186,1933,3459,430,150,78,187,14061,1045,163103,48723,31975,1544,1069101,147775,21629,100600,94365,3141,2016,156110,77310,235158,12276,136940,871,121174,57,1240,3270,568,1040,3434,930,13993,7054,140,2499,3542,2264,3295,1610,9262,5410,1412,903,15998,9998,6976,8757,4535,1339,2217,2806,1207,1218,976,1803,4225,21067,4717,1370,6085,8819,8462,58057,242673,53455,8135,10520,4797,3246,2586,2259,3535,2014,751,25053,1622,2794,15939,1308,5318,1350,14469,4078,3877,2331,3404,1193,1696,4498,8820,9123,3020,3486,2643,7117,5285,2832,2800,3826,15860,111,141,1327,2226,1323,1272,45839,584,30428,104,1571,346,20046,2138,23107,22453,27369,66,9132,283,535,7969,11083,312723,6475,12342,7817,3638,4345,11564,546,635,2101,59105,27171,10831,3966,51,656,396,69,76,2527,5436,8292,2160,12638,1867,1712,10462,191237,5697,7976,383149,2480,17265,3745,20271,88395,10267,1071,35026,95878,3012,3595,3794,1458,1541,1976,421862,4416,3394,4028,2196,4379,4815,79505,143,35940,6901,125,81157,22682,218,787,21277,2399,81,23262,3002,4321,708,10972,4211,76377,14866,12350,3116,4076,1480,4054,3100,3934,3929,104,3537,82,6489,712,198,478,9721,2210,2179,3999,113904,5298,40238,21732,3855,1911,2930,725,103669,8235,50248,19365,34980,4021,1254,9205,107,103850,19302,35031,152264,19207,74659,2676,1153,1260,8512,3439,4417,2707,5814,33695,3816,111,7958,3998,86,117,11193,11383,51,17481,599,76352,156959,115889,31579,115497,13618,1327,251480,319861,51855,154026,236270,267968,822,624,2843,2501,667,3178,3889,994,1307,2395,23067,0.0,0.0,0.0,0.0,0.0,0.0,0.0,0.0,0.0,0.0,0.0,0.0,0.0,0.0,0.0,0.0,0.0,0.0,0.0,0.0,0.0,0.0,0.0,0.0,0.0,0.0,0.0,0.0,0.0,0.0,0.0,0.0,0.0,0.0,0.0,0.0,0.0,0.0,0.0,0.0,0.0,0.0,0.0,0.0,0.0,0.0,0.0,0.0,0.0,0.0,0.0,0.0,0.0,0.0,0.0,0.0,0.0,0.0,0.0,0.0,0.0,0.0,0.0,0.0,0.0,0.0,0.0,0.0,0.0,0.0,0.0,0.0,0.0,0.0,0.0,0.0,0.0,0.0,0.0,0.0,0.0,0.0,0.0,0.0,0.0,0.0,0.0,0.0,0.0,0.0,0.0,0.0,0.0,0.0,0.0,0.0,0.0,0.0,0.0,0.0,0.0,0.0,0.0,0.0,0.0,0.0,0.0,0.0,0.0,0.0,0.0,0.0,0.0,0.0,0.0,0.0,0.0,0.0,0.0,0.0,0.0,0.0,0.0,0.0,0.0,0.0,0.0,0.0,0.0,0.0,0.0,0.0,0.0,0.0,0.0,0.0,0.0,0.0,0.0,0.0,0.0,0.0,0.0,0.0,0.0,0.0,0.0,0.0,0.0,0.0
ENCFF000XVB,0.0757955534580788,5923,30,224,2166,52,4617,499,30,35,18,39,217,331,589,964,1491,246,35,392,387,14,49,8,8,7,41,382,198,2753,286,20,33,38,95,116,8,130,3,4,611,820,5,52,3,6,64,383,1514,49,56,62,72,39,32,595,11,19,24,13,54,98,12,811,23,47,117,5,3244,3822,684,62,37,120,545,29,91,34,57,65,17,67,78,278,34,23,208,2,46,28,2,86,14,2,137,75,1066,12336,749,5,2191,3094,172,2642,124,32,384,149,146,2,210,609,597,10,345,2814,226,2538,48,198,174,616,73,3308,101,511,202,94,264,45,10,2414,936,224,1491,595,1211,2152,61,312,253,56,265,3338,49,62,9,13,2,2,158,25,63,702,380,48,417,1985,214,33,101,133,106,183,335,308,564,2,17,5,49,1,115,38,215,243,10,0,57,84,62,1266,529,3416,158,2203,2490,1022,2557,948,1849,14,2094,2435,747,756,1901,1440,469,58,85,58,2,34,53,25,4,2,14,303,34,3411,862,858,35,16265,2614,272,2106,1616,83,63,2751,1338,3714,325,3625,15,3508,5,24,77,31,14,43,20,219,196,3,43,48,34,65,27,164,99,29,17,307,241,122,309,64,17,40,37,33,29,15,47,73,355,67,20,143,175,123,725,1050,187,153,296,83,61,30,33,43,26,28,619,31,61,418,21,84,30,260,61,75,39,65,16,28,36,148,152,47,54,54,176,100,45,48,65,188,1,1,23,31,48,14,1145,15,748,1,36,6,468,84,529,460,494,2,193,13,26,163,289,4306,58,187,206,77,14,155,13,18,70,992,439,189,124,9,18,14,1,7,35,101,204,58,245,32,34,110,2957,40,129,9009,32,413,68,339,340,197,14,146,572,42,60,59,33,25,17,1634,72,70,73,19,84,95,1911,9,664,178,5,2130,612,10,17,455,75,3,439,36,168,29,201,68,1273,197,83,61,73,22,104,43,106,77,4,94,1,123,25,4,25,51,37,58,68,1443,164,538,361,99,44,86,14,2973,32,1059,156,980,104,18,233,2,2171,415,692,3103,98,1079,22,30,22,65,35,85,38,81,540,66,1,58,79,1,4,319,309,0,71,15,1814,2610,2065,479,2498,320,9,5147,6394,910,2688,4711,5923,23,16,56,42,15,50,141,19,38,45,478,0.0,0.0,0.0,0.0,0.0,0.0,0.0,0.0,0.0,0.0,0.0,0.0,0.0,0.0,0.0,0.0,0.0,0.0,0.0,0.0,0.0,0.0,0.0,0.0,0.0,0.0,0.0,0.0,0.0,0.0,0.0,0.0,0.0,0.0,0.0,0.0,0.0,0.0,0.0,0.0,0.0,0.0,0.0,0.0,0.0,0.0,0.0,0.0,0.0,0.0,0.0,0.0,0.0,0.0,0.0,0.0,0.0,0.0,0.0,0.0,0.0,0.0,0.0,0.0,0.0,0.0,0.0,0.0,0.0,0.0,0.0,0.0,0.0,0.0,0.0,0.0,0.0,0.0,0.0,0.0,0.0,0.0,0.0,0.0,0.0,0.0,0.0,0.0,0.0,0.0,0.0,0.0,0.0,0.0,0.0,0.0,0.0,0.0,0.0,0.0,0.0,0.0,0.0,0.0,0.0,0.0,0.0,0.0,0.0,0.0,0.0,0.0,0.0,0.0,0.0,0.0,0.0,0.0,0.0,0.0,0.0,0.0,0.0,0.0,0.0,0.0,0.0,0.0,0.0,0.0,0.0,0.0,0.0,0.0,0.0,0.0,0.0,0.0,0.0,0.0,0.0,0.0,0.0,0.0,0.0,0.0,0.0,0.0,0.0,0.0
ENCFF000QYJ,0.1664514171730642,40213,194,2985,32481,431,62582,6777,250,369,299,606,2695,3020,7237,15213,24460,3019,774,5292,4742,145,787,50,66,51,880,1556,3179,32376,3834,286,99,480,1739,1627,35,1996,31,12,6818,11583,100,626,32,50,601,5872,24831,168,765,931,1292,476,368,6725,191,387,313,146,919,1363,485,11176,230,287,408,39,40196,47401,7741,1031,662,1523,5917,357,1241,515,713,840,207,936,1106,3580,420,596,3605,20,782,544,23,1231,141,35,1146,929,12385,157691,10311,122,26892,37142,2278,32225,1085,565,5500,1506,1686,27,2785,7306,7416,110,4041,33961,1891,29874,218,958,1124,7436,471,50349,1175,5736,2605,629,2719,479,158,31196,10319,1325,17879,7090,12258,30753,148,3931,4395,1063,3652,24743,365,326,75,107,30,36,2528,378,414,9174,4259,579,3533,31495,2392,464,1034,1278,1018,2955,4475,4176,5649,79,204,47,895,38,1453,603,1059,198,37,9,426,779,942,14194,6953,42986,2103,27598,31861,12762,25869,12691,25173,363,26445,31858,11078,9430,22710,17687,4934,826,321,743,53,510,895,168,34,30,257,3759,197,31183,9679,10190,268,170895,34349,3576,24940,20573,1130,497,34615,16553,49109,3146,40100,105,42152,43,401,725,96,303,848,187,3907,2812,72,665,800,521,825,435,2204,1352,191,224,5200,2989,1956,2808,1334,292,683,699,369,346,252,495,1014,4527,916,384,1660,2262,1906,8515,24337,988,2240,3340,1296,762,571,557,865,511,117,7572,509,1016,5145,311,1659,440,4008,1038,915,553,919,246,457,491,2427,2027,726,833,770,2325,1549,944,701,908,3892,24,32,406,581,654,336,15502,152,9108,28,371,79,6985,871,7275,6112,7449,31,3069,95,178,1274,4379,72169,790,2099,2090,1131,83,2372,192,276,1159,14669,7044,3097,1612,60,147,78,16,70,613,1242,2379,554,3411,505,547,1123,50129,375,1980,118314,445,6404,957,5501,1867,2256,341,589,4169,770,933,927,341,409,349,8460,1094,917,1041,433,1122,1205,24345,70,11283,2016,44,26654,7176,31,334,5388,805,49,6813,731,1546,239,3023,1019,14969,2154,563,737,1059,478,1079,818,1333,408,24,865,40,1657,153,50,255,382,613,449,823,42745,1132,7538,4133,988,537,845,388,37524,121,14980,1381,12151,1719,210,3028,18,27631,5101,8901,38860,1616,15324,174,235,341,840,449,945,710,1237,6455,999,23,345,934,24,39,4117,4439,18,267,183,25276,33874,26084,6271,31959,4034,974,61620,81085,11487,34892,60732,73447,318,144,679,644,195,825,1124,360,375,710,6233,0.0,0.0,0.0,0.0,0.0,0.0,0.0,0.0,0.0,0.0,0.0,0.0,0.0,0.0,0.0,0.0,0.0,0.0,0.0,0.0,0.0,0.0,0.0,0.0,0.0,0.0,0.0,0.0,0.0,0.0,0.0,0.0,0.0,0.0,0.0,0.0,0.0,0.0,0.0,0.0,0.0,0.0,0.0,0.0,0.0,0.0,0.0,0.0,0.0,0.0,0.0,0.0,0.0,0.0,0.0,0.0,0.0,0.0,0.0,0.0,0.0,0.0,0.0,0.0,0.0,0.0,0.0,0.0,0.0,0.0,0.0,0.0,0.0,0.0,0.0,0.0,0.0,0.0,0.0,0.0,0.0,0.0,0.0,0.0,0.0,0.0,0.0,0.0,0.0,0.0,0.0,0.0,0.0,0.0,0.0,0.0,0.0,0.0,0.0,0.0,0.0,0.0,0.0,0.0,0.0,0.0,0.0,0.0,0.0,0.0,0.0,0.0,0.0,0.0,0.0,0.0,0.0,0.0,0.0,0.0,0.0,0.0,0.0,0.0,0.0,0.0,0.0,0.0,0.0,0.0,0.0,0.0,0.0,0.0,0.0,0.0,0.0,0.0,0.0,0.0,0.0,0.0,0.0,0.0,0.0,0.0,0.0,0.0,0.0,0.0
ENCFF000WXS,0.1544170612881639,37361,1324,3775,32967,541,66764,5870,244,392,307,452,2709,2817,4979,13834,20093,2583,453,4332,5194,129,642,81,47,92,771,1006,2887,21214,3176,231,158,552,1577,1497,41,1748,26,9,6460,9808,57,557,19,316,621,5146,18093,110,457,880,1285,427,263,5436,154,370,318,152,701,1157,412,8191,237,259,280,45,38133,46172,6347,963,618,1117,4452,263,1081,426,670,791,215,905,1084,3407,369,487,3077,13,779,451,9,1116,186,33,1590,1010,6906,145442,8804,96,24399,35387,2249,30567,1301,579,4723,1408,1544,28,2549,6444,6711,376,3917,27323,1855,25653,424,1500,1681,7695,654,37390,1199,5199,2731,690,2369,335,124,28011,7902,806,18738,4939,10548,25699,223,3888,2310,983,3007,39185,328,297,67,89,28,32,1948,270,453,9410,4115,586,3240,32776,2842,410,988,1801,1573,2563,3718,3269,4708,53,113,44,871,18,1484,461,1482,3216,25,14,510,611,943,13536,6541,38862,1972,23182,28573,12512,26855,11346,24030,271,24784,29572,9505,8398,20604,17387,5519,729,213,564,54,468,767,165,59,41,36,3629,231,27723,9767,6662,256,290962,31619,3148,23238,16149,999,547,33417,15866,45353,3030,39891,143,40542,40,359,595,68,235,849,184,3439,2007,15,585,759,510,809,358,2260,1298,191,206,4237,2674,1751,2459,1113,303,602,673,325,299,258,408,932,4572,996,326,1606,2145,1943,8753,23800,696,2046,2697,1230,797,606,563,816,475,147,6938,437,769,4532,301,1400,365,3451,928,978,549,793,149,383,513,2091,2065,712,816,661,2126,1336,676,675,808,3396,32,17,348,538,505,268,12251,129,8282,22,466,45,5672,689,6207,5666,6244,35,2364,113,156,1284,3301,59539,608,1830,1852,938,60,2388,212,577,620,13286,5204,2455,1294,26,111,108,11,36,611,659,2170,535,3388,434,403,1457,41610,305,1818,112548,750,5389,859,4766,1175,2259,263,468,3951,697,1019,1006,318,353,248,5674,1102,913,1054,430,1064,1150,22096,92,9124,1944,54,23559,6085,27,275,5868,796,39,5715,702,1098,265,2924,946,21910,2899,606,632,1054,386,1081,764,1176,636,19,1025,31,1592,116,65,155,424,413,459,639,34975,1499,8290,4312,1082,464,765,150,32934,145,13959,1525,11118,1496,341,2591,10,27226,4941,8843,37814,1975,16267,235,339,297,790,962,1020,669,1189,6510,929,19,273,945,31,46,3602,3755,27,265,130,23388,35212,25223,6632,31775,3965,425,60927,80067,10852,36343,58469,71760,213,164,636,633,146,745,1181,282,378,640,5972,0.0,0.0,0.0,0.0,0.0,0.0,0.0,0.0,0.0,0.0,0.0,0.0,0.0,0.0,0.0,0.0,0.0,0.0,0.0,0.0,0.0,0.0,0.0,0.0,0.0,0.0,0.0,0.0,0.0,0.0,0.0,0.0,0.0,0.0,0.0,0.0,0.0,0.0,0.0,0.0,0.0,0.0,0.0,0.0,0.0,0.0,0.0,0.0,0.0,0.0,0.0,0.0,0.0,0.0,0.0,0.0,0.0,0.0,0.0,0.0,0.0,0.0,0.0,0.0,0.0,0.0,0.0,0.0,0.0,0.0,0.0,0.0,0.0,0.0,0.0,0.0,0.0,0.0,0.0,0.0,0.0,0.0,0.0,0.0,0.0,0.0,0.0,0.0,0.0,0.0,0.0,0.0,0.0,0.0,0.0,0.0,0.0,0.0,0.0,0.0,0.0,0.0,0.0,0.0,0.0,0.0,0.0,0.0,0.0,0.0,0.0,0.0,0.0,0.0,0.0,0.0,0.0,0.0,0.0,0.0,0.0,0.0,0.0,0.0,0.0,0.0,0.0,0.0,0.0,0.0,0.0,0.0,0.0,0.0,0.0,0.0,0.0,0.0,0.0,0.0,0.0,0.0,0.0,0.0,0.0,0.0,0.0,0.0,0.0,0.0
ENCFF000WUS,0.164396846383783,68281,715,4760,53123,918,141321,8118,490,889,434,962,5121,7222,15253,28733,50072,5501,737,7892,7981,216,1026,152,79,106,1780,2244,4754,27959,5061,385,267,794,2777,2749,77,2808,27,70,10507,15596,95,967,77,216,1184,8437,28457,282,764,1532,2239,640,432,8769,255,465,576,204,1054,2506,699,17561,904,816,634,226,65127,63126,10013,1669,1023,1889,7075,457,1913,763,1213,1444,347,1390,1897,5219,689,783,5380,40,1304,682,18,1767,222,39,1623,2005,19778,232271,15090,148,39979,57575,3762,49304,1901,978,7415,2214,2624,37,3830,10263,10285,283,6162,44494,3994,40087,682,2643,2809,12251,1194,58215,2019,8292,4209,1035,3788,469,210,42617,22415,1700,35077,13812,14606,39353,393,6708,4855,1785,5212,60437,789,524,213,172,53,75,3222,351,1093,14335,6808,906,5815,53843,4869,570,1860,1746,1708,4440,6150,5110,8166,96,184,63,1541,31,2665,900,1414,410,58,0,896,1077,1623,20863,10322,60129,3361,42142,44999,19769,36358,18758,39285,478,38867,46311,14681,13021,31924,26504,8551,1281,572,1042,82,788,1349,256,86,44,45,5438,490,51335,15861,21415,393,375362,51750,4743,40464,34679,1589,843,56213,27438,80726,6423,61185,319,60454,59,482,1252,876,429,1488,431,5519,3210,52,1032,1363,934,1337,628,3793,2269,304,387,6826,4254,3069,4207,1827,503,994,1127,541,485,427,788,1644,7360,1846,551,2481,3381,3333,16305,27578,1550,3491,4248,2030,1303,1020,975,1510,799,381,10432,688,1317,7638,553,2370,595,5664,1608,1564,867,1461,472,712,795,3541,3631,1222,1375,1077,3487,2220,1144,1215,1486,5669,41,48,552,951,688,336,20454,121,14121,29,751,58,9390,1043,10112,9343,10513,47,3900,164,254,2673,5277,98728,944,2934,3261,1544,164,4021,280,293,1005,22074,9663,5702,1947,36,252,175,27,71,1036,1897,3391,928,5238,784,749,2085,74274,594,3080,173204,976,8371,1492,8038,2811,3698,486,1278,7530,1192,1661,1662,555,610,378,14523,1916,1512,1819,831,1710,2081,36192,118,14975,3168,64,36377,9491,46,438,8749,1091,94,9450,1191,1787,430,4774,1755,29819,4940,1051,1174,1725,649,1858,1379,1753,1332,35,1351,46,2564,156,36,295,693,481,1041,1024,42190,2547,13792,7159,1648,736,1264,285,52562,252,21991,2652,17306,1970,570,4187,83,49220,8653,15572,64704,1889,27871,371,574,554,1361,917,1717,1088,2019,8627,1632,66,450,1570,48,50,5702,5860,34,511,308,35430,56279,41164,10216,49924,5960,1554,96071,125853,18608,57794,92378,113351,490,265,1135,1079,338,1269,1905,416,622,1055,9419,0.0,0.0,0.0,0.0,0.0,0.0,0.0,0.0,0.0,0.0,0.0,0.0,0.0,0.0,0.0,0.0,0.0,0.0,0.0,0.0,0.0,0.0,0.0,0.0,0.0,0.0,0.0,0.0,0.0,0.0,0.0,0.0,0.0,0.0,0.0,0.0,0.0,0.0,0.0,0.0,0.0,0.0,0.0,0.0,0.0,0.0,0.0,0.0,0.0,0.0,0.0,0.0,0.0,0.0,0.0,0.0,0.0,0.0,0.0,0.0,0.0,0.0,0.0,0.0,0.0,0.0,0.0,0.0,0.0,0.0,0.0,0.0,0.0,0.0,0.0,0.0,0.0,0.0,0.0,0.0,0.0,0.0,0.0,0.0,0.0,0.0,0.0,0.0,0.0,0.0,0.0,0.0,0.0,0.0,0.0,0.0,0.0,0.0,0.0,0.0,0.0,0.0,0.0,0.0,0.0,0.0,0.0,0.0,0.0,0.0,0.0,0.0,0.0,0.0,0.0,0.0,0.0,0.0,0.0,0.0,0.0,0.0,0.0,0.0,0.0,0.0,0.0,0.0,0.0,0.0,0.0,0.0,0.0,0.0,0.0,0.0,0.0,0.0,0.0,0.0,0.0,0.0,0.0,0.0,0.0,0.0,0.0,0.0,0.0,0.0
ENCFF056KLC,0.09496997886598578,27837,85,2977,27733,313,58613,5228,230,170,196,464,2464,1243,4853,14425,12810,1707,646,4183,4071,122,637,25,29,16,898,201,2721,24193,3207,154,52,436,1571,1384,29,1670,18,0,5730,10652,88,347,18,33,529,4757,23378,29,802,1090,1081,307,471,9373,66,340,154,56,652,1121,605,11227,357,118,47,16,35520,52342,8728,956,571,1560,7550,224,973,506,587,724,189,976,1040,3704,395,670,3292,8,657,643,4,935,85,14,996,736,12800,130182,9283,101,24047,33458,2022,29379,1582,632,4869,1561,1417,5,3302,7990,8287,34,4319,34414,976,24748,94,618,948,5686,285,44737,1234,4961,2008,295,2189,204,30,31886,5311,107,12993,5023,16033,30611,28,3266,3355,994,2786,19333,142,101,59,76,16,26,1852,424,201,8770,3387,281,2605,27953,2097,323,1018,509,358,2270,3372,3467,9752,23,106,13,850,23,1147,501,1859,2431,14,32,425,488,900,13250,5346,41194,2185,19451,28040,10841,23404,12861,22094,188,24748,28700,12506,8455,21923,15246,3428,815,27,519,101,574,922,93,16,15,45,3431,81,27995,11277,4561,167,157428,34242,3997,21441,17977,909,551,30413,13979,48461,1471,33742,76,34166,15,301,928,10,248,742,161,4041,3142,206,701,640,529,809,432,1872,1124,1621,150,4468,3047,1546,5128,1358,336,717,632,343,293,209,1442,1031,4345,674,318,1144,2294,1552,8013,76252,213,2027,5219,1045,682,515,486,774,465,833,6070,475,1179,5198,247,1378,423,3727,1190,809,702,823,743,430,393,2069,1649,711,733,747,2994,1563,981,587,877,3126,26,29,332,647,455,265,13286,42,8664,29,216,242,5060,640,7074,5135,8552,9,2115,30,86,655,4620,72599,426,1442,2687,992,21,1943,65,253,2175,13677,5661,2258,1290,13,147,28,5,29,551,622,1908,493,3470,511,369,987,40912,175,1530,106201,392,5413,820,4741,535,1783,254,69,2591,653,828,877,394,312,211,1674,1157,829,835,379,964,1092,19590,14,11245,1240,12,30016,6364,25,360,4400,583,14,6660,581,1810,140,3113,875,11965,1748,275,617,880,495,758,687,1410,276,2,776,7,1807,98,268,89,106,163,165,644,35185,820,7098,3866,640,682,521,102,39442,71,10701,1034,9771,1118,98,2247,4,22887,4350,6780,35366,3331,12260,127,80,293,787,411,765,634,1342,3913,789,40,179,887,10,3,2877,3292,5,68,99,20845,33994,27033,6152,25204,3834,764,52854,77011,12895,32961,59519,61474,211,81,545,545,231,735,1153,269,187,476,5272,0.0,0.0,0.0,0.0,0.0,0.0,0.0,0.0,0.0,0.0,0.0,0.0,0.0,0.0,0.0,0.0,0.0,0.0,0.0,0.0,0.0,0.0,0.0,0.0,0.0,0.0,0.0,0.0,0.0,0.0,0.0,0.0,0.0,0.0,0.0,0.0,0.0,0.0,0.0,0.0,0.0,0.0,0.0,0.0,0.0,0.0,0.0,0.0,0.0,0.0,0.0,0.0,0.0,0.0,0.0,0.0,0.0,0.0,0.0,0.0,0.0,0.0,0.0,0.0,0.0,0.0,0.0,0.0,0.0,0.0,0.0,0.0,0.0,0.0,0.0,0.0,0.0,0.0,0.0,0.0,0.0,0.0,0.0,0.0,0.0,0.0,0.0,0.0,0.0,0.0,0.0,0.0,0.0,0.0,0.0,0.0,0.0,0.0,0.0,0.0,0.0,0.0,0.0,0.0,0.0,0.0,0.0,0.0,0.0,0.0,0.0,0.0,0.0,0.0,0.0,0.0,0.0,0.0,0.0,0.0,0.0,0.0,0.0,0.0,0.0,0.0,0.0,0.0,0.0,0.0,0.0,0.0,0.0,0.0,0.0,0.0,0.0,0.0,0.0,0.0,0.0,0.0,0.0,0.0,0.0,0.0,0.0,0.0,0.0,0.0
ENCFF000CSE,0.17463829261930347,17030,41,1953,10596,163,28470,2179,82,210,170,277,986,1367,2587,3787,8145,1625,399,1856,3621,128,698,104,33,24,187,43,1254,10632,2341,227,94,264,745,494,12,1045,19,1,4267,8393,49,570,12,30,214,2434,3422,1,197,295,379,392,270,4721,110,251,207,70,629,556,87,3350,134,169,9,12,20315,30423,6346,295,179,459,3885,148,335,155,216,288,41,259,329,3078,135,145,1206,74,211,137,21,1420,81,18,1654,292,6256,116005,7047,42,22229,26317,1031,25904,1518,175,3656,1003,832,4,1589,5232,5136,137,2454,32122,770,10851,131,487,586,5864,198,10570,358,3865,1944,520,2059,552,84,21994,7024,18,5341,2335,7228,23362,5,1667,924,308,2174,11836,151,159,31,107,34,20,1548,240,297,5645,3666,560,2104,10167,814,581,294,768,686,1489,2464,2408,7086,41,58,30,287,10,500,185,2762,5127,3,2,122,455,270,14700,5476,30230,1040,16902,21559,6749,10483,7080,15397,159,18389,20043,8745,6699,15708,11577,2985,374,3,370,13,133,238,139,58,75,28,2205,123,8338,4837,3713,40,89998,21216,1802,16866,6381,835,2431,20582,8102,21804,1132,29592,93,31696,26,146,388,38,100,271,124,1320,1521,9,169,262,121,200,118,875,444,209,125,2326,1502,1095,1980,323,72,223,190,84,103,70,464,285,2306,565,132,1623,1071,626,2572,5888,82,980,2682,524,200,163,154,215,148,80,5359,169,248,3409,100,770,123,2225,294,266,116,224,33,138,172,762,763,184,268,171,1683,642,199,197,221,1275,40,108,104,133,362,50,12260,37,8094,81,404,16,4079,559,5411,3990,3545,18,1637,105,162,585,2745,27912,517,1335,1150,726,4,924,142,307,425,7778,2267,1013,1003,210,329,84,5,42,160,295,1867,193,1995,157,156,421,14026,110,697,96246,171,7421,260,1650,183,946,104,7,2229,211,279,311,179,149,156,500,348,224,293,145,307,401,16290,182,5433,1561,24,18133,4451,7,212,2945,525,26,3167,198,766,209,2482,311,4668,678,324,243,313,138,420,215,1850,168,9,1060,18,747,286,7,175,251,171,225,352,8040,554,2307,1529,326,182,819,57,35374,23,9183,647,10304,979,148,2280,5,14831,5616,4611,23363,889,4874,67,76,129,270,101,286,192,372,1752,267,13,135,285,4,18,3719,3229,6,30,117,15759,18966,14524,3012,22172,3004,149,34982,50436,6715,20221,40042,48858,142,140,166,184,66,207,1108,208,490,298,3860,0.0,0.0,0.0,0.0,0.0,0.0,0.0,0.0,0.0,0.0,0.0,0.0,0.0,0.0,0.0,0.0,0.0,0.0,0.0,0.0,0.0,0.0,0.0,0.0,0.0,0.0,0.0,0.0,0.0,0.0,0.0,0.0,0.0,0.0,0.0,0.0,0.0,0.0,0.0,0.0,0.0,0.0,0.0,0.0,0.0,0.0,0.0,0.0,0.0,0.0,0.0,0.0,0.0,0.0,0.0,0.0,0.0,0.0,0.0,0.0,0.0,0.0,0.0,0.0,0.0,0.0,0.0,0.0,0.0,0.0,0.0,0.0,0.0,0.0,0.0,0.0,0.0,0.0,0.0,0.0,0.0,0.0,0.0,0.0,0.0,0.0,0.0,0.0,0.0,0.0,0.0,0.0,0.0,0.0,0.0,0.0,0.0,0.0,0.0,0.0,0.0,0.0,0.0,0.0,0.0,0.0,0.0,0.0,0.0,0.0,0.0,0.0,0.0,0.0,0.0,0.0,0.0,0.0,0.0,0.0,0.0,0.0,0.0,0.0,0.0,0.0,0.0,0.0,0.0,0.0,0.0,0.0,0.0,0.0,0.0,0.0,0.0,0.0,0.0,0.0,0.0,0.0,0.0,0.0,0.0,0.0,0.0,0.0,0.0,0.0
ENCFF030EJQ,0.12925353002007145,241460,113,1488,18234,205,86042,9939,376,299,204,963,3936,1131,2820,9773,9690,1883,694,4506,6392,483,726,61,157,73,2746,19423,3337,11615,4204,156,65,498,2472,2281,25,2482,41,5,9053,9249,49,210,41,14,776,6108,8880,1088,892,1582,1546,189,244,6337,60,387,332,281,1184,2170,107,3194,166,121,5198,138,21907,40206,5667,1409,748,2420,6352,46,1673,764,855,961,294,1433,1785,2411,516,877,4267,32,982,918,12,879,187,41,965,560,5953,140588,8877,393,25118,32863,3230,28706,1814,861,3682,1435,1877,46,3635,8126,9693,115,6308,37306,852,19601,132,417,590,6231,209,24189,1365,8084,2514,250,2200,134,119,27490,2976,7959,5878,3525,16075,26977,610,4920,4996,1473,4309,16899,274,1153,44,97,31,9,1725,401,550,13239,3787,318,3588,17676,1435,247,1708,526,296,2369,6662,9115,7477,71,98,25,1189,51,1398,692,664,103,9,16,535,437,1557,11587,5507,42416,2755,17617,27186,11692,17152,14081,25270,125,23509,29634,12029,9391,25316,17828,3436,968,1560,579,37,843,1375,113,39,16,82,5699,130,20834,7764,3269,321,155748,34905,4170,20927,7480,973,789,26490,15345,33041,2425,45583,184,48994,67,315,1070,60,402,1209,591,4600,2233,45,871,806,765,1298,662,2976,1494,481,212,5527,3690,1847,4256,1875,375,1131,877,530,350,298,333,1215,3652,943,473,1341,3250,2109,5109,19283,18400,2810,3734,1431,999,827,813,1013,588,117,7239,709,1947,5214,413,1951,657,4222,2116,1333,1148,1145,492,552,483,2905,2109,1125,971,942,2677,1996,1313,759,1374,3299,32,34,466,920,794,436,16077,713,10480,41,198,192,5502,731,8573,8170,9441,27,2596,261,39,1431,3952,49741,1515,2086,2956,1095,174,2455,44,137,1596,20582,6498,4698,1375,145,233,122,11,77,692,1227,2310,1010,4130,791,531,806,24661,459,1875,104637,512,5638,1141,7088,19980,2440,333,1603,10315,912,1444,1400,393,305,103,165211,2074,1305,1315,634,1271,1504,22044,45,13750,1192,28,32330,7590,33,426,7486,1202,121,6998,891,2393,260,4381,1191,8589,1062,2557,862,1354,784,991,1088,1694,650,63,999,55,3016,280,308,94,1192,239,151,403,19919,730,5434,2974,384,768,959,304,31152,1059,11632,1782,10483,1365,58,2756,28,35547,5984,12414,43131,1203,7831,109,242,477,1211,655,1319,942,1346,5671,1164,21,123,1230,38,61,2998,2977,12,1023,266,23325,28692,22759,5986,27752,3886,478,45806,66951,10340,27884,55942,66881,109,69,823,757,362,1061,603,357,239,830,7990,0.0,0.0,0.0,0.0,0.0,0.0,0.0,0.0,0.0,0.0,0.0,0.0,0.0,0.0,0.0,0.0,0.0,0.0,0.0,0.0,0.0,0.0,0.0,0.0,0.0,0.0,0.0,0.0,0.0,0.0,0.0,0.0,0.0,0.0,0.0,0.0,0.0,0.0,0.0,0.0,0.0,0.0,0.0,0.0,0.0,0.0,0.0,0.0,0.0,0.0,0.0,0.0,0.0,0.0,0.0,0.0,0.0,0.0,0.0,0.0,0.0,0.0,0.0,0.0,0.0,0.0,0.0,0.0,0.0,0.0,0.0,0.0,0.0,0.0,0.0,0.0,0.0,0.0,0.0,0.0,0.0,0.0,0.0,0.0,0.0,0.0,0.0,0.0,0.0,0.0,0.0,0.0,0.0,0.0,0.0,0.0,0.0,0.0,0.0,0.0,0.0,0.0,0.0,0.0,0.0,0.0,0.0,0.0,0.0,0.0,0.0,0.0,0.0,0.0,0.0,0.0,0.0,0.0,0.0,0.0,0.0,0.0,0.0,0.0,0.0,0.0,0.0,0.0,0.0,0.0,0.0,0.0,0.0,0.0,0.0,0.0,0.0,0.0,0.0,0.0,0.0,0.0,0.0,0.0,0.0,0.0,0.0,0.0,0.0,0.0
ENCFF000VRY,0.15544955579184278,35332,254,2493,11553,458,35953,2837,136,224,139,262,1703,2004,3656,5676,11884,1513,201,2570,3101,69,271,32,15,26,352,1932,1546,10653,1678,121,163,250,823,775,81,776,20,12,3510,4799,29,303,14,84,195,2512,7846,241,218,447,680,218,127,2899,80,129,192,50,308,816,307,4480,126,222,512,41,21037,22391,2957,493,346,972,2454,75,580,256,391,413,85,448,459,1732,245,238,1669,12,477,222,19,536,524,14,782,671,6665,80539,5293,48,13246,18928,1113,16205,484,308,2308,746,851,7,1286,3439,3245,66,2003,14735,1393,15285,365,1656,1430,4544,705,18546,680,2851,1591,394,1179,232,40,14599,5370,1577,10378,3632,5699,11949,437,2179,1059,492,1635,15358,204,400,34,65,32,21,792,146,266,5320,2092,325,2218,12719,1441,204,534,405,343,1277,2327,1948,2320,34,54,25,449,16,901,309,419,64,60,10,353,350,445,7113,3201,20175,1083,13737,14865,6631,12888,6027,13217,116,12881,15453,4873,4475,10562,8363,2702,448,410,331,40,206,454,78,52,13,31,1879,157,17215,5704,4810,100,103237,16225,1615,11918,9325,395,341,18057,8520,25418,2518,19408,104,19101,28,198,436,149,144,472,75,1685,903,18,319,452,294,411,206,1117,604,165,101,2074,1268,883,1214,555,166,259,358,168,159,116,244,492,2532,645,202,821,977,930,4651,12318,1226,940,1383,628,345,298,307,454,234,91,3098,249,348,2265,207,685,194,1836,468,450,304,400,146,223,325,1091,1202,381,394,319,1150,720,320,386,452,1854,16,16,191,287,233,202,6215,63,4546,22,254,30,2675,346,3281,3190,3180,15,1118,52,110,621,1694,30137,374,921,984,529,76,1289,74,176,226,6808,2882,1697,575,21,96,66,3,19,327,361,1112,253,1859,240,229,811,16317,254,1003,61577,263,2439,462,2312,2017,1231,142,973,3829,379,430,493,174,194,142,10695,527,421,502,228,495,567,10975,38,4327,1114,25,11732,4435,23,106,2843,299,28,2911,404,546,154,1328,507,8664,1396,536,400,492,201,484,437,610,400,4,500,16,860,38,16,73,369,177,398,373,14716,1285,4219,3157,738,250,472,89,16558,259,7641,1000,5522,490,184,1332,55,15001,2888,4778,20787,1503,7717,180,92,197,523,303,473,354,640,3360,486,20,227,524,7,13,1772,1675,15,370,120,10687,20258,14563,3670,16657,1827,199,31246,43134,6684,20774,30470,37075,89,77,384,299,101,395,603,154,199,302,3048,0.0,0.0,0.0,0.0,0.0,0.0,0.0,0.0,0.0,0.0,0.0,0.0,0.0,0.0,0.0,0.0,0.0,0.0,0.0,0.0,0.0,0.0,0.0,0.0,0.0,0.0,0.0,0.0,0.0,0.0,0.0,0.0,0.0,0.0,0.0,0.0,0.0,0.0,0.0,0.0,0.0,0.0,0.0,0.0,0.0,0.0,0.0,0.0,0.0,0.0,0.0,0.0,0.0,0.0,0.0,0.0,0.0,0.0,0.0,0.0,0.0,0.0,0.0,0.0,0.0,0.0,0.0,0.0,0.0,0.0,0.0,0.0,0.0,0.0,0.0,0.0,0.0,0.0,0.0,0.0,0.0,0.0,0.0,0.0,0.0,0.0,0.0,0.0,0.0,0.0,0.0,0.0,0.0,0.0,0.0,0.0,0.0,0.0,0.0,0.0,0.0,0.0,0.0,0.0,0.0,0.0,0.0,0.0,0.0,0.0,0.0,0.0,0.0,0.0,0.0,0.0,0.0,0.0,0.0,0.0,0.0,0.0,0.0,0.0,0.0,0.0,0.0,0.0,0.0,0.0,0.0,0.0,0.0,0.0,0.0,0.0,0.0,0.0,0.0,0.0,0.0,0.0,0.0,0.0,0.0,0.0,0.0,0.0,0.0,0.0
ENCFF002EEW,0.16826834870545002,103060,353,4423,47679,819,125389,7311,365,456,372,817,4101,3214,7745,28009,29274,3600,476,6113,7962,190,905,90,56,70,1308,5807,3903,26162,4620,325,335,584,2138,1927,209,2316,25,25,9655,13556,45,764,20,95,677,6649,23229,718,660,1183,1808,596,398,8598,182,437,683,189,884,1822,365,11943,375,339,1550,84,52786,63101,9191,1252,825,2493,7111,373,1453,617,934,1051,240,1239,1401,4851,524,634,4504,21,1071,620,17,1428,125,27,1310,1481,21281,214304,12804,126,35375,48892,3097,42714,1297,730,6718,2082,2145,22,3461,9521,9690,141,6218,41020,2680,35781,567,2284,2528,10649,964,48615,1578,8409,4006,871,3259,426,189,36377,10342,5804,17828,7421,15736,35625,1042,5902,3541,1538,5232,50172,370,997,111,111,35,40,2674,294,711,14434,6060,889,4977,49266,4028,573,1358,1136,925,3697,6402,6092,7051,83,96,31,1189,22,2108,716,1100,244,146,6,848,856,1217,18519,8916,55142,2832,32796,40079,18638,35268,16100,33869,311,33029,39248,14021,11499,27966,22988,6533,1121,1283,944,78,564,1103,180,101,12,60,5694,286,41293,14609,7937,266,246985,48152,4805,33997,22372,1381,827,48848,23937,67405,6067,59340,292,62011,49,433,1049,156,393,1104,294,4596,2738,48,818,1095,735,1118,538,3025,1750,500,264,5821,3704,2616,3738,1462,431,792,896,448,427,322,604,1274,6216,1870,437,2102,2778,2520,10111,31692,4063,2797,3810,1627,1017,738,705,1164,618,209,8957,644,989,6108,453,1928,478,5205,1291,1145,695,1199,340,532,790,2876,2902,933,1147,875,3116,1917,935,902,1084,4908,46,30,508,779,682,515,19429,183,13020,35,674,89,7797,971,9209,8833,10018,31,3236,143,230,1588,4843,78520,1082,2759,2559,1350,298,3298,218,204,810,18404,7787,3823,1832,58,260,139,19,44,828,1850,3181,647,5098,573,610,1588,56748,700,2536,157251,605,7017,1208,6168,6514,3073,357,2244,9711,949,1190,1309,458,515,427,30838,1470,1166,1336,633,1392,1425,30765,81,12740,2782,27,34373,8924,57,335,8522,969,88,8221,954,2059,379,3648,1336,19417,3963,1454,925,1302,532,1416,1018,2396,829,32,1392,41,2339,148,81,241,1047,311,672,783,48183,2271,11416,6651,1450,632,1113,253,47045,595,20155,2875,16374,1663,415,3845,40,37222,6985,12743,54461,3166,16005,370,238,455,1339,632,1393,872,1753,8773,1248,38,552,1221,30,28,5026,5162,14,1131,222,29511,47019,35151,8664,43099,4867,483,80626,103913,16013,49361,76735,95401,263,187,920,854,290,984,1611,461,571,857,9041,0.0,0.0,0.0,0.0,0.0,0.0,0.0,0.0,0.0,0.0,0.0,0.0,0.0,0.0,0.0,0.0,0.0,0.0,0.0,0.0,0.0,0.0,0.0,0.0,0.0,0.0,0.0,0.0,0.0,0.0,0.0,0.0,0.0,0.0,0.0,0.0,0.0,0.0,0.0,0.0,0.0,0.0,0.0,0.0,0.0,0.0,0.0,0.0,0.0,0.0,0.0,0.0,0.0,0.0,0.0,0.0,0.0,0.0,0.0,0.0,0.0,0.0,0.0,0.0,0.0,0.0,0.0,0.0,0.0,0.0,0.0,0.0,0.0,0.0,0.0,0.0,0.0,0.0,0.0,0.0,0.0,0.0,0.0,0.0,0.0,0.0,0.0,0.0,0.0,0.0,0.0,0.0,0.0,0.0,0.0,0.0,0.0,0.0,0.0,0.0,0.0,0.0,0.0,0.0,0.0,0.0,0.0,0.0,0.0,0.0,0.0,0.0,0.0,0.0,0.0,0.0,0.0,0.0,0.0,0.0,0.0,0.0,0.0,0.0,0.0,0.0,0.0,0.0,0.0,0.0,0.0,0.0,0.0,0.0,0.0,0.0,0.0,0.0,0.0,0.0,0.0,0.0,0.0,0.0,0.0,0.0,0.0,0.0,0.0,0.0
ENCFF982FDH,0.16250553329571643,9028,45,579,14063,149,24080,1772,80,57,50,121,895,416,2028,7964,6157,404,147,1308,1161,23,156,22,40,33,349,413,930,10149,791,41,20,117,599,629,11,605,6,0,1709,2181,21,96,13,8,206,1697,10233,40,212,403,519,85,43,998,18,77,50,32,150,414,161,4997,88,104,112,6,12650,9246,1030,411,233,515,955,40,454,210,247,341,93,394,406,663,142,289,1189,5,299,243,6,199,85,11,321,392,5314,33657,1759,24,4881,7646,834,6505,400,233,842,318,368,2,570,1304,1414,70,965,6818,446,10024,54,235,314,1531,104,17132,428,1216,515,75,400,45,23,5509,1938,167,9380,1987,2107,5059,19,1125,1356,390,714,26202,147,41,27,19,11,11,403,115,51,2058,746,78,829,14238,1023,84,446,227,120,628,792,726,1034,16,15,12,361,8,477,216,228,62,3,2,193,121,374,2357,1164,8271,675,5511,7368,3158,9414,3509,6789,59,5195,6572,1883,1736,5358,3596,1267,261,56,193,8,219,398,24,12,9,38,832,29,11543,3119,2122,82,40280,8881,900,5541,8122,215,108,8360,4447,15913,539,7148,10,6660,4,58,149,2,99,311,57,1229,569,8,250,257,204,331,154,777,454,28,38,1429,919,451,521,563,107,269,264,153,119,88,66,403,1133,272,140,374,705,597,3360,10214,280,796,638,409,305,226,265,311,181,15,1657,202,490,1133,114,429,172,932,481,346,288,300,25,207,161,798,664,297,265,302,572,505,365,258,369,1090,8,13,146,276,90,57,2966,41,1779,6,59,10,1373,142,1508,1403,1959,13,652,20,11,653,683,21288,107,380,578,231,19,719,19,208,318,4402,1793,774,309,9,23,16,6,12,247,386,443,259,733,232,162,853,19660,67,515,21162,138,1321,373,1934,477,687,75,96,837,285,370,367,138,117,64,2408,451,320,341,135,362,415,5498,15,3317,313,17,5210,1808,18,91,1552,238,26,1985,224,235,46,1053,365,11996,717,114,226,364,203,250,317,224,184,11,141,9,532,40,17,23,36,225,63,253,14906,338,3119,1263,282,163,193,78,6674,31,2544,366,1903,292,28,537,2,6170,1146,2085,8397,421,10169,55,46,150,360,162,341,293,379,2962,337,6,47,392,9,8,658,614,5,43,17,5205,7961,6846,1754,6461,883,104,16624,17896,2893,8314,13835,15499,55,30,242,229,84,314,160,80,60,166,1527,0.0,0.0,0.0,0.0,0.0,0.0,0.0,0.0,0.0,0.0,0.0,0.0,0.0,0.0,0.0,0.0,0.0,0.0,0.0,0.0,0.0,0.0,0.0,0.0,0.0,0.0,0.0,0.0,0.0,0.0,0.0,0.0,0.0,0.0,0.0,0.0,0.0,0.0,0.0,0.0,0.0,0.0,0.0,0.0,0.0,0.0,0.0,0.0,0.0,0.0,0.0,0.0,0.0,0.0,0.0,0.0,0.0,0.0,0.0,0.0,0.0,0.0,0.0,0.0,0.0,0.0,0.0,0.0,0.0,0.0,0.0,0.0,0.0,0.0,0.0,0.0,0.0,0.0,0.0,0.0,0.0,0.0,0.0,0.0,0.0,0.0,0.0,0.0,0.0,0.0,0.0,0.0,0.0,0.0,0.0,0.0,0.0,0.0,0.0,0.0,0.0,0.0,0.0,0.0,0.0,0.0,0.0,0.0,0.0,0.0,0.0,0.0,0.0,0.0,0.0,0.0,0.0,0.0,0.0,0.0,0.0,0.0,0.0,0.0,0.0,0.0,0.0,0.0,0.0,0.0,0.0,0.0,0.0,0.0,0.0,0.0,0.0,0.0,0.0,0.0,0.0,0.0,0.0,0.0,0.0,0.0,0.0,0.0,0.0,0.0
ENCFF002BHN,0.08450896825056235,1031427,991,8237,1254,0,13303,2352,111,170,213,2193,1047,1200,637,28,8,2142,1016,1185,5766,118,1336,1,0,0,181,22024,1722,238,5396,219,603,503,749,557,12,1080,0,0,4216,16067,0,355,0,111,202,4343,76,2564,891,1099,490,506,100,25364,19,497,95,0,1242,482,0,3,9,4,7638,0,21914,165831,14848,371,345,2971,10386,128,477,158,352,370,82,370,346,4552,156,187,1730,23,229,196,0,1740,3055,0,6344,98,19,186067,16449,78,78654,44348,1131,39376,637,229,5336,1143,1513,0,37208,12089,9961,2,3001,202908,87,8407,0,0,160,8261,0,195,364,7744,2812,204,3177,167,3,63300,1566,9529,71,489,16346,86898,18480,3095,1098,409,3955,1227,8,17244,0,91,0,19,2895,819,112,8790,6635,358,2464,573,195,669,477,145,101,2492,4418,5388,12926,0,3,0,326,0,394,215,625,425,0,0,161,327,496,20505,11625,59340,2694,17431,29653,8692,5812,14721,35006,137,32005,35039,13656,18005,38569,274054,2414,791,367,26,9,306,530,202,0,0,0,4249,0,5856,3965,8,0,189967,24989,4878,26581,622,1610,591,28277,10065,15998,33,57014,17,59847,0,104,849,0,103,352,470,2356,3558,0,206,230,202,357,188,1345,385,6449,72,4724,2979,1346,5301,593,94,338,244,129,93,58,1356,354,2347,402,123,1302,1490,788,1568,197,26452,1563,9397,886,261,220,213,422,129,259,6720,230,453,7778,112,1898,165,3782,484,329,206,351,2,232,365,1206,547,289,314,203,3720,1457,438,145,366,1698,58,4,125,354,600,3,30693,0,18482,42,238,139,6554,737,63290,7075,5396,0,3148,20,17,22,5116,162272,1711,2261,3421,1455,7,743,34,7,2479,7916,1921,2005,2217,7,102,2,0,0,232,2,8888,229,9502,200,131,332,171,725,1401,206298,128,8235,291,3826,20260,1290,131,5069,24567,210,530,445,116,80,159,272225,711,461,467,120,335,392,26802,0,17857,1593,0,61168,19510,0,677,4646,266,0,4762,283,642,283,2732,302,571,84,3126,229,444,192,650,345,1461,50,0,2080,0,1693,0,8,121,2790,59,0,90,874,6,1801,498,61,825,775,0,123285,3732,16201,509,20431,2168,37,5488,0,46019,3701,7856,49295,414,1269,42,0,119,338,195,443,349,288,117,361,0,415,274,0,0,6145,5465,18,2152,30,34749,48121,36919,3844,36267,6688,338,51309,91991,14647,48504,95501,94037,248,155,191,200,154,238,1145,297,329,662,6424,0.0,0.0,0.0,0.0,0.0,0.0,0.0,0.0,0.0,0.0,0.0,0.0,0.0,0.0,0.0,0.0,0.0,0.0,0.0,0.0,0.0,0.0,0.0,0.0,0.0,0.0,0.0,0.0,0.0,0.0,0.0,0.0,0.0,0.0,0.0,0.0,0.0,0.0,0.0,0.0,0.0,0.0,0.0,0.0,0.0,0.0,0.0,0.0,0.0,0.0,0.0,0.0,0.0,0.0,0.0,0.0,0.0,0.0,0.0,0.0,0.0,0.0,0.0,0.0,0.0,0.0,0.0,0.0,0.0,0.0,0.0,0.0,0.0,0.0,0.0,0.0,0.0,0.0,0.0,0.0,0.0,0.0,0.0,0.0,0.0,0.0,0.0,0.0,0.0,0.0,0.0,0.0,0.0,0.0,0.0,0.0,0.0,0.0,0.0,0.0,0.0,0.0,0.0,0.0,0.0,0.0,0.0,0.0,0.0,0.0,0.0,0.0,0.0,0.0,0.0,0.0,0.0,0.0,0.0,0.0,0.0,0.0,0.0,0.0,0.0,0.0,0.0,0.0,0.0,0.0,0.0,0.0,0.0,0.0,0.0,0.0,0.0,0.0,0.0,0.0,0.0,0.0,0.0,0.0,0.0,0.0,0.0,0.0,0.0,0.0
ENCFF663NBI,0.14095627917052517,137142,351,1910,36985,390,163123,8562,472,397,233,1034,7592,1591,4835,21902,19772,2189,729,4338,5654,125,680,64,192,127,2215,10176,4319,22282,3984,156,46,541,3044,2763,20,3015,61,7,8917,8635,66,231,75,25,712,7148,17790,638,1026,2106,2214,174,386,4815,72,357,438,269,1266,5541,184,6553,211,201,2453,934,28367,42723,4989,1848,1112,2727,5071,46,2112,1017,1178,1398,365,1929,1978,2355,678,1111,5591,32,1334,1177,22,727,332,31,1099,876,11962,146670,7978,190,22012,32295,4313,27842,2049,1117,3101,1283,1539,39,2916,7041,8754,132,6065,31566,1423,33698,210,851,956,6090,401,50938,1823,6317,2257,250,1780,121,102,23380,4014,4070,12282,6177,12632,23574,336,5681,4584,1692,3877,32473,282,560,85,134,41,25,1531,301,2610,11545,3605,348,3860,36167,2334,224,2107,683,398,2549,4437,5130,5894,121,194,47,1681,83,1960,881,682,223,8,3,743,443,1849,10645,5216,38379,2906,20303,29931,13487,27546,15590,29036,148,22332,29043,9615,8619,24227,16202,4221,1137,817,712,29,1070,1797,152,100,9,76,4512,209,33350,9152,6910,314,167382,37725,3923,21150,13629,909,652,29240,17504,43061,4405,39684,158,41674,143,290,1735,238,539,1494,346,5686,1941,55,1056,1015,1064,1663,872,3664,1780,276,271,6183,4299,2061,2768,2578,536,1493,1310,773,454,375,248,1732,3995,1463,573,1587,3373,2487,7628,12871,10823,3400,3148,1707,1325,1056,1063,1414,804,70,6590,901,2561,4980,539,2176,878,4863,2857,1739,1651,1565,282,680,602,4075,2816,1548,1224,1269,2444,2440,1679,932,1827,4217,52,36,676,1307,924,477,13017,358,8901,45,217,100,5321,672,6927,7439,9224,48,2492,389,65,1664,3004,66857,905,1883,3114,1158,103,2828,39,128,1263,21985,6877,19021,1320,164,287,182,13,174,1013,1409,2257,1134,4167,986,663,1232,52694,345,2372,95890,634,5608,1629,9039,10634,2853,455,857,6296,1261,1614,1786,497,426,92,87330,2414,1717,1596,639,1602,1915,23024,82,15875,1209,26,27049,7218,45,417,6563,1126,275,8421,1262,1447,285,4914,1553,16206,1795,1386,1172,1678,945,1124,1444,1204,878,43,1013,56,2749,242,597,95,685,263,261,517,38367,1209,8271,4244,705,768,1130,362,25203,617,12003,1945,9109,1386,106,2466,36,34793,5958,11520,40974,943,13992,158,275,615,1761,1003,1465,1377,1679,6918,1482,21,141,1589,25,52,2822,2647,9,488,294,21614,30038,25438,6502,27321,3898,599,55409,69689,11945,29513,55720,65283,198,79,1153,995,507,1457,600,339,244,782,7158,0.0,0.0,0.0,0.0,0.0,0.0,0.0,0.0,0.0,0.0,0.0,0.0,0.0,0.0,0.0,0.0,0.0,0.0,0.0,0.0,0.0,0.0,0.0,0.0,0.0,0.0,0.0,0.0,0.0,0.0,0.0,0.0,0.0,0.0,0.0,0.0,0.0,0.0,0.0,0.0,0.0,0.0,0.0,0.0,0.0,0.0,0.0,0.0,0.0,0.0,0.0,0.0,0.0,0.0,0.0,0.0,0.0,0.0,0.0,0.0,0.0,0.0,0.0,0.0,0.0,0.0,0.0,0.0,0.0,0.0,0.0,0.0,0.0,0.0,0.0,0.0,0.0,0.0,0.0,0.0,0.0,0.0,0.0,0.0,0.0,0.0,0.0,0.0,0.0,0.0,0.0,0.0,0.0,0.0,0.0,0.0,0.0,0.0,0.0,0.0,0.0,0.0,0.0,0.0,0.0,0.0,0.0,0.0,0.0,0.0,0.0,0.0,0.0,0.0,0.0,0.0,0.0,0.0,0.0,0.0,0.0,0.0,0.0,0.0,0.0,0.0,0.0,0.0,0.0,0.0,0.0,0.0,0.0,0.0,0.0,0.0,0.0,0.0,0.0,0.0,0.0,0.0,0.0,0.0,0.0,0.0,0.0,0.0,0.0,0.0
ENCFF000CBK,0.14603741277670307,22641,114,1906,16434,493,64650,3370,110,330,206,1762,4032,2262,4365,7984,17104,1926,254,3212,4241,91,594,74,74,53,515,330,1360,9181,2518,149,97,222,911,798,19,993,33,199,7254,6217,29,377,14,29,454,2664,7236,29,259,385,555,285,275,4938,92,200,481,114,647,2360,93,3889,135,159,86,699,20240,30580,4678,438,275,573,10989,133,534,262,309,341,84,385,563,2156,208,203,1379,15,327,201,35,926,88,12,2070,470,6267,104478,5705,76,18017,21207,1143,23304,1561,251,2985,856,782,27,1527,5411,5067,192,3530,21120,1623,16880,363,1459,1205,4745,649,19665,588,4461,2060,458,1759,251,157,20758,9534,217,6592,3833,32391,16917,49,3534,1948,506,1972,16810,180,145,54,61,14,30,1189,165,1870,6560,2609,430,2142,16143,1294,567,463,610,583,1439,2039,1971,5612,54,83,46,370,9,721,241,1269,7210,13,0,230,397,438,14002,3746,25557,1027,16680,21714,6687,11977,6498,15054,153,14300,16219,7603,4816,15395,10520,3203,380,83,578,215,189,327,136,95,52,167,2991,191,14033,5923,5408,132,107472,22863,1548,15262,8763,698,4020,19293,10152,27039,3335,26317,101,29068,84,205,3032,1864,135,425,200,1537,1225,20,289,371,234,336,199,1235,658,332,132,2236,1586,1041,2072,465,134,290,274,146,167,141,349,434,2274,630,175,1648,1180,881,3370,4668,224,1118,2812,590,309,250,212,366,192,139,4173,200,352,2755,131,818,178,1809,444,408,260,327,121,244,229,1038,992,266,358,273,1688,640,300,286,375,1502,19,56,209,238,457,248,10138,170,6623,46,322,115,3400,494,4468,4713,5449,21,1509,217,131,768,2262,34396,375,1272,1122,557,13,1166,102,92,363,10396,5196,7655,860,244,362,96,15,80,231,729,1521,311,2055,232,226,506,21503,181,810,77844,211,7624,386,2309,382,1164,141,126,1998,348,436,503,281,152,128,1874,555,394,563,210,508,623,13854,126,4892,1325,18,17098,3896,25,148,3085,476,96,3011,284,1142,213,1617,486,5941,1122,279,322,509,215,440,349,1635,349,8,690,45,1306,87,48,172,236,215,474,305,15481,1445,3572,2703,812,206,893,208,29125,55,7856,759,8372,875,183,1858,213,15656,7195,5108,22834,643,5202,81,194,215,363,221,464,255,616,3223,432,13,118,415,33,27,2489,2392,10,78,160,12722,17748,13670,3047,18093,2733,210,31563,44243,7387,18772,37076,42033,151,84,281,259,94,310,776,133,326,395,4129,0.0,0.0,0.0,0.0,0.0,0.0,0.0,0.0,0.0,0.0,0.0,0.0,0.0,0.0,0.0,0.0,0.0,0.0,0.0,0.0,0.0,0.0,0.0,0.0,0.0,0.0,0.0,0.0,0.0,0.0,0.0,0.0,0.0,0.0,0.0,0.0,0.0,0.0,0.0,0.0,0.0,0.0,0.0,0.0,0.0,0.0,0.0,0.0,0.0,0.0,0.0,0.0,0.0,0.0,0.0,0.0,0.0,0.0,0.0,0.0,0.0,0.0,0.0,0.0,0.0,0.0,0.0,0.0,0.0,0.0,0.0,0.0,0.0,0.0,0.0,0.0,0.0,0.0,0.0,0.0,0.0,0.0,0.0,0.0,0.0,0.0,0.0,0.0,0.0,0.0,0.0,0.0,0.0,0.0,0.0,0.0,0.0,0.0,0.0,0.0,0.0,0.0,0.0,0.0,0.0,0.0,0.0,0.0,0.0,0.0,0.0,0.0,0.0,0.0,0.0,0.0,0.0,0.0,0.0,0.0,0.0,0.0,0.0,0.0,0.0,0.0,0.0,0.0,0.0,0.0,0.0,0.0,0.0,0.0,0.0,0.0,0.0,0.0,0.0,0.0,0.0,0.0,0.0,0.0,0.0,0.0,0.0,0.0,0.0,0.0
ENCFF000VVW,0.05630772908240831,8538,62,1204,10651,454,38622,1066,82,489,98,157,923,4405,6744,5837,21665,2334,120,1005,1389,45,199,48,17,8,233,65,1247,8267,908,89,62,142,621,553,8,541,7,4,1923,3034,20,164,24,8,110,1831,6925,8,219,293,464,150,108,1900,75,87,107,17,204,461,114,3678,81,84,28,14,15081,13320,1769,380,247,349,1713,66,397,218,304,292,100,434,356,1031,183,183,1105,4,321,160,6,345,85,14,424,465,4888,45431,2723,25,7445,10882,744,9472,375,255,1289,359,353,7,666,1804,1742,17,1353,8374,1959,13689,433,1681,1183,2569,804,16580,510,1629,678,204,816,120,34,7757,10581,99,6281,5755,3640,7061,27,1306,604,377,1002,11868,52,64,69,33,15,7,536,85,107,2757,1324,231,1373,11473,1404,103,360,168,164,779,1077,925,1336,26,37,17,352,16,786,288,379,92,5,5,185,191,249,4003,1941,11638,737,12736,9794,4362,10609,4122,8845,115,7491,8673,2679,2207,6260,4890,1826,234,16,170,27,195,305,50,30,4,7,1084,301,13703,4024,11752,37,50173,10227,1062,7653,10203,280,138,12677,4814,17422,3517,10590,49,10718,11,66,296,104,100,278,45,1111,525,6,264,333,202,301,165,772,485,62,54,1342,956,524,677,454,148,260,233,135,165,117,135,467,1407,403,169,531,793,721,4247,13684,65,756,761,476,263,162,207,289,194,38,1764,155,289,1454,107,434,213,1090,406,371,268,387,117,152,112,966,802,274,359,252,677,465,267,322,345,1194,10,10,152,200,124,112,3515,32,2487,10,176,19,1832,239,1596,1729,2095,10,669,28,72,235,1131,35582,131,403,655,322,12,733,45,118,162,3975,1532,936,385,4,78,38,3,16,277,283,715,184,1075,212,201,546,20633,137,687,33087,146,1634,352,1689,118,782,119,60,1029,331,296,293,193,192,58,481,355,320,328,109,459,405,7109,24,2972,651,2,7399,2719,6,89,1669,125,16,2109,266,329,70,938,371,4335,1116,150,358,333,172,342,280,295,195,8,311,5,527,17,78,30,92,25,569,167,10773,1483,3471,2713,798,250,184,39,9018,23,3898,536,3403,322,77,708,5,7141,1368,2506,11060,1189,4601,69,42,127,286,159,390,226,459,2028,249,16,52,424,9,11,1047,1158,2,30,58,6583,11743,9437,2235,9330,1323,119,21878,25653,4024,12158,19174,21968,144,91,272,313,116,314,308,94,125,154,1932,0.0,0.0,0.0,0.0,0.0,0.0,0.0,0.0,0.0,0.0,0.0,0.0,0.0,0.0,0.0,0.0,0.0,0.0,0.0,0.0,0.0,0.0,0.0,0.0,0.0,0.0,0.0,0.0,0.0,0.0,0.0,0.0,0.0,0.0,0.0,0.0,0.0,0.0,0.0,0.0,0.0,0.0,0.0,0.0,0.0,0.0,0.0,0.0,0.0,0.0,0.0,0.0,0.0,0.0,0.0,0.0,0.0,0.0,0.0,0.0,0.0,0.0,0.0,0.0,0.0,0.0,0.0,0.0,0.0,0.0,0.0,0.0,0.0,0.0,0.0,0.0,0.0,0.0,0.0,0.0,0.0,0.0,0.0,0.0,0.0,0.0,0.0,0.0,0.0,0.0,0.0,0.0,0.0,0.0,0.0,0.0,0.0,0.0,0.0,0.0,0.0,0.0,0.0,0.0,0.0,0.0,0.0,0.0,0.0,0.0,0.0,0.0,0.0,0.0,0.0,0.0,0.0,0.0,0.0,0.0,0.0,0.0,0.0,0.0,0.0,0.0,0.0,0.0,0.0,0.0,0.0,0.0,0.0,0.0,0.0,0.0,0.0,0.0,0.0,0.0,0.0,0.0,0.0,0.0,0.0,0.0,0.0,0.0,0.0,0.0
ENCFF000YEX,0.05869436599126335,970,4,92,721,18,1968,121,13,7,4,16,57,64,119,384,450,65,8,100,147,5,16,2,0,1,18,27,60,403,76,4,9,10,37,34,2,32,1,1,175,215,0,10,0,0,17,89,397,8,18,26,32,10,11,164,1,7,9,2,12,30,1,181,1,7,7,2,837,1079,159,20,14,33,118,2,20,13,12,15,2,26,14,82,18,13,48,0,24,9,0,30,3,1,34,31,262,3515,230,1,634,856,38,763,104,10,98,27,34,2,59,163,161,1,132,650,49,551,13,61,53,187,22,716,27,179,55,16,63,9,1,592,199,15,265,123,326,607,9,77,41,19,77,792,11,5,3,2,1,2,50,3,11,224,90,14,69,741,77,9,19,13,15,56,110,112,140,4,0,1,24,0,42,12,141,621,1,0,19,15,16,353,131,944,37,597,643,295,626,248,549,1,630,689,259,175,528,381,132,15,1,18,1,11,25,3,1,0,3,106,7,733,231,117,3,4457,1106,71,580,336,27,33,815,393,1085,107,981,4,1034,0,5,25,8,2,20,7,61,44,2,15,19,12,12,6,56,28,10,6,72,69,43,63,15,7,12,12,5,11,5,11,26,90,28,11,42,47,36,187,497,23,55,77,32,9,9,16,14,9,2,158,10,21,91,5,37,5,77,16,12,15,26,10,9,12,46,52,18,16,13,67,23,12,14,20,68,1,0,3,9,10,11,310,3,186,3,10,2,123,19,131,142,146,0,55,4,7,19,99,1421,16,36,45,31,3,59,2,3,12,292,124,56,25,2,6,5,0,2,17,25,69,13,101,14,7,32,964,8,45,2706,16,131,20,87,36,48,5,12,100,12,18,12,20,8,5,147,15,13,14,11,22,27,481,1,198,53,1,634,138,0,4,138,14,1,133,13,49,6,65,26,252,68,11,20,18,9,21,15,39,8,2,24,0,52,2,2,1,11,9,10,12,741,51,178,129,30,5,24,3,840,3,308,39,281,27,2,57,0,634,146,220,912,61,238,0,6,4,12,12,19,10,31,156,16,0,7,18,0,1,100,74,0,11,5,500,822,589,139,708,107,5,1367,1682,264,780,1381,1708,8,4,13,13,4,20,27,12,6,5,173,0.0,0.0,0.0,0.0,0.0,0.0,0.0,0.0,0.0,0.0,0.0,0.0,0.0,0.0,0.0,0.0,0.0,0.0,0.0,0.0,0.0,0.0,0.0,0.0,0.0,0.0,0.0,0.0,0.0,0.0,0.0,0.0,0.0,0.0,0.0,0.0,0.0,0.0,0.0,0.0,0.0,0.0,0.0,0.0,0.0,0.0,0.0,0.0,0.0,0.0,0.0,0.0,0.0,0.0,0.0,0.0,0.0,0.0,0.0,0.0,0.0,0.0,0.0,0.0,0.0,0.0,0.0,0.0,0.0,0.0,0.0,0.0,0.0,0.0,0.0,0.0,0.0,0.0,0.0,0.0,0.0,0.0,0.0,0.0,0.0,0.0,0.0,0.0,0.0,0.0,0.0,0.0,0.0,0.0,0.0,0.0,0.0,0.0,0.0,0.0,0.0,0.0,0.0,0.0,0.0,0.0,0.0,0.0,0.0,0.0,0.0,0.0,0.0,0.0,0.0,0.0,0.0,0.0,0.0,0.0,0.0,0.0,0.0,0.0,0.0,0.0,0.0,0.0,0.0,0.0,0.0,0.0,0.0,0.0,0.0,0.0,0.0,0.0,0.0,0.0,0.0,0.0,0.0,0.0,0.0,0.0,0.0,0.0,0.0,0.0
ENCFF001HYR,0.04086218053120647,37912,147,2565,22732,558,78075,5683,160,401,333,841,1903,4036,7495,10649,24232,3047,365,7177,5393,156,634,85,76,116,601,763,2205,27721,3834,232,197,334,1085,1093,40,1527,58,510,6079,9687,58,547,24,32,530,4109,11955,113,350,608,760,454,345,5840,200,260,450,198,738,959,232,9984,252,693,241,20,37012,38415,6928,685,396,925,4302,191,817,341,416,516,131,653,756,3088,326,341,2268,18,490,292,59,1349,268,78,1825,843,11576,136053,8192,79,22270,33337,2026,28463,874,359,5078,1537,2904,34,2825,8684,8070,145,4099,27231,2591,17962,452,2007,1675,6929,928,20797,934,5103,3494,1628,2844,535,132,24781,11169,2445,20189,6997,11389,24140,233,2874,4665,776,2993,28331,1073,250,114,152,45,105,2081,349,1670,10187,4110,603,3376,22287,2308,382,713,2747,2249,2417,4091,3413,4727,257,258,85,571,37,1195,449,1014,10236,16,17,338,702,628,12166,5496,35651,1507,24179,27651,11398,21317,10554,18775,197,21661,25268,7751,6970,19948,15142,5206,600,248,1135,475,338,513,256,141,28,52,3936,461,24992,8434,10531,176,165825,28645,2375,22759,18590,1223,862,31055,16202,41630,3823,36573,129,35342,63,237,934,48,152,619,193,2609,1778,325,361,595,349,518,261,1695,1015,130,195,3125,2479,1479,2753,694,189,396,429,210,224,189,428,705,4220,816,274,1296,1663,1385,8564,13924,459,1620,2934,897,510,376,306,565,318,92,6117,288,449,4189,216,1011,293,2633,611,688,369,510,300,302,394,1561,1417,516,550,407,1894,889,468,467,518,2292,20,21,254,306,589,102,12718,86,10032,10,544,39,4881,656,6578,4958,6528,73,2592,104,208,2810,3363,51988,510,1703,1531,888,51,1893,433,860,624,11259,8864,2119,1280,133,226,168,21,89,392,1276,2423,439,2837,383,333,1409,33275,299,1266,93170,445,4660,563,3722,892,1714,205,471,3153,503,582,659,347,298,201,5062,781,568,736,428,814,865,20987,103,7141,1981,20,23645,6611,72,233,4834,577,146,4703,457,2065,363,2111,745,14989,2266,381,502,688,229,723,448,1257,424,33,840,42,1333,156,40,198,314,577,826,679,20860,1761,5736,4092,1081,382,1174,277,35415,98,12273,1292,10662,1245,274,2239,5,26048,5501,8043,38210,1560,10323,147,448,273,568,310,776,396,897,6046,578,22,249,675,20,68,3555,3601,26,202,162,18803,27721,21787,5088,27043,3345,271,49364,66837,9374,29033,48387,58890,216,172,419,454,126,565,1654,217,349,429,4978,0.0,0.0,0.0,0.0,0.0,0.0,0.0,0.0,0.0,0.0,0.0,0.0,0.0,0.0,0.0,0.0,0.0,0.0,0.0,0.0,0.0,0.0,0.0,0.0,0.0,0.0,0.0,0.0,0.0,0.0,0.0,0.0,0.0,0.0,0.0,0.0,0.0,0.0,0.0,0.0,0.0,0.0,0.0,0.0,0.0,0.0,0.0,0.0,0.0,0.0,0.0,0.0,0.0,0.0,0.0,0.0,0.0,0.0,0.0,0.0,0.0,0.0,0.0,0.0,0.0,0.0,0.0,0.0,0.0,0.0,0.0,0.0,0.0,0.0,0.0,0.0,0.0,0.0,0.0,0.0,0.0,0.0,0.0,0.0,0.0,0.0,0.0,0.0,0.0,0.0,0.0,0.0,0.0,0.0,0.0,0.0,0.0,0.0,0.0,0.0,0.0,0.0,0.0,0.0,0.0,0.0,0.0,0.0,0.0,0.0,0.0,0.0,0.0,0.0,0.0,0.0,0.0,0.0,0.0,0.0,0.0,0.0,0.0,0.0,0.0,0.0,0.0,0.0,0.0,0.0,0.0,0.0,0.0,0.0,0.0,0.0,0.0,0.0,0.0,0.0,0.0,0.0,0.0,0.0,0.0,0.0,0.0,0.0,0.0,0.0
ENCFF247QAD,0.17684727284480875,1157243,1051,5884,39211,482,65730,6750,212,460,250,1326,4186,3351,8448,19284,22773,4087,443,6301,6108,172,745,60,69,37,1136,103289,2542,26630,3600,226,3583,449,1626,1385,2488,1664,27,239,8712,10592,70,701,1232,369,601,5810,22164,12939,647,894,1090,473,378,9467,150,296,395,105,889,2182,265,19304,226,434,28431,543,52168,54296,8620,872,515,20586,7455,286,999,367,567,778,163,720,1057,3573,307,394,2901,27,599,394,17,1344,269,31,1296,979,17592,163908,10253,283,29001,40751,2420,36064,1667,473,5439,1577,1842,18,3001,7397,7355,100,4609,35180,2152,29550,365,1581,1636,10425,685,44667,1154,6077,3709,752,3318,313,318,39622,11653,65437,31914,7655,15306,25208,15855,4236,4316,1110,11291,37973,317,11246,111,134,30,27,2324,256,1906,10566,4340,548,3323,40011,2580,497,975,1752,1473,2769,3927,3086,7222,82,93,115,803,50,1409,471,3319,281,1510,19,6207,1003,877,16472,7184,75520,1961,26919,30732,14015,35188,11778,24102,268,28339,33046,12887,9273,23899,21300,5481,836,17934,658,112,336,637,190,50,22,125,4238,274,35801,10461,8920,187,309031,34549,12773,24930,28422,1081,1081,36520,21481,58006,3482,49467,136,48287,52,419,1781,842,219,800,1525,3200,2243,48,436,636,412,643,276,2196,1180,790,359,5243,2710,1830,3584,854,210,440,544,261,264,184,770,718,5122,1056,273,1611,2099,1797,9552,35949,63091,2166,5781,1090,686,620,485,815,346,399,8450,310,553,5985,297,1654,265,3527,731,831,407,658,416,342,2752,1930,1970,603,693,476,2523,1187,503,540,650,3093,27,25,280,426,796,213,14848,103,12365,20,604,264,5901,829,7529,6724,8538,23,2555,109,189,1465,4306,63162,7119,8589,2128,1184,5263,2522,220,189,753,13970,7900,6237,1361,24,542,94,9,19,455,1114,2457,654,3377,373,343,1494,50377,4044,1687,119706,475,5541,720,4392,101746,2025,214,49691,113288,468,905,910,245,312,1956,524492,1113,783,992,634,968,1113,24825,76,8842,2101,24,32129,7173,71,285,6200,665,38,5702,597,1756,396,3009,887,27570,2750,16666,549,1011,329,808,706,1669,586,29,1126,21,2046,373,78,159,10624,345,635,705,32738,1445,6636,4293,920,827,1026,86,37138,11052,17450,21866,12312,1298,298,2660,162,34303,6351,10769,47370,2595,22783,1612,309,266,5871,873,936,506,1304,6357,884,63,10943,716,199,31,4207,3861,12,20068,157,27716,39790,28058,6787,36074,4329,464,72287,88427,12109,38111,68408,82323,323,162,483,476,151,654,1441,334,444,692,6189,0.0,0.0,0.0,0.0,0.0,0.0,0.0,0.0,0.0,0.0,0.0,0.0,0.0,0.0,0.0,0.0,0.0,0.0,0.0,0.0,0.0,0.0,0.0,0.0,0.0,0.0,0.0,0.0,0.0,0.0,0.0,0.0,0.0,0.0,0.0,0.0,0.0,0.0,0.0,0.0,0.0,0.0,0.0,0.0,0.0,0.0,0.0,0.0,0.0,0.0,0.0,0.0,0.0,0.0,0.0,0.0,0.0,0.0,0.0,0.0,0.0,0.0,0.0,0.0,0.0,0.0,0.0,0.0,0.0,0.0,0.0,0.0,0.0,0.0,0.0,0.0,0.0,0.0,0.0,0.0,0.0,0.0,0.0,0.0,0.0,0.0,0.0,0.0,0.0,0.0,0.0,0.0,0.0,0.0,0.0,0.0,0.0,0.0,0.0,0.0,0.0,0.0,0.0,0.0,0.0,0.0,0.0,0.0,0.0,0.0,0.0,0.0,0.0,0.0,0.0,0.0,0.0,0.0,0.0,0.0,0.0,0.0,0.0,0.0,0.0,0.0,0.0,0.0,0.0,0.0,0.0,0.0,0.0,0.0,0.0,0.0,0.0,0.0,0.0,0.0,0.0,0.0,0.0,0.0,0.0,0.0,0.0,0.0,0.0,0.0
ENCFF000RYT,0.1240021726482384,78366,359,5024,22754,595,95362,13613,471,1850,622,905,3530,9787,20815,8621,53824,7091,2767,14183,8844,194,1473,236,567,1909,1192,1623,3632,14922,50498,518,301,745,2283,1916,56,4075,725,27,13325,20866,289,1022,36,174,1788,10238,11897,360,685,614,1133,1020,2346,12657,2266,1886,2069,2663,40050,2043,257,8674,540,1364,429,74,55655,81808,14574,1055,450,1826,9505,584,1304,496,672,848,151,836,1599,6164,469,327,3143,1078,745,564,2678,7995,1925,7029,2668,1136,8644,299218,17815,930,49095,75749,4405,63521,1664,593,11509,3828,3561,925,6186,14475,14863,1409,6482,61083,8742,30902,436,1770,2054,13501,695,30724,1343,10414,5010,1657,4999,1203,2448,57784,28581,985,14106,20534,21466,49726,401,5698,10910,1351,6779,28276,687,801,144,1373,209,537,4716,2928,817,16336,9009,1066,6414,23478,2542,895,1413,4366,4153,5643,7180,6165,10319,1055,5011,312,681,1080,1442,511,2024,966,26,0,545,10835,1301,26264,13031,81484,2868,52321,63550,21080,28975,19262,35231,686,46542,53747,18955,70932,38952,35209,10943,1329,439,1665,23,333,756,5513,1030,559,8224,6087,2968,32766,12514,29271,3585,403118,63119,4994,95610,35660,14330,839,63787,32249,67053,5991,84922,211,83281,1508,414,1169,182,246,1123,328,4280,5167,199,455,905,416,739,451,3463,2133,353,786,5685,5143,3498,4863,910,184,515,555,282,279,270,868,816,7844,1131,352,2429,3217,2791,8484,12312,1295,3117,4979,1238,846,688,441,646,324,216,15472,598,1000,9546,286,2043,386,5369,742,875,353,844,259,406,444,2312,2471,653,641,671,4317,1963,731,628,584,4089,17,585,396,481,24422,284,30777,5568,19562,177,902,386,11353,5116,16308,11551,10267,2034,25024,24564,623,4341,8357,116373,1282,4186,3190,1689,65,3522,251,1917,1978,21197,14817,3742,3162,8311,542,775,144,5452,575,4049,4887,864,6879,472,695,1664,51994,510,2338,208488,560,10536,792,6965,1886,2680,478,1007,7241,654,1471,1611,399,514,443,11616,1549,1073,1344,452,1341,1809,47087,22392,14637,8099,644,48680,15304,26,574,8346,1886,3787,8047,683,3385,1470,4314,1368,16246,2098,1131,941,1429,560,973,768,3664,442,3201,1840,606,2663,1407,23,2410,637,1411,3633,2674,21838,1751,7022,5468,882,996,3206,2360,71107,178,27670,2152,23064,15156,9089,5133,39,45152,9606,14500,64936,1569,12563,161,1072,407,1070,589,1373,511,1180,19513,1212,87,590,771,105,8172,8457,7960,4,276,626,44089,55971,59033,9380,61754,6221,602,86753,144252,23138,58815,100523,133173,729,379,715,684,330,549,14503,959,1937,1682,10373,0.0,0.0,0.0,0.0,0.0,0.0,0.0,0.0,0.0,0.0,0.0,0.0,0.0,0.0,0.0,0.0,0.0,0.0,0.0,0.0,0.0,0.0,0.0,0.0,0.0,0.0,0.0,0.0,0.0,0.0,0.0,0.0,0.0,0.0,0.0,0.0,0.0,0.0,0.0,0.0,0.0,0.0,0.0,0.0,0.0,0.0,0.0,0.0,0.0,0.0,0.0,0.0,0.0,0.0,0.0,0.0,0.0,0.0,0.0,0.0,0.0,0.0,0.0,0.0,0.0,0.0,0.0,0.0,0.0,0.0,0.0,0.0,0.0,0.0,0.0,0.0,0.0,0.0,0.0,0.0,0.0,0.0,0.0,0.0,0.0,0.0,0.0,0.0,0.0,0.0,0.0,0.0,0.0,0.0,0.0,0.0,0.0,0.0,0.0,0.0,0.0,0.0,0.0,0.0,0.0,0.0,0.0,0.0,0.0,0.0,0.0,0.0,0.0,0.0,0.0,0.0,0.0,0.0,0.0,0.0,0.0,0.0,0.0,0.0,0.0,0.0,0.0,0.0,0.0,0.0,0.0,0.0,0.0,0.0,0.0,0.0,0.0,0.0,0.0,0.0,0.0,0.0,0.0,0.0,0.0,0.0,0.0,0.0,0.0,0.0
ENCFF736IUT,0.14627041571083846,1778191,6311,10039,69867,403,81118,16298,301,416,265,881,3878,2107,4391,28191,17958,2642,393,6371,7203,203,712,68,86,63,1329,149406,3233,54102,4659,301,7668,1382,2051,1809,3224,2261,47,129,10230,12138,51,706,61,1648,1199,7906,48658,19421,496,1249,1322,519,441,13624,140,359,534,327,713,1726,420,27009,261,652,45668,162,64666,58463,10800,1380,648,32043,12174,375,1465,479,720,816,198,894,1410,4038,442,450,3697,22,772,477,43,1328,356,42,1631,1141,18692,200614,11493,1027,30480,49519,2660,43985,1678,578,6819,2539,3587,24,5101,11020,10549,176,5901,42978,1852,19819,239,971,1418,10016,440,41287,1504,7874,4545,846,3167,291,222,49906,6676,95833,26244,4543,41617,33803,28959,5071,3299,1583,16741,66805,291,20389,161,202,62,40,2214,338,1558,11835,4696,688,5316,66573,3145,457,1300,1156,963,2892,5222,4546,11708,170,392,86,894,23,1824,565,1677,825,2535,11,9721,1932,1203,18669,7501,90743,2212,28756,36169,17386,56034,17307,31101,210,35491,41772,16702,10389,32278,21154,8635,976,31083,978,85,461,814,145,69,25,26,4964,215,58389,11942,5035,346,698702,42896,20762,28900,35061,1215,842,41126,21775,72134,2091,46042,155,44802,54,958,1109,305,245,1088,322,4758,3278,170,582,833,533,903,393,3186,1732,2096,1106,4911,3733,2417,4764,1123,293,599,672,270,324,215,738,938,6075,1263,327,1818,3073,2711,11783,45406,94049,3028,6520,1360,933,885,589,831,456,1059,9776,441,738,6854,364,1724,362,4517,943,1061,519,791,2107,406,3446,2262,2334,763,870,566,3018,1434,749,692,791,4302,38,181,356,531,1763,368,17916,133,14007,25,531,831,7772,826,9736,9190,7960,29,2954,82,195,1478,4635,85287,11480,10584,2975,1243,7667,3645,199,463,796,18685,7216,4270,1475,62,1417,108,18,30,643,2059,2768,819,4492,485,438,2391,81005,7579,2156,133693,1211,5743,926,5978,156260,2829,286,64875,162337,736,1349,1342,333,363,2550,798219,1640,923,1429,723,1403,1463,32462,80,10711,2976,30,37544,7197,158,281,7423,894,49,10012,748,3794,318,3818,1273,43884,3753,24536,657,1242,423,1114,729,1863,579,41,1101,19,2837,239,80,192,16308,570,441,1018,42224,1032,8600,4199,982,480,987,182,49535,14598,20521,25408,12969,2308,434,2999,66,38755,6631,12747,60812,2718,29591,2712,245,326,10945,4094,1477,635,2288,14760,1346,117,17118,946,108,76,4740,5257,19,33248,146,28045,48912,38150,8879,39530,4925,542,82401,110398,15026,49953,81882,94426,186,176,694,585,205,770,1908,338,426,760,8246,0.0,0.0,0.0,0.0,0.0,0.0,0.0,0.0,0.0,0.0,0.0,0.0,0.0,0.0,0.0,0.0,0.0,0.0,0.0,0.0,0.0,0.0,0.0,0.0,0.0,0.0,0.0,0.0,0.0,0.0,0.0,0.0,0.0,0.0,0.0,0.0,0.0,0.0,0.0,0.0,0.0,0.0,0.0,0.0,0.0,0.0,0.0,0.0,0.0,0.0,0.0,0.0,0.0,0.0,0.0,0.0,0.0,0.0,0.0,0.0,0.0,0.0,0.0,0.0,0.0,0.0,0.0,0.0,0.0,0.0,0.0,0.0,0.0,0.0,0.0,0.0,0.0,0.0,0.0,0.0,0.0,0.0,0.0,0.0,0.0,0.0,0.0,0.0,0.0,0.0,0.0,0.0,0.0,0.0,0.0,0.0,0.0,0.0,0.0,0.0,0.0,0.0,0.0,0.0,0.0,0.0,0.0,0.0,0.0,0.0,0.0,0.0,0.0,0.0,0.0,0.0,0.0,0.0,0.0,0.0,0.0,0.0,0.0,0.0,0.0,0.0,0.0,0.0,0.0,0.0,0.0,0.0,0.0,0.0,0.0,0.0,0.0,0.0,0.0,0.0,0.0,0.0,0.0,0.0,0.0,0.0,0.0,0.0,0.0,0.0
ENCFF331BDZ,0.10917048214332237,22721,92,1503,22822,199,28941,5923,83,81,123,210,1056,404,2362,13391,5163,977,137,2078,2300,38,154,22,5,61,365,1934,1162,13748,951,49,87,134,704,544,478,571,4,13,3921,2774,4,140,6,43,160,2005,11526,75,152,318,561,90,88,1847,52,93,161,47,169,562,170,8023,219,89,520,6,23973,19830,1851,390,243,720,1590,32,435,215,271,337,85,338,347,1002,151,195,1368,4,369,169,2,409,30,4,414,583,12004,58018,3292,34,8986,12179,819,10698,448,250,1212,360,430,4,867,2325,2496,40,2244,10023,638,9584,128,513,698,2578,195,17638,562,2297,1104,273,591,68,13,7422,2852,3466,8555,2584,3915,8027,192,1633,970,443,1131,27163,129,134,52,8,11,7,612,71,133,4494,1299,157,1195,24020,1637,112,335,743,529,921,1505,1454,1654,3,8,51,369,4,760,193,1608,95,655,10,223,178,324,4706,2019,13777,953,8847,11628,6326,17762,4967,10371,62,8530,10442,3386,2796,9075,6115,2976,355,500,293,42,156,299,42,2,4,133,1724,20,19513,5182,1448,20,121588,15892,1794,10515,11583,257,251,17092,7567,27047,1235,15096,126,14274,5,153,257,6,90,334,73,1425,608,10,287,336,199,367,110,931,485,113,57,1831,943,688,1081,371,127,270,257,122,123,113,100,461,2137,526,129,657,868,811,4520,47925,4332,737,893,475,317,220,233,326,222,31,4313,140,277,1451,115,536,116,1396,391,341,193,301,59,155,337,933,897,273,304,251,678,504,335,246,402,1737,1,20,153,209,147,111,4168,17,2636,9,131,18,1904,194,2829,2348,2925,3,718,3,46,409,1137,38787,183,1124,758,384,103,1000,55,196,184,5494,2665,1023,331,31,63,22,9,13,241,535,930,201,1644,231,158,706,26279,243,812,41029,262,1719,347,1673,4368,968,105,322,1773,297,343,355,133,126,106,4186,405,321,430,231,434,462,7399,9,3370,628,17,8909,2345,8,45,2456,571,8,2382,285,336,42,1154,363,9699,1996,497,296,366,165,388,327,398,244,5,337,19,667,30,13,44,1252,417,111,236,22948,500,4896,2493,405,218,277,30,8979,204,5207,1269,3460,395,108,938,7,9374,1913,2825,13759,4333,9914,86,47,126,318,159,368,259,504,2911,377,11,94,349,2,11,1077,1032,2,494,46,7898,16199,11479,3055,10640,1464,84,29019,29456,5191,15698,22584,25587,78,30,306,287,76,297,319,102,108,237,2613,0.0,0.0,0.0,0.0,0.0,0.0,0.0,0.0,0.0,0.0,0.0,0.0,0.0,0.0,0.0,0.0,0.0,0.0,0.0,0.0,0.0,0.0,0.0,0.0,0.0,0.0,0.0,0.0,0.0,0.0,0.0,0.0,0.0,0.0,0.0,0.0,0.0,0.0,0.0,0.0,0.0,0.0,0.0,0.0,0.0,0.0,0.0,0.0,0.0,0.0,0.0,0.0,0.0,0.0,0.0,0.0,0.0,0.0,0.0,0.0,0.0,0.0,0.0,0.0,0.0,0.0,0.0,0.0,0.0,0.0,0.0,0.0,0.0,0.0,0.0,0.0,0.0,0.0,0.0,0.0,0.0,0.0,0.0,0.0,0.0,0.0,0.0,0.0,0.0,0.0,0.0,0.0,0.0,0.0,0.0,0.0,0.0,0.0,0.0,0.0,0.0,0.0,0.0,0.0,0.0,0.0,0.0,0.0,0.0,0.0,0.0,0.0,0.0,0.0,0.0,0.0,0.0,0.0,0.0,0.0,0.0,0.0,0.0,0.0,0.0,0.0,0.0,0.0,0.0,0.0,0.0,0.0,0.0,0.0,0.0,0.0,0.0,0.0,0.0,0.0,0.0,0.0,0.0,0.0,0.0,0.0,0.0,0.0,0.0,0.0
ENCFF222IGM,0.1732805102405728,237874,120,1850,23015,246,64987,4915,187,164,180,606,1881,917,2897,13145,11224,1463,355,3157,3425,102,402,39,51,35,750,18362,1953,11869,2354,147,256,263,1101,941,176,1198,10,9,5149,6612,25,379,11,18,374,3420,9640,2055,401,580,802,265,241,4261,99,263,395,91,588,905,125,4481,131,120,6353,64,21332,28742,4751,610,397,2998,3679,196,709,329,466,487,128,557,718,2071,277,335,2189,9,502,292,8,621,61,11,592,656,8571,98416,5967,72,16498,22794,1403,19603,740,348,3056,887,929,14,1789,4586,4777,69,3187,21150,876,16173,120,563,761,4648,246,22177,735,3870,1654,367,1695,209,52,17318,3552,11882,7596,3009,8506,17481,2278,2746,2267,714,4039,21401,210,2695,40,47,15,23,1456,183,336,6909,2596,362,2178,22358,1618,250,709,729,557,1762,3190,3282,4109,27,65,35,562,13,927,354,825,439,210,7,618,436,646,8245,4109,28925,1376,13946,18418,8453,15177,7984,15847,190,15266,18162,7247,5588,14790,11351,3121,549,3691,497,79,287,569,74,32,14,123,2787,121,17981,6515,2599,184,109285,23823,3898,15666,8604,670,572,21069,10863,28759,2255,28273,110,30156,14,227,722,72,184,615,190,2504,1609,28,394,518,351,559,256,1460,862,301,142,3084,1902,1236,1975,770,192,369,391,190,187,123,258,673,2768,780,207,956,1400,1187,4479,13321,14401,1361,2378,811,455,399,338,562,301,88,4519,310,598,2966,188,989,215,2368,684,582,361,538,223,292,437,1455,1283,449,519,418,1434,895,518,480,624,2411,17,28,225,345,361,188,10048,118,6080,11,284,73,4100,546,4635,4274,5866,5,1699,57,75,821,2670,35568,1488,1968,1313,677,1246,1573,110,139,680,9105,4371,2175,965,43,138,43,6,22,389,998,1518,394,2161,281,307,702,26150,1317,1191,71913,282,3828,516,3317,21515,1435,173,6789,17908,452,592,654,232,238,281,111766,781,611,664,302,680,775,14130,24,6751,1128,21,17448,4734,54,176,4060,482,36,4014,410,1422,133,2066,652,8152,1564,2836,433,678,290,623,484,945,397,12,518,21,1247,78,62,128,2499,234,209,329,19843,645,4824,2492,538,347,483,139,21527,1032,9530,2639,7073,992,109,1821,21,17836,3322,6097,25453,1388,6759,123,172,196,1538,266,647,382,850,3842,570,7,609,632,14,20,2470,2533,5,2971,112,14629,20327,15864,3892,19276,2439,259,34732,46448,7341,21084,36559,43836,123,78,379,409,160,461,675,243,218,420,4111,0.0,0.0,0.0,0.0,0.0,0.0,0.0,0.0,0.0,0.0,0.0,0.0,0.0,0.0,0.0,0.0,0.0,0.0,0.0,0.0,0.0,0.0,0.0,0.0,0.0,0.0,0.0,0.0,0.0,0.0,0.0,0.0,0.0,0.0,0.0,0.0,0.0,0.0,0.0,0.0,0.0,0.0,0.0,0.0,0.0,0.0,0.0,0.0,0.0,0.0,0.0,0.0,0.0,0.0,0.0,0.0,0.0,0.0,0.0,0.0,0.0,0.0,0.0,0.0,0.0,0.0,0.0,0.0,0.0,0.0,0.0,0.0,0.0,0.0,0.0,0.0,0.0,0.0,0.0,0.0,0.0,0.0,0.0,0.0,0.0,0.0,0.0,0.0,0.0,0.0,0.0,0.0,0.0,0.0,0.0,0.0,0.0,0.0,0.0,0.0,0.0,0.0,0.0,0.0,0.0,0.0,0.0,0.0,0.0,0.0,0.0,0.0,0.0,0.0,0.0,0.0,0.0,0.0,0.0,0.0,0.0,0.0,0.0,0.0,0.0,0.0,0.0,0.0,0.0,0.0,0.0,0.0,0.0,0.0,0.0,0.0,0.0,0.0,0.0,0.0,0.0,0.0,0.0,0.0,0.0,0.0,0.0,0.0,0.0,0.0
ENCFF819TAP,0.29933359554668326,1123230,4233,29017,240680,10783,786017,47720,1332,4193,3504,10995,20552,31136,53332,121329,197205,30323,6153,59963,60736,2973,10987,813,848,815,5131,81273,17964,119818,42454,3903,3917,4621,8811,8186,1178,16512,375,1378,64914,142758,791,7749,90,1552,4850,42992,141687,9352,4117,2645,6060,6818,5897,96851,2256,5480,3989,1886,9507,14376,2415,93810,5166,4781,19641,2751,429263,463522,105573,5140,2984,21587,85633,3957,5884,2604,3356,4079,815,4194,5811,48176,1985,2098,17525,180,3877,2321,227,19336,2277,557,13927,5451,149235,1874468,139635,429,375165,483697,17944,412704,6182,2697,73261,21888,21734,170,37566,89754,93117,2300,35863,402190,30342,365730,7731,34439,25106,101667,16502,449970,7220,72472,37575,11035,38908,4644,1473,456431,79576,44152,176801,52600,176834,375706,12059,33158,34674,5578,43838,281646,5562,16198,496,1533,447,411,32752,4914,11084,97799,70139,8091,49079,232988,15924,6134,5692,20047,22248,28964,51276,46233,78556,573,1504,666,4105,185,7701,2398,14199,31825,648,0,6255,7859,5161,199445,94836,507361,17507,276557,357040,118891,223127,102613,195009,3363,311068,345695,124103,115528,242288,227171,59375,7113,14298,7447,828,1755,3796,2786,726,308,345,41425,2192,254117,72534,66646,2707,2390461,334356,44922,319659,154742,17438,6807,401334,169106,416849,56560,612792,2343,630292,688,3364,16482,7057,1348,4688,1825,24034,26865,483,2697,3965,2260,3950,2066,14075,7538,4041,2155,39994,27168,19336,35413,4973,989,2966,2775,1513,1721,1256,7224,4288,42579,5532,1666,16917,15645,11034,74086,357990,35706,15589,41628,8709,3530,3016,2616,4060,1789,2919,90761,2502,4080,63492,1636,12745,2041,35347,3991,4402,1869,3863,2802,1995,4068,12517,11761,3454,3723,3300,29409,10911,3454,3234,3322,18641,269,261,1901,2665,6772,701,194598,1388,126816,190,7559,686,77243,11621,88274,72263,62553,300,29156,611,2431,18034,52083,517726,12612,24067,17668,12214,2599,13796,3633,5528,11979,108973,67860,31942,19971,293,1853,1435,125,333,2748,11311,29107,3059,33435,2249,2526,10466,304394,5782,10781,1522985,4084,71179,4335,28747,83906,16727,1588,33255,106915,3119,5285,5826,1682,2063,3576,377163,6391,4494,5445,2190,5383,6661,292520,539,92353,26584,368,339307,86636,272,5021,58448,8596,379,52110,3509,17276,4284,20349,5068,96891,16589,21357,3776,5667,2071,5997,3888,17995,5704,346,11682,235,20542,3243,182,2643,12554,13465,10862,6484,312922,29257,46770,49083,14390,5730,11140,2525,529101,7313,174067,21642,174708,18921,2323,34424,753,308961,57019,96376,447090,28218,102499,1854,3875,1954,7351,4400,5704,3044,7288,53960,5220,288,15625,4168,360,399,60452,61553,276,19301,2422,319349,370987,232208,60565,428560,47918,5685,745014,934110,94224,387913,680862,923936,2768,2304,3222,2758,1279,3403,19499,3236,6175,6723,64572,0.0,0.0,0.0,0.0,0.0,0.0,0.0,0.0,0.0,0.0,0.0,0.0,0.0,0.0,0.0,0.0,0.0,0.0,0.0,0.0,0.0,0.0,0.0,0.0,0.0,0.0,0.0,0.0,0.0,0.0,0.0,0.0,0.0,0.0,0.0,0.0,0.0,0.0,0.0,0.0,0.0,0.0,0.0,0.0,0.0,0.0,0.0,0.0,0.0,0.0,0.0,0.0,0.0,0.0,0.0,0.0,0.0,0.0,0.0,0.0,0.0,0.0,0.0,0.0,0.0,0.0,0.0,0.0,0.0,0.0,0.0,0.0,0.0,0.0,0.0,0.0,0.0,0.0,0.0,0.0,0.0,0.0,0.0,0.0,0.0,0.0,0.0,0.0,0.0,0.0,0.0,0.0,0.0,0.0,0.0,0.0,0.0,0.0,0.0,0.0,0.0,0.0,0.0,0.0,0.0,0.0,0.0,0.0,0.0,0.0,0.0,0.0,0.0,0.0,0.0,0.0,0.0,0.0,0.0,0.0,0.0,0.0,0.0,0.0,0.0,0.0,0.0,0.0,0.0,0.0,0.0,0.0,0.0,0.0,0.0,0.0,0.0,0.0,0.0,0.0,0.0,0.0,0.0,0.0,0.0,0.0,0.0,0.0,0.0,0.0
ENCFF591DAH,0.11204619802739736,24382,75,2399,49519,186,69679,5284,214,96,124,232,2253,725,2445,17959,8541,1238,411,1686,2896,125,401,23,14,11,832,373,1797,18951,2381,93,34,294,2006,2064,18,2450,11,3,4482,7584,33,241,35,11,1078,4520,16825,38,556,938,902,193,220,6228,32,241,139,77,477,864,181,7635,136,92,125,44,23331,22856,4770,848,513,1028,4711,124,1383,352,482,646,154,653,1859,2583,210,434,2393,8,542,455,3,680,139,23,676,712,19865,95511,6100,147,15745,22502,1861,19813,1828,386,3326,1125,1101,12,2595,4921,4579,57,3331,26242,963,14948,118,585,703,4366,311,37264,1141,3973,1401,201,1539,134,17,23557,2988,164,17605,3314,16841,18292,33,2599,1431,1315,1990,17278,111,85,45,94,13,16,1212,347,188,5913,2282,187,2074,47626,1891,191,1351,504,460,1791,2643,2915,4354,17,161,12,736,20,866,385,612,562,7,6,310,611,1415,8702,3533,26335,1451,11969,16961,7944,22838,11620,17598,81,16333,20075,7832,5320,17363,10247,3434,680,44,265,23,434,706,52,19,17,16,2394,39,28184,7660,2736,545,103875,20318,2290,13370,12525,656,241,20954,9220,30880,820,24546,38,25178,37,320,438,6,193,837,164,3153,2055,39,493,421,368,627,292,2969,1656,686,103,3303,2799,1036,2689,922,214,467,573,281,179,150,553,742,2798,456,211,761,2866,1947,7604,29477,411,2396,4490,829,847,737,415,672,360,592,4685,342,775,4748,205,1499,294,2483,810,879,484,582,1185,292,297,1499,1311,474,569,458,2731,1036,633,441,731,2198,16,63,266,442,658,380,13328,83,8232,19,177,155,4329,839,7099,4266,4042,14,1521,27,19,474,2347,35374,322,1111,2674,646,21,2352,54,191,1106,11932,2227,2104,946,38,367,22,8,19,355,1165,1059,1052,2062,438,278,1255,59010,117,1053,67024,264,4271,663,5216,590,1443,168,86,1878,456,1529,1491,253,215,124,2447,1831,866,1345,320,1092,1486,14699,10,7923,767,26,21634,4571,121,242,4460,504,10,4121,491,2296,95,3821,760,19924,1570,221,388,1253,365,573,536,988,322,8,539,14,2159,510,48,48,105,459,119,408,24547,580,5248,2646,432,474,324,68,22378,31,9216,776,6765,840,48,1508,8,20154,3615,7278,29727,662,10680,106,99,215,556,281,1049,469,889,3660,1133,6,96,629,13,11,2191,2589,7,54,40,15042,19377,15843,3661,16596,2433,276,43534,47710,8394,19405,37380,41633,95,66,430,374,117,582,613,193,105,492,3736,0.0,0.0,0.0,0.0,0.0,0.0,0.0,0.0,0.0,0.0,0.0,0.0,0.0,0.0,0.0,0.0,0.0,0.0,0.0,0.0,0.0,0.0,0.0,0.0,0.0,0.0,0.0,0.0,0.0,0.0,0.0,0.0,0.0,0.0,0.0,0.0,0.0,0.0,0.0,0.0,0.0,0.0,0.0,0.0,0.0,0.0,0.0,0.0,0.0,0.0,0.0,0.0,0.0,0.0,0.0,0.0,0.0,0.0,0.0,0.0,0.0,0.0,0.0,0.0,0.0,0.0,0.0,0.0,0.0,0.0,0.0,0.0,0.0,0.0,0.0,0.0,0.0,0.0,0.0,0.0,0.0,0.0,0.0,0.0,0.0,0.0,0.0,0.0,0.0,0.0,0.0,0.0,0.0,0.0,0.0,0.0,0.0,0.0,0.0,0.0,0.0,0.0,0.0,0.0,0.0,0.0,0.0,0.0,0.0,0.0,0.0,0.0,0.0,0.0,0.0,0.0,0.0,0.0,0.0,0.0,0.0,0.0,0.0,0.0,0.0,0.0,0.0,0.0,0.0,0.0,0.0,0.0,0.0,0.0,0.0,0.0,0.0,0.0,0.0,0.0,0.0,0.0,0.0,0.0,0.0,0.0,0.0,0.0,0.0,0.0
ENCFF910NIN,0.12798285033244117,40230,79,2753,14904,170,39974,8153,214,272,379,657,2570,1077,2656,10629,6378,2468,1037,3100,6255,244,1174,78,33,48,1212,742,3133,9915,5499,417,123,517,1408,1236,31,2362,7,2,9568,16694,37,1012,41,31,741,6317,11693,72,551,786,1030,730,459,11710,169,528,444,141,1168,1185,54,2729,976,105,245,13,32518,58051,12367,773,460,1392,8302,560,938,390,530,646,145,782,907,5197,308,395,3276,9,583,460,19,1549,474,21,1419,676,2989,213619,14933,179,40112,57852,2320,50001,1066,451,8568,2641,2866,21,4799,11998,12489,105,4590,52511,728,19187,87,352,791,10966,185,21497,839,8337,3724,1124,4022,675,108,58878,4431,455,13046,3231,22184,49217,79,4182,1278,924,4715,12479,230,299,48,119,21,40,3784,508,462,12071,6889,809,3772,16419,1776,693,915,1071,1063,3381,6696,6506,9034,65,130,44,711,14,1201,414,2735,931,16,15,370,1098,772,22669,10365,67031,2402,26925,38177,15244,23329,15046,28344,368,40742,46039,21136,14033,31727,25146,6213,1003,120,407,572,463,712,212,63,25,13,5813,86,22444,8472,2359,753,169823,35895,4209,32620,5979,1702,673,39802,15872,34212,761,66263,143,66936,52,508,838,25,194,727,861,3902,3820,134,508,613,378,651,340,1953,1172,454,292,6153,3542,2182,3930,1012,255,506,542,250,233,169,699,880,4933,639,266,1835,2310,1720,6979,33293,603,2270,5665,1231,624,480,417,689,353,211,12100,386,843,7383,235,2281,323,4915,827,742,424,625,482,346,497,2087,1564,561,641,588,3201,1617,656,539,793,3539,20,23,247,413,1012,150,23568,61,13722,10,601,240,9187,1335,10881,7563,7417,9,3499,85,239,530,6931,34965,1207,3644,2594,1419,38,2180,270,272,1652,15108,4055,2537,2451,24,319,82,4,7,460,1522,3182,533,4183,385,412,1060,19916,306,1822,171130,340,8900,681,4594,1155,2009,241,297,4675,511,746,822,355,303,462,4364,996,744,806,665,913,976,33043,40,13661,2356,21,38732,9361,112,461,7279,1236,16,7512,528,3690,316,3071,810,6629,1553,582,567,818,393,967,606,1883,359,14,1058,11,1978,558,87,321,388,121,109,474,12854,516,5003,2653,403,645,1043,111,56917,99,19374,1247,18472,2151,247,4169,8,35354,6387,11255,48602,3179,9695,164,74,268,705,288,769,526,1180,3518,761,23,276,744,35,18,6012,6624,24,202,238,36361,42398,29428,7048,48472,6071,435,74554,108719,12070,41861,86482,104798,201,209,488,483,140,629,1758,573,534,805,7833,0.0,0.0,0.0,0.0,0.0,0.0,0.0,0.0,0.0,0.0,0.0,0.0,0.0,0.0,0.0,0.0,0.0,0.0,0.0,0.0,0.0,0.0,0.0,0.0,0.0,0.0,0.0,0.0,0.0,0.0,0.0,0.0,0.0,0.0,0.0,0.0,0.0,0.0,0.0,0.0,0.0,0.0,0.0,0.0,0.0,0.0,0.0,0.0,0.0,0.0,0.0,0.0,0.0,0.0,0.0,0.0,0.0,0.0,0.0,0.0,0.0,0.0,0.0,0.0,0.0,0.0,0.0,0.0,0.0,0.0,0.0,0.0,0.0,0.0,0.0,0.0,0.0,0.0,0.0,0.0,0.0,0.0,0.0,0.0,0.0,0.0,0.0,0.0,0.0,0.0,0.0,0.0,0.0,0.0,0.0,0.0,0.0,0.0,0.0,0.0,0.0,0.0,0.0,0.0,0.0,0.0,0.0,0.0,0.0,0.0,0.0,0.0,0.0,0.0,0.0,0.0,0.0,0.0,0.0,0.0,0.0,0.0,0.0,0.0,0.0,0.0,0.0,0.0,0.0,0.0,0.0,0.0,0.0,0.0,0.0,0.0,0.0,0.0,0.0,0.0,0.0,0.0,0.0,0.0,0.0,0.0,0.0,0.0,0.0,0.0
ENCFF271TKP,0.2172354969365991,56641,542,2626,47256,667,204462,19791,291,905,719,1003,3462,5211,13741,10821,57817,5363,1837,18854,10099,351,2117,94,338,192,2673,673,4088,29860,9500,565,161,1115,3028,3337,27,6147,138,15,13135,27745,184,1155,49,104,2078,11500,18925,105,1556,1086,1468,967,579,15933,402,967,694,405,2777,1825,394,10689,1742,1710,144,44,64380,88834,15850,1655,695,2439,15222,777,2167,535,888,1311,202,1096,2414,7043,316,677,4657,69,719,584,78,3137,577,229,3462,919,18147,339805,25362,223,67321,90168,4100,76311,2763,564,12898,3723,3915,59,8057,16601,17577,1132,6870,76436,5038,54457,249,1251,1969,16458,583,66092,1645,13110,5369,1218,6449,958,209,83331,20350,472,37082,14983,28761,70870,39,6229,24332,2017,5608,44619,2188,382,185,264,66,215,6259,1218,495,17936,11564,1109,10344,37632,1702,1181,2116,4117,3332,5832,8800,8706,14551,69,336,146,1223,78,1501,510,2183,326876,30,3,527,1429,2009,30587,15679,93266,4094,56921,73396,23997,31136,22870,38390,1523,57839,68035,23784,21390,52112,46900,10247,1872,92,2281,26,577,1035,439,82,160,337,8063,645,45292,13737,22465,1309,444516,80054,8193,59965,29371,3405,1002,76602,42259,80611,5739,108420,237,108946,36,719,1349,60,280,1336,743,5406,7997,71,569,788,452,1145,412,4949,2725,189,518,10266,6390,4030,6624,1379,230,644,995,446,276,193,868,992,10084,1310,261,2216,5119,3193,10055,18970,387,4116,7776,1951,1267,1115,614,1019,372,93,18919,663,1377,12692,391,3423,426,6304,1009,1618,499,1008,270,323,773,2599,2460,748,1006,759,5522,2888,1339,693,957,4497,54,130,384,694,1584,413,37213,633,22078,70,667,173,14634,2025,18981,14776,15171,138,8441,263,167,9501,10149,163584,1551,4926,4589,2622,8,4188,416,1426,4346,35232,22459,3398,4474,89,247,257,24,148,559,6256,5963,1631,5739,715,523,2344,94169,249,2697,257757,731,14995,1014,13789,1510,3730,364,133,6934,606,1944,2110,326,372,523,5181,2650,1550,1983,628,1822,2278,58107,75,20357,3232,112,63759,19704,140,1066,11026,2084,109,9870,854,2471,412,7654,1429,29836,1600,742,634,1815,670,1350,977,3178,2039,58,2100,45,3554,338,28,283,338,2525,1377,2359,27415,1410,6669,5693,745,1848,1771,1134,82157,42,33475,1528,28465,4210,295,6657,14,83867,13993,22715,90541,1760,17574,203,1644,400,1054,667,1762,694,846,18214,1497,15,655,1030,83,156,9212,10116,39,91,189,70541,64556,43646,12823,76817,11982,2758,112814,176660,21203,62545,139383,172438,726,280,546,554,220,838,2240,600,478,1640,12479,0.0,0.0,0.0,0.0,0.0,0.0,0.0,0.0,0.0,0.0,0.0,0.0,0.0,0.0,0.0,0.0,0.0,0.0,0.0,0.0,0.0,0.0,0.0,0.0,0.0,0.0,0.0,0.0,0.0,0.0,0.0,0.0,0.0,0.0,0.0,0.0,0.0,0.0,0.0,0.0,0.0,0.0,0.0,0.0,0.0,0.0,0.0,0.0,0.0,0.0,0.0,0.0,0.0,0.0,0.0,0.0,0.0,0.0,0.0,0.0,0.0,0.0,0.0,0.0,0.0,0.0,0.0,0.0,0.0,0.0,0.0,0.0,0.0,0.0,0.0,0.0,0.0,0.0,0.0,0.0,0.0,0.0,0.0,0.0,0.0,0.0,0.0,0.0,0.0,0.0,0.0,0.0,0.0,0.0,0.0,0.0,0.0,0.0,0.0,0.0,0.0,0.0,0.0,0.0,0.0,0.0,0.0,0.0,0.0,0.0,0.0,0.0,0.0,0.0,0.0,0.0,0.0,0.0,0.0,0.0,0.0,0.0,0.0,0.0,0.0,0.0,0.0,0.0,0.0,0.0,0.0,0.0,0.0,0.0,0.0,0.0,0.0,0.0,0.0,0.0,0.0,0.0,0.0,0.0,0.0,0.0,0.0,0.0,0.0,0.0
ENCFF739HUA,0.2288740639982455,97929,326,9227,172968,2209,321567,25104,1710,1722,908,2119,15660,11399,25251,116202,111635,10682,2944,17793,16341,462,1646,356,286,524,3406,1694,18249,96876,11688,749,235,1763,12534,10793,114,9766,48,34,29076,35422,544,1993,353,146,2764,28690,125044,196,2813,5575,9464,1261,689,15665,386,1073,1324,718,2868,7134,695,47517,10783,495,523,227,175297,179920,17827,7229,4844,7492,12128,776,7810,3548,5230,5814,1585,6476,7179,11555,3083,3914,21438,31,5624,3995,35,3645,443,93,5438,5176,42965,632082,31453,419,82581,128700,13874,110177,7810,4264,13049,3626,3407,112,7428,20758,20692,1795,17461,76476,8879,147222,1096,5110,5685,26445,2451,314027,7404,16139,7169,2106,6886,2705,815,77020,39902,1111,217029,31143,30635,78840,232,20633,11813,7402,14855,165005,593,534,539,247,59,142,7657,1034,1359,32008,11981,1629,14754,194862,16691,1182,7600,18654,18110,13009,18038,16571,14034,162,624,286,6617,295,9561,4064,4610,1680,42,99,2565,2291,7094,38524,20633,139101,10581,99262,110618,58613,183981,56672,125346,985,92437,118598,31398,26326,86869,56942,21610,3864,354,1417,7521,3302,6705,597,136,189,253,11422,1339,229233,46387,46216,3348,442312,128910,12041,98270,84677,2834,1889,139433,61817,206985,12410,122241,440,107951,65,1149,2330,311,2121,6262,802,21185,9037,35,4623,5409,3801,6106,3008,15107,8834,379,758,23644,13956,8492,6905,8220,1924,4806,4928,2676,2336,1775,941,7110,20049,6306,2511,7626,13478,12292,58824,391304,1335,12630,8170,7588,5091,4102,4362,6389,3369,159,24283,3406,6528,18108,2286,8444,3102,16021,7270,6236,3783,6076,227,3343,2562,14265,12836,5097,6172,4959,8511,7903,5405,4806,6099,21331,42,117,2789,4567,1162,1096,43435,799,24989,54,1084,218,23499,2098,19740,18744,30229,167,10970,539,438,5951,11554,359904,1841,5935,9689,3182,104,16481,900,2645,2749,59515,24068,14200,4425,559,936,425,43,244,4437,5270,6927,3708,12508,3590,3369,7831,262962,1677,11186,365003,3372,21738,6323,34268,2510,13224,2044,773,13580,4961,6874,7206,2411,2548,1055,9641,7842,6513,7254,1972,7193,7905,85201,429,48691,6613,460,75626,17379,70,1019,18949,2821,83,31290,5254,2819,505,17717,6774,79316,15197,1547,4900,7332,3054,5144,6120,2781,3570,95,1683,244,6998,379,253,761,727,3296,1767,3635,165976,6375,46688,22246,4892,2245,3559,1304,83428,245,47546,7192,31362,6063,1354,8717,98,101305,20220,31860,141511,24040,115495,1195,1020,2645,5344,2786,6710,4939,6815,30562,6683,86,604,6674,289,227,14020,11697,221,493,452,83224,134241,120223,27113,113260,14032,1138,345909,308733,50711,143032,221715,264151,1065,500,4691,4547,1456,5827,2454,1829,1101,2307,23667,0.0,0.0,0.0,0.0,0.0,0.0,0.0,0.0,0.0,0.0,0.0,0.0,0.0,0.0,0.0,0.0,0.0,0.0,0.0,0.0,0.0,0.0,0.0,0.0,0.0,0.0,0.0,0.0,0.0,0.0,0.0,0.0,0.0,0.0,0.0,0.0,0.0,0.0,0.0,0.0,0.0,0.0,0.0,0.0,0.0,0.0,0.0,0.0,0.0,0.0,0.0,0.0,0.0,0.0,0.0,0.0,0.0,0.0,0.0,0.0,0.0,0.0,0.0,0.0,0.0,0.0,0.0,0.0,0.0,0.0,0.0,0.0,0.0,0.0,0.0,0.0,0.0,0.0,0.0,0.0,0.0,0.0,0.0,0.0,0.0,0.0,0.0,0.0,0.0,0.0,0.0,0.0,0.0,0.0,0.0,0.0,0.0,0.0,0.0,0.0,0.0,0.0,0.0,0.0,0.0,0.0,0.0,0.0,0.0,0.0,0.0,0.0,0.0,0.0,0.0,0.0,0.0,0.0,0.0,0.0,0.0,0.0,0.0,0.0,0.0,0.0,0.0,0.0,0.0,0.0,0.0,0.0,0.0,0.0,0.0,0.0,0.0,0.0,0.0,0.0,0.0,0.0,0.0,0.0,0.0,0.0,0.0,0.0,0.0,0.0
ENCFF000YCC,0.05866816246765995,2680,20,278,3449,42,5456,503,32,42,23,51,226,320,655,1675,2076,255,31,370,437,25,59,9,5,3,50,41,252,2586,298,19,13,37,132,99,1,155,3,6,555,800,8,57,6,5,36,395,2272,9,50,73,112,35,39,548,11,24,25,10,56,104,24,1302,17,17,19,4,3894,3596,594,76,55,74,451,20,81,39,50,57,20,83,91,321,30,26,233,3,70,56,4,97,5,2,88,91,1542,12754,799,8,2181,2993,166,2633,81,30,383,97,139,0,238,561,604,15,380,2474,201,2150,38,175,171,576,89,3269,121,485,232,60,272,28,7,2509,981,39,2559,695,883,2095,10,324,226,83,263,4520,37,19,9,5,3,3,155,33,52,745,354,49,278,3463,280,28,81,79,59,221,337,304,458,4,17,1,67,0,121,55,158,159,1,0,49,47,52,1110,507,3377,190,2090,2472,988,2905,943,1964,23,2120,2423,869,682,1802,1326,457,59,11,52,4,41,85,13,3,1,12,262,26,3007,906,959,6,14846,2529,283,2016,2187,73,35,2823,1299,4513,394,3028,11,3362,2,20,58,35,24,65,16,246,151,4,52,76,50,67,39,176,95,22,17,339,219,117,206,71,30,45,51,33,33,30,44,85,378,87,33,124,166,155,1099,1885,38,159,259,99,53,32,49,63,38,15,533,38,51,414,18,109,40,273,72,91,42,77,23,38,32,192,179,52,81,61,189,109,57,51,57,250,1,0,26,39,41,11,1048,7,718,5,43,12,484,66,516,500,499,1,186,8,23,73,293,5631,44,120,177,83,4,152,12,15,54,912,416,219,114,3,26,12,2,7,51,43,170,27,233,41,39,165,4746,36,172,9080,31,412,61,360,69,179,20,35,312,61,70,64,46,40,19,307,80,44,78,20,83,68,1913,6,746,190,2,2073,538,0,20,474,43,5,504,70,170,27,189,66,1916,273,31,57,62,28,85,65,88,28,1,75,2,152,29,8,10,28,8,50,33,2728,187,769,446,145,45,65,8,2932,6,1107,132,997,99,22,234,5,1945,407,679,2975,168,1780,13,10,20,60,28,67,51,98,473,58,1,20,87,2,1,320,306,0,7,12,1769,2821,2221,521,2465,332,29,5243,6556,852,2868,4761,5795,25,15,70,62,21,80,88,17,39,35,501,0.0,0.0,0.0,0.0,0.0,0.0,0.0,0.0,0.0,0.0,0.0,0.0,0.0,0.0,0.0,0.0,0.0,0.0,0.0,0.0,0.0,0.0,0.0,0.0,0.0,0.0,0.0,0.0,0.0,0.0,0.0,0.0,0.0,0.0,0.0,0.0,0.0,0.0,0.0,0.0,0.0,0.0,0.0,0.0,0.0,0.0,0.0,0.0,0.0,0.0,0.0,0.0,0.0,0.0,0.0,0.0,0.0,0.0,0.0,0.0,0.0,0.0,0.0,0.0,0.0,0.0,0.0,0.0,0.0,0.0,0.0,0.0,0.0,0.0,0.0,0.0,0.0,0.0,0.0,0.0,0.0,0.0,0.0,0.0,0.0,0.0,0.0,0.0,0.0,0.0,0.0,0.0,0.0,0.0,0.0,0.0,0.0,0.0,0.0,0.0,0.0,0.0,0.0,0.0,0.0,0.0,0.0,0.0,0.0,0.0,0.0,0.0,0.0,0.0,0.0,0.0,0.0,0.0,0.0,0.0,0.0,0.0,0.0,0.0,0.0,0.0,0.0,0.0,0.0,0.0,0.0,0.0,0.0,0.0,0.0,0.0,0.0,0.0,0.0,0.0,0.0,0.0,0.0,0.0,0.0,0.0,0.0,0.0,0.0,0.0
ENCFF242DZM,0.16316871302509642,86652,507,10282,90644,2685,250179,12526,736,1056,524,1157,9762,11176,22090,44481,75029,8351,782,12465,17108,297,1189,179,48,93,2720,623,9193,65727,7505,579,332,1132,4642,4370,95,4793,106,12,20131,22669,77,1384,113,142,1179,14548,65971,121,1147,3407,4091,985,620,11070,291,639,1026,531,1521,3458,1606,35068,2350,792,409,38,135236,120257,11678,2877,2040,2439,8209,322,3122,1309,2247,2634,587,2760,3005,7727,1001,1428,10586,30,2488,1234,55,2341,497,38,3135,4001,49551,404921,25854,326,64967,95421,6622,81431,2844,1769,11481,4371,5942,69,6276,15137,15161,184,12876,65204,7725,74727,2169,9914,8969,22979,4476,109868,4241,15283,7009,1935,5037,747,265,54537,30305,498,82878,21288,19689,52012,184,13982,3834,3125,7530,108300,566,399,257,180,77,65,4350,684,776,31083,9723,1299,9787,98447,9130,767,3009,1465,1291,6432,12195,10324,9229,295,412,50,2857,38,5421,1685,2222,261,50,61,1454,1970,2585,32305,15320,96895,6129,78690,85140,40521,87616,35695,76588,542,66843,81920,21189,20745,54097,44215,14720,2928,151,1627,156,1567,2474,310,233,31,87,10773,681,102999,32767,26518,1322,503228,90691,8438,64564,64245,2210,1442,108246,49839,157218,15047,100939,746,90363,54,1025,1627,85,729,2625,473,9597,3898,51,1749,2514,1624,2664,1045,6185,3653,493,493,11102,6830,4194,5240,3109,1023,1466,2218,922,889,640,970,3236,15460,3700,959,4183,5962,5856,34740,132169,653,5192,6142,3371,2357,1818,1839,2698,1580,219,14241,1041,1945,10185,1017,3749,903,10153,3072,2889,1816,2448,280,1125,1694,6325,7009,2338,2687,1836,4816,3837,1667,2268,2720,11387,44,85,1005,1651,798,1689,27451,158,20448,26,1121,141,13957,1329,14519,17409,17006,55,6453,241,377,1304,6953,199417,1063,4189,5126,2243,141,8324,234,208,1053,40831,13950,7958,2560,60,281,290,13,85,1856,2388,4603,1544,8947,1245,1072,6148,120171,879,5877,281733,1436,10909,2730,13159,955,6735,738,358,7952,2149,2532,2703,858,991,535,3579,3134,2602,2794,1486,2945,3207,60135,126,23620,5913,55,54086,15403,145,456,22310,1134,114,15457,2313,2080,504,7578,3048,45394,9148,1507,1967,2881,1126,3178,2341,2268,1257,31,2482,53,4732,170,527,307,952,379,2068,2065,91491,8286,27981,19634,4396,1316,2910,385,65920,300,32586,4216,24240,2222,946,6133,37,81783,15695,25888,110671,17623,48728,749,509,828,2084,1100,3036,2102,4057,17362,2743,96,342,2944,84,39,7951,7211,26,454,360,51112,116090,84656,21169,81302,9242,1645,168528,235825,37262,118511,164819,190325,548,443,2139,1875,528,2527,2506,686,990,1653,16907,0.0,0.0,0.0,0.0,0.0,0.0,0.0,0.0,0.0,0.0,0.0,0.0,0.0,0.0,0.0,0.0,0.0,0.0,0.0,0.0,0.0,0.0,0.0,0.0,0.0,0.0,0.0,0.0,0.0,0.0,0.0,0.0,0.0,0.0,0.0,0.0,0.0,0.0,0.0,0.0,0.0,0.0,0.0,0.0,0.0,0.0,0.0,0.0,0.0,0.0,0.0,0.0,0.0,0.0,0.0,0.0,0.0,0.0,0.0,0.0,0.0,0.0,0.0,0.0,0.0,0.0,0.0,0.0,0.0,0.0,0.0,0.0,0.0,0.0,0.0,0.0,0.0,0.0,0.0,0.0,0.0,0.0,0.0,0.0,0.0,0.0,0.0,0.0,0.0,0.0,0.0,0.0,0.0,0.0,0.0,0.0,0.0,0.0,0.0,0.0,0.0,0.0,0.0,0.0,0.0,0.0,0.0,0.0,0.0,0.0,0.0,0.0,0.0,0.0,0.0,0.0,0.0,0.0,0.0,0.0,0.0,0.0,0.0,0.0,0.0,0.0,0.0,0.0,0.0,0.0,0.0,0.0,0.0,0.0,0.0,0.0,0.0,0.0,0.0,0.0,0.0,0.0,0.0,0.0,0.0,0.0,0.0,0.0,0.0,0.0
ENCFF001HNS,0.19193142763883989,38049,136,2387,38400,815,132524,4941,196,366,272,356,2514,3390,5630,13047,32912,2472,384,5626,4805,111,544,76,55,59,645,1455,2922,37464,3221,207,176,422,1668,1489,51,1723,27,4,5564,9101,81,571,56,37,670,4940,24943,198,402,890,1269,390,214,4654,150,268,347,143,596,1197,351,13625,221,773,452,20,41042,35946,5390,975,643,1122,3513,257,1164,507,723,739,202,879,1079,3001,387,502,3087,12,747,422,33,1045,200,33,1035,1158,15530,144489,8076,99,21981,31783,2412,27232,1020,601,4307,1356,1572,40,2283,5979,6192,300,3538,24991,2556,42736,634,2417,2239,7052,1010,62079,1201,4772,2423,604,2038,393,159,22851,9313,878,26010,5965,7996,21857,228,3793,4038,1073,2973,26455,401,312,68,103,31,50,1891,288,321,8666,3857,611,3014,36350,3291,428,1100,1040,776,2440,3197,2636,3873,62,145,45,913,37,1498,541,492,335,24,6,543,592,959,11197,5428,33933,1831,23767,27390,11994,24474,10824,22712,211,21300,25252,8028,6938,17533,14076,4587,742,276,706,54,480,833,136,70,24,40,3014,262,32224,10485,10260,371,148459,30514,2624,21737,22601,943,433,32201,16005,51052,4390,32329,108,32493,26,252,445,41,221,878,220,3125,1865,25,625,895,505,810,413,2214,1314,157,182,3966,2529,1725,1940,1125,290,567,705,321,316,243,342,948,4314,1047,330,1454,1923,1849,9473,22514,748,2045,2192,1144,773,566,542,843,461,94,5652,418,789,4263,311,1363,388,3191,1004,975,508,815,161,422,509,2063,2059,718,789,630,1991,1370,773,703,820,3279,32,27,390,525,436,299,11518,130,8058,31,533,90,5443,573,5489,5677,5869,28,2237,87,154,1171,3054,50983,588,1609,1659,805,71,2352,173,422,578,12287,6008,2311,1255,56,206,149,11,100,596,2318,2486,539,3164,455,444,1627,48383,350,1826,97505,515,4847,929,4957,1477,2258,303,676,3980,765,924,1004,362,402,217,7292,1122,878,1001,455,1093,1209,20454,91,8406,1709,19,20293,4937,41,229,4504,626,50,5284,778,947,240,2756,1022,25041,3140,617,663,987,496,1012,802,959,192,19,668,28,1550,102,19,160,405,324,683,642,24008,2223,9165,5574,1446,435,673,200,28575,163,12223,1600,9582,1206,319,2208,12,25431,4708,8340,35290,1602,17359,227,165,328,824,413,1062,662,1214,7138,934,37,260,906,30,62,3062,3185,19,266,170,18974,31752,24200,5934,28220,3370,297,53627,71805,10760,33485,51562,63070,224,128,677,605,171,835,965,221,488,550,5556,0.0,0.0,0.0,0.0,0.0,0.0,0.0,0.0,0.0,0.0,0.0,0.0,0.0,0.0,0.0,0.0,0.0,0.0,0.0,0.0,0.0,0.0,0.0,0.0,0.0,0.0,0.0,0.0,0.0,0.0,0.0,0.0,0.0,0.0,0.0,0.0,0.0,0.0,0.0,0.0,0.0,0.0,0.0,0.0,0.0,0.0,0.0,0.0,0.0,0.0,0.0,0.0,0.0,0.0,0.0,0.0,0.0,0.0,0.0,0.0,0.0,0.0,0.0,0.0,0.0,0.0,0.0,0.0,0.0,0.0,0.0,0.0,0.0,0.0,0.0,0.0,0.0,0.0,0.0,0.0,0.0,0.0,0.0,0.0,0.0,0.0,0.0,0.0,0.0,0.0,0.0,0.0,0.0,0.0,0.0,0.0,0.0,0.0,0.0,0.0,0.0,0.0,0.0,0.0,0.0,0.0,0.0,0.0,0.0,0.0,0.0,0.0,0.0,0.0,0.0,0.0,0.0,0.0,0.0,0.0,0.0,0.0,0.0,0.0,0.0,0.0,0.0,0.0,0.0,0.0,0.0,0.0,0.0,0.0,0.0,0.0,0.0,0.0,0.0,0.0,0.0,0.0,0.0,0.0,0.0,0.0,0.0,0.0,0.0,0.0
ENCFF000VRR,0.1582558256135021,19751,154,1474,7098,271,21746,1502,88,140,95,153,1014,1218,2207,3515,7175,882,108,1403,1763,40,155,19,5,13,195,1013,884,6408,930,74,81,139,489,470,42,449,10,7,1971,2660,19,153,8,44,131,1456,4796,143,130,276,435,117,67,1573,39,70,101,30,170,441,190,2764,71,125,287,23,12649,12947,1620,278,201,542,1282,39,330,152,266,253,45,275,276,1006,130,149,1006,9,273,135,6,286,172,7,411,406,4224,46357,2975,30,7577,10667,664,9274,285,189,1282,408,469,5,716,1879,1750,32,1145,8194,848,9193,239,1019,868,2601,427,11468,411,1579,869,217,645,128,23,7922,3178,878,6178,2207,3061,6719,262,1289,568,319,927,9359,105,220,17,34,20,14,434,89,132,3077,1193,176,1337,7820,914,108,312,209,160,706,1293,1129,1227,11,32,9,269,7,523,193,250,35,37,7,194,178,239,4001,1834,11470,637,7993,8551,3900,7723,3441,7624,69,7273,8840,2678,2607,6070,4768,1494,263,220,191,19,120,272,38,28,8,21,1067,100,10408,3427,2844,60,57920,9414,976,6770,5754,214,170,10579,5019,15182,1535,10836,62,10602,16,110,253,83,92,268,41,980,484,9,186,268,175,250,125,667,357,70,53,1223,726,507,678,334,104,159,222,97,92,67,135,305,1464,392,125,476,597,539,2843,8251,689,539,729,362,207,168,183,280,126,41,1722,138,212,1286,111,410,118,1090,260,260,173,238,67,136,205,679,708,235,228,205,624,406,183,233,263,1105,8,7,114,165,124,113,3388,38,2414,10,144,15,1527,197,1845,1839,1772,8,628,32,66,330,976,18771,226,513,568,320,49,793,41,103,127,3917,1578,964,328,12,52,38,3,10,206,197,628,142,1080,137,130,464,9962,142,575,35013,155,1382,270,1314,1123,725,73,521,2226,237,254,294,96,114,75,6016,337,259,304,145,300,332,6329,18,2562,632,11,6558,2293,12,55,1644,154,13,1672,251,294,83,799,289,5249,879,298,220,299,120,287,255,347,222,2,298,10,473,19,8,39,199,90,216,216,8915,799,2521,1913,431,157,262,56,9005,139,4327,577,3087,266,101,772,35,8438,1577,2702,11756,992,4632,113,49,107,288,189,284,219,390,1929,302,12,125,300,4,9,995,940,7,209,73,6029,11821,8396,2170,9397,1043,113,18327,24814,3861,12255,17576,21264,57,40,212,170,58,244,318,98,109,138,1735,0.0,0.0,0.0,0.0,0.0,0.0,0.0,0.0,0.0,0.0,0.0,0.0,0.0,0.0,0.0,0.0,0.0,0.0,0.0,0.0,0.0,0.0,0.0,0.0,0.0,0.0,0.0,0.0,0.0,0.0,0.0,0.0,0.0,0.0,0.0,0.0,0.0,0.0,0.0,0.0,0.0,0.0,0.0,0.0,0.0,0.0,0.0,0.0,0.0,0.0,0.0,0.0,0.0,0.0,0.0,0.0,0.0,0.0,0.0,0.0,0.0,0.0,0.0,0.0,0.0,0.0,0.0,0.0,0.0,0.0,0.0,0.0,0.0,0.0,0.0,0.0,0.0,0.0,0.0,0.0,0.0,0.0,0.0,0.0,0.0,0.0,0.0,0.0,0.0,0.0,0.0,0.0,0.0,0.0,0.0,0.0,0.0,0.0,0.0,0.0,0.0,0.0,0.0,0.0,0.0,0.0,0.0,0.0,0.0,0.0,0.0,0.0,0.0,0.0,0.0,0.0,0.0,0.0,0.0,0.0,0.0,0.0,0.0,0.0,0.0,0.0,0.0,0.0,0.0,0.0,0.0,0.0,0.0,0.0,0.0,0.0,0.0,0.0,0.0,0.0,0.0,0.0,0.0,0.0,0.0,0.0,0.0,0.0,0.0,0.0
ENCFF000ZKU,0.06046032217681243,5051,32,447,5874,103,10833,812,34,43,36,75,337,430,861,2211,2945,454,70,708,752,33,120,9,6,6,119,82,425,3939,579,36,30,54,290,232,5,294,2,0,1020,1783,9,112,3,5,131,794,3391,7,100,108,178,61,56,1130,22,77,53,39,163,178,36,2007,44,85,20,3,7305,7265,1227,147,77,144,956,38,189,69,107,134,23,107,185,619,48,63,416,2,95,63,7,314,63,17,265,175,1416,26852,1743,14,4936,6450,344,5602,202,80,856,283,306,6,460,1122,1151,26,680,5791,383,4043,83,311,277,1422,130,5758,222,1066,424,120,470,68,8,4979,1365,138,2919,917,1913,4456,16,589,481,149,537,6059,56,45,10,26,4,2,327,51,73,1422,812,83,576,5625,442,67,157,311,270,425,699,697,861,16,23,18,140,7,242,102,496,646,4,1,63,146,140,2636,1227,7276,321,3939,5256,2015,5090,1922,3814,35,4445,5087,1703,1530,3742,3078,1100,137,15,121,3,69,125,23,14,7,12,616,32,6160,1674,1038,278,28617,5244,584,4416,3153,218,77,6029,2598,7818,533,7306,25,7469,1,51,103,11,27,121,36,471,364,2,84,92,79,104,57,381,207,34,36,645,444,321,419,131,40,70,94,47,57,43,91,156,668,125,68,273,369,290,1844,4092,60,341,513,208,99,84,58,102,68,25,1339,54,90,892,40,222,57,537,162,159,78,132,28,60,66,339,302,120,120,81,413,184,95,92,110,460,4,3,60,50,100,26,2475,32,1515,5,91,7,995,141,1198,1051,1075,2,409,17,30,183,642,7495,97,333,324,181,5,333,35,83,100,1981,818,356,286,12,32,38,2,3,70,284,525,113,555,76,58,291,7068,48,247,19758,65,991,118,743,127,335,34,21,563,110,153,141,59,53,42,341,169,128,195,59,158,212,4361,17,1555,373,14,4504,1200,2,49,840,177,13,886,105,193,55,488,157,2894,427,74,115,168,63,114,79,234,23,9,150,4,266,48,5,18,56,110,85,155,4263,273,1174,733,175,77,116,54,6332,17,2421,243,2103,203,59,510,2,4145,754,1513,6132,323,2319,33,56,53,125,51,156,76,139,1663,144,2,37,164,9,10,758,762,0,24,37,4217,5590,4066,1006,5549,751,52,10569,13308,1782,5882,9812,12434,46,37,93,106,51,105,249,46,76,90,1024,0.0,0.0,0.0,0.0,0.0,0.0,0.0,0.0,0.0,0.0,0.0,0.0,0.0,0.0,0.0,0.0,0.0,0.0,0.0,0.0,0.0,0.0,0.0,0.0,0.0,0.0,0.0,0.0,0.0,0.0,0.0,0.0,0.0,0.0,0.0,0.0,0.0,0.0,0.0,0.0,0.0,0.0,0.0,0.0,0.0,0.0,0.0,0.0,0.0,0.0,0.0,0.0,0.0,0.0,0.0,0.0,0.0,0.0,0.0,0.0,0.0,0.0,0.0,0.0,0.0,0.0,0.0,0.0,0.0,0.0,0.0,0.0,0.0,0.0,0.0,0.0,0.0,0.0,0.0,0.0,0.0,0.0,0.0,0.0,0.0,0.0,0.0,0.0,0.0,0.0,0.0,0.0,0.0,0.0,0.0,0.0,0.0,0.0,0.0,0.0,0.0,0.0,0.0,0.0,0.0,0.0,0.0,0.0,0.0,0.0,0.0,0.0,0.0,0.0,0.0,0.0,0.0,0.0,0.0,0.0,0.0,0.0,0.0,0.0,0.0,0.0,0.0,0.0,0.0,0.0,0.0,0.0,0.0,0.0,0.0,0.0,0.0,0.0,0.0,0.0,0.0,0.0,0.0,0.0,0.0,0.0,0.0,0.0,0.0,0.0
ENCFF001GWR,0.15239109166912304,23480,91,2872,41553,942,116288,2916,265,376,192,222,2491,4169,8065,16832,33814,2563,204,3758,3276,40,264,29,25,17,513,595,2854,28751,1584,105,144,286,1528,1368,39,1251,30,0,4593,4751,42,304,29,23,294,4172,24801,130,312,1006,1221,162,94,2130,63,131,190,40,197,1073,514,18670,970,322,245,4,46786,31093,2330,941,627,997,1771,126,1040,478,734,766,241,1090,879,1634,534,462,3090,7,763,472,19,401,75,14,682,1294,23641,98972,4390,97,12506,18668,1946,16190,892,560,1943,675,792,7,1053,3182,3100,84,3029,14083,2511,32552,712,2691,2481,4791,1171,47996,1317,3019,1286,248,1008,205,43,9969,11998,495,22359,7783,3975,10968,170,3449,2626,948,2161,35161,261,146,117,50,19,16,862,85,149,6194,1818,278,2181,43556,3670,181,909,246,296,1685,1920,1541,1815,23,39,6,960,8,1584,581,446,173,26,30,488,405,803,6672,3215,21603,1776,20740,20158,10169,29926,9421,21026,144,14347,17946,4949,3913,12245,8519,3339,648,150,400,33,443,855,52,34,6,25,2345,274,44720,9900,11587,88,95553,25453,2488,17199,29496,347,258,27276,12676,54692,5200,17809,168,14754,13,133,294,13,321,731,108,2856,995,16,657,922,554,899,361,1883,1174,101,112,3199,1847,1303,1086,1118,311,652,720,326,351,235,177,1125,3838,1193,332,1268,1859,1803,12457,78100,496,1824,1223,1088,692,521,570,896,505,51,3331,426,807,2442,311,1037,403,2614,969,881,590,843,105,493,388,2211,2103,786,876,730,1436,1128,726,780,919,3307,18,25,354,570,170,214,6357,43,4260,14,264,41,3312,284,3124,3510,4879,6,1295,53,73,753,1563,80380,245,981,1430,635,58,2211,65,34,258,9933,4486,2055,490,7,88,59,15,25,664,843,1169,432,2256,522,496,1428,56584,341,1861,58976,439,2754,860,4140,719,2005,292,268,2428,771,708,876,461,389,169,3743,908,787,855,312,1048,1036,12623,21,6345,1177,7,11596,3165,40,84,3360,301,18,4699,696,497,99,2305,965,27868,3831,381,803,895,381,924,768,466,679,8,582,23,1066,39,39,53,193,37,664,556,29819,2482,10667,5793,1462,400,371,88,13365,161,6699,1269,4888,489,186,1320,10,15308,3193,5236,23692,5224,25357,191,112,410,747,378,859,669,1228,5890,773,30,109,1117,3,18,1440,1592,4,194,85,10623,27142,21719,5522,16810,2183,110,56844,51715,9598,27287,37645,41193,164,114,720,670,198,822,416,113,167,317,3999,0.0,0.0,0.0,0.0,0.0,0.0,0.0,0.0,0.0,0.0,0.0,0.0,0.0,0.0,0.0,0.0,0.0,0.0,0.0,0.0,0.0,0.0,0.0,0.0,0.0,0.0,0.0,0.0,0.0,0.0,0.0,0.0,0.0,0.0,0.0,0.0,0.0,0.0,0.0,0.0,0.0,0.0,0.0,0.0,0.0,0.0,0.0,0.0,0.0,0.0,0.0,0.0,0.0,0.0,0.0,0.0,0.0,0.0,0.0,0.0,0.0,0.0,0.0,0.0,0.0,0.0,0.0,0.0,0.0,0.0,0.0,0.0,0.0,0.0,0.0,0.0,0.0,0.0,0.0,0.0,0.0,0.0,0.0,0.0,0.0,0.0,0.0,0.0,0.0,0.0,0.0,0.0,0.0,0.0,0.0,0.0,0.0,0.0,0.0,0.0,0.0,0.0,0.0,0.0,0.0,0.0,0.0,0.0,0.0,0.0,0.0,0.0,0.0,0.0,0.0,0.0,0.0,0.0,0.0,0.0,0.0,0.0,0.0,0.0,0.0,0.0,0.0,0.0,0.0,0.0,0.0,0.0,0.0,0.0,0.0,0.0,0.0,0.0,0.0,0.0,0.0,0.0,0.0,0.0,0.0,0.0,0.0,0.0,0.0,0.0
ENCFF183QKB,0.16118199807659817,104491,111,2048,16636,268,80335,14424,237,321,371,973,2415,1096,2785,8504,12319,2307,680,4118,6762,230,986,67,118,77,1233,5995,2678,10294,5187,331,152,423,1532,1399,46,2192,27,35,9519,14419,41,641,10,26,707,5688,7051,642,776,710,885,564,601,10503,200,415,775,222,1420,1330,53,2249,161,232,1695,99,25795,42805,10155,771,422,1986,8979,426,1039,410,501,595,127,687,1075,4544,312,371,2559,18,585,424,11,1419,131,245,1047,558,4197,170643,11805,155,31781,41842,1958,36056,1019,431,6609,1913,1920,23,3801,9725,10684,206,5404,43689,966,19590,127,586,798,8085,320,19756,907,8797,3578,701,3306,390,405,38189,3809,3339,6045,3121,25561,35307,437,3853,2655,1056,4704,13886,504,863,75,125,18,45,2896,435,717,12899,5316,638,4255,16159,1527,557,970,1487,1125,3062,8496,9078,11136,65,177,65,683,30,994,385,1149,1605,33,1,406,854,848,16898,8088,50220,2049,22268,31840,12858,15450,13589,22865,325,27719,32573,14876,10739,29174,20757,5344,761,1127,639,44,406,621,181,61,47,168,4928,114,16985,7900,2785,290,197510,35040,3694,26523,5950,1527,847,32412,14981,33070,2034,58354,162,64893,46,429,1275,107,204,764,418,3560,3419,54,471,647,359,584,284,2189,1275,1215,278,4946,3285,2140,4218,1005,178,526,460,254,246,160,894,719,4032,656,269,1480,2145,1693,4143,4978,3280,2158,5565,1148,557,491,436,629,303,247,9037,404,747,5750,242,1660,368,3869,744,786,361,660,503,323,445,1784,1490,542,580,534,2754,1330,723,488,607,2926,39,55,306,467,958,464,23305,384,14157,42,412,463,7618,1179,12178,9600,8079,33,3364,236,182,1739,5478,35053,1066,2907,1998,1199,239,2002,270,351,1283,14423,5549,3324,1931,178,238,111,12,64,422,1780,2947,642,3578,348,388,794,20285,563,1560,135235,299,6851,675,4702,6147,1880,245,1898,7345,527,903,942,223,330,335,35082,1081,689,901,449,945,1053,27493,114,10726,2172,51,38160,8864,50,344,7942,1320,116,6174,502,3231,304,3102,804,7276,1233,1294,554,963,368,964,601,2155,606,43,1123,55,2486,147,67,280,917,544,228,391,17045,694,4257,2681,538,576,1191,451,48736,329,17257,1692,14910,2003,298,3571,22,32093,6133,10843,47007,1053,6456,137,442,278,869,366,890,454,1301,6360,824,21,445,661,57,54,4869,5415,16,908,275,29696,31672,25121,5662,36753,4177,363,53249,81681,10150,32647,63807,82419,185,139,454,481,147,526,1495,442,479,877,7713,0.0,0.0,0.0,0.0,0.0,0.0,0.0,0.0,0.0,0.0,0.0,0.0,0.0,0.0,0.0,0.0,0.0,0.0,0.0,0.0,0.0,0.0,0.0,0.0,0.0,0.0,0.0,0.0,0.0,0.0,0.0,0.0,0.0,0.0,0.0,0.0,0.0,0.0,0.0,0.0,0.0,0.0,0.0,0.0,0.0,0.0,0.0,0.0,0.0,0.0,0.0,0.0,0.0,0.0,0.0,0.0,0.0,0.0,0.0,0.0,0.0,0.0,0.0,0.0,0.0,0.0,0.0,0.0,0.0,0.0,0.0,0.0,0.0,0.0,0.0,0.0,0.0,0.0,0.0,0.0,0.0,0.0,0.0,0.0,0.0,0.0,0.0,0.0,0.0,0.0,0.0,0.0,0.0,0.0,0.0,0.0,0.0,0.0,0.0,0.0,0.0,0.0,0.0,0.0,0.0,0.0,0.0,0.0,0.0,0.0,0.0,0.0,0.0,0.0,0.0,0.0,0.0,0.0,0.0,0.0,0.0,0.0,0.0,0.0,0.0,0.0,0.0,0.0,0.0,0.0,0.0,0.0,0.0,0.0,0.0,0.0,0.0,0.0,0.0,0.0,0.0,0.0,0.0,0.0,0.0,0.0,0.0,0.0,0.0,0.0
ENCFF000MTO,0.04519734867963104,331418,11777,4806,92,0,2095,1372,4,45,32,460,74,26,133,35,4,625,44,1349,712,69,98,20,68,11,10,25375,149,40,431,185,750,3284,24,19,1216,140,3,0,2155,1594,0,60,0,5677,12,270,25,2114,37,12,20,55,260,31734,91,92,22,6,96,68,0,0,6,38,3154,0,4305,34822,6522,16,7,8935,1665,71,23,5,9,16,3,12,14,495,6,5,151,29,13,9,22,508,2,0,104,17,10,43994,1660,1,40144,5280,122,5214,50,10,995,350,289,30,17331,24030,4033,67,1396,16089,17,1185,0,1,34,1066,0,18,24,1319,488,204,494,31,12,7759,251,13733,416,183,1635,15053,10378,1182,57,14,1014,151,12,4297,0,20,25,4,315,27,53,1380,634,101,431,50,20,420,11,144,121,233,731,791,27215,4,34,2,10,0,22,9,312,1871,430,0,2704,73,22,4704,1528,9961,170,3034,3618,2055,841,1453,2680,26,4322,4399,3359,1943,7880,25942,5955,40,2822,43,0,7,18,38,5,3,1,882,0,456,463,6,4,1006067,2561,971,5165,42,114,178,3919,2668,1984,18,11656,7,12603,17,12,472,0,5,17,18,309,307,0,12,10,6,6,11,118,12,200,9,333,394,124,1133,18,3,5,13,4,8,5,281,23,348,61,10,129,96,38,99,6,25149,108,5158,76,12,4,15,11,4,89,1612,5,10,2013,6,110,6,324,15,18,10,9,3,11,1058,67,52,9,15,17,955,87,19,11,7,73,3,1,7,6,85,0,3468,4,3274,4,72,1,631,113,8610,1923,503,0,242,13,47,2,568,1691,409,2554,538,111,51,54,7,5,82,1551,1004,115,202,80,329,12,0,0,12,7,351,7,249,9,8,15,39,387,50,17080,1284,1206,14,195,24670,92,13,2419,11888,11,19,23,5,10,267,53087,20,23,19,10,21,22,3828,17,820,526,0,67939,1721,0,28,596,231,7,477,9,136,57,159,16,43,22,6549,13,17,7,32,7,339,4,0,339,0,168,74,7,31,5400,116,6,18,170,2,127,128,15,52,88,2,8673,3925,1804,1844,1840,263,4,433,0,5092,527,646,10765,46,51,807,1,7,654,12859,14,9,102,173,24,5,1328,40,0,0,1737,623,0,7058,11,2820,3396,2188,388,3991,925,16,4937,10072,757,3278,8021,8306,10,32,12,13,3,15,200,31,307,59,739,0.0,0.0,0.0,0.0,0.0,0.0,0.0,0.0,0.0,0.0,0.0,0.0,0.0,0.0,0.0,0.0,0.0,0.0,0.0,0.0,0.0,0.0,0.0,0.0,0.0,0.0,0.0,0.0,0.0,0.0,0.0,0.0,0.0,0.0,0.0,0.0,0.0,0.0,0.0,0.0,0.0,0.0,0.0,0.0,0.0,0.0,0.0,0.0,0.0,0.0,0.0,0.0,0.0,0.0,0.0,0.0,0.0,0.0,0.0,0.0,0.0,0.0,0.0,0.0,0.0,0.0,0.0,0.0,0.0,0.0,0.0,0.0,0.0,0.0,0.0,0.0,0.0,0.0,0.0,0.0,0.0,0.0,0.0,0.0,0.0,0.0,0.0,0.0,0.0,0.0,0.0,0.0,0.0,0.0,0.0,0.0,0.0,0.0,0.0,0.0,0.0,0.0,0.0,0.0,0.0,0.0,0.0,0.0,0.0,0.0,0.0,0.0,0.0,0.0,0.0,0.0,0.0,0.0,0.0,0.0,0.0,0.0,0.0,0.0,0.0,0.0,0.0,0.0,0.0,0.0,0.0,0.0,0.0,0.0,0.0,0.0,0.0,0.0,0.0,0.0,0.0,0.0,0.0,0.0,0.0,0.0,0.0,0.0,0.0,0.0
ENCFF637XDH,0.07737429249810208,6209,63,338,2032,44,5176,408,15,27,25,58,237,271,731,1384,1505,249,21,448,383,12,49,4,9,2,62,409,225,1390,231,9,32,39,131,114,12,140,3,3,545,648,7,48,5,16,53,374,1676,55,33,75,93,24,30,406,16,26,29,4,38,121,63,1046,80,43,125,8,3838,4750,408,65,44,166,286,16,88,29,42,63,12,56,64,227,29,33,228,1,57,39,1,70,18,5,124,96,1989,11583,681,7,1908,2589,159,2271,133,44,331,122,105,2,199,547,492,11,325,2068,207,2914,45,169,192,606,70,3900,107,433,200,47,167,19,5,1760,940,234,1845,638,855,1717,68,326,255,66,290,2955,18,62,9,7,3,2,142,26,44,709,338,47,341,2255,267,21,61,105,120,212,304,271,378,7,4,2,78,1,126,37,154,105,8,0,53,41,70,996,439,2806,147,1886,2251,1027,1992,955,1895,15,1939,2208,913,605,1553,1356,510,81,99,60,14,48,50,8,7,2,2,313,29,2681,895,747,24,21499,2866,306,2110,1995,74,66,2977,1545,4533,337,3065,19,2596,4,24,65,10,13,53,17,261,126,2,47,54,34,64,32,173,89,37,17,263,192,139,176,85,21,33,42,19,21,18,32,82,449,105,16,114,165,149,1043,3727,263,141,228,85,59,47,40,63,28,8,464,29,57,284,22,105,22,305,71,69,36,57,25,37,55,161,150,45,65,52,145,90,46,45,55,281,1,7,32,32,29,14,952,8,598,1,29,4,433,30,434,493,529,0,177,1,5,131,276,5454,47,153,160,86,29,209,12,39,50,1082,535,217,85,2,13,6,3,1,37,107,171,40,242,18,27,118,3107,41,134,8332,54,379,60,346,469,187,19,162,590,46,71,66,21,27,19,1905,72,47,65,38,67,99,1600,5,685,135,2,1784,461,0,15,502,49,1,448,68,96,16,236,72,1300,250,64,74,75,39,82,52,66,85,3,71,1,143,17,2,13,76,85,72,72,2841,148,684,514,90,46,83,9,2247,44,953,180,711,63,31,196,3,2204,428,690,2992,328,1220,28,27,25,69,69,63,44,128,573,60,3,45,69,2,0,256,261,1,92,8,1563,3165,2183,581,2329,274,39,5126,6414,981,3007,4773,5519,18,9,57,56,15,53,87,22,25,54,477,0.0,0.0,0.0,0.0,0.0,0.0,0.0,0.0,0.0,0.0,0.0,0.0,0.0,0.0,0.0,0.0,0.0,0.0,0.0,0.0,0.0,0.0,0.0,0.0,0.0,0.0,0.0,0.0,0.0,0.0,0.0,0.0,0.0,0.0,0.0,0.0,0.0,0.0,0.0,0.0,0.0,0.0,0.0,0.0,0.0,0.0,0.0,0.0,0.0,0.0,0.0,0.0,0.0,0.0,0.0,0.0,0.0,0.0,0.0,0.0,0.0,0.0,0.0,0.0,0.0,0.0,0.0,0.0,0.0,0.0,0.0,0.0,0.0,0.0,0.0,0.0,0.0,0.0,0.0,0.0,0.0,0.0,0.0,0.0,0.0,0.0,0.0,0.0,0.0,0.0,0.0,0.0,0.0,0.0,0.0,0.0,0.0,0.0,0.0,0.0,0.0,0.0,0.0,0.0,0.0,0.0,0.0,0.0,0.0,0.0,0.0,0.0,0.0,0.0,0.0,0.0,0.0,0.0,0.0,0.0,0.0,0.0,0.0,0.0,0.0,0.0,0.0,0.0,0.0,0.0,0.0,0.0,0.0,0.0,0.0,0.0,0.0,0.0,0.0,0.0,0.0,0.0,0.0,0.0,0.0,0.0,0.0,0.0,0.0,0.0
ENCFF002EDT,0.1819133215526621,98007,494,4265,43377,1128,121643,9711,373,696,443,986,4685,5837,13021,22559,37189,4628,688,8980,8064,201,997,76,119,118,1210,4500,4469,57307,5117,369,303,686,2523,2286,152,2849,46,54,11017,15138,112,884,76,143,864,7842,28599,597,700,1389,1962,699,424,9315,248,510,531,258,1256,2123,381,18959,713,769,1199,197,69547,71227,10907,1468,1016,2167,7957,502,1767,691,1084,1245,327,1363,1637,4943,592,662,4844,38,1200,701,33,1729,329,60,2170,1844,25702,234807,14293,177,38861,55546,3578,47253,1578,900,7256,2227,2490,34,4094,10477,10722,238,6027,53317,4084,64857,1006,3808,3633,12343,1620,90296,1923,8814,4271,1144,3789,547,258,41868,19045,4210,33742,12146,19056,39343,781,6294,6180,1701,5339,67333,710,1129,154,191,32,62,3268,439,1049,14492,6713,982,6581,44872,4544,575,1600,2078,1764,4256,6493,5962,7384,113,288,88,1392,87,2456,761,1485,172,107,22,893,1146,1453,21946,9967,64939,3284,42853,49082,21219,51964,19379,39006,471,39758,47430,15929,13169,33123,27046,8496,1199,1071,1400,112,797,1297,300,167,62,294,5666,612,76720,17614,19035,692,297253,58103,5548,41155,35645,1732,825,58744,28323,81605,6874,64147,292,62404,86,417,1204,373,382,1373,398,5248,3306,38,939,1307,827,1254,569,3407,2050,524,433,6309,4150,2884,3969,1710,461,913,1046,438,459,374,724,1512,7366,1732,519,2404,3217,2849,12759,46676,3135,3187,4142,1864,1201,912,892,1330,682,207,10718,664,1215,7338,478,2143,542,5342,1500,1398,839,1308,203,656,865,3281,3153,1123,1249,975,3451,2063,1046,1079,1301,5270,37,34,579,887,783,491,20070,213,13600,34,697,176,9111,1109,9814,9211,10172,58,3970,267,303,2954,5098,102864,1068,3335,2946,1440,283,3746,401,312,1057,20806,10145,5094,2004,99,375,171,20,107,940,2052,3388,816,5267,733,714,1733,62699,643,2859,171256,760,8061,1383,7551,4963,3418,389,2268,9277,1138,1443,1606,484,573,373,27023,1780,1363,1553,615,1652,1897,34518,170,13978,3005,41,36879,10544,98,453,9525,1268,117,9117,1106,2020,447,4255,1586,30601,4382,1295,1026,1625,609,1616,1187,2081,1408,59,1662,81,2587,234,51,301,971,662,1102,1354,31585,3141,11950,8425,1947,721,1209,284,49828,563,20174,2718,16963,2212,459,3782,78,42409,8027,13889,61851,4333,24001,405,357,545,1468,827,1622,995,1883,11505,1537,66,689,1375,59,79,5641,5708,30,923,306,35776,57219,41482,10752,51068,5864,501,99163,125743,18517,57738,92233,112172,424,239,1028,930,304,1144,1775,374,603,994,9451,0.0,0.0,0.0,0.0,0.0,0.0,0.0,0.0,0.0,0.0,0.0,0.0,0.0,0.0,0.0,0.0,0.0,0.0,0.0,0.0,0.0,0.0,0.0,0.0,0.0,0.0,0.0,0.0,0.0,0.0,0.0,0.0,0.0,0.0,0.0,0.0,0.0,0.0,0.0,0.0,0.0,0.0,0.0,0.0,0.0,0.0,0.0,0.0,0.0,0.0,0.0,0.0,0.0,0.0,0.0,0.0,0.0,0.0,0.0,0.0,0.0,0.0,0.0,0.0,0.0,0.0,0.0,0.0,0.0,0.0,0.0,0.0,0.0,0.0,0.0,0.0,0.0,0.0,0.0,0.0,0.0,0.0,0.0,0.0,0.0,0.0,0.0,0.0,0.0,0.0,0.0,0.0,0.0,0.0,0.0,0.0,0.0,0.0,0.0,0.0,0.0,0.0,0.0,0.0,0.0,0.0,0.0,0.0,0.0,0.0,0.0,0.0,0.0,0.0,0.0,0.0,0.0,0.0,0.0,0.0,0.0,0.0,0.0,0.0,0.0,0.0,0.0,0.0,0.0,0.0,0.0,0.0,0.0,0.0,0.0,0.0,0.0,0.0,0.0,0.0,0.0,0.0,0.0,0.0,0.0,0.0,0.0,0.0,0.0,0.0
ENCFF002EIF,0.14464433538195168,71416,219,3011,32749,725,116398,6483,233,419,299,566,2824,3375,5958,11981,29023,2707,446,4334,5468,148,644,170,48,48,694,3602,3061,28481,3233,244,239,404,1652,1364,105,1607,10,15,6743,10119,48,582,29,92,501,5260,22955,404,498,867,1293,408,269,6733,141,319,281,141,665,1343,272,10803,279,584,1074,62,41680,40671,7114,950,647,1602,5499,315,1074,487,684,755,189,820,1023,3437,399,478,3205,22,757,513,36,1166,184,17,1126,1040,13360,159212,9666,96,27104,38515,2181,33008,942,561,5099,1565,1816,12,2833,7435,7278,127,4531,31775,2278,36902,532,1998,2129,7986,857,51725,1250,5764,3005,660,2434,404,151,28402,9488,2530,18193,6193,12314,27201,709,4088,2488,1027,3620,25069,436,679,90,106,26,28,2033,268,549,10285,4523,581,3450,33087,2889,470,975,1195,902,2646,3780,3388,5188,67,177,46,874,25,1465,471,883,196,72,33,627,608,877,14285,6690,40425,2039,25887,30853,12632,26135,12073,25200,289,25163,29453,9629,8575,20018,16686,4924,757,791,564,83,425,820,172,43,17,29,3729,215,31479,10562,10423,282,167555,31257,3750,24149,19337,979,584,35453,15746,48705,3955,39459,159,40430,42,297,681,114,266,812,182,3367,2117,33,621,742,521,809,403,2138,1227,285,215,4182,2498,1869,2586,1107,309,585,646,307,294,258,503,939,4585,980,323,1500,2282,1890,8894,47163,2514,2027,3147,1224,675,560,580,860,441,186,7024,423,763,4797,319,1642,341,3705,931,812,504,818,253,437,568,2126,2144,693,787,644,2485,1444,747,648,829,3456,20,34,354,559,610,318,13616,130,9648,27,512,140,5891,633,7038,6154,6366,16,2227,89,159,812,3565,58970,710,2047,1940,986,239,2574,185,224,620,12571,5280,2940,1390,41,518,117,12,50,633,1997,2646,483,3888,466,487,1204,42703,504,1966,120295,463,5281,814,4595,4231,2105,263,1612,6892,701,870,890,323,393,301,21514,1047,808,974,523,973,1105,22559,64,9065,1962,12,25208,5644,40,266,5595,717,47,5923,737,1441,248,2683,974,21616,2850,1014,780,972,369,975,735,1239,222,19,866,13,1669,173,32,141,730,279,616,612,20555,1968,8234,5118,1207,519,807,149,34632,363,13606,1920,11642,1260,232,2555,29,26880,4936,8653,38730,4048,16310,245,123,347,984,446,994,667,1239,5955,868,40,540,919,25,32,3791,3871,9,698,177,23279,36550,25623,6550,32641,3829,281,60480,80491,11271,36979,60151,73308,275,150,689,617,192,790,1245,381,562,662,6250,0.0,0.0,0.0,0.0,0.0,0.0,0.0,0.0,0.0,0.0,0.0,0.0,0.0,0.0,0.0,0.0,0.0,0.0,0.0,0.0,0.0,0.0,0.0,0.0,0.0,0.0,0.0,0.0,0.0,0.0,0.0,0.0,0.0,0.0,0.0,0.0,0.0,0.0,0.0,0.0,0.0,0.0,0.0,0.0,0.0,0.0,0.0,0.0,0.0,0.0,0.0,0.0,0.0,0.0,0.0,0.0,0.0,0.0,0.0,0.0,0.0,0.0,0.0,0.0,0.0,0.0,0.0,0.0,0.0,0.0,0.0,0.0,0.0,0.0,0.0,0.0,0.0,0.0,0.0,0.0,0.0,0.0,0.0,0.0,0.0,0.0,0.0,0.0,0.0,0.0,0.0,0.0,0.0,0.0,0.0,0.0,0.0,0.0,0.0,0.0,0.0,0.0,0.0,0.0,0.0,0.0,0.0,0.0,0.0,0.0,0.0,0.0,0.0,0.0,0.0,0.0,0.0,0.0,0.0,0.0,0.0,0.0,0.0,0.0,0.0,0.0,0.0,0.0,0.0,0.0,0.0,0.0,0.0,0.0,0.0,0.0,0.0,0.0,0.0,0.0,0.0,0.0,0.0,0.0,0.0,0.0,0.0,0.0,0.0,0.0
ENCFF654DOD,0.32180318154049364,5033464,17234,62438,560843,14024,1128670,84788,3832,9551,5967,26880,69007,76829,121999,256431,477789,61279,11015,91633,99121,4831,18150,1499,1419,1640,6916,462881,35756,294099,72105,6774,17835,10095,19105,17162,10348,28903,546,3174,129904,240666,440,11310,192,7159,7065,80321,312380,52086,8179,5930,13596,13061,11965,159856,3601,9169,6512,3456,16244,43210,4991,151613,8397,9586,113501,11351,729044,809116,182316,11100,6902,92415,146581,5978,12359,5680,7545,8665,2060,9700,11600,80061,5014,4935,35076,239,8720,5520,246,31729,3078,858,21426,12359,261702,3183964,231097,701,613128,818171,32004,693533,12371,6263,123300,34966,39870,235,60017,151636,162534,2263,68175,650433,49732,430443,9801,43508,33858,163718,20390,583690,13290,117623,60956,18553,64641,7134,2451,771303,204726,263717,277162,118217,292171,623939,75159,65855,43092,12171,100035,653817,10861,68312,1179,2941,596,902,52578,7540,34605,166367,118668,12935,75398,560312,35776,9123,11714,36502,30161,52198,85869,75102,138916,1153,2969,1068,9053,334,16241,6107,24343,68970,6420,11,28799,15213,10560,329649,156786,915297,33812,525377,620007,205766,482611,184511,356469,6614,518810,577159,206033,193009,418174,381032,113627,12127,77336,14309,1427,3990,8608,4632,1231,297,1100,73409,3884,522355,141051,206913,5727,6203737,565900,108470,535626,295425,30812,14338,686031,275405,732102,86875,990829,3851,1049328,1545,5115,30514,20708,3217,9903,2615,46271,44057,654,6307,9106,5683,8669,4556,27327,15305,6852,3734,71131,49934,32882,66659,11650,2529,6722,6165,3586,3892,3099,13016,10038,72551,10707,4176,29207,29672,21360,157760,518683,243158,30516,69009,17975,7548,5915,6079,8944,4433,5594,152022,5621,8969,110239,3714,23306,4700,64210,9876,9564,4849,8728,6556,4946,11137,26554,24183,7811,8557,7610,51086,20842,8341,7350,7941,35977,407,265,4303,6382,11363,1332,331393,2185,213490,173,12213,647,132021,19536,152904,118067,114822,348,46745,1114,3953,24996,86521,1140525,40826,55918,32085,21071,23724,25230,5607,4808,19287,180236,111251,121979,34751,705,2997,2152,122,660,6611,18415,44644,6024,57211,5425,5561,28171,794641,23517,23847,2544972,10041,120612,9281,52363,485198,29579,3549,180500,490340,7610,10895,11539,4000,4937,11529,2151227,12956,9483,11513,3498,11574,13404,501539,1150,165822,51528,902,572762,142941,527,8716,104088,14517,852,97547,7982,25246,7962,39190,10839,221331,37939,99743,8726,11372,4730,11322,8665,28236,7787,640,19392,414,32136,3642,243,3736,51246,12659,16542,10005,420748,37948,107258,71118,19434,9992,18563,3087,864780,43564,291776,84757,292389,29854,3303,56509,3189,471745,95367,150555,739584,37923,230582,7248,4660,4552,33301,16538,11493,7006,16510,94757,10773,845,43157,9491,500,687,102259,102517,271,109029,4164,534586,631867,417837,100776,716374,81661,5504,1296842,1596917,169075,684498,1155435,1548036,6400,4139,7238,7071,2627,7711,31922,5785,9697,11000,106817,0.0,0.0,0.0,0.0,0.0,0.0,0.0,0.0,0.0,0.0,0.0,0.0,0.0,0.0,0.0,0.0,0.0,0.0,0.0,0.0,0.0,0.0,0.0,0.0,0.0,0.0,0.0,0.0,0.0,0.0,0.0,0.0,0.0,0.0,0.0,0.0,0.0,0.0,0.0,0.0,0.0,0.0,0.0,0.0,0.0,0.0,0.0,0.0,0.0,0.0,0.0,0.0,0.0,0.0,0.0,0.0,0.0,0.0,0.0,0.0,0.0,0.0,0.0,0.0,0.0,0.0,0.0,0.0,0.0,0.0,0.0,0.0,0.0,0.0,0.0,0.0,0.0,0.0,0.0,0.0,0.0,0.0,0.0,0.0,0.0,0.0,0.0,0.0,0.0,0.0,0.0,0.0,0.0,0.0,0.0,0.0,0.0,0.0,0.0,0.0,0.0,0.0,0.0,0.0,0.0,0.0,0.0,0.0,0.0,0.0,0.0,0.0,0.0,0.0,0.0,0.0,0.0,0.0,0.0,0.0,0.0,0.0,0.0,0.0,0.0,0.0,0.0,0.0,0.0,0.0,0.0,0.0,0.0,0.0,0.0,0.0,0.0,0.0,0.0,0.0,0.0,0.0,0.0,0.0,0.0,0.0,0.0,0.0,0.0,0.0
ENCFF969OBA,0.1562869646089074,192632,1993,2969,20807,248,34673,6374,136,226,255,1102,2188,1435,3984,10384,9137,2009,451,5832,5019,231,707,101,105,104,624,17920,1909,15975,3249,208,339,547,1056,959,349,1431,39,165,6383,9466,36,615,13,669,592,3910,12599,1386,334,471,721,353,318,6682,169,320,339,247,569,1436,361,6389,533,1974,4491,299,32558,38463,6975,602,365,3560,6254,294,720,257,434,489,107,441,692,3060,197,238,1848,12,473,237,18,1245,212,69,1129,626,10698,131344,9177,63,24514,34274,1689,29270,722,270,5037,1641,1986,19,2806,7025,6925,187,3614,27760,1139,15066,142,618,928,6850,275,20006,709,5336,2898,975,2611,282,119,30898,5563,11946,15611,4045,14594,24581,2592,3474,2951,671,4234,26907,543,2399,38,75,28,47,2048,327,1257,7768,4500,615,2825,20643,1654,373,645,2067,1706,2254,3877,3333,6352,69,89,83,543,22,922,282,1508,300426,60,25,1174,800,622,13804,5852,38143,1405,19058,25222,10432,18576,9752,17221,195,23163,26593,9329,7946,20622,16206,5829,591,2826,813,112,240,475,184,50,21,109,3368,174,21905,7142,3615,415,427163,29152,5292,23247,11606,1045,615,30489,15491,36165,1302,41895,162,40631,19,321,1773,784,140,573,224,2552,1996,83,275,391,250,415,207,1538,888,507,205,3086,2501,1488,3784,592,117,313,347,177,147,133,686,517,4039,686,195,1235,1513,1254,6479,21202,8335,1445,3326,755,445,379,290,440,233,403,7324,254,434,4592,186,1031,181,2868,452,566,229,456,573,243,617,1318,1303,403,443,342,2032,924,429,354,442,2168,33,24,198,269,513,164,14217,189,9502,12,452,65,5085,786,7198,6158,6107,35,2302,65,183,2062,3362,41430,1306,2474,1628,860,667,1812,207,375,753,11285,6583,3089,1360,32,172,107,19,18,326,1493,2164,414,2670,245,244,1394,26229,739,1080,101805,874,4800,507,3419,18153,1753,135,6349,17038,379,589,675,164,207,424,76942,741,520,666,406,662,799,21346,53,7599,1711,52,25070,6412,41,265,4776,832,28,4204,383,1353,291,2105,588,13472,1531,4229,377,699,211,701,448,1352,694,40,843,37,2156,273,17,154,2394,941,357,739,15700,545,4459,2686,425,329,924,231,35935,1165,13786,3611,10787,1265,259,2471,80,26124,4908,8428,38094,2139,11225,274,362,195,1031,1376,704,315,982,6605,608,12,2976,499,19,42,3747,3685,17,3658,167,21903,31507,20909,5611,29979,3494,254,47991,72232,9158,30079,52901,65725,192,150,357,312,121,432,1508,228,401,591,5108,0.0,0.0,0.0,0.0,0.0,0.0,0.0,0.0,0.0,0.0,0.0,0.0,0.0,0.0,0.0,0.0,0.0,0.0,0.0,0.0,0.0,0.0,0.0,0.0,0.0,0.0,0.0,0.0,0.0,0.0,0.0,0.0,0.0,0.0,0.0,0.0,0.0,0.0,0.0,0.0,0.0,0.0,0.0,0.0,0.0,0.0,0.0,0.0,0.0,0.0,0.0,0.0,0.0,0.0,0.0,0.0,0.0,0.0,0.0,0.0,0.0,0.0,0.0,0.0,0.0,0.0,0.0,0.0,0.0,0.0,0.0,0.0,0.0,0.0,0.0,0.0,0.0,0.0,0.0,0.0,0.0,0.0,0.0,0.0,0.0,0.0,0.0,0.0,0.0,0.0,0.0,0.0,0.0,0.0,0.0,0.0,0.0,0.0,0.0,0.0,0.0,0.0,0.0,0.0,0.0,0.0,0.0,0.0,0.0,0.0,0.0,0.0,0.0,0.0,0.0,0.0,0.0,0.0,0.0,0.0,0.0,0.0,0.0,0.0,0.0,0.0,0.0,0.0,0.0,0.0,0.0,0.0,0.0,0.0,0.0,0.0,0.0,0.0,0.0,0.0,0.0,0.0,0.0,0.0,0.0,0.0,0.0,0.0,0.0,0.0
ENCFF000QWZ,0.13671318798629575,26317,28,1835,7963,90,27919,3186,115,410,373,1085,4065,920,1798,2463,6297,1491,341,2084,3847,252,966,197,247,17,315,145,1486,5139,2915,308,157,323,744,725,6,1181,9,143,7268,9788,22,465,7,37,439,3039,3537,6,371,390,507,395,479,8173,242,284,190,120,647,2442,45,2060,134,151,37,693,19979,29180,9284,399,258,589,32041,269,513,192,262,376,78,359,562,3495,165,175,1517,13,305,185,21,1370,65,14,792,377,3237,116647,8220,45,23323,30222,1214,26155,508,189,4886,1614,1210,29,2695,9628,8000,34,4218,34647,627,7504,61,229,477,6134,94,4569,434,4663,2347,747,2261,455,83,43806,3084,52,3986,1961,74569,26857,13,2912,883,507,2412,10382,414,205,34,132,50,13,1845,254,1822,7611,4499,607,2488,8137,906,586,537,1155,1135,3748,2962,2582,10813,45,65,62,364,11,650,216,1004,1739,4,0,200,504,413,13840,6032,30897,1264,15277,19835,7757,8994,8241,16771,153,20244,22606,8231,7590,19698,13466,5938,635,6,6743,45,158,312,145,43,71,48,2998,88,11862,4615,2285,77,131521,19956,2177,18006,4315,925,732,22783,13138,23139,661,36626,125,38605,130,304,1548,1176,127,439,219,2035,2263,3,242,348,222,347,137,1152,737,360,109,2826,2066,1283,4195,462,102,274,257,130,149,99,766,400,3058,467,128,1018,1238,931,2564,3640,154,1254,5200,613,329,251,215,337,170,1007,7306,217,336,4610,148,970,154,2492,381,399,195,318,910,166,269,1016,926,291,320,270,3785,747,289,280,328,1597,37,114,152,222,420,188,16105,39,11730,36,432,208,4777,806,8548,5470,5595,7,1805,70,144,223,3212,26849,537,1536,1586,775,4,1141,237,133,569,7211,3426,7604,1179,159,559,78,1,23,219,407,1974,266,3396,190,226,718,10726,148,827,113351,213,4559,321,2430,469,1108,94,31,2433,299,453,464,130,186,177,833,507,374,480,215,519,574,18981,70,6509,1654,43,27170,5277,6,261,4783,785,37,3712,282,1102,273,1626,440,4109,660,366,300,520,214,575,291,2528,264,11,1075,8,1228,59,13,186,261,128,150,256,7305,265,2454,1206,211,225,552,77,36326,26,10812,741,11161,1075,275,2466,182,18480,3487,6334,30775,683,4771,103,225,158,340,187,482,263,870,2595,437,24,158,384,6,12,4583,4040,2,33,157,19213,23498,17194,3732,26096,2823,286,35589,59860,7302,23128,41820,56715,121,125,274,276,97,310,1407,227,517,440,4389,0.0,0.0,0.0,0.0,0.0,0.0,0.0,0.0,0.0,0.0,0.0,0.0,0.0,0.0,0.0,0.0,0.0,0.0,0.0,0.0,0.0,0.0,0.0,0.0,0.0,0.0,0.0,0.0,0.0,0.0,0.0,0.0,0.0,0.0,0.0,0.0,0.0,0.0,0.0,0.0,0.0,0.0,0.0,0.0,0.0,0.0,0.0,0.0,0.0,0.0,0.0,0.0,0.0,0.0,0.0,0.0,0.0,0.0,0.0,0.0,0.0,0.0,0.0,0.0,0.0,0.0,0.0,0.0,0.0,0.0,0.0,0.0,0.0,0.0,0.0,0.0,0.0,0.0,0.0,0.0,0.0,0.0,0.0,0.0,0.0,0.0,0.0,0.0,0.0,0.0,0.0,0.0,0.0,0.0,0.0,0.0,0.0,0.0,0.0,0.0,0.0,0.0,0.0,0.0,0.0,0.0,0.0,0.0,0.0,0.0,0.0,0.0,0.0,0.0,0.0,0.0,0.0,0.0,0.0,0.0,0.0,0.0,0.0,0.0,0.0,0.0,0.0,0.0,0.0,0.0,0.0,0.0,0.0,0.0,0.0,0.0,0.0,0.0,0.0,0.0,0.0,0.0,0.0,0.0,0.0,0.0,0.0,0.0,0.0,0.0
ENCFF000WWN,0.1279174915661314,523,19,214,324,13,998,19,7,8,0,7,138,88,161,158,424,87,1,38,118,0,4,0,1,0,0,37,24,140,136,1,2,2,182,16,1,66,0,0,2536,65,1,18,0,0,1,38,2991,3,3,6,9,1,1,353,2,2,4,4,10,9,0,97,6,7,8,1,894,2686,27,5,75,9,45,2,9,5,10,10,1,6,5,70,6,4,17,0,3,5,0,11,0,0,171,7,102,4991,332,0,818,1503,17,1583,11201,9,21,7,6,0,43,50,44,1,35,349,37,1026,11,35,27,322,14,338,5,57,12,5,8,3,0,750,1524,16,1225,135,158,1754,4,26,19,7,41,362,2,4,1,1,0,1,5,1,9,66,26,4,35,273,21,5,6,12,7,53,27,47,313,0,0,0,7,0,15,2,1390,5135,2,0,2,2,8,1046,52,867,12,926,935,206,564,98,1495,4,3622,3685,98,162,780,483,382,4,3,3,0,4,3,2,1,0,0,33,9,502,228,248,2,3124,15379,23,353,285,15,395,636,106,785,87,392,1,586,2,1,6,7,1,6,0,22,33,2,4,6,2,5,7,19,4,0,0,24,17,12,16,5,7,6,3,0,4,6,3,7,44,44,1,741,26,50,97,142,14,17,234,21,5,1,4,6,2,1,73,3,5,28,1,143,6,15,6,6,2,9,1,5,2,17,15,8,7,1,24,12,3,3,6,29,1,1,2,3,10,3,340,0,57,1,3,1,27,4,41,70,45,1,118,3,0,11,848,11781,6,11,16,14,2,385,0,1,5,519,247,18,7,2,2,1,1,1,6,8,125,4,21,2,5,277,453,2,12,5014,3,478,5,35,30,17,2,7,538,5,5,6,8,4,2,150,11,6,3,1,8,11,583,3,81,33,2,303,58,1,1,42,2,0,35,3,4,3,1363,11,114,15,4,9,11,1,9,3,7,11,1,10,0,16,0,0,0,5,0,15,3,278,33,161,305,14,3,120,0,5560,8,358,17,279,10,3,15,0,1209,631,275,1306,2,181,2,0,3,11,9,7,3,12,42,3,0,8,11,0,0,237,17,0,5,3,333,1485,1593,78,754,505,7,2025,4643,336,875,3005,2936,10,2,3,11,3,7,9,2,3,4,33,0.0,0.0,0.0,0.0,0.0,0.0,0.0,0.0,0.0,0.0,0.0,0.0,0.0,0.0,0.0,0.0,0.0,0.0,0.0,0.0,0.0,0.0,0.0,0.0,0.0,0.0,0.0,0.0,0.0,0.0,0.0,0.0,0.0,0.0,0.0,0.0,0.0,0.0,0.0,0.0,0.0,0.0,0.0,0.0,0.0,0.0,0.0,0.0,0.0,0.0,0.0,0.0,0.0,0.0,0.0,0.0,0.0,0.0,0.0,0.0,0.0,0.0,0.0,0.0,0.0,0.0,0.0,0.0,0.0,0.0,0.0,0.0,0.0,0.0,0.0,0.0,0.0,0.0,0.0,0.0,0.0,0.0,0.0,0.0,0.0,0.0,0.0,0.0,0.0,0.0,0.0,0.0,0.0,0.0,0.0,0.0,0.0,0.0,0.0,0.0,0.0,0.0,0.0,0.0,0.0,0.0,0.0,0.0,0.0,0.0,0.0,0.0,0.0,0.0,0.0,0.0,0.0,0.0,0.0,0.0,0.0,0.0,0.0,0.0,0.0,0.0,0.0,0.0,0.0,0.0,0.0,0.0,0.0,0.0,0.0,0.0,0.0,0.0,0.0,0.0,0.0,0.0,0.0,0.0,0.0,0.0,0.0,0.0,0.0,0.0
ENCFF851IDU,0.1404326039869419,21030,55,2874,43595,265,108558,4468,275,168,153,261,2535,982,3471,20179,14582,1481,635,1888,3232,86,593,55,35,26,713,378,2670,27946,2633,163,47,380,1708,1502,17,1749,16,2,5103,7801,36,286,52,20,506,4598,14441,36,513,1079,1263,275,212,4279,42,287,135,77,554,1276,260,7331,151,94,126,76,26278,27432,4319,999,591,1561,3759,192,1179,555,685,797,186,1018,1011,2579,357,635,3411,13,705,703,6,1156,99,23,710,913,22690,112693,6205,71,16986,23559,2215,20394,1098,576,2861,760,943,11,2256,4759,4856,66,3170,25664,1206,22092,189,917,997,4992,419,41578,1059,4048,1570,257,1471,177,31,20040,4495,162,21603,4389,7164,19977,30,3033,1567,1026,2355,18841,144,116,71,125,36,18,1498,346,254,6297,2639,542,2653,42518,2777,279,1117,574,605,1797,2629,2589,3786,26,102,42,999,24,1262,559,904,235,15,11,486,381,998,9903,4308,30193,1845,15500,19040,9335,23066,11141,20648,180,17865,21879,10433,5993,16588,11508,3267,689,23,186,34,617,1038,79,27,48,40,2732,70,32122,8180,4633,288,102714,23555,2374,15962,13811,736,295,23926,9976,33830,1348,24884,31,25840,37,195,602,6,292,857,144,3421,1924,17,650,668,585,893,473,2177,1188,251,121,4139,2581,1284,1881,1530,368,715,735,379,274,216,314,1143,2899,804,342,1104,1986,1560,9801,30181,362,2231,3047,1043,772,598,576,843,474,106,5569,482,1224,3961,287,1429,472,3004,1154,943,761,916,148,446,381,2404,1829,776,823,692,2293,1505,981,616,1059,3024,43,57,397,646,406,614,11769,149,7389,57,196,46,4571,564,6441,4481,4711,33,1894,30,63,600,2363,43918,424,1314,1871,768,18,1816,52,149,1029,11741,2749,2875,1070,106,298,27,19,59,609,644,1380,581,2602,644,409,1437,57670,192,1500,76136,389,4507,903,5333,674,1893,266,82,2286,759,892,915,359,319,164,2555,1170,903,957,281,942,1131,16936,17,10205,990,36,18353,5023,14,311,3236,697,15,5585,692,950,95,2955,872,20430,2056,275,673,1005,490,763,785,868,406,14,562,18,1738,161,65,67,117,749,198,613,28037,871,7837,3452,637,440,346,93,21236,59,9027,1023,8482,971,86,1975,2,18354,3160,6079,24813,879,10585,116,103,378,877,382,853,726,971,3992,910,7,115,1026,14,20,2478,2576,10,50,81,16344,22003,17187,4091,18997,2529,195,49941,51417,8399,21983,40263,46130,143,88,616,625,207,841,534,232,218,436,4370,0.0,0.0,0.0,0.0,0.0,0.0,0.0,0.0,0.0,0.0,0.0,0.0,0.0,0.0,0.0,0.0,0.0,0.0,0.0,0.0,0.0,0.0,0.0,0.0,0.0,0.0,0.0,0.0,0.0,0.0,0.0,0.0,0.0,0.0,0.0,0.0,0.0,0.0,0.0,0.0,0.0,0.0,0.0,0.0,0.0,0.0,0.0,0.0,0.0,0.0,0.0,0.0,0.0,0.0,0.0,0.0,0.0,0.0,0.0,0.0,0.0,0.0,0.0,0.0,0.0,0.0,0.0,0.0,0.0,0.0,0.0,0.0,0.0,0.0,0.0,0.0,0.0,0.0,0.0,0.0,0.0,0.0,0.0,0.0,0.0,0.0,0.0,0.0,0.0,0.0,0.0,0.0,0.0,0.0,0.0,0.0,0.0,0.0,0.0,0.0,0.0,0.0,0.0,0.0,0.0,0.0,0.0,0.0,0.0,0.0,0.0,0.0,0.0,0.0,0.0,0.0,0.0,0.0,0.0,0.0,0.0,0.0,0.0,0.0,0.0,0.0,0.0,0.0,0.0,0.0,0.0,0.0,0.0,0.0,0.0,0.0,0.0,0.0,0.0,0.0,0.0,0.0,0.0,0.0,0.0,0.0,0.0,0.0,0.0,0.0
ENCFF402LYH,0.1512346784301597,23333,118,550,2883,32,7505,1206,39,50,62,134,397,266,722,1260,1492,399,98,1452,993,49,180,11,21,18,171,1675,360,2148,776,47,75,74,192,159,30,307,7,5,1235,2164,34,157,3,58,151,749,1405,221,57,69,113,104,104,1572,38,92,73,54,140,229,56,1114,126,79,439,36,6604,7807,1604,110,57,433,1271,93,152,41,56,79,14,69,114,680,31,28,299,6,78,41,5,318,61,7,247,97,1674,29780,1958,15,5613,7248,338,6392,168,35,1132,403,359,8,712,1600,1592,51,615,6716,259,3502,19,101,183,1535,53,4008,115,1212,561,199,665,73,23,6405,1108,973,3633,834,2977,5923,274,632,986,112,797,3662,108,366,7,30,8,8,535,73,160,1675,1021,127,903,2690,207,128,112,419,406,494,816,721,1126,18,22,13,85,7,148,44,467,59,4,2,157,174,109,3028,1336,8206,270,4063,5355,2152,2715,1981,3446,47,5121,5761,2101,1730,4206,3550,1109,111,296,172,13,41,84,42,19,14,7,607,48,3539,1179,675,94,47981,6531,760,5261,2005,248,116,6503,3487,7206,265,9714,33,9301,23,70,185,75,20,101,41,463,517,8,39,59,43,60,27,248,166,84,50,630,457,352,740,71,17,44,51,34,27,26,108,65,829,126,22,320,284,229,876,2877,698,281,658,149,95,66,50,70,35,66,1652,36,73,950,27,219,31,595,57,97,35,56,69,21,105,217,207,52,66,58,429,159,65,67,62,365,9,9,19,39,144,34,3164,47,2053,10,116,35,1176,152,1505,1244,1043,7,612,20,40,583,791,7418,184,456,316,198,31,371,70,169,175,2507,1496,574,270,7,55,28,6,16,53,309,534,70,555,38,33,161,3507,113,178,22395,109,1090,96,726,1700,335,24,812,1934,52,116,113,27,37,65,8424,154,91,114,66,96,120,4774,23,1446,385,19,5502,1489,12,56,1075,175,10,814,69,407,75,386,95,1743,163,354,56,117,35,132,97,338,169,4,200,6,289,75,3,41,303,312,103,171,3612,94,590,492,69,71,210,72,8465,153,3070,454,2616,308,59,544,12,6361,1088,2006,8574,350,1488,48,127,36,108,117,109,56,163,1274,105,3,409,77,23,7,839,916,5,384,24,4790,6452,4202,1188,6670,755,139,9323,15290,1681,6294,11085,14275,33,29,66,59,21,67,324,57,111,136,1173,0.0,0.0,0.0,0.0,0.0,0.0,0.0,0.0,0.0,0.0,0.0,0.0,0.0,0.0,0.0,0.0,0.0,0.0,0.0,0.0,0.0,0.0,0.0,0.0,0.0,0.0,0.0,0.0,0.0,0.0,0.0,0.0,0.0,0.0,0.0,0.0,0.0,0.0,0.0,0.0,0.0,0.0,0.0,0.0,0.0,0.0,0.0,0.0,0.0,0.0,0.0,0.0,0.0,0.0,0.0,0.0,0.0,0.0,0.0,0.0,0.0,0.0,0.0,0.0,0.0,0.0,0.0,0.0,0.0,0.0,0.0,0.0,0.0,0.0,0.0,0.0,0.0,0.0,0.0,0.0,0.0,0.0,0.0,0.0,0.0,0.0,0.0,0.0,0.0,0.0,0.0,0.0,0.0,0.0,0.0,0.0,0.0,0.0,0.0,0.0,0.0,0.0,0.0,0.0,0.0,0.0,0.0,0.0,0.0,0.0,0.0,0.0,0.0,0.0,0.0,0.0,0.0,0.0,0.0,0.0,0.0,0.0,0.0,0.0,0.0,0.0,0.0,0.0,0.0,0.0,0.0,0.0,0.0,0.0,0.0,0.0,0.0,0.0,0.0,0.0,0.0,0.0,0.0,0.0,0.0,0.0,0.0,0.0,0.0,0.0
ENCFF728MNR,0.08496294322014131,21756,35,1870,19957,217,42025,3641,153,108,153,349,1556,947,3506,10032,9618,1289,475,3249,2961,102,477,16,12,6,613,199,1807,17118,2375,97,41,299,1083,967,20,1107,8,3,4371,8582,47,275,17,22,378,3294,16537,16,456,695,711,277,360,7965,51,251,113,37,442,746,410,8248,215,83,55,10,24630,41238,8277,617,353,1042,6758,179,661,328,382,495,134,644,700,3184,238,427,2272,7,428,383,4,744,52,9,648,519,9099,93971,7032,68,17958,24886,1354,22043,667,350,3853,1224,1003,5,2756,6953,6505,22,3289,27536,722,17194,80,407,566,4229,205,31461,741,3643,1436,238,1847,159,35,24604,3744,76,9495,3478,12506,22788,18,2153,2412,652,1915,13702,125,68,41,64,24,10,1248,323,179,6440,2515,228,1746,19352,1456,212,610,355,279,1714,2410,2304,9597,32,93,20,576,12,812,349,676,745,4,8,277,336,615,10227,3846,33395,1460,14533,20568,7366,16622,9258,15063,132,19396,22265,12154,6330,17258,10947,2394,591,16,445,52,361,549,57,11,2,44,2347,47,20105,9300,3405,91,117111,24888,2789,15342,12893,700,434,21972,10015,36219,1124,25227,49,26238,7,229,766,10,151,453,124,3178,2405,164,336,397,349,537,302,1349,757,1779,99,3074,2539,1018,5493,888,204,458,436,250,177,110,1754,667,3280,507,211,795,1403,1041,5765,26502,164,1361,5031,677,444,287,353,494,307,1348,4833,312,700,4159,150,958,302,2562,777,531,415,516,713,266,278,1429,1137,420,444,415,2357,992,661,364,575,2136,10,7,222,405,336,156,10669,29,7174,18,177,209,3762,510,5950,3776,6925,6,1507,23,69,447,3475,48687,344,1152,2294,684,15,1213,62,191,2131,9689,4066,1629,955,14,67,16,6,19,364,424,1344,336,2469,375,284,799,29688,116,1128,80043,220,3978,528,3313,387,1243,156,66,1852,425,474,541,225,197,155,1167,730,542,527,261,584,711,14019,9,7948,969,10,24134,5017,23,247,3067,403,5,4561,389,1941,84,1979,555,8471,1254,184,401,573,309,489,488,1253,202,6,603,6,1249,95,156,55,119,131,119,382,25179,569,4772,2528,418,461,337,88,33208,38,7756,688,7764,846,55,1640,6,16617,3092,4838,27616,1307,8821,74,64,222,539,248,464,414,1119,2653,517,16,111,589,10,8,2213,2577,4,38,71,15076,23160,19663,4083,18131,2750,643,38139,56620,10227,23326,43246,44910,131,55,373,317,118,485,947,194,155,322,3616,0.0,0.0,0.0,0.0,0.0,0.0,0.0,0.0,0.0,0.0,0.0,0.0,0.0,0.0,0.0,0.0,0.0,0.0,0.0,0.0,0.0,0.0,0.0,0.0,0.0,0.0,0.0,0.0,0.0,0.0,0.0,0.0,0.0,0.0,0.0,0.0,0.0,0.0,0.0,0.0,0.0,0.0,0.0,0.0,0.0,0.0,0.0,0.0,0.0,0.0,0.0,0.0,0.0,0.0,0.0,0.0,0.0,0.0,0.0,0.0,0.0,0.0,0.0,0.0,0.0,0.0,0.0,0.0,0.0,0.0,0.0,0.0,0.0,0.0,0.0,0.0,0.0,0.0,0.0,0.0,0.0,0.0,0.0,0.0,0.0,0.0,0.0,0.0,0.0,0.0,0.0,0.0,0.0,0.0,0.0,0.0,0.0,0.0,0.0,0.0,0.0,0.0,0.0,0.0,0.0,0.0,0.0,0.0,0.0,0.0,0.0,0.0,0.0,0.0,0.0,0.0,0.0,0.0,0.0,0.0,0.0,0.0,0.0,0.0,0.0,0.0,0.0,0.0,0.0,0.0,0.0,0.0,0.0,0.0,0.0,0.0,0.0,0.0,0.0,0.0,0.0,0.0,0.0,0.0,0.0,0.0,0.0,0.0,0.0,0.0
ENCFF014ESP,0.1460995117043212,36258,165,4674,41236,732,64105,4897,301,413,244,479,3330,3853,7487,14040,24007,3011,358,4045,5861,123,529,81,37,51,1628,877,3105,22312,3101,265,154,439,1925,1750,45,1986,27,4,7461,9287,98,575,45,45,1112,5687,17909,99,501,1088,1444,392,361,5235,120,259,308,116,562,1427,598,11475,292,381,204,32,46547,46332,5707,1139,664,1009,3929,149,1355,413,753,1042,225,958,1302,3330,412,471,3892,15,861,399,26,982,135,18,1699,1404,16538,162463,9633,164,25497,36635,2365,32181,1356,604,4554,1444,1783,29,2566,6710,6684,68,4176,28064,2690,30163,657,2810,2539,9366,1194,40946,1520,5281,2783,756,2344,282,81,24390,10752,528,24748,6851,9973,23577,206,4695,1629,1277,3072,27954,627,217,94,102,84,42,1688,285,439,10388,3961,601,3637,44005,3276,338,1202,791,719,2571,4668,3939,4169,98,112,34,1076,24,1822,577,1117,97,26,4,509,689,1152,13430,6187,39351,2168,26233,29826,14071,23570,12468,26712,238,25979,31678,10169,8889,21250,16837,5786,904,181,595,78,483,868,149,81,30,25,3593,244,32112,11425,10506,188,190644,35317,3208,24600,22128,871,585,38731,18355,54732,4702,37768,189,36331,37,394,701,119,253,1137,523,3554,1693,18,630,836,585,885,353,2767,1543,256,351,4380,2606,1725,2380,1108,347,534,780,304,331,242,457,1063,5544,1247,336,1582,2404,2328,10937,34124,694,2235,3300,1212,960,743,608,992,532,112,6915,424,661,4370,381,1588,328,4004,972,1039,645,859,220,413,563,2166,2452,826,952,650,2010,1295,623,772,899,4075,16,29,350,577,390,266,12419,65,8675,16,511,43,5411,655,6377,6252,6515,20,2362,74,203,820,3048,68241,504,2031,2296,1026,76,3186,121,298,494,16383,4998,3248,1124,21,126,100,10,43,660,1394,2200,667,3999,425,422,1314,51005,324,2187,116810,493,4956,1053,5130,1059,2639,253,414,4037,755,1252,1241,336,360,220,4527,1332,1089,1278,857,1186,1368,22473,61,9144,2266,12,22565,5803,39,184,6135,683,43,6100,793,1088,273,3233,1206,20184,3471,708,758,1309,383,1100,844,1004,540,10,1044,23,1716,122,43,125,409,199,716,686,28928,2379,9403,5875,1390,500,835,117,28857,142,14826,1736,11055,1111,411,2648,41,35839,5678,12280,46070,4304,12374,230,137,311,780,384,1226,749,1426,5635,1182,33,194,1000,12,20,3280,3195,11,241,194,21673,40685,28438,8243,32876,3870,295,68277,85840,13031,40809,63566,74114,202,181,722,606,167,886,1104,256,410,634,6221,0.0,0.0,0.0,0.0,0.0,0.0,0.0,0.0,0.0,0.0,0.0,0.0,0.0,0.0,0.0,0.0,0.0,0.0,0.0,0.0,0.0,0.0,0.0,0.0,0.0,0.0,0.0,0.0,0.0,0.0,0.0,0.0,0.0,0.0,0.0,0.0,0.0,0.0,0.0,0.0,0.0,0.0,0.0,0.0,0.0,0.0,0.0,0.0,0.0,0.0,0.0,0.0,0.0,0.0,0.0,0.0,0.0,0.0,0.0,0.0,0.0,0.0,0.0,0.0,0.0,0.0,0.0,0.0,0.0,0.0,0.0,0.0,0.0,0.0,0.0,0.0,0.0,0.0,0.0,0.0,0.0,0.0,0.0,0.0,0.0,0.0,0.0,0.0,0.0,0.0,0.0,0.0,0.0,0.0,0.0,0.0,0.0,0.0,0.0,0.0,0.0,0.0,0.0,0.0,0.0,0.0,0.0,0.0,0.0,0.0,0.0,0.0,0.0,0.0,0.0,0.0,0.0,0.0,0.0,0.0,0.0,0.0,0.0,0.0,0.0,0.0,0.0,0.0,0.0,0.0,0.0,0.0,0.0,0.0,0.0,0.0,0.0,0.0,0.0,0.0,0.0,0.0,0.0,0.0,0.0,0.0,0.0,0.0,0.0,0.0
ENCFF000OJL,0.1383218044427304,39862,208,2502,25539,568,74729,4678,193,442,182,413,2214,3506,6271,11494,25298,2707,399,4356,4500,135,579,89,84,64,641,1667,2882,18313,5127,234,134,394,1650,1764,44,1534,39,13,5492,9239,65,521,35,55,558,4289,12829,183,386,699,1223,419,263,6137,131,288,331,126,679,1691,305,9680,708,268,446,30,35672,40014,5916,882,612,1084,4620,284,1171,576,672,798,330,911,1051,3230,302,704,3012,17,730,365,31,1142,545,74,1177,1096,15022,132107,8378,78,22229,33987,2207,29010,902,651,4392,1275,1414,32,2529,6155,5926,160,3202,33491,2139,28632,402,1604,1609,6856,683,37033,1135,4681,2202,642,2233,359,176,26271,9667,1013,15691,5774,10084,23280,250,3398,2615,1010,2903,30637,257,428,76,99,45,36,1930,476,364,7957,4181,551,3063,25308,1966,402,974,846,791,2333,3071,2667,4930,63,120,55,881,22,1628,521,644,774,19,0,735,778,879,11723,5947,35109,1941,23655,24871,10825,20919,10352,21675,264,22344,25958,8897,7381,18893,14830,4538,569,412,672,22,284,784,177,108,34,36,2899,342,32017,8483,9543,234,161516,28242,2702,22752,17523,968,446,30260,13416,42717,3489,37205,173,36281,55,313,554,76,206,857,175,3057,1878,29,615,1190,590,784,265,2231,1519,333,201,3851,2468,1782,2197,1172,178,665,710,461,245,185,429,940,3428,980,282,1629,1933,2157,7144,13396,825,2188,2425,1208,723,588,658,835,499,190,6212,362,849,5085,273,1375,307,3242,977,953,536,830,274,416,558,1955,1926,787,795,657,2329,1232,1120,743,775,3303,27,28,486,614,487,202,12329,245,8318,32,415,95,5458,676,5714,5067,6474,46,2420,141,164,1007,4207,51721,626,1593,1658,858,73,1971,165,792,595,11244,4962,1965,1227,66,153,89,17,78,606,1015,1968,420,2853,649,411,1340,36791,289,1667,98213,595,5168,910,4879,1688,2342,218,695,4092,704,959,883,254,289,218,8497,1078,879,1001,286,1013,1175,20636,67,8036,1738,30,21359,7753,36,274,4647,577,77,5703,743,1305,267,2719,1405,12384,1661,543,619,1070,337,843,811,1078,610,24,786,45,1748,66,29,192,369,307,684,581,21690,1561,6560,3845,1053,374,789,219,30822,223,15357,1718,10134,1178,434,2385,12,23095,4416,7948,34663,1104,11362,177,211,300,1057,386,989,667,1204,5661,881,31,271,925,15,41,3285,3282,17,343,210,19671,29961,23108,5524,28655,3324,678,49091,70325,9731,30561,50083,62285,221,153,720,730,138,779,1091,214,556,507,5272,0.0,0.0,0.0,0.0,0.0,0.0,0.0,0.0,0.0,0.0,0.0,0.0,0.0,0.0,0.0,0.0,0.0,0.0,0.0,0.0,0.0,0.0,0.0,0.0,0.0,0.0,0.0,0.0,0.0,0.0,0.0,0.0,0.0,0.0,0.0,0.0,0.0,0.0,0.0,0.0,0.0,0.0,0.0,0.0,0.0,0.0,0.0,0.0,0.0,0.0,0.0,0.0,0.0,0.0,0.0,0.0,0.0,0.0,0.0,0.0,0.0,0.0,0.0,0.0,0.0,0.0,0.0,0.0,0.0,0.0,0.0,0.0,0.0,0.0,0.0,0.0,0.0,0.0,0.0,0.0,0.0,0.0,0.0,0.0,0.0,0.0,0.0,0.0,0.0,0.0,0.0,0.0,0.0,0.0,0.0,0.0,0.0,0.0,0.0,0.0,0.0,0.0,0.0,0.0,0.0,0.0,0.0,0.0,0.0,0.0,0.0,0.0,0.0,0.0,0.0,0.0,0.0,0.0,0.0,0.0,0.0,0.0,0.0,0.0,0.0,0.0,0.0,0.0,0.0,0.0,0.0,0.0,0.0,0.0,0.0,0.0,0.0,0.0,0.0,0.0,0.0,0.0,0.0,0.0,0.0,0.0,0.0,0.0,0.0,0.0
ENCFF002AUM,0.1744374630765901,53643,289,6357,73438,1597,213352,8337,462,1886,466,1330,7682,20089,32139,43142,123786,11648,1253,7888,10165,239,1098,159,53,147,1367,375,6204,57814,5887,460,271,882,3312,2945,67,3323,26,111,13752,18794,475,1272,42,83,907,10531,38008,52,1071,1967,2704,873,596,10720,310,588,704,261,1270,3666,849,26477,1800,597,128,466,97346,93700,11838,1860,1364,2114,8059,463,2269,922,1508,1745,406,1935,2003,6634,872,1083,7020,27,1639,872,68,2148,910,67,3754,2691,57093,294720,16182,189,46153,66454,4584,58021,1972,1191,8641,2407,2617,35,4543,11671,11451,99,8503,64434,7062,71372,1337,4651,4789,15043,1889,98120,2608,10067,5051,1239,4303,683,171,49909,54466,306,33116,27191,16807,47817,89,8709,4393,2199,6189,99571,764,366,417,182,122,55,3852,591,1772,18493,7435,1620,6119,78685,7273,677,1986,1519,1476,5031,6936,6194,9022,123,199,73,1920,79,3305,1139,2194,1113,27,37,972,1207,1776,25881,12255,76289,4839,78866,60593,26348,52431,24533,52320,900,45835,55115,19951,15939,38161,30963,10157,1722,95,1255,158,1009,1722,311,116,28,490,7112,860,78801,23496,68278,253,333130,65967,6718,51709,61745,1944,1103,77934,32878,110582,14108,70742,450,67376,112,577,1832,980,581,1690,267,6827,3521,43,1255,1782,1194,1748,799,4298,2528,445,768,8665,5161,3461,4283,2261,708,1182,1461,619,639,511,826,2103,9439,2260,688,3226,4102,4054,25613,91460,381,4161,5474,2468,1497,1246,1213,1946,1083,235,12163,812,1518,8917,698,2966,684,8172,2087,1843,1237,1785,437,927,1048,4550,4678,1605,1762,1424,4488,2745,1441,1553,1890,7818,46,136,694,1218,911,657,25502,269,16977,62,910,123,10977,1292,13706,11671,14433,11,4285,206,405,466,7574,253157,981,2976,3803,1903,42,5568,261,935,1890,25410,10691,9432,2180,423,363,222,26,158,1273,1593,4155,918,6775,956,934,3313,143961,667,4235,206845,867,9903,1908,8946,724,4438,565,171,6008,1451,1780,1830,790,779,465,2629,2126,1671,1893,887,2020,2181,42456,282,18782,3980,52,43706,12846,42,430,10221,845,120,11890,1547,1866,496,5546,2002,52964,7537,957,1456,1912,778,2159,1657,2053,879,46,1909,244,3069,103,70,329,668,297,2016,1401,84640,4847,22113,12971,3011,1453,1457,272,65378,217,24006,3075,21899,2513,1345,5371,151,41409,7870,14757,65606,9595,50173,460,362,562,1450,780,1976,1433,2859,17377,1817,119,286,1931,47,59,6972,7063,41,227,384,39535,77761,55015,13319,57731,7192,4425,125331,154730,23921,78609,114749,132377,1302,456,1438,1321,397,1700,2187,781,971,1063,11564,0.0,0.0,0.0,0.0,0.0,0.0,0.0,0.0,0.0,0.0,0.0,0.0,0.0,0.0,0.0,0.0,0.0,0.0,0.0,0.0,0.0,0.0,0.0,0.0,0.0,0.0,0.0,0.0,0.0,0.0,0.0,0.0,0.0,0.0,0.0,0.0,0.0,0.0,0.0,0.0,0.0,0.0,0.0,0.0,0.0,0.0,0.0,0.0,0.0,0.0,0.0,0.0,0.0,0.0,0.0,0.0,0.0,0.0,0.0,0.0,0.0,0.0,0.0,0.0,0.0,0.0,0.0,0.0,0.0,0.0,0.0,0.0,0.0,0.0,0.0,0.0,0.0,0.0,0.0,0.0,0.0,0.0,0.0,0.0,0.0,0.0,0.0,0.0,0.0,0.0,0.0,0.0,0.0,0.0,0.0,0.0,0.0,0.0,0.0,0.0,0.0,0.0,0.0,0.0,0.0,0.0,0.0,0.0,0.0,0.0,0.0,0.0,0.0,0.0,0.0,0.0,0.0,0.0,0.0,0.0,0.0,0.0,0.0,0.0,0.0,0.0,0.0,0.0,0.0,0.0,0.0,0.0,0.0,0.0,0.0,0.0,0.0,0.0,0.0,0.0,0.0,0.0,0.0,0.0,0.0,0.0,0.0,0.0,0.0,0.0
ENCFF000OJZ,0.15861180454150256,415126,190,6007,32958,885,114631,7940,348,642,390,657,3633,4463,8353,16330,33354,3777,687,5933,7650,259,990,109,163,109,1117,34019,4368,24175,5615,402,1260,643,2363,2195,682,2708,58,10,9574,15138,106,877,65,48,826,7553,20220,4092,759,1377,1785,694,426,8584,262,499,599,213,1213,1688,381,10993,1058,466,9343,31,51765,62423,9759,1348,874,7347,6766,442,1583,718,1026,1153,269,1310,1496,5005,607,700,4689,31,1110,692,39,1767,831,147,1684,1448,19342,221451,14125,128,37433,52946,3480,46087,1495,764,7254,2169,2500,36,3899,10262,10161,229,5450,45016,2977,47340,706,2664,2703,11711,1185,56142,1649,7852,3918,1086,3794,632,260,41751,12088,17123,18538,7915,14989,39528,5795,5609,3170,1539,7738,41292,504,4911,93,209,88,53,3086,767,536,13478,6981,997,4839,34368,3605,642,1465,1237,1217,3880,5282,4629,6863,97,253,96,1248,55,2188,739,1160,1062,464,10,2495,1039,1284,20193,9817,63167,3083,37025,42201,18073,30321,17981,36498,394,37042,43736,13866,12564,30862,25143,7039,1129,8314,927,69,617,1152,270,153,64,51,5127,371,42863,13132,11002,322,216584,44963,6866,36265,21263,1571,720,47841,21206,61376,5128,60335,285,58906,106,384,812,77,385,1132,323,4957,2991,55,821,1205,808,1177,593,3086,1951,309,342,6350,3984,2788,3787,1550,406,899,912,450,456,381,700,1353,6366,1403,493,2383,2962,2730,11700,27644,18836,3159,4000,1680,1048,776,772,1198,602,247,10108,702,1122,7213,514,2139,556,5383,1365,1238,747,1206,336,661,1275,3223,3028,1052,1129,931,3346,2023,1065,999,1240,5178,57,57,539,850,837,712,20977,243,13714,68,653,125,8979,1084,9893,8888,8892,61,3524,241,258,1677,5358,76080,2500,4305,2727,1500,1630,3518,276,1084,963,18824,6971,3310,1911,161,273,172,23,105,866,1699,3492,734,5100,667,673,1891,46250,2030,2819,166784,683,8066,1256,6821,32490,3222,397,13576,35267,1041,1295,1369,490,549,958,183919,1508,1223,1402,606,1383,1590,34279,142,13619,3014,41,35010,10377,48,405,7526,1116,143,8880,1040,1829,517,4048,1405,17998,3075,4898,1094,1362,574,1580,1048,1864,1127,28,1413,92,2349,148,39,337,3775,452,846,958,31296,2570,10068,6558,1651,576,1154,357,50772,3685,22920,7127,16857,1959,453,3854,20,39029,7504,12871,56769,2294,16788,976,338,488,3326,560,1412,907,1892,8056,1252,51,3425,1395,29,59,5626,5779,28,6916,326,32895,50750,37392,9335,46727,5352,821,81848,116905,15869,51606,84073,105380,321,247,985,880,290,1098,1750,438,597,854,9040,0.0,0.0,0.0,0.0,0.0,0.0,0.0,0.0,0.0,0.0,0.0,0.0,0.0,0.0,0.0,0.0,0.0,0.0,0.0,0.0,0.0,0.0,0.0,0.0,0.0,0.0,0.0,0.0,0.0,0.0,0.0,0.0,0.0,0.0,0.0,0.0,0.0,0.0,0.0,0.0,0.0,0.0,0.0,0.0,0.0,0.0,0.0,0.0,0.0,0.0,0.0,0.0,0.0,0.0,0.0,0.0,0.0,0.0,0.0,0.0,0.0,0.0,0.0,0.0,0.0,0.0,0.0,0.0,0.0,0.0,0.0,0.0,0.0,0.0,0.0,0.0,0.0,0.0,0.0,0.0,0.0,0.0,0.0,0.0,0.0,0.0,0.0,0.0,0.0,0.0,0.0,0.0,0.0,0.0,0.0,0.0,0.0,0.0,0.0,0.0,0.0,0.0,0.0,0.0,0.0,0.0,0.0,0.0,0.0,0.0,0.0,0.0,0.0,0.0,0.0,0.0,0.0,0.0,0.0,0.0,0.0,0.0,0.0,0.0,0.0,0.0,0.0,0.0,0.0,0.0,0.0,0.0,0.0,0.0,0.0,0.0,0.0,0.0,0.0,0.0,0.0,0.0,0.0,0.0,0.0,0.0,0.0,0.0,0.0,0.0
ENCFF000ZGU,0.06618274319421351,4729,16,257,2686,76,12581,302,22,34,16,37,190,243,384,1168,3123,213,26,336,343,16,41,2,0,3,46,209,220,1443,208,14,17,32,152,97,5,99,1,1,405,684,2,41,2,2,28,369,1435,35,32,47,88,29,23,450,5,24,13,12,46,84,30,931,19,31,66,3,3234,2834,402,63,40,119,345,12,66,39,49,59,22,73,60,208,28,32,219,1,49,38,1,67,12,3,97,101,1259,10304,641,74,1755,2286,154,2043,86,34,301,72,87,0,146,407,454,4,296,1888,231,1708,52,272,205,497,101,2306,96,405,213,39,184,22,4,1724,621,162,1365,447,712,1588,31,244,253,51,240,3241,21,40,4,8,1,1,120,14,34,646,237,29,228,2671,243,23,65,51,34,187,234,205,283,3,10,1,53,0,112,32,206,149,8,0,46,70,48,900,413,2801,137,1787,2288,985,2035,845,1675,12,1604,1963,728,533,1378,1083,366,55,43,32,6,36,50,12,3,0,0,278,17,2278,784,628,7,11398,2118,215,1603,1587,68,39,2385,1051,3664,397,2289,8,2522,2,16,66,12,17,49,17,228,147,0,46,47,33,53,25,132,86,7,14,278,172,127,148,72,27,42,46,24,24,23,26,59,304,111,25,103,177,117,842,2746,140,164,205,85,49,34,29,72,34,5,431,29,62,315,31,84,26,200,81,57,44,66,26,29,28,141,159,62,48,39,161,86,42,52,47,227,0,0,33,37,37,11,800,5,507,3,38,20,379,50,384,419,377,1,159,5,13,71,215,4385,38,122,140,84,17,154,13,14,36,782,415,158,75,2,10,8,0,3,53,74,175,30,220,25,19,112,3593,43,140,7252,31,348,64,280,221,149,14,107,382,64,58,48,33,25,8,1203,65,52,50,12,63,68,1616,1,656,136,2,1682,418,12,19,348,34,4,437,37,107,14,181,71,1432,237,79,55,59,31,72,37,76,32,2,58,0,93,14,1,5,39,16,53,30,1977,219,652,424,137,40,42,9,2008,26,986,118,698,58,14,181,3,1797,273,585,2448,231,1159,15,11,25,80,32,61,42,106,316,66,5,40,80,2,0,235,253,0,28,8,1564,2578,1770,467,2072,268,34,4954,5565,795,2508,4039,4883,22,10,58,63,15,54,71,35,31,30,463,0.0,0.0,0.0,0.0,0.0,0.0,0.0,0.0,0.0,0.0,0.0,0.0,0.0,0.0,0.0,0.0,0.0,0.0,0.0,0.0,0.0,0.0,0.0,0.0,0.0,0.0,0.0,0.0,0.0,0.0,0.0,0.0,0.0,0.0,0.0,0.0,0.0,0.0,0.0,0.0,0.0,0.0,0.0,0.0,0.0,0.0,0.0,0.0,0.0,0.0,0.0,0.0,0.0,0.0,0.0,0.0,0.0,0.0,0.0,0.0,0.0,0.0,0.0,0.0,0.0,0.0,0.0,0.0,0.0,0.0,0.0,0.0,0.0,0.0,0.0,0.0,0.0,0.0,0.0,0.0,0.0,0.0,0.0,0.0,0.0,0.0,0.0,0.0,0.0,0.0,0.0,0.0,0.0,0.0,0.0,0.0,0.0,0.0,0.0,0.0,0.0,0.0,0.0,0.0,0.0,0.0,0.0,0.0,0.0,0.0,0.0,0.0,0.0,0.0,0.0,0.0,0.0,0.0,0.0,0.0,0.0,0.0,0.0,0.0,0.0,0.0,0.0,0.0,0.0,0.0,0.0,0.0,0.0,0.0,0.0,0.0,0.0,0.0,0.0,0.0,0.0,0.0,0.0,0.0,0.0,0.0,0.0,0.0,0.0,0.0
ENCFF452ROQ,0.15228938740686584,66687,161,4196,67892,434,169336,6634,360,195,138,317,3512,1324,5100,29990,22276,1629,518,3072,3659,75,425,43,32,29,1039,4682,3397,42815,2804,125,66,461,2493,2065,43,2311,22,9,6140,7469,64,359,75,42,714,5990,21740,449,520,1517,1810,240,170,3329,49,291,169,144,589,1793,362,11554,276,141,1377,107,34695,31286,3378,1530,899,1865,3003,142,1598,706,942,1094,291,1452,1525,2330,484,904,4355,16,1020,867,15,760,191,41,1025,1325,34674,129826,6435,107,17170,25216,2913,21384,1528,865,2923,995,1255,16,2137,4371,4949,170,3834,24861,1911,32703,281,1398,1491,5522,615,67261,1650,4314,1725,322,1455,216,45,18824,6296,1810,35758,6521,6739,19007,216,4074,2555,1443,2723,28835,245,452,82,63,29,28,1514,369,342,7052,2410,261,3502,65679,3808,227,1601,1189,1148,2017,3158,3057,3166,25,95,39,1360,44,1721,818,810,80,15,16,618,485,1458,8199,4222,29032,2165,18675,22429,11861,34597,13433,25570,229,18957,23994,6506,6048,18506,12715,4294,816,498,372,34,873,1455,68,39,40,65,3023,101,47849,10986,7317,399,133766,28587,3155,17224,20685,821,334,28619,13663,47047,2156,23896,69,22927,25,282,649,8,419,1138,195,4462,2006,29,889,969,756,1206,602,3051,1627,98,140,5077,3089,1680,1629,2030,468,958,1057,573,361,333,193,1494,3752,990,451,1340,2714,2256,13996,44063,3860,2780,2383,1325,1057,815,813,1209,700,42,5990,693,1627,4021,400,1666,636,3280,1653,1355,945,1194,170,624,528,2938,2430,1048,1095,958,2032,1799,1344,907,1350,3804,35,41,531,919,420,1036,10684,205,6746,36,234,70,4989,501,5582,5309,5415,54,2214,44,33,1155,2083,63369,571,1428,2221,792,152,2575,75,230,981,15490,4078,4178,1061,78,208,67,38,58,819,1203,1462,891,2904,823,516,1946,90153,355,1901,75037,517,4577,1198,7277,5341,2450,351,939,4311,1050,1413,1320,443,384,141,27765,1751,1271,1411,483,1414,1545,18910,25,11862,1042,65,17969,5511,13,266,4074,762,29,6763,976,685,93,3730,1257,32580,2784,895,897,1367,675,1001,1164,760,715,17,565,21,1804,157,145,58,469,1832,284,952,44729,1341,10888,5343,924,512,507,185,19901,174,9607,1689,6484,1082,74,1924,10,23633,4232,7937,30337,1009,16326,182,221,471,1156,591,1176,1030,1303,7355,1157,16,251,1384,41,40,2280,2304,26,322,74,16756,26457,21714,5318,19807,2742,243,64434,59162,10738,26715,45225,50613,177,62,833,855,257,1109,464,267,150,581,5171,0.0,0.0,0.0,0.0,0.0,0.0,0.0,0.0,0.0,0.0,0.0,0.0,0.0,0.0,0.0,0.0,0.0,0.0,0.0,0.0,0.0,0.0,0.0,0.0,0.0,0.0,0.0,0.0,0.0,0.0,0.0,0.0,0.0,0.0,0.0,0.0,0.0,0.0,0.0,0.0,0.0,0.0,0.0,0.0,0.0,0.0,0.0,0.0,0.0,0.0,0.0,0.0,0.0,0.0,0.0,0.0,0.0,0.0,0.0,0.0,0.0,0.0,0.0,0.0,0.0,0.0,0.0,0.0,0.0,0.0,0.0,0.0,0.0,0.0,0.0,0.0,0.0,0.0,0.0,0.0,0.0,0.0,0.0,0.0,0.0,0.0,0.0,0.0,0.0,0.0,0.0,0.0,0.0,0.0,0.0,0.0,0.0,0.0,0.0,0.0,0.0,0.0,0.0,0.0,0.0,0.0,0.0,0.0,0.0,0.0,0.0,0.0,0.0,0.0,0.0,0.0,0.0,0.0,0.0,0.0,0.0,0.0,0.0,0.0,0.0,0.0,0.0,0.0,0.0,0.0,0.0,0.0,0.0,0.0,0.0,0.0,0.0,0.0,0.0,0.0,0.0,0.0,0.0,0.0,0.0,0.0,0.0,0.0,0.0,0.0
ENCFF700CIV,0.12727711219401472,103829,78,1221,18888,221,90600,6733,302,208,140,818,3559,894,2871,11184,9955,1334,409,3036,4451,90,426,45,79,48,1471,8017,2543,11636,2824,112,36,343,1857,1699,16,1849,22,1,6270,5730,35,116,43,17,516,4403,9045,424,683,1247,1263,125,171,4429,51,202,323,136,690,2115,120,3482,179,116,2145,318,17789,27990,3518,1090,622,1648,3794,34,1255,606,622,739,207,1025,1429,1588,400,677,3217,13,723,694,5,574,131,15,696,516,6453,95067,5753,106,16488,22065,2416,19289,1433,623,2310,897,1109,22,2267,5119,6217,81,4577,22607,736,18894,114,458,627,4020,201,27022,1017,5360,1639,156,1236,92,93,16715,2599,3080,6411,3924,8910,16644,244,3330,2950,1103,2450,17378,189,501,34,42,32,10,1038,230,896,9112,2427,213,2386,18757,1193,141,1289,508,270,1618,4158,5089,4715,48,94,26,885,29,1052,514,381,101,6,16,397,271,1186,7428,3627,27189,1936,12405,19736,8609,15339,9625,17639,84,15062,19331,7958,6063,17582,11095,2609,692,723,470,24,665,1116,83,28,7,54,3837,65,18343,5974,3206,206,103522,25281,2757,14288,7559,581,574,18606,11562,26812,2433,28515,103,30361,32,200,902,123,302,888,318,3451,1437,40,647,577,542,946,520,2329,1253,320,133,3799,2703,1359,2433,1498,307,866,753,431,270,188,207,920,2614,790,332,963,2383,1567,4362,22486,7238,2085,2532,1004,733,624,569,826,444,90,5069,496,1518,3446,344,1333,473,2813,1447,997,861,909,424,379,408,2195,1594,823,739,769,1783,1472,970,568,1034,2426,33,32,409,747,502,325,9766,190,6531,22,143,102,3428,396,5437,5384,6548,7,1775,124,30,998,2155,43799,680,1319,2010,739,60,1967,37,129,1058,13743,4898,6262,884,74,166,57,10,92,560,1014,1490,766,2952,592,382,683,25605,191,1488,68058,338,3823,883,5393,8460,1729,280,603,4438,670,1075,1157,329,220,65,62108,1536,997,1011,477,964,1233,14748,16,9688,795,17,21208,5167,19,259,4849,791,67,5009,638,1696,139,3111,907,8685,935,1102,657,1032,596,701,855,975,492,22,663,24,1955,140,257,41,514,273,123,309,20272,669,4472,2569,423,551,573,171,18063,539,7989,1158,6709,848,36,1759,18,22758,3925,8292,28791,1069,7536,69,158,408,910,510,950,735,900,4308,874,13,94,954,18,10,1829,1921,13,409,173,15555,20052,16176,4266,18277,2578,302,33907,45740,7479,19826,37363,44410,103,40,576,532,283,819,437,215,117,539,5312,0.0,0.0,0.0,0.0,0.0,0.0,0.0,0.0,0.0,0.0,0.0,0.0,0.0,0.0,0.0,0.0,0.0,0.0,0.0,0.0,0.0,0.0,0.0,0.0,0.0,0.0,0.0,0.0,0.0,0.0,0.0,0.0,0.0,0.0,0.0,0.0,0.0,0.0,0.0,0.0,0.0,0.0,0.0,0.0,0.0,0.0,0.0,0.0,0.0,0.0,0.0,0.0,0.0,0.0,0.0,0.0,0.0,0.0,0.0,0.0,0.0,0.0,0.0,0.0,0.0,0.0,0.0,0.0,0.0,0.0,0.0,0.0,0.0,0.0,0.0,0.0,0.0,0.0,0.0,0.0,0.0,0.0,0.0,0.0,0.0,0.0,0.0,0.0,0.0,0.0,0.0,0.0,0.0,0.0,0.0,0.0,0.0,0.0,0.0,0.0,0.0,0.0,0.0,0.0,0.0,0.0,0.0,0.0,0.0,0.0,0.0,0.0,0.0,0.0,0.0,0.0,0.0,0.0,0.0,0.0,0.0,0.0,0.0,0.0,0.0,0.0,0.0,0.0,0.0,0.0,0.0,0.0,0.0,0.0,0.0,0.0,0.0,0.0,0.0,0.0,0.0,0.0,0.0,0.0,0.0,0.0,0.0,0.0,0.0,0.0
ENCFF436WRK,0.12028174122814092,52642,66,1865,23343,276,64701,11908,322,289,166,477,3391,1573,2937,10280,13098,1440,926,3209,3907,110,560,50,123,101,1254,2634,2963,12571,3205,131,36,435,2349,2410,22,2855,45,6,5761,7857,136,314,61,21,711,5894,12646,189,879,1447,1458,165,270,4735,60,312,175,297,979,1596,151,4599,116,275,699,84,22843,36824,4874,1314,773,1852,5670,65,1571,598,723,946,248,1189,2006,1933,459,717,3728,38,848,830,40,1022,426,61,1613,499,4306,112104,6337,134,18083,30173,2980,25242,2032,715,3671,1509,1878,32,3296,6212,7861,440,4043,26695,953,19739,76,397,552,4866,240,34033,1170,4281,1718,420,1677,119,78,25976,3031,1390,9655,3739,24968,22045,106,3995,2785,1304,2561,18968,393,238,44,55,45,18,1515,461,351,7797,3002,299,2733,21852,1373,251,1641,2874,2178,2061,4189,4939,5238,62,122,45,1047,33,1296,549,667,415,10,17,458,279,1534,8566,4416,29501,2101,13937,23038,8605,15641,10943,18997,142,18982,24039,7439,6872,19981,13512,3327,822,183,228,27,851,1280,104,35,34,45,2903,161,21083,5478,4276,830,107212,22303,2829,14820,8371,966,474,22320,9755,25474,1150,35148,66,34877,53,260,594,35,344,1011,220,4068,1841,56,728,754,670,1151,576,2979,1648,316,168,4375,3344,1561,2670,1728,369,942,878,476,290,254,379,1107,3303,627,385,1103,3500,1943,5342,21747,2254,2629,2763,1203,927,781,636,947,514,60,6445,633,1683,4700,349,1572,556,3451,1796,1211,1095,1026,321,443,416,2628,1882,1022,807,831,2320,1777,1089,632,1132,2756,29,23,396,860,655,345,10616,388,7561,34,158,76,4466,554,6426,5272,5397,44,2114,189,77,987,2345,42702,412,1601,2629,900,33,2524,65,714,1316,16276,4210,3166,1263,72,243,249,20,133,599,892,1589,1030,3570,636,445,1169,36649,175,1753,84259,426,4948,1050,6910,3038,1979,283,327,3181,794,1454,1479,374,261,74,25516,2086,1123,1203,378,1184,1384,19557,106,11886,982,100,25966,6807,17,356,4320,977,110,6240,818,998,210,4166,1053,19704,1035,527,742,1157,689,833,935,1483,585,31,1048,69,1850,226,123,87,167,436,135,534,16644,506,4645,2261,363,595,957,313,28663,141,8898,1068,7598,1545,68,2024,6,30191,5467,8144,33094,1113,11729,106,364,401,1032,572,1299,911,1116,3589,1042,7,118,1044,33,46,2555,2304,15,160,98,20199,23332,18033,4594,22540,3509,396,39889,59995,8440,22577,45636,56057,166,49,710,610,338,916,785,419,186,716,5042,0.0,0.0,0.0,0.0,0.0,0.0,0.0,0.0,0.0,0.0,0.0,0.0,0.0,0.0,0.0,0.0,0.0,0.0,0.0,0.0,0.0,0.0,0.0,0.0,0.0,0.0,0.0,0.0,0.0,0.0,0.0,0.0,0.0,0.0,0.0,0.0,0.0,0.0,0.0,0.0,0.0,0.0,0.0,0.0,0.0,0.0,0.0,0.0,0.0,0.0,0.0,0.0,0.0,0.0,0.0,0.0,0.0,0.0,0.0,0.0,0.0,0.0,0.0,0.0,0.0,0.0,0.0,0.0,0.0,0.0,0.0,0.0,0.0,0.0,0.0,0.0,0.0,0.0,0.0,0.0,0.0,0.0,0.0,0.0,0.0,0.0,0.0,0.0,0.0,0.0,0.0,0.0,0.0,0.0,0.0,0.0,0.0,0.0,0.0,0.0,0.0,0.0,0.0,0.0,0.0,0.0,0.0,0.0,0.0,0.0,0.0,0.0,0.0,0.0,0.0,0.0,0.0,0.0,0.0,0.0,0.0,0.0,0.0,0.0,0.0,0.0,0.0,0.0,0.0,0.0,0.0,0.0,0.0,0.0,0.0,0.0,0.0,0.0,0.0,0.0,0.0,0.0,0.0,0.0,0.0,0.0,0.0,0.0,0.0,0.0
ENCFF000VOG,0.06582185285750466,3211,13,172,1773,39,3811,327,22,25,18,28,141,290,492,996,1673,246,30,273,298,8,34,5,2,6,46,181,177,1257,207,18,14,25,95,76,3,102,2,0,438,604,7,29,3,2,33,306,1519,30,39,48,73,18,22,363,9,23,30,18,42,55,25,472,25,21,64,3,2284,2706,363,60,41,80,269,15,69,25,44,38,12,62,58,195,26,21,172,1,40,28,1,79,8,1,101,59,594,9355,554,4,1533,2077,116,1845,65,36,271,73,76,0,153,397,395,13,259,1689,173,1606,28,146,125,458,69,2374,80,332,144,50,183,27,14,1627,820,121,1584,454,847,1572,24,229,157,63,150,1920,19,37,4,6,3,2,123,16,31,476,262,29,201,1909,184,18,64,170,158,152,283,218,282,5,10,6,50,2,90,31,115,2376,3,0,40,47,34,796,342,2306,123,1587,1789,768,1784,678,1357,19,1418,1622,533,485,1159,957,367,35,28,30,4,37,48,9,7,2,1,222,31,2077,643,797,19,8836,1743,177,1465,1151,61,43,1955,938,2623,299,2158,6,2258,2,9,56,18,15,43,16,164,141,1,36,45,23,38,24,118,87,16,8,226,139,67,133,64,19,36,36,14,26,12,27,70,245,65,26,89,119,97,690,1368,86,105,187,62,35,30,34,51,24,8,427,25,47,285,25,73,24,200,61,43,38,53,5,26,23,144,127,46,55,32,125,84,44,45,53,190,0,1,19,29,33,23,801,4,512,0,32,4,325,42,343,385,341,2,135,9,7,100,238,3666,42,101,102,53,11,124,9,22,32,719,384,176,86,3,16,8,1,5,17,129,141,26,159,29,28,90,2966,12,106,6177,22,310,43,246,164,143,14,77,310,48,50,60,26,19,10,730,53,36,49,22,56,51,1352,7,510,132,4,1420,349,3,15,311,40,2,338,46,53,17,153,77,812,133,38,36,45,22,65,48,81,31,2,49,2,113,6,3,7,37,29,54,37,1654,112,528,312,85,33,55,23,1974,18,779,134,641,74,22,149,1,1582,305,518,2229,69,1054,17,11,17,60,18,54,38,68,388,46,2,25,63,1,8,205,222,0,31,5,1317,1958,1497,359,1920,238,21,4006,4443,605,2017,3391,4058,23,12,46,41,13,43,71,14,17,31,349,0.0,0.0,0.0,0.0,0.0,0.0,0.0,0.0,0.0,0.0,0.0,0.0,0.0,0.0,0.0,0.0,0.0,0.0,0.0,0.0,0.0,0.0,0.0,0.0,0.0,0.0,0.0,0.0,0.0,0.0,0.0,0.0,0.0,0.0,0.0,0.0,0.0,0.0,0.0,0.0,0.0,0.0,0.0,0.0,0.0,0.0,0.0,0.0,0.0,0.0,0.0,0.0,0.0,0.0,0.0,0.0,0.0,0.0,0.0,0.0,0.0,0.0,0.0,0.0,0.0,0.0,0.0,0.0,0.0,0.0,0.0,0.0,0.0,0.0,0.0,0.0,0.0,0.0,0.0,0.0,0.0,0.0,0.0,0.0,0.0,0.0,0.0,0.0,0.0,0.0,0.0,0.0,0.0,0.0,0.0,0.0,0.0,0.0,0.0,0.0,0.0,0.0,0.0,0.0,0.0,0.0,0.0,0.0,0.0,0.0,0.0,0.0,0.0,0.0,0.0,0.0,0.0,0.0,0.0,0.0,0.0,0.0,0.0,0.0,0.0,0.0,0.0,0.0,0.0,0.0,0.0,0.0,0.0,0.0,0.0,0.0,0.0,0.0,0.0,0.0,0.0,0.0,0.0,0.0,0.0,0.0,0.0,0.0,0.0,0.0
ENCFF000VLE,0.312136425809118,30205,190,4775,102440,5243,651179,7936,794,3703,247,1839,11998,38086,53813,66834,313506,17577,2098,15964,6487,159,380,138,106,377,699,68,8414,91251,4173,202,82,606,5842,5618,33,3710,20,269,12758,9504,656,488,97,60,1032,12276,93031,7,1334,2294,4799,373,169,3167,253,333,902,243,1645,6243,2509,50376,520,688,13,1383,118286,57593,3457,3401,2541,2137,2422,152,3713,1810,2756,2958,819,3231,3432,3534,1552,1749,8842,35,2938,1760,27,1530,183,37,1799,3380,66925,179251,6408,167,18642,35596,6115,30507,3483,2129,2512,719,716,120,1306,4223,4144,2719,6841,15700,18375,148569,3799,14731,10107,11360,6764,219447,4312,4032,2193,877,1747,1087,58,15867,89165,154,96507,48313,6774,14964,32,10281,15407,3783,3931,178930,237,122,792,114,55,261,2547,1849,3160,11965,2766,1047,5728,100239,9635,239,3586,3419,3662,4305,2064,1807,3094,33,243,187,3210,355,4800,1992,1230,275,18,45,1229,751,3250,8435,4782,38329,4144,94525,64441,19771,71032,20625,48610,1420,27203,36183,6859,7027,27251,13659,10681,1410,21,843,109,1290,2898,201,145,153,281,3147,3077,102479,25985,117847,290,221556,56301,3724,28358,113124,850,925,60453,29781,141887,35215,26003,109,23363,82,268,3370,2657,1236,3143,192,7718,1989,6,2266,2844,2065,2994,1473,6983,4205,57,507,8426,5453,3346,1496,3584,890,2200,2194,1429,1324,1039,230,3428,7189,3989,1371,3285,5810,5507,26669,86665,78,5941,1594,3603,2280,1852,2253,3127,1604,33,8200,1624,2433,6235,1243,3504,1453,5008,3262,3216,1733,2950,40,1806,786,6241,6939,2655,3065,2251,2921,3435,2342,2593,2594,8594,20,55,1483,2137,384,706,9162,614,6554,27,892,174,8296,468,5282,6895,12529,285,4024,884,342,3596,2841,370598,310,1855,4049,1055,8,6862,284,4749,402,20732,20246,17409,860,859,147,483,97,145,2243,2806,1894,1601,4636,1687,1670,4559,218279,928,5111,97523,1545,6692,3113,14421,179,6411,1018,65,3882,2649,3177,3323,1321,1338,232,505,3506,3076,3447,624,3498,3851,24049,638,14620,2492,457,19613,3962,96,300,4944,1380,210,10928,2696,669,571,7603,3497,81500,11412,635,2835,3318,1566,2269,2924,593,2802,165,737,1165,3081,299,38,865,200,602,5771,1117,108458,14473,28782,22344,7477,1595,768,806,17503,37,12286,3406,7193,4201,928,2590,295,23255,5286,9214,41575,5119,48043,541,923,1377,2269,1479,3365,2588,3096,12584,3301,129,99,3237,19,290,3216,2463,50,61,284,21721,51086,46919,10567,32153,3838,2462,162524,100878,20391,59055,65804,78827,1900,384,2461,2209,700,2862,752,567,364,874,8330,0.0,0.0,0.0,0.0,0.0,0.0,0.0,0.0,0.0,0.0,0.0,0.0,0.0,0.0,0.0,0.0,0.0,0.0,0.0,0.0,0.0,0.0,0.0,0.0,0.0,0.0,0.0,0.0,0.0,0.0,0.0,0.0,0.0,0.0,0.0,0.0,0.0,0.0,0.0,0.0,0.0,0.0,0.0,0.0,0.0,0.0,0.0,0.0,0.0,0.0,0.0,0.0,0.0,0.0,0.0,0.0,0.0,0.0,0.0,0.0,0.0,0.0,0.0,0.0,0.0,0.0,0.0,0.0,0.0,0.0,0.0,0.0,0.0,0.0,0.0,0.0,0.0,0.0,0.0,0.0,0.0,0.0,0.0,0.0,0.0,0.0,0.0,0.0,0.0,0.0,0.0,0.0,0.0,0.0,0.0,0.0,0.0,0.0,0.0,0.0,0.0,0.0,0.0,0.0,0.0,0.0,0.0,0.0,0.0,0.0,0.0,0.0,0.0,0.0,0.0,0.0,0.0,0.0,0.0,0.0,0.0,0.0,0.0,0.0,0.0,0.0,0.0,0.0,0.0,0.0,0.0,0.0,0.0,0.0,0.0,0.0,0.0,0.0,0.0,0.0,0.0,0.0,0.0,0.0,0.0,0.0,0.0,0.0,0.0,0.0
ENCFF002EAP,0.13553007876070464,124693,64,2144,9650,164,29281,5046,125,157,177,705,1779,643,1813,5534,5408,1322,252,2589,4735,117,474,43,32,32,733,9482,1594,6692,2774,143,392,227,908,914,264,1094,11,15,5350,7069,12,409,8,22,345,3078,5304,1628,294,518,696,281,189,5054,99,248,305,98,469,847,65,1892,121,144,2639,49,18510,28877,4945,556,311,2549,4203,243,684,286,371,437,109,442,593,2400,212,303,1831,7,405,259,12,751,63,12,589,514,3455,103943,7227,48,19634,25346,1397,21851,637,301,3498,1083,1246,13,2700,6196,6619,63,3448,23317,686,10209,117,425,679,5245,175,9520,621,5215,2290,418,1870,262,94,21638,2713,9550,3850,1886,9560,19769,1549,2673,1176,596,3252,9812,242,1437,50,58,27,21,1478,168,378,8912,3261,438,2468,10160,1231,288,605,518,405,1899,6130,6073,4835,31,60,11,457,8,842,307,565,962,206,1,722,493,560,10043,4679,31887,1258,14068,18227,8395,10630,7780,16055,147,17217,20183,8516,6305,15194,12209,3011,463,2018,461,34,242,458,105,25,6,43,3670,72,12045,5781,1588,143,97541,21559,3048,15903,4560,780,671,20785,10311,23942,1218,33715,156,35871,25,294,830,74,137,504,263,2212,1628,22,322,456,310,449,237,1286,820,696,144,2663,1718,1182,2065,616,155,338,335,167,182,124,340,551,2659,538,182,934,1148,1060,3364,6532,6805,1325,2358,752,393,317,291,466,272,126,4965,205,445,3277,174,873,175,2418,552,479,320,465,402,251,581,1210,1131,373,465,370,1694,802,381,384,471,2016,37,19,199,314,526,154,10997,94,7261,12,323,78,3931,553,5343,5234,6141,9,1381,53,132,631,2913,24953,991,2089,1355,679,453,1481,120,109,521,8501,3394,1740,981,26,120,62,4,10,313,745,1668,288,2465,264,236,438,11422,871,1062,84127,248,3606,464,2574,10187,1428,137,3498,10401,359,528,566,201,196,286,48661,648,465,606,373,586,654,15695,45,6224,1370,26,20835,4564,25,178,5262,581,32,3847,425,1462,207,1654,578,4772,1102,1586,352,590,195,576,456,1089,356,7,759,10,1504,91,44,140,1329,148,178,309,11243,459,3752,1880,346,258,646,110,26254,871,9931,2269,8679,809,208,1961,20,19510,3676,7362,30142,998,4433,266,105,172,993,206,601,349,783,3841,522,29,674,543,9,10,2680,2712,3,1768,135,15675,22569,16252,3966,22588,2368,189,33194,51151,7131,22771,38783,49731,104,78,343,340,94,436,886,223,270,438,5228,0.0,0.0,0.0,0.0,0.0,0.0,0.0,0.0,0.0,0.0,0.0,0.0,0.0,0.0,0.0,0.0,0.0,0.0,0.0,0.0,0.0,0.0,0.0,0.0,0.0,0.0,0.0,0.0,0.0,0.0,0.0,0.0,0.0,0.0,0.0,0.0,0.0,0.0,0.0,0.0,0.0,0.0,0.0,0.0,0.0,0.0,0.0,0.0,0.0,0.0,0.0,0.0,0.0,0.0,0.0,0.0,0.0,0.0,0.0,0.0,0.0,0.0,0.0,0.0,0.0,0.0,0.0,0.0,0.0,0.0,0.0,0.0,0.0,0.0,0.0,0.0,0.0,0.0,0.0,0.0,0.0,0.0,0.0,0.0,0.0,0.0,0.0,0.0,0.0,0.0,0.0,0.0,0.0,0.0,0.0,0.0,0.0,0.0,0.0,0.0,0.0,0.0,0.0,0.0,0.0,0.0,0.0,0.0,0.0,0.0,0.0,0.0,0.0,0.0,0.0,0.0,0.0,0.0,0.0,0.0,0.0,0.0,0.0,0.0,0.0,0.0,0.0,0.0,0.0,0.0,0.0,0.0,0.0,0.0,0.0,0.0,0.0,0.0,0.0,0.0,0.0,0.0,0.0,0.0,0.0,0.0,0.0,0.0,0.0,0.0
ENCFF000CTF,0.14123329225210413,9662,25,1186,8859,255,33141,1454,84,142,92,196,1013,1391,2693,4121,9616,1170,186,1304,1682,54,212,44,14,18,246,36,1012,8039,1123,97,48,135,557,481,4,560,15,3,2571,3759,16,228,14,14,181,1753,3287,7,153,303,387,155,116,2487,62,104,115,40,253,478,123,4095,83,123,11,40,14654,15085,2771,269,201,335,1926,86,311,153,209,252,58,281,303,1306,135,160,1139,4,244,149,2,442,60,13,387,341,5632,53139,3080,50,8782,12651,769,11125,354,198,1748,552,534,7,937,2575,2388,65,1551,10147,808,9280,185,742,690,2752,309,12605,398,1915,896,260,926,129,35,9863,3962,34,5540,2406,5412,9060,10,1360,675,343,1221,10999,103,64,38,44,15,10,738,126,202,3245,1481,232,1296,9584,929,127,332,454,421,893,1206,1111,2202,10,60,15,273,13,522,199,327,362,2,3,136,217,295,4985,2234,13747,686,9270,10243,4305,7785,4067,8364,85,8654,10254,3460,2982,7442,5956,1728,257,15,223,20,157,219,71,28,11,23,1179,114,7561,3476,3843,65,52726,10815,1017,8601,7673,329,182,12146,5441,16895,1438,13347,34,13603,19,103,262,74,88,253,64,1183,707,10,172,258,149,272,115,724,386,351,59,1421,933,639,1171,320,81,184,210,107,100,51,376,305,1663,382,128,504,625,601,2806,8325,41,665,1197,398,209,194,167,269,126,117,2406,121,239,1743,85,421,113,1338,334,314,192,240,136,141,139,711,660,227,262,212,838,481,216,241,260,1197,7,13,103,171,179,54,4769,38,3220,10,193,11,1934,276,2303,2014,2211,6,837,40,75,511,1217,22390,216,624,797,334,9,785,61,251,226,4268,1638,1014,438,16,63,42,10,22,183,279,784,158,1152,144,138,359,13258,97,610,38573,149,1908,300,1590,103,775,67,27,1083,251,245,283,125,148,72,342,333,273,318,114,300,353,8084,47,3182,768,30,8664,2163,15,89,1835,191,15,1915,226,590,101,868,308,4700,851,158,221,315,108,314,238,443,162,6,363,9,552,151,24,59,110,134,235,229,8483,710,2688,1705,399,149,289,45,11953,20,4464,480,4044,433,113,897,11,8672,1686,2789,13598,972,4745,70,61,106,235,121,312,202,474,1608,262,11,47,303,6,11,1257,1289,2,31,60,7588,11650,8908,2080,10753,1339,85,20663,26667,3958,11763,19210,24512,90,44,194,189,50,265,483,119,150,185,2064,0.0,0.0,0.0,0.0,0.0,0.0,0.0,0.0,0.0,0.0,0.0,0.0,0.0,0.0,0.0,0.0,0.0,0.0,0.0,0.0,0.0,0.0,0.0,0.0,0.0,0.0,0.0,0.0,0.0,0.0,0.0,0.0,0.0,0.0,0.0,0.0,0.0,0.0,0.0,0.0,0.0,0.0,0.0,0.0,0.0,0.0,0.0,0.0,0.0,0.0,0.0,0.0,0.0,0.0,0.0,0.0,0.0,0.0,0.0,0.0,0.0,0.0,0.0,0.0,0.0,0.0,0.0,0.0,0.0,0.0,0.0,0.0,0.0,0.0,0.0,0.0,0.0,0.0,0.0,0.0,0.0,0.0,0.0,0.0,0.0,0.0,0.0,0.0,0.0,0.0,0.0,0.0,0.0,0.0,0.0,0.0,0.0,0.0,0.0,0.0,0.0,0.0,0.0,0.0,0.0,0.0,0.0,0.0,0.0,0.0,0.0,0.0,0.0,0.0,0.0,0.0,0.0,0.0,0.0,0.0,0.0,0.0,0.0,0.0,0.0,0.0,0.0,0.0,0.0,0.0,0.0,0.0,0.0,0.0,0.0,0.0,0.0,0.0,0.0,0.0,0.0,0.0,0.0,0.0,0.0,0.0,0.0,0.0,0.0,0.0
ENCFF505LMS,0.12640701570386634,109664,154,4953,63991,854,188249,19845,985,924,572,1390,9894,4809,7854,28578,37720,3709,2844,7607,10205,263,1544,136,368,381,2868,4838,8139,34507,7683,358,75,1067,5694,5693,48,6318,149,18,14617,19398,527,960,211,52,1568,14943,38144,307,2018,3774,3900,375,816,10817,235,817,651,791,2918,6395,357,10892,275,597,1279,939,55139,85769,10487,3473,2026,5179,11925,174,3931,1907,2114,2518,668,3449,3801,5095,1268,1952,10124,105,2401,2200,84,2576,1272,172,4419,1353,10581,279381,15922,274,44864,72741,7790,61198,4140,2126,8385,3601,4333,170,7566,14521,17631,1418,10254,66004,2420,75879,317,1471,1717,12213,745,122972,3277,10679,4569,1156,4139,447,238,61776,8872,2362,27743,10324,24837,55510,180,10261,6380,3380,6567,66277,1114,535,113,288,147,72,4062,1115,2018,19303,7506,907,7054,59797,3631,897,4268,7723,5577,5375,9191,12539,12273,126,435,140,3062,188,3502,1572,4556,1371,22,58,1185,827,3838,21604,11579,75698,5747,35588,61167,21711,43264,28088,50623,486,47103,60715,18396,17657,47591,33678,8288,2249,339,434,40,2093,3421,343,193,104,163,7838,440,53081,13583,11690,810,238209,53536,7285,39847,20410,2616,1223,53287,22862,63880,3543,79687,243,79260,232,394,2555,211,1029,2736,491,10347,4284,135,2081,1923,1746,3054,1621,7212,3424,227,427,11565,8019,4194,6279,4622,857,2808,2311,1400,880,717,619,2852,7983,1757,1085,2958,7237,4907,13894,64439,4362,6487,6413,3298,2444,1982,1853,2562,1347,118,18415,1794,4807,11227,1045,4103,1739,8602,4877,3150,2682,2700,375,1259,956,7240,5148,2855,2214,2323,5441,4741,2963,1700,3103,7047,67,95,1263,2483,1852,940,25611,997,18234,92,396,191,10895,1220,14562,13072,13618,206,5146,728,196,2917,5622,116459,1038,3884,6149,2170,70,5532,198,2075,3333,38010,10245,16056,3268,380,539,566,52,474,1772,2108,4952,2393,10160,1866,1350,2726,101157,451,4994,218331,1048,12139,2921,16142,6050,4941,911,395,7670,2341,3344,3469,960,787,198,44823,4632,3117,3184,935,3128,3611,50288,494,30381,2626,277,58788,15341,45,969,11036,2194,518,16116,2222,2356,667,9881,2948,53285,2626,1104,2275,3186,1948,2169,2750,2833,1662,139,2717,224,5084,578,424,341,408,1197,373,1328,43972,1689,13163,6239,1094,1661,2054,913,71275,283,21702,2948,19124,4288,122,4745,41,68810,12484,19807,80485,3044,32258,249,865,1301,2947,1714,2938,2243,2620,9848,2808,26,300,2847,101,223,6039,5973,60,294,228,51597,57256,44950,11928,56112,8993,935,102858,144287,20205,57004,113612,139583,329,120,1892,1823,989,2641,1856,1503,541,1463,13154,0.0,0.0,0.0,0.0,0.0,0.0,0.0,0.0,0.0,0.0,0.0,0.0,0.0,0.0,0.0,0.0,0.0,0.0,0.0,0.0,0.0,0.0,0.0,0.0,0.0,0.0,0.0,0.0,0.0,0.0,0.0,0.0,0.0,0.0,0.0,0.0,0.0,0.0,0.0,0.0,0.0,0.0,0.0,0.0,0.0,0.0,0.0,0.0,0.0,0.0,0.0,0.0,0.0,0.0,0.0,0.0,0.0,0.0,0.0,0.0,0.0,0.0,0.0,0.0,0.0,0.0,0.0,0.0,0.0,0.0,0.0,0.0,0.0,0.0,0.0,0.0,0.0,0.0,0.0,0.0,0.0,0.0,0.0,0.0,0.0,0.0,0.0,0.0,0.0,0.0,0.0,0.0,0.0,0.0,0.0,0.0,0.0,0.0,0.0,0.0,0.0,0.0,0.0,0.0,0.0,0.0,0.0,0.0,0.0,0.0,0.0,0.0,0.0,0.0,0.0,0.0,0.0,0.0,0.0,0.0,0.0,0.0,0.0,0.0,0.0,0.0,0.0,0.0,0.0,0.0,0.0,0.0,0.0,0.0,0.0,0.0,0.0,0.0,0.0,0.0,0.0,0.0,0.0,0.0,0.0,0.0,0.0,0.0,0.0,0.0
ENCFF404TLY,0.1299721676999176,46145,224,2306,66657,587,153561,8518,581,220,158,533,4742,1847,6135,23992,27291,1742,597,9173,4006,72,439,57,111,107,1740,2699,4717,42280,3159,100,56,521,3354,3153,42,3594,38,9,6822,6976,102,328,67,43,822,7596,41191,163,748,2456,2553,118,189,2804,84,213,211,194,592,2698,1294,21981,659,657,758,178,54501,39727,2973,2131,1292,2668,3031,44,2337,1085,1297,1482,453,1981,2093,2175,690,1305,5684,31,1479,1302,27,809,264,44,1694,1589,40781,132605,6645,135,17230,29138,4442,24562,2350,1233,2365,1240,1484,30,2333,4951,5372,356,4706,24845,2011,48903,240,1235,1541,5537,648,83660,2114,4602,1724,372,1355,353,54,15799,5153,1078,40795,11155,6370,16853,121,5296,11398,1973,2693,71165,938,251,69,70,40,46,1211,272,446,7792,2292,188,4815,62906,3667,157,2393,1394,1075,2130,3314,3010,3694,32,144,60,1806,55,2279,1000,1844,370,17,20,776,369,2224,8539,4326,30983,3278,20951,29743,13945,41268,15813,28436,279,20745,27273,6487,6754,22620,13517,5613,985,170,1331,19,1251,2157,117,45,66,139,3201,124,65324,12232,10327,462,206111,41191,3843,23114,35391,664,459,35538,21503,74073,2998,27494,81,23858,40,175,716,29,641,1608,305,5991,1538,35,1303,1154,1157,1947,895,4207,2090,106,192,5928,4361,2026,2167,2867,568,1631,1461,920,549,406,199,1730,5901,1493,689,1586,3768,2925,16378,75559,2219,3763,2502,1823,1438,1169,1125,1620,951,40,8517,965,2852,4499,588,2173,950,4151,2827,1938,1591,1666,175,809,578,4253,3160,1515,1437,1360,2287,2488,1911,1113,2022,4069,37,53,724,1446,396,629,8681,200,6510,26,132,79,4713,323,5540,5735,8716,33,1990,124,34,3297,1692,112490,363,1641,3252,903,45,3128,102,215,1125,21616,10813,4804,919,86,187,68,11,66,1019,2036,1592,1306,3529,1066,776,2302,100449,233,2654,73356,682,5174,1663,9648,2904,3082,509,175,2987,1429,1835,1958,532,461,61,17868,2619,1848,1807,632,1969,2055,22030,45,15222,1105,55,19328,6077,50,290,4696,1055,64,8547,1337,634,111,4950,1721,40507,3457,503,1353,1785,1038,1208,1605,726,1131,51,737,52,2573,196,93,56,180,923,275,1151,35693,1402,12132,5329,897,585,523,350,16038,216,10010,1856,5859,1025,41,1761,10,34937,6719,10770,40484,2081,29054,183,431,705,1680,983,1718,1391,1586,9689,1685,25,102,1737,23,71,1833,1625,17,217,105,19072,35167,29368,7703,24098,3595,1511,66118,72980,12993,33528,56616,62465,228,43,1124,1116,487,1659,431,262,133,619,5802,0.0,0.0,0.0,0.0,0.0,0.0,0.0,0.0,0.0,0.0,0.0,0.0,0.0,0.0,0.0,0.0,0.0,0.0,0.0,0.0,0.0,0.0,0.0,0.0,0.0,0.0,0.0,0.0,0.0,0.0,0.0,0.0,0.0,0.0,0.0,0.0,0.0,0.0,0.0,0.0,0.0,0.0,0.0,0.0,0.0,0.0,0.0,0.0,0.0,0.0,0.0,0.0,0.0,0.0,0.0,0.0,0.0,0.0,0.0,0.0,0.0,0.0,0.0,0.0,0.0,0.0,0.0,0.0,0.0,0.0,0.0,0.0,0.0,0.0,0.0,0.0,0.0,0.0,0.0,0.0,0.0,0.0,0.0,0.0,0.0,0.0,0.0,0.0,0.0,0.0,0.0,0.0,0.0,0.0,0.0,0.0,0.0,0.0,0.0,0.0,0.0,0.0,0.0,0.0,0.0,0.0,0.0,0.0,0.0,0.0,0.0,0.0,0.0,0.0,0.0,0.0,0.0,0.0,0.0,0.0,0.0,0.0,0.0,0.0,0.0,0.0,0.0,0.0,0.0,0.0,0.0,0.0,0.0,0.0,0.0,0.0,0.0,0.0,0.0,0.0,0.0,0.0,0.0,0.0,0.0,0.0,0.0,0.0,0.0,0.0
ENCFF000ZRG,0.15061118426502473,46944,264,4207,31174,528,61705,5995,276,485,319,572,2987,4248,8429,16391,25233,3385,520,6148,5922,164,710,77,53,64,863,1481,3239,32417,3703,243,213,493,1778,1698,70,1854,18,12,7503,11306,90,662,15,90,624,5875,26453,182,551,993,1452,448,400,6879,201,363,424,142,795,1412,789,14588,247,367,433,46,49421,54715,7896,1030,690,1430,5713,338,1275,510,805,898,236,1002,1159,3864,462,569,3589,30,881,483,34,1377,167,39,1213,1197,15594,170079,11213,95,29530,41013,2467,35103,1144,620,5386,1665,1933,26,3104,7767,7791,88,4615,34003,2335,29972,406,1645,1836,8435,691,46571,1331,6098,2855,761,2679,447,226,31851,12658,1266,18855,8017,13053,28993,262,4301,3890,1140,3726,26575,390,408,100,119,48,30,2262,270,562,10485,4782,636,3756,32903,3168,441,1128,1133,978,3179,4496,4165,6001,104,223,44,981,32,1736,584,982,848,52,8,560,748,1034,15597,7390,45219,2174,29475,32773,14113,27757,13163,27102,307,28022,33352,11647,9512,23714,18795,5754,906,329,783,69,495,913,176,66,26,177,3959,282,34030,11998,12103,259,205909,38021,3716,26849,25481,1259,669,39592,19003,60564,3748,44046,175,44833,56,349,699,89,319,930,252,3864,2506,41,672,931,601,930,454,2425,1382,406,211,4669,3064,2161,3035,1222,309,639,796,358,330,282,618,1088,5415,1213,382,1793,2350,2196,10381,28091,1013,2354,3602,1298,814,661,670,950,510,401,8230,510,861,5517,379,1557,393,4076,1029,930,562,937,319,489,572,2262,2343,747,892,832,2516,1619,792,726,952,4015,21,48,412,673,684,310,14797,98,9817,26,498,68,6571,756,7501,6490,8354,23,2660,130,177,1355,3906,73801,654,2088,2172,1155,102,2801,202,190,719,15000,7286,2844,1426,43,195,127,11,61,681,1344,2542,512,4081,507,552,1315,46887,429,2119,130031,537,5886,995,5222,1723,2419,293,667,4822,774,981,1168,382,431,274,8166,1230,938,1037,517,1091,1261,25014,88,10385,2207,39,27518,6937,20,253,5968,767,57,6875,846,1722,303,3041,1098,15948,3147,723,805,1140,499,1173,954,1479,469,24,1006,23,1781,120,61,226,497,574,603,927,43482,1706,10064,5359,1215,531,991,263,39336,178,15787,1748,12646,1563,340,2845,22,29187,5483,9877,44660,2095,15936,279,211,397,921,534,1037,739,1508,7593,1004,48,304,939,17,38,4102,4205,5,327,188,24495,41013,30317,7529,35391,4122,765,65904,90271,13744,41024,66049,80038,381,176,743,712,219,852,1382,292,376,716,6622,0.0,0.0,0.0,0.0,0.0,0.0,0.0,0.0,0.0,0.0,0.0,0.0,0.0,0.0,0.0,0.0,0.0,0.0,0.0,0.0,0.0,0.0,0.0,0.0,0.0,0.0,0.0,0.0,0.0,0.0,0.0,0.0,0.0,0.0,0.0,0.0,0.0,0.0,0.0,0.0,0.0,0.0,0.0,0.0,0.0,0.0,0.0,0.0,0.0,0.0,0.0,0.0,0.0,0.0,0.0,0.0,0.0,0.0,0.0,0.0,0.0,0.0,0.0,0.0,0.0,0.0,0.0,0.0,0.0,0.0,0.0,0.0,0.0,0.0,0.0,0.0,0.0,0.0,0.0,0.0,0.0,0.0,0.0,0.0,0.0,0.0,0.0,0.0,0.0,0.0,0.0,0.0,0.0,0.0,0.0,0.0,0.0,0.0,0.0,0.0,0.0,0.0,0.0,0.0,0.0,0.0,0.0,0.0,0.0,0.0,0.0,0.0,0.0,0.0,0.0,0.0,0.0,0.0,0.0,0.0,0.0,0.0,0.0,0.0,0.0,0.0,0.0,0.0,0.0,0.0,0.0,0.0,0.0,0.0,0.0,0.0,0.0,0.0,0.0,0.0,0.0,0.0,0.0,0.0,0.0,0.0,0.0,0.0,0.0,0.0
ENCFF000ZMO,0.11767048649292874,57582,89,2665,19006,401,24026,2259,130,214,117,200,1430,2517,3872,8270,10146,1435,195,2490,2905,69,224,44,25,31,327,3913,1370,14291,1467,119,292,193,637,604,174,629,17,7,2990,4204,35,366,16,25,203,2174,10342,580,183,414,536,190,167,2368,70,141,238,105,341,615,126,4050,107,322,888,14,18612,20655,2387,412,265,1673,1786,40,473,229,322,378,115,391,438,1468,135,195,1381,14,353,167,24,516,115,20,747,611,4935,72586,5361,63,13148,17357,1062,14795,481,221,2055,716,798,23,1175,3232,3120,168,1952,11817,1478,10634,362,1747,1445,4126,797,13756,633,2743,1436,428,1137,193,26,11482,6255,2797,9075,3698,5250,9930,1151,1950,1125,399,1461,11339,182,617,27,57,16,36,769,220,219,4845,1854,278,2598,19923,1595,174,386,490,450,1057,2690,2418,2079,31,67,21,389,7,746,264,460,148,79,10,520,347,346,6383,2693,18926,943,13057,13974,5895,12617,5476,12016,107,11739,14011,4487,3955,9456,7364,2654,395,865,311,32,207,329,103,56,12,28,1614,170,18962,5655,5903,148,76985,15262,1650,10697,8966,387,369,16357,7979,23045,2552,16371,68,15841,24,125,278,66,108,333,97,1345,707,19,236,363,247,360,145,904,550,93,129,1665,1090,724,1001,423,125,257,274,128,164,113,237,479,2327,549,140,886,965,848,5588,9432,2226,810,1326,550,306,251,203,381,207,68,2650,167,241,1903,155,606,175,1491,410,363,222,355,86,165,400,935,1096,351,378,273,929,601,235,315,363,1518,15,25,184,211,264,149,5407,88,4259,19,241,52,2148,239,2673,3076,2814,27,1104,112,110,850,1493,26705,396,1035,840,391,198,1138,75,59,185,6267,2698,1330,526,29,139,81,12,53,279,1032,1071,227,1864,270,196,843,24582,382,890,56682,188,2013,402,1880,3724,1086,136,2094,7384,293,354,388,180,168,203,21470,425,375,331,188,438,515,9741,90,3653,1048,21,10310,2846,9,87,2421,233,51,2427,278,504,112,1252,410,6084,1587,647,344,403,208,396,296,491,346,21,475,13,738,62,27,104,626,134,415,409,13640,1446,5244,3240,833,202,585,189,15245,612,5911,1356,4758,590,215,1151,18,13762,2875,4380,19220,1027,6605,243,127,155,636,182,398,225,641,3089,339,21,530,388,4,9,1425,1289,20,771,98,8868,17080,12727,3181,14184,1678,145,25361,37279,5675,17947,26163,32072,87,76,317,260,70,287,582,137,177,230,2756,0.0,0.0,0.0,0.0,0.0,0.0,0.0,0.0,0.0,0.0,0.0,0.0,0.0,0.0,0.0,0.0,0.0,0.0,0.0,0.0,0.0,0.0,0.0,0.0,0.0,0.0,0.0,0.0,0.0,0.0,0.0,0.0,0.0,0.0,0.0,0.0,0.0,0.0,0.0,0.0,0.0,0.0,0.0,0.0,0.0,0.0,0.0,0.0,0.0,0.0,0.0,0.0,0.0,0.0,0.0,0.0,0.0,0.0,0.0,0.0,0.0,0.0,0.0,0.0,0.0,0.0,0.0,0.0,0.0,0.0,0.0,0.0,0.0,0.0,0.0,0.0,0.0,0.0,0.0,0.0,0.0,0.0,0.0,0.0,0.0,0.0,0.0,0.0,0.0,0.0,0.0,0.0,0.0,0.0,0.0,0.0,0.0,0.0,0.0,0.0,0.0,0.0,0.0,0.0,0.0,0.0,0.0,0.0,0.0,0.0,0.0,0.0,0.0,0.0,0.0,0.0,0.0,0.0,0.0,0.0,0.0,0.0,0.0,0.0,0.0,0.0,0.0,0.0,0.0,0.0,0.0,0.0,0.0,0.0,0.0,0.0,0.0,0.0,0.0,0.0,0.0,0.0,0.0,0.0,0.0,0.0,0.0,0.0,0.0,0.0
ENCFF000BJN,0.07422635055139307,10509,38,1866,18571,699,92370,1696,119,308,122,125,1252,3435,6725,11209,25767,2131,156,2108,1795,68,213,45,7,7,283,28,1566,12597,1117,78,44,163,851,737,9,701,13,2,2874,4433,23,272,14,2,153,2229,12620,5,229,442,588,155,156,3465,66,109,137,31,211,605,293,7254,118,473,18,4,23358,17036,3188,478,340,438,1980,90,479,267,375,378,112,486,472,2097,236,269,1651,1,427,235,10,378,43,5,446,727,8132,59175,3319,43,9413,14327,992,13013,645,324,1936,471,439,4,1066,2660,2233,46,2085,10281,2184,17505,564,2312,1715,3251,979,26577,744,1894,771,214,851,148,22,8415,9006,29,14369,5824,3570,9092,8,1815,1280,494,1327,20378,97,55,40,39,14,13,647,84,145,3827,1391,225,1459,20269,2044,117,412,237,277,1158,1329,1115,2191,26,45,8,484,6,857,314,871,1619,1,0,252,240,374,5571,2222,14771,1071,13613,12904,5590,15609,5636,11616,88,9460,11226,3954,2985,9165,5958,2254,350,5,235,21,223,405,75,30,10,9,1346,227,20068,6269,7911,57,69560,14629,1412,9707,14856,283,189,16466,6881,27774,4059,12162,64,12148,13,99,209,18,135,365,71,1750,1001,15,306,442,275,407,210,977,624,865,62,1714,1342,730,1296,592,174,291,331,201,199,135,533,562,2225,590,213,722,1052,853,7131,28127,48,966,1965,572,360,246,265,404,263,460,2567,207,393,2247,149,757,200,1806,553,499,295,392,106,212,188,1225,1167,353,471,307,1526,630,369,398,462,1776,7,25,196,256,143,127,4905,26,3326,7,232,22,2113,262,2427,2291,2933,3,868,18,76,454,1247,37304,157,597,1408,467,3,1215,44,21,212,5788,2490,1115,382,8,94,45,6,19,297,335,834,210,1578,262,200,913,28243,175,1039,42907,214,2160,486,2112,93,1039,142,12,1309,364,401,375,221,217,74,224,511,402,413,138,496,532,8909,11,4136,871,4,9889,2256,13,78,2582,108,21,2707,379,368,88,1301,474,9029,2341,203,422,436,198,458,339,614,266,4,392,11,644,19,13,49,120,16,539,285,19512,1973,5233,3779,1105,294,262,26,11097,30,5444,658,4366,372,120,1040,8,9004,1888,3054,15323,1997,9853,110,46,159,361,170,457,348,840,2532,358,17,43,501,3,4,1287,1210,1,28,87,7645,16018,13442,3024,11692,1448,186,35672,33314,6132,16007,24488,27932,165,77,337,368,119,385,440,111,133,228,2319,0.0,0.0,0.0,0.0,0.0,0.0,0.0,0.0,0.0,0.0,0.0,0.0,0.0,0.0,0.0,0.0,0.0,0.0,0.0,0.0,0.0,0.0,0.0,0.0,0.0,0.0,0.0,0.0,0.0,0.0,0.0,0.0,0.0,0.0,0.0,0.0,0.0,0.0,0.0,0.0,0.0,0.0,0.0,0.0,0.0,0.0,0.0,0.0,0.0,0.0,0.0,0.0,0.0,0.0,0.0,0.0,0.0,0.0,0.0,0.0,0.0,0.0,0.0,0.0,0.0,0.0,0.0,0.0,0.0,0.0,0.0,0.0,0.0,0.0,0.0,0.0,0.0,0.0,0.0,0.0,0.0,0.0,0.0,0.0,0.0,0.0,0.0,0.0,0.0,0.0,0.0,0.0,0.0,0.0,0.0,0.0,0.0,0.0,0.0,0.0,0.0,0.0,0.0,0.0,0.0,0.0,0.0,0.0,0.0,0.0,0.0,0.0,0.0,0.0,0.0,0.0,0.0,0.0,0.0,0.0,0.0,0.0,0.0,0.0,0.0,0.0,0.0,0.0,0.0,0.0,0.0,0.0,0.0,0.0,0.0,0.0,0.0,0.0,0.0,0.0,0.0,0.0,0.0,0.0,0.0,0.0,0.0,0.0,0.0,0.0
ENCFF398KLJ,0.13515380107744795,41268,134,3955,44404,677,91676,6668,277,497,304,586,3282,4933,9520,24519,33771,3834,611,5244,6228,184,837,147,52,56,1437,429,3459,30363,4256,286,177,496,1954,2011,34,2164,19,14,8892,14303,83,813,56,46,823,6181,24424,27,668,1056,1416,523,452,11594,199,417,378,178,820,1425,580,12446,464,336,86,44,50297,53893,12795,1021,725,1214,8718,343,1360,490,772,933,202,973,1569,5102,446,558,3750,26,862,505,21,1606,277,55,1172,1430,17926,187705,12049,283,33086,47248,2519,41142,1320,625,7350,2214,2165,31,4004,10618,9019,101,6015,43822,2875,31776,552,2111,2014,9379,854,45443,1437,7048,3476,892,3459,454,166,41190,14179,197,21579,8747,18432,37425,57,4753,2956,1298,3953,59997,467,226,125,138,52,29,2660,450,612,12986,5409,790,4119,45857,3476,507,1194,997,965,2991,4784,4138,11598,62,102,42,1068,35,1793,580,843,402,15,4,562,954,1122,18915,7954,50019,2591,31501,32873,14829,30073,16390,29716,349,31942,37197,14163,10798,28840,20456,5919,1002,74,673,71,504,898,223,73,30,24,4192,419,40594,12293,13430,188,219455,39923,3785,30869,25461,1321,528,44358,19403,59432,4566,49361,199,50603,56,408,809,129,333,964,226,4396,3057,39,680,861,578,931,440,2743,1773,1272,311,5026,4043,2209,8560,1240,336,644,772,352,353,284,1764,1158,5605,1417,369,1796,2649,2277,11466,23600,260,2572,6548,1354,847,699,634,964,560,630,8413,456,787,7148,383,1764,374,5269,1087,1004,629,889,1149,437,518,2528,2443,844,950,662,4720,1618,790,776,966,4164,16,46,384,582,877,318,19943,130,13924,26,630,222,7571,1611,10484,7404,6960,27,2927,153,270,1642,4541,72747,763,2050,3187,1238,39,3008,227,163,867,18653,5857,3086,1563,66,292,124,17,32,658,620,2562,650,4336,519,474,2361,60826,344,2181,148599,530,6832,1023,5553,487,2490,246,119,4005,837,1089,1239,356,442,261,1882,1451,926,1209,493,1173,1444,29168,91,11832,2682,49,38654,8031,29,327,6658,580,60,7145,795,1750,359,3406,1133,21151,3424,590,743,1329,440,1150,856,2030,559,26,1239,37,2331,132,62,240,452,383,705,749,34293,1909,9167,5216,1328,525,1280,195,44709,74,21561,1650,14541,1827,372,3121,11,37646,6300,12004,58442,2360,17691,247,213,371,904,387,1176,735,1879,9714,1138,59,193,1030,33,35,4896,5325,18,107,201,28335,45654,34826,8207,40488,4577,735,86402,103536,14655,46977,76003,91558,434,208,779,727,175,904,1912,397,518,934,7309,0.0,0.0,0.0,0.0,0.0,0.0,0.0,0.0,0.0,0.0,0.0,0.0,0.0,0.0,0.0,0.0,0.0,0.0,0.0,0.0,0.0,0.0,0.0,0.0,0.0,0.0,0.0,0.0,0.0,0.0,0.0,0.0,0.0,0.0,0.0,0.0,0.0,0.0,0.0,0.0,0.0,0.0,0.0,0.0,0.0,0.0,0.0,0.0,0.0,0.0,0.0,0.0,0.0,0.0,0.0,0.0,0.0,0.0,0.0,0.0,0.0,0.0,0.0,0.0,0.0,0.0,0.0,0.0,0.0,0.0,0.0,0.0,0.0,0.0,0.0,0.0,0.0,0.0,0.0,0.0,0.0,0.0,0.0,0.0,0.0,0.0,0.0,0.0,0.0,0.0,0.0,0.0,0.0,0.0,0.0,0.0,0.0,0.0,0.0,0.0,0.0,0.0,0.0,0.0,0.0,0.0,0.0,0.0,0.0,0.0,0.0,0.0,0.0,0.0,0.0,0.0,0.0,0.0,0.0,0.0,0.0,0.0,0.0,0.0,0.0,0.0,0.0,0.0,0.0,0.0,0.0,0.0,0.0,0.0,0.0,0.0,0.0,0.0,0.0,0.0,0.0,0.0,0.0,0.0,0.0,0.0,0.0,0.0,0.0,0.0
ENCFF000YDY,0.05284071974169457,1936,11,159,1921,41,3769,249,18,38,16,39,132,236,420,880,1242,169,33,241,263,16,47,7,9,4,34,35,133,1484,186,17,11,29,87,83,1,87,0,1,431,705,9,47,3,3,36,247,1268,3,34,44,52,22,23,723,11,13,18,8,51,76,15,657,19,19,13,5,2435,2631,568,45,29,54,5154,14,53,18,34,49,11,41,50,236,28,34,144,2,38,17,1,83,10,0,82,52,864,9083,633,9,1609,2242,100,2042,89,31,265,93,98,1,150,554,401,13,330,1942,142,1446,23,127,111,446,59,1968,66,324,139,24,217,18,6,8340,647,23,1302,434,5557,1556,4,215,170,60,190,2367,32,13,5,4,2,1,104,16,40,525,279,41,242,1999,163,31,50,51,74,151,247,182,495,4,8,4,31,2,74,34,127,572,1,0,28,46,42,944,409,2614,122,1495,1755,687,1669,696,1395,14,1489,1859,773,581,1443,995,369,42,7,49,6,32,44,13,4,2,2,210,18,1744,625,571,6,11211,1870,175,1482,1207,78,36,2152,904,2890,223,2433,3,2526,2,19,53,17,13,33,21,158,129,7,28,44,31,44,30,129,61,60,16,241,186,103,157,53,20,33,29,18,19,19,52,51,262,64,13,95,96,82,650,1228,20,112,302,82,22,32,20,36,17,18,405,18,41,340,15,71,32,188,61,42,27,43,127,16,27,129,91,31,37,34,223,64,33,39,38,163,3,1,11,24,31,9,837,5,536,5,33,10,373,64,409,362,332,0,121,11,17,58,217,3571,28,102,140,63,0,95,10,3,35,660,294,152,90,7,21,8,0,3,27,22,117,19,198,32,17,87,2633,17,87,6961,22,344,49,221,34,122,14,8,236,43,41,37,23,22,17,174,67,51,46,13,51,52,1383,6,526,121,0,1710,411,0,17,294,37,5,348,30,257,16,154,38,1112,149,45,38,40,16,71,20,98,18,1,67,3,117,15,2,6,29,8,39,39,1496,103,496,276,78,33,54,9,2315,7,706,68,724,78,12,159,4,1420,274,465,2312,132,880,11,7,16,34,27,45,28,58,305,41,2,15,52,2,5,237,266,0,4,18,1367,2063,1701,367,1883,272,24,3550,4664,629,2045,3376,4366,18,21,32,34,12,32,102,9,19,27,344,0.0,0.0,0.0,0.0,0.0,0.0,0.0,0.0,0.0,0.0,0.0,0.0,0.0,0.0,0.0,0.0,0.0,0.0,0.0,0.0,0.0,0.0,0.0,0.0,0.0,0.0,0.0,0.0,0.0,0.0,0.0,0.0,0.0,0.0,0.0,0.0,0.0,0.0,0.0,0.0,0.0,0.0,0.0,0.0,0.0,0.0,0.0,0.0,0.0,0.0,0.0,0.0,0.0,0.0,0.0,0.0,0.0,0.0,0.0,0.0,0.0,0.0,0.0,0.0,0.0,0.0,0.0,0.0,0.0,0.0,0.0,0.0,0.0,0.0,0.0,0.0,0.0,0.0,0.0,0.0,0.0,0.0,0.0,0.0,0.0,0.0,0.0,0.0,0.0,0.0,0.0,0.0,0.0,0.0,0.0,0.0,0.0,0.0,0.0,0.0,0.0,0.0,0.0,0.0,0.0,0.0,0.0,0.0,0.0,0.0,0.0,0.0,0.0,0.0,0.0,0.0,0.0,0.0,0.0,0.0,0.0,0.0,0.0,0.0,0.0,0.0,0.0,0.0,0.0,0.0,0.0,0.0,0.0,0.0,0.0,0.0,0.0,0.0,0.0,0.0,0.0,0.0,0.0,0.0,0.0,0.0,0.0,0.0,0.0,0.0
ENCFF000VSG,0.0698299831266965,4942,26,347,2847,48,6293,496,32,30,20,86,234,325,657,1564,2045,295,46,424,514,14,78,5,3,5,45,191,289,2265,375,32,25,31,144,124,4,152,4,3,711,1089,2,75,6,7,50,483,1886,16,74,72,106,44,50,744,24,27,19,15,97,135,23,992,16,53,75,10,4091,4097,694,96,58,157,727,24,100,47,66,70,17,87,80,391,49,40,306,2,84,41,0,145,162,8,143,136,1390,14999,978,5,2820,3683,196,3207,101,48,495,153,140,1,305,672,691,11,456,2993,245,2549,41,186,190,742,120,3202,137,545,271,71,310,30,10,3314,897,123,1897,654,1596,2716,34,435,209,70,340,3284,28,35,7,11,7,2,173,36,78,924,456,61,441,2984,325,44,111,119,100,259,400,351,603,5,15,7,98,1,161,53,178,4188,7,1,70,69,77,1603,706,4134,196,2392,2970,1212,2768,1128,2417,31,2498,2890,998,950,2230,1698,594,90,33,72,7,54,61,27,2,2,7,361,29,3678,1071,723,25,20853,2993,347,2544,1930,127,69,3537,1462,4714,397,3987,10,4247,6,13,147,81,16,80,15,328,192,4,55,78,61,82,37,206,134,40,15,396,341,179,276,92,34,64,55,47,26,26,74,110,430,105,35,139,194,167,975,2294,115,180,341,97,50,46,52,69,47,31,763,39,77,560,32,109,37,334,80,88,58,83,42,46,54,207,191,81,77,62,234,118,53,63,79,301,1,5,32,35,55,25,1400,23,913,1,53,4,621,96,734,599,638,9,208,13,15,92,372,5111,73,157,191,107,9,207,13,34,58,1163,541,338,142,6,11,12,1,2,57,96,252,57,331,53,43,153,3758,55,161,11354,44,552,88,429,229,231,27,84,484,95,67,76,73,43,13,1017,119,70,96,26,86,102,2277,3,936,236,4,2773,994,1,30,527,60,6,605,56,149,37,265,71,1246,280,67,90,86,44,115,57,128,62,2,106,2,160,8,3,18,53,55,54,40,2520,201,780,496,135,48,91,17,3764,26,1375,183,1176,152,15,285,2,2487,508,867,3620,150,1240,16,6,23,77,50,70,55,126,656,67,3,37,98,4,3,395,400,3,34,17,2306,3601,2703,633,3152,392,31,6224,8250,1157,3691,6037,7361,22,34,87,78,19,72,166,36,46,49,558,0.0,0.0,0.0,0.0,0.0,0.0,0.0,0.0,0.0,0.0,0.0,0.0,0.0,0.0,0.0,0.0,0.0,0.0,0.0,0.0,0.0,0.0,0.0,0.0,0.0,0.0,0.0,0.0,0.0,0.0,0.0,0.0,0.0,0.0,0.0,0.0,0.0,0.0,0.0,0.0,0.0,0.0,0.0,0.0,0.0,0.0,0.0,0.0,0.0,0.0,0.0,0.0,0.0,0.0,0.0,0.0,0.0,0.0,0.0,0.0,0.0,0.0,0.0,0.0,0.0,0.0,0.0,0.0,0.0,0.0,0.0,0.0,0.0,0.0,0.0,0.0,0.0,0.0,0.0,0.0,0.0,0.0,0.0,0.0,0.0,0.0,0.0,0.0,0.0,0.0,0.0,0.0,0.0,0.0,0.0,0.0,0.0,0.0,0.0,0.0,0.0,0.0,0.0,0.0,0.0,0.0,0.0,0.0,0.0,0.0,0.0,0.0,0.0,0.0,0.0,0.0,0.0,0.0,0.0,0.0,0.0,0.0,0.0,0.0,0.0,0.0,0.0,0.0,0.0,0.0,0.0,0.0,0.0,0.0,0.0,0.0,0.0,0.0,0.0,0.0,0.0,0.0,0.0,0.0,0.0,0.0,0.0,0.0,0.0,0.0
ENCFF000ZBR,0.14791127288414946,40953,173,2369,24646,455,69514,8367,132,298,599,2896,2524,1834,4417,13971,16080,2085,304,5769,5885,159,623,79,38,53,1115,802,2108,13152,4865,202,133,310,1172,1048,29,1353,19,27,12365,8485,19,469,17,56,531,3872,11267,122,442,616,874,375,280,5916,115,280,532,134,656,1176,148,6210,179,195,238,135,30187,40499,6031,671,417,862,8768,254,753,323,488,586,123,604,771,2772,258,334,2332,10,497,337,12,968,83,19,831,741,10615,137387,9008,95,24415,30870,1729,26677,789,433,4182,1257,1373,18,2263,6594,6956,113,5166,28051,1466,20786,340,1227,1346,7622,493,25171,826,6272,2558,490,2120,297,120,28115,5988,893,9634,4256,21374,22759,149,3422,2357,744,3992,26126,268,254,48,83,26,18,1670,194,631,11875,3935,588,4016,24762,1849,411,698,885,719,2229,3689,3661,7158,50,75,33,628,15,1045,354,866,469,26,3,379,661,633,12052,5609,38511,1579,19193,24211,12503,18423,9336,19726,206,24638,28007,11892,7871,22785,14861,5446,660,223,713,49,304,558,131,43,28,56,6158,175,20853,8881,4716,158,166285,31387,2699,22227,11563,935,2402,30577,17199,40805,3169,43323,188,42715,37,274,2942,228,189,601,1284,2667,1688,23,404,582,332,519,282,1642,924,364,200,3355,2192,1625,4319,742,201,394,416,196,228,162,386,621,4367,924,258,1319,1458,1367,4913,19760,533,1595,3722,876,514,357,381,589,317,106,9512,289,504,3948,205,1080,224,2853,635,626,334,616,310,318,358,1496,1418,492,579,423,2002,1005,448,509,521,2471,24,31,290,377,436,281,12734,136,9271,29,435,135,4901,652,7301,5717,9921,17,1937,105,141,1133,4251,52739,510,3789,1468,857,56,1733,146,163,765,13446,6619,2811,1220,63,248,83,5,26,432,1019,1985,392,2972,314,280,790,28919,278,1336,99059,310,4394,639,3340,1036,1631,193,323,3317,480,647,736,235,270,227,5199,758,581,724,798,728,845,19136,65,7339,1695,35,27095,5444,23,252,6351,2240,56,4579,533,1279,263,2028,771,9458,1744,454,484,735,256,716,531,1300,483,22,873,26,1458,100,55,186,352,275,342,432,24089,1208,5511,3553,783,324,745,240,31146,101,12530,1239,10391,1110,273,2322,45,25676,4251,8658,35435,1968,7916,161,191,204,569,293,722,422,980,5440,676,34,180,615,26,31,3465,3319,8,191,169,19524,33785,23251,5301,28189,3109,273,46587,66491,10133,31993,51940,61663,158,112,441,417,152,477,963,272,334,491,6588,0.0,0.0,0.0,0.0,0.0,0.0,0.0,0.0,0.0,0.0,0.0,0.0,0.0,0.0,0.0,0.0,0.0,0.0,0.0,0.0,0.0,0.0,0.0,0.0,0.0,0.0,0.0,0.0,0.0,0.0,0.0,0.0,0.0,0.0,0.0,0.0,0.0,0.0,0.0,0.0,0.0,0.0,0.0,0.0,0.0,0.0,0.0,0.0,0.0,0.0,0.0,0.0,0.0,0.0,0.0,0.0,0.0,0.0,0.0,0.0,0.0,0.0,0.0,0.0,0.0,0.0,0.0,0.0,0.0,0.0,0.0,0.0,0.0,0.0,0.0,0.0,0.0,0.0,0.0,0.0,0.0,0.0,0.0,0.0,0.0,0.0,0.0,0.0,0.0,0.0,0.0,0.0,0.0,0.0,0.0,0.0,0.0,0.0,0.0,0.0,0.0,0.0,0.0,0.0,0.0,0.0,0.0,0.0,0.0,0.0,0.0,0.0,0.0,0.0,0.0,0.0,0.0,0.0,0.0,0.0,0.0,0.0,0.0,0.0,0.0,0.0,0.0,0.0,0.0,0.0,0.0,0.0,0.0,0.0,0.0,0.0,0.0,0.0,0.0,0.0,0.0,0.0,0.0,0.0,0.0,0.0,0.0,0.0,0.0,0.0
ENCFF454GEF,0.10371675404990052,13859,170,447,3157,40,4392,689,27,36,45,86,374,222,692,1193,1211,326,61,543,544,26,78,13,11,8,110,923,341,2015,398,29,50,67,203,184,28,201,7,11,950,1166,18,79,5,66,59,595,2319,160,49,133,121,46,71,826,18,29,41,8,72,223,47,998,39,91,263,28,4896,5143,780,110,64,295,680,35,116,48,76,99,22,104,96,382,50,53,412,2,105,55,0,174,31,9,154,112,1814,18033,1139,18,3009,4382,270,3839,129,61,546,182,212,2,331,879,834,39,585,3468,164,2066,30,98,129,912,47,2311,149,581,294,89,293,47,6,3208,793,591,1735,616,1751,2732,209,482,316,115,560,3695,67,162,11,9,6,6,197,27,110,1124,492,73,454,3090,331,47,114,129,136,302,468,405,776,7,30,4,120,2,187,69,270,202,28,4,103,82,107,1576,753,4745,249,2807,3106,1614,2759,1512,3029,26,3017,3643,1221,1016,2788,2035,791,92,201,97,25,57,101,17,10,5,10,450,29,3446,1272,650,48,34150,4141,455,2961,1953,111,82,4395,2103,5879,205,4619,18,4348,9,43,140,44,33,84,29,403,247,5,58,107,49,85,49,252,149,78,27,495,292,207,349,124,36,75,70,27,26,45,67,125,615,140,33,220,241,223,1289,4208,562,223,417,164,97,64,64,94,65,28,905,44,87,519,36,136,41,440,106,98,47,96,83,42,93,239,239,85,78,67,222,158,77,83,110,409,3,5,38,51,54,37,1502,26,1011,2,49,15,675,79,778,729,765,1,256,9,21,207,454,6340,96,272,263,133,42,315,21,27,75,1792,733,430,146,8,24,15,2,3,65,165,292,56,408,57,46,146,4169,81,252,13175,74,553,111,528,1002,300,38,396,1441,82,93,97,42,36,35,4874,112,88,102,66,103,126,2622,8,1109,245,4,2856,775,2,24,671,96,0,679,78,235,17,357,114,2333,371,136,102,125,42,115,86,164,108,6,139,3,186,33,6,17,130,57,50,87,2039,100,1004,439,77,43,94,26,3870,90,1672,329,1335,131,35,301,4,3717,696,1198,5417,371,1399,37,41,38,130,144,137,61,186,926,89,2,105,124,2,3,380,430,2,193,22,2514,4564,3311,908,3734,454,120,6730,10066,1462,4313,7350,8730,13,21,77,74,26,99,155,37,41,63,693,0.0,0.0,0.0,0.0,0.0,0.0,0.0,0.0,0.0,0.0,0.0,0.0,0.0,0.0,0.0,0.0,0.0,0.0,0.0,0.0,0.0,0.0,0.0,0.0,0.0,0.0,0.0,0.0,0.0,0.0,0.0,0.0,0.0,0.0,0.0,0.0,0.0,0.0,0.0,0.0,0.0,0.0,0.0,0.0,0.0,0.0,0.0,0.0,0.0,0.0,0.0,0.0,0.0,0.0,0.0,0.0,0.0,0.0,0.0,0.0,0.0,0.0,0.0,0.0,0.0,0.0,0.0,0.0,0.0,0.0,0.0,0.0,0.0,0.0,0.0,0.0,0.0,0.0,0.0,0.0,0.0,0.0,0.0,0.0,0.0,0.0,0.0,0.0,0.0,0.0,0.0,0.0,0.0,0.0,0.0,0.0,0.0,0.0,0.0,0.0,0.0,0.0,0.0,0.0,0.0,0.0,0.0,0.0,0.0,0.0,0.0,0.0,0.0,0.0,0.0,0.0,0.0,0.0,0.0,0.0,0.0,0.0,0.0,0.0,0.0,0.0,0.0,0.0,0.0,0.0,0.0,0.0,0.0,0.0,0.0,0.0,0.0,0.0,0.0,0.0,0.0,0.0,0.0,0.0,0.0,0.0,0.0,0.0,0.0,0.0
ENCFF246LDW,0.15587947199901844,20001,108,3103,66451,224,45333,6971,409,117,221,293,3973,898,3955,18442,11919,1248,447,3283,3871,75,500,8,8,64,1356,145,4083,21122,3029,116,33,474,2958,3509,64,2755,22,2,6429,7514,48,388,54,24,807,6892,14313,27,663,1968,2176,255,93,3188,80,296,210,87,633,1891,906,20215,260,166,50,41,47648,41931,3358,1878,1103,2160,2849,170,2026,938,1187,1329,398,1737,1781,2344,652,1115,5367,10,1335,1132,17,584,119,52,887,1184,14190,125155,6401,114,16174,27584,3633,23160,1884,1034,2868,1020,1274,26,2318,4852,5594,155,4036,18238,1251,22751,85,434,781,5367,195,47233,1804,4037,1536,319,1518,97,35,17243,4674,140,52447,6559,6063,15747,25,5039,2894,1761,2966,60700,149,86,84,93,20,75,1886,504,231,7651,2393,181,3452,61578,2453,193,1966,571,423,2336,2612,2698,3020,27,59,11,1652,27,2040,880,608,203,15,3,739,596,1863,8304,4127,30767,2653,18991,23398,12792,44965,13332,26672,154,20252,26272,6495,6135,19579,13012,4364,809,31,1081,37,1118,1814,77,35,13,46,2630,101,44082,10196,4378,433,121557,32387,2869,17974,28278,759,333,30336,15423,59843,1278,24076,70,22741,19,309,466,3,470,1403,208,5120,2060,34,1183,1155,949,1582,675,3582,2049,50,190,6097,3741,1800,1541,2380,560,1231,1337,652,479,350,142,1895,4155,969,561,1472,3054,2700,7819,19110,122,3299,1884,1563,1344,1050,1055,1441,792,15,5451,792,1998,4148,516,1797,778,3817,2022,1622,1178,1532,132,754,618,3596,2797,1257,1401,1211,2112,1999,1719,1085,1755,4608,17,17,607,1202,353,748,9355,112,5752,10,100,111,5678,521,5015,5277,8969,85,2608,87,56,2059,2179,47681,338,1297,2606,919,26,3120,41,236,930,17893,5182,3736,1014,17,34,90,17,16,923,1383,1362,1000,2193,975,674,2470,78814,292,2288,70736,699,4922,1537,9378,311,2984,394,56,2521,1236,1716,1680,551,502,136,971,2031,1584,1738,595,1688,1900,20773,31,14288,1155,38,17395,5386,48,278,4143,750,29,7924,1147,693,98,4457,1576,44886,1756,274,951,1694,840,1290,1444,555,1044,38,367,20,2022,87,25,52,92,101,134,698,32717,458,8554,3135,590,461,574,369,19256,47,10491,1517,6072,962,130,1758,5,28709,5227,9473,35829,1189,27641,242,311,589,1408,675,1477,1162,1559,7235,1463,22,73,1710,47,43,2033,2167,9,53,54,17605,28861,24454,6362,23077,3102,372,44317,66614,11045,29605,49866,56298,128,58,1061,1046,323,1375,519,322,102,578,5488,0.0,0.0,0.0,0.0,0.0,0.0,0.0,0.0,0.0,0.0,0.0,0.0,0.0,0.0,0.0,0.0,0.0,0.0,0.0,0.0,0.0,0.0,0.0,0.0,0.0,0.0,0.0,0.0,0.0,0.0,0.0,0.0,0.0,0.0,0.0,0.0,0.0,0.0,0.0,0.0,0.0,0.0,0.0,0.0,0.0,0.0,0.0,0.0,0.0,0.0,0.0,0.0,0.0,0.0,0.0,0.0,0.0,0.0,0.0,0.0,0.0,0.0,0.0,0.0,0.0,0.0,0.0,0.0,0.0,0.0,0.0,0.0,0.0,0.0,0.0,0.0,0.0,0.0,0.0,0.0,0.0,0.0,0.0,0.0,0.0,0.0,0.0,0.0,0.0,0.0,0.0,0.0,0.0,0.0,0.0,0.0,0.0,0.0,0.0,0.0,0.0,0.0,0.0,0.0,0.0,0.0,0.0,0.0,0.0,0.0,0.0,0.0,0.0,0.0,0.0,0.0,0.0,0.0,0.0,0.0,0.0,0.0,0.0,0.0,0.0,0.0,0.0,0.0,0.0,0.0,0.0,0.0,0.0,0.0,0.0,0.0,0.0,0.0,0.0,0.0,0.0,0.0,0.0,0.0,0.0,0.0,0.0,0.0,0.0,0.0
ENCFF243MZN,0.15087681056272076,70355,178,4522,71371,525,181295,6911,387,206,165,332,3706,1479,5561,31918,24508,1854,554,3053,4038,69,493,38,32,44,1080,5003,3774,45692,2988,128,93,473,2673,2242,49,2426,16,4,6400,8115,89,410,86,35,724,6434,23900,468,658,1781,1802,263,188,3771,57,337,202,171,585,1807,413,12362,262,173,1399,89,37626,34240,3858,1617,985,2039,3485,161,1759,787,994,1278,318,1434,1550,2614,530,933,4620,12,1140,914,11,839,202,46,1053,1427,37154,140715,7017,104,18723,27986,3009,23839,1645,907,3156,1085,1289,22,2219,4771,5469,168,4110,26456,2076,34970,300,1525,1683,6015,765,70287,1747,4893,1906,344,1714,215,33,20189,7185,1950,37313,7290,7151,20924,220,4490,2619,1637,3038,31150,257,476,104,89,32,26,1629,426,390,7688,2575,274,3669,68693,4193,259,1651,1194,1211,2214,3532,3422,3430,38,106,38,1417,26,1762,851,958,138,17,11,661,518,1491,9029,4570,31797,2327,20561,24033,12821,37382,14723,28354,242,20584,25476,7271,6559,20210,13435,4549,830,558,356,43,939,1400,91,33,39,73,3326,75,51378,12042,7906,378,143677,30673,3368,18700,22280,777,366,31063,14586,50537,2437,26276,52,25550,23,293,690,20,393,1191,216,4697,2122,25,1083,1040,855,1295,611,3215,1805,99,144,5410,3344,1737,1795,2071,478,1077,1076,605,448,313,222,1676,4022,1048,492,1462,2840,2506,15350,45742,4041,3166,2614,1453,1110,889,854,1304,755,67,6384,692,1690,4374,436,1742,710,3603,1834,1429,999,1330,173,599,555,3206,2649,1160,1242,1076,2170,1954,1394,993,1458,4161,37,34,629,982,415,974,11619,225,7357,27,274,71,5299,559,6179,5678,5972,43,2361,57,44,1283,2327,67107,661,1487,2331,896,141,2624,58,233,979,16764,4227,4467,1151,92,217,64,35,59,838,1303,1608,909,3161,915,621,2079,97070,431,2052,82138,580,5158,1290,7680,5705,2674,376,1000,4862,1031,1381,1457,494,444,167,28586,1866,1336,1447,499,1571,1599,20700,21,12725,1122,49,19451,6006,17,345,4437,788,33,7394,1027,752,101,4053,1371,34558,3032,927,867,1493,717,1074,1195,791,731,17,605,21,2043,169,180,59,480,1778,335,1060,47062,1474,12281,5728,996,547,493,191,21860,174,10623,1728,7184,1095,108,2127,15,25018,4635,8404,32501,1121,17483,191,236,524,1252,622,1287,1115,1489,7766,1299,17,299,1530,32,31,2556,2550,18,341,62,18328,28652,23602,5753,21824,3104,306,70389,64326,11463,28989,49486,54875,207,98,911,906,307,1247,569,254,162,588,5753,0.0,0.0,0.0,0.0,0.0,0.0,0.0,0.0,0.0,0.0,0.0,0.0,0.0,0.0,0.0,0.0,0.0,0.0,0.0,0.0,0.0,0.0,0.0,0.0,0.0,0.0,0.0,0.0,0.0,0.0,0.0,0.0,0.0,0.0,0.0,0.0,0.0,0.0,0.0,0.0,0.0,0.0,0.0,0.0,0.0,0.0,0.0,0.0,0.0,0.0,0.0,0.0,0.0,0.0,0.0,0.0,0.0,0.0,0.0,0.0,0.0,0.0,0.0,0.0,0.0,0.0,0.0,0.0,0.0,0.0,0.0,0.0,0.0,0.0,0.0,0.0,0.0,0.0,0.0,0.0,0.0,0.0,0.0,0.0,0.0,0.0,0.0,0.0,0.0,0.0,0.0,0.0,0.0,0.0,0.0,0.0,0.0,0.0,0.0,0.0,0.0,0.0,0.0,0.0,0.0,0.0,0.0,0.0,0.0,0.0,0.0,0.0,0.0,0.0,0.0,0.0,0.0,0.0,0.0,0.0,0.0,0.0,0.0,0.0,0.0,0.0,0.0,0.0,0.0,0.0,0.0,0.0,0.0,0.0,0.0,0.0,0.0,0.0,0.0,0.0,0.0,0.0,0.0,0.0,0.0,0.0,0.0,0.0,0.0,0.0
ENCFF000CSA,0.1509269593294402,16413,69,2066,12351,254,36594,3131,97,214,137,270,1768,1723,3355,4725,10854,1570,291,2566,4080,77,323,46,37,27,547,13,1767,10693,2455,129,79,259,1162,921,8,1172,71,2,4548,5752,20,488,20,23,364,3108,3652,9,216,765,713,300,215,3047,97,194,210,92,509,728,119,5016,104,157,9,14,21895,31533,3320,584,363,497,2320,133,666,235,405,461,106,492,601,2135,219,281,1844,10,479,205,16,663,101,16,2511,594,5725,107009,5861,67,17436,23116,1519,25737,2042,276,3628,1762,2243,23,1770,3917,3934,144,2733,18984,1121,11719,151,653,840,4961,324,13058,599,3605,1513,545,1609,191,168,14314,9950,32,12500,3311,4864,15620,9,2578,1114,689,2208,14046,217,103,38,54,15,22,1175,185,236,6036,2368,357,2038,12050,1249,200,558,616,592,1428,1951,1767,3882,60,143,21,569,15,939,307,3279,11118,8,3,276,574,485,14805,3799,23885,1151,17579,23984,7517,10517,8029,17601,125,17196,19760,4856,4528,16032,9595,2933,493,25,395,27,324,428,107,128,10,63,2200,169,10822,5793,4882,219,105023,22133,1363,13284,9532,761,4780,19002,8703,27353,1522,23764,96,22952,52,397,375,33,113,529,179,1873,1190,9,306,448,264,496,169,1298,761,90,137,2479,1685,1044,1630,651,209,296,416,180,152,99,248,614,2788,682,163,2203,1221,1015,3664,6830,50,1122,2310,596,507,349,329,469,289,46,3532,204,420,2655,218,834,176,2053,566,530,344,484,43,210,307,1114,1239,442,490,343,1231,803,359,399,592,1943,6,10,190,286,364,550,8956,106,5420,9,272,73,4281,434,3757,4508,3568,35,1769,109,104,804,2234,31692,319,1009,1054,465,6,1489,68,443,345,13205,3166,1551,914,50,55,60,7,45,343,441,1144,354,1478,251,230,494,16843,130,1014,78534,304,9189,530,2860,104,1259,102,14,1568,418,537,550,218,211,107,267,641,476,531,305,600,728,14736,112,5407,1257,51,13923,3726,22,147,5024,307,58,3110,399,588,169,1952,616,5835,888,229,308,559,203,771,407,612,182,22,507,14,1171,41,174,113,227,156,346,349,11133,752,3532,2277,432,172,1290,226,27910,47,7489,777,7680,731,208,1389,8,19283,8982,6214,24557,1156,6372,156,105,185,388,160,597,374,765,2274,515,30,58,533,13,13,2439,2142,11,78,101,11420,17985,16154,3395,17767,2696,131,30012,49226,8496,19508,39809,43282,140,76,348,324,79,413,795,148,220,437,4087,0.0,0.0,0.0,0.0,0.0,0.0,0.0,0.0,0.0,0.0,0.0,0.0,0.0,0.0,0.0,0.0,0.0,0.0,0.0,0.0,0.0,0.0,0.0,0.0,0.0,0.0,0.0,0.0,0.0,0.0,0.0,0.0,0.0,0.0,0.0,0.0,0.0,0.0,0.0,0.0,0.0,0.0,0.0,0.0,0.0,0.0,0.0,0.0,0.0,0.0,0.0,0.0,0.0,0.0,0.0,0.0,0.0,0.0,0.0,0.0,0.0,0.0,0.0,0.0,0.0,0.0,0.0,0.0,0.0,0.0,0.0,0.0,0.0,0.0,0.0,0.0,0.0,0.0,0.0,0.0,0.0,0.0,0.0,0.0,0.0,0.0,0.0,0.0,0.0,0.0,0.0,0.0,0.0,0.0,0.0,0.0,0.0,0.0,0.0,0.0,0.0,0.0,0.0,0.0,0.0,0.0,0.0,0.0,0.0,0.0,0.0,0.0,0.0,0.0,0.0,0.0,0.0,0.0,0.0,0.0,0.0,0.0,0.0,0.0,0.0,0.0,0.0,0.0,0.0,0.0,0.0,0.0,0.0,0.0,0.0,0.0,0.0,0.0,0.0,0.0,0.0,0.0,0.0,0.0,0.0,0.0,0.0,0.0,0.0,0.0
ENCFF106HFE,0.1520364417449116,68512,179,2102,61572,490,159459,7065,305,235,218,470,3796,1272,5926,35439,20872,1933,555,4368,4567,104,504,39,65,53,1344,4757,3432,29489,3188,134,91,468,2414,2113,37,2243,13,5,6718,8217,31,338,11,35,755,5974,26829,430,779,1537,1712,248,172,4437,80,346,349,146,663,1520,365,14122,335,203,1363,60,41688,47683,4370,1401,844,2083,3706,185,1582,708,897,964,245,1268,1457,2428,452,873,4291,4,1034,876,11,680,103,19,912,1237,26854,140520,7410,116,20108,31593,2940,26913,1453,819,3450,1134,1476,19,2902,5917,6818,141,4231,27751,1458,32895,196,964,1284,5839,457,57063,1643,5049,1797,257,1836,133,1203,20907,5256,1838,22974,6246,9211,22072,196,4883,4432,1441,3381,62504,533,423,112,68,23,14,1623,316,236,9114,3166,287,3685,57464,3152,239,1454,1068,630,2376,3582,3512,4332,40,57,23,1351,16,1609,738,865,89,4,9,599,473,1365,10295,4989,33653,2667,20729,30848,14258,37893,13475,25463,162,21053,26281,7662,7625,20924,15912,4670,1041,650,1030,38,821,1368,69,25,15,51,3657,84,46283,10492,5279,290,189314,37115,3930,22061,22683,906,464,32933,17913,55826,4201,38291,162,38572,12,256,652,20,354,1107,262,4571,2186,28,888,904,745,1223,535,2976,1679,178,158,5294,3319,1711,2271,1876,463,986,930,537,392,271,249,1470,4388,1403,419,1335,2672,2059,9942,37383,3851,2707,2718,1311,1046,840,747,1143,644,40,6225,617,1549,4379,401,1765,638,3698,1659,1206,964,1108,151,532,532,2949,2451,966,1033,999,2173,1772,1311,815,1373,3889,26,24,503,901,491,282,12261,126,7350,22,296,61,5263,601,6053,6259,7866,21,2285,55,43,2231,2773,82282,676,1634,2332,966,181,2538,50,217,1141,16675,6378,3297,1201,58,161,76,18,37,762,3530,1978,860,3320,756,521,1535,70956,369,1942,88475,510,4968,1173,6837,5137,2486,334,770,4649,993,1265,1344,434,402,182,28670,1587,1249,1268,677,1284,1496,20593,23,13071,1237,28,21760,6843,102,300,6959,874,37,7440,892,892,127,3877,1207,20595,2755,850,795,1324,613,1023,1040,904,1008,8,702,31,1967,162,80,73,392,261,183,538,48993,1114,9732,4874,816,639,748,261,23646,167,11954,1584,8567,1136,81,2185,8,31150,5903,9823,37898,2012,20748,175,372,406,1124,547,1174,981,1320,9172,1235,25,185,1367,37,21,2602,2755,8,397,55,19749,31234,25212,6370,24618,3228,419,68331,67193,11560,32013,53936,59868,192,68,843,773,290,1093,625,374,209,644,5885,0.0,0.0,0.0,0.0,0.0,0.0,0.0,0.0,0.0,0.0,0.0,0.0,0.0,0.0,0.0,0.0,0.0,0.0,0.0,0.0,0.0,0.0,0.0,0.0,0.0,0.0,0.0,0.0,0.0,0.0,0.0,0.0,0.0,0.0,0.0,0.0,0.0,0.0,0.0,0.0,0.0,0.0,0.0,0.0,0.0,0.0,0.0,0.0,0.0,0.0,0.0,0.0,0.0,0.0,0.0,0.0,0.0,0.0,0.0,0.0,0.0,0.0,0.0,0.0,0.0,0.0,0.0,0.0,0.0,0.0,0.0,0.0,0.0,0.0,0.0,0.0,0.0,0.0,0.0,0.0,0.0,0.0,0.0,0.0,0.0,0.0,0.0,0.0,0.0,0.0,0.0,0.0,0.0,0.0,0.0,0.0,0.0,0.0,0.0,0.0,0.0,0.0,0.0,0.0,0.0,0.0,0.0,0.0,0.0,0.0,0.0,0.0,0.0,0.0,0.0,0.0,0.0,0.0,0.0,0.0,0.0,0.0,0.0,0.0,0.0,0.0,0.0,0.0,0.0,0.0,0.0,0.0,0.0,0.0,0.0,0.0,0.0,0.0,0.0,0.0,0.0,0.0,0.0,0.0,0.0,0.0,0.0,0.0,0.0,0.0
ENCFF085NFE,0.15887779315514855,54840,142,1386,43464,566,179765,8059,509,465,219,653,5262,3450,10316,20054,44217,2542,1151,7878,4587,98,678,23,128,139,1818,2489,4206,31026,3989,154,53,566,3190,2933,24,3575,69,6,8020,8648,117,292,149,31,850,7655,24324,170,1211,2113,2307,183,332,4662,145,375,369,338,1375,3310,497,17720,615,460,659,319,47158,44699,4913,2031,1212,2549,4989,85,2223,1049,1194,1430,380,1846,2296,2704,710,1134,5698,66,1386,1250,70,1220,914,234,1883,1022,14411,149036,7226,153,20306,32629,4348,27539,2264,1230,3636,1769,2296,100,3474,6890,7573,420,5043,30875,3041,52081,325,1560,1195,6283,610,88949,1836,5301,2037,473,1808,248,130,24494,9949,1133,27248,11730,10489,22472,98,5294,10768,1880,3108,43414,333,250,136,92,45,53,1736,461,946,8887,3107,271,3518,42815,2807,260,2322,2225,1352,2665,4068,3700,5328,153,361,127,1723,141,2015,895,723,271,15,11,657,455,2078,10170,5242,37689,3100,27561,36961,12866,35894,15394,28340,431,23435,30317,8180,8489,24307,16676,5035,1206,155,1221,21,1217,2026,219,104,56,133,3365,311,62161,10704,25566,3058,228556,38651,4020,24964,34187,1165,447,34889,18280,58985,3630,33480,67,31667,48,190,853,117,559,1522,290,5608,2030,68,1110,1060,1086,1723,879,4071,1992,117,164,6008,4308,2149,2425,2518,541,1506,1379,781,452,407,245,1668,5067,1167,582,1673,3953,2660,11362,45398,2344,3606,2993,1817,1391,1139,1038,1514,835,54,8423,943,2492,5438,533,2241,902,4668,2760,1792,1522,1529,180,710,596,4171,2923,1552,1321,1218,2506,2537,1704,1080,1738,4027,36,56,753,1414,810,522,13055,636,8825,51,240,100,5762,718,7338,6103,8494,101,2655,453,83,1978,2720,113842,496,1825,3312,1072,36,3031,70,981,1463,21327,10233,8848,1588,397,531,337,49,318,1020,1513,2191,1390,3582,990,762,2490,87263,234,2599,91712,637,6121,1648,9603,2953,2720,455,572,3538,1345,1874,1851,537,428,122,25541,2518,1710,1772,545,1779,1989,25769,179,16040,1466,90,24936,7257,25,402,4917,1189,229,8458,1191,910,218,5179,1603,32569,1997,543,1215,1782,1052,1168,1472,860,429,169,1188,105,2506,429,170,138,167,757,570,1371,32949,1624,8261,4704,842,767,1270,655,24376,172,10620,1721,8381,1773,84,2270,14,31920,5539,9965,36281,1656,28404,173,665,714,1652,955,1610,1290,1594,13933,1561,26,156,1672,67,244,3080,2736,4,140,281,22896,31330,26319,6972,26706,4031,853,61037,73859,12207,30741,56765,66606,528,79,1171,1066,562,1444,745,377,242,734,6096,0.0,0.0,0.0,0.0,0.0,0.0,0.0,0.0,0.0,0.0,0.0,0.0,0.0,0.0,0.0,0.0,0.0,0.0,0.0,0.0,0.0,0.0,0.0,0.0,0.0,0.0,0.0,0.0,0.0,0.0,0.0,0.0,0.0,0.0,0.0,0.0,0.0,0.0,0.0,0.0,0.0,0.0,0.0,0.0,0.0,0.0,0.0,0.0,0.0,0.0,0.0,0.0,0.0,0.0,0.0,0.0,0.0,0.0,0.0,0.0,0.0,0.0,0.0,0.0,0.0,0.0,0.0,0.0,0.0,0.0,0.0,0.0,0.0,0.0,0.0,0.0,0.0,0.0,0.0,0.0,0.0,0.0,0.0,0.0,0.0,0.0,0.0,0.0,0.0,0.0,0.0,0.0,0.0,0.0,0.0,0.0,0.0,0.0,0.0,0.0,0.0,0.0,0.0,0.0,0.0,0.0,0.0,0.0,0.0,0.0,0.0,0.0,0.0,0.0,0.0,0.0,0.0,0.0,0.0,0.0,0.0,0.0,0.0,0.0,0.0,0.0,0.0,0.0,0.0,0.0,0.0,0.0,0.0,0.0,0.0,0.0,0.0,0.0,0.0,0.0,0.0,0.0,0.0,0.0,0.0,0.0,0.0,0.0,0.0,0.0
ENCFF002EHJ,0.16344968422903547,1461730,395,3673,52818,540,172931,12272,707,308,257,712,6584,2143,7738,34983,24904,2675,956,8847,7313,174,913,47,103,91,2307,172952,6550,44413,5887,177,112,767,4408,3977,56,4569,47,8,10325,12702,127,384,115,72,1146,10827,34794,8039,1322,3245,3222,262,280,6691,144,466,263,214,1221,3465,859,20820,1052,502,46300,199,62280,61798,6458,2705,1622,4150,6734,105,3081,1451,1544,1940,632,2775,2757,3551,883,1687,8038,27,1922,1818,33,1383,1164,104,1969,1635,29887,205453,11462,180,30249,47102,6136,40340,2991,1434,4549,1790,2279,37,4691,9395,10095,155,6652,45783,2168,60793,223,1346,1729,9163,617,97404,2728,7565,3073,449,2775,271,66,33614,6894,50672,36019,10585,13619,34084,15376,7520,9932,2498,7298,59351,433,7379,80,84,68,37,2385,642,749,13751,4623,368,6086,54332,4112,336,2917,1481,925,3751,5031,4896,7949,94,111,124,2272,64,2939,1297,1243,113,23,19,1026,718,2790,15559,7314,56644,4458,30760,43920,20745,49640,23890,42464,226,34227,43867,11885,12687,36138,23132,6696,1528,8048,1491,66,1845,2832,185,57,37,193,5172,115,78063,14674,8239,618,273764,55456,12420,32428,32935,1189,664,49057,25008,80166,2841,48546,139,44328,78,361,1045,44,783,1976,441,8974,3030,47,1680,1599,1389,2495,1243,5347,2693,401,280,8647,6069,3028,4004,3768,736,2073,1973,1089,712,477,472,2372,7242,1815,979,2358,5061,3760,16417,86415,141372,5101,4675,2407,1923,1449,1460,2054,1369,171,10683,1266,3768,7584,760,3081,1323,6622,3738,2380,2191,2203,515,1002,935,5600,4360,2179,1898,1822,3671,3609,2663,1415,2643,6519,48,57,1055,1787,703,716,16893,231,12097,44,295,110,7748,835,9515,8756,12182,41,3731,137,67,2320,4312,105804,8516,2505,4609,1587,651,4370,226,722,1959,30061,11041,7677,1731,94,180,106,33,58,1456,2113,3225,1676,6681,1494,936,2662,76550,2472,3715,135603,969,8206,2281,13641,168291,4365,613,23089,49623,1753,2296,2503,822,567,181,1087019,3363,2376,2233,1017,2339,2714,33642,39,24484,1583,39,35988,13603,33,606,7255,1283,57,12703,1648,1492,175,6958,2273,29403,3475,23363,1737,2370,1382,1628,2174,1347,1505,33,1326,94,3489,146,136,84,10504,707,277,1271,45508,1300,12769,6125,940,921,914,374,34630,8175,17345,4549,11771,1599,81,3079,9,48016,9256,15771,59142,3008,26840,250,429,873,2447,1326,2109,1844,2318,10916,2101,20,336,2367,51,82,3544,3696,6,7211,157,33897,57183,45688,11541,40113,6172,936,91468,121373,18245,53948,96874,102501,236,111,1570,1462,638,2071,944,466,245,1129,9102,0.0,0.0,0.0,0.0,0.0,0.0,0.0,0.0,0.0,0.0,0.0,0.0,0.0,0.0,0.0,0.0,0.0,0.0,0.0,0.0,0.0,0.0,0.0,0.0,0.0,0.0,0.0,0.0,0.0,0.0,0.0,0.0,0.0,0.0,0.0,0.0,0.0,0.0,0.0,0.0,0.0,0.0,0.0,0.0,0.0,0.0,0.0,0.0,0.0,0.0,0.0,0.0,0.0,0.0,0.0,0.0,0.0,0.0,0.0,0.0,0.0,0.0,0.0,0.0,0.0,0.0,0.0,0.0,0.0,0.0,0.0,0.0,0.0,0.0,0.0,0.0,0.0,0.0,0.0,0.0,0.0,0.0,0.0,0.0,0.0,0.0,0.0,0.0,0.0,0.0,0.0,0.0,0.0,0.0,0.0,0.0,0.0,0.0,0.0,0.0,0.0,0.0,0.0,0.0,0.0,0.0,0.0,0.0,0.0,0.0,0.0,0.0,0.0,0.0,0.0,0.0,0.0,0.0,0.0,0.0,0.0,0.0,0.0,0.0,0.0,0.0,0.0,0.0,0.0,0.0,0.0,0.0,0.0,0.0,0.0,0.0,0.0,0.0,0.0,0.0,0.0,0.0,0.0,0.0,0.0,0.0,0.0,0.0,0.0,0.0
ENCFF001RVS,0.06096194459615345,1326428,4560,9702,209,0,2844,882,38,48,34,23361,221,270,132,5,0,1130,174,6081,1023,43,262,1,0,0,68,122906,648,56,2267,60,13,93,222,129,2,210,0,0,1577,3033,0,33,0,911,90,826,11,4894,157,216,105,162,34,198378,2,72,18,0,432,127,0,0,0,0,22614,0,7901,82658,34619,103,70,472,6075,18,118,48,79,82,25,127,82,927,27,36,400,0,62,84,0,265,5304,0,1985,30,1,127274,3278,7,428886,10033,258,9238,132,55,2366,345,741,0,206376,32182,2679,17,827,29880,27,2098,0,0,33,2010,0,29,60,1393,638,25,516,48,2,13025,279,51201,24,125,4614,148469,1909,961,235,84,806,253,0,36636,0,30,2,1,620,139,72,1953,1521,57,630,162,61,102,135,34,34,454,1075,985,13282,0,0,0,65,0,186,44,10656,8,0,0,32,52,123,11557,3044,22836,764,3195,5544,7310,1375,4395,7847,27,7816,8478,8308,6522,56997,133413,1075,139,887,20,10,96,230,36,0,0,0,6780,0,1818,934,0,0,254894,5967,971,8537,135,250,2384,6157,2794,3472,18,19991,1,13617,7,24,837,0,32,84,166,545,982,0,43,55,70,94,77,260,102,3744,18,1133,654,426,5019,127,28,99,61,38,32,29,444,101,679,134,32,293,326,134,298,155,261047,338,20722,228,48,53,71,63,35,404,2460,81,139,1436,24,423,56,722,117,76,53,71,23,88,106,251,145,63,79,90,11861,338,112,36,88,427,5,61,43,62,97,0,7216,0,5381,30,39,7,1270,149,13216,1401,1555,0,599,2,1,152,1431,64238,4093,741,8568,576,0,197,7,1,464,5096,6136,403,385,9,29,1,0,0,85,0,1543,51,1481,45,48,61,57,1088,269,67890,52,1542,70,813,106352,272,51,2577,42081,67,152,136,75,22,42,455126,141,102,73,79,88,107,7914,21,3484,500,0,180624,9267,0,177,1060,233,0,795,61,96,84,923,103,113,47,16987,67,108,77,129,78,506,24,0,586,0,325,0,0,15,16228,6,0,46,242,0,487,123,16,108,101,0,16466,14757,6035,128,3395,348,1,893,0,53086,900,1364,118129,101,258,11,0,36,134,526,82,69,91,13,99,0,46,74,0,0,1656,1003,92,9947,2,6485,15678,16413,955,6878,1585,79,10215,57397,4320,13879,59410,22466,27,25,68,56,42,61,154,29,115,115,1293,0.0,0.0,0.0,0.0,0.0,0.0,0.0,0.0,0.0,0.0,0.0,0.0,0.0,0.0,0.0,0.0,0.0,0.0,0.0,0.0,0.0,0.0,0.0,0.0,0.0,0.0,0.0,0.0,0.0,0.0,0.0,0.0,0.0,0.0,0.0,0.0,0.0,0.0,0.0,0.0,0.0,0.0,0.0,0.0,0.0,0.0,0.0,0.0,0.0,0.0,0.0,0.0,0.0,0.0,0.0,0.0,0.0,0.0,0.0,0.0,0.0,0.0,0.0,0.0,0.0,0.0,0.0,0.0,0.0,0.0,0.0,0.0,0.0,0.0,0.0,0.0,0.0,0.0,0.0,0.0,0.0,0.0,0.0,0.0,0.0,0.0,0.0,0.0,0.0,0.0,0.0,0.0,0.0,0.0,0.0,0.0,0.0,0.0,0.0,0.0,0.0,0.0,0.0,0.0,0.0,0.0,0.0,0.0,0.0,0.0,0.0,0.0,0.0,0.0,0.0,0.0,0.0,0.0,0.0,0.0,0.0,0.0,0.0,0.0,0.0,0.0,0.0,0.0,0.0,0.0,0.0,0.0,0.0,0.0,0.0,0.0,0.0,0.0,0.0,0.0,0.0,0.0,0.0,0.0,0.0,0.0,0.0,0.0,0.0,0.0
ENCFF000ZDT,0.07914738251520351,3779,22,259,3044,64,7137,492,26,35,21,56,211,251,440,1577,1818,232,36,364,453,19,65,10,5,7,57,129,246,1699,297,28,20,36,140,118,5,135,1,1,616,911,2,46,3,8,46,427,1645,24,59,68,84,42,30,571,18,28,49,14,59,127,16,744,16,30,52,7,3458,4047,544,72,49,106,504,27,82,42,62,61,16,71,91,268,44,42,272,1,69,45,0,95,13,0,101,82,1276,13763,849,6,2506,3357,184,2868,266,39,367,117,108,5,214,620,633,9,382,2629,175,2040,46,210,177,652,84,2663,96,545,228,65,246,27,19,2369,755,103,1072,507,1097,2312,36,323,209,93,315,3235,40,32,8,6,2,0,149,16,54,830,394,52,380,3131,308,41,87,106,60,239,404,408,459,6,7,1,66,0,126,47,276,1371,0,0,42,64,78,1222,583,3505,143,2093,2587,1185,2394,1013,2122,8,2131,2423,863,779,1780,1522,477,63,29,47,3,52,61,18,4,1,6,343,25,2659,934,488,17,16180,2862,298,2242,1316,76,75,3048,1496,4093,430,3962,15,4149,5,29,68,16,22,55,21,265,148,4,41,85,45,50,28,181,104,28,16,314,249,143,236,86,19,39,42,27,31,26,39,88,333,95,28,138,176,144,830,1655,90,164,272,104,64,53,50,72,43,6,565,34,61,442,23,118,47,272,86,74,47,68,26,42,41,186,163,60,72,52,203,102,56,65,57,257,2,6,31,37,46,16,1250,10,769,3,52,5,493,78,556,576,580,0,213,8,22,114,334,4636,53,179,145,97,8,164,14,18,50,1027,477,223,109,4,18,10,0,7,55,115,226,44,325,40,42,118,3977,39,161,9889,36,470,57,351,153,200,19,40,366,68,59,68,38,30,25,607,87,53,65,43,84,97,1991,8,792,209,2,2315,608,2,23,522,51,6,501,50,127,25,232,81,1157,232,53,78,76,44,77,47,124,47,0,96,4,150,7,7,16,37,41,48,43,3017,179,711,463,122,36,68,30,3132,21,1255,128,1102,111,29,270,2,2262,487,765,3250,159,926,19,18,28,65,47,62,46,114,585,64,2,38,100,5,4,361,360,0,25,18,1930,2882,2205,528,2746,333,25,5301,6603,962,2888,5018,6224,21,19,69,62,23,70,119,27,37,48,561,0.0,0.0,0.0,0.0,0.0,0.0,0.0,0.0,0.0,0.0,0.0,0.0,0.0,0.0,0.0,0.0,0.0,0.0,0.0,0.0,0.0,0.0,0.0,0.0,0.0,0.0,0.0,0.0,0.0,0.0,0.0,0.0,0.0,0.0,0.0,0.0,0.0,0.0,0.0,0.0,0.0,0.0,0.0,0.0,0.0,0.0,0.0,0.0,0.0,0.0,0.0,0.0,0.0,0.0,0.0,0.0,0.0,0.0,0.0,0.0,0.0,0.0,0.0,0.0,0.0,0.0,0.0,0.0,0.0,0.0,0.0,0.0,0.0,0.0,0.0,0.0,0.0,0.0,0.0,0.0,0.0,0.0,0.0,0.0,0.0,0.0,0.0,0.0,0.0,0.0,0.0,0.0,0.0,0.0,0.0,0.0,0.0,0.0,0.0,0.0,0.0,0.0,0.0,0.0,0.0,0.0,0.0,0.0,0.0,0.0,0.0,0.0,0.0,0.0,0.0,0.0,0.0,0.0,0.0,0.0,0.0,0.0,0.0,0.0,0.0,0.0,0.0,0.0,0.0,0.0,0.0,0.0,0.0,0.0,0.0,0.0,0.0,0.0,0.0,0.0,0.0,0.0,0.0,0.0,0.0,0.0,0.0,0.0,0.0,0.0
ENCFF761GFN,0.16586837835570564,51455,230,3888,36595,916,73936,6770,267,477,248,516,3088,4149,9430,19645,21949,3533,384,4984,6547,162,594,82,49,45,740,1654,3309,49781,3380,319,256,466,1804,1551,85,1825,23,10,8033,10657,59,641,33,40,616,5650,25936,235,445,1012,1446,421,297,7232,152,295,398,128,777,1488,371,15427,570,477,447,32,53456,54291,8694,1014,757,1275,7178,235,1299,446,802,928,236,1015,1233,3800,377,470,3415,21,868,453,17,1216,156,16,1529,1446,21397,168193,10504,109,28523,40163,2336,34689,1134,633,5145,1716,1791,12,3077,7374,7529,110,4504,38233,3319,40188,925,3576,3169,9618,1736,60086,1595,6496,3176,825,2609,369,164,28858,13074,1299,28148,8936,13407,27293,418,4577,2427,1205,3397,57849,460,451,90,126,37,33,1962,278,514,11576,4585,607,4728,39040,3385,413,1099,1094,860,2752,5375,4778,5251,69,126,38,997,38,1794,550,1268,106,33,17,555,794,1007,18177,7111,46682,2458,30869,35561,15821,46109,14246,29197,233,29185,35051,12128,10283,24985,18844,6106,954,387,919,75,518,920,170,113,38,117,4007,352,59523,13683,11527,478,184694,38513,3859,28602,27083,1079,656,42738,19801,62528,5609,45273,281,43742,56,340,746,109,238,1000,327,3577,2124,16,608,917,588,924,389,2435,1469,530,225,4473,2933,1764,3381,1129,362,563,775,354,354,244,794,1087,5770,1424,399,1685,2246,2170,10305,34941,1238,2139,3720,1274,894,691,659,970,533,346,7913,423,690,4983,364,1520,337,4158,996,998,595,942,272,414,696,2373,2457,833,887,690,2415,1425,588,769,869,3905,24,28,402,586,644,216,13396,80,10053,11,581,60,5802,806,7227,6721,6948,26,2652,118,231,1491,3264,71688,633,2226,2482,1028,120,2817,149,129,532,15038,5749,2774,1127,46,233,131,18,38,686,1111,2318,564,4037,466,420,1363,47146,422,1962,126673,567,5186,985,4957,2017,2569,280,979,5282,763,1004,1095,333,397,241,9721,1174,986,1075,515,1081,1269,24040,101,9604,2337,19,27084,7126,74,239,6980,917,68,6386,810,1510,303,3146,1125,23674,4003,774,734,1072,369,1132,826,1640,915,25,1220,34,1840,183,28,389,562,179,849,811,26041,2792,9693,7112,1690,601,996,127,34313,230,13615,1723,12125,1241,345,2769,37,30008,5827,10415,44498,3757,20086,282,177,333,800,411,1119,772,1528,7744,1038,39,317,978,23,22,3918,3666,15,372,211,23603,45321,32101,8195,35954,3941,325,76464,93187,14198,44894,66774,80387,261,203,707,628,194,810,1421,283,361,628,6776,0.0,0.0,0.0,0.0,0.0,0.0,0.0,0.0,0.0,0.0,0.0,0.0,0.0,0.0,0.0,0.0,0.0,0.0,0.0,0.0,0.0,0.0,0.0,0.0,0.0,0.0,0.0,0.0,0.0,0.0,0.0,0.0,0.0,0.0,0.0,0.0,0.0,0.0,0.0,0.0,0.0,0.0,0.0,0.0,0.0,0.0,0.0,0.0,0.0,0.0,0.0,0.0,0.0,0.0,0.0,0.0,0.0,0.0,0.0,0.0,0.0,0.0,0.0,0.0,0.0,0.0,0.0,0.0,0.0,0.0,0.0,0.0,0.0,0.0,0.0,0.0,0.0,0.0,0.0,0.0,0.0,0.0,0.0,0.0,0.0,0.0,0.0,0.0,0.0,0.0,0.0,0.0,0.0,0.0,0.0,0.0,0.0,0.0,0.0,0.0,0.0,0.0,0.0,0.0,0.0,0.0,0.0,0.0,0.0,0.0,0.0,0.0,0.0,0.0,0.0,0.0,0.0,0.0,0.0,0.0,0.0,0.0,0.0,0.0,0.0,0.0,0.0,0.0,0.0,0.0,0.0,0.0,0.0,0.0,0.0,0.0,0.0,0.0,0.0,0.0,0.0,0.0,0.0,0.0,0.0,0.0,0.0,0.0,0.0,0.0
ENCFF002EJW,0.1273672017570342,81342,262,3039,44812,524,158955,11938,639,295,229,609,5523,1947,6468,28461,23676,2170,988,8541,6106,164,856,37,183,105,2056,5718,5478,36675,5186,163,56,636,3922,3474,28,4246,47,14,8968,10834,99,431,144,59,966,9565,28784,258,1221,2850,2723,240,271,6076,142,414,223,257,1165,3267,756,17177,660,470,1292,163,51518,50942,5763,2355,1361,3303,6224,78,2656,1265,1410,1675,559,2314,2434,3212,876,1501,6849,42,1607,1490,31,1314,1361,116,1559,1428,23121,177019,9817,136,26048,40532,5439,34500,2649,1423,4166,1614,1940,46,4388,8545,9049,154,5653,39361,1865,53493,229,1138,1507,8080,546,83723,2376,6501,2606,393,2422,302,90,30718,5675,2343,31823,8887,12769,29947,629,6218,10039,2310,4022,49633,426,497,82,109,87,42,2072,605,639,11581,3989,340,5818,45255,3387,258,2842,1987,1218,3237,4308,4521,7257,92,157,117,2101,52,2476,1133,1387,80,16,25,853,610,2370,13858,6562,44658,3972,26037,38506,16882,39977,20406,35844,204,30031,38940,10525,10878,31913,20242,6337,1242,356,1525,26,1520,2363,176,66,56,76,4320,114,66604,11991,7134,583,240201,47152,4938,27228,26571,1296,595,40735,21135,66272,2243,43513,106,39494,62,319,903,38,722,1733,452,7553,2923,59,1416,1325,1190,2115,1070,4799,2448,513,254,7840,5427,2675,3922,3354,663,1914,1652,1022,584,433,424,2171,6425,1505,788,2075,4674,3388,13395,48905,4397,4476,4124,2086,1599,1351,1321,1793,1023,188,10843,1064,3249,7111,678,2774,1136,5555,3299,2075,1826,1999,471,876,821,4972,3581,1846,1637,1562,3268,3000,2314,1314,2358,5555,59,54,851,1708,759,758,15131,278,11046,39,232,141,6848,639,9072,7686,10561,59,3408,152,43,2187,3760,84868,646,2349,3928,1377,42,3836,245,879,1727,26974,10684,6587,1645,143,227,80,36,88,1181,2116,2833,1487,5785,1323,867,2260,65522,249,3134,114773,787,7453,1863,12362,6117,3815,534,791,4806,1533,2152,2279,661,552,119,37074,3051,2042,2077,808,2086,2347,30470,60,20925,1541,58,32446,12102,23,443,6210,1329,92,10800,1466,1447,212,6184,2081,24203,2610,1039,1549,2099,1282,1488,1809,1447,1356,54,1221,91,3128,181,77,111,351,879,279,1178,39026,1292,10579,5234,778,814,781,405,31424,362,15176,2196,10259,1570,78,2824,8,43948,8322,14923,53863,1678,22783,198,515,809,2002,1108,1898,1661,2100,10757,1866,27,130,2125,55,90,3111,3181,11,302,180,30738,46895,38710,9559,35325,5515,792,75746,103896,15209,45083,81588,89554,207,83,1321,1261,587,1752,880,418,256,957,7799,0.0,0.0,0.0,0.0,0.0,0.0,0.0,0.0,0.0,0.0,0.0,0.0,0.0,0.0,0.0,0.0,0.0,0.0,0.0,0.0,0.0,0.0,0.0,0.0,0.0,0.0,0.0,0.0,0.0,0.0,0.0,0.0,0.0,0.0,0.0,0.0,0.0,0.0,0.0,0.0,0.0,0.0,0.0,0.0,0.0,0.0,0.0,0.0,0.0,0.0,0.0,0.0,0.0,0.0,0.0,0.0,0.0,0.0,0.0,0.0,0.0,0.0,0.0,0.0,0.0,0.0,0.0,0.0,0.0,0.0,0.0,0.0,0.0,0.0,0.0,0.0,0.0,0.0,0.0,0.0,0.0,0.0,0.0,0.0,0.0,0.0,0.0,0.0,0.0,0.0,0.0,0.0,0.0,0.0,0.0,0.0,0.0,0.0,0.0,0.0,0.0,0.0,0.0,0.0,0.0,0.0,0.0,0.0,0.0,0.0,0.0,0.0,0.0,0.0,0.0,0.0,0.0,0.0,0.0,0.0,0.0,0.0,0.0,0.0,0.0,0.0,0.0,0.0,0.0,0.0,0.0,0.0,0.0,0.0,0.0,0.0,0.0,0.0,0.0,0.0,0.0,0.0,0.0,0.0,0.0,0.0,0.0,0.0,0.0,0.0
ENCFF927OQW,0.09850677820540871,17474,58,1880,31567,224,52005,2535,174,135,134,257,1896,980,3296,18062,11393,1173,399,1692,2582,92,402,28,4,8,728,363,2026,19518,1798,129,39,259,1069,1178,15,1126,7,0,3732,6274,24,290,28,6,339,3081,18678,33,371,862,910,181,239,5565,40,194,89,41,360,767,361,7222,482,77,71,5,25081,25561,4598,748,454,1033,4258,138,841,414,529,589,144,733,869,2343,297,512,2534,6,565,453,6,568,55,7,533,793,11567,83325,5265,157,14296,19662,1481,17760,804,433,2748,847,815,1,1756,4075,3502,14,2960,18208,950,16181,101,552,758,3604,302,28418,855,3297,1426,186,1433,116,38,17004,3836,123,11375,3499,7614,16381,30,2570,1395,761,1896,39527,190,71,56,63,15,15,1080,300,151,5926,2069,189,1891,31920,2030,166,705,163,157,1272,2091,2032,4119,24,49,10,748,17,978,412,1126,151574,4,21,371,297,711,7580,3544,21893,1574,11969,15048,7211,17296,8348,15565,143,13933,16398,5977,4876,13357,9169,2259,559,37,157,55,447,740,55,19,9,18,2314,71,24972,6449,3486,67,98885,19217,2364,13898,12718,534,240,20548,8306,29743,1389,19600,88,20027,10,187,428,31,192,567,72,2693,1492,10,490,498,445,658,291,1542,842,744,113,2938,2133,877,2108,1035,249,493,586,313,196,171,735,871,2567,618,255,732,1412,1161,8239,61649,280,1478,3140,857,552,415,412,682,413,440,3150,346,824,3261,174,1109,341,2638,938,642,578,654,588,321,262,1629,1327,602,607,489,2313,1019,676,488,774,2191,24,12,247,488,370,170,8099,24,5319,12,191,62,3223,526,4158,3616,3418,6,1356,21,42,575,1828,45474,271,804,1835,592,18,1458,30,39,736,9772,2611,1609,727,13,103,15,10,1,411,220,999,377,2071,418,240,1399,41137,161,1167,68631,274,3219,678,3440,428,1292,168,83,1738,584,627,678,284,216,120,1474,865,568,669,267,703,865,12442,14,7504,912,10,16089,3724,22,170,3034,248,9,4379,530,537,116,1959,673,12343,1709,183,474,730,352,632,535,818,251,2,599,9,1466,17,38,41,119,61,118,337,19685,609,4790,2505,380,371,275,58,16202,47,8941,798,6027,610,47,1336,5,16993,2584,5046,21990,3848,10570,99,48,230,559,251,564,539,1019,4511,557,13,113,743,21,6,1807,2040,9,60,41,13127,21495,17409,4073,16817,2359,406,50507,47455,7440,21295,38429,40871,109,91,420,450,138,650,477,162,132,366,3423,0.0,0.0,0.0,0.0,0.0,0.0,0.0,0.0,0.0,0.0,0.0,0.0,0.0,0.0,0.0,0.0,0.0,0.0,0.0,0.0,0.0,0.0,0.0,0.0,0.0,0.0,0.0,0.0,0.0,0.0,0.0,0.0,0.0,0.0,0.0,0.0,0.0,0.0,0.0,0.0,0.0,0.0,0.0,0.0,0.0,0.0,0.0,0.0,0.0,0.0,0.0,0.0,0.0,0.0,0.0,0.0,0.0,0.0,0.0,0.0,0.0,0.0,0.0,0.0,0.0,0.0,0.0,0.0,0.0,0.0,0.0,0.0,0.0,0.0,0.0,0.0,0.0,0.0,0.0,0.0,0.0,0.0,0.0,0.0,0.0,0.0,0.0,0.0,0.0,0.0,0.0,0.0,0.0,0.0,0.0,0.0,0.0,0.0,0.0,0.0,0.0,0.0,0.0,0.0,0.0,0.0,0.0,0.0,0.0,0.0,0.0,0.0,0.0,0.0,0.0,0.0,0.0,0.0,0.0,0.0,0.0,0.0,0.0,0.0,0.0,0.0,0.0,0.0,0.0,0.0,0.0,0.0,0.0,0.0,0.0,0.0,0.0,0.0,0.0,0.0,0.0,0.0,0.0,0.0,0.0,0.0,0.0,0.0,0.0,0.0
ENCFF110JAO,0.10729032072886034,92698,649,2383,14271,118,19228,2257,90,114,155,287,1440,791,2642,8642,4779,1097,195,2391,2196,55,209,30,14,22,483,7627,1279,8179,1345,92,348,249,625,573,236,604,20,21,3196,3921,25,297,20,232,195,2085,7725,837,149,412,490,152,176,2715,61,108,142,68,220,741,192,3649,301,195,2284,84,17028,18060,2635,331,272,1756,2052,121,389,181,249,347,71,345,373,1236,171,212,1341,5,282,192,12,402,83,23,427,536,5194,66039,3456,48,9658,14785,959,12794,410,213,1939,639,658,13,1075,2941,2792,40,1876,12069,639,7336,99,367,605,3129,143,10627,481,2318,1163,286,927,153,40,9816,3107,4538,6939,2370,4977,9841,1183,1874,1507,375,2072,16978,211,972,52,35,26,16,734,104,447,4003,1418,231,1300,14788,1244,156,380,415,408,1093,1456,1212,2167,18,56,13,375,15,749,209,552,111,130,16,674,266,321,5740,2365,17821,845,9636,11168,5901,11112,5707,10716,67,10406,12555,4072,3262,8639,6981,2151,355,1333,242,64,196,313,55,39,69,10,1690,82,14617,4684,1918,102,155091,15009,2266,9987,7101,395,253,14758,7270,20705,810,15150,66,13789,19,147,391,164,86,323,118,1546,920,65,232,340,211,323,163,771,502,343,80,1753,1046,787,1095,460,131,240,283,140,128,79,268,396,2440,505,116,683,833,769,4537,15481,4901,843,1366,447,266,238,208,328,189,141,2559,144,264,1743,147,514,124,1648,434,327,193,319,312,152,453,943,891,304,373,279,849,562,270,280,354,1667,13,9,145,218,152,97,5052,31,3628,10,181,43,2111,269,2698,2514,2749,12,917,28,74,650,1379,23389,737,1056,863,417,441,1147,110,71,248,6442,2843,1713,412,12,111,25,7,13,242,468,1063,183,1732,183,178,555,17370,437,868,47698,335,1887,355,1918,7902,1014,104,3345,9268,300,295,329,136,165,174,37434,417,300,369,288,403,400,9288,15,3744,870,15,9735,2905,18,77,2216,196,11,2710,280,683,105,1051,395,6541,1144,1707,310,368,175,427,303,586,260,21,410,16,725,101,31,51,1022,187,154,443,11594,310,3329,1725,265,174,269,80,12155,746,5659,2017,4090,488,156,1105,31,13545,2616,4249,19951,1415,5276,207,121,117,702,546,375,243,636,3557,322,20,835,356,8,14,1276,1245,17,1611,41,8378,17528,12302,3180,12833,1578,229,25204,36537,5312,16486,27130,30084,76,47,288,243,76,280,559,129,138,237,2682,0.0,0.0,0.0,0.0,0.0,0.0,0.0,0.0,0.0,0.0,0.0,0.0,0.0,0.0,0.0,0.0,0.0,0.0,0.0,0.0,0.0,0.0,0.0,0.0,0.0,0.0,0.0,0.0,0.0,0.0,0.0,0.0,0.0,0.0,0.0,0.0,0.0,0.0,0.0,0.0,0.0,0.0,0.0,0.0,0.0,0.0,0.0,0.0,0.0,0.0,0.0,0.0,0.0,0.0,0.0,0.0,0.0,0.0,0.0,0.0,0.0,0.0,0.0,0.0,0.0,0.0,0.0,0.0,0.0,0.0,0.0,0.0,0.0,0.0,0.0,0.0,0.0,0.0,0.0,0.0,0.0,0.0,0.0,0.0,0.0,0.0,0.0,0.0,0.0,0.0,0.0,0.0,0.0,0.0,0.0,0.0,0.0,0.0,0.0,0.0,0.0,0.0,0.0,0.0,0.0,0.0,0.0,0.0,0.0,0.0,0.0,0.0,0.0,0.0,0.0,0.0,0.0,0.0,0.0,0.0,0.0,0.0,0.0,0.0,0.0,0.0,0.0,0.0,0.0,0.0,0.0,0.0,0.0,0.0,0.0,0.0,0.0,0.0,0.0,0.0,0.0,0.0,0.0,0.0,0.0,0.0,0.0,0.0,0.0,0.0
ENCFF000BPG,0.07288230243528944,10688,33,1218,5065,172,19985,1839,56,154,159,276,759,1002,2172,2012,5538,1054,201,1346,1922,97,316,37,22,7,280,28,736,5384,1435,131,49,140,526,301,4,636,11,5,2525,4508,42,342,8,6,167,1587,2679,7,132,172,229,226,295,3094,54,128,151,39,320,387,49,2046,183,127,31,11,12666,15980,3304,200,114,279,2225,94,237,86,142,194,38,198,188,1763,116,112,818,3,161,90,11,579,54,6,503,220,2244,62261,3991,58,11140,15745,607,13960,749,115,2229,650,649,1,1333,3034,2933,17,1679,14072,666,9132,158,580,537,3741,235,7970,260,2395,1048,437,1388,206,42,12735,3499,30,3313,1980,5572,12112,8,1199,486,217,1360,5615,121,74,20,40,15,16,900,162,221,3580,1851,311,1308,4870,663,203,193,239,271,891,1422,1324,3277,29,113,8,165,7,375,109,1972,783,2,3,103,312,153,7152,2789,21260,603,9916,11306,4397,7369,4539,8507,88,11352,12519,7435,3547,9214,6835,1733,252,9,218,22,101,139,96,54,3,33,1629,92,6155,2888,2355,34,63302,12871,1072,9733,4375,506,517,12624,5442,13192,1006,18598,61,18636,32,171,458,32,54,147,194,946,992,55,123,159,89,144,84,490,279,136,81,1430,903,650,1074,218,58,118,123,63,83,53,245,221,1608,296,76,735,655,482,2106,6260,62,564,1666,293,126,106,94,146,81,96,2783,97,149,2207,70,581,87,1285,205,167,102,174,203,93,147,506,525,151,181,147,926,389,157,140,160,1042,6,10,53,107,295,49,5754,34,4074,10,247,83,2545,389,2609,2579,2069,6,878,31,156,195,1628,18408,256,896,787,357,1,681,58,48,241,4927,1578,892,539,10,182,56,1,17,109,160,1011,115,1229,100,94,254,6986,102,554,47147,76,2441,172,1158,90,594,64,16,1193,151,143,177,124,94,101,343,206,169,203,116,217,202,10006,34,3109,1003,16,10476,3062,16,111,2326,215,27,2265,126,1104,147,1138,189,2247,542,164,155,202,94,260,122,504,58,9,497,10,692,250,49,91,191,29,166,173,4790,503,1647,1149,303,121,410,16,18209,20,5397,438,5542,484,97,1150,4,11925,2230,3551,16340,802,2764,42,43,84,197,93,199,120,354,957,155,42,86,183,2,4,1872,1660,1,21,107,8375,11683,9550,2040,12245,1611,100,20985,29629,3840,12017,23105,28118,102,73,121,117,65,140,736,108,180,272,2071,0.0,0.0,0.0,0.0,0.0,0.0,0.0,0.0,0.0,0.0,0.0,0.0,0.0,0.0,0.0,0.0,0.0,0.0,0.0,0.0,0.0,0.0,0.0,0.0,0.0,0.0,0.0,0.0,0.0,0.0,0.0,0.0,0.0,0.0,0.0,0.0,0.0,0.0,0.0,0.0,0.0,0.0,0.0,0.0,0.0,0.0,0.0,0.0,0.0,0.0,0.0,0.0,0.0,0.0,0.0,0.0,0.0,0.0,0.0,0.0,0.0,0.0,0.0,0.0,0.0,0.0,0.0,0.0,0.0,0.0,0.0,0.0,0.0,0.0,0.0,0.0,0.0,0.0,0.0,0.0,0.0,0.0,0.0,0.0,0.0,0.0,0.0,0.0,0.0,0.0,0.0,0.0,0.0,0.0,0.0,0.0,0.0,0.0,0.0,0.0,0.0,0.0,0.0,0.0,0.0,0.0,0.0,0.0,0.0,0.0,0.0,0.0,0.0,0.0,0.0,0.0,0.0,0.0,0.0,0.0,0.0,0.0,0.0,0.0,0.0,0.0,0.0,0.0,0.0,0.0,0.0,0.0,0.0,0.0,0.0,0.0,0.0,0.0,0.0,0.0,0.0,0.0,0.0,0.0,0.0,0.0,0.0,0.0,0.0,0.0
ENCFF002EBE,0.1682867509992928,169956,148,4421,32965,644,90001,8303,332,437,301,895,3613,2700,6544,19452,22524,3094,478,5641,8047,211,851,124,83,63,1289,12622,3669,21572,4450,288,571,521,2057,1784,347,2230,19,27,9434,12416,37,691,22,31,686,6461,18537,1353,650,1180,1703,520,426,8580,187,434,610,167,791,1775,367,8106,299,311,3700,71,44811,57468,8539,1257,834,3475,7164,409,1399,630,929,1044,267,1086,1258,4331,508,622,4267,16,995,592,19,1396,161,30,1335,1303,15549,198884,12465,146,34398,46450,2857,40251,1294,770,5967,1874,2049,19,3450,9781,9985,286,6312,39925,2204,29332,425,1612,1986,10075,812,36334,1474,8370,3932,836,3032,425,177,36109,9281,10245,15442,6421,16926,33271,2291,5220,3042,1394,5395,39743,391,1923,84,126,21,27,2451,320,682,14862,5730,819,4610,34723,3519,540,1379,1175,983,3395,7318,7418,6724,77,127,54,1120,28,1967,699,1161,392,283,10,1125,786,1152,17806,8268,54424,2702,30036,35964,16560,28620,15075,32122,314,31707,37539,14227,10913,27445,21845,6008,1022,2591,797,68,511,1055,161,67,29,192,5891,256,34287,12970,7495,230,195981,43213,4979,31121,17148,1274,925,44156,21113,57401,4271,56052,232,59148,72,503,1115,137,313,1111,368,4515,2535,30,829,1062,665,1027,472,2842,1605,415,252,5454,3278,2481,3488,1343,408,810,870,440,377,304,543,1271,5632,1448,410,1943,2615,2404,9757,31893,9055,2667,3689,1502,1002,733,738,1150,605,182,9007,545,1038,5726,445,1835,474,4795,1267,1140,662,1018,398,576,951,2670,2643,984,1079,893,2958,1780,831,864,1095,4540,41,47,422,687,674,436,18572,170,12179,24,570,100,7482,910,9096,8667,9087,9,2927,122,195,1728,4607,70042,1471,3298,2468,1284,722,3203,179,200,854,17208,7022,3405,1627,58,354,123,7,39,815,1411,2966,650,4744,547,554,1529,42286,1033,2332,148348,580,6677,1187,5736,13596,2990,348,4822,15461,891,1126,1231,409,466,482,62596,1354,1144,1289,646,1352,1426,28369,76,11943,2543,29,33781,8138,47,345,8293,1024,73,7497,960,2111,373,3548,1350,17564,3291,2354,920,1257,551,1385,961,1841,753,21,1326,29,2367,103,131,227,1973,361,496,647,37912,1576,10151,5497,1142,528,1024,253,45098,1182,17823,3709,15254,1540,354,3493,45,34331,6278,12079,51465,2990,16553,483,296,420,1701,496,1253,848,1632,8473,1154,56,792,1246,39,20,4874,4859,10,2417,274,27911,45195,32782,8381,40890,4585,558,72413,98708,14733,46118,72999,91188,276,188,837,806,235,1022,1476,418,571,850,9004,0.0,0.0,0.0,0.0,0.0,0.0,0.0,0.0,0.0,0.0,0.0,0.0,0.0,0.0,0.0,0.0,0.0,0.0,0.0,0.0,0.0,0.0,0.0,0.0,0.0,0.0,0.0,0.0,0.0,0.0,0.0,0.0,0.0,0.0,0.0,0.0,0.0,0.0,0.0,0.0,0.0,0.0,0.0,0.0,0.0,0.0,0.0,0.0,0.0,0.0,0.0,0.0,0.0,0.0,0.0,0.0,0.0,0.0,0.0,0.0,0.0,0.0,0.0,0.0,0.0,0.0,0.0,0.0,0.0,0.0,0.0,0.0,0.0,0.0,0.0,0.0,0.0,0.0,0.0,0.0,0.0,0.0,0.0,0.0,0.0,0.0,0.0,0.0,0.0,0.0,0.0,0.0,0.0,0.0,0.0,0.0,0.0,0.0,0.0,0.0,0.0,0.0,0.0,0.0,0.0,0.0,0.0,0.0,0.0,0.0,0.0,0.0,0.0,0.0,0.0,0.0,0.0,0.0,0.0,0.0,0.0,0.0,0.0,0.0,0.0,0.0,0.0,0.0,0.0,0.0,0.0,0.0,0.0,0.0,0.0,0.0,0.0,0.0,0.0,0.0,0.0,0.0,0.0,0.0,0.0,0.0,0.0,0.0,0.0,0.0
ENCFF002BBD,0.17417161068548737,46505,557,5708,49980,1251,174293,26413,468,1275,504,886,5733,11469,25106,24461,67238,7793,824,9500,9201,183,1079,124,111,148,2680,93,5449,28420,5682,422,220,783,3124,2902,46,3238,96,27,12598,16738,100,1199,220,246,1020,9336,28839,26,918,1727,2441,755,515,8985,339,564,694,364,1567,2590,612,17595,1259,857,60,143,74484,72566,10421,1821,1265,1872,7166,408,2089,794,1327,1595,362,1726,1941,5903,770,969,6443,58,1561,833,51,1899,448,63,1876,2164,19829,261212,16402,243,43068,63753,4316,55444,1978,1130,7814,2335,2692,50,4097,10633,11021,536,7641,46213,5213,47662,841,3273,3510,13408,1397,65286,2204,9544,4436,1276,4234,508,325,42760,33550,135,35367,20744,16258,41649,39,7679,5111,2045,6316,63620,638,245,284,221,65,80,3369,426,905,17241,7174,1109,6640,51408,5273,595,1908,1887,1988,4907,6739,5817,8149,237,251,97,1690,62,3162,1047,1949,410,16,28,901,1178,1707,22042,10425,66462,3745,54249,56748,23453,41338,21502,44194,599,41718,50542,15882,14340,38718,29724,10215,1739,32,1152,143,944,1577,334,204,46,96,6176,818,54515,18665,31913,492,458607,59743,5288,46885,40821,1769,902,67625,32948,91156,8476,65224,316,63287,141,577,1125,307,493,1644,317,6222,3296,43,1160,1622,1096,1626,722,4049,2425,286,361,7661,4811,3255,4045,2088,632,1068,1326,646,572,455,720,2008,10883,2246,683,2798,3841,3538,16331,43855,208,3729,4392,2272,1430,1123,1157,1638,974,180,10865,743,1411,7954,592,2497,649,6505,1847,1800,1091,1534,241,773,782,4171,4240,1368,1658,1223,3918,2557,1318,1356,1752,6681,31,45,683,1042,911,489,21298,312,13949,32,835,87,9942,1267,10357,10786,11801,101,5120,445,310,2984,5811,131643,909,2932,3335,1791,37,4936,310,345,1181,28372,10436,5459,2256,40,208,322,36,155,1214,1698,3623,950,5656,822,829,2360,79573,556,3851,183596,1039,9065,1692,8937,452,4124,501,105,5361,1454,1761,1795,636,740,370,1394,2051,1598,1818,738,1933,2156,39580,295,16795,3663,108,40835,10614,50,450,16551,1046,106,10729,1438,1821,439,5111,1968,29952,5165,888,1323,1872,763,1944,1526,1960,1703,84,1519,63,2793,196,375,329,589,626,1490,1277,44335,3188,15345,9287,1984,1044,2404,373,51550,82,22894,2648,18539,2472,794,4315,40,53739,10214,16520,70993,4797,28210,387,681,592,1358,866,1929,1345,2754,9772,1717,86,241,1833,94,122,6309,6114,61,111,393,38665,68056,55512,11921,55973,6754,2567,103504,150687,24757,70002,108464,129593,684,340,1320,1251,353,1521,1905,531,711,1112,10800,0.0,0.0,0.0,0.0,0.0,0.0,0.0,0.0,0.0,0.0,0.0,0.0,0.0,0.0,0.0,0.0,0.0,0.0,0.0,0.0,0.0,0.0,0.0,0.0,0.0,0.0,0.0,0.0,0.0,0.0,0.0,0.0,0.0,0.0,0.0,0.0,0.0,0.0,0.0,0.0,0.0,0.0,0.0,0.0,0.0,0.0,0.0,0.0,0.0,0.0,0.0,0.0,0.0,0.0,0.0,0.0,0.0,0.0,0.0,0.0,0.0,0.0,0.0,0.0,0.0,0.0,0.0,0.0,0.0,0.0,0.0,0.0,0.0,0.0,0.0,0.0,0.0,0.0,0.0,0.0,0.0,0.0,0.0,0.0,0.0,0.0,0.0,0.0,0.0,0.0,0.0,0.0,0.0,0.0,0.0,0.0,0.0,0.0,0.0,0.0,0.0,0.0,0.0,0.0,0.0,0.0,0.0,0.0,0.0,0.0,0.0,0.0,0.0,0.0,0.0,0.0,0.0,0.0,0.0,0.0,0.0,0.0,0.0,0.0,0.0,0.0,0.0,0.0,0.0,0.0,0.0,0.0,0.0,0.0,0.0,0.0,0.0,0.0,0.0,0.0,0.0,0.0,0.0,0.0,0.0,0.0,0.0,0.0,0.0,0.0
ENCFF000BIT,0.16277593111312294,15886,58,2012,15952,379,70024,3253,116,256,165,255,1918,2256,4799,9590,17537,1842,198,3235,3195,81,321,54,45,34,812,18,2218,11395,2091,126,63,283,1205,1175,20,1263,32,1,4454,5763,23,440,19,9,424,3476,9993,16,319,917,986,282,152,2876,66,186,214,102,418,755,268,6125,131,233,19,15,24431,23585,3513,757,485,620,2384,133,870,385,535,628,140,683,767,1984,265,385,2444,5,600,320,10,607,83,21,589,850,6283,89709,5089,59,13896,21544,1871,18765,861,429,2825,976,1203,23,1308,3471,3481,101,2567,15196,1407,14124,230,865,1016,4912,423,20455,883,3244,1459,425,1401,208,57,14361,6702,30,16218,4276,5281,13683,15,2652,1761,839,2092,17879,241,96,58,54,8,12,1217,141,205,5756,2329,356,2132,17297,1756,210,814,495,542,1555,2186,1814,2379,34,147,30,757,9,1276,469,789,1278,4,1,367,389,711,7587,3688,23024,1286,15686,17126,8271,14160,7947,16293,158,14742,18248,5261,4403,13059,10708,3294,561,33,356,29,433,636,76,52,10,13,2109,233,19401,6596,5455,211,104345,19668,1646,13798,12489,533,330,20948,10076,30540,2055,22375,103,21790,36,282,350,21,189,716,158,2353,1202,20,497,594,390,702,261,1683,1019,89,135,2883,1887,1207,1433,889,259,474,562,258,209,134,208,753,2789,778,252,1063,1388,1402,5497,10267,86,1476,1480,850,632,476,467,713,363,59,3698,274,536,2758,257,956,191,2346,752,764,448,654,66,302,385,1557,1638,569,687,435,1296,909,503,560,785,2604,9,12,273,419,267,417,7573,61,5050,12,256,24,3768,354,3401,3540,4107,35,1653,68,86,863,1932,29904,310,1041,1223,566,5,1870,111,106,339,9898,3635,1690,790,14,76,83,15,30,489,556,1134,451,1824,315,297,810,23795,207,1367,62078,367,3400,729,3713,136,1679,183,19,1691,508,703,761,223,261,135,372,832,618,792,296,777,891,14693,44,6349,1266,14,13858,3384,4,161,4251,341,47,3765,552,548,150,2052,827,9192,1640,305,472,776,247,971,620,623,479,12,468,26,936,66,93,92,204,115,310,388,16433,888,4968,2561,539,252,623,125,17209,39,8023,936,5940,703,240,1506,11,18899,3405,6414,25287,832,8958,214,110,225,507,265,796,493,971,3968,723,30,67,753,14,17,2117,2056,0,48,104,12731,21925,17353,4281,18737,2326,344,37079,48036,7418,22444,35420,42177,149,93,529,413,121,656,645,124,199,447,3959,0.0,0.0,0.0,0.0,0.0,0.0,0.0,0.0,0.0,0.0,0.0,0.0,0.0,0.0,0.0,0.0,0.0,0.0,0.0,0.0,0.0,0.0,0.0,0.0,0.0,0.0,0.0,0.0,0.0,0.0,0.0,0.0,0.0,0.0,0.0,0.0,0.0,0.0,0.0,0.0,0.0,0.0,0.0,0.0,0.0,0.0,0.0,0.0,0.0,0.0,0.0,0.0,0.0,0.0,0.0,0.0,0.0,0.0,0.0,0.0,0.0,0.0,0.0,0.0,0.0,0.0,0.0,0.0,0.0,0.0,0.0,0.0,0.0,0.0,0.0,0.0,0.0,0.0,0.0,0.0,0.0,0.0,0.0,0.0,0.0,0.0,0.0,0.0,0.0,0.0,0.0,0.0,0.0,0.0,0.0,0.0,0.0,0.0,0.0,0.0,0.0,0.0,0.0,0.0,0.0,0.0,0.0,0.0,0.0,0.0,0.0,0.0,0.0,0.0,0.0,0.0,0.0,0.0,0.0,0.0,0.0,0.0,0.0,0.0,0.0,0.0,0.0,0.0,0.0,0.0,0.0,0.0,0.0,0.0,0.0,0.0,0.0,0.0,0.0,0.0,0.0,0.0,0.0,0.0,0.0,0.0,0.0,0.0,0.0,0.0
ENCFF000YVU,0.0839473932668398,16946,252,2161,20344,850,75058,2472,168,252,159,207,1708,2259,4638,13862,19626,2075,177,2510,2417,77,329,46,17,23,457,326,1930,14243,1606,139,74,232,1070,1116,35,1094,11,10,3615,5267,16,311,14,23,196,2910,21001,53,305,591,820,246,150,2796,58,152,274,56,297,807,147,6436,134,157,110,17,27960,29333,3178,744,527,633,2476,72,792,284,523,670,147,589,592,1814,282,361,2038,6,492,305,5,522,68,8,603,702,14194,88707,4627,64,14024,19965,1474,17396,773,415,2258,900,661,12,1240,3898,3536,59,3568,15764,2194,22482,615,3046,2149,4815,1200,30988,1107,4294,1305,339,1250,194,61,13277,5751,268,8527,5791,5424,12758,89,2534,1893,825,1725,32966,156,128,56,43,20,8,901,115,197,5087,2437,338,2380,17415,3075,202,636,411,448,1533,2375,2455,2452,38,59,16,574,19,1209,425,372,221,23,2,324,340,636,8324,3506,21093,1351,16327,18392,8937,19200,7162,16019,96,14297,16290,5308,4041,11692,9449,3449,509,76,421,50,285,477,83,29,14,19,2519,164,25938,7166,4909,72,104442,21328,1708,14689,13184,480,230,22207,10857,35403,4803,22681,132,23308,30,136,288,18,192,522,74,2000,957,21,445,582,373,650,278,1603,745,188,94,2299,1557,1010,1438,685,185,395,376,217,278,210,256,756,2854,909,240,979,1452,1272,14540,16417,276,1358,1478,737,411,328,384,486,360,91,3164,287,460,2383,222,970,266,2050,672,662,345,613,141,268,296,1539,1480,517,511,460,1280,781,457,479,574,2205,22,29,249,416,220,282,7351,71,4881,26,438,35,2993,304,3272,4307,4200,6,1188,53,81,597,1700,37796,316,915,1283,582,39,1411,52,45,288,7424,3196,1459,628,16,111,78,8,20,409,845,1913,373,1916,370,308,818,60672,252,1182,64190,280,2450,709,2736,392,1472,204,132,1997,555,509,506,292,293,125,1498,780,507,736,192,760,768,12809,26,4870,1214,13,15395,3592,37,114,4080,210,45,3418,512,881,148,1549,593,10630,2013,335,516,640,244,566,532,620,472,8,547,17,1039,45,24,81,183,85,612,384,25524,2606,6923,5186,1312,330,475,141,16947,77,7892,1107,6194,637,174,1469,6,14879,3159,4728,20811,1122,8955,109,98,286,466,410,608,435,767,4879,463,15,88,692,4,19,1719,1861,5,80,81,10674,19841,16422,3681,17031,2183,154,47426,45471,8132,20103,36034,40598,109,75,546,471,141,516,606,178,202,281,5225,0.0,0.0,0.0,0.0,0.0,0.0,0.0,0.0,0.0,0.0,0.0,0.0,0.0,0.0,0.0,0.0,0.0,0.0,0.0,0.0,0.0,0.0,0.0,0.0,0.0,0.0,0.0,0.0,0.0,0.0,0.0,0.0,0.0,0.0,0.0,0.0,0.0,0.0,0.0,0.0,0.0,0.0,0.0,0.0,0.0,0.0,0.0,0.0,0.0,0.0,0.0,0.0,0.0,0.0,0.0,0.0,0.0,0.0,0.0,0.0,0.0,0.0,0.0,0.0,0.0,0.0,0.0,0.0,0.0,0.0,0.0,0.0,0.0,0.0,0.0,0.0,0.0,0.0,0.0,0.0,0.0,0.0,0.0,0.0,0.0,0.0,0.0,0.0,0.0,0.0,0.0,0.0,0.0,0.0,0.0,0.0,0.0,0.0,0.0,0.0,0.0,0.0,0.0,0.0,0.0,0.0,0.0,0.0,0.0,0.0,0.0,0.0,0.0,0.0,0.0,0.0,0.0,0.0,0.0,0.0,0.0,0.0,0.0,0.0,0.0,0.0,0.0,0.0,0.0,0.0,0.0,0.0,0.0,0.0,0.0,0.0,0.0,0.0,0.0,0.0,0.0,0.0,0.0,0.0,0.0,0.0,0.0,0.0,0.0,0.0
ENCFF022AXX,0.155843364443604,36513,295,4169,40276,596,51544,4585,237,472,212,665,3994,4298,7291,12079,24167,3281,419,3884,5627,142,620,67,48,45,1572,765,2839,18486,3025,254,163,432,1720,1642,47,1751,30,27,7364,9653,159,601,29,51,1298,5262,14949,98,393,797,1173,416,433,7286,167,288,393,139,639,2294,534,9193,274,341,250,183,42574,43704,6798,895,605,993,5072,143,1165,394,673,813,193,833,1261,3429,322,368,3255,20,708,374,22,1215,117,14,1626,1194,13590,156153,9974,159,26197,36590,2098,31971,1235,505,4718,1386,1666,23,2518,6575,6284,93,4075,30330,2351,25658,528,2108,1965,9530,917,33784,1474,5637,3002,772,2428,341,79,27130,11501,546,20388,6758,17016,25069,201,4774,1488,1046,2954,23062,582,271,96,116,201,41,1769,329,801,9936,4272,632,3591,42392,2767,391,1018,1117,1051,2420,4898,4044,5561,119,149,29,815,16,1616,470,1259,95,24,9,456,572,1034,14400,6355,39284,2006,26324,28582,12807,20191,11312,24072,244,25716,30421,9587,8789,20600,16644,6039,847,150,557,103,434,731,151,84,18,23,3734,307,26976,9988,12006,190,205906,32814,3214,23593,19201,966,814,36923,17656,47396,4114,41827,180,38151,33,327,1104,674,253,1030,1431,3151,1988,23,558,744,521,766,308,2563,1469,528,440,3922,2614,1640,2479,989,304,473,629,275,289,216,562,898,5001,1102,311,1502,2333,2086,9449,33200,672,2168,4428,1150,730,584,516,846,448,247,7153,361,585,4553,327,1365,295,3703,883,849,507,713,277,353,526,2012,2086,665,777,566,2143,1190,587,648,726,3547,17,55,296,527,374,219,12716,71,9971,18,525,35,5247,643,6317,6286,6476,10,2150,86,207,662,3207,66299,490,1943,2280,950,57,2765,148,316,505,15428,5018,5421,1132,59,160,122,5,40,601,1527,2150,649,3652,393,340,1152,52193,307,1889,118691,515,4856,852,4448,1025,2216,236,363,3981,628,1167,1236,271,350,221,4452,1288,832,1158,979,1046,1316,22039,46,8550,2188,17,23836,5853,28,200,5701,709,51,5654,644,1108,303,3054,912,16161,2924,633,646,1159,358,915,734,1118,487,21,1047,37,1730,159,43,162,428,238,598,665,24172,1791,7881,4755,1124,458,893,142,31342,125,15311,1469,11694,1092,341,2640,194,36792,5069,11148,42772,4354,10437,252,116,289,661,448,1105,624,1400,5046,1084,45,223,846,22,18,3546,3454,5,223,223,21624,37679,25448,7450,32510,3717,269,63619,80804,11661,37592,60288,71981,279,201,619,530,153,726,1332,366,509,673,5950,0.0,0.0,0.0,0.0,0.0,0.0,0.0,0.0,0.0,0.0,0.0,0.0,0.0,0.0,0.0,0.0,0.0,0.0,0.0,0.0,0.0,0.0,0.0,0.0,0.0,0.0,0.0,0.0,0.0,0.0,0.0,0.0,0.0,0.0,0.0,0.0,0.0,0.0,0.0,0.0,0.0,0.0,0.0,0.0,0.0,0.0,0.0,0.0,0.0,0.0,0.0,0.0,0.0,0.0,0.0,0.0,0.0,0.0,0.0,0.0,0.0,0.0,0.0,0.0,0.0,0.0,0.0,0.0,0.0,0.0,0.0,0.0,0.0,0.0,0.0,0.0,0.0,0.0,0.0,0.0,0.0,0.0,0.0,0.0,0.0,0.0,0.0,0.0,0.0,0.0,0.0,0.0,0.0,0.0,0.0,0.0,0.0,0.0,0.0,0.0,0.0,0.0,0.0,0.0,0.0,0.0,0.0,0.0,0.0,0.0,0.0,0.0,0.0,0.0,0.0,0.0,0.0,0.0,0.0,0.0,0.0,0.0,0.0,0.0,0.0,0.0,0.0,0.0,0.0,0.0,0.0,0.0,0.0,0.0,0.0,0.0,0.0,0.0,0.0,0.0,0.0,0.0,0.0,0.0,0.0,0.0,0.0,0.0,0.0,0.0
ENCFF405CPB,0.09284599316852794,3235132,23192,15578,64207,535,77944,18560,236,442,393,2289,3964,2562,6410,31739,17551,3372,553,11213,12071,785,1033,149,92,75,934,295579,2927,43128,5368,566,20328,2676,1452,1286,7802,2182,92,843,16139,19446,397,989,34,5261,435,7153,53064,41654,628,642,1036,789,942,23026,187,544,550,349,1887,2677,334,21322,1057,960,74919,1008,68765,64128,21990,943,511,65858,23043,388,957,420,589,694,119,788,855,6517,394,375,3112,9,608,408,18,2064,430,38,1781,958,31389,254316,18033,165,50986,72927,3471,62220,1209,465,12358,5653,4329,16,9690,21596,20026,189,11466,72107,2294,25442,300,1901,1895,12634,723,50971,1076,15893,8503,1601,5723,665,440,94485,9348,151646,44233,9561,117992,48597,46777,5477,4997,1021,32508,66991,595,38360,197,156,60,60,3429,439,4143,20595,8434,999,6827,59267,3241,754,783,2003,2112,5322,8579,7160,25240,103,287,70,684,45,1550,433,2721,2670,4464,29,20128,2641,767,35594,11267,141078,2439,41407,52427,22642,62333,21780,35032,329,54729,60059,28557,15955,48852,30622,21428,1109,54264,1376,281,318,633,352,107,41,193,8466,226,63967,12790,6233,289,2568385,50025,33970,39494,29557,2266,1558,56505,33211,75325,2828,91533,447,86616,114,1158,4681,1225,234,740,416,6034,5639,804,439,722,437,642,368,2143,1185,4252,438,5443,5708,2781,7684,904,205,487,456,235,318,258,2854,840,11570,1144,294,2318,3048,1941,22968,52515,170337,2201,11907,1411,573,467,443,652,400,1876,13893,439,694,13276,267,4197,330,5747,852,728,375,718,3619,355,5662,2025,2241,588,681,510,4938,1490,570,636,590,3890,36,47,274,406,2345,313,25920,158,20862,29,852,1494,11819,1917,13827,16274,11284,36,3424,85,386,749,8594,82647,17033,13634,4318,1727,19202,2447,257,189,1550,21197,14503,6889,2254,82,2382,155,22,44,471,1185,3856,449,5535,414,387,2305,87536,10231,2116,208787,3130,7593,728,4377,291214,2686,292,118761,274801,669,769,795,294,353,4956,1287366,911,675,777,640,876,1001,40042,72,13264,4144,42,70219,12474,1073,503,10884,943,106,10790,510,10037,637,2846,1008,34664,2957,35382,738,827,392,890,574,4065,820,99,1676,22,4573,2652,246,281,25676,1013,732,1009,45253,1362,8106,5082,1183,774,1920,174,70280,30950,28187,46833,20759,1907,238,4010,313,56387,11491,15346,103915,2722,29388,4818,653,339,24221,14493,811,543,2539,7490,742,530,28251,810,40,52,6939,6443,12,56621,381,38798,58013,44267,8268,52827,6395,984,107687,150308,19936,59046,106207,124022,292,298,593,470,158,598,5549,556,833,784,13036,0.0,0.0,0.0,0.0,0.0,0.0,0.0,0.0,0.0,0.0,0.0,0.0,0.0,0.0,0.0,0.0,0.0,0.0,0.0,0.0,0.0,0.0,0.0,0.0,0.0,0.0,0.0,0.0,0.0,0.0,0.0,0.0,0.0,0.0,0.0,0.0,0.0,0.0,0.0,0.0,0.0,0.0,0.0,0.0,0.0,0.0,0.0,0.0,0.0,0.0,0.0,0.0,0.0,0.0,0.0,0.0,0.0,0.0,0.0,0.0,0.0,0.0,0.0,0.0,0.0,0.0,0.0,0.0,0.0,0.0,0.0,0.0,0.0,0.0,0.0,0.0,0.0,0.0,0.0,0.0,0.0,0.0,0.0,0.0,0.0,0.0,0.0,0.0,0.0,0.0,0.0,0.0,0.0,0.0,0.0,0.0,0.0,0.0,0.0,0.0,0.0,0.0,0.0,0.0,0.0,0.0,0.0,0.0,0.0,0.0,0.0,0.0,0.0,0.0,0.0,0.0,0.0,0.0,0.0,0.0,0.0,0.0,0.0,0.0,0.0,0.0,0.0,0.0,0.0,0.0,0.0,0.0,0.0,0.0,0.0,0.0,0.0,0.0,0.0,0.0,0.0,0.0,0.0,0.0,0.0,0.0,0.0,0.0,0.0,0.0
ENCFF000OOD,0.1421789676625364,107512,233,2693,20307,205,51608,30207,291,434,378,740,3492,1979,4664,12841,15273,2720,964,4220,5718,415,988,888,136,128,1972,7412,3529,8761,5379,376,252,480,2447,2443,93,2989,71,52,9530,14589,110,946,58,72,1726,7507,8710,883,935,1065,1342,610,513,8725,261,518,439,235,1290,1836,120,3816,380,892,1973,202,32974,44250,10077,1343,725,2125,7431,440,1685,572,792,1028,201,955,1849,4136,454,532,3758,32,865,535,45,1540,164,43,1187,920,4429,184523,12628,258,34483,49871,2626,44031,2009,667,7428,2756,2675,43,4063,10083,10339,371,4920,42906,1400,17869,84,456,826,9417,206,17252,1450,7016,3321,1025,3825,469,139,39933,6701,4290,10578,4878,15045,39214,562,4725,2858,1720,4904,18567,1256,1087,107,136,92,81,3335,429,853,10763,5528,704,4395,20219,1903,548,1529,2157,2061,3303,4933,4241,7948,105,233,95,979,42,1606,571,1609,1345,67,6,611,1071,1578,17773,8706,53180,2462,25664,32880,14188,15005,15283,29129,414,33264,39269,13809,11630,30994,23686,6768,1002,1547,515,57,531,985,200,91,82,89,4335,195,19717,8671,6284,394,211682,37053,4171,28760,10091,1633,617,36601,15855,37954,1631,53897,143,56512,52,464,1033,171,286,1097,635,4179,3630,58,612,845,542,928,442,3869,2023,512,586,5985,3879,2474,4599,1277,280,662,768,340,328,255,614,1041,4872,816,346,1783,3421,2767,8012,9061,4245,3200,4463,1642,970,886,603,919,466,156,11460,520,1033,6711,335,2116,448,4585,1034,1177,560,955,561,430,618,2455,2188,777,871,740,3054,1617,1017,755,985,4122,19,43,424,659,969,274,20266,177,12320,44,465,81,8624,1140,10010,7988,7851,52,4136,216,216,1653,5593,40105,1184,3275,2948,1290,314,3403,329,888,1530,20750,5449,5552,2090,59,223,154,25,170,629,2017,3068,1204,3958,511,553,983,32204,741,2122,144650,489,7924,1026,7272,8173,2610,366,2836,9424,788,1704,1677,338,486,440,42167,2030,1136,1755,571,1524,1954,31779,168,14448,2550,108,33997,9153,49,412,7968,1392,115,7377,787,1893,331,4641,1301,9792,1685,1367,753,1475,472,1288,888,1799,779,70,1041,70,2345,244,19,297,1042,467,290,441,12266,465,5627,2685,427,613,1838,462,47755,451,20306,2226,14769,2142,341,3700,54,48134,8661,15076,59712,1277,9078,225,480,366,1128,476,1486,716,1291,5284,1381,20,1158,1056,40,84,5420,5741,49,1170,256,35277,38735,27872,7507,40763,5288,739,62339,97774,11699,37370,74426,92315,271,163,669,643,226,850,1726,417,555,966,7549,0.0,0.0,0.0,0.0,0.0,0.0,0.0,0.0,0.0,0.0,0.0,0.0,0.0,0.0,0.0,0.0,0.0,0.0,0.0,0.0,0.0,0.0,0.0,0.0,0.0,0.0,0.0,0.0,0.0,0.0,0.0,0.0,0.0,0.0,0.0,0.0,0.0,0.0,0.0,0.0,0.0,0.0,0.0,0.0,0.0,0.0,0.0,0.0,0.0,0.0,0.0,0.0,0.0,0.0,0.0,0.0,0.0,0.0,0.0,0.0,0.0,0.0,0.0,0.0,0.0,0.0,0.0,0.0,0.0,0.0,0.0,0.0,0.0,0.0,0.0,0.0,0.0,0.0,0.0,0.0,0.0,0.0,0.0,0.0,0.0,0.0,0.0,0.0,0.0,0.0,0.0,0.0,0.0,0.0,0.0,0.0,0.0,0.0,0.0,0.0,0.0,0.0,0.0,0.0,0.0,0.0,0.0,0.0,0.0,0.0,0.0,0.0,0.0,0.0,0.0,0.0,0.0,0.0,0.0,0.0,0.0,0.0,0.0,0.0,0.0,0.0,0.0,0.0,0.0,0.0,0.0,0.0,0.0,0.0,0.0,0.0,0.0,0.0,0.0,0.0,0.0,0.0,0.0,0.0,0.0,0.0,0.0,0.0,0.0,0.0
ENCFF000XCR,0.0705059082391468,3522,19,159,1549,47,5992,310,35,38,15,32,99,234,349,480,1639,166,27,253,272,17,51,4,5,3,22,220,138,1321,227,21,17,23,70,61,5,101,3,0,412,698,2,41,5,3,36,259,1058,24,70,52,48,23,25,432,13,23,19,16,63,62,8,484,13,56,67,5,2113,2197,508,46,22,87,430,18,47,20,27,30,7,45,45,227,14,22,129,1,28,22,2,100,18,2,74,35,468,9835,707,3,1760,2307,95,2092,119,20,324,100,98,2,166,479,435,25,248,1879,142,1752,32,133,119,491,66,2144,63,384,153,53,229,34,10,1976,609,94,873,331,814,1700,20,177,159,40,214,1047,36,32,6,5,4,3,126,24,36,514,337,37,225,1444,143,16,36,128,113,139,228,201,393,2,8,3,39,3,80,16,153,311,5,0,25,68,27,976,420,2718,102,1586,2011,690,1202,602,1213,9,1520,1665,564,613,1364,1036,355,44,32,36,2,18,30,13,1,2,4,210,15,1297,477,564,21,12131,1752,182,1555,869,96,28,1996,912,2319,251,2639,7,2769,0,18,38,19,6,31,11,111,127,0,20,33,27,37,20,104,57,10,11,217,156,90,157,51,12,14,29,22,9,15,43,39,237,40,16,100,111,76,478,753,108,98,232,56,34,23,23,33,16,8,472,14,24,310,9,72,23,199,38,42,18,38,17,16,14,87,77,26,27,21,160,46,36,38,28,137,1,0,18,19,47,9,898,10,579,1,50,7,349,54,414,360,312,0,128,6,12,56,244,2610,41,133,96,43,5,93,13,22,53,613,308,141,106,3,34,12,0,5,20,137,198,20,158,10,29,65,2252,16,98,7026,15,348,34,223,214,108,13,57,347,34,43,40,24,20,9,852,47,31,36,9,50,65,1360,9,503,143,1,1659,374,1,18,300,46,5,318,23,82,7,145,38,925,96,53,37,40,19,62,21,71,9,1,54,1,97,11,2,18,42,47,60,27,1015,124,328,275,77,31,66,20,2483,18,785,95,853,100,16,186,0,1605,326,498,2218,55,681,9,12,13,42,24,42,22,63,350,45,3,33,55,1,3,282,293,1,22,9,1536,1875,1254,324,1928,271,18,3419,4680,587,1952,3575,4481,18,15,24,25,8,31,102,24,38,37,335,0.0,0.0,0.0,0.0,0.0,0.0,0.0,0.0,0.0,0.0,0.0,0.0,0.0,0.0,0.0,0.0,0.0,0.0,0.0,0.0,0.0,0.0,0.0,0.0,0.0,0.0,0.0,0.0,0.0,0.0,0.0,0.0,0.0,0.0,0.0,0.0,0.0,0.0,0.0,0.0,0.0,0.0,0.0,0.0,0.0,0.0,0.0,0.0,0.0,0.0,0.0,0.0,0.0,0.0,0.0,0.0,0.0,0.0,0.0,0.0,0.0,0.0,0.0,0.0,0.0,0.0,0.0,0.0,0.0,0.0,0.0,0.0,0.0,0.0,0.0,0.0,0.0,0.0,0.0,0.0,0.0,0.0,0.0,0.0,0.0,0.0,0.0,0.0,0.0,0.0,0.0,0.0,0.0,0.0,0.0,0.0,0.0,0.0,0.0,0.0,0.0,0.0,0.0,0.0,0.0,0.0,0.0,0.0,0.0,0.0,0.0,0.0,0.0,0.0,0.0,0.0,0.0,0.0,0.0,0.0,0.0,0.0,0.0,0.0,0.0,0.0,0.0,0.0,0.0,0.0,0.0,0.0,0.0,0.0,0.0,0.0,0.0,0.0,0.0,0.0,0.0,0.0,0.0,0.0,0.0,0.0,0.0,0.0,0.0,0.0
ENCFF701WAW,0.07411780151732046,1907387,5559,19230,575,3,7659,1453,39,237,94,1070,521,113,392,64,7,1323,318,2251,2971,109,391,110,2787,34,189,49544,712,220,1741,401,7763,1279,384,243,2670,511,13,0,5089,5376,9,405,1,1633,94,1358,147,12899,115,145,257,277,379,80160,89,230,108,68,371,345,4,10,37,104,5342,1,20141,45759,22801,178,113,31527,4917,206,179,83,155,204,32,153,189,2274,86,70,778,45,126,99,37,1269,13,0,449,167,75,114826,5584,25,79175,21573,539,19666,235,108,3010,973,895,1,54335,28570,8434,302,3662,41672,101,4512,0,2,163,4024,0,83,184,4767,2282,408,1509,156,33,14458,835,31853,238,669,5903,43279,66231,3470,168,191,9007,913,80,14364,10,64,47,12,960,109,211,6251,2138,452,1399,504,273,562,166,368,445,903,1472,1244,25965,54,44,5,154,1,262,108,581,354,1631,0,14241,241,145,13762,4524,72040,761,8583,12757,6013,4528,6494,16580,47,19151,20261,8850,8098,21799,41650,3886,257,1240,133,8,83,155,84,44,38,0,3174,5,4965,2973,15,6,301940,11425,4308,15183,465,508,772,13935,6481,9240,152,26347,42,24721,49,83,1232,3,61,173,166,909,1090,1,110,144,93,165,66,404,220,7222,71,2844,972,702,23844,212,66,131,128,69,57,43,1505,167,2541,1239,90,610,580,406,720,205,71038,555,19703,325,112,89,113,156,98,836,3870,110,122,2250,71,461,67,1559,146,170,91,115,16,112,3291,497,406,164,198,141,2040,440,125,136,148,817,194,16,85,103,165,5,16138,10,10725,1,292,10,2241,330,10485,5399,2564,0,974,70,73,67,1653,8418,1262,10455,10945,578,412,520,65,22,326,6328,2195,639,605,63,745,42,0,3,138,24,1131,87,1066,71,79,106,397,3956,420,71383,687,3647,162,1039,56412,610,62,33000,107319,142,172,139,60,76,431,538418,200,185,170,459,165,210,14446,162,3455,3279,0,73300,4052,3,131,3131,383,32,2081,127,491,200,958,180,196,137,13420,124,193,93,269,140,737,58,0,1307,0,691,123,86,97,12414,219,32,133,1129,14,862,479,66,65,393,2,27685,4760,18777,1281,5986,497,86,1973,7,24241,2440,3664,51211,329,343,2660,1252,60,521,3083,170,126,302,631,174,13,8851,325,0,0,5955,1958,3,9251,101,9882,18834,17758,2020,14897,2721,89,18287,46820,5681,17369,33850,35082,64,147,132,113,37,134,663,94,778,156,3177,0.0,0.0,0.0,0.0,0.0,0.0,0.0,0.0,0.0,0.0,0.0,0.0,0.0,0.0,0.0,0.0,0.0,0.0,0.0,0.0,0.0,0.0,0.0,0.0,0.0,0.0,0.0,0.0,0.0,0.0,0.0,0.0,0.0,0.0,0.0,0.0,0.0,0.0,0.0,0.0,0.0,0.0,0.0,0.0,0.0,0.0,0.0,0.0,0.0,0.0,0.0,0.0,0.0,0.0,0.0,0.0,0.0,0.0,0.0,0.0,0.0,0.0,0.0,0.0,0.0,0.0,0.0,0.0,0.0,0.0,0.0,0.0,0.0,0.0,0.0,0.0,0.0,0.0,0.0,0.0,0.0,0.0,0.0,0.0,0.0,0.0,0.0,0.0,0.0,0.0,0.0,0.0,0.0,0.0,0.0,0.0,0.0,0.0,0.0,0.0,0.0,0.0,0.0,0.0,0.0,0.0,0.0,0.0,0.0,0.0,0.0,0.0,0.0,0.0,0.0,0.0,0.0,0.0,0.0,0.0,0.0,0.0,0.0,0.0,0.0,0.0,0.0,0.0,0.0,0.0,0.0,0.0,0.0,0.0,0.0,0.0,0.0,0.0,0.0,0.0,0.0,0.0,0.0,0.0,0.0,0.0,0.0,0.0,0.0,0.0
ENCFF909ZUV,0.13134678797134963,42775,95,451,2973,43,3632,448,25,22,17,44,255,231,608,1172,1175,241,21,407,374,6,39,5,4,4,74,3358,273,1904,247,13,198,46,129,123,122,154,1,1,615,725,5,54,5,36,44,419,1999,585,36,129,118,33,22,384,17,29,19,10,37,123,52,1062,30,61,899,7,3915,3458,377,96,60,854,331,11,103,38,62,79,22,90,84,268,34,38,294,1,78,38,2,83,20,2,99,125,1747,11677,646,13,1730,2569,182,2239,119,56,322,115,125,1,158,437,430,13,380,2027,158,1705,14,106,134,583,31,2354,125,429,168,54,157,33,9,1612,756,2142,1867,579,751,1615,652,327,275,98,518,3467,38,516,6,6,3,0,131,13,44,730,272,38,330,2966,318,29,75,70,63,211,264,236,349,7,9,3,82,2,154,42,86,59,91,1,270,44,86,964,407,3786,195,2015,2111,1125,2268,1009,2097,7,1781,2190,777,575,1599,1221,482,65,747,73,20,51,58,8,5,2,5,295,18,3224,963,683,32,23034,2925,550,1893,1897,74,39,3048,1548,4841,186,2718,14,2518,3,27,57,12,20,63,18,300,150,2,47,77,52,76,19,191,106,19,20,316,219,143,188,105,32,53,68,35,37,14,40,92,453,108,23,127,211,177,1098,4269,2166,188,208,102,62,43,55,88,30,17,527,26,67,300,35,124,23,290,63,90,57,83,26,37,144,182,223,66,88,66,140,109,71,58,59,365,4,1,30,47,29,19,813,9,637,0,30,11,407,51,457,463,565,0,181,5,7,139,250,5661,209,333,155,86,199,204,8,12,45,1197,506,203,79,2,21,6,0,6,58,89,163,45,266,42,31,137,4035,160,181,7764,58,348,80,456,3376,216,28,1516,3945,65,88,83,28,28,67,17626,92,71,72,42,90,98,1663,6,692,173,4,1718,425,3,19,425,49,4,478,54,97,17,250,97,1926,293,471,70,78,37,101,80,66,59,3,61,0,122,14,4,10,433,22,46,78,1884,102,835,382,80,31,59,27,2048,318,1013,769,752,90,31,153,2,2380,417,739,3218,329,1303,91,20,23,320,89,86,54,115,646,71,4,398,77,4,4,226,217,2,727,15,1459,3155,2235,638,2213,261,71,4738,6486,1083,3036,4712,5338,12,14,67,61,19,63,95,26,23,50,484,0.0,0.0,0.0,0.0,0.0,0.0,0.0,0.0,0.0,0.0,0.0,0.0,0.0,0.0,0.0,0.0,0.0,0.0,0.0,0.0,0.0,0.0,0.0,0.0,0.0,0.0,0.0,0.0,0.0,0.0,0.0,0.0,0.0,0.0,0.0,0.0,0.0,0.0,0.0,0.0,0.0,0.0,0.0,0.0,0.0,0.0,0.0,0.0,0.0,0.0,0.0,0.0,0.0,0.0,0.0,0.0,0.0,0.0,0.0,0.0,0.0,0.0,0.0,0.0,0.0,0.0,0.0,0.0,0.0,0.0,0.0,0.0,0.0,0.0,0.0,0.0,0.0,0.0,0.0,0.0,0.0,0.0,0.0,0.0,0.0,0.0,0.0,0.0,0.0,0.0,0.0,0.0,0.0,0.0,0.0,0.0,0.0,0.0,0.0,0.0,0.0,0.0,0.0,0.0,0.0,0.0,0.0,0.0,0.0,0.0,0.0,0.0,0.0,0.0,0.0,0.0,0.0,0.0,0.0,0.0,0.0,0.0,0.0,0.0,0.0,0.0,0.0,0.0,0.0,0.0,0.0,0.0,0.0,0.0,0.0,0.0,0.0,0.0,0.0,0.0,0.0,0.0,0.0,0.0,0.0,0.0,0.0,0.0,0.0,0.0
ENCFF000YZB,0.16438198883963714,28120,73,2701,33236,506,63238,4901,261,246,208,444,2683,1293,3019,23316,13286,1774,289,3471,5418,134,568,113,44,20,793,229,3105,19646,3056,218,126,391,1872,1609,21,1604,18,13,5508,8319,25,490,10,13,511,5072,18580,31,498,1084,1527,347,225,4120,135,296,421,100,599,1335,152,5793,225,223,71,26,30595,38844,4861,1052,775,870,3336,159,1220,505,878,946,206,1015,1117,2952,423,619,3175,13,955,495,15,1015,90,8,827,1082,10170,135511,8012,88,22069,31260,2245,27073,1202,581,3651,1145,1216,31,2000,5852,6317,83,3663,24058,1591,18309,377,1500,1569,7375,669,27182,1246,5020,2561,493,2019,349,98,21489,4048,142,14515,3206,8614,19753,46,3798,1763,1171,3023,32713,261,189,53,83,23,17,1609,199,357,9561,3854,811,3425,34137,2526,361,1094,514,429,2247,3812,3500,3662,25,75,20,1025,3,1872,622,397,740,17,1,582,527,1099,11421,5744,34991,1915,18873,23965,12000,24013,11035,23272,135,21745,26664,8769,7443,18343,14329,3999,764,69,519,34,539,930,118,102,31,23,3181,123,26404,9514,2666,122,118835,29038,2422,20136,11027,803,478,28834,14816,40920,2887,36115,182,35870,63,324,575,59,299,1011,267,3362,1751,24,627,1011,585,986,431,2393,1402,191,191,4474,2470,1654,1793,1220,343,589,761,407,401,282,326,1135,3547,1988,381,1549,2105,2014,6765,13042,196,2030,2327,1172,779,640,763,1027,503,81,4868,499,799,4012,364,1487,399,3332,1076,1098,643,981,120,448,513,2221,2476,863,1030,676,2029,1411,731,907,948,3697,52,48,395,627,347,365,11340,97,7772,32,353,49,5108,492,5474,5421,6022,18,2446,84,118,1188,2782,40144,486,1426,1793,902,9,2503,96,86,443,12312,4867,2475,1031,23,165,76,10,47,749,1038,2132,533,3527,547,512,888,36740,349,1920,100177,583,4689,1099,5392,387,2796,317,99,2885,882,1111,1074,467,419,173,1414,1176,1039,1121,543,1150,1175,19809,52,8176,1750,32,20255,5301,54,183,5000,474,65,5646,894,1019,287,2856,1253,14884,2242,515,779,1153,429,1102,958,1156,684,7,811,23,1659,71,18,162,258,74,404,493,33368,1364,7643,4195,982,353,679,229,27383,85,13160,1466,9459,1068,274,2459,24,24126,4392,8534,34680,1601,11554,238,151,392,807,401,1113,817,1232,7276,1043,22,133,1092,14,18,3304,2960,5,115,110,17969,31641,24011,6430,27784,2900,280,50532,67738,10676,32391,48494,60812,127,127,792,658,195,923,863,198,336,575,5919,0.0,0.0,0.0,0.0,0.0,0.0,0.0,0.0,0.0,0.0,0.0,0.0,0.0,0.0,0.0,0.0,0.0,0.0,0.0,0.0,0.0,0.0,0.0,0.0,0.0,0.0,0.0,0.0,0.0,0.0,0.0,0.0,0.0,0.0,0.0,0.0,0.0,0.0,0.0,0.0,0.0,0.0,0.0,0.0,0.0,0.0,0.0,0.0,0.0,0.0,0.0,0.0,0.0,0.0,0.0,0.0,0.0,0.0,0.0,0.0,0.0,0.0,0.0,0.0,0.0,0.0,0.0,0.0,0.0,0.0,0.0,0.0,0.0,0.0,0.0,0.0,0.0,0.0,0.0,0.0,0.0,0.0,0.0,0.0,0.0,0.0,0.0,0.0,0.0,0.0,0.0,0.0,0.0,0.0,0.0,0.0,0.0,0.0,0.0,0.0,0.0,0.0,0.0,0.0,0.0,0.0,0.0,0.0,0.0,0.0,0.0,0.0,0.0,0.0,0.0,0.0,0.0,0.0,0.0,0.0,0.0,0.0,0.0,0.0,0.0,0.0,0.0,0.0,0.0,0.0,0.0,0.0,0.0,0.0,0.0,0.0,0.0,0.0,0.0,0.0,0.0,0.0,0.0,0.0,0.0,0.0,0.0,0.0,0.0,0.0
ENCFF696ZFX,0.1984238078147999,42461,142,7296,41649,1223,72663,8701,342,723,304,587,4558,7585,13601,22346,30525,5242,444,9502,9025,161,622,108,28,53,1133,109,4572,39584,3852,288,203,504,2457,2108,54,2241,40,9,9486,12164,56,898,39,45,732,6986,35394,30,649,1485,2058,520,366,6185,144,356,493,484,870,1805,1014,18879,458,811,57,8,69710,74157,6440,1395,975,1142,4775,144,1572,579,1052,1207,301,1312,1524,4141,513,661,5005,21,1198,623,33,1319,298,73,2109,1898,21648,225103,15783,183,37877,48434,3255,41641,1433,880,6083,2301,2815,36,3180,7792,7846,83,5882,33587,3977,34372,866,4354,4257,12755,2170,52973,1999,7654,4124,1044,2892,426,239,31968,20582,215,26816,13035,11050,27683,57,6630,4076,1484,4025,37495,459,210,125,131,43,50,2482,430,470,15561,5632,778,6431,45118,4296,448,1463,1188,939,4312,8659,7595,5184,188,185,37,1346,32,2565,781,1279,955,19,24,658,961,1368,17151,7828,51352,2893,41923,43817,20454,36367,17215,36880,400,35115,42588,11991,11414,28994,21853,9031,1392,34,2016,53,677,1233,174,118,27,109,4847,462,43535,16904,18628,632,284093,50421,4234,32508,34406,1142,739,55387,32213,86327,7167,52727,268,49596,47,604,814,43,405,1338,236,4520,1962,28,848,1302,809,1219,492,3087,1762,209,298,5460,3517,2161,2614,1485,489,690,1034,463,449,352,578,1472,8361,2022,482,2193,2869,2911,17241,43648,213,2477,3327,1713,1088,859,870,1268,709,125,8191,555,965,5544,530,1910,430,4983,1397,1319,788,1244,168,577,757,2905,3466,1064,1228,913,2520,1922,712,1086,1196,5552,19,53,519,808,496,822,14983,84,11208,28,583,51,6956,744,7650,9181,9118,34,3408,165,241,4061,3509,112049,585,2329,2594,1103,45,4222,134,168,596,22028,9713,3539,1362,30,191,170,14,69,918,1545,2714,787,4978,641,586,2146,58816,445,2955,156881,672,5724,1290,6421,297,3425,376,68,4110,1081,1315,1430,470,512,244,866,1527,1237,1365,756,1436,1672,30423,103,11396,3066,23,28434,9793,54,223,9138,787,73,7533,1104,1204,319,3912,1449,19947,4523,800,1013,1451,518,1450,1104,1235,1391,17,1343,15,2418,165,119,232,509,450,1236,1447,59747,3774,14408,9421,2211,754,1899,1103,39386,110,20356,2169,13416,1324,537,3376,17,47787,9209,13941,57537,5437,21677,353,592,437,1067,521,1558,989,1856,21804,1365,51,185,1412,29,20,4355,4108,65,148,199,28923,60730,42539,11538,45899,5098,1102,86794,126533,19214,62544,87290,105200,323,270,1002,921,271,1152,1402,344,483,1008,8588,0.0,0.0,0.0,0.0,0.0,0.0,0.0,0.0,0.0,0.0,0.0,0.0,0.0,0.0,0.0,0.0,0.0,0.0,0.0,0.0,0.0,0.0,0.0,0.0,0.0,0.0,0.0,0.0,0.0,0.0,0.0,0.0,0.0,0.0,0.0,0.0,0.0,0.0,0.0,0.0,0.0,0.0,0.0,0.0,0.0,0.0,0.0,0.0,0.0,0.0,0.0,0.0,0.0,0.0,0.0,0.0,0.0,0.0,0.0,0.0,0.0,0.0,0.0,0.0,0.0,0.0,0.0,0.0,0.0,0.0,0.0,0.0,0.0,0.0,0.0,0.0,0.0,0.0,0.0,0.0,0.0,0.0,0.0,0.0,0.0,0.0,0.0,0.0,0.0,0.0,0.0,0.0,0.0,0.0,0.0,0.0,0.0,0.0,0.0,0.0,0.0,0.0,0.0,0.0,0.0,0.0,0.0,0.0,0.0,0.0,0.0,0.0,0.0,0.0,0.0,0.0,0.0,0.0,0.0,0.0,0.0,0.0,0.0,0.0,0.0,0.0,0.0,0.0,0.0,0.0,0.0,0.0,0.0,0.0,0.0,0.0,0.0,0.0,0.0,0.0,0.0,0.0,0.0,0.0,0.0,0.0,0.0,0.0,0.0,0.0
ENCFF002DZR,0.19379002493712183,60045,295,3407,42949,835,85740,7310,344,642,334,696,3728,6091,9799,27323,37546,4107,554,5765,5977,197,808,116,115,93,1029,2823,3558,26922,4181,280,222,511,1998,1876,86,2049,24,28,8555,12473,79,800,69,72,653,6277,33001,354,558,1218,1619,533,378,7089,176,425,541,260,974,1710,341,14309,792,325,806,125,51933,59414,7774,1160,849,1604,5412,332,1364,607,886,1030,235,1165,1320,4123,500,597,3942,26,1014,512,20,1371,304,47,1877,1421,15001,198233,12043,100,31973,46250,2957,39498,1266,707,6078,1724,2132,39,3301,8596,8882,330,4476,35374,3192,42258,642,2574,2523,9601,1158,75042,1527,6602,3192,999,3045,649,244,33556,17077,2192,50021,9985,15330,32226,474,4962,3209,1347,4093,40159,319,630,145,111,44,28,2549,286,737,10898,5034,681,4025,47927,4200,638,1316,3048,2908,3421,5794,5186,6029,83,194,89,1117,59,2074,692,1165,899,65,8,692,847,1175,16557,7976,49009,2593,35066,36207,15736,41636,14414,30152,381,30089,35474,11932,10080,24771,20431,6353,1016,655,823,53,578,1055,237,124,42,45,4273,446,54985,12927,17929,444,216678,39994,3835,31536,26591,1235,602,43630,20822,61753,5410,46300,215,44931,52,340,819,214,346,1098,302,4117,2507,41,766,1049,708,968,472,2741,1587,224,242,5178,3270,2376,2888,1394,361,719,793,390,381,310,529,1211,5945,1371,401,1895,2607,2527,13725,39323,1913,2521,3304,1462,922,679,694,1126,608,169,8495,537,916,5544,448,1665,395,4461,1205,1057,637,1057,221,561,588,2689,2708,900,1071,794,2566,1720,841,883,1148,4355,20,41,498,716,544,272,15741,150,10567,17,552,76,7122,783,7595,6920,8001,29,3071,183,195,1620,4123,86745,803,2335,2259,1081,152,3022,232,463,721,16113,6771,3756,1574,98,267,147,12,56,728,2113,2534,609,3954,564,523,2013,68404,488,2292,130703,644,6277,1168,5860,2994,2821,316,1250,6034,890,1133,1176,414,468,309,14646,1387,1090,1193,569,1261,1450,27949,145,11487,2541,65,28215,6522,22,318,6124,926,50,7079,889,1272,331,3359,1246,17383,3560,898,849,1200,486,1303,978,1345,753,19,1018,26,1941,186,89,215,643,580,869,981,37544,2358,11135,6306,1588,530,1015,268,39817,299,16553,2098,13429,1640,489,3219,40,35248,6454,10946,48068,2221,26096,344,176,396,1145,603,1223,794,1668,8090,1194,49,457,1194,64,49,4519,4608,40,595,211,27388,43982,32695,7757,40169,4537,328,90884,98224,13975,45321,71982,87230,417,224,839,801,256,988,1380,367,509,791,7228,0.0,0.0,0.0,0.0,0.0,0.0,0.0,0.0,0.0,0.0,0.0,0.0,0.0,0.0,0.0,0.0,0.0,0.0,0.0,0.0,0.0,0.0,0.0,0.0,0.0,0.0,0.0,0.0,0.0,0.0,0.0,0.0,0.0,0.0,0.0,0.0,0.0,0.0,0.0,0.0,0.0,0.0,0.0,0.0,0.0,0.0,0.0,0.0,0.0,0.0,0.0,0.0,0.0,0.0,0.0,0.0,0.0,0.0,0.0,0.0,0.0,0.0,0.0,0.0,0.0,0.0,0.0,0.0,0.0,0.0,0.0,0.0,0.0,0.0,0.0,0.0,0.0,0.0,0.0,0.0,0.0,0.0,0.0,0.0,0.0,0.0,0.0,0.0,0.0,0.0,0.0,0.0,0.0,0.0,0.0,0.0,0.0,0.0,0.0,0.0,0.0,0.0,0.0,0.0,0.0,0.0,0.0,0.0,0.0,0.0,0.0,0.0,0.0,0.0,0.0,0.0,0.0,0.0,0.0,0.0,0.0,0.0,0.0,0.0,0.0,0.0,0.0,0.0,0.0,0.0,0.0,0.0,0.0,0.0,0.0,0.0,0.0,0.0,0.0,0.0,0.0,0.0,0.0,0.0,0.0,0.0,0.0,0.0,0.0,0.0
ENCFF995EWG,0.1878360354989611,13698,74,2068,20058,504,74446,2397,201,369,112,198,1745,3898,7012,11617,28272,2505,230,2633,2633,63,303,72,23,40,331,117,2171,14415,1609,122,85,233,1235,1105,22,1096,11,6,3565,5325,26,279,24,19,237,3329,12476,17,357,620,951,225,114,2430,81,176,151,46,307,811,374,8111,209,117,38,4,27828,24124,2958,716,475,748,1972,127,814,395,550,597,169,671,758,1797,339,409,2391,7,609,373,5,608,73,20,1286,837,12510,84096,4409,43,12724,18518,1648,16202,729,464,2007,568,595,6,1054,2944,2876,69,2338,15893,1933,17397,361,1449,1398,4129,636,25303,941,2583,1113,298,1130,222,31,11371,10457,79,11252,6070,4136,12961,18,2436,1834,823,1815,25875,296,101,110,51,32,20,901,118,167,4918,1927,342,2146,22887,2483,202,718,394,422,1566,1590,1425,2095,29,39,11,741,17,1201,465,521,51,6,6,339,337,672,6912,3375,19111,1346,16725,14753,7584,17763,7909,16516,144,13283,16015,4460,4142,11336,7794,3123,495,13,376,32,339,572,80,16,21,12,1727,254,21512,7508,9757,86,90804,20225,1687,13733,17062,442,206,21617,10195,35289,3225,17370,74,16915,9,129,279,27,223,618,69,2191,1023,9,491,634,406,579,318,1487,967,129,98,2652,1724,1111,1014,875,229,489,432,252,273,191,238,817,2589,850,284,953,1444,1384,9218,19120,96,1520,1275,834,522,350,420,668,387,41,3614,363,595,2482,234,870,292,2195,746,655,455,646,49,366,279,1673,1532,559,700,549,1216,888,517,555,651,2493,33,13,289,442,161,168,6845,51,4650,9,249,15,3134,317,3299,3202,5070,17,1368,58,72,740,1625,50490,282,813,1196,520,13,1698,88,83,290,7386,3499,1575,590,53,158,54,11,16,441,575,1243,328,2174,383,339,1405,36719,224,1444,59010,346,2834,724,3359,197,1575,216,33,1663,551,631,661,266,330,122,620,751,603,683,160,808,851,10933,23,5320,1050,11,11320,3096,21,115,2538,391,15,3818,528,429,114,1840,673,20616,2387,268,541,749,258,747,606,566,375,9,529,19,830,41,10,97,140,173,495,414,22034,1318,7148,3366,827,310,358,83,14625,21,6946,872,5402,621,200,1318,9,12179,2467,4251,19009,1502,10852,162,99,264,570,285,664,500,909,3436,617,26,97,737,14,17,1791,1732,28,56,81,10497,19495,15991,3702,15840,1863,177,38993,42038,7346,20813,30582,36269,194,89,493,535,145,655,482,163,232,324,3409,0.0,0.0,0.0,0.0,0.0,0.0,0.0,0.0,0.0,0.0,0.0,0.0,0.0,0.0,0.0,0.0,0.0,0.0,0.0,0.0,0.0,0.0,0.0,0.0,0.0,0.0,0.0,0.0,0.0,0.0,0.0,0.0,0.0,0.0,0.0,0.0,0.0,0.0,0.0,0.0,0.0,0.0,0.0,0.0,0.0,0.0,0.0,0.0,0.0,0.0,0.0,0.0,0.0,0.0,0.0,0.0,0.0,0.0,0.0,0.0,0.0,0.0,0.0,0.0,0.0,0.0,0.0,0.0,0.0,0.0,0.0,0.0,0.0,0.0,0.0,0.0,0.0,0.0,0.0,0.0,0.0,0.0,0.0,0.0,0.0,0.0,0.0,0.0,0.0,0.0,0.0,0.0,0.0,0.0,0.0,0.0,0.0,0.0,0.0,0.0,0.0,0.0,0.0,0.0,0.0,0.0,0.0,0.0,0.0,0.0,0.0,0.0,0.0,0.0,0.0,0.0,0.0,0.0,0.0,0.0,0.0,0.0,0.0,0.0,0.0,0.0,0.0,0.0,0.0,0.0,0.0,0.0,0.0,0.0,0.0,0.0,0.0,0.0,0.0,0.0,0.0,0.0,0.0,0.0,0.0,0.0,0.0,0.0,0.0,0.0
ENCFF185IUS,0.18674531759691007,68102,267,6421,93368,1480,150526,9961,640,1008,458,770,5709,9577,22230,52539,58377,7118,818,9063,9591,262,1152,200,180,192,1750,2056,6675,67334,6015,471,278,824,3717,3588,124,3608,37,13,13394,18224,140,1132,104,67,1053,10889,70886,280,990,2223,3018,765,465,9344,275,546,631,214,1253,2553,1071,34631,507,844,579,48,100029,78806,10671,2241,1536,2530,7249,420,2580,1072,1634,1883,496,2258,2340,6155,947,1206,7621,34,1856,967,28,2007,595,54,2303,3232,37901,287490,15245,194,43216,64415,4921,55804,2325,1360,8454,2713,2860,43,4409,10762,10738,364,8017,52439,5829,69179,1126,4667,4254,14602,1918,105935,2841,9876,4733,1216,4168,588,257,43540,28970,1042,64488,20242,16692,43442,407,8133,5449,2421,5987,176896,1053,613,268,171,65,80,3517,572,731,17136,7420,1150,6578,98362,8861,727,2226,1511,1254,5127,6904,6144,7708,120,150,67,2136,57,3669,1415,2170,368,52,17,1145,1204,2003,23375,11481,70517,4267,54425,56302,25811,68080,24612,51542,479,44292,53583,17002,14252,39265,29384,11121,1600,433,1419,127,1123,1933,296,145,51,220,6349,644,84399,25737,25722,432,318717,67511,6192,46828,62125,1758,831,72169,34483,123814,8941,62304,226,62028,55,561,1107,98,572,1899,337,7134,3498,41,1495,1882,1287,1862,866,4871,2916,316,370,8822,5337,3618,4066,2508,734,1324,1527,766,780,591,715,2479,9256,2504,778,3154,4312,4393,26914,66662,1452,4793,4638,2510,1642,1279,1306,2011,1179,209,12527,972,1698,8622,717,2927,831,7189,2262,2203,1324,1928,271,1042,1064,5084,4895,1680,1943,1481,3938,2887,1565,1672,2062,8039,65,57,861,1367,614,570,23701,237,15459,54,805,89,10937,1148,11401,11069,13746,78,4636,192,268,3978,6188,149302,1058,3089,3705,1873,153,5323,347,1222,1149,27651,11030,5137,2140,59,295,198,45,74,1382,2713,4041,1187,6137,1011,962,5809,132511,865,4208,190340,1113,9403,2099,10651,2282,5080,579,848,7551,1798,1982,2074,702,836,439,10431,2512,1895,2162,804,2434,2575,42258,186,18489,3761,88,41232,12789,154,468,12784,1191,125,12570,1709,2337,453,6023,2304,79634,8731,1139,1550,2194,833,2396,1715,1920,1259,66,1628,64,3043,281,131,269,776,1185,1550,1800,103177,4480,25095,12201,3154,1175,1775,553,60010,283,23854,3114,19084,2333,708,4516,22,45276,8709,16242,69079,4378,68000,536,317,750,1807,870,2181,1574,2840,21681,2030,88,399,2250,42,65,6464,6276,42,498,290,38793,69373,56552,13660,57273,6521,620,134290,151631,24673,73670,109988,129690,566,280,1551,1506,372,1866,1916,601,784,1222,12193,0.0,0.0,0.0,0.0,0.0,0.0,0.0,0.0,0.0,0.0,0.0,0.0,0.0,0.0,0.0,0.0,0.0,0.0,0.0,0.0,0.0,0.0,0.0,0.0,0.0,0.0,0.0,0.0,0.0,0.0,0.0,0.0,0.0,0.0,0.0,0.0,0.0,0.0,0.0,0.0,0.0,0.0,0.0,0.0,0.0,0.0,0.0,0.0,0.0,0.0,0.0,0.0,0.0,0.0,0.0,0.0,0.0,0.0,0.0,0.0,0.0,0.0,0.0,0.0,0.0,0.0,0.0,0.0,0.0,0.0,0.0,0.0,0.0,0.0,0.0,0.0,0.0,0.0,0.0,0.0,0.0,0.0,0.0,0.0,0.0,0.0,0.0,0.0,0.0,0.0,0.0,0.0,0.0,0.0,0.0,0.0,0.0,0.0,0.0,0.0,0.0,0.0,0.0,0.0,0.0,0.0,0.0,0.0,0.0,0.0,0.0,0.0,0.0,0.0,0.0,0.0,0.0,0.0,0.0,0.0,0.0,0.0,0.0,0.0,0.0,0.0,0.0,0.0,0.0,0.0,0.0,0.0,0.0,0.0,0.0,0.0,0.0,0.0,0.0,0.0,0.0,0.0,0.0,0.0,0.0,0.0,0.0,0.0,0.0,0.0
ENCFF000YFG,0.061699705607117426,25487,153,638,9954,152,16815,1239,72,72,51,122,511,586,1385,4907,4588,612,69,1307,1034,35,128,11,13,4,169,1864,564,4626,698,45,105,77,322,300,33,326,8,3,1434,2019,4,138,5,34,123,990,4792,211,102,166,210,80,74,1285,42,75,107,31,147,258,51,2519,58,63,464,13,9264,9701,1372,178,124,612,1236,51,215,88,130,132,42,182,218,706,101,102,546,4,151,87,8,251,26,9,226,223,3550,31208,1875,21,4893,7132,409,6135,166,101,886,266,328,3,499,1423,1404,23,994,6028,530,4990,101,535,463,1601,235,7165,272,1290,539,153,612,69,37,5149,2089,1059,3280,1443,2721,4923,325,751,1131,191,803,10430,79,272,25,17,2,7,349,38,115,2011,887,124,867,9974,690,79,168,213,151,552,1052,984,1139,12,28,7,171,3,377,100,164,2450,28,0,198,184,130,2831,1254,8522,481,4992,5768,2882,6195,2538,4860,30,4737,5620,2117,1633,4398,3414,1226,135,416,199,15,111,132,41,11,1,13,850,55,6924,2237,1504,46,47184,7392,772,5036,4342,210,135,7688,3809,11156,1028,9197,46,9335,12,65,154,25,35,130,90,627,422,8,143,186,99,165,75,447,251,117,62,789,628,372,567,205,62,114,115,73,62,40,114,217,906,266,77,303,442,380,2069,4973,993,347,661,240,151,92,110,158,104,28,1345,111,147,877,58,265,97,661,212,222,131,170,58,84,117,440,388,159,166,133,504,230,141,155,162,688,9,7,47,97,118,124,2774,37,2036,8,101,38,1156,162,1360,1410,1568,5,477,17,32,364,659,11859,202,499,390,225,79,440,35,22,126,2727,1567,518,253,11,40,20,7,10,118,336,531,148,675,103,91,280,12294,179,369,21443,87,1028,164,865,1761,463,53,475,2053,171,146,182,94,84,56,7707,229,183,182,82,210,248,4602,9,1757,447,9,5232,1375,14,44,1293,144,15,1243,134,424,67,512,200,3022,601,324,187,186,81,173,135,262,165,7,217,8,377,17,2,23,210,65,152,135,7682,420,1764,1179,301,82,185,46,6574,327,2973,643,2240,247,52,570,6,5717,1089,1914,7989,495,2620,72,53,69,245,159,197,112,227,1466,162,8,152,229,6,2,786,758,0,327,43,4273,6840,5351,1231,5950,807,62,12681,14922,2277,6990,11356,13865,38,44,157,158,49,158,261,63,83,118,1366,0.0,0.0,0.0,0.0,0.0,0.0,0.0,0.0,0.0,0.0,0.0,0.0,0.0,0.0,0.0,0.0,0.0,0.0,0.0,0.0,0.0,0.0,0.0,0.0,0.0,0.0,0.0,0.0,0.0,0.0,0.0,0.0,0.0,0.0,0.0,0.0,0.0,0.0,0.0,0.0,0.0,0.0,0.0,0.0,0.0,0.0,0.0,0.0,0.0,0.0,0.0,0.0,0.0,0.0,0.0,0.0,0.0,0.0,0.0,0.0,0.0,0.0,0.0,0.0,0.0,0.0,0.0,0.0,0.0,0.0,0.0,0.0,0.0,0.0,0.0,0.0,0.0,0.0,0.0,0.0,0.0,0.0,0.0,0.0,0.0,0.0,0.0,0.0,0.0,0.0,0.0,0.0,0.0,0.0,0.0,0.0,0.0,0.0,0.0,0.0,0.0,0.0,0.0,0.0,0.0,0.0,0.0,0.0,0.0,0.0,0.0,0.0,0.0,0.0,0.0,0.0,0.0,0.0,0.0,0.0,0.0,0.0,0.0,0.0,0.0,0.0,0.0,0.0,0.0,0.0,0.0,0.0,0.0,0.0,0.0,0.0,0.0,0.0,0.0,0.0,0.0,0.0,0.0,0.0,0.0,0.0,0.0,0.0,0.0,0.0
ENCFF000YXD,0.07222062600138159,3761,32,168,921,23,3009,329,17,50,23,77,120,86,213,470,612,148,37,259,509,16,82,12,8,1,27,74,160,488,330,33,15,30,74,65,2,95,0,3,557,824,4,55,1,8,31,244,453,9,50,29,49,46,30,773,16,32,37,5,64,80,4,219,16,19,26,4,2105,3258,779,35,26,70,1049,24,44,23,26,27,5,42,57,303,20,25,153,3,22,18,1,117,3,0,64,44,374,11813,792,6,2430,3025,118,2654,72,19,442,99,102,0,215,1045,1034,26,477,3558,89,1067,10,61,68,607,27,779,53,727,286,43,256,16,5,2921,333,42,315,226,2518,2499,18,226,90,56,257,1047,13,23,4,13,2,4,199,18,48,918,385,75,255,973,119,33,39,109,65,161,310,280,725,1,1,6,37,0,73,21,182,221,1,0,20,54,35,1308,576,3408,151,1616,1938,796,1013,866,1864,14,1937,2189,1118,754,1846,1680,377,51,31,44,5,8,30,21,2,2,1,398,7,1081,648,198,14,18303,2438,231,2063,418,97,56,2516,1225,2736,131,3779,10,4293,8,17,66,20,4,39,20,193,170,2,28,46,22,40,17,112,55,53,10,280,197,119,324,42,5,25,20,15,15,13,58,47,276,58,20,90,117,65,321,599,56,101,318,57,37,21,21,34,20,32,705,20,32,412,12,109,19,251,30,35,27,37,16,26,21,94,80,30,32,42,246,77,26,33,42,126,1,7,19,25,30,11,1667,19,1031,5,44,9,453,71,779,616,635,0,149,10,22,32,287,2875,57,152,132,81,5,101,20,6,55,749,263,167,127,12,34,13,0,0,19,38,257,31,275,16,13,42,1249,19,90,10144,24,468,31,207,97,107,9,24,316,38,38,28,27,21,11,459,57,40,45,18,57,49,1782,5,662,145,0,2726,575,0,22,371,55,2,392,24,157,24,137,39,322,90,54,35,51,15,48,22,170,21,0,135,1,160,1,3,18,27,40,12,28,951,46,308,176,38,30,55,5,3668,8,1033,143,1139,88,21,272,0,1685,346,660,2974,97,294,6,37,12,29,38,48,23,60,171,27,2,22,36,0,0,376,377,8,16,19,1832,2346,1663,369,2660,277,29,3803,5592,778,2349,4342,5774,22,22,37,26,11,26,119,16,49,40,589,0.0,0.0,0.0,0.0,0.0,0.0,0.0,0.0,0.0,0.0,0.0,0.0,0.0,0.0,0.0,0.0,0.0,0.0,0.0,0.0,0.0,0.0,0.0,0.0,0.0,0.0,0.0,0.0,0.0,0.0,0.0,0.0,0.0,0.0,0.0,0.0,0.0,0.0,0.0,0.0,0.0,0.0,0.0,0.0,0.0,0.0,0.0,0.0,0.0,0.0,0.0,0.0,0.0,0.0,0.0,0.0,0.0,0.0,0.0,0.0,0.0,0.0,0.0,0.0,0.0,0.0,0.0,0.0,0.0,0.0,0.0,0.0,0.0,0.0,0.0,0.0,0.0,0.0,0.0,0.0,0.0,0.0,0.0,0.0,0.0,0.0,0.0,0.0,0.0,0.0,0.0,0.0,0.0,0.0,0.0,0.0,0.0,0.0,0.0,0.0,0.0,0.0,0.0,0.0,0.0,0.0,0.0,0.0,0.0,0.0,0.0,0.0,0.0,0.0,0.0,0.0,0.0,0.0,0.0,0.0,0.0,0.0,0.0,0.0,0.0,0.0,0.0,0.0,0.0,0.0,0.0,0.0,0.0,0.0,0.0,0.0,0.0,0.0,0.0,0.0,0.0,0.0,0.0,0.0,0.0,0.0,0.0,0.0,0.0,0.0
ENCFF000NRX,0.16000378276267815,50498,135,2634,20720,354,79887,10197,269,383,383,701,2781,2144,4941,11840,22627,2975,1023,5337,5997,247,1045,118,119,196,1066,1825,3283,28605,5425,385,147,524,1913,1863,44,2681,28,16,10619,15718,107,874,59,40,1005,7147,19842,194,1088,952,1299,674,548,9212,214,500,457,266,1253,1417,148,8902,291,415,467,66,40806,50497,11148,1074,648,1611,8385,541,1348,541,719,833,218,987,1260,4742,362,506,3390,25,736,474,24,1865,504,76,1837,910,10962,199620,13220,99,36313,51389,2637,43933,1279,572,7288,2123,2132,40,4657,10343,10826,182,4579,44156,1588,28817,157,880,1079,9527,371,34229,1131,7447,3411,1112,3839,547,122,44504,6961,1079,21844,5538,18095,40675,182,4471,3379,1189,4407,28008,567,486,72,153,69,61,3641,484,624,11243,6048,754,4390,22178,2279,587,1199,2062,1417,3485,4767,4461,7904,82,295,77,954,52,1373,506,3013,528,21,2,420,1111,1155,18940,9280,54110,2456,28212,35965,15443,22446,15235,27788,457,33572,39644,13804,12335,32202,24345,8136,977,353,899,50,536,835,242,68,57,131,4629,163,27532,9649,6640,361,207335,40035,4169,32560,16047,1694,649,41015,18265,47924,2217,59121,140,60429,33,423,888,83,271,893,309,4190,3579,40,603,820,533,828,383,2586,1506,185,309,6107,3771,2343,4150,1309,295,608,758,350,315,240,641,1078,4848,752,353,1892,2704,2136,7983,13172,1176,2503,4453,1387,810,663,541,842,461,122,13274,495,945,6878,336,1910,408,4225,959,1009,496,836,249,377,558,2453,2036,745,855,702,3110,1691,968,689,963,3676,37,54,384,543,945,470,23962,288,13733,31,559,116,9264,1356,11840,8015,8372,49,4195,111,172,2073,5955,52977,1178,2982,2313,1362,85,2557,305,556,1628,17460,6231,3425,2480,79,273,104,20,36,565,1122,3125,719,3931,477,487,1159,32716,388,1998,150873,502,8340,891,6445,2287,2515,315,696,5219,739,1154,1111,327,447,415,10500,1383,849,1149,448,1215,1332,32308,81,13286,2462,78,36226,9423,46,409,6260,1405,72,7477,684,2022,311,3762,1042,15549,2188,721,718,1138,451,1220,841,1840,853,29,1061,43,2106,259,52,339,487,825,336,750,21867,743,6050,3369,721,684,1087,295,54100,132,19690,1543,16526,2098,271,3986,16,37367,6666,11892,51746,1273,11315,210,240,362,923,431,1096,699,1237,6817,992,20,466,953,57,39,5760,6430,33,327,293,35192,40563,29721,7338,43030,5356,1058,68299,101212,12697,40499,75943,94993,281,192,649,615,243,800,1611,503,539,971,7693,0.0,0.0,0.0,0.0,0.0,0.0,0.0,0.0,0.0,0.0,0.0,0.0,0.0,0.0,0.0,0.0,0.0,0.0,0.0,0.0,0.0,0.0,0.0,0.0,0.0,0.0,0.0,0.0,0.0,0.0,0.0,0.0,0.0,0.0,0.0,0.0,0.0,0.0,0.0,0.0,0.0,0.0,0.0,0.0,0.0,0.0,0.0,0.0,0.0,0.0,0.0,0.0,0.0,0.0,0.0,0.0,0.0,0.0,0.0,0.0,0.0,0.0,0.0,0.0,0.0,0.0,0.0,0.0,0.0,0.0,0.0,0.0,0.0,0.0,0.0,0.0,0.0,0.0,0.0,0.0,0.0,0.0,0.0,0.0,0.0,0.0,0.0,0.0,0.0,0.0,0.0,0.0,0.0,0.0,0.0,0.0,0.0,0.0,0.0,0.0,0.0,0.0,0.0,0.0,0.0,0.0,0.0,0.0,0.0,0.0,0.0,0.0,0.0,0.0,0.0,0.0,0.0,0.0,0.0,0.0,0.0,0.0,0.0,0.0,0.0,0.0,0.0,0.0,0.0,0.0,0.0,0.0,0.0,0.0,0.0,0.0,0.0,0.0,0.0,0.0,0.0,0.0,0.0,0.0,0.0,0.0,0.0,0.0,0.0,0.0
ENCFF641ITN,0.13775068977286903,45595,215,3042,48802,535,144285,6799,436,226,238,467,4448,1793,8133,30721,26422,2035,700,5258,4976,97,565,34,45,58,1376,2154,4266,35607,3431,144,56,490,2955,2490,43,2594,19,2,7069,9116,62,373,93,57,731,7383,30077,193,906,1790,2047,300,220,4314,108,346,206,125,706,2064,1004,19542,738,305,654,111,53820,46755,4440,1820,1069,2476,4066,195,1949,926,1162,1314,374,1767,1767,3044,651,1143,5490,17,1281,1106,16,885,348,24,1214,1640,28207,146940,8185,114,21753,32365,3570,27878,2757,1004,3379,1142,1366,19,2647,5901,6258,76,4718,27531,1874,47469,232,1108,1497,6546,515,77381,1982,5191,2066,317,1812,185,40,22634,8155,1027,32951,8198,8504,23166,356,5314,5590,1793,3555,50067,187,240,127,88,47,40,1694,376,426,9530,3149,322,4203,50470,4136,267,1765,911,712,2559,3362,3256,4344,54,66,39,1609,24,2072,935,4913,2255,21,30,766,537,1758,10918,5592,36461,3182,23654,33243,15236,41238,16208,30408,264,23520,29735,8639,7846,23968,16092,4919,996,215,988,86,996,1771,124,30,30,29,3857,130,66873,12676,7157,306,196838,40899,4625,25759,30913,868,428,39683,18660,68777,2696,32924,137,30204,32,255,738,30,481,1391,196,5607,2359,27,1148,1198,959,1473,763,3495,1989,156,199,6245,3842,2060,2372,2450,578,1229,1255,694,456,389,254,2030,5246,1325,590,1748,3245,2689,13864,83574,1716,3323,2739,1621,1309,929,920,1444,951,71,6610,805,2060,4841,548,2034,808,4318,2107,1548,1161,1568,169,783,634,3659,3044,1345,1433,1315,2563,2329,1642,1134,1803,4994,32,29,669,1160,387,438,11439,109,7292,25,269,55,6071,654,6092,5809,8641,22,2558,67,54,1292,2908,95208,572,1679,2765,1092,75,3140,104,546,1233,18501,7226,4579,1188,35,135,45,37,49,930,1216,2157,987,4054,1040,729,2357,68188,351,2451,99742,722,6085,1557,8740,2609,2936,469,540,3922,1191,1512,1588,624,539,198,12534,1982,1500,1519,635,1623,1793,22765,30,15598,1338,21,22803,7608,16,314,5457,761,41,8839,1122,751,126,4577,1548,22381,3350,537,1070,1674,941,1310,1352,855,903,27,798,26,2152,87,52,57,253,299,247,829,38809,1201,10817,5700,987,642,558,206,23908,105,11884,1724,8577,1094,112,2284,10,29002,5257,9634,38220,3795,21789,219,182,532,1438,800,1383,1163,1651,7497,1485,17,180,1639,34,22,2665,2706,7,199,150,23027,42650,33047,8826,29109,4125,794,71142,87180,14398,41493,69073,72188,221,101,1107,1030,358,1344,585,401,225,609,6544,0.0,0.0,0.0,0.0,0.0,0.0,0.0,0.0,0.0,0.0,0.0,0.0,0.0,0.0,0.0,0.0,0.0,0.0,0.0,0.0,0.0,0.0,0.0,0.0,0.0,0.0,0.0,0.0,0.0,0.0,0.0,0.0,0.0,0.0,0.0,0.0,0.0,0.0,0.0,0.0,0.0,0.0,0.0,0.0,0.0,0.0,0.0,0.0,0.0,0.0,0.0,0.0,0.0,0.0,0.0,0.0,0.0,0.0,0.0,0.0,0.0,0.0,0.0,0.0,0.0,0.0,0.0,0.0,0.0,0.0,0.0,0.0,0.0,0.0,0.0,0.0,0.0,0.0,0.0,0.0,0.0,0.0,0.0,0.0,0.0,0.0,0.0,0.0,0.0,0.0,0.0,0.0,0.0,0.0,0.0,0.0,0.0,0.0,0.0,0.0,0.0,0.0,0.0,0.0,0.0,0.0,0.0,0.0,0.0,0.0,0.0,0.0,0.0,0.0,0.0,0.0,0.0,0.0,0.0,0.0,0.0,0.0,0.0,0.0,0.0,0.0,0.0,0.0,0.0,0.0,0.0,0.0,0.0,0.0,0.0,0.0,0.0,0.0,0.0,0.0,0.0,0.0,0.0,0.0,0.0,0.0,0.0,0.0,0.0,0.0
ENCFF679YFV,0.14876192814860517,64062,203,1874,44032,518,149616,9356,471,202,187,455,4741,1643,6895,23916,20407,1957,605,10134,4202,82,506,25,124,105,1587,4396,4333,63158,3490,111,42,490,3207,2909,48,3460,52,8,7738,7685,114,321,73,30,902,7321,30609,255,956,2427,2267,123,172,3399,77,255,194,214,709,2922,387,20624,3926,658,1078,212,53155,46993,4912,1948,1142,2445,4284,151,2251,1026,1154,1398,441,1878,2066,2334,678,1130,5426,23,1350,1181,24,897,298,52,1719,1352,27602,138282,7031,132,18774,29765,4335,25953,2204,1095,2858,1161,1582,25,2848,5660,6101,194,4359,35319,2340,77391,308,1565,1766,6172,778,128885,2195,4873,1784,405,1573,223,112,19036,7077,2208,33842,10129,9294,20185,158,5047,13828,1887,2897,70549,616,302,71,79,42,50,1521,395,712,8496,2780,239,5202,42703,3270,211,2121,2333,1447,2543,3089,3137,4676,75,188,105,1727,62,2138,983,1184,76,35,27,669,435,2006,10469,4990,36381,3239,24952,34454,15697,48935,17211,30300,222,23289,30312,8183,7890,24201,16869,5870,1099,319,1107,28,1325,2004,180,68,80,162,3344,205,88761,13673,14373,834,169884,43543,4389,27377,33970,745,420,38909,22520,67362,2695,34242,107,28775,31,261,718,48,558,1326,347,5504,1825,35,1145,1035,966,1631,800,3992,1962,99,168,5933,4219,2063,2353,2709,521,1448,1387,790,516,382,337,1639,5904,1414,621,1506,3715,2643,11277,57671,3732,3459,2556,1685,1419,1134,1047,1324,803,53,8702,860,2477,4730,462,2062,866,4387,2680,1729,1405,1619,131,732,666,3891,2891,1413,1308,1271,2277,2361,1795,1012,1912,4041,30,33,717,1295,446,516,9922,273,7203,31,173,73,4957,435,6052,5995,8645,66,2424,126,56,3519,2047,97072,482,1836,2969,962,32,3151,182,259,1254,22180,12476,7157,1124,78,214,98,31,73,1012,2048,1573,1285,3578,1052,753,1707,74092,221,2489,79576,663,5442,1559,9804,4936,2846,472,573,3851,1212,1687,1821,492,364,82,31945,2500,1694,1699,621,1764,2022,22733,55,15694,1154,46,20663,7444,60,311,5704,1101,82,8290,1197,857,131,4994,1674,34769,2878,725,1251,1771,920,1268,1492,1195,1504,60,1158,52,2498,164,49,56,226,904,310,1333,27485,1314,9429,5118,776,601,725,295,20056,274,10328,1714,6749,1190,47,1983,15,34312,6403,10591,39994,1986,25350,153,394,602,1560,822,1577,1280,1573,10313,1473,16,119,1613,54,85,2223,2048,25,244,109,22413,35668,28456,8225,25886,3735,368,75811,75886,13134,33914,60444,65493,275,54,1114,1017,438,1438,499,224,141,769,6049,0.0,0.0,0.0,0.0,0.0,0.0,0.0,0.0,0.0,0.0,0.0,0.0,0.0,0.0,0.0,0.0,0.0,0.0,0.0,0.0,0.0,0.0,0.0,0.0,0.0,0.0,0.0,0.0,0.0,0.0,0.0,0.0,0.0,0.0,0.0,0.0,0.0,0.0,0.0,0.0,0.0,0.0,0.0,0.0,0.0,0.0,0.0,0.0,0.0,0.0,0.0,0.0,0.0,0.0,0.0,0.0,0.0,0.0,0.0,0.0,0.0,0.0,0.0,0.0,0.0,0.0,0.0,0.0,0.0,0.0,0.0,0.0,0.0,0.0,0.0,0.0,0.0,0.0,0.0,0.0,0.0,0.0,0.0,0.0,0.0,0.0,0.0,0.0,0.0,0.0,0.0,0.0,0.0,0.0,0.0,0.0,0.0,0.0,0.0,0.0,0.0,0.0,0.0,0.0,0.0,0.0,0.0,0.0,0.0,0.0,0.0,0.0,0.0,0.0,0.0,0.0,0.0,0.0,0.0,0.0,0.0,0.0,0.0,0.0,0.0,0.0,0.0,0.0,0.0,0.0,0.0,0.0,0.0,0.0,0.0,0.0,0.0,0.0,0.0,0.0,0.0,0.0,0.0,0.0,0.0,0.0,0.0,0.0,0.0,0.0
ENCFF000VIS,0.08327180839616015,4367,11,342,3933,54,6341,500,28,31,29,46,204,248,530,1546,2047,266,50,381,496,36,91,6,12,5,79,154,268,2956,335,25,16,50,179,144,5,174,2,1,576,1110,6,98,0,0,55,491,2414,18,71,96,106,47,37,706,18,31,40,24,73,101,33,896,19,72,65,3,4026,4791,794,91,55,108,587,22,97,42,65,88,21,91,97,390,28,53,269,0,56,44,4,147,38,1,157,116,1417,16159,1103,9,3067,4029,195,3602,130,48,533,147,151,2,315,828,721,8,424,3265,210,2318,40,196,142,804,78,2746,95,573,253,71,291,26,7,3231,892,78,1616,606,1365,2705,38,327,238,81,353,2778,50,33,5,20,9,3,235,35,46,889,528,46,393,3722,315,41,84,140,112,256,521,391,638,9,30,1,75,2,138,42,325,3852,4,0,48,70,87,1615,715,4574,212,2422,3102,1170,2554,1153,2287,20,2828,3222,1316,996,2194,1880,629,90,29,62,6,30,65,16,3,1,0,348,19,3824,1066,879,42,16843,2887,296,2568,1550,122,59,3659,1593,4432,330,4365,7,4561,3,30,59,12,27,71,21,248,173,5,58,79,44,81,33,191,117,16,12,370,283,160,287,70,17,53,49,32,37,24,73,108,437,86,29,196,212,152,1159,1873,101,199,362,137,95,56,40,60,41,20,707,45,55,537,23,153,41,325,77,73,51,46,33,36,50,188,159,58,85,62,270,135,41,69,68,240,1,1,38,32,58,24,1406,14,948,6,49,11,623,83,639,611,579,3,222,5,16,79,436,4023,84,218,208,101,11,165,13,14,75,1182,508,248,166,1,33,14,0,0,45,142,272,46,323,51,42,177,4885,34,149,12117,30,636,86,386,188,199,26,82,444,75,79,88,44,35,21,729,106,55,86,32,87,110,2537,7,1013,270,6,2770,681,9,34,717,70,2,590,57,162,35,250,76,2013,315,57,73,70,25,93,61,119,52,4,106,1,158,50,8,14,52,77,56,76,3056,167,938,464,126,44,113,24,4081,22,1427,152,1403,145,14,273,2,2516,477,874,3688,94,1172,18,22,32,68,31,74,48,114,664,82,5,39,103,2,3,515,472,0,32,20,2389,3256,2404,523,3432,441,42,6545,8170,1121,3402,5966,7572,35,24,52,72,32,73,134,27,43,56,623,0.0,0.0,0.0,0.0,0.0,0.0,0.0,0.0,0.0,0.0,0.0,0.0,0.0,0.0,0.0,0.0,0.0,0.0,0.0,0.0,0.0,0.0,0.0,0.0,0.0,0.0,0.0,0.0,0.0,0.0,0.0,0.0,0.0,0.0,0.0,0.0,0.0,0.0,0.0,0.0,0.0,0.0,0.0,0.0,0.0,0.0,0.0,0.0,0.0,0.0,0.0,0.0,0.0,0.0,0.0,0.0,0.0,0.0,0.0,0.0,0.0,0.0,0.0,0.0,0.0,0.0,0.0,0.0,0.0,0.0,0.0,0.0,0.0,0.0,0.0,0.0,0.0,0.0,0.0,0.0,0.0,0.0,0.0,0.0,0.0,0.0,0.0,0.0,0.0,0.0,0.0,0.0,0.0,0.0,0.0,0.0,0.0,0.0,0.0,0.0,0.0,0.0,0.0,0.0,0.0,0.0,0.0,0.0,0.0,0.0,0.0,0.0,0.0,0.0,0.0,0.0,0.0,0.0,0.0,0.0,0.0,0.0,0.0,0.0,0.0,0.0,0.0,0.0,0.0,0.0,0.0,0.0,0.0,0.0,0.0,0.0,0.0,0.0,0.0,0.0,0.0,0.0,0.0,0.0,0.0,0.0,0.0,0.0,0.0,0.0
ENCFF001HSL,0.10970915609128075,20322,102,1050,9595,182,27344,3225,62,116,71,600,1045,950,2574,4501,6733,990,146,2792,4202,178,263,24,20,48,278,280,941,10789,2163,92,51,155,495,448,21,687,9,166,3955,3896,8,199,29,48,174,1731,3844,82,135,287,323,158,152,3205,54,94,115,33,269,450,216,3950,269,192,106,31,15771,16596,4200,316,175,356,1688,118,378,147,208,248,71,254,339,1198,118,147,1015,4,237,172,7,480,73,11,516,350,5981,57711,3775,36,9784,18415,984,14195,344,177,2967,820,2959,13,2231,7657,7080,77,2854,14613,669,7721,102,412,501,2860,175,10581,367,3613,2983,1694,1070,154,58,14808,3612,1140,9393,2380,8393,11925,80,1330,1484,373,1191,14188,232,87,77,32,20,22,783,123,1858,4933,1628,244,1286,9873,943,148,315,445,384,1023,8903,5077,3084,25,64,11,240,1,436,187,275,231,16,1,139,265,292,5469,2487,18713,658,9637,11498,5395,10067,5743,9343,75,12122,14957,4191,3303,12547,7139,2084,247,126,337,41,158,255,57,31,12,6,2152,113,12876,3672,2637,60,144449,11795,1037,9966,7276,447,517,12978,6547,18558,819,21116,64,17807,22,115,542,52,75,338,92,1659,771,815,155,233,164,243,120,739,403,145,76,1422,1284,637,1989,325,86,159,222,95,125,82,198,284,2009,382,105,525,683,616,3266,6816,270,652,2009,332,252,197,172,230,136,110,2449,152,248,1938,108,480,103,1516,260,305,162,284,521,120,301,659,719,195,252,175,862,427,221,209,240,1015,9,4,99,150,764,47,7294,49,7400,11,173,41,2110,380,5198,3151,2852,15,1070,28,54,595,2063,21796,239,762,702,331,15,770,53,88,336,5393,3433,1162,484,15,60,32,4,22,177,290,1132,193,1507,143,123,867,13184,97,499,43625,204,1973,241,1609,453,740,72,190,1324,179,295,355,123,137,72,1845,359,288,343,348,288,362,9742,25,3265,646,21,10939,2365,4,103,2063,242,10,1931,230,1200,104,970,337,3584,1134,216,182,325,130,350,255,733,252,13,356,7,1637,81,17,94,167,191,189,226,9061,414,2870,1335,274,127,1026,102,23972,30,5338,523,4347,487,107,862,16,17059,3983,4794,26060,594,5492,66,142,88,248,171,350,205,377,2267,288,12,101,253,9,7,1316,1579,11,82,100,8397,14694,11176,2235,12135,1523,296,22886,33581,4710,15258,23544,27612,89,59,204,164,50,243,1091,89,180,221,3328,0.0,0.0,0.0,0.0,0.0,0.0,0.0,0.0,0.0,0.0,0.0,0.0,0.0,0.0,0.0,0.0,0.0,0.0,0.0,0.0,0.0,0.0,0.0,0.0,0.0,0.0,0.0,0.0,0.0,0.0,0.0,0.0,0.0,0.0,0.0,0.0,0.0,0.0,0.0,0.0,0.0,0.0,0.0,0.0,0.0,0.0,0.0,0.0,0.0,0.0,0.0,0.0,0.0,0.0,0.0,0.0,0.0,0.0,0.0,0.0,0.0,0.0,0.0,0.0,0.0,0.0,0.0,0.0,0.0,0.0,0.0,0.0,0.0,0.0,0.0,0.0,0.0,0.0,0.0,0.0,0.0,0.0,0.0,0.0,0.0,0.0,0.0,0.0,0.0,0.0,0.0,0.0,0.0,0.0,0.0,0.0,0.0,0.0,0.0,0.0,0.0,0.0,0.0,0.0,0.0,0.0,0.0,0.0,0.0,0.0,0.0,0.0,0.0,0.0,0.0,0.0,0.0,0.0,0.0,0.0,0.0,0.0,0.0,0.0,0.0,0.0,0.0,0.0,0.0,0.0,0.0,0.0,0.0,0.0,0.0,0.0,0.0,0.0,0.0,0.0,0.0,0.0,0.0,0.0,0.0,0.0,0.0,0.0,0.0,0.0
ENCFF952SBB,0.18469344386611736,68537,285,10611,65500,2252,174892,8889,568,1046,457,941,6848,11001,20618,37567,62179,7366,659,10103,13036,234,921,176,60,70,1585,694,6547,46586,5369,516,279,788,3423,3114,120,3365,38,13,13592,17873,97,1115,86,60,819,10889,41026,98,1010,1830,3015,761,510,8923,248,460,814,231,1163,2944,1381,26681,1504,686,238,31,107387,98000,9708,1938,1480,1897,6966,191,2278,966,1635,1960,399,1936,2226,6385,790,1048,7727,26,1830,1007,44,1923,349,53,3978,2947,41514,330930,20951,233,53772,72707,4736,62037,2151,1350,7863,2626,2992,32,4445,11589,11454,179,9183,48313,6835,49384,1744,7884,7287,18493,3716,69502,3104,11132,5936,1525,4112,623,142,47053,29824,617,38291,19407,15676,41011,281,10014,3934,2202,6075,86046,1068,341,228,183,82,55,3364,436,700,23016,8109,989,8432,75167,7428,693,2069,1206,1145,5294,8927,7471,7345,130,233,56,2004,33,3850,1214,1716,341,39,62,1051,1304,1923,26397,11598,74156,4804,59184,59549,29371,63304,26044,57615,481,52576,64193,17462,16921,40508,32156,10659,1911,117,1601,118,963,1830,268,168,39,48,7356,742,71580,27104,24797,330,326131,73354,6875,52110,51642,1361,1017,88983,39992,126075,12113,77464,524,70032,58,562,1190,95,623,1974,311,7012,3092,55,1275,1872,1268,1846,834,4788,2562,344,399,8324,4868,3328,3760,2146,694,1184,1460,761,730,521,904,2254,11938,3062,794,3370,4480,4292,27149,101775,720,4025,4781,2667,1604,1230,1403,1943,1039,187,11617,860,1511,7825,753,2896,767,7795,2131,1959,1270,1786,272,926,1301,4640,5309,1710,1773,1329,3853,2843,1259,1641,1774,8746,50,66,764,1336,619,666,22033,135,16550,38,924,104,9450,1051,11354,12526,13842,47,4496,203,370,2239,5136,160727,887,3366,4004,1786,143,6656,209,177,842,29277,11259,5596,1831,23,280,248,33,54,1441,1855,4055,992,7870,1045,859,4646,91281,718,4754,242463,1030,8364,1942,9546,1025,5406,681,442,6863,1616,1839,1989,758,867,391,4611,2261,1920,1996,916,2132,2400,40816,140,16743,4644,14,41444,11238,145,308,11368,1004,97,11684,1716,1788,377,5686,2240,58736,8473,1268,1734,2106,914,1989,1653,1877,1325,38,2189,40,3042,199,32,229,721,272,1815,1674,76845,6660,24125,14976,3678,1200,1688,228,56454,186,27042,3490,20337,1943,839,5011,31,55949,10947,18161,80160,13707,37716,463,382,696,1650,821,2089,1475,2853,13312,1988,71,308,2097,31,29,6286,5585,36,312,355,41930,88432,60632,16468,64832,7130,760,139819,179037,28148,91251,123602,148376,439,428,1597,1465,483,1765,1811,581,784,1263,12607,0.0,0.0,0.0,0.0,0.0,0.0,0.0,0.0,0.0,0.0,0.0,0.0,0.0,0.0,0.0,0.0,0.0,0.0,0.0,0.0,0.0,0.0,0.0,0.0,0.0,0.0,0.0,0.0,0.0,0.0,0.0,0.0,0.0,0.0,0.0,0.0,0.0,0.0,0.0,0.0,0.0,0.0,0.0,0.0,0.0,0.0,0.0,0.0,0.0,0.0,0.0,0.0,0.0,0.0,0.0,0.0,0.0,0.0,0.0,0.0,0.0,0.0,0.0,0.0,0.0,0.0,0.0,0.0,0.0,0.0,0.0,0.0,0.0,0.0,0.0,0.0,0.0,0.0,0.0,0.0,0.0,0.0,0.0,0.0,0.0,0.0,0.0,0.0,0.0,0.0,0.0,0.0,0.0,0.0,0.0,0.0,0.0,0.0,0.0,0.0,0.0,0.0,0.0,0.0,0.0,0.0,0.0,0.0,0.0,0.0,0.0,0.0,0.0,0.0,0.0,0.0,0.0,0.0,0.0,0.0,0.0,0.0,0.0,0.0,0.0,0.0,0.0,0.0,0.0,0.0,0.0,0.0,0.0,0.0,0.0,0.0,0.0,0.0,0.0,0.0,0.0,0.0,0.0,0.0,0.0,0.0,0.0,0.0,0.0,0.0
ENCFF024YNB,0.3193629246357543,35735,625,1590,15351,592,37494,2526,68,219,155,795,1350,1759,2932,8177,9846,1554,317,2950,3214,157,550,45,36,42,230,2027,946,6999,1937,220,144,282,459,395,46,836,23,115,3474,7093,28,351,1,256,239,2191,9786,209,204,109,306,343,292,4791,113,263,193,102,488,934,134,6620,236,324,482,279,24197,23207,5324,287,143,717,4383,179,294,148,166,203,41,213,271,2442,125,109,947,8,188,116,5,993,100,27,713,326,10083,94669,6956,25,18664,24754,881,20880,328,153,3745,1090,1201,12,1825,4620,4871,125,1944,19341,1762,19400,446,1953,1386,5080,951,25353,352,3511,1940,554,1843,268,72,23141,4135,1072,9167,2935,8300,18900,287,1846,1560,290,1947,17479,279,421,31,80,23,20,1632,214,876,4874,3521,399,2483,14964,1152,249,262,1025,1091,1453,2674,2445,4221,36,85,40,190,7,385,159,633,2715,28,1,233,442,257,10044,4854,25081,895,13956,17980,5845,14689,5290,9947,166,15592,17252,6256,5831,12046,11569,3305,350,311,368,58,82,181,139,39,14,21,2218,131,15983,3931,3703,147,181067,16258,1995,15973,10059,848,419,20673,8402,23079,3309,30594,110,32135,41,152,1158,621,76,255,71,1238,1339,13,161,212,144,212,110,726,380,224,93,2001,1433,902,1817,256,47,157,140,79,82,65,407,227,2153,267,93,780,814,531,4935,21731,1033,834,2216,468,150,153,145,194,95,153,4198,137,218,3241,99,617,112,1778,232,222,107,207,188,99,146,656,618,172,192,159,1492,556,189,164,179,893,8,11,105,146,310,18,9515,49,6417,4,374,22,3713,576,4409,3837,3220,12,1391,31,135,798,2697,30141,538,1096,872,611,71,707,192,270,542,5215,3573,2447,1027,14,107,70,7,14,147,548,1379,157,1754,136,142,600,19157,183,569,77199,359,3549,229,1313,2249,803,88,782,3791,183,260,303,111,128,139,9582,330,212,241,91,297,355,14718,39,4759,1426,17,17174,4252,11,260,3063,361,25,2707,171,767,215,1045,281,6222,1207,702,192,274,136,251,216,945,256,19,572,8,1306,93,9,135,413,649,596,314,18931,1665,3072,2656,849,295,567,130,25676,216,8755,889,8669,980,94,1613,81,15139,3065,4630,23160,1787,6583,58,183,127,333,526,260,136,365,2540,255,13,405,205,15,19,2977,3110,14,541,125,16177,18798,11889,2837,21491,2348,267,41748,47735,4777,19952,34472,46825,136,136,176,161,62,156,925,161,282,310,3242,0.0,0.0,0.0,0.0,0.0,0.0,0.0,0.0,0.0,0.0,0.0,0.0,0.0,0.0,0.0,0.0,0.0,0.0,0.0,0.0,0.0,0.0,0.0,0.0,0.0,0.0,0.0,0.0,0.0,0.0,0.0,0.0,0.0,0.0,0.0,0.0,0.0,0.0,0.0,0.0,0.0,0.0,0.0,0.0,0.0,0.0,0.0,0.0,0.0,0.0,0.0,0.0,0.0,0.0,0.0,0.0,0.0,0.0,0.0,0.0,0.0,0.0,0.0,0.0,0.0,0.0,0.0,0.0,0.0,0.0,0.0,0.0,0.0,0.0,0.0,0.0,0.0,0.0,0.0,0.0,0.0,0.0,0.0,0.0,0.0,0.0,0.0,0.0,0.0,0.0,0.0,0.0,0.0,0.0,0.0,0.0,0.0,0.0,0.0,0.0,0.0,0.0,0.0,0.0,0.0,0.0,0.0,0.0,0.0,0.0,0.0,0.0,0.0,0.0,0.0,0.0,0.0,0.0,0.0,0.0,0.0,0.0,0.0,0.0,0.0,0.0,0.0,0.0,0.0,0.0,0.0,0.0,0.0,0.0,0.0,0.0,0.0,0.0,0.0,0.0,0.0,0.0,0.0,0.0,0.0,0.0,0.0,0.0,0.0,0.0
ENCFF002EDJ,0.19692572166402555,36835,877,2068,20815,539,86159,6395,202,385,238,414,1864,2590,4381,6556,21430,2232,411,4008,4362,142,714,91,59,75,534,1357,1997,17656,3250,219,158,463,1110,916,39,1389,21,12,5358,9360,24,505,33,308,504,3835,14287,173,332,569,712,402,323,6030,147,310,303,159,727,998,146,6852,149,586,310,46,28582,32250,6612,583,356,896,5045,294,739,299,443,502,117,567,715,2986,216,249,1872,20,495,270,25,1220,225,54,900,640,7451,133818,8867,66,23478,32408,1754,28129,623,363,4930,1524,1647,22,2701,6740,6701,196,2997,27227,1674,26542,388,1398,1432,6683,604,35365,749,4952,2477,740,2428,392,152,27352,7140,837,12928,4435,10921,24478,209,2872,2372,651,2848,15172,509,316,48,92,29,34,1975,283,458,7731,4419,528,2962,19875,1577,396,690,1706,1137,2198,3269,2909,4827,80,171,74,513,25,933,337,943,12828,23,4,348,682,590,12719,5984,34599,1463,20765,25869,9590,17196,8942,17472,233,20932,24202,8168,7519,16987,14251,4690,572,306,569,54,279,449,178,69,37,57,2710,204,19142,6663,7879,343,262292,24541,2512,20412,12471,1122,472,27838,12523,33263,2803,36546,136,38213,40,221,567,111,153,538,165,2445,1841,31,322,517,321,457,225,1429,902,209,216,3073,2045,1378,2215,680,183,313,423,195,177,138,438,538,3378,636,184,1169,1452,1228,4865,10540,758,1462,2567,798,482,353,352,522,284,128,6494,276,463,4235,194,1177,231,2686,562,575,285,459,200,290,328,1402,1367,408,508,380,2102,968,422,435,497,2164,15,28,198,328,621,183,12605,196,8759,37,462,75,5273,672,6283,5324,4616,35,2083,152,163,882,3366,35219,590,1635,1401,789,58,1533,190,316,649,9932,4285,1928,1412,64,452,141,12,97,374,2116,2522,365,2788,269,274,765,27668,266,1233,100852,487,4701,528,3123,1517,1591,163,529,3704,426,612,652,194,237,208,7164,714,573,656,316,646,721,19806,132,7121,1759,14,22116,5145,33,273,4252,691,55,4206,428,1274,278,1985,618,14621,1420,659,407,684,233,743,476,1083,122,29,734,14,1308,155,37,165,423,496,502,520,13259,1322,4470,3261,821,359,797,214,32994,133,12165,1221,10567,1353,257,2296,25,23826,4342,7375,32456,922,10945,126,182,189,553,727,643,402,1076,4740,582,23,339,527,39,74,3520,3882,13,271,162,20346,26853,18645,4635,27993,3171,261,45070,65212,8138,27861,47053,61113,227,122,357,360,107,477,1275,295,590,535,4870,0.0,0.0,0.0,0.0,0.0,0.0,0.0,0.0,0.0,0.0,0.0,0.0,0.0,0.0,0.0,0.0,0.0,0.0,0.0,0.0,0.0,0.0,0.0,0.0,0.0,0.0,0.0,0.0,0.0,0.0,0.0,0.0,0.0,0.0,0.0,0.0,0.0,0.0,0.0,0.0,0.0,0.0,0.0,0.0,0.0,0.0,0.0,0.0,0.0,0.0,0.0,0.0,0.0,0.0,0.0,0.0,0.0,0.0,0.0,0.0,0.0,0.0,0.0,0.0,0.0,0.0,0.0,0.0,0.0,0.0,0.0,0.0,0.0,0.0,0.0,0.0,0.0,0.0,0.0,0.0,0.0,0.0,0.0,0.0,0.0,0.0,0.0,0.0,0.0,0.0,0.0,0.0,0.0,0.0,0.0,0.0,0.0,0.0,0.0,0.0,0.0,0.0,0.0,0.0,0.0,0.0,0.0,0.0,0.0,0.0,0.0,0.0,0.0,0.0,0.0,0.0,0.0,0.0,0.0,0.0,0.0,0.0,0.0,0.0,0.0,0.0,0.0,0.0,0.0,0.0,0.0,0.0,0.0,0.0,0.0,0.0,0.0,0.0,0.0,0.0,0.0,0.0,0.0,0.0,0.0,0.0,0.0,0.0,0.0,0.0
ENCFF000CXH,0.06563788869353979,836471,4239,7720,94,1,1701,740,23,178,14,355,245,39,42,10,1,388,82,307,792,12,118,3,15,0,16,34159,224,52,722,104,750,180,135,138,13,168,0,0,1499,1630,0,31,0,887,38,492,8,9751,82,182,110,65,458,49529,29,32,47,0,169,57,0,1,6,9,17146,1,3643,86172,6572,93,57,1453,1650,74,90,61,63,85,6,82,69,581,62,49,349,6,52,53,0,554,5031,0,45127,39,7,45724,1743,4,48824,6885,186,6822,372,48,1183,1029,916,0,39572,15457,1787,458,1197,27546,29,1124,0,0,19,1074,0,15,73,1906,642,41,388,39,2,20756,367,11327,144,70,1869,29029,15881,1614,72,73,834,228,8,4754,1,6,2,9,320,78,41,1523,579,132,367,162,75,879,94,46,64,231,518,595,11776,54,3,2,73,0,91,57,1688,6191,3,0,140,40,83,3505,1937,11473,357,2382,3224,1232,677,2680,6493,10,4102,4224,5145,2857,14246,104852,1098,81,1984,14,8,65,85,14,5,2,0,627,0,1007,686,1,3,519650,3685,2609,11553,134,120,108,3019,1317,2409,8,8233,0,9077,6,16,244,0,29,67,35,292,496,0,42,62,39,77,42,193,96,1040,13,650,639,177,2299,115,34,52,46,32,48,31,1001,102,416,120,27,153,165,119,240,71,41585,224,15085,111,44,52,51,62,38,62,1578,89,126,1940,30,201,58,415,106,90,48,65,26,76,92,203,147,76,69,38,2020,161,56,38,91,290,141,7,44,66,68,1,5204,5,4879,4,55,9,707,83,4068,2382,930,0,292,1,10,173,439,3193,6455,1264,1227,201,1609,234,10,14,188,2379,328,163,164,59,2000,1,0,0,54,1,482,48,367,22,26,51,74,1706,202,18942,1436,902,63,523,51211,263,51,5558,9432,59,217,99,34,21,24,144759,121,81,76,98,65,81,3987,3,1273,1398,0,132512,6541,0,55,709,229,1,620,49,156,44,387,70,64,31,4156,78,64,28,73,79,218,4,0,561,0,220,0,25,23,2168,72,0,3,150,0,318,77,63,58,56,37,12138,980,3233,389,1466,148,2,530,0,8798,609,942,21709,61,147,12,1,33,91,12704,70,56,89,181,74,0,668,84,0,0,866,559,107,1357,2,3424,13917,6213,610,3778,1043,39,4765,21976,2445,4928,11977,9337,8,22,52,35,15,73,95,24,564,64,1195,0.0,0.0,0.0,0.0,0.0,0.0,0.0,0.0,0.0,0.0,0.0,0.0,0.0,0.0,0.0,0.0,0.0,0.0,0.0,0.0,0.0,0.0,0.0,0.0,0.0,0.0,0.0,0.0,0.0,0.0,0.0,0.0,0.0,0.0,0.0,0.0,0.0,0.0,0.0,0.0,0.0,0.0,0.0,0.0,0.0,0.0,0.0,0.0,0.0,0.0,0.0,0.0,0.0,0.0,0.0,0.0,0.0,0.0,0.0,0.0,0.0,0.0,0.0,0.0,0.0,0.0,0.0,0.0,0.0,0.0,0.0,0.0,0.0,0.0,0.0,0.0,0.0,0.0,0.0,0.0,0.0,0.0,0.0,0.0,0.0,0.0,0.0,0.0,0.0,0.0,0.0,0.0,0.0,0.0,0.0,0.0,0.0,0.0,0.0,0.0,0.0,0.0,0.0,0.0,0.0,0.0,0.0,0.0,0.0,0.0,0.0,0.0,0.0,0.0,0.0,0.0,0.0,0.0,0.0,0.0,0.0,0.0,0.0,0.0,0.0,0.0,0.0,0.0,0.0,0.0,0.0,0.0,0.0,0.0,0.0,0.0,0.0,0.0,0.0,0.0,0.0,0.0,0.0,0.0,0.0,0.0,0.0,0.0,0.0,0.0
ENCFF002ELD,0.13306997165173934,127632,291,2641,48077,557,167268,11653,567,204,209,570,5219,1842,6530,28158,24979,2018,810,8392,5488,162,693,24,115,82,1966,11817,4971,35655,4525,144,45,621,3563,3267,42,3802,39,8,7991,9561,96,373,101,61,867,8316,29603,535,1086,2609,2529,205,227,5148,121,351,253,254,916,3058,757,19431,663,390,2888,192,52366,48122,4866,2060,1218,2905,5503,83,2443,1079,1284,1472,452,2132,2214,2799,728,1345,6216,28,1457,1391,34,1198,1139,134,1785,1323,22859,162171,8723,172,23091,36373,4855,30873,2250,1197,3942,1637,2083,35,3863,7369,8083,180,5264,34982,1929,51439,235,1159,1352,6837,549,85381,2162,5815,2389,411,2180,259,80,27105,5872,4497,31231,8884,12376,25350,769,5759,10091,2122,3810,52835,394,763,70,100,60,36,1762,473,740,10481,3522,289,4619,48127,3268,233,2588,1618,944,2809,3962,3915,6095,76,151,94,1893,58,2318,1009,1150,121,13,26,809,510,2264,11850,5713,41208,3509,23951,36368,15314,40402,18283,32496,182,26251,33896,9876,9561,28208,18150,5519,1115,649,1424,40,1333,2078,138,52,61,76,3847,97,65395,11530,7614,1325,245594,43843,4855,25851,30051,1016,553,37770,20151,67550,2304,37952,100,35268,36,287,826,49,649,1579,363,6791,2445,54,1326,1199,1108,1825,915,4225,2178,319,265,6925,4867,2420,3426,2886,600,1673,1381,851,502,439,347,1767,5991,1394,718,1783,4207,3042,13231,61693,8889,3867,3451,1880,1503,1198,1187,1681,914,134,9482,996,2991,6011,616,2367,968,4975,2947,1923,1589,1752,400,832,730,4384,3394,1597,1445,1337,2807,2656,2110,1032,2043,4804,36,57,781,1471,650,598,13337,279,9452,31,215,94,6241,670,7786,6949,9686,34,2834,130,40,2027,3042,85641,915,2032,3464,1161,86,3498,124,707,1488,23508,10557,6865,1341,81,195,101,31,75,1111,1911,2464,1373,4869,1170,751,2482,69263,345,2796,101685,706,6403,1712,10941,12223,3204,516,1553,6285,1374,1984,1981,611,463,108,72919,2753,1840,1891,764,1899,2006,27818,46,19074,1350,62,28074,10337,28,427,5840,1159,62,9328,1318,1017,170,5538,1798,27859,2371,1721,1341,1897,1113,1314,1699,1131,1009,32,1080,59,2907,177,82,71,699,792,247,1179,39126,1336,9739,4876,761,741,858,403,27440,690,13265,2030,9033,1417,85,2458,8,38629,7495,12416,46655,1819,21750,203,401,684,1809,1023,1703,1483,1773,10336,1726,29,155,1967,51,47,2861,2853,10,566,131,26824,41399,34535,8677,31088,4757,802,70361,91386,14139,40032,71170,78855,189,76,1171,1110,521,1681,744,416,227,859,7015,0.0,0.0,0.0,0.0,0.0,0.0,0.0,0.0,0.0,0.0,0.0,0.0,0.0,0.0,0.0,0.0,0.0,0.0,0.0,0.0,0.0,0.0,0.0,0.0,0.0,0.0,0.0,0.0,0.0,0.0,0.0,0.0,0.0,0.0,0.0,0.0,0.0,0.0,0.0,0.0,0.0,0.0,0.0,0.0,0.0,0.0,0.0,0.0,0.0,0.0,0.0,0.0,0.0,0.0,0.0,0.0,0.0,0.0,0.0,0.0,0.0,0.0,0.0,0.0,0.0,0.0,0.0,0.0,0.0,0.0,0.0,0.0,0.0,0.0,0.0,0.0,0.0,0.0,0.0,0.0,0.0,0.0,0.0,0.0,0.0,0.0,0.0,0.0,0.0,0.0,0.0,0.0,0.0,0.0,0.0,0.0,0.0,0.0,0.0,0.0,0.0,0.0,0.0,0.0,0.0,0.0,0.0,0.0,0.0,0.0,0.0,0.0,0.0,0.0,0.0,0.0,0.0,0.0,0.0,0.0,0.0,0.0,0.0,0.0,0.0,0.0,0.0,0.0,0.0,0.0,0.0,0.0,0.0,0.0,0.0,0.0,0.0,0.0,0.0,0.0,0.0,0.0,0.0,0.0,0.0,0.0,0.0,0.0,0.0,0.0
ENCFF591YBG,0.06613065159248022,819355,3499,4576,597,3,21099,1186,38,132,92,769,487,102,387,128,122,821,257,1347,2805,122,463,87,42,136,136,14242,694,336,1456,430,3994,866,349,254,769,550,7,1,4131,5013,2,274,4,997,73,1276,193,7641,133,116,261,205,579,36357,99,183,108,20,331,264,1,38,55,112,1465,0,12997,50163,13424,212,135,17333,3673,183,201,71,154,181,25,156,223,1920,74,78,687,15,171,95,369,978,17,0,390,123,110,92056,5084,15,48888,20821,538,18241,231,125,2579,931,923,1,48493,23527,5947,252,3392,50542,132,3684,2,8,177,3406,2,228,167,4384,2104,322,1669,205,33,13601,838,12320,256,685,5757,23386,24196,2018,135,212,3996,920,67,4335,2,45,41,7,916,92,190,6005,1982,335,1300,558,279,2567,179,334,350,824,1238,1138,13388,47,56,12,152,4,316,115,800,487,380,0,6443,216,189,9591,3829,41963,648,16520,20389,4610,3662,6447,26778,62,13974,15042,7056,5481,19334,40392,2799,222,813,136,4,62,180,57,35,22,4,2203,16,4038,2826,62,8,213805,11266,2886,13624,459,426,487,12600,5351,8903,99,25105,47,21535,29,76,911,1,58,159,98,811,840,2,110,154,103,158,71,426,224,3400,48,2010,895,690,2685,192,63,102,133,106,51,48,757,210,1606,639,51,620,510,385,719,328,19220,592,16963,351,137,97,95,155,113,356,3935,105,139,2687,60,456,65,1307,163,173,111,153,13,86,927,494,414,144,185,107,1553,419,112,111,144,763,89,5,61,95,183,4,12513,35,11697,20,259,17,2276,292,11846,4185,2218,0,968,33,85,29,1746,6312,615,3416,5718,455,170,439,75,278,373,5096,1562,520,576,55,478,98,0,4,133,30,992,79,1012,64,62,125,496,1953,367,66231,695,2375,173,871,15497,545,57,11220,42771,155,186,179,60,74,189,197054,224,153,186,282,211,194,11272,59,3355,2018,3,59459,4288,0,131,3088,423,52,1861,139,364,361,788,217,247,112,4150,111,193,63,229,169,697,25,5,1797,81,723,125,23,87,3786,301,17,89,1006,13,896,456,48,95,546,2,33946,1477,7946,549,5664,474,50,1638,2,13590,2151,3468,42020,287,343,425,44,60,312,1724,191,115,269,503,176,5,4955,183,0,0,4698,1791,16,2768,198,8831,14321,24647,1846,13027,1775,63,16635,34988,5704,13616,26702,30398,109,115,117,110,37,124,519,121,453,163,2942,0.0,0.0,0.0,0.0,0.0,0.0,0.0,0.0,0.0,0.0,0.0,0.0,0.0,0.0,0.0,0.0,0.0,0.0,0.0,0.0,0.0,0.0,0.0,0.0,0.0,0.0,0.0,0.0,0.0,0.0,0.0,0.0,0.0,0.0,0.0,0.0,0.0,0.0,0.0,0.0,0.0,0.0,0.0,0.0,0.0,0.0,0.0,0.0,0.0,0.0,0.0,0.0,0.0,0.0,0.0,0.0,0.0,0.0,0.0,0.0,0.0,0.0,0.0,0.0,0.0,0.0,0.0,0.0,0.0,0.0,0.0,0.0,0.0,0.0,0.0,0.0,0.0,0.0,0.0,0.0,0.0,0.0,0.0,0.0,0.0,0.0,0.0,0.0,0.0,0.0,0.0,0.0,0.0,0.0,0.0,0.0,0.0,0.0,0.0,0.0,0.0,0.0,0.0,0.0,0.0,0.0,0.0,0.0,0.0,0.0,0.0,0.0,0.0,0.0,0.0,0.0,0.0,0.0,0.0,0.0,0.0,0.0,0.0,0.0,0.0,0.0,0.0,0.0,0.0,0.0,0.0,0.0,0.0,0.0,0.0,0.0,0.0,0.0,0.0,0.0,0.0,0.0,0.0,0.0,0.0,0.0,0.0,0.0,0.0,0.0
ENCFF291MOB,0.10917739388742814,162875,124,3918,49190,631,155360,25786,717,1114,425,1228,7181,3852,7922,19801,30426,3096,1693,13411,8944,162,1101,263,489,241,2928,8871,6317,26089,16262,212,80,742,4478,4330,42,4883,71,25,13003,15053,236,762,448,34,1316,11677,27672,672,1397,2944,3030,261,943,9802,162,641,471,690,2328,4212,394,10214,326,521,2502,487,45723,75651,9299,2686,1484,3934,10978,117,3096,1334,1530,1940,505,2518,3056,3995,825,1574,7614,116,1835,1644,65,1895,1695,128,3678,1041,9572,223905,12029,315,34267,58987,6107,48869,3278,1526,7111,2950,3721,97,6253,12322,14282,932,9689,57054,2138,45675,196,938,1526,9133,522,75080,2494,9905,4189,1488,3180,253,893,53899,8126,3859,21752,11843,50659,46028,291,8466,14622,2548,5096,55036,1128,711,114,215,113,43,2854,849,1152,20753,5478,537,5592,45691,2677,493,3249,6372,4296,4025,10991,14356,12181,225,265,65,2340,160,2691,1179,3425,5571,17,35,994,751,2955,17353,8574,70839,4536,28257,51194,17985,36886,28057,40262,498,38101,49216,15834,14150,40597,25789,7625,1582,696,874,52,1547,2621,259,110,99,113,7169,758,47322,11621,12564,733,272959,45852,5622,32165,18109,2165,1033,51908,23710,59156,3592,63594,220,61983,168,410,1819,184,743,2076,509,7947,3415,99,1555,1535,1378,2312,1247,5650,2781,337,363,8618,6374,3015,4911,3582,749,1955,1882,1088,677,540,527,2243,6993,1342,773,2238,5775,3665,10477,57835,8175,5274,5650,2519,1872,1517,1473,2047,1130,158,14990,1283,3565,8634,798,3387,1225,6674,3881,2487,2132,2118,440,972,729,5631,4000,2151,1822,1722,4145,3649,2320,1346,2343,5351,64,65,940,1815,1322,726,21091,1689,15114,63,263,424,8600,1054,12003,12982,11362,191,4046,678,206,2150,5166,106868,1141,3600,5146,1665,105,4225,376,1457,2375,34090,14689,9339,2378,195,662,463,34,313,1317,1306,2971,1755,8170,1397,979,1975,79272,310,3589,185958,845,9138,2286,12901,10236,3881,629,729,7605,1774,2627,2730,698,562,162,86217,3667,2383,2508,898,2391,2722,39728,353,23696,2041,170,52972,12155,58,706,14037,1809,361,13907,1681,2240,438,7694,2290,39945,1923,1477,1696,2436,1480,1719,2137,2360,1162,102,3070,110,4273,879,4145,160,646,688,319,1168,32836,1174,9381,5668,957,1239,2207,590,54871,483,16831,2305,14316,3228,95,3716,45,59706,10474,16923,71895,2488,25928,213,611,829,2284,1295,2254,1758,2640,7000,2107,25,221,2154,41,121,4299,4197,31,443,199,37949,47610,39386,10888,45268,6739,1421,79606,118972,16884,49569,89581,116019,315,96,1496,1509,685,2061,1470,1034,508,1188,11289,0.0,0.0,0.0,0.0,0.0,0.0,0.0,0.0,0.0,0.0,0.0,0.0,0.0,0.0,0.0,0.0,0.0,0.0,0.0,0.0,0.0,0.0,0.0,0.0,0.0,0.0,0.0,0.0,0.0,0.0,0.0,0.0,0.0,0.0,0.0,0.0,0.0,0.0,0.0,0.0,0.0,0.0,0.0,0.0,0.0,0.0,0.0,0.0,0.0,0.0,0.0,0.0,0.0,0.0,0.0,0.0,0.0,0.0,0.0,0.0,0.0,0.0,0.0,0.0,0.0,0.0,0.0,0.0,0.0,0.0,0.0,0.0,0.0,0.0,0.0,0.0,0.0,0.0,0.0,0.0,0.0,0.0,0.0,0.0,0.0,0.0,0.0,0.0,0.0,0.0,0.0,0.0,0.0,0.0,0.0,0.0,0.0,0.0,0.0,0.0,0.0,0.0,0.0,0.0,0.0,0.0,0.0,0.0,0.0,0.0,0.0,0.0,0.0,0.0,0.0,0.0,0.0,0.0,0.0,0.0,0.0,0.0,0.0,0.0,0.0,0.0,0.0,0.0,0.0,0.0,0.0,0.0,0.0,0.0,0.0,0.0,0.0,0.0,0.0,0.0,0.0,0.0,0.0,0.0,0.0,0.0,0.0,0.0,0.0,0.0
ENCFF000CQI,0.1431452778835657,16856,312,1516,7806,174,45002,3628,72,188,140,1278,2862,1202,3014,3588,11204,1670,536,2348,2824,122,504,82,96,22,392,68,1398,6302,2696,212,68,210,636,596,12,1180,18,312,5976,7516,18,470,10,60,298,2926,7176,2,308,322,458,416,304,6192,144,226,202,66,574,2104,42,3530,256,140,18,580,19008,24026,5438,398,246,610,6544,280,502,190,332,280,44,342,454,2388,204,170,1486,6,256,172,14,970,94,12,606,408,3888,99352,6478,146,18170,23844,926,21500,1360,194,3634,984,816,8,1844,5174,5038,76,3328,25672,772,12092,82,380,546,4974,166,11478,474,4004,1972,442,2040,262,72,24322,4668,26,5790,3284,20888,20096,6,3150,2074,478,2178,10070,160,122,58,76,14,30,1636,250,2054,5062,3238,558,2114,7424,922,478,386,582,680,1638,2332,2024,4628,16,56,24,320,102,542,178,1726,682,0,0,132,564,452,9842,4704,27628,1042,14538,17710,7116,9554,6318,12780,176,16830,19080,7880,5618,14292,11356,2984,412,18,352,728,150,264,124,46,38,12,3050,110,9110,4382,3382,138,133334,19292,1942,15982,6748,802,850,20282,8598,21496,1134,27182,56,28538,42,232,2772,1108,92,296,116,1542,1640,16,224,260,160,318,116,1030,510,178,164,2640,1824,1092,1752,372,84,230,260,116,106,80,368,414,2372,498,120,946,1080,778,3042,8802,96,950,2472,496,252,188,164,290,190,182,4860,216,334,3366,130,878,134,2064,296,298,192,322,358,186,230,860,708,200,290,272,1760,636,280,242,290,1540,18,38,118,192,484,44,10358,70,6222,24,330,534,4160,634,4766,4802,4572,16,1938,58,122,478,3028,25394,440,1226,1198,662,6,1106,82,116,704,7200,5176,7820,1084,94,276,38,8,70,190,500,1754,288,1746,170,186,486,13250,120,854,75456,224,4638,374,2426,184,1006,124,36,2030,222,374,354,152,150,228,652,554,306,464,102,454,514,15328,90,5720,1322,18,18070,4640,32,170,3368,444,24,3254,192,994,212,1502,348,2824,714,254,220,390,146,364,254,1102,184,14,726,36,1840,120,52,150,218,192,224,316,5984,362,2266,1636,282,280,512,96,27944,16,9214,548,8712,1032,168,2056,246,15710,3262,5032,23094,1176,5040,76,142,120,320,334,340,204,544,1960,304,12,108,386,8,14,2886,3068,20,28,128,16262,19450,14284,3476,21428,2700,336,32590,49234,5930,18386,37870,47420,126,116,252,240,60,292,798,214,358,410,3896,0.0,0.0,0.0,0.0,0.0,0.0,0.0,0.0,0.0,0.0,0.0,0.0,0.0,0.0,0.0,0.0,0.0,0.0,0.0,0.0,0.0,0.0,0.0,0.0,0.0,0.0,0.0,0.0,0.0,0.0,0.0,0.0,0.0,0.0,0.0,0.0,0.0,0.0,0.0,0.0,0.0,0.0,0.0,0.0,0.0,0.0,0.0,0.0,0.0,0.0,0.0,0.0,0.0,0.0,0.0,0.0,0.0,0.0,0.0,0.0,0.0,0.0,0.0,0.0,0.0,0.0,0.0,0.0,0.0,0.0,0.0,0.0,0.0,0.0,0.0,0.0,0.0,0.0,0.0,0.0,0.0,0.0,0.0,0.0,0.0,0.0,0.0,0.0,0.0,0.0,0.0,0.0,0.0,0.0,0.0,0.0,0.0,0.0,0.0,0.0,0.0,0.0,0.0,0.0,0.0,0.0,0.0,0.0,0.0,0.0,0.0,0.0,0.0,0.0,0.0,0.0,0.0,0.0,0.0,0.0,0.0,0.0,0.0,0.0,0.0,0.0,0.0,0.0,0.0,0.0,0.0,0.0,0.0,0.0,0.0,0.0,0.0,0.0,0.0,0.0,0.0,0.0,0.0,0.0,0.0,0.0,0.0,0.0,0.0,0.0
ENCFF000BGS,0.11093801754416235,24641,47,2486,10221,274,34912,3931,108,207,212,331,1474,1555,3437,5135,8009,1887,331,2730,4191,153,608,66,19,31,449,77,1692,13570,2945,223,136,271,1006,924,12,1403,48,3,5815,9560,48,551,25,7,539,3259,6905,18,284,507,562,373,280,8077,129,241,296,89,475,719,76,4339,251,294,40,13,25189,39764,11339,527,310,580,11428,379,684,234,329,399,99,417,708,3542,204,237,1751,6,383,209,5,1164,161,21,2048,596,5722,128536,7797,68,23260,30760,1469,30815,2728,267,4593,1369,1273,11,2587,6529,5987,66,3708,30117,1268,17613,234,954,1021,5901,418,18874,707,4907,2164,597,2587,263,160,24459,8016,93,7642,3504,12846,24101,20,2442,1209,602,2509,17107,268,142,42,99,25,37,1702,334,346,7769,3616,537,2878,10922,1403,417,540,481,543,1818,3415,3181,7028,94,135,24,481,21,794,268,1736,5311,12,1,247,526,507,18834,5371,33854,1353,20638,26556,9442,15955,9499,18895,146,21686,24059,9604,7675,20837,14172,4021,554,33,490,33,268,395,187,124,19,45,2825,134,20984,7101,4091,474,140896,25797,2188,18953,8605,949,2864,25243,11185,29834,1622,33767,113,35107,66,282,432,37,132,550,263,2376,1969,20,308,426,251,360,190,1539,925,1273,148,2668,2388,1200,7556,561,169,245,339,144,170,104,1348,527,3311,584,159,1717,1383,1073,4150,6774,133,1387,4628,708,451,361,280,408,255,726,5757,201,338,4480,149,955,186,2783,460,467,262,396,389,182,258,1153,1181,329,397,256,2313,825,309,320,397,1794,7,19,122,206,533,111,12673,73,8689,18,408,59,4464,806,6101,4604,4409,25,1627,31,212,828,3024,31468,518,1455,2102,760,7,1331,163,143,536,11251,3250,1412,1172,25,170,85,12,36,278,686,1624,446,2418,241,184,580,14900,168,1054,99268,212,7942,468,2592,252,1207,107,56,2452,376,515,630,195,167,151,784,693,450,603,231,556,791,18552,46,6675,1729,8,24429,6354,86,235,4128,484,49,3872,299,1618,252,2039,559,6688,1237,365,343,612,182,660,355,1581,439,21,898,17,1161,129,53,166,301,139,320,413,8009,815,3491,2410,526,295,941,67,34734,38,9881,889,10780,1032,154,1975,9,19489,7084,6457,31638,977,5540,103,88,169,352,132,646,283,958,3088,500,15,127,424,24,17,3373,3478,24,52,218,17958,25891,18946,4069,25035,3419,245,41305,62029,9346,25936,49453,57076,177,128,301,304,101,353,1437,209,327,454,4412,0.0,0.0,0.0,0.0,0.0,0.0,0.0,0.0,0.0,0.0,0.0,0.0,0.0,0.0,0.0,0.0,0.0,0.0,0.0,0.0,0.0,0.0,0.0,0.0,0.0,0.0,0.0,0.0,0.0,0.0,0.0,0.0,0.0,0.0,0.0,0.0,0.0,0.0,0.0,0.0,0.0,0.0,0.0,0.0,0.0,0.0,0.0,0.0,0.0,0.0,0.0,0.0,0.0,0.0,0.0,0.0,0.0,0.0,0.0,0.0,0.0,0.0,0.0,0.0,0.0,0.0,0.0,0.0,0.0,0.0,0.0,0.0,0.0,0.0,0.0,0.0,0.0,0.0,0.0,0.0,0.0,0.0,0.0,0.0,0.0,0.0,0.0,0.0,0.0,0.0,0.0,0.0,0.0,0.0,0.0,0.0,0.0,0.0,0.0,0.0,0.0,0.0,0.0,0.0,0.0,0.0,0.0,0.0,0.0,0.0,0.0,0.0,0.0,0.0,0.0,0.0,0.0,0.0,0.0,0.0,0.0,0.0,0.0,0.0,0.0,0.0,0.0,0.0,0.0,0.0,0.0,0.0,0.0,0.0,0.0,0.0,0.0,0.0,0.0,0.0,0.0,0.0,0.0,0.0,0.0,0.0,0.0,0.0,0.0,0.0
ENCFF547VRG,0.19590481123200215,39177,342,3866,66578,1215,327334,12790,551,754,416,609,4976,5164,12562,34632,113177,3572,970,8920,6086,139,997,64,158,95,2020,827,5365,70774,5222,266,80,875,3981,3452,51,4185,42,11,10152,14509,129,627,110,70,1281,10274,38933,94,1047,2405,2812,485,248,7394,166,464,387,189,1266,2509,889,30521,850,781,209,120,74564,60755,7281,2470,1445,3053,6644,356,2666,1286,1546,1745,472,2011,2413,4444,897,1297,6667,39,1584,1387,55,1359,309,71,2385,1695,32500,223993,12509,113,33061,51025,4580,42757,2571,1295,5942,1777,1915,33,3830,8839,9449,319,6293,39841,4181,71973,465,2175,2306,10118,1053,108725,2362,7475,2972,555,3007,291,139,37165,17903,469,52727,13333,14075,34011,61,6508,10773,2516,4407,80267,600,216,219,118,41,81,2779,574,372,11783,5159,597,5819,66074,4584,549,2524,1642,2221,3827,4689,4529,6860,37,174,61,2213,40,2819,1175,886,80782,23,0,925,886,2397,15958,8043,53076,4037,46722,46934,18818,49790,20426,39596,952,34928,44203,12960,10957,33207,23874,7336,1445,89,1313,40,1311,2140,157,45,39,88,4839,411,77738,15488,29827,459,266130,54733,4945,34702,55274,1496,539,50826,27015,91927,7071,49640,130,49301,14,509,1044,118,625,1932,399,6577,4112,56,1407,1463,1067,1984,907,4995,2671,209,311,8700,5184,3226,3623,3066,605,1452,1544,914,621,448,418,2191,6363,1666,730,2324,4629,3630,18972,40944,509,4573,3996,2295,1584,1309,1258,1840,927,80,10113,1123,2637,7311,632,2785,1104,6100,2475,2118,1233,1950,326,887,931,4589,3667,1514,1794,1436,3612,2929,2740,1358,2105,6704,52,55,871,1460,698,663,19112,344,11498,59,500,107,8920,1052,9819,8875,11848,65,4620,131,115,3853,4799,179548,717,2758,3920,1557,21,4294,152,553,1806,27941,12360,4446,2039,9,146,117,27,72,1212,1778,3011,1389,4386,1094,1050,5763,137599,441,3532,139570,788,8529,1859,13085,1182,4381,622,224,4519,1514,2205,2303,634,725,334,4963,2812,2055,2190,679,2359,2625,35475,43,19858,2106,28,33515,9850,46,505,6878,1346,44,11447,1483,1231,215,6415,2030,27053,4077,563,1463,2168,1071,1889,1729,1545,1819,44,1002,29,3332,202,12,75,181,1078,902,1433,59537,2584,13404,7059,1493,932,977,344,38341,88,20100,2087,13261,1955,224,3653,25,46177,8547,14406,56517,1636,36036,298,686,832,1751,923,2000,1351,1913,14887,1973,20,274,1997,39,44,4271,4606,28,126,130,34826,46678,39185,10122,42640,6055,1044,92599,112344,17058,47376,86282,100994,772,174,1275,1313,535,1640,1088,302,262,1024,8830,0.0,0.0,0.0,0.0,0.0,0.0,0.0,0.0,0.0,0.0,0.0,0.0,0.0,0.0,0.0,0.0,0.0,0.0,0.0,0.0,0.0,0.0,0.0,0.0,0.0,0.0,0.0,0.0,0.0,0.0,0.0,0.0,0.0,0.0,0.0,0.0,0.0,0.0,0.0,0.0,0.0,0.0,0.0,0.0,0.0,0.0,0.0,0.0,0.0,0.0,0.0,0.0,0.0,0.0,0.0,0.0,0.0,0.0,0.0,0.0,0.0,0.0,0.0,0.0,0.0,0.0,0.0,0.0,0.0,0.0,0.0,0.0,0.0,0.0,0.0,0.0,0.0,0.0,0.0,0.0,0.0,0.0,0.0,0.0,0.0,0.0,0.0,0.0,0.0,0.0,0.0,0.0,0.0,0.0,0.0,0.0,0.0,0.0,0.0,0.0,0.0,0.0,0.0,0.0,0.0,0.0,0.0,0.0,0.0,0.0,0.0,0.0,0.0,0.0,0.0,0.0,0.0,0.0,0.0,0.0,0.0,0.0,0.0,0.0,0.0,0.0,0.0,0.0,0.0,0.0,0.0,0.0,0.0,0.0,0.0,0.0,0.0,0.0,0.0,0.0,0.0,0.0,0.0,0.0,0.0,0.0,0.0,0.0,0.0,0.0
ENCFF461ZFZ,0.07901576134091727,40128,92,2256,18618,415,55752,33517,132,225,203,397,1939,1953,4716,6545,14302,2301,261,4479,3640,416,540,52,22,25,486,247,1873,9933,2363,183,140,258,1186,1179,26,1385,11,8,8104,15179,44,516,28,20,759,3871,9779,53,560,587,781,353,508,16126,154,247,184,397,428,859,248,7272,157,326,91,33,31095,41188,16219,642,368,756,10436,173,797,297,409,466,100,531,972,6893,253,288,1957,10,479,226,13,888,131,24,940,731,13044,119058,9593,61,24776,37704,1473,35190,813,341,5744,1590,1186,11,6658,16225,14514,19,7133,30017,1279,9308,139,573,891,5737,255,11760,904,4719,2015,571,2983,289,58,29038,6838,165,10568,4967,27611,32056,58,2799,1840,792,4328,22701,184,176,55,81,23,11,1479,368,372,11246,4302,462,3170,20119,1964,211,790,1237,1783,10288,4621,3923,17234,66,69,11,521,2,943,296,896,868,8,1,289,394,634,20347,4976,31784,1530,19049,24615,9809,17838,14304,22692,171,20623,23723,9830,7915,31001,13553,13047,1337,59,14532,54,289,484,169,76,12,21,2736,158,21409,7933,5584,253,234708,22747,2108,19218,13078,762,470,28365,28021,43407,1784,36747,104,38194,33,386,554,111,155,590,107,3491,2805,4,349,495,365,474,221,1788,1216,2390,97,2708,3428,1283,9200,614,182,314,391,185,174,124,2303,581,4025,624,220,1175,1625,1306,6056,12798,229,1574,11107,817,528,385,348,532,253,3871,11479,230,449,7815,198,1217,212,3878,529,585,313,522,873,263,352,1448,1297,383,531,372,7600,1038,421,422,574,2090,17,24,202,333,841,241,20164,54,16954,8,481,44,4554,890,15197,9851,7380,6,1676,42,146,461,3052,73629,473,1127,3774,805,17,1829,175,129,599,11375,4972,1616,899,7,260,70,1,34,334,511,1531,545,5591,290,243,1657,26025,210,1220,141308,317,4814,543,3326,499,1478,154,134,2695,413,728,748,191,202,141,1704,910,549,755,230,678,953,20681,32,10295,1894,29,53514,6167,50,211,14800,338,34,3888,357,935,194,2260,666,8804,1961,451,384,821,208,639,474,3048,429,5,812,8,1993,50,12,163,271,118,318,418,17357,746,5181,3056,497,403,892,71,37747,55,10674,966,12101,868,170,1845,24,24873,6008,6422,47724,1542,13710,151,386,158,461,225,697,371,4332,4813,673,33,181,525,10,19,3058,4355,0,102,117,18733,30774,26717,4686,24189,3146,524,45163,72387,10626,27769,51544,61783,274,111,377,336,88,467,1819,236,263,437,4302,0.0,0.0,0.0,0.0,0.0,0.0,0.0,0.0,0.0,0.0,0.0,0.0,0.0,0.0,0.0,0.0,0.0,0.0,0.0,0.0,0.0,0.0,0.0,0.0,0.0,0.0,0.0,0.0,0.0,0.0,0.0,0.0,0.0,0.0,0.0,0.0,0.0,0.0,0.0,0.0,0.0,0.0,0.0,0.0,0.0,0.0,0.0,0.0,0.0,0.0,0.0,0.0,0.0,0.0,0.0,0.0,0.0,0.0,0.0,0.0,0.0,0.0,0.0,0.0,0.0,0.0,0.0,0.0,0.0,0.0,0.0,0.0,0.0,0.0,0.0,0.0,0.0,0.0,0.0,0.0,0.0,0.0,0.0,0.0,0.0,0.0,0.0,0.0,0.0,0.0,0.0,0.0,0.0,0.0,0.0,0.0,0.0,0.0,0.0,0.0,0.0,0.0,0.0,0.0,0.0,0.0,0.0,0.0,0.0,0.0,0.0,0.0,0.0,0.0,0.0,0.0,0.0,0.0,0.0,0.0,0.0,0.0,0.0,0.0,0.0,0.0,0.0,0.0,0.0,0.0,0.0,0.0,0.0,0.0,0.0,0.0,0.0,0.0,0.0,0.0,0.0,0.0,0.0,0.0,0.0,0.0,0.0,0.0,0.0,0.0
ENCFF849AAG,0.13735330098302795,59514,124,2946,37198,558,126172,12597,571,611,320,745,5286,2975,5202,16009,26194,2463,1628,4917,6095,153,880,82,216,167,1868,2397,4821,19985,4569,180,66,639,3446,3494,26,3841,71,14,8674,11402,242,492,118,20,906,9590,21826,194,1448,2438,2465,254,367,5909,120,517,369,410,1764,2761,244,8354,237,427,631,187,36996,56026,5997,2178,1319,3124,6607,66,2503,1057,1271,1603,414,2091,2371,3157,706,1204,6459,68,1477,1366,51,1414,759,94,2602,828,7291,170507,9132,219,25798,42269,4950,36484,2536,1294,4750,1914,2412,89,4062,8113,10018,754,5977,36707,1683,41110,189,882,1061,7565,475,66433,1964,6273,2555,592,2526,235,119,33418,5924,1211,16902,7016,14771,31824,74,6276,3929,2036,4123,35551,698,251,101,169,85,28,2306,657,617,11441,4130,407,4070,34234,2248,386,2568,3970,3282,3068,4425,5181,6743,112,251,87,1838,102,2082,920,932,170,14,37,815,561,2199,13001,6768,49782,3511,24057,38751,14171,29520,17183,32110,288,28394,36219,10578,10277,32254,19308,4921,1276,189,373,17,1249,2075,161,87,55,55,4437,285,31406,8760,8361,481,147681,37629,3939,23516,14003,1431,681,33172,15227,42011,2434,44919,113,44106,145,318,950,86,596,1654,301,6324,2818,78,1248,1166,1088,1892,990,4435,2161,117,279,7012,4930,2504,3410,2841,559,1726,1476,871,520,396,323,1805,4991,1120,676,1835,4447,2974,8565,37125,2210,3925,3820,1934,1448,1230,1190,1599,837,52,9996,993,2842,6665,637,2533,1055,5495,3069,1942,1802,1705,186,788,724,4466,3087,1667,1417,1369,3018,2856,1871,1104,1976,4632,29,36,738,1426,790,375,14417,327,9884,34,264,70,6590,757,8229,7546,8813,117,3941,416,106,1562,3458,79001,556,2291,3812,1221,36,5019,120,1642,1769,24676,6324,5819,1780,145,210,401,30,292,1086,1175,2681,1500,5517,1086,793,1755,64956,306,2900,125662,894,7482,1763,12127,2993,4426,531,357,4392,1389,2041,2101,576,474,152,23618,2894,1892,1912,601,1974,2183,29968,235,19677,1646,132,33147,8887,22,534,6403,1347,220,9949,1380,1278,321,6089,1861,31710,1746,620,1350,1969,1192,1397,1709,1544,953,81,1481,125,2891,328,206,136,191,687,259,811,26505,1079,7691,3889,642,881,1306,452,35462,177,18895,1856,11127,2569,114,3035,21,41338,7156,11639,47547,1827,19566,184,548,724,1854,1018,1733,1407,1727,5688,1657,21,166,1791,30,123,3495,3394,29,154,148,29704,37328,28839,8205,33114,5270,610,64029,91149,12549,35044,74455,83770,281,71,1168,1103,587,1598,885,812,317,1088,8087,0.0,0.0,0.0,0.0,0.0,0.0,0.0,0.0,0.0,0.0,0.0,0.0,0.0,0.0,0.0,0.0,0.0,0.0,0.0,0.0,0.0,0.0,0.0,0.0,0.0,0.0,0.0,0.0,0.0,0.0,0.0,0.0,0.0,0.0,0.0,0.0,0.0,0.0,0.0,0.0,0.0,0.0,0.0,0.0,0.0,0.0,0.0,0.0,0.0,0.0,0.0,0.0,0.0,0.0,0.0,0.0,0.0,0.0,0.0,0.0,0.0,0.0,0.0,0.0,0.0,0.0,0.0,0.0,0.0,0.0,0.0,0.0,0.0,0.0,0.0,0.0,0.0,0.0,0.0,0.0,0.0,0.0,0.0,0.0,0.0,0.0,0.0,0.0,0.0,0.0,0.0,0.0,0.0,0.0,0.0,0.0,0.0,0.0,0.0,0.0,0.0,0.0,0.0,0.0,0.0,0.0,0.0,0.0,0.0,0.0,0.0,0.0,0.0,0.0,0.0,0.0,0.0,0.0,0.0,0.0,0.0,0.0,0.0,0.0,0.0,0.0,0.0,0.0,0.0,0.0,0.0,0.0,0.0,0.0,0.0,0.0,0.0,0.0,0.0,0.0,0.0,0.0,0.0,0.0,0.0,0.0,0.0,0.0,0.0,0.0
ENCFF704XKC,0.08666334843000599,23435,55,1078,18870,206,58684,4398,210,105,92,425,2497,868,2350,6716,9235,1107,590,3380,2957,112,541,31,43,53,1698,221,1987,15855,2651,94,51,337,1327,1436,20,1584,23,3,4873,7151,110,747,36,15,538,4017,13810,13,621,892,878,147,346,5724,49,203,103,94,616,1453,383,6704,1138,157,79,165,23880,24682,4684,770,411,1304,6571,246,916,369,436,536,146,736,1057,1644,281,523,2348,13,553,477,15,889,150,28,764,500,6677,110534,5944,87,16238,23974,1776,21319,1026,479,3117,957,954,12,3153,8575,8476,73,3429,18937,590,12728,53,228,431,4473,110,15894,699,3263,1347,240,1512,60,21,21228,2427,413,13549,3939,10173,22205,17,2679,4891,757,2243,23066,497,80,41,63,15,28,1400,365,469,6787,2406,112,1761,18486,1412,170,941,803,673,1648,3317,5926,7940,30,76,27,680,18,794,336,838,996,7,4,319,295,811,9853,5373,26027,1722,11689,17152,7186,12163,8960,15068,86,24011,28385,5709,8236,15890,16642,2491,597,42,392,10,506,740,65,7,26,15,9979,34,20123,5464,2915,160,122119,21392,2580,15614,11432,732,344,20453,10197,28436,965,36207,56,32694,5,152,489,46,176,614,577,3310,2128,13,436,457,365,661,393,1645,860,585,115,3629,2973,1225,3488,1143,224,632,507,285,189,140,523,738,4623,532,224,777,2021,1177,5103,30674,129,1787,3585,755,603,484,414,567,308,772,6718,356,1095,4037,209,1158,393,2682,1098,734,595,696,611,286,388,1666,1172,569,532,615,2356,1221,764,364,766,1958,6,84,263,545,527,97,10428,38,7441,9,121,13,3387,511,5516,4296,10136,14,1588,37,15,832,2483,37465,261,1429,1926,729,1,1413,57,198,1258,12489,6753,4128,1005,114,107,22,14,50,393,315,1261,594,3052,415,271,922,28528,88,1176,78121,258,3627,548,4179,510,1294,212,29,1819,476,748,803,227,147,77,1358,1129,655,724,551,757,842,19664,39,8941,776,20,28614,4575,10,256,4955,663,33,4851,440,530,119,2623,634,6708,890,227,510,704,438,548,590,921,422,9,761,33,1828,1133,53,38,38,379,89,419,20591,457,4616,1902,328,555,430,104,22921,17,8032,696,6820,1012,26,1599,11,21519,4069,9016,30190,1011,11426,78,174,217,704,307,701,507,947,4439,613,13,87,695,14,26,2109,2250,22,33,47,17298,25065,17876,4452,19813,2954,421,40345,54798,7338,21966,44775,46863,108,51,404,417,196,559,992,189,245,418,3735,0.0,0.0,0.0,0.0,0.0,0.0,0.0,0.0,0.0,0.0,0.0,0.0,0.0,0.0,0.0,0.0,0.0,0.0,0.0,0.0,0.0,0.0,0.0,0.0,0.0,0.0,0.0,0.0,0.0,0.0,0.0,0.0,0.0,0.0,0.0,0.0,0.0,0.0,0.0,0.0,0.0,0.0,0.0,0.0,0.0,0.0,0.0,0.0,0.0,0.0,0.0,0.0,0.0,0.0,0.0,0.0,0.0,0.0,0.0,0.0,0.0,0.0,0.0,0.0,0.0,0.0,0.0,0.0,0.0,0.0,0.0,0.0,0.0,0.0,0.0,0.0,0.0,0.0,0.0,0.0,0.0,0.0,0.0,0.0,0.0,0.0,0.0,0.0,0.0,0.0,0.0,0.0,0.0,0.0,0.0,0.0,0.0,0.0,0.0,0.0,0.0,0.0,0.0,0.0,0.0,0.0,0.0,0.0,0.0,0.0,0.0,0.0,0.0,0.0,0.0,0.0,0.0,0.0,0.0,0.0,0.0,0.0,0.0,0.0,0.0,0.0,0.0,0.0,0.0,0.0,0.0,0.0,0.0,0.0,0.0,0.0,0.0,0.0,0.0,0.0,0.0,0.0,0.0,0.0,0.0,0.0,0.0,0.0,0.0,0.0
ENCFF000YKS,0.06012099745342973,3544,24,191,2213,51,4745,566,24,21,17,46,159,146,330,1189,1212,168,17,251,349,20,51,9,1,4,45,173,154,1248,205,21,13,18,107,85,3,125,3,3,493,689,1,31,0,6,73,305,1114,17,53,54,73,25,22,449,9,25,35,6,56,81,8,551,19,17,75,2,2348,2838,501,53,40,93,393,22,82,36,53,39,6,52,79,213,28,23,162,0,58,35,2,70,7,1,78,61,861,9766,656,3,1759,2338,106,2106,75,36,296,98,101,0,201,505,503,11,316,2030,111,1400,25,128,123,498,56,1885,85,464,175,52,202,21,10,1890,516,103,757,358,1044,1660,29,243,157,63,238,2426,20,23,4,5,4,1,126,11,27,644,271,34,257,2278,166,12,61,77,71,154,407,427,428,10,6,3,36,1,95,34,135,442,5,0,37,58,50,906,398,2635,132,1527,1865,880,1638,797,1622,17,1633,1820,700,585,1515,1078,366,40,31,38,4,36,39,13,2,1,3,283,8,1909,639,377,8,14709,2210,215,1679,1036,66,64,2334,1089,2994,305,2956,18,3204,3,18,49,9,16,48,18,178,142,2,38,48,26,43,24,145,83,29,14,241,194,112,233,61,16,35,30,31,26,11,38,60,254,78,18,98,135,100,557,1111,107,109,217,70,39,32,24,40,30,12,509,29,42,311,21,90,18,194,54,46,32,60,26,18,31,104,128,33,44,43,165,75,44,25,52,175,2,3,18,30,62,12,973,7,639,0,32,13,350,78,497,461,521,0,139,4,8,49,234,3302,50,140,119,63,6,130,11,11,29,817,384,175,83,6,15,10,0,1,31,84,181,53,193,28,24,66,2851,23,104,7328,35,349,43,262,169,149,13,74,297,43,46,63,29,20,16,754,64,58,58,27,59,77,1464,1,608,141,1,1975,441,2,18,397,41,2,361,35,139,20,163,58,774,163,50,48,53,27,75,33,86,44,0,64,3,118,5,3,11,36,26,35,33,2114,108,486,308,85,31,70,23,2313,27,888,109,786,82,14,183,0,1682,344,552,2555,109,689,9,7,13,47,29,68,39,83,359,52,4,20,58,2,1,283,258,0,25,11,1529,2063,1533,376,1982,250,13,3750,4725,736,2136,3627,4589,18,11,41,51,12,37,103,22,26,35,430,0.0,0.0,0.0,0.0,0.0,0.0,0.0,0.0,0.0,0.0,0.0,0.0,0.0,0.0,0.0,0.0,0.0,0.0,0.0,0.0,0.0,0.0,0.0,0.0,0.0,0.0,0.0,0.0,0.0,0.0,0.0,0.0,0.0,0.0,0.0,0.0,0.0,0.0,0.0,0.0,0.0,0.0,0.0,0.0,0.0,0.0,0.0,0.0,0.0,0.0,0.0,0.0,0.0,0.0,0.0,0.0,0.0,0.0,0.0,0.0,0.0,0.0,0.0,0.0,0.0,0.0,0.0,0.0,0.0,0.0,0.0,0.0,0.0,0.0,0.0,0.0,0.0,0.0,0.0,0.0,0.0,0.0,0.0,0.0,0.0,0.0,0.0,0.0,0.0,0.0,0.0,0.0,0.0,0.0,0.0,0.0,0.0,0.0,0.0,0.0,0.0,0.0,0.0,0.0,0.0,0.0,0.0,0.0,0.0,0.0,0.0,0.0,0.0,0.0,0.0,0.0,0.0,0.0,0.0,0.0,0.0,0.0,0.0,0.0,0.0,0.0,0.0,0.0,0.0,0.0,0.0,0.0,0.0,0.0,0.0,0.0,0.0,0.0,0.0,0.0,0.0,0.0,0.0,0.0,0.0,0.0,0.0,0.0,0.0,0.0
ENCFF000CRG,0.14607976932799904,45713,175,5983,80139,772,111790,8914,343,660,429,685,4569,5959,10955,31733,37061,5038,688,7399,8440,218,960,133,31,60,1535,68,4733,72137,5852,353,169,689,2677,2573,44,3067,82,13,12087,17159,116,884,71,51,1149,9004,26979,36,711,1728,2058,758,464,9578,248,507,607,169,1195,2184,635,21252,347,423,54,37,68984,70894,10576,1549,893,1733,7380,485,1817,764,1096,1303,318,1466,1724,5343,650,800,5354,17,1228,753,37,1665,245,60,1810,1765,44082,246539,15083,151,39290,60493,3950,52561,1744,886,8941,2550,2387,35,4504,11132,11294,174,7589,46525,3286,33979,527,1996,2441,13362,1009,67405,1940,9060,4100,1107,4205,457,299,45306,16397,111,24610,9938,18033,40386,37,6977,3632,1781,5503,77711,455,282,157,172,55,50,3329,584,834,16412,6746,964,6198,79765,4321,596,1775,1476,1465,4974,5879,5284,8124,131,296,24,1398,44,2705,847,832,192,26,5,736,1414,1510,22283,10354,66818,3407,43553,44416,21424,45520,20504,41356,422,42021,50493,14988,13721,36724,27328,7628,1326,27,1198,129,781,1307,249,176,15,87,5669,616,42737,16469,16686,353,278997,54134,5001,38175,36008,1530,757,56847,26253,82648,4920,62942,314,61323,91,588,902,88,448,1363,573,6070,3888,119,872,1367,894,1325,545,3697,2215,581,389,7206,4478,3247,4976,1726,458,924,1039,531,479,395,1090,1577,8632,1699,510,2658,3504,3559,13012,42163,168,3549,4896,1908,1276,951,872,1398,719,410,11122,662,1214,7678,550,2279,613,6625,1536,1433,862,1357,888,723,956,3448,3519,1213,1310,969,3671,2281,1261,1102,1383,6564,19,40,584,818,977,387,21691,172,14696,34,707,121,9370,1325,10548,10153,10759,63,4334,237,298,2500,6317,120570,837,3225,3498,1522,16,4402,250,891,898,25646,8378,4262,2023,85,284,219,28,96,951,1715,3241,872,5214,717,705,1774,98240,483,3253,179931,765,8545,1430,8414,372,3893,422,60,4656,1124,1415,1638,568,653,438,1061,1879,1347,1565,747,1646,2021,40912,151,15950,3430,64,39456,9842,427,374,10923,997,69,9915,1169,2485,493,4603,1666,37067,3636,806,1134,1740,640,1880,1211,2147,886,27,1402,46,2709,226,70,288,616,273,948,1019,52851,2075,11947,6604,1373,608,1284,186,52470,103,24062,2247,17605,1940,799,4141,30,51479,9261,15485,68767,3810,34541,345,324,493,1259,585,1735,1052,2693,7840,1475,85,269,1535,18,34,5561,6084,40,108,326,35284,58570,44556,11143,50461,6044,477,121973,134755,19680,58586,97404,116077,420,292,1022,953,313,1222,2054,381,513,1041,10426,0.0,0.0,0.0,0.0,0.0,0.0,0.0,0.0,0.0,0.0,0.0,0.0,0.0,0.0,0.0,0.0,0.0,0.0,0.0,0.0,0.0,0.0,0.0,0.0,0.0,0.0,0.0,0.0,0.0,0.0,0.0,0.0,0.0,0.0,0.0,0.0,0.0,0.0,0.0,0.0,0.0,0.0,0.0,0.0,0.0,0.0,0.0,0.0,0.0,0.0,0.0,0.0,0.0,0.0,0.0,0.0,0.0,0.0,0.0,0.0,0.0,0.0,0.0,0.0,0.0,0.0,0.0,0.0,0.0,0.0,0.0,0.0,0.0,0.0,0.0,0.0,0.0,0.0,0.0,0.0,0.0,0.0,0.0,0.0,0.0,0.0,0.0,0.0,0.0,0.0,0.0,0.0,0.0,0.0,0.0,0.0,0.0,0.0,0.0,0.0,0.0,0.0,0.0,0.0,0.0,0.0,0.0,0.0,0.0,0.0,0.0,0.0,0.0,0.0,0.0,0.0,0.0,0.0,0.0,0.0,0.0,0.0,0.0,0.0,0.0,0.0,0.0,0.0,0.0,0.0,0.0,0.0,0.0,0.0,0.0,0.0,0.0,0.0,0.0,0.0,0.0,0.0,0.0,0.0,0.0,0.0,0.0,0.0,0.0,0.0
ENCFF000COD,0.09370901389595798,15511,41,1938,9798,433,44028,2120,98,328,161,200,1157,2797,5006,5157,14103,2139,434,1912,2927,125,542,93,32,19,231,78,1588,10626,2114,234,92,264,761,643,12,1095,21,1,3633,7725,23,462,8,25,192,2860,6304,5,243,341,528,364,233,4195,101,216,238,56,492,689,114,4602,147,166,22,3,22150,25275,5387,356,298,551,3199,143,478,213,290,346,86,426,439,2756,249,198,1525,34,306,203,14,1112,75,15,713,510,6855,96498,5866,43,17272,22325,1185,19620,819,227,3312,839,628,6,1496,4583,4039,70,2401,28699,1600,16102,322,1470,1194,5392,672,16544,556,4053,1823,544,2023,721,59,17397,7531,14,6694,4529,6138,19434,8,1883,1109,466,2094,12581,105,151,31,112,42,26,1378,195,247,5474,3056,604,2211,10532,1325,527,400,340,388,1439,2131,2005,3592,45,87,34,394,5,728,258,1059,312,3,1,189,450,347,10540,4989,26678,1140,16389,16979,7062,13184,7626,15412,134,16464,18526,7716,5661,13130,10122,2628,424,12,308,21,185,292,160,78,101,21,2177,226,15280,4971,6925,46,85552,18416,1665,15469,10265,691,357,20938,8214,23747,2785,24019,91,25761,32,113,329,19,121,314,104,1500,1407,10,265,353,239,369,196,1013,547,197,130,2310,1532,1048,1768,505,114,305,264,140,211,134,400,466,2506,742,180,1040,1049,789,4728,6674,86,1141,2135,597,291,193,216,310,184,85,4647,216,297,3231,174,895,211,2246,393,361,208,408,65,205,246,1069,1069,336,386,333,1573,705,269,319,348,1633,62,142,186,191,388,127,10251,51,7156,122,404,32,3617,453,4716,4080,3628,15,1459,73,155,473,2427,27920,378,1093,1275,751,8,1070,99,273,344,6301,2401,1272,884,256,445,107,4,70,278,412,1924,206,1950,279,247,592,16558,181,974,77995,207,3785,372,2192,151,992,135,9,1992,335,350,376,284,178,124,460,434,366,347,164,480,493,16118,128,5329,1448,11,16246,4467,5,184,2723,294,47,3318,274,674,210,1321,437,6400,1106,317,321,409,234,489,281,1441,189,23,1061,20,902,77,5,116,228,41,466,307,10527,1275,3544,2718,719,185,471,37,23395,25,9708,737,8723,808,141,2070,6,13126,2792,4386,21237,856,5746,88,41,177,346,172,408,233,561,2146,349,13,92,443,5,23,3046,2760,4,48,121,13272,18410,15291,3162,19123,2262,168,34190,44827,6603,19240,33717,43173,132,127,306,321,106,299,897,173,364,292,3925,0.0,0.0,0.0,0.0,0.0,0.0,0.0,0.0,0.0,0.0,0.0,0.0,0.0,0.0,0.0,0.0,0.0,0.0,0.0,0.0,0.0,0.0,0.0,0.0,0.0,0.0,0.0,0.0,0.0,0.0,0.0,0.0,0.0,0.0,0.0,0.0,0.0,0.0,0.0,0.0,0.0,0.0,0.0,0.0,0.0,0.0,0.0,0.0,0.0,0.0,0.0,0.0,0.0,0.0,0.0,0.0,0.0,0.0,0.0,0.0,0.0,0.0,0.0,0.0,0.0,0.0,0.0,0.0,0.0,0.0,0.0,0.0,0.0,0.0,0.0,0.0,0.0,0.0,0.0,0.0,0.0,0.0,0.0,0.0,0.0,0.0,0.0,0.0,0.0,0.0,0.0,0.0,0.0,0.0,0.0,0.0,0.0,0.0,0.0,0.0,0.0,0.0,0.0,0.0,0.0,0.0,0.0,0.0,0.0,0.0,0.0,0.0,0.0,0.0,0.0,0.0,0.0,0.0,0.0,0.0,0.0,0.0,0.0,0.0,0.0,0.0,0.0,0.0,0.0,0.0,0.0,0.0,0.0,0.0,0.0,0.0,0.0,0.0,0.0,0.0,0.0,0.0,0.0,0.0,0.0,0.0,0.0,0.0,0.0,0.0
ENCFF002BHL,0.08160698269104666,871326,54,8583,1928,0,13392,1780,70,100,179,2644,904,1170,549,17,1,2397,821,1223,5647,138,1107,1,0,0,299,19790,1239,176,4741,213,455,543,678,295,58,574,0,0,4041,15246,0,433,0,7,38,4196,159,2504,1142,1180,390,432,128,26966,20,507,69,0,1195,309,0,3,8,5,5770,0,18917,144328,16910,315,458,2386,9854,82,414,358,410,344,109,448,200,3876,149,144,1224,0,187,177,0,1780,2162,0,2415,75,15,183773,19079,0,87827,42743,622,39277,513,197,4733,829,1200,0,35310,16334,12368,0,2986,168000,34,7962,0,0,168,7867,0,179,188,5931,2463,232,3251,152,4,64116,1633,10864,38,445,14230,68506,21403,2463,1176,256,3178,1129,19,16272,0,139,0,25,2931,887,88,7988,6803,322,2168,524,136,266,316,133,108,2360,5074,6171,13704,0,0,0,152,0,334,182,4116,424,0,0,188,527,389,24963,8791,62850,2781,18152,36516,11469,6937,14162,38900,66,31478,33944,15237,16228,31976,252138,2794,859,360,21,0,237,480,183,1,0,0,3635,0,4513,3448,0,0,181162,27771,5326,26279,482,1840,695,27587,11176,14375,1,56431,48,59539,0,74,1351,0,87,248,233,2436,2897,0,309,122,152,270,245,1142,371,7648,28,5089,2246,1416,3946,272,69,266,236,65,74,32,780,239,2016,186,144,1437,1277,570,2028,114,35183,1417,11888,948,288,163,298,323,94,6,7837,217,381,13505,112,3162,120,3032,414,164,86,251,0,205,385,977,843,216,230,229,2964,1189,519,72,349,876,3,0,64,262,679,0,26448,0,14043,0,302,1920,6457,698,46912,5826,4904,0,2961,0,17,0,4880,186073,1643,1729,2313,1360,2,651,21,0,2425,6830,1765,1249,2451,0,15,2,0,0,222,4,4402,284,5832,153,67,529,120,741,1431,208805,88,7593,200,2153,21367,925,71,3584,29118,341,512,1047,86,70,124,194415,274,345,365,15,229,223,21980,0,20943,1311,0,69217,21640,0,856,4248,106,0,5107,188,558,248,2610,222,520,80,2366,153,468,119,462,346,1472,0,0,1410,0,1893,0,0,149,2837,0,0,219,814,7,1795,636,54,906,857,0,76278,3031,17193,485,34527,2190,10,3579,0,45278,3841,8063,46681,359,1337,13,0,67,208,107,215,281,233,53,375,0,434,180,0,0,10113,5476,0,1949,43,35998,69311,32413,3939,36239,7766,410,53295,94129,11660,72094,95468,93455,409,243,110,101,89,242,1237,279,222,879,5287,0.0,0.0,0.0,0.0,0.0,0.0,0.0,0.0,0.0,0.0,0.0,0.0,0.0,0.0,0.0,0.0,0.0,0.0,0.0,0.0,0.0,0.0,0.0,0.0,0.0,0.0,0.0,0.0,0.0,0.0,0.0,0.0,0.0,0.0,0.0,0.0,0.0,0.0,0.0,0.0,0.0,0.0,0.0,0.0,0.0,0.0,0.0,0.0,0.0,0.0,0.0,0.0,0.0,0.0,0.0,0.0,0.0,0.0,0.0,0.0,0.0,0.0,0.0,0.0,0.0,0.0,0.0,0.0,0.0,0.0,0.0,0.0,0.0,0.0,0.0,0.0,0.0,0.0,0.0,0.0,0.0,0.0,0.0,0.0,0.0,0.0,0.0,0.0,0.0,0.0,0.0,0.0,0.0,0.0,0.0,0.0,0.0,0.0,0.0,0.0,0.0,0.0,0.0,0.0,0.0,0.0,0.0,0.0,0.0,0.0,0.0,0.0,0.0,0.0,0.0,0.0,0.0,0.0,0.0,0.0,0.0,0.0,0.0,0.0,0.0,0.0,0.0,0.0,0.0,0.0,0.0,0.0,0.0,0.0,0.0,0.0,0.0,0.0,0.0,0.0,0.0,0.0,0.0,0.0,0.0,0.0,0.0,0.0,0.0,0.0
ENCFF000YBN,0.05040199384388166,2133,15,231,2090,31,3399,326,14,21,12,112,223,186,388,880,1125,186,24,1326,347,10,72,6,2,5,36,48,134,1117,170,12,7,18,84,58,1,94,3,10,696,646,23,48,5,46,26,248,1235,2,24,35,39,25,14,447,8,22,14,4,56,136,13,518,15,18,12,23,2278,2545,484,46,29,57,358,12,40,20,34,28,5,39,44,234,19,13,104,0,35,23,2,66,8,2,51,57,790,8861,620,8,1772,2144,93,2069,56,17,318,82,92,1,149,425,375,5,321,1783,124,1217,22,109,81,397,42,1884,49,355,236,37,165,29,22,1845,627,23,1118,440,848,1530,4,332,1316,38,179,1956,23,26,5,8,0,0,123,19,113,554,271,31,185,2100,157,21,36,52,38,154,202,179,398,3,13,0,37,0,83,22,116,376,7,0,19,63,29,935,416,2607,117,1393,1738,587,1477,622,1192,8,1584,1782,672,557,1297,1050,323,44,15,57,13,19,19,13,5,0,2,243,13,1419,498,519,7,12563,1699,167,1456,935,69,51,1898,1034,2701,192,2385,5,2718,1,11,230,179,5,23,10,138,116,7,19,27,21,34,18,83,54,24,10,218,143,98,136,41,5,26,24,18,13,14,27,46,271,47,12,93,89,88,539,928,29,72,286,53,26,16,14,28,9,3,397,14,22,324,17,93,18,239,43,44,13,35,18,22,16,103,95,20,35,24,169,89,25,36,24,150,0,2,14,16,40,7,970,3,504,2,20,35,331,50,426,444,384,1,103,4,13,38,247,3020,28,96,110,90,3,112,16,6,35,554,1270,424,79,2,6,5,0,2,20,24,129,17,155,20,15,72,2882,19,92,6632,22,284,29,190,50,105,6,20,234,30,28,32,18,18,13,373,38,31,36,11,36,29,1380,5,495,127,0,1597,421,1,20,286,36,1,320,24,122,21,111,35,965,124,66,27,32,13,48,22,73,22,2,73,1,144,13,3,12,17,11,35,30,1328,99,381,294,66,50,55,7,2326,6,834,76,672,71,16,234,16,1259,273,439,2173,65,700,5,6,14,36,27,36,15,61,200,35,8,26,42,2,4,230,258,0,12,16,1363,1853,1405,317,1874,232,17,3333,4644,612,1957,3293,4387,19,17,31,24,5,39,78,23,24,28,374,0.0,0.0,0.0,0.0,0.0,0.0,0.0,0.0,0.0,0.0,0.0,0.0,0.0,0.0,0.0,0.0,0.0,0.0,0.0,0.0,0.0,0.0,0.0,0.0,0.0,0.0,0.0,0.0,0.0,0.0,0.0,0.0,0.0,0.0,0.0,0.0,0.0,0.0,0.0,0.0,0.0,0.0,0.0,0.0,0.0,0.0,0.0,0.0,0.0,0.0,0.0,0.0,0.0,0.0,0.0,0.0,0.0,0.0,0.0,0.0,0.0,0.0,0.0,0.0,0.0,0.0,0.0,0.0,0.0,0.0,0.0,0.0,0.0,0.0,0.0,0.0,0.0,0.0,0.0,0.0,0.0,0.0,0.0,0.0,0.0,0.0,0.0,0.0,0.0,0.0,0.0,0.0,0.0,0.0,0.0,0.0,0.0,0.0,0.0,0.0,0.0,0.0,0.0,0.0,0.0,0.0,0.0,0.0,0.0,0.0,0.0,0.0,0.0,0.0,0.0,0.0,0.0,0.0,0.0,0.0,0.0,0.0,0.0,0.0,0.0,0.0,0.0,0.0,0.0,0.0,0.0,0.0,0.0,0.0,0.0,0.0,0.0,0.0,0.0,0.0,0.0,0.0,0.0,0.0,0.0,0.0,0.0,0.0,0.0,0.0
ENCFF274LZM,0.18427643241854022,72983,264,10677,58231,2035,173225,8924,617,2196,482,1242,7456,23254,34561,31298,106386,12818,1348,10483,14803,334,1106,459,84,127,1468,239,7192,39803,6514,602,309,860,3761,3328,80,3401,77,38,15166,20799,298,1254,90,71,836,11566,33556,43,1085,1858,3085,942,730,11421,333,637,1081,398,1389,3458,1134,21915,1208,699,131,122,100301,102330,12130,2033,1525,1917,8775,243,2348,1078,1655,1936,472,1992,2202,7497,845,1168,7693,55,1876,958,65,2457,449,53,7551,2876,36296,376597,24392,292,61923,84533,5021,72621,2215,1493,9698,3348,3753,44,5530,14391,13897,211,9986,63492,8262,48786,1584,7508,6696,20239,3497,60315,2958,12760,7140,1902,5266,842,166,57193,59189,222,30390,31142,20848,52225,102,10663,3597,2246,6652,72656,998,386,395,275,111,89,3978,573,1029,25785,9341,1505,8985,66618,6973,795,2303,1378,1269,5479,10357,8676,9887,197,350,52,1995,164,4122,1352,1806,251,30,46,1044,1544,1827,31430,13819,85565,4938,80807,63248,30095,56528,27981,62177,932,60222,73288,20677,20386,46383,34640,11133,2029,56,1744,111,939,1932,370,213,42,398,8593,1297,63778,26673,64338,291,361110,77129,6654,54515,58024,1881,1372,89828,40466,120961,15362,88367,548,84187,119,634,1828,433,647,1950,379,7537,3569,76,1413,1906,1361,1932,907,4813,2650,481,665,9158,5486,3683,4657,2253,735,1273,1513,783,778,579,1100,2241,11983,3094,883,3667,4502,4378,24232,66516,359,4283,6198,2796,1554,1254,1413,2020,1129,259,13762,970,1615,9186,849,3095,827,8491,2120,1986,1273,1954,379,970,1223,5053,5373,1724,1912,1504,4638,2918,1260,1698,1809,8674,45,132,901,1289,967,911,28620,208,21371,50,1179,140,10648,1384,13876,15446,19064,34,4871,257,686,1917,7128,228473,1003,3704,4307,2014,58,6417,210,227,1049,29737,13324,7584,2247,185,619,269,31,119,1484,1623,4631,1064,9006,1065,898,3948,107158,699,4833,280120,1001,9600,2060,9629,594,5420,614,122,6753,1641,1936,1912,775,891,414,1734,2235,1844,2068,944,2132,2431,45686,229,18025,5040,40,48250,13957,185,399,12422,1130,188,13221,1715,2272,529,5887,2143,50843,7369,1253,1760,2165,1009,1975,1819,2246,1056,52,2439,317,3756,197,42,367,835,269,2970,1633,66780,6266,22400,14202,3467,1334,1844,214,69711,128,29060,3576,24104,2366,1425,5608,112,60307,12461,19965,88563,10462,29891,447,277,751,1674,830,2100,1495,3075,12603,2076,141,324,2126,34,40,7680,7048,52,180,724,46958,92086,63870,16354,72152,7641,777,140475,191012,28741,95503,132038,163065,820,465,1546,1466,484,1734,2412,625,1097,1231,13924,0.0,0.0,0.0,0.0,0.0,0.0,0.0,0.0,0.0,0.0,0.0,0.0,0.0,0.0,0.0,0.0,0.0,0.0,0.0,0.0,0.0,0.0,0.0,0.0,0.0,0.0,0.0,0.0,0.0,0.0,0.0,0.0,0.0,0.0,0.0,0.0,0.0,0.0,0.0,0.0,0.0,0.0,0.0,0.0,0.0,0.0,0.0,0.0,0.0,0.0,0.0,0.0,0.0,0.0,0.0,0.0,0.0,0.0,0.0,0.0,0.0,0.0,0.0,0.0,0.0,0.0,0.0,0.0,0.0,0.0,0.0,0.0,0.0,0.0,0.0,0.0,0.0,0.0,0.0,0.0,0.0,0.0,0.0,0.0,0.0,0.0,0.0,0.0,0.0,0.0,0.0,0.0,0.0,0.0,0.0,0.0,0.0,0.0,0.0,0.0,0.0,0.0,0.0,0.0,0.0,0.0,0.0,0.0,0.0,0.0,0.0,0.0,0.0,0.0,0.0,0.0,0.0,0.0,0.0,0.0,0.0,0.0,0.0,0.0,0.0,0.0,0.0,0.0,0.0,0.0,0.0,0.0,0.0,0.0,0.0,0.0,0.0,0.0,0.0,0.0,0.0,0.0,0.0,0.0,0.0,0.0,0.0,0.0,0.0,0.0
ENCFF619LOK,0.11898025801521495,208336,118,4211,59307,705,159854,13726,712,596,430,900,6387,3485,7694,26768,36158,2850,1422,7856,7424,159,958,93,234,231,2387,15797,6075,37445,5067,179,86,701,4246,4301,60,4796,103,21,10317,12371,235,570,160,56,1184,10539,35443,901,1218,2798,2984,251,472,6683,104,485,364,611,1595,3597,505,15452,336,404,4255,326,54546,76502,6826,2618,1405,3527,6997,94,3075,1279,1510,1842,539,2470,2944,3452,846,1594,7344,59,1748,1635,44,1613,935,119,3851,1200,17398,204792,11066,199,30719,50025,5581,42176,3128,1523,5284,2568,3366,85,4869,9781,11814,687,8267,42470,2259,42462,215,940,1166,8302,640,70637,2449,7984,3433,751,2669,201,183,35344,7942,7318,29091,10949,14939,35555,528,7525,7249,2484,4690,58160,1017,954,101,128,117,41,2461,657,853,14497,4352,409,5292,55255,3460,445,3080,4736,3650,3708,5497,6760,7262,99,203,99,2240,121,2682,1222,2640,996,29,42,885,560,2837,14224,7452,49949,4181,27856,42746,17535,38217,21541,37187,458,32287,41878,11267,11582,33385,22484,6079,1418,1022,796,72,1602,2591,189,92,90,65,5920,395,59526,12089,14806,702,198563,45706,5871,27981,25838,1505,834,43196,21675,61991,3555,51247,203,49126,145,330,1409,103,736,1919,490,7988,2688,75,1588,1398,1338,2238,1180,5392,2695,228,253,8082,5693,2765,3623,3448,653,2023,1758,1087,704,521,377,2150,6542,1331,830,2137,5343,3780,12893,77853,13369,4895,4568,2313,1871,1479,1353,1921,1069,107,12161,1202,3443,7063,704,2968,1146,6037,3558,2407,2053,2045,266,915,678,5343,3902,2138,1692,1727,3559,3182,2357,1306,2276,5180,59,40,906,1768,1116,881,16838,495,12372,92,277,157,7628,875,10052,9883,10586,130,3422,331,138,2279,3529,120739,1258,2649,4530,1389,172,4077,172,1412,2061,29750,10983,7358,1997,129,340,410,56,253,1290,1743,3082,1796,8048,1370,993,2546,94897,314,3456,148208,779,8477,2126,12180,17394,3837,598,1044,8907,1674,2475,2520,689,600,121,127697,3468,2262,2382,959,2428,2628,35416,207,21940,1806,167,38710,10486,67,596,8338,1517,237,11732,1573,1408,286,7148,2255,48833,2531,2180,1621,2356,1345,1488,1958,1813,1458,108,1555,79,3641,435,417,109,1015,1015,372,1431,40967,1441,10432,5444,893,1050,1372,548,41790,886,13183,2423,11542,2467,63,3180,22,52514,9412,15040,59437,2859,29127,207,548,830,2141,1180,2127,1684,2138,8016,2093,25,208,2102,78,103,3565,3411,41,831,156,33592,44181,34589,9220,38298,6193,1478,76731,105513,16008,43819,82149,96346,347,88,1418,1440,652,1945,1018,917,388,1122,9675,0.0,0.0,0.0,0.0,0.0,0.0,0.0,0.0,0.0,0.0,0.0,0.0,0.0,0.0,0.0,0.0,0.0,0.0,0.0,0.0,0.0,0.0,0.0,0.0,0.0,0.0,0.0,0.0,0.0,0.0,0.0,0.0,0.0,0.0,0.0,0.0,0.0,0.0,0.0,0.0,0.0,0.0,0.0,0.0,0.0,0.0,0.0,0.0,0.0,0.0,0.0,0.0,0.0,0.0,0.0,0.0,0.0,0.0,0.0,0.0,0.0,0.0,0.0,0.0,0.0,0.0,0.0,0.0,0.0,0.0,0.0,0.0,0.0,0.0,0.0,0.0,0.0,0.0,0.0,0.0,0.0,0.0,0.0,0.0,0.0,0.0,0.0,0.0,0.0,0.0,0.0,0.0,0.0,0.0,0.0,0.0,0.0,0.0,0.0,0.0,0.0,0.0,0.0,0.0,0.0,0.0,0.0,0.0,0.0,0.0,0.0,0.0,0.0,0.0,0.0,0.0,0.0,0.0,0.0,0.0,0.0,0.0,0.0,0.0,0.0,0.0,0.0,0.0,0.0,0.0,0.0,0.0,0.0,0.0,0.0,0.0,0.0,0.0,0.0,0.0,0.0,0.0,0.0,0.0,0.0,0.0,0.0,0.0,0.0,0.0
ENCFF733EHG,0.1687821798206184,5328728,485093,95956,553,2,21242,5303,110,151,58,14842,448,343,391,34,7,2133,585,4495,7406,128,717,199,13076,10,244,111988,2499,99,3523,538,1679,544,435,328,31,644,2,0,20088,8113,0,128,4,9156,155,1802,16,16996,436,214,289,168,376,360244,12,764,39,5,2078,509,0,4,1,5,12393,1,25513,189892,36159,234,160,5369,7900,85,305,139,148,192,53,210,236,1879,64,124,1142,104,152,189,4,3119,20,0,2604,70,18,321262,12653,55,418346,44453,516,42928,395,111,7762,4449,2314,0,240091,133614,31241,185,10735,137880,71,4900,0,0,157,4808,2,76,207,13510,4818,390,2179,108,56,36474,1043,48757,55,446,9481,154600,12853,6394,641,187,6154,722,13,49369,0,44,80,5,1314,314,162,17905,3722,323,1775,491,120,843,296,664,324,1167,1424,1623,90228,56,24,6,183,0,292,104,3431,11305,0,0,212,148,290,28977,5252,75376,1304,9515,27564,9228,4950,16860,19743,45,38898,41994,25297,13686,56067,221366,5147,424,817,13,5,117,308,71,5,51,37,6241,1,7403,3648,3,0,32332251,20528,11566,47512,325,835,1924,17155,11283,9417,57,58975,10,42957,164,62,1201,0,82,199,330,1846,2273,15,154,123,92,217,111,671,226,4172,117,3965,3650,883,31778,329,91,259,170,93,58,41,4111,214,3970,599,107,437,859,301,797,130,202587,839,45599,409,119,88,138,226,92,1276,16450,186,424,6636,70,728,132,2015,341,222,150,185,35,126,365,613,302,179,226,148,6230,1111,198,94,225,1247,678,14,91,217,242,2,40191,91,18029,48,113,9,3255,439,18996,16431,3807,0,1610,221,11,31,2235,10073,4255,2207,15841,815,67,538,13,119,1156,11386,2509,872,823,145,2440,1,0,0,147,6,1664,145,1221,116,76,265,117,4112,502,112493,49141,6153,195,3367,102591,851,91,19428,79772,139,292,256,79,67,70,1886361,377,248,229,345,211,236,19376,41,5465,5052,0,216562,17654,2,257,2819,2620,4,1951,162,377,192,1900,277,342,75,43582,162,180,139,219,207,1224,55,1,2121,4,1248,161,111,39,12773,923,7,49,821,1,984,486,40,337,969,0,70548,10846,32780,439,75018,1590,4,3084,0,69344,4350,15381,179047,209,629,27,4,341,257,114267,158,158,289,172,196,0,657,176,0,0,6374,3320,21,11091,237,16572,29921,18056,5330,31111,9163,211,24633,103756,6509,22957,82873,55859,15,162,117,121,130,163,712,151,1013,371,9158,0.0,0.0,0.0,0.0,0.0,0.0,0.0,0.0,0.0,0.0,0.0,0.0,0.0,0.0,0.0,0.0,0.0,0.0,0.0,0.0,0.0,0.0,0.0,0.0,0.0,0.0,0.0,0.0,0.0,0.0,0.0,0.0,0.0,0.0,0.0,0.0,0.0,0.0,0.0,0.0,0.0,0.0,0.0,0.0,0.0,0.0,0.0,0.0,0.0,0.0,0.0,0.0,0.0,0.0,0.0,0.0,0.0,0.0,0.0,0.0,0.0,0.0,0.0,0.0,0.0,0.0,0.0,0.0,0.0,0.0,0.0,0.0,0.0,0.0,0.0,0.0,0.0,0.0,0.0,0.0,0.0,0.0,0.0,0.0,0.0,0.0,0.0,0.0,0.0,0.0,0.0,0.0,0.0,0.0,0.0,0.0,0.0,0.0,0.0,0.0,0.0,0.0,0.0,0.0,0.0,0.0,0.0,0.0,0.0,0.0,0.0,0.0,0.0,0.0,0.0,0.0,0.0,0.0,0.0,0.0,0.0,0.0,0.0,0.0,0.0,0.0,0.0,0.0,0.0,0.0,0.0,0.0,0.0,0.0,0.0,0.0,0.0,0.0,0.0,0.0,0.0,0.0,0.0,0.0,0.0,0.0,0.0,0.0,0.0,0.0
ENCFF000XSF,0.07700366436824627,2228,14,146,1314,27,2976,224,24,25,11,28,126,190,423,621,994,151,21,235,224,3,24,4,3,2,24,109,128,1640,147,19,10,24,87,71,0,77,1,1,304,428,2,27,1,2,30,214,853,11,73,37,45,20,12,305,6,15,15,9,29,53,8,551,10,27,44,4,2047,2195,332,33,28,60,257,11,64,19,18,30,8,43,45,158,18,20,133,0,20,18,0,50,12,1,78,52,683,7150,430,4,1228,1589,91,1551,92,18,203,57,61,4,114,297,317,4,154,1517,144,1779,35,154,103,348,59,2179,62,212,111,36,121,14,6,1228,613,49,1031,375,601,1154,17,169,127,48,145,2014,18,21,5,6,1,2,93,11,25,356,192,25,197,1255,143,15,37,81,64,118,175,165,278,4,6,3,49,3,61,19,94,243,1,0,34,41,40,739,300,1876,108,1308,1554,602,1552,508,1144,10,1175,1336,394,392,995,801,306,37,21,40,2,20,39,14,6,4,15,153,18,2226,518,520,20,8264,2274,159,1152,993,54,82,1718,824,2354,249,1843,5,1902,2,10,32,16,15,28,11,116,84,1,35,34,17,43,19,96,61,8,8,142,114,65,109,60,11,25,27,20,8,12,26,48,183,39,15,85,108,67,429,911,62,77,149,56,45,30,20,29,28,5,349,21,33,211,7,62,19,141,36,58,23,35,6,16,15,94,92,23,43,19,98,50,23,27,42,118,1,1,16,12,22,10,591,8,337,1,21,2,267,53,274,281,294,3,112,8,7,94,188,3610,33,76,79,50,9,101,9,10,38,583,276,117,58,3,7,9,0,1,25,69,100,26,149,15,15,75,1835,21,71,5385,24,320,28,194,110,101,7,41,203,41,18,32,13,16,10,480,50,39,53,21,40,52,1018,6,349,109,2,1052,346,1,16,248,38,8,264,31,49,14,172,42,786,127,25,49,31,17,38,37,48,36,1,43,2,76,4,2,11,22,26,35,34,985,107,394,246,92,15,52,13,2096,12,582,83,515,62,18,124,1,1146,282,347,1782,85,644,13,10,11,38,23,41,23,42,336,30,1,17,50,0,2,161,147,1,13,3,1042,1546,1255,313,1439,169,14,3145,3728,557,1583,2705,3408,5,9,22,37,6,40,61,17,12,25,273,0.0,0.0,0.0,0.0,0.0,0.0,0.0,0.0,0.0,0.0,0.0,0.0,0.0,0.0,0.0,0.0,0.0,0.0,0.0,0.0,0.0,0.0,0.0,0.0,0.0,0.0,0.0,0.0,0.0,0.0,0.0,0.0,0.0,0.0,0.0,0.0,0.0,0.0,0.0,0.0,0.0,0.0,0.0,0.0,0.0,0.0,0.0,0.0,0.0,0.0,0.0,0.0,0.0,0.0,0.0,0.0,0.0,0.0,0.0,0.0,0.0,0.0,0.0,0.0,0.0,0.0,0.0,0.0,0.0,0.0,0.0,0.0,0.0,0.0,0.0,0.0,0.0,0.0,0.0,0.0,0.0,0.0,0.0,0.0,0.0,0.0,0.0,0.0,0.0,0.0,0.0,0.0,0.0,0.0,0.0,0.0,0.0,0.0,0.0,0.0,0.0,0.0,0.0,0.0,0.0,0.0,0.0,0.0,0.0,0.0,0.0,0.0,0.0,0.0,0.0,0.0,0.0,0.0,0.0,0.0,0.0,0.0,0.0,0.0,0.0,0.0,0.0,0.0,0.0,0.0,0.0,0.0,0.0,0.0,0.0,0.0,0.0,0.0,0.0,0.0,0.0,0.0,0.0,0.0,0.0,0.0,0.0,0.0,0.0,0.0
ENCFF223WMJ,0.12309373721639502,98545,86,2255,29708,406,85412,8503,399,404,262,563,4084,1960,3951,12300,17190,1767,1151,5288,4676,117,639,59,158,86,1361,6368,3463,15077,3486,145,43,430,2355,2390,27,2580,35,10,6873,8574,131,334,111,20,662,6367,16941,440,1017,1717,1681,171,319,4873,82,353,231,337,1149,2408,307,6399,245,285,1717,227,28198,39813,4596,1501,874,2150,5204,44,1696,766,878,1096,308,1380,1533,2332,538,873,4498,48,1072,980,38,1205,704,75,2724,647,6439,128630,7399,164,21225,33137,3498,28186,1698,893,3758,1617,2118,52,3191,6264,7772,424,5146,32642,983,26568,133,564,830,5544,275,42156,1295,5285,2263,482,1849,181,83,26071,4713,2779,14400,5918,10631,25435,213,4738,5416,1452,3172,29370,367,493,64,105,49,16,1639,414,699,9585,3371,330,3158,27358,1793,299,1736,3030,2314,2492,4309,5273,5632,53,120,56,1250,51,1501,710,716,370,12,32,543,392,1544,9486,4995,32940,2396,16170,25465,9794,18948,13600,22319,132,20903,27311,7799,8061,21089,14926,3444,995,420,332,71,885,1544,124,68,44,43,3738,172,28080,6878,6451,403,126411,28109,3566,18106,11658,1057,554,26214,12232,33681,1897,36803,128,34615,137,245,776,60,416,1090,258,4681,1980,41,914,800,774,1317,615,2906,1478,173,164,5062,3454,1753,2745,2097,435,1146,1029,565,350,277,278,1341,3883,802,546,1301,3093,2110,6270,38324,5475,2806,3193,1397,1083,817,769,1112,657,64,7519,707,1994,4794,409,1788,684,4014,2186,1378,1298,1230,215,534,504,3093,2291,1226,1006,1022,2470,2061,1407,814,1357,3172,31,26,536,1007,654,437,11658,380,8083,41,216,138,4851,686,6613,6116,6442,74,2329,279,83,1232,2550,59666,642,1680,2640,951,36,2344,104,894,1394,17758,8132,5847,1373,84,232,168,9,115,829,737,1891,936,4730,772,552,1437,47523,240,1931,99620,517,5497,1225,7172,6970,2390,342,707,5004,922,1364,1376,428,366,109,58655,1847,1245,1264,503,1262,1472,23062,127,13699,1107,76,25865,6340,23,417,5129,1015,147,7095,866,1034,213,4201,1248,24909,1331,993,935,1329,807,920,1106,1191,737,57,1156,70,2243,268,322,71,425,326,144,672,19355,743,5675,3011,475,728,996,282,29047,390,9671,1448,8652,1763,45,2178,22,31279,5345,9151,36199,1569,15139,147,310,476,1346,732,1215,1058,1346,9356,1108,19,134,1208,25,64,2711,2624,19,306,112,22114,26125,20704,5810,25259,3907,689,46700,66459,9890,26270,51314,62971,189,69,921,770,451,1134,739,549,266,707,5990,0.0,0.0,0.0,0.0,0.0,0.0,0.0,0.0,0.0,0.0,0.0,0.0,0.0,0.0,0.0,0.0,0.0,0.0,0.0,0.0,0.0,0.0,0.0,0.0,0.0,0.0,0.0,0.0,0.0,0.0,0.0,0.0,0.0,0.0,0.0,0.0,0.0,0.0,0.0,0.0,0.0,0.0,0.0,0.0,0.0,0.0,0.0,0.0,0.0,0.0,0.0,0.0,0.0,0.0,0.0,0.0,0.0,0.0,0.0,0.0,0.0,0.0,0.0,0.0,0.0,0.0,0.0,0.0,0.0,0.0,0.0,0.0,0.0,0.0,0.0,0.0,0.0,0.0,0.0,0.0,0.0,0.0,0.0,0.0,0.0,0.0,0.0,0.0,0.0,0.0,0.0,0.0,0.0,0.0,0.0,0.0,0.0,0.0,0.0,0.0,0.0,0.0,0.0,0.0,0.0,0.0,0.0,0.0,0.0,0.0,0.0,0.0,0.0,0.0,0.0,0.0,0.0,0.0,0.0,0.0,0.0,0.0,0.0,0.0,0.0,0.0,0.0,0.0,0.0,0.0,0.0,0.0,0.0,0.0,0.0,0.0,0.0,0.0,0.0,0.0,0.0,0.0,0.0,0.0,0.0,0.0,0.0,0.0,0.0,0.0
ENCFF163AGA,0.12964621170274704,176067,210,1382,18087,180,79449,8467,352,263,212,806,4120,1003,2261,10307,8519,1564,551,3015,5327,142,595,68,106,85,1994,14049,3094,11852,3430,109,44,420,2242,2025,22,2405,17,5,7849,7561,35,189,50,28,659,5322,9622,793,849,1490,1466,154,297,5569,46,323,382,151,830,2809,85,2863,173,117,3870,370,19133,34819,4572,1341,805,2110,12483,66,1626,684,791,960,261,1256,1692,2099,425,770,3792,19,927,887,16,779,147,25,833,542,5469,121721,7244,149,20624,28632,3002,24826,1765,775,3095,1128,1400,26,2927,7156,8524,150,5969,30419,772,17357,94,434,566,4933,183,23535,1220,7029,2256,222,1753,97,162,26840,2127,5315,6163,3347,36537,21961,493,4096,2873,1394,3227,16341,284,857,25,135,36,21,1352,299,1167,11331,3244,277,3134,17608,1373,163,1602,561,317,1998,4944,6234,6129,79,67,41,1110,28,1327,614,494,105,6,5,448,350,1540,9932,4712,35192,2393,14911,23482,10058,16913,12186,22151,77,19535,24297,9818,7613,21946,15108,3329,900,1060,622,14,734,1328,113,39,15,96,5034,117,19667,7058,2634,227,142924,40879,4354,17704,6769,829,667,22269,14220,30419,2062,37611,165,40396,54,264,1217,111,360,1100,386,4318,1973,34,794,705,684,1108,622,2846,1415,584,194,4660,3338,1749,3074,1832,326,1097,859,497,362,232,289,1101,2963,900,385,1192,2821,1864,4982,10788,14001,2669,3383,1186,913,734,678,1016,585,119,6288,620,1822,4360,365,1789,632,3530,1798,1200,968,1085,442,503,417,2676,2036,1042,829,887,2287,1882,1132,699,1271,2978,37,55,414,937,666,901,13073,345,8848,29,121,171,4420,549,6959,7184,7722,20,2011,170,34,1447,2698,44586,1152,1830,2536,943,103,2188,53,132,1296,17176,4913,8376,1135,110,263,110,13,72,660,1276,2032,941,3908,667,511,804,25886,264,1845,89391,447,4738,1045,6420,14493,2208,315,1100,8008,773,1250,1370,380,269,81,108574,1956,1210,1266,559,1270,1308,19202,36,12112,1016,36,27165,6448,37,360,6498,1146,107,6115,790,1671,186,3709,1095,8659,1046,1901,815,1333,753,856,1031,1367,683,38,880,54,2508,194,1532,72,984,239,114,324,19374,601,4987,2634,422,657,772,284,25144,911,10248,1594,8693,1191,54,2256,35,31980,5757,10411,39795,981,8278,116,264,447,1145,679,1186,858,1130,5688,1063,12,132,1117,28,34,2490,2397,18,796,175,26442,25709,20027,5269,25715,3367,442,40635,58030,9005,24454,48586,60238,107,50,729,635,368,983,843,348,205,632,7381,0.0,0.0,0.0,0.0,0.0,0.0,0.0,0.0,0.0,0.0,0.0,0.0,0.0,0.0,0.0,0.0,0.0,0.0,0.0,0.0,0.0,0.0,0.0,0.0,0.0,0.0,0.0,0.0,0.0,0.0,0.0,0.0,0.0,0.0,0.0,0.0,0.0,0.0,0.0,0.0,0.0,0.0,0.0,0.0,0.0,0.0,0.0,0.0,0.0,0.0,0.0,0.0,0.0,0.0,0.0,0.0,0.0,0.0,0.0,0.0,0.0,0.0,0.0,0.0,0.0,0.0,0.0,0.0,0.0,0.0,0.0,0.0,0.0,0.0,0.0,0.0,0.0,0.0,0.0,0.0,0.0,0.0,0.0,0.0,0.0,0.0,0.0,0.0,0.0,0.0,0.0,0.0,0.0,0.0,0.0,0.0,0.0,0.0,0.0,0.0,0.0,0.0,0.0,0.0,0.0,0.0,0.0,0.0,0.0,0.0,0.0,0.0,0.0,0.0,0.0,0.0,0.0,0.0,0.0,0.0,0.0,0.0,0.0,0.0,0.0,0.0,0.0,0.0,0.0,0.0,0.0,0.0,0.0,0.0,0.0,0.0,0.0,0.0,0.0,0.0,0.0,0.0,0.0,0.0,0.0,0.0,0.0,0.0,0.0,0.0
ENCFF000ZST,0.04792188703256822,1716,9,159,1167,22,2174,235,22,21,13,37,121,195,299,557,904,137,17,251,213,16,41,4,1,3,36,46,125,1192,184,11,21,17,81,48,1,79,1,2,304,470,5,27,1,5,27,197,997,6,38,37,52,16,17,294,13,16,18,7,36,51,20,514,5,24,16,3,1844,2078,342,32,13,50,248,11,42,18,31,25,8,40,41,157,26,19,129,1,34,18,0,67,7,0,67,33,472,6912,469,1,1219,1726,87,1495,46,24,211,66,86,0,132,366,363,7,194,1403,109,986,15,83,71,370,29,1397,33,287,127,33,151,24,4,1343,522,40,655,316,609,1245,11,177,143,53,149,1062,11,6,5,4,2,3,111,5,61,381,197,32,169,1244,123,25,37,43,47,119,194,182,252,20,11,3,34,2,63,27,99,251,0,0,18,27,30,666,299,2053,97,1144,1395,589,1058,567,1004,13,1207,1311,493,433,990,713,265,26,14,32,1,22,20,11,4,1,8,173,20,1194,430,490,9,8555,1427,150,1093,911,50,20,1534,732,2207,164,2022,4,2041,1,10,26,12,11,29,14,123,92,19,31,28,15,24,22,88,49,17,12,155,129,82,139,54,7,21,20,19,16,16,28,43,185,50,14,75,80,81,406,741,41,72,166,48,27,16,13,35,13,6,347,19,33,215,8,68,19,163,49,38,35,30,22,18,26,96,74,30,27,19,107,44,30,25,33,131,3,2,17,26,44,7,645,4,445,0,17,7,260,34,324,287,293,1,101,10,7,49,167,2589,22,84,82,38,5,101,4,9,29,605,280,114,67,2,10,4,0,0,22,43,113,23,164,23,12,49,1740,16,72,5166,20,243,25,188,52,85,12,16,156,36,31,39,18,14,6,214,42,34,35,16,46,48,1070,6,433,104,0,1243,323,0,14,196,28,4,270,14,146,16,99,44,476,118,14,30,37,16,44,34,73,21,0,35,1,91,11,2,7,20,24,26,34,1500,83,388,214,49,18,50,12,1798,3,646,75,554,62,17,131,0,1165,274,410,1878,64,519,7,7,14,41,26,41,21,47,267,48,3,7,51,2,8,191,201,1,7,12,1033,1560,1179,268,1448,177,22,2691,3608,517,1584,2619,3295,13,10,24,32,7,29,100,12,13,24,278,0.0,0.0,0.0,0.0,0.0,0.0,0.0,0.0,0.0,0.0,0.0,0.0,0.0,0.0,0.0,0.0,0.0,0.0,0.0,0.0,0.0,0.0,0.0,0.0,0.0,0.0,0.0,0.0,0.0,0.0,0.0,0.0,0.0,0.0,0.0,0.0,0.0,0.0,0.0,0.0,0.0,0.0,0.0,0.0,0.0,0.0,0.0,0.0,0.0,0.0,0.0,0.0,0.0,0.0,0.0,0.0,0.0,0.0,0.0,0.0,0.0,0.0,0.0,0.0,0.0,0.0,0.0,0.0,0.0,0.0,0.0,0.0,0.0,0.0,0.0,0.0,0.0,0.0,0.0,0.0,0.0,0.0,0.0,0.0,0.0,0.0,0.0,0.0,0.0,0.0,0.0,0.0,0.0,0.0,0.0,0.0,0.0,0.0,0.0,0.0,0.0,0.0,0.0,0.0,0.0,0.0,0.0,0.0,0.0,0.0,0.0,0.0,0.0,0.0,0.0,0.0,0.0,0.0,0.0,0.0,0.0,0.0,0.0,0.0,0.0,0.0,0.0,0.0,0.0,0.0,0.0,0.0,0.0,0.0,0.0,0.0,0.0,0.0,0.0,0.0,0.0,0.0,0.0,0.0,0.0,0.0,0.0,0.0,0.0,0.0
ENCFF000BRN,0.10967258293279425,42305,434,4321,50054,1645,201724,11525,406,750,397,823,4505,6954,14495,22889,55755,4975,628,12309,7587,214,904,105,118,93,1712,393,4713,52552,5251,313,172,622,2672,2589,41,2592,68,23,11100,14285,80,833,158,161,889,8178,32323,54,757,1575,2082,663,541,7611,186,459,448,270,1163,1951,952,24302,498,436,140,67,69921,59391,8454,1597,1047,1634,6237,328,1800,848,1168,1354,305,1512,1657,4654,761,812,5224,33,1395,780,33,1646,293,65,1733,1902,34608,213568,12763,169,34011,57980,3616,49443,1590,1004,7196,2439,2944,53,4126,10082,10224,177,6691,41545,4473,58290,1174,4467,3826,11722,2035,81722,2050,7824,3833,1136,3629,526,227,34984,19561,295,33625,13732,16190,33878,97,6414,4451,1752,5961,65434,756,283,175,149,67,56,2744,386,707,14615,5707,900,5153,50383,4769,515,1642,1579,1547,3859,5741,4849,7303,119,288,43,1504,63,2745,926,1433,804,13,1,808,1188,1407,18385,8820,55745,3335,41165,68218,23243,52285,19411,39525,349,37512,45767,13348,11108,43329,29615,8266,1440,117,963,65,837,1392,230,158,46,84,5170,558,45253,15879,17393,427,325818,46618,4234,34359,42046,1414,799,51070,24596,83707,8532,55275,283,53360,130,725,1002,214,413,1333,503,5394,2778,58,1052,1352,915,1333,631,3446,2118,296,333,6607,4227,2935,6964,1931,507,989,1067,534,549,411,622,1787,7906,1913,621,2351,3293,3059,15085,26473,358,3283,4060,1885,1217,836,909,1406,768,162,9623,759,1286,6860,495,2059,644,5654,1727,1485,938,1391,256,744,720,3678,3388,1221,1380,1112,3069,2113,1223,1220,1509,5951,30,69,582,926,884,1727,20285,191,14200,16,752,162,8565,1000,10912,9587,9660,61,4034,287,235,1544,4865,89280,727,2591,2915,1373,47,3963,280,471,834,24693,11226,4355,2348,58,236,154,20,71,964,1331,2907,802,4355,777,806,2573,66739,508,3195,141494,867,7277,1476,7857,619,3567,454,188,4688,1269,1418,1434,633,638,282,2309,1750,1348,1551,792,1748,1850,34895,192,14473,3251,74,34323,8648,77,351,16014,880,98,9149,1202,1946,409,4063,1672,24211,4173,719,1193,1596,635,1705,1240,1611,829,32,1461,53,2559,192,286,246,524,463,1215,973,42665,3935,12622,10933,2382,705,1660,327,46267,104,20725,2209,15152,1591,585,3460,32,44590,9105,14231,60785,2978,29529,341,329,568,1249,819,1684,1127,2274,6655,1472,75,242,1759,54,42,4975,5026,20,188,342,30776,53823,51180,9586,44675,5228,857,88758,122934,19114,57470,88726,109974,377,225,1119,1098,351,1327,1658,414,538,1087,9431,0.0,0.0,0.0,0.0,0.0,0.0,0.0,0.0,0.0,0.0,0.0,0.0,0.0,0.0,0.0,0.0,0.0,0.0,0.0,0.0,0.0,0.0,0.0,0.0,0.0,0.0,0.0,0.0,0.0,0.0,0.0,0.0,0.0,0.0,0.0,0.0,0.0,0.0,0.0,0.0,0.0,0.0,0.0,0.0,0.0,0.0,0.0,0.0,0.0,0.0,0.0,0.0,0.0,0.0,0.0,0.0,0.0,0.0,0.0,0.0,0.0,0.0,0.0,0.0,0.0,0.0,0.0,0.0,0.0,0.0,0.0,0.0,0.0,0.0,0.0,0.0,0.0,0.0,0.0,0.0,0.0,0.0,0.0,0.0,0.0,0.0,0.0,0.0,0.0,0.0,0.0,0.0,0.0,0.0,0.0,0.0,0.0,0.0,0.0,0.0,0.0,0.0,0.0,0.0,0.0,0.0,0.0,0.0,0.0,0.0,0.0,0.0,0.0,0.0,0.0,0.0,0.0,0.0,0.0,0.0,0.0,0.0,0.0,0.0,0.0,0.0,0.0,0.0,0.0,0.0,0.0,0.0,0.0,0.0,0.0,0.0,0.0,0.0,0.0,0.0,0.0,0.0,0.0,0.0,0.0,0.0,0.0,0.0,0.0,0.0
ENCFF329YXL,0.095560360960111,1129204,2766,7340,327,1,3290,711,14,121,42,418,226,42,180,30,22,615,216,936,1400,43,165,59,2410,6,96,26382,279,105,730,190,4349,649,164,111,1363,212,9,0,3536,2332,3,175,0,722,30,605,53,8817,57,63,112,105,214,29072,48,103,44,40,142,119,2,11,9,50,3467,4,8131,19882,11556,72,50,19539,1971,99,97,49,67,90,12,62,86,971,34,40,353,21,65,34,11,573,8,0,190,56,45,47987,2395,7,32010,9313,218,8298,99,51,1346,471,422,0,23763,12715,3945,124,2291,18032,68,1973,0,0,74,1696,0,37,74,2169,993,223,592,76,14,5907,357,16615,84,270,2348,15315,37093,1626,51,69,5227,437,36,8812,2,24,33,4,413,53,94,3062,899,192,582,261,125,407,82,217,207,409,582,480,11664,33,19,1,67,0,110,50,302,241,867,0,7730,117,74,5787,2034,38520,307,3851,5493,2542,2106,2845,11742,21,8230,8798,3593,3690,10429,18485,1565,89,1837,50,4,31,63,28,24,5,0,1275,2,2790,1712,7,1,146743,4675,2423,6423,222,218,362,5844,2629,4210,64,11264,17,10637,27,18,523,1,18,47,91,440,464,1,47,63,41,84,25,182,92,3320,28,1176,427,288,6696,83,22,42,58,20,19,11,594,89,893,490,28,240,241,148,290,110,38221,260,8931,142,47,38,41,70,30,374,1802,62,52,970,29,218,35,579,69,79,38,56,13,39,1612,224,171,68,69,44,847,202,61,56,66,360,93,2,27,37,83,1,6183,6,5114,5,117,3,937,155,4709,2453,1069,1,441,37,27,28,690,4026,708,5084,3764,253,255,250,23,15,115,3189,966,292,243,50,435,33,0,3,62,7,569,34,489,30,36,43,167,2907,189,30740,434,1445,83,469,29926,287,22,16359,63649,59,75,73,20,21,239,342468,80,80,81,209,75,98,6714,115,1392,1395,3,29148,1694,3,37,1387,211,15,824,65,191,94,366,80,70,64,7635,55,77,36,88,61,303,34,0,787,0,326,106,114,44,6619,127,19,64,483,6,378,182,21,29,194,1,14181,2231,7195,393,2499,213,30,893,2,11246,1085,1724,22585,115,135,772,1099,24,243,1563,74,52,101,264,66,4,5013,102,0,0,2495,790,0,4784,44,4198,8244,8301,932,6387,1123,38,7762,20130,2656,8139,14423,15023,31,63,44,46,15,46,316,53,354,78,1408,0.0,0.0,0.0,0.0,0.0,0.0,0.0,0.0,0.0,0.0,0.0,0.0,0.0,0.0,0.0,0.0,0.0,0.0,0.0,0.0,0.0,0.0,0.0,0.0,0.0,0.0,0.0,0.0,0.0,0.0,0.0,0.0,0.0,0.0,0.0,0.0,0.0,0.0,0.0,0.0,0.0,0.0,0.0,0.0,0.0,0.0,0.0,0.0,0.0,0.0,0.0,0.0,0.0,0.0,0.0,0.0,0.0,0.0,0.0,0.0,0.0,0.0,0.0,0.0,0.0,0.0,0.0,0.0,0.0,0.0,0.0,0.0,0.0,0.0,0.0,0.0,0.0,0.0,0.0,0.0,0.0,0.0,0.0,0.0,0.0,0.0,0.0,0.0,0.0,0.0,0.0,0.0,0.0,0.0,0.0,0.0,0.0,0.0,0.0,0.0,0.0,0.0,0.0,0.0,0.0,0.0,0.0,0.0,0.0,0.0,0.0,0.0,0.0,0.0,0.0,0.0,0.0,0.0,0.0,0.0,0.0,0.0,0.0,0.0,0.0,0.0,0.0,0.0,0.0,0.0,0.0,0.0,0.0,0.0,0.0,0.0,0.0,0.0,0.0,0.0,0.0,0.0,0.0,0.0,0.0,0.0,0.0,0.0,0.0,0.0
ENCFF000WAY,0.07585118357943649,2174,9,186,1707,43,3713,257,20,24,11,27,139,163,415,942,1235,176,20,258,245,9,36,4,3,8,34,82,163,1302,205,13,7,27,96,74,4,105,2,2,372,525,4,19,2,5,24,266,1036,7,64,41,55,19,19,368,11,18,23,6,42,75,20,595,12,18,22,10,2251,2213,382,54,30,61,305,13,71,27,37,41,10,54,63,193,25,31,173,0,35,32,2,71,62,6,57,68,823,7851,510,2,1345,1908,104,1652,77,30,240,72,70,1,124,353,351,4,207,1598,167,1458,25,148,101,363,57,1799,61,291,108,29,159,19,6,1487,615,40,1111,376,636,1385,12,208,156,65,180,1954,15,17,4,7,4,0,85,23,32,482,219,28,258,1694,189,23,43,79,76,144,217,175,290,4,3,3,45,3,84,30,116,405,2,0,26,37,31,708,344,2081,111,1357,1536,636,1610,671,1243,7,1284,1557,514,471,1145,846,348,46,11,36,5,31,42,15,3,1,0,189,19,2204,566,460,20,10537,1836,181,1294,1130,61,30,1957,880,2701,223,2026,6,2099,2,10,55,31,11,39,14,145,93,0,27,44,28,44,21,106,67,24,15,214,161,84,154,62,13,37,38,15,18,14,24,73,262,52,24,74,107,91,592,1338,48,115,147,69,27,27,24,42,21,11,392,29,38,248,21,67,21,187,43,42,31,51,16,21,24,98,120,41,47,32,136,60,45,42,43,180,0,1,16,33,20,15,701,11,459,1,27,1,322,32,294,291,346,4,120,9,8,64,217,2949,41,105,110,54,4,103,10,19,34,647,321,177,86,7,13,7,1,7,29,72,140,16,178,32,32,102,2293,21,94,5844,23,301,52,245,87,110,10,28,230,43,47,51,28,20,16,382,51,43,58,19,70,62,1214,6,496,115,0,1322,485,0,19,280,35,6,323,40,93,17,140,50,703,160,23,44,33,21,32,40,60,36,0,60,5,91,5,3,9,22,28,25,47,1452,102,468,261,67,25,44,12,1714,8,720,69,651,66,19,136,3,1306,266,458,1986,92,756,12,10,19,33,28,54,23,76,394,51,1,18,56,3,3,217,201,1,17,15,1215,1998,1462,344,1678,246,28,3327,4393,686,1964,3260,3857,11,13,60,31,17,36,81,18,30,30,297,0.0,0.0,0.0,0.0,0.0,0.0,0.0,0.0,0.0,0.0,0.0,0.0,0.0,0.0,0.0,0.0,0.0,0.0,0.0,0.0,0.0,0.0,0.0,0.0,0.0,0.0,0.0,0.0,0.0,0.0,0.0,0.0,0.0,0.0,0.0,0.0,0.0,0.0,0.0,0.0,0.0,0.0,0.0,0.0,0.0,0.0,0.0,0.0,0.0,0.0,0.0,0.0,0.0,0.0,0.0,0.0,0.0,0.0,0.0,0.0,0.0,0.0,0.0,0.0,0.0,0.0,0.0,0.0,0.0,0.0,0.0,0.0,0.0,0.0,0.0,0.0,0.0,0.0,0.0,0.0,0.0,0.0,0.0,0.0,0.0,0.0,0.0,0.0,0.0,0.0,0.0,0.0,0.0,0.0,0.0,0.0,0.0,0.0,0.0,0.0,0.0,0.0,0.0,0.0,0.0,0.0,0.0,0.0,0.0,0.0,0.0,0.0,0.0,0.0,0.0,0.0,0.0,0.0,0.0,0.0,0.0,0.0,0.0,0.0,0.0,0.0,0.0,0.0,0.0,0.0,0.0,0.0,0.0,0.0,0.0,0.0,0.0,0.0,0.0,0.0,0.0,0.0,0.0,0.0,0.0,0.0,0.0,0.0,0.0,0.0
ENCFF747GMM,0.12483727400545655,146554,335,3121,97456,842,223117,15165,915,362,224,863,7736,3105,9223,32581,40663,2853,1079,14353,6764,182,777,115,220,248,2862,11776,7267,62676,5417,182,85,831,5705,5155,74,5974,71,8,12101,11841,259,717,99,89,1353,11874,57257,593,1233,3784,3903,181,452,5583,151,413,387,428,1047,4793,1731,30877,892,1014,3396,434,78458,61575,5803,3389,2012,3835,5892,109,3937,1678,1984,2442,726,3102,3293,3501,1143,2012,8885,49,2262,1973,38,1564,572,121,2579,2037,55651,213161,11338,244,28907,48400,7154,41269,3941,1816,4441,2173,2653,73,4566,8900,9700,769,7747,44092,2941,70044,304,1730,2132,9040,839,117160,3388,7772,3015,782,2403,719,105,28788,7872,4791,61869,16345,13378,30127,424,8090,17892,3238,4574,105021,1692,708,124,139,102,77,2112,444,1175,13476,3755,418,7728,90571,4599,283,3846,2865,2010,3660,5293,5011,7574,65,311,127,2945,73,3500,1555,3865,684,24,64,1205,684,3555,14533,7204,51950,4840,33180,46763,20523,57384,24776,44559,400,34727,45809,11593,11551,39050,23067,9244,1609,737,2124,27,1966,3276,210,126,116,314,5429,241,91337,17127,17434,960,361281,62185,6366,35293,50525,1141,802,54286,33287,107115,4559,48566,158,42526,64,337,1418,56,914,2589,543,9669,2677,76,1885,1799,1613,3026,1370,6831,3389,357,304,9663,6916,3457,4301,4595,852,2577,2341,1372,860,615,413,2775,9190,2180,1037,2617,6180,4522,22351,105088,9826,5850,4732,2689,2284,1925,1876,2571,1320,152,16310,1498,4269,7630,946,3675,1475,6488,4302,3099,2292,2635,500,1167,956,6702,4984,2463,2251,2080,3662,4084,3207,1737,3238,6416,59,92,1208,2230,769,957,15480,450,11346,60,222,187,8066,674,9933,9699,14082,58,3496,188,81,5299,3087,171185,914,2998,5284,1503,152,5043,180,459,2048,36370,17269,10646,1611,190,307,160,16,112,1699,3681,2714,2183,5822,1702,1229,3120,145289,340,4188,121849,1115,8572,2527,15872,12821,4790,757,622,7049,2083,3006,3154,790,787,125,80847,4305,3036,3004,1060,2991,3367,36734,76,25192,1857,118,33614,10299,95,485,7180,2072,130,13267,2064,1563,207,7984,2730,63121,4613,1360,2076,2910,1721,2008,2528,1491,1719,102,1268,95,4165,466,193,123,731,1822,424,1674,52000,1962,17018,7586,1273,923,861,649,29799,808,16767,3127,10101,1872,59,2878,24,60523,11455,19173,70356,3036,42370,341,734,1051,2725,1461,2737,2182,2545,15179,2648,25,164,2959,60,128,3173,2920,42,716,215,33084,53572,46344,11730,39886,6186,2294,97153,114904,19586,51383,89259,101857,360,75,1850,1681,823,2544,909,543,267,1162,9292,0.0,0.0,0.0,0.0,0.0,0.0,0.0,0.0,0.0,0.0,0.0,0.0,0.0,0.0,0.0,0.0,0.0,0.0,0.0,0.0,0.0,0.0,0.0,0.0,0.0,0.0,0.0,0.0,0.0,0.0,0.0,0.0,0.0,0.0,0.0,0.0,0.0,0.0,0.0,0.0,0.0,0.0,0.0,0.0,0.0,0.0,0.0,0.0,0.0,0.0,0.0,0.0,0.0,0.0,0.0,0.0,0.0,0.0,0.0,0.0,0.0,0.0,0.0,0.0,0.0,0.0,0.0,0.0,0.0,0.0,0.0,0.0,0.0,0.0,0.0,0.0,0.0,0.0,0.0,0.0,0.0,0.0,0.0,0.0,0.0,0.0,0.0,0.0,0.0,0.0,0.0,0.0,0.0,0.0,0.0,0.0,0.0,0.0,0.0,0.0,0.0,0.0,0.0,0.0,0.0,0.0,0.0,0.0,0.0,0.0,0.0,0.0,0.0,0.0,0.0,0.0,0.0,0.0,0.0,0.0,0.0,0.0,0.0,0.0,0.0,0.0,0.0,0.0,0.0,0.0,0.0,0.0,0.0,0.0,0.0,0.0,0.0,0.0,0.0,0.0,0.0,0.0,0.0,0.0,0.0,0.0,0.0,0.0,0.0,0.0
ENCFF001HXT,0.11594059215004279,23961,112,1323,11674,167,23301,2936,65,174,128,907,1126,1347,2937,5667,8477,1127,150,4693,3644,105,288,23,19,38,277,432,1090,14353,2449,90,80,201,615,620,21,781,11,127,3238,4405,16,264,9,46,260,1987,8923,85,180,332,425,183,161,3729,75,123,159,53,338,451,255,5842,121,206,151,20,19048,31080,4367,352,234,523,2060,112,435,180,249,295,83,328,430,1330,146,191,1224,4,286,150,17,545,84,16,2055,432,5918,71089,4309,40,11606,19268,1136,15221,413,188,3176,773,2759,11,2196,7461,7247,39,2286,16841,875,10391,139,623,599,3362,239,16416,450,3608,2284,705,1289,182,70,16492,4295,1025,8088,2719,5938,12982,153,1631,2362,400,1264,10675,248,130,64,42,22,24,975,103,2281,4938,1988,298,1349,11740,1026,161,396,584,454,1608,7637,5586,2461,365,91,19,268,5,515,183,231,803,16,5,212,278,359,6308,2873,20129,770,11299,13358,6951,11193,6104,10425,77,12794,15721,4505,3516,12538,7870,2544,288,165,1153,27,163,291,58,31,9,70,2354,117,14206,5481,3795,94,122522,14166,1207,10627,9488,464,820,15562,10998,25163,1171,23413,54,20845,32,112,683,36,97,342,69,1872,945,532,200,285,182,254,145,836,501,144,83,1543,1336,800,2043,350,82,198,226,122,101,87,201,324,2922,365,110,660,804,744,3287,7737,318,749,2128,449,288,213,209,298,141,63,2808,162,300,2062,111,522,100,1534,353,329,171,317,538,154,333,737,681,258,237,203,913,532,261,244,277,1241,14,6,120,173,718,70,8279,29,7495,7,187,40,2410,405,5666,3195,3455,17,1111,41,73,673,2266,30897,264,957,873,431,24,964,67,105,281,6136,4536,1188,585,17,60,56,1,26,222,521,1185,227,1639,169,164,482,16851,103,631,50195,200,2247,302,1815,607,852,90,246,1686,233,343,397,102,152,78,2996,459,300,380,341,432,463,10977,21,3708,798,18,12340,2723,6,118,2231,275,39,2271,232,1344,134,1183,313,6133,1348,233,232,367,166,364,271,860,205,12,378,11,1359,57,14,94,186,419,240,342,15712,535,3433,1769,403,159,1228,166,26237,49,6153,661,4952,622,130,1033,6,17251,3549,5599,27581,601,5700,81,267,122,313,167,391,247,470,2832,359,22,138,299,3,22,1558,1835,7,140,105,9507,15983,12602,2545,13525,1559,319,25210,37396,5809,16941,26434,30383,118,66,256,200,64,300,1054,107,150,200,3147,0.0,0.0,0.0,0.0,0.0,0.0,0.0,0.0,0.0,0.0,0.0,0.0,0.0,0.0,0.0,0.0,0.0,0.0,0.0,0.0,0.0,0.0,0.0,0.0,0.0,0.0,0.0,0.0,0.0,0.0,0.0,0.0,0.0,0.0,0.0,0.0,0.0,0.0,0.0,0.0,0.0,0.0,0.0,0.0,0.0,0.0,0.0,0.0,0.0,0.0,0.0,0.0,0.0,0.0,0.0,0.0,0.0,0.0,0.0,0.0,0.0,0.0,0.0,0.0,0.0,0.0,0.0,0.0,0.0,0.0,0.0,0.0,0.0,0.0,0.0,0.0,0.0,0.0,0.0,0.0,0.0,0.0,0.0,0.0,0.0,0.0,0.0,0.0,0.0,0.0,0.0,0.0,0.0,0.0,0.0,0.0,0.0,0.0,0.0,0.0,0.0,0.0,0.0,0.0,0.0,0.0,0.0,0.0,0.0,0.0,0.0,0.0,0.0,0.0,0.0,0.0,0.0,0.0,0.0,0.0,0.0,0.0,0.0,0.0,0.0,0.0,0.0,0.0,0.0,0.0,0.0,0.0,0.0,0.0,0.0,0.0,0.0,0.0,0.0,0.0,0.0,0.0,0.0,0.0,0.0,0.0,0.0,0.0,0.0,0.0
ENCFF000WDX,0.07195429703909197,3662,18,278,2078,47,4980,285,40,21,16,66,248,247,552,1364,1580,254,32,306,379,9,41,4,3,3,44,169,295,1677,245,20,26,32,136,121,2,115,0,4,580,640,3,40,8,5,31,381,1576,23,62,81,105,30,14,409,17,19,22,9,44,111,31,836,16,36,62,12,3190,3026,409,77,44,107,341,10,73,38,63,76,16,85,66,271,35,44,234,4,66,42,1,67,40,2,95,87,1141,10613,700,6,1758,2526,162,2238,100,47,269,91,96,3,174,458,424,9,326,1964,199,2044,50,166,153,540,89,2588,120,371,189,45,187,24,8,1834,731,225,1506,573,760,1707,53,372,153,87,237,2516,23,29,9,4,5,3,140,25,53,642,294,33,293,2304,281,26,75,79,84,224,296,245,330,7,8,3,68,2,147,49,252,676,4,0,41,52,72,1009,396,2640,139,1872,2167,917,2291,875,1882,11,1713,2083,618,616,1504,1243,439,59,40,43,7,30,62,14,3,2,3,266,18,2880,900,657,14,14202,2485,293,1846,1596,68,47,2600,1202,3883,284,2537,7,2635,5,19,98,50,20,50,11,227,150,3,57,79,56,59,35,166,106,15,12,264,214,130,177,73,24,50,50,34,36,22,31,84,342,90,28,156,178,143,849,2241,133,154,212,102,52,43,38,51,36,16,524,31,81,357,21,104,42,263,85,63,47,68,16,31,38,166,197,73,65,66,193,107,61,59,52,259,1,1,35,45,33,17,841,6,550,3,34,6,392,43,379,413,464,0,157,6,11,75,243,4292,54,112,136,79,12,166,6,27,39,877,373,299,87,2,8,5,1,5,55,58,193,45,266,51,30,127,3159,28,147,7902,47,384,51,355,200,174,27,72,385,78,56,69,36,35,22,848,83,62,76,28,110,100,1586,7,686,149,4,1749,528,0,17,381,38,3,434,63,64,15,216,76,1022,244,57,62,65,36,79,63,91,48,1,62,4,113,6,4,12,32,17,40,54,2059,148,706,439,99,28,59,14,2164,31,961,129,739,91,15,176,5,1761,355,573,2683,180,1108,15,11,27,72,33,65,40,115,510,57,7,33,101,0,2,257,252,0,34,5,1612,2750,2125,499,2241,321,26,4624,6058,973,2841,4477,5238,16,19,59,73,24,58,100,23,25,39,443,0.0,0.0,0.0,0.0,0.0,0.0,0.0,0.0,0.0,0.0,0.0,0.0,0.0,0.0,0.0,0.0,0.0,0.0,0.0,0.0,0.0,0.0,0.0,0.0,0.0,0.0,0.0,0.0,0.0,0.0,0.0,0.0,0.0,0.0,0.0,0.0,0.0,0.0,0.0,0.0,0.0,0.0,0.0,0.0,0.0,0.0,0.0,0.0,0.0,0.0,0.0,0.0,0.0,0.0,0.0,0.0,0.0,0.0,0.0,0.0,0.0,0.0,0.0,0.0,0.0,0.0,0.0,0.0,0.0,0.0,0.0,0.0,0.0,0.0,0.0,0.0,0.0,0.0,0.0,0.0,0.0,0.0,0.0,0.0,0.0,0.0,0.0,0.0,0.0,0.0,0.0,0.0,0.0,0.0,0.0,0.0,0.0,0.0,0.0,0.0,0.0,0.0,0.0,0.0,0.0,0.0,0.0,0.0,0.0,0.0,0.0,0.0,0.0,0.0,0.0,0.0,0.0,0.0,0.0,0.0,0.0,0.0,0.0,0.0,0.0,0.0,0.0,0.0,0.0,0.0,0.0,0.0,0.0,0.0,0.0,0.0,0.0,0.0,0.0,0.0,0.0,0.0,0.0,0.0,0.0,0.0,0.0,0.0,0.0,0.0
ENCFF002AUO,0.17262581372592128,41129,131,4169,19726,453,74849,9237,361,370,319,529,6116,2073,6356,6647,14715,3813,410,15477,8266,172,799,90,35,89,2477,88,7237,13210,4974,328,192,831,4159,5402,34,4257,46,3,15700,14933,52,978,349,40,1512,10357,9134,13,833,3027,3510,522,317,6591,224,454,1008,61,896,2208,347,8525,233,320,41,21,75929,113267,7381,2766,1748,1667,5277,307,3036,907,2066,2315,538,2444,2804,4505,697,1213,7425,7,2204,821,24,1322,749,600,1387,2621,15014,288300,21607,489,48867,64498,5720,54983,2803,1505,6558,2173,2552,7,4514,7556,7448,873,6740,37302,2117,17449,162,729,2128,12165,386,13146,3030,7942,3699,742,3268,374,332,31101,10110,263,14444,7701,11096,30146,76,8390,9293,2979,4746,28235,137,227,94,96,18,47,3260,309,466,15430,5228,683,35367,27266,4430,435,2832,1680,1269,6120,10508,9934,5439,186,91,22,2642,22,4074,1288,1613,347,8,3,1159,903,2509,15870,8006,55668,3096,45195,58189,27940,31103,27063,45968,329,39360,49330,11518,10273,35779,40394,9862,1582,122,3154,91,1619,2238,177,213,7,12,4997,303,37236,21778,5817,4824,224268,78268,4425,39320,19241,1725,580,71715,62333,109796,2420,88244,434,77961,30,937,676,46,553,2359,403,7223,2686,38,1496,2135,1278,2451,694,5541,3496,175,369,7963,5871,2962,2603,2800,1004,1211,2216,793,604,478,437,2758,10100,2803,695,2638,4230,4469,10920,13572,232,4426,3457,2675,2362,1918,1627,2457,1311,118,10035,800,1585,7652,831,3012,640,6433,2602,2511,1642,2256,107,846,823,4948,5545,1992,2333,1396,3258,2783,1547,1948,2678,7503,9,19,769,1438,433,1436,17015,389,12258,14,552,40,11873,973,8973,10676,15040,9,7318,187,195,14901,4485,129740,715,2915,3845,1365,19,5215,699,389,1349,37576,14913,5508,1894,14,115,445,46,13,1582,427,2539,1702,3938,1019,782,5294,42107,482,3854,134139,1229,8573,2533,11414,299,4871,402,36,4068,1798,2480,2688,590,658,315,922,2992,2456,2710,1189,2874,3055,48938,97,18020,3304,206,33161,16915,624,377,8271,1195,21,10459,2055,1235,307,6591,2654,9813,2581,837,1278,2831,637,3135,2251,1206,11625,37,1038,17,3185,150,510,161,529,549,418,1723,25940,955,21018,7473,793,640,3155,3557,36011,190,17711,3329,14418,3473,585,3313,16,129242,24798,28553,107655,2143,16372,822,9247,608,1660,687,2712,1796,2569,132604,2548,39,208,2445,483,128,4853,4872,99,197,206,34875,63645,55163,10707,53101,6311,1611,80722,141293,25637,70910,100452,122953,293,182,1688,1553,292,2336,1286,464,450,1550,10450,0.0,0.0,0.0,0.0,0.0,0.0,0.0,0.0,0.0,0.0,0.0,0.0,0.0,0.0,0.0,0.0,0.0,0.0,0.0,0.0,0.0,0.0,0.0,0.0,0.0,0.0,0.0,0.0,0.0,0.0,0.0,0.0,0.0,0.0,0.0,0.0,0.0,0.0,0.0,0.0,0.0,0.0,0.0,0.0,0.0,0.0,0.0,0.0,0.0,0.0,0.0,0.0,0.0,0.0,0.0,0.0,0.0,0.0,0.0,0.0,0.0,0.0,0.0,0.0,0.0,0.0,0.0,0.0,0.0,0.0,0.0,0.0,0.0,0.0,0.0,0.0,0.0,0.0,0.0,0.0,0.0,0.0,0.0,0.0,0.0,0.0,0.0,0.0,0.0,0.0,0.0,0.0,0.0,0.0,0.0,0.0,0.0,0.0,0.0,0.0,0.0,0.0,0.0,0.0,0.0,0.0,0.0,0.0,0.0,0.0,0.0,0.0,0.0,0.0,0.0,0.0,0.0,0.0,0.0,0.0,0.0,0.0,0.0,0.0,0.0,0.0,0.0,0.0,0.0,0.0,0.0,0.0,0.0,0.0,0.0,0.0,0.0,0.0,0.0,0.0,0.0,0.0,0.0,0.0,0.0,0.0,0.0,0.0,0.0,0.0
ENCFF002DHM,0.12772597958983486,39465,140,3226,26344,399,70009,6767,294,284,289,565,3109,1954,4755,17578,17107,2446,668,3570,5116,187,759,61,48,39,1014,1250,3629,25592,4228,254,116,532,2055,1892,42,2151,20,20,7758,12950,41,586,26,32,584,6223,19029,141,783,1124,1479,492,421,7117,187,365,279,109,787,1513,329,8253,264,268,354,72,37649,44108,8132,1190,778,1678,6647,340,1433,659,871,986,281,1173,1216,5131,522,709,4057,6,987,662,10,1095,948,25,1248,1246,11332,160578,9499,107,26818,37646,2516,33058,1358,736,5424,1553,1424,14,2978,7868,7137,81,5321,35593,1532,28177,233,1045,1215,7565,463,38126,1321,5765,2563,576,2418,386,84,31752,6478,1100,18096,5337,14971,30334,217,4484,2197,1283,3821,30149,256,286,85,133,41,40,2483,414,447,9929,4370,567,4140,28314,3016,435,1163,985,822,2800,3691,3400,7957,49,149,48,1136,26,1773,796,1172,445,28,6,571,729,1135,14441,6914,42242,2422,24350,30549,13757,30531,14157,28502,272,27145,32081,10541,9348,25150,18556,4975,869,205,571,120,619,1099,156,55,20,39,3977,148,39278,10325,5318,238,160147,33210,3999,25168,15368,1161,537,35021,14380,45473,2056,39625,107,41503,49,362,823,72,310,915,188,4460,3351,46,836,1020,718,1025,444,2529,1505,559,185,5532,3516,2159,3511,1533,358,813,809,437,380,314,726,1354,4583,1038,438,1823,2645,2406,10663,31401,956,2584,4348,1507,807,631,655,1028,598,502,7297,615,1133,5565,387,1808,493,4160,1269,1173,730,1058,286,568,580,2903,2493,887,1060,992,2527,1702,1074,869,1184,4457,48,28,467,757,520,358,15712,165,9531,19,394,147,7121,989,7733,6269,7337,25,3009,51,135,990,4574,55772,799,1979,2968,1164,66,2840,234,448,1028,15567,5025,3546,1581,40,125,77,19,37,735,1175,2758,661,4163,664,588,1599,39267,396,2192,131941,535,6611,1102,6292,1589,2633,358,510,4403,920,988,1127,466,498,337,6465,1341,1020,1149,448,1326,1277,24686,45,12370,2012,14,31429,10732,24,299,5840,674,43,7807,789,1355,221,3593,1191,15968,2885,596,975,1197,573,1191,947,1539,740,21,972,26,1791,65,43,173,391,289,261,595,26011,1126,8526,4234,800,532,732,186,36864,115,15767,1633,11855,1434,203,2856,20,27641,5370,9269,40312,2170,15417,226,171,419,1009,513,1075,810,1913,6499,1021,27,277,1179,25,22,4077,4387,11,254,212,26621,40293,31183,7497,34062,4461,441,63275,91558,13144,39385,69298,78988,182,153,764,845,222,875,2201,559,387,676,6873,0.0,0.0,0.0,0.0,0.0,0.0,0.0,0.0,0.0,0.0,0.0,0.0,0.0,0.0,0.0,0.0,0.0,0.0,0.0,0.0,0.0,0.0,0.0,0.0,0.0,0.0,0.0,0.0,0.0,0.0,0.0,0.0,0.0,0.0,0.0,0.0,0.0,0.0,0.0,0.0,0.0,0.0,0.0,0.0,0.0,0.0,0.0,0.0,0.0,0.0,0.0,0.0,0.0,0.0,0.0,0.0,0.0,0.0,0.0,0.0,0.0,0.0,0.0,0.0,0.0,0.0,0.0,0.0,0.0,0.0,0.0,0.0,0.0,0.0,0.0,0.0,0.0,0.0,0.0,0.0,0.0,0.0,0.0,0.0,0.0,0.0,0.0,0.0,0.0,0.0,0.0,0.0,0.0,0.0,0.0,0.0,0.0,0.0,0.0,0.0,0.0,0.0,0.0,0.0,0.0,0.0,0.0,0.0,0.0,0.0,0.0,0.0,0.0,0.0,0.0,0.0,0.0,0.0,0.0,0.0,0.0,0.0,0.0,0.0,0.0,0.0,0.0,0.0,0.0,0.0,0.0,0.0,0.0,0.0,0.0,0.0,0.0,0.0,0.0,0.0,0.0,0.0,0.0,0.0,0.0,0.0,0.0,0.0,0.0,0.0
ENCFF000XUQ,0.0783995173708849,3374,20,236,2179,62,4775,367,14,22,17,35,156,286,579,1043,1524,224,27,289,342,16,35,3,3,2,47,144,188,2775,226,11,17,21,104,97,8,109,0,4,488,610,3,50,1,7,27,338,1619,19,54,62,81,29,23,376,9,17,16,13,44,87,16,916,42,46,33,12,3412,3023,455,82,46,89,377,12,62,38,48,46,7,67,66,225,29,39,196,1,58,32,1,81,12,0,97,80,1154,9876,614,5,1653,2310,146,1985,92,40,277,96,111,1,170,449,386,8,267,2060,215,2510,60,198,184,523,111,3536,76,388,139,51,158,28,13,1639,878,146,1517,537,851,1643,23,265,180,58,200,3462,31,34,6,10,1,2,143,19,38,549,255,34,270,2208,271,20,75,61,77,159,254,275,312,5,16,4,49,3,139,37,227,1882,3,2,35,45,55,915,416,2669,164,1791,2166,941,2734,853,1751,11,1614,1858,621,557,1440,1170,424,53,43,44,7,35,63,6,5,4,8,243,27,3530,881,766,34,14379,2228,233,1770,1629,72,37,2813,1133,3645,375,2661,9,2676,10,10,46,23,15,56,9,191,122,1,51,48,29,40,18,143,108,24,18,238,164,106,166,72,15,40,50,24,27,20,27,88,330,48,18,113,147,102,771,4293,117,132,186,104,48,40,48,43,38,7,459,19,47,311,29,80,33,193,86,68,40,50,11,29,39,175,120,47,64,48,155,76,45,61,60,217,2,2,28,25,22,14,779,7,516,1,25,7,362,47,387,378,426,3,137,7,9,88,193,4933,42,113,119,73,13,145,8,12,41,856,384,178,71,7,18,5,0,6,37,85,172,42,213,38,34,91,3137,23,130,7136,35,321,69,294,164,129,20,58,339,63,49,48,33,20,13,801,63,46,57,27,82,71,1453,3,649,138,1,1580,429,0,17,375,63,8,384,36,71,21,203,61,1379,255,44,46,62,22,51,47,82,53,4,72,0,126,10,1,13,37,35,56,55,1541,186,604,419,108,31,54,10,2117,14,806,125,725,88,9,177,1,1615,321,528,2421,481,1102,11,12,25,59,34,56,27,81,428,51,0,19,57,2,1,239,236,0,26,12,1404,2485,1738,468,1999,289,17,4678,5238,823,2460,4054,4629,23,14,37,53,19,47,69,17,25,35,407,0.0,0.0,0.0,0.0,0.0,0.0,0.0,0.0,0.0,0.0,0.0,0.0,0.0,0.0,0.0,0.0,0.0,0.0,0.0,0.0,0.0,0.0,0.0,0.0,0.0,0.0,0.0,0.0,0.0,0.0,0.0,0.0,0.0,0.0,0.0,0.0,0.0,0.0,0.0,0.0,0.0,0.0,0.0,0.0,0.0,0.0,0.0,0.0,0.0,0.0,0.0,0.0,0.0,0.0,0.0,0.0,0.0,0.0,0.0,0.0,0.0,0.0,0.0,0.0,0.0,0.0,0.0,0.0,0.0,0.0,0.0,0.0,0.0,0.0,0.0,0.0,0.0,0.0,0.0,0.0,0.0,0.0,0.0,0.0,0.0,0.0,0.0,0.0,0.0,0.0,0.0,0.0,0.0,0.0,0.0,0.0,0.0,0.0,0.0,0.0,0.0,0.0,0.0,0.0,0.0,0.0,0.0,0.0,0.0,0.0,0.0,0.0,0.0,0.0,0.0,0.0,0.0,0.0,0.0,0.0,0.0,0.0,0.0,0.0,0.0,0.0,0.0,0.0,0.0,0.0,0.0,0.0,0.0,0.0,0.0,0.0,0.0,0.0,0.0,0.0,0.0,0.0,0.0,0.0,0.0,0.0,0.0,0.0,0.0,0.0
ENCFF000RYX,0.12443326044436186,68897,341,5627,16442,408,77084,10165,572,1217,809,1120,3436,4124,13152,6328,23717,4709,3126,10460,9838,334,1881,339,385,887,1013,838,3172,11081,40036,744,224,812,2303,1458,41,4805,196,17,14834,26549,221,1148,237,118,2083,9636,8555,128,698,364,1120,1471,2528,17054,3160,1268,1274,2216,33161,2002,180,6481,885,1255,170,44,57570,88967,20408,954,406,1713,11580,536,959,314,540,956,99,742,1304,8810,486,300,2744,1532,1029,569,3570,6808,1984,6827,2577,964,6344,355926,22699,577,62527,88714,4869,73287,1723,550,15240,4032,4309,397,6370,17029,16893,577,5812,71212,6337,27758,266,1121,1964,15587,478,20573,1009,12731,5730,1742,7128,931,1252,76234,16435,477,10160,13203,24286,63046,181,6252,5721,981,9574,21081,1134,517,133,1678,127,166,5528,2523,755,17331,11351,1389,7327,17512,1850,923,969,4965,4570,5817,7964,6992,12949,854,3664,180,471,990,1363,325,1320,935,12,0,370,8951,1147,30958,15472,92542,2991,49712,68568,21801,28621,21476,36947,600,55420,63003,22412,58691,40813,44205,10909,1349,196,1983,14,214,707,3475,1042,358,6294,7642,1894,26122,14008,10681,2566,406546,66161,6291,90761,22036,14696,972,69847,32238,66833,3164,103156,243,105413,2102,290,1352,126,172,1072,221,4121,6711,453,295,793,242,727,428,3501,2215,478,433,6066,4955,3867,6140,751,144,448,395,176,175,210,1158,656,7313,934,189,2816,3367,2554,6703,8896,764,2882,5938,1237,814,530,319,476,256,211,18166,521,805,12307,186,2475,300,5945,535,782,258,558,111,265,302,2245,1921,574,410,728,5254,2325,655,546,442,4318,21,754,290,525,18066,144,36720,3258,24776,126,932,246,13546,3709,19626,12868,10643,1366,23034,19508,755,4153,12257,69602,1655,4833,3386,1875,31,3786,224,1209,1421,18894,9758,4021,3705,5133,301,365,42,3676,588,2730,5240,825,5960,383,550,1284,28056,540,2328,258869,589,12438,669,7747,1369,2891,666,363,7381,415,1561,1656,834,634,491,6189,1547,1043,1304,295,1143,1504,55549,16780,15920,6289,137,58081,18125,27,962,10844,1599,2334,8855,565,3327,1833,4295,1662,11372,1692,1766,681,1344,535,787,666,3817,254,2590,2110,432,2620,1119,18,1594,921,917,2960,1834,16554,1086,5914,4843,706,783,4414,1377,91937,120,34529,2454,31122,13740,7083,5796,49,46964,10072,14250,70326,1834,9913,131,502,388,981,636,1206,365,1348,19161,1546,64,550,619,46,5701,10203,11792,0,166,327,50565,61776,53877,9461,74006,7330,599,96721,159643,23781,66602,113146,156238,403,367,571,571,424,397,15406,831,1838,1226,11065,0.0,0.0,0.0,0.0,0.0,0.0,0.0,0.0,0.0,0.0,0.0,0.0,0.0,0.0,0.0,0.0,0.0,0.0,0.0,0.0,0.0,0.0,0.0,0.0,0.0,0.0,0.0,0.0,0.0,0.0,0.0,0.0,0.0,0.0,0.0,0.0,0.0,0.0,0.0,0.0,0.0,0.0,0.0,0.0,0.0,0.0,0.0,0.0,0.0,0.0,0.0,0.0,0.0,0.0,0.0,0.0,0.0,0.0,0.0,0.0,0.0,0.0,0.0,0.0,0.0,0.0,0.0,0.0,0.0,0.0,0.0,0.0,0.0,0.0,0.0,0.0,0.0,0.0,0.0,0.0,0.0,0.0,0.0,0.0,0.0,0.0,0.0,0.0,0.0,0.0,0.0,0.0,0.0,0.0,0.0,0.0,0.0,0.0,0.0,0.0,0.0,0.0,0.0,0.0,0.0,0.0,0.0,0.0,0.0,0.0,0.0,0.0,0.0,0.0,0.0,0.0,0.0,0.0,0.0,0.0,0.0,0.0,0.0,0.0,0.0,0.0,0.0,0.0,0.0,0.0,0.0,0.0,0.0,0.0,0.0,0.0,0.0,0.0,0.0,0.0,0.0,0.0,0.0,0.0,0.0,0.0,0.0,0.0,0.0,0.0
ENCFF000VFI,0.08341729782169353,203,11,57,821,35,2129,36,6,20,2,2,84,208,382,327,1204,146,13,90,76,0,1,0,0,2,4,0,42,481,80,1,3,5,147,22,0,58,1,0,510,62,3,20,0,2,9,63,1047,0,5,8,12,2,1,198,2,3,15,3,25,12,3,366,3,11,0,0,1116,1379,49,13,50,4,58,2,13,9,9,38,1,21,19,88,11,5,33,0,4,3,0,15,5,3,68,15,220,3018,166,1,448,600,37,599,2340,6,34,10,10,2,25,48,57,7,38,263,107,1123,16,107,59,273,50,1055,28,46,17,5,22,5,1,501,1031,1,1013,332,107,734,0,38,82,12,35,611,0,0,1,2,0,2,12,2,5,122,38,4,33,785,55,2,11,52,37,42,40,42,194,2,2,4,9,0,30,10,2097,2859,0,0,3,8,15,485,54,693,17,814,708,162,618,139,595,4,1531,1688,69,116,395,369,169,5,0,10,0,6,6,1,1,1,3,43,20,736,213,598,5,3713,5137,19,322,767,15,146,592,184,971,213,311,0,451,0,0,5,4,1,6,4,30,22,1,8,16,5,4,4,27,26,3,3,46,24,19,15,14,5,9,9,4,9,10,0,17,47,17,4,116,41,34,225,404,0,32,74,12,7,8,11,8,8,1,88,12,7,37,3,48,5,27,17,19,10,8,2,9,1,29,36,16,15,6,50,20,6,12,3,41,0,1,9,7,5,1,170,7,60,0,6,1,55,6,51,66,63,0,82,12,0,14,223,5689,4,23,29,16,0,165,2,16,7,224,140,21,15,7,3,1,0,2,8,7,42,8,29,7,6,141,1212,3,22,2651,10,207,10,57,0,28,5,0,163,7,13,10,7,7,1,7,17,11,8,3,14,27,366,9,115,32,0,293,56,0,3,51,5,0,48,8,11,3,402,14,406,70,5,12,10,3,9,13,2,4,1,9,3,23,0,1,1,3,14,39,12,610,100,164,219,47,11,45,9,2408,1,191,17,132,24,9,17,0,611,196,109,643,7,346,3,7,6,5,8,12,12,16,139,10,1,1,22,0,0,166,23,0,0,1,230,725,974,70,483,129,3,1557,2152,219,611,1322,1526,14,1,6,11,4,17,13,4,6,3,45,0.0,0.0,0.0,0.0,0.0,0.0,0.0,0.0,0.0,0.0,0.0,0.0,0.0,0.0,0.0,0.0,0.0,0.0,0.0,0.0,0.0,0.0,0.0,0.0,0.0,0.0,0.0,0.0,0.0,0.0,0.0,0.0,0.0,0.0,0.0,0.0,0.0,0.0,0.0,0.0,0.0,0.0,0.0,0.0,0.0,0.0,0.0,0.0,0.0,0.0,0.0,0.0,0.0,0.0,0.0,0.0,0.0,0.0,0.0,0.0,0.0,0.0,0.0,0.0,0.0,0.0,0.0,0.0,0.0,0.0,0.0,0.0,0.0,0.0,0.0,0.0,0.0,0.0,0.0,0.0,0.0,0.0,0.0,0.0,0.0,0.0,0.0,0.0,0.0,0.0,0.0,0.0,0.0,0.0,0.0,0.0,0.0,0.0,0.0,0.0,0.0,0.0,0.0,0.0,0.0,0.0,0.0,0.0,0.0,0.0,0.0,0.0,0.0,0.0,0.0,0.0,0.0,0.0,0.0,0.0,0.0,0.0,0.0,0.0,0.0,0.0,0.0,0.0,0.0,0.0,0.0,0.0,0.0,0.0,0.0,0.0,0.0,0.0,0.0,0.0,0.0,0.0,0.0,0.0,0.0,0.0,0.0,0.0,0.0,0.0
ENCFF959OBE,0.13656932428278584,60184,119,1483,33114,290,130127,7186,372,244,193,636,3729,1171,3738,20637,14922,1612,529,3569,4547,109,550,49,105,69,1607,3432,3118,22414,3139,132,47,439,2423,2115,20,2435,33,1,6597,6875,41,191,63,17,692,5624,14770,195,823,1524,1574,146,240,4579,56,255,359,182,871,2159,169,5905,307,173,911,184,23693,34609,3874,1321,767,1913,4701,44,1582,713,830,973,271,1402,2007,1845,475,840,3981,17,935,850,16,742,167,25,912,645,10101,115042,6545,104,18391,26770,3082,22868,1813,807,2649,981,1245,42,2488,5397,6397,123,4741,26332,1119,28935,135,697,821,4972,338,48130,1358,5324,1866,203,1455,127,193,19469,3251,1405,14608,5015,10739,19015,123,4141,3947,1407,2776,28565,319,318,54,54,41,22,1223,338,674,10243,2888,266,3093,32402,1548,161,1559,633,347,1994,3853,4923,4948,75,100,42,1179,46,1373,605,500,96,13,9,478,325,1495,8831,4082,30549,2369,16133,25675,10685,22974,11981,21756,114,18331,23197,8002,6987,20251,13596,3495,855,276,557,16,809,1393,92,45,27,226,3900,132,28235,7474,5563,267,125019,30126,3071,17451,11533,689,532,23672,16471,36604,2909,32692,119,33628,68,206,791,62,362,1102,433,4233,1721,41,815,785,756,1178,598,3013,1582,287,134,4635,3377,1690,2604,1861,357,1044,901,490,352,249,243,1170,3299,991,443,1108,3158,1877,5760,23738,3132,2505,2744,1200,982,767,769,1005,590,66,6620,598,1866,4087,368,1673,606,3428,2050,1226,1136,1064,217,504,435,2806,2013,1126,955,940,2067,1820,1231,704,1232,2997,29,43,471,909,569,403,10803,217,7249,29,164,101,4170,587,6339,5730,7370,27,1933,149,35,1383,2258,63041,484,1593,2481,881,32,2406,41,98,1174,16565,5115,5449,1032,149,214,119,9,124,671,1496,1765,915,3384,702,523,976,46104,194,1763,78192,441,4550,1092,6614,3705,2115,293,327,3299,880,1405,1525,396,286,72,28390,1839,1162,1298,492,1243,1511,18122,43,11901,914,29,23976,5933,28,345,5835,1026,126,6143,858,1217,139,4137,1123,14789,1328,595,817,1202,728,872,1062,1118,710,34,833,60,2186,182,272,83,220,253,183,465,27707,933,5666,3492,590,563,727,287,20760,229,9316,1373,7610,1072,54,2066,16,27640,5075,8899,32975,1112,12980,111,217,454,1264,606,1216,892,1158,5841,1107,11,103,1115,29,32,2216,2141,15,164,187,18067,25445,20453,5216,21424,3196,356,45133,56487,9613,24596,46502,54034,143,56,831,728,358,1005,552,311,171,582,5890,0.0,0.0,0.0,0.0,0.0,0.0,0.0,0.0,0.0,0.0,0.0,0.0,0.0,0.0,0.0,0.0,0.0,0.0,0.0,0.0,0.0,0.0,0.0,0.0,0.0,0.0,0.0,0.0,0.0,0.0,0.0,0.0,0.0,0.0,0.0,0.0,0.0,0.0,0.0,0.0,0.0,0.0,0.0,0.0,0.0,0.0,0.0,0.0,0.0,0.0,0.0,0.0,0.0,0.0,0.0,0.0,0.0,0.0,0.0,0.0,0.0,0.0,0.0,0.0,0.0,0.0,0.0,0.0,0.0,0.0,0.0,0.0,0.0,0.0,0.0,0.0,0.0,0.0,0.0,0.0,0.0,0.0,0.0,0.0,0.0,0.0,0.0,0.0,0.0,0.0,0.0,0.0,0.0,0.0,0.0,0.0,0.0,0.0,0.0,0.0,0.0,0.0,0.0,0.0,0.0,0.0,0.0,0.0,0.0,0.0,0.0,0.0,0.0,0.0,0.0,0.0,0.0,0.0,0.0,0.0,0.0,0.0,0.0,0.0,0.0,0.0,0.0,0.0,0.0,0.0,0.0,0.0,0.0,0.0,0.0,0.0,0.0,0.0,0.0,0.0,0.0,0.0,0.0,0.0,0.0,0.0,0.0,0.0,0.0,0.0
ENCFF000ZJW,0.12680675752820159,53833,123,2529,23940,570,91897,3606,201,311,175,334,1910,2970,5255,11602,26410,2055,190,3716,3936,77,312,51,34,31,608,3236,2096,14055,1741,102,193,254,1286,1097,93,1125,8,7,4509,5382,48,318,33,50,441,3624,14419,354,298,670,959,209,170,3670,75,168,211,76,378,900,315,9326,146,222,889,26,31785,28019,3387,743,468,1205,2712,174,789,320,587,592,165,673,699,1845,292,396,2286,12,632,304,15,616,139,13,783,912,11896,99248,5655,267,14623,21572,1573,18901,793,449,2527,779,869,5,1305,3783,3814,64,2557,17465,1752,20230,329,1398,1512,5240,553,28876,853,4113,2529,341,1262,239,55,18170,7728,1754,13094,5257,6164,13509,510,2834,2436,801,2205,29237,308,544,55,53,16,20,1165,165,321,6772,2261,370,2087,25269,2236,206,751,610,594,1716,2305,1941,2500,38,71,31,633,11,1167,429,598,296,91,6,581,492,683,7561,3655,26981,1342,18138,20319,9439,18308,7970,16488,164,16436,19372,7008,4707,13066,12002,3041,551,615,496,66,359,651,87,25,15,29,2461,181,24544,7643,8563,128,115938,22388,2441,15001,16849,522,342,23630,11322,37395,3052,21018,85,20975,25,188,458,44,211,646,96,2396,1286,69,526,663,401,612,275,1733,883,106,133,2934,1581,1235,1279,802,248,402,501,232,232,184,261,735,3310,792,241,1118,1608,1553,7404,39674,1854,1509,1553,830,537,447,446,704,387,55,4205,310,577,2997,215,1062,229,2524,766,693,403,613,149,329,390,1528,1579,526,605,510,1219,898,516,532,639,2744,11,14,233,428,523,208,7429,41,4988,9,296,56,3590,371,3615,4282,4277,15,1552,47,104,1066,2289,56335,480,1135,1242,599,250,1715,153,217,331,9199,4321,1722,684,15,92,58,4,29,468,658,1306,387,2157,317,295,946,34060,440,1479,66527,340,3271,622,3470,3164,1640,198,1424,4483,548,684,748,245,254,156,15754,807,609,688,366,800,863,14553,30,6158,1188,28,15734,4195,246,119,3612,405,24,4256,538,2321,134,1878,734,15433,2380,707,553,694,270,656,560,619,489,23,551,6,1180,212,52,91,493,346,436,500,19063,1355,6111,3728,825,317,388,66,16984,539,12394,1399,6071,630,206,1535,18,24467,3141,5769,24338,3218,12156,218,115,251,770,281,717,492,1100,4587,711,29,299,667,20,29,1975,2023,5,580,85,15180,25851,18468,4903,19682,2333,614,46777,57289,8237,26277,40248,47164,227,87,484,448,132,541,689,206,211,385,4469,0.0,0.0,0.0,0.0,0.0,0.0,0.0,0.0,0.0,0.0,0.0,0.0,0.0,0.0,0.0,0.0,0.0,0.0,0.0,0.0,0.0,0.0,0.0,0.0,0.0,0.0,0.0,0.0,0.0,0.0,0.0,0.0,0.0,0.0,0.0,0.0,0.0,0.0,0.0,0.0,0.0,0.0,0.0,0.0,0.0,0.0,0.0,0.0,0.0,0.0,0.0,0.0,0.0,0.0,0.0,0.0,0.0,0.0,0.0,0.0,0.0,0.0,0.0,0.0,0.0,0.0,0.0,0.0,0.0,0.0,0.0,0.0,0.0,0.0,0.0,0.0,0.0,0.0,0.0,0.0,0.0,0.0,0.0,0.0,0.0,0.0,0.0,0.0,0.0,0.0,0.0,0.0,0.0,0.0,0.0,0.0,0.0,0.0,0.0,0.0,0.0,0.0,0.0,0.0,0.0,0.0,0.0,0.0,0.0,0.0,0.0,0.0,0.0,0.0,0.0,0.0,0.0,0.0,0.0,0.0,0.0,0.0,0.0,0.0,0.0,0.0,0.0,0.0,0.0,0.0,0.0,0.0,0.0,0.0,0.0,0.0,0.0,0.0,0.0,0.0,0.0,0.0,0.0,0.0,0.0,0.0,0.0,0.0,0.0,0.0
ENCFF364MZF,0.14408254197231285,21238,245,319,3088,31,3976,640,19,29,25,51,249,182,403,997,1341,202,32,524,439,15,42,8,6,8,79,2257,182,1787,301,21,80,51,170,109,46,148,4,6,689,842,14,42,3,71,53,414,1382,197,37,65,74,38,34,645,13,20,33,16,79,126,47,888,23,36,636,10,3370,3693,623,73,40,450,608,23,76,31,38,66,16,57,79,280,21,30,224,0,58,25,4,113,15,4,141,80,1181,13308,794,11,2313,3314,181,2712,228,31,437,158,136,0,252,696,655,23,321,2602,153,1904,17,112,121,686,43,2671,72,487,224,79,223,29,15,2593,616,1385,2006,409,1176,2222,254,295,255,83,450,2078,54,237,4,10,4,4,192,21,79,772,386,32,323,2951,202,23,83,178,121,254,342,298,552,4,14,5,75,4,129,24,864,57,43,0,156,73,76,1183,540,3714,150,1848,2554,1081,1765,1023,1783,21,2104,2443,846,701,2013,1523,637,66,361,45,2,19,49,14,2,5,3,289,17,2330,749,480,31,44932,2780,468,2095,1505,86,64,2972,1460,3961,204,3689,13,3510,2,39,70,30,13,78,46,271,210,3,32,49,33,49,30,229,99,75,16,294,212,134,315,58,18,35,43,20,18,15,73,48,484,58,25,126,201,158,741,2164,1355,176,303,135,52,37,40,60,21,21,682,26,54,401,24,93,17,267,67,62,26,46,60,21,106,153,128,41,43,34,185,96,44,50,54,240,3,2,24,36,49,20,1200,12,1051,1,52,23,525,84,696,524,516,3,216,4,24,102,303,4466,176,309,211,75,72,227,25,60,90,1085,565,225,127,9,26,11,1,3,39,129,206,48,269,29,26,90,3696,80,138,9517,73,420,70,386,2468,159,13,773,1923,46,72,83,18,24,52,8632,78,74,87,31,102,95,2041,8,757,170,2,2337,543,3,20,517,75,1,419,47,130,20,237,70,1698,184,489,56,75,33,68,45,109,62,2,77,4,159,19,1,15,245,110,35,73,1988,90,545,337,63,40,68,7,2861,192,1266,395,921,100,27,263,3,2637,515,839,3980,216,885,36,33,17,137,162,77,38,89,560,73,1,220,63,1,4,362,321,0,448,16,2026,3045,2052,577,2660,305,46,5252,6870,886,2897,5063,6314,26,9,47,39,9,49,148,17,29,43,502,0.0,0.0,0.0,0.0,0.0,0.0,0.0,0.0,0.0,0.0,0.0,0.0,0.0,0.0,0.0,0.0,0.0,0.0,0.0,0.0,0.0,0.0,0.0,0.0,0.0,0.0,0.0,0.0,0.0,0.0,0.0,0.0,0.0,0.0,0.0,0.0,0.0,0.0,0.0,0.0,0.0,0.0,0.0,0.0,0.0,0.0,0.0,0.0,0.0,0.0,0.0,0.0,0.0,0.0,0.0,0.0,0.0,0.0,0.0,0.0,0.0,0.0,0.0,0.0,0.0,0.0,0.0,0.0,0.0,0.0,0.0,0.0,0.0,0.0,0.0,0.0,0.0,0.0,0.0,0.0,0.0,0.0,0.0,0.0,0.0,0.0,0.0,0.0,0.0,0.0,0.0,0.0,0.0,0.0,0.0,0.0,0.0,0.0,0.0,0.0,0.0,0.0,0.0,0.0,0.0,0.0,0.0,0.0,0.0,0.0,0.0,0.0,0.0,0.0,0.0,0.0,0.0,0.0,0.0,0.0,0.0,0.0,0.0,0.0,0.0,0.0,0.0,0.0,0.0,0.0,0.0,0.0,0.0,0.0,0.0,0.0,0.0,0.0,0.0,0.0,0.0,0.0,0.0,0.0,0.0,0.0,0.0,0.0,0.0,0.0
ENCFF002DPE,0.1355541174336767,257915,375,3124,72100,555,238539,12760,617,286,317,876,6153,1762,6954,42338,25709,2922,841,9599,8196,172,927,77,112,88,2524,24015,5822,38164,5398,229,88,699,4010,3641,45,4224,39,11,11364,11889,112,398,40,83,1003,9923,33620,1179,1208,2935,2773,258,270,6825,97,442,576,235,1086,3298,465,17472,689,329,5738,99,55269,67136,6607,2386,1489,3824,6622,80,2729,1293,1474,1794,513,2383,2879,3371,855,1531,7414,17,1748,1574,43,1145,210,24,1515,1449,31368,216694,11629,193,32197,46678,5515,40751,2867,1344,4750,1818,2300,35,4700,10006,11792,185,8305,46267,1902,53625,318,1367,1600,9039,652,86369,2585,9843,3259,348,2520,193,130,32385,5828,10090,23410,9227,15556,34736,766,7599,10976,2462,5335,71617,501,1415,72,98,28,18,2223,419,474,16721,4958,446,5563,70617,3889,325,2924,1503,865,3506,6295,7302,8005,47,112,79,2132,45,2568,1159,1006,51,17,18,848,559,2561,15663,7666,54622,4346,29962,44651,21567,48073,21680,40445,170,32317,41686,14015,12630,34472,24147,6177,1423,1770,1206,45,1562,2375,116,31,45,180,6918,87,58843,14988,6939,485,287424,61535,6623,33288,28800,1209,867,48335,29269,80370,6512,58356,283,60825,41,415,1044,60,606,1864,565,8010,3080,58,1457,1328,1218,2141,1171,5005,2592,559,257,8672,5718,2869,4271,3373,623,1913,1666,1015,622,498,419,2103,6741,2250,757,2114,5063,3332,12454,72329,20170,4641,4690,2123,1745,1450,1372,1798,1014,128,10134,1133,3395,6960,735,2916,1027,6419,3468,2223,1980,1991,547,985,802,4888,3619,1974,1582,1554,3686,3189,2373,1274,2343,5818,57,71,856,1659,782,834,19492,290,13178,48,283,154,7539,718,10637,10992,14771,26,3488,146,37,2575,3850,117729,1717,2609,4280,1505,96,3952,62,235,1885,28576,12582,5635,1834,86,254,94,21,85,1160,2607,3388,1596,6373,1386,945,2003,92540,596,3244,138608,854,8012,1930,12015,23683,3903,583,1459,12255,1563,2317,2412,710,564,150,153320,3138,2166,2124,1093,2192,2544,32490,30,22152,1663,62,38117,10527,121,452,9092,1493,75,11378,1463,1989,184,6662,2007,28523,2995,3309,1472,2240,1280,1580,1856,1804,1242,27,1389,56,3907,224,141,81,1378,569,278,914,66229,1778,12940,6946,1018,986,1046,435,36459,1486,18011,2723,13157,1849,109,3683,27,48286,9109,16433,61151,3054,23409,231,373,809,2028,1130,1943,1716,2075,10758,1971,22,210,2137,48,32,3888,3686,13,1251,164,31425,45860,38065,9837,37977,5561,665,88186,100330,17281,45544,82390,93886,254,87,1344,1270,558,1754,943,469,221,1144,10508,0.0,0.0,0.0,0.0,0.0,0.0,0.0,0.0,0.0,0.0,0.0,0.0,0.0,0.0,0.0,0.0,0.0,0.0,0.0,0.0,0.0,0.0,0.0,0.0,0.0,0.0,0.0,0.0,0.0,0.0,0.0,0.0,0.0,0.0,0.0,0.0,0.0,0.0,0.0,0.0,0.0,0.0,0.0,0.0,0.0,0.0,0.0,0.0,0.0,0.0,0.0,0.0,0.0,0.0,0.0,0.0,0.0,0.0,0.0,0.0,0.0,0.0,0.0,0.0,0.0,0.0,0.0,0.0,0.0,0.0,0.0,0.0,0.0,0.0,0.0,0.0,0.0,0.0,0.0,0.0,0.0,0.0,0.0,0.0,0.0,0.0,0.0,0.0,0.0,0.0,0.0,0.0,0.0,0.0,0.0,0.0,0.0,0.0,0.0,0.0,0.0,0.0,0.0,0.0,0.0,0.0,0.0,0.0,0.0,0.0,0.0,0.0,0.0,0.0,0.0,0.0,0.0,0.0,0.0,0.0,0.0,0.0,0.0,0.0,0.0,0.0,0.0,0.0,0.0,0.0,0.0,0.0,0.0,0.0,0.0,0.0,0.0,0.0,0.0,0.0,0.0,0.0,0.0,0.0,0.0,0.0,0.0,0.0,0.0,0.0
ENCFF000XQZ,0.08045698241065861,5161,34,245,2347,63,5047,415,40,35,23,50,231,319,633,1200,1616,296,39,343,395,13,52,5,1,6,50,245,245,2993,271,17,31,34,115,122,8,108,1,1,618,773,6,46,3,6,69,384,1720,32,107,80,100,33,24,476,14,15,27,16,66,115,19,957,31,62,107,17,3657,3533,565,75,65,114,504,26,92,59,54,54,27,83,97,293,45,46,235,1,59,44,1,112,15,4,138,88,1330,11831,715,5,2029,2869,168,2570,115,43,347,101,130,3,212,539,521,18,361,2679,235,2751,52,218,188,599,90,3914,106,486,222,44,230,22,11,2187,903,216,1644,623,1056,1950,44,326,220,94,307,3938,42,48,6,11,0,4,144,27,49,681,321,39,357,2358,290,39,85,97,124,225,327,325,405,9,13,3,63,4,149,50,197,667,9,0,50,58,63,1142,452,3297,173,2220,2530,1061,3109,1016,2026,22,2000,2346,790,669,1730,1385,513,54,67,60,3,49,62,15,6,2,72,290,28,4091,963,840,29,14933,2634,289,2034,1854,86,40,2780,1297,4160,369,3272,14,3145,0,16,60,29,18,69,20,237,123,3,53,93,39,62,25,180,105,13,20,320,205,132,223,70,18,43,51,37,38,23,39,92,360,85,29,151,169,162,937,1957,175,176,223,104,53,45,42,56,43,13,598,43,70,346,15,101,35,265,101,77,55,76,14,36,41,183,145,62,61,59,184,109,57,52,58,256,1,1,29,43,34,18,996,11,707,3,34,6,434,59,494,457,485,2,193,12,18,134,304,4635,43,142,175,62,17,167,21,23,55,944,467,223,109,3,18,8,1,0,47,107,187,45,253,27,44,97,3545,51,151,8639,34,417,82,354,288,217,34,125,475,76,67,65,71,40,18,1375,73,74,103,30,83,86,1743,7,689,148,0,1938,518,8,20,489,56,6,456,55,90,18,225,90,1526,264,68,76,58,58,102,55,95,70,3,82,1,135,9,3,9,58,36,57,55,1695,194,697,450,118,39,60,16,2629,37,981,165,886,106,13,210,3,2032,420,638,2958,184,1198,19,15,28,86,36,74,54,103,574,66,3,34,95,3,1,284,316,0,34,19,1842,2833,2141,510,2471,314,21,5644,6205,962,2755,4682,5592,22,12,63,64,16,58,85,16,41,30,478,0.0,0.0,0.0,0.0,0.0,0.0,0.0,0.0,0.0,0.0,0.0,0.0,0.0,0.0,0.0,0.0,0.0,0.0,0.0,0.0,0.0,0.0,0.0,0.0,0.0,0.0,0.0,0.0,0.0,0.0,0.0,0.0,0.0,0.0,0.0,0.0,0.0,0.0,0.0,0.0,0.0,0.0,0.0,0.0,0.0,0.0,0.0,0.0,0.0,0.0,0.0,0.0,0.0,0.0,0.0,0.0,0.0,0.0,0.0,0.0,0.0,0.0,0.0,0.0,0.0,0.0,0.0,0.0,0.0,0.0,0.0,0.0,0.0,0.0,0.0,0.0,0.0,0.0,0.0,0.0,0.0,0.0,0.0,0.0,0.0,0.0,0.0,0.0,0.0,0.0,0.0,0.0,0.0,0.0,0.0,0.0,0.0,0.0,0.0,0.0,0.0,0.0,0.0,0.0,0.0,0.0,0.0,0.0,0.0,0.0,0.0,0.0,0.0,0.0,0.0,0.0,0.0,0.0,0.0,0.0,0.0,0.0,0.0,0.0,0.0,0.0,0.0,0.0,0.0,0.0,0.0,0.0,0.0,0.0,0.0,0.0,0.0,0.0,0.0,0.0,0.0,0.0,0.0,0.0,0.0,0.0,0.0,0.0,0.0,0.0
ENCFF028MIM,0.14539876967836934,27118,136,2156,29966,397,90002,5791,332,317,267,448,2950,1752,6359,20608,26009,1963,1055,4387,5230,151,1043,99,44,59,625,189,3515,23233,3598,263,60,576,2191,1868,38,2105,4,11,6892,13056,108,398,33,74,521,6185,18167,16,879,1237,1599,673,327,6776,90,481,223,70,906,1659,647,10549,2160,244,23,95,40503,47664,8586,1239,747,1837,5920,202,1416,715,847,969,273,1264,1182,3791,438,782,4070,34,923,820,11,1309,415,33,1561,1055,16752,155071,8995,108,28431,37661,2680,33534,1324,760,4757,1112,1266,13,3031,7144,6808,57,3954,67983,1614,30070,144,788,1047,7143,311,49640,1334,6244,2788,401,2278,1055,25,37184,7620,58,16685,5999,12223,34998,15,3817,4686,1186,3187,40849,160,127,166,108,80,42,2351,451,442,9644,4012,1106,3494,30746,2851,675,1403,1117,925,2558,3672,3387,7265,30,56,62,1197,29,1508,720,1632,131,12,4,527,548,1194,14782,8767,40068,4914,25240,31596,11590,23135,17285,32125,317,26626,32185,9410,9098,27253,17412,5239,877,44,407,31,720,1256,139,20,126,547,3688,158,35799,9091,8677,142,169276,36103,3992,28240,21030,1247,446,35013,15521,48240,2379,42403,88,40420,28,228,808,22,377,1000,250,4227,3346,10,833,880,697,1040,625,2535,1405,393,126,5953,3308,2090,2961,2121,342,974,811,496,437,275,476,1387,3984,1232,426,1553,2701,1876,9540,30182,103,2772,4445,1317,834,654,730,967,646,67,11216,703,1561,6000,374,1809,723,4092,1455,1115,759,1054,72,600,529,2889,2070,884,1044,975,3247,1932,1141,798,1165,3648,187,170,536,928,466,205,17949,116,11806,34,323,31,6331,753,10441,6352,8359,28,3019,74,49,1302,3946,75838,602,2583,2557,1304,8,2393,97,169,1813,13711,5873,3980,1605,621,1382,28,9,58,740,548,2561,687,3891,766,527,1709,55408,246,1774,125999,422,6824,1036,6900,711,2467,315,46,3186,896,1179,1118,463,390,263,1183,1417,1059,1150,501,1138,1363,25249,88,13779,1467,37,28831,9419,20,466,4419,1630,28,7048,828,775,206,3882,1132,19472,2339,341,820,1159,722,956,1010,1729,240,25,1269,56,2016,51,22,118,102,383,262,537,27547,960,7851,3646,630,881,512,156,36033,56,11240,1482,12429,1460,151,3122,11,22581,4190,7286,32544,1385,16206,159,112,435,1061,563,1014,815,1090,5416,1036,12,143,1185,6,20,3946,4037,46,55,104,24945,35466,27829,6196,29448,3993,1532,55995,76487,11499,35831,61388,70988,282,116,685,730,287,947,789,456,871,616,6632,0.0,0.0,0.0,0.0,0.0,0.0,0.0,0.0,0.0,0.0,0.0,0.0,0.0,0.0,0.0,0.0,0.0,0.0,0.0,0.0,0.0,0.0,0.0,0.0,0.0,0.0,0.0,0.0,0.0,0.0,0.0,0.0,0.0,0.0,0.0,0.0,0.0,0.0,0.0,0.0,0.0,0.0,0.0,0.0,0.0,0.0,0.0,0.0,0.0,0.0,0.0,0.0,0.0,0.0,0.0,0.0,0.0,0.0,0.0,0.0,0.0,0.0,0.0,0.0,0.0,0.0,0.0,0.0,0.0,0.0,0.0,0.0,0.0,0.0,0.0,0.0,0.0,0.0,0.0,0.0,0.0,0.0,0.0,0.0,0.0,0.0,0.0,0.0,0.0,0.0,0.0,0.0,0.0,0.0,0.0,0.0,0.0,0.0,0.0,0.0,0.0,0.0,0.0,0.0,0.0,0.0,0.0,0.0,0.0,0.0,0.0,0.0,0.0,0.0,0.0,0.0,0.0,0.0,0.0,0.0,0.0,0.0,0.0,0.0,0.0,0.0,0.0,0.0,0.0,0.0,0.0,0.0,0.0,0.0,0.0,0.0,0.0,0.0,0.0,0.0,0.0,0.0,0.0,0.0,0.0,0.0,0.0,0.0,0.0,0.0
ENCFF654JMO,0.1920238502127948,187771,383,4885,52886,1633,261292,13749,630,1011,716,1025,6028,7430,20252,26160,66818,7070,1452,11071,9969,304,1448,94,200,211,1718,12337,6884,74059,8458,557,284,1037,3990,3549,150,4905,116,28,16185,23660,179,1262,111,101,1547,12676,32693,1669,1868,2449,2772,968,764,12997,414,740,803,315,2732,2767,418,22932,1779,1022,3320,143,85799,100577,17429,2388,1441,4144,11917,914,2781,1241,1668,1858,434,2108,2526,7070,1039,1092,7419,66,1815,1223,76,2341,499,118,2954,2260,29991,329413,18983,234,52586,75655,5316,66025,2531,1271,11024,3221,3196,77,5722,14568,15280,326,8718,81378,6003,138298,1122,5149,3998,15877,2364,188695,3000,12119,5188,1426,5384,998,419,58406,27501,7377,39899,19612,25931,61275,1011,8741,10002,2612,8675,85634,1046,1667,257,268,73,161,5072,909,926,19418,8739,1235,9714,54521,5472,988,2601,3364,2713,6147,7896,7299,10804,172,544,177,2172,146,3170,1267,2484,3417,117,17,1266,1697,2320,30197,14723,93307,5118,65183,75290,29745,66980,30062,57334,780,54876,66249,23062,19141,48999,39157,11838,1768,2556,1903,100,1331,2068,437,289,204,537,7853,700,106779,22858,31032,1146,355554,76483,7735,57478,47832,2708,1001,78297,37936,104539,10520,88211,286,86195,114,678,1271,137,630,1934,561,7987,5940,88,1345,1870,1197,1863,938,5106,3227,421,491,10949,6482,4248,5824,2868,687,1529,1524,744,694,543,780,2332,9539,2005,759,3339,5107,4404,15621,38315,7383,5282,6394,2640,1645,1349,1249,1996,910,206,15907,1235,2167,10652,711,3514,1045,8379,2306,2127,1194,1956,330,1022,1107,5252,4308,1584,1934,1628,4643,3111,2103,1587,2121,8180,48,118,854,1347,1291,756,31419,505,18746,80,831,154,14104,1863,15232,12977,15372,131,6676,678,344,4733,8729,154379,1915,4792,4302,2223,505,5237,717,634,2335,31701,14469,6828,3214,218,477,254,66,198,1309,2728,4632,1410,6844,1100,1186,2399,94478,1243,4102,233618,921,12842,1952,12457,13179,4918,704,5428,15205,1718,2136,2322,773,919,792,74735,2746,2020,2346,893,2512,2711,51116,328,23159,3751,92,52738,16622,155,752,12655,1937,259,14507,1606,3170,511,7292,2394,37101,4827,2473,1666,2353,1061,2557,1761,3206,2050,136,2345,119,3787,386,64,390,1737,941,1427,1796,38657,3626,14587,10691,2908,1139,1597,499,69398,628,28557,3784,23792,3846,419,5931,44,58405,11452,18949,84214,3768,30718,470,596,782,2387,1039,2186,1408,2710,15148,2090,61,2025,2253,83,132,8166,8818,24,1893,410,52743,72267,56193,13893,67327,7939,718,134580,168324,24459,72383,126260,151589,827,394,1531,1384,483,1706,2338,689,751,1420,13250,0.0,0.0,0.0,0.0,0.0,0.0,0.0,0.0,0.0,0.0,0.0,0.0,0.0,0.0,0.0,0.0,0.0,0.0,0.0,0.0,0.0,0.0,0.0,0.0,0.0,0.0,0.0,0.0,0.0,0.0,0.0,0.0,0.0,0.0,0.0,0.0,0.0,0.0,0.0,0.0,0.0,0.0,0.0,0.0,0.0,0.0,0.0,0.0,0.0,0.0,0.0,0.0,0.0,0.0,0.0,0.0,0.0,0.0,0.0,0.0,0.0,0.0,0.0,0.0,0.0,0.0,0.0,0.0,0.0,0.0,0.0,0.0,0.0,0.0,0.0,0.0,0.0,0.0,0.0,0.0,0.0,0.0,0.0,0.0,0.0,0.0,0.0,0.0,0.0,0.0,0.0,0.0,0.0,0.0,0.0,0.0,0.0,0.0,0.0,0.0,0.0,0.0,0.0,0.0,0.0,0.0,0.0,0.0,0.0,0.0,0.0,0.0,0.0,0.0,0.0,0.0,0.0,0.0,0.0,0.0,0.0,0.0,0.0,0.0,0.0,0.0,0.0,0.0,0.0,0.0,0.0,0.0,0.0,0.0,0.0,0.0,0.0,0.0,0.0,0.0,0.0,0.0,0.0,0.0,0.0,0.0,0.0,0.0,0.0,0.0
ENCFF000NTV,0.1427825070897143,57042,302,4988,24686,651,89540,9916,349,587,440,1914,6961,3554,6872,15421,24813,3511,758,5247,8615,312,1190,142,133,90,1069,1282,4141,26285,6407,402,237,699,2242,2084,51,2641,40,196,12127,16916,123,900,76,107,772,7735,16757,139,777,1242,1779,764,579,11799,286,552,516,197,1226,3980,244,7955,294,345,331,807,47842,61932,11672,1254,910,1710,22295,509,1557,690,962,1099,263,1312,1420,5709,588,653,4633,18,1130,677,23,1936,2731,78,1891,1301,11159,236111,14893,140,41031,57975,3287,49455,1394,826,8142,2462,2448,31,4509,11648,11223,113,6529,53032,2351,36895,543,1943,2111,12347,886,40698,1475,8693,4717,1049,4350,834,216,61140,10176,846,19153,6788,38714,44641,254,6989,2115,1413,5455,29714,319,463,89,231,91,37,3309,658,2662,14923,7572,1240,5535,26803,3166,775,1364,1351,1256,3915,6252,5665,9424,112,156,96,1199,51,2151,761,1219,1638,37,1,716,1182,1221,22652,10805,62688,3046,35693,42949,18097,31132,17579,37234,382,40561,47475,15891,14391,33860,26954,6954,1162,272,765,123,642,1123,359,164,46,106,6014,278,37460,12406,8723,314,237586,43865,4760,36140,16606,1810,1122,48713,19728,55553,3542,64700,215,66970,203,464,2545,1705,404,1211,307,4997,3421,76,872,1167,730,1047,562,2885,1797,651,393,6265,4354,2889,4578,1578,383,887,834,456,468,342,864,1377,6092,1360,536,2445,3031,2702,9591,18994,858,3062,5173,1715,916,676,896,1202,613,384,10823,630,1122,8478,426,2110,545,5680,1372,1199,709,1155,649,650,708,3151,2992,983,1103,976,3911,1971,1016,1000,1170,5242,57,65,513,780,1063,527,22980,191,15290,67,772,234,9908,1284,10995,9676,9858,82,3823,171,272,1106,6740,56430,1058,2860,3042,1589,62,3415,320,548,1023,18323,7733,11364,2176,92,356,179,17,84,827,1212,3862,615,5944,686,738,1480,34751,532,2702,189489,658,8776,1284,6689,1559,3177,389,527,5874,1003,1182,1274,548,569,403,7134,1502,1153,1269,564,1448,1567,36300,128,14752,3173,37,42125,17317,13,461,8453,1009,133,9164,1015,2206,581,4032,1324,14358,2843,960,1039,1392,597,1553,1098,2429,844,38,1799,76,2628,110,79,352,655,393,613,729,25605,1862,9163,5314,1240,528,1239,260,60996,159,23410,2178,19622,1951,438,4218,245,38803,7557,13649,59831,1936,15004,272,249,495,1148,695,1340,893,1929,7829,1297,47,402,1330,28,50,6453,6592,16,287,397,35597,55378,40889,9706,50871,5929,527,81255,127184,16925,56013,92153,114290,313,259,919,887,321,1062,2269,536,804,921,9488,0.0,0.0,0.0,0.0,0.0,0.0,0.0,0.0,0.0,0.0,0.0,0.0,0.0,0.0,0.0,0.0,0.0,0.0,0.0,0.0,0.0,0.0,0.0,0.0,0.0,0.0,0.0,0.0,0.0,0.0,0.0,0.0,0.0,0.0,0.0,0.0,0.0,0.0,0.0,0.0,0.0,0.0,0.0,0.0,0.0,0.0,0.0,0.0,0.0,0.0,0.0,0.0,0.0,0.0,0.0,0.0,0.0,0.0,0.0,0.0,0.0,0.0,0.0,0.0,0.0,0.0,0.0,0.0,0.0,0.0,0.0,0.0,0.0,0.0,0.0,0.0,0.0,0.0,0.0,0.0,0.0,0.0,0.0,0.0,0.0,0.0,0.0,0.0,0.0,0.0,0.0,0.0,0.0,0.0,0.0,0.0,0.0,0.0,0.0,0.0,0.0,0.0,0.0,0.0,0.0,0.0,0.0,0.0,0.0,0.0,0.0,0.0,0.0,0.0,0.0,0.0,0.0,0.0,0.0,0.0,0.0,0.0,0.0,0.0,0.0,0.0,0.0,0.0,0.0,0.0,0.0,0.0,0.0,0.0,0.0,0.0,0.0,0.0,0.0,0.0,0.0,0.0,0.0,0.0,0.0,0.0,0.0,0.0,0.0,0.0
ENCFF247LMG,0.1447441495837457,39566,178,2044,37160,409,76463,4450,299,264,246,457,2998,1832,5593,18705,18313,1976,521,3644,3992,88,468,28,24,15,884,1699,3107,23377,2631,185,70,380,1900,1608,42,1648,7,14,6240,8130,53,491,31,31,538,5187,22023,175,613,1118,1428,332,213,4546,128,243,286,93,645,1344,426,14490,293,217,515,73,42711,39056,5300,1151,708,1468,4067,244,1229,601,774,857,214,1022,1094,2816,537,609,3664,16,867,591,13,842,288,72,1415,1119,12088,129505,6554,96,18467,31837,2221,28026,1083,659,3996,1247,1485,16,2211,5751,5667,57,3837,25396,1740,26605,235,1283,1192,5958,422,46234,1301,4429,1818,417,1689,283,42,20074,6692,1041,22765,5781,7980,20631,200,3990,3008,1168,3087,36276,179,271,75,61,6,31,1729,236,389,7508,2806,406,2607,38446,3335,314,1127,607,527,2302,3061,2608,3856,64,109,31,1010,24,1572,602,870,1796,32,18,405,561,1008,10531,5189,32629,1971,20247,25538,11675,30878,11525,24099,225,20021,24365,8257,6640,18892,13499,4058,750,328,620,116,579,993,91,43,31,18,3007,150,46099,10518,6328,1305,142742,29218,3231,20610,23941,816,443,31037,13987,50529,2350,28175,79,28173,17,207,570,58,329,911,174,3888,2071,25,729,857,621,888,461,2244,1340,197,134,4644,2645,1713,1869,1422,362,755,716,431,324,246,332,1178,4170,908,398,1440,2339,1992,11440,55364,1308,2291,2337,1286,842,599,652,984,587,133,4896,533,994,4086,354,1466,473,3452,1160,985,670,1005,191,509,498,2594,2172,789,968,880,1766,1445,944,751,1007,4039,27,28,442,629,362,264,11381,118,6734,33,312,43,5407,624,5486,4830,6351,17,2261,78,92,815,3169,59053,574,1421,1847,755,106,2406,96,176,661,12828,5241,3392,1047,31,141,60,16,35,653,865,2021,630,3132,541,517,2071,46462,348,1949,91341,459,4971,889,5457,2072,2190,300,725,3944,839,987,1034,375,453,250,9490,1197,969,1038,403,1094,1226,19670,54,10000,1507,23,20086,5181,30,226,4197,511,33,6283,777,799,146,2920,1056,28154,3016,478,778,1117,520,1000,888,817,177,40,748,23,1584,143,30,107,337,113,283,753,29185,984,8348,4005,888,389,548,170,24284,131,10758,1390,8213,1067,201,2163,22,20238,3843,7483,30126,4212,21087,191,171,357,924,478,997,753,1443,8183,982,19,267,1073,26,29,2847,2931,2,286,118,17393,29163,23460,5812,23686,2916,426,53359,64538,10474,29953,47943,54796,205,106,760,725,211,886,745,342,237,505,5119,0.0,0.0,0.0,0.0,0.0,0.0,0.0,0.0,0.0,0.0,0.0,0.0,0.0,0.0,0.0,0.0,0.0,0.0,0.0,0.0,0.0,0.0,0.0,0.0,0.0,0.0,0.0,0.0,0.0,0.0,0.0,0.0,0.0,0.0,0.0,0.0,0.0,0.0,0.0,0.0,0.0,0.0,0.0,0.0,0.0,0.0,0.0,0.0,0.0,0.0,0.0,0.0,0.0,0.0,0.0,0.0,0.0,0.0,0.0,0.0,0.0,0.0,0.0,0.0,0.0,0.0,0.0,0.0,0.0,0.0,0.0,0.0,0.0,0.0,0.0,0.0,0.0,0.0,0.0,0.0,0.0,0.0,0.0,0.0,0.0,0.0,0.0,0.0,0.0,0.0,0.0,0.0,0.0,0.0,0.0,0.0,0.0,0.0,0.0,0.0,0.0,0.0,0.0,0.0,0.0,0.0,0.0,0.0,0.0,0.0,0.0,0.0,0.0,0.0,0.0,0.0,0.0,0.0,0.0,0.0,0.0,0.0,0.0,0.0,0.0,0.0,0.0,0.0,0.0,0.0,0.0,0.0,0.0,0.0,0.0,0.0,0.0,0.0,0.0,0.0,0.0,0.0,0.0,0.0,0.0,0.0,0.0,0.0,0.0,0.0
ENCFF627OOT,0.16301594440280467,40098,279,3627,35185,574,90259,9308,298,682,362,797,3790,6419,12090,21151,37187,4632,656,7272,6389,205,920,143,171,112,1653,815,3299,14902,4782,345,213,535,2231,2208,41,2379,46,119,9569,13010,135,978,80,132,1297,6776,14635,88,676,898,1395,564,559,7846,226,417,583,403,1069,1796,314,8652,569,679,232,232,43262,47516,9006,1173,708,1361,6440,345,1519,593,763,973,182,939,1630,4484,473,466,3668,26,795,506,75,1837,217,38,1247,1250,9994,186765,12460,168,33581,48228,2702,41767,1567,621,6704,2200,2720,56,4367,9944,9854,224,5154,41221,2755,26443,411,1605,1689,10290,716,33682,1498,7144,3579,1264,3573,474,151,37502,18224,548,19202,10067,14456,35362,151,4978,2858,1364,4271,31559,1883,318,152,119,81,52,2746,398,992,11917,5447,888,4387,36114,2963,497,1336,2587,2510,3123,5884,4815,6694,166,231,144,967,43,1768,557,1834,151,28,2,456,925,1279,18010,8471,51065,2440,34432,35275,14784,23185,14240,29406,368,31577,37542,12928,10969,27388,22950,7165,948,170,618,65,469,914,240,99,61,52,4380,298,29938,11030,18232,298,252125,38570,3509,29751,21478,1590,657,41786,18904,50613,4457,54886,247,54503,56,552,1005,441,323,1141,527,3972,2475,51,621,911,565,890,424,3279,1838,275,481,5340,3319,2474,4402,1095,289,660,690,356,375,287,626,1148,5758,1171,363,2003,2932,2441,9912,15711,570,2806,4101,1350,974,758,574,991,453,166,10111,525,775,6236,379,1819,455,4632,975,1052,539,876,251,503,512,2373,2527,755,898,728,2809,1526,722,751,887,3952,23,50,432,618,726,190,18323,111,12501,25,592,74,7733,1018,9253,7945,7894,24,3645,210,249,1716,4806,68403,769,2580,2645,1216,45,3146,238,508,983,18825,7826,4505,2227,38,256,151,26,114,646,2308,2905,912,4160,517,533,1267,53200,378,2219,140738,608,6973,1005,5892,1030,2587,353,361,4616,814,1271,1465,389,459,285,4288,1546,1039,1493,723,1243,1702,30920,161,11368,2791,82,31448,8580,44,335,7306,1126,77,7183,789,1875,401,3733,1262,15559,2981,679,797,1384,455,1207,893,1801,744,36,1229,43,2309,448,43,275,523,434,699,605,24547,1538,8050,4536,937,521,1300,285,46067,115,18383,1709,14810,1741,430,3373,80,46293,8397,14123,59046,1871,13951,241,374,419,847,498,1322,714,1488,5553,1286,33,267,1060,55,47,5223,5013,42,208,257,30759,42204,30785,7906,40864,4865,728,69444,99719,13397,42694,73777,91011,462,258,721,669,258,794,1855,366,599,1836,7484,0.0,0.0,0.0,0.0,0.0,0.0,0.0,0.0,0.0,0.0,0.0,0.0,0.0,0.0,0.0,0.0,0.0,0.0,0.0,0.0,0.0,0.0,0.0,0.0,0.0,0.0,0.0,0.0,0.0,0.0,0.0,0.0,0.0,0.0,0.0,0.0,0.0,0.0,0.0,0.0,0.0,0.0,0.0,0.0,0.0,0.0,0.0,0.0,0.0,0.0,0.0,0.0,0.0,0.0,0.0,0.0,0.0,0.0,0.0,0.0,0.0,0.0,0.0,0.0,0.0,0.0,0.0,0.0,0.0,0.0,0.0,0.0,0.0,0.0,0.0,0.0,0.0,0.0,0.0,0.0,0.0,0.0,0.0,0.0,0.0,0.0,0.0,0.0,0.0,0.0,0.0,0.0,0.0,0.0,0.0,0.0,0.0,0.0,0.0,0.0,0.0,0.0,0.0,0.0,0.0,0.0,0.0,0.0,0.0,0.0,0.0,0.0,0.0,0.0,0.0,0.0,0.0,0.0,0.0,0.0,0.0,0.0,0.0,0.0,0.0,0.0,0.0,0.0,0.0,0.0,0.0,0.0,0.0,0.0,0.0,0.0,0.0,0.0,0.0,0.0,0.0,0.0,0.0,0.0,0.0,0.0,0.0,0.0,0.0,0.0
ENCFF713VFN,0.5130192211723535,49825146,637218,40762,741,0,9063,4057,80,132,61,9069,387,343,410,45,62,3150,2481,2422,5022,101,497,270,26366,12,1354,2442978,641,229,2877,248,14467,634,427,278,455,365,0,0,17464,5715,6,125,4,17071,198,1627,61,227218,494,114,247,167,158,278597,9,135,33,2,1517,247,4,43,18,2,420247,2,23472,181305,28906,196,133,39870,9749,105,210,76,133,150,27,136,140,1490,58,74,703,46,116,124,13,1333,130,2,2097,45,38,296848,10463,205,234521,28956,275,26289,390,79,4437,1705,2167,0,221204,163963,53470,28,7750,167151,48,4190,1,2,167,3881,3,204,139,11927,3952,230,1621,55,0,22693,894,966307,145,480,10892,112099,200228,7890,448,92,59293,676,7,377323,1,35,110,2,1153,272,125,10821,2953,115,1208,624,106,492,221,466,267,1046,1455,1543,61462,30,8,5,111,0,160,72,3819,11518,0,0,1085,211,203,21323,4246,201228,1102,11839,15533,9772,5834,11536,16635,47,34951,36340,13584,10524,45985,306739,4177,418,21887,84,6,63,220,87,5,39,0,4448,0,6762,3022,37,41,66858524,12291,164418,26884,323,826,1468,13662,7134,8395,86,45697,8,33589,80,70,1083,0,71,133,267,857,1469,8,130,93,66,175,70,545,127,3267,71,2709,1348,724,18385,213,39,130,112,79,62,36,667,112,2230,180,51,441,699,295,774,212,3824771,510,44846,356,56,63,127,115,41,894,10113,139,246,2966,53,1174,93,1279,163,139,75,106,35,95,199,429,218,95,124,109,4720,959,117,59,106,773,148,34,81,159,368,4,31741,2400,13764,0,99,7,2604,342,14844,14334,2478,2,1426,72,56,41,1745,63683,91241,6297,15336,753,282,402,10,654,1244,8735,2387,810,791,130,708,4,0,2,125,26,1481,71,1085,84,55,239,274,45716,529,89275,48706,3284,116,1630,2204261,559,89,207519,808558,115,263,191,80,43,146,16266204,212,171,178,171,138,174,27078,35,5830,2299,5,143858,12311,0,248,2565,1609,6,1645,153,419,229,1518,139,369,115,672235,146,147,143,168,192,1046,43,0,1588,1,829,296,212,32,358315,521,5,155,1351,1,756,407,27,499,534,11,61096,277505,24142,4911,6699,1065,18,1995,0,35105,3153,6365,133599,177,616,300,3,90,207,122855,151,128,210,179,168,0,4631,108,1,0,4834,2247,6,261082,66,18362,29054,17412,2542,17478,6190,239,22750,67495,6551,21043,67110,45825,46,56,122,65,117,115,382,101,324,285,8443,0.0,0.0,0.0,0.0,0.0,0.0,0.0,0.0,0.0,0.0,0.0,0.0,0.0,0.0,0.0,0.0,0.0,0.0,0.0,0.0,0.0,0.0,0.0,0.0,0.0,0.0,0.0,0.0,0.0,0.0,0.0,0.0,0.0,0.0,0.0,0.0,0.0,0.0,0.0,0.0,0.0,0.0,0.0,0.0,0.0,0.0,0.0,0.0,0.0,0.0,0.0,0.0,0.0,0.0,0.0,0.0,0.0,0.0,0.0,0.0,0.0,0.0,0.0,0.0,0.0,0.0,0.0,0.0,0.0,0.0,0.0,0.0,0.0,0.0,0.0,0.0,0.0,0.0,0.0,0.0,0.0,0.0,0.0,0.0,0.0,0.0,0.0,0.0,0.0,0.0,0.0,0.0,0.0,0.0,0.0,0.0,0.0,0.0,0.0,0.0,0.0,0.0,0.0,0.0,0.0,0.0,0.0,0.0,0.0,0.0,0.0,0.0,0.0,0.0,0.0,0.0,0.0,0.0,0.0,0.0,0.0,0.0,0.0,0.0,0.0,0.0,0.0,0.0,0.0,0.0,0.0,0.0,0.0,0.0,0.0,0.0,0.0,0.0,0.0,0.0,0.0,0.0,0.0,0.0,0.0,0.0,0.0,0.0,0.0,0.0
ENCFF890HQY,0.14310127989024954,43356,137,1243,37349,342,123766,5683,320,179,182,398,2907,1126,4155,12944,20620,1309,453,4246,3380,58,437,32,40,43,990,2610,3133,24660,2802,117,52,378,1980,1867,19,1913,16,2,5309,6880,42,300,42,29,523,5302,20462,199,527,1214,1399,217,131,3330,64,239,153,100,491,1341,659,12644,5180,408,842,39,39072,36955,3497,1295,708,1581,3185,135,1439,649,821,886,243,1258,1233,2205,423,750,3690,8,910,729,6,639,248,52,1121,1030,14774,117352,6388,80,17173,26250,2517,22376,1189,720,2980,1066,1320,20,2396,5282,5737,119,3438,22285,1374,24523,128,619,965,4675,295,40396,1403,3691,1395,212,1250,113,20,17071,4476,998,20542,4937,6061,16990,135,3690,4761,1206,2423,45164,512,353,99,66,37,34,1630,272,289,6947,2530,193,2881,35675,3174,212,1328,1123,1038,2023,3100,2828,3604,31,79,23,1143,24,1397,644,878,317,13,20,512,342,1194,8272,4158,28751,2154,17501,23978,10972,22829,11073,21128,246,17225,21550,6769,5872,17388,12550,4009,788,270,692,126,704,1169,61,7,10,59,2670,106,41064,9443,6700,396,128615,29769,3534,23088,21952,698,301,29562,15230,49665,1995,33575,170,26113,9,188,435,14,310,927,178,3860,1795,25,810,755,681,1001,514,2447,1426,178,144,4618,2599,1541,1644,1582,404,826,822,462,347,224,219,1326,4512,1143,366,1207,2509,1920,12650,67503,2133,2264,2080,1206,863,686,686,971,610,40,5723,570,1374,3630,304,1449,512,2959,1433,1086,840,971,125,496,434,2552,2038,868,949,970,1857,1635,1113,776,1099,3388,28,15,424,783,313,254,9370,81,5679,15,198,31,4260,463,4862,4389,7065,21,2010,37,33,986,2165,77527,472,1315,1934,890,110,2429,63,212,945,13238,6082,2715,875,23,49,43,6,9,665,681,1553,628,2434,734,460,1180,52364,282,1671,69616,431,4283,949,5895,3091,2039,310,548,3337,781,1095,1135,454,346,142,15076,1369,999,1099,426,1098,1259,17158,23,10771,1001,53,17325,5210,5,277,3446,662,14,6321,838,666,95,3323,1099,18202,2777,620,800,1125,643,795,941,628,446,8,432,6,1466,45,41,42,295,485,181,642,28837,657,7168,3525,537,569,391,135,18201,115,7996,1297,6241,914,67,1546,11,20268,3669,6836,27468,4324,20363,166,136,409,1042,549,1001,807,1122,3765,997,4,176,1179,16,27,2052,2119,10,181,49,16749,29533,22947,6330,21915,3207,351,45101,62945,10329,28783,48870,52345,165,57,717,665,254,942,500,238,178,544,4586,0.0,0.0,0.0,0.0,0.0,0.0,0.0,0.0,0.0,0.0,0.0,0.0,0.0,0.0,0.0,0.0,0.0,0.0,0.0,0.0,0.0,0.0,0.0,0.0,0.0,0.0,0.0,0.0,0.0,0.0,0.0,0.0,0.0,0.0,0.0,0.0,0.0,0.0,0.0,0.0,0.0,0.0,0.0,0.0,0.0,0.0,0.0,0.0,0.0,0.0,0.0,0.0,0.0,0.0,0.0,0.0,0.0,0.0,0.0,0.0,0.0,0.0,0.0,0.0,0.0,0.0,0.0,0.0,0.0,0.0,0.0,0.0,0.0,0.0,0.0,0.0,0.0,0.0,0.0,0.0,0.0,0.0,0.0,0.0,0.0,0.0,0.0,0.0,0.0,0.0,0.0,0.0,0.0,0.0,0.0,0.0,0.0,0.0,0.0,0.0,0.0,0.0,0.0,0.0,0.0,0.0,0.0,0.0,0.0,0.0,0.0,0.0,0.0,0.0,0.0,0.0,0.0,0.0,0.0,0.0,0.0,0.0,0.0,0.0,0.0,0.0,0.0,0.0,0.0,0.0,0.0,0.0,0.0,0.0,0.0,0.0,0.0,0.0,0.0,0.0,0.0,0.0,0.0,0.0,0.0,0.0,0.0,0.0,0.0,0.0
ENCFF000RPS,0.18668776403489842,40145,147,2081,1421,19,18308,6010,86,231,287,932,1015,397,1384,444,889,1692,538,3889,10011,220,1002,96,158,130,296,417,966,744,5791,319,198,409,342,298,1,1588,41,590,7064,12671,19,655,9,53,478,3054,365,57,271,21,68,630,382,9126,277,402,351,167,1172,577,6,150,903,354,41,17,22861,40559,11155,164,27,517,7240,266,230,28,36,113,2,48,323,3987,38,14,1057,33,52,32,13,1744,583,127,5290,148,316,185635,12700,90,33546,46540,1273,37848,339,31,8171,2447,5224,17,4521,15162,14466,210,4557,40499,563,8674,12,49,393,7833,15,878,189,8024,8288,1363,3608,419,236,44994,2536,216,493,1652,15651,36439,45,2201,1437,190,3665,1483,448,315,87,185,22,45,2765,441,3048,15734,6255,795,3357,882,237,602,234,1419,1337,2498,5980,5265,8176,203,140,114,44,26,195,17,684,276,2,0,42,857,215,16943,8247,45786,1245,21232,28141,9746,7944,9910,14384,243,28210,32079,10494,10996,24378,20934,4156,506,116,832,23,15,34,274,78,38,60,4342,68,4384,4098,326,276,183574,26391,2865,29075,908,1816,979,30653,12415,20725,106,61198,169,58751,69,183,970,21,5,205,149,1404,2229,706,10,47,8,42,29,839,409,268,151,2703,2504,1394,4294,74,5,24,40,4,25,17,680,49,3294,204,17,1201,985,512,1238,354,249,943,4285,504,166,104,13,45,8,140,7231,62,84,5361,16,895,51,2805,31,120,5,61,679,21,105,522,391,34,31,72,2357,742,43,32,17,747,8,18,32,28,1171,4,20776,235,16506,20,632,60,6211,1115,11276,6729,5459,49,2772,198,217,1118,5375,16156,866,1853,1292,1020,1,897,252,550,951,7676,4619,1054,1917,139,153,136,23,81,23,1054,2731,239,2879,31,45,255,1322,141,422,128525,300,6102,88,1593,799,897,30,96,3509,19,253,316,20,53,258,2609,326,133,293,295,179,301,27924,223,7076,2187,46,32477,8371,17,379,4400,584,79,3556,35,2318,372,1305,153,602,656,620,62,239,60,273,61,1746,341,41,990,54,2309,140,12,365,463,592,170,589,1717,86,778,1084,78,327,1807,304,58628,33,16620,673,15700,1974,208,3123,8,32747,6743,7978,48194,731,807,16,305,39,136,109,226,17,162,3034,180,9,397,44,24,113,5294,5850,18,75,217,26783,29603,17682,4586,35947,4254,683,44937,78895,7512,30091,56585,75853,147,234,30,40,34,38,2831,317,503,526,5950,0.0,0.0,0.0,0.0,0.0,0.0,0.0,0.0,0.0,0.0,0.0,0.0,0.0,0.0,0.0,0.0,0.0,0.0,0.0,0.0,0.0,0.0,0.0,0.0,0.0,0.0,0.0,0.0,0.0,0.0,0.0,0.0,0.0,0.0,0.0,0.0,0.0,0.0,0.0,0.0,0.0,0.0,0.0,0.0,0.0,0.0,0.0,0.0,0.0,0.0,0.0,0.0,0.0,0.0,0.0,0.0,0.0,0.0,0.0,0.0,0.0,0.0,0.0,0.0,0.0,0.0,0.0,0.0,0.0,0.0,0.0,0.0,0.0,0.0,0.0,0.0,0.0,0.0,0.0,0.0,0.0,0.0,0.0,0.0,0.0,0.0,0.0,0.0,0.0,0.0,0.0,0.0,0.0,0.0,0.0,0.0,0.0,0.0,0.0,0.0,0.0,0.0,0.0,0.0,0.0,0.0,0.0,0.0,0.0,0.0,0.0,0.0,0.0,0.0,0.0,0.0,0.0,0.0,0.0,0.0,0.0,0.0,0.0,0.0,0.0,0.0,0.0,0.0,0.0,0.0,0.0,0.0,0.0,0.0,0.0,0.0,0.0,0.0,0.0,0.0,0.0,0.0,0.0,0.0,0.0,0.0,0.0,0.0,0.0,0.0
ENCFF382AAJ,0.1263956329860594,94475,59,1888,29866,335,68432,8209,386,540,259,531,4113,1780,3303,12030,13493,1615,982,4959,4062,92,607,65,138,70,1169,6032,3307,14119,3140,131,39,400,2343,2450,28,2520,31,8,6454,7801,128,330,85,11,575,6153,16337,458,956,1582,1659,150,260,4835,62,305,194,274,992,2312,227,8526,177,205,1719,220,27776,35805,4578,1478,837,2084,5018,57,1681,697,894,1010,257,1581,1646,2133,531,886,4185,29,1035,941,18,868,354,37,1652,547,5909,112295,6135,155,17642,29270,3474,25100,1725,789,3338,1368,1724,42,2894,5969,7394,298,4281,28660,1000,21838,99,487,593,4867,301,40623,1297,4551,1857,328,1658,128,223,24021,3513,2943,13879,5063,10737,23147,197,4457,4682,1396,3219,27714,437,497,60,74,70,7,1527,439,682,8207,3075,334,2974,27316,1688,270,1724,2026,1748,2315,3540,4398,4796,51,90,45,1217,40,1463,657,508,168,6,15,512,331,1580,8779,4487,30009,2272,13977,22198,8699,19215,11538,21191,136,19308,24910,7563,7064,20207,12976,3170,836,415,238,29,899,1537,105,54,21,33,3236,238,24939,5819,5043,267,94876,23028,2965,14679,12673,859,482,22224,10043,31085,1420,30477,89,29709,63,204,731,48,447,1080,243,4493,1856,45,853,788,737,1233,675,2868,1455,166,184,4950,3306,1681,2420,1977,383,1145,1030,557,370,317,273,1278,3347,793,461,1271,2904,2040,5927,25577,5847,2749,2926,1332,1014,828,769,1065,562,82,6466,731,1983,4490,432,1704,730,3862,2109,1329,1097,1205,212,529,469,3024,2184,1200,961,987,2258,1937,1182,731,1318,3140,27,15,494,1026,662,393,10193,288,7570,30,189,124,4625,548,5926,5578,6149,55,2008,198,76,893,2547,51014,645,1594,2679,853,38,2387,240,694,1273,15501,5795,5950,1232,53,171,165,14,92,709,643,1586,904,3909,713,541,1414,42912,234,2001,91021,469,5016,1236,6800,6940,2123,365,740,4977,963,1404,1322,438,349,92,59200,1923,1260,1257,449,1288,1467,20023,107,13009,1026,63,23161,5895,22,378,4615,867,127,6683,939,997,201,4094,1210,27029,1164,1021,934,1325,795,970,1172,1088,531,34,974,39,2174,156,168,58,434,223,112,552,18575,637,5188,2546,443,628,787,266,25094,333,8734,1303,8070,1416,54,1978,12,25831,4618,7751,31764,1126,14840,105,225,489,1292,670,1238,959,1201,3133,1152,12,109,1295,19,35,2367,2320,21,303,67,19849,23251,18998,4883,22184,3425,457,44291,59019,8117,23270,45780,55382,147,41,880,787,400,1111,598,411,206,643,5298,0.0,0.0,0.0,0.0,0.0,0.0,0.0,0.0,0.0,0.0,0.0,0.0,0.0,0.0,0.0,0.0,0.0,0.0,0.0,0.0,0.0,0.0,0.0,0.0,0.0,0.0,0.0,0.0,0.0,0.0,0.0,0.0,0.0,0.0,0.0,0.0,0.0,0.0,0.0,0.0,0.0,0.0,0.0,0.0,0.0,0.0,0.0,0.0,0.0,0.0,0.0,0.0,0.0,0.0,0.0,0.0,0.0,0.0,0.0,0.0,0.0,0.0,0.0,0.0,0.0,0.0,0.0,0.0,0.0,0.0,0.0,0.0,0.0,0.0,0.0,0.0,0.0,0.0,0.0,0.0,0.0,0.0,0.0,0.0,0.0,0.0,0.0,0.0,0.0,0.0,0.0,0.0,0.0,0.0,0.0,0.0,0.0,0.0,0.0,0.0,0.0,0.0,0.0,0.0,0.0,0.0,0.0,0.0,0.0,0.0,0.0,0.0,0.0,0.0,0.0,0.0,0.0,0.0,0.0,0.0,0.0,0.0,0.0,0.0,0.0,0.0,0.0,0.0,0.0,0.0,0.0,0.0,0.0,0.0,0.0,0.0,0.0,0.0,0.0,0.0,0.0,0.0,0.0,0.0,0.0,0.0,0.0,0.0,0.0,0.0
ENCFF166RSJ,0.16780465444650378,45379,303,2562,43343,552,114359,8984,352,473,442,702,3654,3227,8219,19480,29440,3414,1086,6792,6365,203,1017,45,80,70,1175,1027,4050,29537,5513,396,131,548,2406,2198,46,2929,28,13,10117,15685,96,841,54,81,1026,7859,22418,117,1087,1340,1655,698,473,8889,241,471,511,268,1424,1730,445,15258,325,500,322,69,53849,58760,10605,1509,830,1969,8394,475,1651,713,982,1091,293,1204,1525,4672,563,685,4538,32,1012,731,65,1894,740,199,2269,1322,11784,214373,12247,135,34018,53897,3208,45963,1590,769,7777,2440,2774,57,4366,10597,10635,360,5610,46279,2672,38840,375,1690,1561,10015,662,59450,1532,7722,3367,918,3611,581,137,40535,10820,769,27916,8703,16982,39524,132,5539,5693,1533,4699,42176,392,320,112,109,21,47,3499,514,565,11910,5732,719,4226,43456,3510,607,1603,2448,1835,3762,5227,4558,7559,105,250,113,1257,40,1935,688,1692,955,26,7,583,1002,1442,18656,9300,56535,2904,32492,43116,17117,35341,17085,33255,456,34435,40392,14141,11982,43439,24931,7456,1091,171,1008,70,702,1178,210,80,66,111,4867,316,50166,12771,10451,3244,262121,45080,4439,34413,27249,1822,673,44908,20995,62633,3396,54601,111,56375,33,421,957,78,354,1183,297,5081,3865,73,786,1100,689,1137,527,3361,1984,301,303,6863,4095,2506,3670,1599,393,845,915,431,394,325,613,1335,5978,1120,441,2127,3232,2690,12294,29338,712,3203,4313,1651,1007,812,722,1170,599,188,10635,718,1199,7220,485,2348,563,5012,1379,1250,707,1144,352,568,684,3084,2598,914,1136,987,3153,2033,1153,971,1170,4778,31,60,510,808,820,491,22465,390,13096,52,563,109,9351,1286,10730,8548,9456,47,4304,211,206,1757,5858,67834,1024,2903,2720,1405,49,3273,221,732,1392,19297,8571,4135,2268,142,228,145,48,83,838,1908,3519,938,4491,695,724,2477,57010,414,2526,155583,640,8603,1194,7796,1424,2977,418,372,4913,970,1447,1427,415,519,444,6163,1665,1203,1496,532,1544,1771,35300,176,14987,2860,101,36862,9978,36,406,6717,1282,90,8541,926,1666,290,4581,1420,30672,3003,642,957,1556,578,1407,1046,1676,270,74,1211,69,2608,342,38,330,394,712,597,1087,33021,1462,8998,4854,1137,673,1268,609,49576,89,18920,1738,15913,2246,372,3979,26,35316,6615,11920,50959,2026,21094,248,489,495,1200,624,1386,828,1573,13233,1279,43,419,1303,55,128,5645,6022,3,190,222,33171,42544,32786,8147,42312,5286,687,75832,103254,14282,43373,76898,94789,328,173,838,854,262,1071,1617,555,544,988,8316,0.0,0.0,0.0,0.0,0.0,0.0,0.0,0.0,0.0,0.0,0.0,0.0,0.0,0.0,0.0,0.0,0.0,0.0,0.0,0.0,0.0,0.0,0.0,0.0,0.0,0.0,0.0,0.0,0.0,0.0,0.0,0.0,0.0,0.0,0.0,0.0,0.0,0.0,0.0,0.0,0.0,0.0,0.0,0.0,0.0,0.0,0.0,0.0,0.0,0.0,0.0,0.0,0.0,0.0,0.0,0.0,0.0,0.0,0.0,0.0,0.0,0.0,0.0,0.0,0.0,0.0,0.0,0.0,0.0,0.0,0.0,0.0,0.0,0.0,0.0,0.0,0.0,0.0,0.0,0.0,0.0,0.0,0.0,0.0,0.0,0.0,0.0,0.0,0.0,0.0,0.0,0.0,0.0,0.0,0.0,0.0,0.0,0.0,0.0,0.0,0.0,0.0,0.0,0.0,0.0,0.0,0.0,0.0,0.0,0.0,0.0,0.0,0.0,0.0,0.0,0.0,0.0,0.0,0.0,0.0,0.0,0.0,0.0,0.0,0.0,0.0,0.0,0.0,0.0,0.0,0.0,0.0,0.0,0.0,0.0,0.0,0.0,0.0,0.0,0.0,0.0,0.0,0.0,0.0,0.0,0.0,0.0,0.0,0.0,0.0
ENCFF000WKK,0.16739190306499116,36450,203,2290,17755,753,67579,3048,145,349,176,296,1927,3386,5643,7669,22114,2051,203,2902,3557,91,278,36,26,24,467,1813,2010,13759,1795,140,153,248,1054,907,99,895,21,14,3977,5385,39,316,30,50,249,3046,14677,250,306,544,903,235,170,3011,63,138,232,67,380,975,307,7448,155,266,447,34,26043,25472,3018,575,421,953,2441,90,670,301,493,545,119,641,578,1794,259,290,2035,8,518,291,8,545,461,29,940,758,10246,97172,5740,54,14668,20632,1403,17697,671,389,2408,787,819,13,1404,3551,3536,60,2388,15968,2193,21816,643,2757,2199,5218,1255,26395,822,3122,1745,412,1309,218,48,15021,8505,1412,12649,5202,5900,12482,457,2707,1364,623,1845,18029,165,335,47,62,32,38,923,119,284,6161,2379,333,2402,20053,1891,214,637,391,384,1425,2298,1914,2342,27,57,16,565,15,1075,437,403,73,55,7,422,424,564,7503,3462,22307,1228,17059,17829,7668,17004,7088,15486,179,14443,17458,5484,4832,11772,9194,2843,547,364,381,40,297,554,72,48,14,68,2001,225,19612,6797,8736,114,97667,19140,1892,13495,14587,490,299,20504,10169,32955,4299,20550,82,20293,38,164,445,154,192,595,109,1946,946,15,409,555,360,538,279,1437,746,167,118,2375,1556,1066,1333,660,185,375,401,222,203,199,267,646,2838,818,239,989,1311,1233,6135,14053,1171,1209,1501,747,468,385,385,587,331,103,3415,298,450,2508,246,818,228,2092,621,588,343,537,167,289,369,1357,1450,509,585,432,1184,816,361,538,550,2193,28,19,253,383,251,276,6840,55,4810,23,296,29,2913,357,3375,3497,3838,16,1227,65,112,594,1682,40640,364,1116,1132,575,82,1631,63,69,251,7943,3476,1982,540,46,138,65,9,37,419,463,1254,286,2183,330,299,769,26336,270,1188,66282,315,2754,579,2882,1755,1499,212,1019,3881,475,571,600,257,262,139,10113,601,546,607,269,586,667,12352,41,4953,1222,16,12787,4624,21,136,3212,296,36,3461,511,545,144,1653,643,16589,1837,486,509,649,249,595,533,608,460,16,525,17,984,42,15,81,362,251,657,388,19122,2261,5674,4358,1182,300,505,81,17864,252,7208,1174,5852,590,189,1361,55,15643,3019,5439,22746,1344,11532,213,89,258,613,311,632,446,821,4236,616,30,234,604,6,19,1809,1792,8,356,97,11505,22832,16863,4217,17908,2045,571,40265,48055,7477,23327,33557,40970,138,85,452,404,156,486,636,161,182,355,3618,0.0,0.0,0.0,0.0,0.0,0.0,0.0,0.0,0.0,0.0,0.0,0.0,0.0,0.0,0.0,0.0,0.0,0.0,0.0,0.0,0.0,0.0,0.0,0.0,0.0,0.0,0.0,0.0,0.0,0.0,0.0,0.0,0.0,0.0,0.0,0.0,0.0,0.0,0.0,0.0,0.0,0.0,0.0,0.0,0.0,0.0,0.0,0.0,0.0,0.0,0.0,0.0,0.0,0.0,0.0,0.0,0.0,0.0,0.0,0.0,0.0,0.0,0.0,0.0,0.0,0.0,0.0,0.0,0.0,0.0,0.0,0.0,0.0,0.0,0.0,0.0,0.0,0.0,0.0,0.0,0.0,0.0,0.0,0.0,0.0,0.0,0.0,0.0,0.0,0.0,0.0,0.0,0.0,0.0,0.0,0.0,0.0,0.0,0.0,0.0,0.0,0.0,0.0,0.0,0.0,0.0,0.0,0.0,0.0,0.0,0.0,0.0,0.0,0.0,0.0,0.0,0.0,0.0,0.0,0.0,0.0,0.0,0.0,0.0,0.0,0.0,0.0,0.0,0.0,0.0,0.0,0.0,0.0,0.0,0.0,0.0,0.0,0.0,0.0,0.0,0.0,0.0,0.0,0.0,0.0,0.0,0.0,0.0,0.0,0.0
ENCFF397SOK,0.16696362387685365,39643,276,3507,32577,474,72216,7337,364,535,306,698,3217,4683,9635,20156,27155,3650,475,6985,5822,212,781,121,109,102,1280,992,3004,14009,3877,312,206,494,1816,1662,55,2057,27,60,8112,11946,87,835,56,95,1095,5968,14968,124,671,909,1267,494,426,6981,162,344,429,318,835,1552,385,8793,669,678,282,120,42265,44772,7918,1017,598,1310,5597,341,1239,481,721,833,186,847,1175,4012,431,472,3401,12,758,472,37,1596,160,42,1087,1191,10460,171553,11670,140,31116,43927,2419,37236,1168,548,5727,1789,2124,35,3488,8384,8298,193,4502,36981,2116,22099,352,1231,1515,8928,564,29798,1243,6380,3057,1014,3067,401,126,32993,14033,645,18528,8275,12209,31966,174,4463,2260,1208,3896,31354,1363,382,105,110,58,36,2490,322,737,10764,5031,859,3929,33824,2956,483,1143,2270,2055,2983,4973,4108,5955,102,162,72,933,18,1608,563,1887,258,40,16,453,780,1076,16641,7795,45106,2382,29765,32159,14016,22007,13301,27018,313,28760,33870,11335,9938,24692,20850,6517,900,202,642,97,428,782,197,62,51,30,4137,274,28741,10353,12941,270,228830,36019,3524,28589,18837,1342,664,39496,17639,49404,3362,49539,241,48731,40,389,894,207,283,951,321,3610,2064,37,595,771,550,811,352,2637,1416,239,324,4825,3004,2228,3461,997,254,602,647,262,306,258,589,1007,5448,1123,334,1842,2487,2209,9630,23593,778,2369,3404,1218,755,664,604,876,421,144,9000,439,656,5496,356,1594,346,4271,963,909,520,808,154,432,503,2213,2392,706,834,604,2495,1383,666,648,891,3758,28,45,353,578,526,180,16003,83,10903,15,592,51,6680,821,7885,6923,7086,32,3075,95,188,1465,4077,62775,749,2164,2299,1214,65,2771,199,428,808,16087,7120,3605,2013,31,190,118,16,57,623,1740,2647,656,3887,500,485,1279,45707,350,2081,131227,527,6052,915,4908,1328,2266,275,454,4371,707,1060,1153,369,376,266,5214,1249,887,1178,574,1077,1280,27169,82,10341,2388,59,27940,7631,28,318,6654,1025,46,6695,718,1473,307,3150,1032,15465,2960,695,763,1095,400,1073,764,1486,647,28,1158,21,1901,288,47,254,476,392,518,686,24082,1221,8030,4172,889,532,1081,211,40226,128,16629,1611,13708,1493,328,3015,56,37875,6893,11607,49828,2669,14592,193,293,361,868,484,1065,703,1330,5177,1049,28,262,940,47,41,4573,4620,33,269,232,27702,40627,28390,7459,37719,4521,762,65635,92355,12474,40625,68556,83716,388,237,696,632,200,755,1608,362,488,1410,6629,0.0,0.0,0.0,0.0,0.0,0.0,0.0,0.0,0.0,0.0,0.0,0.0,0.0,0.0,0.0,0.0,0.0,0.0,0.0,0.0,0.0,0.0,0.0,0.0,0.0,0.0,0.0,0.0,0.0,0.0,0.0,0.0,0.0,0.0,0.0,0.0,0.0,0.0,0.0,0.0,0.0,0.0,0.0,0.0,0.0,0.0,0.0,0.0,0.0,0.0,0.0,0.0,0.0,0.0,0.0,0.0,0.0,0.0,0.0,0.0,0.0,0.0,0.0,0.0,0.0,0.0,0.0,0.0,0.0,0.0,0.0,0.0,0.0,0.0,0.0,0.0,0.0,0.0,0.0,0.0,0.0,0.0,0.0,0.0,0.0,0.0,0.0,0.0,0.0,0.0,0.0,0.0,0.0,0.0,0.0,0.0,0.0,0.0,0.0,0.0,0.0,0.0,0.0,0.0,0.0,0.0,0.0,0.0,0.0,0.0,0.0,0.0,0.0,0.0,0.0,0.0,0.0,0.0,0.0,0.0,0.0,0.0,0.0,0.0,0.0,0.0,0.0,0.0,0.0,0.0,0.0,0.0,0.0,0.0,0.0,0.0,0.0,0.0,0.0,0.0,0.0,0.0,0.0,0.0,0.0,0.0,0.0,0.0,0.0,0.0
ENCFF763FGT,0.17676450224703696,39785,117,2920,35176,603,66900,7287,298,406,278,642,3404,3182,7923,16985,18453,3041,386,4657,5508,150,657,57,68,70,979,1038,3224,59905,3581,207,168,472,1793,1760,63,2091,36,28,8447,10288,60,733,51,52,824,5719,21968,150,535,1114,1441,438,256,5995,139,336,383,327,802,1506,240,12814,446,455,265,99,46575,51179,7909,1144,681,1195,5343,465,1375,480,841,970,209,1021,1190,3394,390,497,3672,12,878,463,19,1055,319,56,1636,1340,17040,159787,9794,188,26387,37493,2571,32338,1213,611,5190,1581,1781,18,2842,6985,7315,321,4241,35900,2406,34738,484,1976,2046,8246,850,55176,1354,5827,2785,661,2623,328,232,26563,10572,765,28658,7555,12071,25964,187,4566,2477,1260,3616,64914,845,283,96,106,27,59,2490,300,639,10291,4303,593,5350,36797,2959,374,1206,965,786,3005,5350,4870,4765,73,201,51,1018,57,1729,560,1251,327,37,14,536,805,1058,15422,6826,43886,2274,28869,39191,15964,52006,13978,27874,251,27633,32997,10135,9081,23988,19388,6006,941,250,1197,57,628,937,248,103,23,143,3942,322,65755,11977,9968,1168,177615,36388,3325,25835,22758,1124,517,38430,20296,55585,3669,42784,172,41275,60,342,743,202,269,980,268,3668,1985,40,635,931,577,976,410,2578,1550,230,251,4586,2896,1890,2420,1273,322,566,748,325,310,243,461,1102,4913,1199,324,1687,2316,2186,9893,23166,700,2301,2913,1225,969,700,681,949,523,163,7255,439,819,4891,349,1482,320,3957,1084,1072,584,927,193,439,522,2269,2460,820,879,714,2264,1450,697,747,1006,3938,17,25,392,642,523,250,13510,192,9080,11,482,62,6117,784,6602,6244,7307,48,3004,176,153,3132,3555,67002,615,2019,2159,995,81,2896,194,232,740,16975,5888,3383,1412,30,159,110,16,55,622,2043,2051,654,3269,464,411,1091,45826,341,2034,109796,566,5509,1028,5389,1253,2452,238,543,4193,785,1057,1146,307,402,247,5838,1297,1027,1090,585,1207,1414,23755,109,10051,2102,27,25099,7651,119,312,7638,844,78,6151,817,1414,261,3289,1208,20606,3080,600,706,1170,409,1284,873,1229,1444,74,1064,34,1851,120,27,199,421,257,668,725,20212,1583,7894,5474,1129,496,1056,350,31518,139,13729,1575,11243,1488,335,2660,40,34544,6437,10887,44306,2344,23203,263,293,299,777,408,1222,750,1453,10662,1075,37,207,1044,155,43,4002,3733,20,251,184,23896,40397,29930,7417,33659,3960,314,71025,87567,13128,41161,64387,76148,269,173,749,666,164,893,1314,268,399,892,6411,0.0,0.0,0.0,0.0,0.0,0.0,0.0,0.0,0.0,0.0,0.0,0.0,0.0,0.0,0.0,0.0,0.0,0.0,0.0,0.0,0.0,0.0,0.0,0.0,0.0,0.0,0.0,0.0,0.0,0.0,0.0,0.0,0.0,0.0,0.0,0.0,0.0,0.0,0.0,0.0,0.0,0.0,0.0,0.0,0.0,0.0,0.0,0.0,0.0,0.0,0.0,0.0,0.0,0.0,0.0,0.0,0.0,0.0,0.0,0.0,0.0,0.0,0.0,0.0,0.0,0.0,0.0,0.0,0.0,0.0,0.0,0.0,0.0,0.0,0.0,0.0,0.0,0.0,0.0,0.0,0.0,0.0,0.0,0.0,0.0,0.0,0.0,0.0,0.0,0.0,0.0,0.0,0.0,0.0,0.0,0.0,0.0,0.0,0.0,0.0,0.0,0.0,0.0,0.0,0.0,0.0,0.0,0.0,0.0,0.0,0.0,0.0,0.0,0.0,0.0,0.0,0.0,0.0,0.0,0.0,0.0,0.0,0.0,0.0,0.0,0.0,0.0,0.0,0.0,0.0,0.0,0.0,0.0,0.0,0.0,0.0,0.0,0.0,0.0,0.0,0.0,0.0,0.0,0.0,0.0,0.0,0.0,0.0,0.0,0.0
ENCFF001FZQ,0.09186667825810398,34250,75,2396,25320,540,70415,3820,143,310,188,435,1840,2938,6409,10011,21823,2417,373,4026,3824,215,506,54,30,21,593,255,1856,14119,2551,157,110,301,1073,1010,27,1144,20,14,6512,12943,75,463,22,26,430,3569,11265,32,415,561,839,343,335,13330,119,251,244,56,456,929,354,9830,1029,199,79,64,32520,35945,12827,639,428,758,9278,195,671,317,461,527,143,559,678,5711,249,307,2180,9,531,310,12,909,51,3,698,815,13795,117073,8313,91,23006,34935,1555,31388,685,385,6103,1776,1065,16,3485,11128,10203,145,4897,27911,1709,22514,363,1447,1384,6081,647,31129,847,4139,2031,438,2168,297,84,27977,9294,181,12832,5842,26427,27371,63,2769,2578,690,4170,30036,219,170,71,93,42,21,1469,243,372,9573,3526,458,2621,24865,2111,260,643,1180,1269,2734,2873,2493,12451,55,123,21,657,22,1037,356,372,238,6,2,307,429,567,14645,4898,31880,1627,21463,25876,9285,21801,12331,20367,211,20926,23983,10047,7224,26932,12871,3232,588,71,436,32,285,586,177,46,13,36,2596,231,25410,7935,8242,82,177835,24132,2504,22373,17240,731,460,28275,11748,39571,3012,34074,192,33224,45,217,557,98,187,577,184,4297,4198,92,388,567,346,542,258,1451,870,3858,212,2859,3374,1321,8298,677,190,401,364,220,201,160,4036,652,4905,763,246,1141,1484,1269,6492,17621,184,1432,8472,826,481,363,410,533,304,3638,7316,310,491,6620,236,1057,246,4333,634,584,346,551,496,308,295,1522,1427,464,539,461,4153,1077,442,458,565,2351,14,23,253,396,514,195,13820,80,10483,18,383,46,4544,881,8198,4324,6581,28,1602,55,208,380,2717,48719,430,1158,5135,823,12,1576,118,152,536,10587,4744,1969,823,27,115,87,9,32,401,761,1508,318,3203,305,301,1556,33338,222,1318,105718,247,4983,574,3092,446,1554,196,113,2690,466,618,635,236,285,153,1771,773,576,633,217,716,746,18671,56,8306,1602,18,35025,6320,411,187,4504,379,48,4133,496,1021,226,1934,670,9838,1982,368,493,636,258,695,557,2906,377,10,757,28,1343,151,27,193,263,134,493,498,19130,1340,6159,3927,825,390,555,88,37133,53,11117,1014,10660,969,180,1850,16,19242,4503,5841,39570,1337,12466,152,103,238,494,234,647,431,2586,4500,596,29,143,635,15,19,2728,3306,12,106,109,17271,30433,27097,4628,24395,2849,341,45789,69327,11025,27305,49236,59488,296,130,435,399,159,498,1633,201,255,396,4355,0.0,0.0,0.0,0.0,0.0,0.0,0.0,0.0,0.0,0.0,0.0,0.0,0.0,0.0,0.0,0.0,0.0,0.0,0.0,0.0,0.0,0.0,0.0,0.0,0.0,0.0,0.0,0.0,0.0,0.0,0.0,0.0,0.0,0.0,0.0,0.0,0.0,0.0,0.0,0.0,0.0,0.0,0.0,0.0,0.0,0.0,0.0,0.0,0.0,0.0,0.0,0.0,0.0,0.0,0.0,0.0,0.0,0.0,0.0,0.0,0.0,0.0,0.0,0.0,0.0,0.0,0.0,0.0,0.0,0.0,0.0,0.0,0.0,0.0,0.0,0.0,0.0,0.0,0.0,0.0,0.0,0.0,0.0,0.0,0.0,0.0,0.0,0.0,0.0,0.0,0.0,0.0,0.0,0.0,0.0,0.0,0.0,0.0,0.0,0.0,0.0,0.0,0.0,0.0,0.0,0.0,0.0,0.0,0.0,0.0,0.0,0.0,0.0,0.0,0.0,0.0,0.0,0.0,0.0,0.0,0.0,0.0,0.0,0.0,0.0,0.0,0.0,0.0,0.0,0.0,0.0,0.0,0.0,0.0,0.0,0.0,0.0,0.0,0.0,0.0,0.0,0.0,0.0,0.0,0.0,0.0,0.0,0.0,0.0,0.0
ENCFF001RQT,0.06124145969328797,741593,1807,1365,179,0,1697,584,39,13,13,9448,166,104,70,42,1,508,103,2671,883,27,90,1,0,0,131,42857,341,22,1216,58,15,37,121,87,1,133,0,0,1012,1403,0,12,0,358,47,401,9,2130,97,102,61,32,10,87984,0,35,27,0,96,74,0,17,27,1,8416,0,5263,20017,31644,49,31,423,2582,3,62,20,36,44,5,58,149,372,16,19,149,0,30,38,0,129,0,0,289,11,3,72535,2053,5,149409,4202,144,4342,122,30,1227,125,201,0,96992,14619,1635,2,1024,17933,6,898,0,0,47,891,0,19,71,2031,467,8,273,4,11,4413,225,25247,48,238,1822,47238,102,604,81,58,275,139,0,21679,1,15,0,1,265,56,51,1933,623,21,200,140,25,61,56,19,8,287,14271,9594,6813,0,1,0,40,0,37,15,5869,17,0,0,8,27,72,5075,1560,18485,325,1964,3147,4457,774,2243,3331,8,3631,3899,7797,2170,24239,19892,616,151,669,540,0,29,81,7,0,0,0,3530,1,2221,1788,4,5,121860,6573,440,5477,79,115,1264,4047,3874,6654,32,7279,1,7160,0,5,401,0,15,52,82,223,504,0,25,15,32,41,30,140,100,1794,15,719,339,222,2671,83,9,55,53,12,19,10,127,128,437,111,8,109,256,111,161,59,76616,149,9399,86,25,26,25,30,16,283,1080,33,84,585,8,204,30,336,57,42,22,40,7,29,67,116,79,34,31,47,1527,142,33,26,31,178,25,48,17,37,35,0,4699,0,3186,1,38,2,519,52,4079,1298,7742,0,273,0,1,1,375,15779,1596,270,3441,165,0,171,3,8,179,3933,2641,210,169,1,14,0,0,0,37,59,594,65,635,21,31,28,78,343,141,36913,17,726,47,388,33220,225,36,500,21104,31,60,98,26,11,26,267064,89,54,66,30,68,84,4471,1,1369,269,0,86858,1217,0,81,509,135,0,346,32,53,23,321,61,56,26,7753,39,70,57,65,44,741,0,0,143,0,239,0,0,6,7681,3,0,103,222,2,201,66,1,100,53,0,7962,6735,1821,225,1596,157,2,604,0,22428,834,802,48425,619,208,4,3,13,48,245,61,24,54,16,40,0,24,84,0,0,647,361,45,4511,5,4080,5456,5887,483,3384,1076,50,4958,17877,1837,3791,20296,10614,13,9,43,30,45,31,61,20,117,87,1090,0.0,0.0,0.0,0.0,0.0,0.0,0.0,0.0,0.0,0.0,0.0,0.0,0.0,0.0,0.0,0.0,0.0,0.0,0.0,0.0,0.0,0.0,0.0,0.0,0.0,0.0,0.0,0.0,0.0,0.0,0.0,0.0,0.0,0.0,0.0,0.0,0.0,0.0,0.0,0.0,0.0,0.0,0.0,0.0,0.0,0.0,0.0,0.0,0.0,0.0,0.0,0.0,0.0,0.0,0.0,0.0,0.0,0.0,0.0,0.0,0.0,0.0,0.0,0.0,0.0,0.0,0.0,0.0,0.0,0.0,0.0,0.0,0.0,0.0,0.0,0.0,0.0,0.0,0.0,0.0,0.0,0.0,0.0,0.0,0.0,0.0,0.0,0.0,0.0,0.0,0.0,0.0,0.0,0.0,0.0,0.0,0.0,0.0,0.0,0.0,0.0,0.0,0.0,0.0,0.0,0.0,0.0,0.0,0.0,0.0,0.0,0.0,0.0,0.0,0.0,0.0,0.0,0.0,0.0,0.0,0.0,0.0,0.0,0.0,0.0,0.0,0.0,0.0,0.0,0.0,0.0,0.0,0.0,0.0,0.0,0.0,0.0,0.0,0.0,0.0,0.0,0.0,0.0,0.0,0.0,0.0,0.0,0.0,0.0,0.0
ENCFF663CEY,0.19491373575898466,40646,299,3516,65249,1026,281994,13148,495,696,476,723,4314,4532,10806,32580,94707,3805,1153,9978,6829,213,1239,77,160,88,2046,658,5002,69694,6054,365,124,854,3799,3255,39,4350,36,12,10308,17364,115,740,59,48,1303,10356,35222,58,1176,2012,2390,566,351,9487,176,612,408,209,1351,2208,692,27597,911,912,147,79,72187,64681,9491,2267,1271,2882,8446,431,2568,1142,1375,1588,393,1798,2213,4808,719,1089,6125,50,1395,1132,59,1876,327,81,2367,1432,29958,243921,14961,127,39688,58014,4361,48976,2490,1082,7396,2180,2285,50,4754,10628,11319,400,6040,48169,3768,61860,375,1764,2099,11336,832,93732,2073,8708,3465,642,3837,393,161,47123,15928,374,54647,12147,18232,41811,33,6159,11968,2295,4725,73433,654,238,199,151,80,83,3553,673,380,12836,6718,736,6064,62052,3895,738,2390,1857,2690,4008,5179,5187,8668,43,170,62,1961,49,2394,1051,1056,16897,27,1,818,964,2156,19295,9769,61770,3906,46034,50926,19192,47624,20990,38080,920,39979,48963,15077,13351,36326,28250,7518,1438,63,1380,21,1158,1821,185,44,47,127,5566,403,71657,14364,25127,508,277681,57028,5566,38639,49079,1855,674,53647,27255,86736,5998,61023,103,61204,24,518,1085,92,539,1635,420,6390,5094,73,1151,1280,933,1791,716,4782,2548,240,330,9046,5400,3197,4343,2649,510,1303,1376,831,571,400,555,1868,6442,1405,616,2297,4614,3441,16763,33642,423,4341,4763,2172,1438,1258,1135,1546,798,115,11300,997,2246,8536,627,2957,949,6048,2082,2013,1068,1697,357,769,877,4286,3471,1453,1554,1264,4269,2963,2421,1169,1919,5953,58,85,732,1275,840,626,23318,346,14061,52,480,104,10150,1284,11547,9784,12192,77,5448,114,110,3913,5989,158547,876,3122,3957,1734,12,4210,156,591,2253,27435,12846,4110,2574,23,175,122,23,82,1091,1837,3612,1292,4605,1037,928,5106,124520,370,3176,162521,795,9743,1609,12660,1049,4256,579,138,4940,1319,1999,2107,564,620,374,3969,2717,1853,2063,699,2277,2489,39185,41,19834,2279,49,40345,11865,68,615,7500,1406,48,10888,1333,1619,263,6620,1949,25383,3502,499,1318,1918,943,1810,1564,1889,1694,26,1244,36,3312,273,23,127,206,1334,828,1412,55686,2100,11610,6298,1237,1132,1088,369,48213,95,22228,1964,16737,2335,219,4551,27,49227,8806,15320,61086,1361,33730,296,697,727,1635,862,1901,1183,1688,14225,1814,31,290,1770,37,44,5317,5774,65,121,167,41553,48323,39855,10195,49716,7162,1094,98104,122925,17103,49197,96014,113178,655,173,1169,1103,421,1446,1331,410,305,1138,9376,0.0,0.0,0.0,0.0,0.0,0.0,0.0,0.0,0.0,0.0,0.0,0.0,0.0,0.0,0.0,0.0,0.0,0.0,0.0,0.0,0.0,0.0,0.0,0.0,0.0,0.0,0.0,0.0,0.0,0.0,0.0,0.0,0.0,0.0,0.0,0.0,0.0,0.0,0.0,0.0,0.0,0.0,0.0,0.0,0.0,0.0,0.0,0.0,0.0,0.0,0.0,0.0,0.0,0.0,0.0,0.0,0.0,0.0,0.0,0.0,0.0,0.0,0.0,0.0,0.0,0.0,0.0,0.0,0.0,0.0,0.0,0.0,0.0,0.0,0.0,0.0,0.0,0.0,0.0,0.0,0.0,0.0,0.0,0.0,0.0,0.0,0.0,0.0,0.0,0.0,0.0,0.0,0.0,0.0,0.0,0.0,0.0,0.0,0.0,0.0,0.0,0.0,0.0,0.0,0.0,0.0,0.0,0.0,0.0,0.0,0.0,0.0,0.0,0.0,0.0,0.0,0.0,0.0,0.0,0.0,0.0,0.0,0.0,0.0,0.0,0.0,0.0,0.0,0.0,0.0,0.0,0.0,0.0,0.0,0.0,0.0,0.0,0.0,0.0,0.0,0.0,0.0,0.0,0.0,0.0,0.0,0.0,0.0,0.0,0.0
ENCFF722QBO,0.17111992048826163,139923,390,8279,59441,2028,159041,7981,486,910,390,882,6340,9603,17505,31857,54328,6452,621,8605,11645,187,829,163,76,46,1721,7883,6036,42556,4740,424,678,767,3274,2943,448,3050,44,11,12952,16055,80,1069,117,102,1045,9622,41951,1182,838,1802,2635,652,515,8090,213,408,683,175,964,2613,1427,21489,2254,837,2010,39,93577,87571,8988,1832,1337,3850,6424,145,2071,822,1430,1676,385,1635,1984,5689,656,864,7092,21,1565,803,51,1851,290,18,2527,2661,35091,293095,18511,239,47655,66176,4234,56939,1910,1201,7349,2444,2902,23,4231,10965,11018,121,7903,45731,6282,50749,1700,7826,6897,17121,3732,69126,2795,10252,5561,1434,3885,567,163,43169,25337,5443,41928,16710,16571,38291,2465,9308,3325,1990,5960,70619,560,1285,203,157,93,68,2920,425,701,20089,7241,1023,7335,67393,6716,611,1886,1480,1236,4522,7930,6604,6889,168,201,43,1762,26,3443,1106,1779,280,227,45,1332,1143,1797,23989,10772,71049,4203,53038,54224,26066,52357,23088,50398,401,46897,57641,16114,15417,36775,28957,10674,1773,1205,1307,77,864,1557,230,128,34,35,6759,594,68017,23970,23678,283,342218,65632,7092,48812,44521,1283,903,78633,36240,110740,12078,71906,637,64336,36,540,1172,191,505,1815,373,6118,2676,61,1175,1635,1087,1692,699,4320,2461,372,423,7362,4456,2829,3603,1920,651,931,1335,643,630,427,832,1976,11315,2734,704,2966,4041,3884,24742,79337,5715,3518,4697,2341,1588,1218,1186,1768,960,199,10610,728,1248,7207,591,2534,646,7083,1857,1807,1119,1616,283,713,1438,4011,4785,1492,1715,1162,3537,2418,1062,1428,1591,7496,45,61,668,1078,573,513,19228,104,14385,33,885,81,8783,986,10476,11308,11656,20,3906,119,337,1164,4565,141127,1269,3553,3676,1589,604,6115,146,168,759,27062,9607,5255,1590,45,257,228,19,37,1214,2128,3898,970,7012,878,762,4034,82375,1187,4103,218142,975,7743,1870,8540,8314,4676,433,4475,18011,1470,1737,1870,609,687,564,43246,2104,1786,1885,914,1914,2172,39398,106,15085,4194,26,38360,10216,44,292,11011,907,64,10276,1510,1654,389,5343,1969,27696,7390,2168,1475,2043,743,1872,1588,1699,1027,28,1981,28,2884,166,67,192,1595,472,1673,1528,56432,6401,20338,13683,3442,1050,1518,166,49728,1151,25612,3884,18594,1642,665,4443,50,53337,9875,17513,75121,11443,27992,638,382,579,2019,734,1973,1342,2521,13431,1823,65,1068,1849,7,23,5746,5234,11,1690,272,38683,81340,54952,15732,59084,6841,1181,121215,165611,25698,81899,115054,137108,376,353,1301,1189,354,1599,1684,544,708,1089,11057,0.0,0.0,0.0,0.0,0.0,0.0,0.0,0.0,0.0,0.0,0.0,0.0,0.0,0.0,0.0,0.0,0.0,0.0,0.0,0.0,0.0,0.0,0.0,0.0,0.0,0.0,0.0,0.0,0.0,0.0,0.0,0.0,0.0,0.0,0.0,0.0,0.0,0.0,0.0,0.0,0.0,0.0,0.0,0.0,0.0,0.0,0.0,0.0,0.0,0.0,0.0,0.0,0.0,0.0,0.0,0.0,0.0,0.0,0.0,0.0,0.0,0.0,0.0,0.0,0.0,0.0,0.0,0.0,0.0,0.0,0.0,0.0,0.0,0.0,0.0,0.0,0.0,0.0,0.0,0.0,0.0,0.0,0.0,0.0,0.0,0.0,0.0,0.0,0.0,0.0,0.0,0.0,0.0,0.0,0.0,0.0,0.0,0.0,0.0,0.0,0.0,0.0,0.0,0.0,0.0,0.0,0.0,0.0,0.0,0.0,0.0,0.0,0.0,0.0,0.0,0.0,0.0,0.0,0.0,0.0,0.0,0.0,0.0,0.0,0.0,0.0,0.0,0.0,0.0,0.0,0.0,0.0,0.0,0.0,0.0,0.0,0.0,0.0,0.0,0.0,0.0,0.0,0.0,0.0,0.0,0.0,0.0,0.0,0.0,0.0
ENCFF000VFX,0.07083835664509733,1208,10,197,1327,56,5046,276,23,29,7,23,142,247,487,555,1647,190,36,231,230,10,41,5,1,1,59,2,183,886,183,6,8,25,117,89,0,94,0,0,375,499,1,37,6,2,38,316,833,0,62,85,71,22,6,282,12,12,27,19,74,79,16,521,9,40,1,1,2363,2806,240,63,37,45,247,9,66,28,45,66,9,61,71,177,28,32,172,4,41,32,4,76,31,14,157,60,463,8577,442,11,1355,1827,156,1673,91,36,223,95,102,1,116,322,318,43,286,1433,177,1585,49,174,158,477,71,1958,64,327,155,45,118,26,16,1272,726,6,746,502,493,1148,2,213,160,65,167,1499,10,3,5,3,1,5,92,13,16,454,192,22,248,1341,178,12,49,43,61,166,231,210,246,12,7,2,48,1,102,25,163,343,3,0,30,43,58,682,316,2083,137,1616,1939,765,1346,642,1417,14,1244,1540,459,454,1195,993,400,41,1,85,1,33,49,10,15,2,8,165,19,1746,649,630,158,12292,1855,165,1464,1078,70,31,1909,1042,2872,277,1987,7,1925,3,15,31,7,11,52,12,181,88,2,44,53,38,54,23,141,96,9,16,208,176,88,99,73,16,40,38,19,26,15,23,76,271,67,18,99,127,95,604,767,4,146,153,70,45,28,36,42,28,7,392,16,40,230,17,83,29,176,55,74,41,60,9,20,19,156,129,72,70,38,132,65,43,58,57,173,0,3,18,39,32,36,666,21,436,1,29,4,324,43,295,350,395,3,126,24,11,236,158,2947,23,89,112,46,0,125,5,25,25,784,313,141,67,1,12,20,2,8,41,88,120,31,155,29,24,104,2289,17,123,5308,21,293,60,284,5,140,14,0,160,48,56,54,21,17,10,42,78,45,49,20,75,73,1246,18,532,133,8,1274,473,0,19,343,38,3,327,56,50,7,186,54,855,110,25,51,58,24,78,41,62,40,6,38,1,118,12,8,13,13,24,42,60,1269,153,510,316,77,20,84,36,1593,2,656,81,539,90,19,144,1,1540,301,418,1973,52,611,8,24,25,43,23,63,29,65,777,61,1,13,84,3,7,195,198,0,0,20,1104,1818,1450,318,1658,214,15,2989,4116,647,1862,3116,3823,20,12,28,47,20,47,71,16,21,45,335,0.0,0.0,0.0,0.0,0.0,0.0,0.0,0.0,0.0,0.0,0.0,0.0,0.0,0.0,0.0,0.0,0.0,0.0,0.0,0.0,0.0,0.0,0.0,0.0,0.0,0.0,0.0,0.0,0.0,0.0,0.0,0.0,0.0,0.0,0.0,0.0,0.0,0.0,0.0,0.0,0.0,0.0,0.0,0.0,0.0,0.0,0.0,0.0,0.0,0.0,0.0,0.0,0.0,0.0,0.0,0.0,0.0,0.0,0.0,0.0,0.0,0.0,0.0,0.0,0.0,0.0,0.0,0.0,0.0,0.0,0.0,0.0,0.0,0.0,0.0,0.0,0.0,0.0,0.0,0.0,0.0,0.0,0.0,0.0,0.0,0.0,0.0,0.0,0.0,0.0,0.0,0.0,0.0,0.0,0.0,0.0,0.0,0.0,0.0,0.0,0.0,0.0,0.0,0.0,0.0,0.0,0.0,0.0,0.0,0.0,0.0,0.0,0.0,0.0,0.0,0.0,0.0,0.0,0.0,0.0,0.0,0.0,0.0,0.0,0.0,0.0,0.0,0.0,0.0,0.0,0.0,0.0,0.0,0.0,0.0,0.0,0.0,0.0,0.0,0.0,0.0,0.0,0.0,0.0,0.0,0.0,0.0,0.0,0.0,0.0
ENCFF853FSA,0.13149197426572143,38658,79,2152,32827,366,85511,8308,399,339,209,479,3635,1823,3374,14870,16463,1575,794,3546,4158,88,608,40,108,77,1288,1615,3418,16394,3028,118,37,455,2552,2443,26,2705,42,12,5839,7722,130,320,68,26,706,6279,18333,114,949,1629,1702,149,294,4199,77,320,238,210,940,1852,243,6592,183,279,440,97,26437,38946,4222,1391,814,2168,4513,47,1669,776,909,1014,304,1460,1688,2235,496,905,4378,26,1054,962,32,886,402,59,1926,588,6034,115657,6089,135,17464,28539,3344,24368,1774,901,3293,1381,1780,46,2841,5710,6942,512,4219,24713,983,32965,122,611,739,5102,332,55009,1426,4365,1789,449,1659,166,75,23026,3886,789,14413,4959,9357,21757,64,4573,3168,1450,2892,27077,501,161,52,57,40,22,1528,403,331,8146,2819,315,3172,30576,1772,282,1811,2938,2237,2170,3743,4652,4703,53,92,51,1308,43,1487,691,657,186,6,13,547,321,1541,8561,4353,29472,2409,14770,23638,9391,19570,11827,21639,145,19232,24559,6906,7014,19479,13115,3345,826,95,232,26,879,1420,82,49,30,57,3036,202,26309,5984,5723,421,97242,23525,2745,14788,10703,900,442,22869,10541,30109,1525,30228,102,29494,44,194,578,35,393,1153,240,4540,1792,45,852,804,761,1261,647,3089,1509,122,149,4967,3360,1790,2431,2092,375,1132,1022,576,370,293,247,1356,3599,743,491,1248,2986,2065,6250,26773,1560,2895,2673,1356,1023,899,807,1137,607,53,6703,735,2046,4409,432,1800,740,3631,2041,1383,1209,1154,137,545,463,3215,2142,1238,955,984,2101,2043,1366,786,1380,3144,36,27,506,1052,543,313,9926,236,7054,30,178,74,4372,493,5851,5332,5827,47,2225,160,55,1222,2342,52156,371,1527,2510,809,19,2380,68,659,1244,16752,4465,3686,1149,105,152,193,20,96,765,853,1625,1041,3912,781,575,1412,50419,187,2030,84611,466,5091,1218,7279,1931,2268,362,193,2808,939,1418,1521,414,373,93,13521,1967,1272,1328,421,1359,1609,20721,105,13174,1117,85,22574,6070,16,382,4212,897,99,6830,924,803,141,4143,1302,25843,1347,381,973,1395,860,909,1123,1076,751,26,1028,63,2033,205,120,64,130,455,136,595,21540,715,5670,2705,462,570,858,324,24017,116,8761,1324,7492,1533,65,2001,11,28714,5124,8389,33807,1196,16377,105,329,471,1239,715,1199,1026,1227,4141,1205,18,114,1263,38,45,2264,2301,21,96,76,19694,23435,18787,5042,22544,3484,374,43281,58651,8467,23945,45487,55494,178,54,791,793,375,1153,590,442,204,655,5289,0.0,0.0,0.0,0.0,0.0,0.0,0.0,0.0,0.0,0.0,0.0,0.0,0.0,0.0,0.0,0.0,0.0,0.0,0.0,0.0,0.0,0.0,0.0,0.0,0.0,0.0,0.0,0.0,0.0,0.0,0.0,0.0,0.0,0.0,0.0,0.0,0.0,0.0,0.0,0.0,0.0,0.0,0.0,0.0,0.0,0.0,0.0,0.0,0.0,0.0,0.0,0.0,0.0,0.0,0.0,0.0,0.0,0.0,0.0,0.0,0.0,0.0,0.0,0.0,0.0,0.0,0.0,0.0,0.0,0.0,0.0,0.0,0.0,0.0,0.0,0.0,0.0,0.0,0.0,0.0,0.0,0.0,0.0,0.0,0.0,0.0,0.0,0.0,0.0,0.0,0.0,0.0,0.0,0.0,0.0,0.0,0.0,0.0,0.0,0.0,0.0,0.0,0.0,0.0,0.0,0.0,0.0,0.0,0.0,0.0,0.0,0.0,0.0,0.0,0.0,0.0,0.0,0.0,0.0,0.0,0.0,0.0,0.0,0.0,0.0,0.0,0.0,0.0,0.0,0.0,0.0,0.0,0.0,0.0,0.0,0.0,0.0,0.0,0.0,0.0,0.0,0.0,0.0,0.0,0.0,0.0,0.0,0.0,0.0,0.0
ENCFF126GOB,0.14148209428301936,60828,128,2030,36140,405,123859,5109,328,152,155,362,3301,1201,5352,18613,22173,1473,512,3910,3613,59,433,35,46,58,1036,4399,3207,24273,2389,117,70,411,2037,1795,26,1861,26,2,5832,6643,62,317,55,36,599,5440,24331,441,612,1336,1649,202,178,3167,77,282,175,91,560,1487,726,11943,3145,273,1164,77,38702,35326,3305,1309,777,1797,2947,151,1501,646,850,993,257,1323,1248,2226,476,764,4017,15,935,814,14,661,115,17,1005,1122,18474,116341,6361,101,16522,25557,2593,21785,1341,815,2582,842,1023,12,1897,4400,4835,72,3679,20799,1351,29926,159,835,1144,4904,356,53306,1489,3871,1362,306,1284,162,45,16590,5483,1621,24037,6134,6728,16911,201,3980,3770,1286,2605,38830,169,364,77,54,30,16,1370,238,321,7122,2365,279,3030,38142,2969,232,1372,534,419,1909,2457,2362,3228,44,93,40,1186,22,1515,715,785,76,4,30,536,307,1301,8163,3940,27041,2210,18148,23590,11657,27690,11819,22620,181,17466,22441,6064,5838,17618,12370,3774,772,459,551,174,732,1328,72,25,9,40,3074,69,40876,9882,7770,231,147064,31516,3966,21743,21782,677,315,29412,14872,49186,1897,28247,183,23526,13,228,525,21,334,1008,239,4080,1763,26,926,863,709,1070,542,2636,1426,115,122,4616,2775,1501,1517,1768,440,904,941,464,369,287,186,1457,4187,978,422,1374,2517,2122,12837,98522,3564,2454,2103,1225,887,786,730,1056,638,46,5227,535,1503,3529,383,1491,580,3044,1528,1196,824,1099,107,546,513,2625,2293,892,1040,961,1815,1640,1317,789,1292,3726,12,28,504,834,341,270,8332,80,5490,10,199,31,4290,429,4646,4533,6358,28,1920,45,42,727,2130,87946,559,1270,2034,784,153,2540,56,160,915,14246,5410,3327,823,36,94,51,12,31,780,1027,1448,732,2723,709,497,2322,53238,348,1789,74432,465,4274,1088,6269,4780,2244,338,1055,4305,883,1228,1226,500,378,148,24688,1473,1158,1175,521,1275,1275,17080,22,11479,971,20,16799,4924,21,283,4264,673,30,6584,866,511,91,3435,1122,17258,2504,762,870,1124,703,922,965,650,621,23,588,17,1575,101,51,58,386,337,188,737,25536,823,8445,4226,671,514,469,89,16909,147,9250,1390,6270,872,89,1657,11,22298,4138,7190,29798,5717,15906,165,272,423,1126,563,979,837,1214,5644,1067,11,217,1226,7,28,2083,2032,5,310,68,16876,30817,23011,6387,21137,3117,892,52946,62914,10447,29849,49798,53237,162,80,737,785,295,1023,453,254,143,472,4767,0.0,0.0,0.0,0.0,0.0,0.0,0.0,0.0,0.0,0.0,0.0,0.0,0.0,0.0,0.0,0.0,0.0,0.0,0.0,0.0,0.0,0.0,0.0,0.0,0.0,0.0,0.0,0.0,0.0,0.0,0.0,0.0,0.0,0.0,0.0,0.0,0.0,0.0,0.0,0.0,0.0,0.0,0.0,0.0,0.0,0.0,0.0,0.0,0.0,0.0,0.0,0.0,0.0,0.0,0.0,0.0,0.0,0.0,0.0,0.0,0.0,0.0,0.0,0.0,0.0,0.0,0.0,0.0,0.0,0.0,0.0,0.0,0.0,0.0,0.0,0.0,0.0,0.0,0.0,0.0,0.0,0.0,0.0,0.0,0.0,0.0,0.0,0.0,0.0,0.0,0.0,0.0,0.0,0.0,0.0,0.0,0.0,0.0,0.0,0.0,0.0,0.0,0.0,0.0,0.0,0.0,0.0,0.0,0.0,0.0,0.0,0.0,0.0,0.0,0.0,0.0,0.0,0.0,0.0,0.0,0.0,0.0,0.0,0.0,0.0,0.0,0.0,0.0,0.0,0.0,0.0,0.0,0.0,0.0,0.0,0.0,0.0,0.0,0.0,0.0,0.0,0.0,0.0,0.0,0.0,0.0,0.0,0.0,0.0,0.0
ENCFF270PCJ,0.1279550278617676,109437,79,1913,23200,365,84758,7067,337,300,203,526,3680,1853,3857,9772,18857,1505,945,4062,3525,62,471,54,127,119,1195,7388,3199,14302,2765,109,47,403,2274,2203,20,2436,76,5,5535,6639,123,258,116,12,595,5602,14182,514,776,1526,1626,139,216,3465,78,304,195,295,1027,1972,283,6126,221,257,1814,174,25064,35349,3551,1422,843,2062,3795,57,1642,755,870,976,246,1420,1535,1850,440,819,4010,40,944,861,24,765,370,61,1370,617,4975,100554,5014,165,14172,23254,3212,19729,1601,862,2661,1042,1435,51,2579,4678,5783,420,3820,23338,1406,27331,116,600,704,4373,351,46108,1271,3794,1594,376,1418,117,73,18846,4217,4055,11097,5231,7981,18037,235,3901,4206,1311,2783,23666,456,618,89,108,51,8,1232,365,567,7022,2298,289,2631,22115,1603,249,1654,2262,1780,1879,2899,3255,3808,69,159,47,1222,74,1373,670,551,293,8,14,505,315,1384,7356,3806,26415,2213,14620,22265,8759,17245,10924,19338,180,16754,21750,5941,6120,17192,11511,3223,811,527,425,19,827,1337,123,76,27,31,2528,207,24484,5745,8076,642,112728,23060,2732,15357,11747,880,429,21731,10691,30255,1792,25785,73,24616,107,181,661,85,377,1078,218,4054,1496,47,834,745,764,1223,634,2776,1452,118,177,4404,3083,1458,1907,1870,408,1053,957,562,336,281,181,1174,3330,807,415,1137,2753,1981,6143,18169,5959,2536,2226,1232,975,752,758,1069,638,42,5957,699,1915,3899,398,1514,676,3360,2076,1224,1223,1161,151,515,452,2863,2048,1222,926,865,1845,1869,1176,771,1269,2859,14,17,480,1006,572,350,8643,357,6261,32,154,95,4031,479,5091,4629,5513,83,1966,332,101,1143,1894,53654,646,1303,2325,759,71,2162,74,970,1075,15673,5254,4411,992,88,180,274,20,204,725,693,1450,959,3152,718,476,1094,42939,213,1750,72672,446,4553,1214,6858,7816,1960,327,920,5043,896,1379,1294,426,296,66,75186,1839,1120,1283,416,1239,1348,17801,151,11787,982,64,19217,5491,21,316,3728,827,175,6312,910,671,207,3771,1132,19102,1174,999,845,1248,743,791,1098,728,552,81,901,58,1793,264,246,66,446,352,223,649,17229,759,5241,2703,441,526,821,338,20008,342,7672,1314,6281,1365,64,1660,13,25714,4390,7549,29161,926,12108,123,340,473,1148,673,1107,976,1213,4700,1058,11,101,1170,24,106,1926,1932,17,370,92,16980,21257,17671,4493,19539,3029,564,38108,52915,7823,21485,40542,48807,179,48,811,769,338,1052,493,375,196,579,4798,0.0,0.0,0.0,0.0,0.0,0.0,0.0,0.0,0.0,0.0,0.0,0.0,0.0,0.0,0.0,0.0,0.0,0.0,0.0,0.0,0.0,0.0,0.0,0.0,0.0,0.0,0.0,0.0,0.0,0.0,0.0,0.0,0.0,0.0,0.0,0.0,0.0,0.0,0.0,0.0,0.0,0.0,0.0,0.0,0.0,0.0,0.0,0.0,0.0,0.0,0.0,0.0,0.0,0.0,0.0,0.0,0.0,0.0,0.0,0.0,0.0,0.0,0.0,0.0,0.0,0.0,0.0,0.0,0.0,0.0,0.0,0.0,0.0,0.0,0.0,0.0,0.0,0.0,0.0,0.0,0.0,0.0,0.0,0.0,0.0,0.0,0.0,0.0,0.0,0.0,0.0,0.0,0.0,0.0,0.0,0.0,0.0,0.0,0.0,0.0,0.0,0.0,0.0,0.0,0.0,0.0,0.0,0.0,0.0,0.0,0.0,0.0,0.0,0.0,0.0,0.0,0.0,0.0,0.0,0.0,0.0,0.0,0.0,0.0,0.0,0.0,0.0,0.0,0.0,0.0,0.0,0.0,0.0,0.0,0.0,0.0,0.0,0.0,0.0,0.0,0.0,0.0,0.0,0.0,0.0,0.0,0.0,0.0,0.0,0.0
ENCFF001FGF,0.11172416047370018,32630,99,2222,20931,378,51815,4269,130,344,163,426,1768,3110,6655,9666,20613,2434,286,3627,3384,127,481,61,37,46,521,552,1831,15461,2404,147,126,305,1075,1034,25,1166,16,20,5176,10389,76,403,12,32,559,3314,15433,82,411,525,794,288,280,9172,117,238,240,90,424,895,329,9244,150,369,172,70,31236,30247,10138,583,386,743,6700,205,709,301,428,542,118,521,695,4643,210,277,1852,12,481,248,13,875,112,19,809,717,10753,110499,8111,57,21072,30813,1391,26976,762,306,5007,1411,1090,20,2929,9042,6745,97,3976,24191,1704,19100,273,1064,1132,5327,506,25510,808,3938,1895,479,2128,255,71,22955,9961,514,13773,5855,11025,21649,91,2448,2097,698,2657,26180,336,228,72,81,26,21,1443,290,409,7692,3377,436,2510,20951,1867,257,655,1525,1583,2377,2593,2301,9615,48,105,36,562,23,842,311,509,494,22,2,289,435,624,12804,4514,29337,1397,20169,23442,8261,19166,10126,17109,200,18460,21251,8552,6562,21822,12453,3661,559,106,482,39,255,492,135,42,25,54,2113,235,25599,6976,9243,182,165344,23440,2068,18339,16836,716,401,25971,11566,36941,2633,29202,87,30554,34,258,486,124,176,595,147,3325,3069,110,344,454,355,523,208,1617,920,2039,144,2694,3207,1209,7387,666,184,372,388,208,182,131,2753,554,4373,682,208,1018,1455,1246,6161,19323,392,1408,6695,729,463,377,367,498,286,2129,5662,212,428,4947,207,892,202,3346,592,557,297,458,268,259,271,1290,1265,422,517,364,2894,913,379,428,448,2015,21,19,197,361,338,137,11858,88,8780,9,354,24,4243,609,6601,4139,5903,34,1608,73,141,1199,2491,46281,444,1157,3255,700,30,1490,156,367,530,10328,4101,1779,849,33,94,80,17,33,381,992,1594,399,2477,250,267,1176,31656,204,1133,86785,282,4234,553,3125,718,1386,128,268,2732,430,622,683,185,197,145,3320,786,559,690,209,623,776,17326,49,6732,1576,20,29012,5743,21,186,4454,431,27,3492,465,703,203,1968,670,14146,1890,382,408,716,224,714,469,1961,368,19,661,34,1237,87,28,162,293,441,478,507,15599,980,5073,3132,696,329,542,125,34413,62,10108,965,9046,973,194,1787,20,19167,3833,6123,32366,1546,11975,149,146,200,475,247,625,390,1980,6215,656,28,181,535,21,17,2622,2992,6,133,129,17005,31587,25635,4558,23683,2873,490,45478,71973,12228,29101,49091,62017,317,118,399,367,94,453,1175,162,242,415,3980,0.0,0.0,0.0,0.0,0.0,0.0,0.0,0.0,0.0,0.0,0.0,0.0,0.0,0.0,0.0,0.0,0.0,0.0,0.0,0.0,0.0,0.0,0.0,0.0,0.0,0.0,0.0,0.0,0.0,0.0,0.0,0.0,0.0,0.0,0.0,0.0,0.0,0.0,0.0,0.0,0.0,0.0,0.0,0.0,0.0,0.0,0.0,0.0,0.0,0.0,0.0,0.0,0.0,0.0,0.0,0.0,0.0,0.0,0.0,0.0,0.0,0.0,0.0,0.0,0.0,0.0,0.0,0.0,0.0,0.0,0.0,0.0,0.0,0.0,0.0,0.0,0.0,0.0,0.0,0.0,0.0,0.0,0.0,0.0,0.0,0.0,0.0,0.0,0.0,0.0,0.0,0.0,0.0,0.0,0.0,0.0,0.0,0.0,0.0,0.0,0.0,0.0,0.0,0.0,0.0,0.0,0.0,0.0,0.0,0.0,0.0,0.0,0.0,0.0,0.0,0.0,0.0,0.0,0.0,0.0,0.0,0.0,0.0,0.0,0.0,0.0,0.0,0.0,0.0,0.0,0.0,0.0,0.0,0.0,0.0,0.0,0.0,0.0,0.0,0.0,0.0,0.0,0.0,0.0,0.0,0.0,0.0,0.0,0.0,0.0
ENCFF000VST,0.052324829200906475,1499,10,153,1282,35,3136,164,19,12,3,31,107,145,334,723,952,117,20,169,179,10,31,2,3,2,29,39,105,985,116,6,7,20,76,42,1,56,1,3,270,359,0,26,1,3,22,196,852,5,23,34,60,15,13,241,10,14,13,9,26,77,19,490,8,18,21,5,1812,1746,283,35,27,57,209,13,33,20,31,35,7,31,48,127,19,19,110,0,35,13,1,35,15,1,43,49,637,5926,358,6,1007,1405,78,1191,57,21,148,49,61,1,90,244,276,1,169,1063,113,1169,33,105,92,336,42,1462,50,212,92,37,100,16,3,1130,476,23,792,286,487,929,12,167,105,43,144,1443,8,11,4,5,2,2,80,15,18,337,152,25,186,1365,148,14,38,48,44,117,149,141,206,0,6,1,33,2,64,24,122,330,1,0,20,44,36,501,258,1536,81,1081,1200,506,1149,467,935,6,1120,1120,380,323,913,620,230,27,10,21,3,16,26,8,1,0,2,149,8,1641,471,361,10,7376,1331,126,978,863,37,51,1467,638,1933,176,1430,7,1492,3,8,37,26,10,31,8,109,91,0,29,45,27,29,25,78,64,9,3,141,124,61,102,38,17,18,20,11,17,9,23,52,157,52,12,82,75,71,479,1215,23,94,116,56,29,29,17,30,18,7,296,20,26,170,12,69,21,108,44,46,17,28,5,14,20,79,90,31,28,29,93,48,21,20,35,149,0,0,22,19,18,5,543,5,341,0,22,0,208,26,231,227,227,0,84,4,4,40,149,2393,22,69,84,36,2,100,9,16,23,478,228,126,44,1,7,5,3,1,20,38,105,19,131,30,14,67,1729,14,88,4508,25,194,34,185,64,82,13,22,173,30,25,34,21,18,12,282,45,40,31,13,39,46,922,4,341,82,5,920,318,0,13,216,32,1,247,35,50,7,129,53,632,128,27,29,36,23,46,28,40,27,2,40,1,80,1,4,6,12,13,30,22,1106,90,386,225,56,16,35,3,1304,6,508,64,467,41,14,90,2,1002,184,309,1430,102,551,9,10,15,34,20,40,27,46,275,31,0,6,35,1,1,150,131,0,7,5,869,1465,1145,237,1147,172,12,2494,3285,522,1485,2408,2901,14,10,30,38,7,35,40,6,15,18,221,0.0,0.0,0.0,0.0,0.0,0.0,0.0,0.0,0.0,0.0,0.0,0.0,0.0,0.0,0.0,0.0,0.0,0.0,0.0,0.0,0.0,0.0,0.0,0.0,0.0,0.0,0.0,0.0,0.0,0.0,0.0,0.0,0.0,0.0,0.0,0.0,0.0,0.0,0.0,0.0,0.0,0.0,0.0,0.0,0.0,0.0,0.0,0.0,0.0,0.0,0.0,0.0,0.0,0.0,0.0,0.0,0.0,0.0,0.0,0.0,0.0,0.0,0.0,0.0,0.0,0.0,0.0,0.0,0.0,0.0,0.0,0.0,0.0,0.0,0.0,0.0,0.0,0.0,0.0,0.0,0.0,0.0,0.0,0.0,0.0,0.0,0.0,0.0,0.0,0.0,0.0,0.0,0.0,0.0,0.0,0.0,0.0,0.0,0.0,0.0,0.0,0.0,0.0,0.0,0.0,0.0,0.0,0.0,0.0,0.0,0.0,0.0,0.0,0.0,0.0,0.0,0.0,0.0,0.0,0.0,0.0,0.0,0.0,0.0,0.0,0.0,0.0,0.0,0.0,0.0,0.0,0.0,0.0,0.0,0.0,0.0,0.0,0.0,0.0,0.0,0.0,0.0,0.0,0.0,0.0,0.0,0.0,0.0,0.0,0.0
ENCFF523GES,0.12533493766528386,47270,295,728,4654,51,8284,1255,38,41,59,242,613,316,867,3319,2147,437,75,1002,1035,38,132,13,7,9,174,4004,436,3706,645,39,156,106,281,248,101,322,4,51,1508,1923,22,148,10,102,115,1012,2864,465,73,146,195,93,82,1424,33,56,83,32,126,356,31,1710,93,63,1255,71,6989,7850,1440,164,78,967,1127,54,183,64,111,116,24,117,175,660,62,66,483,0,96,60,3,245,61,13,200,197,2724,29588,1925,24,5277,7036,385,6047,215,72,981,258,323,2,614,1543,1495,23,914,5816,230,2775,23,122,203,1534,55,3857,205,1088,612,168,530,62,28,5978,1218,2369,2964,825,3011,4649,564,775,583,221,978,5177,101,505,13,12,10,4,394,57,241,1903,822,105,607,4650,415,81,188,298,253,497,667,649,1348,10,12,15,111,6,231,85,450,108,55,3,298,139,192,2764,1211,8684,324,4131,5214,2350,4285,2031,4052,45,4802,5620,2132,1480,4351,3250,1185,149,793,150,15,67,116,29,15,6,1,830,40,5014,1819,719,54,63415,6160,984,4675,2885,187,174,6292,3324,8132,296,8398,36,8162,6,69,282,113,40,159,91,542,394,11,67,95,70,106,44,477,240,133,58,789,480,311,572,158,34,73,82,46,37,36,125,125,874,145,39,260,381,315,1370,4205,2304,408,813,188,134,139,71,133,70,48,1577,62,107,979,45,235,58,620,141,155,75,110,61,53,151,351,297,102,124,76,403,198,96,89,108,495,3,2,53,83,101,55,2640,33,1965,6,77,19,1076,136,1283,1151,1412,6,448,21,29,131,665,8708,348,554,393,185,189,491,48,60,147,2393,1274,728,262,13,66,13,2,6,77,247,427,138,561,54,52,184,5824,145,268,20497,130,976,151,820,3947,362,38,1655,4458,96,176,181,36,53,86,20619,209,123,217,77,206,209,4219,15,1537,368,7,5072,1203,4,64,1129,165,11,909,113,290,50,558,181,3085,393,758,94,197,46,179,120,238,83,4,193,3,321,97,15,34,528,142,63,143,5881,117,985,573,86,91,174,28,6515,405,2907,916,2171,248,45,448,20,5677,1057,1782,8082,421,1972,87,43,47,366,229,220,83,215,1110,171,11,368,104,2,7,762,748,4,826,31,4544,6790,4774,1258,6136,720,54,11192,15374,2131,6597,11583,13679,36,30,80,82,20,120,271,52,77,94,1025,0.0,0.0,0.0,0.0,0.0,0.0,0.0,0.0,0.0,0.0,0.0,0.0,0.0,0.0,0.0,0.0,0.0,0.0,0.0,0.0,0.0,0.0,0.0,0.0,0.0,0.0,0.0,0.0,0.0,0.0,0.0,0.0,0.0,0.0,0.0,0.0,0.0,0.0,0.0,0.0,0.0,0.0,0.0,0.0,0.0,0.0,0.0,0.0,0.0,0.0,0.0,0.0,0.0,0.0,0.0,0.0,0.0,0.0,0.0,0.0,0.0,0.0,0.0,0.0,0.0,0.0,0.0,0.0,0.0,0.0,0.0,0.0,0.0,0.0,0.0,0.0,0.0,0.0,0.0,0.0,0.0,0.0,0.0,0.0,0.0,0.0,0.0,0.0,0.0,0.0,0.0,0.0,0.0,0.0,0.0,0.0,0.0,0.0,0.0,0.0,0.0,0.0,0.0,0.0,0.0,0.0,0.0,0.0,0.0,0.0,0.0,0.0,0.0,0.0,0.0,0.0,0.0,0.0,0.0,0.0,0.0,0.0,0.0,0.0,0.0,0.0,0.0,0.0,0.0,0.0,0.0,0.0,0.0,0.0,0.0,0.0,0.0,0.0,0.0,0.0,0.0,0.0,0.0,0.0,0.0,0.0,0.0,0.0,0.0,0.0
ENCFF367HUF,0.12005423460710402,702530,147,2317,41632,447,203676,15201,580,308,301,1670,5733,1642,5322,26713,18643,2613,778,18704,10864,242,983,73,127,130,3503,35259,4801,28886,6041,152,73,641,3640,3570,25,3834,43,14,16500,12219,59,310,80,25,1230,9012,23280,3783,1155,2110,2252,172,464,12425,120,547,726,228,1760,3399,219,8927,330,248,9000,372,36141,62133,7989,1970,1146,3939,8224,60,2505,1068,1161,1429,405,1997,2889,3124,753,1229,5570,42,1381,1292,31,1480,252,73,1325,893,14332,199111,12642,828,35118,45371,4614,40398,2807,1186,5032,2181,2794,36,5308,12633,16017,193,11246,55172,1370,40047,179,1064,1137,8157,617,61382,2093,15607,6557,329,2788,189,636,35740,4064,18167,16603,8551,19991,35113,1365,6610,27903,2337,5134,36904,453,7427,47,106,26,10,2251,550,1069,22425,4711,307,4909,40695,2228,264,2539,1271,652,3153,9471,11783,12012,50,182,63,1753,71,2048,961,3324,1078,14,27,748,634,2374,15757,7455,69696,3935,25181,46212,17344,36700,20389,34643,210,32228,42636,20075,12595,42653,24128,5862,1332,3627,1171,27,1090,1988,131,41,37,186,9683,135,38859,12869,4563,1587,248269,52634,6790,30318,15763,1381,1401,38119,24576,56697,4876,75325,292,80470,102,487,2626,114,540,1700,843,6678,3031,62,1177,1033,1014,1717,935,4734,2662,1748,502,7063,5281,2740,5152,2639,480,1603,1393,740,529,399,563,1699,5352,1503,575,1695,5206,2971,8329,36457,31671,4182,7893,1932,1387,1169,1056,1580,819,200,13300,945,2632,7373,611,3307,927,5304,2763,1916,1439,1661,820,721,700,3978,2996,1573,1298,1300,3442,2762,1854,1001,1785,4298,64,102,694,1385,1234,1020,24869,681,17467,59,202,1957,7538,926,13328,13879,13223,50,3332,408,57,2226,6016,91044,2304,3221,4071,1353,328,3811,150,318,2374,27863,20130,7531,1677,155,292,139,19,146,983,2366,5256,1550,8601,1116,745,1342,53804,393,2856,154179,655,7477,1607,10678,36335,3239,506,3953,21588,1262,2295,2242,563,422,111,655609,3106,1749,1967,896,1896,2161,29892,42,18145,1652,47,49374,10693,82,550,10845,2261,188,9439,1188,5521,333,6302,1751,20864,1620,6985,1281,1935,1074,1165,1584,2970,1027,46,1368,69,4980,404,429,82,2850,760,223,631,47783,1393,8411,7327,794,1247,1475,467,46794,2546,17519,2700,13617,1986,78,3347,36,48782,9102,19642,72519,1766,19428,151,395,686,1718,917,1953,1353,1758,8949,1678,43,187,1754,49,50,3745,3665,24,2445,216,34001,45861,35124,9163,39930,5613,760,70715,99711,15483,45774,82510,98089,133,76,1046,1050,535,1488,998,635,362,1059,13480,0.0,0.0,0.0,0.0,0.0,0.0,0.0,0.0,0.0,0.0,0.0,0.0,0.0,0.0,0.0,0.0,0.0,0.0,0.0,0.0,0.0,0.0,0.0,0.0,0.0,0.0,0.0,0.0,0.0,0.0,0.0,0.0,0.0,0.0,0.0,0.0,0.0,0.0,0.0,0.0,0.0,0.0,0.0,0.0,0.0,0.0,0.0,0.0,0.0,0.0,0.0,0.0,0.0,0.0,0.0,0.0,0.0,0.0,0.0,0.0,0.0,0.0,0.0,0.0,0.0,0.0,0.0,0.0,0.0,0.0,0.0,0.0,0.0,0.0,0.0,0.0,0.0,0.0,0.0,0.0,0.0,0.0,0.0,0.0,0.0,0.0,0.0,0.0,0.0,0.0,0.0,0.0,0.0,0.0,0.0,0.0,0.0,0.0,0.0,0.0,0.0,0.0,0.0,0.0,0.0,0.0,0.0,0.0,0.0,0.0,0.0,0.0,0.0,0.0,0.0,0.0,0.0,0.0,0.0,0.0,0.0,0.0,0.0,0.0,0.0,0.0,0.0,0.0,0.0,0.0,0.0,0.0,0.0,0.0,0.0,0.0,0.0,0.0,0.0,0.0,0.0,0.0,0.0,0.0,0.0,0.0,0.0,0.0,0.0,0.0
ENCFF001GFG,0.19085234716058314,22789,81,2239,21714,332,42390,3418,152,358,256,278,1744,2645,5247,10583,17418,2290,399,4063,4327,114,742,107,49,39,351,97,2224,29591,2890,232,107,311,1174,1065,33,1535,16,4,4834,9679,73,534,10,42,398,3894,17136,13,355,629,901,388,320,5158,171,262,234,58,573,918,381,9333,172,157,45,13,31588,36873,6433,699,481,789,3666,285,794,364,514,580,151,615,719,3182,319,336,2294,64,546,360,27,1410,88,10,736,623,10217,125697,7878,75,23081,30250,1805,26304,694,386,4202,1122,1141,20,1994,6256,6303,78,2839,32759,1457,20210,253,1024,1084,6410,470,30230,785,4899,2625,550,2134,1103,160,23923,8253,99,13511,4830,7998,25216,28,2673,2825,735,2519,19346,298,179,41,125,43,23,1847,218,291,7614,3942,700,2633,21005,1704,626,749,902,690,1993,2900,2624,4464,53,128,73,607,26,1058,388,487,318,5,1,281,485,644,12178,5815,32536,1553,20095,22940,9362,18933,9476,18840,217,21076,24384,8130,7262,16694,13384,3709,563,34,432,26,311,618,127,48,73,196,2817,183,22995,7479,7813,133,115972,26010,2211,19679,15948,876,326,27081,12148,38257,2455,32728,108,34560,31,196,467,31,186,594,157,2461,1945,17,425,638,395,568,277,1612,1019,182,159,3346,2125,1637,2314,836,200,441,450,231,242,163,395,682,3218,1064,246,1268,1573,1314,5377,12157,114,1618,2409,855,479,383,419,593,279,97,6341,304,567,4150,239,1087,279,2915,749,634,337,569,57,321,370,1527,1492,482,570,446,1883,1073,514,464,545,2254,76,88,245,375,365,130,12382,58,8695,66,391,38,5077,589,5952,5063,5440,17,2044,109,173,771,3171,46246,560,1700,1474,819,11,1642,143,123,522,9030,4511,1573,1132,143,336,62,5,42,359,598,2417,381,3025,327,329,714,30342,218,1224,103923,330,4913,619,3755,267,1671,217,57,2663,503,647,708,239,269,218,955,813,641,719,257,755,835,18902,87,7513,1576,45,20393,5246,9,226,3598,763,38,4472,512,873,257,1990,693,10016,1496,394,529,690,318,797,561,1532,236,6,1093,24,1183,76,12,205,276,644,439,479,27270,1089,5245,3127,807,287,623,229,35685,37,11131,1019,10526,1280,240,2743,6,18213,3574,6461,29099,1030,10135,141,119,267,508,284,726,482,779,3796,678,20,123,672,18,23,3716,3480,8,38,163,17532,25671,19671,4366,26033,2805,353,45615,60335,9122,26881,43737,56385,177,146,476,427,153,503,1019,149,474,424,5276,0.0,0.0,0.0,0.0,0.0,0.0,0.0,0.0,0.0,0.0,0.0,0.0,0.0,0.0,0.0,0.0,0.0,0.0,0.0,0.0,0.0,0.0,0.0,0.0,0.0,0.0,0.0,0.0,0.0,0.0,0.0,0.0,0.0,0.0,0.0,0.0,0.0,0.0,0.0,0.0,0.0,0.0,0.0,0.0,0.0,0.0,0.0,0.0,0.0,0.0,0.0,0.0,0.0,0.0,0.0,0.0,0.0,0.0,0.0,0.0,0.0,0.0,0.0,0.0,0.0,0.0,0.0,0.0,0.0,0.0,0.0,0.0,0.0,0.0,0.0,0.0,0.0,0.0,0.0,0.0,0.0,0.0,0.0,0.0,0.0,0.0,0.0,0.0,0.0,0.0,0.0,0.0,0.0,0.0,0.0,0.0,0.0,0.0,0.0,0.0,0.0,0.0,0.0,0.0,0.0,0.0,0.0,0.0,0.0,0.0,0.0,0.0,0.0,0.0,0.0,0.0,0.0,0.0,0.0,0.0,0.0,0.0,0.0,0.0,0.0,0.0,0.0,0.0,0.0,0.0,0.0,0.0,0.0,0.0,0.0,0.0,0.0,0.0,0.0,0.0,0.0,0.0,0.0,0.0,0.0,0.0,0.0,0.0,0.0,0.0
ENCFF001GXJ,0.14914537778855405,29993,71,1896,22580,434,50471,3592,128,323,164,619,1669,2698,5307,11150,18595,2124,278,4086,5255,103,425,50,42,34,486,712,1753,14128,2634,141,102,258,925,903,31,1128,15,162,4987,6424,35,407,31,23,395,3030,12211,93,303,556,785,252,212,4399,90,224,217,82,492,774,256,8379,159,204,196,30,28295,27383,5389,551,370,689,2958,190,690,266,439,497,114,574,636,2127,244,310,1893,12,460,260,7,756,85,23,759,752,9157,99399,6214,62,16886,27091,1621,22009,704,342,3804,1068,2589,14,2473,7643,7286,81,3392,20871,1526,18386,246,1058,1211,4921,451,27905,705,5015,3189,731,1615,235,92,21921,8022,919,12399,4910,7241,17620,126,2479,2051,621,1964,29134,244,216,62,66,21,21,1340,251,1949,7573,2826,390,2360,23111,1790,253,631,660,626,1696,6189,5181,3556,39,75,22,511,16,935,295,506,604,34,1,303,414,562,9357,4502,27006,1156,17959,19323,8754,17626,8660,15486,166,17717,21898,6518,5648,16243,11015,3233,470,154,480,46,244,525,111,35,7,30,2989,221,23298,6853,7845,143,129338,20958,2018,15813,14963,695,642,22714,10974,33394,2338,29941,100,28239,21,189,732,63,159,523,123,2495,1294,418,356,471,311,465,229,1404,769,128,101,2655,1721,1120,1919,608,172,340,360,200,171,138,281,584,3396,727,176,1063,1283,1199,5736,14078,438,1251,2467,748,488,358,316,506,269,96,4281,251,465,3134,182,876,216,2381,574,548,295,477,462,222,425,1197,1211,417,454,355,1381,858,415,409,496,2066,14,17,213,309,609,138,10349,89,8784,14,304,30,3784,479,6013,4552,4515,21,1667,53,110,1056,2706,40878,446,1277,1284,629,46,1482,114,121,429,9312,4742,2130,799,21,84,54,10,25,374,655,1544,323,2147,269,237,1146,31113,190,1057,71919,361,3492,535,3007,806,1434,152,307,2541,414,538,606,195,218,139,3838,729,512,633,380,627,735,15504,37,5701,1245,26,16959,4038,21,172,3261,389,19,3620,452,1400,195,1714,586,18305,2128,347,365,687,234,594,478,1094,364,8,596,21,1753,110,17,129,301,320,404,493,25490,986,5149,2919,708,297,621,137,27805,99,9160,919,7387,898,193,1660,10,20292,3909,6990,32639,1136,9713,133,219,202,488,242,627,404,779,4426,605,21,179,566,8,13,2432,2680,16,172,84,14615,24114,17983,4242,20510,2541,434,44927,52802,7611,24638,38481,46466,227,105,384,345,111,444,1209,181,266,321,4842,0.0,0.0,0.0,0.0,0.0,0.0,0.0,0.0,0.0,0.0,0.0,0.0,0.0,0.0,0.0,0.0,0.0,0.0,0.0,0.0,0.0,0.0,0.0,0.0,0.0,0.0,0.0,0.0,0.0,0.0,0.0,0.0,0.0,0.0,0.0,0.0,0.0,0.0,0.0,0.0,0.0,0.0,0.0,0.0,0.0,0.0,0.0,0.0,0.0,0.0,0.0,0.0,0.0,0.0,0.0,0.0,0.0,0.0,0.0,0.0,0.0,0.0,0.0,0.0,0.0,0.0,0.0,0.0,0.0,0.0,0.0,0.0,0.0,0.0,0.0,0.0,0.0,0.0,0.0,0.0,0.0,0.0,0.0,0.0,0.0,0.0,0.0,0.0,0.0,0.0,0.0,0.0,0.0,0.0,0.0,0.0,0.0,0.0,0.0,0.0,0.0,0.0,0.0,0.0,0.0,0.0,0.0,0.0,0.0,0.0,0.0,0.0,0.0,0.0,0.0,0.0,0.0,0.0,0.0,0.0,0.0,0.0,0.0,0.0,0.0,0.0,0.0,0.0,0.0,0.0,0.0,0.0,0.0,0.0,0.0,0.0,0.0,0.0,0.0,0.0,0.0,0.0,0.0,0.0,0.0,0.0,0.0,0.0,0.0,0.0
ENCFF000XGW,0.0752533025036484,6636,32,271,4113,108,13127,440,46,46,23,44,244,451,768,1380,3519,303,45,439,465,15,63,11,8,8,69,376,347,4737,330,20,30,49,171,132,6,161,0,0,645,997,3,66,4,7,50,481,2915,41,64,98,111,35,39,620,16,21,38,13,63,138,20,1378,18,84,111,6,4377,3921,662,72,62,170,628,23,112,49,58,80,27,80,94,358,63,51,323,0,69,45,14,134,10,2,115,135,1469,15666,967,6,2491,3723,204,3192,93,62,476,126,184,3,267,729,688,10,443,3079,338,3912,70,367,293,803,178,5485,133,583,258,74,276,46,12,2656,1154,219,2665,803,1227,2513,82,380,271,100,341,2988,51,49,6,9,5,5,176,31,56,971,460,46,417,4065,337,36,85,108,80,247,381,315,503,8,18,4,79,2,174,72,232,433,6,1,98,84,82,1368,612,4067,212,2608,3191,1287,3060,1166,2527,28,2361,2715,922,807,1994,1592,506,73,74,58,4,49,75,25,6,1,5,374,38,3265,1122,1236,34,18483,3054,371,2412,2361,103,39,3536,1554,5173,656,3609,13,3826,5,34,80,29,20,82,21,291,196,2,63,63,58,79,43,198,121,34,26,383,280,161,228,117,28,63,41,46,44,28,56,123,410,112,34,166,203,153,1245,2722,218,187,309,122,63,47,54,78,51,21,756,44,67,481,33,132,51,318,115,90,61,71,26,38,47,223,223,82,93,70,254,134,77,80,97,311,3,2,35,51,48,22,1341,12,914,1,62,12,579,86,578,658,603,5,198,5,21,87,330,5430,75,186,206,89,19,208,13,30,75,1161,560,298,131,3,69,17,1,4,61,204,279,52,333,44,44,130,5487,59,180,10859,42,530,99,427,376,209,30,141,676,87,80,78,43,41,34,1651,99,69,84,37,94,99,2242,3,939,195,1,2443,538,2,32,494,59,6,589,76,130,30,257,104,2310,340,86,95,103,49,114,59,96,16,1,76,0,187,16,2,19,70,40,83,50,2486,305,936,659,197,48,69,15,3299,45,1268,197,1101,86,15,278,1,2672,502,838,3687,197,1883,24,14,33,101,61,116,62,129,589,76,2,43,94,2,8,388,333,2,55,21,2157,3189,2594,595,3151,453,20,6322,7573,1083,3441,5760,6868,30,30,63,75,27,60,141,33,49,59,638,0.0,0.0,0.0,0.0,0.0,0.0,0.0,0.0,0.0,0.0,0.0,0.0,0.0,0.0,0.0,0.0,0.0,0.0,0.0,0.0,0.0,0.0,0.0,0.0,0.0,0.0,0.0,0.0,0.0,0.0,0.0,0.0,0.0,0.0,0.0,0.0,0.0,0.0,0.0,0.0,0.0,0.0,0.0,0.0,0.0,0.0,0.0,0.0,0.0,0.0,0.0,0.0,0.0,0.0,0.0,0.0,0.0,0.0,0.0,0.0,0.0,0.0,0.0,0.0,0.0,0.0,0.0,0.0,0.0,0.0,0.0,0.0,0.0,0.0,0.0,0.0,0.0,0.0,0.0,0.0,0.0,0.0,0.0,0.0,0.0,0.0,0.0,0.0,0.0,0.0,0.0,0.0,0.0,0.0,0.0,0.0,0.0,0.0,0.0,0.0,0.0,0.0,0.0,0.0,0.0,0.0,0.0,0.0,0.0,0.0,0.0,0.0,0.0,0.0,0.0,0.0,0.0,0.0,0.0,0.0,0.0,0.0,0.0,0.0,0.0,0.0,0.0,0.0,0.0,0.0,0.0,0.0,0.0,0.0,0.0,0.0,0.0,0.0,0.0,0.0,0.0,0.0,0.0,0.0,0.0,0.0,0.0,0.0,0.0,0.0
ENCFF596HQA,0.08553815688905442,57834,183,2498,25122,306,78651,6192,314,186,787,628,3198,1682,4423,13374,14364,2472,1231,3276,5644,302,1300,75,63,28,1219,2445,3171,17272,4934,231,105,680,1647,1576,30,2152,13,2,8909,16326,92,619,79,46,794,6455,16155,199,1180,1290,1280,699,1370,21301,79,653,163,116,1090,1624,661,8539,2492,246,684,104,39496,49848,14345,1086,656,1963,15093,338,1266,630,668,875,234,1145,1033,5007,376,701,3994,13,819,683,12,1626,226,27,1092,983,17286,194056,13537,97,39244,50392,2356,43770,1170,601,7421,1829,1719,3,6084,10398,10840,79,5620,62123,1043,29874,163,520,945,8605,272,39496,1199,7185,3094,1147,3586,276,61,58942,5008,1246,16872,4640,46301,46661,93,4112,3532,1061,4338,31635,332,351,38,109,17,15,3081,714,393,11513,6275,492,3701,25809,2142,743,1156,984,832,3182,4514,4498,14644,62,163,15,1066,20,1316,501,1468,2112,17,15,442,752,1088,22859,10121,56546,2693,24721,38934,13269,26022,18585,28746,247,36990,42703,16503,13290,31625,24073,4743,1202,281,559,314,653,1053,203,29,22,36,5176,76,30895,9434,4139,200,244390,39384,5722,32786,15832,1725,591,40292,16525,47347,1521,70754,134,58616,68,283,926,17,265,876,330,5929,5220,214,689,685,571,991,505,2329,1255,2531,223,6427,4784,2056,12470,1561,358,819,761,425,296,238,1504,1232,4722,777,349,1454,2708,1705,9634,64688,2241,2496,8778,1378,840,590,596,857,499,1371,16439,541,1262,8884,340,2085,488,5105,1341,994,787,935,3520,464,818,2723,1930,800,798,748,3782,2054,1026,628,1206,3794,36,46,412,784,1094,325,26420,80,16017,50,309,133,7793,1231,13329,7204,8947,15,3505,41,63,962,5129,66805,1035,2553,5140,1557,86,1968,129,333,2570,16389,5523,3936,2332,18,194,34,16,13,638,801,2564,625,3337,665,433,2197,37791,257,1726,156080,358,8414,922,5637,3289,2197,280,426,4749,752,968,933,373,328,403,15491,1288,946,975,581,1125,1039,30798,20,16096,1881,43,49476,12851,109,692,6002,1136,35,8238,692,3530,213,4196,951,13543,1896,785,659,1083,543,1103,782,3368,488,41,1805,30,2565,2325,69,85,408,258,119,515,18142,528,6473,3446,567,959,618,99,88762,57,15410,1120,19660,1846,80,3836,7,29907,5209,9505,45163,3210,14438,143,128,306,942,485,840,742,1866,3924,964,5,299,1173,21,22,5550,6162,5,214,299,34617,42570,30972,7421,40179,5584,492,72073,104467,12791,42112,82880,94768,230,178,628,620,229,797,2097,478,1501,832,6911,0.0,0.0,0.0,0.0,0.0,0.0,0.0,0.0,0.0,0.0,0.0,0.0,0.0,0.0,0.0,0.0,0.0,0.0,0.0,0.0,0.0,0.0,0.0,0.0,0.0,0.0,0.0,0.0,0.0,0.0,0.0,0.0,0.0,0.0,0.0,0.0,0.0,0.0,0.0,0.0,0.0,0.0,0.0,0.0,0.0,0.0,0.0,0.0,0.0,0.0,0.0,0.0,0.0,0.0,0.0,0.0,0.0,0.0,0.0,0.0,0.0,0.0,0.0,0.0,0.0,0.0,0.0,0.0,0.0,0.0,0.0,0.0,0.0,0.0,0.0,0.0,0.0,0.0,0.0,0.0,0.0,0.0,0.0,0.0,0.0,0.0,0.0,0.0,0.0,0.0,0.0,0.0,0.0,0.0,0.0,0.0,0.0,0.0,0.0,0.0,0.0,0.0,0.0,0.0,0.0,0.0,0.0,0.0,0.0,0.0,0.0,0.0,0.0,0.0,0.0,0.0,0.0,0.0,0.0,0.0,0.0,0.0,0.0,0.0,0.0,0.0,0.0,0.0,0.0,0.0,0.0,0.0,0.0,0.0,0.0,0.0,0.0,0.0,0.0,0.0,0.0,0.0,0.0,0.0,0.0,0.0,0.0,0.0,0.0,0.0
ENCFF071AVO,0.05784429074080278,12034,50,1100,5694,76,11356,1354,42,87,106,209,522,525,1135,1918,2571,832,202,1063,1864,86,310,39,12,9,278,55,718,4193,1499,158,70,152,332,236,6,577,17,3,2899,4932,245,328,5,9,190,1632,2778,4,152,186,194,258,232,3586,87,169,164,21,320,395,23,1247,73,90,24,8,11048,15083,3941,169,101,302,2598,115,220,100,132,158,47,172,188,1787,107,79,718,9,129,78,5,662,28,2,398,183,1899,61121,3984,31,11208,15280,608,13472,221,74,2520,690,504,3,1240,3117,3204,50,2667,14108,400,5220,53,273,292,3390,135,4670,221,2464,1157,356,1558,171,53,15228,1783,30,2763,1190,5287,12537,10,1024,467,183,1408,6451,71,117,12,73,17,16,1059,127,226,4359,2060,320,1482,5486,474,180,176,206,216,938,1463,1228,2819,14,299,6,148,16,358,113,352,548,3,0,82,271,156,6737,3028,20493,609,8289,10298,4177,5995,3949,7348,87,11118,12495,5545,3629,10006,6859,1570,248,17,228,7,81,130,72,60,15,12,1378,76,5271,2519,1148,26,57250,10427,1191,9733,2644,527,239,12527,5078,10942,499,18085,66,18748,40,123,387,29,45,135,95,860,1019,179,85,169,98,144,76,482,226,153,117,1393,998,741,1071,182,39,101,110,54,71,57,332,180,1448,222,59,592,563,467,1479,1726,80,560,1487,262,111,93,93,151,73,131,2737,106,138,2439,63,572,83,1364,145,192,83,149,308,77,114,508,452,131,132,116,998,320,155,106,153,913,9,13,63,93,366,51,6294,13,4190,12,279,39,2353,438,2754,2541,1916,0,994,51,170,137,1876,9815,294,748,742,404,5,483,57,55,266,4241,1332,687,614,8,118,57,1,10,110,111,881,84,1099,108,104,218,6873,69,391,47438,80,2343,160,1070,128,626,58,22,1397,121,152,160,83,86,113,445,221,146,185,63,193,234,10949,29,3237,1056,1,10960,2882,6,114,1860,175,21,2308,124,1489,164,670,192,2325,332,194,150,179,87,290,109,638,82,4,464,1,545,635,29,77,211,20,112,139,3508,218,1273,766,199,85,339,22,17800,8,5813,420,5961,529,141,1250,1,9817,1848,3173,15429,414,2102,33,21,61,179,89,175,108,338,871,132,13,127,169,2,2,1927,1964,0,16,219,9107,11426,8548,1971,13145,1721,107,19415,30564,3376,11685,23267,28390,59,88,112,135,40,130,844,84,211,189,2347,0.0,0.0,0.0,0.0,0.0,0.0,0.0,0.0,0.0,0.0,0.0,0.0,0.0,0.0,0.0,0.0,0.0,0.0,0.0,0.0,0.0,0.0,0.0,0.0,0.0,0.0,0.0,0.0,0.0,0.0,0.0,0.0,0.0,0.0,0.0,0.0,0.0,0.0,0.0,0.0,0.0,0.0,0.0,0.0,0.0,0.0,0.0,0.0,0.0,0.0,0.0,0.0,0.0,0.0,0.0,0.0,0.0,0.0,0.0,0.0,0.0,0.0,0.0,0.0,0.0,0.0,0.0,0.0,0.0,0.0,0.0,0.0,0.0,0.0,0.0,0.0,0.0,0.0,0.0,0.0,0.0,0.0,0.0,0.0,0.0,0.0,0.0,0.0,0.0,0.0,0.0,0.0,0.0,0.0,0.0,0.0,0.0,0.0,0.0,0.0,0.0,0.0,0.0,0.0,0.0,0.0,0.0,0.0,0.0,0.0,0.0,0.0,0.0,0.0,0.0,0.0,0.0,0.0,0.0,0.0,0.0,0.0,0.0,0.0,0.0,0.0,0.0,0.0,0.0,0.0,0.0,0.0,0.0,0.0,0.0,0.0,0.0,0.0,0.0,0.0,0.0,0.0,0.0,0.0,0.0,0.0,0.0,0.0,0.0,0.0
ENCFF000ZPN,0.13810226122150776,66172,91,4050,27565,912,138964,6336,302,678,382,1341,4440,4370,7256,11658,38252,3334,579,5045,6801,235,771,142,92,80,868,1954,3822,27136,4307,285,249,505,2039,1860,107,1987,41,76,10575,12481,158,684,91,39,590,6239,15657,264,611,1107,1625,486,353,10181,217,426,418,161,1067,2261,405,11726,1127,290,582,331,45873,47938,8644,1168,802,1550,39668,288,1381,635,844,1007,245,1177,1299,4772,530,655,3957,25,1038,639,63,1175,239,40,1478,1275,15951,177199,10557,151,29380,42489,2922,37025,1256,710,6234,2054,1714,39,3159,10369,8891,860,7271,41699,2792,37998,655,2561,2419,9136,1078,46439,1466,7139,3491,878,2881,587,155,67443,11416,3412,16994,6945,91910,29393,395,5374,2526,1271,4375,31319,267,418,136,158,80,62,2461,546,1222,13579,4950,805,3989,29794,3138,515,1260,930,840,2977,3942,3435,11826,95,172,46,1147,47,1934,676,777,458,82,23,776,786,1109,17784,7356,54709,2550,30129,32905,14778,25270,16067,32723,332,28871,34612,19740,9951,29709,19213,5220,873,400,596,65,549,1021,223,101,66,82,5257,367,35592,11489,11252,153,186253,37169,3838,29476,22290,1205,1112,39814,17393,54711,4824,46469,230,45296,125,391,1711,665,340,998,287,4691,3047,53,752,1005,683,1033,479,2742,1550,1878,492,5188,4364,2306,5520,1384,404,813,795,441,412,335,1123,1254,5285,1359,463,1884,2573,2438,9645,32507,1290,2753,4834,1486,920,686,704,1031,605,1038,7864,582,1012,6359,417,1638,454,4645,1360,1102,698,1093,517,599,597,2744,2633,915,1081,839,4074,1744,901,925,1045,4540,74,135,470,741,653,696,16017,134,11522,70,529,246,7099,833,8088,7587,7968,53,2882,333,262,1158,4037,84255,747,2167,2803,1175,146,2900,251,534,953,15914,7066,5721,1377,162,291,109,23,106,763,832,2319,614,4007,602,581,1470,40902,505,2432,132431,538,6318,1117,5917,2382,2641,311,1050,5954,932,1117,1146,449,455,262,13818,1348,1063,1215,529,1240,1341,27000,179,10981,2532,40,32723,7417,27,311,6382,766,115,7102,902,2074,387,3299,1239,17641,2874,784,895,1164,535,1283,964,2793,682,56,1265,51,2242,165,55,229,519,163,775,665,23559,2417,8780,5754,1444,519,876,210,40992,241,15043,1970,12899,1605,414,2959,101,30206,6030,11250,49266,3223,13139,282,249,449,1117,504,1228,868,1810,7034,1172,39,387,1242,21,70,4458,4363,52,352,402,26279,43557,32667,7713,36601,4165,399,68421,95565,13631,42649,69332,85075,283,178,833,794,266,953,1428,488,485,714,7731,0.0,0.0,0.0,0.0,0.0,0.0,0.0,0.0,0.0,0.0,0.0,0.0,0.0,0.0,0.0,0.0,0.0,0.0,0.0,0.0,0.0,0.0,0.0,0.0,0.0,0.0,0.0,0.0,0.0,0.0,0.0,0.0,0.0,0.0,0.0,0.0,0.0,0.0,0.0,0.0,0.0,0.0,0.0,0.0,0.0,0.0,0.0,0.0,0.0,0.0,0.0,0.0,0.0,0.0,0.0,0.0,0.0,0.0,0.0,0.0,0.0,0.0,0.0,0.0,0.0,0.0,0.0,0.0,0.0,0.0,0.0,0.0,0.0,0.0,0.0,0.0,0.0,0.0,0.0,0.0,0.0,0.0,0.0,0.0,0.0,0.0,0.0,0.0,0.0,0.0,0.0,0.0,0.0,0.0,0.0,0.0,0.0,0.0,0.0,0.0,0.0,0.0,0.0,0.0,0.0,0.0,0.0,0.0,0.0,0.0,0.0,0.0,0.0,0.0,0.0,0.0,0.0,0.0,0.0,0.0,0.0,0.0,0.0,0.0,0.0,0.0,0.0,0.0,0.0,0.0,0.0,0.0,0.0,0.0,0.0,0.0,0.0,0.0,0.0,0.0,0.0,0.0,0.0,0.0,0.0,0.0,0.0,0.0,0.0,0.0
ENCFF866EMZ,0.12289456999154501,99166,388,3888,29594,436,67235,8555,277,305,307,623,3187,1555,7111,14842,11349,2994,436,7195,6315,196,746,85,55,67,1161,6108,3372,47078,4207,300,293,473,1985,1782,125,2424,20,13,10503,11804,71,747,30,137,1014,6693,21393,672,648,1133,1356,447,304,6814,202,364,445,178,770,1591,361,14869,1594,991,1401,37,65543,64457,9291,1197,660,2055,5876,425,1425,478,772,908,209,947,1368,3861,352,483,3894,24,782,512,23,1368,242,42,2060,1488,20370,186598,11127,204,30042,42786,2904,37349,1657,569,5518,1819,2111,23,3374,8422,8323,255,5268,47161,2189,36650,471,1500,2236,9387,639,53323,1791,7285,3136,905,2859,403,196,28752,8492,4244,22514,7137,14134,31749,727,4874,4463,1257,4373,51731,710,1111,121,110,43,55,2498,370,612,11928,4634,750,5745,32914,3531,479,1225,2312,1749,3385,4652,4222,5568,60,160,104,1010,55,2004,573,2390,2107,100,54,783,902,1183,18259,8438,53414,2876,30680,40491,19791,44570,17924,33808,250,32197,38431,13823,10817,28975,23359,7715,1001,1391,1359,64,474,866,210,58,83,323,5294,223,62647,16421,4975,766,248305,50681,5994,37410,24195,1256,645,56058,25398,69625,2467,53126,281,46174,17,443,812,84,218,978,412,3973,2469,34,642,825,482,875,333,2943,1685,301,298,5396,3167,2338,3758,1105,268,597,764,351,305,208,520,1054,6866,1332,332,1959,2752,2663,11332,123339,3669,2596,3485,1292,967,805,607,982,547,158,10040,395,846,5520,332,1724,334,4286,938,1054,527,885,231,414,803,2355,2371,738,909,645,2380,1652,873,728,976,4640,27,64,363,557,479,385,15876,217,10721,31,472,109,6958,859,8774,7287,9200,32,3045,86,211,3156,4251,94269,716,2885,2523,1248,436,3317,371,432,881,19040,8748,3114,1524,55,244,138,31,38,590,2114,2915,781,4757,512,534,1445,38655,688,2024,133470,676,6127,904,6372,6124,2891,233,2214,8217,785,1126,1171,349,385,313,28176,1426,909,1300,683,1182,1440,28246,66,11087,2254,41,29462,9386,91,335,8146,1249,38,6823,752,1760,275,3812,1161,22167,4534,1400,875,1297,410,1280,906,1626,1433,43,1302,80,1937,240,21,200,930,762,437,1368,21219,1122,9420,6646,993,782,937,255,36673,808,16514,2362,12622,1802,376,3408,19,36433,6726,11097,50536,13438,20363,250,459,352,966,486,1280,706,1342,10650,1090,16,1119,1005,76,62,4419,4330,32,1370,185,28761,54214,36522,10585,38777,4834,506,80309,106722,17286,50290,82882,89617,198,145,688,672,194,815,1286,336,453,843,7690,0.0,0.0,0.0,0.0,0.0,0.0,0.0,0.0,0.0,0.0,0.0,0.0,0.0,0.0,0.0,0.0,0.0,0.0,0.0,0.0,0.0,0.0,0.0,0.0,0.0,0.0,0.0,0.0,0.0,0.0,0.0,0.0,0.0,0.0,0.0,0.0,0.0,0.0,0.0,0.0,0.0,0.0,0.0,0.0,0.0,0.0,0.0,0.0,0.0,0.0,0.0,0.0,0.0,0.0,0.0,0.0,0.0,0.0,0.0,0.0,0.0,0.0,0.0,0.0,0.0,0.0,0.0,0.0,0.0,0.0,0.0,0.0,0.0,0.0,0.0,0.0,0.0,0.0,0.0,0.0,0.0,0.0,0.0,0.0,0.0,0.0,0.0,0.0,0.0,0.0,0.0,0.0,0.0,0.0,0.0,0.0,0.0,0.0,0.0,0.0,0.0,0.0,0.0,0.0,0.0,0.0,0.0,0.0,0.0,0.0,0.0,0.0,0.0,0.0,0.0,0.0,0.0,0.0,0.0,0.0,0.0,0.0,0.0,0.0,0.0,0.0,0.0,0.0,0.0,0.0,0.0,0.0,0.0,0.0,0.0,0.0,0.0,0.0,0.0,0.0,0.0,0.0,0.0,0.0,0.0,0.0,0.0,0.0,0.0,0.0
ENCFF002EBH,0.18658304533384407,91968,382,4521,50573,1033,160486,9752,365,653,531,1088,4242,4278,9547,27986,39407,4467,588,7986,9406,271,1088,119,123,120,1510,3962,4279,28390,6073,394,377,711,2455,2165,121,2675,27,51,11318,16435,66,844,39,115,954,7903,22801,577,787,1349,1774,731,495,10146,219,587,1051,291,1255,2089,359,12655,366,372,1070,112,56781,71625,11180,1391,958,2306,8401,519,1616,729,962,1225,309,1367,1583,5378,642,668,4676,26,1126,658,24,1744,205,38,1565,1579,21773,252043,15745,171,42751,59102,3417,50692,1597,820,7939,2426,2670,50,4432,12081,12540,339,7021,49621,3265,44024,737,2956,2869,12897,1251,56838,1708,10304,4797,1090,3996,597,271,46118,13359,3515,19555,9110,19819,42905,673,6366,5134,1561,5817,52535,472,815,150,184,35,36,3399,396,854,16819,7607,1114,6025,51174,3968,750,1559,1917,1392,4341,7699,7477,8546,132,162,67,1292,35,2196,780,1228,338,79,8,832,1044,1390,22297,10620,65111,3216,39055,47687,20662,37152,18520,38057,407,39334,46283,17109,13974,33356,27553,7991,1193,931,1323,67,684,1137,281,106,35,221,6542,369,43945,15329,11709,340,294979,54915,5096,39977,24722,1740,1024,55327,28233,74670,8022,74949,332,78717,130,542,1213,197,428,1308,434,5145,3321,78,830,1212,762,1154,578,3385,1953,487,355,6721,4120,3091,4381,1594,401,848,956,457,415,370,763,1484,6874,1909,450,2453,3126,2852,10077,17508,2468,3316,4433,1694,1044,816,854,1209,651,212,11163,727,1089,7626,455,2204,541,5654,1429,1391,743,1223,439,678,759,3274,3123,1033,1198,950,3690,2079,1050,994,1274,5029,50,61,526,808,937,626,23914,317,15467,52,853,124,9630,1352,11511,10510,11496,31,3835,253,318,2431,6205,87426,1164,3137,2934,1512,211,3457,284,328,1092,20702,9689,4111,2164,132,413,170,20,95,859,2200,3847,801,5772,674,724,1657,62121,630,2776,187129,714,8327,1253,7094,4385,3385,381,1719,8736,1074,1475,1519,491,513,408,22894,1624,1278,1506,752,1456,1659,36575,154,14476,3249,60,41981,10648,64,489,9684,1279,154,9048,999,2729,505,4222,1475,20143,3861,1279,994,1531,573,1682,1170,2290,1044,49,1620,95,2836,193,141,309,938,565,948,877,50681,2791,11708,7213,1829,706,1413,487,58517,443,23643,2741,19323,2311,457,4509,55,44573,8137,15116,64000,2126,16921,350,385,513,1324,697,1479,995,1849,10341,1426,57,485,1390,73,54,6067,6534,14,821,340,36059,53687,39182,9748,51475,5706,612,90041,120947,17713,55550,89316,113722,348,239,944,902,281,1100,1949,470,671,1009,10682,0.0,0.0,0.0,0.0,0.0,0.0,0.0,0.0,0.0,0.0,0.0,0.0,0.0,0.0,0.0,0.0,0.0,0.0,0.0,0.0,0.0,0.0,0.0,0.0,0.0,0.0,0.0,0.0,0.0,0.0,0.0,0.0,0.0,0.0,0.0,0.0,0.0,0.0,0.0,0.0,0.0,0.0,0.0,0.0,0.0,0.0,0.0,0.0,0.0,0.0,0.0,0.0,0.0,0.0,0.0,0.0,0.0,0.0,0.0,0.0,0.0,0.0,0.0,0.0,0.0,0.0,0.0,0.0,0.0,0.0,0.0,0.0,0.0,0.0,0.0,0.0,0.0,0.0,0.0,0.0,0.0,0.0,0.0,0.0,0.0,0.0,0.0,0.0,0.0,0.0,0.0,0.0,0.0,0.0,0.0,0.0,0.0,0.0,0.0,0.0,0.0,0.0,0.0,0.0,0.0,0.0,0.0,0.0,0.0,0.0,0.0,0.0,0.0,0.0,0.0,0.0,0.0,0.0,0.0,0.0,0.0,0.0,0.0,0.0,0.0,0.0,0.0,0.0,0.0,0.0,0.0,0.0,0.0,0.0,0.0,0.0,0.0,0.0,0.0,0.0,0.0,0.0,0.0,0.0,0.0,0.0,0.0,0.0,0.0,0.0
ENCFF002BBV,0.1251436943086061,44584,135,4273,28066,584,78035,8893,304,496,290,758,3688,3418,9161,13186,20038,3478,522,5165,6339,272,980,110,22,25,678,644,2976,27289,5230,350,222,473,1407,1296,19,1930,16,46,8562,15993,38,989,88,35,466,5696,15598,110,681,839,1158,756,392,16269,171,439,388,143,892,1899,273,9468,589,408,218,221,46791,58040,12217,829,525,1163,9869,356,898,497,649,659,202,890,825,5624,391,511,3497,10,724,404,20,1634,5552,61,8754,1160,13774,219575,14325,109,38663,53418,2294,48470,840,543,7991,2022,2071,7,6061,11932,11216,64,5385,55677,2076,31456,479,1917,1854,10400,811,39530,1134,7425,3644,948,4096,578,136,60418,11353,384,14659,8482,26000,43483,93,4752,2436,882,4692,33158,251,318,89,177,150,34,2980,402,1152,12731,6384,868,4333,29369,3110,545,991,1017,1099,3326,5332,4782,12055,52,104,18,829,16,1554,522,1060,609,27,8,558,929,746,23553,9125,66079,2555,35697,37341,14956,28644,16778,41306,278,32783,38360,21075,12654,32963,25123,6146,1253,143,734,79,419,723,217,70,21,51,4583,236,29462,11831,8228,166,229361,38325,3925,33674,18158,1443,688,44626,18520,53291,3663,58323,185,58976,103,547,1048,490,245,758,335,4544,3351,11,604,757,529,720,409,1919,1178,2822,223,4955,3782,2279,6357,1068,258,566,575,318,322,239,1526,962,6372,1122,340,1986,2105,1856,8789,18829,574,2387,6401,1298,613,474,514,731,445,996,9590,405,716,8759,302,1495,335,5521,960,743,530,723,1559,423,579,2344,2045,673,736,634,3939,1471,676,640,808,3914,16,24,356,512,544,356,21531,78,14498,19,702,53,7733,1405,11482,8035,17031,16,3023,59,259,984,10546,56780,836,2144,4034,1358,50,2311,306,207,1170,15526,6658,4895,1881,14,188,114,2,36,557,600,2839,398,4563,429,424,1881,37550,368,2336,156991,405,7291,784,4288,1127,2261,251,334,4687,651,734,773,335,384,263,4435,914,749,723,409,873,959,34132,48,14446,2977,23,44272,10184,11,354,7072,523,43,7418,658,2479,353,2706,916,15117,3164,662,646,858,400,1002,682,2210,462,11,1446,25,2468,109,21,234,608,119,593,671,32621,1792,9259,5666,1263,600,1190,134,61202,144,17476,2328,19362,1713,395,3681,56,31328,6500,10049,53567,3611,14982,181,119,294,761,393,847,587,1950,5047,768,38,251,925,7,25,5706,5935,1,230,219,30655,50511,39813,8532,42494,5093,316,76344,116701,19453,48191,83039,97603,341,217,691,559,173,676,2189,742,609,796,7294,0.0,0.0,0.0,0.0,0.0,0.0,0.0,0.0,0.0,0.0,0.0,0.0,0.0,0.0,0.0,0.0,0.0,0.0,0.0,0.0,0.0,0.0,0.0,0.0,0.0,0.0,0.0,0.0,0.0,0.0,0.0,0.0,0.0,0.0,0.0,0.0,0.0,0.0,0.0,0.0,0.0,0.0,0.0,0.0,0.0,0.0,0.0,0.0,0.0,0.0,0.0,0.0,0.0,0.0,0.0,0.0,0.0,0.0,0.0,0.0,0.0,0.0,0.0,0.0,0.0,0.0,0.0,0.0,0.0,0.0,0.0,0.0,0.0,0.0,0.0,0.0,0.0,0.0,0.0,0.0,0.0,0.0,0.0,0.0,0.0,0.0,0.0,0.0,0.0,0.0,0.0,0.0,0.0,0.0,0.0,0.0,0.0,0.0,0.0,0.0,0.0,0.0,0.0,0.0,0.0,0.0,0.0,0.0,0.0,0.0,0.0,0.0,0.0,0.0,0.0,0.0,0.0,0.0,0.0,0.0,0.0,0.0,0.0,0.0,0.0,0.0,0.0,0.0,0.0,0.0,0.0,0.0,0.0,0.0,0.0,0.0,0.0,0.0,0.0,0.0,0.0,0.0,0.0,0.0,0.0,0.0,0.0,0.0,0.0,0.0
ENCFF000BFI,0.35938023847428574,67943,427,8635,319123,14063,1386808,15698,1426,6982,549,1114,11408,79494,162922,182682,499777,39976,2397,52496,12561,292,1023,124,95,665,1850,692,13496,360111,7972,489,261,1245,8642,7825,104,6450,73,50,19445,21649,657,1220,75,100,2138,21433,226917,110,2140,4155,7152,967,484,9147,305,655,1250,208,2238,5539,3837,178208,7440,3865,244,106,370242,123833,11342,5428,3608,3837,7196,495,5779,3001,4116,4389,1209,4905,5305,7523,2213,2630,14577,49,4497,2508,84,2364,364,23,3276,10429,237262,403874,17172,265,48165,81494,10534,70918,5231,3152,7837,2197,2248,73,3910,11241,11608,127,11630,54647,44987,707751,12892,48669,33525,31224,21089,1018003,8826,10028,4675,1586,4227,627,242,43411,219777,632,265314,129269,18632,43173,307,15337,51641,5506,8345,394852,681,391,1558,210,64,182,4642,508,1042,23854,7274,2317,15167,333363,28277,622,5577,13014,10214,8967,6645,5689,7498,136,524,53,4820,407,8685,3327,2728,274,59,153,2113,2055,4994,24887,12905,96090,8507,202537,148942,50070,272381,42575,93670,2489,60434,77126,20063,17321,57054,34153,24800,3212,181,2446,153,2180,4565,464,255,46,1239,6768,6668,448033,82821,255521,678,723656,189166,13340,135453,355503,1957,960,202239,84331,431186,90414,92153,1048,70195,103,754,1112,216,1561,4631,510,13426,5197,36,3318,4389,3056,4445,2061,11048,6599,265,519,15396,9472,6017,4129,5535,1588,3057,3439,1966,1812,1438,676,5185,21022,8433,1920,5874,9295,9208,66112,227000,614,9102,4757,5680,3723,2916,3337,4687,2501,155,16901,2280,3792,12296,1776,5491,2078,10523,5169,4673,2763,4447,210,2446,1962,10063,10581,3858,4498,3498,5634,5733,3562,3996,4327,15633,19,88,2077,3184,783,595,24087,161,17035,46,1801,72,15266,1160,13547,13362,26458,79,9018,1029,352,4420,6665,740525,990,4175,6876,2316,63,13038,346,627,2137,50130,55293,8343,2193,343,278,359,121,473,3285,2279,4997,2458,9321,2497,2413,12792,545460,1514,8709,236237,3108,13813,4709,24911,1052,11832,1472,464,8296,3900,4808,5054,1629,2033,539,4757,5541,4623,5157,1472,5206,6218,53621,789,28448,5427,60,47345,12196,56,541,13454,2159,291,19949,4160,1900,471,12206,5386,215488,38524,1562,4180,5304,2587,4146,4360,1830,2096,83,1815,795,4561,244,32,362,641,3891,14640,6910,248770,40338,72847,69537,22338,4723,1429,326,51814,153,30747,6420,23407,5198,1299,5885,88,57814,10964,21354,91499,15561,131019,998,1044,1961,3721,2052,5105,3769,5431,26290,4824,256,343,4920,29,97,6680,6661,50,297,473,48437,129240,109767,31789,72197,8787,466,410511,245763,53750,144218,163477,183009,3725,787,3741,3460,1096,4156,1815,492,674,1514,16634,0.0,0.0,0.0,0.0,0.0,0.0,0.0,0.0,0.0,0.0,0.0,0.0,0.0,0.0,0.0,0.0,0.0,0.0,0.0,0.0,0.0,0.0,0.0,0.0,0.0,0.0,0.0,0.0,0.0,0.0,0.0,0.0,0.0,0.0,0.0,0.0,0.0,0.0,0.0,0.0,0.0,0.0,0.0,0.0,0.0,0.0,0.0,0.0,0.0,0.0,0.0,0.0,0.0,0.0,0.0,0.0,0.0,0.0,0.0,0.0,0.0,0.0,0.0,0.0,0.0,0.0,0.0,0.0,0.0,0.0,0.0,0.0,0.0,0.0,0.0,0.0,0.0,0.0,0.0,0.0,0.0,0.0,0.0,0.0,0.0,0.0,0.0,0.0,0.0,0.0,0.0,0.0,0.0,0.0,0.0,0.0,0.0,0.0,0.0,0.0,0.0,0.0,0.0,0.0,0.0,0.0,0.0,0.0,0.0,0.0,0.0,0.0,0.0,0.0,0.0,0.0,0.0,0.0,0.0,0.0,0.0,0.0,0.0,0.0,0.0,0.0,0.0,0.0,0.0,0.0,0.0,0.0,0.0,0.0,0.0,0.0,0.0,0.0,0.0,0.0,0.0,0.0,0.0,0.0,0.0,0.0,0.0,0.0,0.0,0.0
ENCFF000YJK,0.046357683705639835,1588,9,88,862,15,2094,109,6,8,7,17,71,64,147,480,541,63,14,90,139,2,16,0,1,1,14,83,56,483,86,5,9,5,36,31,1,52,1,0,182,222,0,16,0,2,14,95,418,8,26,13,21,5,7,149,2,3,10,1,9,34,3,200,4,7,24,2,932,1072,159,16,11,52,101,6,20,9,22,23,5,19,29,68,13,6,69,0,15,9,0,21,2,1,26,20,367,3437,184,4,597,823,45,689,60,13,94,27,33,0,66,169,142,1,110,666,56,622,16,65,48,170,28,732,36,163,70,12,59,7,4,544,209,58,341,130,266,564,20,78,58,21,66,866,7,15,2,4,0,0,38,2,16,264,106,8,88,843,65,5,21,12,20,56,103,117,113,1,2,0,18,1,44,8,96,388,2,0,20,20,23,304,122,869,48,547,694,317,655,246,565,1,485,642,252,187,474,399,112,14,18,13,0,12,22,3,0,0,1,101,5,751,260,123,2,4330,876,70,531,391,19,32,738,361,1154,128,847,5,1051,1,13,25,8,3,17,5,63,41,0,12,18,6,15,9,46,35,9,8,77,68,34,53,23,11,14,12,6,7,11,9,23,95,28,7,44,55,39,235,588,62,47,70,34,15,15,12,15,9,1,140,9,23,93,7,41,13,62,19,16,8,16,8,11,9,53,49,21,19,15,42,40,8,24,12,73,0,1,8,9,14,4,310,3,178,0,17,3,107,15,149,144,187,2,51,0,1,26,71,1423,12,41,39,22,3,37,2,0,12,267,118,67,24,1,7,3,0,2,18,25,49,12,90,14,9,28,1159,15,37,2466,11,92,15,98,79,46,3,37,144,18,16,20,8,10,7,400,27,16,15,9,22,27,511,5,188,36,0,580,133,0,3,143,12,2,116,17,44,3,64,13,322,74,17,23,22,3,16,10,31,13,0,23,0,43,1,1,3,15,9,21,5,831,48,234,156,37,11,13,5,825,14,277,59,276,23,2,52,1,585,119,197,840,59,309,4,5,11,19,6,34,15,22,117,10,1,8,23,0,1,81,77,0,16,1,439,770,624,130,638,80,6,1421,1732,253,750,1246,1500,2,5,17,18,9,25,24,11,8,10,159,0.0,0.0,0.0,0.0,0.0,0.0,0.0,0.0,0.0,0.0,0.0,0.0,0.0,0.0,0.0,0.0,0.0,0.0,0.0,0.0,0.0,0.0,0.0,0.0,0.0,0.0,0.0,0.0,0.0,0.0,0.0,0.0,0.0,0.0,0.0,0.0,0.0,0.0,0.0,0.0,0.0,0.0,0.0,0.0,0.0,0.0,0.0,0.0,0.0,0.0,0.0,0.0,0.0,0.0,0.0,0.0,0.0,0.0,0.0,0.0,0.0,0.0,0.0,0.0,0.0,0.0,0.0,0.0,0.0,0.0,0.0,0.0,0.0,0.0,0.0,0.0,0.0,0.0,0.0,0.0,0.0,0.0,0.0,0.0,0.0,0.0,0.0,0.0,0.0,0.0,0.0,0.0,0.0,0.0,0.0,0.0,0.0,0.0,0.0,0.0,0.0,0.0,0.0,0.0,0.0,0.0,0.0,0.0,0.0,0.0,0.0,0.0,0.0,0.0,0.0,0.0,0.0,0.0,0.0,0.0,0.0,0.0,0.0,0.0,0.0,0.0,0.0,0.0,0.0,0.0,0.0,0.0,0.0,0.0,0.0,0.0,0.0,0.0,0.0,0.0,0.0,0.0,0.0,0.0,0.0,0.0,0.0,0.0,0.0,0.0
ENCFF182FSV,0.16482968974988083,202754,823,6305,67843,946,204104,9595,555,628,475,6237,9557,4583,12672,33263,55240,4742,1334,10746,9495,226,1264,87,104,91,1394,13787,6046,84907,6480,458,295,768,3321,3017,167,3551,47,223,15285,18959,1506,1176,63,149,996,10532,33273,1670,1215,1978,2499,881,589,10970,340,562,553,220,1397,6143,1118,23866,3080,493,3811,1778,78963,71652,12249,1929,1265,3592,9252,568,2226,1042,1336,1477,392,1914,2081,5987,875,1102,6934,32,1506,1055,32,1688,345,79,1750,2059,33005,275190,16095,169,44072,63217,4161,54849,2120,1162,8489,2456,2565,26,4783,11444,11623,231,9716,58419,3409,48302,525,2180,2411,13062,966,69796,2247,9978,5700,3759,4324,602,137,49271,15852,8211,50534,12729,19445,47415,1474,10247,6833,2115,7516,80908,829,1890,164,166,59,62,3962,720,5387,17470,7105,1043,7122,66751,5767,750,2089,2163,1784,4907,6304,5602,11627,111,289,70,1863,59,2763,1140,1508,888,145,38,1083,1341,1797,23917,11792,75409,3931,45011,52616,23525,58050,22830,45645,474,45058,54154,18831,15512,40106,29131,8299,1458,2289,1150,321,1021,1792,248,85,37,57,8839,353,56971,19303,14318,333,303212,59408,7123,47060,42110,2079,1775,61491,28197,94884,5562,69266,226,67574,65,565,5111,5320,579,1622,361,6864,4611,66,1238,1578,1105,1593,845,4079,2470,439,385,9670,5506,3582,4716,2433,614,1304,1314,695,649,481,734,2078,8039,1976,718,2952,4169,3647,19358,69103,9639,4205,5468,2425,1510,1071,1140,1722,898,187,11373,967,1924,8568,629,2855,835,7123,2069,1811,1157,1848,563,896,1153,4572,3856,1397,1690,1398,3944,2799,1833,1403,1906,7317,53,74,767,1193,954,632,25130,147,15020,52,772,162,11509,1428,11793,12694,13702,37,5094,215,242,2436,7196,126117,1819,3678,3771,1883,876,4744,318,678,1877,25481,19065,24250,2444,71,253,166,23,66,1165,1474,3910,955,6174,1018,948,2925,89040,1420,3639,198227,919,10640,1763,10317,15674,4151,541,5850,15817,1428,1747,1889,711,835,580,77852,2209,1663,1924,865,2057,2170,41309,132,20273,3190,74,43649,11706,63,533,8926,1368,73,12461,1393,2519,450,5652,1852,42845,5570,2668,1407,1927,922,1969,1658,2150,1694,82,1596,71,4123,390,69,323,1921,300,690,1294,52885,2190,15873,7317,1715,1000,1074,280,54549,601,24886,3638,18981,2339,466,5087,729,44983,8595,15859,68914,5692,33728,362,529,716,2365,886,1847,1370,2454,9810,1721,43,1629,1933,40,48,6391,6890,8,2136,475,40161,61499,46357,11569,54886,6483,989,126929,141043,20508,63610,104774,123534,466,228,1284,1264,402,1656,2428,686,585,1131,11729,0.0,0.0,0.0,0.0,0.0,0.0,0.0,0.0,0.0,0.0,0.0,0.0,0.0,0.0,0.0,0.0,0.0,0.0,0.0,0.0,0.0,0.0,0.0,0.0,0.0,0.0,0.0,0.0,0.0,0.0,0.0,0.0,0.0,0.0,0.0,0.0,0.0,0.0,0.0,0.0,0.0,0.0,0.0,0.0,0.0,0.0,0.0,0.0,0.0,0.0,0.0,0.0,0.0,0.0,0.0,0.0,0.0,0.0,0.0,0.0,0.0,0.0,0.0,0.0,0.0,0.0,0.0,0.0,0.0,0.0,0.0,0.0,0.0,0.0,0.0,0.0,0.0,0.0,0.0,0.0,0.0,0.0,0.0,0.0,0.0,0.0,0.0,0.0,0.0,0.0,0.0,0.0,0.0,0.0,0.0,0.0,0.0,0.0,0.0,0.0,0.0,0.0,0.0,0.0,0.0,0.0,0.0,0.0,0.0,0.0,0.0,0.0,0.0,0.0,0.0,0.0,0.0,0.0,0.0,0.0,0.0,0.0,0.0,0.0,0.0,0.0,0.0,0.0,0.0,0.0,0.0,0.0,0.0,0.0,0.0,0.0,0.0,0.0,0.0,0.0,0.0,0.0,0.0,0.0,0.0,0.0,0.0,0.0,0.0,0.0
ENCFF001FIG,0.06782250577578214,24239,35,1094,6601,209,26109,2526,58,130,78,218,732,1177,2176,3610,8336,1062,144,1870,1817,114,307,20,22,25,293,161,702,6202,1283,82,68,138,536,430,9,589,6,6,4283,7193,19,209,9,13,364,1498,3294,22,218,183,264,191,229,8046,59,106,181,28,235,370,113,3066,221,151,38,29,13078,16713,9014,252,127,339,6651,109,286,71,141,178,38,177,405,3150,92,87,750,4,186,103,10,540,49,10,399,246,3054,58073,5195,31,13323,21689,577,19197,371,117,3821,1106,570,4,3557,10351,8757,50,4090,17945,610,9387,143,467,489,2798,186,10543,386,2239,1068,247,1692,145,46,18192,3358,273,4776,2117,18702,14733,28,1119,698,329,2104,7672,123,108,24,45,9,10,773,195,220,5690,2002,214,1291,6971,629,110,291,1112,1258,1636,1564,1480,9879,23,51,15,173,13,337,92,233,393,5,1,85,189,273,10265,2614,17041,770,10845,14534,4264,9705,7168,10707,88,12678,14304,5469,4585,17489,7031,1832,302,59,204,12,83,173,78,17,9,45,1182,77,9214,3882,3323,54,110860,11759,1243,11203,6070,391,234,14530,5282,16667,1017,20614,70,21105,18,137,269,50,47,259,66,3211,2403,18,122,172,112,196,75,888,415,2368,78,1141,2867,560,8131,198,54,110,151,75,72,39,2853,211,3804,279,73,470,730,555,1999,5377,128,622,6446,357,205,155,106,179,93,1973,4351,80,156,4263,59,430,91,2303,211,205,113,154,359,82,94,515,481,145,173,132,2546,421,163,142,182,761,5,10,74,118,291,79,10147,32,8516,4,206,16,2160,585,6860,2345,4390,6,804,25,89,433,1347,17943,237,658,2773,456,6,698,84,341,322,6432,1973,701,445,13,57,29,2,10,137,262,742,214,1454,92,98,403,11079,92,484,60227,104,3215,188,1257,293,635,61,67,1433,138,345,355,61,94,86,1187,416,218,319,85,263,361,11057,22,4923,1141,10,23698,4062,55,91,2474,182,14,1601,144,552,114,1017,244,2470,647,172,147,334,80,238,149,1839,221,5,365,6,878,66,13,95,148,144,182,222,5415,416,2000,1561,302,183,262,48,20296,20,7902,483,5801,498,81,862,9,10734,2572,2922,26451,625,3729,46,48,62,162,80,291,137,1997,1694,281,12,87,181,3,13,1449,2010,2,53,69,10224,18384,16336,2095,13071,1601,183,25425,46451,8495,14794,27669,35909,167,57,132,136,44,143,1214,91,152,211,2030,0.0,0.0,0.0,0.0,0.0,0.0,0.0,0.0,0.0,0.0,0.0,0.0,0.0,0.0,0.0,0.0,0.0,0.0,0.0,0.0,0.0,0.0,0.0,0.0,0.0,0.0,0.0,0.0,0.0,0.0,0.0,0.0,0.0,0.0,0.0,0.0,0.0,0.0,0.0,0.0,0.0,0.0,0.0,0.0,0.0,0.0,0.0,0.0,0.0,0.0,0.0,0.0,0.0,0.0,0.0,0.0,0.0,0.0,0.0,0.0,0.0,0.0,0.0,0.0,0.0,0.0,0.0,0.0,0.0,0.0,0.0,0.0,0.0,0.0,0.0,0.0,0.0,0.0,0.0,0.0,0.0,0.0,0.0,0.0,0.0,0.0,0.0,0.0,0.0,0.0,0.0,0.0,0.0,0.0,0.0,0.0,0.0,0.0,0.0,0.0,0.0,0.0,0.0,0.0,0.0,0.0,0.0,0.0,0.0,0.0,0.0,0.0,0.0,0.0,0.0,0.0,0.0,0.0,0.0,0.0,0.0,0.0,0.0,0.0,0.0,0.0,0.0,0.0,0.0,0.0,0.0,0.0,0.0,0.0,0.0,0.0,0.0,0.0,0.0,0.0,0.0,0.0,0.0,0.0,0.0,0.0,0.0,0.0,0.0,0.0
ENCFF000YIS,0.04919948067886577,5630,17,119,1134,23,2493,240,20,12,7,19,86,73,155,687,584,74,17,110,181,7,19,2,2,1,30,426,86,659,94,10,13,18,49,42,6,55,2,2,253,306,1,22,0,4,20,143,634,39,21,18,26,8,11,224,2,12,11,1,14,37,5,251,6,8,142,2,1234,1459,232,33,24,133,205,6,30,7,17,29,8,24,29,114,22,13,87,1,18,13,1,38,4,1,28,32,420,5091,347,1,851,1184,69,1019,88,12,144,39,48,0,69,220,237,4,201,897,68,716,11,71,65,270,24,954,37,237,71,29,82,8,4,806,255,339,407,181,382,814,72,138,66,45,140,1187,10,69,2,4,0,0,52,8,30,318,135,21,130,1161,96,9,33,31,23,86,156,173,171,4,5,2,30,0,49,16,157,198,9,0,33,30,23,454,190,1413,69,787,991,443,919,364,813,4,817,943,334,265,718,585,202,33,118,17,5,9,21,5,0,0,3,149,7,1008,338,183,2,6394,1070,143,774,492,25,46,1143,523,1532,133,1408,4,1401,4,7,33,17,4,30,9,97,57,1,18,25,14,24,5,65,45,15,8,125,74,50,77,41,9,14,25,10,8,15,13,27,122,42,12,58,80,44,313,1075,316,63,86,36,22,17,13,27,24,2,210,11,27,142,9,51,13,113,40,39,17,28,10,13,27,81,67,25,33,19,63,52,24,30,33,104,1,0,12,19,16,11,469,5,278,0,19,6,174,24,214,203,229,0,69,0,7,42,121,2066,42,67,56,35,23,88,4,7,32,378,160,82,46,1,5,8,0,1,19,27,97,16,124,14,12,47,1592,31,58,3816,8,185,19,132,458,65,7,146,495,25,16,24,14,12,14,1990,33,17,21,12,32,29,726,1,344,64,0,859,211,1,11,185,22,1,184,23,56,6,83,36,412,92,67,20,22,5,30,19,43,20,0,27,0,73,3,2,8,60,12,15,15,1097,69,300,167,48,19,29,7,1155,45,440,113,357,44,4,86,0,817,164,261,1215,115,390,11,4,3,55,19,36,23,29,232,24,2,26,48,0,0,127,135,0,74,4,711,1137,849,197,1028,133,7,1998,2458,375,1107,1870,2349,12,7,22,28,7,17,46,7,10,16,214,0.0,0.0,0.0,0.0,0.0,0.0,0.0,0.0,0.0,0.0,0.0,0.0,0.0,0.0,0.0,0.0,0.0,0.0,0.0,0.0,0.0,0.0,0.0,0.0,0.0,0.0,0.0,0.0,0.0,0.0,0.0,0.0,0.0,0.0,0.0,0.0,0.0,0.0,0.0,0.0,0.0,0.0,0.0,0.0,0.0,0.0,0.0,0.0,0.0,0.0,0.0,0.0,0.0,0.0,0.0,0.0,0.0,0.0,0.0,0.0,0.0,0.0,0.0,0.0,0.0,0.0,0.0,0.0,0.0,0.0,0.0,0.0,0.0,0.0,0.0,0.0,0.0,0.0,0.0,0.0,0.0,0.0,0.0,0.0,0.0,0.0,0.0,0.0,0.0,0.0,0.0,0.0,0.0,0.0,0.0,0.0,0.0,0.0,0.0,0.0,0.0,0.0,0.0,0.0,0.0,0.0,0.0,0.0,0.0,0.0,0.0,0.0,0.0,0.0,0.0,0.0,0.0,0.0,0.0,0.0,0.0,0.0,0.0,0.0,0.0,0.0,0.0,0.0,0.0,0.0,0.0,0.0,0.0,0.0,0.0,0.0,0.0,0.0,0.0,0.0,0.0,0.0,0.0,0.0,0.0,0.0,0.0,0.0,0.0,0.0
ENCFF050UYR,0.1848711014991966,534797,7634,18449,143691,1811,248905,42147,1064,2213,2045,8475,17716,12507,29016,55019,68755,17228,3555,32582,38750,2077,5925,690,553,548,5174,32496,14788,87839,26779,2253,1837,3637,8061,7406,1010,11079,216,1318,55680,82585,653,5630,134,2730,3929,31791,91931,4051,3052,3351,5542,3450,4011,61823,1240,2845,2556,1468,5714,11034,1858,38442,1330,5457,8097,2392,231976,284658,65312,4726,2774,11316,55204,2450,5318,2196,3125,3691,803,3857,5367,27488,1704,1888,15439,136,3360,2050,130,11625,1536,262,8942,4667,72648,1123196,80513,648,215814,291174,13098,249381,5494,2316,42189,13928,13658,147,24285,58965,60203,2271,28121,237374,8897,108731,1142,4674,6545,58176,2325,113281,4842,41608,22381,7124,22888,3454,937,266428,41693,20770,88130,27689,129406,211374,4776,25771,18103,5122,28783,157875,4707,6167,410,925,261,325,16967,2524,8972,63205,37858,4761,28339,136182,11654,3349,4947,10819,9288,18412,30003,25358,56868,343,1412,431,3987,127,6939,2164,14032,42898,405,4,4407,5351,4553,116535,54018,304949,11980,157242,195721,80057,121209,74098,139615,1813,190860,217699,77546,67940,168612,136931,45973,5061,5998,4741,527,1855,3434,1669,441,464,1061,27689,1306,148715,52709,32434,3357,2189998,215206,24843,179355,76418,9489,4820,239006,108530,259239,10762,341096,1027,357677,366,2713,12316,5993,1177,4419,1546,19103,16956,433,2368,3640,2181,3476,1600,11771,6712,4056,1474,26283,18617,12104,24948,4672,1139,2463,2700,1319,1481,982,5258,4034,29030,5027,1398,9965,11409,9881,45984,88030,16612,11387,27579,6810,3354,2751,2454,3714,1757,2365,66947,2032,3462,38888,1460,8446,1697,24479,3881,4047,2071,3598,4325,1690,3269,10411,10167,3066,3366,2822,17158,7675,3320,2991,3547,16720,158,229,1571,2358,4131,1243,110936,969,74772,128,4357,984,46002,7149,56075,46529,44907,116,18234,486,1550,12075,29517,272312,6229,16394,13474,7433,1446,12224,2126,2583,7039,84914,40725,25611,10910,482,1376,727,31,200,2623,9678,17762,3029,22835,1975,1941,6536,173960,2759,9560,889131,4198,41131,4013,25571,34405,12875,1285,14217,52653,2924,4773,5085,1444,1712,1732,163210,5763,3989,4938,2270,4925,5923,171793,389,62671,16288,317,204722,51593,224,2762,35715,7934,278,36029,3219,15735,2245,16163,4771,101149,12018,9732,3057,5068,1661,5285,3566,11087,3846,290,7766,239,14630,2114,235,1422,6264,5204,2655,4216,90289,4453,34824,17752,3345,3115,6359,1563,299009,2389,111129,12713,97072,10954,2006,20177,775,214478,39739,68378,325680,8578,61440,1277,2819,1465,5211,6191,5006,2738,7220,43675,4539,168,6000,3780,231,281,33938,33770,115,6579,1741,192373,241895,163379,42583,252559,29872,6192,385890,589810,67941,239899,429287,564263,1806,1329,2874,2670,958,3300,12395,2132,3254,4810,41015,0.0,0.0,0.0,0.0,0.0,0.0,0.0,0.0,0.0,0.0,0.0,0.0,0.0,0.0,0.0,0.0,0.0,0.0,0.0,0.0,0.0,0.0,0.0,0.0,0.0,0.0,0.0,0.0,0.0,0.0,0.0,0.0,0.0,0.0,0.0,0.0,0.0,0.0,0.0,0.0,0.0,0.0,0.0,0.0,0.0,0.0,0.0,0.0,0.0,0.0,0.0,0.0,0.0,0.0,0.0,0.0,0.0,0.0,0.0,0.0,0.0,0.0,0.0,0.0,0.0,0.0,0.0,0.0,0.0,0.0,0.0,0.0,0.0,0.0,0.0,0.0,0.0,0.0,0.0,0.0,0.0,0.0,0.0,0.0,0.0,0.0,0.0,0.0,0.0,0.0,0.0,0.0,0.0,0.0,0.0,0.0,0.0,0.0,0.0,0.0,0.0,0.0,0.0,0.0,0.0,0.0,0.0,0.0,0.0,0.0,0.0,0.0,0.0,0.0,0.0,0.0,0.0,0.0,0.0,0.0,0.0,0.0,0.0,0.0,0.0,0.0,0.0,0.0,0.0,0.0,0.0,0.0,0.0,0.0,0.0,0.0,0.0,0.0,0.0,0.0,0.0,0.0,0.0,0.0,0.0,0.0,0.0,0.0,0.0,0.0
ENCFF000VFV,0.06824953722214222,5689,25,744,5617,177,17887,870,63,58,80,87,715,580,1329,2716,4276,623,64,671,1028,25,117,15,2,1,254,13,963,3960,598,43,32,111,472,443,7,496,7,1,1758,1986,6,124,40,4,130,1281,3459,6,135,359,335,88,59,943,43,36,83,44,130,290,91,2287,48,105,8,1,10562,13764,1044,332,215,243,843,41,348,128,238,256,76,326,297,671,128,160,916,2,247,117,3,234,69,19,1018,361,1991,39142,1935,35,5237,7285,650,6326,308,157,897,338,382,4,450,1154,1240,96,1215,5229,532,5849,154,655,635,1678,295,7279,389,1208,473,121,470,60,31,4617,1896,49,3332,1343,1744,4412,15,944,339,331,672,6135,31,24,7,11,3,11,302,68,64,2140,749,71,1314,6582,918,44,331,119,110,718,990,797,812,41,21,2,285,6,537,218,421,305,11,0,154,138,222,2424,1175,7486,660,6978,8418,3786,6135,3006,6545,32,5194,6419,1745,1469,4552,4024,1470,209,4,419,7,201,280,23,18,1,3,800,44,7925,3284,1323,922,52321,8315,770,5596,4446,211,114,8696,4878,13280,947,7760,35,7167,3,74,118,6,74,245,60,876,333,11,231,289,184,262,127,606,408,23,50,1012,693,377,415,364,136,168,215,144,111,68,77,398,1129,350,110,395,590,582,2846,3880,24,737,543,382,246,185,162,262,169,12,1153,113,220,992,81,344,134,846,358,312,210,278,38,110,93,695,673,281,276,209,504,356,209,255,336,957,5,6,123,161,104,101,2365,18,1565,8,104,5,1495,124,1074,1304,1794,2,484,16,30,1345,608,11151,90,295,441,202,6,620,25,41,136,3402,1072,656,263,3,14,39,16,3,192,228,395,179,596,143,131,380,8076,74,521,20610,122,1187,283,1357,58,599,79,11,644,277,247,252,111,118,50,155,342,264,299,153,315,315,5006,11,2356,454,11,4770,1755,2,63,1905,107,3,1422,211,179,41,808,349,3619,611,121,211,334,101,343,230,188,321,5,157,2,390,11,35,28,56,20,118,188,5506,504,2658,1526,359,107,278,61,5611,25,2490,431,2001,233,54,502,2,6090,1217,1903,8211,284,2881,80,40,68,206,121,314,208,370,3031,248,21,34,333,24,20,761,653,0,19,37,4515,8449,6992,1461,6906,848,60,13241,17750,3273,8824,13281,15811,43,41,246,233,67,253,239,55,54,122,1428,0.0,0.0,0.0,0.0,0.0,0.0,0.0,0.0,0.0,0.0,0.0,0.0,0.0,0.0,0.0,0.0,0.0,0.0,0.0,0.0,0.0,0.0,0.0,0.0,0.0,0.0,0.0,0.0,0.0,0.0,0.0,0.0,0.0,0.0,0.0,0.0,0.0,0.0,0.0,0.0,0.0,0.0,0.0,0.0,0.0,0.0,0.0,0.0,0.0,0.0,0.0,0.0,0.0,0.0,0.0,0.0,0.0,0.0,0.0,0.0,0.0,0.0,0.0,0.0,0.0,0.0,0.0,0.0,0.0,0.0,0.0,0.0,0.0,0.0,0.0,0.0,0.0,0.0,0.0,0.0,0.0,0.0,0.0,0.0,0.0,0.0,0.0,0.0,0.0,0.0,0.0,0.0,0.0,0.0,0.0,0.0,0.0,0.0,0.0,0.0,0.0,0.0,0.0,0.0,0.0,0.0,0.0,0.0,0.0,0.0,0.0,0.0,0.0,0.0,0.0,0.0,0.0,0.0,0.0,0.0,0.0,0.0,0.0,0.0,0.0,0.0,0.0,0.0,0.0,0.0,0.0,0.0,0.0,0.0,0.0,0.0,0.0,0.0,0.0,0.0,0.0,0.0,0.0,0.0,0.0,0.0,0.0,0.0,0.0,0.0
ENCFF001EOO,0.06553880324789232,27271,20,1147,5202,165,18511,4089,75,157,82,333,735,788,1949,2507,4981,1136,203,2166,2115,120,408,36,34,38,317,52,608,3218,1830,112,87,128,416,344,5,609,14,9,6663,8802,17,275,9,12,441,1507,2719,13,252,127,193,203,300,9785,92,166,124,51,305,410,42,1785,54,99,18,56,12359,19270,11996,223,107,292,8342,133,240,86,118,160,28,159,329,3972,71,80,661,10,132,80,2,710,53,10,485,219,2155,71084,6629,42,17651,24450,553,21667,454,84,4631,1589,659,7,3207,10162,8454,47,3989,26670,579,6466,57,226,356,3392,89,6146,289,2728,1275,304,2471,220,41,22234,3193,120,2977,2040,17941,23184,20,1216,739,264,2246,6612,194,96,25,55,9,16,1009,233,317,7045,2607,260,1582,5019,498,186,229,1230,1660,1864,1883,1750,15855,35,83,8,142,15,279,74,597,1724,3,0,66,226,264,12953,2992,22652,813,11934,17697,4524,10783,7594,11321,94,14520,15788,8260,5959,22553,8722,2490,372,19,257,16,85,123,121,35,3,17,1461,121,8156,3785,2356,82,120939,13929,1299,12344,4040,464,402,15608,6045,16221,610,23700,44,25923,29,175,377,142,50,189,76,2623,3050,31,105,148,79,135,60,704,379,2231,96,1265,3233,605,12293,168,60,86,121,55,52,40,3562,154,5986,183,55,561,672,454,1614,3306,55,624,7082,341,162,132,90,149,54,2485,5912,81,141,3901,45,508,71,3088,144,169,85,125,637,74,77,491,406,124,119,99,2827,436,127,112,137,652,4,4,67,93,483,44,11667,74,9569,4,275,31,2656,771,7688,2671,5476,17,869,38,133,376,1767,14745,314,938,3354,536,4,639,113,198,449,7284,2393,889,557,22,73,47,1,20,109,262,878,186,1459,79,96,500,7345,63,425,66984,96,3909,158,1069,217,660,40,52,1547,115,255,247,57,83,85,841,294,166,263,75,204,312,13531,54,4903,1190,10,32927,4797,103,148,3089,326,23,1808,111,715,147,949,205,4057,472,201,129,286,83,208,119,2461,139,11,533,7,901,99,48,160,170,171,201,278,6600,211,1492,1497,172,194,416,73,32317,12,7036,423,7143,650,84,1021,16,13245,3698,3460,31612,530,2468,46,75,61,146,69,232,128,2121,1730,224,16,97,150,8,17,1920,2556,7,20,84,12551,21752,16717,2271,15925,1972,201,24656,47818,6476,16363,34080,42111,204,71,135,88,34,148,1410,149,207,244,2353,0.0,0.0,0.0,0.0,0.0,0.0,0.0,0.0,0.0,0.0,0.0,0.0,0.0,0.0,0.0,0.0,0.0,0.0,0.0,0.0,0.0,0.0,0.0,0.0,0.0,0.0,0.0,0.0,0.0,0.0,0.0,0.0,0.0,0.0,0.0,0.0,0.0,0.0,0.0,0.0,0.0,0.0,0.0,0.0,0.0,0.0,0.0,0.0,0.0,0.0,0.0,0.0,0.0,0.0,0.0,0.0,0.0,0.0,0.0,0.0,0.0,0.0,0.0,0.0,0.0,0.0,0.0,0.0,0.0,0.0,0.0,0.0,0.0,0.0,0.0,0.0,0.0,0.0,0.0,0.0,0.0,0.0,0.0,0.0,0.0,0.0,0.0,0.0,0.0,0.0,0.0,0.0,0.0,0.0,0.0,0.0,0.0,0.0,0.0,0.0,0.0,0.0,0.0,0.0,0.0,0.0,0.0,0.0,0.0,0.0,0.0,0.0,0.0,0.0,0.0,0.0,0.0,0.0,0.0,0.0,0.0,0.0,0.0,0.0,0.0,0.0,0.0,0.0,0.0,0.0,0.0,0.0,0.0,0.0,0.0,0.0,0.0,0.0,0.0,0.0,0.0,0.0,0.0,0.0,0.0,0.0,0.0,0.0,0.0,0.0
ENCFF002EMD,0.15447180123657883,109013,284,2866,80885,934,205284,17916,764,437,397,751,6929,3746,8551,49153,45949,2724,1163,12410,6648,171,963,100,313,239,2507,12306,6407,49517,6019,217,85,805,4703,4239,46,5508,71,9,12302,13671,196,670,196,79,1325,11778,60629,484,1392,3398,3287,250,402,6932,139,545,518,501,1523,4084,508,26490,6196,209,3144,247,70261,81844,7104,2812,1576,3799,7393,150,3393,1483,1701,2053,582,2608,3181,3921,1017,1733,8028,61,1952,1717,49,1760,704,143,3131,1596,24351,252047,14146,164,35560,57513,6771,48425,3304,1734,5618,2454,3031,101,5746,11607,13711,998,7144,48253,3051,88152,372,2017,2133,10072,926,180363,2920,8957,3446,1022,3323,1104,526,39594,12745,5318,87967,20019,21183,39761,249,7709,14971,2694,4612,69652,584,617,139,99,62,52,2563,655,833,12668,4865,316,5162,84841,5615,557,3585,7027,6827,4128,7743,7280,8641,81,353,257,2520,139,3070,1383,1966,149,40,20,1079,844,3109,17317,8312,59529,4904,37997,49729,20841,72949,24147,43379,457,37228,48480,13685,12767,38377,25929,8246,1589,779,1270,30,1792,2765,261,94,97,156,5468,283,101803,15281,19742,1228,282075,58980,5542,38242,39991,1429,730,52291,30781,88723,4381,54517,123,46588,51,358,1080,52,806,2097,709,8485,3450,87,1590,1528,1339,2471,1128,5816,2938,266,293,9685,6505,3277,4212,3938,718,2172,1910,1163,700,533,390,2374,8811,1860,894,2279,5778,4045,21380,92643,7921,5380,4798,2458,1978,1711,1582,2167,1113,116,14758,1387,3769,8005,827,3282,1305,6848,3877,2657,2009,2307,356,1056,980,5894,4331,2125,1933,1761,3816,3720,2699,1454,2695,6421,57,65,1041,1886,888,587,19274,382,13244,43,260,141,8281,705,10904,9549,13160,68,3950,253,90,3919,3893,151338,1042,3015,4662,1473,53,4678,249,1004,2087,31863,14590,9079,2059,269,368,187,29,122,1382,4521,2754,2044,5873,1514,1079,3525,146257,418,3739,135285,949,9075,2229,14813,12801,4339,627,1087,6269,1933,2583,2714,769,632,146,51657,3867,2445,2562,1161,2516,2821,38685,122,24623,2026,168,36724,8893,59,562,7041,2002,95,12326,1780,1335,270,7332,2373,30915,3118,1591,1783,2538,1505,1845,2198,1614,1459,45,1041,65,4041,444,152,156,521,1628,512,1763,62463,2346,14666,7719,1518,1111,1341,679,39695,728,18047,2609,12420,2315,118,3702,22,61668,11880,17303,67336,2269,47932,267,501,929,2400,1271,2337,1881,2144,13072,2229,19,195,2434,121,123,4320,4099,86,598,189,38362,51932,43424,10705,47662,6523,584,133340,121971,18203,51173,94675,108684,442,104,1523,1446,718,1985,1027,510,253,1370,9187,0.0,0.0,0.0,0.0,0.0,0.0,0.0,0.0,0.0,0.0,0.0,0.0,0.0,0.0,0.0,0.0,0.0,0.0,0.0,0.0,0.0,0.0,0.0,0.0,0.0,0.0,0.0,0.0,0.0,0.0,0.0,0.0,0.0,0.0,0.0,0.0,0.0,0.0,0.0,0.0,0.0,0.0,0.0,0.0,0.0,0.0,0.0,0.0,0.0,0.0,0.0,0.0,0.0,0.0,0.0,0.0,0.0,0.0,0.0,0.0,0.0,0.0,0.0,0.0,0.0,0.0,0.0,0.0,0.0,0.0,0.0,0.0,0.0,0.0,0.0,0.0,0.0,0.0,0.0,0.0,0.0,0.0,0.0,0.0,0.0,0.0,0.0,0.0,0.0,0.0,0.0,0.0,0.0,0.0,0.0,0.0,0.0,0.0,0.0,0.0,0.0,0.0,0.0,0.0,0.0,0.0,0.0,0.0,0.0,0.0,0.0,0.0,0.0,0.0,0.0,0.0,0.0,0.0,0.0,0.0,0.0,0.0,0.0,0.0,0.0,0.0,0.0,0.0,0.0,0.0,0.0,0.0,0.0,0.0,0.0,0.0,0.0,0.0,0.0,0.0,0.0,0.0,0.0,0.0,0.0,0.0,0.0,0.0,0.0,0.0
ENCFF000VWI,0.05301872905748856,10051,42,386,3550,84,8320,376,25,58,25,50,290,390,787,2044,2663,340,31,395,429,16,57,5,2,2,64,726,353,2851,245,20,41,36,174,158,19,154,2,1,667,847,11,47,0,9,30,556,2512,66,66,93,153,41,23,524,17,27,28,9,47,125,45,1450,30,26,238,7,4821,4225,531,112,70,233,430,22,114,71,55,80,19,108,97,296,69,75,353,2,98,53,2,101,34,3,101,145,1892,13500,742,5,2236,3160,238,2753,117,69,378,124,114,0,197,593,572,6,408,2522,327,3118,77,328,270,700,127,4263,143,484,224,51,253,36,6,2125,1178,408,2437,774,831,2070,166,461,209,97,389,4266,18,92,7,7,5,3,163,27,42,859,382,41,390,3918,457,29,96,62,49,281,363,298,403,9,10,4,111,5,210,72,114,597,12,1,119,67,64,1172,524,3549,246,2414,2710,1248,3582,1279,2609,12,2071,2567,841,737,1880,1490,553,81,129,58,8,55,74,19,6,0,2,328,29,4746,1237,1006,20,17034,3213,377,2378,2485,74,45,3558,1587,5541,538,3109,10,3044,4,23,119,28,30,85,17,321,169,2,66,107,76,88,55,233,133,33,12,385,267,161,165,137,39,103,79,41,41,31,37,141,453,121,35,162,213,199,1457,4614,490,251,293,132,67,58,59,86,66,17,552,54,106,420,35,131,56,337,119,105,89,104,25,48,67,267,226,92,109,79,212,132,71,84,95,345,3,1,48,48,30,37,1130,6,702,3,55,6,518,63,468,538,681,2,180,6,14,94,325,6569,77,226,211,82,33,244,10,24,54,1186,530,288,111,1,16,12,1,3,76,74,239,51,363,68,63,199,4939,64,198,9798,44,480,107,489,692,262,34,312,953,114,94,95,119,62,31,3322,105,90,75,46,136,105,2032,9,910,157,0,2134,698,0,12,418,40,2,643,98,90,17,259,109,1571,412,133,106,96,74,91,76,103,61,1,80,4,163,8,1,14,101,15,80,60,3360,236,1104,654,171,45,57,15,2618,72,1174,264,970,102,27,214,4,2224,480,739,3374,349,1703,38,13,43,123,74,108,82,153,687,77,1,55,103,1,4,293,315,2,107,21,1969,3584,2937,699,2787,327,31,6605,7847,1298,3814,5824,6391,21,19,81,91,24,81,108,32,36,51,555,0.0,0.0,0.0,0.0,0.0,0.0,0.0,0.0,0.0,0.0,0.0,0.0,0.0,0.0,0.0,0.0,0.0,0.0,0.0,0.0,0.0,0.0,0.0,0.0,0.0,0.0,0.0,0.0,0.0,0.0,0.0,0.0,0.0,0.0,0.0,0.0,0.0,0.0,0.0,0.0,0.0,0.0,0.0,0.0,0.0,0.0,0.0,0.0,0.0,0.0,0.0,0.0,0.0,0.0,0.0,0.0,0.0,0.0,0.0,0.0,0.0,0.0,0.0,0.0,0.0,0.0,0.0,0.0,0.0,0.0,0.0,0.0,0.0,0.0,0.0,0.0,0.0,0.0,0.0,0.0,0.0,0.0,0.0,0.0,0.0,0.0,0.0,0.0,0.0,0.0,0.0,0.0,0.0,0.0,0.0,0.0,0.0,0.0,0.0,0.0,0.0,0.0,0.0,0.0,0.0,0.0,0.0,0.0,0.0,0.0,0.0,0.0,0.0,0.0,0.0,0.0,0.0,0.0,0.0,0.0,0.0,0.0,0.0,0.0,0.0,0.0,0.0,0.0,0.0,0.0,0.0,0.0,0.0,0.0,0.0,0.0,0.0,0.0,0.0,0.0,0.0,0.0,0.0,0.0,0.0,0.0,0.0,0.0,0.0,0.0
ENCFF000ASM,0.1468021293609071,54417,160,6801,30824,833,121944,9872,320,723,523,988,4147,4838,11572,17321,32742,5487,1009,7717,10720,389,1726,171,89,40,1117,93,4220,25080,9782,628,289,784,2054,1771,36,3259,49,21,11942,23776,84,1578,48,41,863,8717,17671,28,758,1058,1380,1228,611,15808,384,795,742,185,1655,2336,490,11685,441,452,60,82,69298,91315,16659,1125,764,1672,11380,555,1287,587,742,985,212,1019,1137,8505,564,628,4801,31,865,580,26,2806,6258,71,4124,1351,16934,340566,21686,170,60738,81323,3599,74377,2901,687,11905,3258,3277,34,7086,15868,15498,133,6744,74063,2967,48327,588,2511,2844,17930,1080,48956,1568,11583,5851,1663,6662,978,258,75690,18794,99,23104,10468,26169,65429,26,6564,3944,1168,7124,34321,305,438,144,315,210,75,4905,760,1047,18668,10650,1626,6956,32177,3634,959,1180,1435,1337,5140,7808,7150,13819,133,141,92,1076,40,2112,625,2887,4507,13,13,572,1651,986,36357,15120,89598,3667,51278,62411,23420,34755,21037,44598,513,54401,61955,24152,19728,44928,36952,8032,1443,36,1275,175,412,909,394,216,38,57,7744,306,46140,16425,11914,272,344011,65290,6304,52415,22839,2542,3754,70049,28067,76745,5042,91777,269,96289,340,817,1348,132,298,903,334,5366,4700,60,721,1011,647,868,474,2775,1531,544,440,7593,5034,3937,6578,1306,339,776,680,383,400,276,1349,1245,8932,1514,456,3798,3188,2721,10380,37257,230,3240,7214,1755,851,590,682,1008,542,387,13813,589,960,11264,368,2398,482,7483,1118,1012,582,898,1408,560,790,3155,2704,833,936,803,4871,2276,882,791,976,5978,38,65,423,646,1159,458,33849,208,21108,45,1234,164,13554,1854,15016,11869,11884,65,4951,205,418,1382,10990,84391,1400,3546,3532,2299,12,3590,473,617,1511,23443,8915,4687,3112,49,354,216,12,79,685,1411,5104,542,6851,573,536,1897,42642,502,2865,262099,594,15326,980,6467,527,3311,364,42,6526,852,964,1038,492,479,564,1428,1334,904,1141,567,1132,1342,51012,181,18384,4385,35,55807,38751,29,641,11435,888,75,11421,814,4439,694,4267,1183,14803,3543,1047,886,1116,532,1433,868,2860,871,37,2184,68,2996,109,72,448,748,238,849,1031,28205,2305,9645,6690,1517,705,1999,221,92915,127,32819,2377,29979,2849,671,6327,32,49860,13293,18129,83326,4486,13946,230,230,449,998,496,1110,721,1962,8112,1001,34,335,1085,25,40,9287,9740,6,154,384,49675,71932,51038,12342,70512,8974,762,108503,174355,23028,73744,132484,157850,436,362,781,713,261,798,3071,748,1124,1232,11604,0.0,0.0,0.0,0.0,0.0,0.0,0.0,0.0,0.0,0.0,0.0,0.0,0.0,0.0,0.0,0.0,0.0,0.0,0.0,0.0,0.0,0.0,0.0,0.0,0.0,0.0,0.0,0.0,0.0,0.0,0.0,0.0,0.0,0.0,0.0,0.0,0.0,0.0,0.0,0.0,0.0,0.0,0.0,0.0,0.0,0.0,0.0,0.0,0.0,0.0,0.0,0.0,0.0,0.0,0.0,0.0,0.0,0.0,0.0,0.0,0.0,0.0,0.0,0.0,0.0,0.0,0.0,0.0,0.0,0.0,0.0,0.0,0.0,0.0,0.0,0.0,0.0,0.0,0.0,0.0,0.0,0.0,0.0,0.0,0.0,0.0,0.0,0.0,0.0,0.0,0.0,0.0,0.0,0.0,0.0,0.0,0.0,0.0,0.0,0.0,0.0,0.0,0.0,0.0,0.0,0.0,0.0,0.0,0.0,0.0,0.0,0.0,0.0,0.0,0.0,0.0,0.0,0.0,0.0,0.0,0.0,0.0,0.0,0.0,0.0,0.0,0.0,0.0,0.0,0.0,0.0,0.0,0.0,0.0,0.0,0.0,0.0,0.0,0.0,0.0,0.0,0.0,0.0,0.0,0.0,0.0,0.0,0.0,0.0,0.0
ENCFF513PYY,0.1565924924038829,31056,168,2695,48758,566,127223,5780,343,242,380,335,3422,1723,7301,27723,27394,1830,657,4200,4482,83,543,59,58,25,832,911,3979,42517,3071,162,50,549,2740,2339,47,2429,4,4,6249,9198,92,327,71,42,630,6581,31664,104,772,1723,1955,257,204,4123,69,347,196,74,623,1692,1309,16118,3156,395,224,24,48131,42655,4748,1728,986,2106,4075,158,1829,815,1193,1249,368,1557,1532,3002,583,938,4792,43,1121,953,6,948,106,26,1085,1363,37251,135122,7777,107,22395,30991,3331,26458,1618,958,3053,894,1062,26,2115,5321,5632,148,4085,36195,1760,46453,201,997,1400,5962,516,77011,1683,5039,2005,380,1578,235,45,21885,7256,456,37237,7778,7471,22309,53,4449,3959,1560,2971,61827,430,178,102,70,45,20,1733,359,188,8517,3135,410,3191,49677,4055,374,1641,1208,992,2352,3017,2848,4494,45,39,41,1427,14,1769,809,848,260,8,28,596,401,1564,10787,5994,32799,2723,22492,28411,12977,42945,15597,28863,307,22853,27793,7383,7935,21814,14174,4621,985,105,735,201,938,1505,99,15,54,18,3656,75,51891,11912,7912,246,184584,35638,4422,25185,28971,807,392,35213,16598,60116,2742,32119,60,28721,12,183,662,8,403,1285,198,4818,2400,31,1013,1027,884,1391,653,3239,1698,143,167,5697,3320,1934,2099,2170,520,1147,1121,631,484,327,315,1725,4316,1310,490,1424,3037,2341,16195,102021,701,3126,2749,1443,1126,904,929,1347,765,43,7156,794,1803,4537,433,1941,725,3802,1807,1457,1055,1357,83,731,513,3291,2683,1150,1174,1159,2344,2010,1488,964,1604,4096,60,118,560,1056,352,374,13386,87,8284,52,247,24,5126,543,6583,5776,7895,28,2308,22,41,1653,2663,115466,496,1501,2650,1136,49,2694,117,153,1240,15653,5729,2936,1162,27,202,40,8,34,992,1119,2011,846,3521,914,607,3162,72651,284,2099,95284,551,5860,1447,7461,1205,2644,391,207,3033,1073,1452,1528,550,502,204,5371,1803,1438,1460,579,1434,1652,21036,22,13608,1198,24,21821,5983,18,318,4523,857,14,7898,1069,479,98,4205,1294,26930,3251,393,959,1463,755,1107,1223,1208,665,16,979,21,1992,107,20,57,173,497,242,727,32165,1056,10822,4859,843,652,370,147,25724,74,10106,1472,8204,1066,84,2389,15,22131,4199,7314,31245,4524,27875,222,181,559,1382,627,1243,1107,1312,5938,1255,8,162,1594,9,31,2832,2681,17,131,40,20784,34338,30207,7059,26394,3507,374,77069,72409,12773,35174,57566,63570,243,119,892,905,331,1179,570,294,215,576,6134,0.0,0.0,0.0,0.0,0.0,0.0,0.0,0.0,0.0,0.0,0.0,0.0,0.0,0.0,0.0,0.0,0.0,0.0,0.0,0.0,0.0,0.0,0.0,0.0,0.0,0.0,0.0,0.0,0.0,0.0,0.0,0.0,0.0,0.0,0.0,0.0,0.0,0.0,0.0,0.0,0.0,0.0,0.0,0.0,0.0,0.0,0.0,0.0,0.0,0.0,0.0,0.0,0.0,0.0,0.0,0.0,0.0,0.0,0.0,0.0,0.0,0.0,0.0,0.0,0.0,0.0,0.0,0.0,0.0,0.0,0.0,0.0,0.0,0.0,0.0,0.0,0.0,0.0,0.0,0.0,0.0,0.0,0.0,0.0,0.0,0.0,0.0,0.0,0.0,0.0,0.0,0.0,0.0,0.0,0.0,0.0,0.0,0.0,0.0,0.0,0.0,0.0,0.0,0.0,0.0,0.0,0.0,0.0,0.0,0.0,0.0,0.0,0.0,0.0,0.0,0.0,0.0,0.0,0.0,0.0,0.0,0.0,0.0,0.0,0.0,0.0,0.0,0.0,0.0,0.0,0.0,0.0,0.0,0.0,0.0,0.0,0.0,0.0,0.0,0.0,0.0,0.0,0.0,0.0,0.0,0.0,0.0,0.0,0.0,0.0
ENCFF000YOF,0.08246783878104388,3785,17,233,2398,54,6207,564,25,30,19,52,181,171,396,1336,1537,197,37,377,433,23,63,6,3,8,63,175,193,1382,275,22,14,27,101,115,3,110,2,2,570,938,2,42,1,2,53,347,1275,22,50,51,82,36,34,579,14,22,37,20,58,89,16,615,17,25,43,2,2755,3405,636,83,38,97,709,14,79,32,45,53,13,56,77,283,29,32,189,2,49,31,1,112,15,0,88,78,988,12367,822,7,2121,2968,159,2652,89,29,366,130,105,2,209,604,640,13,377,2509,169,1751,37,157,133,580,75,2152,88,559,245,68,241,26,15,2243,595,110,949,435,1437,2038,29,287,199,62,279,2614,24,25,6,8,2,3,150,9,48,778,352,41,323,2481,216,46,70,105,72,203,392,421,595,7,8,5,68,0,128,39,162,334,0,1,26,69,58,1059,518,3217,146,1838,2424,1010,1959,970,1860,19,1932,2277,817,751,1723,1426,440,62,40,67,4,37,55,21,3,2,6,302,14,2040,781,456,13,22694,2774,230,2010,1194,77,48,2584,1306,3623,361,3575,18,3999,3,22,72,32,15,53,23,232,164,2,37,49,41,56,20,175,105,28,23,287,230,134,271,72,22,42,44,25,26,16,45,82,363,86,26,122,161,129,628,1266,85,138,283,75,37,41,37,48,40,9,540,31,44,355,21,115,20,256,64,77,32,59,21,15,32,152,135,48,38,40,187,103,42,52,51,225,5,5,27,31,34,17,1206,15,754,3,35,6,473,70,558,560,538,2,181,15,13,91,334,4025,51,165,145,68,9,156,12,14,48,900,463,201,110,7,17,14,2,7,50,125,209,53,283,37,22,74,3194,28,120,9051,22,395,59,323,162,162,16,72,394,60,65,61,30,26,21,714,95,62,79,31,75,81,1925,12,704,201,6,2276,574,0,19,440,65,6,444,54,143,26,203,68,940,175,40,57,71,26,72,40,118,57,0,86,2,131,10,8,8,41,33,32,45,2438,160,536,341,95,37,74,24,3043,16,1087,138,1003,129,13,230,2,2152,393,657,2952,141,776,11,27,21,63,25,86,31,141,493,55,2,26,99,1,2,318,310,0,24,17,1776,2416,1943,445,2447,313,22,4570,6027,850,2658,4467,5696,17,14,47,51,20,44,116,31,41,31,513,0.0,0.0,0.0,0.0,0.0,0.0,0.0,0.0,0.0,0.0,0.0,0.0,0.0,0.0,0.0,0.0,0.0,0.0,0.0,0.0,0.0,0.0,0.0,0.0,0.0,0.0,0.0,0.0,0.0,0.0,0.0,0.0,0.0,0.0,0.0,0.0,0.0,0.0,0.0,0.0,0.0,0.0,0.0,0.0,0.0,0.0,0.0,0.0,0.0,0.0,0.0,0.0,0.0,0.0,0.0,0.0,0.0,0.0,0.0,0.0,0.0,0.0,0.0,0.0,0.0,0.0,0.0,0.0,0.0,0.0,0.0,0.0,0.0,0.0,0.0,0.0,0.0,0.0,0.0,0.0,0.0,0.0,0.0,0.0,0.0,0.0,0.0,0.0,0.0,0.0,0.0,0.0,0.0,0.0,0.0,0.0,0.0,0.0,0.0,0.0,0.0,0.0,0.0,0.0,0.0,0.0,0.0,0.0,0.0,0.0,0.0,0.0,0.0,0.0,0.0,0.0,0.0,0.0,0.0,0.0,0.0,0.0,0.0,0.0,0.0,0.0,0.0,0.0,0.0,0.0,0.0,0.0,0.0,0.0,0.0,0.0,0.0,0.0,0.0,0.0,0.0,0.0,0.0,0.0,0.0,0.0,0.0,0.0,0.0,0.0
ENCFF675KJY,0.15699864527229765,33215,164,3776,33870,815,107435,6316,296,916,287,756,4190,8439,18402,17262,47246,5701,651,6584,5826,142,762,116,132,100,1140,282,3593,19663,3885,309,168,525,1959,1762,31,2106,40,31,8220,11176,62,782,115,50,691,6175,20168,65,715,1041,1631,502,379,6255,177,346,486,225,1174,1998,481,12364,825,553,85,200,51320,48658,7219,1212,785,1158,4759,271,1354,518,824,997,211,1098,1279,3913,436,572,3973,41,945,503,30,1383,364,51,1273,1498,14571,173897,10926,164,29440,41487,2814,36176,1312,659,5344,1522,1736,29,2697,7258,7218,242,4741,31845,3724,30524,558,2108,2323,8934,909,42251,1585,6191,2924,879,2703,377,158,29477,25062,253,25253,15216,10359,28474,63,4997,4017,1217,3806,44203,515,230,185,152,54,46,2404,297,882,10573,4911,703,4510,34381,3648,412,1279,1331,1412,3259,4491,3799,5258,135,175,55,1045,47,1925,649,1660,279,21,15,598,800,1131,14868,7410,43968,2409,37073,36045,15581,27610,13791,28387,404,27741,33659,10406,9770,25219,19156,6366,1178,79,845,89,634,968,223,116,31,41,4188,683,37789,12430,24966,288,233444,40892,3526,31625,29668,1172,595,46048,22060,62588,5888,43739,218,42733,76,343,978,518,280,1055,185,3872,2104,20,798,965,667,981,454,2737,1536,208,251,4855,3074,2088,2682,1264,423,650,829,394,378,276,479,1238,7021,1404,363,1924,2487,2286,10937,27994,275,2388,3047,1447,970,744,715,1073,617,101,7674,491,860,5270,426,1653,403,4401,1183,1057,741,1068,123,499,517,2630,2650,860,1080,781,2503,1702,739,890,1061,4241,29,38,376,690,609,245,14664,155,9494,18,584,40,6728,770,6979,6877,7948,70,3159,324,202,2319,3863,95588,603,2045,2196,1068,40,2967,185,240,758,18162,7386,4422,1492,31,191,153,22,99,771,1188,2594,665,3892,530,523,1710,55662,354,2323,124684,659,6018,1081,5683,568,2692,306,237,3941,863,1057,1134,376,424,303,2903,1348,1054,1242,427,1223,1366,26194,240,10990,2544,54,26481,7385,21,298,7236,741,117,6841,877,1241,336,3402,1299,21054,3781,602,844,1234,440,1199,948,1316,975,49,1028,37,1825,137,119,208,401,451,1192,925,31424,2044,10317,6066,1288,734,1140,254,35780,64,14756,1625,12772,1555,594,3091,52,33523,5863,10805,46065,2783,19872,285,485,367,861,459,1190,786,1590,6305,1109,44,187,1105,30,58,4186,4292,23,95,288,25572,43443,35698,7576,36435,4567,2196,68468,99771,16302,45358,69768,84710,528,230,813,739,258,912,1224,366,569,725,6859,0.0,0.0,0.0,0.0,0.0,0.0,0.0,0.0,0.0,0.0,0.0,0.0,0.0,0.0,0.0,0.0,0.0,0.0,0.0,0.0,0.0,0.0,0.0,0.0,0.0,0.0,0.0,0.0,0.0,0.0,0.0,0.0,0.0,0.0,0.0,0.0,0.0,0.0,0.0,0.0,0.0,0.0,0.0,0.0,0.0,0.0,0.0,0.0,0.0,0.0,0.0,0.0,0.0,0.0,0.0,0.0,0.0,0.0,0.0,0.0,0.0,0.0,0.0,0.0,0.0,0.0,0.0,0.0,0.0,0.0,0.0,0.0,0.0,0.0,0.0,0.0,0.0,0.0,0.0,0.0,0.0,0.0,0.0,0.0,0.0,0.0,0.0,0.0,0.0,0.0,0.0,0.0,0.0,0.0,0.0,0.0,0.0,0.0,0.0,0.0,0.0,0.0,0.0,0.0,0.0,0.0,0.0,0.0,0.0,0.0,0.0,0.0,0.0,0.0,0.0,0.0,0.0,0.0,0.0,0.0,0.0,0.0,0.0,0.0,0.0,0.0,0.0,0.0,0.0,0.0,0.0,0.0,0.0,0.0,0.0,0.0,0.0,0.0,0.0,0.0,0.0,0.0,0.0,0.0,0.0,0.0,0.0,0.0,0.0,0.0
ENCFF375DZP,0.15519536451092247,6136,38,348,7510,71,16526,1906,80,64,66,116,625,371,1172,2752,4593,475,188,1102,1195,25,205,24,27,14,219,35,794,5304,874,54,17,112,552,485,11,674,4,0,1901,2807,12,136,11,13,202,1500,4491,1,166,312,383,95,77,1345,15,96,55,34,194,320,144,2444,85,96,11,7,8621,9332,1590,331,164,363,1294,35,411,150,202,202,50,256,357,822,104,150,951,22,228,188,3,451,33,9,306,228,4673,35056,2290,26,6577,9029,647,7875,348,185,1032,314,319,1,688,1689,1870,79,974,10629,367,5926,30,115,223,1514,59,8377,296,1416,639,114,494,233,11,7223,1270,23,5351,1239,2420,7122,4,906,1136,304,641,8208,221,45,27,27,12,6,546,96,71,2131,976,87,931,7418,552,124,335,732,569,600,796,742,1550,15,13,12,274,5,332,172,609,213,1,0,102,133,315,3057,1652,9225,580,5010,7042,2709,5916,3581,6362,81,6259,7448,2255,2301,6516,4188,1489,213,8,155,16,178,302,27,1,30,25,907,24,7972,2062,1934,55,44347,8200,925,5875,4613,285,98,7959,3852,11183,377,9753,17,9658,3,43,137,4,76,243,66,970,720,4,174,206,140,228,123,675,411,28,36,1387,789,493,748,399,75,154,202,126,102,64,74,320,1094,279,101,328,678,485,2182,9051,24,639,830,318,207,160,160,219,152,6,3247,150,343,1356,71,415,116,915,332,274,174,245,12,116,114,633,454,234,230,213,655,462,230,188,262,789,19,13,102,202,105,52,3771,26,2297,9,60,7,1398,166,2246,1565,1835,4,610,10,13,452,759,17176,116,524,629,295,5,600,24,87,415,3799,1442,655,386,16,92,14,2,4,190,317,795,188,1038,169,136,306,11854,53,423,28968,109,1582,275,1714,147,549,82,13,736,202,317,290,121,82,64,270,389,269,303,93,292,324,5668,6,3045,339,6,6350,1849,2,125,1059,379,4,1523,187,175,27,1055,273,5265,573,61,197,316,145,219,238,466,143,9,311,4,453,65,9,19,30,246,54,127,4142,159,1732,729,126,199,115,48,8423,6,3345,265,2482,422,23,696,3,6829,1359,2312,9655,437,3621,50,65,121,237,142,266,205,271,1297,263,4,40,293,4,9,898,836,4,11,17,6384,7552,6278,1541,7274,1120,374,13312,18291,2713,7605,14722,17441,48,29,186,153,72,214,154,81,84,172,1582,0.0,0.0,0.0,0.0,0.0,0.0,0.0,0.0,0.0,0.0,0.0,0.0,0.0,0.0,0.0,0.0,0.0,0.0,0.0,0.0,0.0,0.0,0.0,0.0,0.0,0.0,0.0,0.0,0.0,0.0,0.0,0.0,0.0,0.0,0.0,0.0,0.0,0.0,0.0,0.0,0.0,0.0,0.0,0.0,0.0,0.0,0.0,0.0,0.0,0.0,0.0,0.0,0.0,0.0,0.0,0.0,0.0,0.0,0.0,0.0,0.0,0.0,0.0,0.0,0.0,0.0,0.0,0.0,0.0,0.0,0.0,0.0,0.0,0.0,0.0,0.0,0.0,0.0,0.0,0.0,0.0,0.0,0.0,0.0,0.0,0.0,0.0,0.0,0.0,0.0,0.0,0.0,0.0,0.0,0.0,0.0,0.0,0.0,0.0,0.0,0.0,0.0,0.0,0.0,0.0,0.0,0.0,0.0,0.0,0.0,0.0,0.0,0.0,0.0,0.0,0.0,0.0,0.0,0.0,0.0,0.0,0.0,0.0,0.0,0.0,0.0,0.0,0.0,0.0,0.0,0.0,0.0,0.0,0.0,0.0,0.0,0.0,0.0,0.0,0.0,0.0,0.0,0.0,0.0,0.0,0.0,0.0,0.0,0.0,0.0
ENCFF501XWM,0.1538005965763097,94484,217,3048,64926,693,142746,11031,572,341,380,725,5668,2668,8084,48819,33510,2687,1088,7824,6575,184,868,81,165,124,1784,6623,5766,43651,4900,222,116,744,3930,3420,44,3632,27,3,10736,13903,104,618,113,86,1108,10312,54181,594,1188,2405,2838,462,350,8364,128,593,371,264,1125,2495,576,24139,3707,153,1975,94,68714,79777,7505,2347,1440,3190,6862,288,2745,1178,1497,1793,501,2382,2350,4199,901,1552,7198,27,1716,1494,29,1488,384,62,2876,1940,24666,230676,13069,164,34230,51080,4780,43606,2443,1290,5388,1640,1937,46,4077,9401,10604,318,6350,46086,2587,66401,281,1554,2038,9656,713,141195,2536,7897,3212,777,2957,713,203,38068,11525,2827,75834,11948,18176,39335,292,7114,7258,2381,4868,57224,381,641,187,90,40,35,2824,587,393,11900,4542,371,4794,70578,5557,501,2483,2542,2426,3756,5700,5619,7879,75,158,123,2138,68,2805,1264,2091,209,27,28,1002,847,2368,17648,8615,57128,4266,34466,46427,20184,70316,22259,42703,456,35394,44730,13546,11983,34551,24919,7974,1509,776,971,62,1391,2212,185,46,62,112,5687,237,83323,16710,12967,731,238637,54726,5640,37752,37035,1461,593,52222,27080,86134,3188,50223,134,46004,29,360,960,53,594,1806,388,7303,3619,59,1549,1527,1245,1964,967,4845,2599,240,292,8916,5315,2791,3533,3257,736,1644,1634,856,652,508,386,2565,7395,1764,746,2053,4509,3562,21103,92983,5550,4592,4563,2249,1645,1335,1316,1938,1142,99,11800,1108,2600,7100,640,2840,1019,5893,2754,2191,1553,1926,215,965,814,4657,3871,1598,1810,1641,3751,3101,2174,1362,2148,6542,38,39,828,1562,725,396,18937,185,11391,26,317,137,8347,908,9744,8500,12039,32,3655,94,70,2470,4296,121612,1004,2526,3883,1467,225,3961,157,682,1896,24681,10383,5221,1850,112,242,99,22,80,1301,2639,2836,1285,5141,1376,935,2658,100283,556,3284,143803,900,8580,1997,11666,8058,4025,609,1664,7096,1633,2109,2189,751,653,295,36278,2711,1902,2116,942,2190,2446,34136,58,21418,1907,57,34653,8232,38,591,6694,1452,32,11621,1593,1009,195,6338,2014,28361,3955,1350,1357,2108,1193,1555,1778,1390,1011,18,935,36,3140,237,144,103,707,745,378,1331,57726,1765,15979,7467,1520,1006,916,285,38384,207,17445,2543,13208,2250,157,3353,21,46984,8597,13960,58501,2983,44955,315,268,738,1960,958,1913,1531,2138,10788,1953,20,371,2197,66,74,4654,4411,43,484,111,33078,48726,38759,9512,44380,5738,620,104313,109236,17096,49340,87171,99584,330,135,1314,1281,462,1858,901,432,266,957,8925,0.0,0.0,0.0,0.0,0.0,0.0,0.0,0.0,0.0,0.0,0.0,0.0,0.0,0.0,0.0,0.0,0.0,0.0,0.0,0.0,0.0,0.0,0.0,0.0,0.0,0.0,0.0,0.0,0.0,0.0,0.0,0.0,0.0,0.0,0.0,0.0,0.0,0.0,0.0,0.0,0.0,0.0,0.0,0.0,0.0,0.0,0.0,0.0,0.0,0.0,0.0,0.0,0.0,0.0,0.0,0.0,0.0,0.0,0.0,0.0,0.0,0.0,0.0,0.0,0.0,0.0,0.0,0.0,0.0,0.0,0.0,0.0,0.0,0.0,0.0,0.0,0.0,0.0,0.0,0.0,0.0,0.0,0.0,0.0,0.0,0.0,0.0,0.0,0.0,0.0,0.0,0.0,0.0,0.0,0.0,0.0,0.0,0.0,0.0,0.0,0.0,0.0,0.0,0.0,0.0,0.0,0.0,0.0,0.0,0.0,0.0,0.0,0.0,0.0,0.0,0.0,0.0,0.0,0.0,0.0,0.0,0.0,0.0,0.0,0.0,0.0,0.0,0.0,0.0,0.0,0.0,0.0,0.0,0.0,0.0,0.0,0.0,0.0,0.0,0.0,0.0,0.0,0.0,0.0,0.0,0.0,0.0,0.0,0.0,0.0
ENCFF001FOG,0.08378291800375254,21279,26,1048,6675,180,32860,4361,63,113,93,189,685,1024,2193,3812,7968,994,154,3832,1771,120,279,39,23,17,268,231,695,4698,1328,95,62,151,548,469,10,589,14,2,4665,5810,13,213,9,10,294,1557,3936,37,230,200,317,176,187,6935,55,114,114,52,263,346,87,2423,57,105,56,26,12108,14870,6173,264,152,370,4824,90,301,97,149,202,63,236,385,2276,107,116,824,7,185,113,4,518,55,12,326,254,2542,59103,4596,31,11916,17815,672,15563,421,138,3059,997,615,3,2757,6865,5883,74,3652,15331,658,7230,97,398,406,2718,192,9158,354,2169,1010,280,1172,147,38,14495,3218,275,5549,2121,9130,13841,47,1172,1101,310,1228,7152,158,95,16,49,16,10,767,159,212,5628,1831,213,1277,7034,646,135,272,925,1033,1265,1480,1325,7896,32,51,15,218,12,357,130,379,360,4,1,102,244,296,9249,2574,15341,708,8974,12092,4210,7973,6944,9849,85,10748,12212,4323,4281,15232,6777,1995,348,67,181,22,101,189,89,26,6,18,1206,76,8717,3318,2618,52,92186,12670,1136,10058,5002,400,214,12900,5252,15359,910,19497,59,19515,25,115,256,30,64,286,80,2131,1731,21,127,201,104,201,82,897,415,1286,83,1236,2013,596,6313,254,71,154,179,79,81,68,1518,229,2235,275,77,511,706,588,2077,7175,145,677,3847,352,181,144,121,198,100,1049,3964,110,171,2910,71,770,79,1988,199,225,103,183,337,97,119,541,490,148,198,171,1604,414,177,174,193,884,5,10,89,114,227,88,9336,57,7282,13,205,12,2262,516,6623,2181,3750,12,835,38,80,407,1381,16315,211,660,1768,386,17,747,81,211,275,5666,2556,706,496,19,73,36,4,16,142,319,773,196,1315,109,99,380,9994,86,479,53543,109,2723,209,1507,348,644,70,120,1327,182,344,375,77,94,91,1427,464,238,359,108,289,421,10742,26,4395,1007,12,20236,3355,16,105,3448,248,28,1800,163,565,111,978,231,3794,710,188,168,409,91,272,202,1447,199,10,363,5,743,98,8,117,131,107,181,214,6618,425,1769,1295,209,153,370,37,19547,35,8827,448,5124,502,77,950,12,11206,2930,3268,23991,724,3894,53,70,82,175,104,296,126,1386,1824,283,13,118,207,9,14,1456,1898,2,65,72,9386,16869,13708,2112,12276,1460,176,23485,41017,8420,14879,25745,32299,132,44,164,143,34,187,1086,116,134,196,2036,0.0,0.0,0.0,0.0,0.0,0.0,0.0,0.0,0.0,0.0,0.0,0.0,0.0,0.0,0.0,0.0,0.0,0.0,0.0,0.0,0.0,0.0,0.0,0.0,0.0,0.0,0.0,0.0,0.0,0.0,0.0,0.0,0.0,0.0,0.0,0.0,0.0,0.0,0.0,0.0,0.0,0.0,0.0,0.0,0.0,0.0,0.0,0.0,0.0,0.0,0.0,0.0,0.0,0.0,0.0,0.0,0.0,0.0,0.0,0.0,0.0,0.0,0.0,0.0,0.0,0.0,0.0,0.0,0.0,0.0,0.0,0.0,0.0,0.0,0.0,0.0,0.0,0.0,0.0,0.0,0.0,0.0,0.0,0.0,0.0,0.0,0.0,0.0,0.0,0.0,0.0,0.0,0.0,0.0,0.0,0.0,0.0,0.0,0.0,0.0,0.0,0.0,0.0,0.0,0.0,0.0,0.0,0.0,0.0,0.0,0.0,0.0,0.0,0.0,0.0,0.0,0.0,0.0,0.0,0.0,0.0,0.0,0.0,0.0,0.0,0.0,0.0,0.0,0.0,0.0,0.0,0.0,0.0,0.0,0.0,0.0,0.0,0.0,0.0,0.0,0.0,0.0,0.0,0.0,0.0,0.0,0.0,0.0,0.0,0.0
ENCFF001QXC,0.16965659578668982,90002,276,5035,97066,1497,205081,9399,407,895,501,952,5163,8239,16836,61405,63342,6293,660,10095,11642,186,1084,119,522,144,1443,2777,5044,46750,5580,483,351,815,2855,2620,114,3065,22,27,39922,16373,36,927,40,81,1047,8812,40799,288,858,1710,2282,640,520,9598,201,542,1491,303,1387,2441,507,20938,482,371,822,155,74221,80226,10391,1688,1155,2158,7121,374,1859,820,1240,1419,397,1527,1901,5606,680,779,5596,29,1297,710,23,1990,199,84,1439,2221,34970,260861,15043,176,41034,58359,4163,50401,1759,1001,7566,2267,2390,220,4358,10765,11447,1088,7363,46995,5088,56789,1000,4006,4000,13341,1721,92071,2266,14350,6807,1151,4132,452,194,41435,24054,1379,30710,14487,17149,40666,499,7193,6754,1831,6291,102145,586,570,251,170,66,49,3144,313,851,19158,6964,1135,6727,97306,5362,590,1894,2299,1605,4412,6454,5898,7742,146,339,56,1666,21,2724,996,1620,342,60,7,987,1230,1611,20769,10028,63164,3517,45803,46799,22344,50800,20627,41413,472,39725,47705,16053,13490,34356,34826,8096,1451,620,1357,117,808,1497,450,56,22,141,7469,606,59352,18415,23917,353,304433,59636,5074,42026,40797,1699,870,61817,36673,96001,12202,76129,346,77112,76,557,1221,302,443,1525,350,5750,3511,56,1037,1416,1004,1391,598,4056,2282,343,316,7184,4470,3060,5697,1869,523,1002,1150,578,525,451,724,1736,7979,2612,530,2689,3381,3347,13201,28025,1993,3571,4511,2162,1295,1022,983,1436,754,160,10820,753,1266,7515,539,2215,620,6024,1720,1618,909,1498,300,758,1012,4044,3722,1310,1456,1124,3275,2272,1145,1259,1368,6210,40,56,645,957,964,602,22517,223,14741,30,774,98,9888,1028,10744,12886,12231,64,4438,275,274,2615,5733,134261,1108,2884,3189,1724,193,4428,258,347,1008,23249,11400,4959,2134,84,1212,152,20,162,1034,2183,4133,941,5956,855,772,2294,121559,644,3352,180196,838,8740,1607,8839,3225,3843,452,939,7564,1333,1605,1648,529,624,432,14356,1991,1530,1816,673,1815,2115,38756,192,15970,3419,42,45323,10904,49,474,11140,1145,164,10042,1217,2801,449,4717,1766,30076,5320,1160,1117,1802,784,1865,1410,2089,1078,60,1546,61,2878,156,163,350,919,441,1363,1126,67927,3937,14947,9899,2592,779,1642,388,53788,349,24330,3105,17843,2317,780,4568,81,45917,8356,15956,67458,2631,24038,436,453,484,1505,667,1774,1127,2258,10670,1690,52,398,1586,49,38,5912,6419,27,655,265,35009,61088,43539,10597,51773,5856,585,103141,127631,19626,63276,97482,115405,448,287,1168,1093,307,1409,1768,675,693,1354,12984,0.0,0.0,0.0,0.0,0.0,0.0,0.0,0.0,0.0,0.0,0.0,0.0,0.0,0.0,0.0,0.0,0.0,0.0,0.0,0.0,0.0,0.0,0.0,0.0,0.0,0.0,0.0,0.0,0.0,0.0,0.0,0.0,0.0,0.0,0.0,0.0,0.0,0.0,0.0,0.0,0.0,0.0,0.0,0.0,0.0,0.0,0.0,0.0,0.0,0.0,0.0,0.0,0.0,0.0,0.0,0.0,0.0,0.0,0.0,0.0,0.0,0.0,0.0,0.0,0.0,0.0,0.0,0.0,0.0,0.0,0.0,0.0,0.0,0.0,0.0,0.0,0.0,0.0,0.0,0.0,0.0,0.0,0.0,0.0,0.0,0.0,0.0,0.0,0.0,0.0,0.0,0.0,0.0,0.0,0.0,0.0,0.0,0.0,0.0,0.0,0.0,0.0,0.0,0.0,0.0,0.0,0.0,0.0,0.0,0.0,0.0,0.0,0.0,0.0,0.0,0.0,0.0,0.0,0.0,0.0,0.0,0.0,0.0,0.0,0.0,0.0,0.0,0.0,0.0,0.0,0.0,0.0,0.0,0.0,0.0,0.0,0.0,0.0,0.0,0.0,0.0,0.0,0.0,0.0,0.0,0.0,0.0,0.0,0.0,0.0
ENCFF600OSX,0.10533185989780372,294596,1240,5947,30833,597,65422,6540,302,365,271,746,3849,2627,8097,20243,15423,3055,429,6114,5852,172,656,92,57,108,984,22940,3451,21170,3922,283,1331,599,2163,1885,614,2142,26,68,8631,10807,199,895,63,425,606,6036,25149,3803,455,1137,1432,441,430,7486,170,319,401,253,590,1846,874,16637,1153,687,6047,167,58515,52223,7397,1210,724,5660,6114,301,1329,528,828,942,253,1018,1283,3783,450,588,3939,20,934,506,21,1120,280,39,1799,1507,27631,176521,10737,634,28574,41564,2640,36258,1813,710,5218,1767,1927,25,3337,8702,8332,196,5301,38754,2331,37974,508,2012,2156,9030,802,51738,1720,6199,3031,1003,2652,303,87,29777,9625,12211,25429,7836,14142,27231,4186,5050,3453,1370,5631,42887,462,3518,105,113,45,31,2091,270,858,11278,4691,675,5008,33541,3750,386,1228,1163,1346,3090,4697,4248,6694,91,148,42,1059,19,1965,663,2100,1746,618,22,1733,835,1101,15796,6935,51017,2428,27487,30908,16114,32102,15277,30142,185,30526,35831,12713,9260,26257,18915,7039,1050,5003,845,244,570,919,133,58,28,33,4496,272,41380,13083,6762,270,306391,43342,5963,31009,28126,1112,677,45062,22741,68574,3487,46795,338,41583,75,401,1001,234,278,1060,336,4153,2517,41,701,984,629,897,430,2751,1599,743,272,4859,3257,2271,3320,1278,363,622,768,368,350,268,789,1095,6784,1345,384,2081,2696,2468,14591,58600,14625,2512,3870,1407,956,730,665,991,556,337,7949,486,856,5344,337,1863,336,4733,1113,998,612,980,685,428,1392,2623,2563,865,966,753,2378,1561,824,788,1062,4539,45,162,353,639,479,283,15790,220,10438,19,510,154,6161,857,7829,7130,8123,23,2795,89,218,1939,4157,76955,1770,3357,2744,1210,1232,3365,214,494,719,17332,7439,3776,1445,32,299,119,17,30,673,1445,2731,642,3965,535,453,1724,42300,1360,2381,130832,676,5646,1068,6031,23650,2855,315,10055,26578,839,1126,1212,453,421,502,118598,1362,943,1224,738,1285,1387,25843,71,11368,2228,30,28030,7488,32,245,6845,774,19,6998,810,1519,239,3516,1215,19466,3602,3431,997,1208,458,1088,830,1379,1061,34,1140,20,2084,201,117,174,2969,707,609,1037,39843,1752,9999,6183,1193,487,1327,308,35403,2127,15869,5794,12144,1281,379,2956,56,35662,7043,12211,54227,5082,18655,693,346,347,2366,1226,1202,699,1746,8255,1057,39,2524,1092,20,35,4008,3693,17,4884,292,24732,47468,34036,9018,37017,4354,667,77730,99276,15087,47205,74022,85960,208,167,831,693,209,856,1531,352,497,683,6937,0.0,0.0,0.0,0.0,0.0,0.0,0.0,0.0,0.0,0.0,0.0,0.0,0.0,0.0,0.0,0.0,0.0,0.0,0.0,0.0,0.0,0.0,0.0,0.0,0.0,0.0,0.0,0.0,0.0,0.0,0.0,0.0,0.0,0.0,0.0,0.0,0.0,0.0,0.0,0.0,0.0,0.0,0.0,0.0,0.0,0.0,0.0,0.0,0.0,0.0,0.0,0.0,0.0,0.0,0.0,0.0,0.0,0.0,0.0,0.0,0.0,0.0,0.0,0.0,0.0,0.0,0.0,0.0,0.0,0.0,0.0,0.0,0.0,0.0,0.0,0.0,0.0,0.0,0.0,0.0,0.0,0.0,0.0,0.0,0.0,0.0,0.0,0.0,0.0,0.0,0.0,0.0,0.0,0.0,0.0,0.0,0.0,0.0,0.0,0.0,0.0,0.0,0.0,0.0,0.0,0.0,0.0,0.0,0.0,0.0,0.0,0.0,0.0,0.0,0.0,0.0,0.0,0.0,0.0,0.0,0.0,0.0,0.0,0.0,0.0,0.0,0.0,0.0,0.0,0.0,0.0,0.0,0.0,0.0,0.0,0.0,0.0,0.0,0.0,0.0,0.0,0.0,0.0,0.0,0.0,0.0,0.0,0.0,0.0,0.0
ENCFF000XIY,0.036990000912418476,2139,12,240,4382,132,11073,306,18,31,12,35,145,350,540,1220,2951,257,31,276,347,9,65,6,4,3,40,37,232,4077,210,21,19,32,124,84,4,97,0,0,409,810,1,57,2,4,30,358,3028,4,61,55,75,20,17,444,10,28,17,7,42,92,29,1588,23,34,6,1,4468,3104,482,56,48,94,386,15,79,44,43,65,22,82,75,266,36,34,191,2,45,40,0,87,10,1,81,118,1551,12105,762,9,2006,2787,147,2421,106,34,385,120,118,0,282,613,666,7,334,2180,322,3626,116,438,307,695,183,5306,98,448,191,35,215,19,5,2076,832,39,2036,540,802,1963,8,259,191,80,216,3325,14,20,7,7,1,2,142,23,25,692,378,43,240,4256,392,17,70,60,57,193,256,288,377,6,9,2,59,3,115,51,252,131,3,3,30,67,51,1160,469,2910,158,2195,2504,879,3479,855,1811,15,1792,2034,672,565,1396,1254,419,49,3,38,4,27,50,15,4,1,0,251,16,3262,968,848,8,12706,3162,268,1938,2340,80,34,2870,1152,4816,657,2779,14,2948,3,22,43,4,14,54,13,204,165,2,44,42,28,57,23,134,84,74,14,301,255,128,155,69,20,41,31,23,38,16,45,86,368,80,23,160,155,126,1362,4102,36,142,238,93,53,35,34,69,33,11,484,22,53,359,20,112,27,267,71,64,44,65,12,32,37,134,148,41,61,62,168,88,44,57,64,225,1,5,26,36,43,25,992,6,705,2,52,7,425,54,462,462,424,1,164,1,11,51,278,5052,46,111,132,83,0,136,7,6,45,791,352,170,116,1,12,8,0,3,30,133,224,37,357,38,23,171,5614,22,129,9083,36,382,51,297,50,174,14,5,256,55,55,48,34,35,16,151,49,50,49,32,71,72,1718,3,633,164,0,1811,492,0,18,386,28,5,425,59,131,18,183,70,2118,388,35,61,49,27,65,44,80,7,2,70,2,110,4,3,9,35,7,82,30,2894,356,995,640,198,41,50,6,2535,4,1007,129,938,88,20,188,1,1867,430,609,3090,333,1987,15,9,23,42,20,58,43,87,424,52,4,22,67,2,4,314,288,0,10,12,1842,2857,1934,501,2579,313,24,5878,6130,817,2906,4602,5649,22,17,40,47,12,49,174,16,27,41,448,0.0,0.0,0.0,0.0,0.0,0.0,0.0,0.0,0.0,0.0,0.0,0.0,0.0,0.0,0.0,0.0,0.0,0.0,0.0,0.0,0.0,0.0,0.0,0.0,0.0,0.0,0.0,0.0,0.0,0.0,0.0,0.0,0.0,0.0,0.0,0.0,0.0,0.0,0.0,0.0,0.0,0.0,0.0,0.0,0.0,0.0,0.0,0.0,0.0,0.0,0.0,0.0,0.0,0.0,0.0,0.0,0.0,0.0,0.0,0.0,0.0,0.0,0.0,0.0,0.0,0.0,0.0,0.0,0.0,0.0,0.0,0.0,0.0,0.0,0.0,0.0,0.0,0.0,0.0,0.0,0.0,0.0,0.0,0.0,0.0,0.0,0.0,0.0,0.0,0.0,0.0,0.0,0.0,0.0,0.0,0.0,0.0,0.0,0.0,0.0,0.0,0.0,0.0,0.0,0.0,0.0,0.0,0.0,0.0,0.0,0.0,0.0,0.0,0.0,0.0,0.0,0.0,0.0,0.0,0.0,0.0,0.0,0.0,0.0,0.0,0.0,0.0,0.0,0.0,0.0,0.0,0.0,0.0,0.0,0.0,0.0,0.0,0.0,0.0,0.0,0.0,0.0,0.0,0.0,0.0,0.0,0.0,0.0,0.0,0.0
ENCFF512LPA,0.11597436072226365,153776,150,4649,63456,777,168323,18976,826,981,491,1666,8027,3930,7693,27105,33780,3026,1965,11500,9026,181,1115,118,325,223,2669,9153,6947,33457,6012,218,88,864,5030,4731,48,5216,87,26,12679,15259,271,722,229,51,1234,12335,36781,549,1567,3309,3394,267,618,8672,175,571,421,694,1890,4262,553,15520,438,613,2567,481,54052,70580,7767,2958,1728,4217,8922,83,3436,1618,1782,2183,653,2957,3313,4058,1022,1865,8594,96,2078,1905,76,1801,1171,132,4476,1269,14001,225946,11844,288,34040,57606,6605,48819,3558,1805,6718,3185,3941,112,6403,12609,15310,1064,9926,50086,2095,50960,213,1083,1424,9675,524,84552,2948,10239,4312,991,3144,366,243,44638,8547,3878,32010,11393,19915,44052,313,9647,11474,3000,5642,92594,1095,698,128,254,161,63,2954,920,1470,18175,5123,522,6074,59825,3388,600,3595,5906,4484,4262,7899,10067,10404,122,284,88,2625,134,3068,1381,2804,1345,11,49,1130,683,3035,17171,8705,60586,4746,29443,50119,18946,43453,24289,43844,461,38245,50226,14380,14051,39934,26088,6681,1689,687,651,52,1858,2967,252,136,89,106,7350,504,61187,12575,11590,738,223773,48693,5882,31832,25225,1835,1157,47011,23197,66340,3509,61244,247,58087,197,429,1890,313,864,2372,583,9133,3319,122,1836,1669,1599,2611,1410,6089,2964,357,360,9497,6737,3464,5345,4193,765,2441,1904,1274,739,626,583,2519,7278,1469,931,2591,6056,4157,12108,75688,8148,5590,5687,2678,2021,1701,1694,2294,1298,173,14203,1478,4117,8671,929,3503,1382,7246,4417,2629,2412,2424,520,1136,897,6408,4597,2309,2008,2015,4379,4099,2823,1476,2803,6089,105,66,1139,2210,1403,913,19967,809,14887,101,291,297,8867,1064,12047,12440,12618,175,3950,453,165,2291,3988,121579,1153,3141,5303,1668,117,4720,280,1646,2464,34719,13747,9104,2388,206,599,303,36,214,1484,1542,3142,1933,8159,1634,1202,2645,97050,390,4084,176567,994,9804,2378,14053,10283,4322,784,594,7608,1969,2765,2901,802,674,167,82725,3938,2703,2583,955,2640,3118,40913,309,25669,2101,168,48329,11141,43,695,9384,1789,364,14016,1914,1881,477,8362,2494,51312,2453,1556,1935,2663,1597,1710,2303,2577,1378,105,2144,139,4705,524,384,179,704,870,301,1286,39136,1450,11122,5671,909,1226,1623,583,49517,516,17377,2633,14171,3139,108,3773,75,59015,10516,16889,68408,3032,37095,240,601,1062,2608,1419,2540,2037,2385,7994,2288,26,204,2439,69,122,4294,4207,56,477,220,38333,49610,39037,10155,43552,6835,1444,86543,117582,17425,48888,91469,110020,311,74,1712,1535,801,2318,1276,1147,398,1215,11724,0.0,0.0,0.0,0.0,0.0,0.0,0.0,0.0,0.0,0.0,0.0,0.0,0.0,0.0,0.0,0.0,0.0,0.0,0.0,0.0,0.0,0.0,0.0,0.0,0.0,0.0,0.0,0.0,0.0,0.0,0.0,0.0,0.0,0.0,0.0,0.0,0.0,0.0,0.0,0.0,0.0,0.0,0.0,0.0,0.0,0.0,0.0,0.0,0.0,0.0,0.0,0.0,0.0,0.0,0.0,0.0,0.0,0.0,0.0,0.0,0.0,0.0,0.0,0.0,0.0,0.0,0.0,0.0,0.0,0.0,0.0,0.0,0.0,0.0,0.0,0.0,0.0,0.0,0.0,0.0,0.0,0.0,0.0,0.0,0.0,0.0,0.0,0.0,0.0,0.0,0.0,0.0,0.0,0.0,0.0,0.0,0.0,0.0,0.0,0.0,0.0,0.0,0.0,0.0,0.0,0.0,0.0,0.0,0.0,0.0,0.0,0.0,0.0,0.0,0.0,0.0,0.0,0.0,0.0,0.0,0.0,0.0,0.0,0.0,0.0,0.0,0.0,0.0,0.0,0.0,0.0,0.0,0.0,0.0,0.0,0.0,0.0,0.0,0.0,0.0,0.0,0.0,0.0,0.0,0.0,0.0,0.0,0.0,0.0,0.0
ENCFF000YPN,0.08092567856539469,76276,95,1349,22666,401,42565,1756,123,184,89,393,1195,1402,2760,13076,11387,1146,113,1654,2223,59,175,26,11,7,351,5759,1321,13303,1097,78,301,186,681,706,191,588,11,15,2890,3342,5,204,6,22,154,1866,11556,755,187,381,594,133,97,2191,45,111,159,35,169,626,121,5429,93,81,1792,56,16672,16973,2058,459,298,1627,1546,73,489,252,358,367,86,436,450,1187,194,254,1293,2,334,222,10,310,27,3,366,584,8569,53752,3098,60,8420,11994,864,10321,386,235,1470,457,490,5,810,2220,2294,28,1980,10377,1169,10878,278,1225,1043,2847,602,18110,609,2290,978,214,779,95,66,8131,3617,3181,9206,2625,3728,8095,1629,1816,1074,451,1527,24510,111,821,33,39,8,11,598,82,276,4302,1424,203,1453,22735,1506,113,412,182,177,873,1630,1507,1712,17,53,5,432,2,735,302,290,328,163,0,582,222,350,4615,2058,15222,767,9229,10555,4993,14644,4443,9409,69,8510,9872,4020,2660,7796,5570,1999,290,1229,267,20,203,352,38,19,3,14,1682,124,16982,4703,3330,59,60854,12421,1631,8546,9471,313,268,12672,6586,21783,2506,13782,76,14208,20,146,588,276,133,393,110,1482,606,12,301,414,271,369,179,816,538,132,64,1491,1077,655,717,547,120,261,324,181,155,133,182,507,1521,590,185,568,912,791,4685,7296,3890,806,998,482,299,250,239,378,235,52,2193,194,375,1657,170,526,161,1297,475,402,253,368,102,218,371,976,1024,337,418,284,817,509,287,357,374,1351,10,19,194,247,157,96,4692,22,3183,7,185,124,1983,200,2117,2384,2921,1,682,26,49,468,1145,24453,554,993,734,362,418,905,34,15,202,5090,2400,1475,446,8,97,37,9,4,288,578,777,185,1287,261,225,632,26976,434,704,37748,197,1805,407,1875,5614,982,149,2272,6437,340,339,389,196,203,220,26508,434,376,394,191,496,522,7651,3,3225,769,4,8874,2159,7,74,2250,241,19,2366,356,458,82,984,462,8397,1509,687,350,411,165,431,341,488,242,1,364,6,753,25,21,31,679,30,298,195,21534,1056,4414,2420,762,173,234,57,10511,700,4793,1796,3843,349,96,937,30,9444,1735,3581,13852,483,7120,279,58,162,832,221,460,274,511,2956,346,8,247,442,7,7,1184,1105,3,1058,54,6665,12461,10288,2311,10628,1199,93,24912,25950,4438,13101,19458,23347,88,60,335,319,90,388,393,70,106,222,2566,0.0,0.0,0.0,0.0,0.0,0.0,0.0,0.0,0.0,0.0,0.0,0.0,0.0,0.0,0.0,0.0,0.0,0.0,0.0,0.0,0.0,0.0,0.0,0.0,0.0,0.0,0.0,0.0,0.0,0.0,0.0,0.0,0.0,0.0,0.0,0.0,0.0,0.0,0.0,0.0,0.0,0.0,0.0,0.0,0.0,0.0,0.0,0.0,0.0,0.0,0.0,0.0,0.0,0.0,0.0,0.0,0.0,0.0,0.0,0.0,0.0,0.0,0.0,0.0,0.0,0.0,0.0,0.0,0.0,0.0,0.0,0.0,0.0,0.0,0.0,0.0,0.0,0.0,0.0,0.0,0.0,0.0,0.0,0.0,0.0,0.0,0.0,0.0,0.0,0.0,0.0,0.0,0.0,0.0,0.0,0.0,0.0,0.0,0.0,0.0,0.0,0.0,0.0,0.0,0.0,0.0,0.0,0.0,0.0,0.0,0.0,0.0,0.0,0.0,0.0,0.0,0.0,0.0,0.0,0.0,0.0,0.0,0.0,0.0,0.0,0.0,0.0,0.0,0.0,0.0,0.0,0.0,0.0,0.0,0.0,0.0,0.0,0.0,0.0,0.0,0.0,0.0,0.0,0.0,0.0,0.0,0.0,0.0,0.0,0.0
ENCFF000ZGB,0.04414210202620633,3579,8,197,1463,30,5739,286,29,16,18,15,155,129,287,609,1376,159,21,292,312,10,25,4,0,3,31,172,167,711,156,7,13,15,63,69,7,82,1,2,388,476,1,21,6,0,39,279,911,20,18,57,62,18,21,390,5,13,19,7,26,58,9,501,12,33,41,1,2091,2115,268,37,24,78,252,19,61,28,25,45,8,40,42,149,20,25,159,0,35,18,1,42,19,1,75,56,640,7954,467,62,1156,1736,117,1585,174,32,175,84,60,1,109,275,314,0,259,1699,114,938,25,108,107,366,55,1221,61,408,305,28,120,19,4,1278,409,95,699,293,546,1172,25,187,182,42,153,1645,15,21,4,5,2,1,78,5,28,531,148,31,166,1502,149,18,40,17,42,89,186,155,240,0,9,0,46,0,92,35,110,545,4,0,35,59,29,649,317,2431,113,1259,1744,883,1349,660,1264,9,1280,1562,667,367,1191,769,245,31,39,42,3,32,30,6,2,0,0,215,6,1368,529,337,9,8101,1520,155,1058,877,57,36,1670,708,2246,196,1691,2,1691,1,18,46,7,12,31,21,164,93,2,37,48,24,41,25,91,60,17,17,213,109,87,94,50,18,28,26,20,17,11,34,51,208,56,14,113,147,114,509,1642,117,119,188,52,27,19,21,41,18,3,358,25,45,244,8,90,22,155,50,47,25,36,40,15,20,100,115,36,49,33,99,60,41,49,47,209,1,3,16,21,49,17,664,2,433,0,27,33,322,28,274,398,303,0,113,7,6,42,209,2883,35,99,95,45,5,100,2,9,25,691,307,137,46,3,9,6,1,4,22,33,106,24,149,37,27,68,1947,21,98,5319,19,270,38,208,182,136,15,76,291,39,29,26,17,20,13,816,50,43,39,36,51,49,1194,2,462,106,0,1282,340,28,8,258,11,2,420,37,165,8,122,57,685,104,60,55,39,20,44,31,81,23,5,46,0,100,15,0,1,29,6,30,22,1025,108,412,256,53,26,23,2,1507,34,765,86,509,37,8,122,0,1615,250,472,2067,181,627,17,9,14,48,20,36,27,81,247,39,4,28,53,1,1,148,141,3,40,3,1176,1854,1395,327,1627,262,25,3377,4366,628,1820,3280,3650,14,9,43,40,13,37,64,40,36,23,344,0.0,0.0,0.0,0.0,0.0,0.0,0.0,0.0,0.0,0.0,0.0,0.0,0.0,0.0,0.0,0.0,0.0,0.0,0.0,0.0,0.0,0.0,0.0,0.0,0.0,0.0,0.0,0.0,0.0,0.0,0.0,0.0,0.0,0.0,0.0,0.0,0.0,0.0,0.0,0.0,0.0,0.0,0.0,0.0,0.0,0.0,0.0,0.0,0.0,0.0,0.0,0.0,0.0,0.0,0.0,0.0,0.0,0.0,0.0,0.0,0.0,0.0,0.0,0.0,0.0,0.0,0.0,0.0,0.0,0.0,0.0,0.0,0.0,0.0,0.0,0.0,0.0,0.0,0.0,0.0,0.0,0.0,0.0,0.0,0.0,0.0,0.0,0.0,0.0,0.0,0.0,0.0,0.0,0.0,0.0,0.0,0.0,0.0,0.0,0.0,0.0,0.0,0.0,0.0,0.0,0.0,0.0,0.0,0.0,0.0,0.0,0.0,0.0,0.0,0.0,0.0,0.0,0.0,0.0,0.0,0.0,0.0,0.0,0.0,0.0,0.0,0.0,0.0,0.0,0.0,0.0,0.0,0.0,0.0,0.0,0.0,0.0,0.0,0.0,0.0,0.0,0.0,0.0,0.0,0.0,0.0,0.0,0.0,0.0,0.0
ENCFF000YDJ,0.0451180083269888,2305,29,175,2083,40,3693,469,30,26,11,53,153,232,450,837,1300,190,28,349,314,14,65,10,4,2,39,54,155,1509,226,12,21,28,81,75,3,94,2,5,464,698,6,40,3,9,25,322,1204,3,67,52,49,34,32,459,13,24,16,4,43,72,10,673,13,20,22,3,2591,2669,512,51,36,58,473,19,44,30,33,41,14,47,54,234,17,13,150,2,27,24,1,87,6,2,72,51,854,9779,615,4,1824,2436,116,2134,88,25,321,97,98,0,203,482,510,14,303,1856,145,1382,23,121,91,518,60,1993,46,347,174,47,211,29,9,2241,721,35,1367,458,926,1611,7,218,206,48,193,2480,36,6,3,10,1,1,122,26,45,570,325,42,242,2026,157,25,66,65,90,165,251,187,466,3,10,1,41,4,97,22,162,337,2,0,28,52,49,997,416,2756,111,1575,2021,807,1640,710,1389,16,1648,1795,692,570,1489,1109,433,44,10,48,5,27,32,8,3,0,4,215,19,1825,593,591,8,17014,1935,221,1617,1243,75,46,2226,981,2953,222,2716,4,2898,7,18,63,42,10,42,11,167,133,1,25,35,21,34,20,111,67,19,8,245,169,105,212,49,15,36,29,14,11,20,36,68,255,54,20,113,100,99,560,898,39,106,235,61,33,43,29,36,19,13,479,18,51,364,16,74,22,235,46,61,25,50,26,17,20,134,109,42,35,37,159,71,31,37,43,162,2,0,18,25,39,16,875,4,581,0,32,8,340,60,423,398,396,1,143,10,20,76,242,3468,46,135,119,69,2,110,15,8,37,732,362,160,107,4,15,8,1,7,27,39,147,23,180,32,20,112,2813,17,96,7136,32,324,39,227,84,117,14,27,230,46,51,32,18,21,23,290,49,45,47,19,44,45,1469,10,559,159,1,1710,438,5,20,304,46,2,358,25,150,24,152,45,1093,142,41,39,51,17,74,29,79,20,2,74,1,126,30,10,11,29,18,39,41,1577,113,477,257,80,30,46,13,2616,5,921,86,754,79,7,174,3,1581,282,502,2462,76,945,8,11,17,38,37,44,25,91,362,48,5,16,58,0,7,244,268,0,13,14,1497,2093,1561,397,1932,270,27,3602,4909,646,2056,3660,4532,15,12,41,34,16,42,83,22,20,26,339,0.0,0.0,0.0,0.0,0.0,0.0,0.0,0.0,0.0,0.0,0.0,0.0,0.0,0.0,0.0,0.0,0.0,0.0,0.0,0.0,0.0,0.0,0.0,0.0,0.0,0.0,0.0,0.0,0.0,0.0,0.0,0.0,0.0,0.0,0.0,0.0,0.0,0.0,0.0,0.0,0.0,0.0,0.0,0.0,0.0,0.0,0.0,0.0,0.0,0.0,0.0,0.0,0.0,0.0,0.0,0.0,0.0,0.0,0.0,0.0,0.0,0.0,0.0,0.0,0.0,0.0,0.0,0.0,0.0,0.0,0.0,0.0,0.0,0.0,0.0,0.0,0.0,0.0,0.0,0.0,0.0,0.0,0.0,0.0,0.0,0.0,0.0,0.0,0.0,0.0,0.0,0.0,0.0,0.0,0.0,0.0,0.0,0.0,0.0,0.0,0.0,0.0,0.0,0.0,0.0,0.0,0.0,0.0,0.0,0.0,0.0,0.0,0.0,0.0,0.0,0.0,0.0,0.0,0.0,0.0,0.0,0.0,0.0,0.0,0.0,0.0,0.0,0.0,0.0,0.0,0.0,0.0,0.0,0.0,0.0,0.0,0.0,0.0,0.0,0.0,0.0,0.0,0.0,0.0,0.0,0.0,0.0,0.0,0.0,0.0
ENCFF000XHG,0.03530973292283127,4154,18,181,2343,70,6977,452,33,22,14,40,170,261,334,690,1808,179,24,245,272,13,30,8,0,3,37,266,174,1665,170,22,20,20,93,70,9,82,0,3,439,589,1,27,4,5,27,276,1635,30,37,44,56,27,23,471,7,17,20,14,44,72,9,666,9,230,87,5,2373,2291,423,55,33,105,361,21,59,24,44,32,11,50,57,205,32,26,158,0,33,21,3,70,15,1,71,63,727,8844,512,10,1576,2160,139,1836,95,31,270,92,104,1,172,441,430,5,283,1772,192,2143,42,209,147,471,102,2899,72,346,165,42,165,30,8,1687,610,167,1129,383,878,1482,56,249,138,52,199,1487,28,47,4,4,3,3,111,9,40,516,249,29,212,2351,190,22,37,78,53,136,247,197,366,1,13,1,44,0,89,41,147,16128,5,4,44,46,47,810,351,2365,117,1467,1778,674,1549,681,1317,13,1395,1607,507,433,1274,950,304,41,43,31,5,22,33,12,5,1,4,209,13,1753,595,578,13,11001,1873,192,1393,1153,63,42,1853,817,2655,333,2236,2,2377,3,11,74,46,18,46,15,198,84,1,34,41,19,35,27,120,79,23,12,210,174,99,183,60,14,38,38,24,22,26,26,69,246,49,18,108,111,94,656,1341,144,109,260,54,31,31,30,35,26,19,484,23,41,304,19,88,25,206,44,61,31,44,32,19,35,116,121,37,56,46,163,74,34,43,38,180,2,5,21,26,64,13,808,14,581,2,38,28,334,46,383,372,344,1,131,5,8,33,252,2953,48,124,108,66,13,124,9,16,41,637,615,181,76,7,50,7,0,5,35,95,166,27,181,30,25,56,3208,34,87,6338,25,330,45,231,265,125,23,106,393,32,43,57,36,22,19,1130,66,36,47,26,53,63,1324,7,464,129,1,1625,331,0,10,273,49,4,320,37,107,14,143,44,1236,147,50,54,46,25,62,31,69,12,1,40,1,113,15,3,10,51,25,52,33,1363,205,493,370,110,26,42,8,2301,25,742,118,697,65,10,148,4,1556,263,470,2232,119,951,13,3,14,52,22,61,29,81,328,50,4,38,39,0,2,226,223,0,37,15,1270,1816,1456,317,1734,251,14,3410,4406,638,1888,3327,4056,18,18,36,36,10,39,92,22,47,45,328,0.0,0.0,0.0,0.0,0.0,0.0,0.0,0.0,0.0,0.0,0.0,0.0,0.0,0.0,0.0,0.0,0.0,0.0,0.0,0.0,0.0,0.0,0.0,0.0,0.0,0.0,0.0,0.0,0.0,0.0,0.0,0.0,0.0,0.0,0.0,0.0,0.0,0.0,0.0,0.0,0.0,0.0,0.0,0.0,0.0,0.0,0.0,0.0,0.0,0.0,0.0,0.0,0.0,0.0,0.0,0.0,0.0,0.0,0.0,0.0,0.0,0.0,0.0,0.0,0.0,0.0,0.0,0.0,0.0,0.0,0.0,0.0,0.0,0.0,0.0,0.0,0.0,0.0,0.0,0.0,0.0,0.0,0.0,0.0,0.0,0.0,0.0,0.0,0.0,0.0,0.0,0.0,0.0,0.0,0.0,0.0,0.0,0.0,0.0,0.0,0.0,0.0,0.0,0.0,0.0,0.0,0.0,0.0,0.0,0.0,0.0,0.0,0.0,0.0,0.0,0.0,0.0,0.0,0.0,0.0,0.0,0.0,0.0,0.0,0.0,0.0,0.0,0.0,0.0,0.0,0.0,0.0,0.0,0.0,0.0,0.0,0.0,0.0,0.0,0.0,0.0,0.0,0.0,0.0,0.0,0.0,0.0,0.0,0.0,0.0
ENCFF002BCC,0.14920914683037728,35557,81,2871,32623,625,102293,5128,299,427,356,533,3937,3934,7030,11043,28596,3341,381,4726,6499,147,629,73,36,38,1209,311,4220,19851,3651,275,150,482,2209,2121,30,2408,46,8,8874,11028,72,764,128,35,602,6496,17580,46,497,1568,1787,509,263,5655,152,323,392,112,649,1547,542,10288,1016,306,136,23,46573,53635,6312,1408,999,1268,4166,262,1537,631,1032,1183,293,1373,1501,3603,548,716,4664,9,1207,574,20,1046,119,80,2750,1636,12224,186396,10763,106,27547,41399,3235,36259,1475,830,5967,2306,2905,30,3570,8030,8600,114,5493,31813,2407,25817,434,1748,1988,9055,749,32126,1649,6516,2753,860,2541,370,120,26317,10404,182,19235,6986,8869,26049,66,5476,2444,1593,3908,42418,434,253,98,121,57,42,2633,247,600,12660,4554,617,4232,33255,3647,376,1462,787,803,3012,6810,6191,4854,123,106,8,1356,30,2357,797,958,85,19,8,735,749,1248,14540,7162,46545,2637,31568,34418,16729,25580,15169,32712,259,29987,36582,13330,8856,24351,19052,5387,967,76,822,39,832,1163,156,93,3,61,4378,255,37803,13345,10875,1558,162688,37278,3461,28924,21408,1122,550,41348,19791,59313,3935,49629,320,44883,40,479,713,47,364,1195,234,4645,1975,58,902,1174,834,1342,527,2958,1811,188,207,5323,3335,2198,2262,1625,550,795,1102,434,435,331,441,1595,5961,1657,475,1872,2604,2549,12379,22519,245,2737,2862,1590,1159,849,846,1219,697,72,6845,538,1009,5380,464,1677,396,4728,1530,1351,918,1277,190,564,558,3182,3106,1073,1269,911,2452,1771,957,1063,1468,4912,19,25,460,801,492,843,14278,94,9338,15,495,54,7192,776,6728,7660,8702,40,2599,113,177,913,3726,61557,598,1824,2240,1177,34,3336,160,119,594,17110,6098,3173,1421,27,84,144,5,15,832,614,2196,787,3026,592,507,1203,46690,376,2610,110376,640,5930,1343,6288,463,2870,324,130,3572,1084,1203,1239,404,525,225,1773,1474,1170,1343,624,1480,1470,28190,79,11947,2229,22,26660,8561,61,253,5677,546,37,7704,1044,1435,317,3896,1453,15113,3325,632,891,1383,508,1700,1137,984,1155,10,915,14,1975,76,108,144,396,185,560,621,27378,1604,9563,5202,1048,456,977,176,31850,99,16624,2029,11488,1103,367,2710,16,33723,6829,12134,51130,2342,16866,302,121,385,970,495,1439,1071,1788,5544,1259,69,181,1445,56,47,3817,3675,7,170,180,22906,44356,33339,7937,36272,4125,349,60499,95842,14645,44860,70086,81549,299,182,966,913,229,1168,1253,341,397,801,8012,0.0,0.0,0.0,0.0,0.0,0.0,0.0,0.0,0.0,0.0,0.0,0.0,0.0,0.0,0.0,0.0,0.0,0.0,0.0,0.0,0.0,0.0,0.0,0.0,0.0,0.0,0.0,0.0,0.0,0.0,0.0,0.0,0.0,0.0,0.0,0.0,0.0,0.0,0.0,0.0,0.0,0.0,0.0,0.0,0.0,0.0,0.0,0.0,0.0,0.0,0.0,0.0,0.0,0.0,0.0,0.0,0.0,0.0,0.0,0.0,0.0,0.0,0.0,0.0,0.0,0.0,0.0,0.0,0.0,0.0,0.0,0.0,0.0,0.0,0.0,0.0,0.0,0.0,0.0,0.0,0.0,0.0,0.0,0.0,0.0,0.0,0.0,0.0,0.0,0.0,0.0,0.0,0.0,0.0,0.0,0.0,0.0,0.0,0.0,0.0,0.0,0.0,0.0,0.0,0.0,0.0,0.0,0.0,0.0,0.0,0.0,0.0,0.0,0.0,0.0,0.0,0.0,0.0,0.0,0.0,0.0,0.0,0.0,0.0,0.0,0.0,0.0,0.0,0.0,0.0,0.0,0.0,0.0,0.0,0.0,0.0,0.0,0.0,0.0,0.0,0.0,0.0,0.0,0.0,0.0,0.0,0.0,0.0,0.0,0.0
ENCFF000ZBC,0.05509209546906889,3834,25,290,3352,61,7678,842,39,40,16,112,273,273,571,1612,1967,292,39,422,500,24,78,8,8,12,69,137,231,1820,353,24,13,45,158,108,2,159,2,12,819,947,5,77,2,2,82,438,1684,23,145,86,84,46,42,683,17,29,62,17,80,146,23,802,13,31,39,21,3503,4197,749,61,54,102,663,26,88,52,57,53,11,68,111,319,38,31,220,2,57,42,2,136,23,2,115,111,1221,14826,928,6,2654,3575,182,3188,108,41,495,151,136,4,245,697,690,18,478,2964,242,2210,51,218,182,735,86,2741,97,600,265,70,292,37,13,2892,814,94,1204,546,1485,2561,23,464,283,83,333,3535,36,24,9,21,0,5,213,30,103,932,449,59,396,3119,253,41,82,129,124,257,502,478,541,9,18,6,70,5,129,41,173,634,7,0,40,70,70,1442,607,3856,175,2274,2928,1286,2461,1074,2103,23,2301,2713,896,890,2014,1655,615,65,43,61,14,31,67,17,2,2,9,416,27,2537,921,611,14,19005,3277,322,2476,1482,116,55,3427,1598,4429,505,4484,8,4902,6,26,205,102,16,61,21,247,179,3,46,59,35,58,27,168,95,31,23,340,273,142,254,88,20,52,45,20,29,22,56,98,373,109,22,132,187,155,779,1211,60,198,331,106,57,40,31,54,25,10,728,37,51,439,20,131,38,305,69,79,36,59,16,30,40,179,168,60,65,53,213,109,53,48,51,245,3,3,28,41,56,36,1362,23,986,3,55,6,577,85,657,699,664,2,208,14,17,128,372,4860,52,188,171,106,4,153,14,12,64,1111,610,370,136,10,20,6,0,8,54,148,285,46,302,40,38,95,4148,33,140,10813,38,511,73,364,134,212,17,45,416,71,68,80,43,31,18,611,78,79,84,29,93,97,2366,10,857,217,8,2685,661,5,34,592,91,5,527,40,143,29,255,64,1049,211,76,77,106,50,96,56,151,53,2,104,3,195,14,8,24,44,44,68,46,3041,204,638,483,121,39,89,32,3733,10,1316,146,1201,134,21,265,3,2499,486,851,3645,119,964,19,26,16,59,39,89,28,78,646,67,5,24,83,3,2,430,437,0,24,23,2224,2955,2289,490,3014,408,38,5536,7177,1019,3068,5416,6868,19,17,53,57,12,57,162,35,41,48,609,0.0,0.0,0.0,0.0,0.0,0.0,0.0,0.0,0.0,0.0,0.0,0.0,0.0,0.0,0.0,0.0,0.0,0.0,0.0,0.0,0.0,0.0,0.0,0.0,0.0,0.0,0.0,0.0,0.0,0.0,0.0,0.0,0.0,0.0,0.0,0.0,0.0,0.0,0.0,0.0,0.0,0.0,0.0,0.0,0.0,0.0,0.0,0.0,0.0,0.0,0.0,0.0,0.0,0.0,0.0,0.0,0.0,0.0,0.0,0.0,0.0,0.0,0.0,0.0,0.0,0.0,0.0,0.0,0.0,0.0,0.0,0.0,0.0,0.0,0.0,0.0,0.0,0.0,0.0,0.0,0.0,0.0,0.0,0.0,0.0,0.0,0.0,0.0,0.0,0.0,0.0,0.0,0.0,0.0,0.0,0.0,0.0,0.0,0.0,0.0,0.0,0.0,0.0,0.0,0.0,0.0,0.0,0.0,0.0,0.0,0.0,0.0,0.0,0.0,0.0,0.0,0.0,0.0,0.0,0.0,0.0,0.0,0.0,0.0,0.0,0.0,0.0,0.0,0.0,0.0,0.0,0.0,0.0,0.0,0.0,0.0,0.0,0.0,0.0,0.0,0.0,0.0,0.0,0.0,0.0,0.0,0.0,0.0,0.0,0.0
ENCFF000ZFC,0.08620802816271125,2818,19,200,1440,40,4156,293,27,23,16,35,138,121,278,818,1038,200,27,214,314,11,52,6,3,3,33,74,151,842,209,19,20,22,76,69,5,96,1,3,421,667,3,61,2,4,35,296,750,9,54,42,36,28,21,530,8,19,33,11,50,52,5,340,15,20,40,3,2095,2857,544,33,24,77,456,17,28,18,29,51,4,39,47,294,18,13,138,1,33,10,0,107,8,1,86,43,637,10619,829,4,2304,2747,121,2488,82,19,363,98,116,2,199,511,477,13,281,2070,129,1252,21,107,108,541,47,1349,50,442,182,58,207,28,8,2208,423,50,475,298,1034,1861,18,198,128,39,226,1569,24,18,3,8,2,1,121,23,27,647,361,30,241,1501,130,18,38,61,57,174,411,389,435,2,7,1,26,1,84,12,286,202,2,0,24,53,32,1083,484,2931,129,1552,2055,738,1342,627,1297,15,1735,1918,799,705,1439,1302,321,53,23,38,3,21,35,13,2,0,5,285,7,1312,590,327,8,10985,2045,226,1660,682,79,51,2140,1041,2562,210,3309,5,3749,3,22,66,16,10,20,9,156,125,2,34,31,18,34,21,119,48,18,11,183,159,108,195,47,20,19,25,11,12,11,43,44,203,63,12,113,129,71,412,747,63,97,237,88,34,18,21,28,16,14,491,17,29,346,15,95,22,222,55,47,26,42,13,24,27,86,88,31,39,25,165,65,28,35,31,135,0,4,16,23,43,15,1107,7,630,2,30,3,388,63,409,403,432,2,121,5,19,59,278,2680,44,127,109,63,1,118,3,15,38,632,270,128,108,2,8,8,2,1,29,59,238,20,207,17,23,78,1934,22,87,8627,11,379,30,177,116,87,11,32,296,30,23,36,19,13,13,503,43,37,39,13,45,46,1583,2,646,148,3,2004,430,3,22,375,48,3,342,27,84,25,160,39,524,103,52,33,39,22,50,24,92,29,2,58,4,106,4,4,7,30,12,24,26,1374,102,366,241,59,35,50,15,2814,10,899,105,924,112,8,199,2,1723,319,533,2491,91,457,7,9,21,38,14,41,17,40,286,31,1,22,39,3,3,291,309,0,17,10,1690,2155,1521,391,2308,333,17,3795,5372,719,2167,4022,4969,34,17,37,33,15,19,115,25,33,35,441,0.0,0.0,0.0,0.0,0.0,0.0,0.0,0.0,0.0,0.0,0.0,0.0,0.0,0.0,0.0,0.0,0.0,0.0,0.0,0.0,0.0,0.0,0.0,0.0,0.0,0.0,0.0,0.0,0.0,0.0,0.0,0.0,0.0,0.0,0.0,0.0,0.0,0.0,0.0,0.0,0.0,0.0,0.0,0.0,0.0,0.0,0.0,0.0,0.0,0.0,0.0,0.0,0.0,0.0,0.0,0.0,0.0,0.0,0.0,0.0,0.0,0.0,0.0,0.0,0.0,0.0,0.0,0.0,0.0,0.0,0.0,0.0,0.0,0.0,0.0,0.0,0.0,0.0,0.0,0.0,0.0,0.0,0.0,0.0,0.0,0.0,0.0,0.0,0.0,0.0,0.0,0.0,0.0,0.0,0.0,0.0,0.0,0.0,0.0,0.0,0.0,0.0,0.0,0.0,0.0,0.0,0.0,0.0,0.0,0.0,0.0,0.0,0.0,0.0,0.0,0.0,0.0,0.0,0.0,0.0,0.0,0.0,0.0,0.0,0.0,0.0,0.0,0.0,0.0,0.0,0.0,0.0,0.0,0.0,0.0,0.0,0.0,0.0,0.0,0.0,0.0,0.0,0.0,0.0,0.0,0.0,0.0,0.0,0.0,0.0
ENCFF000AHJ,0.19443639196159265,123309,238,5527,75880,1552,147240,9749,432,1141,434,767,5869,11159,18265,48694,66900,7170,722,9116,8417,200,950,138,118,126,1453,8136,5893,48947,5600,373,488,747,3305,3091,213,3262,31,19,12282,16368,138,1097,152,71,1014,9784,63334,984,865,2113,2657,715,521,8557,220,569,753,281,1273,2605,669,24606,1564,282,2304,113,83284,87908,9422,1979,1314,2987,6658,415,2153,1017,1517,1646,410,1858,2120,5514,768,1006,6777,30,1613,959,61,1783,431,73,2781,2501,26415,281040,15756,163,41703,62076,4734,53837,1996,1215,7495,2509,2677,63,4551,11381,11688,487,7107,46010,5748,75029,1258,4887,4319,14001,2070,135232,2490,9047,4283,1470,3898,976,330,41045,30254,4326,88471,17497,17027,41729,1414,7678,5958,2174,6129,68862,442,1473,272,130,46,53,3214,462,814,15478,6197,992,5741,85025,7805,813,2262,3851,3668,4821,7218,6350,7260,102,238,134,1915,61,3434,1443,1554,275,196,19,1377,1195,1882,22007,10577,68146,3814,54354,50942,23333,68299,21852,46538,590,42310,51683,16298,13225,34793,27112,9215,1443,1504,1230,105,949,1735,245,144,43,68,6017,681,91885,21129,33115,685,269530,59796,5659,43609,47308,1474,735,64798,32169,101687,10130,60086,322,57108,76,517,1049,255,507,1749,428,6459,3155,62,1278,1664,1100,1793,772,4334,2557,318,312,7969,4755,3267,3696,2150,642,1152,1264,682,653,504,680,2101,8887,2481,735,2731,3915,3869,24493,67677,5257,4122,4295,2345,1618,1210,1133,1821,1014,177,11004,849,1548,7544,662,2523,740,6481,2082,1834,1147,1725,289,851,1105,4353,4472,1537,1633,1361,3504,2487,1477,1543,1853,7176,49,62,745,1166,621,542,20836,154,13523,48,697,87,9567,944,9902,9849,12162,37,4312,302,264,2780,5537,147516,1282,3391,3346,1571,450,4956,302,562,933,25108,11041,5447,1831,114,303,199,19,83,1268,3376,3619,1009,5815,932,834,3643,120280,999,3963,174927,1033,9118,1913,9723,8122,4443,533,3442,12193,1520,1716,1935,580,764,450,39243,2108,1764,1997,948,2060,2222,38646,203,16624,3421,96,36785,8466,39,409,8505,1134,67,10765,1564,1706,385,5164,2057,29875,6939,1933,1333,1970,1019,2228,1649,1711,1119,26,1265,51,2823,273,104,237,1408,618,1638,1457,64645,4438,19514,10847,3045,948,1461,397,49782,880,22391,3521,16836,2061,665,4153,35,51330,9769,16117,69436,3825,43303,585,313,681,2027,753,1995,1387,2744,12444,1880,85,913,1907,86,62,5775,6003,79,1784,230,35522,64281,50221,11916,55511,6574,448,134353,140260,21761,66824,101599,121502,663,281,1377,1210,349,1558,1722,517,671,1207,10445,0.0,0.0,0.0,0.0,0.0,0.0,0.0,0.0,0.0,0.0,0.0,0.0,0.0,0.0,0.0,0.0,0.0,0.0,0.0,0.0,0.0,0.0,0.0,0.0,0.0,0.0,0.0,0.0,0.0,0.0,0.0,0.0,0.0,0.0,0.0,0.0,0.0,0.0,0.0,0.0,0.0,0.0,0.0,0.0,0.0,0.0,0.0,0.0,0.0,0.0,0.0,0.0,0.0,0.0,0.0,0.0,0.0,0.0,0.0,0.0,0.0,0.0,0.0,0.0,0.0,0.0,0.0,0.0,0.0,0.0,0.0,0.0,0.0,0.0,0.0,0.0,0.0,0.0,0.0,0.0,0.0,0.0,0.0,0.0,0.0,0.0,0.0,0.0,0.0,0.0,0.0,0.0,0.0,0.0,0.0,0.0,0.0,0.0,0.0,0.0,0.0,0.0,0.0,0.0,0.0,0.0,0.0,0.0,0.0,0.0,0.0,0.0,0.0,0.0,0.0,0.0,0.0,0.0,0.0,0.0,0.0,0.0,0.0,0.0,0.0,0.0,0.0,0.0,0.0,0.0,0.0,0.0,0.0,0.0,0.0,0.0,0.0,0.0,0.0,0.0,0.0,0.0,0.0,0.0,0.0,0.0,0.0,0.0,0.0,0.0
ENCFF907CWH,0.2593099166310222,1063225,337,3915,8831,141,20942,1653,38,70,63,238,720,400,1059,6157,4260,482,68,1355,1271,33,121,21,7,15,171,87126,607,8246,708,31,4519,122,314,288,1791,368,4,38,1796,2074,13,220,10,88,127,1091,8670,11815,95,200,236,81,59,1348,29,71,67,23,124,402,84,3504,102,88,26669,56,11422,8315,1383,202,114,19498,1626,59,227,110,141,153,35,149,209,610,81,71,679,4,147,72,2,182,365,3,339,261,7109,34984,2138,21,5427,7540,447,6476,214,97,1009,370,474,4,756,1735,1548,38,1047,7142,426,4573,84,319,382,1598,129,9468,262,1086,732,135,473,64,32,6504,1431,53074,7116,1221,2123,4906,15969,929,792,215,7931,11494,133,13451,24,23,6,7,407,48,278,2089,876,127,881,9541,736,66,193,304,304,612,1053,806,1739,12,22,8,178,6,328,99,224,129,1435,16,5693,161,171,3134,1228,32120,399,5047,6727,2902,7901,2730,5226,27,5290,6502,2217,1694,5182,3621,1433,173,19647,236,21,87,128,20,6,4,13,795,27,7792,2263,1154,51,72712,7245,11276,5231,4959,226,147,8303,4253,13536,603,8711,48,7731,2,66,257,147,42,175,31,785,502,13,107,140,118,147,68,443,279,315,49,845,590,395,776,197,58,111,104,53,53,58,188,194,1226,200,66,332,492,454,3168,18420,55978,462,874,235,151,107,86,155,84,182,1488,98,141,1193,62,264,78,841,179,166,106,171,408,70,1526,440,392,126,162,111,612,274,101,121,153,787,7,8,62,99,129,113,3082,35,2357,8,84,29,1132,162,1724,2019,1776,3,438,11,40,458,967,18698,5553,5869,593,197,5667,528,38,63,134,2608,1538,1078,214,6,54,17,2,7,126,300,426,138,722,83,92,525,11632,4398,344,22089,130,1012,138,943,94071,508,69,40739,102998,150,195,181,62,83,1494,479196,225,163,196,109,232,233,4645,4,1931,451,4,5810,2235,6,51,1526,122,9,1118,128,302,33,650,211,6139,870,16596,145,178,75,194,141,253,94,5,172,1,380,14,6,23,9152,117,77,113,6644,278,1822,987,181,84,161,34,8338,8774,2689,13590,2299,275,71,551,29,6404,1246,2575,11859,1892,5745,1489,69,72,6788,267,227,125,305,1002,189,6,10430,185,1,4,762,662,6,19448,30,4388,8395,6440,1423,6232,739,129,14473,17637,2678,8487,13082,14392,38,46,135,147,36,133,410,55,76,142,1190,0.0,0.0,0.0,0.0,0.0,0.0,0.0,0.0,0.0,0.0,0.0,0.0,0.0,0.0,0.0,0.0,0.0,0.0,0.0,0.0,0.0,0.0,0.0,0.0,0.0,0.0,0.0,0.0,0.0,0.0,0.0,0.0,0.0,0.0,0.0,0.0,0.0,0.0,0.0,0.0,0.0,0.0,0.0,0.0,0.0,0.0,0.0,0.0,0.0,0.0,0.0,0.0,0.0,0.0,0.0,0.0,0.0,0.0,0.0,0.0,0.0,0.0,0.0,0.0,0.0,0.0,0.0,0.0,0.0,0.0,0.0,0.0,0.0,0.0,0.0,0.0,0.0,0.0,0.0,0.0,0.0,0.0,0.0,0.0,0.0,0.0,0.0,0.0,0.0,0.0,0.0,0.0,0.0,0.0,0.0,0.0,0.0,0.0,0.0,0.0,0.0,0.0,0.0,0.0,0.0,0.0,0.0,0.0,0.0,0.0,0.0,0.0,0.0,0.0,0.0,0.0,0.0,0.0,0.0,0.0,0.0,0.0,0.0,0.0,0.0,0.0,0.0,0.0,0.0,0.0,0.0,0.0,0.0,0.0,0.0,0.0,0.0,0.0,0.0,0.0,0.0,0.0,0.0,0.0,0.0,0.0,0.0,0.0,0.0,0.0
ENCFF000PXW,0.15562543544233784,108584,205,4577,32331,452,107739,16402,483,590,871,2484,5131,1907,5167,18432,17028,4008,1339,6635,11408,388,1652,149,162,199,2561,4129,5423,23021,8813,547,231,822,3140,2880,88,4082,53,49,17797,23540,78,1149,33,50,1344,10472,16817,526,1573,1711,2071,970,854,15228,296,746,1257,313,2030,2599,140,3816,301,408,1225,187,49870,83114,16447,1716,1138,2845,19185,648,2153,926,1190,1389,356,1575,2108,7002,774,913,5922,37,1277,884,37,2252,253,46,1858,1359,8110,315626,20481,201,57229,74638,4178,65035,2107,1003,11293,3129,3109,82,6025,16602,17292,376,10495,71965,1764,31361,203,1035,1529,14840,458,31652,1981,14516,5863,1140,5607,729,227,67354,6623,2889,12355,5639,48670,62456,407,7652,3461,2054,7921,28546,743,826,88,186,37,84,5041,694,1014,22648,9512,1252,7570,33115,3494,943,1983,1872,1451,5148,8302,8362,14344,125,270,99,1610,59,2464,970,2710,705,49,14,824,1565,1774,28664,14238,88258,3993,40821,57617,24859,33732,24163,47755,487,51722,60926,24653,18624,49514,37841,10160,1518,952,1012,114,928,1528,329,109,62,211,10123,216,36198,16361,4491,387,281748,64111,6352,47709,11106,2529,2027,59975,28218,63740,3206,98863,292,108948,83,742,2777,209,475,1542,873,6963,5663,81,1079,1365,983,1416,687,4277,2517,743,524,9642,5895,3871,7144,2130,481,1153,1148,588,575,406,955,1864,7695,1528,590,2966,4195,3367,10058,18787,2892,4336,7714,2363,1264,1030,928,1492,789,225,17408,843,1682,10143,517,3187,735,7258,1831,1633,970,1546,539,754,909,4140,3364,1212,1468,1247,4905,2777,1449,1225,1658,6530,67,111,646,993,1305,808,36356,571,21256,76,788,286,13915,1939,17235,14840,15786,50,5948,263,264,2650,9798,70000,1801,5127,3908,2183,188,4493,348,504,2243,27932,9435,6905,3388,299,508,192,25,118,1081,2952,5363,1165,7117,832,919,1648,40336,763,3373,241281,761,12366,1531,9626,5141,4004,569,1403,9502,1276,1776,1924,601,702,728,25584,2197,1515,1823,887,2053,2184,49108,141,21152,3908,80,61782,15233,80,644,12752,2458,178,12379,1212,3623,535,5893,1736,15821,2929,1458,1245,1973,795,1868,1373,3497,1221,71,1854,97,3967,295,162,498,927,661,358,755,37004,1248,10497,5502,988,1323,2002,786,81550,340,31404,2970,25635,3260,476,6306,65,58394,10731,20208,82630,2510,15024,312,598,595,1588,725,1802,1102,2158,13293,1601,40,502,1628,61,69,8689,9275,26,725,371,52021,63578,46191,11322,66361,7818,719,99265,150849,19585,62584,116987,146889,332,268,1085,1107,343,1331,2354,867,918,1458,14579,0.0,0.0,0.0,0.0,0.0,0.0,0.0,0.0,0.0,0.0,0.0,0.0,0.0,0.0,0.0,0.0,0.0,0.0,0.0,0.0,0.0,0.0,0.0,0.0,0.0,0.0,0.0,0.0,0.0,0.0,0.0,0.0,0.0,0.0,0.0,0.0,0.0,0.0,0.0,0.0,0.0,0.0,0.0,0.0,0.0,0.0,0.0,0.0,0.0,0.0,0.0,0.0,0.0,0.0,0.0,0.0,0.0,0.0,0.0,0.0,0.0,0.0,0.0,0.0,0.0,0.0,0.0,0.0,0.0,0.0,0.0,0.0,0.0,0.0,0.0,0.0,0.0,0.0,0.0,0.0,0.0,0.0,0.0,0.0,0.0,0.0,0.0,0.0,0.0,0.0,0.0,0.0,0.0,0.0,0.0,0.0,0.0,0.0,0.0,0.0,0.0,0.0,0.0,0.0,0.0,0.0,0.0,0.0,0.0,0.0,0.0,0.0,0.0,0.0,0.0,0.0,0.0,0.0,0.0,0.0,0.0,0.0,0.0,0.0,0.0,0.0,0.0,0.0,0.0,0.0,0.0,0.0,0.0,0.0,0.0,0.0,0.0,0.0,0.0,0.0,0.0,0.0,0.0,0.0,0.0,0.0,0.0,0.0,0.0,0.0
ENCFF326QAT,0.1446191581366565,51378,575,735,7663,85,9917,1462,46,52,43,144,527,454,950,2534,3158,463,85,1166,1051,27,119,15,13,12,153,4767,521,4295,711,55,188,114,372,281,112,317,5,27,1585,2005,20,125,6,163,140,1037,3319,468,84,139,204,87,76,1361,39,58,56,45,176,278,109,1947,49,102,1316,38,8258,8766,1478,174,92,1031,1401,39,184,89,111,123,23,128,197,674,76,62,543,4,124,72,11,250,51,4,374,157,2786,31475,1972,32,5313,7483,436,6350,391,82,1016,375,391,2,650,1593,1628,51,762,6073,339,4766,49,249,309,1574,102,6785,205,1162,484,156,532,63,23,6028,1401,2864,4934,1065,2574,4949,611,750,688,209,1024,5204,104,644,18,12,4,9,415,70,174,1789,898,101,750,7518,544,80,203,369,277,531,735,698,1354,7,26,14,137,8,236,87,1385,148,69,0,360,174,189,2864,1253,8822,336,4592,5888,2383,4245,2321,4326,40,5097,5857,2082,1670,4578,3593,1483,135,883,151,21,84,123,40,12,9,14,720,42,5689,1813,1138,49,95484,6589,1093,4928,3614,223,124,7011,3509,9502,527,8551,20,8447,8,76,191,65,29,149,101,547,475,14,110,122,97,124,62,448,248,172,40,747,503,339,709,161,44,109,100,54,59,40,134,143,1005,178,48,284,462,350,1847,4904,2708,409,754,265,167,128,99,144,81,49,1729,64,139,1014,50,263,57,655,129,168,86,134,106,60,176,339,326,119,119,102,451,241,103,107,126,571,4,6,67,80,119,38,2767,40,2040,1,115,46,1133,169,1533,1306,1343,6,450,8,38,254,739,10436,388,612,392,187,198,479,45,99,159,2636,1375,629,287,16,56,14,4,4,92,376,460,122,651,71,66,267,9123,226,316,22506,171,982,144,924,4915,411,35,1909,4639,102,187,189,40,56,108,20987,217,136,210,92,189,195,4529,12,1682,458,10,5443,1216,12,66,1119,183,4,1016,130,294,42,511,182,4110,480,917,94,174,60,166,99,272,113,8,201,5,371,32,6,30,503,224,99,146,4878,220,1364,789,173,128,201,36,6526,436,3060,925,2291,265,47,572,10,6127,1181,1930,9198,450,2138,91,70,43,409,346,213,109,254,1344,194,3,506,123,9,14,840,736,6,943,41,4631,7085,5020,1331,6429,717,96,12763,16321,2159,7048,11915,14807,46,36,107,86,41,117,301,51,70,107,1150,0.0,0.0,0.0,0.0,0.0,0.0,0.0,0.0,0.0,0.0,0.0,0.0,0.0,0.0,0.0,0.0,0.0,0.0,0.0,0.0,0.0,0.0,0.0,0.0,0.0,0.0,0.0,0.0,0.0,0.0,0.0,0.0,0.0,0.0,0.0,0.0,0.0,0.0,0.0,0.0,0.0,0.0,0.0,0.0,0.0,0.0,0.0,0.0,0.0,0.0,0.0,0.0,0.0,0.0,0.0,0.0,0.0,0.0,0.0,0.0,0.0,0.0,0.0,0.0,0.0,0.0,0.0,0.0,0.0,0.0,0.0,0.0,0.0,0.0,0.0,0.0,0.0,0.0,0.0,0.0,0.0,0.0,0.0,0.0,0.0,0.0,0.0,0.0,0.0,0.0,0.0,0.0,0.0,0.0,0.0,0.0,0.0,0.0,0.0,0.0,0.0,0.0,0.0,0.0,0.0,0.0,0.0,0.0,0.0,0.0,0.0,0.0,0.0,0.0,0.0,0.0,0.0,0.0,0.0,0.0,0.0,0.0,0.0,0.0,0.0,0.0,0.0,0.0,0.0,0.0,0.0,0.0,0.0,0.0,0.0,0.0,0.0,0.0,0.0,0.0,0.0,0.0,0.0,0.0,0.0,0.0,0.0,0.0,0.0,0.0
ENCFF311ZPM,0.07888011481982525,167115,3196,11072,88199,1201,144558,17851,691,830,829,2142,9233,6997,21815,46490,39795,7958,1025,13018,16074,404,1632,239,165,176,2787,7713,8667,42577,8628,582,791,1468,4586,4236,379,4706,105,437,21971,25217,175,1993,254,888,1330,15106,67660,1268,1214,2788,3460,977,1050,16536,490,804,1180,510,1581,4431,1393,36320,2831,2408,2111,430,139692,189539,17211,2690,1715,4373,13281,869,3153,1259,1970,2310,611,2560,2863,9179,1089,1386,9702,48,2158,1319,63,2597,503,85,4347,3440,45965,439788,26834,387,74359,107787,6509,96799,5322,1571,12409,4526,4847,84,8313,21209,19540,264,14255,81219,4865,61517,843,3629,4705,21332,1445,83626,3618,16065,7568,2310,6043,815,260,77004,28395,4738,44172,20222,36407,66202,1862,12571,6705,3006,10492,111274,978,1402,239,201,92,87,5289,745,2264,27769,12057,1379,9858,93472,9184,932,2790,2291,2396,7732,10036,8555,15496,285,338,83,2528,69,4918,1510,3977,87271,299,167,1721,1908,2596,44304,16866,116174,6043,72661,87941,39828,78318,39031,78311,530,76049,88441,42083,23166,65270,48287,16675,2572,1531,1528,971,1344,2242,333,172,57,93,11736,588,95089,32465,18350,841,729789,99963,11424,72706,61987,2642,4136,107396,49092,155839,6859,126502,834,104408,66,994,3263,891,722,2263,747,10215,6137,200,1629,2452,1463,2242,1102,6146,3444,1471,590,12211,6984,5435,7141,2902,846,1619,1801,840,868,648,1622,2803,16060,3307,996,5581,7009,5771,33015,217968,5690,5781,12147,3399,2131,1644,1498,2376,1298,690,19536,1207,2096,12074,849,3823,941,10954,2797,2504,1554,2292,1336,1172,2067,6255,6482,2018,2437,1964,5829,3982,1954,1883,2418,11465,154,132,960,1524,1342,904,35721,401,23196,53,1153,232,14965,1910,18168,18927,19420,62,6837,234,533,3103,10433,198048,1523,5819,5821,2746,563,8342,366,742,1755,45001,16762,9606,2888,155,629,272,30,114,1699,3186,7118,1375,11141,1144,1365,3759,119973,1439,5796,324218,1665,16707,2518,13769,8967,7108,843,3612,17260,2008,2324,2506,1058,1089,628,42606,2867,2266,2605,1533,2979,3193,61925,129,26222,5746,89,68232,18488,144,638,17483,1748,98,17333,2036,4599,595,8153,2825,52406,8247,2150,2400,2569,1152,2884,2103,3395,1959,103,3045,50,5499,609,150,372,1638,1258,1329,2101,78915,3091,23810,13468,2365,1316,2519,289,96577,799,40566,5544,29343,2896,972,6888,173,81404,19004,27115,122393,17147,44612,758,843,981,2847,2819,2804,1832,4420,19599,2532,99,1113,2591,65,111,8788,9117,60,2087,418,59999,118619,81637,22872,92787,11335,1055,172382,246702,36913,108628,194466,213674,556,437,2108,1710,508,2107,3431,993,1040,1650,17679,0.0,0.0,0.0,0.0,0.0,0.0,0.0,0.0,0.0,0.0,0.0,0.0,0.0,0.0,0.0,0.0,0.0,0.0,0.0,0.0,0.0,0.0,0.0,0.0,0.0,0.0,0.0,0.0,0.0,0.0,0.0,0.0,0.0,0.0,0.0,0.0,0.0,0.0,0.0,0.0,0.0,0.0,0.0,0.0,0.0,0.0,0.0,0.0,0.0,0.0,0.0,0.0,0.0,0.0,0.0,0.0,0.0,0.0,0.0,0.0,0.0,0.0,0.0,0.0,0.0,0.0,0.0,0.0,0.0,0.0,0.0,0.0,0.0,0.0,0.0,0.0,0.0,0.0,0.0,0.0,0.0,0.0,0.0,0.0,0.0,0.0,0.0,0.0,0.0,0.0,0.0,0.0,0.0,0.0,0.0,0.0,0.0,0.0,0.0,0.0,0.0,0.0,0.0,0.0,0.0,0.0,0.0,0.0,0.0,0.0,0.0,0.0,0.0,0.0,0.0,0.0,0.0,0.0,0.0,0.0,0.0,0.0,0.0,0.0,0.0,0.0,0.0,0.0,0.0,0.0,0.0,0.0,0.0,0.0,0.0,0.0,0.0,0.0,0.0,0.0,0.0,0.0,0.0,0.0,0.0,0.0,0.0,0.0,0.0,0.0
ENCFF001HQN,0.16612313304367782,39330,159,4471,47933,1210,123199,3971,318,606,237,412,3282,5853,11572,23507,42780,3740,316,4499,4757,99,496,54,38,23,613,1457,3656,44520,2465,162,165,401,2045,1955,76,1701,20,11,6359,7958,66,467,73,36,427,5623,35937,201,508,1237,1632,314,170,3839,121,233,291,73,493,1417,617,24882,940,305,497,25,61947,43436,4217,1253,809,1439,2807,198,1307,645,926,962,276,1210,1299,2803,527,656,4078,7,1026,591,15,726,122,18,1323,1765,23239,140363,7458,97,20024,29523,2495,25917,1445,792,3342,976,1140,12,1792,5030,4712,121,4217,22612,3582,51693,999,3827,3273,7153,1678,75452,1735,4376,2027,398,1657,312,86,18091,17004,858,38484,10706,6108,18572,299,4546,2844,1302,2964,58367,407,340,122,83,37,25,1429,158,322,8947,3185,486,3217,49595,4524,289,1230,555,607,2491,2717,2344,3225,52,87,12,1216,14,2067,732,751,576,48,28,742,556,1066,10697,5151,32376,2297,29018,31652,14620,39432,12685,27526,240,21600,26177,7541,6483,18055,12993,4949,866,310,526,54,562,1078,113,51,10,18,3194,344,64779,12904,15164,137,157956,34529,3515,24398,39315,653,430,38929,17120,71780,7167,29678,217,26885,30,202,565,85,345,1076,166,3917,1601,24,850,1115,714,1054,516,2525,1570,153,175,4479,2624,1811,1698,1547,394,817,867,428,419,348,312,1367,4901,1465,506,1626,2463,2316,16313,67093,1037,2499,1919,1438,941,649,721,1160,665,89,5025,546,987,3948,443,1465,522,3728,1385,1190,765,1132,134,612,523,2811,2739,938,1092,855,1872,1556,914,1006,1131,4210,17,35,486,761,317,263,9923,82,6514,22,376,32,4983,419,4655,5050,6401,20,1897,72,141,919,2571,100059,501,1442,2045,904,132,2864,103,79,434,13309,5639,2725,915,22,108,77,11,31,813,1075,1989,563,3322,648,619,2885,65166,476,2442,90080,576,4329,1201,5539,1585,2624,340,718,4220,953,1027,1076,488,529,227,7567,1281,1083,1174,457,1258,1297,18863,48,9073,1743,16,18076,4976,31,177,4942,436,26,6309,983,882,176,3102,1284,25956,4761,583,1053,1174,523,1210,1054,826,600,8,796,18,1531,78,54,90,346,92,948,744,52035,3341,12196,8212,2112,540,527,127,22957,226,12133,1786,8266,824,234,2051,17,21964,4349,7638,32988,5982,26796,279,138,433,1091,484,1138,855,1556,7344,1121,36,244,1238,9,23,2503,2513,10,381,121,17195,37511,28807,7409,26289,3152,300,74868,75101,12754,37962,55124,62151,295,136,888,897,268,1023,761,253,267,459,5701,0.0,0.0,0.0,0.0,0.0,0.0,0.0,0.0,0.0,0.0,0.0,0.0,0.0,0.0,0.0,0.0,0.0,0.0,0.0,0.0,0.0,0.0,0.0,0.0,0.0,0.0,0.0,0.0,0.0,0.0,0.0,0.0,0.0,0.0,0.0,0.0,0.0,0.0,0.0,0.0,0.0,0.0,0.0,0.0,0.0,0.0,0.0,0.0,0.0,0.0,0.0,0.0,0.0,0.0,0.0,0.0,0.0,0.0,0.0,0.0,0.0,0.0,0.0,0.0,0.0,0.0,0.0,0.0,0.0,0.0,0.0,0.0,0.0,0.0,0.0,0.0,0.0,0.0,0.0,0.0,0.0,0.0,0.0,0.0,0.0,0.0,0.0,0.0,0.0,0.0,0.0,0.0,0.0,0.0,0.0,0.0,0.0,0.0,0.0,0.0,0.0,0.0,0.0,0.0,0.0,0.0,0.0,0.0,0.0,0.0,0.0,0.0,0.0,0.0,0.0,0.0,0.0,0.0,0.0,0.0,0.0,0.0,0.0,0.0,0.0,0.0,0.0,0.0,0.0,0.0,0.0,0.0,0.0,0.0,0.0,0.0,0.0,0.0,0.0,0.0,0.0,0.0,0.0,0.0,0.0,0.0,0.0,0.0,0.0,0.0
ENCFF000PPW,0.11108523539622255,42321,248,2247,26120,689,66338,3749,164,343,194,346,2217,2797,5894,13772,18657,2332,268,3476,3848,101,485,46,24,24,583,2093,2464,33624,2375,184,212,370,1421,1316,100,1448,14,8,5530,7530,41,395,22,87,422,4002,17973,269,343,756,1084,281,199,5026,104,208,229,71,405,865,241,11518,401,327,511,24,36918,36456,5744,844,547,1115,6412,215,1012,413,627,679,151,717,797,2665,414,376,2603,9,661,397,12,786,99,8,1003,1023,15165,113341,6633,53,18400,26935,1841,23034,1047,490,3668,1084,1083,12,1842,5037,4991,59,3106,26831,2216,34796,634,2418,2017,6288,1102,49381,1203,4313,1804,493,1858,283,102,20497,8915,4950,18543,5960,12623,18874,368,3016,2152,845,2423,40001,267,363,63,96,32,17,1456,219,329,7191,3143,396,3340,27292,2651,263,874,631,631,2041,3232,2862,3841,33,120,27,814,30,1337,473,995,2806,79,6,485,443,749,11769,5107,30958,1782,20988,23745,10678,32295,9903,21072,201,19553,23075,7992,6541,17062,13123,4447,604,529,556,30,401,712,123,45,25,56,2772,230,43500,9822,8241,260,137183,26257,2544,19574,20027,708,364,28256,13166,43533,4119,29685,159,30110,25,220,467,43,214,727,290,2669,1463,29,481,709,477,680,304,1822,1090,296,110,3260,2196,1290,2322,953,281,545,574,279,265,220,388,942,3563,985,286,1339,1714,1522,8400,15974,1693,1738,2205,1013,658,509,450,702,428,278,5043,359,586,3760,272,1125,339,2778,863,791,485,699,159,341,388,1842,1907,663,734,563,1737,1090,615,609,767,2703,15,20,296,444,424,176,9481,76,6347,19,396,36,4438,552,4747,4431,5223,17,1648,36,135,1109,2498,47190,455,1608,1721,752,116,1740,143,116,472,9970,4321,1817,1026,21,140,91,6,39,516,750,1648,420,2550,393,373,1007,35776,365,1484,82482,403,3935,748,3734,2285,1819,219,902,4204,643,717,779,304,318,173,10134,882,656,844,328,932,957,16898,19,6885,1470,10,18340,4948,68,219,4412,540,27,4528,626,1122,184,2240,861,17184,2689,547,653,799,340,817,589,1008,632,11,826,37,1176,140,12,107,429,175,545,606,19619,2008,7180,4835,1264,390,544,83,23562,230,9461,1501,8427,901,201,1874,9,18902,3725,6475,28674,1295,13800,195,117,332,792,431,838,531,1050,5167,755,21,271,844,13,16,2654,2688,16,478,150,16482,28023,21579,5116,23912,2830,246,55051,60341,9435,28256,44488,52971,173,101,563,521,157,679,915,161,269,391,4617,0.0,0.0,0.0,0.0,0.0,0.0,0.0,0.0,0.0,0.0,0.0,0.0,0.0,0.0,0.0,0.0,0.0,0.0,0.0,0.0,0.0,0.0,0.0,0.0,0.0,0.0,0.0,0.0,0.0,0.0,0.0,0.0,0.0,0.0,0.0,0.0,0.0,0.0,0.0,0.0,0.0,0.0,0.0,0.0,0.0,0.0,0.0,0.0,0.0,0.0,0.0,0.0,0.0,0.0,0.0,0.0,0.0,0.0,0.0,0.0,0.0,0.0,0.0,0.0,0.0,0.0,0.0,0.0,0.0,0.0,0.0,0.0,0.0,0.0,0.0,0.0,0.0,0.0,0.0,0.0,0.0,0.0,0.0,0.0,0.0,0.0,0.0,0.0,0.0,0.0,0.0,0.0,0.0,0.0,0.0,0.0,0.0,0.0,0.0,0.0,0.0,0.0,0.0,0.0,0.0,0.0,0.0,0.0,0.0,0.0,0.0,0.0,0.0,0.0,0.0,0.0,0.0,0.0,0.0,0.0,0.0,0.0,0.0,0.0,0.0,0.0,0.0,0.0,0.0,0.0,0.0,0.0,0.0,0.0,0.0,0.0,0.0,0.0,0.0,0.0,0.0,0.0,0.0,0.0,0.0,0.0,0.0,0.0,0.0,0.0
ENCFF973AFN,0.14975924422846754,44826,136,4585,43976,717,97207,9953,255,612,385,787,3359,5180,10095,20603,34218,4513,821,5964,7918,262,1165,169,75,60,1454,514,3650,26647,5573,367,224,637,1798,1650,27,2540,22,13,9603,17498,77,1042,303,28,921,7165,21050,32,671,998,1366,825,512,13445,233,595,531,394,1133,1682,579,11846,472,370,82,47,56195,65494,13369,1043,661,1370,8807,474,1259,581,742,909,205,1013,1283,5976,462,506,4049,25,820,482,33,2053,788,53,1366,1376,16367,240137,15587,613,42068,57154,2926,49634,1186,620,8775,2600,2949,22,4720,11503,11266,108,5827,52152,2888,35496,521,2163,2248,12698,932,44150,1422,9201,4749,1191,4668,669,210,56121,15395,141,20608,9052,19976,47075,41,5212,3499,1215,5188,54654,495,316,148,167,55,55,3743,474,778,14973,7578,1047,5001,45104,3467,648,1245,1039,983,3682,6906,6328,9338,78,157,32,994,42,1884,595,1067,354,10,7,514,1840,988,23105,11014,71253,2789,38348,44034,18876,33337,17365,32499,404,41404,47783,21544,13759,31551,26810,6767,1115,41,763,74,554,881,277,120,25,50,5510,458,39306,12838,13936,251,247990,46467,4488,38742,24675,1928,803,54022,22078,63115,4595,67469,315,70828,226,752,1089,90,318,973,254,4401,3230,65,630,860,584,875,426,2654,1497,408,411,6113,3923,2773,4796,1198,316,650,705,327,372,287,933,1138,6409,1346,364,2279,2625,2328,10296,23852,276,2824,4990,1465,945,716,626,1009,510,251,10321,481,783,8845,343,2604,410,5651,1070,1002,611,903,1147,484,587,2647,2475,740,912,717,3692,1815,776,725,896,4287,22,51,378,578,1641,279,24292,141,15148,25,860,485,10480,1471,10526,9409,8259,15,3670,157,282,1934,6389,74769,996,2607,2829,1593,28,2930,283,225,1214,17997,6389,3156,2337,63,1022,171,13,40,624,638,3206,651,4942,454,482,2317,59789,375,2242,185672,545,8897,973,5465,497,2801,285,70,4815,746,1003,1124,348,439,402,1678,1317,919,1077,478,1161,1340,37522,126,14059,3296,39,42097,9908,44,426,8464,735,68,8839,720,3716,485,3564,1148,20278,3220,741,725,1138,430,1224,799,2077,513,60,1531,41,2479,138,51,322,509,384,815,814,33181,1992,9002,5294,1381,585,1523,158,61240,80,26064,1780,20594,2780,429,4280,12,42991,8078,14043,66741,2725,17407,233,228,327,808,399,1170,701,1621,9737,1043,65,263,1015,24,43,6827,7292,10,95,289,37217,55405,37094,9429,53373,6147,869,98006,131420,15708,60182,97439,114895,449,304,710,667,207,814,2171,469,729,966,8934,0.0,0.0,0.0,0.0,0.0,0.0,0.0,0.0,0.0,0.0,0.0,0.0,0.0,0.0,0.0,0.0,0.0,0.0,0.0,0.0,0.0,0.0,0.0,0.0,0.0,0.0,0.0,0.0,0.0,0.0,0.0,0.0,0.0,0.0,0.0,0.0,0.0,0.0,0.0,0.0,0.0,0.0,0.0,0.0,0.0,0.0,0.0,0.0,0.0,0.0,0.0,0.0,0.0,0.0,0.0,0.0,0.0,0.0,0.0,0.0,0.0,0.0,0.0,0.0,0.0,0.0,0.0,0.0,0.0,0.0,0.0,0.0,0.0,0.0,0.0,0.0,0.0,0.0,0.0,0.0,0.0,0.0,0.0,0.0,0.0,0.0,0.0,0.0,0.0,0.0,0.0,0.0,0.0,0.0,0.0,0.0,0.0,0.0,0.0,0.0,0.0,0.0,0.0,0.0,0.0,0.0,0.0,0.0,0.0,0.0,0.0,0.0,0.0,0.0,0.0,0.0,0.0,0.0,0.0,0.0,0.0,0.0,0.0,0.0,0.0,0.0,0.0,0.0,0.0,0.0,0.0,0.0,0.0,0.0,0.0,0.0,0.0,0.0,0.0,0.0,0.0,0.0,0.0,0.0,0.0,0.0,0.0,0.0,0.0,0.0
ENCFF000VJI,0.07473998164111109,2736,15,300,4612,32,4365,604,32,24,17,134,339,165,392,1930,1173,241,60,346,479,32,92,11,6,20,90,9,244,2727,348,40,21,37,142,127,0,139,2,11,930,1079,2,84,1,6,46,414,3120,1,68,84,100,39,51,954,12,28,41,11,74,170,19,896,14,54,2,46,3820,4481,823,62,48,80,687,21,72,45,66,43,12,75,76,405,24,36,230,4,45,34,1,151,13,0,93,87,1651,15674,1119,6,3120,4101,157,3605,97,37,562,177,137,2,331,804,719,6,479,3342,142,1681,17,99,97,844,57,2590,81,594,280,83,357,36,5,3547,628,5,1403,461,1916,2858,2,450,238,71,290,2635,37,19,6,19,6,4,205,42,115,889,509,71,329,4462,271,33,58,130,118,224,436,377,896,7,85,3,60,2,117,43,303,3695,0,0,44,74,57,1639,713,4587,186,2182,2699,1083,2716,1115,2086,10,3070,3422,1442,1037,2030,1822,574,74,5,45,21,49,39,30,7,0,0,393,6,3567,978,604,17,17396,2659,310,2463,1357,112,65,3423,1404,4001,199,4328,14,4508,8,21,215,214,15,44,21,256,210,3,47,63,39,68,23,164,77,57,19,329,278,154,370,88,27,36,48,27,25,12,80,76,365,73,31,139,184,152,1009,2172,17,184,496,94,55,31,37,50,34,48,704,27,44,674,25,136,30,377,67,75,24,63,57,18,36,178,166,56,60,41,300,101,40,48,60,249,2,5,26,27,96,17,1502,12,1034,2,67,4,581,99,697,686,632,1,185,11,20,51,438,3095,70,188,198,98,1,158,11,8,78,1044,506,532,185,6,52,12,0,11,35,168,294,43,351,46,32,160,5693,25,115,12706,34,532,72,368,26,175,17,6,354,65,73,54,38,28,17,104,83,66,62,31,81,90,2424,7,938,261,3,3138,705,6,28,625,52,6,552,45,200,38,231,74,2094,304,49,51,65,28,118,37,118,42,4,107,3,210,61,8,18,32,101,34,52,2855,115,721,324,96,25,75,23,3894,3,1500,121,1260,138,22,305,12,2296,441,768,3515,100,1058,16,18,19,43,28,69,43,103,442,53,3,24,80,0,4,456,481,0,6,28,2295,3192,2249,528,3296,462,34,6204,7984,1074,3313,5835,7455,27,28,46,39,14,63,159,29,71,54,556,0.0,0.0,0.0,0.0,0.0,0.0,0.0,0.0,0.0,0.0,0.0,0.0,0.0,0.0,0.0,0.0,0.0,0.0,0.0,0.0,0.0,0.0,0.0,0.0,0.0,0.0,0.0,0.0,0.0,0.0,0.0,0.0,0.0,0.0,0.0,0.0,0.0,0.0,0.0,0.0,0.0,0.0,0.0,0.0,0.0,0.0,0.0,0.0,0.0,0.0,0.0,0.0,0.0,0.0,0.0,0.0,0.0,0.0,0.0,0.0,0.0,0.0,0.0,0.0,0.0,0.0,0.0,0.0,0.0,0.0,0.0,0.0,0.0,0.0,0.0,0.0,0.0,0.0,0.0,0.0,0.0,0.0,0.0,0.0,0.0,0.0,0.0,0.0,0.0,0.0,0.0,0.0,0.0,0.0,0.0,0.0,0.0,0.0,0.0,0.0,0.0,0.0,0.0,0.0,0.0,0.0,0.0,0.0,0.0,0.0,0.0,0.0,0.0,0.0,0.0,0.0,0.0,0.0,0.0,0.0,0.0,0.0,0.0,0.0,0.0,0.0,0.0,0.0,0.0,0.0,0.0,0.0,0.0,0.0,0.0,0.0,0.0,0.0,0.0,0.0,0.0,0.0,0.0,0.0,0.0,0.0,0.0,0.0,0.0,0.0
ENCFF110AOO,0.10855931326033613,21454,75,1638,27212,181,63062,3782,176,125,200,330,2446,863,2733,17581,11306,1145,447,1970,3299,70,476,32,20,12,2956,482,2443,10566,2247,117,43,366,1833,1664,31,1631,16,3,5007,7074,35,310,56,12,1431,4503,11174,45,586,1123,1117,204,234,4164,38,243,144,51,490,1050,340,5271,1265,199,130,35,23287,26754,4652,980,553,1284,3859,163,1162,477,577,739,177,953,1611,2121,299,604,3172,2,626,553,12,646,34,1,660,669,8451,97790,6402,100,16603,24776,1945,21570,1579,456,3231,1088,1278,13,2151,4732,4606,29,3368,23850,782,17426,65,441,573,4723,184,25128,1092,4060,1435,247,1602,135,13,20147,3290,167,10341,3201,11441,19270,29,3168,1784,1204,2267,19495,294,99,37,75,91,9,1395,283,246,6691,2317,171,2216,28135,1673,192,1046,667,345,1646,2401,2232,4405,25,105,25,888,12,1103,488,697,275,10,14,422,347,1155,8765,4046,26232,1844,13921,19474,8578,14301,9750,18649,152,16976,20695,6439,6097,15579,11904,3139,613,63,305,48,563,912,60,8,18,13,2916,39,26560,6123,3659,117,177658,22630,2903,15768,10813,724,351,21268,10551,29016,1094,26775,136,24610,6,261,495,16,211,788,744,3116,1933,7,623,618,496,838,323,2618,1356,407,236,3839,2390,1215,1884,1290,320,638,700,308,236,168,356,1036,3111,631,263,970,2430,1761,8851,35389,366,2122,3267,918,790,578,481,809,463,284,4375,424,1038,3651,215,1279,404,2847,1124,928,659,830,197,376,373,1995,1645,621,680,656,1981,1223,893,554,979,2788,15,14,309,565,331,120,8592,53,5965,13,182,29,3963,497,4573,4442,5230,9,1621,27,67,673,2394,42901,367,1094,2194,763,35,2228,62,149,968,24736,3236,2551,811,20,126,22,5,19,465,998,1426,756,2702,483,360,1200,36856,156,1359,77838,344,4028,817,4850,709,1645,190,112,2239,606,1130,1138,322,283,147,2771,1541,848,1148,621,1025,1350,15713,10,9463,893,19,18074,4523,37,262,4809,383,11,5299,579,611,91,3399,815,7573,1435,274,557,1013,389,776,730,745,479,8,635,11,1682,76,93,40,98,114,85,386,12190,429,4849,2270,348,402,419,66,17509,61,13462,928,6631,808,63,1559,1,48613,3707,12146,33781,2047,7449,127,119,284,733,339,903,643,1191,2908,949,8,114,868,7,12,2172,2187,9,83,50,16953,24811,17843,5612,19810,2996,446,42586,54477,7994,23089,46370,49310,165,68,497,507,152,706,543,224,150,527,4423,0.0,0.0,0.0,0.0,0.0,0.0,0.0,0.0,0.0,0.0,0.0,0.0,0.0,0.0,0.0,0.0,0.0,0.0,0.0,0.0,0.0,0.0,0.0,0.0,0.0,0.0,0.0,0.0,0.0,0.0,0.0,0.0,0.0,0.0,0.0,0.0,0.0,0.0,0.0,0.0,0.0,0.0,0.0,0.0,0.0,0.0,0.0,0.0,0.0,0.0,0.0,0.0,0.0,0.0,0.0,0.0,0.0,0.0,0.0,0.0,0.0,0.0,0.0,0.0,0.0,0.0,0.0,0.0,0.0,0.0,0.0,0.0,0.0,0.0,0.0,0.0,0.0,0.0,0.0,0.0,0.0,0.0,0.0,0.0,0.0,0.0,0.0,0.0,0.0,0.0,0.0,0.0,0.0,0.0,0.0,0.0,0.0,0.0,0.0,0.0,0.0,0.0,0.0,0.0,0.0,0.0,0.0,0.0,0.0,0.0,0.0,0.0,0.0,0.0,0.0,0.0,0.0,0.0,0.0,0.0,0.0,0.0,0.0,0.0,0.0,0.0,0.0,0.0,0.0,0.0,0.0,0.0,0.0,0.0,0.0,0.0,0.0,0.0,0.0,0.0,0.0,0.0,0.0,0.0,0.0,0.0,0.0,0.0,0.0,0.0
ENCFF000XDS,0.0671218160290025,4153,23,190,2679,68,9025,447,31,26,23,41,179,343,538,846,2444,252,40,370,371,16,59,7,6,8,59,213,218,2304,294,15,19,39,127,114,5,126,0,3,514,814,5,39,2,5,61,371,1966,18,166,74,87,45,45,498,9,22,27,14,55,98,8,870,14,75,61,5,3125,3029,617,67,46,93,489,28,79,39,49,63,16,55,83,285,27,39,214,1,42,43,1,99,21,3,101,67,971,12498,745,7,2141,2992,157,2733,88,41,378,114,141,2,242,595,574,20,343,2418,229,2783,71,233,174,657,110,3825,77,460,180,62,301,35,10,2288,853,113,1522,483,978,2022,41,283,227,73,331,1929,61,28,8,10,1,4,167,16,47,646,367,45,307,2452,226,34,69,146,113,220,345,266,448,3,19,9,64,4,90,32,153,618,6,0,40,63,70,1099,540,3149,141,2053,2675,946,2042,940,1785,18,1870,2200,640,732,1619,1283,453,68,29,53,1,41,53,17,8,7,5,251,24,2293,788,912,31,15603,2443,220,1913,1616,110,31,2735,1190,3626,409,3115,12,3283,7,27,64,19,11,59,19,187,144,2,46,72,42,55,20,146,93,22,16,318,211,108,209,84,23,36,44,22,28,19,44,49,315,72,21,111,139,147,772,1492,137,160,286,89,46,29,41,58,33,16,617,35,52,423,17,82,23,269,62,73,37,44,19,19,37,145,154,59,59,59,206,88,45,51,57,206,0,5,25,21,65,16,1078,22,789,5,42,7,464,67,506,466,468,0,170,6,11,68,292,3901,59,160,158,78,7,164,17,25,46,950,441,206,145,9,41,10,0,10,43,199,241,43,228,37,24,102,3607,36,125,9082,33,430,62,325,209,152,16,67,368,61,50,57,42,29,13,906,67,55,46,24,66,67,1866,15,735,182,4,2061,497,3,26,392,64,4,439,49,121,20,178,88,1628,207,58,43,64,25,78,39,75,15,3,52,1,123,18,0,15,39,56,76,49,1702,260,588,423,129,29,64,12,2864,21,1035,141,981,107,20,209,2,2068,388,667,2976,102,1178,24,12,16,55,32,70,31,91,452,55,3,40,82,0,1,327,339,2,39,14,1814,2534,1877,455,2438,357,20,4716,6036,849,2720,4508,5554,22,21,39,57,11,55,125,31,46,52,435,0.0,0.0,0.0,0.0,0.0,0.0,0.0,0.0,0.0,0.0,0.0,0.0,0.0,0.0,0.0,0.0,0.0,0.0,0.0,0.0,0.0,0.0,0.0,0.0,0.0,0.0,0.0,0.0,0.0,0.0,0.0,0.0,0.0,0.0,0.0,0.0,0.0,0.0,0.0,0.0,0.0,0.0,0.0,0.0,0.0,0.0,0.0,0.0,0.0,0.0,0.0,0.0,0.0,0.0,0.0,0.0,0.0,0.0,0.0,0.0,0.0,0.0,0.0,0.0,0.0,0.0,0.0,0.0,0.0,0.0,0.0,0.0,0.0,0.0,0.0,0.0,0.0,0.0,0.0,0.0,0.0,0.0,0.0,0.0,0.0,0.0,0.0,0.0,0.0,0.0,0.0,0.0,0.0,0.0,0.0,0.0,0.0,0.0,0.0,0.0,0.0,0.0,0.0,0.0,0.0,0.0,0.0,0.0,0.0,0.0,0.0,0.0,0.0,0.0,0.0,0.0,0.0,0.0,0.0,0.0,0.0,0.0,0.0,0.0,0.0,0.0,0.0,0.0,0.0,0.0,0.0,0.0,0.0,0.0,0.0,0.0,0.0,0.0,0.0,0.0,0.0,0.0,0.0,0.0,0.0,0.0,0.0,0.0,0.0,0.0
ENCFF688DCO,0.12766586775775116,80539,194,3105,61895,656,195522,7909,463,331,261,509,5466,2090,11209,32926,39835,2268,843,6768,6286,122,750,68,83,69,1956,5315,4826,28693,3885,183,79,595,3313,2991,42,3080,24,14,8272,11351,97,435,119,50,1110,8695,33056,405,882,1962,2362,348,241,5609,120,420,224,140,854,2820,792,20613,3324,621,1403,264,57939,48302,6542,2028,1198,2753,5064,192,2281,981,1248,1509,429,1931,1956,3491,740,1240,5981,17,1451,1189,32,1094,217,27,1286,1763,23194,170619,10166,158,27369,39942,3929,34371,2135,1137,4200,1288,1757,32,3194,7280,7683,210,5232,46379,2401,45854,218,1286,1638,7581,583,80297,2263,7552,3325,363,2197,199,63,28304,10198,2296,36782,9717,9636,28284,206,5862,7186,2008,3828,65649,590,525,230,83,55,45,2352,407,790,11371,3960,340,4626,61031,4613,419,2133,1057,1082,3073,4037,3615,5773,50,110,75,1794,34,2248,1067,1272,511,24,21,878,567,1912,13764,8002,43355,3609,28885,38449,16478,36152,17778,34273,377,27929,34729,9695,9745,26606,19800,6077,1206,562,842,62,1162,1937,104,23,53,36,4396,132,56430,13257,12675,317,238130,45913,5088,33110,35615,1190,489,44343,23207,75492,3407,40939,167,37656,23,312,895,27,530,1562,336,6230,2926,27,1325,1226,1075,1737,795,4025,2259,175,280,7365,4470,2226,2857,2595,654,1371,1429,702,511,397,377,2174,6084,1512,607,1850,3901,2950,16981,48713,5341,3733,3641,1880,1511,1179,1119,1614,938,82,8679,911,2241,5818,534,2309,860,4844,2369,1743,1338,1636,133,869,643,4109,3306,1440,1601,1437,3221,2618,1900,1217,1888,5356,39,62,722,1242,546,301,14439,100,9450,19,320,55,6988,709,7586,8528,9773,38,3150,80,45,2313,3242,110517,794,2203,3241,1284,246,3602,107,311,1545,25667,9019,7895,1486,54,206,75,22,67,1079,1493,2349,1186,4310,1091,824,2400,90087,466,2643,119917,734,7015,1748,9694,6238,3317,485,1311,6521,1447,1790,1901,647,593,246,31281,2368,1653,1913,755,1916,2090,27094,68,17401,1540,48,28224,7779,49,462,6228,1106,69,10010,1271,771,133,5384,1696,32363,4103,1093,1252,1868,937,1305,1463,1101,1198,31,822,30,2867,138,33,80,605,384,363,931,44567,1465,12758,6004,1032,870,690,178,28569,156,15090,2146,10268,1426,112,2777,5,48917,6925,14513,52206,2400,37564,280,496,614,1606,806,1607,1412,1800,6983,1661,25,297,1893,39,35,3442,3460,24,414,163,27496,42541,34097,8709,33048,4832,1891,81778,93154,15227,42759,73833,81452,320,100,1203,1131,336,1570,722,406,245,798,8504,0.0,0.0,0.0,0.0,0.0,0.0,0.0,0.0,0.0,0.0,0.0,0.0,0.0,0.0,0.0,0.0,0.0,0.0,0.0,0.0,0.0,0.0,0.0,0.0,0.0,0.0,0.0,0.0,0.0,0.0,0.0,0.0,0.0,0.0,0.0,0.0,0.0,0.0,0.0,0.0,0.0,0.0,0.0,0.0,0.0,0.0,0.0,0.0,0.0,0.0,0.0,0.0,0.0,0.0,0.0,0.0,0.0,0.0,0.0,0.0,0.0,0.0,0.0,0.0,0.0,0.0,0.0,0.0,0.0,0.0,0.0,0.0,0.0,0.0,0.0,0.0,0.0,0.0,0.0,0.0,0.0,0.0,0.0,0.0,0.0,0.0,0.0,0.0,0.0,0.0,0.0,0.0,0.0,0.0,0.0,0.0,0.0,0.0,0.0,0.0,0.0,0.0,0.0,0.0,0.0,0.0,0.0,0.0,0.0,0.0,0.0,0.0,0.0,0.0,0.0,0.0,0.0,0.0,0.0,0.0,0.0,0.0,0.0,0.0,0.0,0.0,0.0,0.0,0.0,0.0,0.0,0.0,0.0,0.0,0.0,0.0,0.0,0.0,0.0,0.0,0.0,0.0,0.0,0.0,0.0,0.0,0.0,0.0,0.0,0.0
ENCFF260HFH,0.14835568385139847,6325,22,283,7320,57,14753,933,58,25,31,60,513,258,880,2588,3302,242,90,692,585,12,80,2,17,8,156,319,515,4319,436,28,8,69,385,371,5,336,6,1,932,1198,8,62,4,8,106,925,4255,29,100,234,240,40,38,575,16,47,30,20,86,233,139,2268,90,76,100,9,6699,5619,633,226,119,265,552,19,259,112,145,145,37,222,191,384,61,138,632,5,149,117,2,141,25,5,192,169,4491,18940,1150,18,2978,4492,424,3810,233,108,476,168,195,1,366,803,860,42,588,3774,230,4985,27,145,147,800,52,8156,248,666,256,50,247,32,3,3049,837,149,4552,934,1081,3051,8,604,727,200,425,7102,112,49,12,16,9,3,207,31,46,1086,420,26,516,7069,520,40,221,144,118,379,444,414,639,1,11,13,205,8,210,128,173,118,3,2,94,65,216,1504,703,4757,380,2950,4212,1747,4579,1961,3654,46,3011,3839,1067,1044,3102,2123,757,161,32,120,15,111,176,15,3,5,13,506,14,6763,1502,1124,42,26914,5257,629,3364,3910,148,78,4901,2463,8430,371,4440,11,4326,3,23,98,2,64,158,29,697,278,2,125,135,116,176,85,444,261,15,31,809,468,246,318,247,60,147,141,88,60,42,32,205,676,210,70,231,410,334,1968,14211,298,385,381,190,156,136,131,188,125,6,1086,104,238,649,53,245,89,497,254,191,153,182,25,77,71,443,344,129,187,178,328,256,184,104,201,552,2,8,73,137,57,46,1554,17,939,5,38,6,769,83,865,716,1082,2,333,4,11,311,375,13821,103,258,351,133,13,364,13,36,176,2403,983,510,158,10,18,4,0,4,109,207,288,138,449,122,86,231,10065,37,292,12687,83,745,189,1067,412,383,67,88,512,154,205,211,83,60,17,1981,243,192,192,68,209,242,3045,0,1846,155,9,2952,841,6,54,615,151,4,1034,143,99,9,582,201,4613,504,86,132,196,104,161,160,115,111,4,103,5,252,26,8,9,37,82,37,111,3772,156,1488,667,133,121,60,32,3186,21,1493,216,1133,145,13,319,1,4040,755,1257,5242,612,3161,19,38,75,169,80,162,155,194,913,167,2,26,214,4,3,341,363,3,22,12,3042,4921,3937,1020,3770,515,195,8743,10515,1827,4704,8085,9280,35,10,128,112,46,167,78,43,24,72,794,0.0,0.0,0.0,0.0,0.0,0.0,0.0,0.0,0.0,0.0,0.0,0.0,0.0,0.0,0.0,0.0,0.0,0.0,0.0,0.0,0.0,0.0,0.0,0.0,0.0,0.0,0.0,0.0,0.0,0.0,0.0,0.0,0.0,0.0,0.0,0.0,0.0,0.0,0.0,0.0,0.0,0.0,0.0,0.0,0.0,0.0,0.0,0.0,0.0,0.0,0.0,0.0,0.0,0.0,0.0,0.0,0.0,0.0,0.0,0.0,0.0,0.0,0.0,0.0,0.0,0.0,0.0,0.0,0.0,0.0,0.0,0.0,0.0,0.0,0.0,0.0,0.0,0.0,0.0,0.0,0.0,0.0,0.0,0.0,0.0,0.0,0.0,0.0,0.0,0.0,0.0,0.0,0.0,0.0,0.0,0.0,0.0,0.0,0.0,0.0,0.0,0.0,0.0,0.0,0.0,0.0,0.0,0.0,0.0,0.0,0.0,0.0,0.0,0.0,0.0,0.0,0.0,0.0,0.0,0.0,0.0,0.0,0.0,0.0,0.0,0.0,0.0,0.0,0.0,0.0,0.0,0.0,0.0,0.0,0.0,0.0,0.0,0.0,0.0,0.0,0.0,0.0,0.0,0.0,0.0,0.0,0.0,0.0,0.0,0.0
ENCFF000WTG,0.07518722007880904,8132,36,278,2495,40,5661,482,25,47,24,43,198,351,660,1238,1995,272,41,359,366,14,58,11,3,5,112,504,205,1262,256,24,32,31,134,124,15,129,4,5,582,808,1,57,4,9,124,419,1344,96,59,76,80,28,36,541,16,28,32,12,43,109,28,779,36,35,190,4,2938,2897,550,90,44,189,453,22,78,40,51,55,12,70,94,242,24,35,197,1,55,26,2,107,5,0,90,86,759,11203,766,10,1952,2825,157,2556,123,44,386,98,124,2,187,545,534,15,316,2218,192,1733,42,147,132,624,62,2231,84,406,201,49,215,25,14,2103,1029,390,1439,635,1011,1874,91,323,214,78,300,2647,44,90,10,12,6,2,156,13,57,630,312,52,328,2483,258,16,98,123,126,194,332,277,433,17,12,6,67,3,125,41,190,212,14,0,58,77,58,1128,487,3219,150,1931,2168,983,1737,876,1808,19,1981,2128,736,658,1676,1271,467,60,93,40,13,34,65,11,3,0,5,234,23,2252,789,918,18,18373,2290,309,1888,1537,85,52,2673,1224,3559,284,3011,14,2965,3,19,70,65,15,66,25,186,148,4,53,62,38,57,31,189,115,14,31,312,221,129,221,64,27,36,46,26,31,18,41,74,354,79,24,134,182,149,813,1105,249,176,241,76,52,40,34,50,33,13,573,27,67,386,24,106,35,279,68,76,30,43,16,24,34,166,148,66,65,46,154,92,48,66,62,244,1,4,29,26,39,22,1022,9,677,0,37,6,429,66,474,458,509,5,172,8,13,113,261,4123,62,160,180,71,23,184,12,19,59,1011,419,274,105,2,13,5,0,5,46,76,166,74,236,28,34,110,3447,52,120,8244,35,425,80,353,468,164,13,240,661,51,90,59,46,36,15,2251,98,80,76,35,91,87,1755,4,686,163,2,1945,480,2,18,414,58,8,417,54,89,23,209,98,1183,210,104,66,83,31,100,39,90,58,5,63,1,133,13,2,10,65,18,49,40,1877,148,611,323,96,32,69,13,2583,49,1080,169,876,92,16,195,2,2435,424,799,3212,89,1063,27,25,28,92,50,81,37,132,387,91,2,74,88,2,3,322,284,0,93,14,1695,2538,1898,434,2335,336,54,4423,6031,824,2576,4592,5544,20,20,54,45,19,55,108,11,31,33,463,0.0,0.0,0.0,0.0,0.0,0.0,0.0,0.0,0.0,0.0,0.0,0.0,0.0,0.0,0.0,0.0,0.0,0.0,0.0,0.0,0.0,0.0,0.0,0.0,0.0,0.0,0.0,0.0,0.0,0.0,0.0,0.0,0.0,0.0,0.0,0.0,0.0,0.0,0.0,0.0,0.0,0.0,0.0,0.0,0.0,0.0,0.0,0.0,0.0,0.0,0.0,0.0,0.0,0.0,0.0,0.0,0.0,0.0,0.0,0.0,0.0,0.0,0.0,0.0,0.0,0.0,0.0,0.0,0.0,0.0,0.0,0.0,0.0,0.0,0.0,0.0,0.0,0.0,0.0,0.0,0.0,0.0,0.0,0.0,0.0,0.0,0.0,0.0,0.0,0.0,0.0,0.0,0.0,0.0,0.0,0.0,0.0,0.0,0.0,0.0,0.0,0.0,0.0,0.0,0.0,0.0,0.0,0.0,0.0,0.0,0.0,0.0,0.0,0.0,0.0,0.0,0.0,0.0,0.0,0.0,0.0,0.0,0.0,0.0,0.0,0.0,0.0,0.0,0.0,0.0,0.0,0.0,0.0,0.0,0.0,0.0,0.0,0.0,0.0,0.0,0.0,0.0,0.0,0.0,0.0,0.0,0.0,0.0,0.0,0.0
ENCFF000VTZ,0.06465030209947294,3132,20,190,1545,42,3669,328,27,22,16,46,158,171,336,830,1149,149,25,248,289,18,41,3,2,4,38,138,196,1314,210,16,14,15,86,84,4,98,3,4,441,599,0,40,2,8,27,300,1063,13,45,44,60,22,22,442,14,17,22,7,40,77,26,565,16,109,53,15,2286,2403,409,50,37,84,371,8,57,30,38,37,8,43,49,231,31,35,163,1,50,31,0,90,64,3,88,52,779,8363,538,2,1560,2079,135,1925,61,27,240,74,77,0,154,441,407,7,248,1747,144,1430,33,130,116,422,65,1800,68,336,141,41,177,27,9,1818,547,121,1039,382,794,1484,26,298,145,67,196,1890,17,28,4,6,6,2,100,18,54,503,253,25,248,1581,185,15,56,73,75,168,214,193,326,4,5,6,52,0,90,35,151,11193,3,0,28,45,38,820,335,2314,140,1452,1730,720,1582,629,1335,12,1429,1664,586,535,1272,934,331,56,35,35,4,32,38,14,3,2,9,213,14,2045,626,454,13,13990,1758,193,1435,1098,64,37,1930,883,2756,248,2318,3,2407,2,14,89,58,14,40,10,173,110,3,32,60,33,43,26,123,60,13,17,201,170,91,172,62,15,29,36,19,20,18,34,52,233,52,25,80,121,104,607,1290,104,117,204,59,28,23,25,48,31,2,451,32,46,283,15,77,25,214,59,43,31,50,21,15,24,148,109,41,34,42,141,66,32,36,40,181,1,0,18,27,23,15,805,10,485,1,29,6,309,44,368,349,364,5,110,12,16,57,202,2845,34,120,114,64,4,112,7,15,46,665,465,218,84,2,12,4,2,1,31,64,133,22,192,34,31,85,2108,24,102,6448,28,340,59,233,173,131,15,71,288,37,41,45,42,26,13,763,53,45,48,23,60,63,1323,5,513,137,0,1582,503,2,7,301,37,4,334,38,71,13,159,52,651,160,38,43,53,24,68,29,65,31,2,69,2,109,8,1,11,35,26,43,41,1331,112,485,270,77,32,39,8,2101,12,795,105,693,70,7,137,5,1489,308,469,2164,117,744,12,9,16,41,31,51,27,51,368,37,3,23,49,1,3,253,240,0,18,9,1341,2098,1547,368,1755,239,17,3535,4921,678,2052,3561,4253,8,17,33,49,12,39,96,17,33,32,332,0.0,0.0,0.0,0.0,0.0,0.0,0.0,0.0,0.0,0.0,0.0,0.0,0.0,0.0,0.0,0.0,0.0,0.0,0.0,0.0,0.0,0.0,0.0,0.0,0.0,0.0,0.0,0.0,0.0,0.0,0.0,0.0,0.0,0.0,0.0,0.0,0.0,0.0,0.0,0.0,0.0,0.0,0.0,0.0,0.0,0.0,0.0,0.0,0.0,0.0,0.0,0.0,0.0,0.0,0.0,0.0,0.0,0.0,0.0,0.0,0.0,0.0,0.0,0.0,0.0,0.0,0.0,0.0,0.0,0.0,0.0,0.0,0.0,0.0,0.0,0.0,0.0,0.0,0.0,0.0,0.0,0.0,0.0,0.0,0.0,0.0,0.0,0.0,0.0,0.0,0.0,0.0,0.0,0.0,0.0,0.0,0.0,0.0,0.0,0.0,0.0,0.0,0.0,0.0,0.0,0.0,0.0,0.0,0.0,0.0,0.0,0.0,0.0,0.0,0.0,0.0,0.0,0.0,0.0,0.0,0.0,0.0,0.0,0.0,0.0,0.0,0.0,0.0,0.0,0.0,0.0,0.0,0.0,0.0,0.0,0.0,0.0,0.0,0.0,0.0,0.0,0.0,0.0,0.0,0.0,0.0,0.0,0.0,0.0,0.0
ENCFF002EAD,0.19322612000075848,70497,210,3995,41835,753,85061,8235,379,761,423,713,3894,6148,9691,25823,36934,4343,631,6041,6883,224,952,148,106,132,1127,3171,3964,26847,4884,357,315,593,2213,2026,102,2419,22,29,9558,14410,79,887,85,74,819,7172,33146,366,664,1318,1761,630,493,8873,185,519,547,267,1160,1839,281,13357,861,252,925,136,53943,66465,9553,1325,819,1887,6870,447,1518,659,918,1077,268,1190,1484,4960,574,623,4344,41,1027,590,31,1615,326,45,2102,1456,13891,224459,14117,100,36920,54016,3194,45761,1419,762,7164,2174,2454,45,4035,10079,10588,313,5119,42028,3205,41681,609,2382,2398,11285,1007,70387,1623,7684,3770,1235,3615,765,271,40495,17020,2708,47849,10065,19126,38624,553,5610,3224,1464,4796,39266,351,690,138,138,45,40,2994,404,860,12298,6093,884,4509,46677,4255,738,1399,3055,2977,3872,6674,5772,7056,81,177,120,1205,55,2140,646,1320,1474,66,5,816,1063,1237,19856,9437,56821,2807,38110,40346,17476,43310,16395,33051,448,34806,41444,13922,11854,28556,23531,6939,1107,723,816,52,644,1043,245,109,35,61,4928,499,55107,13622,17930,546,214320,43972,4326,35335,25850,1485,736,48214,22280,63908,5255,54830,229,54349,69,417,934,215,373,1169,345,4497,2861,47,824,1134,779,1075,546,2960,1630,339,289,5842,3669,2624,3203,1445,394,807,873,456,440,320,647,1344,6334,1506,456,2123,2856,2544,13237,33009,2133,2976,4026,1620,963,751,762,1160,647,212,9723,608,1083,6551,468,1974,486,4819,1272,1250,647,1030,315,563,652,2870,2835,963,1072,862,3138,1858,957,944,1094,4678,18,45,573,766,653,301,18903,178,12473,20,656,114,8331,921,8987,7903,8641,39,3393,233,261,1740,4994,85938,976,2750,2580,1263,176,3211,303,513,851,17915,7302,4058,1890,95,267,147,13,67,800,2522,2973,688,4403,593,577,1919,65596,610,2492,153730,594,7502,1135,6451,3565,3088,369,1474,7066,975,1201,1296,442,526,361,17415,1473,1165,1317,651,1307,1537,32326,183,12987,2793,62,33096,7654,32,370,6807,1009,83,7890,973,1598,396,3612,1366,17306,3568,1015,929,1299,552,1460,1134,1605,709,26,1170,25,2234,215,86,280,836,517,899,1019,36668,2337,11145,6300,1510,616,1182,296,47534,388,19187,2336,15888,1886,472,3594,33,40033,7392,12451,54600,2062,26607,338,187,477,1159,576,1327,887,1773,9012,1235,43,540,1234,64,67,5473,5686,44,678,229,31533,49030,36046,8712,46839,5199,350,96956,112242,15341,50135,81399,100878,426,235,841,844,238,1052,1742,352,619,929,8213,0.0,0.0,0.0,0.0,0.0,0.0,0.0,0.0,0.0,0.0,0.0,0.0,0.0,0.0,0.0,0.0,0.0,0.0,0.0,0.0,0.0,0.0,0.0,0.0,0.0,0.0,0.0,0.0,0.0,0.0,0.0,0.0,0.0,0.0,0.0,0.0,0.0,0.0,0.0,0.0,0.0,0.0,0.0,0.0,0.0,0.0,0.0,0.0,0.0,0.0,0.0,0.0,0.0,0.0,0.0,0.0,0.0,0.0,0.0,0.0,0.0,0.0,0.0,0.0,0.0,0.0,0.0,0.0,0.0,0.0,0.0,0.0,0.0,0.0,0.0,0.0,0.0,0.0,0.0,0.0,0.0,0.0,0.0,0.0,0.0,0.0,0.0,0.0,0.0,0.0,0.0,0.0,0.0,0.0,0.0,0.0,0.0,0.0,0.0,0.0,0.0,0.0,0.0,0.0,0.0,0.0,0.0,0.0,0.0,0.0,0.0,0.0,0.0,0.0,0.0,0.0,0.0,0.0,0.0,0.0,0.0,0.0,0.0,0.0,0.0,0.0,0.0,0.0,0.0,0.0,0.0,0.0,0.0,0.0,0.0,0.0,0.0,0.0,0.0,0.0,0.0,0.0,0.0,0.0,0.0,0.0,0.0,0.0,0.0,0.0
ENCFF000XDN,0.11713313675255342,12740,39,1066,5137,204,29322,4713,129,125,110,196,857,839,1327,1750,6902,899,204,1542,2204,92,281,149,31,50,246,161,953,5921,1472,116,80,171,515,510,8,684,17,5,2418,4254,32,222,6,9,238,1911,3537,23,207,241,392,181,133,2512,95,166,157,104,428,433,31,1187,82,324,48,22,10977,15285,2919,319,186,349,2128,89,359,160,200,262,50,277,386,1401,115,144,976,21,233,139,31,607,143,23,468,286,1411,61508,4162,30,11075,15137,805,13106,359,151,2219,694,771,18,1222,3043,3067,103,1517,12203,709,10103,169,700,646,3278,286,10613,375,2492,1265,346,1137,205,70,12776,2271,209,3132,1417,5004,10675,34,1317,737,343,1276,5221,220,102,22,71,19,21,849,156,191,3932,2179,315,1466,5164,704,206,327,487,375,907,1652,1489,2226,29,95,22,254,12,472,127,405,355,5,0,144,335,260,6135,2821,15996,689,9370,11931,4488,6067,4401,8720,93,10002,11607,3943,3727,8180,6846,1925,280,33,219,15,115,237,113,34,18,41,1264,98,6156,2949,2179,128,54781,11156,1078,9517,3099,484,223,12136,5304,12567,1108,17057,53,17905,23,117,244,28,90,269,92,1135,840,14,158,242,148,266,106,771,424,128,85,1476,1026,660,1037,291,80,175,199,90,100,72,219,268,1379,265,96,562,722,575,2076,2957,122,613,1193,393,202,168,160,244,128,92,3059,154,214,1959,113,469,117,1259,258,298,115,259,202,103,162,650,638,211,257,209,928,476,198,216,214,1043,10,26,119,171,483,92,5691,104,4170,32,248,86,2384,310,2868,2623,1964,23,951,126,86,356,1470,11970,231,769,673,359,7,758,92,188,262,4514,1777,869,626,80,152,66,4,56,181,973,1181,201,1462,123,148,265,7340,111,549,48567,156,2144,291,1503,212,829,90,91,1332,209,299,318,119,128,100,1035,360,261,327,131,325,372,9117,117,3275,874,17,10207,2411,19,109,2086,335,55,2003,184,589,163,896,294,3821,485,217,252,329,167,301,251,526,56,15,326,14,656,91,15,75,153,133,211,190,4252,692,1939,1555,338,128,391,88,15532,35,5611,523,4955,652,133,1083,7,11115,1950,3434,15247,484,3083,73,68,115,240,114,328,196,341,2412,302,6,107,253,16,50,1711,1643,6,38,107,9563,13128,8837,2340,13449,1489,123,19696,31222,3622,13311,22483,29156,78,73,195,170,66,240,773,161,280,266,2449,0.0,0.0,0.0,0.0,0.0,0.0,0.0,0.0,0.0,0.0,0.0,0.0,0.0,0.0,0.0,0.0,0.0,0.0,0.0,0.0,0.0,0.0,0.0,0.0,0.0,0.0,0.0,0.0,0.0,0.0,0.0,0.0,0.0,0.0,0.0,0.0,0.0,0.0,0.0,0.0,0.0,0.0,0.0,0.0,0.0,0.0,0.0,0.0,0.0,0.0,0.0,0.0,0.0,0.0,0.0,0.0,0.0,0.0,0.0,0.0,0.0,0.0,0.0,0.0,0.0,0.0,0.0,0.0,0.0,0.0,0.0,0.0,0.0,0.0,0.0,0.0,0.0,0.0,0.0,0.0,0.0,0.0,0.0,0.0,0.0,0.0,0.0,0.0,0.0,0.0,0.0,0.0,0.0,0.0,0.0,0.0,0.0,0.0,0.0,0.0,0.0,0.0,0.0,0.0,0.0,0.0,0.0,0.0,0.0,0.0,0.0,0.0,0.0,0.0,0.0,0.0,0.0,0.0,0.0,0.0,0.0,0.0,0.0,0.0,0.0,0.0,0.0,0.0,0.0,0.0,0.0,0.0,0.0,0.0,0.0,0.0,0.0,0.0,0.0,0.0,0.0,0.0,0.0,0.0,0.0,0.0,0.0,0.0,0.0,0.0
ENCFF000BDM,0.13559352516011733,23468,121,2713,39071,1648,206056,4350,273,693,291,439,2817,7916,10937,13934,58873,4306,602,5136,4361,146,559,152,97,45,678,81,3427,38580,3585,278,101,405,1763,1700,28,1659,34,17,6239,9475,139,652,38,21,481,5320,27463,14,454,1143,1368,431,363,5375,240,287,517,193,889,1541,230,13283,208,536,27,106,41148,36800,5316,1013,740,1008,3619,220,1179,617,756,788,234,1053,1082,2949,501,587,3262,25,865,581,99,1276,172,31,1210,1241,14982,141056,7716,71,21095,30771,2521,27021,1033,615,4133,1251,1312,82,2414,6406,5927,699,4138,26067,4481,61885,1225,5066,3721,7345,2279,83830,1490,4757,2066,702,2372,686,291,20006,17880,63,25553,9756,7729,21831,28,4064,3712,1130,2968,31848,450,155,156,230,35,62,1754,369,510,8397,3443,767,3600,38619,3395,642,1132,494,385,2224,2877,2471,4115,190,321,111,1008,18,1759,713,533,632,13,3,519,591,957,11982,5194,33940,2036,31723,29107,11306,27207,11768,24248,227,20596,24707,8582,6626,17810,13872,4338,709,8,535,38,493,885,166,121,55,91,3060,557,33669,10825,20573,403,136611,29223,2532,21126,26732,846,358,31866,15029,49880,9039,30056,115,30117,74,276,748,309,333,908,167,3431,1791,7,663,955,598,882,485,2311,1424,299,174,4212,2842,1844,2107,1298,337,664,706,378,440,316,381,1247,4147,1246,450,1501,2095,1965,10178,18895,116,2315,2498,1206,713,584,633,951,538,69,5682,570,905,4205,408,1318,425,3375,1109,1012,562,958,123,529,525,2515,2466,874,934,752,2127,1273,767,817,934,3600,42,86,465,590,549,347,12048,249,8479,73,671,113,5636,548,5576,5699,5899,68,2347,328,208,1315,2829,65843,444,1496,1823,855,14,2207,178,352,559,12633,5960,3365,1177,168,709,279,36,266,687,2409,2530,549,3243,601,555,1655,59383,338,2253,93345,512,4751,1048,5059,223,2397,348,43,2873,868,898,961,622,468,144,695,1070,934,1010,388,1169,1251,21083,242,8830,2038,16,20377,5429,53,206,4685,506,157,5815,796,840,291,2688,1177,24670,2835,459,835,980,601,1198,870,1156,212,25,854,43,1625,125,33,190,313,128,1400,554,28073,4347,9340,7815,2447,482,756,189,27006,45,11650,1325,10141,1066,370,2309,30,25094,4895,8371,35891,1387,17548,249,179,400,815,399,1083,675,1422,7628,946,44,140,1030,48,161,3087,2879,26,85,213,17537,29633,25191,5731,26714,3177,315,55652,68226,10546,31285,49638,59049,345,140,784,794,207,862,1085,246,587,627,5630,0.0,0.0,0.0,0.0,0.0,0.0,0.0,0.0,0.0,0.0,0.0,0.0,0.0,0.0,0.0,0.0,0.0,0.0,0.0,0.0,0.0,0.0,0.0,0.0,0.0,0.0,0.0,0.0,0.0,0.0,0.0,0.0,0.0,0.0,0.0,0.0,0.0,0.0,0.0,0.0,0.0,0.0,0.0,0.0,0.0,0.0,0.0,0.0,0.0,0.0,0.0,0.0,0.0,0.0,0.0,0.0,0.0,0.0,0.0,0.0,0.0,0.0,0.0,0.0,0.0,0.0,0.0,0.0,0.0,0.0,0.0,0.0,0.0,0.0,0.0,0.0,0.0,0.0,0.0,0.0,0.0,0.0,0.0,0.0,0.0,0.0,0.0,0.0,0.0,0.0,0.0,0.0,0.0,0.0,0.0,0.0,0.0,0.0,0.0,0.0,0.0,0.0,0.0,0.0,0.0,0.0,0.0,0.0,0.0,0.0,0.0,0.0,0.0,0.0,0.0,0.0,0.0,0.0,0.0,0.0,0.0,0.0,0.0,0.0,0.0,0.0,0.0,0.0,0.0,0.0,0.0,0.0,0.0,0.0,0.0,0.0,0.0,0.0,0.0,0.0,0.0,0.0,0.0,0.0,0.0,0.0,0.0,0.0,0.0,0.0
ENCFF660TEM,0.0954628386886628,54641,77,948,9213,121,33330,2601,109,99,99,174,1346,553,1732,4283,5814,688,215,1596,1599,48,251,14,37,40,623,4930,1217,5003,1448,70,96,167,848,817,23,978,26,5,2831,3777,56,174,20,16,433,2491,4375,411,279,488,550,158,123,2096,55,141,113,57,336,711,128,2571,120,105,1325,100,12406,16814,2150,526,298,821,1831,121,623,264,300,370,78,475,560,1209,218,258,1484,8,357,288,20,383,123,27,425,315,3035,57569,3359,57,8762,12841,985,10953,833,250,1793,650,673,15,1093,2387,2474,94,1594,11395,531,9101,57,253,334,2527,95,12325,586,2016,759,205,989,104,30,10001,2184,2294,3996,1836,4050,9862,205,1516,1770,560,1547,7908,160,450,24,36,21,21,751,134,279,3007,1394,163,1425,9663,821,164,576,641,541,902,1271,1164,1952,46,82,29,450,11,600,289,894,620,4,4,207,243,514,4500,2081,14989,915,8108,11044,4548,7075,4812,9270,82,9019,10847,3474,2975,8329,6143,1678,311,605,192,20,257,450,61,31,16,12,1364,55,11190,3058,1844,90,56853,12027,1604,7814,4978,408,217,11432,5250,14731,640,13854,41,13378,14,112,606,32,145,396,167,1461,989,10,276,307,268,418,217,1275,607,52,143,1939,1211,781,1058,594,143,332,298,160,143,95,130,506,1486,284,168,515,1195,865,3198,9507,3220,1093,1070,454,349,277,235,363,207,31,2523,232,509,1871,151,726,227,1425,507,492,284,350,72,177,217,1032,907,315,375,297,887,583,471,282,423,1450,19,23,185,276,199,93,5659,56,3236,8,115,23,2168,277,2538,2300,2513,19,1107,62,38,635,1359,18095,363,652,980,368,120,1131,50,93,423,6540,2383,1932,570,25,53,28,7,38,273,420,988,367,1363,252,200,573,14490,327,757,37758,181,2185,416,2556,4809,921,129,1390,3558,296,469,505,169,138,89,28130,659,413,571,183,513,621,8542,27,4499,600,24,8977,2480,6,119,2110,325,27,2568,294,428,75,1480,462,3167,643,747,302,474,248,362,333,382,187,16,281,21,783,45,8,54,405,148,92,247,6786,266,2415,1171,184,176,277,96,11114,165,5580,815,3774,452,66,908,5,11764,2004,3627,14670,789,3679,57,98,186,430,198,440,268,454,1995,402,9,348,417,13,19,1140,1258,5,440,28,8776,11482,8942,2451,10489,1485,196,21273,27986,4132,11239,22016,25316,69,41,287,264,102,347,343,108,96,248,2180,0.0,0.0,0.0,0.0,0.0,0.0,0.0,0.0,0.0,0.0,0.0,0.0,0.0,0.0,0.0,0.0,0.0,0.0,0.0,0.0,0.0,0.0,0.0,0.0,0.0,0.0,0.0,0.0,0.0,0.0,0.0,0.0,0.0,0.0,0.0,0.0,0.0,0.0,0.0,0.0,0.0,0.0,0.0,0.0,0.0,0.0,0.0,0.0,0.0,0.0,0.0,0.0,0.0,0.0,0.0,0.0,0.0,0.0,0.0,0.0,0.0,0.0,0.0,0.0,0.0,0.0,0.0,0.0,0.0,0.0,0.0,0.0,0.0,0.0,0.0,0.0,0.0,0.0,0.0,0.0,0.0,0.0,0.0,0.0,0.0,0.0,0.0,0.0,0.0,0.0,0.0,0.0,0.0,0.0,0.0,0.0,0.0,0.0,0.0,0.0,0.0,0.0,0.0,0.0,0.0,0.0,0.0,0.0,0.0,0.0,0.0,0.0,0.0,0.0,0.0,0.0,0.0,0.0,0.0,0.0,0.0,0.0,0.0,0.0,0.0,0.0,0.0,0.0,0.0,0.0,0.0,0.0,0.0,0.0,0.0,0.0,0.0,0.0,0.0,0.0,0.0,0.0,0.0,0.0,0.0,0.0,0.0,0.0,0.0,0.0
ENCFF949QOX,0.19892456735488415,71524,361,6877,62395,1774,242447,11660,611,1882,582,1235,6901,16792,35097,31104,98764,10885,1122,13513,10641,300,1457,207,280,248,2026,1343,6688,35442,7534,570,316,913,3741,3511,76,4125,144,65,15319,21143,174,1470,173,96,1359,11769,35294,218,1171,2098,2855,966,768,11559,415,782,951,491,2244,3165,798,22084,1532,1273,412,280,91894,89300,13607,2207,1413,2492,9070,540,2460,1038,1593,1816,425,2037,2381,7273,912,1049,7231,100,1762,1017,105,2654,618,139,2314,2563,25193,326290,19981,320,54751,77590,5210,67962,2342,1262,9793,2819,3211,75,5011,13691,13767,757,8773,58369,7596,65915,1267,4729,4574,16797,2070,88376,2775,11477,5393,1795,5116,778,332,55088,48735,847,45807,28435,19553,52527,264,9320,8876,2415,6995,77511,908,534,384,260,118,181,4490,530,1366,19603,8999,1364,8019,62987,6261,760,2327,3119,3120,6050,7943,7033,10010,293,420,146,2037,100,3571,1188,2805,489,47,17,1043,1574,2050,28138,13396,84140,4434,70382,66784,27823,50274,26240,53446,821,51821,62242,19937,17935,43806,36199,12138,1813,236,1592,129,942,1868,417,291,98,201,7377,1237,66681,22279,46910,576,416073,75741,6482,58986,55153,2336,1052,82877,40799,112764,12361,83021,406,81584,163,608,1627,583,623,1952,407,7253,4260,65,1432,1976,1177,1859,836,4935,3016,427,506,9029,5719,4054,5172,2356,702,1352,1602,674,724,569,905,2355,11074,2542,763,3668,4772,4312,19488,44053,1011,4650,5413,2678,1729,1316,1307,1988,1023,229,14877,960,1686,9999,755,3032,822,7885,2149,2007,1304,1899,322,985,1014,4862,4778,1567,1928,1439,4578,2959,1498,1572,1853,7860,43,89,767,1250,1098,626,27266,320,18148,59,1053,100,12581,1489,13043,12808,14282,98,6037,776,400,4479,7570,176130,1252,3918,4135,2069,104,5830,406,501,1585,32138,14998,7134,2689,126,354,323,40,266,1395,2718,4801,1252,7248,972,953,3034,105191,828,4384,231699,1236,11314,1925,11009,1672,5067,624,878,8371,1596,2069,2263,765,853,536,9676,2501,1890,2274,829,2270,2641,49173,545,20549,4609,151,49018,13770,58,646,11842,1533,230,13069,1589,2368,606,6414,2284,37535,6133,1294,1550,2253,925,2245,1751,2732,1766,116,1914,108,3374,388,68,420,810,1226,2176,1797,56072,4624,18232,11695,2766,1219,2033,571,66663,209,28429,3240,23649,3208,1131,5595,89,63511,11406,19732,87019,4402,34212,482,1166,715,1676,851,2232,1498,2923,12778,2070,100,501,2153,68,195,7848,7931,75,317,623,49517,78562,57842,14704,69000,8192,3235,128456,175667,26336,79555,127306,154644,941,457,1483,1451,492,1727,2431,626,957,1444,12642,0.0,0.0,0.0,0.0,0.0,0.0,0.0,0.0,0.0,0.0,0.0,0.0,0.0,0.0,0.0,0.0,0.0,0.0,0.0,0.0,0.0,0.0,0.0,0.0,0.0,0.0,0.0,0.0,0.0,0.0,0.0,0.0,0.0,0.0,0.0,0.0,0.0,0.0,0.0,0.0,0.0,0.0,0.0,0.0,0.0,0.0,0.0,0.0,0.0,0.0,0.0,0.0,0.0,0.0,0.0,0.0,0.0,0.0,0.0,0.0,0.0,0.0,0.0,0.0,0.0,0.0,0.0,0.0,0.0,0.0,0.0,0.0,0.0,0.0,0.0,0.0,0.0,0.0,0.0,0.0,0.0,0.0,0.0,0.0,0.0,0.0,0.0,0.0,0.0,0.0,0.0,0.0,0.0,0.0,0.0,0.0,0.0,0.0,0.0,0.0,0.0,0.0,0.0,0.0,0.0,0.0,0.0,0.0,0.0,0.0,0.0,0.0,0.0,0.0,0.0,0.0,0.0,0.0,0.0,0.0,0.0,0.0,0.0,0.0,0.0,0.0,0.0,0.0,0.0,0.0,0.0,0.0,0.0,0.0,0.0,0.0,0.0,0.0,0.0,0.0,0.0,0.0,0.0,0.0,0.0,0.0,0.0,0.0,0.0,0.0
ENCFF000VJL,0.15500915957265168,14186,16,996,33976,583,55015,844,135,223,58,139,965,2197,4526,14014,19464,1588,147,1203,1576,54,221,33,20,28,179,365,1372,25607,964,101,79,172,804,772,5,618,9,3,1914,3572,8,227,0,4,102,2014,23247,53,311,298,658,123,102,1954,48,89,118,43,248,490,270,8702,80,113,100,13,21970,15314,2038,446,310,493,1651,76,484,280,358,361,130,512,464,1274,254,288,1306,2,386,227,6,432,32,3,431,750,13395,54075,3264,34,8729,12163,878,10962,433,304,1481,387,394,4,736,1942,1852,11,1512,9024,1834,17096,450,1962,1264,2744,860,26517,566,1615,675,206,941,105,19,8962,6267,212,15283,4456,3172,7963,87,1484,763,470,1247,23183,83,108,45,50,18,20,652,99,152,2918,1613,189,1313,33884,2673,129,448,270,261,894,1203,977,1556,12,26,2,450,8,783,325,559,414,13,2,260,212,383,4459,2119,12895,906,10468,11641,4473,18157,4404,9219,76,8357,9848,2717,2707,6567,5522,2310,295,88,180,16,200,381,66,29,5,5,1016,168,33141,6081,8643,36,50215,9856,1102,8092,13985,361,163,13476,5284,24909,3319,12136,41,12853,13,45,217,77,155,342,42,1361,595,4,343,462,263,430,229,839,548,40,52,1533,1052,605,728,582,177,303,275,223,251,133,147,598,1417,461,208,712,949,724,9383,22826,318,899,874,563,282,219,261,381,269,26,2150,223,398,1801,130,574,229,1184,521,479,340,443,36,223,125,1109,1068,436,455,344,826,603,348,422,414,1331,3,4,227,259,153,39,4161,38,2750,9,163,8,2185,282,1810,1929,2189,8,663,33,43,127,1156,28054,208,491,723,329,44,800,35,33,184,3915,1616,951,470,20,49,45,5,32,337,248,747,180,1110,291,255,1312,42124,190,809,36535,212,1889,474,1992,456,947,157,333,1764,425,376,378,227,203,75,3293,432,452,455,63,528,439,8072,18,3508,765,2,8074,2009,5,87,1573,132,19,2516,375,293,112,1040,467,18565,2986,211,469,385,219,379,343,370,85,8,309,10,615,26,5,58,138,133,439,173,27121,1689,7534,3026,1169,183,239,43,10720,56,4108,679,3963,402,72,893,6,6475,1359,2422,10841,1016,9277,95,45,170,403,195,435,324,519,2217,340,11,118,521,3,7,1337,1374,1,51,70,7207,11061,9646,1894,10578,1296,170,35201,25382,3973,13286,18139,23379,124,83,419,452,138,390,385,86,123,139,1976,0.0,0.0,0.0,0.0,0.0,0.0,0.0,0.0,0.0,0.0,0.0,0.0,0.0,0.0,0.0,0.0,0.0,0.0,0.0,0.0,0.0,0.0,0.0,0.0,0.0,0.0,0.0,0.0,0.0,0.0,0.0,0.0,0.0,0.0,0.0,0.0,0.0,0.0,0.0,0.0,0.0,0.0,0.0,0.0,0.0,0.0,0.0,0.0,0.0,0.0,0.0,0.0,0.0,0.0,0.0,0.0,0.0,0.0,0.0,0.0,0.0,0.0,0.0,0.0,0.0,0.0,0.0,0.0,0.0,0.0,0.0,0.0,0.0,0.0,0.0,0.0,0.0,0.0,0.0,0.0,0.0,0.0,0.0,0.0,0.0,0.0,0.0,0.0,0.0,0.0,0.0,0.0,0.0,0.0,0.0,0.0,0.0,0.0,0.0,0.0,0.0,0.0,0.0,0.0,0.0,0.0,0.0,0.0,0.0,0.0,0.0,0.0,0.0,0.0,0.0,0.0,0.0,0.0,0.0,0.0,0.0,0.0,0.0,0.0,0.0,0.0,0.0,0.0,0.0,0.0,0.0,0.0,0.0,0.0,0.0,0.0,0.0,0.0,0.0,0.0,0.0,0.0,0.0,0.0,0.0,0.0,0.0,0.0,0.0,0.0
ENCFF567OGB,0.18936839985622822,58149,282,6949,67414,946,114572,11773,496,1012,644,1126,5789,8776,16100,20778,51634,6921,1286,9473,11369,326,1620,252,291,182,1407,144,6622,38563,7831,628,330,965,3768,3437,50,4381,53,24,15944,23841,429,1568,147,135,1477,12064,26775,20,1274,1929,2829,1018,879,13123,343,792,804,362,2070,2686,764,17561,500,677,64,144,84711,94453,15616,2138,1456,2172,10501,559,2477,977,1576,1896,440,1871,2308,8212,864,1050,7162,91,1618,1006,39,3837,561,106,3326,2201,23542,359296,22326,227,61587,83684,5312,72963,2455,1212,10946,2931,3141,43,5862,15275,15446,427,8670,69089,4993,53535,843,2927,3180,17540,1275,67186,2489,12282,6070,1828,5883,1246,272,62522,24171,117,40141,14478,24242,61350,35,8432,5129,2428,7097,46617,1389,432,221,300,157,97,4730,762,1110,20420,10041,1677,8036,69433,5431,1115,2299,4404,3437,6164,8229,7265,11470,213,252,220,1921,66,3270,1115,3788,408,30,4,903,1608,2170,31816,15547,89844,4316,56584,64714,27177,42946,26024,53706,622,56633,66408,21759,20167,48639,39093,13666,1831,61,1302,104,950,1745,431,135,173,226,7249,918,53932,20301,24167,678,421746,74005,6556,56124,39214,2755,1047,78786,35912,98432,6985,89503,290,91253,63,628,1457,308,579,1989,393,7030,4515,32,1264,1798,1170,1859,862,5116,2939,445,617,9271,6161,4198,5625,2329,614,1336,1465,713,713,534,1064,2223,9880,2311,781,3660,4766,4277,16931,38983,285,4685,6227,2631,1733,1273,1232,1941,1027,270,18770,950,1553,10893,773,3157,797,8025,1993,2103,1144,1808,233,918,964,4518,4658,1485,1747,1434,5084,3034,1441,1430,1740,7215,67,70,759,1204,1030,465,32087,360,21125,74,1093,84,13536,1666,16143,13093,14429,66,6116,492,573,1940,8260,127886,1280,4786,4352,2268,21,5678,459,1217,1615,30204,10775,5547,3136,538,562,352,38,109,1281,3234,5622,1273,7843,992,981,2039,94176,690,4082,260132,1240,12741,1890,10916,684,5200,644,90,7174,1500,1985,2182,730,881,545,1812,2588,1942,2329,722,2231,2671,52411,485,21409,4756,107,54219,14571,60,715,11262,2380,99,12931,1565,2356,623,6296,2293,32974,4857,1113,1497,2249,861,2427,1719,2961,1158,79,2479,156,3313,467,138,481,729,2079,1486,1388,43104,2805,14723,8710,1971,1106,2116,490,74202,78,30065,3041,27041,3206,949,6283,41,61075,11037,20854,88653,4910,19121,459,564,728,1595,828,2259,1427,2651,13980,2113,65,399,2012,75,90,9216,9279,20,121,495,54099,77367,55230,14282,76284,8798,977,134530,179870,24873,80149,130459,165428,714,411,1416,1349,439,1650,2706,712,1362,1461,13629,0.0,0.0,0.0,0.0,0.0,0.0,0.0,0.0,0.0,0.0,0.0,0.0,0.0,0.0,0.0,0.0,0.0,0.0,0.0,0.0,0.0,0.0,0.0,0.0,0.0,0.0,0.0,0.0,0.0,0.0,0.0,0.0,0.0,0.0,0.0,0.0,0.0,0.0,0.0,0.0,0.0,0.0,0.0,0.0,0.0,0.0,0.0,0.0,0.0,0.0,0.0,0.0,0.0,0.0,0.0,0.0,0.0,0.0,0.0,0.0,0.0,0.0,0.0,0.0,0.0,0.0,0.0,0.0,0.0,0.0,0.0,0.0,0.0,0.0,0.0,0.0,0.0,0.0,0.0,0.0,0.0,0.0,0.0,0.0,0.0,0.0,0.0,0.0,0.0,0.0,0.0,0.0,0.0,0.0,0.0,0.0,0.0,0.0,0.0,0.0,0.0,0.0,0.0,0.0,0.0,0.0,0.0,0.0,0.0,0.0,0.0,0.0,0.0,0.0,0.0,0.0,0.0,0.0,0.0,0.0,0.0,0.0,0.0,0.0,0.0,0.0,0.0,0.0,0.0,0.0,0.0,0.0,0.0,0.0,0.0,0.0,0.0,0.0,0.0,0.0,0.0,0.0,0.0,0.0,0.0,0.0,0.0,0.0,0.0,0.0
ENCFF632WEO,0.6158502596948613,37228673,1182712,146508,1933,1,21798,7831,168,1488,218,2235,1642,909,657,96,57,2718,13153,2882,13788,301,2700,4363,63076,62,1453,1274546,2423,362,6974,1227,3656,1617,1389,1042,55,2047,2,0,38003,17607,76,553,65,211856,589,5474,47,166590,1182,771,953,416,3454,94526,37,506,84,26,2945,971,0,14,11,9,368522,1,25404,84112,37469,698,472,21804,12860,165,925,350,542,650,112,663,782,4032,231,423,2678,256,446,473,7,5776,12,0,1214,249,61,329120,20876,370,118515,80336,2613,75435,1182,359,9580,4571,6857,0,158498,64449,33973,271,19135,260251,149,9213,0,0,272,9191,0,197,546,26752,9810,24127,4088,282,2,63210,1807,347555,172,708,30614,88894,99129,4073,1124,723,45828,1748,316,291418,6,232,975,8,3360,593,173,23076,7114,516,3278,1223,305,2462,964,15562,6860,3047,3518,4353,52041,577,17,429,591,3,740,305,7109,3949,0,0,853,513,1163,28378,9727,234884,2774,20324,38330,12121,10910,38882,45225,202,54748,61542,21442,21061,63329,86342,9148,1057,7206,62,8,360,751,154,12,229,42,7783,1,8993,5589,25,8,151492129,37084,55281,35725,971,1641,686,32540,15805,22686,64,94836,12,88201,197,183,926,0,207,649,319,3412,3699,14,471,419,310,642,335,2035,803,1691,304,6542,4366,2002,53567,1012,259,559,561,278,189,134,1091,664,4770,621,230,1221,2214,1148,2053,450,1526782,2115,32294,1122,506,406,435,597,267,465,34230,466,1020,9348,226,2180,314,4708,1003,711,514,531,73,298,387,1711,1141,515,485,411,4865,2596,592,243,701,2200,89,22,222,491,759,2,80787,123,28422,113,288,22,7653,976,29461,22012,7497,0,3817,631,137,112,5245,34866,116058,6248,7086,2120,725,1334,63,235,3130,20247,2608,1638,2324,1674,6036,9,0,2,389,1,4602,593,5813,335,228,929,423,34287,1299,200426,229523,9408,569,4949,1477406,1481,227,173286,495246,438,919,838,207,156,185,11372651,1396,762,747,155,554,829,33589,124,18438,6278,17,112856,14958,0,614,6391,5109,172,6057,496,893,363,5018,699,806,130,205734,398,676,381,677,807,4018,52,5,5229,7,2278,2417,449,97,96585,1379,17,72,1232,3,2477,834,66,1070,1575,169,148731,85440,30938,1990,48282,3272,55,5588,1,48168,8205,19649,118382,427,1346,211,8,255,633,489760,663,568,833,349,681,0,2632,543,8,2,8422,6634,2,97843,2185,40060,40747,25340,7394,44734,8217,421,55510,111274,11371,35820,90913,104106,62,186,359,353,195,517,1159,1110,1960,1051,17436,0.0,0.0,0.0,0.0,0.0,0.0,0.0,0.0,0.0,0.0,0.0,0.0,0.0,0.0,0.0,0.0,0.0,0.0,0.0,0.0,0.0,0.0,0.0,0.0,0.0,0.0,0.0,0.0,0.0,0.0,0.0,0.0,0.0,0.0,0.0,0.0,0.0,0.0,0.0,0.0,0.0,0.0,0.0,0.0,0.0,0.0,0.0,0.0,0.0,0.0,0.0,0.0,0.0,0.0,0.0,0.0,0.0,0.0,0.0,0.0,0.0,0.0,0.0,0.0,0.0,0.0,0.0,0.0,0.0,0.0,0.0,0.0,0.0,0.0,0.0,0.0,0.0,0.0,0.0,0.0,0.0,0.0,0.0,0.0,0.0,0.0,0.0,0.0,0.0,0.0,0.0,0.0,0.0,0.0,0.0,0.0,0.0,0.0,0.0,0.0,0.0,0.0,0.0,0.0,0.0,0.0,0.0,0.0,0.0,0.0,0.0,0.0,0.0,0.0,0.0,0.0,0.0,0.0,0.0,0.0,0.0,0.0,0.0,0.0,0.0,0.0,0.0,0.0,0.0,0.0,0.0,0.0,0.0,0.0,0.0,0.0,0.0,0.0,0.0,0.0,0.0,0.0,0.0,0.0,0.0,0.0,0.0,0.0,0.0,0.0
ENCFF072DEL,0.15058121219649961,1105954,1158,5353,22758,200,34331,4077,154,238,167,440,1537,1627,3965,16675,10661,1573,233,3995,3412,143,348,32,16,23,424,109632,1516,16167,1924,121,5019,370,773,723,2852,977,14,78,4339,6098,19,299,51,262,220,2682,15738,15301,260,448,632,222,202,6030,88,185,235,70,353,749,132,11409,148,473,30983,81,29330,27805,4904,491,323,20397,5065,172,522,258,350,349,108,452,504,2056,217,225,1719,8,418,223,6,668,136,24,743,581,10953,89264,5522,88,15362,21358,1249,18733,610,261,3060,999,1012,7,1786,4459,4178,48,2592,19076,916,7658,116,513,736,4481,243,16428,611,3670,2462,444,1503,169,91,20492,5276,60212,14204,3712,15620,14448,18538,2251,2590,565,8247,22246,401,14806,83,47,21,14,1132,135,603,5858,2498,296,1883,23760,1574,267,470,726,849,1556,3088,2812,4968,40,53,19,453,10,802,268,632,21068,2406,6,5628,468,435,8852,3685,46773,1096,14125,15409,7858,19675,7298,13876,125,14870,17197,6377,4674,13774,9797,3514,471,23306,443,169,194,423,99,29,26,38,2258,121,30513,5869,4281,180,194517,19562,11293,13647,16142,559,517,20405,10590,34287,1228,25709,107,24525,16,222,587,116,138,441,124,1965,1511,23,272,399,264,483,182,1131,636,85,152,2202,1681,1063,2012,532,162,277,335,153,153,123,548,514,2860,579,180,913,1149,1036,6414,22458,66313,1042,3011,607,359,262,278,395,212,376,4288,208,374,3377,157,699,165,2245,464,481,257,430,369,237,2925,1197,1131,338,427,313,1539,673,365,354,459,1917,19,14,180,241,333,104,7775,63,6170,13,320,525,3394,558,4124,3861,3696,13,1498,46,107,810,2234,38042,6608,7501,1249,574,6087,1372,79,100,391,7397,4556,1629,723,28,96,45,15,14,267,680,1284,261,1997,208,210,580,30392,4697,1080,66313,322,2959,420,2412,110703,1223,151,37432,103058,358,445,466,159,184,1677,481686,520,411,476,287,491,526,12961,16,5175,1089,21,18269,3544,12,170,3012,422,27,3756,350,882,141,1407,482,14202,1660,9479,403,479,183,484,412,997,487,17,516,20,1134,64,72,89,11173,360,293,426,14676,506,4083,2069,483,313,554,128,23677,10174,8664,18450,6878,702,154,1430,23,16230,3277,5050,27734,1714,19844,2108,238,176,7481,780,502,327,1076,5254,467,19,7969,453,22,30,2261,2232,0,23478,110,12985,21184,16066,3770,18666,2296,168,40071,47775,6795,21686,35492,42591,106,92,334,287,99,370,1477,437,335,307,3883,0.0,0.0,0.0,0.0,0.0,0.0,0.0,0.0,0.0,0.0,0.0,0.0,0.0,0.0,0.0,0.0,0.0,0.0,0.0,0.0,0.0,0.0,0.0,0.0,0.0,0.0,0.0,0.0,0.0,0.0,0.0,0.0,0.0,0.0,0.0,0.0,0.0,0.0,0.0,0.0,0.0,0.0,0.0,0.0,0.0,0.0,0.0,0.0,0.0,0.0,0.0,0.0,0.0,0.0,0.0,0.0,0.0,0.0,0.0,0.0,0.0,0.0,0.0,0.0,0.0,0.0,0.0,0.0,0.0,0.0,0.0,0.0,0.0,0.0,0.0,0.0,0.0,0.0,0.0,0.0,0.0,0.0,0.0,0.0,0.0,0.0,0.0,0.0,0.0,0.0,0.0,0.0,0.0,0.0,0.0,0.0,0.0,0.0,0.0,0.0,0.0,0.0,0.0,0.0,0.0,0.0,0.0,0.0,0.0,0.0,0.0,0.0,0.0,0.0,0.0,0.0,0.0,0.0,0.0,0.0,0.0,0.0,0.0,0.0,0.0,0.0,0.0,0.0,0.0,0.0,0.0,0.0,0.0,0.0,0.0,0.0,0.0,0.0,0.0,0.0,0.0,0.0,0.0,0.0,0.0,0.0,0.0,0.0,0.0,0.0
ENCFF000WNC,0.15502042665714483,27936,131,1681,13769,518,54987,2394,120,163,109,197,1373,1882,3313,6710,15229,1297,164,2152,2522,48,221,43,23,21,285,1483,1433,9893,1321,107,116,198,756,668,86,612,11,3,2822,3618,26,196,19,40,169,2047,8748,213,222,424,639,162,102,2048,56,104,141,39,243,657,130,5309,93,134,422,20,18062,18178,2152,437,287,748,1811,68,487,223,338,385,94,412,434,1316,196,185,1439,13,365,209,7,434,329,21,577,541,9276,62759,3891,39,10095,14380,912,12428,446,264,1749,596,644,9,1029,2574,2498,23,1636,11135,1483,12853,405,1769,1431,3688,853,16265,599,2206,1171,279,889,135,34,11243,4978,1243,8769,3192,4428,8785,369,1922,997,481,1352,14757,182,266,31,47,17,19,699,98,176,4252,1730,260,1638,14464,1377,162,496,334,279,1124,1726,1417,1692,25,44,12,410,9,744,267,292,96,45,2,285,296,404,5248,2463,16008,937,11227,11954,5325,11354,5255,10971,96,10069,12451,3899,3380,8460,6353,2183,341,339,295,29,221,355,62,36,10,47,1537,143,14555,4825,4862,84,75214,13601,1351,9411,9513,341,222,14643,7284,22815,2686,14688,63,14674,29,139,275,67,136,389,93,1413,693,18,284,399,269,409,170,926,567,105,86,1676,1056,765,891,482,130,286,318,153,162,122,191,442,1937,615,157,652,850,857,4429,9122,972,869,1031,526,332,252,286,366,266,60,2375,210,316,1687,172,598,177,1493,446,398,255,369,108,182,270,999,1035,313,385,290,826,580,282,348,381,1656,11,21,168,230,160,274,5040,55,3432,10,240,32,2100,247,2494,2424,2760,8,911,64,71,549,1249,26656,258,805,790,419,85,1136,48,58,187,5641,2449,1190,437,17,97,60,3,30,292,305,839,208,1466,214,223,717,17941,204,871,46508,216,1808,405,2049,1548,1055,141,736,3105,361,419,418,158,200,128,8118,483,350,405,200,465,512,8621,31,3559,877,17,8829,2910,12,77,2296,235,26,2408,361,416,125,1204,474,6759,1366,399,381,456,194,434,374,433,179,2,401,13,727,35,22,51,304,73,408,286,11465,1521,3994,2896,802,210,333,72,12780,203,5776,862,4263,417,148,971,23,11125,2212,3884,15998,814,7427,154,76,163,447,244,499,313,618,3058,368,15,175,457,5,14,1322,1268,10,309,47,8020,16301,12098,3075,12914,1401,223,26434,34607,5364,16969,24195,29015,78,64,318,318,100,376,445,112,157,261,2486,0.0,0.0,0.0,0.0,0.0,0.0,0.0,0.0,0.0,0.0,0.0,0.0,0.0,0.0,0.0,0.0,0.0,0.0,0.0,0.0,0.0,0.0,0.0,0.0,0.0,0.0,0.0,0.0,0.0,0.0,0.0,0.0,0.0,0.0,0.0,0.0,0.0,0.0,0.0,0.0,0.0,0.0,0.0,0.0,0.0,0.0,0.0,0.0,0.0,0.0,0.0,0.0,0.0,0.0,0.0,0.0,0.0,0.0,0.0,0.0,0.0,0.0,0.0,0.0,0.0,0.0,0.0,0.0,0.0,0.0,0.0,0.0,0.0,0.0,0.0,0.0,0.0,0.0,0.0,0.0,0.0,0.0,0.0,0.0,0.0,0.0,0.0,0.0,0.0,0.0,0.0,0.0,0.0,0.0,0.0,0.0,0.0,0.0,0.0,0.0,0.0,0.0,0.0,0.0,0.0,0.0,0.0,0.0,0.0,0.0,0.0,0.0,0.0,0.0,0.0,0.0,0.0,0.0,0.0,0.0,0.0,0.0,0.0,0.0,0.0,0.0,0.0,0.0,0.0,0.0,0.0,0.0,0.0,0.0,0.0,0.0,0.0,0.0,0.0,0.0,0.0,0.0,0.0,0.0,0.0,0.0,0.0,0.0,0.0,0.0
ENCFF000QTJ,0.11984468101393489,192625,78,2021,16748,292,34211,5005,94,215,173,284,1143,1136,2605,5643,9775,1352,360,2744,2871,138,441,86,150,186,414,18162,1281,12264,2220,201,515,211,652,651,339,948,35,9,3816,6405,28,311,11,36,310,2489,7874,2467,237,292,430,273,186,4293,145,191,256,152,588,594,75,2873,104,243,4216,15,17045,24756,4354,390,228,3639,3225,153,417,164,263,268,61,337,453,2021,180,166,1241,16,292,153,17,908,206,34,708,383,4031,87003,5675,37,15309,21967,1172,18874,422,189,3435,1009,1136,20,1859,4672,4660,172,2216,20140,1073,11619,172,707,765,4524,345,12903,505,3556,1735,460,1747,291,118,18781,3768,8512,6615,2686,8017,16116,2577,1767,1475,439,3642,9612,319,2599,25,108,37,44,1475,468,357,5168,3041,405,2054,15835,1148,332,375,1573,1174,1532,2395,2052,4125,65,184,41,267,21,563,203,541,215,133,1,1320,446,345,8669,4084,26834,998,12445,16447,6520,9728,6203,11776,147,15747,17882,6343,5261,11826,10292,3001,395,3785,372,23,151,269,149,57,34,25,2014,120,15457,4586,4268,187,79483,15845,2804,13277,5417,735,300,18163,8137,19294,1385,24093,59,25090,35,151,383,50,78,373,128,1417,1183,38,202,308,189,285,124,1001,573,161,118,2024,1375,945,1818,419,103,229,231,115,101,113,316,354,2192,369,144,764,981,718,3503,6780,7479,953,1860,528,263,231,202,285,151,139,4598,178,291,3007,133,688,173,1917,347,343,154,283,174,141,502,925,850,268,306,224,1384,604,264,273,301,1291,29,41,133,194,439,201,8857,191,6205,43,280,78,3474,568,4513,3911,3143,23,1380,96,147,496,2253,18353,899,1716,1001,509,511,941,94,179,397,6068,2945,1132,968,74,185,92,7,60,223,1103,1453,246,1865,188,183,609,19429,767,740,66226,205,3120,302,2067,14987,896,126,6341,14668,263,379,425,148,165,420,79355,439,318,390,209,417,466,14322,86,4675,1290,41,16204,4054,33,216,3749,498,45,2947,252,978,215,1207,397,8391,1050,2129,301,355,156,416,284,963,268,31,641,30,955,242,17,207,1550,1080,264,387,11468,765,2893,1994,449,199,680,320,23588,2122,8656,3354,7348,905,125,1510,11,13243,2669,4668,20393,660,4101,308,267,143,1228,177,411,221,515,3071,342,11,2851,360,42,76,2395,2606,10,3075,132,13418,16986,11792,2856,18539,2042,253,29061,42074,5125,17605,30482,40151,75,109,224,224,89,266,922,152,211,294,3417,0.0,0.0,0.0,0.0,0.0,0.0,0.0,0.0,0.0,0.0,0.0,0.0,0.0,0.0,0.0,0.0,0.0,0.0,0.0,0.0,0.0,0.0,0.0,0.0,0.0,0.0,0.0,0.0,0.0,0.0,0.0,0.0,0.0,0.0,0.0,0.0,0.0,0.0,0.0,0.0,0.0,0.0,0.0,0.0,0.0,0.0,0.0,0.0,0.0,0.0,0.0,0.0,0.0,0.0,0.0,0.0,0.0,0.0,0.0,0.0,0.0,0.0,0.0,0.0,0.0,0.0,0.0,0.0,0.0,0.0,0.0,0.0,0.0,0.0,0.0,0.0,0.0,0.0,0.0,0.0,0.0,0.0,0.0,0.0,0.0,0.0,0.0,0.0,0.0,0.0,0.0,0.0,0.0,0.0,0.0,0.0,0.0,0.0,0.0,0.0,0.0,0.0,0.0,0.0,0.0,0.0,0.0,0.0,0.0,0.0,0.0,0.0,0.0,0.0,0.0,0.0,0.0,0.0,0.0,0.0,0.0,0.0,0.0,0.0,0.0,0.0,0.0,0.0,0.0,0.0,0.0,0.0,0.0,0.0,0.0,0.0,0.0,0.0,0.0,0.0,0.0,0.0,0.0,0.0,0.0,0.0,0.0,0.0,0.0,0.0
ENCFF002EDU,0.19066272592431044,109226,289,3856,34167,912,105392,8219,333,736,393,843,3793,5278,11722,17413,32373,4371,681,7893,7363,208,864,99,134,172,1076,6340,3872,47559,4955,376,352,608,2252,1963,160,2541,56,20,10413,14022,116,794,54,104,906,7034,22629,784,635,1303,1708,627,412,8054,219,483,524,268,1147,1811,285,15509,565,763,1859,151,59164,64557,10307,1323,869,2139,7431,494,1546,630,911,1067,254,1114,1456,4620,516,637,4151,41,1004,613,37,1778,364,60,2032,1445,20664,213261,13271,164,35283,50418,3330,43646,1479,735,6797,2191,2432,50,3771,9704,9910,259,5204,49293,3795,57165,817,3142,2951,11289,1361,76143,1696,7921,3937,1082,3494,551,239,39357,16859,4251,28281,10828,17554,36529,907,5355,5213,1439,4879,56643,744,1125,145,139,49,77,3058,477,823,12716,6403,934,6205,35390,3655,608,1379,2567,1965,3819,5707,5257,6773,111,285,107,1200,89,2124,656,1610,509,119,12,937,1110,1351,19963,9375,59562,2759,38684,45334,18479,42254,17149,34466,408,36207,42734,14426,12389,29994,25559,8106,1142,1410,1260,72,650,1058,351,134,101,320,5113,569,65136,14814,17021,825,245699,48849,5002,37390,29942,1577,709,51816,25597,70090,6088,60036,237,59157,78,413,978,279,329,1160,376,4474,2930,43,749,1106,663,1047,514,3001,1833,294,307,5673,3829,2530,3672,1511,379,824,845,431,401,333,695,1261,6565,1442,406,2078,2817,2658,10172,30311,3663,2924,3788,1677,1073,814,798,1204,571,179,10427,575,1021,6743,384,1901,463,4686,1286,1254,642,1070,239,534,722,2745,2747,955,1087,840,2987,1763,899,883,1126,4453,26,46,434,702,717,365,18636,299,12641,40,652,108,8321,1033,9252,8513,9243,70,3696,276,270,3117,4816,87495,1101,3194,2594,1318,345,3224,393,418,1075,19017,9378,3993,1940,89,327,197,24,104,771,2083,3087,789,4434,622,573,1449,50890,679,2355,156112,729,7563,1142,6771,6635,3031,377,2899,10154,946,1264,1293,429,508,386,33989,1644,1139,1446,612,1339,1584,32038,192,12506,2735,54,33232,9990,78,433,8031,1342,137,7855,989,1973,407,3866,1403,24749,3538,1424,910,1344,522,1524,1044,1966,1398,93,1547,100,2254,220,26,296,1072,906,1082,1262,25589,2709,9669,7044,1741,685,1200,350,47397,639,18698,2702,15695,2213,389,3539,57,38846,7437,12675,54757,2875,19658,385,441,445,1281,610,1379,847,1586,11154,1274,47,856,1181,80,98,5315,5353,39,1115,266,32385,50039,36411,9410,45626,5133,417,87043,112700,16103,51365,82528,101927,422,219,877,805,254,972,1644,318,542,889,8504,0.0,0.0,0.0,0.0,0.0,0.0,0.0,0.0,0.0,0.0,0.0,0.0,0.0,0.0,0.0,0.0,0.0,0.0,0.0,0.0,0.0,0.0,0.0,0.0,0.0,0.0,0.0,0.0,0.0,0.0,0.0,0.0,0.0,0.0,0.0,0.0,0.0,0.0,0.0,0.0,0.0,0.0,0.0,0.0,0.0,0.0,0.0,0.0,0.0,0.0,0.0,0.0,0.0,0.0,0.0,0.0,0.0,0.0,0.0,0.0,0.0,0.0,0.0,0.0,0.0,0.0,0.0,0.0,0.0,0.0,0.0,0.0,0.0,0.0,0.0,0.0,0.0,0.0,0.0,0.0,0.0,0.0,0.0,0.0,0.0,0.0,0.0,0.0,0.0,0.0,0.0,0.0,0.0,0.0,0.0,0.0,0.0,0.0,0.0,0.0,0.0,0.0,0.0,0.0,0.0,0.0,0.0,0.0,0.0,0.0,0.0,0.0,0.0,0.0,0.0,0.0,0.0,0.0,0.0,0.0,0.0,0.0,0.0,0.0,0.0,0.0,0.0,0.0,0.0,0.0,0.0,0.0,0.0,0.0,0.0,0.0,0.0,0.0,0.0,0.0,0.0,0.0,0.0,0.0,0.0,0.0,0.0,0.0,0.0,0.0
ENCFF735GUP,0.19289271432477492,568900,131,3537,29703,404,85181,8934,287,407,381,652,3542,2509,6062,13624,20754,3061,936,4600,6128,197,972,59,74,85,1229,49484,3936,22200,5622,373,641,595,2384,2187,335,2968,32,20,10211,15157,84,907,68,35,1106,7633,16824,6623,752,1447,1595,653,524,8638,286,502,609,245,1576,1753,192,8428,223,357,13118,57,41566,55929,10231,1422,764,5539,7366,477,1653,744,896,1057,285,1184,1624,4635,580,687,4610,48,948,735,59,1885,952,252,2326,1064,6588,207656,11632,153,33121,48299,3080,41485,1570,707,8091,2733,3109,69,4603,11050,10947,358,5509,45764,2048,32728,273,1330,1222,10190,566,43419,1468,7945,3355,922,3388,613,138,39572,7743,26736,17737,6212,15400,39025,4399,5613,2987,1500,9824,34133,425,6003,94,118,24,76,3177,441,505,11731,5501,724,4290,30157,2886,725,1540,1588,1306,3381,5027,4471,6869,163,330,110,1133,49,1877,693,1437,459,295,11,1599,1076,1368,18252,9283,61322,2699,30215,40039,16430,28143,17000,32655,360,34621,40761,15046,11813,30443,24242,6691,1028,8881,779,59,676,1103,232,99,69,119,4674,185,35856,11053,6888,3131,191895,40035,6709,30941,16575,1726,640,40646,17469,48998,2470,53040,127,54174,47,423,823,60,346,1174,289,4963,3971,83,771,940,733,1080,516,3159,1972,383,296,6746,4056,2676,3576,1505,328,894,868,388,404,294,554,1303,5387,951,445,1925,3053,2699,9897,19131,29188,3397,4263,1525,1025,807,691,1020,532,199,10149,633,1217,6933,408,2159,549,5288,1334,1248,667,1084,377,585,921,3007,2483,893,1053,867,3054,1930,1189,915,1180,5037,46,72,478,791,818,447,22209,476,12945,65,475,106,9203,1325,10178,8607,8284,51,4268,332,199,1521,5580,49210,2648,4020,2716,1329,2025,3210,217,629,1289,18824,6161,3832,2070,129,276,171,34,63,719,1730,3740,904,4472,654,658,1790,39749,3358,2404,155541,584,8302,1128,7697,50898,3000,386,19828,40967,937,1299,1459,380,551,640,286281,1649,1194,1474,588,1530,1771,34066,173,14156,2620,91,35584,9554,48,405,6406,1213,100,8609,883,1857,297,4131,1308,22453,2355,7241,1013,1444,608,1473,1002,1591,196,84,1273,65,2561,407,47,307,5239,523,425,855,25149,1163,7327,4081,897,577,1308,590,51261,2094,19752,5946,15798,2265,418,4079,22,35382,6820,12354,51303,1655,16201,241,425,483,3678,543,1318,846,1589,12513,1257,27,6876,1265,63,117,5526,5553,4,7511,230,31987,39520,31663,7677,41384,4888,539,66782,99915,13616,40410,74147,91589,258,154,778,812,261,1024,1670,497,535,1000,8256,0.0,0.0,0.0,0.0,0.0,0.0,0.0,0.0,0.0,0.0,0.0,0.0,0.0,0.0,0.0,0.0,0.0,0.0,0.0,0.0,0.0,0.0,0.0,0.0,0.0,0.0,0.0,0.0,0.0,0.0,0.0,0.0,0.0,0.0,0.0,0.0,0.0,0.0,0.0,0.0,0.0,0.0,0.0,0.0,0.0,0.0,0.0,0.0,0.0,0.0,0.0,0.0,0.0,0.0,0.0,0.0,0.0,0.0,0.0,0.0,0.0,0.0,0.0,0.0,0.0,0.0,0.0,0.0,0.0,0.0,0.0,0.0,0.0,0.0,0.0,0.0,0.0,0.0,0.0,0.0,0.0,0.0,0.0,0.0,0.0,0.0,0.0,0.0,0.0,0.0,0.0,0.0,0.0,0.0,0.0,0.0,0.0,0.0,0.0,0.0,0.0,0.0,0.0,0.0,0.0,0.0,0.0,0.0,0.0,0.0,0.0,0.0,0.0,0.0,0.0,0.0,0.0,0.0,0.0,0.0,0.0,0.0,0.0,0.0,0.0,0.0,0.0,0.0,0.0,0.0,0.0,0.0,0.0,0.0,0.0,0.0,0.0,0.0,0.0,0.0,0.0,0.0,0.0,0.0,0.0,0.0,0.0,0.0,0.0,0.0
ENCFF102MKU,0.11709328637177865,17829,82,1989,26840,310,54178,3588,231,145,157,318,2152,1110,5739,15637,12855,1275,519,2414,3539,115,555,29,36,23,681,86,2428,18193,2560,121,56,304,1390,1308,17,1295,4,0,4736,7318,46,282,41,18,413,4291,19864,9,410,907,992,328,139,5201,63,267,120,31,585,960,334,9634,240,186,21,5,31475,29496,4103,861,517,1315,3974,185,919,460,517,687,153,834,838,2188,313,581,2934,3,608,518,7,564,7542,18,1140,1060,11114,104048,6113,73,17588,24455,1787,21515,833,495,3075,824,948,6,2812,5256,4646,62,3063,35965,1040,22864,120,537,852,4790,238,35200,1086,3701,1613,192,1512,118,10,27376,4937,67,16662,5517,7854,19041,12,2937,2146,780,2297,50694,195,85,80,73,160,19,1455,288,153,6446,2652,253,2073,28554,2551,230,907,314,233,1787,2408,2278,4454,26,15,15,848,9,1062,499,559,127,7,17,401,379,737,8981,4184,36754,2008,16952,21393,8862,21170,10083,22705,147,16268,19601,11450,6181,16719,11483,3729,603,12,340,77,542,882,54,15,16,43,2548,51,25036,8107,4384,119,112864,23905,3012,17181,16249,664,296,24130,10376,36799,1248,24096,36,24062,14,224,408,5,277,650,193,3162,1894,5,577,572,519,733,392,1650,946,510,112,3732,2312,1342,2037,1218,309,570,623,357,274,186,342,988,2910,618,295,1014,1707,1365,7594,49728,98,1857,2680,865,614,421,469,632,428,154,4022,449,1051,3921,255,1170,394,2799,1044,695,608,711,356,406,312,1887,1481,635,633,657,1797,1297,893,569,803,2907,19,9,326,573,312,121,11791,57,6336,5,169,31,3887,548,5845,4073,13629,20,1667,24,38,917,5542,55148,348,1073,1659,758,11,1565,53,260,1057,9810,4147,2087,986,13,57,34,11,4,486,652,1348,472,2406,526,359,1844,38914,163,1352,73251,316,4151,746,4162,307,1642,221,33,2026,619,732,771,358,303,158,754,923,737,744,374,815,856,16073,16,9419,889,11,18232,8928,29,287,4538,422,25,5396,520,1136,96,2493,767,22842,2065,237,571,772,425,615,665,759,332,15,469,11,1413,65,24,47,69,167,166,517,30502,803,7042,3575,583,519,343,87,25386,77,7587,890,7951,868,59,1628,6,15623,2992,5211,22748,3142,20491,108,63,288,785,347,664,576,924,5078,636,9,97,837,3,11,2309,2404,13,64,47,15454,28359,21796,5783,19414,2586,310,43699,57832,9178,27154,46421,48137,156,70,521,522,146,640,491,218,267,507,4083,0.0,0.0,0.0,0.0,0.0,0.0,0.0,0.0,0.0,0.0,0.0,0.0,0.0,0.0,0.0,0.0,0.0,0.0,0.0,0.0,0.0,0.0,0.0,0.0,0.0,0.0,0.0,0.0,0.0,0.0,0.0,0.0,0.0,0.0,0.0,0.0,0.0,0.0,0.0,0.0,0.0,0.0,0.0,0.0,0.0,0.0,0.0,0.0,0.0,0.0,0.0,0.0,0.0,0.0,0.0,0.0,0.0,0.0,0.0,0.0,0.0,0.0,0.0,0.0,0.0,0.0,0.0,0.0,0.0,0.0,0.0,0.0,0.0,0.0,0.0,0.0,0.0,0.0,0.0,0.0,0.0,0.0,0.0,0.0,0.0,0.0,0.0,0.0,0.0,0.0,0.0,0.0,0.0,0.0,0.0,0.0,0.0,0.0,0.0,0.0,0.0,0.0,0.0,0.0,0.0,0.0,0.0,0.0,0.0,0.0,0.0,0.0,0.0,0.0,0.0,0.0,0.0,0.0,0.0,0.0,0.0,0.0,0.0,0.0,0.0,0.0,0.0,0.0,0.0,0.0,0.0,0.0,0.0,0.0,0.0,0.0,0.0,0.0,0.0,0.0,0.0,0.0,0.0,0.0,0.0,0.0,0.0,0.0,0.0,0.0
ENCFF000AIW,0.14359227888814277,16835,34,1612,14047,247,27893,2646,107,195,148,267,1389,1679,3206,8649,9841,1571,244,1765,2628,93,387,42,28,15,528,226,1431,7427,1840,155,89,216,707,614,15,936,6,3,3742,5936,22,451,53,11,322,2639,10878,27,236,442,526,267,197,4009,74,185,194,66,385,604,119,4116,339,59,59,19,20409,26516,4372,379,258,512,2801,158,444,176,289,354,78,366,512,2137,142,213,1595,10,320,166,11,721,212,5,736,506,4734,89200,5869,63,15398,22290,1136,19384,434,244,2990,944,1151,7,1783,4354,4340,53,2048,18883,936,14061,183,794,765,4582,320,21904,491,3260,1562,503,1556,252,69,18603,5082,122,12840,3145,7329,16363,55,1939,785,448,1870,11854,100,137,59,60,16,12,1218,142,258,4998,2513,378,1659,15544,1414,239,405,476,474,1400,2864,2671,2973,37,60,14,377,3,690,202,928,68,10,7,216,433,392,8772,3826,25738,1016,13749,16005,6801,14459,6590,12353,134,15280,17897,7513,5100,11668,9626,2719,461,56,332,34,191,316,81,34,7,13,2249,92,16879,5158,4627,270,83855,16737,1627,14201,7999,660,261,19336,8536,22529,1575,24049,105,23520,27,177,313,37,105,346,284,1669,1142,60,259,320,209,327,152,997,577,166,144,2153,1373,984,1320,452,144,219,279,146,118,85,286,443,2510,495,131,849,1049,856,5032,16395,217,1004,1969,534,356,252,221,368,221,74,4253,186,305,2806,127,784,123,1963,390,381,226,335,172,153,227,987,936,317,306,280,1194,621,276,270,359,1701,9,19,134,254,253,74,7899,19,5163,7,266,68,3238,436,3751,3139,3530,7,1179,35,132,336,2288,28197,351,1248,1067,572,22,1156,108,83,319,6828,2232,1158,769,13,163,54,5,7,236,831,1269,238,1801,201,165,614,20699,135,876,63472,181,3102,404,1948,335,980,96,119,1963,318,390,423,135,158,140,1495,475,364,403,271,447,482,13535,27,5089,1196,12,13873,3230,36,169,3055,403,23,3113,281,1073,143,1315,429,5018,1340,310,257,422,155,505,320,682,196,4,503,5,871,225,34,88,198,60,260,296,11530,705,3613,2139,500,226,477,38,20471,49,7397,679,7023,698,160,1517,3,15400,2741,4895,21425,1257,7753,94,40,123,320,128,447,264,625,2423,371,17,108,377,12,11,2272,2343,9,90,118,13158,19545,13742,3323,19881,2416,171,36826,45893,6157,19447,35165,42084,156,99,275,258,83,310,717,178,238,317,3162,0.0,0.0,0.0,0.0,0.0,0.0,0.0,0.0,0.0,0.0,0.0,0.0,0.0,0.0,0.0,0.0,0.0,0.0,0.0,0.0,0.0,0.0,0.0,0.0,0.0,0.0,0.0,0.0,0.0,0.0,0.0,0.0,0.0,0.0,0.0,0.0,0.0,0.0,0.0,0.0,0.0,0.0,0.0,0.0,0.0,0.0,0.0,0.0,0.0,0.0,0.0,0.0,0.0,0.0,0.0,0.0,0.0,0.0,0.0,0.0,0.0,0.0,0.0,0.0,0.0,0.0,0.0,0.0,0.0,0.0,0.0,0.0,0.0,0.0,0.0,0.0,0.0,0.0,0.0,0.0,0.0,0.0,0.0,0.0,0.0,0.0,0.0,0.0,0.0,0.0,0.0,0.0,0.0,0.0,0.0,0.0,0.0,0.0,0.0,0.0,0.0,0.0,0.0,0.0,0.0,0.0,0.0,0.0,0.0,0.0,0.0,0.0,0.0,0.0,0.0,0.0,0.0,0.0,0.0,0.0,0.0,0.0,0.0,0.0,0.0,0.0,0.0,0.0,0.0,0.0,0.0,0.0,0.0,0.0,0.0,0.0,0.0,0.0,0.0,0.0,0.0,0.0,0.0,0.0,0.0,0.0,0.0,0.0,0.0,0.0
ENCFF326BCF,0.06322389092689518,743869,3054,4171,446,5,14619,1012,26,85,107,578,410,74,271,84,55,658,262,1168,2068,100,304,71,35,1,116,12508,504,211,1050,375,2920,803,265,242,616,384,5,0,3379,3541,5,237,8,950,54,1020,135,6204,79,116,193,159,375,23793,80,142,79,29,307,234,1,35,43,165,1132,0,9870,34003,9969,154,107,12222,2394,133,165,79,105,130,15,112,164,1353,63,53,560,18,125,79,255,764,14,0,297,109,81,70733,3765,15,37118,15197,424,13569,187,94,1887,656,759,0,35476,15798,4563,157,2685,41491,84,2757,4,5,131,2589,2,141,141,3052,1477,259,1100,119,13,9615,626,8432,130,429,3994,27499,23425,1223,100,150,3302,678,51,4949,6,42,29,6,690,76,155,4843,1396,228,1018,479,201,1372,153,245,232,651,1009,929,9102,16,43,12,129,2,254,115,453,734,313,0,5479,162,148,6859,2857,33606,577,10295,12631,3499,2583,5508,28430,30,10666,11800,5376,4343,13279,29682,2195,159,574,96,6,64,150,38,36,16,3,1866,2,2655,2008,34,11,173526,8266,1933,9511,401,294,408,9346,4353,6753,71,18662,34,15690,22,69,754,1,36,157,90,636,701,2,93,145,101,140,59,375,180,2657,47,1438,619,509,1858,135,46,103,100,59,37,30,629,183,1224,484,45,457,399,328,557,222,17207,471,11336,273,101,83,98,143,77,250,2894,61,136,1727,57,370,29,934,133,152,90,111,12,81,821,375,325,125,158,81,1149,303,97,106,117,687,116,5,52,86,159,7,11336,13,6907,20,174,11,1733,197,8809,2971,1610,0,663,46,62,9,1221,5010,439,3207,3884,383,69,394,62,22,208,3563,1284,416,429,72,317,44,0,4,98,21,859,61,819,64,64,83,373,1859,338,54084,538,1939,127,776,12967,426,58,11242,36230,130,165,127,44,43,125,184736,148,162,136,203,120,154,7911,22,2478,1384,1,41913,2841,1,88,2162,269,22,1439,126,361,189,613,140,157,111,3990,90,142,69,177,127,491,23,5,1668,137,515,62,10,58,3075,232,13,78,767,17,687,328,37,52,257,1,22213,1348,6215,418,4207,367,44,1308,8,10348,1631,2378,29766,222,304,306,10,46,197,1810,139,114,244,434,139,8,4015,150,0,0,3070,1330,3,2728,193,6692,10879,12305,1414,9907,1256,66,12108,27120,3936,9916,19736,22228,79,85,107,96,46,124,417,79,312,147,2244,0.0,0.0,0.0,0.0,0.0,0.0,0.0,0.0,0.0,0.0,0.0,0.0,0.0,0.0,0.0,0.0,0.0,0.0,0.0,0.0,0.0,0.0,0.0,0.0,0.0,0.0,0.0,0.0,0.0,0.0,0.0,0.0,0.0,0.0,0.0,0.0,0.0,0.0,0.0,0.0,0.0,0.0,0.0,0.0,0.0,0.0,0.0,0.0,0.0,0.0,0.0,0.0,0.0,0.0,0.0,0.0,0.0,0.0,0.0,0.0,0.0,0.0,0.0,0.0,0.0,0.0,0.0,0.0,0.0,0.0,0.0,0.0,0.0,0.0,0.0,0.0,0.0,0.0,0.0,0.0,0.0,0.0,0.0,0.0,0.0,0.0,0.0,0.0,0.0,0.0,0.0,0.0,0.0,0.0,0.0,0.0,0.0,0.0,0.0,0.0,0.0,0.0,0.0,0.0,0.0,0.0,0.0,0.0,0.0,0.0,0.0,0.0,0.0,0.0,0.0,0.0,0.0,0.0,0.0,0.0,0.0,0.0,0.0,0.0,0.0,0.0,0.0,0.0,0.0,0.0,0.0,0.0,0.0,0.0,0.0,0.0,0.0,0.0,0.0,0.0,0.0,0.0,0.0,0.0,0.0,0.0,0.0,0.0,0.0,0.0
ENCFF310WZD,0.14830616003288077,36323,513,1586,34919,377,73912,4732,264,154,172,323,2662,1208,4107,26239,15495,1382,442,3115,3067,85,465,27,61,36,873,1999,2967,22516,2333,136,45,382,1823,1610,23,1804,17,1,4823,6932,40,273,52,141,551,4834,29239,153,678,1149,1348,203,156,4714,54,253,136,87,518,1143,294,13976,2449,69,542,35,37045,39473,3639,1110,716,1587,3458,153,1272,562,728,839,224,1101,1141,2115,404,762,3604,7,855,725,11,651,110,7,1291,956,13356,114353,6481,54,16966,25154,2269,21674,1182,658,2649,788,956,16,2057,4647,5091,114,3111,21471,1159,32934,145,818,1130,4402,335,72215,1287,3830,1453,306,1364,274,74,18732,5354,928,39164,6015,8334,19297,93,3366,2771,1163,2250,30976,163,239,78,48,18,14,1379,296,187,5980,2231,169,2391,37741,2850,190,1206,885,865,1786,2906,2871,3845,37,69,37,1099,23,1336,617,629,104,12,43,465,362,1104,9130,4348,27848,2274,16119,22964,10217,40226,10979,20992,171,17254,21498,6434,5968,16135,11951,3336,777,237,525,36,618,1082,85,28,9,78,2908,92,46123,8482,5368,275,186070,26851,2908,19855,20060,641,288,26778,12788,44829,1514,25009,72,22431,17,163,435,7,296,842,195,3604,1777,26,755,749,645,1014,510,2335,1329,194,140,4222,2488,1311,1548,1550,357,807,778,448,286,244,239,1228,3543,860,376,978,2220,1727,10742,141779,1897,2235,2296,1146,802,648,613,964,577,86,4710,559,1291,3554,352,1276,523,2776,1366,1027,763,970,144,512,349,2293,1944,776,903,838,1888,1485,1078,648,1080,3070,11,19,426,749,365,138,8913,61,5476,14,152,47,3945,444,4570,3946,5831,14,1692,46,27,900,2099,68480,516,1215,1883,699,73,2176,55,267,902,12021,4395,2512,893,48,121,39,12,27,646,1274,1389,597,2598,641,457,1418,50918,258,1606,71620,517,4129,928,5489,2646,1882,270,489,2972,764,1019,1003,381,331,161,11679,1254,914,1046,426,1106,1235,16139,16,10302,937,25,17257,3899,16,283,3343,589,21,5763,731,453,71,3091,981,15303,1932,491,747,1065,585,794,855,722,437,12,412,16,1484,84,73,55,224,222,170,634,30672,893,8020,4009,766,521,471,111,17770,82,8058,1211,6553,896,66,1611,6,21799,3974,6582,27376,4357,25573,147,108,398,888,600,979,762,1165,4867,949,11,152,1074,29,35,2230,2160,17,187,63,16003,25581,19958,5163,22061,3066,326,58199,55494,8745,25634,44916,49579,122,65,637,605,245,863,460,211,112,410,4163,0.0,0.0,0.0,0.0,0.0,0.0,0.0,0.0,0.0,0.0,0.0,0.0,0.0,0.0,0.0,0.0,0.0,0.0,0.0,0.0,0.0,0.0,0.0,0.0,0.0,0.0,0.0,0.0,0.0,0.0,0.0,0.0,0.0,0.0,0.0,0.0,0.0,0.0,0.0,0.0,0.0,0.0,0.0,0.0,0.0,0.0,0.0,0.0,0.0,0.0,0.0,0.0,0.0,0.0,0.0,0.0,0.0,0.0,0.0,0.0,0.0,0.0,0.0,0.0,0.0,0.0,0.0,0.0,0.0,0.0,0.0,0.0,0.0,0.0,0.0,0.0,0.0,0.0,0.0,0.0,0.0,0.0,0.0,0.0,0.0,0.0,0.0,0.0,0.0,0.0,0.0,0.0,0.0,0.0,0.0,0.0,0.0,0.0,0.0,0.0,0.0,0.0,0.0,0.0,0.0,0.0,0.0,0.0,0.0,0.0,0.0,0.0,0.0,0.0,0.0,0.0,0.0,0.0,0.0,0.0,0.0,0.0,0.0,0.0,0.0,0.0,0.0,0.0,0.0,0.0,0.0,0.0,0.0,0.0,0.0,0.0,0.0,0.0,0.0,0.0,0.0,0.0,0.0,0.0,0.0,0.0,0.0,0.0,0.0,0.0
ENCFF001GBC,0.07418604323926668,18520,17,1088,8929,190,29871,2407,65,110,81,209,726,989,2139,4064,7794,1002,135,1782,1665,98,301,31,15,6,275,59,706,5129,1265,72,69,108,417,352,11,479,10,5,4187,6851,44,230,8,4,292,1411,4899,7,148,247,312,151,200,7857,55,103,108,29,216,358,112,2345,221,85,16,36,11886,16180,7673,237,155,318,5178,88,270,133,139,199,38,202,326,2734,102,102,821,7,182,97,5,479,44,7,417,290,4092,57674,4638,30,12075,18641,601,16645,314,92,3265,955,516,2,2700,7536,7393,25,3024,16335,635,7623,108,413,536,2825,215,9903,296,2072,1074,254,1287,151,38,15158,2993,57,5222,2006,9348,15989,6,1087,897,278,1489,10692,116,75,28,45,11,13,698,156,224,5065,1916,223,1203,8930,688,146,257,920,836,1209,1447,1326,7589,39,47,12,206,4,357,132,274,171,3,0,113,203,230,8821,2350,16553,662,8701,11556,4013,8279,6095,9044,94,10123,11578,6140,3740,16096,6328,1653,295,12,190,23,111,183,69,24,13,12,1175,80,11058,3594,2359,30,73303,11499,1019,9236,4872,340,223,12814,4959,14842,941,17242,53,17626,45,138,287,45,65,253,73,2210,2105,156,114,203,116,190,82,679,335,2218,82,1204,2085,511,4955,251,70,121,170,80,71,64,2169,204,3117,272,89,528,644,467,2500,4209,63,606,4626,353,179,164,143,222,135,1826,3820,100,176,3622,88,454,89,2187,205,208,124,190,380,107,118,563,510,180,199,135,2153,407,162,159,185,846,4,8,89,135,279,64,8072,19,6108,3,181,15,2105,517,4767,2135,3747,5,743,22,88,256,1423,15873,234,606,2603,427,3,576,70,145,276,5070,1916,712,411,6,52,33,1,8,143,393,685,140,1486,103,101,467,11662,73,459,54200,114,2938,203,1193,172,685,67,25,1279,154,260,267,54,76,59,595,361,194,277,102,278,269,9436,21,4206,870,4,20321,3402,115,83,2933,199,20,1686,191,536,97,851,264,4401,768,180,173,332,115,270,208,1651,160,3,393,8,726,117,36,102,138,46,150,202,6802,454,1888,1389,283,173,262,31,19506,13,5379,393,5570,408,66,868,11,9481,2347,2881,20809,488,3865,56,64,91,170,82,245,155,1383,1524,272,12,56,190,3,3,1418,1852,5,23,62,9108,14060,12582,1973,11878,1422,124,20425,34806,5464,12859,23439,30165,164,57,174,116,60,171,877,99,138,198,1980,0.0,0.0,0.0,0.0,0.0,0.0,0.0,0.0,0.0,0.0,0.0,0.0,0.0,0.0,0.0,0.0,0.0,0.0,0.0,0.0,0.0,0.0,0.0,0.0,0.0,0.0,0.0,0.0,0.0,0.0,0.0,0.0,0.0,0.0,0.0,0.0,0.0,0.0,0.0,0.0,0.0,0.0,0.0,0.0,0.0,0.0,0.0,0.0,0.0,0.0,0.0,0.0,0.0,0.0,0.0,0.0,0.0,0.0,0.0,0.0,0.0,0.0,0.0,0.0,0.0,0.0,0.0,0.0,0.0,0.0,0.0,0.0,0.0,0.0,0.0,0.0,0.0,0.0,0.0,0.0,0.0,0.0,0.0,0.0,0.0,0.0,0.0,0.0,0.0,0.0,0.0,0.0,0.0,0.0,0.0,0.0,0.0,0.0,0.0,0.0,0.0,0.0,0.0,0.0,0.0,0.0,0.0,0.0,0.0,0.0,0.0,0.0,0.0,0.0,0.0,0.0,0.0,0.0,0.0,0.0,0.0,0.0,0.0,0.0,0.0,0.0,0.0,0.0,0.0,0.0,0.0,0.0,0.0,0.0,0.0,0.0,0.0,0.0,0.0,0.0,0.0,0.0,0.0,0.0,0.0,0.0,0.0,0.0,0.0,0.0
ENCFF339MTK,0.0726017473351414,334152,2893,15515,99401,1324,172775,17364,727,1072,864,1606,8503,8235,19232,57504,61704,8464,1049,15731,15218,419,1963,207,167,140,2893,24061,8729,91863,9339,744,1532,1460,4580,4163,743,5068,61,155,22402,29365,167,1965,180,797,1354,15443,72317,3482,1310,2753,3538,1223,944,18812,481,861,1195,436,1638,4141,1566,41484,1506,2642,6412,248,155883,172234,19485,2675,1690,7746,14976,732,3064,1258,1992,2372,578,2500,2762,10107,1159,1407,10032,53,2206,1302,75,3155,530,80,4805,3886,50699,499674,29807,335,80765,114412,6882,99982,3993,1506,14143,4720,4972,45,8887,23876,23579,602,13740,89548,5994,61362,866,4185,5434,23205,1696,81893,3840,17045,7802,2646,6947,888,346,81406,25927,17071,67198,19619,33628,72239,4819,12732,9000,3082,12852,128045,1062,3657,227,274,66,112,5508,685,1672,27928,13502,1634,11586,103182,10912,1061,2841,3653,4192,8103,10927,10103,16201,155,417,119,2594,46,4978,1503,4568,57265,570,82,2563,1874,2481,43479,19349,126250,6447,77530,89284,42485,88925,38614,76839,637,81272,93963,36439,25528,67009,52232,19250,2795,4962,2227,667,1239,2254,390,131,108,226,11718,668,121944,35541,23713,892,787014,114712,14166,80260,72385,3032,2265,121682,57131,175992,8354,125283,646,115524,45,902,2320,392,742,2302,642,10277,6042,171,1694,2399,1498,2340,1141,6297,3665,1316,534,12170,7767,5313,8063,2998,837,1597,1830,806,894,656,1678,2830,15896,3352,945,5144,6912,5905,45953,199952,15342,5931,9885,3327,2129,1643,1472,2324,1391,578,22513,1201,2125,13517,909,3910,904,11654,2699,2580,1440,2400,1261,1038,2225,6409,6147,1969,2405,1835,6486,4007,1976,1995,2377,10898,90,83,937,1451,1162,812,41224,454,27050,76,1405,276,16691,2055,21329,18940,20921,39,7315,149,547,4752,10673,206451,2800,6917,6499,3161,1444,8159,456,713,2136,43107,18913,7915,3482,56,440,314,36,38,1680,3036,7489,1434,10564,1211,1240,8792,145073,2040,5747,343356,1799,15739,2505,13740,25582,7428,907,9708,33776,1997,2338,2534,1184,1091,906,115509,2993,2320,2633,1434,2946,3185,69504,92,29297,5971,87,73848,19323,58,758,16701,2138,37,17948,1893,3561,736,8084,2768,40639,10478,4447,2179,2654,1115,3079,2025,3884,3050,45,2920,77,5477,861,102,437,2987,2338,1507,2881,94428,3532,28236,14962,2743,1509,2430,386,97636,2212,47136,8064,33013,3635,928,7851,82,86987,17449,28713,129501,15284,50251,1032,1073,877,3746,2541,2814,1757,4227,28487,2449,66,2759,2584,93,81,10436,10601,76,5140,470,66920,126148,88845,24321,100160,11863,1475,190877,264209,39540,119914,199722,230456,687,529,1986,1712,587,2179,4107,906,1100,1768,18264,0.0,0.0,0.0,0.0,0.0,0.0,0.0,0.0,0.0,0.0,0.0,0.0,0.0,0.0,0.0,0.0,0.0,0.0,0.0,0.0,0.0,0.0,0.0,0.0,0.0,0.0,0.0,0.0,0.0,0.0,0.0,0.0,0.0,0.0,0.0,0.0,0.0,0.0,0.0,0.0,0.0,0.0,0.0,0.0,0.0,0.0,0.0,0.0,0.0,0.0,0.0,0.0,0.0,0.0,0.0,0.0,0.0,0.0,0.0,0.0,0.0,0.0,0.0,0.0,0.0,0.0,0.0,0.0,0.0,0.0,0.0,0.0,0.0,0.0,0.0,0.0,0.0,0.0,0.0,0.0,0.0,0.0,0.0,0.0,0.0,0.0,0.0,0.0,0.0,0.0,0.0,0.0,0.0,0.0,0.0,0.0,0.0,0.0,0.0,0.0,0.0,0.0,0.0,0.0,0.0,0.0,0.0,0.0,0.0,0.0,0.0,0.0,0.0,0.0,0.0,0.0,0.0,0.0,0.0,0.0,0.0,0.0,0.0,0.0,0.0,0.0,0.0,0.0,0.0,0.0,0.0,0.0,0.0,0.0,0.0,0.0,0.0,0.0,0.0,0.0,0.0,0.0,0.0,0.0,0.0,0.0,0.0,0.0,0.0,0.0
ENCFF914CPT,0.2214833727873026,9174,136,1421,29987,397,112539,3413,215,164,83,206,1889,1508,4220,17822,37462,1055,239,2805,1579,34,184,13,26,31,460,91,2137,32531,1234,49,18,223,1702,1473,13,1650,7,3,2986,3621,18,107,26,38,389,3503,17646,11,377,864,1205,107,52,1521,27,133,86,61,251,1038,617,16184,267,351,27,51,32728,17902,1494,976,647,935,1355,52,1139,436,672,858,190,912,983,1167,347,586,2669,9,732,597,7,380,81,7,559,721,17916,62370,2995,34,7876,13265,1955,10970,1125,566,1107,352,413,4,852,1878,2124,232,1927,8614,1432,28437,166,771,783,2682,383,49925,1023,1747,721,111,625,56,35,7725,4897,67,27580,4781,3928,7217,15,2240,2877,962,1268,32819,403,48,67,14,8,16,681,114,150,3229,1135,183,1843,30612,2175,78,1107,1247,1822,1258,1066,1069,1581,14,31,30,919,7,1012,552,552,167,3,6,318,166,1023,3555,1940,13847,1355,13052,14996,6084,25879,6426,12733,262,9249,11908,2645,2695,9205,5642,2806,455,21,514,49,542,967,24,12,17,47,1170,83,32674,6253,9517,98,99663,17764,1785,11083,25636,256,147,17307,9156,39550,2152,11296,36,10599,5,104,279,21,272,823,87,2503,845,5,601,591,509,830,422,2062,1119,31,104,2738,1934,902,722,1266,276,607,669,414,257,219,76,979,2282,895,329,758,1782,1473,8033,53754,96,1664,946,945,688,606,584,838,457,14,3315,420,996,2297,229,1079,433,1705,947,904,588,847,29,369,220,1798,1445,671,793,704,1060,1035,836,607,892,2171,8,7,361,646,135,125,4039,86,2659,4,132,17,2415,204,2289,2170,3757,13,1046,26,20,1391,950,70879,129,680,1413,396,5,1678,50,144,410,7661,3848,2043,472,12,38,42,8,13,615,607,650,582,1358,531,386,2333,54441,134,1117,33764,355,2518,822,4334,217,1567,254,36,1204,645,1004,943,313,249,81,648,1177,917,1013,229,970,1052,9286,16,6621,518,10,8073,2248,8,163,1864,443,5,3686,711,195,41,2392,909,13719,2199,138,558,901,437,539,776,317,562,9,206,20,944,50,4,21,29,869,235,462,26090,854,6112,3002,597,317,235,103,7704,12,4255,828,2910,534,41,749,5,10723,2032,3535,14755,1828,18960,110,242,326,726,438,856,683,763,5381,900,7,51,898,13,16,1080,1010,22,26,25,8584,14875,14720,3275,10758,1503,777,32119,32534,6140,16399,23622,27371,231,29,560,521,196,786,202,93,65,238,2282,0.0,0.0,0.0,0.0,0.0,0.0,0.0,0.0,0.0,0.0,0.0,0.0,0.0,0.0,0.0,0.0,0.0,0.0,0.0,0.0,0.0,0.0,0.0,0.0,0.0,0.0,0.0,0.0,0.0,0.0,0.0,0.0,0.0,0.0,0.0,0.0,0.0,0.0,0.0,0.0,0.0,0.0,0.0,0.0,0.0,0.0,0.0,0.0,0.0,0.0,0.0,0.0,0.0,0.0,0.0,0.0,0.0,0.0,0.0,0.0,0.0,0.0,0.0,0.0,0.0,0.0,0.0,0.0,0.0,0.0,0.0,0.0,0.0,0.0,0.0,0.0,0.0,0.0,0.0,0.0,0.0,0.0,0.0,0.0,0.0,0.0,0.0,0.0,0.0,0.0,0.0,0.0,0.0,0.0,0.0,0.0,0.0,0.0,0.0,0.0,0.0,0.0,0.0,0.0,0.0,0.0,0.0,0.0,0.0,0.0,0.0,0.0,0.0,0.0,0.0,0.0,0.0,0.0,0.0,0.0,0.0,0.0,0.0,0.0,0.0,0.0,0.0,0.0,0.0,0.0,0.0,0.0,0.0,0.0,0.0,0.0,0.0,0.0,0.0,0.0,0.0,0.0,0.0,0.0,0.0,0.0,0.0,0.0,0.0,0.0
ENCFF120IAI,0.1786675680407243,58466,464,8068,113469,1964,523684,21093,976,1263,700,859,9199,9866,25464,60926,194539,6282,1423,17011,10074,244,1443,77,266,150,3363,651,9376,112664,8019,420,142,1317,6647,5913,86,6697,68,12,18011,22418,177,949,210,78,2105,17339,69966,92,1720,4274,4554,721,428,10619,285,790,657,317,1951,4024,1684,53123,1208,1447,200,84,131776,105626,11049,3892,2250,5325,9876,548,4628,2180,2508,2902,862,3622,3916,6809,1580,2264,11668,58,2745,2424,85,2238,548,169,4125,3276,58884,375364,19853,214,52515,80989,7984,67704,4287,2232,9051,2825,3331,50,6368,13933,14632,607,10751,61539,8128,124849,841,4129,4213,16433,1836,189178,4512,11905,4743,809,4745,451,239,55505,33158,396,84359,26127,21151,51464,73,11873,20075,4025,7692,140574,906,282,490,187,70,134,4394,767,476,19493,8188,788,9740,114927,8917,862,4312,2942,4100,6460,7498,7424,10089,66,220,87,3549,58,4675,2042,1863,41924,40,13,1676,1251,3885,25068,12641,84954,7122,83114,80402,33408,88313,35549,67896,1912,56615,71888,19526,17129,53496,38842,12621,2546,84,2338,52,2143,3614,234,90,68,206,8026,770,138893,29032,57199,762,452595,98310,9269,59755,100517,2273,888,89909,47794,165481,13418,77294,198,74018,43,652,1406,110,1008,2996,601,11178,6232,79,2374,2554,2059,3174,1439,8101,4844,238,465,14269,8252,5129,5899,5135,1041,2493,2561,1487,1060,836,615,3898,11752,2672,1191,3823,7939,6308,35828,89320,459,7680,6036,3712,2648,2126,2071,2989,1691,83,17673,1842,4313,11402,1020,4614,1797,10030,4615,3620,2254,3106,322,1585,1491,8083,6522,2631,2987,2618,5744,4951,4258,2306,3677,11568,72,104,1453,2573,1104,1276,29496,697,17870,68,725,124,14046,1444,15603,14617,20177,109,7415,201,149,6416,7238,338883,1077,4110,6054,2606,57,7526,231,1032,2806,46064,22209,7346,3045,33,200,219,54,135,2007,3191,4892,2344,7420,2093,1819,10375,254081,667,5778,221174,1414,13415,3216,20924,1236,7342,1000,198,7049,2695,3382,3640,1148,1141,482,4276,4492,3261,3552,1203,3797,4318,56196,60,33320,3356,68,53143,15997,94,763,11703,2101,69,19211,2449,1845,272,10631,3462,43737,7863,844,2399,3509,1807,3036,3094,2405,2957,49,1601,49,5227,324,62,152,266,2329,1634,2689,103694,4650,25087,13979,2690,1637,1586,684,57872,141,31187,3608,20114,2876,321,5585,27,74204,14197,22930,92457,4155,60423,548,1147,1441,3127,1600,3317,2459,3258,27057,3200,42,401,3441,75,79,6216,6707,64,194,204,55727,83957,68447,18046,69717,9692,1534,160037,191856,30879,84905,147141,166452,1468,289,2178,2095,832,2917,1629,487,380,1604,14973,0.0,0.0,0.0,0.0,0.0,0.0,0.0,0.0,0.0,0.0,0.0,0.0,0.0,0.0,0.0,0.0,0.0,0.0,0.0,0.0,0.0,0.0,0.0,0.0,0.0,0.0,0.0,0.0,0.0,0.0,0.0,0.0,0.0,0.0,0.0,0.0,0.0,0.0,0.0,0.0,0.0,0.0,0.0,0.0,0.0,0.0,0.0,0.0,0.0,0.0,0.0,0.0,0.0,0.0,0.0,0.0,0.0,0.0,0.0,0.0,0.0,0.0,0.0,0.0,0.0,0.0,0.0,0.0,0.0,0.0,0.0,0.0,0.0,0.0,0.0,0.0,0.0,0.0,0.0,0.0,0.0,0.0,0.0,0.0,0.0,0.0,0.0,0.0,0.0,0.0,0.0,0.0,0.0,0.0,0.0,0.0,0.0,0.0,0.0,0.0,0.0,0.0,0.0,0.0,0.0,0.0,0.0,0.0,0.0,0.0,0.0,0.0,0.0,0.0,0.0,0.0,0.0,0.0,0.0,0.0,0.0,0.0,0.0,0.0,0.0,0.0,0.0,0.0,0.0,0.0,0.0,0.0,0.0,0.0,0.0,0.0,0.0,0.0,0.0,0.0,0.0,0.0,0.0,0.0,0.0,0.0,0.0,0.0,0.0,0.0
ENCFF001HIS,0.13935389071281354,85388,201,4155,32966,566,79252,5132,237,417,276,479,3066,2853,6521,12671,22139,2606,384,4260,5205,113,631,66,72,40,1090,5800,3190,25825,3443,215,284,475,1785,1644,148,1972,50,13,6327,9748,72,665,37,51,639,5437,15744,734,451,1028,1313,397,282,5204,132,320,344,96,633,1429,494,11614,417,194,1732,66,43595,41990,5608,1079,705,2066,3975,326,1263,555,826,913,232,985,1267,3158,442,604,3581,20,856,516,25,957,123,33,1170,1227,13912,147342,8598,117,23280,34733,2491,30036,1155,703,4579,1387,1529,25,2458,6298,6337,86,3918,27159,2147,31344,414,1710,1757,7647,679,43043,1346,5190,2456,744,2274,315,141,24826,9671,3469,26596,6498,8527,23734,809,4278,2662,1211,3849,28901,262,772,102,90,42,46,1985,246,453,9522,4167,630,3371,32538,3107,414,1189,588,608,2573,3349,2736,4053,115,145,23,976,20,1660,580,363,181,62,31,820,715,1071,12767,6480,42353,2000,23831,27345,13108,23425,11819,25549,208,24947,29739,10732,7840,19906,16636,4785,800,1160,605,72,518,891,140,76,19,29,3648,286,30003,10400,7933,248,159212,33358,3800,24633,21350,1007,482,35397,16156,51675,3383,36588,191,35937,40,293,617,111,324,998,286,3835,2165,22,655,901,570,906,387,2393,1443,209,243,4364,2722,1991,2299,1237,326,665,764,402,303,258,433,1110,4483,1173,382,1593,2456,2106,9916,34268,2902,2281,2506,1276,936,625,650,980,541,103,5806,503,874,4631,366,1440,384,3448,1122,1086,607,868,257,463,692,2396,2435,824,939,752,2162,1405,873,785,912,3857,30,27,370,618,448,191,12695,116,8189,21,438,66,5705,663,5625,5906,6647,27,2557,90,199,1204,3568,55124,754,2177,2045,981,280,2797,177,139,614,15653,5342,2913,1174,29,123,82,21,41,694,1050,2001,611,3010,474,494,1358,41498,441,2094,105891,532,5212,1045,5486,5367,2466,295,2387,7544,814,1086,1100,372,414,327,29164,1301,997,1125,450,1175,1341,22324,83,9454,1884,29,22153,5751,58,244,4962,733,43,6219,824,1078,242,2923,1162,10652,2879,1215,810,1198,417,1149,933,985,609,30,884,36,1568,85,15,183,782,157,594,685,24228,1505,8527,4853,1082,434,670,189,32042,705,14206,2696,10556,1098,374,2531,23,29016,5070,10679,41110,3900,11912,351,160,397,1101,453,1212,731,1490,5347,1090,30,618,1010,18,39,3359,3443,15,986,197,20196,36760,26989,7207,31824,3618,486,59617,80310,11753,36554,58129,69024,210,120,713,706,176,864,1062,223,339,624,6346,0.0,0.0,0.0,0.0,0.0,0.0,0.0,0.0,0.0,0.0,0.0,0.0,0.0,0.0,0.0,0.0,0.0,0.0,0.0,0.0,0.0,0.0,0.0,0.0,0.0,0.0,0.0,0.0,0.0,0.0,0.0,0.0,0.0,0.0,0.0,0.0,0.0,0.0,0.0,0.0,0.0,0.0,0.0,0.0,0.0,0.0,0.0,0.0,0.0,0.0,0.0,0.0,0.0,0.0,0.0,0.0,0.0,0.0,0.0,0.0,0.0,0.0,0.0,0.0,0.0,0.0,0.0,0.0,0.0,0.0,0.0,0.0,0.0,0.0,0.0,0.0,0.0,0.0,0.0,0.0,0.0,0.0,0.0,0.0,0.0,0.0,0.0,0.0,0.0,0.0,0.0,0.0,0.0,0.0,0.0,0.0,0.0,0.0,0.0,0.0,0.0,0.0,0.0,0.0,0.0,0.0,0.0,0.0,0.0,0.0,0.0,0.0,0.0,0.0,0.0,0.0,0.0,0.0,0.0,0.0,0.0,0.0,0.0,0.0,0.0,0.0,0.0,0.0,0.0,0.0,0.0,0.0,0.0,0.0,0.0,0.0,0.0,0.0,0.0,0.0,0.0,0.0,0.0,0.0,0.0,0.0,0.0,0.0,0.0,0.0
ENCFF000VZS,0.021951059255397528,1330,6,177,2628,54,4416,214,6,21,9,25,114,291,511,1148,1533,181,16,207,217,5,28,2,1,0,32,26,164,2290,138,10,9,16,79,81,2,77,1,3,292,442,1,47,0,4,30,267,1533,5,34,37,55,31,10,187,5,9,21,5,31,56,25,1050,16,16,5,7,3029,2209,255,43,26,61,214,7,60,34,29,38,12,45,41,176,19,26,139,2,39,28,1,44,5,0,62,108,1247,6906,422,4,1192,1700,111,1426,79,19,198,57,64,0,115,321,286,1,154,1325,174,1745,50,212,143,378,79,2517,85,257,109,31,118,13,1,1167,789,23,1551,544,453,1142,5,188,130,50,131,3055,6,12,2,5,2,4,75,13,22,425,209,21,198,2757,261,18,48,62,47,129,163,153,247,3,2,0,39,2,106,33,235,167,2,1,16,33,29,668,306,1737,113,1426,1459,650,2429,647,1240,10,1159,1325,428,335,1009,786,335,31,11,40,8,18,35,5,3,1,5,163,21,3170,687,642,8,8660,1814,172,1189,1827,43,31,1952,833,3415,318,1668,8,1635,1,13,40,11,8,39,12,153,96,0,30,39,25,38,19,110,67,18,6,205,142,86,98,42,15,43,23,12,14,13,24,71,260,69,27,101,119,87,913,2690,30,101,121,59,37,26,17,42,31,10,272,24,41,220,18,67,20,156,55,44,29,41,5,18,34,114,102,50,42,30,104,72,33,33,41,184,0,1,21,26,16,14,576,6,356,0,25,3,237,24,277,254,326,1,111,0,2,57,159,4096,16,87,94,43,2,119,4,9,22,617,269,133,53,0,6,13,1,4,33,67,125,15,179,26,22,137,3604,13,84,5051,21,229,47,206,24,121,14,5,171,34,35,36,24,20,6,88,44,36,38,20,49,63,1046,1,442,90,0,1016,313,0,21,266,33,2,272,36,33,17,156,54,999,308,14,44,30,13,38,32,64,36,1,65,1,73,5,1,4,15,10,45,40,2205,158,647,368,108,38,33,8,1412,2,623,83,491,42,16,109,0,1223,257,421,1789,216,1198,12,13,17,35,20,47,28,56,361,35,3,10,50,1,1,154,168,1,7,5,1079,1942,1467,387,1594,219,12,3941,4095,622,1963,3127,3393,15,6,39,31,6,41,42,9,19,28,313,0.0,0.0,0.0,0.0,0.0,0.0,0.0,0.0,0.0,0.0,0.0,0.0,0.0,0.0,0.0,0.0,0.0,0.0,0.0,0.0,0.0,0.0,0.0,0.0,0.0,0.0,0.0,0.0,0.0,0.0,0.0,0.0,0.0,0.0,0.0,0.0,0.0,0.0,0.0,0.0,0.0,0.0,0.0,0.0,0.0,0.0,0.0,0.0,0.0,0.0,0.0,0.0,0.0,0.0,0.0,0.0,0.0,0.0,0.0,0.0,0.0,0.0,0.0,0.0,0.0,0.0,0.0,0.0,0.0,0.0,0.0,0.0,0.0,0.0,0.0,0.0,0.0,0.0,0.0,0.0,0.0,0.0,0.0,0.0,0.0,0.0,0.0,0.0,0.0,0.0,0.0,0.0,0.0,0.0,0.0,0.0,0.0,0.0,0.0,0.0,0.0,0.0,0.0,0.0,0.0,0.0,0.0,0.0,0.0,0.0,0.0,0.0,0.0,0.0,0.0,0.0,0.0,0.0,0.0,0.0,0.0,0.0,0.0,0.0,0.0,0.0,0.0,0.0,0.0,0.0,0.0,0.0,0.0,0.0,0.0,0.0,0.0,0.0,0.0,0.0,0.0,0.0,0.0,0.0,0.0,0.0,0.0,0.0,0.0,0.0
ENCFF000ZRY,0.07610535221795872,3440,20,341,2164,49,4014,401,38,33,12,50,183,460,773,1113,1816,318,30,348,340,18,54,7,6,2,33,151,204,2073,291,21,18,25,128,88,2,120,2,0,496,771,6,63,1,7,33,399,1767,19,39,62,82,34,50,514,18,23,48,13,68,99,44,907,14,76,38,4,3309,3592,601,66,54,103,499,11,83,47,59,59,15,65,82,307,21,28,210,0,50,45,3,104,16,0,114,81,981,12035,718,4,2008,2873,153,2467,95,45,382,118,113,1,202,525,522,4,326,2256,206,1903,37,186,166,626,81,2773,86,481,177,74,222,43,8,2153,1174,106,1205,671,1037,1979,32,307,217,88,269,1867,31,26,9,10,3,2,153,15,48,706,326,43,350,2272,250,20,55,48,54,214,337,302,374,11,23,4,53,4,125,57,225,410,4,0,57,66,42,1151,480,3515,160,2222,2360,1000,2012,924,1796,16,1936,2207,976,673,1615,1487,435,57,31,52,4,38,63,15,12,1,9,305,32,2179,802,1077,16,13161,2499,237,1872,1771,88,51,2708,1269,3970,341,3048,9,2990,8,26,56,15,12,36,11,218,178,5,36,66,40,51,28,158,76,17,17,332,186,130,216,65,27,38,27,23,28,21,44,65,380,81,27,142,163,150,872,1302,107,159,259,100,39,34,42,49,34,11,590,30,33,322,21,112,33,255,75,55,36,53,18,24,36,152,153,68,60,47,181,92,38,48,58,262,1,5,36,35,49,17,999,4,659,0,38,7,433,73,483,444,466,4,181,13,25,75,255,4616,39,150,134,76,7,184,9,13,60,881,436,237,96,2,14,9,1,4,35,64,200,27,325,41,35,100,3334,29,156,8831,37,388,50,319,161,153,21,63,384,45,51,65,31,35,16,724,61,68,50,43,86,71,1819,9,725,192,1,1970,485,0,18,460,45,9,484,47,185,22,185,60,929,206,71,46,54,27,84,36,101,35,0,88,1,138,10,2,11,46,29,70,59,2735,156,689,411,97,43,54,9,2750,23,1074,140,953,109,27,209,4,1867,397,648,2946,91,966,16,13,21,58,32,68,39,104,430,64,6,36,77,0,7,320,288,2,33,16,1629,2693,2004,497,2320,352,30,4721,6231,950,2685,4528,5519,29,20,48,53,21,44,117,14,32,38,426,0.0,0.0,0.0,0.0,0.0,0.0,0.0,0.0,0.0,0.0,0.0,0.0,0.0,0.0,0.0,0.0,0.0,0.0,0.0,0.0,0.0,0.0,0.0,0.0,0.0,0.0,0.0,0.0,0.0,0.0,0.0,0.0,0.0,0.0,0.0,0.0,0.0,0.0,0.0,0.0,0.0,0.0,0.0,0.0,0.0,0.0,0.0,0.0,0.0,0.0,0.0,0.0,0.0,0.0,0.0,0.0,0.0,0.0,0.0,0.0,0.0,0.0,0.0,0.0,0.0,0.0,0.0,0.0,0.0,0.0,0.0,0.0,0.0,0.0,0.0,0.0,0.0,0.0,0.0,0.0,0.0,0.0,0.0,0.0,0.0,0.0,0.0,0.0,0.0,0.0,0.0,0.0,0.0,0.0,0.0,0.0,0.0,0.0,0.0,0.0,0.0,0.0,0.0,0.0,0.0,0.0,0.0,0.0,0.0,0.0,0.0,0.0,0.0,0.0,0.0,0.0,0.0,0.0,0.0,0.0,0.0,0.0,0.0,0.0,0.0,0.0,0.0,0.0,0.0,0.0,0.0,0.0,0.0,0.0,0.0,0.0,0.0,0.0,0.0,0.0,0.0,0.0,0.0,0.0,0.0,0.0,0.0,0.0,0.0,0.0
ENCFF007ATE,0.1575555534977434,163890,465,5537,72814,2077,487274,15860,680,799,556,796,6964,5813,25026,44477,87000,4335,991,15955,8101,196,1061,65,254,144,2348,12926,7104,50649,5947,283,175,989,4832,4722,74,4907,68,21,13893,16141,260,833,181,104,1439,12770,53792,1399,1187,3603,3439,528,448,7962,210,624,527,312,1423,3040,2220,40330,6000,761,3281,125,102785,80915,8055,2939,1740,4165,7215,467,3383,1645,1926,2163,621,2664,2899,4970,1061,1791,8915,41,1998,1791,62,1669,527,169,3144,2613,75368,263672,14568,214,38794,59436,6124,50298,3139,1661,6804,2295,2701,73,4950,11143,11472,635,8186,50807,5911,230449,643,3320,3805,12290,1610,344720,3557,10156,3892,784,3400,405,95,39995,25403,5247,72185,23949,16011,39386,465,9297,18729,3084,6280,100939,994,1092,363,157,73,58,3280,1019,500,15704,5584,643,9517,74534,6903,652,3159,2905,3831,4593,6761,6437,7943,91,236,102,2638,55,3588,1507,1502,30171,52,20,1284,996,2894,19456,8889,64940,5316,52118,55052,25802,58514,27862,52789,1004,42457,54383,15455,12917,41382,29018,9709,1901,1397,1406,56,1678,2670,225,77,74,69,6486,593,97871,21761,32501,676,371772,75700,7217,48333,73144,1676,779,68767,40645,131508,8978,63744,262,55731,28,530,1370,121,757,2327,493,8680,4647,95,1833,1911,1608,2536,1091,6183,3474,315,358,10872,6238,3744,4276,3720,834,1928,2012,1133,804,602,487,3036,10623,2157,890,2587,5942,4607,27054,88421,9465,5843,4822,2787,2110,1584,1579,2272,1256,124,13179,1328,3293,8567,801,3386,1357,7696,3316,2695,1787,2464,366,1231,1216,6202,4959,2049,2224,1944,4165,3630,2950,1727,2882,8773,54,109,1102,1862,847,995,21712,443,13776,63,709,147,10204,1040,11890,12012,14630,106,5365,216,104,5642,5100,214494,1292,3304,4793,1865,293,5613,333,1500,2341,36376,20446,5788,2142,39,258,160,68,103,1574,3298,4207,1808,5707,1624,1207,4136,144357,1015,4140,166940,1078,9873,2463,15124,12295,5310,740,3264,10470,2132,2516,2658,855,836,340,78054,3412,2441,2699,1075,2896,3172,41566,85,25000,2311,61,40843,11721,74,552,9534,1690,66,14056,1847,1674,211,7749,2639,40434,5574,2275,1843,2695,1377,2304,2135,2002,2147,41,1440,31,4114,391,130,147,1003,2607,1241,2144,92496,3853,18041,11778,2636,1150,1204,645,42824,514,21581,3318,14525,2186,251,4177,43,60312,11427,19076,76391,4560,42483,367,903,1018,2555,1262,2368,1855,2651,16029,2240,38,771,2775,65,104,4428,4728,48,948,151,39982,64206,53048,13985,51349,6783,1215,146337,143631,23717,64792,110705,124357,880,151,1671,1633,586,2200,1308,497,280,1154,12047,0.0,0.0,0.0,0.0,0.0,0.0,0.0,0.0,0.0,0.0,0.0,0.0,0.0,0.0,0.0,0.0,0.0,0.0,0.0,0.0,0.0,0.0,0.0,0.0,0.0,0.0,0.0,0.0,0.0,0.0,0.0,0.0,0.0,0.0,0.0,0.0,0.0,0.0,0.0,0.0,0.0,0.0,0.0,0.0,0.0,0.0,0.0,0.0,0.0,0.0,0.0,0.0,0.0,0.0,0.0,0.0,0.0,0.0,0.0,0.0,0.0,0.0,0.0,0.0,0.0,0.0,0.0,0.0,0.0,0.0,0.0,0.0,0.0,0.0,0.0,0.0,0.0,0.0,0.0,0.0,0.0,0.0,0.0,0.0,0.0,0.0,0.0,0.0,0.0,0.0,0.0,0.0,0.0,0.0,0.0,0.0,0.0,0.0,0.0,0.0,0.0,0.0,0.0,0.0,0.0,0.0,0.0,0.0,0.0,0.0,0.0,0.0,0.0,0.0,0.0,0.0,0.0,0.0,0.0,0.0,0.0,0.0,0.0,0.0,0.0,0.0,0.0,0.0,0.0,0.0,0.0,0.0,0.0,0.0,0.0,0.0,0.0,0.0,0.0,0.0,0.0,0.0,0.0,0.0,0.0,0.0,0.0,0.0,0.0,0.0
ENCFF369REJ,0.1163072184343453,152982,115,3771,53668,587,128869,15617,727,887,355,997,6799,3279,5623,23613,25115,2558,1636,6676,6727,166,816,106,185,171,2059,10426,5547,28082,4932,164,43,671,4168,4255,44,4406,60,25,10344,11538,228,625,174,25,1095,10219,29934,653,1196,2477,2860,198,415,6439,93,468,434,524,1643,3880,329,12326,246,476,2829,474,43283,62640,6170,2487,1424,3325,6903,74,2979,1302,1494,1832,445,2448,2956,3265,845,1418,6879,67,1751,1547,45,1459,843,87,3017,941,10269,177420,9058,231,26095,45279,5192,38298,3138,1508,5021,2358,3044,100,4732,9313,11374,857,7602,38765,1755,41484,161,902,1222,7535,521,70735,2328,6967,3069,684,2378,280,176,33366,6040,4898,25368,8712,15706,33068,372,7569,5571,2474,4444,46284,789,750,98,134,79,17,2296,626,1240,13521,3868,339,4349,49532,2633,352,3092,4152,3587,3247,5134,6416,7134,88,193,52,2111,94,2461,1201,2508,1001,6,49,844,520,2707,12947,6767,46096,3882,22727,37981,14887,35338,18760,34550,319,30054,39447,10983,10636,31755,20303,5776,1269,705,451,43,1304,2484,165,87,65,138,5488,432,44702,10310,8988,577,161535,36551,4890,23554,19637,1730,944,35262,16767,49787,2686,46186,201,44080,182,342,1511,188,771,1926,445,7331,2631,88,1409,1350,1248,2086,1156,5271,2505,252,307,7662,5313,2813,3857,3452,640,1932,1685,943,668,480,386,1877,5571,1248,823,2015,5316,3580,10253,65636,9046,4587,4188,2249,1748,1410,1350,1757,1003,108,13251,1208,3273,6838,712,2815,1240,5647,3393,2301,1853,1959,287,907,660,4863,3748,1968,1618,1678,3370,3095,2204,1240,2116,4803,67,65,900,1745,1084,523,14415,433,10650,45,219,172,6519,712,9136,8957,9685,104,3019,419,93,1850,3225,97084,1010,2549,4457,1244,145,4169,157,1502,1790,26545,8806,8792,1722,134,284,261,30,201,1257,1124,2420,1647,6230,1356,975,2189,77214,296,3333,133609,769,7564,2003,11625,11618,3611,594,680,7323,1543,2562,2595,677,552,128,90658,3590,2183,2314,806,2165,2584,31584,283,20198,1663,161,36224,9258,50,535,7804,1667,265,10990,1537,1438,361,6860,2138,46347,2100,1581,1650,2354,1379,1415,1997,1662,1081,81,1668,136,3643,401,346,128,701,741,254,921,33885,1192,9382,4533,800,938,1312,453,39028,647,13790,2181,10591,2470,92,2859,50,45522,8381,13132,54139,2506,34560,220,545,847,2110,1175,2319,1635,1871,6566,1994,19,180,2029,42,113,3321,3137,31,566,162,30423,39481,31370,8100,33927,5372,745,71948,93839,13827,39165,72569,86947,269,78,1308,1294,725,1797,1030,1061,393,923,8858,0.0,0.0,0.0,0.0,0.0,0.0,0.0,0.0,0.0,0.0,0.0,0.0,0.0,0.0,0.0,0.0,0.0,0.0,0.0,0.0,0.0,0.0,0.0,0.0,0.0,0.0,0.0,0.0,0.0,0.0,0.0,0.0,0.0,0.0,0.0,0.0,0.0,0.0,0.0,0.0,0.0,0.0,0.0,0.0,0.0,0.0,0.0,0.0,0.0,0.0,0.0,0.0,0.0,0.0,0.0,0.0,0.0,0.0,0.0,0.0,0.0,0.0,0.0,0.0,0.0,0.0,0.0,0.0,0.0,0.0,0.0,0.0,0.0,0.0,0.0,0.0,0.0,0.0,0.0,0.0,0.0,0.0,0.0,0.0,0.0,0.0,0.0,0.0,0.0,0.0,0.0,0.0,0.0,0.0,0.0,0.0,0.0,0.0,0.0,0.0,0.0,0.0,0.0,0.0,0.0,0.0,0.0,0.0,0.0,0.0,0.0,0.0,0.0,0.0,0.0,0.0,0.0,0.0,0.0,0.0,0.0,0.0,0.0,0.0,0.0,0.0,0.0,0.0,0.0,0.0,0.0,0.0,0.0,0.0,0.0,0.0,0.0,0.0,0.0,0.0,0.0,0.0,0.0,0.0,0.0,0.0,0.0,0.0,0.0,0.0
ENCFF000YSD,0.07735810333755608,2817,16,180,1319,28,3046,447,24,17,9,43,114,106,209,660,685,143,22,249,293,12,51,4,6,5,37,112,90,701,202,11,17,21,80,62,4,79,1,2,416,591,0,39,0,8,50,191,679,8,47,39,37,25,23,477,6,11,30,13,38,51,3,321,12,62,33,3,1740,2258,442,44,23,62,425,12,44,21,19,24,9,33,42,188,18,9,118,0,24,8,0,69,3,0,70,43,491,8374,614,10,1698,1987,94,1822,151,9,259,85,84,1,148,444,428,2,280,1722,82,952,18,84,71,470,43,1042,44,366,149,43,202,19,9,1657,393,66,478,214,887,1539,18,172,140,41,173,1370,32,21,1,5,2,2,111,12,35,565,284,37,204,1263,108,22,32,68,73,157,379,357,417,5,3,1,31,4,62,18,262,8714,1,0,22,45,29,872,377,2367,99,1117,1586,618,1073,570,1125,8,1284,1466,617,457,1217,941,314,26,24,38,4,13,30,7,0,2,7,241,9,1106,417,242,10,12051,1869,162,1351,601,79,57,1723,869,2055,172,2713,6,2867,4,11,58,16,3,26,16,146,126,2,22,16,16,26,14,107,54,27,7,176,129,91,179,21,10,19,18,23,8,13,29,37,205,40,15,84,112,64,310,560,58,96,256,69,30,19,17,24,15,9,422,5,29,249,11,85,20,143,32,38,12,32,18,12,17,81,70,18,35,27,121,64,24,19,20,120,1,2,12,20,33,14,851,6,596,0,34,24,292,44,406,389,374,1,121,12,19,62,237,2339,26,106,84,49,4,100,7,9,49,573,364,106,80,6,9,7,0,0,21,80,164,26,164,16,16,50,1690,22,54,6431,21,291,34,190,122,105,15,39,259,35,32,37,24,11,4,562,46,30,48,20,42,41,1239,6,433,143,1,1646,420,2,14,342,44,4,258,28,153,22,133,37,490,94,45,29,50,14,45,26,98,33,1,64,1,99,5,6,9,30,37,24,20,1184,63,313,214,38,22,54,15,2368,13,734,72,712,69,14,150,0,1464,314,479,2070,69,410,7,10,14,34,25,51,20,49,274,29,0,16,31,1,0,246,220,0,24,12,1227,1670,1200,252,1751,281,20,2925,4031,559,1693,3105,3882,17,10,32,29,15,35,71,16,32,29,372,0.0,0.0,0.0,0.0,0.0,0.0,0.0,0.0,0.0,0.0,0.0,0.0,0.0,0.0,0.0,0.0,0.0,0.0,0.0,0.0,0.0,0.0,0.0,0.0,0.0,0.0,0.0,0.0,0.0,0.0,0.0,0.0,0.0,0.0,0.0,0.0,0.0,0.0,0.0,0.0,0.0,0.0,0.0,0.0,0.0,0.0,0.0,0.0,0.0,0.0,0.0,0.0,0.0,0.0,0.0,0.0,0.0,0.0,0.0,0.0,0.0,0.0,0.0,0.0,0.0,0.0,0.0,0.0,0.0,0.0,0.0,0.0,0.0,0.0,0.0,0.0,0.0,0.0,0.0,0.0,0.0,0.0,0.0,0.0,0.0,0.0,0.0,0.0,0.0,0.0,0.0,0.0,0.0,0.0,0.0,0.0,0.0,0.0,0.0,0.0,0.0,0.0,0.0,0.0,0.0,0.0,0.0,0.0,0.0,0.0,0.0,0.0,0.0,0.0,0.0,0.0,0.0,0.0,0.0,0.0,0.0,0.0,0.0,0.0,0.0,0.0,0.0,0.0,0.0,0.0,0.0,0.0,0.0,0.0,0.0,0.0,0.0,0.0,0.0,0.0,0.0,0.0,0.0,0.0,0.0,0.0,0.0,0.0,0.0,0.0
ENCFF360OUT,0.07928995647024582,16653,144,1314,11247,108,16967,3823,51,52,99,338,924,352,1830,5108,2133,1022,207,2302,2353,79,292,36,39,64,240,376,962,16271,1376,100,86,159,573,508,32,841,3,55,4364,4709,6,230,0,69,316,2075,7425,9,309,244,328,141,134,2922,46,140,149,124,304,399,114,5906,488,399,124,20,24000,21872,3986,363,146,395,3147,129,429,110,170,249,59,226,406,1516,79,125,976,2,175,152,0,826,102,36,655,466,7974,68953,5113,49,13738,17703,706,15551,536,134,2212,740,742,12,1472,3184,3357,88,1960,16496,571,10147,97,351,572,3303,149,15468,520,2701,1226,335,1223,130,44,13784,2478,788,6877,2246,7250,12333,48,1440,757,384,1285,19805,333,101,39,42,3,8,1033,217,204,4316,2078,208,1645,11974,1178,121,321,1709,1227,1215,2027,1836,2749,16,64,38,240,19,455,143,1870,793,54,12,133,252,357,7351,3269,19797,950,10383,15460,6042,17156,5500,9835,109,11928,13689,4554,4593,11671,9181,3636,420,170,506,50,91,237,122,22,24,309,1942,25,22272,5041,1077,163,131500,16107,2091,13988,8789,519,318,19962,7801,23120,582,22405,92,21267,15,163,339,9,57,264,84,1066,975,21,141,216,128,229,70,959,476,149,80,1743,1041,674,1648,264,54,149,169,83,70,50,186,265,2421,281,60,673,836,636,3879,56368,577,660,1396,362,236,185,138,212,134,79,5384,85,221,2189,63,576,71,1505,208,263,107,222,121,134,172,544,592,179,191,188,913,490,175,182,216,1206,9,15,69,131,296,88,6327,53,4064,2,202,23,2620,355,3877,2516,2917,8,1008,10,64,520,1621,32268,293,1330,969,439,23,904,126,394,409,5027,2771,774,681,47,66,40,2,24,145,698,1080,262,1661,116,126,590,13634,113,600,54322,306,2376,235,1481,833,758,43,148,1542,175,339,381,73,81,100,1773,432,225,382,187,373,441,9920,21,3544,937,23,12323,3304,7,161,2903,789,26,2265,170,623,113,1293,253,7589,1656,223,174,375,81,323,203,722,211,3,439,37,684,112,20,79,170,705,60,290,7542,322,3221,1915,290,320,348,47,15259,51,5457,542,5454,753,67,1051,11,11120,2506,3308,16517,5935,8444,55,139,68,185,167,379,178,356,3592,278,2,168,240,23,32,1995,1824,0,174,72,12822,18586,11468,3536,15344,2120,135,32633,39331,5558,17599,30103,35997,106,86,155,143,55,186,552,157,175,280,2547,0.0,0.0,0.0,0.0,0.0,0.0,0.0,0.0,0.0,0.0,0.0,0.0,0.0,0.0,0.0,0.0,0.0,0.0,0.0,0.0,0.0,0.0,0.0,0.0,0.0,0.0,0.0,0.0,0.0,0.0,0.0,0.0,0.0,0.0,0.0,0.0,0.0,0.0,0.0,0.0,0.0,0.0,0.0,0.0,0.0,0.0,0.0,0.0,0.0,0.0,0.0,0.0,0.0,0.0,0.0,0.0,0.0,0.0,0.0,0.0,0.0,0.0,0.0,0.0,0.0,0.0,0.0,0.0,0.0,0.0,0.0,0.0,0.0,0.0,0.0,0.0,0.0,0.0,0.0,0.0,0.0,0.0,0.0,0.0,0.0,0.0,0.0,0.0,0.0,0.0,0.0,0.0,0.0,0.0,0.0,0.0,0.0,0.0,0.0,0.0,0.0,0.0,0.0,0.0,0.0,0.0,0.0,0.0,0.0,0.0,0.0,0.0,0.0,0.0,0.0,0.0,0.0,0.0,0.0,0.0,0.0,0.0,0.0,0.0,0.0,0.0,0.0,0.0,0.0,0.0,0.0,0.0,0.0,0.0,0.0,0.0,0.0,0.0,0.0,0.0,0.0,0.0,0.0,0.0,0.0,0.0,0.0,0.0,0.0,0.0
ENCFF000CVY,0.10767929728869982,19581,71,2156,25141,296,40567,2233,121,272,206,264,1216,1663,3309,8217,11175,1877,374,1896,3555,176,708,160,25,7,268,78,1742,15860,2602,273,117,319,914,598,16,1150,11,3,3988,9715,134,842,7,13,181,3141,13720,3,299,386,570,417,256,5459,120,268,250,25,515,784,145,4980,175,422,37,6,25868,30663,6989,401,331,583,4481,203,471,222,273,394,83,406,432,3513,183,235,1690,48,349,206,5,1292,34,2,729,499,10207,121138,7699,52,23832,29682,1252,26383,1397,230,4125,943,917,3,1801,5348,5044,56,2483,38649,1023,14504,237,962,945,6431,463,19274,531,4825,2258,582,2452,665,93,23333,4989,39,10556,3278,7879,26424,8,2166,884,465,2578,25946,98,173,33,100,42,17,1750,241,326,6520,3903,730,2443,24815,1249,592,403,321,338,1781,2871,2573,4585,32,47,15,396,6,747,275,2092,11723,1,7,200,540,385,13732,6325,34073,1304,17696,21199,8021,21346,9167,17824,148,21920,24475,10168,7837,15566,13208,2800,476,4,308,32,190,357,163,36,51,33,2849,99,18565,5629,3909,32,95180,20976,2224,19214,8408,899,443,24959,9339,25955,1723,31179,96,33299,18,120,430,54,113,345,122,1831,1890,17,272,350,213,369,186,1183,572,241,116,2813,1868,1306,2041,514,126,285,266,149,152,140,541,538,2788,807,202,1336,1229,903,4928,15994,104,1302,2743,649,297,238,209,382,211,105,4977,226,311,4050,150,1022,176,2703,399,415,197,363,66,223,273,1137,1125,294,461,308,1994,792,291,353,320,1857,58,163,155,251,338,79,13096,31,8771,88,457,38,4594,589,5664,4855,4064,6,1743,38,256,317,3242,33323,503,1327,1526,914,9,1174,138,15,483,6807,2743,1339,1183,66,355,79,1,18,294,310,2256,202,2606,246,234,587,29562,182,969,97999,174,4957,430,2173,213,1124,147,25,2516,295,349,333,377,164,164,617,475,355,402,184,450,481,18857,41,6409,1762,7,20698,5225,4,222,3546,290,13,4052,316,831,228,1649,481,8771,1019,320,339,412,207,542,305,1467,152,3,1248,6,935,148,3,167,280,18,292,282,15722,881,3293,2425,585,231,570,19,31681,40,11958,828,11163,982,165,2787,7,15721,3263,5419,26490,1618,9495,115,40,190,382,153,401,274,588,1711,354,20,146,427,2,2,3829,3573,3,56,148,16909,23311,17747,3746,24940,3056,253,43149,55612,7620,24118,42650,54287,171,155,272,293,163,364,1053,175,432,300,4598,0.0,0.0,0.0,0.0,0.0,0.0,0.0,0.0,0.0,0.0,0.0,0.0,0.0,0.0,0.0,0.0,0.0,0.0,0.0,0.0,0.0,0.0,0.0,0.0,0.0,0.0,0.0,0.0,0.0,0.0,0.0,0.0,0.0,0.0,0.0,0.0,0.0,0.0,0.0,0.0,0.0,0.0,0.0,0.0,0.0,0.0,0.0,0.0,0.0,0.0,0.0,0.0,0.0,0.0,0.0,0.0,0.0,0.0,0.0,0.0,0.0,0.0,0.0,0.0,0.0,0.0,0.0,0.0,0.0,0.0,0.0,0.0,0.0,0.0,0.0,0.0,0.0,0.0,0.0,0.0,0.0,0.0,0.0,0.0,0.0,0.0,0.0,0.0,0.0,0.0,0.0,0.0,0.0,0.0,0.0,0.0,0.0,0.0,0.0,0.0,0.0,0.0,0.0,0.0,0.0,0.0,0.0,0.0,0.0,0.0,0.0,0.0,0.0,0.0,0.0,0.0,0.0,0.0,0.0,0.0,0.0,0.0,0.0,0.0,0.0,0.0,0.0,0.0,0.0,0.0,0.0,0.0,0.0,0.0,0.0,0.0,0.0,0.0,0.0,0.0,0.0,0.0,0.0,0.0,0.0,0.0,0.0,0.0,0.0,0.0
ENCFF002BFD,0.1835885683126125,63359,167,2252,30278,410,104983,8267,282,341,322,836,3014,1906,4601,16078,20107,2680,712,4881,5828,194,876,51,76,86,1144,3014,3079,17838,4691,281,108,455,1682,1537,34,2176,23,27,8231,12460,45,628,17,62,783,6056,12663,333,878,944,1155,537,427,7590,195,396,726,183,1038,1727,193,5820,238,251,866,179,33478,46540,8676,1040,594,1709,6807,368,1180,515,630,771,206,881,1151,3797,380,519,3148,11,764,495,22,1236,127,37,1009,852,10529,173625,10953,106,30017,40488,2312,35315,1107,554,5874,1683,1646,22,3342,8469,8910,159,4827,37054,1590,27007,207,984,1121,7865,425,34174,1155,7152,3057,643,2861,419,96,33080,6058,2141,11277,5095,15099,33372,275,4157,4160,1146,4207,28974,436,474,85,125,14,39,2785,335,759,11251,4981,661,4007,29247,2200,566,1135,1433,1026,2907,4373,4500,6820,60,128,63,911,40,1272,561,1064,522,31,1,467,757,1049,15583,7628,46187,2154,24607,32865,13828,22554,13220,24959,371,27215,31950,12346,10010,24574,19912,5147,811,615,735,60,512,815,159,51,30,104,4621,168,26895,9467,5385,278,177340,37263,3623,27435,12433,1392,673,35519,17888,43230,3617,52303,207,56519,23,390,1016,159,273,849,341,3818,3044,41,553,764,525,798,397,2364,1447,325,233,5414,3307,2105,3549,1158,266,613,593,326,284,210,477,990,4376,1060,322,1576,2368,1956,6282,9350,1806,2305,3750,1288,694,565,546,809,402,84,8184,463,930,5460,284,1758,408,3973,955,950,510,822,265,455,452,2274,1825,672,765,627,2562,1480,929,628,829,3622,34,52,392,598,638,438,18763,219,11022,34,452,114,7474,1080,8849,7439,8320,22,3382,118,142,1747,4826,53772,1055,2483,2029,1201,116,2318,236,345,1214,15990,6591,4675,1760,92,282,94,9,61,572,1629,2953,641,3728,493,461,1129,37626,463,1865,128218,444,6913,859,5542,3524,2202,289,1065,5484,697,996,1034,300,374,389,18503,1185,872,1072,469,1081,1238,26187,69,11505,2040,69,31336,8440,51,349,6525,1065,73,6728,702,2082,250,3330,1017,12579,1998,865,648,1045,440,1052,861,1813,747,31,1054,64,1985,146,49,228,533,425,360,532,29603,1045,6603,3645,793,544,1019,360,42365,187,16714,1604,13817,1867,268,3395,41,31665,5575,10663,43825,1251,10500,204,298,337,842,430,944,635,1208,6931,937,23,287,960,56,42,4625,5018,13,488,169,28055,33393,25143,6436,35020,4229,482,58907,81224,11063,34415,62183,77366,250,115,616,585,215,784,1293,398,422,809,7601,0.0,0.0,0.0,0.0,0.0,0.0,0.0,0.0,0.0,0.0,0.0,0.0,0.0,0.0,0.0,0.0,0.0,0.0,0.0,0.0,0.0,0.0,0.0,0.0,0.0,0.0,0.0,0.0,0.0,0.0,0.0,0.0,0.0,0.0,0.0,0.0,0.0,0.0,0.0,0.0,0.0,0.0,0.0,0.0,0.0,0.0,0.0,0.0,0.0,0.0,0.0,0.0,0.0,0.0,0.0,0.0,0.0,0.0,0.0,0.0,0.0,0.0,0.0,0.0,0.0,0.0,0.0,0.0,0.0,0.0,0.0,0.0,0.0,0.0,0.0,0.0,0.0,0.0,0.0,0.0,0.0,0.0,0.0,0.0,0.0,0.0,0.0,0.0,0.0,0.0,0.0,0.0,0.0,0.0,0.0,0.0,0.0,0.0,0.0,0.0,0.0,0.0,0.0,0.0,0.0,0.0,0.0,0.0,0.0,0.0,0.0,0.0,0.0,0.0,0.0,0.0,0.0,0.0,0.0,0.0,0.0,0.0,0.0,0.0,0.0,0.0,0.0,0.0,0.0,0.0,0.0,0.0,0.0,0.0,0.0,0.0,0.0,0.0,0.0,0.0,0.0,0.0,0.0,0.0,0.0,0.0,0.0,0.0,0.0,0.0
ENCFF522PVI,0.15158947643265877,46864,125,2987,46250,309,113414,4333,220,127,104,248,2474,896,3652,20694,16303,1161,383,2227,2702,51,316,46,25,30,758,3213,2437,29652,1912,95,47,292,1864,1503,18,1545,19,7,4277,5457,54,259,39,24,528,4133,15613,277,385,1073,1234,172,106,2361,27,221,127,92,398,1337,310,8659,222,109,963,101,25810,22981,2425,1060,630,1336,2129,104,1152,502,722,795,229,992,1039,1761,365,648,3004,4,663,611,14,559,138,25,763,877,24613,92965,4502,70,12149,18243,2070,15318,1042,601,2002,685,895,18,1487,3017,3433,87,2683,17537,1311,23350,179,897,1056,3872,394,46723,1146,3185,1231,230,1038,111,27,12894,4551,1172,25063,4772,4732,13388,161,2853,1933,1079,1971,21319,145,303,77,44,18,14,1153,214,306,5195,1645,176,2359,45238,2690,169,1060,812,752,1451,2221,2233,2249,14,63,22,964,20,1252,520,581,42,10,8,415,317,1027,5889,3013,20461,1618,13164,16467,8437,24382,9827,17955,164,13318,16505,4628,4399,13183,8746,3082,593,356,280,30,640,968,37,27,22,35,2180,69,33786,7914,5320,226,96798,20873,2243,12808,15706,523,235,20677,10051,34437,1488,16904,31,16298,15,186,484,11,288,801,147,3223,1349,12,682,647,583,913,397,2142,1163,81,90,3546,2204,1154,1104,1488,355,694,732,419,255,215,143,1060,2767,700,317,931,1961,1625,9875,34366,2572,2051,1702,969,787,605,584,816,520,32,4245,461,1128,2832,283,1164,435,2332,1202,950,719,843,126,426,363,2074,1724,732,797,746,1445,1292,960,646,968,2619,30,36,373,694,279,630,7453,120,4801,24,145,51,3494,367,3970,3655,4042,22,1553,40,35,838,1540,47687,408,994,1476,515,119,1756,42,133,704,11016,2991,3324,714,55,147,47,18,30,570,822,1030,595,2121,631,383,1440,62393,247,1307,53433,351,3212,887,4992,3662,1758,243,634,2976,687,979,940,355,311,97,19081,1240,898,1043,350,947,1073,13270,18,8329,688,48,12677,3856,10,190,2923,620,17,4852,675,423,71,2726,889,23109,1969,591,621,994,509,635,829,547,476,12,426,29,1330,109,87,40,312,1073,195,673,30577,897,7824,3678,617,360,313,120,13715,116,6911,1099,4651,660,66,1356,12,16236,2799,5594,21062,831,11806,118,142,355,847,383,821,702,901,5029,868,13,163,994,26,29,1591,1669,11,234,37,11944,19213,15354,3944,14066,1935,187,44682,42199,7652,19206,32057,35582,147,52,594,546,206,854,373,195,114,367,3626,0.0,0.0,0.0,0.0,0.0,0.0,0.0,0.0,0.0,0.0,0.0,0.0,0.0,0.0,0.0,0.0,0.0,0.0,0.0,0.0,0.0,0.0,0.0,0.0,0.0,0.0,0.0,0.0,0.0,0.0,0.0,0.0,0.0,0.0,0.0,0.0,0.0,0.0,0.0,0.0,0.0,0.0,0.0,0.0,0.0,0.0,0.0,0.0,0.0,0.0,0.0,0.0,0.0,0.0,0.0,0.0,0.0,0.0,0.0,0.0,0.0,0.0,0.0,0.0,0.0,0.0,0.0,0.0,0.0,0.0,0.0,0.0,0.0,0.0,0.0,0.0,0.0,0.0,0.0,0.0,0.0,0.0,0.0,0.0,0.0,0.0,0.0,0.0,0.0,0.0,0.0,0.0,0.0,0.0,0.0,0.0,0.0,0.0,0.0,0.0,0.0,0.0,0.0,0.0,0.0,0.0,0.0,0.0,0.0,0.0,0.0,0.0,0.0,0.0,0.0,0.0,0.0,0.0,0.0,0.0,0.0,0.0,0.0,0.0,0.0,0.0,0.0,0.0,0.0,0.0,0.0,0.0,0.0,0.0,0.0,0.0,0.0,0.0,0.0,0.0,0.0,0.0,0.0,0.0,0.0,0.0,0.0,0.0,0.0,0.0
ENCFF001FJZ,0.08918712296933938,31867,65,2016,15760,383,37104,12706,124,223,185,344,1706,1728,3322,5220,11652,1704,321,4634,3228,103,465,51,44,51,491,199,1534,10987,2248,137,98,248,1206,1165,21,1382,30,6,6235,11370,41,356,23,17,733,3213,7878,29,331,501,595,279,277,9845,104,196,218,68,430,640,171,4201,146,130,48,24,22609,34325,11368,530,321,646,7105,163,804,253,338,413,99,415,1004,4617,211,229,1656,12,404,226,13,832,109,30,1010,534,3612,97821,6697,73,18481,32827,1264,27934,969,274,5452,1627,1192,27,5011,14476,11304,355,5338,25335,1278,15368,192,827,901,4898,328,20234,851,3856,1808,472,1888,234,105,26422,5351,489,9853,3598,14095,27101,49,2526,2079,663,2943,15313,206,165,52,88,24,23,1355,262,317,9027,3204,443,2313,16018,1422,217,642,1318,1405,2004,3427,3539,26154,43,99,21,459,10,773,270,491,402,4,4,225,406,735,15241,4172,26408,1249,15599,22881,8266,15555,11199,17386,166,18704,21463,7216,6970,25161,11342,3429,545,44,445,31,213,408,151,36,14,29,2031,166,15148,5952,4817,115,163564,21537,1908,16608,8960,766,323,23256,10398,28170,1894,32190,113,32810,41,234,442,32,143,695,152,3764,3278,9,274,400,255,364,180,1969,1115,2796,139,2330,3411,1118,7683,534,126,277,340,166,163,136,2910,466,4154,506,151,963,1724,1253,3834,11160,131,1342,7094,635,407,340,290,429,216,1719,5341,236,396,4785,152,817,188,3222,461,470,238,420,405,228,227,1015,1041,323,399,315,2905,882,394,334,399,1716,7,20,169,277,395,146,12604,69,10093,22,315,32,3932,680,8160,4101,4963,17,1329,73,132,535,2169,34823,377,1078,2530,665,9,1597,123,425,442,9134,4054,1256,868,18,115,77,11,43,285,388,1285,469,2801,223,226,946,22885,166,938,97569,216,4310,450,2952,384,1227,145,108,2150,338,812,903,188,210,129,1443,1019,508,845,191,566,876,18769,64,7849,1632,47,34476,5819,6,176,6945,401,52,3479,357,930,207,2295,534,13439,1499,339,388,928,200,563,425,3196,467,16,741,28,1432,64,23,165,238,232,320,422,15469,750,3961,2921,516,256,619,86,43576,50,10877,765,8685,1021,187,1679,12,18784,4722,5062,30885,1305,5255,112,212,154,367,226,653,321,2051,2733,650,22,137,436,12,22,2449,2863,15,61,120,15832,28060,24768,3747,21991,2457,387,39718,66562,9972,26817,44003,56538,231,81,304,306,108,348,1519,250,250,383,3825,0.0,0.0,0.0,0.0,0.0,0.0,0.0,0.0,0.0,0.0,0.0,0.0,0.0,0.0,0.0,0.0,0.0,0.0,0.0,0.0,0.0,0.0,0.0,0.0,0.0,0.0,0.0,0.0,0.0,0.0,0.0,0.0,0.0,0.0,0.0,0.0,0.0,0.0,0.0,0.0,0.0,0.0,0.0,0.0,0.0,0.0,0.0,0.0,0.0,0.0,0.0,0.0,0.0,0.0,0.0,0.0,0.0,0.0,0.0,0.0,0.0,0.0,0.0,0.0,0.0,0.0,0.0,0.0,0.0,0.0,0.0,0.0,0.0,0.0,0.0,0.0,0.0,0.0,0.0,0.0,0.0,0.0,0.0,0.0,0.0,0.0,0.0,0.0,0.0,0.0,0.0,0.0,0.0,0.0,0.0,0.0,0.0,0.0,0.0,0.0,0.0,0.0,0.0,0.0,0.0,0.0,0.0,0.0,0.0,0.0,0.0,0.0,0.0,0.0,0.0,0.0,0.0,0.0,0.0,0.0,0.0,0.0,0.0,0.0,0.0,0.0,0.0,0.0,0.0,0.0,0.0,0.0,0.0,0.0,0.0,0.0,0.0,0.0,0.0,0.0,0.0,0.0,0.0,0.0,0.0,0.0,0.0,0.0,0.0,0.0
ENCFF000ZQA,0.07869148482011669,3230,17,459,4733,137,9680,548,44,68,30,64,311,628,1173,1915,3557,467,50,749,548,19,78,3,5,11,75,27,401,4044,367,30,32,49,214,177,5,219,0,1,787,1092,6,58,3,9,61,637,3650,7,101,126,166,51,38,619,22,34,47,13,80,158,66,1893,24,44,11,5,5896,5204,698,135,77,120,539,22,126,72,123,97,36,138,141,366,65,63,392,2,109,76,4,156,32,3,168,155,1940,17090,1069,7,2916,4039,294,3535,154,82,480,138,150,1,243,665,675,7,489,3225,372,3696,80,353,291,937,128,5487,180,679,277,76,321,40,17,2852,1692,15,2328,1052,1149,2660,4,483,584,132,361,3519,47,16,13,8,7,2,200,42,43,1027,459,54,407,4633,451,34,131,132,97,311,443,398,488,8,19,5,126,6,235,68,275,271,0,2,73,97,118,1455,734,4475,273,3248,3501,1561,3605,1371,2948,35,2771,3219,1027,896,2304,1902,738,97,5,79,4,61,105,24,12,4,23,425,37,4088,1409,1526,29,18998,3967,389,2890,3439,131,47,4344,1978,7197,665,4305,14,4422,4,23,83,27,32,102,23,359,213,2,92,119,90,105,65,270,180,29,26,514,361,206,258,161,33,84,81,59,54,39,47,146,538,148,65,192,261,249,1611,3513,16,313,304,166,87,62,79,103,52,10,854,58,107,501,40,151,51,383,162,170,66,125,11,51,51,311,278,104,107,94,268,143,98,103,108,404,2,2,50,71,47,29,1335,12,927,2,43,1,651,87,676,658,774,1,265,17,22,150,360,8617,52,201,228,111,1,268,10,26,75,1465,869,298,133,7,16,21,0,2,104,153,270,67,361,76,61,191,6453,44,227,12327,56,585,112,607,30,259,29,10,366,109,105,123,66,51,25,140,153,111,134,50,175,149,2585,19,1091,244,7,2790,666,2,37,579,93,8,763,100,120,24,354,128,1761,395,72,124,114,61,131,84,116,44,5,99,1,198,16,0,30,43,91,100,107,5127,302,1359,851,222,66,106,43,3591,7,1486,196,1318,149,38,298,3,2859,530,968,4333,317,1845,25,18,39,111,42,121,85,150,794,107,3,19,166,1,11,433,437,1,9,16,2451,4218,3212,746,3426,464,56,7750,8967,1418,4149,6642,7944,42,20,90,118,41,103,122,40,39,68,675,0.0,0.0,0.0,0.0,0.0,0.0,0.0,0.0,0.0,0.0,0.0,0.0,0.0,0.0,0.0,0.0,0.0,0.0,0.0,0.0,0.0,0.0,0.0,0.0,0.0,0.0,0.0,0.0,0.0,0.0,0.0,0.0,0.0,0.0,0.0,0.0,0.0,0.0,0.0,0.0,0.0,0.0,0.0,0.0,0.0,0.0,0.0,0.0,0.0,0.0,0.0,0.0,0.0,0.0,0.0,0.0,0.0,0.0,0.0,0.0,0.0,0.0,0.0,0.0,0.0,0.0,0.0,0.0,0.0,0.0,0.0,0.0,0.0,0.0,0.0,0.0,0.0,0.0,0.0,0.0,0.0,0.0,0.0,0.0,0.0,0.0,0.0,0.0,0.0,0.0,0.0,0.0,0.0,0.0,0.0,0.0,0.0,0.0,0.0,0.0,0.0,0.0,0.0,0.0,0.0,0.0,0.0,0.0,0.0,0.0,0.0,0.0,0.0,0.0,0.0,0.0,0.0,0.0,0.0,0.0,0.0,0.0,0.0,0.0,0.0,0.0,0.0,0.0,0.0,0.0,0.0,0.0,0.0,0.0,0.0,0.0,0.0,0.0,0.0,0.0,0.0,0.0,0.0,0.0,0.0,0.0,0.0,0.0,0.0,0.0
ENCFF920SOC,0.12453403494152811,112453,4500,7791,27771,420,66907,17699,326,477,899,1750,4900,2023,6822,13025,10002,4540,1095,18427,12726,677,2076,213,429,291,1837,4320,4170,18558,10597,704,423,1242,25768,1783,89,3783,112,126,20597,33406,328,1848,46,1534,1747,9445,22282,396,645,664,1121,1182,1096,20189,436,943,1113,768,2984,2755,441,11300,1350,1301,1116,406,84829,125240,19729,1120,898,2106,25057,966,1352,414,652,2312,147,695,1500,10193,341,338,3745,89,629,403,89,3575,777,182,4554,1156,15445,396334,27218,201,73219,98906,4050,89085,53246,436,15308,4779,5580,66,9234,22043,22670,866,8507,82082,2653,36183,278,1022,2158,18486,472,35495,1350,19621,8793,2887,7367,901,285,80448,15799,2352,28059,8246,38611,73652,744,7186,11101,1293,8038,33664,1582,1055,105,257,116,85,5945,1015,2192,23355,12475,1664,10633,25911,3216,1191,1345,5101,5529,5893,13363,12942,17164,224,413,202,793,92,1864,363,324607,1708,37,61,683,2496,1185,40215,16609,120250,3211,50022,89383,26769,40797,57848,45780,527,72315,77827,27613,23506,72265,46783,18529,1397,755,2112,131,367,759,643,264,139,161,10029,501,35144,16982,4225,973,1247152,83720,7475,66073,20417,3111,2675,84324,45047,121950,2075,121055,502,118120,151,842,2158,646,197,1097,742,5303,5875,123,420,746,364,686,316,3422,1830,2758,582,7440,6222,3967,14173,903,168,441,631,230,249,238,1748,793,11595,1346,249,5154,4557,2944,10368,50232,2183,3983,9650,7432,928,858,418,816,295,918,20830,445,715,11736,270,2764,323,7287,689,969,367,711,1473,314,1135,2241,2670,597,671,582,6306,2009,581,571,664,4440,115,86,291,402,1542,287,39101,531,31309,71,1266,214,13895,2330,37758,16449,15592,121,6520,225,479,6509,10418,93531,1764,8870,3945,2219,81,4350,859,2259,2467,31924,21408,6132,3698,139,602,357,60,158,608,3908,6627,979,7897,357,421,1605,32176,559,2380,347668,2579,14838,881,7949,5019,3903,271,1539,10882,525,1320,1354,314,369,522,21253,1541,956,1401,781,1233,1633,66421,276,18951,4891,136,80362,22888,146,908,14993,2176,134,9621,656,4245,743,13089,991,17681,2511,1728,928,1550,404,1239,734,3926,1966,167,2358,86,4778,759,93,654,1360,3993,873,2374,35490,1042,7668,6006,833,804,3116,1057,103430,369,38171,2586,37210,3997,853,18206,129,87779,17299,26022,124201,6057,15407,289,1577,285,896,2782,1432,484,1814,15270,1222,45,1331,688,193,185,33821,10387,119,1096,407,59720,95768,61069,14608,85264,10566,1825,157421,220968,25376,86230,160988,214886,433,440,532,509,572,684,3987,595,1145,1505,14205,0.0,0.0,0.0,0.0,0.0,0.0,0.0,0.0,0.0,0.0,0.0,0.0,0.0,0.0,0.0,0.0,0.0,0.0,0.0,0.0,0.0,0.0,0.0,0.0,0.0,0.0,0.0,0.0,0.0,0.0,0.0,0.0,0.0,0.0,0.0,0.0,0.0,0.0,0.0,0.0,0.0,0.0,0.0,0.0,0.0,0.0,0.0,0.0,0.0,0.0,0.0,0.0,0.0,0.0,0.0,0.0,0.0,0.0,0.0,0.0,0.0,0.0,0.0,0.0,0.0,0.0,0.0,0.0,0.0,0.0,0.0,0.0,0.0,0.0,0.0,0.0,0.0,0.0,0.0,0.0,0.0,0.0,0.0,0.0,0.0,0.0,0.0,0.0,0.0,0.0,0.0,0.0,0.0,0.0,0.0,0.0,0.0,0.0,0.0,0.0,0.0,0.0,0.0,0.0,0.0,0.0,0.0,0.0,0.0,0.0,0.0,0.0,0.0,0.0,0.0,0.0,0.0,0.0,0.0,0.0,0.0,0.0,0.0,0.0,0.0,0.0,0.0,0.0,0.0,0.0,0.0,0.0,0.0,0.0,0.0,0.0,0.0,0.0,0.0,0.0,0.0,0.0,0.0,0.0,0.0,0.0,0.0,0.0,0.0,0.0
ENCFF849RAD,0.16653669309908276,97423,225,4233,42365,916,127422,4690,283,465,218,389,3203,4576,8468,20642,38901,3269,355,4757,5207,120,518,79,43,40,1013,6401,3448,25607,2926,219,348,432,1798,1628,208,1796,26,6,6950,9181,42,551,43,49,501,5714,24746,1070,529,1187,1513,355,233,4750,104,284,314,100,549,1391,448,14852,768,415,1813,22,48109,45499,5429,1107,694,2184,3536,235,1196,540,845,917,207,1045,1071,3173,497,590,3929,10,965,488,13,1022,146,34,1236,1519,21473,152486,8191,107,22368,32944,2433,28936,1097,686,4263,1291,1458,15,2255,5904,5923,53,4190,26731,2825,37693,719,2780,2617,7790,1246,56048,1430,5190,2510,632,2196,341,94,21891,12597,3413,23414,7860,8806,21974,1271,4592,2863,1146,3823,47344,404,1023,132,107,37,27,1764,225,403,9386,3361,528,3251,43209,3583,300,1206,553,518,2586,3364,3003,3643,49,92,17,1043,17,1967,643,980,86,131,18,872,635,1035,12883,5932,38803,2255,28550,31995,14157,37016,13212,27484,212,24066,29199,9300,7505,19906,15052,4869,872,1174,560,59,517,1001,110,37,18,22,3651,275,54589,12146,12202,209,172952,34195,4110,25239,27351,886,448,37481,16747,58460,5289,32172,206,31350,20,309,532,39,332,973,152,3801,1801,34,776,958,708,1024,416,2396,1455,184,190,4548,2641,1884,2184,1282,379,699,801,362,411,256,439,1236,5334,1312,398,1645,2211,2244,12907,39133,4401,2324,2298,1329,874,635,646,1026,631,121,6117,495,870,4311,339,1451,407,4041,1207,1062,688,930,179,510,685,2521,2591,841,1031,739,2085,1516,805,821,1019,4267,16,30,422,671,329,347,12209,94,8064,26,465,51,5531,582,5770,5665,6626,24,2342,96,150,1629,3138,80353,867,1917,1989,952,390,3065,172,301,556,14538,5777,2693,1077,33,195,114,10,19,689,1004,1871,595,3314,556,494,1714,55055,738,2259,99518,628,4986,1062,5223,6580,2478,299,2723,9455,864,1004,1081,382,394,329,32533,1206,982,1084,412,1144,1335,21411,59,9911,2062,31,21400,5396,14,219,5556,542,27,6546,835,1120,217,3087,1146,26756,3906,1292,772,1166,442,1275,900,1126,588,5,892,18,1548,94,63,120,1060,275,798,767,38564,2705,10558,6373,1672,530,682,117,27241,677,13920,2436,10128,1014,395,2440,18,24712,4827,8222,37429,3001,23231,350,110,395,1304,467,1121,722,1550,7129,984,43,720,1174,20,23,3394,3246,21,1307,166,20289,39223,29281,7594,30379,3619,367,74548,82503,13112,40217,60361,68827,291,198,809,795,199,900,957,244,351,564,6211,0.0,0.0,0.0,0.0,0.0,0.0,0.0,0.0,0.0,0.0,0.0,0.0,0.0,0.0,0.0,0.0,0.0,0.0,0.0,0.0,0.0,0.0,0.0,0.0,0.0,0.0,0.0,0.0,0.0,0.0,0.0,0.0,0.0,0.0,0.0,0.0,0.0,0.0,0.0,0.0,0.0,0.0,0.0,0.0,0.0,0.0,0.0,0.0,0.0,0.0,0.0,0.0,0.0,0.0,0.0,0.0,0.0,0.0,0.0,0.0,0.0,0.0,0.0,0.0,0.0,0.0,0.0,0.0,0.0,0.0,0.0,0.0,0.0,0.0,0.0,0.0,0.0,0.0,0.0,0.0,0.0,0.0,0.0,0.0,0.0,0.0,0.0,0.0,0.0,0.0,0.0,0.0,0.0,0.0,0.0,0.0,0.0,0.0,0.0,0.0,0.0,0.0,0.0,0.0,0.0,0.0,0.0,0.0,0.0,0.0,0.0,0.0,0.0,0.0,0.0,0.0,0.0,0.0,0.0,0.0,0.0,0.0,0.0,0.0,0.0,0.0,0.0,0.0,0.0,0.0,0.0,0.0,0.0,0.0,0.0,0.0,0.0,0.0,0.0,0.0,0.0,0.0,0.0,0.0,0.0,0.0,0.0,0.0,0.0,0.0
ENCFF147LKM,0.14251399681457583,89457,121,2594,40096,542,119831,10527,524,456,272,652,5255,2536,5082,16186,24796,1986,1174,5128,5030,116,733,52,166,144,1592,5564,4342,20568,4060,142,53,538,2891,2884,26,3135,51,11,7323,9639,199,444,122,13,775,7866,22699,482,1120,2049,2165,184,384,5423,116,414,325,375,1389,3106,420,9817,295,359,1506,378,36035,45923,5277,1852,1112,2699,5514,67,2077,984,1095,1261,368,1829,2037,2690,681,1102,5429,60,1385,1188,39,1209,698,75,2582,819,9218,144902,7427,212,21781,35660,4060,30344,2050,1151,4048,1758,2187,67,3504,7058,8618,554,5182,31946,1602,39926,156,868,956,6256,485,66836,1724,5553,2311,577,2166,185,241,29103,5950,2441,19404,7317,11782,26992,159,5524,5376,1795,3730,44724,646,400,108,137,76,25,1939,521,1036,9682,3628,380,3977,37472,2363,369,2174,3458,2650,2706,4513,5351,5821,85,144,52,1579,61,1830,814,605,204,10,4,680,402,1995,10424,5480,36474,2955,19424,30063,11684,23485,14703,26866,204,23790,30481,8872,8445,23850,15976,4165,1090,390,370,25,1206,1789,134,70,58,56,3799,282,39524,8452,9225,477,148347,30786,3543,19988,16750,1145,570,30539,14448,42877,2702,38429,125,37295,99,241,973,94,519,1456,271,5494,2344,73,1129,1050,955,1590,818,3735,1893,148,224,6186,4182,2237,3045,2556,457,1480,1180,756,441,376,285,1571,4503,1012,577,1609,3778,2498,7745,16172,4808,3457,3282,1624,1185,1018,972,1303,776,88,8320,909,2553,5607,557,2068,867,4601,2706,1687,1521,1496,200,661,566,3856,2855,1445,1228,1252,2742,2402,1680,919,1771,3924,42,38,654,1313,757,592,12989,469,9038,48,227,105,5981,669,7165,6911,7456,75,2652,316,90,1513,3010,69628,742,1850,3202,1054,53,2955,97,1019,1551,20861,6804,8246,1499,96,296,299,26,184,948,900,1973,1185,4598,976,749,1833,65184,317,2600,103580,603,6186,1514,9155,6144,2655,486,631,4944,1249,1736,1769,557,425,107,50859,2440,1617,1643,592,1595,1877,25386,177,16239,1399,103,27812,7472,24,435,4944,1133,189,8330,1160,930,263,5053,1531,28795,1592,865,1217,1631,1070,1133,1497,1398,736,47,1192,83,2623,335,218,140,360,418,254,828,25789,1099,7353,3561,641,691,1067,365,30969,343,10906,1608,9363,2092,75,2448,19,36021,6374,10645,41959,1045,19265,148,413,640,1666,906,1503,1183,1477,4989,1450,14,130,1574,37,86,2877,2889,28,281,110,24014,28918,24193,5970,27981,4322,696,54665,72959,10692,29532,56373,68607,223,66,1054,1007,542,1358,738,626,326,749,6593,0.0,0.0,0.0,0.0,0.0,0.0,0.0,0.0,0.0,0.0,0.0,0.0,0.0,0.0,0.0,0.0,0.0,0.0,0.0,0.0,0.0,0.0,0.0,0.0,0.0,0.0,0.0,0.0,0.0,0.0,0.0,0.0,0.0,0.0,0.0,0.0,0.0,0.0,0.0,0.0,0.0,0.0,0.0,0.0,0.0,0.0,0.0,0.0,0.0,0.0,0.0,0.0,0.0,0.0,0.0,0.0,0.0,0.0,0.0,0.0,0.0,0.0,0.0,0.0,0.0,0.0,0.0,0.0,0.0,0.0,0.0,0.0,0.0,0.0,0.0,0.0,0.0,0.0,0.0,0.0,0.0,0.0,0.0,0.0,0.0,0.0,0.0,0.0,0.0,0.0,0.0,0.0,0.0,0.0,0.0,0.0,0.0,0.0,0.0,0.0,0.0,0.0,0.0,0.0,0.0,0.0,0.0,0.0,0.0,0.0,0.0,0.0,0.0,0.0,0.0,0.0,0.0,0.0,0.0,0.0,0.0,0.0,0.0,0.0,0.0,0.0,0.0,0.0,0.0,0.0,0.0,0.0,0.0,0.0,0.0,0.0,0.0,0.0,0.0,0.0,0.0,0.0,0.0,0.0,0.0,0.0,0.0,0.0,0.0,0.0
ENCFF536GTU,0.14747428240385038,555930,3093,13158,74193,1125,186342,29989,701,1277,1275,2737,8828,6504,18166,32678,37553,10522,2174,35126,23105,1178,4028,351,589,374,3662,40817,8532,54529,17783,1309,1439,1906,4329,3871,715,7568,131,145,28664,52938,610,3803,57,1104,3318,18910,35886,4553,1264,1590,2673,2459,2479,37068,957,2004,2140,1040,3269,5274,1307,28523,2877,1922,11859,519,160430,187381,38240,2493,1253,10849,30732,1817,3029,1018,1641,1957,329,1872,2956,17614,803,823,7906,103,1638,948,161,7302,1406,266,6867,2684,41619,713380,49573,363,132714,177383,8405,152208,3318,1048,27999,9085,8871,164,16217,36869,37667,1425,15244,159111,6214,86243,583,2688,4368,37698,1264,100021,2852,28297,13910,4934,14853,1835,540,154012,27417,23693,90022,20484,73569,138554,6074,13985,24860,2786,18606,92100,2944,8432,246,612,210,180,12128,1896,3378,39941,24057,3365,21345,68298,5880,2920,2881,8952,9694,11332,19244,17606,29500,386,598,330,1912,169,3911,977,7089,779,116,58,3713,3452,2569,72626,33173,197830,6428,96687,127155,51791,65761,46605,82099,1074,120319,136875,50606,42104,102006,85909,25613,2685,7872,4191,240,1042,1561,977,433,238,188,16176,1320,87400,30237,16552,1886,1138547,155623,17975,126624,50533,6349,2457,157737,83683,173068,6259,233317,950,218181,357,1821,3389,844,492,2300,1270,11191,11745,319,1050,1686,902,1684,746,6931,3693,2268,1267,16215,11494,8230,17384,2317,455,1131,1462,617,593,532,2790,1967,20116,3453,617,6810,7075,5860,22879,69555,17245,6632,16461,3321,1946,1655,1063,1746,754,1415,37551,1000,1634,23190,787,4997,811,13837,1660,2268,773,1735,2014,768,2772,4970,5142,1466,1625,1301,10546,4093,1454,1363,1608,9342,201,282,757,1077,3043,813,73786,1099,50182,157,2519,562,28106,3954,35646,30096,25707,256,14060,534,1058,12655,19052,180484,4428,10088,7436,4567,939,8189,1470,3245,4382,61818,35267,10910,6721,175,1160,664,140,205,1195,7098,12444,1882,13435,908,1027,4085,90311,2421,4302,544672,2780,26076,2030,17026,41985,8783,734,17884,48122,1298,2603,2766,722,932,1518,201196,3181,2193,2770,1605,2636,3474,114698,336,36692,9010,227,130514,34963,205,1387,24422,4154,224,20176,1516,8883,1556,9528,2571,44532,4361,8729,1453,2788,910,3041,1798,7606,4255,161,4696,169,6535,1983,123,1080,6460,6640,2233,4293,91464,2535,14273,12668,1942,1615,4659,1759,202251,3817,71460,10966,61427,7102,1559,13394,178,151846,26292,46485,205102,8298,38806,1098,2590,751,3033,2525,3047,1221,3626,30429,2584,104,9339,1782,281,264,20775,20950,228,9522,754,112755,154178,101005,29260,159654,17439,3466,226289,370307,42606,149809,268351,344004,851,733,1191,1186,449,1681,7581,1071,2409,3090,27130,0.0,0.0,0.0,0.0,0.0,0.0,0.0,0.0,0.0,0.0,0.0,0.0,0.0,0.0,0.0,0.0,0.0,0.0,0.0,0.0,0.0,0.0,0.0,0.0,0.0,0.0,0.0,0.0,0.0,0.0,0.0,0.0,0.0,0.0,0.0,0.0,0.0,0.0,0.0,0.0,0.0,0.0,0.0,0.0,0.0,0.0,0.0,0.0,0.0,0.0,0.0,0.0,0.0,0.0,0.0,0.0,0.0,0.0,0.0,0.0,0.0,0.0,0.0,0.0,0.0,0.0,0.0,0.0,0.0,0.0,0.0,0.0,0.0,0.0,0.0,0.0,0.0,0.0,0.0,0.0,0.0,0.0,0.0,0.0,0.0,0.0,0.0,0.0,0.0,0.0,0.0,0.0,0.0,0.0,0.0,0.0,0.0,0.0,0.0,0.0,0.0,0.0,0.0,0.0,0.0,0.0,0.0,0.0,0.0,0.0,0.0,0.0,0.0,0.0,0.0,0.0,0.0,0.0,0.0,0.0,0.0,0.0,0.0,0.0,0.0,0.0,0.0,0.0,0.0,0.0,0.0,0.0,0.0,0.0,0.0,0.0,0.0,0.0,0.0,0.0,0.0,0.0,0.0,0.0,0.0,0.0,0.0,0.0,0.0,0.0
ENCFF246AOW,0.2516876012146832,8371,163,843,35214,398,110347,3200,248,178,58,182,1971,1507,5668,14429,29761,998,185,3040,1429,32,151,9,15,22,301,116,2207,26663,1153,44,22,219,1925,1754,16,1617,7,2,2688,3172,13,89,12,37,353,3653,18768,14,391,793,1291,91,39,1143,28,95,82,28,193,1039,961,13132,402,343,44,24,29985,15925,1176,1081,712,935,1138,41,1232,537,747,832,232,948,1081,1077,370,592,2849,4,807,701,2,285,64,13,551,739,24031,55069,2386,48,6880,11973,1976,10014,1231,600,878,258,311,10,577,1424,1663,408,1870,6682,1691,36211,214,965,962,2443,433,61173,1134,1401,557,88,466,68,19,6265,6210,76,26960,5384,2580,5707,8,2352,3284,1109,1173,31532,865,39,146,14,5,19,582,88,116,3021,905,163,1952,34439,2319,70,1185,1372,1041,1234,897,871,1212,16,21,24,951,13,1133,561,457,115,5,3,287,136,1159,2965,1650,11653,1288,13171,13858,5811,24119,6353,12914,290,8235,11016,2174,2060,8850,4671,2970,491,19,489,14,544,1084,20,7,12,59,973,92,30925,6788,11163,101,100661,16617,1609,10750,24196,255,120,17858,9928,39123,2515,9770,27,8655,2,72,200,17,287,884,83,2723,680,6,669,652,480,926,436,2283,1203,21,90,2720,1895,951,614,1364,288,669,704,390,291,211,58,996,2851,1250,357,806,1904,1579,7267,65754,107,1775,729,940,774,633,625,899,459,6,3147,501,1088,2124,292,1082,451,1734,1082,913,599,882,17,417,183,1989,1745,702,788,694,1022,1124,889,672,951,2107,7,7,380,738,108,155,3223,40,2204,5,135,6,2335,157,1861,1995,3884,13,810,26,7,1537,774,82150,122,603,1470,367,8,1803,46,149,304,7254,3804,1681,406,20,39,35,6,13,615,989,539,604,1281,565,436,1115,60177,170,1273,28872,386,2282,869,4621,176,1557,232,38,1198,725,1092,1122,304,293,68,728,1257,985,1113,165,1035,1134,8812,11,6613,490,19,6944,1819,20,108,1736,378,8,3798,708,186,28,2497,911,23912,2903,120,618,1053,501,496,893,238,370,3,180,18,897,18,6,44,19,942,261,371,20050,1023,7014,3158,652,293,178,108,5736,12,3476,855,2412,456,50,643,4,9688,1993,3216,13857,2867,17875,136,163,406,828,391,963,740,754,3522,956,1,59,1008,12,15,818,763,10,27,15,7323,14011,14705,2942,9379,1303,1899,29191,28769,6082,15611,20992,24363,234,40,597,550,233,798,144,86,47,208,2278,0.0,0.0,0.0,0.0,0.0,0.0,0.0,0.0,0.0,0.0,0.0,0.0,0.0,0.0,0.0,0.0,0.0,0.0,0.0,0.0,0.0,0.0,0.0,0.0,0.0,0.0,0.0,0.0,0.0,0.0,0.0,0.0,0.0,0.0,0.0,0.0,0.0,0.0,0.0,0.0,0.0,0.0,0.0,0.0,0.0,0.0,0.0,0.0,0.0,0.0,0.0,0.0,0.0,0.0,0.0,0.0,0.0,0.0,0.0,0.0,0.0,0.0,0.0,0.0,0.0,0.0,0.0,0.0,0.0,0.0,0.0,0.0,0.0,0.0,0.0,0.0,0.0,0.0,0.0,0.0,0.0,0.0,0.0,0.0,0.0,0.0,0.0,0.0,0.0,0.0,0.0,0.0,0.0,0.0,0.0,0.0,0.0,0.0,0.0,0.0,0.0,0.0,0.0,0.0,0.0,0.0,0.0,0.0,0.0,0.0,0.0,0.0,0.0,0.0,0.0,0.0,0.0,0.0,0.0,0.0,0.0,0.0,0.0,0.0,0.0,0.0,0.0,0.0,0.0,0.0,0.0,0.0,0.0,0.0,0.0,0.0,0.0,0.0,0.0,0.0,0.0,0.0,0.0,0.0,0.0,0.0,0.0,0.0,0.0,0.0
ENCFF017YSG,0.1399791124205028,86683,114,3207,40228,487,128373,8600,462,369,285,485,4789,1809,4939,17204,27732,1826,831,5763,4550,102,575,48,191,114,1710,6264,4364,26541,3443,146,47,516,3176,3258,32,3257,76,4,7201,8033,121,326,104,10,734,7370,21119,330,977,2429,2166,158,220,3971,107,285,190,278,1036,2679,618,9715,314,260,1604,188,35085,41451,3888,1938,1114,2700,4179,50,2185,971,1201,1387,376,1815,2167,2478,660,1135,5655,26,1379,1218,26,857,337,44,1659,851,7440,127611,6247,140,17925,29990,4237,25478,2168,1078,3123,1238,1556,67,2866,5759,6967,669,4529,26018,1664,38739,201,931,1049,6005,428,66138,1780,4837,1945,341,1707,117,96,22366,5658,2181,15395,6234,9684,22309,230,5088,6918,1869,3419,46953,322,392,106,75,38,21,1483,368,548,8896,2787,338,3393,36451,2489,196,2262,1214,997,2311,3187,3390,4429,70,135,57,1667,81,2003,856,580,136,10,18,708,380,2005,9308,4887,33291,2870,20809,29849,12030,28093,14600,27104,264,21650,28399,7645,7671,22297,14609,4039,982,381,413,28,1204,1957,122,70,44,47,3327,174,33550,8242,8486,414,139383,32160,3628,19449,19326,814,355,28769,14547,44205,2868,33397,104,31573,62,248,806,60,493,1414,285,5574,1971,52,1111,1097,1034,1690,869,3984,1887,98,162,5887,4338,2110,2419,2614,570,1457,1319,800,468,361,251,1672,4709,1139,615,1614,3659,2726,9816,32715,5083,3485,2870,1761,1345,1076,1104,1406,827,59,6785,855,2541,4966,558,2136,845,4581,2773,1732,1547,1596,158,659,591,3922,2939,1578,1309,1201,2267,2348,1686,1035,1831,3928,19,29,648,1219,559,353,9820,192,7101,26,190,55,4997,497,5708,5686,7286,90,2604,218,101,1854,2267,84993,612,1687,3166,1022,79,3113,56,748,1142,20671,7487,5896,1262,89,188,153,8,118,980,680,1613,1346,3449,942,672,1640,65693,325,2508,85871,651,5496,1558,9415,6528,2873,380,618,4889,1258,1792,1776,500,422,120,49054,2662,1626,1601,554,1708,1979,23004,143,16057,1239,98,23079,6328,30,383,5639,977,103,8560,1253,789,157,4987,1495,17379,1832,998,1118,1677,957,1261,1515,1065,942,57,1098,78,2278,149,517,91,373,483,307,800,39562,1185,8174,3851,714,645,770,284,23271,359,10841,1983,7916,1731,78,2192,18,31033,5451,9785,35308,1181,18430,159,458,564,1647,863,1574,1277,1484,7384,1446,20,117,1628,32,75,2419,2453,12,323,144,21911,30266,25262,6536,24928,3819,914,60231,70780,10774,30005,54640,64406,262,69,1076,999,475,1430,538,355,167,675,6102,0.0,0.0,0.0,0.0,0.0,0.0,0.0,0.0,0.0,0.0,0.0,0.0,0.0,0.0,0.0,0.0,0.0,0.0,0.0,0.0,0.0,0.0,0.0,0.0,0.0,0.0,0.0,0.0,0.0,0.0,0.0,0.0,0.0,0.0,0.0,0.0,0.0,0.0,0.0,0.0,0.0,0.0,0.0,0.0,0.0,0.0,0.0,0.0,0.0,0.0,0.0,0.0,0.0,0.0,0.0,0.0,0.0,0.0,0.0,0.0,0.0,0.0,0.0,0.0,0.0,0.0,0.0,0.0,0.0,0.0,0.0,0.0,0.0,0.0,0.0,0.0,0.0,0.0,0.0,0.0,0.0,0.0,0.0,0.0,0.0,0.0,0.0,0.0,0.0,0.0,0.0,0.0,0.0,0.0,0.0,0.0,0.0,0.0,0.0,0.0,0.0,0.0,0.0,0.0,0.0,0.0,0.0,0.0,0.0,0.0,0.0,0.0,0.0,0.0,0.0,0.0,0.0,0.0,0.0,0.0,0.0,0.0,0.0,0.0,0.0,0.0,0.0,0.0,0.0,0.0,0.0,0.0,0.0,0.0,0.0,0.0,0.0,0.0,0.0,0.0,0.0,0.0,0.0,0.0,0.0,0.0,0.0,0.0,0.0,0.0
ENCFF345AUK,0.11290956174138739,26204,44,1946,18882,41,15668,2478,68,171,207,530,1029,457,1142,4511,1709,1323,428,2064,3957,185,733,86,17,16,481,139,1174,5266,3193,266,109,331,423,375,11,1106,23,7,6793,10225,425,605,6,8,363,2838,3879,11,199,267,259,551,453,7604,112,341,269,38,666,727,20,1191,121,148,27,39,18476,28308,8442,238,124,548,5606,277,302,130,148,192,34,164,289,3590,99,121,1216,2,186,103,10,1305,48,8,559,227,2509,119296,8259,73,23180,30927,1141,26833,330,114,5215,1446,1166,0,2777,6988,7023,41,5189,29363,378,8054,32,110,377,6656,62,9236,241,4933,2472,659,2992,365,131,33113,1991,88,2523,1382,11448,26082,16,1865,592,289,2544,15144,132,173,26,166,39,18,2009,308,584,9078,4422,736,2339,18106,503,475,275,437,451,1809,3042,2567,7196,32,344,6,192,20,543,136,435,3182,2,0,120,549,209,13655,6066,42577,1140,15198,20318,7670,10326,7141,13004,187,22623,24917,13316,7753,20528,14037,2609,477,27,327,27,108,168,175,119,14,18,2838,140,9061,3958,756,26,112251,19975,2082,18873,2291,1017,650,22912,8484,17634,237,37768,102,39640,115,286,904,71,48,262,184,1616,2220,538,134,174,106,161,106,762,373,526,199,2595,1834,1297,3220,289,60,164,138,70,84,49,829,220,2676,315,96,1120,844,707,2456,2975,137,988,3137,488,167,137,129,160,101,501,5805,105,198,4768,75,1043,88,2703,208,248,93,178,972,111,276,729,606,166,178,150,2095,674,180,136,183,1524,10,17,75,126,1060,49,13284,23,8641,15,424,102,5056,975,5928,5045,3804,9,1883,95,392,140,3716,14188,640,1489,1851,771,4,873,133,139,573,7228,2316,1514,1326,26,231,91,0,13,112,165,1793,145,2125,101,148,328,19483,118,645,99226,140,4970,240,1662,285,1034,73,45,2491,176,273,263,98,122,195,1012,323,240,276,131,236,343,20257,50,6350,1753,7,23672,5733,13,254,3861,388,48,3883,154,4464,318,1194,283,2740,415,410,193,275,80,415,165,1506,90,7,894,11,1180,1187,20,191,378,29,101,244,6905,140,1473,855,150,159,543,30,36451,25,11481,658,12019,1101,258,2564,17,18313,3272,5740,29787,706,3622,60,19,84,229,109,265,126,598,1212,270,35,166,232,6,8,3777,4241,0,42,735,18698,22860,16505,3560,26334,3201,203,36181,60374,6190,22866,45121,56614,133,134,134,129,41,152,1912,155,407,423,4451,0.0,0.0,0.0,0.0,0.0,0.0,0.0,0.0,0.0,0.0,0.0,0.0,0.0,0.0,0.0,0.0,0.0,0.0,0.0,0.0,0.0,0.0,0.0,0.0,0.0,0.0,0.0,0.0,0.0,0.0,0.0,0.0,0.0,0.0,0.0,0.0,0.0,0.0,0.0,0.0,0.0,0.0,0.0,0.0,0.0,0.0,0.0,0.0,0.0,0.0,0.0,0.0,0.0,0.0,0.0,0.0,0.0,0.0,0.0,0.0,0.0,0.0,0.0,0.0,0.0,0.0,0.0,0.0,0.0,0.0,0.0,0.0,0.0,0.0,0.0,0.0,0.0,0.0,0.0,0.0,0.0,0.0,0.0,0.0,0.0,0.0,0.0,0.0,0.0,0.0,0.0,0.0,0.0,0.0,0.0,0.0,0.0,0.0,0.0,0.0,0.0,0.0,0.0,0.0,0.0,0.0,0.0,0.0,0.0,0.0,0.0,0.0,0.0,0.0,0.0,0.0,0.0,0.0,0.0,0.0,0.0,0.0,0.0,0.0,0.0,0.0,0.0,0.0,0.0,0.0,0.0,0.0,0.0,0.0,0.0,0.0,0.0,0.0,0.0,0.0,0.0,0.0,0.0,0.0,0.0,0.0,0.0,0.0,0.0,0.0
ENCFF894ELE,0.23479770452139334,555957,2086,3702,22399,259,37614,5364,180,272,237,850,2468,1816,3278,11461,13264,2062,412,5063,4435,194,715,88,81,100,784,52887,1874,18111,3513,248,1055,561,1099,879,1451,1372,31,87,6367,10348,73,646,21,849,463,3896,13034,5283,381,385,725,477,460,7489,157,388,371,231,666,1465,245,7984,167,602,13977,271,33966,36590,7921,595,392,10010,6703,317,712,259,431,486,98,475,704,3353,221,271,1860,25,440,262,25,1440,212,48,1429,693,8845,144773,9727,79,25499,35436,1802,30010,759,317,5434,1778,1760,21,3229,7349,7530,187,3281,30719,1333,13656,156,649,945,7090,331,16678,705,5268,2685,933,2865,295,150,31794,5530,36237,14979,3669,12586,26102,6412,3026,3333,643,8398,26276,431,6603,39,110,27,39,2212,274,1151,7823,4669,601,3568,22263,1629,415,631,2044,2144,2416,3821,3365,6791,44,109,45,504,25,892,295,1311,3971,509,0,4581,792,623,13885,6464,46731,1501,20668,25483,10442,18854,9218,17567,287,22982,26439,10050,8417,20155,16683,6058,574,10242,808,33,238,474,175,57,30,42,3323,187,24923,7121,4973,306,519634,29029,7906,23030,13364,1229,571,31410,15835,37319,1593,42429,135,43706,50,321,1022,476,145,576,210,2472,2063,50,316,470,305,458,202,1486,832,525,200,3306,2372,1621,3033,601,154,327,375,180,192,141,681,525,3644,658,148,1280,1435,1240,6965,21332,23032,1471,3467,856,432,370,355,535,241,346,7305,275,398,4945,189,1080,176,2919,519,556,275,514,368,221,986,1336,1369,463,467,397,2160,1034,443,389,460,2139,18,20,212,329,519,158,14158,175,9657,21,503,158,5740,836,7108,5502,5726,25,2414,67,229,1735,3877,40648,2955,3361,1592,929,1724,1562,199,283,735,11221,6009,3481,1491,10,199,98,11,24,335,880,2031,331,2669,252,246,1629,30037,1801,1171,106208,1000,5114,495,3283,57320,1730,147,19978,51396,393,639,639,201,236,759,244847,747,496,634,305,643,751,22213,63,7988,2081,32,25176,6462,36,318,4587,792,42,4539,387,1596,316,1994,640,8044,1601,11587,387,619,226,611,456,1438,788,24,921,26,1530,348,21,175,6579,747,385,689,19286,613,4918,2429,484,404,913,203,37781,3174,14242,9253,11701,1394,237,2523,89,26519,4889,8278,38917,1625,9826,642,403,183,2729,1582,671,362,917,7226,575,30,6588,495,46,41,4093,4065,47,9151,244,22569,30022,20641,5342,31061,3637,572,49577,72669,8729,30912,52368,67673,229,146,397,348,113,454,1684,225,503,619,4995,0.0,0.0,0.0,0.0,0.0,0.0,0.0,0.0,0.0,0.0,0.0,0.0,0.0,0.0,0.0,0.0,0.0,0.0,0.0,0.0,0.0,0.0,0.0,0.0,0.0,0.0,0.0,0.0,0.0,0.0,0.0,0.0,0.0,0.0,0.0,0.0,0.0,0.0,0.0,0.0,0.0,0.0,0.0,0.0,0.0,0.0,0.0,0.0,0.0,0.0,0.0,0.0,0.0,0.0,0.0,0.0,0.0,0.0,0.0,0.0,0.0,0.0,0.0,0.0,0.0,0.0,0.0,0.0,0.0,0.0,0.0,0.0,0.0,0.0,0.0,0.0,0.0,0.0,0.0,0.0,0.0,0.0,0.0,0.0,0.0,0.0,0.0,0.0,0.0,0.0,0.0,0.0,0.0,0.0,0.0,0.0,0.0,0.0,0.0,0.0,0.0,0.0,0.0,0.0,0.0,0.0,0.0,0.0,0.0,0.0,0.0,0.0,0.0,0.0,0.0,0.0,0.0,0.0,0.0,0.0,0.0,0.0,0.0,0.0,0.0,0.0,0.0,0.0,0.0,0.0,0.0,0.0,0.0,0.0,0.0,0.0,0.0,0.0,0.0,0.0,0.0,0.0,0.0,0.0,0.0,0.0,0.0,0.0,0.0,0.0
ENCFF000SCC,0.11596057281958831,30614,79,1188,15453,194,52748,4505,128,174,125,324,1572,1190,3630,5660,11509,1282,315,2783,3311,88,347,21,36,13,435,1511,1687,10534,2037,124,60,237,1019,845,30,1056,6,86,3890,5114,38,299,26,22,282,2678,8206,139,370,562,700,190,138,3387,62,149,162,44,400,619,227,4823,789,288,534,12,19669,19727,4205,601,401,928,2278,123,691,341,486,485,113,508,596,1625,249,299,1906,4,448,318,10,460,80,12,898,552,5377,79801,4326,37,11977,19902,1367,16670,722,349,2607,860,1625,3,1877,4924,4289,77,2577,16486,836,13889,113,564,588,3543,231,20362,656,3499,1640,268,1168,161,21,13245,4062,941,11232,3667,5597,14908,115,2065,2057,585,1803,15886,181,246,98,52,10,26,1047,169,693,5661,1856,259,1851,16334,1338,201,637,486,476,1298,4678,2982,2523,82,68,16,558,4,867,319,559,8355,19,8,261,399,559,6686,3215,19997,1157,13250,16088,7883,13102,7523,13702,149,13186,16197,4521,4140,13048,8261,2508,399,308,360,33,275,555,64,14,17,78,2136,89,14888,5161,3581,81,78148,15709,1739,12311,9511,534,322,16417,7538,23288,1316,21575,71,19654,7,138,406,19,151,513,132,2411,1217,218,370,473,317,494,229,1333,774,69,89,2673,1552,1035,1334,714,167,435,381,213,207,140,205,595,2598,555,171,791,1201,1045,5217,22258,1059,1183,2315,737,440,337,338,498,266,48,3243,260,527,2413,177,842,237,2030,637,510,315,500,267,270,465,1337,1142,412,507,389,1081,773,560,410,559,2100,16,16,254,344,418,132,8747,69,5649,11,180,12,3186,407,4403,3430,3477,12,1519,57,88,793,2208,29466,326,1015,1115,503,69,1341,81,236,480,7889,3397,1628,707,16,56,33,4,28,309,524,1197,271,1704,281,283,662,23995,214,1045,53663,260,2863,567,3029,1871,1207,172,645,2363,448,518,544,175,201,159,8562,628,486,566,431,620,619,11839,22,5449,914,17,14085,3131,6,158,2540,279,27,3434,406,1061,106,1699,615,9538,1408,382,415,537,219,578,430,777,231,6,367,12,1269,54,15,69,262,164,146,267,12208,491,4047,1973,385,238,436,64,18047,82,6248,1034,5217,606,118,1312,3,18615,3633,7137,28924,1492,10495,85,146,229,556,192,499,377,760,2964,501,10,198,595,14,36,1791,2072,2,213,75,10966,17705,14266,3363,14555,2082,185,30312,39973,5920,18099,30440,34226,103,78,395,381,130,445,707,151,170,251,3763,0.0,0.0,0.0,0.0,0.0,0.0,0.0,0.0,0.0,0.0,0.0,0.0,0.0,0.0,0.0,0.0,0.0,0.0,0.0,0.0,0.0,0.0,0.0,0.0,0.0,0.0,0.0,0.0,0.0,0.0,0.0,0.0,0.0,0.0,0.0,0.0,0.0,0.0,0.0,0.0,0.0,0.0,0.0,0.0,0.0,0.0,0.0,0.0,0.0,0.0,0.0,0.0,0.0,0.0,0.0,0.0,0.0,0.0,0.0,0.0,0.0,0.0,0.0,0.0,0.0,0.0,0.0,0.0,0.0,0.0,0.0,0.0,0.0,0.0,0.0,0.0,0.0,0.0,0.0,0.0,0.0,0.0,0.0,0.0,0.0,0.0,0.0,0.0,0.0,0.0,0.0,0.0,0.0,0.0,0.0,0.0,0.0,0.0,0.0,0.0,0.0,0.0,0.0,0.0,0.0,0.0,0.0,0.0,0.0,0.0,0.0,0.0,0.0,0.0,0.0,0.0,0.0,0.0,0.0,0.0,0.0,0.0,0.0,0.0,0.0,0.0,0.0,0.0,0.0,0.0,0.0,0.0,0.0,0.0,0.0,0.0,0.0,0.0,0.0,0.0,0.0,0.0,0.0,0.0,0.0,0.0,0.0,0.0,0.0,0.0
ENCFF000WRT,0.08532474784660651,3920,29,341,3635,66,8250,636,54,64,21,83,316,499,978,1878,3029,388,48,422,544,19,79,10,10,5,119,171,318,1691,329,26,26,34,237,197,9,208,2,9,907,1066,6,68,3,8,155,585,1984,18,92,105,133,46,34,650,22,20,27,13,86,135,23,1062,54,73,42,17,4224,4160,713,118,61,107,647,25,174,67,80,92,27,120,170,331,60,47,336,2,76,46,4,118,7,3,137,139,1115,15114,943,7,2698,3885,256,3439,196,50,462,174,188,3,301,740,665,22,459,3035,321,2435,60,258,237,865,104,3258,150,591,241,86,271,49,15,3034,1551,134,1957,977,1221,2601,23,453,234,148,354,3677,68,31,9,13,6,3,201,26,93,939,435,61,426,3670,379,41,135,115,129,255,450,398,570,11,18,2,102,2,197,66,364,520,6,0,64,104,133,1469,639,3949,225,2790,2930,1370,2540,1223,2696,24,2554,2988,983,850,2339,1770,736,86,37,72,14,68,80,18,7,4,7,366,34,3141,1140,1422,21,22195,3470,375,2643,2230,94,58,3784,1697,4949,445,4198,12,4039,6,34,156,119,24,114,24,352,216,3,70,97,53,85,52,340,189,35,42,449,329,178,266,108,31,70,57,44,39,28,65,130,455,89,47,197,275,228,1237,2095,92,247,334,103,83,75,51,107,57,16,762,40,81,496,44,155,61,348,101,126,75,97,13,29,49,229,223,85,95,89,263,145,54,84,79,364,4,7,46,64,45,11,1307,7,929,4,49,2,621,83,625,661,711,1,233,10,23,173,386,6204,56,192,245,95,1,288,10,29,57,1488,530,374,167,2,24,21,1,10,63,115,276,135,334,52,57,139,4871,44,190,11154,47,536,100,551,190,274,32,42,432,102,133,142,47,33,22,607,145,109,128,52,164,181,2440,10,912,237,8,2570,641,1,27,597,97,9,596,66,109,24,349,117,1687,302,75,78,135,49,121,54,104,76,3,79,2,191,5,4,17,43,38,79,53,2618,204,952,525,143,60,91,12,3456,14,1534,197,1109,134,30,283,4,3358,634,1026,4368,183,1557,30,33,34,68,64,126,70,135,527,121,1,30,123,2,5,441,410,0,25,23,2378,3576,2916,602,3264,427,67,6606,8121,1212,3746,6254,7431,39,20,69,81,38,110,133,30,35,59,609,0.0,0.0,0.0,0.0,0.0,0.0,0.0,0.0,0.0,0.0,0.0,0.0,0.0,0.0,0.0,0.0,0.0,0.0,0.0,0.0,0.0,0.0,0.0,0.0,0.0,0.0,0.0,0.0,0.0,0.0,0.0,0.0,0.0,0.0,0.0,0.0,0.0,0.0,0.0,0.0,0.0,0.0,0.0,0.0,0.0,0.0,0.0,0.0,0.0,0.0,0.0,0.0,0.0,0.0,0.0,0.0,0.0,0.0,0.0,0.0,0.0,0.0,0.0,0.0,0.0,0.0,0.0,0.0,0.0,0.0,0.0,0.0,0.0,0.0,0.0,0.0,0.0,0.0,0.0,0.0,0.0,0.0,0.0,0.0,0.0,0.0,0.0,0.0,0.0,0.0,0.0,0.0,0.0,0.0,0.0,0.0,0.0,0.0,0.0,0.0,0.0,0.0,0.0,0.0,0.0,0.0,0.0,0.0,0.0,0.0,0.0,0.0,0.0,0.0,0.0,0.0,0.0,0.0,0.0,0.0,0.0,0.0,0.0,0.0,0.0,0.0,0.0,0.0,0.0,0.0,0.0,0.0,0.0,0.0,0.0,0.0,0.0,0.0,0.0,0.0,0.0,0.0,0.0,0.0,0.0,0.0,0.0,0.0,0.0,0.0
ENCFF000ROA,0.15530483035539125,33735,140,1930,24279,432,94661,4815,182,294,218,412,2250,2437,6315,13131,27814,2169,458,4182,3880,108,481,28,60,34,574,1651,2339,23045,2860,160,82,330,1396,1165,28,1589,27,29,5126,7693,45,453,28,27,483,4098,16906,178,546,843,1068,345,224,4346,143,238,212,67,686,1085,381,12596,1050,366,502,74,35910,33162,5346,864,519,1243,3204,215,939,389,603,676,184,763,858,2293,324,453,2635,11,627,419,6,684,193,24,1859,835,13519,116214,6386,79,17404,25553,1920,21679,948,464,3662,987,1473,12,1897,5675,5356,121,3213,22256,1855,27195,224,953,1126,5055,447,41382,1008,4106,2211,389,1646,237,55,20503,8321,935,13592,6395,7392,19901,125,3021,3474,843,2510,34389,361,264,112,77,10,37,1643,257,595,7509,2938,302,2823,26315,2468,285,929,939,1093,1975,3640,2751,3670,44,79,40,840,30,1136,470,833,19864,23,12,360,478,817,9382,4583,28545,1598,20704,23187,9878,19243,9673,18604,244,17738,21607,6754,6120,16626,12047,3703,520,246,551,50,447,735,110,33,30,33,2539,227,27655,8047,8878,184,144214,26076,2520,19026,21784,768,342,26222,11879,42457,2862,29951,102,28556,17,251,546,51,206,625,158,2914,1855,101,502,665,423,669,338,1847,1113,118,181,3796,2303,1407,1663,1065,270,495,561,292,268,174,223,893,3690,790,256,1185,1745,1589,8953,21277,1062,1868,2328,1023,626,460,494,688,403,45,4907,402,796,3524,255,1203,317,2930,911,740,473,726,238,353,479,1944,1625,600,721,575,1557,1152,830,628,805,2943,15,45,296,484,558,302,11300,169,6864,16,269,81,4817,643,5529,4686,5196,45,2133,91,103,1662,3174,53424,530,1328,1410,816,60,1790,150,385,711,11102,4999,2766,974,27,72,76,14,53,479,1034,1660,462,2316,365,409,1481,45652,319,1494,77135,399,4343,725,4450,1867,1714,199,593,3206,612,700,767,274,294,217,9015,1001,701,823,403,855,905,17033,59,8012,1271,42,17871,4570,2,198,3784,450,26,4888,610,1027,130,2384,784,14389,2159,431,569,787,349,840,679,928,649,58,505,22,1479,61,23,109,295,369,370,658,19207,905,6878,3198,695,426,479,172,23593,89,9881,1200,7788,1027,176,1883,19,23841,4868,7239,32077,1337,11757,163,231,290,689,351,785,578,1340,5040,722,11,276,886,6,27,2546,3049,16,265,103,16923,24786,19870,4808,22047,2811,278,47826,57779,8775,25728,43534,50581,252,116,534,518,150,657,888,201,196,440,4769,0.0,0.0,0.0,0.0,0.0,0.0,0.0,0.0,0.0,0.0,0.0,0.0,0.0,0.0,0.0,0.0,0.0,0.0,0.0,0.0,0.0,0.0,0.0,0.0,0.0,0.0,0.0,0.0,0.0,0.0,0.0,0.0,0.0,0.0,0.0,0.0,0.0,0.0,0.0,0.0,0.0,0.0,0.0,0.0,0.0,0.0,0.0,0.0,0.0,0.0,0.0,0.0,0.0,0.0,0.0,0.0,0.0,0.0,0.0,0.0,0.0,0.0,0.0,0.0,0.0,0.0,0.0,0.0,0.0,0.0,0.0,0.0,0.0,0.0,0.0,0.0,0.0,0.0,0.0,0.0,0.0,0.0,0.0,0.0,0.0,0.0,0.0,0.0,0.0,0.0,0.0,0.0,0.0,0.0,0.0,0.0,0.0,0.0,0.0,0.0,0.0,0.0,0.0,0.0,0.0,0.0,0.0,0.0,0.0,0.0,0.0,0.0,0.0,0.0,0.0,0.0,0.0,0.0,0.0,0.0,0.0,0.0,0.0,0.0,0.0,0.0,0.0,0.0,0.0,0.0,0.0,0.0,0.0,0.0,0.0,0.0,0.0,0.0,0.0,0.0,0.0,0.0,0.0,0.0,0.0,0.0,0.0,0.0,0.0,0.0
ENCFF924DAG,0.14462563283729893,2467,18,170,3971,43,8040,587,22,11,14,32,301,121,432,1471,1652,124,49,450,328,12,34,3,3,9,101,84,289,2343,202,10,2,28,189,208,4,187,5,0,497,585,9,23,6,5,59,489,2433,3,62,98,128,17,10,272,9,21,24,23,51,152,85,1255,52,34,30,4,3534,2956,290,124,73,155,253,11,132,75,76,81,19,111,126,204,25,70,364,0,87,74,2,51,16,4,107,95,2404,9745,542,16,1437,2319,245,1893,140,66,211,95,112,0,193,367,416,13,340,1994,128,2939,11,54,98,417,29,4503,133,315,143,27,118,11,7,1528,401,32,2497,487,562,1406,5,344,413,128,186,4126,41,16,6,6,5,0,135,18,24,612,183,17,306,3792,247,19,118,77,52,172,261,229,336,1,3,5,112,3,140,64,98,89,1,0,55,34,98,735,339,2402,195,1555,2335,979,2466,984,1841,24,1538,1983,565,511,1611,1077,381,73,10,72,6,71,113,11,4,5,9,262,10,3675,823,615,31,15035,2679,285,1762,2168,81,32,2575,1408,4708,174,2342,9,2135,0,19,60,1,31,99,15,379,156,3,74,66,60,95,49,248,149,8,13,429,238,143,179,153,32,89,84,50,25,22,23,106,368,83,26,97,241,195,1058,6834,65,218,191,121,78,69,62,107,57,2,636,55,125,324,37,129,46,233,131,123,83,97,10,41,36,238,179,89,84,69,164,151,97,75,105,261,3,3,40,83,32,31,761,19,488,2,18,8,414,48,446,407,616,3,174,6,5,156,186,7076,36,120,160,67,0,229,7,23,99,1326,591,284,97,4,10,3,1,4,64,129,116,62,206,70,47,126,5436,12,145,6165,56,389,112,539,109,182,26,18,196,77,111,103,43,39,8,584,140,97,106,40,105,134,1619,5,1004,90,6,1390,456,3,29,329,76,2,534,92,40,10,279,106,2382,250,32,77,106,52,95,89,69,51,3,46,4,153,11,5,5,13,59,11,68,2234,68,733,342,69,35,30,17,1464,6,769,106,560,97,5,131,0,2332,401,727,2814,300,1796,10,22,32,101,46,92,83,107,525,107,1,11,97,1,8,170,183,1,3,3,1565,2572,2112,514,1878,257,121,4473,5534,907,2469,4220,4533,13,8,61,62,23,75,50,23,18,46,444,0.0,0.0,0.0,0.0,0.0,0.0,0.0,0.0,0.0,0.0,0.0,0.0,0.0,0.0,0.0,0.0,0.0,0.0,0.0,0.0,0.0,0.0,0.0,0.0,0.0,0.0,0.0,0.0,0.0,0.0,0.0,0.0,0.0,0.0,0.0,0.0,0.0,0.0,0.0,0.0,0.0,0.0,0.0,0.0,0.0,0.0,0.0,0.0,0.0,0.0,0.0,0.0,0.0,0.0,0.0,0.0,0.0,0.0,0.0,0.0,0.0,0.0,0.0,0.0,0.0,0.0,0.0,0.0,0.0,0.0,0.0,0.0,0.0,0.0,0.0,0.0,0.0,0.0,0.0,0.0,0.0,0.0,0.0,0.0,0.0,0.0,0.0,0.0,0.0,0.0,0.0,0.0,0.0,0.0,0.0,0.0,0.0,0.0,0.0,0.0,0.0,0.0,0.0,0.0,0.0,0.0,0.0,0.0,0.0,0.0,0.0,0.0,0.0,0.0,0.0,0.0,0.0,0.0,0.0,0.0,0.0,0.0,0.0,0.0,0.0,0.0,0.0,0.0,0.0,0.0,0.0,0.0,0.0,0.0,0.0,0.0,0.0,0.0,0.0,0.0,0.0,0.0,0.0,0.0,0.0,0.0,0.0,0.0,0.0,0.0
ENCFF000ZIA,0.061913722477393726,19736,19,578,6696,204,27518,436,51,49,51,43,427,529,929,2790,7103,370,29,484,529,11,51,2,3,1,74,1252,560,3502,220,16,74,50,256,223,28,187,1,1,700,870,2,46,1,6,38,650,3908,135,76,147,201,27,20,427,12,27,39,4,52,156,83,2514,97,46,378,1,9317,5426,447,166,97,425,328,17,175,96,102,126,39,152,163,298,75,80,518,0,113,85,4,76,19,1,189,228,3621,17039,840,8,2424,3501,292,3005,217,105,318,111,124,2,205,585,547,4,590,2548,498,3481,143,632,560,806,251,5527,219,595,217,44,210,39,10,1853,1305,875,2954,1031,764,1963,351,566,259,193,480,7962,35,147,16,16,4,7,138,15,43,1005,371,34,389,6724,692,27,138,36,62,305,319,261,348,7,13,0,144,2,291,104,203,1115,50,17,158,53,110,1234,529,4179,305,3362,3735,1851,4907,1607,3445,15,2565,3166,794,682,2211,1582,656,125,275,58,19,93,103,10,5,3,1,468,26,5910,1894,1157,9,17911,4189,689,2801,4085,58,63,5906,2095,8810,987,3552,16,2959,3,22,65,7,46,114,24,446,165,4,95,154,104,129,68,287,188,16,19,499,301,199,228,199,61,82,107,74,57,46,31,208,746,179,74,222,455,306,2725,24772,1006,284,351,208,104,92,88,148,99,7,567,68,109,446,41,168,67,455,180,155,102,149,16,69,104,372,358,122,156,125,243,186,133,128,151,542,1,5,60,92,28,38,1079,8,686,6,61,5,585,51,522,690,814,2,210,10,14,105,286,15991,125,291,245,117,101,378,12,12,33,1570,629,357,89,0,8,8,0,4,97,102,277,59,412,96,80,236,9118,198,293,10926,65,461,141,690,1321,359,46,541,1652,141,113,132,65,81,42,6927,140,117,140,57,152,160,2482,2,1136,205,1,2301,595,1,25,668,52,3,781,119,79,15,375,164,3491,608,218,154,140,51,140,112,83,75,0,111,0,178,4,4,12,137,19,115,93,4757,543,1729,1213,342,84,63,13,2368,289,1290,516,880,79,26,258,1,2533,585,783,3924,2427,2878,64,9,32,191,71,154,98,195,685,86,4,91,189,1,3,277,258,0,262,9,2006,4989,3950,1018,3091,395,61,10538,9620,1771,4976,7313,7491,24,20,125,115,34,139,98,39,27,50,744,0.0,0.0,0.0,0.0,0.0,0.0,0.0,0.0,0.0,0.0,0.0,0.0,0.0,0.0,0.0,0.0,0.0,0.0,0.0,0.0,0.0,0.0,0.0,0.0,0.0,0.0,0.0,0.0,0.0,0.0,0.0,0.0,0.0,0.0,0.0,0.0,0.0,0.0,0.0,0.0,0.0,0.0,0.0,0.0,0.0,0.0,0.0,0.0,0.0,0.0,0.0,0.0,0.0,0.0,0.0,0.0,0.0,0.0,0.0,0.0,0.0,0.0,0.0,0.0,0.0,0.0,0.0,0.0,0.0,0.0,0.0,0.0,0.0,0.0,0.0,0.0,0.0,0.0,0.0,0.0,0.0,0.0,0.0,0.0,0.0,0.0,0.0,0.0,0.0,0.0,0.0,0.0,0.0,0.0,0.0,0.0,0.0,0.0,0.0,0.0,0.0,0.0,0.0,0.0,0.0,0.0,0.0,0.0,0.0,0.0,0.0,0.0,0.0,0.0,0.0,0.0,0.0,0.0,0.0,0.0,0.0,0.0,0.0,0.0,0.0,0.0,0.0,0.0,0.0,0.0,0.0,0.0,0.0,0.0,0.0,0.0,0.0,0.0,0.0,0.0,0.0,0.0,0.0,0.0,0.0,0.0,0.0,0.0,0.0,0.0
ENCFF307REP,0.16292269816648186,144479,850,2494,17550,214,30487,4205,182,219,209,689,2057,1451,3604,9016,8971,1746,384,4215,3495,173,499,71,79,86,520,11771,1674,12403,2717,200,356,357,1023,892,263,1249,20,59,5309,7384,43,505,21,336,517,3318,10962,1709,283,464,638,339,294,5438,122,243,255,174,548,1110,341,5447,345,489,3360,207,26511,29990,5806,570,348,2880,4969,223,672,273,404,495,104,480,651,2409,202,234,1859,7,419,223,18,873,209,54,959,623,10202,105003,6961,227,18604,25697,1477,22183,758,288,3669,1222,1292,17,2232,5355,5204,120,2712,24080,1213,13329,156,660,834,5219,303,17807,770,3837,1886,712,1919,225,86,23754,5119,6789,11955,3635,12588,18395,1820,2687,2293,712,3500,23236,457,1767,33,97,23,26,1567,234,784,6249,3264,448,2586,17953,1570,294,645,1201,919,1946,2809,2321,5109,59,115,51,453,18,837,278,1169,2506,167,1,845,582,627,10338,4709,30814,1252,16002,19886,8577,15544,7967,15018,155,17675,20593,7776,6132,16231,12042,4440,513,2406,580,37,219,384,118,37,18,48,2589,147,19573,6339,3666,300,232168,23263,3493,17843,10488,887,450,24630,12060,30485,1385,30356,120,30417,36,230,791,343,133,526,223,2064,1538,40,293,434,290,417,184,1591,860,552,208,2702,2041,1236,2397,565,139,317,364,163,174,118,551,507,3281,592,168,1045,1396,1165,6024,12208,6364,1268,2552,724,480,413,283,445,218,252,5773,242,404,3742,174,1000,171,2498,557,526,240,400,456,201,600,1277,1234,381,433,367,1656,834,390,388,410,1943,12,55,189,271,349,155,11176,170,7265,18,345,105,4166,567,5440,4164,4957,28,1769,51,152,1479,2712,35062,1081,2039,1585,735,610,1590,145,202,569,8953,4638,2688,1018,24,156,76,7,13,317,1087,1546,385,1988,216,226,1225,23562,745,1037,78157,435,3658,458,3148,12156,1439,152,5416,12977,382,615,662,142,182,293,61246,788,468,659,429,701,799,15945,53,6053,1522,35,18437,4861,30,233,3618,707,25,3614,391,1068,205,1919,626,9932,1464,2444,358,637,229,554,427,950,530,21,647,26,1207,223,29,112,1525,518,280,585,13569,624,4350,2400,456,297,891,199,26332,1010,10477,2652,8101,938,203,1812,67,19664,3711,6355,31285,990,9186,295,243,196,1126,687,661,345,836,5023,599,22,1266,504,19,38,2908,2806,16,2437,186,17080,24870,18055,4684,23175,2758,184,41418,57898,7884,25745,42171,52266,169,116,330,316,112,411,1225,221,284,396,3934,0.0,0.0,0.0,0.0,0.0,0.0,0.0,0.0,0.0,0.0,0.0,0.0,0.0,0.0,0.0,0.0,0.0,0.0,0.0,0.0,0.0,0.0,0.0,0.0,0.0,0.0,0.0,0.0,0.0,0.0,0.0,0.0,0.0,0.0,0.0,0.0,0.0,0.0,0.0,0.0,0.0,0.0,0.0,0.0,0.0,0.0,0.0,0.0,0.0,0.0,0.0,0.0,0.0,0.0,0.0,0.0,0.0,0.0,0.0,0.0,0.0,0.0,0.0,0.0,0.0,0.0,0.0,0.0,0.0,0.0,0.0,0.0,0.0,0.0,0.0,0.0,0.0,0.0,0.0,0.0,0.0,0.0,0.0,0.0,0.0,0.0,0.0,0.0,0.0,0.0,0.0,0.0,0.0,0.0,0.0,0.0,0.0,0.0,0.0,0.0,0.0,0.0,0.0,0.0,0.0,0.0,0.0,0.0,0.0,0.0,0.0,0.0,0.0,0.0,0.0,0.0,0.0,0.0,0.0,0.0,0.0,0.0,0.0,0.0,0.0,0.0,0.0,0.0,0.0,0.0,0.0,0.0,0.0,0.0,0.0,0.0,0.0,0.0,0.0,0.0,0.0,0.0,0.0,0.0,0.0,0.0,0.0,0.0,0.0,0.0
ENCFF000CNX,0.10347468322069496,16980,64,1740,7624,279,35753,3066,119,182,157,330,1570,1712,3491,3729,8932,1602,289,2945,3193,135,393,35,48,92,505,40,1804,5941,2431,165,84,204,955,870,8,1421,25,8,5027,6424,37,509,4,37,463,3086,4416,10,293,570,607,293,194,3457,128,202,259,379,554,744,124,3621,140,288,15,20,21658,26141,3903,548,295,530,3000,100,638,243,356,494,94,439,660,2170,213,261,1882,18,434,216,17,920,206,28,971,612,4010,93330,6108,76,16780,23988,1623,21490,1044,261,3389,1323,1492,20,1695,3795,3738,295,3109,16097,1052,12486,195,896,1003,5245,427,11601,696,3603,1445,524,1895,201,63,16009,5335,29,5546,3388,5682,16196,19,2475,1033,598,2280,9341,309,102,40,52,16,19,1324,221,263,6297,2636,341,2209,8293,1309,188,582,895,952,1763,2480,2379,3231,59,152,33,444,19,905,305,1574,1331,6,1,241,445,504,9323,3997,24286,1214,15726,19944,7987,11123,7418,15200,137,15919,18637,5086,5033,14820,13476,3849,554,32,392,25,262,388,192,72,11,54,2366,164,13040,5432,3854,336,107067,19194,1715,14873,8092,838,618,21074,9818,24131,1705,26545,125,26581,67,383,402,47,118,489,163,1738,1125,9,276,374,270,466,188,1445,805,88,129,2552,1774,1062,1626,560,163,321,339,144,189,110,291,584,3144,577,146,1049,1270,1086,4204,5670,65,1151,1873,688,415,294,245,455,236,46,4056,176,347,2911,169,847,183,2035,503,530,271,393,48,194,251,1099,1133,367,447,314,1271,689,356,334,550,1871,2,13,141,226,393,903,8417,187,5510,13,369,24,3523,462,3688,4502,4032,57,1789,67,82,895,2185,22682,330,1202,1074,521,4,1310,113,305,437,8519,3281,1585,903,52,96,150,6,52,314,785,1276,421,1640,261,214,535,12102,168,1057,66515,261,3457,478,2890,149,1223,141,23,1763,357,470,539,283,198,103,497,563,442,590,193,648,730,15638,91,5785,1565,46,16011,3991,4,177,5993,353,50,3179,368,657,171,1768,636,4949,931,283,350,607,179,657,302,653,215,52,515,19,971,50,117,130,271,205,328,358,8872,808,3508,2756,496,248,1015,146,19485,27,7712,832,7293,1008,258,1482,13,18136,4233,5808,25280,1025,4452,138,132,184,345,204,525,318,692,3448,455,37,121,489,67,66,2689,2615,14,66,126,14211,20916,17055,3659,19572,2565,202,31716,50770,7290,22028,36982,45921,163,121,330,336,86,422,908,221,214,387,4074,0.0,0.0,0.0,0.0,0.0,0.0,0.0,0.0,0.0,0.0,0.0,0.0,0.0,0.0,0.0,0.0,0.0,0.0,0.0,0.0,0.0,0.0,0.0,0.0,0.0,0.0,0.0,0.0,0.0,0.0,0.0,0.0,0.0,0.0,0.0,0.0,0.0,0.0,0.0,0.0,0.0,0.0,0.0,0.0,0.0,0.0,0.0,0.0,0.0,0.0,0.0,0.0,0.0,0.0,0.0,0.0,0.0,0.0,0.0,0.0,0.0,0.0,0.0,0.0,0.0,0.0,0.0,0.0,0.0,0.0,0.0,0.0,0.0,0.0,0.0,0.0,0.0,0.0,0.0,0.0,0.0,0.0,0.0,0.0,0.0,0.0,0.0,0.0,0.0,0.0,0.0,0.0,0.0,0.0,0.0,0.0,0.0,0.0,0.0,0.0,0.0,0.0,0.0,0.0,0.0,0.0,0.0,0.0,0.0,0.0,0.0,0.0,0.0,0.0,0.0,0.0,0.0,0.0,0.0,0.0,0.0,0.0,0.0,0.0,0.0,0.0,0.0,0.0,0.0,0.0,0.0,0.0,0.0,0.0,0.0,0.0,0.0,0.0,0.0,0.0,0.0,0.0,0.0,0.0,0.0,0.0,0.0,0.0,0.0,0.0
ENCFF002DOP,0.15002674310939346,62105,214,2903,66251,836,234588,13275,787,320,356,676,6245,2459,10897,36982,31200,2901,931,12921,6468,110,768,35,165,129,2338,3350,6519,94092,5305,183,55,778,4727,4179,55,5129,81,4,11237,11554,128,464,100,46,1230,11029,46625,166,1383,3552,3388,248,288,5064,114,400,293,272,1145,3398,589,31405,3463,922,897,80,79304,70755,7128,3011,1738,3845,6218,219,3319,1467,1727,1979,698,2960,3153,3469,1031,1704,8338,36,2078,1936,26,1216,390,85,2551,2149,42036,208830,10315,192,28576,45006,6614,38570,3227,1698,4211,1855,2349,60,4141,8422,9230,284,6506,52417,3529,120033,474,2505,2569,9514,1171,202119,3115,7596,2648,545,2403,318,164,28303,11107,1717,50539,15026,13619,30624,121,7342,17571,2892,4401,105445,848,302,131,129,56,60,2304,582,414,12726,4130,364,7461,65675,4751,304,3406,2815,1741,3671,4806,4681,6577,99,299,149,2710,110,3201,1358,1252,91,42,35,1059,754,2922,15852,7406,54609,4976,38172,51520,23130,75065,25183,45560,326,35183,46138,12238,11928,36285,25163,8382,1670,265,1706,59,1893,3068,226,98,104,216,5036,322,133860,20363,21969,1159,254816,63981,6153,39549,51179,1137,643,56046,32866,100391,4327,50465,139,42402,28,338,771,41,839,2107,525,8764,2896,44,1750,1632,1487,2523,1176,5692,2923,177,276,9051,6241,3265,3492,3958,788,2187,2052,1195,677,550,373,2558,8515,2103,865,2374,5380,4087,17496,56282,2602,5228,3897,2503,2112,1595,1604,2173,1249,95,11647,1364,3952,7099,807,3164,1380,6728,3923,2618,2111,2382,185,1009,994,5818,4537,2196,1907,1856,3422,3651,2719,1604,2783,6304,44,52,1060,1970,689,714,15156,343,11015,29,276,100,7871,644,8896,8777,12602,67,3634,198,85,4873,3177,140118,537,2540,4539,1439,41,4644,244,343,1940,31839,16287,5580,1624,111,304,121,43,115,1427,2864,2369,1934,5464,1546,1106,2609,111532,391,3799,120849,959,8249,2311,14970,3775,4526,667,481,4624,1908,2556,2804,818,627,109,22338,3834,2430,2492,925,2699,2928,34189,107,23647,1639,67,31133,10921,81,516,8313,1652,112,12609,1834,1292,189,7405,2433,50059,4416,747,1821,2451,1597,1844,2265,1594,2187,83,1620,90,3719,242,62,57,253,1054,482,2064,42103,2012,14168,7852,1214,1004,990,388,29932,232,15103,2443,10447,1758,94,3068,15,49387,9553,15364,58993,2207,37563,254,538,936,2419,1294,2224,1808,2178,14511,2356,27,154,2512,84,87,3273,3314,47,212,164,32686,53528,43237,12027,39079,5676,526,114045,113198,19490,51045,90550,98273,393,70,1639,1581,715,2083,771,285,236,1090,8904,0.0,0.0,0.0,0.0,0.0,0.0,0.0,0.0,0.0,0.0,0.0,0.0,0.0,0.0,0.0,0.0,0.0,0.0,0.0,0.0,0.0,0.0,0.0,0.0,0.0,0.0,0.0,0.0,0.0,0.0,0.0,0.0,0.0,0.0,0.0,0.0,0.0,0.0,0.0,0.0,0.0,0.0,0.0,0.0,0.0,0.0,0.0,0.0,0.0,0.0,0.0,0.0,0.0,0.0,0.0,0.0,0.0,0.0,0.0,0.0,0.0,0.0,0.0,0.0,0.0,0.0,0.0,0.0,0.0,0.0,0.0,0.0,0.0,0.0,0.0,0.0,0.0,0.0,0.0,0.0,0.0,0.0,0.0,0.0,0.0,0.0,0.0,0.0,0.0,0.0,0.0,0.0,0.0,0.0,0.0,0.0,0.0,0.0,0.0,0.0,0.0,0.0,0.0,0.0,0.0,0.0,0.0,0.0,0.0,0.0,0.0,0.0,0.0,0.0,0.0,0.0,0.0,0.0,0.0,0.0,0.0,0.0,0.0,0.0,0.0,0.0,0.0,0.0,0.0,0.0,0.0,0.0,0.0,0.0,0.0,0.0,0.0,0.0,0.0,0.0,0.0,0.0,0.0,0.0,0.0,0.0,0.0,0.0,0.0,0.0
ENCFF143DZF,0.1590843779033408,48844,354,2505,78638,535,159696,7630,436,209,246,512,4044,1451,6383,50058,23019,2123,560,6131,4937,109,620,28,99,66,1426,2487,4022,40128,3343,115,65,496,2856,2452,46,2558,13,7,6974,8772,45,302,19,80,778,7081,38436,208,836,1596,2043,265,190,4384,73,336,460,160,718,1861,460,21603,376,219,719,64,52478,47898,4840,1763,1050,2393,3906,150,2015,837,1132,1378,361,1590,1788,2689,626,1086,5023,16,1187,1035,18,773,142,25,1020,1438,36645,149095,7558,116,20922,31987,3354,27007,1760,1001,3379,1150,1319,25,2700,6833,6557,131,4690,27419,1747,37797,256,1073,1438,6110,513,74420,1757,5434,2062,281,1635,125,55,21741,5610,1076,29570,6916,9305,22057,110,5189,6668,1808,3273,74869,332,271,118,63,22,19,1727,293,321,9746,3220,325,3958,77204,4108,266,1889,1250,801,2483,3289,3448,4895,62,73,43,1575,29,1990,865,1001,264,14,16,702,477,1638,10085,5067,35123,2862,21681,31738,15350,47045,14948,28468,229,21909,27910,8301,7429,21800,15446,5071,1006,327,784,38,1038,1616,81,21,22,103,3652,88,54565,11779,6264,333,226460,41667,3972,24563,32284,964,488,36880,20339,69367,5111,37559,149,38164,27,248,603,17,481,1359,304,5173,2414,32,1157,1100,869,1501,637,3559,1925,284,188,6021,3540,2043,2587,2230,513,1118,1170,607,495,311,253,1826,4925,1670,507,1559,3142,2513,11410,39149,2023,3105,3592,1512,1181,977,926,1414,809,91,7098,799,1937,4710,486,1889,782,3924,1925,1560,1014,1422,152,693,617,3484,2873,1240,1317,1203,2427,2135,1611,1026,1581,4533,27,24,633,1122,490,401,12716,187,7700,24,257,61,5632,628,6242,6294,8861,33,2480,79,34,1907,2687,91431,516,1748,2665,986,85,2982,79,284,1215,18610,8277,4025,1214,78,179,62,24,46,933,1657,2178,1018,3747,959,637,1949,95108,334,2216,93827,633,5587,1488,8223,2883,2838,430,375,3929,1138,1545,1637,546,455,182,15000,1993,1403,1633,551,1586,1734,22294,20,14449,1270,40,24041,6649,76,362,5536,911,62,8185,1076,995,146,4533,1381,30690,3170,570,1021,1609,877,1156,1313,1104,922,44,789,37,2265,111,92,86,272,359,243,682,67771,1308,11889,5616,992,683,748,351,24884,102,13069,1825,8791,1232,91,2256,20,30279,5504,9734,37741,1746,25665,205,273,542,1362,725,1327,1197,1584,7755,1440,13,168,1620,35,39,2691,2704,10,233,68,20970,31959,26603,6842,26067,3621,464,71370,69761,12443,33775,55541,62354,215,76,984,915,376,1362,681,364,205,669,6569,0.0,0.0,0.0,0.0,0.0,0.0,0.0,0.0,0.0,0.0,0.0,0.0,0.0,0.0,0.0,0.0,0.0,0.0,0.0,0.0,0.0,0.0,0.0,0.0,0.0,0.0,0.0,0.0,0.0,0.0,0.0,0.0,0.0,0.0,0.0,0.0,0.0,0.0,0.0,0.0,0.0,0.0,0.0,0.0,0.0,0.0,0.0,0.0,0.0,0.0,0.0,0.0,0.0,0.0,0.0,0.0,0.0,0.0,0.0,0.0,0.0,0.0,0.0,0.0,0.0,0.0,0.0,0.0,0.0,0.0,0.0,0.0,0.0,0.0,0.0,0.0,0.0,0.0,0.0,0.0,0.0,0.0,0.0,0.0,0.0,0.0,0.0,0.0,0.0,0.0,0.0,0.0,0.0,0.0,0.0,0.0,0.0,0.0,0.0,0.0,0.0,0.0,0.0,0.0,0.0,0.0,0.0,0.0,0.0,0.0,0.0,0.0,0.0,0.0,0.0,0.0,0.0,0.0,0.0,0.0,0.0,0.0,0.0,0.0,0.0,0.0,0.0,0.0,0.0,0.0,0.0,0.0,0.0,0.0,0.0,0.0,0.0,0.0,0.0,0.0,0.0,0.0,0.0,0.0,0.0,0.0,0.0,0.0,0.0,0.0
ENCFF168ZUS,0.12252599042415845,36190,253,3105,69192,656,218610,19585,605,356,274,647,5304,1874,9208,24143,42953,2348,634,6527,5664,282,644,125,70,74,1290,205,5503,28661,4010,147,55,558,4127,3946,28,3669,15,9,9819,12967,147,433,58,53,1170,9769,32113,41,1277,2227,2925,346,274,10037,133,358,222,643,708,2675,812,33903,652,475,109,149,73320,56435,9205,2449,1517,3055,7595,193,2710,1259,1616,1738,528,2319,2705,4801,935,1471,7082,6,1777,1535,19,1046,205,32,1619,1949,56126,172786,10170,144,26044,41361,4683,36354,2640,1425,5035,1604,1763,22,4536,10460,10582,69,7370,31406,2702,19687,178,830,1166,7314,399,47727,2323,5732,2249,442,2434,232,50,28221,10922,113,41558,10115,20231,28770,27,6219,6346,2543,4586,75291,291,106,226,96,23,17,1727,429,504,12930,3970,423,5633,73441,5610,250,2683,1538,1449,7123,5210,4703,10412,37,109,21,2090,39,2650,1267,884,791,17,12,867,521,2468,14764,5672,41991,3631,28855,36787,16317,45857,20556,39010,368,27673,35049,11372,8799,34538,17106,11250,1874,44,13717,42,1247,2349,117,30,17,89,4186,196,70831,15263,14089,502,321744,42437,4343,25520,48973,1073,664,41200,30302,93787,3885,40569,117,37719,30,441,1119,36,703,1935,279,7299,3168,14,1660,1486,1310,1987,1030,5045,2885,1103,152,7814,4980,2450,5182,3308,717,1732,1624,885,694,529,880,2458,5478,1599,829,2022,4832,3868,16525,51685,185,4615,6841,2181,1622,1362,1393,1877,1149,1414,11000,1140,2672,7687,672,2824,1169,5590,2618,2166,1507,2029,1030,1041,807,4750,4174,1705,1916,1682,5184,2859,2188,1504,2134,6241,46,41,956,1658,885,530,17274,135,12891,32,327,74,7177,889,11151,10744,11618,24,3052,58,37,1155,3512,145998,458,1778,4655,1287,28,4424,126,289,1509,21226,10316,5885,1273,75,497,44,9,72,1363,1299,1979,1435,6488,1307,1035,5358,107749,387,3089,149535,917,7020,2090,11500,489,4078,580,88,3483,1649,2277,2338,771,744,219,1364,2927,2139,2317,688,2279,2650,27494,24,19795,1471,125,38634,7311,81,380,11024,1015,42,10586,1561,1051,124,6407,2139,29755,4223,367,1474,2266,1205,1388,1801,1708,939,38,991,67,3091,118,42,116,97,694,429,838,61151,1538,13996,6144,1202,805,807,255,27740,56,12812,2144,10768,1422,125,2571,13,38465,8086,11485,56407,2678,53469,303,1176,848,1967,1029,2033,1643,3421,11800,2075,59,155,2226,12,46,3429,3780,6,78,95,24608,42152,36849,8529,29623,4091,2743,90103,91554,15350,40402,69881,76637,358,104,1349,1350,539,1895,1184,372,229,692,7444,0.0,0.0,0.0,0.0,0.0,0.0,0.0,0.0,0.0,0.0,0.0,0.0,0.0,0.0,0.0,0.0,0.0,0.0,0.0,0.0,0.0,0.0,0.0,0.0,0.0,0.0,0.0,0.0,0.0,0.0,0.0,0.0,0.0,0.0,0.0,0.0,0.0,0.0,0.0,0.0,0.0,0.0,0.0,0.0,0.0,0.0,0.0,0.0,0.0,0.0,0.0,0.0,0.0,0.0,0.0,0.0,0.0,0.0,0.0,0.0,0.0,0.0,0.0,0.0,0.0,0.0,0.0,0.0,0.0,0.0,0.0,0.0,0.0,0.0,0.0,0.0,0.0,0.0,0.0,0.0,0.0,0.0,0.0,0.0,0.0,0.0,0.0,0.0,0.0,0.0,0.0,0.0,0.0,0.0,0.0,0.0,0.0,0.0,0.0,0.0,0.0,0.0,0.0,0.0,0.0,0.0,0.0,0.0,0.0,0.0,0.0,0.0,0.0,0.0,0.0,0.0,0.0,0.0,0.0,0.0,0.0,0.0,0.0,0.0,0.0,0.0,0.0,0.0,0.0,0.0,0.0,0.0,0.0,0.0,0.0,0.0,0.0,0.0,0.0,0.0,0.0,0.0,0.0,0.0,0.0,0.0,0.0,0.0,0.0,0.0
ENCFF000WFZ,0.1659171481255235,38460,155,3946,28079,1145,122955,6970,297,731,440,1560,4608,6206,11753,14276,41423,4406,699,8207,7332,203,961,107,153,172,1028,186,3569,25106,5485,400,170,553,1902,1806,28,2319,135,82,8697,13875,181,759,50,52,878,6457,14569,29,601,935,1434,644,459,7522,313,465,859,271,1656,2745,291,8646,313,517,45,429,46360,54153,8493,1151,704,1226,6039,337,1310,591,807,936,204,987,1266,4571,451,480,3473,46,932,555,95,1901,549,157,1436,1162,12028,196984,12897,131,34309,47626,2995,40419,1157,614,6482,2014,2116,87,3121,8881,9155,297,5167,37729,4140,41279,812,3743,3191,10936,1797,47388,1452,7290,4081,1135,3749,846,303,38056,17691,158,22670,11034,13276,33715,54,5751,5359,1260,3993,32269,384,295,128,295,71,121,2788,783,1395,12497,6578,978,5547,28011,2851,666,1292,1592,1288,3194,5488,4894,6677,152,416,151,1004,60,1860,596,588,615,18,1,498,992,1097,18131,8686,51482,2492,35425,40505,15562,26459,14481,29503,387,32804,38131,12517,11297,26153,22544,6421,948,39,1070,69,463,880,433,326,90,219,4532,618,38012,11270,16079,382,201997,41621,3578,31903,19843,1504,996,43786,20391,54572,6826,55826,231,56403,215,365,1947,1459,338,1010,320,3793,2531,60,626,975,598,874,463,2808,1628,195,283,4956,3372,2368,3154,1206,292,688,665,336,374,358,573,1119,5445,1426,433,1969,2580,2141,8083,14021,195,2538,3497,1314,817,657,629,954,442,120,8475,592,857,6295,407,1622,448,4217,1061,1091,545,956,183,515,513,2485,2410,813,935,710,2780,1533,755,801,853,3688,70,162,452,592,1001,656,17840,533,12292,89,740,149,7538,955,8281,8715,8227,140,3302,621,247,2085,4575,68432,725,2384,2291,1308,14,2809,523,1187,834,16271,9534,6574,1830,192,342,253,33,297,662,1912,3189,685,4668,574,619,1610,41949,431,2060,151081,650,6814,977,5905,379,2944,362,111,4046,792,1084,1267,471,559,288,1504,1279,1012,1152,438,1214,1450,31285,330,10744,2937,68,31623,9347,52,386,6520,902,332,6833,818,1480,563,3166,1284,13890,2297,641,933,1213,506,1157,856,2117,1000,72,1256,124,2218,140,16,274,454,448,1328,938,29215,3435,7983,6723,1856,508,1259,573,45428,66,18875,1666,15382,2117,482,3460,215,36601,6990,11646,49639,1544,13270,223,425,470,859,514,1269,701,1275,9658,1124,47,209,1019,64,135,4825,5113,11,74,454,29980,45130,33228,8591,44144,4924,538,70193,105220,13666,46971,75044,95453,330,206,780,655,255,836,1773,339,531,830,7787,0.0,0.0,0.0,0.0,0.0,0.0,0.0,0.0,0.0,0.0,0.0,0.0,0.0,0.0,0.0,0.0,0.0,0.0,0.0,0.0,0.0,0.0,0.0,0.0,0.0,0.0,0.0,0.0,0.0,0.0,0.0,0.0,0.0,0.0,0.0,0.0,0.0,0.0,0.0,0.0,0.0,0.0,0.0,0.0,0.0,0.0,0.0,0.0,0.0,0.0,0.0,0.0,0.0,0.0,0.0,0.0,0.0,0.0,0.0,0.0,0.0,0.0,0.0,0.0,0.0,0.0,0.0,0.0,0.0,0.0,0.0,0.0,0.0,0.0,0.0,0.0,0.0,0.0,0.0,0.0,0.0,0.0,0.0,0.0,0.0,0.0,0.0,0.0,0.0,0.0,0.0,0.0,0.0,0.0,0.0,0.0,0.0,0.0,0.0,0.0,0.0,0.0,0.0,0.0,0.0,0.0,0.0,0.0,0.0,0.0,0.0,0.0,0.0,0.0,0.0,0.0,0.0,0.0,0.0,0.0,0.0,0.0,0.0,0.0,0.0,0.0,0.0,0.0,0.0,0.0,0.0,0.0,0.0,0.0,0.0,0.0,0.0,0.0,0.0,0.0,0.0,0.0,0.0,0.0,0.0,0.0,0.0,0.0,0.0,0.0
ENCFF001RWD,0.06451856550472476,1738706,4039,3247,319,1,4140,1379,93,30,31,22404,360,217,168,84,5,1113,246,6970,1906,52,176,1,0,0,296,104440,742,54,2765,84,26,95,294,216,1,245,0,0,2285,3624,0,41,0,834,123,940,35,4750,236,231,144,107,19,202853,0,108,78,0,210,174,0,25,47,0,20141,0,12174,45454,73416,102,81,981,5989,15,141,42,89,125,11,116,433,809,44,39,413,0,67,101,0,298,0,0,648,42,0,168302,4884,15,350693,10243,298,10051,251,93,3019,292,442,0,226368,33926,4114,10,2327,41155,28,2248,0,0,177,2119,0,41,146,5064,1116,23,695,15,24,10590,551,58308,121,465,4319,111879,255,1391,198,139,702,280,2,50184,1,24,0,0,611,134,98,4504,1608,61,500,297,73,105,142,33,10,634,30594,21093,15784,0,0,0,85,0,82,29,13513,17,0,0,29,67,126,12361,3622,43542,749,4649,7536,10470,1865,5088,7643,17,8495,8950,18505,5192,56918,46071,1281,322,1571,1329,0,78,173,19,0,0,0,8668,1,5228,4024,9,5,286599,15217,1067,12909,213,268,2904,9534,8976,15655,77,17179,0,16442,0,26,1064,0,43,96,194,591,1140,0,67,54,67,132,84,326,260,4125,22,1743,834,494,6210,179,18,124,75,29,37,7,318,332,1142,252,34,353,593,199,366,185,181647,323,21771,216,69,69,64,61,38,678,2609,83,189,1422,31,504,53,839,132,82,63,88,10,60,151,273,177,79,80,97,3485,357,106,45,89,385,52,87,37,105,90,0,11113,0,7513,1,77,6,1228,158,9283,2962,17801,0,662,1,1,8,862,36311,3788,670,8175,383,1,322,3,28,474,8747,6928,586,404,6,39,0,0,0,80,128,1371,123,1452,37,92,75,179,971,293,87642,47,1736,85,852,80964,489,101,1422,52040,72,153,293,72,36,70,630987,186,125,162,87,141,204,10502,1,3243,648,0,200144,2989,0,178,1261,280,0,857,51,112,71,851,119,145,90,18614,90,157,106,133,109,1636,0,0,368,0,539,0,0,12,17485,5,0,187,443,0,487,223,7,177,121,0,18288,16342,4313,499,3858,367,3,1454,0,51837,1944,1912,114909,1603,456,10,6,33,116,514,145,69,86,22,110,0,29,164,0,0,1672,902,69,11027,9,9438,12598,13819,1222,7893,2597,103,11495,42253,4371,8826,47599,24959,29,19,87,41,127,54,132,45,228,208,2628,0.0,0.0,0.0,0.0,0.0,0.0,0.0,0.0,0.0,0.0,0.0,0.0,0.0,0.0,0.0,0.0,0.0,0.0,0.0,0.0,0.0,0.0,0.0,0.0,0.0,0.0,0.0,0.0,0.0,0.0,0.0,0.0,0.0,0.0,0.0,0.0,0.0,0.0,0.0,0.0,0.0,0.0,0.0,0.0,0.0,0.0,0.0,0.0,0.0,0.0,0.0,0.0,0.0,0.0,0.0,0.0,0.0,0.0,0.0,0.0,0.0,0.0,0.0,0.0,0.0,0.0,0.0,0.0,0.0,0.0,0.0,0.0,0.0,0.0,0.0,0.0,0.0,0.0,0.0,0.0,0.0,0.0,0.0,0.0,0.0,0.0,0.0,0.0,0.0,0.0,0.0,0.0,0.0,0.0,0.0,0.0,0.0,0.0,0.0,0.0,0.0,0.0,0.0,0.0,0.0,0.0,0.0,0.0,0.0,0.0,0.0,0.0,0.0,0.0,0.0,0.0,0.0,0.0,0.0,0.0,0.0,0.0,0.0,0.0,0.0,0.0,0.0,0.0,0.0,0.0,0.0,0.0,0.0,0.0,0.0,0.0,0.0,0.0,0.0,0.0,0.0,0.0,0.0,0.0,0.0,0.0,0.0,0.0,0.0,0.0
ENCFF341FLH,0.445541711504007,35428200,968273,53183,1411,2,21760,8807,252,2005,168,5437,1799,842,691,105,40,5107,15616,2252,16049,400,2654,2542,1006,55,10392,1131911,2656,380,6111,1108,3191,1397,1778,1116,52,1669,5,0,31059,15096,99,859,125,158954,1260,5237,63,135764,1049,874,1163,371,2732,391298,18,490,94,2,2772,1033,0,12,15,6,264423,0,42651,167344,49336,876,661,21721,13687,236,1106,398,702,766,183,842,919,4071,295,473,3614,112,543,697,2,5007,73,4,2156,263,63,418182,17757,965,115226,60894,1809,54921,1346,461,8772,2908,4790,1,202231,183607,84976,429,14135,317756,153,8397,0,3,398,8029,0,257,715,34066,12356,4504,3977,380,1,48767,1811,353488,191,996,26258,135627,88556,11262,1073,832,45844,2044,437,320015,4,270,614,10,2840,545,162,28135,6841,495,2836,10283,381,3360,1166,4091,2185,2626,3879,4202,64480,346,20,478,698,4,909,427,4436,3291,0,0,764,434,1214,32605,9557,236071,2588,21795,42454,17265,54183,16177,38493,114,89280,93704,19487,18093,66487,277094,7137,961,5411,75,7,428,985,136,16,389,2,6383,2,8599,5274,22,1906,81416081,37954,48207,38505,1161,1670,1135,31098,17203,22683,134,86387,14,73824,229,127,1434,0,247,854,596,4152,3639,27,511,495,414,814,542,2292,938,3113,279,6126,3630,2359,16952,1385,244,700,667,333,245,182,1537,750,5520,657,341,1338,2439,1310,1907,552,1830067,2395,45478,1087,505,455,600,662,271,379,26045,596,1605,7450,264,4375,416,4026,1029,727,598,705,21,465,537,2029,1345,572,663,541,9465,3200,771,411,742,2379,43,61,316,693,1102,8,113843,13840,36528,149,245,78,6962,873,36763,35287,7261,2,3471,431,140,55,4490,170660,83183,7830,23768,1776,304,1647,70,681,2826,39872,3409,2017,2033,1591,2853,14,0,2,612,4,3574,497,4316,384,549,583,473,26660,1414,177198,127459,8025,721,5219,1310641,1827,559,155711,524347,552,1065,1041,417,208,281,10774199,1220,942,983,310,682,931,46051,40,16020,7490,2,150807,18955,10,620,5544,4198,0,6085,666,1053,569,4488,773,724,176,244015,540,965,602,778,867,4388,85,2,6794,2,2954,1588,265,69,120178,1945,20,246,2563,6,2608,1284,58,818,754,172,166316,78989,46040,8004,19068,1742,47,4763,0,95364,7451,29423,167038,617,1328,149,0,299,964,405895,853,651,1430,303,823,0,2209,691,10,2,9445,5480,1,99245,1133,39505,80103,35690,6422,41200,9628,439,58190,136309,16180,67946,136412,101664,59,304,506,429,269,571,943,723,2014,1111,21815,0.0,0.0,0.0,0.0,0.0,0.0,0.0,0.0,0.0,0.0,0.0,0.0,0.0,0.0,0.0,0.0,0.0,0.0,0.0,0.0,0.0,0.0,0.0,0.0,0.0,0.0,0.0,0.0,0.0,0.0,0.0,0.0,0.0,0.0,0.0,0.0,0.0,0.0,0.0,0.0,0.0,0.0,0.0,0.0,0.0,0.0,0.0,0.0,0.0,0.0,0.0,0.0,0.0,0.0,0.0,0.0,0.0,0.0,0.0,0.0,0.0,0.0,0.0,0.0,0.0,0.0,0.0,0.0,0.0,0.0,0.0,0.0,0.0,0.0,0.0,0.0,0.0,0.0,0.0,0.0,0.0,0.0,0.0,0.0,0.0,0.0,0.0,0.0,0.0,0.0,0.0,0.0,0.0,0.0,0.0,0.0,0.0,0.0,0.0,0.0,0.0,0.0,0.0,0.0,0.0,0.0,0.0,0.0,0.0,0.0,0.0,0.0,0.0,0.0,0.0,0.0,0.0,0.0,0.0,0.0,0.0,0.0,0.0,0.0,0.0,0.0,0.0,0.0,0.0,0.0,0.0,0.0,0.0,0.0,0.0,0.0,0.0,0.0,0.0,0.0,0.0,0.0,0.0,0.0,0.0,0.0,0.0,0.0,0.0,0.0
ENCFF902QMZ,0.1151127588304879,602960,3360,9922,38301,597,84239,7310,300,330,386,825,3880,2747,8071,37399,21029,3584,581,7363,7532,223,735,96,63,50,1100,53407,4097,34665,4124,356,2116,811,2298,1760,1225,2067,33,49,11075,12614,78,815,30,855,554,6800,34151,5322,600,1179,1502,500,384,9290,239,369,555,190,864,1729,904,16878,2427,5830,14168,87,83590,77015,8865,1175,914,9701,7253,318,1317,571,819,1053,228,987,1231,4753,516,723,4201,20,882,543,32,1431,175,42,1924,1641,26795,220365,12882,181,36151,52916,3035,45749,4384,688,6048,2079,2263,50,4067,11734,11184,168,6736,44211,2332,28173,336,1575,2757,10294,785,39587,1744,8148,3695,1025,3087,438,174,37699,11281,32527,17659,8119,17648,33936,10671,5819,3836,1277,9071,57741,489,6867,91,130,55,22,2507,343,1001,14126,6844,790,4233,41462,4997,475,1122,1415,1241,3519,5592,4646,8150,30,137,52,1075,30,2163,677,4303,1112061,726,101,3363,828,988,21234,8765,67679,3112,34864,44025,20247,39885,19668,36637,268,38348,44645,13666,11774,31765,25986,8251,1239,10959,962,118,572,987,188,56,113,209,6755,184,47037,16406,6962,316,589144,56480,11547,41538,28748,1451,1216,65615,26215,79841,3361,66826,511,51179,13,394,1097,168,292,906,263,4826,3232,182,722,1003,677,1019,465,2628,1448,1143,240,5457,3194,2421,3571,1250,363,704,745,357,412,315,835,1215,8813,1495,365,2648,3646,2764,20431,134162,35639,2449,4865,1508,853,666,588,932,634,484,9374,420,985,6016,363,1831,397,5194,1121,1070,556,897,890,576,2193,3019,2704,883,1026,803,3077,1849,802,817,1003,4888,35,49,402,648,547,360,19763,118,13061,40,644,111,7093,932,10163,9121,9949,31,2761,67,278,1694,4865,133782,4395,7087,3160,1478,3054,3702,184,368,895,18783,11205,3705,1449,46,374,111,20,43,776,1930,3679,558,6128,581,516,2592,51896,2963,2814,161114,1119,6571,1081,5600,51412,3567,312,23731,51735,845,985,1052,579,528,1386,242994,1213,922,1094,732,1234,1290,32001,59,12916,2767,39,35178,9615,63,341,7719,711,32,8477,869,2270,265,4111,1150,21329,5155,9137,1147,1164,475,1309,847,1952,1103,54,1478,24,2535,415,21,160,6158,468,534,1360,54554,1393,13290,7521,1183,818,903,181,46026,4418,18093,11297,14439,1437,393,4129,31,40855,8329,12385,63091,20607,21316,963,302,417,3610,2200,1137,785,1978,10733,952,35,5203,1110,39,28,4853,4393,24,12559,169,31899,68399,44460,12415,47859,6222,477,93073,137190,19086,63784,104658,111083,312,208,828,747,277,866,1853,469,557,736,8566,0.0,0.0,0.0,0.0,0.0,0.0,0.0,0.0,0.0,0.0,0.0,0.0,0.0,0.0,0.0,0.0,0.0,0.0,0.0,0.0,0.0,0.0,0.0,0.0,0.0,0.0,0.0,0.0,0.0,0.0,0.0,0.0,0.0,0.0,0.0,0.0,0.0,0.0,0.0,0.0,0.0,0.0,0.0,0.0,0.0,0.0,0.0,0.0,0.0,0.0,0.0,0.0,0.0,0.0,0.0,0.0,0.0,0.0,0.0,0.0,0.0,0.0,0.0,0.0,0.0,0.0,0.0,0.0,0.0,0.0,0.0,0.0,0.0,0.0,0.0,0.0,0.0,0.0,0.0,0.0,0.0,0.0,0.0,0.0,0.0,0.0,0.0,0.0,0.0,0.0,0.0,0.0,0.0,0.0,0.0,0.0,0.0,0.0,0.0,0.0,0.0,0.0,0.0,0.0,0.0,0.0,0.0,0.0,0.0,0.0,0.0,0.0,0.0,0.0,0.0,0.0,0.0,0.0,0.0,0.0,0.0,0.0,0.0,0.0,0.0,0.0,0.0,0.0,0.0,0.0,0.0,0.0,0.0,0.0,0.0,0.0,0.0,0.0,0.0,0.0,0.0,0.0,0.0,0.0,0.0,0.0,0.0,0.0,0.0,0.0
ENCFF123JGV,0.0887604719124316,1430940,8589,24052,177054,2133,247523,32969,1435,1675,1362,2841,16511,14189,37087,70022,76378,14739,1862,30080,25694,740,2943,433,352,423,5261,117740,16862,109766,17467,1147,6299,3179,9615,8597,3150,9913,159,268,41165,50512,389,3530,320,3218,3133,28865,117372,20357,2184,5924,6979,1929,1949,35136,721,1498,2192,797,2960,7673,3118,57213,2336,3790,30573,431,246174,232903,33135,5381,3565,29752,28721,1428,6070,2381,3797,4394,1104,4888,5647,16424,2133,2720,18966,109,4300,2267,97,5338,1667,146,8105,6755,102546,799323,46865,3108,127444,186483,12786,164319,7939,3051,23374,7772,8253,115,14256,36454,35019,1307,24965,168369,10577,111738,1621,6480,8818,40976,2797,147754,7195,27392,13234,4505,11821,2045,507,133878,48039,71351,110395,36009,68884,122751,19961,22945,18850,6357,26374,200523,3341,16343,498,518,191,171,9249,1036,3442,50355,19949,3086,22128,178562,16989,1999,5680,5214,4947,14257,19154,16605,28998,373,660,216,4990,106,9248,2856,9641,5392,2455,217,7843,3894,5190,70568,31229,234016,11112,132500,145025,74733,138322,70007,138922,1034,134368,159918,57825,41184,119144,86985,35721,4577,26807,4564,1412,2709,4486,728,334,231,372,20427,1521,188961,61591,37552,1923,1718263,197425,27883,132550,107952,5001,3113,207749,105230,296617,13338,199905,1169,185094,225,1978,3881,863,1182,4775,1421,19607,11493,196,3127,4703,2845,4540,1979,12482,7454,3858,1251,22387,14920,10277,15992,5919,1778,3007,3651,1657,1537,1281,3352,5690,30849,6743,1734,8873,12448,11411,62683,248649,70142,11442,16872,6408,4264,3310,2931,4518,2594,1443,37446,2236,3911,25110,1700,8328,1757,21282,5414,5036,3087,4432,3150,2171,6291,12134,12131,3916,4660,3356,10845,6973,3906,3769,4905,20841,121,540,1795,2920,2105,1948,68254,1247,45051,114,2242,681,28687,3904,34129,31590,39198,129,13185,452,852,10572,18132,359196,9414,16339,12174,5513,6119,15690,849,978,3527,82389,35055,15695,6729,291,1391,680,43,166,3516,7991,12134,2923,18320,2359,2228,7413,231041,6844,10745,564693,3732,25827,4897,27881,120507,13465,1478,51579,132420,4078,4976,5592,1907,2074,2669,590648,5970,4546,5625,3003,5849,6605,117600,336,51136,10492,184,122238,35584,278,1192,29436,3680,205,32170,3978,6800,1190,16068,5521,119973,17641,15128,4201,5630,2083,5635,4162,6089,4375,140,5316,154,9394,1179,452,745,12990,2548,2655,4765,112579,5909,48831,24971,4595,2287,5368,1406,156782,10807,75747,26319,53726,5811,2255,13222,168,171156,32381,56475,247936,21718,80452,3706,1575,1683,11157,8060,5611,3429,8405,41749,5088,193,11152,5133,107,185,17350,16550,73,25394,1283,112252,215042,157848,41268,166111,19586,5719,308420,446609,70303,209729,331033,382444,1024,760,3811,3294,960,4322,6794,1672,1851,3269,31439,0.0,0.0,0.0,0.0,0.0,0.0,0.0,0.0,0.0,0.0,0.0,0.0,0.0,0.0,0.0,0.0,0.0,0.0,0.0,0.0,0.0,0.0,0.0,0.0,0.0,0.0,0.0,0.0,0.0,0.0,0.0,0.0,0.0,0.0,0.0,0.0,0.0,0.0,0.0,0.0,0.0,0.0,0.0,0.0,0.0,0.0,0.0,0.0,0.0,0.0,0.0,0.0,0.0,0.0,0.0,0.0,0.0,0.0,0.0,0.0,0.0,0.0,0.0,0.0,0.0,0.0,0.0,0.0,0.0,0.0,0.0,0.0,0.0,0.0,0.0,0.0,0.0,0.0,0.0,0.0,0.0,0.0,0.0,0.0,0.0,0.0,0.0,0.0,0.0,0.0,0.0,0.0,0.0,0.0,0.0,0.0,0.0,0.0,0.0,0.0,0.0,0.0,0.0,0.0,0.0,0.0,0.0,0.0,0.0,0.0,0.0,0.0,0.0,0.0,0.0,0.0,0.0,0.0,0.0,0.0,0.0,0.0,0.0,0.0,0.0,0.0,0.0,0.0,0.0,0.0,0.0,0.0,0.0,0.0,0.0,0.0,0.0,0.0,0.0,0.0,0.0,0.0,0.0,0.0,0.0,0.0,0.0,0.0,0.0,0.0
ENCFF000MQG,0.12063036957843037,1022022,32348,23266,180,1,3361,1047,38,70,41,4102,305,70,155,40,813,625,271,1365,1045,46,235,61,223,10,165,180996,512,142,594,143,1263,5975,262,211,2068,265,1,0,2572,2457,0,108,0,13638,71,750,56,5388,79,111,201,78,322,69268,21,63,44,39,150,177,0,54,78,6,45314,0,8974,61678,11041,141,89,12739,2993,91,125,82,128,112,15,147,149,1215,53,69,439,29,96,74,0,578,3,0,186,68,38,55541,2306,12,68626,10457,343,9913,217,101,1465,433,358,0,28908,34258,3604,50,1273,31022,59,2235,0,0,82,1969,0,69,140,1714,736,834,566,101,13,7854,423,70363,103,203,5253,20449,12446,2508,74,133,3367,415,51,12747,5,22,17,0,370,41,75,2143,749,133,545,308,179,1107,138,108,129,1949,1491,1636,29668,7,9,28,134,0,188,72,542,1040,4917,0,2172,90,153,5945,2276,26235,400,3856,5371,4162,2713,3378,7213,18,12392,12933,8703,2904,17062,40915,9530,134,17440,3195,13,82,171,29,18,12,0,1454,1,3443,1396,84,2,1977373,8016,4720,9705,350,231,399,7594,8287,6342,34,11253,14,9938,43,33,2351,0,36,135,115,633,604,0,72,152,67,139,47,359,162,1372,40,1110,547,368,2089,161,36,70,101,62,43,21,465,118,652,264,56,280,325,236,447,190,245546,367,12117,179,68,87,75,113,62,268,2525,91,127,1138,39,287,50,687,177,111,72,120,6,83,2100,332,271,116,141,82,1810,216,98,88,129,407,12,8,43,113,84,1,6121,2,4422,10,80,18,1019,132,3512,2847,1841,0,454,31,81,8,685,20931,8064,13318,1965,181,376,279,16,19,159,4831,1293,283,225,110,953,15,0,0,88,20,495,85,574,72,69,61,216,1512,221,31726,1578,1734,145,770,220547,287,47,10023,45449,118,176,155,42,41,1502,247359,178,149,164,221,130,170,6567,38,1795,1127,0,37489,1576,1,52,704,379,3,910,119,141,62,539,145,102,107,38446,95,160,66,110,128,417,11,0,344,0,317,68,12,24,40573,40,8,39,432,8,548,198,24,42,582,127,15321,8847,3109,1338,2474,211,35,763,1,18285,963,1593,16307,205,177,3015,0,34,245,25055,133,104,160,236,141,4,3346,198,0,1,1972,715,3,26033,19,4655,8942,8005,859,7740,1956,34,9041,17628,2243,6300,17458,15206,15,35,115,88,26,113,188,37,393,107,1274,0.0,0.0,0.0,0.0,0.0,0.0,0.0,0.0,0.0,0.0,0.0,0.0,0.0,0.0,0.0,0.0,0.0,0.0,0.0,0.0,0.0,0.0,0.0,0.0,0.0,0.0,0.0,0.0,0.0,0.0,0.0,0.0,0.0,0.0,0.0,0.0,0.0,0.0,0.0,0.0,0.0,0.0,0.0,0.0,0.0,0.0,0.0,0.0,0.0,0.0,0.0,0.0,0.0,0.0,0.0,0.0,0.0,0.0,0.0,0.0,0.0,0.0,0.0,0.0,0.0,0.0,0.0,0.0,0.0,0.0,0.0,0.0,0.0,0.0,0.0,0.0,0.0,0.0,0.0,0.0,0.0,0.0,0.0,0.0,0.0,0.0,0.0,0.0,0.0,0.0,0.0,0.0,0.0,0.0,0.0,0.0,0.0,0.0,0.0,0.0,0.0,0.0,0.0,0.0,0.0,0.0,0.0,0.0,0.0,0.0,0.0,0.0,0.0,0.0,0.0,0.0,0.0,0.0,0.0,0.0,0.0,0.0,0.0,0.0,0.0,0.0,0.0,0.0,0.0,0.0,0.0,0.0,0.0,0.0,0.0,0.0,0.0,0.0,0.0,0.0,0.0,0.0,0.0,0.0,0.0,0.0,0.0,0.0,0.0,0.0
ENCFF002EAT,0.18491425843060835,78497,293,3434,38254,628,101042,6116,259,408,349,591,3092,2700,6482,21309,23607,3008,440,5421,6223,165,748,79,62,77,1114,4239,3184,21767,3933,289,276,484,1700,1571,143,1822,20,26,7550,11239,47,609,23,105,614,5350,17949,545,539,935,1360,487,363,6689,163,393,647,176,840,1470,265,9432,248,254,1177,48,42314,51173,7657,1057,660,1882,5240,294,1143,489,738,881,215,943,1053,3845,385,563,3388,19,842,487,25,1266,140,25,1021,1224,17199,174712,10600,112,29231,40472,2466,34748,1098,611,5411,1617,1803,23,2975,7617,7999,155,4643,34174,2198,27481,467,1735,2013,8755,799,36831,1259,6497,3194,731,2799,408,522,29877,8708,2833,16085,6339,11758,29710,703,4762,3412,1054,4169,40216,401,757,79,101,20,30,2331,275,524,11284,4960,702,4149,38090,2964,467,1039,1243,972,3053,5072,4768,5592,82,90,45,1016,30,1645,573,938,230,78,7,689,794,966,15324,7426,45030,2217,26842,32600,14620,28149,12862,26862,256,27257,31954,11470,9651,22720,19319,5647,925,873,923,71,493,807,158,72,24,49,4357,233,34096,11208,7087,301,238276,38624,3759,27462,18198,1234,604,39300,19952,53957,4791,50161,211,52496,55,348,766,106,290,879,265,3708,2286,18,669,915,549,862,413,2394,1376,307,248,4655,3026,2076,2953,1171,334,643,699,363,299,227,467,1023,4892,1495,355,1740,2197,1961,7944,16167,2722,2221,3003,1247,752,659,644,957,471,108,7449,479,756,5020,385,1511,373,4032,1069,999,579,808,227,460,624,2241,2149,742,862,613,2404,1480,746,744,929,3888,38,31,387,596,573,380,16134,168,10486,21,595,77,6804,807,7383,6954,7827,27,2892,161,195,1587,4142,62762,856,2355,2081,1106,218,2555,195,216,728,14892,6432,2917,1412,74,243,102,11,62,680,1822,2671,531,3925,546,424,1256,44372,512,2071,127153,608,5942,928,5090,4501,2482,267,1751,7568,773,1007,1058,341,370,305,23520,1203,905,1096,510,1109,1214,25585,83,10436,2280,43,27252,7588,49,330,7247,796,66,6772,812,1663,311,2990,1057,15481,2771,1095,738,1072,365,1109,885,1495,756,21,1145,44,1873,119,67,191,804,359,526,681,36812,1695,8542,5095,1149,523,960,315,38320,467,16311,2241,13286,1507,378,3094,30,31537,5707,10511,44785,1860,13121,285,231,343,1056,480,1055,753,1347,7583,1022,31,402,979,22,41,4294,4433,16,818,176,24530,37809,28066,7154,34921,3964,359,66595,85178,12622,39611,62537,78036,233,194,682,614,184,851,1304,354,457,725,7274,0.0,0.0,0.0,0.0,0.0,0.0,0.0,0.0,0.0,0.0,0.0,0.0,0.0,0.0,0.0,0.0,0.0,0.0,0.0,0.0,0.0,0.0,0.0,0.0,0.0,0.0,0.0,0.0,0.0,0.0,0.0,0.0,0.0,0.0,0.0,0.0,0.0,0.0,0.0,0.0,0.0,0.0,0.0,0.0,0.0,0.0,0.0,0.0,0.0,0.0,0.0,0.0,0.0,0.0,0.0,0.0,0.0,0.0,0.0,0.0,0.0,0.0,0.0,0.0,0.0,0.0,0.0,0.0,0.0,0.0,0.0,0.0,0.0,0.0,0.0,0.0,0.0,0.0,0.0,0.0,0.0,0.0,0.0,0.0,0.0,0.0,0.0,0.0,0.0,0.0,0.0,0.0,0.0,0.0,0.0,0.0,0.0,0.0,0.0,0.0,0.0,0.0,0.0,0.0,0.0,0.0,0.0,0.0,0.0,0.0,0.0,0.0,0.0,0.0,0.0,0.0,0.0,0.0,0.0,0.0,0.0,0.0,0.0,0.0,0.0,0.0,0.0,0.0,0.0,0.0,0.0,0.0,0.0,0.0,0.0,0.0,0.0,0.0,0.0,0.0,0.0,0.0,0.0,0.0,0.0,0.0,0.0,0.0,0.0,0.0
ENCFF000WEG,0.07718346241199586,3454,7,248,2272,64,5241,919,33,26,13,38,217,255,513,1411,1649,185,31,278,362,13,32,0,3,2,63,142,284,1856,241,12,14,30,143,145,3,131,4,4,529,729,3,40,6,2,36,431,1634,12,50,76,119,29,22,871,11,17,19,6,39,115,33,879,15,30,48,7,3332,3334,406,75,59,103,338,8,83,48,70,58,18,82,83,266,48,51,232,0,71,37,0,80,27,0,95,109,1208,10953,653,3,1783,2608,170,2340,84,42,309,94,115,2,172,437,461,9,335,1971,206,2119,42,190,157,577,82,2833,114,361,183,47,184,19,3,1858,823,83,1572,548,773,1716,39,299,149,94,239,2749,14,26,8,4,3,1,131,17,41,684,282,47,325,2422,328,22,75,73,65,182,309,297,339,4,4,8,88,3,159,60,164,321,2,0,46,47,65,964,457,2745,148,1858,2235,970,2310,912,1912,19,1735,2095,627,591,1475,1179,412,41,30,49,4,44,52,16,7,2,1,268,23,3163,886,556,15,12314,2391,238,1758,1622,76,41,2698,1198,4035,316,2567,14,2724,2,15,75,35,19,65,5,266,158,1,68,75,35,79,35,170,109,19,17,298,227,141,177,94,15,40,53,40,25,31,44,92,310,78,33,127,160,138,947,2034,91,167,199,92,70,48,43,67,38,10,455,37,64,359,25,108,31,264,90,82,49,66,20,32,31,173,180,83,59,63,154,87,59,64,72,293,3,0,37,41,37,27,897,13,581,1,30,2,429,62,354,417,463,2,143,5,11,67,252,4204,42,118,146,73,10,166,18,17,38,949,401,247,82,2,13,11,3,1,48,70,175,42,276,46,43,94,3238,41,144,8021,37,381,76,398,181,181,22,77,362,86,73,80,39,29,15,715,92,55,80,38,77,76,1603,2,708,162,1,2449,552,0,23,483,56,4,479,59,74,23,210,98,1091,237,60,65,81,30,95,53,71,54,2,67,4,128,7,2,14,35,15,43,65,2181,148,787,435,85,33,58,11,2220,10,990,137,814,74,21,158,5,1760,354,646,2603,166,1167,22,18,17,54,33,77,45,80,529,70,5,22,107,1,0,267,254,0,29,13,1611,2758,2219,519,2244,335,26,4803,6148,945,2834,4674,5207,12,11,78,60,25,63,139,24,26,46,483,0.0,0.0,0.0,0.0,0.0,0.0,0.0,0.0,0.0,0.0,0.0,0.0,0.0,0.0,0.0,0.0,0.0,0.0,0.0,0.0,0.0,0.0,0.0,0.0,0.0,0.0,0.0,0.0,0.0,0.0,0.0,0.0,0.0,0.0,0.0,0.0,0.0,0.0,0.0,0.0,0.0,0.0,0.0,0.0,0.0,0.0,0.0,0.0,0.0,0.0,0.0,0.0,0.0,0.0,0.0,0.0,0.0,0.0,0.0,0.0,0.0,0.0,0.0,0.0,0.0,0.0,0.0,0.0,0.0,0.0,0.0,0.0,0.0,0.0,0.0,0.0,0.0,0.0,0.0,0.0,0.0,0.0,0.0,0.0,0.0,0.0,0.0,0.0,0.0,0.0,0.0,0.0,0.0,0.0,0.0,0.0,0.0,0.0,0.0,0.0,0.0,0.0,0.0,0.0,0.0,0.0,0.0,0.0,0.0,0.0,0.0,0.0,0.0,0.0,0.0,0.0,0.0,0.0,0.0,0.0,0.0,0.0,0.0,0.0,0.0,0.0,0.0,0.0,0.0,0.0,0.0,0.0,0.0,0.0,0.0,0.0,0.0,0.0,0.0,0.0,0.0,0.0,0.0,0.0,0.0,0.0,0.0,0.0,0.0,0.0
ENCFF898JXS,0.11679218933485845,71148,47,1553,19727,310,67905,10573,298,367,214,530,3297,1666,3187,8102,13999,1713,883,4590,4106,102,589,31,82,76,1173,4064,2671,9599,2887,107,36,384,1915,1897,20,2075,33,5,5457,8298,108,368,83,17,519,5034,10898,317,906,1218,1209,147,322,6243,59,319,184,229,1090,1743,160,4305,149,186,1146,179,20421,31597,5033,1051,639,1659,6599,46,1160,532,614,756,210,1055,1450,1954,357,648,3324,35,748,655,21,853,370,46,1690,432,4076,105693,6533,129,18388,30772,2518,26420,1455,642,4062,1727,1867,34,3509,7139,8740,256,4154,30251,906,28310,104,552,693,4722,310,45514,1132,4515,1930,366,1882,121,125,28015,3844,1356,9167,4405,15387,24330,124,3724,3771,1056,3205,23266,452,294,61,117,62,22,1522,416,597,7753,3150,258,2528,18358,1252,208,1312,1754,1396,2320,4199,5484,7483,68,81,18,920,47,1078,514,372,211,9,7,432,373,1156,9550,4375,29174,2051,13866,21890,7600,13988,10438,17896,143,18261,22882,7695,7094,20094,13494,2630,844,251,149,27,666,1098,111,38,12,29,2916,182,18699,4967,5597,283,98292,20126,2754,14402,7386,894,397,20860,8873,23316,1483,32081,93,32323,89,192,710,62,314,849,203,3743,1934,61,643,573,601,902,530,2247,1214,348,180,3960,2919,1313,3617,1461,302,831,758,410,243,218,474,938,3412,545,351,1030,2874,1527,4323,18037,3534,2114,3193,1076,746,600,602,722,450,308,5368,517,1422,4221,306,1418,486,3180,1539,907,886,861,399,403,328,2269,1589,878,671,680,1865,1637,992,518,960,2239,10,11,371,711,729,172,10114,164,7387,18,171,155,4246,573,5853,5041,5045,64,1935,239,57,797,2529,40585,532,1438,2368,866,38,1857,223,648,1292,13525,4494,4334,1141,46,148,220,11,167,553,425,1521,687,3458,548,372,1008,35416,181,1557,91261,368,4663,835,5320,4556,1609,288,522,3635,702,1125,1097,298,252,81,39972,1600,901,1020,347,950,1228,19448,126,11071,997,42,26590,6223,19,496,4784,632,146,5431,622,1531,217,3469,901,16312,897,647,658,1057,571,711,791,1268,475,35,955,45,2022,207,171,47,245,199,133,449,13012,518,4039,2387,347,655,943,200,24917,224,8432,997,8045,1577,36,1872,20,27076,5170,7390,36807,984,10965,82,213,358,938,522,982,680,1310,2511,873,11,124,892,110,45,2428,2511,10,184,100,20232,22383,17806,4265,22017,3501,337,38440,58635,7734,21442,45492,54588,155,55,637,564,294,811,829,433,189,575,4797,0.0,0.0,0.0,0.0,0.0,0.0,0.0,0.0,0.0,0.0,0.0,0.0,0.0,0.0,0.0,0.0,0.0,0.0,0.0,0.0,0.0,0.0,0.0,0.0,0.0,0.0,0.0,0.0,0.0,0.0,0.0,0.0,0.0,0.0,0.0,0.0,0.0,0.0,0.0,0.0,0.0,0.0,0.0,0.0,0.0,0.0,0.0,0.0,0.0,0.0,0.0,0.0,0.0,0.0,0.0,0.0,0.0,0.0,0.0,0.0,0.0,0.0,0.0,0.0,0.0,0.0,0.0,0.0,0.0,0.0,0.0,0.0,0.0,0.0,0.0,0.0,0.0,0.0,0.0,0.0,0.0,0.0,0.0,0.0,0.0,0.0,0.0,0.0,0.0,0.0,0.0,0.0,0.0,0.0,0.0,0.0,0.0,0.0,0.0,0.0,0.0,0.0,0.0,0.0,0.0,0.0,0.0,0.0,0.0,0.0,0.0,0.0,0.0,0.0,0.0,0.0,0.0,0.0,0.0,0.0,0.0,0.0,0.0,0.0,0.0,0.0,0.0,0.0,0.0,0.0,0.0,0.0,0.0,0.0,0.0,0.0,0.0,0.0,0.0,0.0,0.0,0.0,0.0,0.0,0.0,0.0,0.0,0.0,0.0,0.0
ENCFF987PLM,0.1815381913628312,47871,3425,4049,41782,753,88204,8763,415,608,403,938,4089,4467,10586,22834,24829,4301,568,6507,7479,246,1024,106,98,63,992,582,3974,56139,4859,344,232,1130,2186,2039,38,2661,27,39,11760,15460,76,912,52,1374,889,7542,28720,86,800,1188,1651,683,382,10796,179,452,446,129,1018,2030,339,17937,743,516,210,192,65514,69017,13837,1266,823,1455,17735,484,1521,564,905,1098,241,1120,1440,5226,511,604,4466,16,983,583,18,1688,188,34,1797,1612,23906,222756,14082,153,38382,53637,3008,47339,1371,679,7603,2307,2201,21,4073,12676,10251,160,6092,56947,3242,49198,748,2671,2610,11863,1130,72561,1678,8575,4022,1082,3907,527,178,45863,14503,508,32031,9787,43200,41040,111,5706,3504,1441,4762,63522,513,349,105,174,31,50,3031,428,1040,14380,6395,887,5937,43754,4009,745,1415,1618,1359,3862,6135,5428,9229,66,150,67,1208,52,1972,732,2398,568,38,25,572,960,1239,24679,10458,61159,3004,38497,45044,20157,53039,18709,37823,355,38542,44804,16450,13577,35454,26078,10321,1265,138,1115,93,602,1040,303,105,58,207,5380,409,70839,16301,13459,560,835427,51698,4901,38807,31769,1618,759,55221,25774,74024,4896,63245,306,62832,64,388,1057,342,301,1198,484,4711,3105,20,731,993,746,1024,469,2974,1731,859,281,6120,3977,2590,6941,1333,432,693,844,412,421,286,911,1312,6815,1632,396,2274,2919,2557,11670,37652,531,2891,7392,1642,962,829,763,1091,648,445,12222,540,923,7298,404,1948,427,5620,1305,1165,684,1094,448,551,630,2827,2863,980,1058,873,3701,1813,886,884,1073,4676,15,29,443,706,938,310,21139,127,14595,20,731,168,8732,1193,11329,8564,9503,36,3498,156,294,1981,5155,84889,906,3080,3105,1516,36,3434,349,305,939,18916,7915,4421,1980,52,333,165,15,47,789,1375,3195,738,4887,550,547,1507,55359,425,2505,168012,1793,7997,1208,6352,968,2843,288,262,4925,892,1214,1353,408,468,321,3666,1536,1092,1424,673,1359,1517,33569,107,13418,2923,19,39670,10415,99,459,8548,1443,72,8429,933,2092,424,3976,1324,27829,4469,700,880,1417,490,1534,1084,2507,1043,45,1632,36,2276,291,44,238,520,458,811,1095,27670,2280,10849,6688,1448,669,1163,171,50660,114,18625,1940,17495,1964,391,3834,72,38160,7268,12487,58689,3721,22530,301,213,422,943,2105,1403,847,1790,8785,1260,41,216,1187,35,36,5669,5818,13,193,300,34519,55198,38928,9790,48221,5407,389,95977,119491,17278,54619,87973,106020,394,276,863,785,225,1014,1930,399,662,878,9013,0.0,0.0,0.0,0.0,0.0,0.0,0.0,0.0,0.0,0.0,0.0,0.0,0.0,0.0,0.0,0.0,0.0,0.0,0.0,0.0,0.0,0.0,0.0,0.0,0.0,0.0,0.0,0.0,0.0,0.0,0.0,0.0,0.0,0.0,0.0,0.0,0.0,0.0,0.0,0.0,0.0,0.0,0.0,0.0,0.0,0.0,0.0,0.0,0.0,0.0,0.0,0.0,0.0,0.0,0.0,0.0,0.0,0.0,0.0,0.0,0.0,0.0,0.0,0.0,0.0,0.0,0.0,0.0,0.0,0.0,0.0,0.0,0.0,0.0,0.0,0.0,0.0,0.0,0.0,0.0,0.0,0.0,0.0,0.0,0.0,0.0,0.0,0.0,0.0,0.0,0.0,0.0,0.0,0.0,0.0,0.0,0.0,0.0,0.0,0.0,0.0,0.0,0.0,0.0,0.0,0.0,0.0,0.0,0.0,0.0,0.0,0.0,0.0,0.0,0.0,0.0,0.0,0.0,0.0,0.0,0.0,0.0,0.0,0.0,0.0,0.0,0.0,0.0,0.0,0.0,0.0,0.0,0.0,0.0,0.0,0.0,0.0,0.0,0.0,0.0,0.0,0.0,0.0,0.0,0.0,0.0,0.0,0.0,0.0,0.0
ENCFF231QZC,0.19895375243640456,495218,15959,21725,143650,2486,292745,50200,1591,2345,2007,8225,21806,16238,32645,64372,90369,19139,4210,42675,38924,1872,6892,749,588,629,4031,27211,12654,84509,31892,2467,1792,5554,6647,5892,547,12005,339,758,63757,95151,198,5512,74,8047,3854,30471,83322,2607,2897,2151,4250,5460,5199,71710,1610,3603,2991,3290,6288,13449,1381,38894,3033,5904,5987,3104,257770,319120,80807,3717,2088,9438,64880,2535,4377,1632,2417,2956,588,2854,4279,32373,1374,1470,12731,116,2636,1589,136,14349,1880,571,8813,3961,65638,1279141,93450,382,247618,336533,12040,284803,5618,1786,53555,15550,18139,117,26735,67800,70497,1033,28163,288170,11306,128856,1669,7542,7692,65098,3496,139734,4287,47502,23569,8073,26721,3075,1456,349427,52514,15298,83203,33990,178884,260278,3720,23522,23181,4392,27520,178459,5541,5357,319,1139,644,423,21023,3128,13498,66025,44966,5540,30671,138529,10730,3906,4364,19965,15942,21236,37951,31743,76630,766,1528,504,2794,159,5486,1757,12834,65469,232,8,3386,5815,3924,138313,61529,363528,11753,180545,237427,85599,146457,77039,142433,2153,222189,249635,97810,78496,184900,155343,55120,5174,3865,5886,479,1324,2525,1892,583,1938,416,28452,1281,154471,51336,40560,3059,4063077,235472,26796,209180,76535,11458,5508,267698,121064,257288,15255,444472,1374,459428,942,2370,9770,5428,900,3575,3700,18536,19937,604,1782,2712,1586,2619,1457,10459,5696,5913,1721,26902,21669,12595,37433,3484,745,1932,2087,1061,1034,872,6908,3000,30649,3787,1099,11591,11752,8294,45882,158990,12410,10744,36389,6145,2888,2278,1810,2785,1238,4082,78648,1605,2651,48092,1146,8709,1273,27584,2861,3245,1390,2555,6164,1400,2503,8306,8234,2328,2667,2309,20383,7415,2521,2227,2274,13387,151,124,1264,1809,6832,580,142524,1289,96360,132,4660,423,53323,8859,73580,48012,46176,188,19493,476,1732,14469,37609,326496,6576,21640,14105,8241,711,10379,2187,2844,8200,86477,46478,36407,14180,287,1678,917,81,270,1877,8346,20782,2646,24640,1544,1665,8870,189792,2510,7551,1046750,6689,48882,3008,20471,31703,11028,1157,8780,48649,2246,4271,4435,1289,1550,2014,133554,4990,3169,4211,2941,4073,4922,206549,493,63717,20567,593,254152,63139,330,3078,45064,9363,502,36174,2354,17429,3215,15678,3770,66132,10397,10141,2465,4148,1502,3984,2833,14064,4400,247,7676,306,13212,4864,125,1643,6512,5131,3530,4880,110012,6766,30576,19168,4167,3289,8436,1780,391339,1959,135714,10307,116336,11814,1714,23440,855,223737,46567,72890,379662,14642,64743,906,2926,1238,3873,12375,4354,2138,7857,37958,3916,439,5689,2959,279,320,39258,40705,109,6195,2007,215292,260473,172544,40842,284793,32128,2250,450529,667892,70059,265861,472104,620660,1890,1537,2213,2069,789,2361,14887,2491,4193,4617,42126,0.0,0.0,0.0,0.0,0.0,0.0,0.0,0.0,0.0,0.0,0.0,0.0,0.0,0.0,0.0,0.0,0.0,0.0,0.0,0.0,0.0,0.0,0.0,0.0,0.0,0.0,0.0,0.0,0.0,0.0,0.0,0.0,0.0,0.0,0.0,0.0,0.0,0.0,0.0,0.0,0.0,0.0,0.0,0.0,0.0,0.0,0.0,0.0,0.0,0.0,0.0,0.0,0.0,0.0,0.0,0.0,0.0,0.0,0.0,0.0,0.0,0.0,0.0,0.0,0.0,0.0,0.0,0.0,0.0,0.0,0.0,0.0,0.0,0.0,0.0,0.0,0.0,0.0,0.0,0.0,0.0,0.0,0.0,0.0,0.0,0.0,0.0,0.0,0.0,0.0,0.0,0.0,0.0,0.0,0.0,0.0,0.0,0.0,0.0,0.0,0.0,0.0,0.0,0.0,0.0,0.0,0.0,0.0,0.0,0.0,0.0,0.0,0.0,0.0,0.0,0.0,0.0,0.0,0.0,0.0,0.0,0.0,0.0,0.0,0.0,0.0,0.0,0.0,0.0,0.0,0.0,0.0,0.0,0.0,0.0,0.0,0.0,0.0,0.0,0.0,0.0,0.0,0.0,0.0,0.0,0.0,0.0,0.0,0.0,0.0
ENCFF002DNJ,0.12361393299880413,2359263,5509,21232,172264,1162,188865,37546,1588,1312,1217,5165,18131,7684,17975,79095,46054,10172,1888,18716,25406,1294,3117,360,356,403,3060,205223,10869,123514,17306,1206,6070,2108,5986,5808,6080,7158,126,1089,40759,49793,169,2925,89,1647,2786,23495,111523,26454,2619,2298,4338,2164,3805,44569,689,1502,1506,947,3803,10458,327,48552,1399,4045,51307,2254,174666,177218,45503,4023,2059,41763,49728,1546,4383,1910,2475,2751,529,3141,4556,16566,1951,1265,13475,106,2722,1863,122,6325,1612,212,6863,3385,69618,704814,45046,399,123176,196368,9305,168044,4116,2185,26729,8851,8944,85,17979,38661,35016,1073,22043,163537,6388,70070,734,3210,4621,34934,1413,123716,4380,26320,13529,4317,13514,1678,531,283660,31047,101385,178003,22385,101121,130120,27385,18814,9478,4275,38282,104774,1634,25196,753,465,121,245,9927,1299,9032,44894,20472,2461,18117,176707,10726,2314,4108,5511,5746,14665,22596,19559,41422,396,1353,402,3091,108,5686,1846,7633,6737,2172,47,14161,4196,3579,77298,32532,261421,8145,105380,132300,55753,165674,56929,102403,1004,119297,139122,64683,39028,138573,77316,27619,3214,38881,3125,350,1353,2840,932,396,228,618,16699,794,179617,44941,21541,4522,1157798,146951,31792,107506,72155,5474,3635,147429,72183,191917,7330,225926,1113,217892,297,1656,7111,5467,1312,3352,1790,13770,11923,257,2171,2905,2323,2643,1711,9161,5105,4253,954,16097,12514,8579,18728,3501,673,2507,1699,1191,1714,1289,3295,3280,17954,3431,1374,7265,9626,7880,27830,128182,106372,9013,28785,4756,2404,2043,1978,2794,1185,2694,39942,1878,2872,27752,1454,5549,1640,16361,3116,3221,1265,2916,3533,1706,5151,8141,7569,2445,2842,2412,11581,4862,2833,2400,2110,13056,107,106,1554,2055,4629,783,67567,557,50694,66,2406,563,29729,4768,37050,30441,28994,124,12317,442,1638,10647,17821,212405,13346,18571,10229,4505,11333,10448,1079,1423,3344,54274,24239,28235,6143,204,2090,389,40,164,2015,4111,12101,2359,19536,1779,1670,5840,207644,8962,7318,590981,2152,23680,3042,19071,208889,9374,1402,82539,209326,2588,3709,3794,1363,1549,3384,1016530,4557,3098,4080,2331,4480,4617,137178,331,39370,12504,172,148928,28585,127,1424,38292,5010,267,26767,2396,9642,1634,12283,4213,103467,8733,38238,3269,3837,1707,3004,2638,7467,2734,156,4496,136,8233,1037,155,813,23012,3752,1524,3595,142654,3575,26969,14765,2834,1835,4106,695,216932,18121,64873,40141,54118,6830,1428,12130,606,121788,23997,42206,226651,9204,68140,3155,2155,1540,15472,4715,4166,2072,6009,24538,4032,167,27041,3249,172,164,18517,18529,98,38192,856,111561,160481,149433,30060,147479,17551,1462,280575,395161,56065,161947,280845,358560,974,738,2415,2253,1119,2496,12177,1344,2193,2922,28204,0.0,0.0,0.0,0.0,0.0,0.0,0.0,0.0,0.0,0.0,0.0,0.0,0.0,0.0,0.0,0.0,0.0,0.0,0.0,0.0,0.0,0.0,0.0,0.0,0.0,0.0,0.0,0.0,0.0,0.0,0.0,0.0,0.0,0.0,0.0,0.0,0.0,0.0,0.0,0.0,0.0,0.0,0.0,0.0,0.0,0.0,0.0,0.0,0.0,0.0,0.0,0.0,0.0,0.0,0.0,0.0,0.0,0.0,0.0,0.0,0.0,0.0,0.0,0.0,0.0,0.0,0.0,0.0,0.0,0.0,0.0,0.0,0.0,0.0,0.0,0.0,0.0,0.0,0.0,0.0,0.0,0.0,0.0,0.0,0.0,0.0,0.0,0.0,0.0,0.0,0.0,0.0,0.0,0.0,0.0,0.0,0.0,0.0,0.0,0.0,0.0,0.0,0.0,0.0,0.0,0.0,0.0,0.0,0.0,0.0,0.0,0.0,0.0,0.0,0.0,0.0,0.0,0.0,0.0,0.0,0.0,0.0,0.0,0.0,0.0,0.0,0.0,0.0,0.0,0.0,0.0,0.0,0.0,0.0,0.0,0.0,0.0,0.0,0.0,0.0,0.0,0.0,0.0,0.0,0.0,0.0,0.0,0.0,0.0,0.0
ENCFF210PXS,0.16730899936016522,61320,273,3758,39808,1012,107876,7468,349,592,323,682,3925,5013,11245,20484,31742,4048,559,5741,6458,200,756,85,85,38,929,2698,3950,48817,4035,289,225,535,2244,2060,84,2253,36,37,9319,12315,101,766,59,114,789,6867,26003,316,685,1306,1684,494,354,7627,192,372,443,150,934,1719,353,17958,674,496,865,114,58060,59268,9582,1296,895,1717,7111,413,1595,595,953,1084,276,1220,1443,4134,531,633,4421,28,1097,619,19,1275,231,22,1681,1622,23869,187771,10947,125,29738,43920,2947,38571,1412,794,5662,1770,1892,20,3420,8576,8531,125,5282,42539,3487,55081,909,3408,2937,9818,1381,78807,1683,6679,3152,819,3010,435,181,30895,15353,1979,28982,10243,14049,31387,391,5466,3372,1445,4341,60530,548,537,145,135,43,60,2502,393,793,12115,4958,794,5019,42311,3913,501,1516,1072,1023,3305,5315,4889,5977,94,182,63,1258,63,2211,744,1389,326,87,20,757,890,1229,18973,8017,52221,2737,34881,39345,17141,48509,16658,34246,319,32102,38540,13568,10812,27650,20966,6706,1106,640,1050,78,652,1081,246,113,47,292,4576,428,66468,15108,14542,592,228466,43119,4085,31377,32306,1303,608,45926,22266,69510,5988,47833,211,47281,58,357,860,271,381,1190,344,4723,2539,47,825,1140,742,1137,477,3034,1852,449,230,5396,3536,2355,3952,1529,440,823,956,400,455,336,687,1387,6108,1570,498,1992,2830,2573,11508,26545,1779,2778,3847,1569,1098,798,765,1202,630,270,8658,576,1041,6001,418,1904,503,4922,1338,1265,733,1131,295,608,654,2852,2908,947,1130,863,2909,1792,935,911,1134,4674,24,51,498,757,651,352,15899,116,10880,28,599,123,7359,904,8012,6960,8586,24,3225,191,200,1923,4135,79748,851,2541,2712,1257,136,3302,241,209,801,17393,7284,3804,1434,72,287,130,18,66,851,1291,2526,777,4211,582,586,1412,54402,597,2485,133147,681,6547,1185,6420,3061,2976,357,1210,6331,955,1298,1298,469,516,330,14261,1520,1199,1417,561,1432,1616,27925,132,12053,2448,29,29970,8521,107,341,7522,942,72,7617,996,1820,366,3835,1418,24100,4027,929,869,1437,529,1463,1058,1884,1014,28,1446,46,2033,205,47,209,685,239,964,867,28462,2721,10698,7273,1761,668,981,157,37887,368,15482,2176,13479,1653,380,3124,34,32656,6281,11127,49624,2545,21732,319,226,418,1126,551,1403,919,1732,8179,1328,43,417,1272,32,25,4400,4459,14,611,257,26539,45880,35204,8408,38469,4442,438,81194,99238,15762,46473,72716,86915,392,239,940,840,277,1042,1515,340,507,821,7574,0.0,0.0,0.0,0.0,0.0,0.0,0.0,0.0,0.0,0.0,0.0,0.0,0.0,0.0,0.0,0.0,0.0,0.0,0.0,0.0,0.0,0.0,0.0,0.0,0.0,0.0,0.0,0.0,0.0,0.0,0.0,0.0,0.0,0.0,0.0,0.0,0.0,0.0,0.0,0.0,0.0,0.0,0.0,0.0,0.0,0.0,0.0,0.0,0.0,0.0,0.0,0.0,0.0,0.0,0.0,0.0,0.0,0.0,0.0,0.0,0.0,0.0,0.0,0.0,0.0,0.0,0.0,0.0,0.0,0.0,0.0,0.0,0.0,0.0,0.0,0.0,0.0,0.0,0.0,0.0,0.0,0.0,0.0,0.0,0.0,0.0,0.0,0.0,0.0,0.0,0.0,0.0,0.0,0.0,0.0,0.0,0.0,0.0,0.0,0.0,0.0,0.0,0.0,0.0,0.0,0.0,0.0,0.0,0.0,0.0,0.0,0.0,0.0,0.0,0.0,0.0,0.0,0.0,0.0,0.0,0.0,0.0,0.0,0.0,0.0,0.0,0.0,0.0,0.0,0.0,0.0,0.0,0.0,0.0,0.0,0.0,0.0,0.0,0.0,0.0,0.0,0.0,0.0,0.0,0.0,0.0,0.0,0.0,0.0,0.0
ENCFF001HXN,0.182005165577227,41421,198,4333,49742,1103,154346,5309,337,735,270,500,3777,7140,14167,21697,57420,4640,335,7843,5677,111,525,67,65,54,1155,1162,3951,38040,3092,204,147,474,2259,2039,62,1990,41,15,7050,9229,66,551,85,52,676,6362,37255,167,496,1355,1820,398,239,4560,149,302,357,132,615,1647,724,21820,1024,451,387,72,65692,47361,5195,1303,913,1459,3581,254,1499,708,1049,1169,281,1258,1397,3074,523,736,4420,30,1098,634,30,942,202,21,1028,1871,19345,170414,9047,103,23934,34861,2984,29786,1348,843,4054,1239,1363,27,2280,5971,6067,63,4581,26911,4071,43988,822,2942,3042,8327,1338,60506,1860,5319,2540,642,2014,336,91,22203,21341,800,30461,12947,8273,22084,255,5051,5844,1483,3270,62168,664,304,175,101,35,22,1935,332,493,10014,3708,578,4151,51451,4941,374,1504,1166,928,3037,4169,3486,3981,71,100,40,1276,20,2213,964,932,59,47,29,741,628,1253,12372,6084,38497,2502,34468,32556,15810,37581,14373,30133,366,25098,30260,9099,7855,21310,16186,6136,1034,296,924,68,664,1220,159,79,27,55,3581,574,49980,15705,21210,262,206286,43197,3841,28785,41032,807,484,45396,23159,79160,7056,37472,231,34539,37,312,640,141,390,1200,238,4272,1956,24,845,1198,735,1168,548,2886,1725,169,221,4865,2906,2107,2000,1580,445,850,972,443,436,309,359,1493,6061,1883,493,1872,2748,2679,15215,65595,858,2673,2404,1631,1063,783,826,1242,676,101,6294,596,1010,4733,504,1709,539,4019,1361,1266,804,1182,150,587,606,3026,2956,1072,1243,960,2199,1776,925,1119,1302,4702,42,33,513,840,358,311,12047,126,7769,25,488,48,5816,585,5794,6283,7815,42,2576,102,129,1706,3177,118921,533,1803,2116,1024,78,3355,164,208,600,16905,8799,3428,1102,40,142,76,14,57,875,1849,2045,759,3538,635,648,3695,72327,441,2406,105065,687,5404,1305,6380,1360,3042,387,557,4388,989,1202,1249,479,491,263,6809,1477,1266,1351,581,1389,1674,22313,63,10343,2030,31,22070,6205,20,220,5961,662,49,6873,1089,972,204,3548,1456,19924,5133,689,1026,1328,681,1456,1116,1053,1208,32,840,27,1718,115,48,161,411,351,1060,1136,46313,2909,13692,7462,1805,620,748,199,27875,189,13208,1891,9729,1153,348,2341,34,30748,5528,10262,42095,6627,28233,305,570,467,1085,552,1432,973,1731,9058,1259,68,232,1312,14,53,3091,3154,32,263,159,21619,42643,33407,8637,31402,3745,255,80422,87636,15055,44191,63078,73720,423,177,949,942,279,1056,908,240,357,690,6588,0.0,0.0,0.0,0.0,0.0,0.0,0.0,0.0,0.0,0.0,0.0,0.0,0.0,0.0,0.0,0.0,0.0,0.0,0.0,0.0,0.0,0.0,0.0,0.0,0.0,0.0,0.0,0.0,0.0,0.0,0.0,0.0,0.0,0.0,0.0,0.0,0.0,0.0,0.0,0.0,0.0,0.0,0.0,0.0,0.0,0.0,0.0,0.0,0.0,0.0,0.0,0.0,0.0,0.0,0.0,0.0,0.0,0.0,0.0,0.0,0.0,0.0,0.0,0.0,0.0,0.0,0.0,0.0,0.0,0.0,0.0,0.0,0.0,0.0,0.0,0.0,0.0,0.0,0.0,0.0,0.0,0.0,0.0,0.0,0.0,0.0,0.0,0.0,0.0,0.0,0.0,0.0,0.0,0.0,0.0,0.0,0.0,0.0,0.0,0.0,0.0,0.0,0.0,0.0,0.0,0.0,0.0,0.0,0.0,0.0,0.0,0.0,0.0,0.0,0.0,0.0,0.0,0.0,0.0,0.0,0.0,0.0,0.0,0.0,0.0,0.0,0.0,0.0,0.0,0.0,0.0,0.0,0.0,0.0,0.0,0.0,0.0,0.0,0.0,0.0,0.0,0.0,0.0,0.0,0.0,0.0,0.0,0.0,0.0,0.0
ENCFF696UCL,0.05802060982351056,1347122,9702,13332,409,4,6777,1462,18,148,77,1207,379,110,347,55,4,1475,295,2144,3146,121,384,63,1820,9,127,33695,499,157,2197,311,4928,2118,264,138,1608,500,12,0,6893,5463,2,344,2,2133,73,1195,107,10414,117,71,121,248,583,82482,111,178,117,46,404,258,0,5,47,246,7085,2,16668,70182,24576,80,80,20897,5067,190,96,47,70,131,21,94,110,2068,63,39,530,51,99,66,94,1441,30,0,2965,60,48,125845,6898,8,85522,20667,358,18540,159,60,3098,987,902,0,52093,33036,6914,200,5608,58141,89,4277,0,0,143,3745,0,63,109,5511,2519,369,1547,168,29,17459,978,22743,158,664,7127,45667,39825,2557,158,117,3983,661,78,10968,2,51,74,10,1007,126,235,7863,2144,496,1302,378,190,713,94,304,337,833,1448,1323,31820,72,54,1,88,0,187,76,845,1186,911,0,9589,245,74,13018,4622,58952,820,11095,11969,6875,3396,6161,13713,57,16684,17669,9264,6400,30599,77251,4982,208,3025,138,11,33,87,66,66,12,0,3180,1,4508,3107,5,4,520636,10529,2909,14996,239,503,1001,13898,6242,8514,73,25152,43,25613,46,92,1638,0,55,70,119,805,1008,3,68,100,54,84,42,313,128,4011,70,1704,1030,721,9059,100,31,65,55,28,37,27,1044,109,1887,768,49,532,383,237,528,110,41308,471,20849,274,59,49,57,83,48,611,5064,61,91,2409,26,384,43,1218,100,86,46,77,75,72,1835,332,255,62,122,54,2140,360,76,74,79,572,194,22,56,48,188,2,12109,30,9342,14,288,7,2366,314,10247,5926,2301,0,1004,28,81,43,1700,11151,1660,6146,6532,518,114,363,73,57,319,5506,2000,540,604,129,962,42,0,2,73,29,1172,36,1140,45,65,139,255,2644,325,75152,1872,3095,79,677,36944,458,42,16198,73840,73,89,94,44,39,543,363003,114,83,81,222,95,131,14632,49,3189,2256,3,79333,5968,0,133,2302,561,26,1930,77,442,179,654,107,141,110,8531,81,93,44,168,77,842,32,1,1495,18,835,37,92,102,7662,398,18,115,743,15,695,345,40,72,469,4,48630,3317,13119,804,6012,658,47,1849,3,15932,2177,3204,46799,270,259,1170,3,46,245,5625,79,72,261,509,85,15,7623,97,0,0,4447,1957,18,6964,98,10264,15698,15114,1667,14100,2400,82,17914,40736,4633,13591,30441,36029,68,163,66,53,19,78,615,100,821,173,3438,0.0,0.0,0.0,0.0,0.0,0.0,0.0,0.0,0.0,0.0,0.0,0.0,0.0,0.0,0.0,0.0,0.0,0.0,0.0,0.0,0.0,0.0,0.0,0.0,0.0,0.0,0.0,0.0,0.0,0.0,0.0,0.0,0.0,0.0,0.0,0.0,0.0,0.0,0.0,0.0,0.0,0.0,0.0,0.0,0.0,0.0,0.0,0.0,0.0,0.0,0.0,0.0,0.0,0.0,0.0,0.0,0.0,0.0,0.0,0.0,0.0,0.0,0.0,0.0,0.0,0.0,0.0,0.0,0.0,0.0,0.0,0.0,0.0,0.0,0.0,0.0,0.0,0.0,0.0,0.0,0.0,0.0,0.0,0.0,0.0,0.0,0.0,0.0,0.0,0.0,0.0,0.0,0.0,0.0,0.0,0.0,0.0,0.0,0.0,0.0,0.0,0.0,0.0,0.0,0.0,0.0,0.0,0.0,0.0,0.0,0.0,0.0,0.0,0.0,0.0,0.0,0.0,0.0,0.0,0.0,0.0,0.0,0.0,0.0,0.0,0.0,0.0,0.0,0.0,0.0,0.0,0.0,0.0,0.0,0.0,0.0,0.0,0.0,0.0,0.0,0.0,0.0,0.0,0.0,0.0,0.0,0.0,0.0,0.0,0.0
ENCFF000BVC,0.12230037256642656,13688,163,1665,11415,305,38491,2625,74,178,123,412,1457,1790,3663,4796,11144,1617,290,2534,2743,79,405,47,49,41,423,91,1162,10678,1850,182,85,229,705,519,11,892,23,24,3448,5833,42,446,92,59,284,2257,6509,10,204,242,388,257,164,3645,101,186,172,75,374,812,194,4507,259,200,36,126,20554,23866,3897,360,256,405,3892,155,402,153,219,328,63,280,376,2129,142,129,1162,12,263,130,15,818,90,22,1313,417,6184,87417,5384,74,15961,20410,1026,19527,1768,160,2807,738,773,12,1382,3641,3485,48,1862,17247,1142,12455,240,905,932,4389,403,15345,487,2898,1370,464,1603,250,72,17262,6500,62,7817,3424,9748,15349,23,1843,1741,366,1697,13919,320,118,31,55,20,26,1096,187,526,4274,2587,370,1844,10700,1036,262,332,603,622,1295,2146,1929,3136,29,86,22,294,33,547,191,1619,1910,5,1,149,366,326,10130,3640,21971,884,13672,16900,6269,9931,5205,11221,139,13858,15571,5973,4731,11739,9282,2661,370,13,386,49,127,263,122,53,36,21,1769,187,9963,4765,4291,144,104182,17777,1506,13949,8605,581,1654,18508,8405,23198,1770,22063,94,22671,110,138,632,328,91,298,80,1261,1152,9,174,257,177,282,97,874,472,122,114,1873,1303,931,1234,310,76,216,247,91,113,69,287,353,2257,486,113,1277,904,767,3451,6476,115,810,2006,466,281,193,159,255,153,68,3470,135,220,2560,100,651,122,1634,299,283,131,257,91,148,205,730,817,241,277,194,1207,506,223,217,263,1289,21,21,95,147,270,43,7714,49,4924,5,314,52,3240,412,3300,3184,3229,25,1376,65,111,713,2117,23952,325,924,837,461,8,954,122,222,366,7609,3025,1995,794,17,128,88,15,35,182,553,1360,206,1586,153,125,712,14695,125,617,64188,211,4783,307,1848,189,958,91,38,1647,244,324,351,138,137,99,698,405,276,368,152,399,463,12576,64,4271,1166,18,13063,3549,9,131,2656,311,28,2438,215,638,146,1294,344,4790,842,250,239,353,119,401,226,749,276,6,527,29,715,51,12,83,174,201,352,397,9840,872,2634,2270,539,219,601,117,21599,21,7611,618,7247,711,193,1504,34,14335,4153,4526,19736,801,5646,75,99,136,246,199,405,215,415,2070,296,25,90,327,29,27,2387,2222,4,33,117,12352,17046,12394,3090,18123,2399,335,28374,42173,5918,17452,33006,39572,130,94,190,195,70,247,678,156,276,311,2864,0.0,0.0,0.0,0.0,0.0,0.0,0.0,0.0,0.0,0.0,0.0,0.0,0.0,0.0,0.0,0.0,0.0,0.0,0.0,0.0,0.0,0.0,0.0,0.0,0.0,0.0,0.0,0.0,0.0,0.0,0.0,0.0,0.0,0.0,0.0,0.0,0.0,0.0,0.0,0.0,0.0,0.0,0.0,0.0,0.0,0.0,0.0,0.0,0.0,0.0,0.0,0.0,0.0,0.0,0.0,0.0,0.0,0.0,0.0,0.0,0.0,0.0,0.0,0.0,0.0,0.0,0.0,0.0,0.0,0.0,0.0,0.0,0.0,0.0,0.0,0.0,0.0,0.0,0.0,0.0,0.0,0.0,0.0,0.0,0.0,0.0,0.0,0.0,0.0,0.0,0.0,0.0,0.0,0.0,0.0,0.0,0.0,0.0,0.0,0.0,0.0,0.0,0.0,0.0,0.0,0.0,0.0,0.0,0.0,0.0,0.0,0.0,0.0,0.0,0.0,0.0,0.0,0.0,0.0,0.0,0.0,0.0,0.0,0.0,0.0,0.0,0.0,0.0,0.0,0.0,0.0,0.0,0.0,0.0,0.0,0.0,0.0,0.0,0.0,0.0,0.0,0.0,0.0,0.0,0.0,0.0,0.0,0.0,0.0,0.0
ENCFF091MJA,0.15288486407509314,23682,124,3065,51350,684,282214,6243,354,165,193,394,3680,1954,7181,25310,30002,1639,382,6896,3631,72,298,35,45,68,1029,588,3647,47345,2378,63,32,399,2765,2744,48,2834,30,79,5113,5459,61,208,57,36,522,6062,38725,37,612,1723,2015,91,111,2235,118,150,129,87,443,1791,1351,26463,3970,201,117,7,56957,39909,2456,1652,1021,2059,2275,26,1886,815,1020,1254,364,1641,1684,1678,548,1059,4735,21,1184,1061,18,590,145,32,1535,1722,36922,115546,5622,99,14454,23782,3841,20011,1760,923,1953,814,1586,19,1900,4608,5029,81,3925,18425,1913,63270,280,1430,1542,4968,643,107584,1903,3798,1703,256,1049,62,28,13341,6975,277,25823,8816,4530,13823,57,4462,7642,1630,2273,47466,531,88,97,45,25,8,1016,202,307,6924,2115,224,3193,52929,4163,104,1732,645,584,1723,2949,2898,2641,38,47,34,1475,9,1762,795,621,1231,12,14,628,163,1623,5956,3132,22447,2499,19100,26754,12125,29514,12487,22674,176,15482,20892,4408,5115,17003,9755,3991,771,29,773,14,1129,1723,67,16,11,45,2857,106,50196,12525,10047,287,183961,34370,3465,21579,41106,416,377,31672,21098,74451,3116,23911,90,18152,10,132,489,6,386,1233,247,5305,1147,79,940,943,881,1585,692,3284,1667,48,77,4898,3413,1493,1263,2372,519,1200,1196,664,398,300,134,1520,5468,1200,525,1313,2805,2224,16205,74694,630,2853,1917,1404,1225,1005,918,1264,765,15,5325,622,2308,3473,409,1689,642,3292,2266,1525,1451,1437,136,624,470,3349,2480,1346,1118,1124,1755,2095,1531,887,1582,3542,20,18,584,1185,320,257,7472,136,5734,8,204,41,3852,277,4467,4689,7040,21,1639,41,25,2344,1458,118351,211,1105,2380,647,19,2584,60,122,812,15633,8366,2489,706,15,61,47,22,33,835,2124,1020,991,2092,877,508,3224,84961,127,2055,63726,652,3976,1296,7706,810,2410,333,106,2126,1082,1315,1446,420,353,72,3673,2042,1363,1445,739,1502,1657,17415,14,12921,795,42,15557,3926,18,219,3368,544,13,7155,988,426,77,3907,1309,16902,2628,262,986,1476,709,871,1277,628,793,17,483,21,1901,82,58,24,64,510,236,1013,42191,1460,10999,5800,934,496,505,158,12792,71,9172,1588,4719,770,29,1334,3,26722,5301,8311,33833,2291,23675,166,369,488,1300,697,1301,1170,1408,5614,1189,15,68,1517,13,32,1555,1392,14,70,20,14974,30130,25219,6116,20089,2921,1338,59505,60966,11380,29392,47542,49661,244,38,957,907,376,1361,333,183,115,463,4618,0.0,0.0,0.0,0.0,0.0,0.0,0.0,0.0,0.0,0.0,0.0,0.0,0.0,0.0,0.0,0.0,0.0,0.0,0.0,0.0,0.0,0.0,0.0,0.0,0.0,0.0,0.0,0.0,0.0,0.0,0.0,0.0,0.0,0.0,0.0,0.0,0.0,0.0,0.0,0.0,0.0,0.0,0.0,0.0,0.0,0.0,0.0,0.0,0.0,0.0,0.0,0.0,0.0,0.0,0.0,0.0,0.0,0.0,0.0,0.0,0.0,0.0,0.0,0.0,0.0,0.0,0.0,0.0,0.0,0.0,0.0,0.0,0.0,0.0,0.0,0.0,0.0,0.0,0.0,0.0,0.0,0.0,0.0,0.0,0.0,0.0,0.0,0.0,0.0,0.0,0.0,0.0,0.0,0.0,0.0,0.0,0.0,0.0,0.0,0.0,0.0,0.0,0.0,0.0,0.0,0.0,0.0,0.0,0.0,0.0,0.0,0.0,0.0,0.0,0.0,0.0,0.0,0.0,0.0,0.0,0.0,0.0,0.0,0.0,0.0,0.0,0.0,0.0,0.0,0.0,0.0,0.0,0.0,0.0,0.0,0.0,0.0,0.0,0.0,0.0,0.0,0.0,0.0,0.0,0.0,0.0,0.0,0.0,0.0,0.0
ENCFF806XBN,0.17034806213613804,217890,94,1545,20472,222,58536,4536,137,123,171,459,1700,762,2541,12202,9774,1250,341,2923,3130,94,407,37,24,24,618,17086,1780,10553,2156,118,234,241,984,929,120,1089,9,6,4548,5790,20,367,9,25,312,3061,8705,1832,324,531,687,231,173,3776,75,231,351,97,541,801,125,4095,127,118,5913,42,18927,25517,4217,559,366,2469,3337,179,677,290,373,460,90,537,711,1848,228,305,2004,8,451,319,4,535,49,8,547,571,7584,87151,5116,57,14541,19899,1155,17350,700,367,2825,862,883,9,1565,4051,4260,63,2846,19049,765,14493,107,551,644,4060,229,20065,664,3524,1513,310,1639,200,45,15455,2993,10759,6838,2688,7716,15357,1868,2457,2105,649,3729,19816,209,2518,33,37,7,14,1315,184,263,5969,2337,304,1949,20326,1422,207,591,661,494,1544,2703,3051,3725,32,66,38,504,9,768,303,729,361,151,2,556,357,582,7516,3641,25928,1222,12236,16638,7522,13296,6947,13850,138,13364,16287,6464,4775,13219,10140,2745,485,3345,482,65,287,524,68,27,6,96,2456,81,16115,5684,2191,199,98378,21327,3520,13835,7773,612,536,18774,9799,25672,1828,25728,89,27467,18,222,608,47,147,476,189,2202,1477,17,398,477,297,477,262,1245,784,239,139,2834,1728,1084,1795,753,194,352,397,196,183,137,258,549,2535,658,184,820,1204,1064,3894,11688,13057,1267,2169,645,422,342,321,477,260,81,3982,255,517,2694,180,926,217,2101,624,477,327,509,225,251,373,1316,1094,408,459,396,1235,866,460,389,523,2068,16,16,208,326,325,172,8682,108,5202,12,217,63,3624,460,4216,3834,5152,4,1583,68,49,748,2241,31325,1305,1699,1103,588,1114,1379,87,154,595,8366,3844,2019,837,53,126,44,9,25,331,825,1453,392,1959,276,296,647,23857,1159,1033,62787,266,3283,504,2923,19858,1263,181,6024,15884,402,537,586,197,246,240,103296,723,496,575,270,594,674,12421,19,6009,937,23,15643,4204,38,193,3632,475,34,3621,366,1351,123,1826,556,7253,1298,2547,352,568,256,543,442,789,314,16,427,18,1122,81,49,89,2359,200,143,304,17596,572,4152,2165,429,320,444,150,19065,703,8393,2484,6216,887,117,1559,24,16041,2974,5380,22632,1128,6015,109,144,186,1369,223,612,405,677,3419,586,8,481,575,13,9,2212,2251,2,2490,104,13142,17967,13986,3435,17334,2163,234,30838,41398,6430,18591,32268,38789,126,70,376,396,106,493,594,232,200,401,3691,0.0,0.0,0.0,0.0,0.0,0.0,0.0,0.0,0.0,0.0,0.0,0.0,0.0,0.0,0.0,0.0,0.0,0.0,0.0,0.0,0.0,0.0,0.0,0.0,0.0,0.0,0.0,0.0,0.0,0.0,0.0,0.0,0.0,0.0,0.0,0.0,0.0,0.0,0.0,0.0,0.0,0.0,0.0,0.0,0.0,0.0,0.0,0.0,0.0,0.0,0.0,0.0,0.0,0.0,0.0,0.0,0.0,0.0,0.0,0.0,0.0,0.0,0.0,0.0,0.0,0.0,0.0,0.0,0.0,0.0,0.0,0.0,0.0,0.0,0.0,0.0,0.0,0.0,0.0,0.0,0.0,0.0,0.0,0.0,0.0,0.0,0.0,0.0,0.0,0.0,0.0,0.0,0.0,0.0,0.0,0.0,0.0,0.0,0.0,0.0,0.0,0.0,0.0,0.0,0.0,0.0,0.0,0.0,0.0,0.0,0.0,0.0,0.0,0.0,0.0,0.0,0.0,0.0,0.0,0.0,0.0,0.0,0.0,0.0,0.0,0.0,0.0,0.0,0.0,0.0,0.0,0.0,0.0,0.0,0.0,0.0,0.0,0.0,0.0,0.0,0.0,0.0,0.0,0.0,0.0,0.0,0.0,0.0,0.0,0.0
ENCFF000WST,0.07628599888218734,1765,38,144,1447,24,3104,283,18,25,13,41,160,192,389,740,1077,148,12,175,201,6,24,1,1,2,44,76,140,740,134,8,12,22,127,94,4,92,0,3,342,446,0,34,1,8,59,247,837,9,32,35,56,14,19,252,4,9,13,9,23,60,14,499,23,36,32,16,1932,1830,292,53,34,62,360,11,62,26,40,52,7,51,55,168,24,25,157,0,33,20,1,41,7,1,50,65,511,6623,418,6,1162,1596,108,1565,103,23,197,92,72,1,105,278,271,8,228,1254,130,1042,25,84,82,368,45,1248,77,251,91,41,120,13,7,1233,567,78,909,349,700,1120,16,239,93,67,133,1583,28,13,6,2,1,2,66,3,49,369,164,25,159,1455,159,18,56,51,56,99,179,152,230,6,5,2,40,0,83,23,194,562,1,2,25,40,50,610,272,1666,90,1146,1338,568,1119,498,1142,11,1112,1289,397,349,988,733,301,47,25,20,7,21,41,7,0,3,0,182,12,1346,457,479,10,15404,1912,116,1110,892,46,33,1590,701,2127,161,1642,10,1667,0,19,85,44,6,51,11,142,94,1,28,32,28,42,26,139,63,6,16,195,138,75,119,64,20,22,30,20,15,11,14,43,208,64,24,85,122,95,564,1305,57,93,128,48,41,34,21,35,27,6,306,29,39,208,20,77,17,143,38,47,29,43,9,22,24,90,85,39,44,26,98,45,23,44,46,160,1,1,18,22,22,5,551,7,350,0,15,5,246,40,259,281,267,3,107,4,6,55,160,3201,27,80,121,39,1,126,7,5,29,570,238,191,52,0,9,3,1,4,24,38,120,44,145,25,18,44,2089,18,71,4937,36,266,56,248,75,84,8,30,190,40,53,59,28,23,14,291,52,58,51,21,57,75,998,1,457,88,0,1098,284,0,8,240,32,4,272,39,50,8,175,49,698,123,15,39,66,16,53,34,40,23,1,45,2,84,2,4,4,24,16,31,23,1064,92,403,206,69,16,36,8,1699,8,603,72,501,51,12,111,2,1307,272,426,1762,118,702,9,14,14,36,39,52,25,58,204,56,2,10,55,0,2,198,159,1,25,7,949,1643,1354,284,1422,192,31,2787,3542,526,1662,2697,3245,14,17,28,33,6,23,59,13,21,19,248,0.0,0.0,0.0,0.0,0.0,0.0,0.0,0.0,0.0,0.0,0.0,0.0,0.0,0.0,0.0,0.0,0.0,0.0,0.0,0.0,0.0,0.0,0.0,0.0,0.0,0.0,0.0,0.0,0.0,0.0,0.0,0.0,0.0,0.0,0.0,0.0,0.0,0.0,0.0,0.0,0.0,0.0,0.0,0.0,0.0,0.0,0.0,0.0,0.0,0.0,0.0,0.0,0.0,0.0,0.0,0.0,0.0,0.0,0.0,0.0,0.0,0.0,0.0,0.0,0.0,0.0,0.0,0.0,0.0,0.0,0.0,0.0,0.0,0.0,0.0,0.0,0.0,0.0,0.0,0.0,0.0,0.0,0.0,0.0,0.0,0.0,0.0,0.0,0.0,0.0,0.0,0.0,0.0,0.0,0.0,0.0,0.0,0.0,0.0,0.0,0.0,0.0,0.0,0.0,0.0,0.0,0.0,0.0,0.0,0.0,0.0,0.0,0.0,0.0,0.0,0.0,0.0,0.0,0.0,0.0,0.0,0.0,0.0,0.0,0.0,0.0,0.0,0.0,0.0,0.0,0.0,0.0,0.0,0.0,0.0,0.0,0.0,0.0,0.0,0.0,0.0,0.0,0.0,0.0,0.0,0.0,0.0,0.0,0.0,0.0
ENCFF000VXR,0.07671105806513746,4583,26,282,2782,74,7233,401,37,38,12,41,239,343,702,1559,2301,288,35,348,361,12,54,5,7,4,61,242,233,2569,256,13,24,34,148,115,4,143,2,1,507,850,4,45,2,5,30,391,1825,29,61,95,130,30,31,497,12,25,17,20,62,122,43,1058,28,30,73,2,3763,3505,515,92,44,125,493,21,107,41,58,49,17,90,100,305,46,45,238,1,48,34,1,107,40,3,96,92,1482,12281,769,6,2057,2910,150,2496,108,53,362,107,125,4,157,535,513,7,357,2255,222,2525,71,251,232,677,121,3395,114,456,214,66,249,32,8,2223,1083,155,2127,721,974,1939,49,336,242,90,298,3305,25,36,13,12,4,3,149,32,51,723,359,56,361,2840,299,45,65,69,61,199,273,266,393,7,13,3,57,5,156,51,161,317,6,1,63,62,72,1039,486,3178,163,2114,2454,1046,2663,1010,2063,13,1945,2294,739,664,1667,1351,496,53,47,48,6,44,65,10,7,2,1,293,33,3561,916,881,13,16056,2723,292,2100,1914,80,41,2883,1325,4407,444,2960,11,3133,5,18,58,28,18,63,13,239,162,3,54,73,46,89,31,188,107,24,13,350,253,150,191,85,31,48,43,32,31,18,47,81,368,79,26,120,166,158,949,2425,136,180,246,110,54,41,37,67,40,15,522,44,59,414,19,138,37,258,80,79,39,83,21,34,39,215,173,58,74,62,191,93,56,68,62,277,0,1,28,51,35,28,1003,11,707,0,57,4,414,62,501,472,533,2,159,9,13,91,286,5091,51,145,158,86,10,220,19,42,39,974,442,256,94,5,13,10,2,4,42,86,193,49,287,53,46,113,3915,41,147,8790,49,440,72,409,259,207,23,89,432,83,59,76,48,28,14,1109,84,66,89,28,88,89,1803,4,748,192,2,1925,630,1,22,443,49,5,516,70,98,17,229,79,1157,271,70,86,78,35,104,54,89,48,2,88,4,137,5,4,11,51,24,57,53,2452,183,819,453,161,49,73,16,2639,35,1031,146,863,96,20,217,4,2009,401,704,2947,182,1476,23,10,30,91,50,88,50,108,586,68,3,41,108,3,2,335,294,1,31,12,1786,2967,2329,543,2591,329,21,5363,6623,1037,3027,5030,5821,20,21,64,53,25,53,98,20,26,35,478,0.0,0.0,0.0,0.0,0.0,0.0,0.0,0.0,0.0,0.0,0.0,0.0,0.0,0.0,0.0,0.0,0.0,0.0,0.0,0.0,0.0,0.0,0.0,0.0,0.0,0.0,0.0,0.0,0.0,0.0,0.0,0.0,0.0,0.0,0.0,0.0,0.0,0.0,0.0,0.0,0.0,0.0,0.0,0.0,0.0,0.0,0.0,0.0,0.0,0.0,0.0,0.0,0.0,0.0,0.0,0.0,0.0,0.0,0.0,0.0,0.0,0.0,0.0,0.0,0.0,0.0,0.0,0.0,0.0,0.0,0.0,0.0,0.0,0.0,0.0,0.0,0.0,0.0,0.0,0.0,0.0,0.0,0.0,0.0,0.0,0.0,0.0,0.0,0.0,0.0,0.0,0.0,0.0,0.0,0.0,0.0,0.0,0.0,0.0,0.0,0.0,0.0,0.0,0.0,0.0,0.0,0.0,0.0,0.0,0.0,0.0,0.0,0.0,0.0,0.0,0.0,0.0,0.0,0.0,0.0,0.0,0.0,0.0,0.0,0.0,0.0,0.0,0.0,0.0,0.0,0.0,0.0,0.0,0.0,0.0,0.0,0.0,0.0,0.0,0.0,0.0,0.0,0.0,0.0,0.0,0.0,0.0,0.0,0.0,0.0
ENCFF001GWE,0.17237256305916432,62257,68,2884,33234,606,65898,3887,236,393,241,484,2917,3546,5791,22196,23613,2524,333,3152,4355,111,459,65,48,36,744,3518,2866,21439,2452,174,214,339,1614,1466,112,1433,7,13,5786,7764,45,506,74,20,413,4756,28153,425,435,954,1333,321,204,4113,110,275,278,142,508,1243,207,9651,1027,104,1148,72,37901,43150,4691,984,664,1541,3161,195,1079,475,709,821,181,963,1000,2722,407,501,3319,12,835,462,14,761,126,15,1334,1105,10520,135466,7846,75,20730,31232,2215,26575,1016,587,3524,1079,1291,19,2062,5620,5772,157,3521,22558,2117,30818,488,1991,1876,6458,820,56589,1215,4392,2016,535,1734,412,137,19873,9983,2038,37347,6154,7745,20550,724,3853,1530,1020,2937,29444,168,577,96,64,29,17,1498,136,429,7579,3120,426,2573,37555,3522,333,1062,1004,925,2377,3661,3155,3369,46,92,37,902,26,1663,620,603,38,92,14,674,498,947,11020,5265,32995,1934,23135,24391,11653,33775,10577,22989,256,20722,25053,7789,6706,16612,13134,3883,748,708,418,60,468,889,123,48,19,21,3166,205,41792,9760,10140,222,111117,26622,2962,21131,17695,649,435,30204,13528,43824,3580,29786,193,28169,33,213,573,123,294,804,188,3305,1584,21,628,792,511,855,408,2072,1229,162,138,3727,2292,1573,1733,1133,309,635,612,340,347,217,299,1001,4085,1079,357,1373,2073,1927,11786,60021,2416,2047,2030,1150,767,588,626,883,524,99,5127,442,776,3578,350,1256,352,3317,998,948,554,820,136,464,480,2179,2189,795,894,694,1721,1260,648,756,851,3465,19,21,368,556,295,220,9731,71,6375,14,330,32,4605,471,4778,4627,5543,14,1849,72,123,899,2601,63030,611,1554,1575,747,219,2387,142,212,431,11457,4123,2934,922,57,141,76,10,37,639,1372,1710,474,2829,457,438,1374,48172,497,1889,88822,457,4113,901,4536,3787,2125,303,1642,6019,705,869,924,359,375,244,19375,1010,827,1011,442,1061,1082,18213,47,8056,1573,23,17746,4151,13,186,4194,451,26,5217,747,750,183,2494,958,13711,3039,903,760,960,422,1014,812,805,550,12,631,14,1315,100,49,123,615,186,507,578,28560,1724,9133,5007,1250,418,622,142,24047,399,11006,1928,8279,900,247,2033,27,22969,4333,7230,32192,3354,20264,256,91,359,979,397,979,712,1238,5644,900,33,433,946,20,12,2867,2854,23,728,138,17491,32593,24098,5990,27087,2964,206,65343,69123,10533,32956,50676,59766,232,124,696,693,187,810,762,219,282,473,5000,0.0,0.0,0.0,0.0,0.0,0.0,0.0,0.0,0.0,0.0,0.0,0.0,0.0,0.0,0.0,0.0,0.0,0.0,0.0,0.0,0.0,0.0,0.0,0.0,0.0,0.0,0.0,0.0,0.0,0.0,0.0,0.0,0.0,0.0,0.0,0.0,0.0,0.0,0.0,0.0,0.0,0.0,0.0,0.0,0.0,0.0,0.0,0.0,0.0,0.0,0.0,0.0,0.0,0.0,0.0,0.0,0.0,0.0,0.0,0.0,0.0,0.0,0.0,0.0,0.0,0.0,0.0,0.0,0.0,0.0,0.0,0.0,0.0,0.0,0.0,0.0,0.0,0.0,0.0,0.0,0.0,0.0,0.0,0.0,0.0,0.0,0.0,0.0,0.0,0.0,0.0,0.0,0.0,0.0,0.0,0.0,0.0,0.0,0.0,0.0,0.0,0.0,0.0,0.0,0.0,0.0,0.0,0.0,0.0,0.0,0.0,0.0,0.0,0.0,0.0,0.0,0.0,0.0,0.0,0.0,0.0,0.0,0.0,0.0,0.0,0.0,0.0,0.0,0.0,0.0,0.0,0.0,0.0,0.0,0.0,0.0,0.0,0.0,0.0,0.0,0.0,0.0,0.0,0.0,0.0,0.0,0.0,0.0,0.0,0.0
ENCFF695OJN,0.11182962582062643,176888,120,2107,35751,338,136062,7835,489,254,201,861,4846,1201,3644,21590,14210,1913,679,3960,5915,113,645,91,133,109,2319,13581,4332,23166,3783,102,74,479,2961,2616,27,2971,17,14,8232,8176,59,221,40,18,765,7090,18526,620,802,1923,2037,145,265,4653,105,345,444,237,1033,3174,198,6393,256,196,3812,443,28596,44289,4707,1798,1064,2605,4605,32,2096,894,1076,1327,340,1651,1928,2307,641,1036,5134,20,1205,1129,22,849,271,26,1037,783,12194,145644,8049,173,22775,32482,4089,28228,2022,1044,3288,1271,1597,44,3293,7267,8476,171,6233,33713,1252,28789,172,670,930,5973,375,44545,1800,7539,2426,216,1655,126,120,22116,2888,4542,12476,5232,10203,23212,523,5281,4128,1775,3556,33274,322,950,39,93,56,15,1481,316,983,12935,3381,293,3954,34982,2112,205,2049,595,326,2297,3767,4550,5976,80,141,48,1588,72,1897,830,10331,428,9,22,714,453,1887,10892,5173,38131,2944,18881,30257,14288,29774,15205,27787,132,22293,28726,9905,8760,23825,16577,3897,1000,1069,689,15,1173,1796,126,52,29,58,5355,148,33144,9345,3651,348,147505,39114,4485,21987,12132,976,674,29349,18309,43017,3426,41104,198,42988,112,235,1511,189,494,1320,380,5593,1964,59,1097,1031,921,1562,856,3717,1801,348,234,5837,4104,2080,3235,2393,529,1281,1239,719,462,342,280,1639,3813,1333,534,1492,3302,2590,7747,58713,11871,3289,3247,1500,1302,1032,977,1381,786,85,7338,892,2364,4782,516,1982,801,4200,2544,1697,1468,1373,313,683,544,3608,2734,1504,1207,1188,2410,2331,1556,917,1669,3664,54,63,588,1210,673,599,13556,343,9339,39,171,117,5043,569,7395,7949,9457,31,2263,230,52,1953,2495,73428,1126,1916,3086,1087,166,2801,55,94,1414,20689,6048,7139,1168,136,295,229,7,103,896,1812,2645,1161,4737,1024,661,1072,46348,248,2370,98509,563,5365,1486,8285,14782,2694,437,788,7152,1159,1659,1637,512,421,81,106211,2270,1583,1605,729,1548,1709,23216,55,15171,1145,42,27691,7359,52,357,6717,1163,264,8153,1126,1710,280,4584,1458,16976,1670,1841,1208,1680,865,1087,1317,1326,1059,60,985,72,2821,201,466,82,850,186,182,533,37147,1067,7743,4164,623,785,913,431,25591,800,12246,1934,9046,1318,40,2499,29,35687,6314,11788,41793,2179,15184,129,347,620,1489,820,1516,1227,1441,7999,1408,21,114,1521,53,52,2489,2447,8,721,264,21263,31648,25690,7039,26461,3684,654,54565,69049,11785,30465,56532,65373,120,56,1045,907,435,1341,579,429,229,718,7893,0.0,0.0,0.0,0.0,0.0,0.0,0.0,0.0,0.0,0.0,0.0,0.0,0.0,0.0,0.0,0.0,0.0,0.0,0.0,0.0,0.0,0.0,0.0,0.0,0.0,0.0,0.0,0.0,0.0,0.0,0.0,0.0,0.0,0.0,0.0,0.0,0.0,0.0,0.0,0.0,0.0,0.0,0.0,0.0,0.0,0.0,0.0,0.0,0.0,0.0,0.0,0.0,0.0,0.0,0.0,0.0,0.0,0.0,0.0,0.0,0.0,0.0,0.0,0.0,0.0,0.0,0.0,0.0,0.0,0.0,0.0,0.0,0.0,0.0,0.0,0.0,0.0,0.0,0.0,0.0,0.0,0.0,0.0,0.0,0.0,0.0,0.0,0.0,0.0,0.0,0.0,0.0,0.0,0.0,0.0,0.0,0.0,0.0,0.0,0.0,0.0,0.0,0.0,0.0,0.0,0.0,0.0,0.0,0.0,0.0,0.0,0.0,0.0,0.0,0.0,0.0,0.0,0.0,0.0,0.0,0.0,0.0,0.0,0.0,0.0,0.0,0.0,0.0,0.0,0.0,0.0,0.0,0.0,0.0,0.0,0.0,0.0,0.0,0.0,0.0,0.0,0.0,0.0,0.0,0.0,0.0,0.0,0.0,0.0,0.0
ENCFF971MVL,0.09942530156414126,2794,16,189,2506,36,7026,752,31,18,34,67,296,155,444,1270,1599,173,112,501,419,11,79,12,11,5,124,27,332,1733,375,8,7,52,186,160,1,226,1,1,696,1070,13,54,8,6,74,539,1461,9,57,118,124,37,62,668,5,45,19,16,91,137,68,825,196,40,5,4,3410,4287,696,94,84,171,628,16,142,56,80,88,25,116,115,308,33,72,349,1,85,72,0,131,32,8,93,84,1696,14845,971,13,2638,3754,257,3198,134,61,452,155,144,5,424,733,811,7,440,3642,95,2529,13,54,76,633,15,3706,101,552,233,37,251,15,6,3461,522,14,1807,480,1435,2915,3,381,377,112,356,3259,42,12,10,10,5,2,229,57,36,920,384,23,299,2516,215,30,119,110,88,252,365,346,778,3,6,9,114,1,119,58,157,17,1,1,46,56,112,1431,579,4489,231,2042,3137,1204,2458,1344,2297,36,3047,3518,1413,1005,2528,1787,466,96,2,63,3,80,114,13,2,0,2,478,8,2902,829,505,27,21750,3359,405,2548,1596,129,73,3333,1519,4127,149,4317,4,4165,0,20,109,1,24,72,26,396,311,13,73,65,62,77,43,242,128,40,23,575,346,178,390,149,37,76,81,51,30,19,58,102,445,65,34,131,251,171,844,2216,26,206,388,112,97,58,54,77,46,18,834,52,115,552,29,178,51,378,137,94,79,83,77,42,57,241,190,78,90,79,282,172,123,70,118,335,1,2,34,66,61,27,1594,11,928,1,13,12,611,81,840,699,779,1,246,1,8,140,387,6336,64,205,272,121,0,203,10,40,175,1505,587,293,149,0,23,5,0,4,66,115,207,59,290,72,34,197,4102,17,176,10724,57,705,89,612,65,201,36,7,320,72,91,87,52,31,26,196,132,109,97,45,102,97,2141,1,1309,136,3,2859,837,8,52,541,124,2,687,78,217,22,391,102,1365,156,25,62,89,40,100,83,142,58,6,75,2,233,106,10,6,13,44,14,67,1809,44,644,308,48,73,56,12,3582,6,1269,107,1274,122,4,261,2,2611,500,886,3652,122,1453,12,15,41,99,45,94,71,99,426,88,1,18,110,1,5,337,401,2,2,21,2500,3269,2527,609,3314,540,45,5970,7964,1194,3243,6367,7469,17,12,59,58,30,83,99,38,22,66,578,0.0,0.0,0.0,0.0,0.0,0.0,0.0,0.0,0.0,0.0,0.0,0.0,0.0,0.0,0.0,0.0,0.0,0.0,0.0,0.0,0.0,0.0,0.0,0.0,0.0,0.0,0.0,0.0,0.0,0.0,0.0,0.0,0.0,0.0,0.0,0.0,0.0,0.0,0.0,0.0,0.0,0.0,0.0,0.0,0.0,0.0,0.0,0.0,0.0,0.0,0.0,0.0,0.0,0.0,0.0,0.0,0.0,0.0,0.0,0.0,0.0,0.0,0.0,0.0,0.0,0.0,0.0,0.0,0.0,0.0,0.0,0.0,0.0,0.0,0.0,0.0,0.0,0.0,0.0,0.0,0.0,0.0,0.0,0.0,0.0,0.0,0.0,0.0,0.0,0.0,0.0,0.0,0.0,0.0,0.0,0.0,0.0,0.0,0.0,0.0,0.0,0.0,0.0,0.0,0.0,0.0,0.0,0.0,0.0,0.0,0.0,0.0,0.0,0.0,0.0,0.0,0.0,0.0,0.0,0.0,0.0,0.0,0.0,0.0,0.0,0.0,0.0,0.0,0.0,0.0,0.0,0.0,0.0,0.0,0.0,0.0,0.0,0.0,0.0,0.0,0.0,0.0,0.0,0.0,0.0,0.0,0.0,0.0,0.0,0.0
ENCFF756MPL,0.12789465793556828,262587,293,1742,43762,275,133642,33237,382,251,203,982,4218,1198,3782,26842,14008,2072,600,7200,6982,795,728,130,91,65,2292,24202,3780,21856,4575,144,65,484,3268,2996,31,3389,22,10,12298,9414,36,291,25,57,1040,7297,19439,1199,1242,1896,1766,195,238,6922,56,628,555,170,995,2295,245,10454,349,218,6078,116,35734,50236,6198,1583,899,2595,6856,71,2152,775,937,1164,340,1490,2906,2459,509,1040,4580,15,1145,932,26,1083,151,45,1174,826,18018,159021,10629,232,30090,37186,3663,32916,2814,906,4200,1936,1926,24,4298,9717,11696,232,8994,39499,1102,31011,165,732,946,6927,303,49159,1626,9666,2863,310,2526,148,408,28696,3424,11663,14014,5682,26652,27945,684,5133,8024,2121,3993,43135,413,1377,63,50,19,30,1778,449,533,16590,3832,271,3958,42125,2041,232,2198,2663,1142,2789,7913,10165,10414,29,95,53,1316,28,1574,720,892,206,16,15,650,482,2027,12603,5848,45865,3002,19733,29917,14469,28463,16734,28970,140,25469,32525,13883,9771,33563,19071,4773,1105,1774,1062,34,922,1533,100,14,20,83,5919,119,35096,12246,3715,574,254671,45269,5124,26806,17002,1003,881,33769,23537,56688,3458,57346,191,66538,27,368,1119,40,456,1307,1135,5933,2787,59,935,859,730,1402,684,4307,2327,1735,237,5805,4731,2032,5766,2164,438,1298,1130,610,369,302,393,1319,5357,1424,480,1389,4528,2524,7492,29081,19723,3506,4717,1562,1248,1142,826,1160,636,195,9908,767,2111,5699,425,2320,703,4482,2193,1618,1178,1284,1341,595,661,3282,2358,1196,1053,999,2964,2263,1425,813,1442,3956,37,45,513,1067,1353,496,17204,247,12848,33,171,353,5592,755,10793,9389,14459,28,2546,66,24,1951,3753,73847,1629,2887,3811,1105,139,3487,56,376,1771,23138,9378,4859,1402,85,222,67,15,58,732,2325,2739,1590,4495,825,535,1486,54920,402,2161,108178,540,6175,1262,8643,24842,2612,341,1527,10183,1005,2072,2135,453,344,120,155449,2991,1459,1784,811,1696,2118,24225,9,16245,1245,39,38393,8621,55,427,8975,1773,62,7268,935,3755,196,5479,1363,16089,1627,3225,872,1598,852,1049,1193,1659,826,28,1058,36,3341,172,125,42,1451,1540,178,599,37930,938,7162,3913,543,854,1341,317,32473,1482,13639,2008,10464,1873,69,2921,22,40322,7617,14861,55429,1431,13348,125,655,473,1315,727,1674,1098,1439,7409,1508,22,124,1308,53,44,3304,3063,15,1210,189,29049,35157,28540,6691,31702,4503,491,59694,78667,13391,35931,64077,76184,136,88,873,737,368,1147,1214,337,159,954,8558,0.0,0.0,0.0,0.0,0.0,0.0,0.0,0.0,0.0,0.0,0.0,0.0,0.0,0.0,0.0,0.0,0.0,0.0,0.0,0.0,0.0,0.0,0.0,0.0,0.0,0.0,0.0,0.0,0.0,0.0,0.0,0.0,0.0,0.0,0.0,0.0,0.0,0.0,0.0,0.0,0.0,0.0,0.0,0.0,0.0,0.0,0.0,0.0,0.0,0.0,0.0,0.0,0.0,0.0,0.0,0.0,0.0,0.0,0.0,0.0,0.0,0.0,0.0,0.0,0.0,0.0,0.0,0.0,0.0,0.0,0.0,0.0,0.0,0.0,0.0,0.0,0.0,0.0,0.0,0.0,0.0,0.0,0.0,0.0,0.0,0.0,0.0,0.0,0.0,0.0,0.0,0.0,0.0,0.0,0.0,0.0,0.0,0.0,0.0,0.0,0.0,0.0,0.0,0.0,0.0,0.0,0.0,0.0,0.0,0.0,0.0,0.0,0.0,0.0,0.0,0.0,0.0,0.0,0.0,0.0,0.0,0.0,0.0,0.0,0.0,0.0,0.0,0.0,0.0,0.0,0.0,0.0,0.0,0.0,0.0,0.0,0.0,0.0,0.0,0.0,0.0,0.0,0.0,0.0,0.0,0.0,0.0,0.0,0.0,0.0
ENCFF000YDZ,0.14946250880951237,35594,225,3459,36196,631,78308,5314,256,535,272,564,2983,3701,8029,19070,26261,3223,477,5355,5811,170,737,80,55,52,804,473,3163,27505,3530,252,169,466,1754,1583,33,1948,30,22,7971,11345,97,682,75,59,540,5417,22890,71,519,1002,1377,429,345,9324,148,337,352,87,689,1420,437,13722,282,221,133,80,47544,49738,8333,1040,721,1189,44195,331,1123,496,824,801,239,995,1049,3819,432,547,3564,19,835,483,19,1236,134,32,967,1243,18469,170187,10851,99,28696,39797,2334,33972,1038,633,5199,1564,1663,17,2956,8284,7922,117,4863,34526,2340,30784,472,1897,1962,8586,814,45818,1239,5997,2994,707,2754,393,139,81221,11482,414,27142,7762,47731,27864,98,4279,3377,1096,3385,45846,437,249,112,116,37,18,2218,321,605,10761,5105,702,3849,36869,3237,487,1077,1001,888,2976,4111,3561,7241,63,202,32,954,15,1704,588,983,298,25,5,472,707,931,15123,7279,45534,2225,27989,32952,13880,30524,12837,26712,311,29079,33592,13520,9571,23364,17967,5369,944,123,728,64,500,893,176,45,33,41,3877,288,34210,11504,10473,191,202998,35518,3505,26883,24097,1057,620,39177,18484,56777,4017,42470,137,43725,82,339,818,123,280,877,190,3962,2349,127,660,906,586,877,427,2247,1352,690,215,4580,3052,1937,2769,1188,355,584,730,373,333,270,764,1110,4989,1333,379,1747,2217,1968,11052,23130,348,2185,4114,1368,752,576,605,924,534,293,7450,493,777,5701,323,1453,401,4115,1065,987,520,887,1574,434,491,2356,2328,743,957,744,3173,1528,789,770,922,3658,28,29,370,605,500,224,15231,65,9838,25,513,202,6413,867,7121,6213,7088,17,2542,111,234,1008,3835,73203,634,1843,2296,1057,49,2515,203,172,659,13781,6248,2876,1370,40,155,115,8,32,643,594,2315,513,3563,481,477,1843,47672,337,2078,126060,508,5925,889,4881,653,2339,293,250,3816,752,984,974,390,373,240,2971,1136,927,977,433,1078,1199,24350,55,10077,2154,24,26892,6834,16,291,5687,680,60,6578,822,3184,299,2839,1086,23756,3234,609,756,1063,423,1130,810,1407,457,26,1178,18,1790,247,45,180,354,166,611,703,29448,1775,9639,5262,1234,489,791,175,38580,96,14410,1483,12607,1360,303,2839,28,26801,5085,8837,41388,2149,18493,224,138,351,824,476,1036,715,1377,6816,972,31,224,1016,14,27,4181,4239,2,120,226,24366,39835,29996,7103,35092,4090,539,63259,87931,12593,40934,64363,78726,332,190,716,670,191,821,1260,305,504,664,6709,0.0,0.0,0.0,0.0,0.0,0.0,0.0,0.0,0.0,0.0,0.0,0.0,0.0,0.0,0.0,0.0,0.0,0.0,0.0,0.0,0.0,0.0,0.0,0.0,0.0,0.0,0.0,0.0,0.0,0.0,0.0,0.0,0.0,0.0,0.0,0.0,0.0,0.0,0.0,0.0,0.0,0.0,0.0,0.0,0.0,0.0,0.0,0.0,0.0,0.0,0.0,0.0,0.0,0.0,0.0,0.0,0.0,0.0,0.0,0.0,0.0,0.0,0.0,0.0,0.0,0.0,0.0,0.0,0.0,0.0,0.0,0.0,0.0,0.0,0.0,0.0,0.0,0.0,0.0,0.0,0.0,0.0,0.0,0.0,0.0,0.0,0.0,0.0,0.0,0.0,0.0,0.0,0.0,0.0,0.0,0.0,0.0,0.0,0.0,0.0,0.0,0.0,0.0,0.0,0.0,0.0,0.0,0.0,0.0,0.0,0.0,0.0,0.0,0.0,0.0,0.0,0.0,0.0,0.0,0.0,0.0,0.0,0.0,0.0,0.0,0.0,0.0,0.0,0.0,0.0,0.0,0.0,0.0,0.0,0.0,0.0,0.0,0.0,0.0,0.0,0.0,0.0,0.0,0.0,0.0,0.0,0.0,0.0,0.0,0.0
ENCFF604PGV,0.1520219995052626,20168186,161824,19571,683,5,18156,6548,131,259,91,24540,686,747,392,55,27,2902,1196,5192,11386,259,1071,94,5285,62,396,584100,1314,214,4061,990,4214,477,682,539,96,948,1,0,25118,11322,6,198,55,5078,239,3087,31,116427,627,378,417,548,983,601492,9,239,86,23,2405,501,0,3,11,4,83599,1,36642,347133,58019,409,257,13559,13432,158,431,177,256,301,95,408,351,3184,133,156,1254,126,294,352,4,3466,10,7,1707,101,36,391791,15104,41,376869,68401,690,62607,548,227,6680,3259,2123,0,286421,150149,29205,251,9017,197398,113,8030,0,3,248,7683,0,128,318,55294,10879,881,3096,137,393,37116,1722,283547,99,648,14271,134071,43733,16349,866,295,19195,1078,21,160882,3,78,138,7,1931,471,251,19744,6725,278,2132,724,170,3250,462,749,403,1869,2291,2974,94487,351,206,6,334,0,398,163,5932,15774,0,0,558,387,446,35078,7705,181918,2042,17930,25647,14077,6654,16986,21736,86,54446,56535,31027,17506,73812,409800,10713,558,2672,40,1,185,476,121,7,131,2,5818,0,8680,4155,16,5,9748972,24043,29765,42523,517,1475,3499,21221,12075,14368,186,82581,6,62498,957,98,2114,0,163,340,619,3026,3359,75,247,236,217,332,175,970,454,5263,315,7378,3611,1343,14349,522,98,347,220,168,100,90,2989,327,5244,470,132,740,1180,504,1103,270,987216,1432,44571,714,203,157,219,237,166,794,27323,233,538,6175,100,1312,147,3109,435,423,223,297,102,190,369,961,610,302,436,244,5671,2024,310,182,328,1136,326,38,177,361,428,0,48720,67,29033,108,186,17,4184,568,29004,31197,5523,0,2426,56,20,52,3213,31253,23888,5659,25016,1196,241,705,28,147,2207,11932,3930,1354,1864,60,4349,11,0,6,222,12,2119,178,1462,214,136,310,189,25720,1105,136253,14248,8370,273,3167,520678,1107,149,101751,236899,272,468,375,131,90,111,7958985,492,345,378,779,419,397,23397,366,8455,4336,2,228561,26091,14,400,3214,5220,5,3418,275,563,394,2581,359,465,115,178855,264,378,210,306,319,1766,12,0,3080,6,2350,1385,155,65,77593,1318,1,59,1381,4,1286,720,94,562,1520,41,105893,70733,26285,1491,18121,1525,22,3727,0,89108,5296,7377,186014,360,975,103,0,127,443,43166,265,253,506,321,305,0,2595,430,0,0,6766,4136,46,68157,3623,26222,67160,23082,3376,29380,8861,279,39826,221959,7853,47557,153281,67483,36,415,180,179,148,274,1763,231,1994,413,16887,0.0,0.0,0.0,0.0,0.0,0.0,0.0,0.0,0.0,0.0,0.0,0.0,0.0,0.0,0.0,0.0,0.0,0.0,0.0,0.0,0.0,0.0,0.0,0.0,0.0,0.0,0.0,0.0,0.0,0.0,0.0,0.0,0.0,0.0,0.0,0.0,0.0,0.0,0.0,0.0,0.0,0.0,0.0,0.0,0.0,0.0,0.0,0.0,0.0,0.0,0.0,0.0,0.0,0.0,0.0,0.0,0.0,0.0,0.0,0.0,0.0,0.0,0.0,0.0,0.0,0.0,0.0,0.0,0.0,0.0,0.0,0.0,0.0,0.0,0.0,0.0,0.0,0.0,0.0,0.0,0.0,0.0,0.0,0.0,0.0,0.0,0.0,0.0,0.0,0.0,0.0,0.0,0.0,0.0,0.0,0.0,0.0,0.0,0.0,0.0,0.0,0.0,0.0,0.0,0.0,0.0,0.0,0.0,0.0,0.0,0.0,0.0,0.0,0.0,0.0,0.0,0.0,0.0,0.0,0.0,0.0,0.0,0.0,0.0,0.0,0.0,0.0,0.0,0.0,0.0,0.0,0.0,0.0,0.0,0.0,0.0,0.0,0.0,0.0,0.0,0.0,0.0,0.0,0.0,0.0,0.0,0.0,0.0,0.0,0.0
ENCFF638ZSQ,0.09970997450177499,38538,92,1986,21866,188,51152,6822,199,224,246,830,3200,1338,3105,6771,11891,1808,503,3893,6491,128,474,51,94,74,798,837,2499,9377,4696,224,61,359,1515,1339,29,1739,43,185,8326,8983,92,580,53,31,574,4966,7480,112,401,829,998,381,468,6430,149,288,377,131,1196,1295,141,2884,714,339,230,118,24081,32786,8427,843,551,1276,4389,286,1003,488,602,637,174,671,956,2800,386,466,3056,29,620,468,35,932,85,12,822,628,4256,127761,8151,86,22187,37953,2115,30796,1034,494,5508,1552,4415,30,4471,13345,12905,110,4535,34074,906,14759,97,477,622,6300,202,17049,907,7700,4135,1096,3061,351,83,31800,4369,588,7599,3041,12915,27276,64,3627,1740,1012,3023,19128,427,216,441,99,23,39,1979,292,2568,9991,3383,454,2957,22949,1614,344,968,927,826,2149,7193,4436,5173,235,250,90,720,43,1176,477,1067,638,21,4,352,669,864,12129,5852,40228,1681,22574,24966,11515,14477,13300,23265,244,25211,30349,9339,7594,24101,17295,5012,651,176,397,86,397,718,126,88,29,82,3960,114,23675,6523,5140,188,138914,23990,2554,19135,7472,1059,772,24610,11270,27514,1247,44133,103,40421,26,307,835,46,270,769,345,4154,2190,852,459,640,448,679,343,1989,1154,208,201,4146,2721,1720,2844,958,223,523,523,259,277,229,341,828,4458,596,303,1305,2016,1759,6285,10176,521,2005,4870,1066,604,490,430,681,322,81,7056,420,795,4250,247,1212,354,3836,881,759,392,682,1040,421,859,1919,1586,569,694,615,1812,1193,739,546,722,3203,16,31,302,486,1276,232,14792,116,11904,25,280,39,5351,755,9237,7310,5641,42,2706,218,150,913,4197,30993,528,2077,1794,866,37,2207,185,240,874,13204,4530,4435,1180,54,115,85,9,104,466,1080,1907,530,2888,424,432,1032,29740,255,1613,101158,362,4859,701,4650,1040,1802,261,381,3028,614,807,919,318,357,255,4709,1074,712,923,1027,908,988,22255,157,8719,1647,47,25578,5458,16,214,4533,937,88,5579,538,2538,181,2630,932,6488,1569,406,600,891,392,861,623,1681,518,48,719,30,3268,174,53,202,316,370,202,360,9580,454,4544,2074,407,403,1655,110,38468,79,13413,1122,9345,1376,245,2207,20,34516,7340,11827,57036,1241,5778,124,322,339,701,368,820,525,1141,3592,797,17,202,801,20,57,3124,3983,1,148,162,21008,29403,22107,5180,26377,3523,322,45435,74930,8773,29212,54973,61513,160,93,499,488,186,583,1919,249,376,553,6665,0.0,0.0,0.0,0.0,0.0,0.0,0.0,0.0,0.0,0.0,0.0,0.0,0.0,0.0,0.0,0.0,0.0,0.0,0.0,0.0,0.0,0.0,0.0,0.0,0.0,0.0,0.0,0.0,0.0,0.0,0.0,0.0,0.0,0.0,0.0,0.0,0.0,0.0,0.0,0.0,0.0,0.0,0.0,0.0,0.0,0.0,0.0,0.0,0.0,0.0,0.0,0.0,0.0,0.0,0.0,0.0,0.0,0.0,0.0,0.0,0.0,0.0,0.0,0.0,0.0,0.0,0.0,0.0,0.0,0.0,0.0,0.0,0.0,0.0,0.0,0.0,0.0,0.0,0.0,0.0,0.0,0.0,0.0,0.0,0.0,0.0,0.0,0.0,0.0,0.0,0.0,0.0,0.0,0.0,0.0,0.0,0.0,0.0,0.0,0.0,0.0,0.0,0.0,0.0,0.0,0.0,0.0,0.0,0.0,0.0,0.0,0.0,0.0,0.0,0.0,0.0,0.0,0.0,0.0,0.0,0.0,0.0,0.0,0.0,0.0,0.0,0.0,0.0,0.0,0.0,0.0,0.0,0.0,0.0,0.0,0.0,0.0,0.0,0.0,0.0,0.0,0.0,0.0,0.0,0.0,0.0,0.0,0.0,0.0,0.0
ENCFF970CDE,0.06244870457199357,932373,4016,15831,119958,1687,190423,20057,716,1169,873,1996,10602,9711,25610,56615,55284,9708,1180,20300,16364,338,1783,227,250,163,3745,88806,10515,75773,9225,725,4631,1828,5809,5620,2702,6029,87,298,24490,28843,327,2012,246,1141,2503,17781,84176,13259,1415,3746,4459,1027,976,17462,558,923,1207,534,1767,4915,2528,45243,1831,5902,22284,362,168373,151873,18051,3660,2127,18840,14681,758,4088,1543,2512,2621,689,3107,3998,9733,1367,1796,11742,61,2656,1451,37,3205,601,117,4920,4816,80972,490452,29206,485,76671,113126,7890,98314,4571,1885,14476,4825,5541,39,7930,20827,20539,649,15284,87086,7292,93417,1305,5713,6443,25189,2189,129465,4756,16952,8237,2334,6736,1057,307,75758,32767,50105,83666,25480,38987,69697,15106,14832,12887,4474,16609,150593,1738,11467,391,285,128,114,5568,703,2279,30360,12016,1668,13314,124725,11796,1127,3863,4043,4112,9198,12491,10879,16195,258,328,146,3236,95,5819,1824,5082,173366,1758,84,5600,2004,3406,41554,18627,137169,7092,81643,90013,47106,93843,42609,86887,585,79756,96066,30287,26616,70730,53330,21581,2888,19386,2658,1165,1709,2831,416,125,148,155,12167,1033,135496,40864,26410,991,906164,126716,19414,83690,83302,2814,1971,130862,68094,203809,10914,120962,690,108207,79,980,2819,637,814,3123,1214,12013,6699,126,2006,2903,1731,2741,1252,8473,4947,1494,1186,13862,8635,5781,8561,3903,1081,2014,2284,1029,1031,799,1500,3634,18933,4161,1133,5275,7618,7219,47101,195142,56488,7426,9740,3973,2975,2335,1946,2842,1543,615,22075,1444,2524,14741,1103,4683,1101,12287,3510,3253,1951,2902,1228,1339,4466,7923,7547,2452,2926,2179,6303,4506,2364,2495,3018,13375,98,90,1199,1837,1303,1056,37901,409,26363,122,1261,265,17329,1830,19678,20108,23230,61,7743,218,497,6719,9691,247261,6055,13590,7244,3099,3592,9955,496,1293,1967,52642,23572,9973,3352,109,694,328,65,92,2139,5082,7441,2046,11079,1604,1427,5689,159717,4565,6704,341260,2193,15327,3235,17633,89535,8599,913,30602,85341,2504,3335,3551,1257,1286,2008,379834,4116,2961,3771,1761,4167,4389,68672,149,30044,5950,104,71870,19636,138,640,19195,2211,114,19792,2497,3961,685,10241,3615,76092,12515,11778,2700,3703,1254,3677,2645,3499,3197,63,3093,74,5659,757,267,448,9543,2041,1977,3261,102038,4967,33426,18177,3506,1715,2798,488,90524,8453,44114,19177,30749,3444,1047,7738,107,104342,18635,32976,141844,15899,56137,2809,1013,977,8764,3741,4017,2380,5046,25756,3453,81,7108,3188,78,94,9532,9662,55,20447,495,66553,134443,98826,26694,99781,12019,2394,213773,276320,43881,129406,206827,233827,634,484,2279,2023,642,2767,3693,867,1207,1914,19951,0.0,0.0,0.0,0.0,0.0,0.0,0.0,0.0,0.0,0.0,0.0,0.0,0.0,0.0,0.0,0.0,0.0,0.0,0.0,0.0,0.0,0.0,0.0,0.0,0.0,0.0,0.0,0.0,0.0,0.0,0.0,0.0,0.0,0.0,0.0,0.0,0.0,0.0,0.0,0.0,0.0,0.0,0.0,0.0,0.0,0.0,0.0,0.0,0.0,0.0,0.0,0.0,0.0,0.0,0.0,0.0,0.0,0.0,0.0,0.0,0.0,0.0,0.0,0.0,0.0,0.0,0.0,0.0,0.0,0.0,0.0,0.0,0.0,0.0,0.0,0.0,0.0,0.0,0.0,0.0,0.0,0.0,0.0,0.0,0.0,0.0,0.0,0.0,0.0,0.0,0.0,0.0,0.0,0.0,0.0,0.0,0.0,0.0,0.0,0.0,0.0,0.0,0.0,0.0,0.0,0.0,0.0,0.0,0.0,0.0,0.0,0.0,0.0,0.0,0.0,0.0,0.0,0.0,0.0,0.0,0.0,0.0,0.0,0.0,0.0,0.0,0.0,0.0,0.0,0.0,0.0,0.0,0.0,0.0,0.0,0.0,0.0,0.0,0.0,0.0,0.0,0.0,0.0,0.0,0.0,0.0,0.0,0.0,0.0,0.0
ENCFF000XQC,0.08016465772058788,7418,19,428,4167,126,9790,551,43,65,39,44,330,614,1232,2140,3219,454,37,527,600,22,66,9,10,2,90,339,451,5556,352,25,31,40,248,204,5,214,3,3,870,1103,5,85,10,10,54,600,3213,49,94,124,191,41,30,623,15,36,36,19,69,178,33,1893,53,46,116,9,6462,5689,719,146,78,164,530,22,152,79,104,117,25,146,145,405,71,64,426,1,100,65,3,142,18,5,180,179,2523,17893,1006,17,2857,4089,271,3552,154,73,486,144,160,1,250,711,684,10,516,3684,423,5558,113,480,360,944,207,7510,189,659,245,64,288,37,23,2882,1717,285,3072,1160,1324,2715,65,517,357,167,418,7138,56,49,12,11,1,5,206,31,53,1050,424,61,566,4408,532,37,119,116,98,316,439,403,472,6,23,7,101,9,233,109,277,1472,12,0,88,81,112,1693,752,4792,299,3597,3907,1737,5275,1603,3383,24,2914,3516,1076,985,2546,2053,714,110,54,86,8,82,115,21,12,3,10,437,46,7502,1701,1666,43,19870,4225,475,3241,3582,103,56,4884,2116,7223,764,4260,14,4219,4,34,77,44,30,88,29,395,239,2,93,122,78,135,64,282,189,16,20,487,323,219,258,145,49,75,97,60,55,23,46,165,534,154,59,199,313,236,1623,5990,256,295,302,175,90,83,55,102,76,7,775,65,110,474,48,173,66,399,134,129,85,130,19,59,68,310,306,97,129,101,269,144,95,99,123,453,2,4,64,70,43,32,1350,20,955,0,41,7,659,89,605,690,793,8,254,18,22,198,353,9242,74,234,225,116,25,294,22,14,70,1562,703,331,146,2,23,14,4,4,106,158,262,62,428,67,66,189,6398,66,267,12294,55,614,118,615,381,336,42,179,732,120,100,110,75,61,26,1950,157,140,131,44,143,158,2578,7,1150,222,1,2627,785,8,26,698,72,12,755,89,156,32,360,143,2774,480,94,108,124,63,159,107,143,107,5,113,7,208,13,1,12,81,36,111,109,3178,422,1365,922,236,82,106,19,3395,43,1390,253,1183,120,31,294,6,2940,534,987,4399,634,2181,45,24,39,121,65,137,83,160,880,112,5,37,159,3,1,368,372,3,59,22,2331,4590,3470,865,3617,442,37,8940,9709,1565,4580,7313,8358,37,27,103,120,29,104,133,34,40,68,740,0.0,0.0,0.0,0.0,0.0,0.0,0.0,0.0,0.0,0.0,0.0,0.0,0.0,0.0,0.0,0.0,0.0,0.0,0.0,0.0,0.0,0.0,0.0,0.0,0.0,0.0,0.0,0.0,0.0,0.0,0.0,0.0,0.0,0.0,0.0,0.0,0.0,0.0,0.0,0.0,0.0,0.0,0.0,0.0,0.0,0.0,0.0,0.0,0.0,0.0,0.0,0.0,0.0,0.0,0.0,0.0,0.0,0.0,0.0,0.0,0.0,0.0,0.0,0.0,0.0,0.0,0.0,0.0,0.0,0.0,0.0,0.0,0.0,0.0,0.0,0.0,0.0,0.0,0.0,0.0,0.0,0.0,0.0,0.0,0.0,0.0,0.0,0.0,0.0,0.0,0.0,0.0,0.0,0.0,0.0,0.0,0.0,0.0,0.0,0.0,0.0,0.0,0.0,0.0,0.0,0.0,0.0,0.0,0.0,0.0,0.0,0.0,0.0,0.0,0.0,0.0,0.0,0.0,0.0,0.0,0.0,0.0,0.0,0.0,0.0,0.0,0.0,0.0,0.0,0.0,0.0,0.0,0.0,0.0,0.0,0.0,0.0,0.0,0.0,0.0,0.0,0.0,0.0,0.0,0.0,0.0,0.0,0.0,0.0,0.0
ENCFF000PZP,0.1457654084461867,81977,178,5084,34596,545,90290,13924,407,429,557,1406,5215,1737,4516,20505,16219,3637,751,5193,11129,367,1277,131,160,99,1455,2142,4762,24398,6748,446,310,752,2686,2555,85,3093,31,57,14394,19142,56,912,28,71,1218,8705,18955,281,875,1516,1997,763,602,14458,249,595,800,298,1364,2562,155,4945,365,363,643,243,50114,77135,14373,1534,928,2126,16394,548,1944,748,1114,1211,255,1371,2235,6173,687,762,5144,22,1178,757,28,2070,205,16,1924,1398,10117,282625,18515,150,51203,69137,3805,59352,1886,908,9254,2979,2918,45,5308,14678,16415,200,8779,56387,1923,28897,380,1342,2053,13881,622,30107,1906,13326,5393,1093,4757,567,250,60214,6513,2647,13228,4825,38373,50864,381,7149,1855,1767,6796,31426,507,684,60,190,46,68,4082,448,1311,21349,8994,1194,6274,36078,3772,837,1698,1044,986,4706,8956,9119,10981,90,153,50,1374,352,2442,829,1474,3095,76,9,762,1244,1578,27411,12257,75112,3402,37617,50640,22307,33782,20391,41696,324,45603,52610,20395,16189,40366,33535,8080,1311,552,930,80,701,1247,269,80,24,98,7680,184,36819,15463,3859,231,269559,54662,5438,43238,12333,1998,1273,56665,26852,63422,3302,88857,377,95711,70,810,1700,515,392,1462,376,6469,3659,63,885,1306,855,1265,619,3958,2278,572,393,7463,4777,3418,7219,1710,480,901,1012,495,509,366,848,1546,6910,1706,569,2661,3578,3045,10996,21057,1572,3648,5786,2030,1118,894,883,1258,722,226,12207,708,1176,9536,475,2364,608,6469,1450,1399,774,1303,549,736,818,3334,3197,1148,1302,1005,4328,2244,1085,1109,1353,5560,56,58,539,833,1065,662,28732,571,19449,31,884,128,11807,1458,13714,13492,12070,38,4151,152,318,2204,6964,70014,1237,3416,3560,1969,125,3867,336,378,1914,21975,7280,5793,2404,358,461,227,13,89,964,2835,4461,1245,6692,705,727,1350,39942,617,2980,221586,679,10237,1342,7648,2673,3771,441,799,8105,1143,1604,1793,581,586,403,12114,1949,1346,1742,745,1686,2263,43777,91,16326,3658,35,54802,12470,70,536,11233,1280,140,10644,1132,4635,524,5069,1551,16855,3569,1203,1115,1917,666,1764,1161,2800,1034,47,1794,78,3060,213,98,373,823,726,401,712,39392,1492,11184,5798,1230,644,2397,424,74033,330,26253,2852,22471,2661,541,5212,76,49522,9284,16889,74681,2618,15483,338,491,517,1345,639,1641,949,2038,11284,1512,58,478,1507,41,38,7251,7831,14,545,324,43461,59684,42917,10987,60791,6804,451,93737,139896,20097,61930,103240,133670,317,255,1082,924,342,1226,2464,582,1948,998,12251,0.0,0.0,0.0,0.0,0.0,0.0,0.0,0.0,0.0,0.0,0.0,0.0,0.0,0.0,0.0,0.0,0.0,0.0,0.0,0.0,0.0,0.0,0.0,0.0,0.0,0.0,0.0,0.0,0.0,0.0,0.0,0.0,0.0,0.0,0.0,0.0,0.0,0.0,0.0,0.0,0.0,0.0,0.0,0.0,0.0,0.0,0.0,0.0,0.0,0.0,0.0,0.0,0.0,0.0,0.0,0.0,0.0,0.0,0.0,0.0,0.0,0.0,0.0,0.0,0.0,0.0,0.0,0.0,0.0,0.0,0.0,0.0,0.0,0.0,0.0,0.0,0.0,0.0,0.0,0.0,0.0,0.0,0.0,0.0,0.0,0.0,0.0,0.0,0.0,0.0,0.0,0.0,0.0,0.0,0.0,0.0,0.0,0.0,0.0,0.0,0.0,0.0,0.0,0.0,0.0,0.0,0.0,0.0,0.0,0.0,0.0,0.0,0.0,0.0,0.0,0.0,0.0,0.0,0.0,0.0,0.0,0.0,0.0,0.0,0.0,0.0,0.0,0.0,0.0,0.0,0.0,0.0,0.0,0.0,0.0,0.0,0.0,0.0,0.0,0.0,0.0,0.0,0.0,0.0,0.0,0.0,0.0,0.0,0.0,0.0
ENCFF000ZRH,0.06888943501965526,1758,14,208,1497,27,2459,234,22,19,8,24,130,196,435,767,995,163,21,221,238,11,40,2,1,3,37,55,149,1492,160,12,5,20,87,75,6,68,0,1,310,516,1,35,0,7,28,228,1335,8,29,34,64,36,18,351,11,20,19,10,41,67,28,674,12,36,17,2,2232,2524,380,49,30,62,301,12,43,24,33,34,6,44,51,184,17,24,143,2,34,26,0,76,13,0,66,59,644,7600,540,8,1336,1866,111,1609,131,19,247,72,87,1,147,365,368,4,211,1516,122,1239,30,86,81,370,42,1892,60,264,108,34,179,13,4,1394,654,47,836,364,647,1312,11,198,149,49,141,1346,20,11,4,7,1,2,108,9,19,436,220,25,191,1486,145,15,49,40,52,134,220,177,277,4,10,4,50,3,91,27,237,781,1,0,23,40,39,723,303,2029,115,1320,1498,702,1396,602,1236,10,1262,1484,468,434,1075,840,321,35,8,30,5,33,34,6,1,3,7,160,9,1548,624,556,7,9754,1660,157,1231,1208,64,36,1862,787,2629,188,1971,10,2075,4,7,33,12,10,30,13,150,114,0,44,52,19,36,18,114,56,24,17,168,141,79,151,50,11,23,25,20,22,13,33,56,229,54,15,89,95,96,559,1291,36,107,188,46,48,32,30,33,24,14,366,29,33,267,10,86,29,174,31,49,29,43,21,21,25,106,111,31,46,32,99,67,31,26,33,179,1,4,19,22,33,9,653,11,421,0,25,3,296,34,286,286,328,0,109,3,10,60,185,3202,30,76,112,54,4,104,2,8,42,597,282,143,75,5,14,8,0,1,33,55,125,27,150,28,16,56,2230,13,76,5688,22,260,32,232,72,117,13,20,227,50,26,27,15,16,5,290,47,57,32,18,55,51,1123,4,496,131,1,1300,321,1,14,289,29,3,304,36,59,16,152,45,623,150,38,35,43,28,47,28,63,20,0,44,1,92,3,2,6,21,27,28,37,1909,99,446,267,47,23,40,12,1895,6,697,90,601,61,16,144,0,1280,246,392,2013,104,670,10,10,13,42,21,48,28,59,288,46,3,13,45,1,1,206,184,1,14,9,1095,1710,1345,273,1529,229,33,3101,3890,643,1745,2921,3600,26,14,33,47,10,30,67,4,23,27,298,0.0,0.0,0.0,0.0,0.0,0.0,0.0,0.0,0.0,0.0,0.0,0.0,0.0,0.0,0.0,0.0,0.0,0.0,0.0,0.0,0.0,0.0,0.0,0.0,0.0,0.0,0.0,0.0,0.0,0.0,0.0,0.0,0.0,0.0,0.0,0.0,0.0,0.0,0.0,0.0,0.0,0.0,0.0,0.0,0.0,0.0,0.0,0.0,0.0,0.0,0.0,0.0,0.0,0.0,0.0,0.0,0.0,0.0,0.0,0.0,0.0,0.0,0.0,0.0,0.0,0.0,0.0,0.0,0.0,0.0,0.0,0.0,0.0,0.0,0.0,0.0,0.0,0.0,0.0,0.0,0.0,0.0,0.0,0.0,0.0,0.0,0.0,0.0,0.0,0.0,0.0,0.0,0.0,0.0,0.0,0.0,0.0,0.0,0.0,0.0,0.0,0.0,0.0,0.0,0.0,0.0,0.0,0.0,0.0,0.0,0.0,0.0,0.0,0.0,0.0,0.0,0.0,0.0,0.0,0.0,0.0,0.0,0.0,0.0,0.0,0.0,0.0,0.0,0.0,0.0,0.0,0.0,0.0,0.0,0.0,0.0,0.0,0.0,0.0,0.0,0.0,0.0,0.0,0.0,0.0,0.0,0.0,0.0,0.0,0.0
ENCFF000WKL,0.15896320321112953,24615,101,1690,14225,576,49557,2043,105,222,121,202,1358,2649,4506,6415,16844,1594,157,2131,2586,48,193,33,20,20,319,1254,1380,10810,1177,88,108,185,807,714,51,644,14,4,2699,3591,29,234,22,31,154,2172,11220,192,191,380,612,170,102,1917,47,109,151,50,242,686,227,5986,148,193,351,28,19889,18277,2073,430,311,663,1549,63,470,239,347,414,96,466,436,1263,178,214,1517,4,364,217,11,389,262,20,612,593,8268,68566,3882,42,10193,14453,967,12277,458,276,1588,520,625,12,951,2466,2379,42,1737,11130,1744,16754,458,2071,1691,3593,1031,20994,659,2089,1130,258,894,149,41,9983,6940,831,10000,4168,3868,8384,312,1895,997,476,1266,14474,111,232,44,43,23,22,617,97,197,4306,1517,247,1783,15811,1474,152,472,300,237,1036,1544,1307,1604,21,37,15,418,6,756,331,335,121,43,2,311,254,388,5246,2408,15682,944,12621,12673,5551,12706,5132,11274,122,10261,12241,3757,3248,8276,6327,2129,369,207,275,21,220,383,61,29,9,36,1502,163,14650,5282,6610,76,69102,13753,1378,9723,11298,332,206,15084,7310,24416,3394,14104,68,13657,24,129,268,71,150,387,71,1488,656,13,286,412,282,362,150,918,549,125,65,1699,1050,741,945,481,151,272,325,147,157,119,194,521,2082,564,170,665,921,861,4975,12126,924,867,958,511,333,247,282,406,226,62,2339,223,354,1741,138,641,178,1484,472,412,261,379,105,192,265,978,1082,354,395,301,808,563,291,326,403,1642,12,23,168,273,154,206,4656,48,3260,10,213,29,2056,228,2389,2473,2636,10,894,33,65,482,1093,31601,235,807,821,405,62,1212,38,69,180,5706,2463,1243,417,22,52,53,5,21,290,401,881,176,1520,173,224,663,20686,219,945,46156,224,1804,448,2085,1257,1066,137,671,2727,343,370,420,197,194,93,6747,485,383,433,200,414,489,8636,22,3567,874,10,8792,3108,13,84,2224,205,26,2420,334,347,98,1224,473,12234,1503,335,329,445,197,452,375,407,312,11,405,7,632,40,26,53,254,165,522,288,15239,1844,4471,3417,926,243,317,40,11708,180,5071,796,3991,394,118,939,15,10832,2215,3578,15586,1259,8547,129,73,167,431,219,472,303,623,3262,403,17,134,453,8,11,1200,1182,6,256,52,7949,16733,12310,3080,12763,1444,329,29764,34423,5559,17106,23912,28877,84,74,323,295,95,309,382,118,137,216,2484,0.0,0.0,0.0,0.0,0.0,0.0,0.0,0.0,0.0,0.0,0.0,0.0,0.0,0.0,0.0,0.0,0.0,0.0,0.0,0.0,0.0,0.0,0.0,0.0,0.0,0.0,0.0,0.0,0.0,0.0,0.0,0.0,0.0,0.0,0.0,0.0,0.0,0.0,0.0,0.0,0.0,0.0,0.0,0.0,0.0,0.0,0.0,0.0,0.0,0.0,0.0,0.0,0.0,0.0,0.0,0.0,0.0,0.0,0.0,0.0,0.0,0.0,0.0,0.0,0.0,0.0,0.0,0.0,0.0,0.0,0.0,0.0,0.0,0.0,0.0,0.0,0.0,0.0,0.0,0.0,0.0,0.0,0.0,0.0,0.0,0.0,0.0,0.0,0.0,0.0,0.0,0.0,0.0,0.0,0.0,0.0,0.0,0.0,0.0,0.0,0.0,0.0,0.0,0.0,0.0,0.0,0.0,0.0,0.0,0.0,0.0,0.0,0.0,0.0,0.0,0.0,0.0,0.0,0.0,0.0,0.0,0.0,0.0,0.0,0.0,0.0,0.0,0.0,0.0,0.0,0.0,0.0,0.0,0.0,0.0,0.0,0.0,0.0,0.0,0.0,0.0,0.0,0.0,0.0,0.0,0.0,0.0,0.0,0.0,0.0
ENCFF745TGS,0.10198546334218796,1294951,7726,30255,198181,2542,308680,39118,1426,2116,1848,3607,19674,18228,49707,103864,98067,18607,2569,37299,32044,949,3596,639,526,465,6022,101230,19588,139519,20482,1427,6050,3491,10759,10117,2752,12062,177,375,48744,59466,586,4360,743,2629,3733,34254,138476,18016,2787,6401,8200,2156,2119,40133,1037,1767,2440,1140,3452,9367,4760,68711,6497,6120,26327,472,311728,315849,39787,6650,4043,26272,32767,1577,7522,2603,4628,5222,1377,5741,7004,20421,2419,3278,22208,133,5084,2772,85,6197,1634,297,7801,8352,128693,957441,59700,3139,159851,225930,15195,196207,8272,3675,28504,9724,10669,101,17382,44811,41406,905,29635,200749,12942,142333,1828,7987,11215,49154,3277,197385,9406,35060,16267,5727,14274,1900,690,174649,61481,59432,130463,48522,91882,144761,17467,27770,22905,7933,29068,283551,3163,14638,605,589,200,304,11853,1719,3938,62504,27150,3712,23039,212631,21931,2358,6874,7852,7152,17224,24351,20905,36557,648,700,364,5954,108,11238,3454,8213,92965,2070,129,7393,4322,6179,86211,37952,276204,13818,164792,183644,94502,186960,86363,167642,1212,168279,199232,68485,51937,146657,107399,43879,5701,21963,5677,1826,3203,5072,716,325,138,246,25389,1801,240782,77567,46562,2995,1941547,246133,32203,171946,135277,6061,3517,260781,129347,364027,16561,261228,1762,226404,167,2292,5037,957,1543,5814,2012,22751,13381,269,3858,5582,3462,5281,2553,15915,8967,4527,1769,26737,17890,12071,18108,6841,2060,3627,4183,1956,1853,1448,4021,6686,36515,7639,2065,10255,15599,13893,87789,355098,64376,14144,21162,7400,5291,4226,3486,5539,3072,1799,46376,2568,4567,29576,2034,9616,2017,25233,6289,6095,3353,5248,3777,2667,7526,14162,14497,4694,5636,4073,13267,8373,4422,4533,5553,24698,185,665,2151,3428,2633,2206,89840,1507,58239,202,2735,875,34185,4191,44224,39572,49805,153,15447,507,962,13924,21470,490592,8267,17970,15110,6673,5131,19035,932,1121,3767,98831,44517,18374,7444,243,1478,700,127,127,3907,10450,15392,3804,22245,2915,2834,15794,290258,6807,12328,685876,4003,30431,5836,33059,103947,16614,1693,41840,120122,4618,6127,6437,2309,2356,2680,521065,7537,5442,6894,4700,7177,8052,140576,272,60251,11963,219,151188,41996,406,1462,38005,4769,181,38378,4376,9042,1236,18819,6431,121410,21271,14475,5335,6670,2401,6456,4757,7693,6695,248,6490,162,11838,1483,399,770,11569,3323,3209,6815,159920,7164,59354,33540,5258,3162,6735,1474,196568,10308,89645,26124,63647,6751,2192,16361,210,184531,34840,64699,281138,30483,113673,3584,2162,1938,11236,7191,6824,4058,9477,54438,6076,183,9753,5970,138,270,20317,20304,69,22582,1365,137535,271617,198139,53321,207169,24532,1931,417178,559161,87331,264154,418327,480633,1361,1084,4507,3932,1163,5176,8081,2090,2604,3901,39221,0.0,0.0,0.0,0.0,0.0,0.0,0.0,0.0,0.0,0.0,0.0,0.0,0.0,0.0,0.0,0.0,0.0,0.0,0.0,0.0,0.0,0.0,0.0,0.0,0.0,0.0,0.0,0.0,0.0,0.0,0.0,0.0,0.0,0.0,0.0,0.0,0.0,0.0,0.0,0.0,0.0,0.0,0.0,0.0,0.0,0.0,0.0,0.0,0.0,0.0,0.0,0.0,0.0,0.0,0.0,0.0,0.0,0.0,0.0,0.0,0.0,0.0,0.0,0.0,0.0,0.0,0.0,0.0,0.0,0.0,0.0,0.0,0.0,0.0,0.0,0.0,0.0,0.0,0.0,0.0,0.0,0.0,0.0,0.0,0.0,0.0,0.0,0.0,0.0,0.0,0.0,0.0,0.0,0.0,0.0,0.0,0.0,0.0,0.0,0.0,0.0,0.0,0.0,0.0,0.0,0.0,0.0,0.0,0.0,0.0,0.0,0.0,0.0,0.0,0.0,0.0,0.0,0.0,0.0,0.0,0.0,0.0,0.0,0.0,0.0,0.0,0.0,0.0,0.0,0.0,0.0,0.0,0.0,0.0,0.0,0.0,0.0,0.0,0.0,0.0,0.0,0.0,0.0,0.0,0.0,0.0,0.0,0.0,0.0,0.0
ENCFF002EAX,0.15680248742593791,131321,140,4370,25811,579,82852,7144,269,362,307,1082,4159,2796,6265,15617,21353,2925,456,5089,7582,200,754,67,61,49,1161,8307,3604,18719,3952,278,440,482,1992,1758,221,1982,24,82,9172,11349,28,655,27,38,678,5963,16864,969,588,1106,1495,456,358,7201,148,358,470,137,747,2052,442,5766,300,320,2500,223,40569,53140,7731,1139,759,2700,6541,332,1258,564,831,998,233,1070,1238,3901,493,584,3912,18,897,553,9,1178,151,21,1317,1268,12988,181830,11230,149,30948,41710,2612,36468,1209,698,5351,1620,1850,30,3062,8708,9150,96,5914,35878,2010,27650,419,1492,1947,9155,667,32754,1357,7798,3507,712,2631,350,157,31869,8821,5644,14281,6141,15409,29910,1670,5429,2677,1272,4640,33696,363,1367,113,79,33,21,2343,308,989,13708,5013,659,4089,28047,3255,484,1256,1023,955,3168,5872,6019,6236,60,104,53,1053,20,1866,636,971,444,199,16,915,687,1113,15907,7560,49071,2362,27702,32675,15620,25258,14258,29958,273,28680,34447,12920,10087,25147,19954,5447,1011,1734,744,91,534,970,156,70,15,39,5684,209,30418,12164,7520,218,180800,39605,4550,28350,14959,1118,956,40855,19725,52649,3802,48996,212,51407,46,453,1366,453,308,1002,330,4175,2295,29,711,995,641,950,466,2673,1561,424,215,4925,3095,2158,3225,1330,366,709,795,405,375,250,554,1156,5303,1341,379,1834,2412,2262,9819,37679,6201,2504,3351,1428,893,661,729,1063,577,152,8217,460,822,5458,386,1685,461,4265,1219,1043,686,962,385,558,818,2460,2558,936,947,750,2682,1669,796,801,1010,4311,25,46,408,681,533,403,16758,140,11182,29,524,107,6708,816,8335,7978,8800,25,2715,124,182,1706,4181,68334,1186,2794,2340,1200,517,2838,179,198,739,16186,7020,4590,1473,52,242,116,9,36,760,1391,2778,619,4540,565,494,1575,34761,860,2267,134576,530,5917,1034,5500,9068,2712,339,3313,12066,827,1142,1167,408,458,403,44892,1304,1037,1177,608,1274,1318,25666,58,10811,2366,30,30532,7348,48,288,7629,912,61,6989,913,1778,290,3257,1177,16498,3089,1686,845,1184,470,1251,968,1658,803,21,1205,24,2211,88,95,209,1450,302,507,700,33197,1562,9199,5280,1103,554,929,215,38812,876,16170,3160,13553,1329,351,3133,119,31160,5727,11064,46660,3263,16907,417,275,359,1475,478,1209,821,1558,8011,1104,31,604,1107,19,22,4192,4266,21,1588,188,25314,42204,30955,7769,37024,4123,648,64779,91628,13916,42540,68283,83338,253,186,762,708,205,934,1250,333,459,736,8325,0.0,0.0,0.0,0.0,0.0,0.0,0.0,0.0,0.0,0.0,0.0,0.0,0.0,0.0,0.0,0.0,0.0,0.0,0.0,0.0,0.0,0.0,0.0,0.0,0.0,0.0,0.0,0.0,0.0,0.0,0.0,0.0,0.0,0.0,0.0,0.0,0.0,0.0,0.0,0.0,0.0,0.0,0.0,0.0,0.0,0.0,0.0,0.0,0.0,0.0,0.0,0.0,0.0,0.0,0.0,0.0,0.0,0.0,0.0,0.0,0.0,0.0,0.0,0.0,0.0,0.0,0.0,0.0,0.0,0.0,0.0,0.0,0.0,0.0,0.0,0.0,0.0,0.0,0.0,0.0,0.0,0.0,0.0,0.0,0.0,0.0,0.0,0.0,0.0,0.0,0.0,0.0,0.0,0.0,0.0,0.0,0.0,0.0,0.0,0.0,0.0,0.0,0.0,0.0,0.0,0.0,0.0,0.0,0.0,0.0,0.0,0.0,0.0,0.0,0.0,0.0,0.0,0.0,0.0,0.0,0.0,0.0,0.0,0.0,0.0,0.0,0.0,0.0,0.0,0.0,0.0,0.0,0.0,0.0,0.0,0.0,0.0,0.0,0.0,0.0,0.0,0.0,0.0,0.0,0.0,0.0,0.0,0.0,0.0,0.0
ENCFF081NZK,0.17263723936710676,140681,68,2560,27557,383,60671,5377,247,251,299,447,3111,1847,4161,19520,16555,2274,657,3061,4569,113,581,69,59,52,869,11002,3380,18358,3356,228,188,421,1763,1642,88,1866,15,3,7253,10155,50,644,61,28,513,5678,21803,1166,481,1040,1389,367,263,5255,134,341,319,151,746,1265,124,6882,1506,83,3341,36,34901,47156,6061,1036,718,2285,4288,299,1206,575,746,833,255,1006,1112,3261,478,649,3858,14,878,610,10,950,159,24,1474,966,7296,155940,9369,126,25046,36643,2377,31807,1190,649,4540,1354,1470,14,2690,6775,7017,175,4119,28939,1418,28871,220,930,1213,6999,447,50431,1228,5200,2270,643,2139,492,112,25986,6847,5706,29426,5089,10134,27599,1122,4264,1820,1138,4222,24024,197,1531,68,60,15,22,2127,290,306,8309,3696,451,2809,31395,3237,433,1129,1346,1353,2638,4116,3868,4641,40,101,56,1039,38,1629,623,1374,386,119,31,671,650,1001,13103,6465,40693,2321,22648,27845,12838,31917,12581,26130,217,24737,29985,9639,8186,21114,16268,4523,813,1838,384,116,616,1033,133,32,23,40,3793,155,37423,9476,6511,343,120790,29670,4177,23623,13100,819,473,32882,13792,40326,2036,35577,107,34120,14,296,615,35,295,910,219,4088,2369,24,737,917,633,955,465,2352,1357,174,167,5130,2809,1829,2338,1367,369,733,711,373,343,257,326,1197,4329,930,394,1498,2410,2097,10829,74886,8650,2318,2773,1303,855,618,638,1026,548,95,6553,523,1083,4489,314,1561,433,4017,1215,955,685,962,147,487,563,2470,2107,811,990,847,2114,1564,858,769,1065,4223,21,25,385,638,423,229,13448,86,7602,21,375,46,5889,693,6184,5395,6426,13,2425,82,104,888,3560,59222,1089,2053,1887,992,678,2590,178,316,843,13628,4480,2974,1358,60,164,90,4,20,675,1439,2036,565,3246,571,495,1368,40604,919,1996,107108,492,5697,988,5531,12523,2307,373,4501,11433,831,963,1012,429,427,360,59726,1176,971,1009,448,1125,1172,22161,46,11091,1730,38,22440,5372,23,266,4657,639,19,6738,779,953,171,3074,1080,12183,2663,1753,763,1099,525,994,856,1074,466,13,599,21,1604,121,55,131,1434,266,257,589,24624,950,8184,3992,889,501,712,135,29739,516,13164,2218,10074,1374,246,2593,13,26237,5058,8360,36335,5291,17626,190,101,378,1577,441,1083,791,1306,5156,938,18,1066,1097,44,22,3529,3595,26,1502,133,22713,33965,26246,6402,31571,3899,278,67263,77647,10844,34398,58777,70012,209,124,691,711,217,904,829,385,353,602,5985,0.0,0.0,0.0,0.0,0.0,0.0,0.0,0.0,0.0,0.0,0.0,0.0,0.0,0.0,0.0,0.0,0.0,0.0,0.0,0.0,0.0,0.0,0.0,0.0,0.0,0.0,0.0,0.0,0.0,0.0,0.0,0.0,0.0,0.0,0.0,0.0,0.0,0.0,0.0,0.0,0.0,0.0,0.0,0.0,0.0,0.0,0.0,0.0,0.0,0.0,0.0,0.0,0.0,0.0,0.0,0.0,0.0,0.0,0.0,0.0,0.0,0.0,0.0,0.0,0.0,0.0,0.0,0.0,0.0,0.0,0.0,0.0,0.0,0.0,0.0,0.0,0.0,0.0,0.0,0.0,0.0,0.0,0.0,0.0,0.0,0.0,0.0,0.0,0.0,0.0,0.0,0.0,0.0,0.0,0.0,0.0,0.0,0.0,0.0,0.0,0.0,0.0,0.0,0.0,0.0,0.0,0.0,0.0,0.0,0.0,0.0,0.0,0.0,0.0,0.0,0.0,0.0,0.0,0.0,0.0,0.0,0.0,0.0,0.0,0.0,0.0,0.0,0.0,0.0,0.0,0.0,0.0,0.0,0.0,0.0,0.0,0.0,0.0,0.0,0.0,0.0,0.0,0.0,0.0,0.0,0.0,0.0,0.0,0.0,0.0
ENCFF000OXT,0.16414992298548328,54553,438,3734,39633,412,87939,9166,382,429,451,885,4596,2892,8037,21238,24081,3574,1029,5879,6696,214,1108,112,100,97,1568,1776,4580,22825,5757,403,133,665,2625,2424,41,2991,58,32,10860,16731,140,982,50,136,1006,8922,21338,223,1311,1371,1934,732,565,9472,266,587,534,261,1311,2522,370,12813,1176,745,524,275,52658,56991,11314,1588,997,2409,8255,483,1749,841,1151,1254,340,1548,1718,5066,690,844,5141,19,1188,854,55,1610,223,46,1486,1398,13817,223088,13752,166,38103,54515,3380,47801,1666,914,7437,2063,2114,34,4149,10443,10498,289,6129,44571,2166,26062,177,891,1293,10446,411,36231,1656,7804,3323,1126,3582,549,141,43242,10428,1255,25493,7868,14723,43115,179,5863,4227,1625,5269,45976,606,401,137,146,45,87,3880,456,1023,13048,6157,820,5065,39410,3621,636,1693,1641,1556,4014,5048,4531,8001,150,229,101,1474,38,2170,904,1548,454,28,2,635,1036,1474,19596,9852,57827,3272,33337,40916,17812,30589,18664,37869,419,36092,43289,14184,12434,32812,26701,7302,1244,379,715,121,769,1413,228,86,52,103,5373,201,40439,12875,9230,414,266199,46390,4805,37619,23506,1696,701,48323,21910,63208,2715,58933,217,59977,50,456,1287,254,440,1347,314,5850,4133,34,1047,1306,948,1312,586,3508,2117,415,338,7791,4455,3058,4079,2007,408,1068,1047,618,519,421,696,1690,6423,1262,570,2386,3414,3018,12545,20534,1270,3466,4882,1937,1113,826,939,1301,735,209,10629,793,1495,7500,466,2330,684,5421,1630,1397,876,1319,383,744,803,3565,3047,1062,1355,1101,3424,2220,1417,1078,1375,5745,50,39,644,960,778,313,21987,140,12937,36,526,77,9688,1149,10256,8488,9774,52,4559,173,205,2426,6514,67857,1142,2845,2809,1550,107,3581,321,408,1540,21654,7819,7542,2176,43,181,111,30,116,936,1728,3479,899,4884,760,798,1850,51827,519,3051,165025,775,9262,1297,8553,2339,3367,512,749,6000,1128,1432,1592,541,654,505,10595,1874,1351,1507,606,1635,1865,34975,127,16266,2834,77,37305,10097,42,431,7440,1249,91,10136,1122,1737,327,4876,1545,24704,3358,763,1177,1624,761,1611,1229,1979,1008,57,1144,46,2587,183,24,324,484,415,449,839,31204,958,10569,4436,817,726,963,243,50186,115,20904,2166,16944,2291,412,4283,59,43972,8119,13866,58972,1657,22216,260,549,628,1390,818,1488,1034,1947,6942,1440,27,428,1466,47,89,5881,6262,38,318,274,37764,49198,36617,9329,47170,5991,1369,86164,118034,15461,49282,89558,106992,316,204,1042,980,305,1247,1585,464,522,1052,8722,0.0,0.0,0.0,0.0,0.0,0.0,0.0,0.0,0.0,0.0,0.0,0.0,0.0,0.0,0.0,0.0,0.0,0.0,0.0,0.0,0.0,0.0,0.0,0.0,0.0,0.0,0.0,0.0,0.0,0.0,0.0,0.0,0.0,0.0,0.0,0.0,0.0,0.0,0.0,0.0,0.0,0.0,0.0,0.0,0.0,0.0,0.0,0.0,0.0,0.0,0.0,0.0,0.0,0.0,0.0,0.0,0.0,0.0,0.0,0.0,0.0,0.0,0.0,0.0,0.0,0.0,0.0,0.0,0.0,0.0,0.0,0.0,0.0,0.0,0.0,0.0,0.0,0.0,0.0,0.0,0.0,0.0,0.0,0.0,0.0,0.0,0.0,0.0,0.0,0.0,0.0,0.0,0.0,0.0,0.0,0.0,0.0,0.0,0.0,0.0,0.0,0.0,0.0,0.0,0.0,0.0,0.0,0.0,0.0,0.0,0.0,0.0,0.0,0.0,0.0,0.0,0.0,0.0,0.0,0.0,0.0,0.0,0.0,0.0,0.0,0.0,0.0,0.0,0.0,0.0,0.0,0.0,0.0,0.0,0.0,0.0,0.0,0.0,0.0,0.0,0.0,0.0,0.0,0.0,0.0,0.0,0.0,0.0,0.0,0.0
ENCFF000ONP,0.14264678127262004,66277,395,3306,27895,226,59482,14622,334,389,408,804,4276,2054,5160,17565,16108,2989,991,4708,6585,282,1066,105,140,109,2945,2773,4239,11387,5482,381,148,629,2830,2879,58,3407,42,93,10888,16917,113,985,65,140,2408,9163,11134,270,1205,1325,1786,693,635,10762,227,504,472,220,1328,2080,177,5470,589,783,778,217,39527,50535,11049,1618,881,2088,9081,458,2095,715,1007,1195,269,1277,2072,5718,586,732,4777,21,1057,687,37,1603,138,37,1150,1199,6066,207320,13390,221,36847,53894,3255,47113,2251,775,7686,2567,3110,28,4315,11143,11411,302,5620,48680,1616,20370,92,526,889,10661,228,21637,1678,7866,3554,1008,3784,491,163,43630,7413,2220,13419,5311,19295,42959,225,5608,3210,1967,4977,23934,1088,486,106,149,105,72,3608,470,1136,12709,5924,763,4816,28476,2583,589,1858,1801,1703,3838,6705,5300,10826,111,231,88,1368,34,1885,750,2037,622,36,7,624,1039,1820,19854,9692,57924,2831,28874,36570,16023,18750,17539,33271,410,36112,43159,14852,12581,34193,25864,7402,1135,547,580,105,704,1241,228,59,79,62,4841,175,24801,10442,6440,403,272513,41108,4266,31775,12756,1658,792,42052,18329,46353,1786,58655,186,58270,44,598,1151,168,318,1480,647,5398,3819,69,873,1080,725,1127,517,4181,2401,611,875,7295,4628,2784,4842,1653,371,925,1009,418,424,309,872,1468,5985,1124,455,2162,3831,3232,10279,13039,1790,3597,6162,1758,1236,1127,778,1221,643,198,11316,617,1207,7794,437,2479,535,5375,1417,1509,757,1154,327,619,740,3088,2787,937,1201,973,3485,2022,1265,862,1260,5076,34,62,498,783,854,288,22194,139,13849,26,551,399,9707,1269,11466,8745,8907,46,4345,157,208,1767,6215,46321,1138,3192,3440,1487,120,4222,342,522,1559,24078,6476,6429,2296,52,211,128,22,95,743,1741,3489,1360,4710,721,714,1244,37138,522,2667,162520,696,9119,1344,8349,3495,3188,428,995,6024,997,1926,1917,457,543,439,13339,2236,1432,1970,767,1858,2232,34908,111,15473,2777,67,39750,9802,39,452,9713,1375,89,9023,1027,1841,292,5355,1639,12996,2484,820,986,1861,597,1596,1161,1858,897,35,1210,51,2913,192,28,316,565,419,257,574,16304,587,7109,3170,524,674,1269,328,52108,158,23598,2027,16132,2208,308,3924,61,53280,8607,16768,65128,1666,11989,260,490,488,1159,750,1782,948,1944,5951,1693,26,483,1284,42,53,5703,6248,44,441,301,37526,44179,33697,8865,44870,5831,829,72204,110641,14020,43179,85945,104130,273,218,918,774,267,1093,1651,519,565,1057,8546,0.0,0.0,0.0,0.0,0.0,0.0,0.0,0.0,0.0,0.0,0.0,0.0,0.0,0.0,0.0,0.0,0.0,0.0,0.0,0.0,0.0,0.0,0.0,0.0,0.0,0.0,0.0,0.0,0.0,0.0,0.0,0.0,0.0,0.0,0.0,0.0,0.0,0.0,0.0,0.0,0.0,0.0,0.0,0.0,0.0,0.0,0.0,0.0,0.0,0.0,0.0,0.0,0.0,0.0,0.0,0.0,0.0,0.0,0.0,0.0,0.0,0.0,0.0,0.0,0.0,0.0,0.0,0.0,0.0,0.0,0.0,0.0,0.0,0.0,0.0,0.0,0.0,0.0,0.0,0.0,0.0,0.0,0.0,0.0,0.0,0.0,0.0,0.0,0.0,0.0,0.0,0.0,0.0,0.0,0.0,0.0,0.0,0.0,0.0,0.0,0.0,0.0,0.0,0.0,0.0,0.0,0.0,0.0,0.0,0.0,0.0,0.0,0.0,0.0,0.0,0.0,0.0,0.0,0.0,0.0,0.0,0.0,0.0,0.0,0.0,0.0,0.0,0.0,0.0,0.0,0.0,0.0,0.0,0.0,0.0,0.0,0.0,0.0,0.0,0.0,0.0,0.0,0.0,0.0,0.0,0.0,0.0,0.0,0.0,0.0
ENCFF477IUV,0.3974555055587123,54529,630,6548,188214,11672,789707,10216,854,5018,288,985,9133,63887,97982,67344,346974,27163,837,30407,11546,182,554,265,192,183,1110,228,9492,207787,4532,347,195,847,5965,5248,57,4793,47,37,14279,14169,190,659,58,218,1597,13896,185893,31,1264,2591,5156,498,347,5370,333,363,1247,206,931,3893,7083,101909,7412,748,77,90,251961,145230,5774,3564,2549,1890,4163,91,3972,1519,2826,3176,705,3170,3780,4785,1165,1449,9260,34,2973,1434,48,1805,1343,188,5527,7584,161489,383596,14647,302,38008,56248,7221,48595,3743,2085,4619,1515,1713,24,2710,7721,8118,502,7931,28709,31953,209204,9317,42952,31227,26014,20974,337963,7428,8103,4465,1018,2728,676,98,28513,148199,471,217847,86747,11484,24856,68,12760,18892,3809,4622,297132,416,173,674,117,96,105,2511,385,755,19827,5642,1027,14072,218458,21604,421,3752,2892,2901,7531,6383,5886,5032,296,182,78,3356,56,5451,1986,3754,148,13,33,1259,992,3542,15396,7891,59734,5353,130733,95409,40847,176972,29612,64277,1614,42417,54308,12322,10887,41175,22878,23331,2132,45,4683,51,1527,2991,235,109,28,257,5253,3584,202363,58099,169479,574,606162,137516,8722,85380,217956,938,1118,142682,81859,322353,69015,66156,1429,46391,55,453,1287,305,1145,3457,412,8309,2444,14,2035,2798,2076,3254,1211,7861,4447,187,412,10096,6747,3379,2361,3251,1059,1682,2524,1259,1130,969,489,3423,17807,5863,1262,3625,6124,6381,57876,180492,275,5590,3334,3613,2920,2334,2340,3373,1690,105,14163,1391,2059,7851,1338,3849,1227,6548,3078,3365,1881,2983,126,1503,1302,6179,7745,2678,3106,1960,3492,3478,1732,2726,2604,9698,15,76,1371,2094,436,1502,14617,176,11671,12,1212,48,9617,620,11299,10113,21123,90,4904,294,197,895,3361,562668,509,3803,4932,1443,53,9215,146,271,478,37650,30361,6961,1117,208,194,282,75,100,2349,1138,3024,2078,6986,1522,1301,18373,312641,999,5350,173264,1977,8307,3374,15966,390,8032,882,165,5096,2627,3573,3616,1040,1245,296,1428,3839,3392,3809,1212,3698,4302,36337,315,16663,3682,64,32078,10774,22,217,8016,2301,87,11473,2960,1021,270,8468,3785,137709,28902,1023,2460,3771,1228,2417,3101,1090,1253,24,1234,118,3164,166,44,268,474,4246,9943,4662,241936,35665,65076,55960,16472,4043,1358,543,33220,98,21393,4622,15135,2664,1022,3337,109,44006,8174,17650,66262,13849,126100,814,2051,1157,2099,1348,3842,2481,3339,43922,3437,179,203,3294,20,37,4524,3678,9,112,246,33261,108894,84434,22162,53495,5723,6031,192985,186724,40941,124295,120820,133263,1387,328,2472,2217,702,2953,1144,626,552,1267,11416,0.0,0.0,0.0,0.0,0.0,0.0,0.0,0.0,0.0,0.0,0.0,0.0,0.0,0.0,0.0,0.0,0.0,0.0,0.0,0.0,0.0,0.0,0.0,0.0,0.0,0.0,0.0,0.0,0.0,0.0,0.0,0.0,0.0,0.0,0.0,0.0,0.0,0.0,0.0,0.0,0.0,0.0,0.0,0.0,0.0,0.0,0.0,0.0,0.0,0.0,0.0,0.0,0.0,0.0,0.0,0.0,0.0,0.0,0.0,0.0,0.0,0.0,0.0,0.0,0.0,0.0,0.0,0.0,0.0,0.0,0.0,0.0,0.0,0.0,0.0,0.0,0.0,0.0,0.0,0.0,0.0,0.0,0.0,0.0,0.0,0.0,0.0,0.0,0.0,0.0,0.0,0.0,0.0,0.0,0.0,0.0,0.0,0.0,0.0,0.0,0.0,0.0,0.0,0.0,0.0,0.0,0.0,0.0,0.0,0.0,0.0,0.0,0.0,0.0,0.0,0.0,0.0,0.0,0.0,0.0,0.0,0.0,0.0,0.0,0.0,0.0,0.0,0.0,0.0,0.0,0.0,0.0,0.0,0.0,0.0,0.0,0.0,0.0,0.0,0.0,0.0,0.0,0.0,0.0,0.0,0.0,0.0,0.0,0.0,0.0
ENCFF000YST,0.059070249063348464,4882,25,172,2416,50,5666,217,18,17,12,230,527,151,351,1523,1448,170,14,257,466,10,44,5,3,4,37,282,196,2459,168,15,38,22,97,89,9,75,0,25,1119,544,2,32,1,5,27,263,1245,27,23,80,66,24,10,336,10,17,18,6,24,326,12,640,14,18,116,75,2366,2576,348,63,42,96,355,9,56,28,37,44,13,49,54,170,24,20,154,2,39,27,1,49,4,0,49,64,1023,8364,494,8,1391,1912,112,1718,56,28,234,73,66,0,140,360,361,5,368,1745,162,1475,45,155,140,424,59,2140,75,418,271,36,154,25,6,1362,512,155,976,320,638,1263,60,634,173,54,188,2655,15,33,2,3,2,0,90,12,240,598,243,33,206,2535,223,11,68,31,25,124,233,237,361,0,3,1,36,0,99,32,139,352,2,0,70,48,40,748,333,2206,121,1356,1619,808,1785,678,1371,7,1280,1547,559,460,1246,855,292,42,54,50,14,30,43,12,6,0,4,358,8,1866,682,355,6,9319,2046,197,1407,1096,57,76,1950,1029,3061,326,2210,7,2283,2,21,537,408,10,40,22,186,118,1,28,59,25,47,25,112,74,24,13,257,150,93,110,64,18,38,38,23,27,5,27,51,225,80,22,70,128,98,616,1349,185,106,138,52,42,18,31,43,24,3,330,33,39,262,14,73,28,190,80,47,31,54,10,15,27,126,132,52,60,47,123,54,33,39,44,175,2,1,18,37,25,14,808,5,562,0,23,7,331,42,324,563,598,2,119,6,5,62,189,3499,53,104,111,62,32,101,4,1,46,731,524,1013,64,3,16,10,1,4,38,71,140,25,195,38,15,68,3017,32,117,5912,24,251,53,251,299,128,14,94,489,42,43,36,47,25,19,1357,58,41,37,25,56,61,1161,4,524,135,1,1420,393,3,13,331,29,5,333,37,91,17,120,48,822,191,61,41,57,23,68,35,71,35,2,58,1,187,3,0,14,47,2,27,19,2261,143,571,373,97,27,35,9,1822,41,735,140,618,52,19,164,27,1434,300,514,2226,136,704,9,12,17,124,33,48,44,79,315,45,1,21,59,3,0,206,198,0,63,10,1069,1829,1508,339,1575,220,11,3310,4127,729,1846,3067,3724,11,16,41,53,14,48,49,16,29,28,416,0.0,0.0,0.0,0.0,0.0,0.0,0.0,0.0,0.0,0.0,0.0,0.0,0.0,0.0,0.0,0.0,0.0,0.0,0.0,0.0,0.0,0.0,0.0,0.0,0.0,0.0,0.0,0.0,0.0,0.0,0.0,0.0,0.0,0.0,0.0,0.0,0.0,0.0,0.0,0.0,0.0,0.0,0.0,0.0,0.0,0.0,0.0,0.0,0.0,0.0,0.0,0.0,0.0,0.0,0.0,0.0,0.0,0.0,0.0,0.0,0.0,0.0,0.0,0.0,0.0,0.0,0.0,0.0,0.0,0.0,0.0,0.0,0.0,0.0,0.0,0.0,0.0,0.0,0.0,0.0,0.0,0.0,0.0,0.0,0.0,0.0,0.0,0.0,0.0,0.0,0.0,0.0,0.0,0.0,0.0,0.0,0.0,0.0,0.0,0.0,0.0,0.0,0.0,0.0,0.0,0.0,0.0,0.0,0.0,0.0,0.0,0.0,0.0,0.0,0.0,0.0,0.0,0.0,0.0,0.0,0.0,0.0,0.0,0.0,0.0,0.0,0.0,0.0,0.0,0.0,0.0,0.0,0.0,0.0,0.0,0.0,0.0,0.0,0.0,0.0,0.0,0.0,0.0,0.0,0.0,0.0,0.0,0.0,0.0,0.0
ENCFF000QZN,0.1506396479657947,34130,323,2879,31734,427,58904,10578,253,357,266,809,2632,2627,6240,14519,21722,2741,692,5124,4759,197,757,53,65,51,717,899,2916,29504,3874,299,103,463,1613,1381,34,1979,22,17,6973,11849,80,575,18,74,574,5575,22631,109,798,814,1173,477,407,7484,188,374,304,151,918,1410,411,9806,202,255,214,118,37140,50218,8384,972,582,1416,6516,343,1034,552,659,685,174,862,1022,3634,390,515,3111,13,709,488,24,1106,156,42,1112,811,11165,155819,10145,124,27376,37171,2080,32047,990,536,5687,1802,1613,16,3091,7619,7821,126,4239,35026,1602,27563,212,927,1060,7328,412,47194,1036,5638,2616,613,2687,451,162,33079,9199,574,15740,6285,15388,31272,75,3783,3869,1021,3572,22022,341,246,97,118,41,34,2522,356,648,9038,4379,580,3336,30483,2079,451,958,1330,1128,3012,4737,4959,6885,68,197,50,841,36,1271,526,961,383,13,8,422,871,941,14662,6955,43345,2025,26216,31176,12467,24543,12643,24187,382,26875,31638,11517,9277,22691,17561,4669,868,149,783,78,461,800,174,54,23,319,3612,195,29174,9626,8758,221,194791,33110,3500,24721,17661,1199,644,33266,16179,45775,2852,40183,103,42325,40,383,932,167,240,776,200,3763,2926,112,578,811,476,742,379,2080,1221,493,216,5013,3084,1912,3417,1241,241,626,645,327,299,217,587,970,4645,820,321,1525,2131,1777,7788,21926,601,2123,3689,1193,676,496,527,796,394,322,7460,480,933,5519,288,1567,396,3806,947,849,492,769,502,438,415,2165,1804,665,750,661,2636,1468,894,642,876,3570,22,37,359,514,715,280,15971,113,9691,22,388,204,7002,866,7327,6184,7495,48,3011,116,174,1081,4471,65410,803,2026,2048,1118,43,2234,191,273,1160,13968,6515,3788,1595,67,212,78,12,40,521,1041,2382,509,3333,463,470,1092,46336,331,1771,120021,448,6244,762,5122,1215,1965,301,341,3654,616,806,913,355,386,353,5090,1121,846,895,378,1102,1114,24060,43,10761,1995,36,29063,7544,29,287,5723,774,40,6686,652,1832,239,3033,888,13822,1999,494,739,909,427,955,751,1426,380,21,836,26,1741,126,71,268,341,509,403,719,40935,1025,6932,3816,848,561,920,348,39653,101,14665,1304,12227,1640,208,2916,37,26736,5145,8225,39588,1512,14139,146,240,337,812,517,874,556,1191,6156,866,16,293,897,21,42,4212,4673,8,169,184,24980,34048,26447,5877,32343,4083,807,59290,82571,11783,35741,61009,73138,306,158,596,584,212,705,1411,356,355,650,6051,0.0,0.0,0.0,0.0,0.0,0.0,0.0,0.0,0.0,0.0,0.0,0.0,0.0,0.0,0.0,0.0,0.0,0.0,0.0,0.0,0.0,0.0,0.0,0.0,0.0,0.0,0.0,0.0,0.0,0.0,0.0,0.0,0.0,0.0,0.0,0.0,0.0,0.0,0.0,0.0,0.0,0.0,0.0,0.0,0.0,0.0,0.0,0.0,0.0,0.0,0.0,0.0,0.0,0.0,0.0,0.0,0.0,0.0,0.0,0.0,0.0,0.0,0.0,0.0,0.0,0.0,0.0,0.0,0.0,0.0,0.0,0.0,0.0,0.0,0.0,0.0,0.0,0.0,0.0,0.0,0.0,0.0,0.0,0.0,0.0,0.0,0.0,0.0,0.0,0.0,0.0,0.0,0.0,0.0,0.0,0.0,0.0,0.0,0.0,0.0,0.0,0.0,0.0,0.0,0.0,0.0,0.0,0.0,0.0,0.0,0.0,0.0,0.0,0.0,0.0,0.0,0.0,0.0,0.0,0.0,0.0,0.0,0.0,0.0,0.0,0.0,0.0,0.0,0.0,0.0,0.0,0.0,0.0,0.0,0.0,0.0,0.0,0.0,0.0,0.0,0.0,0.0,0.0,0.0,0.0,0.0,0.0,0.0,0.0,0.0
ENCFF956QDK,0.15532148271054091,329495,599,7132,118780,1379,397194,16717,857,566,533,984,8979,4539,13857,55050,81114,4519,1690,13682,11390,287,1501,110,186,165,3870,26797,9332,70318,7991,409,283,1195,6280,5525,103,5961,58,7,16651,22594,184,1005,114,121,1845,16687,64643,2417,1689,4077,4684,781,532,10928,161,849,468,350,1839,4087,1178,40226,5609,1116,8050,89,111558,107037,11833,3919,2276,5468,10230,540,4325,1984,2491,2844,778,3846,3800,6819,1280,2445,11881,45,2863,2252,30,2212,410,93,2882,3016,55371,357290,18898,304,51849,79405,7872,67373,3961,2248,9403,3044,3596,59,6898,15058,16188,248,10246,70965,4491,102527,486,2725,3098,15491,1276,171652,4042,13188,5296,900,4716,496,154,58950,17098,10616,63879,15573,24404,55143,1021,11641,14854,3812,9183,126121,1329,2203,399,207,95,82,4334,861,593,20872,7384,755,8062,115069,7564,701,4067,1644,1328,5760,7907,7907,10530,68,239,100,3510,73,4457,2025,2072,358,41,32,1643,1327,3708,27032,13432,91841,6631,57649,81685,32852,94085,36227,68325,649,57451,71859,21381,18935,54329,37922,11417,2242,2918,1375,71,2277,3734,278,49,48,113,8905,365,155578,25222,20424,762,450837,86478,11152,60851,67079,2528,960,83359,39693,138516,5661,79166,257,73688,19,723,1310,37,1051,2849,511,11865,5970,86,2561,2560,2080,3279,1557,7651,4299,409,454,14347,8714,4804,5904,5268,1218,2573,2612,1528,1004,844,641,4228,11630,2711,1250,3730,7017,6059,31263,99351,21169,7165,6691,3603,2866,2179,2087,3048,1814,195,16161,1729,4517,11481,1120,4770,1733,9813,4586,3354,2665,3263,428,1590,1568,8112,6593,2685,3002,2752,5890,4874,3518,2353,3783,11055,69,46,1387,2541,1054,1015,32160,351,19134,65,680,155,14137,1519,15688,14333,18537,88,6740,236,197,5792,7093,212226,2512,4164,6293,2582,920,6864,298,1282,3016,44389,18047,7594,3115,126,453,182,24,74,2033,3146,4240,2070,7808,2179,1499,4473,166143,1687,5251,224971,1596,13995,3283,19439,29580,6899,928,6452,19872,2779,3429,3461,1204,1025,473,159163,4408,3355,3444,1329,3624,3883,55236,105,34063,3244,134,56380,14772,32,830,12992,2055,80,19155,2450,2390,294,10118,3370,72622,6588,4222,2253,3457,1804,2894,2894,2693,1745,46,1784,100,5093,345,133,191,2049,1090,758,2030,97855,3050,22594,11112,2052,1437,1484,526,61873,667,31654,4926,21322,2824,330,5536,22,68289,12721,22858,90379,4189,63328,496,423,1305,3141,1599,2938,2630,3668,17890,3164,42,1117,3752,56,90,6798,7205,76,2040,232,53975,86250,68811,17849,68406,9754,1310,182118,191406,29545,87457,149676,164238,539,233,2140,2114,776,3008,1625,596,509,1726,15127,0.0,0.0,0.0,0.0,0.0,0.0,0.0,0.0,0.0,0.0,0.0,0.0,0.0,0.0,0.0,0.0,0.0,0.0,0.0,0.0,0.0,0.0,0.0,0.0,0.0,0.0,0.0,0.0,0.0,0.0,0.0,0.0,0.0,0.0,0.0,0.0,0.0,0.0,0.0,0.0,0.0,0.0,0.0,0.0,0.0,0.0,0.0,0.0,0.0,0.0,0.0,0.0,0.0,0.0,0.0,0.0,0.0,0.0,0.0,0.0,0.0,0.0,0.0,0.0,0.0,0.0,0.0,0.0,0.0,0.0,0.0,0.0,0.0,0.0,0.0,0.0,0.0,0.0,0.0,0.0,0.0,0.0,0.0,0.0,0.0,0.0,0.0,0.0,0.0,0.0,0.0,0.0,0.0,0.0,0.0,0.0,0.0,0.0,0.0,0.0,0.0,0.0,0.0,0.0,0.0,0.0,0.0,0.0,0.0,0.0,0.0,0.0,0.0,0.0,0.0,0.0,0.0,0.0,0.0,0.0,0.0,0.0,0.0,0.0,0.0,0.0,0.0,0.0,0.0,0.0,0.0,0.0,0.0,0.0,0.0,0.0,0.0,0.0,0.0,0.0,0.0,0.0,0.0,0.0,0.0,0.0,0.0,0.0,0.0,0.0
ENCFF000XPD,0.0597531262805783,4609,25,225,2109,60,5274,444,31,46,23,45,163,349,741,932,1809,267,29,368,387,17,51,6,4,6,30,210,204,2753,281,21,17,38,121,113,7,147,2,3,560,779,3,51,2,5,57,386,1456,30,37,71,93,41,19,552,8,23,28,13,74,102,19,796,31,40,62,8,3539,3589,574,74,37,107,476,34,77,37,50,67,14,66,69,272,39,35,200,1,47,33,2,126,15,3,120,72,1187,12100,696,2,2140,2869,186,2619,122,40,348,117,124,3,223,546,541,8,357,2689,250,2698,56,225,173,650,103,3641,88,504,187,57,256,34,18,2248,975,181,1589,653,1404,2067,45,288,238,85,277,3441,35,50,11,15,4,2,168,26,54,660,377,51,377,2197,249,29,71,102,106,216,330,308,443,11,18,1,70,5,109,43,166,413,4,0,47,76,63,1284,510,3433,165,2171,2590,1084,2767,962,1908,15,2171,2478,795,730,1869,1372,502,63,31,75,4,37,55,25,4,4,20,297,39,3544,889,967,43,15382,2589,285,2144,1684,97,55,2951,1339,3983,361,3438,10,3351,6,24,67,45,18,55,24,241,149,2,44,57,31,64,28,160,105,33,16,253,233,122,235,63,18,29,36,31,25,18,32,86,343,80,16,145,155,118,780,2137,133,170,232,103,54,41,47,69,33,9,594,29,45,410,17,97,37,256,66,65,39,61,14,25,38,180,135,64,57,40,212,88,35,51,49,202,1,2,28,41,55,20,1089,13,734,4,41,4,464,64,522,487,458,2,194,8,17,145,303,4903,46,157,144,77,5,172,13,12,46,915,403,226,111,11,33,13,1,5,37,100,190,47,234,39,32,94,3160,36,118,8644,35,426,64,357,225,157,16,97,492,58,73,57,42,27,23,1174,67,62,67,26,74,89,1807,8,726,191,2,2115,596,1,17,443,54,9,465,49,103,19,206,71,1406,231,61,61,60,31,96,32,106,61,3,81,3,128,18,1,16,41,35,70,70,1506,216,640,443,105,42,77,16,2763,29,1017,151,872,107,16,192,6,2038,423,688,2915,233,1063,18,19,20,62,32,80,36,90,547,80,1,32,82,4,2,313,341,1,38,17,1770,2787,2019,504,2544,298,23,5218,6304,966,2715,4714,5589,28,25,62,64,27,44,122,23,34,41,482,0.0,0.0,0.0,0.0,0.0,0.0,0.0,0.0,0.0,0.0,0.0,0.0,0.0,0.0,0.0,0.0,0.0,0.0,0.0,0.0,0.0,0.0,0.0,0.0,0.0,0.0,0.0,0.0,0.0,0.0,0.0,0.0,0.0,0.0,0.0,0.0,0.0,0.0,0.0,0.0,0.0,0.0,0.0,0.0,0.0,0.0,0.0,0.0,0.0,0.0,0.0,0.0,0.0,0.0,0.0,0.0,0.0,0.0,0.0,0.0,0.0,0.0,0.0,0.0,0.0,0.0,0.0,0.0,0.0,0.0,0.0,0.0,0.0,0.0,0.0,0.0,0.0,0.0,0.0,0.0,0.0,0.0,0.0,0.0,0.0,0.0,0.0,0.0,0.0,0.0,0.0,0.0,0.0,0.0,0.0,0.0,0.0,0.0,0.0,0.0,0.0,0.0,0.0,0.0,0.0,0.0,0.0,0.0,0.0,0.0,0.0,0.0,0.0,0.0,0.0,0.0,0.0,0.0,0.0,0.0,0.0,0.0,0.0,0.0,0.0,0.0,0.0,0.0,0.0,0.0,0.0,0.0,0.0,0.0,0.0,0.0,0.0,0.0,0.0,0.0,0.0,0.0,0.0,0.0,0.0,0.0,0.0,0.0,0.0,0.0
ENCFF830CNG,0.27949117685186853,10614693,575408,7521,434,3,40926,5221,94,182,112,20938,637,375,211,32,8,1281,461,2315,3151,112,710,397,230,47,283,1401943,1063,176,2265,557,1382,581,607,431,37,718,0,0,9535,6529,315,1650,42,119942,137,1991,29,48257,344,325,396,167,1054,403220,23,191,36,0,886,364,0,2,4,2,316894,0,39090,188625,38896,316,191,7207,9055,47,353,164,213,215,61,348,348,2015,120,177,1146,73,201,287,0,2205,6,0,1032,71,9,259014,8779,80,195122,25624,553,22265,418,189,4339,1372,1216,0,177550,85599,14653,683,3802,99057,90,3942,0,0,153,3703,0,89,282,6211,2222,442,1661,175,4,22511,1089,452747,41,1071,8667,112048,36175,25229,483,318,13993,911,63,74451,0,77,62,7,1147,269,135,8064,2689,243,1366,504,135,785,397,2587,1185,1007,1275,1557,80146,8,31,57,236,0,384,148,1890,3339,4,0,281,113,343,22106,4471,93409,907,9984,15146,8133,4354,14250,13257,33,31279,32528,26001,11660,54716,202578,5021,597,13814,14,4,113,339,68,0,32,3,4726,0,10539,4252,2,0,58713825,13693,13653,26206,407,622,2591,15541,10245,9224,88,53212,4,39931,137,76,1923,0,128,330,346,1943,2114,35,216,222,185,272,135,798,314,7412,42,2628,2646,887,13535,432,80,267,190,125,83,64,3445,243,1990,536,102,421,912,418,881,161,1709645,967,43023,453,126,132,199,233,139,807,16175,201,533,3211,74,750,173,1748,391,325,166,231,3523,205,421,770,399,224,248,223,4069,1336,289,125,254,889,56,42,124,211,239,1,34699,50,25128,32,118,22,2642,260,29014,20486,3264,0,1805,25,5,12,2921,9506,106928,2998,25133,844,126,630,13,75,1236,13572,2321,952,855,63,1694,0,0,2,163,1,1204,142,1040,173,171,177,147,8649,563,83521,53480,6016,207,3556,1383141,889,225,41220,153600,171,435,276,71,74,104,3277080,420,322,345,160,370,372,15168,9,5850,6065,6,127818,16777,0,294,1749,3391,0,2550,226,269,132,1667,270,251,67,312586,227,254,187,303,266,3094,2,0,1827,38,830,295,38,40,181916,302,9,37,826,4,888,332,25,244,637,118,48658,91569,12092,1789,6506,756,7,3301,0,53486,2724,3909,120332,363,417,138,1,114,393,161603,215,209,416,211,292,0,715,323,0,0,5623,2144,6,119153,632,15711,23519,25491,2377,17297,12572,132,22336,130600,7237,16379,99905,46885,19,90,144,145,131,189,274,132,1098,280,4216,0.0,0.0,0.0,0.0,0.0,0.0,0.0,0.0,0.0,0.0,0.0,0.0,0.0,0.0,0.0,0.0,0.0,0.0,0.0,0.0,0.0,0.0,0.0,0.0,0.0,0.0,0.0,0.0,0.0,0.0,0.0,0.0,0.0,0.0,0.0,0.0,0.0,0.0,0.0,0.0,0.0,0.0,0.0,0.0,0.0,0.0,0.0,0.0,0.0,0.0,0.0,0.0,0.0,0.0,0.0,0.0,0.0,0.0,0.0,0.0,0.0,0.0,0.0,0.0,0.0,0.0,0.0,0.0,0.0,0.0,0.0,0.0,0.0,0.0,0.0,0.0,0.0,0.0,0.0,0.0,0.0,0.0,0.0,0.0,0.0,0.0,0.0,0.0,0.0,0.0,0.0,0.0,0.0,0.0,0.0,0.0,0.0,0.0,0.0,0.0,0.0,0.0,0.0,0.0,0.0,0.0,0.0,0.0,0.0,0.0,0.0,0.0,0.0,0.0,0.0,0.0,0.0,0.0,0.0,0.0,0.0,0.0,0.0,0.0,0.0,0.0,0.0,0.0,0.0,0.0,0.0,0.0,0.0,0.0,0.0,0.0,0.0,0.0,0.0,0.0,0.0,0.0,0.0,0.0,0.0,0.0,0.0,0.0,0.0,0.0
ENCFF484TEY,0.0589309799066393,272264,1155,5022,35873,561,57090,5938,292,377,244,560,3510,2985,7819,17323,16421,2907,326,5908,4836,100,514,59,60,50,1178,25996,3212,22762,2874,210,1292,621,1947,1651,839,1824,25,107,7412,8604,90,612,61,324,786,5546,25202,3802,426,1236,1410,330,315,5114,163,264,341,162,529,1569,772,13546,576,1374,6467,159,50805,45835,5115,1064,667,5424,4232,216,1270,429,717,833,238,957,1184,2761,450,560,3768,23,821,450,17,947,196,43,1594,1389,24157,146280,8559,144,22516,33682,2348,29183,1563,581,4092,1421,1619,9,2417,6289,6229,213,4547,25976,2172,28160,387,1741,1914,7628,727,38928,1510,5113,2405,702,2000,289,85,21915,10046,14855,25154,7524,11325,20838,4359,4512,3927,1308,5163,45617,523,3199,97,100,44,31,1665,208,741,9145,3555,521,4110,37267,3660,339,1213,1132,1121,2708,3591,3155,5004,75,119,48,997,35,1831,550,2014,6248,529,22,1661,670,1030,12219,5466,41394,2130,25012,26638,14146,28323,13009,26674,145,23726,28370,9129,7338,21157,15530,6421,882,5730,900,326,556,887,139,48,36,56,3721,345,40777,12321,7593,269,263080,38718,5741,25052,24810,827,633,38939,20581,61533,3274,35219,216,31543,31,355,838,244,272,887,378,3692,1990,42,630,924,558,872,408,2422,1467,451,347,4182,2580,1733,2467,1182,321,639,719,286,315,246,432,1138,5598,1189,374,1712,2397,2208,14327,58557,16546,2273,2782,1230,895,718,565,893,508,154,6158,447,826,4183,332,1392,321,3795,1108,982,580,877,372,399,1328,2351,2318,803,934,654,1960,1379,723,722,930,4054,31,28,403,601,398,336,11298,128,7741,35,395,82,5100,552,5745,5974,6911,19,2270,69,125,2006,3033,73822,1844,3898,2088,948,1136,3169,144,359,600,16205,7432,3284,939,26,185,94,17,27,716,1507,2157,619,3350,476,411,1759,47924,1357,2118,101627,640,4429,1018,5318,26320,2694,278,9112,25115,741,985,987,389,410,606,110580,1172,917,1145,527,1194,1258,20573,65,9451,1833,33,21225,5685,46,211,5941,594,45,5988,805,1141,196,3090,1127,22671,3767,3307,805,1129,394,1138,802,1061,956,12,988,21,1649,227,77,124,2851,571,580,972,30913,1535,10013,5555,1155,565,819,158,26525,2488,12922,5706,9102,929,362,2335,31,31430,5718,9929,42406,4752,16917,814,334,306,2464,1134,1223,681,1584,7875,1058,23,2087,981,31,33,3031,2745,13,6035,142,19339,40320,29972,8085,29688,3632,657,63946,82850,13490,39351,62067,69224,155,124,704,622,185,810,1053,273,344,552,5992,0.0,0.0,0.0,0.0,0.0,0.0,0.0,0.0,0.0,0.0,0.0,0.0,0.0,0.0,0.0,0.0,0.0,0.0,0.0,0.0,0.0,0.0,0.0,0.0,0.0,0.0,0.0,0.0,0.0,0.0,0.0,0.0,0.0,0.0,0.0,0.0,0.0,0.0,0.0,0.0,0.0,0.0,0.0,0.0,0.0,0.0,0.0,0.0,0.0,0.0,0.0,0.0,0.0,0.0,0.0,0.0,0.0,0.0,0.0,0.0,0.0,0.0,0.0,0.0,0.0,0.0,0.0,0.0,0.0,0.0,0.0,0.0,0.0,0.0,0.0,0.0,0.0,0.0,0.0,0.0,0.0,0.0,0.0,0.0,0.0,0.0,0.0,0.0,0.0,0.0,0.0,0.0,0.0,0.0,0.0,0.0,0.0,0.0,0.0,0.0,0.0,0.0,0.0,0.0,0.0,0.0,0.0,0.0,0.0,0.0,0.0,0.0,0.0,0.0,0.0,0.0,0.0,0.0,0.0,0.0,0.0,0.0,0.0,0.0,0.0,0.0,0.0,0.0,0.0,0.0,0.0,0.0,0.0,0.0,0.0,0.0,0.0,0.0,0.0,0.0,0.0,0.0,0.0,0.0,0.0,0.0,0.0,0.0,0.0,0.0
ENCFF000WTI,0.06359041360741645,5715,21,217,2594,34,5236,371,27,31,18,58,227,308,688,1482,1856,253,26,291,356,19,37,7,4,3,82,394,228,1291,211,10,25,28,137,103,9,114,3,6,576,706,1,54,5,12,91,378,1465,39,61,59,94,27,25,460,10,22,31,7,46,109,18,752,38,45,122,19,3035,2743,435,71,39,161,401,14,96,39,58,76,13,74,74,257,30,24,231,1,60,29,2,72,11,2,98,75,770,10300,635,2,1757,2449,169,2223,132,43,298,101,106,2,194,468,477,7,303,2004,189,1620,38,153,118,568,58,2208,94,377,162,55,207,17,7,1869,959,241,1391,536,868,1663,91,324,163,73,272,2727,27,51,11,9,6,4,127,14,82,639,321,43,290,2541,210,20,74,99,100,160,315,238,349,2,11,2,72,1,122,51,236,330,5,0,50,38,51,905,445,2784,146,1805,2031,929,1750,810,1781,17,1709,2097,660,545,1604,1198,457,48,80,33,12,28,69,10,2,1,4,253,15,2340,872,834,6,16395,2200,259,1769,1600,67,42,2545,1112,3640,303,2620,19,2689,4,23,79,50,17,77,17,201,109,3,38,60,42,61,27,175,104,12,28,261,204,116,190,73,18,53,53,25,23,24,31,83,327,85,21,142,168,143,894,1559,215,174,230,86,50,39,34,55,32,2,492,42,50,314,20,123,28,254,70,71,35,59,12,27,42,180,154,44,66,48,176,81,45,44,74,241,3,2,22,42,31,12,842,2,578,1,46,2,387,43,397,427,490,3,153,5,19,94,228,4154,37,148,171,67,17,147,6,7,40,980,378,261,105,0,13,5,2,3,42,90,172,64,231,39,33,103,3452,45,149,7648,24,351,55,379,375,146,23,157,568,59,65,80,33,23,26,1527,103,74,79,28,81,106,1632,3,635,152,4,1683,416,3,18,433,48,3,435,40,58,15,230,82,1201,240,82,70,76,25,77,55,52,41,1,62,0,131,8,1,15,58,25,51,35,1896,135,696,352,92,37,64,12,2229,49,969,160,745,75,18,186,5,2137,405,729,2914,161,1156,17,19,25,77,41,85,55,112,331,76,1,59,89,1,1,256,245,3,57,13,1557,2489,1930,457,2152,301,50,4501,5530,827,2552,4274,5007,11,11,54,63,18,54,100,14,33,36,433,0.0,0.0,0.0,0.0,0.0,0.0,0.0,0.0,0.0,0.0,0.0,0.0,0.0,0.0,0.0,0.0,0.0,0.0,0.0,0.0,0.0,0.0,0.0,0.0,0.0,0.0,0.0,0.0,0.0,0.0,0.0,0.0,0.0,0.0,0.0,0.0,0.0,0.0,0.0,0.0,0.0,0.0,0.0,0.0,0.0,0.0,0.0,0.0,0.0,0.0,0.0,0.0,0.0,0.0,0.0,0.0,0.0,0.0,0.0,0.0,0.0,0.0,0.0,0.0,0.0,0.0,0.0,0.0,0.0,0.0,0.0,0.0,0.0,0.0,0.0,0.0,0.0,0.0,0.0,0.0,0.0,0.0,0.0,0.0,0.0,0.0,0.0,0.0,0.0,0.0,0.0,0.0,0.0,0.0,0.0,0.0,0.0,0.0,0.0,0.0,0.0,0.0,0.0,0.0,0.0,0.0,0.0,0.0,0.0,0.0,0.0,0.0,0.0,0.0,0.0,0.0,0.0,0.0,0.0,0.0,0.0,0.0,0.0,0.0,0.0,0.0,0.0,0.0,0.0,0.0,0.0,0.0,0.0,0.0,0.0,0.0,0.0,0.0,0.0,0.0,0.0,0.0,0.0,0.0,0.0,0.0,0.0,0.0,0.0,0.0
ENCFF000RKD,0.048175092822576,96142,116,2032,7606,145,23121,4470,77,215,187,363,1266,1035,2059,2395,5549,1426,287,3923,3624,160,558,68,120,125,291,7840,1152,4771,2629,203,288,236,630,522,145,1200,16,9,13075,7808,84,461,7,63,408,2558,3166,1028,270,230,331,369,283,5342,195,212,317,203,706,587,53,1736,193,497,1470,17,17954,26538,5494,338,142,1855,4107,176,411,137,178,254,55,253,429,2552,134,103,1113,25,222,136,41,1399,239,73,1048,270,2413,106968,7764,52,20786,26703,1185,23290,982,154,4191,1309,1306,23,2391,5738,5762,386,2395,23577,863,8937,88,404,578,5190,189,7088,437,4735,2168,725,2194,262,199,24904,4703,8253,3665,2393,9335,20189,1062,1874,1832,344,2965,5783,462,1188,38,94,32,22,1562,260,334,5841,3617,459,2487,7116,749,364,334,1617,1421,1737,2771,2634,5026,53,107,88,235,28,463,144,1909,8187,47,1,705,575,323,11151,4955,29656,992,14823,19864,7128,8513,6726,12359,157,17892,20553,7227,6517,15439,12613,4258,442,1526,490,9,133,206,228,83,99,230,2369,106,8002,4408,2697,232,117891,22354,2399,17535,4176,983,765,20730,9501,19865,838,31336,95,32348,44,186,438,60,73,319,131,1363,1547,76,128,209,136,192,113,1028,554,193,134,2045,1672,1025,2423,286,54,164,182,75,104,77,407,271,2501,324,104,1220,973,734,2301,3645,2939,925,2440,544,230,207,132,243,109,150,6308,127,192,3488,95,707,138,1953,223,289,113,229,202,121,262,665,739,192,209,182,1531,607,204,189,189,1117,15,37,112,141,494,156,11059,185,7356,41,392,102,4106,728,5540,4602,3328,24,1751,147,193,816,3100,22954,640,1658,1076,642,125,1043,288,303,762,7090,4106,968,1139,99,173,96,8,23,152,1366,1942,275,1992,152,156,496,10023,374,659,82025,228,4288,252,2100,6892,906,98,2309,7403,194,345,450,117,138,230,36197,468,278,405,157,382,459,16674,132,4972,1473,30,19781,4590,5,243,3398,812,32,2925,198,1479,216,1628,349,4043,438,1277,226,402,132,356,183,1160,284,31,716,36,1033,210,17,183,830,869,251,419,5445,399,1810,1554,246,227,900,288,30493,874,9433,1754,9468,1129,152,2023,16,18907,4046,5280,25953,728,3509,141,486,111,552,143,392,128,419,3872,375,14,1741,273,31,63,3180,3229,15,1323,152,17091,20177,14074,3275,22711,2786,219,32114,52186,6140,20760,39343,49850,134,130,174,179,65,177,1188,207,303,450,3842,0.0,0.0,0.0,0.0,0.0,0.0,0.0,0.0,0.0,0.0,0.0,0.0,0.0,0.0,0.0,0.0,0.0,0.0,0.0,0.0,0.0,0.0,0.0,0.0,0.0,0.0,0.0,0.0,0.0,0.0,0.0,0.0,0.0,0.0,0.0,0.0,0.0,0.0,0.0,0.0,0.0,0.0,0.0,0.0,0.0,0.0,0.0,0.0,0.0,0.0,0.0,0.0,0.0,0.0,0.0,0.0,0.0,0.0,0.0,0.0,0.0,0.0,0.0,0.0,0.0,0.0,0.0,0.0,0.0,0.0,0.0,0.0,0.0,0.0,0.0,0.0,0.0,0.0,0.0,0.0,0.0,0.0,0.0,0.0,0.0,0.0,0.0,0.0,0.0,0.0,0.0,0.0,0.0,0.0,0.0,0.0,0.0,0.0,0.0,0.0,0.0,0.0,0.0,0.0,0.0,0.0,0.0,0.0,0.0,0.0,0.0,0.0,0.0,0.0,0.0,0.0,0.0,0.0,0.0,0.0,0.0,0.0,0.0,0.0,0.0,0.0,0.0,0.0,0.0,0.0,0.0,0.0,0.0,0.0,0.0,0.0,0.0,0.0,0.0,0.0,0.0,0.0,0.0,0.0,0.0,0.0,0.0,0.0,0.0,0.0
ENCFF000WHA,0.07743365711942478,2278,18,277,2023,37,4757,279,33,36,20,41,221,236,500,1173,1445,279,38,306,392,18,59,1,3,5,47,42,197,1629,246,15,18,27,128,109,1,108,0,2,479,811,2,79,1,4,26,377,1389,4,47,57,82,32,28,497,16,16,35,8,48,107,32,758,11,22,17,7,3184,3394,591,71,42,80,451,15,79,37,52,52,15,61,67,335,54,31,223,1,58,46,1,94,22,4,92,88,985,12023,832,2,2220,2923,154,2614,84,37,354,111,126,2,188,565,539,5,312,2228,154,1908,33,170,130,626,73,2303,86,483,173,54,232,37,8,2396,756,24,1490,538,1015,2057,7,271,199,76,234,2320,17,22,11,13,4,0,146,18,52,636,353,41,301,2154,242,29,51,90,70,207,315,269,422,8,8,3,59,2,122,39,294,220,0,1,33,55,59,1127,523,3041,164,1973,2360,995,2028,839,1747,19,2043,2232,681,748,1592,1362,459,59,6,57,4,39,46,14,4,3,0,307,17,2779,866,603,10,13424,2358,272,1950,1341,64,46,2772,1238,3624,298,3113,10,3391,1,15,83,31,18,51,18,231,170,2,38,64,47,57,24,158,94,20,17,289,209,107,198,78,19,42,32,28,20,18,41,60,319,76,26,145,198,106,779,1882,35,132,250,102,46,45,33,44,38,13,514,41,62,405,18,105,35,261,81,70,46,51,12,14,28,153,136,58,49,44,222,108,42,47,73,235,2,2,22,35,35,13,1004,2,667,1,35,3,470,66,459,436,469,2,138,5,12,73,291,4049,39,142,153,82,2,140,16,21,40,894,382,235,115,2,5,5,2,3,34,60,205,31,280,30,29,103,2888,35,123,9294,30,411,62,321,67,151,23,20,303,55,47,66,31,21,20,213,79,49,59,21,76,98,1804,3,762,166,0,2087,657,2,31,396,49,4,449,52,91,13,199,79,929,207,37,67,41,23,95,50,94,42,1,68,1,121,6,4,20,31,23,52,57,1856,136,619,378,100,32,66,12,2663,11,1057,122,898,110,11,232,5,2040,409,650,2986,127,957,12,13,15,51,26,71,39,90,525,61,2,19,68,0,2,324,342,0,8,6,1905,2879,2124,469,2494,348,27,4871,6507,910,2940,5080,5814,27,14,42,62,24,62,113,33,35,35,460,0.0,0.0,0.0,0.0,0.0,0.0,0.0,0.0,0.0,0.0,0.0,0.0,0.0,0.0,0.0,0.0,0.0,0.0,0.0,0.0,0.0,0.0,0.0,0.0,0.0,0.0,0.0,0.0,0.0,0.0,0.0,0.0,0.0,0.0,0.0,0.0,0.0,0.0,0.0,0.0,0.0,0.0,0.0,0.0,0.0,0.0,0.0,0.0,0.0,0.0,0.0,0.0,0.0,0.0,0.0,0.0,0.0,0.0,0.0,0.0,0.0,0.0,0.0,0.0,0.0,0.0,0.0,0.0,0.0,0.0,0.0,0.0,0.0,0.0,0.0,0.0,0.0,0.0,0.0,0.0,0.0,0.0,0.0,0.0,0.0,0.0,0.0,0.0,0.0,0.0,0.0,0.0,0.0,0.0,0.0,0.0,0.0,0.0,0.0,0.0,0.0,0.0,0.0,0.0,0.0,0.0,0.0,0.0,0.0,0.0,0.0,0.0,0.0,0.0,0.0,0.0,0.0,0.0,0.0,0.0,0.0,0.0,0.0,0.0,0.0,0.0,0.0,0.0,0.0,0.0,0.0,0.0,0.0,0.0,0.0,0.0,0.0,0.0,0.0,0.0,0.0,0.0,0.0,0.0,0.0,0.0,0.0,0.0,0.0,0.0
ENCFF000YYH,0.032374208655073795,2755,230,743,3172,49,5582,283,15,11,6,73,546,129,389,1310,1158,157,15,262,414,10,61,3,2,1,31,66,167,1360,245,7,12,27,940,68,3,84,1,0,1783,506,0,896,0,6,18,246,2716,12,40,42,63,24,16,350,5,6,29,11,34,72,13,639,13,2982,19,2,3886,8150,917,45,87,68,363,13,51,34,30,113,12,59,45,723,49,19,162,0,39,29,0,62,6,0,275,55,955,20377,1238,6,3059,3989,126,3147,3357,22,336,207,124,2,157,604,394,5,321,2329,130,2108,42,190,159,614,81,1860,76,441,122,37,137,24,6,3004,1778,50,897,340,1796,4306,26,326,145,42,237,2762,17,31,1,7,0,3,82,8,20,715,325,26,177,2562,196,13,45,40,38,143,489,1119,871,1,8,1,31,0,104,41,6212,64839,4,1,29,66,33,1915,373,4109,112,4967,3759,1033,2884,761,2941,5,4113,4584,736,1659,2447,1494,625,43,17,29,5,20,28,8,2,3,3,214,10,2436,1236,393,10,16655,6618,167,2597,1140,38,379,2646,1062,3430,299,2794,9,3368,1,12,30,38,7,41,14,155,210,1,37,71,30,59,15,126,86,38,12,187,142,87,323,54,11,39,32,9,38,22,23,84,366,55,20,1493,264,109,971,2770,49,89,1173,100,37,23,27,42,22,5,455,10,43,217,17,290,29,162,63,51,22,59,11,18,19,113,99,45,49,49,246,153,31,46,52,149,3,1,15,28,23,18,1079,6,560,1,23,3,304,27,499,664,411,2,115,3,10,58,630,7648,20,115,244,97,10,142,18,9,30,2276,749,184,73,4,8,1,0,4,42,65,1334,28,585,46,25,622,3434,48,96,22378,32,732,55,241,87,100,14,22,832,54,41,54,58,26,10,379,40,44,50,21,64,57,1640,4,3003,130,1,2244,629,0,37,552,19,5,312,35,49,9,1923,56,831,215,26,57,40,17,48,33,88,31,2,63,2,81,7,3,10,22,3,28,44,2532,132,558,427,93,30,340,12,8661,14,874,106,1085,61,7,224,5,6264,1242,644,4574,355,757,13,11,25,38,33,39,35,75,360,30,1,13,54,1,1,1175,159,0,16,11,2938,3710,2406,500,4310,2242,15,10943,9440,1461,3458,10246,8423,27,20,67,32,17,39,94,16,24,14,382,0.0,0.0,0.0,0.0,0.0,0.0,0.0,0.0,0.0,0.0,0.0,0.0,0.0,0.0,0.0,0.0,0.0,0.0,0.0,0.0,0.0,0.0,0.0,0.0,0.0,0.0,0.0,0.0,0.0,0.0,0.0,0.0,0.0,0.0,0.0,0.0,0.0,0.0,0.0,0.0,0.0,0.0,0.0,0.0,0.0,0.0,0.0,0.0,0.0,0.0,0.0,0.0,0.0,0.0,0.0,0.0,0.0,0.0,0.0,0.0,0.0,0.0,0.0,0.0,0.0,0.0,0.0,0.0,0.0,0.0,0.0,0.0,0.0,0.0,0.0,0.0,0.0,0.0,0.0,0.0,0.0,0.0,0.0,0.0,0.0,0.0,0.0,0.0,0.0,0.0,0.0,0.0,0.0,0.0,0.0,0.0,0.0,0.0,0.0,0.0,0.0,0.0,0.0,0.0,0.0,0.0,0.0,0.0,0.0,0.0,0.0,0.0,0.0,0.0,0.0,0.0,0.0,0.0,0.0,0.0,0.0,0.0,0.0,0.0,0.0,0.0,0.0,0.0,0.0,0.0,0.0,0.0,0.0,0.0,0.0,0.0,0.0,0.0,0.0,0.0,0.0,0.0,0.0,0.0,0.0,0.0,0.0,0.0,0.0,0.0
ENCFF000ZLL,0.06762532654290758,3183,8,226,2904,81,8165,345,27,38,6,21,185,353,602,1212,2334,200,30,317,324,13,45,3,6,7,55,114,231,2109,211,17,12,21,133,99,2,110,0,0,458,675,2,60,7,7,66,356,2003,12,59,60,101,29,22,425,10,28,20,13,57,70,16,971,15,43,54,0,3316,2856,423,58,41,74,335,13,91,34,46,60,19,74,94,236,27,41,210,1,52,23,2,82,23,2,89,86,902,10648,640,7,1763,2424,165,2179,112,37,337,118,145,2,165,458,439,10,294,1959,244,2603,73,260,183,535,103,3756,100,379,166,57,200,26,5,1772,842,73,1513,544,646,1621,22,323,208,70,240,2425,26,22,5,6,2,5,135,17,30,594,290,39,271,2905,262,20,67,87,68,190,305,283,298,6,15,6,63,4,117,40,176,827,4,0,45,48,61,983,382,2862,156,1875,2301,893,2307,840,1779,16,1685,1931,600,573,1473,1118,446,61,24,36,3,27,67,16,12,0,4,244,25,2652,865,929,50,12636,2292,198,1765,1783,72,34,2571,1101,3755,452,2472,6,2579,2,17,36,11,17,53,7,236,131,4,51,64,37,59,33,195,112,9,16,295,207,130,142,90,27,33,57,23,20,11,23,80,326,86,28,113,194,150,945,2328,81,164,167,85,68,56,33,59,48,5,437,28,43,374,10,106,23,230,76,92,44,72,12,26,24,166,154,67,53,43,164,95,59,42,74,220,1,3,34,37,37,25,872,11,542,3,50,4,433,50,420,430,455,2,166,8,10,71,221,4194,50,140,124,68,11,161,16,25,51,848,391,175,105,5,12,8,0,4,32,102,185,56,250,37,22,129,3860,27,111,7518,32,378,69,379,166,156,17,57,331,48,63,79,25,25,17,641,89,57,85,28,88,110,1588,5,670,132,2,1772,433,2,11,347,41,3,418,57,84,13,210,82,1603,221,58,56,80,27,70,43,53,15,3,65,1,128,23,5,11,24,39,79,43,1932,235,691,500,137,46,58,13,2179,26,852,151,843,89,25,197,1,1712,320,602,2533,194,1224,16,15,15,57,23,93,39,84,540,76,1,32,79,1,5,259,254,2,23,11,1557,2359,1937,402,2210,298,20,4472,5390,872,2617,3981,4874,20,14,42,51,18,65,87,17,46,35,480,0.0,0.0,0.0,0.0,0.0,0.0,0.0,0.0,0.0,0.0,0.0,0.0,0.0,0.0,0.0,0.0,0.0,0.0,0.0,0.0,0.0,0.0,0.0,0.0,0.0,0.0,0.0,0.0,0.0,0.0,0.0,0.0,0.0,0.0,0.0,0.0,0.0,0.0,0.0,0.0,0.0,0.0,0.0,0.0,0.0,0.0,0.0,0.0,0.0,0.0,0.0,0.0,0.0,0.0,0.0,0.0,0.0,0.0,0.0,0.0,0.0,0.0,0.0,0.0,0.0,0.0,0.0,0.0,0.0,0.0,0.0,0.0,0.0,0.0,0.0,0.0,0.0,0.0,0.0,0.0,0.0,0.0,0.0,0.0,0.0,0.0,0.0,0.0,0.0,0.0,0.0,0.0,0.0,0.0,0.0,0.0,0.0,0.0,0.0,0.0,0.0,0.0,0.0,0.0,0.0,0.0,0.0,0.0,0.0,0.0,0.0,0.0,0.0,0.0,0.0,0.0,0.0,0.0,0.0,0.0,0.0,0.0,0.0,0.0,0.0,0.0,0.0,0.0,0.0,0.0,0.0,0.0,0.0,0.0,0.0,0.0,0.0,0.0,0.0,0.0,0.0,0.0,0.0,0.0,0.0,0.0,0.0,0.0,0.0,0.0
ENCFF000WRM,0.09614672041729784,1717,67,151,2180,50,5468,341,33,34,18,49,158,307,556,1126,2065,213,23,303,260,11,42,2,2,5,61,39,165,1704,190,13,13,23,116,91,3,100,1,3,426,594,3,45,0,20,63,275,1439,3,50,57,63,22,23,334,12,12,15,14,42,84,31,828,15,45,13,7,2695,2479,396,62,26,46,318,15,71,20,33,35,14,40,64,206,21,24,157,1,33,27,3,74,14,1,72,73,1155,9095,535,4,1543,2137,104,1968,131,34,254,95,69,0,135,359,346,10,235,1553,173,1725,37,147,146,450,73,2397,81,295,134,58,177,19,8,1564,938,40,1788,528,596,1489,8,243,208,57,172,2630,44,13,2,8,2,6,116,19,31,447,259,25,241,2243,176,22,55,100,136,156,210,193,312,7,11,4,51,1,84,33,250,701,0,0,29,41,57,858,336,2254,130,1526,1854,668,1587,650,1321,18,1430,1620,490,478,1221,1078,424,41,4,35,4,33,43,4,4,2,1,170,27,2082,615,851,11,23244,2319,170,1485,1554,47,27,2173,993,3082,332,2250,5,2251,0,12,65,28,13,46,11,154,106,0,46,49,32,45,25,140,68,8,12,227,179,93,131,60,19,25,33,19,24,28,25,52,273,53,23,93,115,102,689,1404,32,126,169,87,37,33,26,47,23,11,460,20,44,261,20,86,26,185,47,49,42,46,10,18,20,127,113,46,51,35,129,68,32,30,44,135,1,5,19,30,25,7,736,6,503,4,44,1,314,51,359,351,369,1,137,3,12,69,202,4245,38,82,135,60,1,132,9,33,33,845,409,169,86,0,8,9,2,1,27,75,127,44,169,23,22,81,3158,16,96,6105,38,331,48,248,47,136,11,19,246,47,51,65,25,20,20,197,62,46,62,23,58,54,1333,9,527,117,5,1434,382,1,24,288,48,3,332,29,63,17,177,56,988,179,15,44,72,37,71,37,77,55,5,58,0,96,7,1,6,15,68,52,51,1780,161,516,313,105,35,47,18,2052,7,754,79,685,80,13,175,2,1842,323,583,2265,97,1110,8,47,7,42,40,58,34,65,373,59,2,11,55,4,2,238,232,1,10,11,1311,1958,1513,342,1832,253,45,3852,4422,660,2060,3347,4165,26,19,41,46,21,44,54,16,23,36,348,0.0,0.0,0.0,0.0,0.0,0.0,0.0,0.0,0.0,0.0,0.0,0.0,0.0,0.0,0.0,0.0,0.0,0.0,0.0,0.0,0.0,0.0,0.0,0.0,0.0,0.0,0.0,0.0,0.0,0.0,0.0,0.0,0.0,0.0,0.0,0.0,0.0,0.0,0.0,0.0,0.0,0.0,0.0,0.0,0.0,0.0,0.0,0.0,0.0,0.0,0.0,0.0,0.0,0.0,0.0,0.0,0.0,0.0,0.0,0.0,0.0,0.0,0.0,0.0,0.0,0.0,0.0,0.0,0.0,0.0,0.0,0.0,0.0,0.0,0.0,0.0,0.0,0.0,0.0,0.0,0.0,0.0,0.0,0.0,0.0,0.0,0.0,0.0,0.0,0.0,0.0,0.0,0.0,0.0,0.0,0.0,0.0,0.0,0.0,0.0,0.0,0.0,0.0,0.0,0.0,0.0,0.0,0.0,0.0,0.0,0.0,0.0,0.0,0.0,0.0,0.0,0.0,0.0,0.0,0.0,0.0,0.0,0.0,0.0,0.0,0.0,0.0,0.0,0.0,0.0,0.0,0.0,0.0,0.0,0.0,0.0,0.0,0.0,0.0,0.0,0.0,0.0,0.0,0.0,0.0,0.0,0.0,0.0,0.0,0.0
ENCFF391EOT,0.0794477058998423,20738,75,963,8369,106,27800,2521,104,58,400,226,1249,612,1552,4322,4699,1012,494,1150,2443,146,610,12,26,11,511,618,1176,5483,2207,131,40,293,672,580,5,855,2,0,3613,7499,29,274,37,13,345,2616,5336,47,399,489,501,315,538,9373,36,278,76,30,559,619,220,2664,814,67,144,48,14876,21096,6378,402,257,809,6711,162,485,229,270,299,77,386,420,2216,137,246,1523,5,268,276,2,698,80,3,454,306,5417,83849,5960,45,17410,21918,909,19066,436,194,3265,768,677,6,2715,4668,4751,44,2207,29170,318,10665,28,169,349,3731,73,12744,372,3240,1206,612,1570,127,17,26326,1829,265,5540,1681,19048,20918,23,1725,1278,381,1896,10429,92,127,17,63,9,14,1386,335,203,4954,2827,234,1570,8436,754,325,417,310,270,1287,1911,2036,6344,42,72,3,403,5,499,211,565,997,9,7,162,349,423,9911,4332,24998,1221,10447,16414,5269,9704,7820,11718,88,16365,18966,7684,5754,13790,10469,1915,427,79,186,109,264,421,72,9,6,9,2166,19,10659,3596,1335,62,97477,16199,2298,13547,5005,794,212,16440,6406,17607,508,30879,36,26104,38,136,407,7,87,274,134,2583,2269,113,267,266,227,351,162,909,453,1064,94,2692,2095,856,5834,564,140,317,313,163,127,95,639,470,1811,267,131,659,1047,744,3455,18340,552,1068,3808,572,291,206,213,301,178,664,7272,177,513,3657,145,924,183,2214,510,389,265,337,1669,184,311,1073,704,279,331,275,1725,795,435,240,445,1452,19,12,151,246,445,116,11637,36,7254,15,166,40,3453,558,5794,2995,3752,2,1595,10,22,330,2496,22006,505,990,2246,764,20,827,52,107,1198,6642,2160,1486,919,2,90,15,6,8,225,240,1197,244,1494,232,163,867,12311,95,658,69218,158,3717,334,2375,912,900,101,107,1861,270,349,383,153,107,156,3813,476,349,365,205,396,387,13762,5,6993,827,23,21486,5529,43,254,2598,527,9,3535,282,1508,117,1709,378,4573,617,263,252,343,214,499,305,1675,181,16,689,25,1073,1128,23,54,112,81,46,182,6036,205,2330,1104,159,418,267,40,39859,29,6621,531,8915,805,42,1658,3,12548,2082,4001,18687,969,4814,75,35,96,328,195,318,263,735,1314,331,4,86,383,8,8,2483,2770,2,49,161,15083,17577,12620,3114,17215,2394,217,29369,45157,5131,17168,35505,40866,76,80,224,250,109,322,886,240,688,300,3079,0.0,0.0,0.0,0.0,0.0,0.0,0.0,0.0,0.0,0.0,0.0,0.0,0.0,0.0,0.0,0.0,0.0,0.0,0.0,0.0,0.0,0.0,0.0,0.0,0.0,0.0,0.0,0.0,0.0,0.0,0.0,0.0,0.0,0.0,0.0,0.0,0.0,0.0,0.0,0.0,0.0,0.0,0.0,0.0,0.0,0.0,0.0,0.0,0.0,0.0,0.0,0.0,0.0,0.0,0.0,0.0,0.0,0.0,0.0,0.0,0.0,0.0,0.0,0.0,0.0,0.0,0.0,0.0,0.0,0.0,0.0,0.0,0.0,0.0,0.0,0.0,0.0,0.0,0.0,0.0,0.0,0.0,0.0,0.0,0.0,0.0,0.0,0.0,0.0,0.0,0.0,0.0,0.0,0.0,0.0,0.0,0.0,0.0,0.0,0.0,0.0,0.0,0.0,0.0,0.0,0.0,0.0,0.0,0.0,0.0,0.0,0.0,0.0,0.0,0.0,0.0,0.0,0.0,0.0,0.0,0.0,0.0,0.0,0.0,0.0,0.0,0.0,0.0,0.0,0.0,0.0,0.0,0.0,0.0,0.0,0.0,0.0,0.0,0.0,0.0,0.0,0.0,0.0,0.0,0.0,0.0,0.0,0.0,0.0,0.0
ENCFF000BMP,0.037110865306274395,13159,54,946,3679,147,18158,2819,55,126,71,211,541,909,1786,1424,4650,971,220,1508,1419,116,310,32,27,36,143,23,518,3153,1283,120,73,107,406,237,3,544,16,2,2619,5193,29,237,6,23,236,1269,1851,7,194,80,129,188,194,5582,71,126,120,86,347,264,26,1606,151,5316,6,25,10771,15034,5496,143,91,213,3997,66,176,50,88,120,22,123,210,2052,63,49,500,10,69,62,12,682,72,14,455,172,1371,54109,4458,33,11889,16271,480,14393,698,68,2509,752,544,7,1749,5030,3977,82,2384,14900,577,7020,99,463,426,2989,206,5959,229,1967,831,320,1562,158,63,13340,3177,15,2735,1686,9939,13360,2,851,636,159,1075,3946,378,67,14,44,9,18,789,186,203,3710,1827,229,1190,3194,414,124,144,909,1174,1159,1462,1346,7092,47,80,37,104,14,216,71,1587,88587,2,2,53,259,145,7921,2495,16799,587,9557,12461,3374,6195,4649,7405,86,10357,10943,5362,4087,11874,6761,2081,273,2,280,22,45,91,134,30,12,170,1108,76,5390,2611,2103,46,83614,13982,921,9420,3481,476,340,11629,5152,11409,836,17398,64,18037,27,125,313,55,24,145,95,1333,1321,121,56,87,60,78,41,629,260,1034,74,953,1585,464,4034,118,30,69,71,36,51,28,1198,120,1772,164,48,531,570,330,1432,2217,61,459,3208,244,87,91,50,100,61,711,3296,70,71,2815,42,379,46,1511,109,123,45,86,263,51,88,386,284,76,104,65,1456,319,60,85,70,505,4,15,51,50,370,29,6439,67,4958,9,257,38,2019,452,3775,1980,2793,13,712,50,108,501,1325,15026,205,677,1282,385,2,415,78,161,277,4093,5486,567,548,42,97,55,1,43,74,305,773,135,1059,63,52,272,5327,62,329,46425,69,2331,101,856,113,451,43,5,1166,85,166,184,67,66,64,313,194,95,177,55,152,248,9321,85,3412,1023,10,16855,3159,5,93,2153,215,50,1469,65,560,149,1053,142,1741,341,143,80,212,52,174,83,1168,109,21,368,20,535,70,45,87,143,171,174,201,3695,425,1050,1110,215,177,390,60,21220,6,4435,374,5343,578,84,835,9,9678,2310,2510,17302,400,1895,26,75,50,99,75,167,60,1216,1393,134,14,84,115,9,22,1915,1806,4,15,91,9536,11610,9839,1621,11401,1557,99,18449,29459,3972,11180,21538,27371,133,61,73,76,31,75,1060,138,158,179,1698,0.0,0.0,0.0,0.0,0.0,0.0,0.0,0.0,0.0,0.0,0.0,0.0,0.0,0.0,0.0,0.0,0.0,0.0,0.0,0.0,0.0,0.0,0.0,0.0,0.0,0.0,0.0,0.0,0.0,0.0,0.0,0.0,0.0,0.0,0.0,0.0,0.0,0.0,0.0,0.0,0.0,0.0,0.0,0.0,0.0,0.0,0.0,0.0,0.0,0.0,0.0,0.0,0.0,0.0,0.0,0.0,0.0,0.0,0.0,0.0,0.0,0.0,0.0,0.0,0.0,0.0,0.0,0.0,0.0,0.0,0.0,0.0,0.0,0.0,0.0,0.0,0.0,0.0,0.0,0.0,0.0,0.0,0.0,0.0,0.0,0.0,0.0,0.0,0.0,0.0,0.0,0.0,0.0,0.0,0.0,0.0,0.0,0.0,0.0,0.0,0.0,0.0,0.0,0.0,0.0,0.0,0.0,0.0,0.0,0.0,0.0,0.0,0.0,0.0,0.0,0.0,0.0,0.0,0.0,0.0,0.0,0.0,0.0,0.0,0.0,0.0,0.0,0.0,0.0,0.0,0.0,0.0,0.0,0.0,0.0,0.0,0.0,0.0,0.0,0.0,0.0,0.0,0.0,0.0,0.0,0.0,0.0,0.0,0.0,0.0
ENCFF000ZNY,0.06449902192664306,2292,7,197,3457,74,7256,358,24,22,13,25,148,265,448,1207,2170,204,26,283,273,8,29,8,4,5,68,76,202,2690,181,11,14,26,120,128,2,124,0,1,407,563,1,47,3,1,36,359,2346,19,45,62,82,21,22,354,10,19,14,8,45,62,21,806,8,50,39,6,2778,2562,359,67,46,65,268,8,80,33,62,44,19,85,69,182,40,29,194,2,46,37,0,62,11,0,78,92,1144,9195,514,2,1408,2127,130,1820,90,35,260,99,88,1,133,368,392,9,270,1579,211,2300,80,235,178,473,102,3282,110,340,151,35,153,18,3,1521,687,52,1674,481,741,1330,10,226,156,65,185,2334,28,13,12,10,2,2,113,20,26,503,255,35,208,3336,281,23,77,83,60,143,231,211,267,2,7,7,60,1,106,39,156,2607,1,0,28,38,60,812,353,2350,123,1552,2012,777,2628,674,1555,12,1396,1713,525,488,1162,944,371,44,21,44,4,39,57,10,5,2,0,190,16,3230,784,817,17,9385,1817,167,1351,1446,49,36,2126,968,3238,382,1939,9,2124,1,13,35,5,9,51,12,214,100,2,46,57,42,57,28,143,88,7,8,240,173,93,124,70,40,43,47,24,23,15,26,90,276,68,18,100,133,137,1023,2681,51,147,178,68,62,36,37,52,30,6,407,25,42,275,22,113,26,245,65,70,41,79,11,32,25,171,157,47,55,41,118,78,33,60,67,205,3,2,23,30,39,15,702,12,446,5,48,8,384,45,366,364,386,0,121,6,8,53,185,3782,33,107,130,55,6,130,10,10,36,704,351,142,91,2,13,9,1,4,44,99,146,37,226,36,30,115,4549,23,102,6195,22,331,76,270,89,140,22,31,239,48,53,64,30,25,11,360,80,52,71,28,93,76,1328,8,577,109,0,1482,310,4,12,330,35,6,388,44,85,20,166,66,1909,279,37,48,75,30,90,46,59,26,0,46,4,95,16,0,3,23,33,49,40,2316,240,671,458,146,30,48,11,1864,5,752,117,641,73,13,140,2,1328,257,538,2008,131,1334,10,13,21,46,24,60,43,65,460,51,2,14,74,1,2,193,201,0,21,10,1186,2051,1580,361,1793,257,30,4509,4586,722,2079,3464,4006,21,16,46,52,15,47,80,15,26,31,375,0.0,0.0,0.0,0.0,0.0,0.0,0.0,0.0,0.0,0.0,0.0,0.0,0.0,0.0,0.0,0.0,0.0,0.0,0.0,0.0,0.0,0.0,0.0,0.0,0.0,0.0,0.0,0.0,0.0,0.0,0.0,0.0,0.0,0.0,0.0,0.0,0.0,0.0,0.0,0.0,0.0,0.0,0.0,0.0,0.0,0.0,0.0,0.0,0.0,0.0,0.0,0.0,0.0,0.0,0.0,0.0,0.0,0.0,0.0,0.0,0.0,0.0,0.0,0.0,0.0,0.0,0.0,0.0,0.0,0.0,0.0,0.0,0.0,0.0,0.0,0.0,0.0,0.0,0.0,0.0,0.0,0.0,0.0,0.0,0.0,0.0,0.0,0.0,0.0,0.0,0.0,0.0,0.0,0.0,0.0,0.0,0.0,0.0,0.0,0.0,0.0,0.0,0.0,0.0,0.0,0.0,0.0,0.0,0.0,0.0,0.0,0.0,0.0,0.0,0.0,0.0,0.0,0.0,0.0,0.0,0.0,0.0,0.0,0.0,0.0,0.0,0.0,0.0,0.0,0.0,0.0,0.0,0.0,0.0,0.0,0.0,0.0,0.0,0.0,0.0,0.0,0.0,0.0,0.0,0.0,0.0,0.0,0.0,0.0,0.0
ENCFF000WWK,0.15162102895855734,97227,1860,3711,34830,609,84477,70229,219,517,266,542,3416,4363,9885,18848,29594,3593,455,5038,5250,127,638,77,43,57,1576,5362,3167,18664,3220,211,430,863,2077,1831,197,2050,27,42,7108,9651,63,579,47,652,1244,5790,19715,462,542,947,1443,397,266,20079,149,305,319,108,626,1502,439,12405,713,502,1657,128,45307,41720,6547,1090,702,2144,7693,279,1349,487,810,924,187,994,1439,3299,438,503,3505,24,831,520,33,1062,151,44,986,1381,14358,149195,9373,120,25158,37594,2386,32780,1398,606,4866,1691,1863,25,2509,7338,6718,189,4588,28836,2633,25782,386,1677,1882,8068,720,37436,1432,5355,2519,630,2360,336,101,31354,14061,15874,23095,9056,15764,25530,1347,4492,2915,1336,3610,40668,494,760,131,93,40,32,2044,231,638,9845,4222,578,3787,35211,3359,365,1295,965,968,2794,7077,5852,5026,96,115,38,1027,26,1703,629,841,2610,206,18,928,700,1102,13348,6290,39028,2250,26472,29143,13460,25253,12349,26009,289,24750,29562,9311,8237,20903,16930,6685,839,2018,718,73,469,948,166,63,37,35,3598,316,35253,10868,13152,219,508728,34940,3851,26383,24003,917,504,37749,18981,54847,4140,39130,185,37794,40,335,796,243,300,1097,537,3586,2037,26,739,882,585,892,399,3012,1594,338,419,4426,2957,1864,2686,1226,327,588,708,353,327,267,489,1095,5060,1189,367,1592,2566,2359,10957,31848,5047,2303,3322,1365,945,728,648,980,563,240,6562,472,828,4702,345,1530,408,3794,1030,1020,558,923,197,470,602,2268,2319,792,900,744,2421,1450,770,764,932,3646,17,23,414,629,418,244,12407,79,8669,25,421,41,5817,616,6093,5906,6947,22,2440,102,145,1546,3319,70366,668,2270,2317,948,417,2930,167,177,639,15312,6187,3664,1181,26,126,90,10,29,719,1132,2196,739,3495,542,494,1414,47105,895,2083,110895,1024,5274,1021,5294,6855,2328,315,1992,8190,767,1228,1271,401,401,378,28954,1518,983,1361,533,1270,1554,22819,73,9560,1987,27,62374,5992,26,242,32639,657,39,6041,787,1118,248,3318,1142,19856,3443,1375,780,1261,446,1096,888,1297,848,24,828,25,1753,96,26,160,1112,256,592,655,28938,1572,9373,5031,1085,514,784,176,32055,626,14849,2897,10570,1200,370,2457,33,33267,5550,10294,42824,2884,18573,367,277,350,1044,1967,1271,682,1427,5503,1243,31,748,993,26,32,3413,3597,22,2132,215,22428,37791,28181,7054,31731,3756,896,63007,83498,12713,38509,61406,72796,305,191,774,673,202,890,3059,314,426,662,6122,0.0,0.0,0.0,0.0,0.0,0.0,0.0,0.0,0.0,0.0,0.0,0.0,0.0,0.0,0.0,0.0,0.0,0.0,0.0,0.0,0.0,0.0,0.0,0.0,0.0,0.0,0.0,0.0,0.0,0.0,0.0,0.0,0.0,0.0,0.0,0.0,0.0,0.0,0.0,0.0,0.0,0.0,0.0,0.0,0.0,0.0,0.0,0.0,0.0,0.0,0.0,0.0,0.0,0.0,0.0,0.0,0.0,0.0,0.0,0.0,0.0,0.0,0.0,0.0,0.0,0.0,0.0,0.0,0.0,0.0,0.0,0.0,0.0,0.0,0.0,0.0,0.0,0.0,0.0,0.0,0.0,0.0,0.0,0.0,0.0,0.0,0.0,0.0,0.0,0.0,0.0,0.0,0.0,0.0,0.0,0.0,0.0,0.0,0.0,0.0,0.0,0.0,0.0,0.0,0.0,0.0,0.0,0.0,0.0,0.0,0.0,0.0,0.0,0.0,0.0,0.0,0.0,0.0,0.0,0.0,0.0,0.0,0.0,0.0,0.0,0.0,0.0,0.0,0.0,0.0,0.0,0.0,0.0,0.0,0.0,0.0,0.0,0.0,0.0,0.0,0.0,0.0,0.0,0.0,0.0,0.0,0.0,0.0,0.0,0.0
ENCFF481ROV,0.14808153238881408,55344,483,3649,63072,719,199782,9387,522,295,317,565,5554,2353,11603,40882,37390,2724,1004,7136,6153,139,860,50,74,72,1545,2600,5340,47879,4341,160,115,665,3588,3430,44,3279,29,4,9263,11771,93,445,88,100,942,9337,39203,249,1010,2426,2681,359,269,6771,138,441,294,149,891,2395,1178,24944,850,384,695,81,68763,59076,6135,2223,1355,3200,5413,236,2432,1188,1409,1564,455,2109,2157,3695,841,1415,7052,21,1564,1332,15,1121,589,37,1381,2155,35967,186215,10374,178,27788,41663,4496,35715,2130,1260,4482,1349,1583,29,3451,7759,7797,111,5749,35781,2572,67008,314,1523,1919,8567,706,108224,2485,6333,2626,408,2444,271,47,30684,10438,1225,43728,10522,11784,30086,411,6626,7712,2206,4248,64354,263,338,150,122,56,27,2195,553,372,11762,4157,393,5480,65249,5526,346,2268,1225,882,3402,4296,4073,6174,66,88,82,2006,40,2571,1210,1020,251,18,26,917,703,2084,13834,6772,45731,3838,30873,42316,18987,51620,20439,39238,297,29562,37717,10447,10340,29745,20395,6562,1292,271,1320,54,1327,2197,126,40,32,73,4642,165,86990,16259,9973,325,286727,52557,5687,32414,40162,1175,559,49428,23634,87891,3554,41607,141,39463,54,336,808,19,569,1648,276,7083,3222,35,1488,1485,1130,1833,877,4332,2408,401,254,8109,4776,2560,3068,3108,726,1627,1567,829,565,460,399,2513,6719,1692,757,2020,3976,3367,17844,78482,2286,4245,3942,2054,1619,1223,1251,1793,1072,173,8558,1012,2575,6553,583,2530,1062,5475,2554,1934,1566,1766,293,1015,862,4678,3775,1552,1700,1616,3323,2768,2093,1281,2176,6403,36,41,822,1410,571,565,15084,170,9655,40,389,77,7600,882,8237,7650,11018,37,3402,95,73,1733,4067,118558,700,2091,3522,1423,100,3984,167,703,1528,23460,10031,5144,1485,62,144,67,32,48,1180,1642,2879,1223,5220,1252,890,3091,89771,467,3202,125749,929,7398,1949,10940,3203,3882,574,640,4975,1548,1838,2006,789,658,299,15726,2427,1819,1993,784,2129,2330,29360,35,19836,1664,40,30178,10938,29,467,6463,1059,61,11300,1460,1041,157,5727,1913,29312,4465,729,1359,1945,1088,1638,1690,1254,1150,32,1095,36,2750,114,50,92,297,396,340,1049,51885,1705,13884,7075,1226,813,692,254,31502,149,15252,2171,11453,1494,171,2845,11,36472,6775,12202,49318,3181,28268,281,242,663,1915,951,1761,1595,2143,9506,1773,29,223,2097,35,53,3509,3665,9,257,151,30073,52003,42235,10364,37232,5187,1058,90427,108806,17633,51100,85414,90942,359,123,1308,1243,427,1697,831,459,297,852,8407,0.0,0.0,0.0,0.0,0.0,0.0,0.0,0.0,0.0,0.0,0.0,0.0,0.0,0.0,0.0,0.0,0.0,0.0,0.0,0.0,0.0,0.0,0.0,0.0,0.0,0.0,0.0,0.0,0.0,0.0,0.0,0.0,0.0,0.0,0.0,0.0,0.0,0.0,0.0,0.0,0.0,0.0,0.0,0.0,0.0,0.0,0.0,0.0,0.0,0.0,0.0,0.0,0.0,0.0,0.0,0.0,0.0,0.0,0.0,0.0,0.0,0.0,0.0,0.0,0.0,0.0,0.0,0.0,0.0,0.0,0.0,0.0,0.0,0.0,0.0,0.0,0.0,0.0,0.0,0.0,0.0,0.0,0.0,0.0,0.0,0.0,0.0,0.0,0.0,0.0,0.0,0.0,0.0,0.0,0.0,0.0,0.0,0.0,0.0,0.0,0.0,0.0,0.0,0.0,0.0,0.0,0.0,0.0,0.0,0.0,0.0,0.0,0.0,0.0,0.0,0.0,0.0,0.0,0.0,0.0,0.0,0.0,0.0,0.0,0.0,0.0,0.0,0.0,0.0,0.0,0.0,0.0,0.0,0.0,0.0,0.0,0.0,0.0,0.0,0.0,0.0,0.0,0.0,0.0,0.0,0.0,0.0,0.0,0.0,0.0
ENCFF969CNA,0.11689761359608836,33316,1738,1286,5302,58,11034,3845,64,110,124,280,812,418,1331,2079,2237,969,247,3144,2275,125,445,65,47,49,303,1918,711,3907,1982,136,93,466,394,346,38,673,16,7,3922,5578,14,379,7,738,283,1781,2538,144,174,125,189,265,234,4631,101,180,204,253,384,451,69,1375,218,297,407,29,13919,19203,4759,220,92,583,4050,193,262,70,105,150,20,132,260,1854,55,67,750,8,118,75,10,899,124,41,585,201,2052,73750,5565,39,14561,20430,710,16880,305,83,3255,991,1157,14,1827,4523,4180,97,1774,17532,434,5437,25,112,331,3887,56,4116,231,2910,1361,543,1571,201,93,21792,2117,1211,4209,1522,12891,15326,262,1272,1889,257,1746,6663,350,294,27,58,55,24,1256,198,656,4113,2563,353,1759,4767,441,258,230,1227,1004,1252,2409,1943,5466,55,88,30,137,6,328,62,849,491,8,3,213,366,227,8540,3525,22029,597,9599,13228,5268,6138,5053,8223,102,13927,15554,6299,4708,12267,9294,3604,303,234,380,20,59,93,98,34,154,35,1633,77,6481,2893,1109,251,357877,14789,1644,12506,2753,617,299,15782,8014,14283,335,27740,94,27896,45,187,325,55,16,210,319,1205,1359,64,60,153,68,122,58,653,340,511,145,1467,1362,740,2724,152,35,83,119,41,40,34,484,142,2008,263,42,637,662,560,1841,5796,856,604,2513,318,153,142,73,130,66,355,5051,74,134,2943,54,455,60,1699,134,190,47,118,563,45,213,413,428,87,109,105,1166,373,112,94,107,824,16,23,57,78,476,56,8850,103,6355,19,253,47,3011,544,4835,2966,2699,13,1203,24,121,1202,2102,14891,368,1434,959,505,26,728,125,225,466,5827,2978,943,794,15,118,60,10,21,91,622,1427,176,1617,64,67,394,6459,115,422,61631,548,2776,152,1452,2225,709,69,596,3125,87,242,271,57,58,104,9031,324,192,265,229,236,264,12478,28,3617,1044,42,16202,3967,34,161,2883,634,21,2057,112,1364,163,919,212,3176,402,595,128,230,68,249,124,989,350,9,486,22,874,414,6,92,403,326,120,388,4362,122,1109,933,105,180,557,144,24570,108,9049,581,6607,717,155,1378,10,15391,3069,5189,25779,863,2910,63,264,58,164,1145,255,88,448,2570,200,11,539,145,16,22,2257,2261,5,435,131,12565,16258,10811,2697,16450,1917,130,23094,41140,4435,15346,28864,36851,87,96,95,96,38,115,1025,152,236,288,2666,0.0,0.0,0.0,0.0,0.0,0.0,0.0,0.0,0.0,0.0,0.0,0.0,0.0,0.0,0.0,0.0,0.0,0.0,0.0,0.0,0.0,0.0,0.0,0.0,0.0,0.0,0.0,0.0,0.0,0.0,0.0,0.0,0.0,0.0,0.0,0.0,0.0,0.0,0.0,0.0,0.0,0.0,0.0,0.0,0.0,0.0,0.0,0.0,0.0,0.0,0.0,0.0,0.0,0.0,0.0,0.0,0.0,0.0,0.0,0.0,0.0,0.0,0.0,0.0,0.0,0.0,0.0,0.0,0.0,0.0,0.0,0.0,0.0,0.0,0.0,0.0,0.0,0.0,0.0,0.0,0.0,0.0,0.0,0.0,0.0,0.0,0.0,0.0,0.0,0.0,0.0,0.0,0.0,0.0,0.0,0.0,0.0,0.0,0.0,0.0,0.0,0.0,0.0,0.0,0.0,0.0,0.0,0.0,0.0,0.0,0.0,0.0,0.0,0.0,0.0,0.0,0.0,0.0,0.0,0.0,0.0,0.0,0.0,0.0,0.0,0.0,0.0,0.0,0.0,0.0,0.0,0.0,0.0,0.0,0.0,0.0,0.0,0.0,0.0,0.0,0.0,0.0,0.0,0.0,0.0,0.0,0.0,0.0,0.0,0.0
ENCFF000QYD,0.1319779131191774,45533,729,3476,34816,347,52359,7748,279,323,324,660,2952,2070,5720,16984,16817,2742,789,4416,5437,177,851,63,49,33,909,1794,3468,34915,4352,326,130,565,1933,1726,64,2322,14,5,7243,13177,62,709,43,198,642,6461,27705,170,993,1161,1376,519,369,7834,195,413,254,100,911,1456,481,10059,228,255,487,23,40956,52329,8819,1159,729,1668,6413,434,1300,588,825,950,216,1119,1169,4098,421,633,4034,13,853,639,19,1186,125,23,1236,979,12054,175856,11292,136,30650,41229,2466,35665,1197,635,5947,1793,1871,21,3113,7795,7910,94,4323,38764,1521,27073,170,832,1092,8318,385,46357,1346,6338,2886,651,2977,458,110,35077,7930,1320,18166,5831,13463,34788,181,4324,3272,1146,4108,24885,347,427,83,120,27,51,2814,396,389,10205,4842,576,3771,33921,2603,472,1166,1116,896,3261,5077,5045,6223,48,131,48,1072,32,1620,638,1011,481,35,6,502,833,1118,16014,8009,48788,2431,26989,34047,14248,27314,14360,27414,364,30028,35747,12260,10798,24859,19607,5066,928,324,660,34,613,987,164,28,18,80,4241,134,32871,10652,6768,226,255491,36780,4066,27338,17819,1258,594,37411,16998,48992,2318,43995,104,46474,22,419,856,55,303,925,212,4317,3075,46,725,974,631,941,442,2471,1357,229,263,5864,3386,2132,3066,1345,382,704,776,427,342,221,502,1222,4843,966,410,1711,2484,2225,10286,31841,1281,2540,3776,1492,884,649,693,1007,576,103,7595,554,1102,5882,291,1904,423,4408,1159,1070,652,919,244,520,494,2683,2239,869,964,750,2646,1726,1120,842,1121,4388,37,43,424,669,597,336,17277,76,10434,25,453,158,8044,973,7933,6822,7705,24,3441,79,143,1230,4997,67498,957,2226,2223,1194,95,2607,227,238,1252,15791,6090,2967,1865,50,156,66,11,19,702,1184,2699,616,3751,543,472,1315,47020,412,2177,135190,692,7210,971,5992,2340,2402,315,680,4789,806,1066,1018,400,458,382,9366,1262,969,1140,494,1158,1264,27507,38,12798,2253,32,30275,8202,23,356,6421,670,20,7981,818,1666,216,3524,1178,16626,2423,687,797,1137,471,1231,936,1467,459,15,976,38,1839,151,72,255,398,454,296,757,45280,974,8638,4270,836,625,812,331,42078,141,16317,1678,13962,1687,265,3254,17,29613,5367,9787,42815,2031,15525,237,188,389,1025,773,1079,775,1401,6813,928,24,373,1112,17,22,4672,4967,11,311,175,28248,38471,29205,7102,36586,4729,843,68481,91272,12882,39686,68678,81478,306,183,719,717,227,918,1150,378,408,780,7079,0.0,0.0,0.0,0.0,0.0,0.0,0.0,0.0,0.0,0.0,0.0,0.0,0.0,0.0,0.0,0.0,0.0,0.0,0.0,0.0,0.0,0.0,0.0,0.0,0.0,0.0,0.0,0.0,0.0,0.0,0.0,0.0,0.0,0.0,0.0,0.0,0.0,0.0,0.0,0.0,0.0,0.0,0.0,0.0,0.0,0.0,0.0,0.0,0.0,0.0,0.0,0.0,0.0,0.0,0.0,0.0,0.0,0.0,0.0,0.0,0.0,0.0,0.0,0.0,0.0,0.0,0.0,0.0,0.0,0.0,0.0,0.0,0.0,0.0,0.0,0.0,0.0,0.0,0.0,0.0,0.0,0.0,0.0,0.0,0.0,0.0,0.0,0.0,0.0,0.0,0.0,0.0,0.0,0.0,0.0,0.0,0.0,0.0,0.0,0.0,0.0,0.0,0.0,0.0,0.0,0.0,0.0,0.0,0.0,0.0,0.0,0.0,0.0,0.0,0.0,0.0,0.0,0.0,0.0,0.0,0.0,0.0,0.0,0.0,0.0,0.0,0.0,0.0,0.0,0.0,0.0,0.0,0.0,0.0,0.0,0.0,0.0,0.0,0.0,0.0,0.0,0.0,0.0,0.0,0.0,0.0,0.0,0.0,0.0,0.0
ENCFF000YYA,0.18812593778440104,16279,39,875,4835,174,15731,1267,37,71,43,79,608,777,1510,2308,5212,532,63,1137,1198,18,90,10,5,17,150,1193,462,3370,502,45,75,68,251,218,47,260,7,2,1049,1501,9,141,4,12,76,770,2487,242,72,142,220,67,37,993,24,47,99,28,100,206,20,1380,80,96,318,3,6339,7916,844,150,96,467,627,18,159,85,130,122,22,135,189,562,81,57,483,3,119,78,6,174,39,5,326,211,1992,28045,1799,17,4729,6206,327,5335,305,91,650,284,216,5,345,1092,1091,16,682,4356,527,5112,144,639,556,1437,340,6309,209,962,516,131,410,56,22,4161,2628,750,3041,1371,1522,3768,307,691,619,180,530,4954,45,205,13,18,9,17,272,36,41,1855,785,108,638,4479,416,76,180,125,116,379,931,1149,822,13,24,3,122,4,273,102,116,1067,21,1,133,114,126,2315,944,6561,294,4907,5509,2136,3765,1816,4519,34,4140,5052,1595,1519,3432,2664,866,144,271,149,3,76,136,39,31,5,6,646,83,4426,1811,2000,33,26908,5431,493,3995,2950,143,252,5769,3017,7954,1129,6782,40,6630,20,45,99,11,49,139,44,488,258,5,83,147,104,152,60,362,205,34,45,620,430,263,381,159,59,89,111,48,57,33,58,159,726,210,70,556,363,300,1214,2253,600,307,546,182,132,96,86,134,75,20,907,67,105,643,49,259,54,537,141,160,83,119,29,58,115,307,354,136,137,91,316,258,110,112,133,522,6,7,69,86,92,61,2080,28,1426,4,76,16,838,89,908,1279,1002,9,342,29,22,300,636,9338,123,331,314,152,33,406,14,86,56,2324,1164,387,166,1,45,27,7,16,111,241,418,82,573,73,54,160,5844,115,290,21135,62,960,146,755,1131,359,49,543,1984,129,126,168,68,53,78,5724,155,152,171,64,148,181,3370,17,1271,326,2,4241,1030,8,31,1127,79,35,833,125,219,42,432,184,2040,329,190,121,154,74,162,118,172,129,5,158,3,282,20,5,21,163,31,179,145,5238,636,1161,1109,319,66,256,34,5774,197,2146,427,1799,173,67,376,7,4973,1096,1540,6931,279,1956,90,35,42,197,71,161,124,165,1371,148,8,88,144,3,5,558,485,6,230,45,3293,5755,4410,1102,5497,637,82,9088,13324,2061,6254,9852,11769,27,27,88,115,26,120,167,32,50,91,960,0.0,0.0,0.0,0.0,0.0,0.0,0.0,0.0,0.0,0.0,0.0,0.0,0.0,0.0,0.0,0.0,0.0,0.0,0.0,0.0,0.0,0.0,0.0,0.0,0.0,0.0,0.0,0.0,0.0,0.0,0.0,0.0,0.0,0.0,0.0,0.0,0.0,0.0,0.0,0.0,0.0,0.0,0.0,0.0,0.0,0.0,0.0,0.0,0.0,0.0,0.0,0.0,0.0,0.0,0.0,0.0,0.0,0.0,0.0,0.0,0.0,0.0,0.0,0.0,0.0,0.0,0.0,0.0,0.0,0.0,0.0,0.0,0.0,0.0,0.0,0.0,0.0,0.0,0.0,0.0,0.0,0.0,0.0,0.0,0.0,0.0,0.0,0.0,0.0,0.0,0.0,0.0,0.0,0.0,0.0,0.0,0.0,0.0,0.0,0.0,0.0,0.0,0.0,0.0,0.0,0.0,0.0,0.0,0.0,0.0,0.0,0.0,0.0,0.0,0.0,0.0,0.0,0.0,0.0,0.0,0.0,0.0,0.0,0.0,0.0,0.0,0.0,0.0,0.0,0.0,0.0,0.0,0.0,0.0,0.0,0.0,0.0,0.0,0.0,0.0,0.0,0.0,0.0,0.0,0.0,0.0,0.0,0.0,0.0,0.0
ENCFF604RKI,0.11081143681871167,204677,105,2047,30631,301,119345,10202,464,231,196,2103,10853,1171,3407,18461,12090,2028,641,5466,7243,162,648,50,93,83,2455,15501,4160,19438,4248,136,52,494,3269,3134,28,3298,21,5,12174,8658,57,181,44,24,933,7074,15537,720,796,1853,1988,147,280,7000,77,373,578,242,955,10169,178,6031,251,196,4185,2853,28171,45217,5722,1850,1025,2477,6174,34,2246,818,920,1194,368,1612,2857,2411,544,1017,4747,18,1139,1100,19,900,174,32,1156,813,10553,148196,9336,241,25489,35304,3885,31135,2864,945,3601,1531,1887,49,3614,9136,10657,151,8162,36800,1035,26060,125,593,875,6121,276,37855,1696,8791,2931,232,1934,129,221,24605,2992,6120,10879,5091,15009,25113,628,5985,4936,2307,3802,27989,341,1031,35,79,64,13,1549,394,5587,15409,3367,259,3897,30144,2055,178,2228,782,419,2379,5990,7654,8497,51,124,44,1498,60,1678,751,11913,541,13,45,608,390,2096,11591,5539,43113,3081,18491,29757,14063,25862,15893,28363,134,23446,30392,12513,9882,28930,17388,4375,1073,1216,806,23,933,1659,130,36,14,216,7579,113,30434,10404,3610,396,168562,42236,4714,24561,11848,897,1277,29626,19019,44332,3099,45907,170,48988,59,322,4792,599,486,1484,620,5683,2252,42,1016,887,862,1473,791,4573,2279,1474,261,5604,4370,2250,4506,2332,487,1420,1190,666,477,354,488,1430,4166,1324,523,1437,4593,2772,7264,75072,14778,3426,4500,1614,1307,1143,958,1375,700,404,8045,747,2317,5400,490,2246,757,4141,2328,1673,1326,1374,674,629,541,3511,2547,1321,1155,1201,3320,2229,1487,869,1547,3647,48,64,643,1224,876,523,15335,315,10975,33,126,206,5382,643,8978,8934,11201,43,2374,166,40,1675,2988,78288,1230,2298,3645,1032,182,3442,74,163,1618,22218,8752,34826,1207,126,295,132,17,71,896,1868,3081,1444,6147,926,602,1129,39439,236,2274,110688,531,5768,1425,8798,16932,2851,389,758,8132,1137,2254,2239,420,376,80,122968,2954,1553,1827,893,1664,2044,23178,32,14936,1158,32,35239,7644,53,423,8060,1418,145,7812,991,2714,205,5538,1375,14744,1464,2438,1120,1777,922,1074,1340,1749,829,59,956,50,3454,192,377,87,1059,374,141,579,32512,877,7254,4194,601,821,981,365,29000,791,12703,2148,9905,1395,81,2564,107,37081,6394,13524,48085,2586,13279,160,293,564,1370,775,1908,1133,1422,7162,1547,26,141,1555,35,57,2853,2637,16,801,274,23466,33352,27112,7217,28603,4135,540,52784,72330,12335,32279,60074,70452,105,43,957,821,444,1285,717,493,245,794,9010,0.0,0.0,0.0,0.0,0.0,0.0,0.0,0.0,0.0,0.0,0.0,0.0,0.0,0.0,0.0,0.0,0.0,0.0,0.0,0.0,0.0,0.0,0.0,0.0,0.0,0.0,0.0,0.0,0.0,0.0,0.0,0.0,0.0,0.0,0.0,0.0,0.0,0.0,0.0,0.0,0.0,0.0,0.0,0.0,0.0,0.0,0.0,0.0,0.0,0.0,0.0,0.0,0.0,0.0,0.0,0.0,0.0,0.0,0.0,0.0,0.0,0.0,0.0,0.0,0.0,0.0,0.0,0.0,0.0,0.0,0.0,0.0,0.0,0.0,0.0,0.0,0.0,0.0,0.0,0.0,0.0,0.0,0.0,0.0,0.0,0.0,0.0,0.0,0.0,0.0,0.0,0.0,0.0,0.0,0.0,0.0,0.0,0.0,0.0,0.0,0.0,0.0,0.0,0.0,0.0,0.0,0.0,0.0,0.0,0.0,0.0,0.0,0.0,0.0,0.0,0.0,0.0,0.0,0.0,0.0,0.0,0.0,0.0,0.0,0.0,0.0,0.0,0.0,0.0,0.0,0.0,0.0,0.0,0.0,0.0,0.0,0.0,0.0,0.0,0.0,0.0,0.0,0.0,0.0,0.0,0.0,0.0,0.0,0.0,0.0
ENCFF000CUN,0.10225202226761133,17779,156,2150,15947,478,54080,2640,110,347,202,504,2292,2578,4842,6696,17241,2118,601,2356,3372,111,619,229,95,24,351,80,1892,10892,2774,268,137,261,1443,690,17,1117,18,41,5588,7969,46,693,15,23,207,3162,11111,11,318,488,666,428,211,4831,113,214,226,58,475,1220,190,5469,175,9542,41,186,26596,31400,5375,478,690,580,3468,171,586,236,331,528,116,454,496,3114,265,266,1776,16,365,231,17,1033,57,11,978,593,7428,111915,6946,88,19907,26370,1402,23442,4172,282,3573,958,945,24,1916,5383,4895,78,2656,24097,1603,18141,431,1776,1570,5969,806,20840,727,4074,1820,548,2008,352,127,19545,7809,60,10012,4544,6808,21085,16,2809,1321,551,2318,16938,183,149,54,120,43,23,1570,189,667,5923,3226,608,2380,16298,1619,422,475,359,385,1722,2715,2486,3931,23,92,35,432,12,862,314,4133,9659,8,4,259,452,369,12401,4887,32812,1327,19299,22428,8496,17308,7990,16425,168,20441,22114,11134,6153,14579,12106,3352,497,19,386,82,233,388,121,42,30,124,2860,167,15840,6398,6452,67,99012,21416,1932,17278,10717,730,996,24043,9627,28549,3051,27000,102,28985,26,144,834,382,133,408,90,1939,1466,18,315,417,268,416,217,1302,614,492,116,2576,1765,1219,1728,578,154,314,360,163,168,130,502,615,2833,659,182,1544,1340,1007,5597,12641,108,1142,2459,793,379,274,280,420,302,90,5150,215,360,3489,140,1412,208,2469,496,452,270,389,76,232,306,1258,1304,363,472,320,1814,840,354,396,469,2051,24,45,180,261,303,161,10670,58,7121,121,406,55,4024,506,4719,4517,3986,12,1651,61,226,498,2927,33686,425,1161,1250,809,14,1325,119,53,375,7854,3428,3131,922,36,275,104,5,18,374,358,1949,252,2568,251,221,1528,22048,187,1168,84809,239,4630,426,2453,193,1274,134,57,2316,383,360,395,258,218,148,683,481,366,411,183,549,591,17067,47,6377,1620,16,17813,4965,43,177,3766,308,39,3937,320,679,213,2056,496,7494,1435,325,412,496,210,641,367,1094,243,4,883,16,1133,253,14,118,247,53,443,363,14426,1628,4604,3615,892,279,689,58,25884,50,9846,968,10524,866,169,2170,51,16448,3996,5499,26250,1649,7413,112,102,175,373,179,415,309,690,2147,386,24,113,513,13,7,3306,2823,3,74,124,14811,22819,17117,3847,22154,2975,276,38008,53282,7715,23572,41244,49231,157,141,324,306,218,373,899,172,369,337,3905,0.0,0.0,0.0,0.0,0.0,0.0,0.0,0.0,0.0,0.0,0.0,0.0,0.0,0.0,0.0,0.0,0.0,0.0,0.0,0.0,0.0,0.0,0.0,0.0,0.0,0.0,0.0,0.0,0.0,0.0,0.0,0.0,0.0,0.0,0.0,0.0,0.0,0.0,0.0,0.0,0.0,0.0,0.0,0.0,0.0,0.0,0.0,0.0,0.0,0.0,0.0,0.0,0.0,0.0,0.0,0.0,0.0,0.0,0.0,0.0,0.0,0.0,0.0,0.0,0.0,0.0,0.0,0.0,0.0,0.0,0.0,0.0,0.0,0.0,0.0,0.0,0.0,0.0,0.0,0.0,0.0,0.0,0.0,0.0,0.0,0.0,0.0,0.0,0.0,0.0,0.0,0.0,0.0,0.0,0.0,0.0,0.0,0.0,0.0,0.0,0.0,0.0,0.0,0.0,0.0,0.0,0.0,0.0,0.0,0.0,0.0,0.0,0.0,0.0,0.0,0.0,0.0,0.0,0.0,0.0,0.0,0.0,0.0,0.0,0.0,0.0,0.0,0.0,0.0,0.0,0.0,0.0,0.0,0.0,0.0,0.0,0.0,0.0,0.0,0.0,0.0,0.0,0.0,0.0,0.0,0.0,0.0,0.0,0.0,0.0
ENCFF000WDF,0.07187896373876279,3278,25,323,3288,87,7618,425,32,33,28,54,276,403,776,1942,2488,332,44,434,453,16,58,8,4,8,62,95,364,2813,384,19,22,40,165,170,5,166,0,0,643,1008,5,57,8,9,40,542,2330,14,96,98,140,40,38,606,22,23,29,11,58,129,29,1309,20,33,25,7,4428,4230,677,100,70,118,534,23,118,54,64,84,24,113,107,374,54,51,303,1,73,54,2,136,51,6,116,118,1626,14599,932,3,2526,3523,230,3154,109,49,433,136,129,4,239,584,657,4,414,2784,310,3024,70,269,232,756,119,3893,140,526,246,73,249,47,17,2680,1135,64,2354,778,1089,2465,18,425,219,113,335,3875,30,24,10,15,5,3,158,28,53,863,392,42,418,3634,360,27,120,101,97,252,372,327,563,8,17,8,85,5,149,65,127,270,3,0,60,82,94,1349,560,3728,236,2534,2833,1253,3224,1270,2413,24,2391,2721,889,794,2119,1580,567,58,19,60,6,66,94,13,10,1,8,333,33,4295,1163,980,27,18684,3078,343,2397,2337,111,54,3509,1447,5228,519,3529,12,3617,8,18,105,40,26,79,27,355,203,3,70,100,55,89,43,220,131,36,15,383,311,179,248,110,32,64,58,33,48,27,56,120,449,130,48,157,231,197,1125,2346,51,233,326,129,79,57,61,84,45,29,651,53,88,516,32,142,46,323,125,107,53,89,32,42,46,244,234,98,98,70,254,138,68,85,100,316,4,4,33,63,54,25,1259,6,873,1,63,9,589,73,604,621,638,0,204,13,17,103,348,5616,55,168,200,95,7,237,26,47,63,1243,568,285,142,5,18,14,2,3,78,117,244,62,332,60,50,177,4515,29,209,10546,46,498,89,465,98,227,25,31,344,76,81,79,52,41,28,408,109,118,100,34,119,138,2310,8,955,205,1,2483,791,1,23,504,67,5,572,79,124,35,255,105,1542,342,57,81,103,32,109,74,85,72,3,101,5,162,9,7,12,32,39,74,68,3044,266,970,567,186,48,75,19,3174,6,1316,142,1077,117,19,230,2,2447,474,834,3560,154,1613,20,19,32,89,49,87,64,123,688,86,3,24,135,0,4,352,371,0,18,24,2221,3580,2883,711,3123,426,34,6340,7954,1193,3687,5864,7093,33,14,84,89,27,80,118,29,38,55,568,0.0,0.0,0.0,0.0,0.0,0.0,0.0,0.0,0.0,0.0,0.0,0.0,0.0,0.0,0.0,0.0,0.0,0.0,0.0,0.0,0.0,0.0,0.0,0.0,0.0,0.0,0.0,0.0,0.0,0.0,0.0,0.0,0.0,0.0,0.0,0.0,0.0,0.0,0.0,0.0,0.0,0.0,0.0,0.0,0.0,0.0,0.0,0.0,0.0,0.0,0.0,0.0,0.0,0.0,0.0,0.0,0.0,0.0,0.0,0.0,0.0,0.0,0.0,0.0,0.0,0.0,0.0,0.0,0.0,0.0,0.0,0.0,0.0,0.0,0.0,0.0,0.0,0.0,0.0,0.0,0.0,0.0,0.0,0.0,0.0,0.0,0.0,0.0,0.0,0.0,0.0,0.0,0.0,0.0,0.0,0.0,0.0,0.0,0.0,0.0,0.0,0.0,0.0,0.0,0.0,0.0,0.0,0.0,0.0,0.0,0.0,0.0,0.0,0.0,0.0,0.0,0.0,0.0,0.0,0.0,0.0,0.0,0.0,0.0,0.0,0.0,0.0,0.0,0.0,0.0,0.0,0.0,0.0,0.0,0.0,0.0,0.0,0.0,0.0,0.0,0.0,0.0,0.0,0.0,0.0,0.0,0.0,0.0,0.0,0.0
ENCFF000ZJP,0.13841381870159994,42578,123,2583,28820,690,128352,3308,201,300,220,299,2107,2355,4510,12812,30664,1788,219,3145,3608,97,351,36,20,12,588,2018,2368,15500,1855,135,157,308,1306,1180,87,1210,8,5,4503,5933,27,401,33,34,365,3681,14114,270,324,736,1025,250,165,3529,74,192,203,59,352,908,349,11175,199,200,527,19,33819,28739,3663,786,565,1139,2794,141,873,396,622,603,169,738,780,2175,372,461,2601,13,671,396,12,576,119,10,888,975,15278,100690,5674,72,15640,22575,1677,19824,846,493,2704,848,982,8,1331,3773,3742,53,2847,17069,1750,16839,331,1525,1684,5183,665,27312,974,3639,1686,329,1395,227,52,16067,6257,1347,15821,4342,6121,14823,456,3023,1807,831,2231,35243,198,401,51,58,18,27,1215,153,291,6212,2537,354,2214,29568,2366,236,789,444,506,1853,2233,1865,2607,23,90,23,737,6,1280,482,585,410,63,21,480,387,685,8071,3996,25250,1544,17475,20434,8954,19805,8446,18070,161,16018,19369,6037,5153,13167,10423,3252,574,472,425,79,383,660,86,34,4,33,2340,178,26808,8062,6498,86,109318,22644,2518,15881,18580,543,337,24254,11390,40786,2971,22498,94,22472,25,173,452,39,218,644,120,2628,1169,20,512,673,485,651,318,1747,993,116,90,2944,1754,1238,1383,885,240,517,504,270,258,214,243,741,3383,891,264,1101,1615,1443,8468,37807,1450,1644,1628,860,603,449,448,697,399,92,4203,337,602,2922,261,1029,293,2495,770,704,443,674,126,358,425,1712,1754,586,679,543,1435,992,567,549,636,2729,16,8,286,433,298,161,7863,70,5075,22,367,45,3756,419,3773,3967,4616,13,1402,34,104,826,2093,52756,418,1182,1387,661,137,1835,101,170,350,9159,3809,1824,705,27,89,53,0,16,518,593,1500,376,2253,359,384,1194,35950,385,1573,70131,347,3412,724,3544,2307,1701,224,1107,4037,571,720,763,286,280,198,11297,787,644,742,340,794,943,14867,34,6532,1284,10,15122,3805,30,194,3375,405,17,4081,611,688,125,2080,814,17930,2442,632,584,759,332,757,626,614,363,14,535,12,1047,88,26,83,439,183,377,471,20595,1427,6929,3902,1056,334,425,73,18005,243,8936,1184,6449,626,222,1642,7,16725,3150,5576,24337,2710,13709,167,88,240,731,326,774,506,987,3717,720,23,275,745,15,14,2243,2169,5,386,115,14371,25931,19006,4761,20480,2464,475,49765,54226,8455,26216,39434,46801,179,101,565,517,182,597,607,181,240,450,4161,0.0,0.0,0.0,0.0,0.0,0.0,0.0,0.0,0.0,0.0,0.0,0.0,0.0,0.0,0.0,0.0,0.0,0.0,0.0,0.0,0.0,0.0,0.0,0.0,0.0,0.0,0.0,0.0,0.0,0.0,0.0,0.0,0.0,0.0,0.0,0.0,0.0,0.0,0.0,0.0,0.0,0.0,0.0,0.0,0.0,0.0,0.0,0.0,0.0,0.0,0.0,0.0,0.0,0.0,0.0,0.0,0.0,0.0,0.0,0.0,0.0,0.0,0.0,0.0,0.0,0.0,0.0,0.0,0.0,0.0,0.0,0.0,0.0,0.0,0.0,0.0,0.0,0.0,0.0,0.0,0.0,0.0,0.0,0.0,0.0,0.0,0.0,0.0,0.0,0.0,0.0,0.0,0.0,0.0,0.0,0.0,0.0,0.0,0.0,0.0,0.0,0.0,0.0,0.0,0.0,0.0,0.0,0.0,0.0,0.0,0.0,0.0,0.0,0.0,0.0,0.0,0.0,0.0,0.0,0.0,0.0,0.0,0.0,0.0,0.0,0.0,0.0,0.0,0.0,0.0,0.0,0.0,0.0,0.0,0.0,0.0,0.0,0.0,0.0,0.0,0.0,0.0,0.0,0.0,0.0,0.0,0.0,0.0,0.0,0.0
ENCFF000VOU,0.18127857101079953,64280,294,3975,46563,780,82623,9000,404,624,371,786,4276,5463,9505,29646,34145,4146,542,5847,6666,231,840,128,63,78,1136,3057,4099,29022,4255,305,262,572,2339,2064,121,2289,23,42,9380,13281,84,843,72,78,699,7161,36459,298,630,1219,1860,605,464,7955,185,429,466,209,865,1973,371,15664,1066,184,870,163,58615,66555,8683,1297,912,1860,6209,352,1534,666,1021,1122,326,1274,1370,4529,562,652,4553,25,1090,644,36,1551,254,45,2123,1553,16508,216454,13435,118,35149,50852,3087,43610,1402,788,6423,1920,2175,20,3559,9669,9681,236,5083,38273,3237,42016,645,2394,2577,10274,1053,77147,1660,7162,3478,997,3198,637,240,37167,16119,3228,52336,9830,19799,35248,540,5765,3030,1464,4493,43994,312,550,142,124,29,22,2542,348,889,11892,5439,743,4418,51958,4596,632,1379,2475,2399,3773,6627,5811,6734,59,136,73,1275,34,2266,798,1207,356,81,20,775,973,1185,18430,8762,53093,2906,36274,38687,17579,47160,16177,33228,384,33280,39733,12951,10869,27374,21982,6963,1085,664,841,92,654,1131,204,114,34,48,4796,396,59951,14622,16281,462,230649,43254,4352,34464,28272,1205,747,48656,22663,67954,5040,50759,260,48929,51,356,978,281,335,1130,454,4701,2697,44,804,1201,710,1116,575,3066,1652,372,237,5772,3532,2499,3113,1519,431,855,903,425,429,320,611,1415,6501,1565,501,2086,2774,2685,15714,62960,2196,2862,3925,1628,972,795,794,1243,643,225,9131,611,1054,6149,472,1827,519,4915,1331,1280,713,1168,292,612,725,2955,2958,973,1182,903,2884,1980,905,940,1162,4891,25,28,491,774,641,256,17026,123,11447,11,630,92,7458,876,8258,7468,8684,34,3150,148,222,1402,4589,93756,833,2825,2479,1211,173,3370,238,361,791,17533,7224,4265,1683,71,275,137,8,47,877,1988,2822,663,4458,669,636,2211,70039,568,2647,143987,640,6931,1217,6318,3503,3024,421,1281,6535,1011,1313,1338,495,559,351,15238,1473,1157,1324,735,1369,1546,30266,86,12141,2649,49,31585,7065,21,343,6827,968,55,8070,1039,1502,355,3682,1379,19155,4426,1049,984,1358,596,1488,1088,1413,786,12,1095,24,1959,205,107,233,744,449,843,1017,41057,2240,12602,6877,1492,698,1164,203,42821,312,17979,2269,14619,1709,404,3412,50,37430,6879,11442,52394,3697,29255,333,200,474,1244,619,1357,947,1771,8312,1244,59,461,1233,47,44,4882,4966,29,682,219,29692,49528,36315,8956,43663,5026,333,101356,108340,15749,50922,79953,95091,340,209,976,901,301,1090,1512,380,545,873,7771,0.0,0.0,0.0,0.0,0.0,0.0,0.0,0.0,0.0,0.0,0.0,0.0,0.0,0.0,0.0,0.0,0.0,0.0,0.0,0.0,0.0,0.0,0.0,0.0,0.0,0.0,0.0,0.0,0.0,0.0,0.0,0.0,0.0,0.0,0.0,0.0,0.0,0.0,0.0,0.0,0.0,0.0,0.0,0.0,0.0,0.0,0.0,0.0,0.0,0.0,0.0,0.0,0.0,0.0,0.0,0.0,0.0,0.0,0.0,0.0,0.0,0.0,0.0,0.0,0.0,0.0,0.0,0.0,0.0,0.0,0.0,0.0,0.0,0.0,0.0,0.0,0.0,0.0,0.0,0.0,0.0,0.0,0.0,0.0,0.0,0.0,0.0,0.0,0.0,0.0,0.0,0.0,0.0,0.0,0.0,0.0,0.0,0.0,0.0,0.0,0.0,0.0,0.0,0.0,0.0,0.0,0.0,0.0,0.0,0.0,0.0,0.0,0.0,0.0,0.0,0.0,0.0,0.0,0.0,0.0,0.0,0.0,0.0,0.0,0.0,0.0,0.0,0.0,0.0,0.0,0.0,0.0,0.0,0.0,0.0,0.0,0.0,0.0,0.0,0.0,0.0,0.0,0.0,0.0,0.0,0.0,0.0,0.0,0.0,0.0
ENCFF000VPT,0.08748224231832666,5620,9,267,2973,37,4646,923,29,47,15,61,274,387,644,1656,1966,317,38,365,453,27,63,13,6,10,57,279,276,1946,319,22,24,37,157,157,7,136,5,2,655,976,1,78,5,3,66,511,2453,31,66,61,132,45,34,648,19,27,46,19,75,105,23,866,29,23,90,7,3528,4396,646,94,65,126,527,18,83,51,63,79,22,85,109,337,53,55,267,2,69,39,3,133,26,4,191,97,861,15450,950,5,2731,3747,194,3301,95,43,459,144,183,3,260,705,746,19,388,2925,239,2303,46,178,152,779,73,3775,100,527,214,83,313,44,24,2900,1104,223,2951,643,1728,2552,54,374,234,100,320,2768,20,49,4,3,3,4,162,27,66,834,417,45,325,3208,336,49,90,262,250,260,507,446,585,4,16,11,78,3,154,48,223,342,5,0,62,76,65,1442,671,3848,201,2515,2799,1206,3057,1126,2330,17,2309,2874,927,794,2051,1738,590,67,57,40,2,63,70,15,9,3,2,337,31,3567,967,1059,26,13617,2832,298,2419,1710,118,46,3290,1434,4110,338,3832,12,3798,6,24,72,32,22,69,40,291,193,1,67,86,51,77,38,192,109,29,17,389,289,146,255,93,28,61,70,40,35,29,53,90,374,108,43,149,178,190,1195,2181,185,185,318,106,67,54,47,81,54,14,728,36,74,476,26,122,39,312,85,87,48,55,17,40,46,190,197,65,80,68,250,114,67,76,70,320,2,1,33,59,50,22,1273,5,829,2,49,5,477,69,608,572,597,5,212,10,25,111,353,5074,73,202,182,86,11,167,9,34,58,1166,507,228,128,4,14,8,0,5,65,156,240,59,286,48,41,129,4584,44,165,10400,37,502,92,449,318,196,30,118,538,78,79,77,35,35,20,1310,77,85,78,39,94,96,2275,7,936,217,1,2517,573,0,25,465,71,5,545,86,101,32,258,82,1116,283,58,84,76,41,94,50,91,63,0,82,3,204,16,6,16,62,38,62,72,2392,167,860,429,137,43,91,17,3404,31,1280,179,1144,133,16,234,3,2736,509,806,3577,147,1580,23,14,30,85,34,100,54,115,605,60,1,38,89,5,8,381,374,1,52,20,2182,3124,2530,571,3205,402,19,6557,7456,1064,3387,5598,6978,34,23,68,61,26,94,139,27,35,56,543,0.0,0.0,0.0,0.0,0.0,0.0,0.0,0.0,0.0,0.0,0.0,0.0,0.0,0.0,0.0,0.0,0.0,0.0,0.0,0.0,0.0,0.0,0.0,0.0,0.0,0.0,0.0,0.0,0.0,0.0,0.0,0.0,0.0,0.0,0.0,0.0,0.0,0.0,0.0,0.0,0.0,0.0,0.0,0.0,0.0,0.0,0.0,0.0,0.0,0.0,0.0,0.0,0.0,0.0,0.0,0.0,0.0,0.0,0.0,0.0,0.0,0.0,0.0,0.0,0.0,0.0,0.0,0.0,0.0,0.0,0.0,0.0,0.0,0.0,0.0,0.0,0.0,0.0,0.0,0.0,0.0,0.0,0.0,0.0,0.0,0.0,0.0,0.0,0.0,0.0,0.0,0.0,0.0,0.0,0.0,0.0,0.0,0.0,0.0,0.0,0.0,0.0,0.0,0.0,0.0,0.0,0.0,0.0,0.0,0.0,0.0,0.0,0.0,0.0,0.0,0.0,0.0,0.0,0.0,0.0,0.0,0.0,0.0,0.0,0.0,0.0,0.0,0.0,0.0,0.0,0.0,0.0,0.0,0.0,0.0,0.0,0.0,0.0,0.0,0.0,0.0,0.0,0.0,0.0,0.0,0.0,0.0,0.0,0.0,0.0
ENCFF366NYC,0.14720461871846757,16506,46,1301,11570,118,22392,3333,132,127,151,260,1469,621,1379,8542,4572,1070,418,1584,2667,106,418,40,31,21,462,285,1891,8425,2073,168,57,251,879,782,29,1070,6,1,4178,6489,23,369,26,20,276,3063,9681,27,310,515,717,259,166,4015,77,223,190,62,469,685,44,1893,610,42,97,17,15300,25951,4462,569,348,769,4763,206,667,252,401,448,113,554,554,2121,249,340,2089,13,462,303,4,657,85,6,699,428,2168,89773,5840,84,16034,23066,1340,20155,756,284,3222,939,963,20,1825,4770,4866,56,2365,20088,500,10803,77,286,423,4167,125,16622,630,3338,1485,390,1433,310,62,21465,2417,215,10737,1904,18087,19115,22,2265,655,590,2008,9660,104,96,21,51,17,14,1361,163,198,5028,2443,306,1712,12792,1399,305,621,541,532,1605,2619,2480,3719,27,58,35,490,23,818,324,752,208,8,3,225,464,540,8766,4192,24503,1220,11823,15630,7122,14449,7184,14679,130,15708,18514,6529,5351,13408,10123,2558,479,59,192,104,278,530,86,17,12,16,2306,42,16047,4581,1700,174,69935,15979,1724,13404,4167,569,314,16935,7131,18289,594,23067,45,23256,17,180,371,17,145,438,154,2194,1521,21,329,495,301,510,231,1222,722,225,101,2858,1674,1060,1612,697,182,357,347,190,169,121,286,629,2211,496,199,870,1290,1046,5395,8462,242,1261,1998,632,387,318,313,486,308,137,4124,245,557,2844,157,912,256,2339,616,469,344,486,141,249,284,1316,1072,393,460,432,1373,876,499,406,539,2120,9,16,200,380,257,112,9130,39,5246,15,216,42,3644,468,4252,3364,3476,3,1477,43,81,377,2408,17842,404,1034,1128,554,18,1316,112,126,564,7374,2176,1569,842,16,94,33,6,9,319,959,1301,298,1955,288,271,546,16268,168,1118,68671,213,3645,502,2864,484,1215,181,106,1984,385,474,470,205,214,206,1605,665,448,557,266,588,639,13744,21,6276,1016,9,15369,3548,15,193,2871,401,10,3733,405,722,138,1692,515,5176,1083,259,358,556,278,555,436,770,229,8,422,5,895,94,31,100,156,86,65,221,9719,335,3522,1578,313,280,402,69,20488,35,8111,701,6876,863,138,1629,5,14892,2909,4779,21408,651,7156,107,40,191,441,221,485,377,682,2250,489,15,115,568,13,18,2312,2568,12,75,86,14475,18741,14219,3384,19541,2400,158,35052,46041,5974,18479,35638,42976,80,87,341,379,103,441,623,243,196,343,3598,0.0,0.0,0.0,0.0,0.0,0.0,0.0,0.0,0.0,0.0,0.0,0.0,0.0,0.0,0.0,0.0,0.0,0.0,0.0,0.0,0.0,0.0,0.0,0.0,0.0,0.0,0.0,0.0,0.0,0.0,0.0,0.0,0.0,0.0,0.0,0.0,0.0,0.0,0.0,0.0,0.0,0.0,0.0,0.0,0.0,0.0,0.0,0.0,0.0,0.0,0.0,0.0,0.0,0.0,0.0,0.0,0.0,0.0,0.0,0.0,0.0,0.0,0.0,0.0,0.0,0.0,0.0,0.0,0.0,0.0,0.0,0.0,0.0,0.0,0.0,0.0,0.0,0.0,0.0,0.0,0.0,0.0,0.0,0.0,0.0,0.0,0.0,0.0,0.0,0.0,0.0,0.0,0.0,0.0,0.0,0.0,0.0,0.0,0.0,0.0,0.0,0.0,0.0,0.0,0.0,0.0,0.0,0.0,0.0,0.0,0.0,0.0,0.0,0.0,0.0,0.0,0.0,0.0,0.0,0.0,0.0,0.0,0.0,0.0,0.0,0.0,0.0,0.0,0.0,0.0,0.0,0.0,0.0,0.0,0.0,0.0,0.0,0.0,0.0,0.0,0.0,0.0,0.0,0.0,0.0,0.0,0.0,0.0,0.0,0.0
ENCFF274RNW,0.15053465344979255,62115,239,1600,38386,456,136087,4890,314,170,161,390,2798,1281,5397,18100,24926,1391,501,4421,3604,52,422,39,53,61,952,4477,2778,28330,2230,113,64,357,1871,1652,31,1776,19,9,5241,6720,74,294,36,56,523,4954,27815,357,535,1061,1359,232,130,3386,61,261,138,90,523,1346,694,14151,2677,267,1318,66,38452,33607,3669,1142,657,1458,3127,114,1271,576,761,847,211,1149,1090,2079,442,689,3407,14,857,746,13,664,129,17,1004,974,20022,110417,6244,85,16550,24936,2256,20852,1190,686,2731,862,1060,12,2020,4486,4800,114,3543,21974,1330,33836,145,801,1072,4570,342,60422,1227,3778,1444,252,1330,169,25,17767,5621,1669,30343,6217,7154,17235,185,3437,4399,1146,2436,45053,174,499,77,52,23,11,1426,293,280,6672,2371,186,2895,38799,2615,226,1215,753,592,1809,2335,2248,3567,25,80,45,971,21,1321,575,941,309,15,25,454,340,1109,7975,4067,27195,2124,17243,23602,10368,31468,10935,20252,213,17644,21567,6315,5924,16865,11750,3815,765,465,640,120,643,1131,78,11,13,49,2931,97,42963,8984,6824,190,162430,30285,3845,20790,23672,678,396,27573,14741,49634,2034,27773,149,24112,19,176,583,33,300,854,159,3518,1724,30,739,736,613,986,507,2290,1378,113,136,4189,2521,1390,1660,1509,347,739,768,418,284,240,187,1157,4078,846,358,1204,2193,1774,11523,86439,3580,2114,2051,1104,791,646,587,925,520,44,5459,533,1228,3547,349,1420,503,2696,1309,967,755,930,121,489,375,2294,1859,807,836,863,1752,1504,1018,671,1021,2898,22,15,370,723,324,236,8391,74,5519,21,224,33,4009,481,4740,4374,5947,31,1830,52,41,694,2098,85748,557,1369,1945,730,151,2133,51,193,880,12706,6007,2937,943,49,95,38,11,43,609,1015,1280,645,2539,643,473,2269,56268,333,1623,73196,441,4125,974,5582,5207,1924,306,979,4248,774,1010,1099,397,306,168,25316,1271,937,995,429,1113,1135,16448,22,10054,916,23,17119,4749,50,266,3746,704,27,5633,722,620,90,3069,987,20356,2079,801,760,1046,603,723,908,690,542,19,563,24,1461,141,46,55,415,638,202,714,30764,864,7704,4100,714,522,421,129,17321,125,8765,1332,6288,927,61,1566,16,20619,3849,6650,27188,3810,19763,139,327,368,980,529,944,778,986,5831,968,23,262,983,12,20,2068,2142,9,335,74,16697,27767,21255,5719,20313,2884,1043,50511,58814,9558,27615,46068,50140,194,70,700,652,243,869,499,244,147,470,4543,0.0,0.0,0.0,0.0,0.0,0.0,0.0,0.0,0.0,0.0,0.0,0.0,0.0,0.0,0.0,0.0,0.0,0.0,0.0,0.0,0.0,0.0,0.0,0.0,0.0,0.0,0.0,0.0,0.0,0.0,0.0,0.0,0.0,0.0,0.0,0.0,0.0,0.0,0.0,0.0,0.0,0.0,0.0,0.0,0.0,0.0,0.0,0.0,0.0,0.0,0.0,0.0,0.0,0.0,0.0,0.0,0.0,0.0,0.0,0.0,0.0,0.0,0.0,0.0,0.0,0.0,0.0,0.0,0.0,0.0,0.0,0.0,0.0,0.0,0.0,0.0,0.0,0.0,0.0,0.0,0.0,0.0,0.0,0.0,0.0,0.0,0.0,0.0,0.0,0.0,0.0,0.0,0.0,0.0,0.0,0.0,0.0,0.0,0.0,0.0,0.0,0.0,0.0,0.0,0.0,0.0,0.0,0.0,0.0,0.0,0.0,0.0,0.0,0.0,0.0,0.0,0.0,0.0,0.0,0.0,0.0,0.0,0.0,0.0,0.0,0.0,0.0,0.0,0.0,0.0,0.0,0.0,0.0,0.0,0.0,0.0,0.0,0.0,0.0,0.0,0.0,0.0,0.0,0.0,0.0,0.0,0.0,0.0,0.0,0.0
ENCFF884TDT,0.1451365441595902,97454,482,2312,92833,697,231872,13960,776,337,274,818,6802,2926,9736,44599,38982,2688,1395,13416,6457,118,901,36,88,94,2254,6801,6240,57447,5295,213,64,708,4801,4355,51,5473,27,11,11820,12461,121,404,101,81,1245,11312,53013,393,1431,3305,3329,253,318,6315,153,457,328,333,1354,3839,1253,38089,934,729,1592,222,84226,64878,7316,2971,1775,3636,7759,123,3458,1494,1717,2034,682,2811,3559,3828,981,1672,8114,38,2086,1706,73,1644,987,319,3060,1796,28418,212723,9921,207,27372,45414,6065,38485,3468,1683,5632,2814,3549,102,5342,10625,11335,505,7242,44736,2959,62623,439,2114,1727,9236,766,125338,2857,7843,2815,572,2599,340,117,33161,8955,3206,56452,15173,15234,31004,268,7851,16891,2996,4543,79829,391,512,83,81,26,28,2340,504,720,12629,3978,255,4849,90080,5493,291,3631,2742,1869,3928,6241,5339,9128,107,252,147,2567,83,2909,1389,1677,216,27,9,971,562,3247,14332,7253,51462,4488,31388,49018,19469,66133,22424,41818,265,33265,43345,12106,11659,37190,22642,8143,1441,415,2034,19,1755,2825,173,43,58,136,4726,139,113544,17847,15275,4464,452385,57537,5860,35664,56984,1488,795,49282,27656,103658,3461,46623,109,42466,30,317,1074,53,793,2151,471,8843,3098,86,1708,1579,1388,2597,1138,6312,3058,328,216,9194,6149,3030,3549,3797,615,2182,2009,1164,694,624,426,2395,8022,1757,855,2519,6002,4208,22164,62268,5249,5612,4844,2541,2070,1727,1657,2151,1223,195,12218,1350,3810,7777,876,3260,1352,6477,3633,2708,1981,2389,356,1121,971,5733,4474,2072,1950,1875,3871,3544,2625,1583,2618,6248,50,59,1088,2032,892,719,18868,429,13505,56,298,194,8182,812,10982,9108,12700,54,3821,293,43,2609,3481,113112,707,2606,4818,1386,53,4925,48,729,1725,28831,17036,8259,2101,223,395,176,67,137,1421,2411,3246,2174,5135,1450,1079,4818,122453,445,3583,127722,925,8511,2231,14538,7205,4418,657,1032,5752,1916,2881,2918,815,623,156,42275,4111,2536,2648,1031,2805,3174,39052,142,23880,1939,135,36791,9981,67,504,6916,1617,90,11895,1735,1384,209,7582,2404,68882,4138,1177,1809,2633,1499,1754,2147,1196,440,61,1390,65,3980,447,72,85,461,1107,434,1840,66415,2121,14621,7115,1208,901,1364,621,35655,433,15442,2560,11158,1825,117,3240,16,44703,8809,14618,54568,1579,60911,272,862,972,2395,1393,2606,1960,3495,22520,2331,55,185,2566,56,112,3896,3723,2,391,162,30577,45868,39645,10041,36822,5454,1005,98752,104878,17877,45615,80948,92567,304,80,1614,1438,689,2138,1068,373,202,1088,8896,0.0,0.0,0.0,0.0,0.0,0.0,0.0,0.0,0.0,0.0,0.0,0.0,0.0,0.0,0.0,0.0,0.0,0.0,0.0,0.0,0.0,0.0,0.0,0.0,0.0,0.0,0.0,0.0,0.0,0.0,0.0,0.0,0.0,0.0,0.0,0.0,0.0,0.0,0.0,0.0,0.0,0.0,0.0,0.0,0.0,0.0,0.0,0.0,0.0,0.0,0.0,0.0,0.0,0.0,0.0,0.0,0.0,0.0,0.0,0.0,0.0,0.0,0.0,0.0,0.0,0.0,0.0,0.0,0.0,0.0,0.0,0.0,0.0,0.0,0.0,0.0,0.0,0.0,0.0,0.0,0.0,0.0,0.0,0.0,0.0,0.0,0.0,0.0,0.0,0.0,0.0,0.0,0.0,0.0,0.0,0.0,0.0,0.0,0.0,0.0,0.0,0.0,0.0,0.0,0.0,0.0,0.0,0.0,0.0,0.0,0.0,0.0,0.0,0.0,0.0,0.0,0.0,0.0,0.0,0.0,0.0,0.0,0.0,0.0,0.0,0.0,0.0,0.0,0.0,0.0,0.0,0.0,0.0,0.0,0.0,0.0,0.0,0.0,0.0,0.0,0.0,0.0,0.0,0.0,0.0,0.0,0.0,0.0,0.0,0.0
ENCFF428ODU,0.15760058663934373,114523,465,4960,112847,1247,318084,12866,782,518,432,687,8264,3964,17961,73788,62884,3593,1233,11080,8523,140,924,60,145,107,2282,7660,8588,83092,5732,244,130,1037,5842,5326,78,4945,46,8,12529,15832,119,643,136,96,1423,14148,71244,569,1622,3870,4522,440,407,7084,212,543,337,254,1257,3744,2001,44540,959,600,2051,127,108735,80716,7043,3652,2146,4806,6446,300,4017,1861,2403,2681,772,3590,3517,5197,1305,2357,10765,37,2692,2205,42,1360,679,57,1834,3743,63877,253943,13329,235,34949,54380,7395,46470,3780,2149,5456,1727,2187,45,4290,9361,9866,156,7898,45870,4467,103582,514,2448,2864,11411,1114,179165,3784,8412,3366,565,2954,386,69,36015,16482,3248,78624,16953,14194,37189,1112,9926,12216,3580,6432,116799,480,687,310,143,71,51,2810,683,533,15929,4987,575,8392,117772,9540,492,3770,1947,1306,4674,5515,5112,7113,97,140,121,3359,61,4299,1984,3625,929,46,16,1631,932,3382,17226,8648,60763,5720,44532,57917,26306,88252,29933,56845,546,40033,51677,13334,12956,41239,26332,10092,1778,954,2104,96,2246,3489,204,66,44,50,6017,248,153862,24994,18462,499,378842,73231,7263,43080,70527,1461,721,69450,34481,139019,5892,53091,159,48899,59,502,1157,31,945,2699,385,10931,4138,62,2450,2390,2019,3123,1492,6946,4044,288,290,12012,7255,3844,3913,5101,1270,2462,2519,1391,1004,769,423,4102,9251,2586,1188,3138,6169,5235,30213,108414,6640,6743,4606,3215,2624,1962,1940,2940,1802,120,12499,1592,4307,8636,1029,3974,1691,7918,4382,3251,2583,3051,296,1586,1193,7454,5977,2620,2908,2538,4241,4228,3335,2297,3609,9743,60,79,1412,2524,695,952,19174,275,12529,47,455,104,10428,938,10536,10189,16005,64,4641,184,112,2843,4332,187338,1073,2940,5097,1823,312,6233,190,970,2059,36105,15106,7790,1901,54,210,100,45,139,1940,2600,3801,1978,7330,2128,1370,5357,161164,747,4678,160376,1473,10184,3100,17780,9250,6058,851,1970,9034,2630,3122,3261,1224,1076,316,46791,4014,3029,3287,1192,3417,3706,40932,85,29268,2232,44,38003,12530,28,514,8957,1613,81,16548,2364,1300,197,8910,3217,53569,7575,1578,2170,3168,1609,2417,2783,1621,1786,67,1465,65,4283,206,139,141,696,612,638,1677,91058,2656,23715,10279,2072,1021,982,383,38294,288,20682,3801,13637,1918,208,3640,17,52920,9617,17805,69399,3687,50998,462,418,1140,3001,1509,2918,2513,3413,15337,2952,34,318,3444,49,71,4340,4436,24,601,203,38093,69599,60341,14560,49546,6518,1519,138925,147050,25089,70420,112611,120925,543,147,2106,2088,641,2810,947,509,374,1168,11762,0.0,0.0,0.0,0.0,0.0,0.0,0.0,0.0,0.0,0.0,0.0,0.0,0.0,0.0,0.0,0.0,0.0,0.0,0.0,0.0,0.0,0.0,0.0,0.0,0.0,0.0,0.0,0.0,0.0,0.0,0.0,0.0,0.0,0.0,0.0,0.0,0.0,0.0,0.0,0.0,0.0,0.0,0.0,0.0,0.0,0.0,0.0,0.0,0.0,0.0,0.0,0.0,0.0,0.0,0.0,0.0,0.0,0.0,0.0,0.0,0.0,0.0,0.0,0.0,0.0,0.0,0.0,0.0,0.0,0.0,0.0,0.0,0.0,0.0,0.0,0.0,0.0,0.0,0.0,0.0,0.0,0.0,0.0,0.0,0.0,0.0,0.0,0.0,0.0,0.0,0.0,0.0,0.0,0.0,0.0,0.0,0.0,0.0,0.0,0.0,0.0,0.0,0.0,0.0,0.0,0.0,0.0,0.0,0.0,0.0,0.0,0.0,0.0,0.0,0.0,0.0,0.0,0.0,0.0,0.0,0.0,0.0,0.0,0.0,0.0,0.0,0.0,0.0,0.0,0.0,0.0,0.0,0.0,0.0,0.0,0.0,0.0,0.0,0.0,0.0,0.0,0.0,0.0,0.0,0.0,0.0,0.0,0.0,0.0,0.0
ENCFF000BUX,0.19851623444585278,3490,58,454,2687,95,13076,975,31,64,32,125,435,464,978,1154,3380,393,70,685,864,19,101,14,12,9,82,13,312,2294,449,32,17,55,231,177,4,247,2,11,1008,1337,12,73,30,20,78,597,1556,0,78,87,118,60,47,830,19,48,28,25,88,229,51,1097,43,54,5,43,5259,7464,957,91,87,136,917,31,128,49,64,81,27,73,100,582,29,43,349,1,71,33,0,215,38,5,752,113,1627,26720,1432,15,4572,5309,265,6519,545,55,688,183,177,3,360,924,885,23,540,4418,304,4515,76,217,229,1372,130,4873,120,684,347,109,341,43,22,4135,2675,9,1611,861,2631,4059,4,505,356,115,379,3159,118,28,16,10,3,5,259,33,128,1114,626,76,455,2545,303,69,88,324,272,339,527,427,1200,8,22,7,79,5,160,45,1140,751,2,0,53,81,81,3880,928,5783,217,4017,5955,1640,2445,1248,3566,35,3753,4085,1370,1101,3843,2232,899,73,0,78,4,47,75,26,9,8,6,404,51,2465,1321,1060,28,36114,5149,390,3466,2222,160,1305,4577,2095,6476,542,5408,17,5509,18,37,148,63,22,91,26,331,274,3,49,70,38,75,56,236,115,38,25,434,340,233,342,90,34,35,88,26,27,25,67,82,592,102,37,553,253,185,832,2547,34,202,632,114,75,63,54,79,40,12,1201,37,64,621,31,146,43,440,81,85,47,86,38,32,54,208,210,50,89,54,287,161,47,57,79,370,7,7,34,50,78,21,1950,18,1132,1,64,10,786,111,868,750,801,6,319,19,31,157,476,7546,77,319,249,122,1,280,46,65,116,2926,861,554,173,5,34,20,3,13,71,165,310,48,389,24,40,175,3248,19,207,19330,73,2448,103,457,28,221,21,3,426,66,84,108,61,33,26,111,91,98,83,39,88,111,3066,19,1085,296,8,3275,848,0,41,671,161,8,664,73,150,50,353,106,1099,274,61,73,106,42,107,77,201,75,2,125,8,189,19,2,19,40,155,94,119,2350,276,664,616,118,65,287,40,7021,4,1818,140,1874,204,46,380,17,3488,2337,1067,4980,287,1342,26,23,27,72,67,98,55,124,623,98,4,25,88,6,9,641,489,4,7,36,3126,4458,3456,795,4529,836,107,7333,11528,1982,4547,10041,10727,29,19,54,59,20,62,172,60,68,89,717,0.0,0.0,0.0,0.0,0.0,0.0,0.0,0.0,0.0,0.0,0.0,0.0,0.0,0.0,0.0,0.0,0.0,0.0,0.0,0.0,0.0,0.0,0.0,0.0,0.0,0.0,0.0,0.0,0.0,0.0,0.0,0.0,0.0,0.0,0.0,0.0,0.0,0.0,0.0,0.0,0.0,0.0,0.0,0.0,0.0,0.0,0.0,0.0,0.0,0.0,0.0,0.0,0.0,0.0,0.0,0.0,0.0,0.0,0.0,0.0,0.0,0.0,0.0,0.0,0.0,0.0,0.0,0.0,0.0,0.0,0.0,0.0,0.0,0.0,0.0,0.0,0.0,0.0,0.0,0.0,0.0,0.0,0.0,0.0,0.0,0.0,0.0,0.0,0.0,0.0,0.0,0.0,0.0,0.0,0.0,0.0,0.0,0.0,0.0,0.0,0.0,0.0,0.0,0.0,0.0,0.0,0.0,0.0,0.0,0.0,0.0,0.0,0.0,0.0,0.0,0.0,0.0,0.0,0.0,0.0,0.0,0.0,0.0,0.0,0.0,0.0,0.0,0.0,0.0,0.0,0.0,0.0,0.0,0.0,0.0,0.0,0.0,0.0,0.0,0.0,0.0,0.0,0.0,0.0,0.0,0.0,0.0,0.0,0.0,0.0
ENCFF000YBL,0.14744732705361802,44188,232,4344,37807,520,73893,6786,175,440,270,1537,5323,3364,7910,16095,23359,2844,415,31767,6982,168,1004,68,62,52,618,746,2523,19933,3315,233,120,474,1264,1128,32,1851,31,153,9214,12020,333,620,80,863,504,5212,20503,90,425,721,945,447,265,8363,129,351,426,92,1116,2916,320,9828,219,293,136,756,40744,47694,8374,711,663,1134,5985,250,876,347,548,622,108,678,753,3825,321,349,2481,24,621,345,17,1126,117,23,880,900,14833,167209,11250,87,30790,41995,2142,37276,755,454,6413,1535,1771,12,3173,7567,7366,128,5362,33733,2039,26542,421,1582,1717,8220,654,41848,994,6901,4216,657,2717,412,382,34415,10499,573,21446,8081,14951,29244,110,4688,31947,734,3343,35011,348,869,93,123,23,24,2393,492,2064,12029,4988,679,3449,37499,2591,440,744,865,828,2796,3813,3293,6608,27,195,34,708,30,1239,411,653,304,64,1,357,1040,662,17009,7538,50216,1806,26693,33775,11799,25824,11516,23292,269,28833,32904,14296,8928,23373,18724,5286,744,372,1232,87,338,650,150,50,27,66,4412,252,27912,9601,9440,144,233978,32934,3184,26364,18301,1214,910,34785,19334,51802,3357,46166,140,50144,51,377,2264,1361,197,658,156,3189,2808,159,501,619,434,661,313,1736,935,595,188,4158,2385,1759,2416,831,250,446,479,242,242,212,523,769,5638,926,243,1582,1891,1629,8702,18060,548,1914,4677,972,564,409,452,620,321,168,7429,349,569,6211,271,1647,332,4028,757,651,408,605,361,326,357,1786,1734,587,593,473,2866,1245,552,570,669,2926,20,31,304,433,658,200,17740,76,9628,19,448,543,6288,973,8167,7649,6780,15,2356,143,202,868,4841,62878,714,2062,2109,1539,45,2156,313,137,709,11969,29804,9136,1508,43,121,100,9,36,480,451,2027,372,3196,378,397,1437,53271,355,1791,125948,440,5455,667,3797,1082,1965,238,487,4459,602,640,692,301,312,293,9253,802,638,741,391,769,856,23779,95,9512,2030,20,27809,6508,21,276,5888,650,48,6049,568,2379,331,2131,748,19386,2159,1476,536,746,329,910,583,1439,399,14,1673,22,1838,278,75,194,442,193,566,757,25870,1557,6893,5380,1027,791,1301,191,41112,93,16245,1456,12593,1426,263,4702,225,25425,4969,8687,42729,1528,13644,159,142,247,703,423,721,527,1061,5218,629,223,460,678,12,20,3874,4227,2,192,215,26059,36892,25913,6426,36598,4091,441,58378,88319,11436,37762,64264,81038,299,164,531,509,173,592,1540,399,417,676,7437,0.0,0.0,0.0,0.0,0.0,0.0,0.0,0.0,0.0,0.0,0.0,0.0,0.0,0.0,0.0,0.0,0.0,0.0,0.0,0.0,0.0,0.0,0.0,0.0,0.0,0.0,0.0,0.0,0.0,0.0,0.0,0.0,0.0,0.0,0.0,0.0,0.0,0.0,0.0,0.0,0.0,0.0,0.0,0.0,0.0,0.0,0.0,0.0,0.0,0.0,0.0,0.0,0.0,0.0,0.0,0.0,0.0,0.0,0.0,0.0,0.0,0.0,0.0,0.0,0.0,0.0,0.0,0.0,0.0,0.0,0.0,0.0,0.0,0.0,0.0,0.0,0.0,0.0,0.0,0.0,0.0,0.0,0.0,0.0,0.0,0.0,0.0,0.0,0.0,0.0,0.0,0.0,0.0,0.0,0.0,0.0,0.0,0.0,0.0,0.0,0.0,0.0,0.0,0.0,0.0,0.0,0.0,0.0,0.0,0.0,0.0,0.0,0.0,0.0,0.0,0.0,0.0,0.0,0.0,0.0,0.0,0.0,0.0,0.0,0.0,0.0,0.0,0.0,0.0,0.0,0.0,0.0,0.0,0.0,0.0,0.0,0.0,0.0,0.0,0.0,0.0,0.0,0.0,0.0,0.0,0.0,0.0,0.0,0.0,0.0
ENCFF000ZBK,0.07506295794124658,9951,57,605,8478,156,17992,1014,58,89,46,153,514,551,1233,4644,4686,589,74,872,1087,36,144,19,3,8,156,412,613,4646,670,56,44,101,343,294,13,330,4,4,1390,1876,3,127,2,16,107,964,4470,53,126,191,264,58,56,1253,24,49,108,25,130,218,50,1980,55,75,138,12,8193,9178,1240,156,128,270,1153,34,211,124,146,148,44,174,209,670,89,101,603,1,132,84,3,232,14,4,211,219,3436,30064,1770,17,5200,7024,417,5989,194,117,843,254,266,3,465,1364,1348,14,1027,5756,488,5238,131,552,436,1532,256,7076,287,1325,540,147,535,64,30,5143,1794,344,2931,1246,2641,4876,95,809,485,237,697,8783,46,64,13,21,3,6,351,42,94,2169,839,114,812,8522,737,69,193,138,128,550,849,881,1043,4,12,6,165,5,359,135,306,318,15,1,107,138,164,2602,1183,7512,376,4846,5907,2748,6244,2376,4931,49,4628,5447,2078,1622,4178,3247,1012,165,119,122,18,87,162,27,10,4,13,917,43,6654,2311,1469,31,33702,6644,666,4958,3820,184,134,7118,3572,10331,1114,7942,37,8465,10,58,182,45,40,158,71,602,376,8,135,190,124,162,90,441,247,73,46,789,510,350,510,214,60,136,126,90,71,42,93,231,865,283,77,312,405,360,2174,4555,280,429,614,227,134,109,81,162,85,27,1278,85,157,889,50,252,81,717,221,193,122,176,47,86,108,455,411,144,180,132,451,237,152,147,162,637,3,5,79,90,111,70,2645,21,1778,4,103,19,1155,158,1269,1277,1474,1,412,10,27,213,666,12145,125,366,412,169,25,416,15,21,113,2507,1094,532,260,9,39,19,1,4,136,250,509,91,706,100,105,272,10593,81,370,21428,96,1003,178,898,417,464,43,160,984,185,168,157,110,66,42,1804,192,172,194,99,233,206,4313,6,1799,408,5,5194,1236,6,50,1215,116,7,1173,159,309,59,501,195,3030,706,125,154,182,91,197,153,261,118,3,208,7,418,16,8,26,110,43,135,115,7938,484,1893,1189,322,90,130,31,6352,50,2646,397,2283,233,52,578,3,5026,913,1757,7307,395,2495,35,39,48,164,98,176,135,253,1217,161,11,45,221,1,2,756,725,4,91,42,4187,6713,5378,1205,5889,721,43,12456,14566,2392,6865,10928,13267,51,50,161,156,49,154,253,61,74,98,1504,0.0,0.0,0.0,0.0,0.0,0.0,0.0,0.0,0.0,0.0,0.0,0.0,0.0,0.0,0.0,0.0,0.0,0.0,0.0,0.0,0.0,0.0,0.0,0.0,0.0,0.0,0.0,0.0,0.0,0.0,0.0,0.0,0.0,0.0,0.0,0.0,0.0,0.0,0.0,0.0,0.0,0.0,0.0,0.0,0.0,0.0,0.0,0.0,0.0,0.0,0.0,0.0,0.0,0.0,0.0,0.0,0.0,0.0,0.0,0.0,0.0,0.0,0.0,0.0,0.0,0.0,0.0,0.0,0.0,0.0,0.0,0.0,0.0,0.0,0.0,0.0,0.0,0.0,0.0,0.0,0.0,0.0,0.0,0.0,0.0,0.0,0.0,0.0,0.0,0.0,0.0,0.0,0.0,0.0,0.0,0.0,0.0,0.0,0.0,0.0,0.0,0.0,0.0,0.0,0.0,0.0,0.0,0.0,0.0,0.0,0.0,0.0,0.0,0.0,0.0,0.0,0.0,0.0,0.0,0.0,0.0,0.0,0.0,0.0,0.0,0.0,0.0,0.0,0.0,0.0,0.0,0.0,0.0,0.0,0.0,0.0,0.0,0.0,0.0,0.0,0.0,0.0,0.0,0.0,0.0,0.0,0.0,0.0,0.0,0.0
ENCFF516SZA,0.11046817759918366,31527,342,794,4187,49,7119,940,31,51,43,82,448,321,778,2439,2422,375,59,754,652,22,94,15,11,6,149,2322,429,3966,487,41,150,87,236,228,72,257,2,14,1227,1452,9,97,7,116,76,758,3060,392,70,136,201,62,52,983,18,39,62,32,81,229,71,1851,53,128,703,18,6752,6594,1011,149,90,613,793,32,163,84,109,121,36,119,148,457,61,78,527,1,109,69,1,204,32,3,208,179,2158,23748,1428,19,3932,5889,336,5057,158,88,777,222,240,4,448,1114,1062,26,634,4658,263,2671,27,170,210,1152,59,3436,159,834,368,112,329,41,15,3969,1085,1607,2662,856,1948,3587,463,631,430,163,694,5958,49,425,15,19,11,8,274,33,129,1349,589,73,522,4383,472,50,161,213,233,376,576,488,927,9,11,11,149,2,227,71,165,1509,64,1,181,70,154,2169,956,7222,286,3749,4144,2073,4272,1897,3813,30,4036,4650,1820,1219,3326,2553,1006,137,532,94,39,64,113,23,9,20,7,547,27,5520,1736,1053,39,51360,5392,736,3735,3135,169,70,5681,2838,8084,316,6206,22,6004,4,50,142,32,44,120,55,559,328,6,77,131,75,116,43,307,197,97,23,641,425,264,456,150,48,79,116,51,39,35,82,150,800,178,43,239,297,313,2065,7060,1599,323,579,174,108,84,77,129,66,46,1277,61,108,730,52,213,45,613,126,126,81,102,84,54,143,355,329,99,135,90,311,206,91,113,132,514,3,6,39,82,67,41,2021,22,1349,4,73,8,871,81,1149,873,1063,4,333,11,19,238,522,8569,205,500,341,152,120,413,14,33,130,2235,815,464,150,2,28,13,1,1,88,119,327,80,537,77,63,385,6051,162,293,17019,110,693,128,695,2609,364,32,1038,2941,96,131,111,55,48,64,12005,136,121,143,97,162,163,3298,4,1354,281,9,3538,958,5,27,832,138,7,797,102,212,28,412,143,1873,434,394,127,142,53,142,107,183,140,6,155,9,259,58,3,21,320,78,57,116,4082,127,1349,656,101,52,119,18,4781,253,2447,683,1615,166,46,351,2,4453,855,1555,7002,506,2323,75,53,39,274,301,148,124,233,1318,120,3,264,148,2,2,490,448,4,505,30,3109,6156,4402,1147,4782,562,74,8832,13131,1971,5744,9484,10816,30,22,109,86,34,127,193,41,48,71,881,0.0,0.0,0.0,0.0,0.0,0.0,0.0,0.0,0.0,0.0,0.0,0.0,0.0,0.0,0.0,0.0,0.0,0.0,0.0,0.0,0.0,0.0,0.0,0.0,0.0,0.0,0.0,0.0,0.0,0.0,0.0,0.0,0.0,0.0,0.0,0.0,0.0,0.0,0.0,0.0,0.0,0.0,0.0,0.0,0.0,0.0,0.0,0.0,0.0,0.0,0.0,0.0,0.0,0.0,0.0,0.0,0.0,0.0,0.0,0.0,0.0,0.0,0.0,0.0,0.0,0.0,0.0,0.0,0.0,0.0,0.0,0.0,0.0,0.0,0.0,0.0,0.0,0.0,0.0,0.0,0.0,0.0,0.0,0.0,0.0,0.0,0.0,0.0,0.0,0.0,0.0,0.0,0.0,0.0,0.0,0.0,0.0,0.0,0.0,0.0,0.0,0.0,0.0,0.0,0.0,0.0,0.0,0.0,0.0,0.0,0.0,0.0,0.0,0.0,0.0,0.0,0.0,0.0,0.0,0.0,0.0,0.0,0.0,0.0,0.0,0.0,0.0,0.0,0.0,0.0,0.0,0.0,0.0,0.0,0.0,0.0,0.0,0.0,0.0,0.0,0.0,0.0,0.0,0.0,0.0,0.0,0.0,0.0,0.0,0.0
ENCFF000ZRW,0.06734994137065964,2690,25,294,2303,31,3735,347,45,36,18,51,164,330,599,1101,1685,259,29,389,317,12,49,3,1,5,57,89,197,2361,250,11,14,31,113,92,3,117,1,1,474,730,3,58,2,5,31,336,2021,10,49,64,88,36,26,469,19,15,35,10,55,88,40,1009,20,26,33,0,3086,3257,477,72,41,72,429,20,74,46,56,61,12,79,70,278,29,32,214,3,51,38,3,102,12,3,75,93,967,10970,688,4,1899,2653,156,2337,81,35,336,94,119,1,192,506,514,4,272,2086,173,1836,33,143,116,597,71,2832,89,393,160,68,218,22,5,2071,923,65,1269,617,861,1774,23,266,245,64,227,1963,31,31,4,9,4,4,141,20,39,617,299,60,308,2335,261,28,80,54,56,198,287,247,359,10,19,2,51,1,109,42,162,127,1,1,50,66,52,934,449,3058,146,1918,2132,968,1944,895,1677,15,1895,2044,728,592,1498,1210,406,60,10,49,2,29,43,13,8,3,9,301,27,2287,832,850,16,12958,2314,262,1644,1815,84,29,2584,1188,3929,273,2784,10,2937,8,29,60,17,19,50,10,217,134,3,44,68,35,55,23,146,79,9,17,279,180,124,182,73,31,50,45,14,27,16,40,82,289,68,36,131,149,137,844,1520,53,130,214,78,43,36,42,54,46,14,540,35,47,299,11,76,28,249,76,68,43,54,12,26,22,162,137,61,66,37,156,98,41,50,50,245,2,0,19,36,45,22,920,13,601,3,35,9,412,67,455,414,475,2,142,6,11,69,251,4529,33,144,137,75,6,124,9,15,46,854,485,196,92,5,11,5,3,4,40,92,159,32,235,34,42,95,3526,27,123,8009,33,344,60,287,89,174,26,27,288,61,56,75,24,35,15,417,66,56,57,26,80,67,1668,5,619,172,1,1806,446,1,20,312,47,5,442,47,159,15,175,67,982,182,42,64,63,32,75,36,94,37,1,75,1,110,11,2,14,36,26,48,54,2902,133,674,356,91,44,46,16,2616,24,976,112,809,86,25,188,1,1772,357,605,2658,122,1040,19,8,18,42,23,55,36,91,467,55,6,20,87,1,3,312,267,0,21,10,1581,2617,1941,405,2271,284,42,4450,5639,880,2491,4199,5185,32,12,55,58,14,53,101,15,28,29,486,0.0,0.0,0.0,0.0,0.0,0.0,0.0,0.0,0.0,0.0,0.0,0.0,0.0,0.0,0.0,0.0,0.0,0.0,0.0,0.0,0.0,0.0,0.0,0.0,0.0,0.0,0.0,0.0,0.0,0.0,0.0,0.0,0.0,0.0,0.0,0.0,0.0,0.0,0.0,0.0,0.0,0.0,0.0,0.0,0.0,0.0,0.0,0.0,0.0,0.0,0.0,0.0,0.0,0.0,0.0,0.0,0.0,0.0,0.0,0.0,0.0,0.0,0.0,0.0,0.0,0.0,0.0,0.0,0.0,0.0,0.0,0.0,0.0,0.0,0.0,0.0,0.0,0.0,0.0,0.0,0.0,0.0,0.0,0.0,0.0,0.0,0.0,0.0,0.0,0.0,0.0,0.0,0.0,0.0,0.0,0.0,0.0,0.0,0.0,0.0,0.0,0.0,0.0,0.0,0.0,0.0,0.0,0.0,0.0,0.0,0.0,0.0,0.0,0.0,0.0,0.0,0.0,0.0,0.0,0.0,0.0,0.0,0.0,0.0,0.0,0.0,0.0,0.0,0.0,0.0,0.0,0.0,0.0,0.0,0.0,0.0,0.0,0.0,0.0,0.0,0.0,0.0,0.0,0.0,0.0,0.0,0.0,0.0,0.0,0.0
ENCFF000WAN,0.052692631200123866,2560,17,274,2111,48,5022,278,27,24,23,32,189,271,537,1183,1585,198,25,262,359,14,45,2,4,3,41,80,206,1635,205,15,12,26,116,102,8,105,2,1,458,650,0,45,3,4,26,320,1414,11,39,59,73,21,18,468,7,18,22,6,36,89,33,814,14,29,40,7,3026,2896,375,71,55,78,351,18,80,32,54,54,17,68,68,227,36,28,201,0,71,32,0,94,92,1,98,81,1075,9793,589,3,1651,2404,138,2119,68,28,268,83,102,2,138,412,422,6,302,2079,174,1872,52,161,140,495,61,2558,82,368,161,31,201,25,7,1824,723,56,1496,506,764,1615,19,298,155,65,202,2399,14,22,8,10,3,3,132,20,33,574,293,28,303,2138,257,23,68,54,67,165,253,198,342,6,7,2,65,1,111,39,147,192,2,2,37,45,45,836,415,2415,155,1681,1946,836,2037,758,1735,13,1515,1884,547,543,1409,1039,418,42,14,49,9,37,39,16,3,0,1,230,26,2801,804,589,9,12358,2230,227,1598,1376,59,30,2480,1052,3453,298,2364,12,2492,4,20,69,32,19,47,7,206,114,1,54,65,49,62,28,159,93,19,17,277,185,103,157,75,18,39,42,31,40,16,28,75,305,78,29,102,150,140,779,2044,61,135,179,94,45,32,32,50,45,13,455,37,51,314,24,100,28,238,73,73,31,57,24,23,33,193,137,46,66,43,157,89,36,49,52,245,0,0,26,40,17,18,844,8,536,3,31,3,370,41,369,384,430,2,160,13,14,64,252,3926,37,109,153,76,2,147,13,15,38,780,350,236,73,6,6,17,2,1,36,70,176,45,239,37,29,103,2800,35,136,7162,30,357,51,352,103,125,18,34,268,58,45,65,43,34,15,393,63,51,62,18,70,66,1483,7,669,149,2,1653,686,0,17,299,24,1,387,52,81,15,172,68,934,221,43,59,68,24,60,54,85,45,3,59,0,112,10,3,21,23,17,43,41,1887,155,656,394,86,38,50,9,2081,12,850,117,731,72,8,154,4,1619,317,540,2399,149,927,15,7,23,68,30,56,43,95,440,55,2,22,82,1,1,235,248,0,19,18,1504,2493,2006,446,2109,295,21,4104,5368,818,2642,4298,4760,19,16,44,58,22,52,65,28,30,29,408,0.0,0.0,0.0,0.0,0.0,0.0,0.0,0.0,0.0,0.0,0.0,0.0,0.0,0.0,0.0,0.0,0.0,0.0,0.0,0.0,0.0,0.0,0.0,0.0,0.0,0.0,0.0,0.0,0.0,0.0,0.0,0.0,0.0,0.0,0.0,0.0,0.0,0.0,0.0,0.0,0.0,0.0,0.0,0.0,0.0,0.0,0.0,0.0,0.0,0.0,0.0,0.0,0.0,0.0,0.0,0.0,0.0,0.0,0.0,0.0,0.0,0.0,0.0,0.0,0.0,0.0,0.0,0.0,0.0,0.0,0.0,0.0,0.0,0.0,0.0,0.0,0.0,0.0,0.0,0.0,0.0,0.0,0.0,0.0,0.0,0.0,0.0,0.0,0.0,0.0,0.0,0.0,0.0,0.0,0.0,0.0,0.0,0.0,0.0,0.0,0.0,0.0,0.0,0.0,0.0,0.0,0.0,0.0,0.0,0.0,0.0,0.0,0.0,0.0,0.0,0.0,0.0,0.0,0.0,0.0,0.0,0.0,0.0,0.0,0.0,0.0,0.0,0.0,0.0,0.0,0.0,0.0,0.0,0.0,0.0,0.0,0.0,0.0,0.0,0.0,0.0,0.0,0.0,0.0,0.0,0.0,0.0,0.0,0.0,0.0
ENCFF587AYW,0.11841722430155868,116464,94,1534,27144,246,90706,6329,377,282,162,608,3346,824,2541,16541,9541,1384,451,3240,4971,101,486,51,73,28,1473,9299,3031,16796,2943,105,32,346,2149,2164,16,2165,10,4,6672,6617,49,154,22,5,548,5280,13560,431,724,1546,1567,89,191,4468,52,238,208,114,611,1733,145,4933,176,94,2597,90,21183,32682,4348,1267,782,1842,8368,32,1509,674,827,964,248,1259,1651,1890,402,790,3850,6,870,878,15,578,130,12,821,645,8482,109472,5875,157,17506,24533,2945,21572,1634,817,2489,1032,1207,18,2421,5918,6711,80,5522,27741,781,20820,111,465,656,4476,261,31257,1262,5926,1946,161,1202,93,158,21288,2169,3900,8862,3529,31510,18308,300,3990,2695,1367,2692,23759,238,629,28,38,22,14,1150,257,375,10479,2526,233,2890,26990,1589,163,1520,436,192,1776,3738,4626,5354,22,45,21,1174,29,1401,590,390,183,11,7,494,269,1319,8131,4055,29591,2174,13823,21512,10436,20867,11891,21161,63,16997,21932,8328,6753,19417,12686,2766,843,742,481,28,750,1322,75,19,16,66,4419,67,24685,7762,2797,209,142944,31025,3218,15968,8922,558,563,21362,13305,32390,2193,29947,124,31870,33,247,729,39,360,1032,404,4163,1784,39,811,741,687,1169,592,2845,1388,567,120,4560,3303,1620,2574,1784,357,1053,923,463,320,251,327,1190,3031,968,413,1134,2665,1768,5711,13032,8237,2596,2731,1192,1011,785,691,1041,571,243,5119,585,1764,3573,331,1542,640,3346,1841,1160,1068,1074,345,492,440,2652,2030,1004,872,947,2138,1699,1114,671,1226,2924,30,29,358,881,449,369,10999,211,7455,35,163,105,3942,404,6124,6403,8008,16,1715,104,34,1220,2099,49371,759,1480,2556,765,65,2136,32,106,1080,15482,4576,3829,919,66,200,77,15,32,683,1341,1617,887,3501,708,491,988,34343,220,1644,75554,411,4115,1116,6233,9937,2140,326,623,5101,861,1208,1266,425,303,59,67167,1740,1214,1126,558,1179,1356,16756,22,11385,885,16,22925,5414,63,268,5592,908,65,5986,806,1261,129,3657,1046,11570,1244,1256,768,1233,717,835,996,1213,618,19,708,24,2344,99,312,52,547,152,81,357,26258,742,5664,2997,428,568,610,197,20246,607,9138,1519,7004,919,56,2041,13,26103,4586,9047,33317,885,10722,111,195,434,1104,565,1121,867,1318,5337,1034,11,111,1168,23,14,2028,1809,8,473,137,16581,24004,19558,5130,20011,2788,331,40926,51671,9335,23664,43225,49305,77,57,697,655,334,1011,536,258,182,579,6393,0.0,0.0,0.0,0.0,0.0,0.0,0.0,0.0,0.0,0.0,0.0,0.0,0.0,0.0,0.0,0.0,0.0,0.0,0.0,0.0,0.0,0.0,0.0,0.0,0.0,0.0,0.0,0.0,0.0,0.0,0.0,0.0,0.0,0.0,0.0,0.0,0.0,0.0,0.0,0.0,0.0,0.0,0.0,0.0,0.0,0.0,0.0,0.0,0.0,0.0,0.0,0.0,0.0,0.0,0.0,0.0,0.0,0.0,0.0,0.0,0.0,0.0,0.0,0.0,0.0,0.0,0.0,0.0,0.0,0.0,0.0,0.0,0.0,0.0,0.0,0.0,0.0,0.0,0.0,0.0,0.0,0.0,0.0,0.0,0.0,0.0,0.0,0.0,0.0,0.0,0.0,0.0,0.0,0.0,0.0,0.0,0.0,0.0,0.0,0.0,0.0,0.0,0.0,0.0,0.0,0.0,0.0,0.0,0.0,0.0,0.0,0.0,0.0,0.0,0.0,0.0,0.0,0.0,0.0,0.0,0.0,0.0,0.0,0.0,0.0,0.0,0.0,0.0,0.0,0.0,0.0,0.0,0.0,0.0,0.0,0.0,0.0,0.0,0.0,0.0,0.0,0.0,0.0,0.0,0.0,0.0,0.0,0.0,0.0,0.0
ENCFF000ZQO,0.1689270036115314,75818,348,4096,29715,552,56891,5347,276,464,299,568,2932,3985,8089,15667,23632,3224,507,5886,5468,176,687,76,48,51,831,4337,3043,30510,3813,268,274,459,1758,1617,124,1777,20,27,6979,10549,57,645,28,132,554,5462,25370,502,508,913,1326,484,296,6054,179,349,406,131,721,1381,682,14055,205,336,1329,68,46935,49695,6760,1047,707,1804,4943,290,1102,521,742,860,200,972,1083,3462,401,462,3244,25,832,511,21,1259,164,23,1195,1208,15013,161820,10391,100,27958,38503,2397,33226,1035,628,5118,1550,1753,19,2657,6843,6998,89,4112,30826,2266,28079,413,1536,1799,8143,634,43713,1213,5717,2840,742,2592,420,193,29496,11846,2933,18225,7609,10750,27470,690,4037,3873,1063,3610,26082,403,703,93,115,42,33,2308,275,492,9935,4727,610,3729,31781,2978,461,1028,1101,871,2965,4228,3818,5042,87,162,47,926,38,1645,596,950,436,81,10,713,744,984,14362,6982,42351,2132,27670,30872,13332,26480,12232,25445,297,26219,30636,10410,8925,21299,17930,5443,844,965,723,76,472,881,136,66,22,483,3648,300,32081,11160,11270,248,201736,35683,3758,25464,24370,1075,501,37347,18181,57363,3583,42059,140,42312,60,325,675,115,310,920,223,3719,2183,20,646,846,602,837,403,2342,1349,230,221,4397,2601,2009,2375,1121,317,604,723,365,294,275,485,999,5040,1152,360,1726,2183,2068,9715,28582,2958,2254,2784,1251,796,580,612,895,481,157,7041,440,822,4930,342,1522,422,3805,1003,911,567,902,193,464,570,2230,2161,764,884,680,2287,1401,725,705,922,3754,17,33,397,562,504,303,13646,98,8956,24,507,42,6364,783,6544,6136,7034,38,2710,149,189,1245,3910,69664,819,2283,2007,1018,232,2526,214,184,660,14017,7129,2763,1413,39,141,104,16,59,662,1334,2493,512,3709,494,542,1316,44765,480,2003,121175,558,5578,990,5025,4716,2365,309,2030,7401,746,939,1068,368,460,279,24468,1102,865,985,428,1119,1168,23633,81,9842,2057,47,25063,6665,15,330,5567,708,61,6311,766,1444,324,2800,1075,15141,2837,1093,781,1033,426,1055,846,1335,534,23,908,19,1667,140,37,219,836,580,634,931,41645,1573,9482,5099,1096,538,875,297,36560,424,15221,2004,11997,1487,325,2706,41,28314,5245,9156,40475,2007,15685,281,230,332,1062,576,1025,709,1311,7460,960,32,550,962,16,50,3942,4002,16,728,202,23681,38661,27969,7279,34347,4060,785,62297,85000,12492,38634,62028,76326,293,185,737,619,224,799,1211,259,392,649,6455,0.0,0.0,0.0,0.0,0.0,0.0,0.0,0.0,0.0,0.0,0.0,0.0,0.0,0.0,0.0,0.0,0.0,0.0,0.0,0.0,0.0,0.0,0.0,0.0,0.0,0.0,0.0,0.0,0.0,0.0,0.0,0.0,0.0,0.0,0.0,0.0,0.0,0.0,0.0,0.0,0.0,0.0,0.0,0.0,0.0,0.0,0.0,0.0,0.0,0.0,0.0,0.0,0.0,0.0,0.0,0.0,0.0,0.0,0.0,0.0,0.0,0.0,0.0,0.0,0.0,0.0,0.0,0.0,0.0,0.0,0.0,0.0,0.0,0.0,0.0,0.0,0.0,0.0,0.0,0.0,0.0,0.0,0.0,0.0,0.0,0.0,0.0,0.0,0.0,0.0,0.0,0.0,0.0,0.0,0.0,0.0,0.0,0.0,0.0,0.0,0.0,0.0,0.0,0.0,0.0,0.0,0.0,0.0,0.0,0.0,0.0,0.0,0.0,0.0,0.0,0.0,0.0,0.0,0.0,0.0,0.0,0.0,0.0,0.0,0.0,0.0,0.0,0.0,0.0,0.0,0.0,0.0,0.0,0.0,0.0,0.0,0.0,0.0,0.0,0.0,0.0,0.0,0.0,0.0,0.0,0.0,0.0,0.0,0.0,0.0
ENCFF000VXT,0.06987115124456676,2164,6,235,2012,51,5183,302,37,38,17,26,195,251,535,1212,1690,217,35,285,353,16,52,4,1,4,45,36,247,2137,212,22,10,30,109,117,3,124,3,2,424,704,4,42,0,3,52,379,1429,8,69,78,98,31,26,391,15,25,22,9,47,72,34,790,13,31,17,4,2987,2857,434,70,54,82,294,11,60,44,65,65,15,98,105,246,30,40,215,2,54,40,2,81,26,2,64,85,1110,9961,603,5,1624,2408,173,2135,99,45,293,83,80,3,169,418,422,6,293,1852,196,2081,47,177,158,543,89,2600,110,321,154,50,188,27,9,1758,752,29,1473,502,650,1633,11,285,174,81,218,2556,15,14,7,10,3,1,123,21,31,588,285,39,258,2236,287,16,89,76,56,168,240,220,312,1,6,3,59,3,133,40,129,199,4,0,40,49,64,917,427,2567,127,1839,2053,886,2123,855,1763,16,1620,1850,626,541,1467,1166,435,58,6,41,4,38,56,13,2,2,3,257,25,2990,792,703,9,11912,2235,218,1662,1465,59,31,2460,1083,3568,329,2389,9,2474,1,22,50,31,14,53,14,278,123,2,55,63,41,54,33,201,88,13,20,290,217,109,167,96,28,46,55,24,35,16,28,84,319,87,35,108,163,121,849,1801,23,165,183,91,63,41,51,68,30,8,431,30,61,331,27,102,33,232,86,71,40,64,10,47,29,172,166,72,60,48,154,83,35,60,73,238,1,2,31,44,28,32,839,9,566,3,30,2,413,56,413,370,494,2,148,11,7,71,218,3871,45,104,134,77,2,170,10,23,39,849,383,212,88,5,8,13,0,3,44,63,197,48,246,34,33,144,2976,26,136,7480,39,335,76,362,62,161,23,20,235,39,68,55,32,40,13,233,68,55,72,35,68,69,1542,8,685,164,1,1609,487,2,17,329,37,6,477,45,76,10,184,52,991,235,39,87,70,43,76,63,64,48,1,70,0,101,1,1,14,27,13,55,41,1970,160,619,405,104,42,47,18,2099,8,912,111,766,85,14,193,3,1754,317,587,2551,129,1002,10,17,19,64,38,70,51,83,482,61,3,12,100,1,2,226,267,2,10,17,1556,2524,1983,486,2137,297,30,4193,5588,820,2681,4034,4968,26,16,59,62,25,53,79,21,29,38,414,0.0,0.0,0.0,0.0,0.0,0.0,0.0,0.0,0.0,0.0,0.0,0.0,0.0,0.0,0.0,0.0,0.0,0.0,0.0,0.0,0.0,0.0,0.0,0.0,0.0,0.0,0.0,0.0,0.0,0.0,0.0,0.0,0.0,0.0,0.0,0.0,0.0,0.0,0.0,0.0,0.0,0.0,0.0,0.0,0.0,0.0,0.0,0.0,0.0,0.0,0.0,0.0,0.0,0.0,0.0,0.0,0.0,0.0,0.0,0.0,0.0,0.0,0.0,0.0,0.0,0.0,0.0,0.0,0.0,0.0,0.0,0.0,0.0,0.0,0.0,0.0,0.0,0.0,0.0,0.0,0.0,0.0,0.0,0.0,0.0,0.0,0.0,0.0,0.0,0.0,0.0,0.0,0.0,0.0,0.0,0.0,0.0,0.0,0.0,0.0,0.0,0.0,0.0,0.0,0.0,0.0,0.0,0.0,0.0,0.0,0.0,0.0,0.0,0.0,0.0,0.0,0.0,0.0,0.0,0.0,0.0,0.0,0.0,0.0,0.0,0.0,0.0,0.0,0.0,0.0,0.0,0.0,0.0,0.0,0.0,0.0,0.0,0.0,0.0,0.0,0.0,0.0,0.0,0.0,0.0,0.0,0.0,0.0,0.0,0.0
ENCFF742GFX,0.28361552426456643,11986106,691851,49536,1703,0,21893,12398,257,1705,194,22050,2147,928,659,158,33,4300,8963,4213,11543,317,3226,4596,1708,163035,1509,820031,3669,442,13467,1436,1512,1099,2123,1515,48,2664,3,0,33679,19204,148,844,71,155853,909,7278,78,51780,1443,1379,1325,667,3998,413441,20,471,95,20,7305,1249,2,7,8,6,189145,3,48735,407405,65630,1165,754,8710,20385,251,1283,538,772,868,216,1048,1148,4952,353,679,3776,177,699,754,65,6005,1076,24,22004,330,52,516258,22914,926,316886,68231,2636,60961,1648,653,9054,2929,2297,0,227597,152510,35581,1739,16871,470205,193,12889,0,2,355,12332,0,311,894,23389,8894,4522,4397,775,4,81180,3063,252462,192,853,33708,224893,46350,17329,1427,1124,17284,2174,309,137319,6,184,533,10,3494,703,251,25491,10551,2247,3852,1803,502,4481,1435,2518,927,3321,3953,4541,100426,315,63,602,899,4,1295,486,6010,3761,0,0,631,452,1455,42591,13147,137140,3672,38115,40052,19169,10802,27994,65535,223,97790,103809,37807,26767,98835,539080,9946,1066,7192,35,19,591,1175,196,27,276,76,9613,2,15127,8554,18,44,67252472,42367,31717,56811,1564,1857,2961,37082,17802,29220,92,113424,13,107836,406,199,2063,0,291,1086,919,5504,4901,54,725,621,591,928,559,2976,1244,5316,243,10965,5849,3084,29761,1766,295,835,776,451,296,218,3749,979,5112,1120,397,1593,3089,1638,4408,669,1112430,3049,47342,1569,641,616,666,826,377,1223,38118,635,1627,9784,321,10022,501,5452,1590,1155,787,839,139,534,1078,2868,1663,800,960,724,8708,2949,985,490,1203,3418,138,129,385,966,791,13,111319,212753,50361,204,279,46,8540,1092,51671,28551,10338,0,4442,630,325,54,6143,58640,80163,6735,26471,2662,77,1939,46,312,3772,27348,4654,2920,2213,2176,6124,3,0,2,633,4,5243,753,5895,596,376,656,636,9283,1856,247366,66692,14531,912,8342,846976,2420,420,30274,219986,719,1372,1281,367,266,245,3310852,1672,1067,1162,820,993,1309,47637,5942,20164,8682,4,197564,25042,8,627,5785,5975,7,8345,718,1053,452,5316,945,910,192,182912,632,1045,587,1033,966,6508,13,2,11022,14,2942,1495,1646,102,82225,1278,15,69,1807,6,3021,833,95,3744,77689,421057,205412,54904,81325,1495,22055,3136,104,6486,0,108384,10568,23146,249553,647,1233,152,8,373,1000,178835,864,963,1421,542,1016,0,704,959,0,0,12749,6487,184,67264,701,52924,74410,49333,6912,48029,12875,427,63089,172613,16675,56271,148474,120759,68,316,543,544,281,755,1095,1073,3157,1128,16556,0.0,0.0,0.0,0.0,0.0,0.0,0.0,0.0,0.0,0.0,0.0,0.0,0.0,0.0,0.0,0.0,0.0,0.0,0.0,0.0,0.0,0.0,0.0,0.0,0.0,0.0,0.0,0.0,0.0,0.0,0.0,0.0,0.0,0.0,0.0,0.0,0.0,0.0,0.0,0.0,0.0,0.0,0.0,0.0,0.0,0.0,0.0,0.0,0.0,0.0,0.0,0.0,0.0,0.0,0.0,0.0,0.0,0.0,0.0,0.0,0.0,0.0,0.0,0.0,0.0,0.0,0.0,0.0,0.0,0.0,0.0,0.0,0.0,0.0,0.0,0.0,0.0,0.0,0.0,0.0,0.0,0.0,0.0,0.0,0.0,0.0,0.0,0.0,0.0,0.0,0.0,0.0,0.0,0.0,0.0,0.0,0.0,0.0,0.0,0.0,0.0,0.0,0.0,0.0,0.0,0.0,0.0,0.0,0.0,0.0,0.0,0.0,0.0,0.0,0.0,0.0,0.0,0.0,0.0,0.0,0.0,0.0,0.0,0.0,0.0,0.0,0.0,0.0,0.0,0.0,0.0,0.0,0.0,0.0,0.0,0.0,0.0,0.0,0.0,0.0,0.0,0.0,0.0,0.0,0.0,0.0,0.0,0.0,0.0,0.0
ENCFF001FKT,0.1963686226299116,26219,81,2342,30094,725,118368,4484,187,410,301,382,2079,3112,5319,10229,29474,2494,412,4994,4943,178,722,92,52,32,557,158,2717,29073,3637,307,133,413,1473,1325,23,1777,23,6,5540,11071,55,582,43,68,513,4662,19395,15,414,731,1115,435,317,6040,146,334,318,91,593,1069,210,10305,204,618,43,10,37098,37238,7181,831,606,875,4395,357,1030,438,635,686,172,790,964,3440,353,443,2670,44,666,416,23,1455,160,20,973,969,12180,154125,9449,73,26311,35956,2266,30997,914,474,4917,1399,1484,20,2543,6925,6736,166,3390,33740,2238,38729,556,2045,1965,7877,919,52374,1002,5547,2889,759,2458,720,134,28046,8837,105,20767,5476,9640,28006,29,3327,3497,912,3092,20503,340,202,65,137,55,45,2194,314,306,8983,4789,765,3215,28218,2509,781,928,948,723,2491,3415,3058,5151,68,133,61,782,12,1320,468,488,387,10,2,398,603,784,13880,6671,37869,1831,24207,28361,11331,20525,10534,22602,226,23929,27736,9431,8268,19252,15555,4402,686,30,677,20,426,702,176,65,51,24,3133,255,26029,9147,9660,275,146842,30145,2655,23502,18092,1042,406,32953,14852,44692,3896,38077,130,39459,32,209,531,15,214,784,199,3048,2221,15,486,739,465,700,366,1929,1126,168,207,3916,2563,1827,2532,948,241,552,577,311,276,215,429,771,4017,939,302,1459,1833,1678,7563,14229,104,1993,2700,1046,646,517,490,702,410,109,6523,390,690,4916,296,1349,328,3352,788,796,450,734,125,387,412,1819,1825,661,700,590,2243,1333,666,638,726,2837,55,57,314,514,494,245,14592,112,10270,67,568,56,6025,633,6994,5843,5643,27,2379,59,200,884,3629,44547,687,1787,1702,869,3,2028,197,388,626,11255,5184,1990,1401,179,428,113,15,93,560,1556,3193,479,3455,407,411,1299,39234,242,1521,115837,459,5719,764,4365,319,2074,235,58,3227,651,798,813,370,345,240,1188,887,729,861,369,889,990,22852,67,8545,1812,10,23143,5883,27,264,4761,669,62,5330,629,1032,304,2519,878,19210,2320,503,629,875,333,942,645,1334,119,8,949,20,1517,135,11,184,285,299,598,593,19071,1917,7500,4655,1210,424,684,133,36355,38,13969,1227,11748,1258,287,2921,5,24264,4386,8039,35312,1174,13913,169,105,365,638,362,906,559,976,5678,801,22,134,736,18,43,3946,4016,9,57,170,21536,31313,23095,5566,31528,3586,291,53210,73365,9992,32780,53619,67736,238,138,587,542,176,674,1296,250,729,544,5918,0.0,0.0,0.0,0.0,0.0,0.0,0.0,0.0,0.0,0.0,0.0,0.0,0.0,0.0,0.0,0.0,0.0,0.0,0.0,0.0,0.0,0.0,0.0,0.0,0.0,0.0,0.0,0.0,0.0,0.0,0.0,0.0,0.0,0.0,0.0,0.0,0.0,0.0,0.0,0.0,0.0,0.0,0.0,0.0,0.0,0.0,0.0,0.0,0.0,0.0,0.0,0.0,0.0,0.0,0.0,0.0,0.0,0.0,0.0,0.0,0.0,0.0,0.0,0.0,0.0,0.0,0.0,0.0,0.0,0.0,0.0,0.0,0.0,0.0,0.0,0.0,0.0,0.0,0.0,0.0,0.0,0.0,0.0,0.0,0.0,0.0,0.0,0.0,0.0,0.0,0.0,0.0,0.0,0.0,0.0,0.0,0.0,0.0,0.0,0.0,0.0,0.0,0.0,0.0,0.0,0.0,0.0,0.0,0.0,0.0,0.0,0.0,0.0,0.0,0.0,0.0,0.0,0.0,0.0,0.0,0.0,0.0,0.0,0.0,0.0,0.0,0.0,0.0,0.0,0.0,0.0,0.0,0.0,0.0,0.0,0.0,0.0,0.0,0.0,0.0,0.0,0.0,0.0,0.0,0.0,0.0,0.0,0.0,0.0,0.0
ENCFF000WLP,0.15288593026292205,36183,230,2570,16341,550,49470,2933,150,251,145,328,2092,2294,3814,7704,15059,1648,216,2750,3863,86,306,45,26,18,415,1769,1926,15159,1921,164,160,257,1013,912,80,894,22,15,3851,5409,33,353,16,80,264,3044,12561,259,274,548,802,259,127,3214,82,149,219,45,343,1039,204,6672,151,326,527,64,24917,26206,3194,554,408,945,2760,89,603,310,435,509,132,594,607,1922,251,305,2053,11,498,289,19,617,350,24,749,698,6345,91310,5864,65,15235,21198,1302,18538,647,379,2442,800,929,14,1456,3809,3828,39,2640,16528,1731,17212,458,2033,1675,5120,861,22623,798,3152,1811,376,1367,223,68,15936,6171,1881,13047,3932,6327,12756,407,2624,1305,594,1899,19932,240,302,49,55,40,24,978,202,328,6267,2445,350,2140,18173,1791,221,613,436,391,1466,2493,2152,2466,20,68,14,527,15,1014,392,428,78,46,4,411,375,554,8082,3625,22898,1330,15571,15833,7590,17581,7389,15926,138,14992,18275,5520,4951,12369,9449,2880,478,347,354,41,281,501,91,52,23,27,2122,142,20223,6646,6111,117,104024,18587,1927,13676,12092,493,376,20486,9788,30934,2970,21677,99,21211,31,198,511,218,193,529,123,2013,980,25,358,561,379,584,224,1299,778,183,107,2388,1508,1035,1320,641,183,364,412,223,226,171,285,692,2904,754,243,1027,1238,1181,5799,19488,1060,1099,1539,749,449,322,372,562,307,98,3472,258,451,2550,217,810,236,2183,649,589,369,524,186,287,380,1327,1428,483,543,418,1153,821,389,451,524,2320,13,32,243,338,248,196,6692,39,4920,13,306,31,2993,328,3315,3666,3593,17,1189,49,108,588,1792,35086,354,1094,1186,561,96,1597,68,64,271,7724,3204,2125,591,14,92,63,5,22,401,578,1224,290,2253,293,303,933,22903,310,1210,69544,293,2698,589,2817,1974,1432,184,958,4106,462,554,575,235,246,168,10232,644,509,575,264,596,678,12803,43,5219,1321,9,13364,4318,12,113,3125,292,28,3412,486,605,167,1575,624,9295,1800,472,482,623,254,555,509,639,406,7,525,23,1010,47,37,96,411,150,508,429,14367,1554,5494,3559,917,261,445,67,18683,213,8175,1216,6268,652,200,1427,59,16157,3258,5357,23466,1564,8011,191,107,236,603,341,589,408,824,4761,518,25,219,650,13,25,1894,1865,4,314,124,12083,25232,17731,4518,18766,2026,195,36904,51530,7638,25422,36844,43387,126,94,461,377,134,448,651,145,209,356,3785,0.0,0.0,0.0,0.0,0.0,0.0,0.0,0.0,0.0,0.0,0.0,0.0,0.0,0.0,0.0,0.0,0.0,0.0,0.0,0.0,0.0,0.0,0.0,0.0,0.0,0.0,0.0,0.0,0.0,0.0,0.0,0.0,0.0,0.0,0.0,0.0,0.0,0.0,0.0,0.0,0.0,0.0,0.0,0.0,0.0,0.0,0.0,0.0,0.0,0.0,0.0,0.0,0.0,0.0,0.0,0.0,0.0,0.0,0.0,0.0,0.0,0.0,0.0,0.0,0.0,0.0,0.0,0.0,0.0,0.0,0.0,0.0,0.0,0.0,0.0,0.0,0.0,0.0,0.0,0.0,0.0,0.0,0.0,0.0,0.0,0.0,0.0,0.0,0.0,0.0,0.0,0.0,0.0,0.0,0.0,0.0,0.0,0.0,0.0,0.0,0.0,0.0,0.0,0.0,0.0,0.0,0.0,0.0,0.0,0.0,0.0,0.0,0.0,0.0,0.0,0.0,0.0,0.0,0.0,0.0,0.0,0.0,0.0,0.0,0.0,0.0,0.0,0.0,0.0,0.0,0.0,0.0,0.0,0.0,0.0,0.0,0.0,0.0,0.0,0.0,0.0,0.0,0.0,0.0,0.0,0.0,0.0,0.0,0.0,0.0
ENCFF000XDP,0.09004538595668313,20528,83,1864,19077,763,88613,3866,154,261,181,334,1552,2464,3606,6008,22216,1768,340,3530,3606,102,416,75,47,73,488,226,1907,19194,2282,156,114,259,1023,896,15,1228,19,10,3971,7032,67,478,19,41,451,3374,12627,43,318,535,749,305,191,3831,146,200,245,103,536,825,78,4960,153,544,71,14,23287,25880,4486,567,387,636,3349,165,606,273,410,499,110,525,697,2349,245,265,1858,13,460,279,50,911,149,43,812,630,5237,104366,6676,62,17701,25124,1485,21325,708,327,3502,1137,1132,26,1828,4737,4771,227,2595,19706,2113,27988,586,2379,1907,5761,1063,35118,841,3778,1931,531,1754,329,152,19361,6253,261,12165,3686,7518,17083,42,2472,2130,669,2032,15275,352,134,41,95,29,45,1369,239,317,6758,3161,524,2315,18147,1573,313,683,802,607,1609,2596,2342,3222,47,160,63,547,17,1008,326,404,182,16,1,260,508,597,9250,4390,26265,1241,17223,20815,7958,14400,7622,15325,169,16189,18924,6190,5575,13230,10870,3186,480,52,419,18,243,506,148,61,32,92,2194,183,16683,6239,6511,216,98752,20196,1803,15800,9814,696,368,21836,10186,27544,3622,26331,119,26519,38,164,397,55,180,527,161,1926,1338,21,333,538,315,455,204,1441,813,203,152,2608,1838,1199,1524,558,148,354,398,192,182,148,309,612,2876,619,210,1063,1359,1218,5296,9786,181,1279,1891,731,460,359,305,548,283,78,4318,291,429,3313,214,904,230,2169,516,567,280,484,233,266,285,1273,1336,428,531,349,1500,814,396,413,460,2082,16,45,229,332,510,199,8877,166,6356,46,407,73,3880,442,4468,4247,3856,29,1613,111,119,846,2232,29721,370,1240,1166,637,13,1527,172,254,416,8341,3789,1640,897,75,189,136,15,95,336,1906,1866,359,2328,291,298,742,24478,197,1153,77764,317,3564,527,3070,277,1544,187,103,2287,451,618,642,256,250,162,1406,675,578,600,276,636,761,15352,84,5495,1429,29,15916,3920,40,157,3390,463,71,3576,423,848,212,1825,671,12636,1490,312,466,632,312,619,459,849,119,24,522,22,1053,165,18,125,221,163,549,459,13256,2117,4711,4039,1070,311,565,146,22975,37,9615,944,7661,973,262,1760,16,19327,3490,6228,26047,954,9532,131,158,221,469,290,629,366,768,5004,557,33,153,532,29,73,2487,2527,18,81,146,15035,23105,16457,4360,21974,2502,208,37230,52727,6959,23790,37294,47532,154,103,403,366,117,454,1157,232,394,439,4239,0.0,0.0,0.0,0.0,0.0,0.0,0.0,0.0,0.0,0.0,0.0,0.0,0.0,0.0,0.0,0.0,0.0,0.0,0.0,0.0,0.0,0.0,0.0,0.0,0.0,0.0,0.0,0.0,0.0,0.0,0.0,0.0,0.0,0.0,0.0,0.0,0.0,0.0,0.0,0.0,0.0,0.0,0.0,0.0,0.0,0.0,0.0,0.0,0.0,0.0,0.0,0.0,0.0,0.0,0.0,0.0,0.0,0.0,0.0,0.0,0.0,0.0,0.0,0.0,0.0,0.0,0.0,0.0,0.0,0.0,0.0,0.0,0.0,0.0,0.0,0.0,0.0,0.0,0.0,0.0,0.0,0.0,0.0,0.0,0.0,0.0,0.0,0.0,0.0,0.0,0.0,0.0,0.0,0.0,0.0,0.0,0.0,0.0,0.0,0.0,0.0,0.0,0.0,0.0,0.0,0.0,0.0,0.0,0.0,0.0,0.0,0.0,0.0,0.0,0.0,0.0,0.0,0.0,0.0,0.0,0.0,0.0,0.0,0.0,0.0,0.0,0.0,0.0,0.0,0.0,0.0,0.0,0.0,0.0,0.0,0.0,0.0,0.0,0.0,0.0,0.0,0.0,0.0,0.0,0.0,0.0,0.0,0.0,0.0,0.0
ENCFF000ZSW,0.06290737214892327,2002,10,171,1749,40,2973,249,20,22,11,35,102,264,427,844,1430,206,26,244,210,11,29,4,3,5,27,84,137,1691,172,12,10,19,73,56,2,73,3,0,332,566,2,29,2,1,19,215,1440,13,30,46,48,22,27,298,9,22,17,9,35,52,28,707,10,20,30,0,2295,2209,326,53,37,56,260,13,50,25,32,30,10,46,41,185,18,19,136,1,37,15,0,64,10,2,80,48,747,7088,505,4,1252,1682,106,1545,76,27,230,61,86,1,122,317,329,3,179,1461,138,1354,35,130,117,368,56,2243,56,280,121,37,143,21,9,1299,793,54,1021,452,562,1219,15,150,190,50,176,1577,23,17,5,7,1,1,89,11,47,435,210,38,190,1788,177,12,44,75,32,116,188,188,217,5,7,2,40,2,89,24,162,131,1,0,29,34,37,644,317,1934,93,1358,1495,624,1415,582,1067,12,1238,1384,481,404,1004,788,282,33,13,31,4,23,27,5,9,0,8,144,25,1614,540,751,11,8908,1585,161,1129,1263,56,25,1731,813,2610,257,1859,6,1975,3,9,28,5,7,34,9,113,96,9,24,47,18,29,15,91,39,10,7,195,134,80,126,50,14,28,25,19,19,14,24,56,218,53,11,73,95,76,618,1029,43,95,168,64,28,29,26,44,24,7,378,21,27,212,13,69,17,150,53,36,21,33,24,12,23,106,85,30,47,34,104,61,28,30,36,153,2,3,8,20,29,13,601,2,413,1,19,2,294,41,308,260,328,1,99,11,4,54,180,3341,30,89,80,43,4,103,10,3,21,558,320,112,61,2,12,10,2,4,26,50,121,32,142,29,29,68,2653,11,100,5169,28,253,30,205,76,121,16,34,199,50,46,36,19,12,8,340,41,47,35,19,47,50,1064,8,436,110,0,1158,307,0,13,213,34,2,290,28,90,9,108,47,739,162,33,39,44,26,68,23,54,24,0,38,1,87,8,0,13,23,37,36,41,2251,113,473,259,78,19,53,13,1720,8,625,82,528,54,13,145,1,1144,249,378,1855,63,757,8,10,16,39,18,47,24,54,320,37,4,22,47,0,1,196,168,0,7,15,1034,1626,1279,317,1463,181,25,3165,3761,545,1649,2713,3316,18,11,22,43,5,42,69,15,19,26,281,0.0,0.0,0.0,0.0,0.0,0.0,0.0,0.0,0.0,0.0,0.0,0.0,0.0,0.0,0.0,0.0,0.0,0.0,0.0,0.0,0.0,0.0,0.0,0.0,0.0,0.0,0.0,0.0,0.0,0.0,0.0,0.0,0.0,0.0,0.0,0.0,0.0,0.0,0.0,0.0,0.0,0.0,0.0,0.0,0.0,0.0,0.0,0.0,0.0,0.0,0.0,0.0,0.0,0.0,0.0,0.0,0.0,0.0,0.0,0.0,0.0,0.0,0.0,0.0,0.0,0.0,0.0,0.0,0.0,0.0,0.0,0.0,0.0,0.0,0.0,0.0,0.0,0.0,0.0,0.0,0.0,0.0,0.0,0.0,0.0,0.0,0.0,0.0,0.0,0.0,0.0,0.0,0.0,0.0,0.0,0.0,0.0,0.0,0.0,0.0,0.0,0.0,0.0,0.0,0.0,0.0,0.0,0.0,0.0,0.0,0.0,0.0,0.0,0.0,0.0,0.0,0.0,0.0,0.0,0.0,0.0,0.0,0.0,0.0,0.0,0.0,0.0,0.0,0.0,0.0,0.0,0.0,0.0,0.0,0.0,0.0,0.0,0.0,0.0,0.0,0.0,0.0,0.0,0.0,0.0,0.0,0.0,0.0,0.0,0.0
ENCFF319ZJP,0.05479402488641879,339882,1730,1888,132,2,7893,442,22,25,35,362,188,27,142,17,7,254,84,623,931,35,98,17,31,2,37,6953,234,75,452,116,1473,463,123,97,290,140,3,0,1490,1454,2,83,11,549,24,390,40,3486,43,41,83,66,159,15120,44,67,42,8,137,98,0,7,24,66,872,1,5248,22498,4280,46,67,8642,1081,61,77,29,59,63,10,57,59,607,30,42,230,7,58,32,148,288,2,0,129,48,18,31879,1502,5,20544,6231,133,5426,101,34,783,242,245,0,20669,9284,2066,56,1136,13658,43,1206,0,1,53,1003,1,27,63,1460,719,109,443,40,10,3877,238,5242,72,264,1590,8482,11689,642,36,71,1383,280,10,1971,1,9,12,0,262,34,61,2093,582,112,436,168,87,448,74,101,92,259,406,342,4496,15,16,4,61,0,118,47,228,259,297,0,2415,69,51,3145,1199,14976,248,5005,6089,1519,1084,2170,9650,20,4775,5045,2530,1854,6464,26457,1370,62,456,37,0,25,49,20,11,5,1,961,2,1252,964,1,4,101410,3541,1121,4814,150,135,255,4073,2006,2879,61,7990,9,6122,5,44,412,0,19,63,42,249,307,1,42,49,26,52,40,164,88,1645,20,591,301,222,896,60,12,46,32,35,16,18,344,59,595,271,22,175,166,121,226,83,9467,219,6734,122,42,32,43,55,33,147,1240,30,37,807,19,154,21,407,65,59,40,53,6,32,395,175,179,47,72,45,547,158,35,53,54,258,49,2,28,39,65,0,4158,6,3068,8,73,5,678,85,3508,1376,675,0,312,9,23,10,490,2199,234,1809,2598,170,21,203,20,11,78,1538,701,209,212,10,105,11,0,0,42,9,384,28,334,22,26,34,115,893,170,20025,270,829,49,307,7531,190,16,5381,19535,49,67,50,29,14,85,91913,73,64,68,101,47,59,3302,2,1049,684,0,23905,1368,0,38,1093,126,10,625,58,140,103,263,70,68,45,2097,30,74,23,71,40,221,12,1,463,19,217,24,8,20,1571,86,3,46,358,4,307,150,14,17,91,0,7154,813,2529,211,1649,159,19,630,3,4677,732,1010,16106,90,95,208,12,19,94,1030,57,42,80,184,57,3,1978,62,0,0,1615,513,0,1638,27,2643,4875,6949,591,3989,539,19,4958,11295,1858,4453,8913,9382,32,42,42,41,19,47,182,33,180,66,935,0.0,0.0,0.0,0.0,0.0,0.0,0.0,0.0,0.0,0.0,0.0,0.0,0.0,0.0,0.0,0.0,0.0,0.0,0.0,0.0,0.0,0.0,0.0,0.0,0.0,0.0,0.0,0.0,0.0,0.0,0.0,0.0,0.0,0.0,0.0,0.0,0.0,0.0,0.0,0.0,0.0,0.0,0.0,0.0,0.0,0.0,0.0,0.0,0.0,0.0,0.0,0.0,0.0,0.0,0.0,0.0,0.0,0.0,0.0,0.0,0.0,0.0,0.0,0.0,0.0,0.0,0.0,0.0,0.0,0.0,0.0,0.0,0.0,0.0,0.0,0.0,0.0,0.0,0.0,0.0,0.0,0.0,0.0,0.0,0.0,0.0,0.0,0.0,0.0,0.0,0.0,0.0,0.0,0.0,0.0,0.0,0.0,0.0,0.0,0.0,0.0,0.0,0.0,0.0,0.0,0.0,0.0,0.0,0.0,0.0,0.0,0.0,0.0,0.0,0.0,0.0,0.0,0.0,0.0,0.0,0.0,0.0,0.0,0.0,0.0,0.0,0.0,0.0,0.0,0.0,0.0,0.0,0.0,0.0,0.0,0.0,0.0,0.0,0.0,0.0,0.0,0.0,0.0,0.0,0.0,0.0,0.0,0.0,0.0,0.0
ENCFF000XXL,0.14208723046706764,34727,113,2161,25590,598,64654,3855,174,352,218,433,2263,3174,7119,13379,19049,2572,323,4897,4601,118,482,58,40,40,563,1039,2316,34847,2605,172,115,343,1341,1345,35,1472,27,51,5842,7552,46,424,34,21,495,4040,17641,120,364,824,985,294,174,4411,104,218,301,94,593,1036,200,11617,400,410,329,43,37646,38878,6158,829,539,966,3982,262,898,376,568,620,143,751,892,2502,313,377,2635,11,624,371,15,837,121,23,1273,1011,15761,118408,7107,88,18790,28353,1837,24094,908,466,3647,1093,1596,23,2265,6126,6008,90,3288,28687,2303,35755,587,2217,1960,6076,935,51417,1115,4807,2328,579,1825,300,134,20328,9901,742,19630,6606,9325,19478,160,3214,3108,910,2481,39996,385,285,128,82,20,34,1652,209,879,7823,3139,454,3249,26992,2501,284,894,921,773,2165,3513,3102,3514,72,107,34,752,25,1320,427,618,363,32,9,430,545,801,11002,4992,33936,1701,22357,25035,11944,30051,11207,21748,197,21280,25373,8711,6763,18179,13740,4641,635,239,897,43,379,667,148,71,43,124,3182,296,45610,9957,9988,339,140878,28720,2668,20557,20593,859,468,30012,15028,45539,3814,33494,124,32298,38,199,573,64,221,766,197,2900,1537,189,491,703,468,670,306,1886,1124,152,172,3357,2113,1442,2265,895,274,475,578,247,266,183,328,822,4260,932,314,1251,1673,1625,7497,21961,675,1797,2599,962,605,487,474,711,404,103,5195,362,653,3724,266,1190,304,3023,802,790,458,694,311,367,474,1787,1835,590,708,551,1636,1108,598,564,748,2758,15,18,313,439,595,266,10399,94,7851,19,406,58,4609,652,5554,4746,5347,21,1892,97,120,1366,2617,55326,437,1517,1646,721,51,1970,144,136,512,10811,5707,2113,1047,31,179,82,15,42,509,964,1581,471,2675,354,346,1031,35746,257,1571,84566,417,4041,705,4003,1165,1808,226,450,3316,592,714,862,296,298,189,5475,924,707,869,554,888,971,17861,48,7280,1526,15,19000,5292,41,226,4627,553,50,4802,597,1346,218,2228,889,18217,2789,471,629,896,325,854,604,1227,742,25,903,29,1490,93,21,129,336,296,609,666,17844,1723,6913,4612,1154,385,642,129,25513,120,9872,1233,8140,1004,210,1872,28,21399,4348,7625,33615,1816,13900,159,189,262,628,333,910,544,1075,5981,823,23,179,772,23,26,2721,2870,15,212,123,17046,30037,21953,5485,24793,2686,213,55327,64123,9928,30603,47249,55751,197,115,537,479,151,635,1107,179,295,481,4989,0.0,0.0,0.0,0.0,0.0,0.0,0.0,0.0,0.0,0.0,0.0,0.0,0.0,0.0,0.0,0.0,0.0,0.0,0.0,0.0,0.0,0.0,0.0,0.0,0.0,0.0,0.0,0.0,0.0,0.0,0.0,0.0,0.0,0.0,0.0,0.0,0.0,0.0,0.0,0.0,0.0,0.0,0.0,0.0,0.0,0.0,0.0,0.0,0.0,0.0,0.0,0.0,0.0,0.0,0.0,0.0,0.0,0.0,0.0,0.0,0.0,0.0,0.0,0.0,0.0,0.0,0.0,0.0,0.0,0.0,0.0,0.0,0.0,0.0,0.0,0.0,0.0,0.0,0.0,0.0,0.0,0.0,0.0,0.0,0.0,0.0,0.0,0.0,0.0,0.0,0.0,0.0,0.0,0.0,0.0,0.0,0.0,0.0,0.0,0.0,0.0,0.0,0.0,0.0,0.0,0.0,0.0,0.0,0.0,0.0,0.0,0.0,0.0,0.0,0.0,0.0,0.0,0.0,0.0,0.0,0.0,0.0,0.0,0.0,0.0,0.0,0.0,0.0,0.0,0.0,0.0,0.0,0.0,0.0,0.0,0.0,0.0,0.0,0.0,0.0,0.0,0.0,0.0,0.0,0.0,0.0,0.0,0.0,0.0,0.0
ENCFF513AFY,0.1150497308543101,69990,48,773,7758,93,44534,5687,225,214,146,571,2305,726,1313,3861,4551,1166,471,1778,5160,111,630,48,109,57,1656,3719,2100,4579,2808,128,40,361,1394,1237,6,1646,16,4,6231,6674,29,134,26,9,521,3793,3584,198,646,1013,932,103,297,4622,35,304,273,117,917,1167,31,1051,69,63,958,71,12489,25733,4737,779,453,1332,4335,19,984,374,459,597,140,779,1036,1772,272,478,2456,25,570,532,12,716,112,22,600,292,1953,94327,6635,127,19160,23323,1922,20633,1077,474,2687,983,1189,24,2924,6636,8560,97,4869,28128,437,10345,41,196,325,4061,106,11321,701,6667,2113,198,1558,123,96,20068,1386,1225,2369,1812,9429,20043,130,2777,1552,867,2354,6581,165,290,12,68,27,15,1234,283,352,10162,2709,237,2115,7464,663,225,1119,364,142,1604,3442,4342,5868,46,74,40,682,30,792,326,413,219,4,0,323,242,881,8534,4292,30222,1730,11214,18125,6954,8642,9373,15979,72,15724,19262,10144,6919,18089,12823,2245,665,318,305,15,510,794,89,28,25,65,4394,97,9871,4873,1416,174,94681,24908,2530,14797,2973,712,518,16330,10193,19634,1071,33908,77,38987,100,199,665,35,201,634,329,2784,1748,42,462,421,373,692,359,1800,975,416,127,3452,2378,1171,3298,1115,197,649,570,268,181,133,289,667,2067,497,219,825,1926,1177,2519,3424,4084,1768,3037,863,599,481,430,609,320,76,5623,418,1094,3675,261,1307,386,2720,1140,738,686,636,454,266,291,1675,1214,637,538,573,1917,1281,718,427,782,1854,36,46,278,527,613,259,12087,335,7858,45,122,102,3639,495,6599,6488,6073,18,1705,194,24,706,2377,27589,561,1409,1885,837,19,1382,43,129,1259,13298,2943,2885,1069,223,306,107,5,78,416,700,1832,676,3340,427,318,444,10259,129,1205,77401,236,4030,647,4078,4104,1361,170,262,3264,486,873,885,231,164,75,34562,1206,772,798,381,770,914,15177,37,8861,799,22,24000,5302,16,341,4451,934,94,4212,484,1961,196,2800,637,3407,424,525,448,782,445,689,596,1507,407,26,771,40,1953,145,191,60,275,411,63,218,8264,323,2557,1605,206,515,666,211,24451,239,7671,935,8224,1030,43,2018,16,23059,3850,8225,29702,529,3628,64,224,259,710,395,698,506,778,3335,671,8,92,680,17,24,2268,2231,10,183,287,17962,18844,14481,3765,20018,3016,412,29110,45678,6784,18912,38458,47441,58,42,448,393,222,601,539,318,217,547,6070,0.0,0.0,0.0,0.0,0.0,0.0,0.0,0.0,0.0,0.0,0.0,0.0,0.0,0.0,0.0,0.0,0.0,0.0,0.0,0.0,0.0,0.0,0.0,0.0,0.0,0.0,0.0,0.0,0.0,0.0,0.0,0.0,0.0,0.0,0.0,0.0,0.0,0.0,0.0,0.0,0.0,0.0,0.0,0.0,0.0,0.0,0.0,0.0,0.0,0.0,0.0,0.0,0.0,0.0,0.0,0.0,0.0,0.0,0.0,0.0,0.0,0.0,0.0,0.0,0.0,0.0,0.0,0.0,0.0,0.0,0.0,0.0,0.0,0.0,0.0,0.0,0.0,0.0,0.0,0.0,0.0,0.0,0.0,0.0,0.0,0.0,0.0,0.0,0.0,0.0,0.0,0.0,0.0,0.0,0.0,0.0,0.0,0.0,0.0,0.0,0.0,0.0,0.0,0.0,0.0,0.0,0.0,0.0,0.0,0.0,0.0,0.0,0.0,0.0,0.0,0.0,0.0,0.0,0.0,0.0,0.0,0.0,0.0,0.0,0.0,0.0,0.0,0.0,0.0,0.0,0.0,0.0,0.0,0.0,0.0,0.0,0.0,0.0,0.0,0.0,0.0,0.0,0.0,0.0,0.0,0.0,0.0,0.0,0.0,0.0
ENCFF000YDH,0.053287990561662606,2408,23,274,3467,57,5470,419,31,31,18,45,179,312,655,1737,1933,246,32,364,412,14,47,3,2,0,61,43,261,2641,225,28,11,37,140,123,2,124,2,1,586,791,7,42,3,7,27,389,2363,6,54,83,91,28,26,485,11,26,26,10,55,97,37,1258,20,19,15,4,3934,3631,530,61,44,77,476,8,87,52,65,59,17,87,79,266,39,45,253,1,55,35,0,103,7,3,71,102,1552,11988,733,13,1928,2845,181,2442,82,51,349,107,113,2,193,539,562,6,410,2228,225,2177,46,202,181,599,88,3397,116,449,207,52,211,24,12,2266,924,38,2368,689,860,1860,10,317,213,96,250,4394,40,17,6,20,2,1,142,24,42,718,337,38,297,3458,327,23,71,68,55,213,281,270,364,2,12,1,62,6,165,56,220,161,0,0,40,53,72,1074,507,3077,162,1978,2412,1021,2913,976,1947,18,1953,2272,820,665,1701,1369,482,56,10,55,3,42,54,8,11,2,1,258,16,3127,995,804,8,16818,2686,243,2038,2059,58,48,2907,1321,4552,392,2835,12,3038,7,22,59,21,19,51,15,257,119,5,54,88,41,53,35,163,104,23,17,300,226,125,206,96,24,56,51,34,33,20,51,105,350,89,24,132,172,148,1183,2689,40,156,252,112,55,41,44,78,39,8,515,38,56,356,22,117,33,277,97,68,55,73,30,40,33,197,179,61,80,59,148,114,51,56,64,283,4,3,32,39,37,13,999,9,625,1,38,13,436,51,484,464,459,1,161,9,16,85,270,5849,50,121,169,61,3,173,8,8,49,975,412,203,80,2,11,12,1,3,33,48,169,32,260,43,29,142,4650,38,170,8572,48,361,78,365,65,169,16,24,298,63,62,81,43,36,12,244,82,67,69,17,91,87,1718,3,742,188,1,1955,507,2,20,432,38,5,469,57,151,15,223,106,1935,287,37,67,70,36,80,56,96,30,3,90,3,155,19,2,12,35,18,56,56,2725,163,845,465,145,32,65,8,2575,10,989,139,878,109,20,174,1,1846,377,631,2786,245,1579,20,10,24,49,37,93,53,122,515,75,1,18,78,2,1,280,304,0,8,17,1575,2780,2203,579,2475,302,38,5055,6273,911,2867,4712,5525,18,25,52,55,22,68,83,18,37,43,485,0.0,0.0,0.0,0.0,0.0,0.0,0.0,0.0,0.0,0.0,0.0,0.0,0.0,0.0,0.0,0.0,0.0,0.0,0.0,0.0,0.0,0.0,0.0,0.0,0.0,0.0,0.0,0.0,0.0,0.0,0.0,0.0,0.0,0.0,0.0,0.0,0.0,0.0,0.0,0.0,0.0,0.0,0.0,0.0,0.0,0.0,0.0,0.0,0.0,0.0,0.0,0.0,0.0,0.0,0.0,0.0,0.0,0.0,0.0,0.0,0.0,0.0,0.0,0.0,0.0,0.0,0.0,0.0,0.0,0.0,0.0,0.0,0.0,0.0,0.0,0.0,0.0,0.0,0.0,0.0,0.0,0.0,0.0,0.0,0.0,0.0,0.0,0.0,0.0,0.0,0.0,0.0,0.0,0.0,0.0,0.0,0.0,0.0,0.0,0.0,0.0,0.0,0.0,0.0,0.0,0.0,0.0,0.0,0.0,0.0,0.0,0.0,0.0,0.0,0.0,0.0,0.0,0.0,0.0,0.0,0.0,0.0,0.0,0.0,0.0,0.0,0.0,0.0,0.0,0.0,0.0,0.0,0.0,0.0,0.0,0.0,0.0,0.0,0.0,0.0,0.0,0.0,0.0,0.0,0.0,0.0,0.0,0.0,0.0,0.0
ENCFF483EKF,0.17664794562480038,51250,362,7507,54269,1945,142209,8163,469,894,399,817,5935,9934,19080,31160,51504,6402,789,7956,10539,198,767,180,71,81,1264,160,5326,31774,4560,448,273,660,2941,2642,55,2671,53,13,11871,14745,108,1082,84,91,689,8943,34766,64,793,1581,2426,629,676,7647,228,432,754,209,1060,2735,949,21064,2029,899,113,84,79522,74500,8603,1729,1227,1415,6082,174,1955,865,1395,1474,389,1586,1811,5248,615,851,6189,31,1471,757,63,1824,330,30,1931,2305,26078,258478,16719,231,43463,60106,3784,52180,1736,1052,6765,2228,2347,21,3978,10237,10325,195,7072,40354,5787,43846,1438,6839,5976,15518,3274,61049,2423,9311,4964,1444,3627,486,197,39867,27495,206,38581,17435,13635,35750,67,8408,3125,1883,4714,70401,629,267,203,160,69,113,2840,351,751,18526,6524,1093,6356,57579,5691,542,1838,1340,1243,4071,7288,6195,6623,215,289,95,1587,51,3094,1055,1792,157,31,8,859,1197,1550,22106,9967,62762,3833,49022,49646,23128,45482,21501,47424,465,42816,52076,15097,14114,34313,26682,9477,1644,72,1089,84,720,1431,290,179,32,123,6330,563,57865,20442,23396,290,302076,57265,5134,44205,41148,1275,967,65409,31473,97680,10764,64834,575,59624,75,466,1119,389,503,1653,286,5793,2557,47,1084,1542,1008,1540,637,3877,2252,370,383,6899,4042,2759,3503,1786,532,931,1248,563,620,442,810,1810,9514,2525,669,2824,3600,3575,19108,44161,288,3198,4307,2154,1358,1018,1143,1553,931,188,10317,755,1203,6738,679,2286,551,6184,1769,1605,1019,1555,309,716,965,3794,4231,1305,1519,1070,3279,2204,991,1394,1456,6905,38,52,681,1055,593,399,18516,77,13723,28,830,65,7903,942,9708,10425,10408,23,3901,237,357,1936,4535,110899,744,2881,3197,1445,54,5299,183,174,732,23620,9106,5212,1516,27,280,220,25,128,1205,1549,3426,876,6727,845,705,2538,69236,548,3806,200523,960,7027,1628,7677,397,4369,461,87,5143,1324,1634,1709,599,628,317,1273,1845,1519,1682,741,1766,1965,35613,257,14353,3804,51,35132,9681,29,268,9141,919,150,9838,1361,1539,397,4675,1818,32101,6546,997,1321,1761,700,1533,1439,1598,1045,18,1726,69,2768,235,33,223,607,245,1538,1237,54207,5660,18100,12065,2997,907,1336,143,48121,142,21523,2772,17456,1788,1014,4188,95,47656,9531,15472,67770,5615,31518,372,351,560,1365,713,1852,1344,2451,10226,1619,63,196,1679,30,46,5415,4723,24,149,357,35606,72155,48976,13293,54328,6002,1301,110159,148818,22636,73120,103519,123864,340,317,1242,1163,310,1448,1644,494,694,959,10411,0.0,0.0,0.0,0.0,0.0,0.0,0.0,0.0,0.0,0.0,0.0,0.0,0.0,0.0,0.0,0.0,0.0,0.0,0.0,0.0,0.0,0.0,0.0,0.0,0.0,0.0,0.0,0.0,0.0,0.0,0.0,0.0,0.0,0.0,0.0,0.0,0.0,0.0,0.0,0.0,0.0,0.0,0.0,0.0,0.0,0.0,0.0,0.0,0.0,0.0,0.0,0.0,0.0,0.0,0.0,0.0,0.0,0.0,0.0,0.0,0.0,0.0,0.0,0.0,0.0,0.0,0.0,0.0,0.0,0.0,0.0,0.0,0.0,0.0,0.0,0.0,0.0,0.0,0.0,0.0,0.0,0.0,0.0,0.0,0.0,0.0,0.0,0.0,0.0,0.0,0.0,0.0,0.0,0.0,0.0,0.0,0.0,0.0,0.0,0.0,0.0,0.0,0.0,0.0,0.0,0.0,0.0,0.0,0.0,0.0,0.0,0.0,0.0,0.0,0.0,0.0,0.0,0.0,0.0,0.0,0.0,0.0,0.0,0.0,0.0,0.0,0.0,0.0,0.0,0.0,0.0,0.0,0.0,0.0,0.0,0.0,0.0,0.0,0.0,0.0,0.0,0.0,0.0,0.0,0.0,0.0,0.0,0.0,0.0,0.0
ENCFF000BTS,0.057043328558795986,9167,60,1477,13067,509,50065,1564,90,265,69,153,946,2956,5420,5933,16884,1878,114,1380,1602,71,194,28,6,4,198,26,940,9398,908,82,64,105,790,465,5,502,11,8,2328,5240,40,253,21,8,146,1389,7584,2,152,269,360,147,122,4819,42,75,133,37,208,421,225,5651,287,273,19,16,19113,19828,4798,230,191,308,2649,46,326,140,216,297,66,304,297,2763,177,155,944,1,206,119,12,389,50,3,1026,473,7396,56937,3472,26,10609,15351,666,15713,1887,166,1958,539,318,7,1326,3591,2501,17,1900,10560,1711,16436,461,1918,1318,2895,809,21972,541,1700,681,211,993,101,26,10259,9814,22,8242,4460,5027,9920,4,1328,877,333,1056,18558,100,60,38,37,15,27,561,114,164,2952,1369,196,1145,12977,1452,81,267,311,409,989,1235,1244,3918,17,61,5,246,2,521,205,3242,6886,5,4,127,190,239,8001,1899,15190,736,12542,12693,4243,12181,4798,10150,102,10383,11458,5201,2758,9524,5215,1979,266,4,212,39,133,233,81,30,2,3,1106,180,13649,4678,7685,23,81621,13101,1084,9178,12066,258,1562,13719,5206,21311,3347,11136,66,11487,28,105,203,68,80,236,49,1619,1511,13,197,239,165,251,145,692,386,1204,87,1251,1110,533,1462,319,86,167,196,93,105,64,1346,355,1716,472,107,1055,788,577,4634,14850,39,630,3857,387,199,169,146,251,161,1159,2548,139,218,3101,86,460,132,1506,309,282,153,250,203,139,119,685,689,222,319,190,2335,427,206,236,249,1084,5,14,110,133,182,59,4655,38,3122,6,203,25,1701,307,2251,1867,2382,6,653,35,87,406,1303,31945,156,493,1915,311,15,736,57,153,186,5844,2047,763,332,12,41,41,8,26,220,258,778,142,1259,172,150,654,19799,113,637,45574,130,3823,237,1324,83,687,82,4,1108,219,208,235,171,135,48,195,312,227,285,102,310,338,7682,29,3009,771,4,12203,2393,26,55,2248,80,25,1726,221,349,82,1045,293,7087,1390,154,251,291,141,278,182,962,153,1,323,15,600,27,14,47,98,15,544,227,13800,1639,3602,2997,813,259,501,16,15608,16,3945,532,4881,309,85,775,3,8433,3600,2616,13606,1432,6367,55,37,142,199,108,274,194,836,1884,221,25,67,309,3,14,1568,1099,2,22,167,6427,14344,11985,2103,9981,1596,130,26247,31880,5599,13949,24410,27198,142,60,228,198,76,191,531,108,134,142,1686,0.0,0.0,0.0,0.0,0.0,0.0,0.0,0.0,0.0,0.0,0.0,0.0,0.0,0.0,0.0,0.0,0.0,0.0,0.0,0.0,0.0,0.0,0.0,0.0,0.0,0.0,0.0,0.0,0.0,0.0,0.0,0.0,0.0,0.0,0.0,0.0,0.0,0.0,0.0,0.0,0.0,0.0,0.0,0.0,0.0,0.0,0.0,0.0,0.0,0.0,0.0,0.0,0.0,0.0,0.0,0.0,0.0,0.0,0.0,0.0,0.0,0.0,0.0,0.0,0.0,0.0,0.0,0.0,0.0,0.0,0.0,0.0,0.0,0.0,0.0,0.0,0.0,0.0,0.0,0.0,0.0,0.0,0.0,0.0,0.0,0.0,0.0,0.0,0.0,0.0,0.0,0.0,0.0,0.0,0.0,0.0,0.0,0.0,0.0,0.0,0.0,0.0,0.0,0.0,0.0,0.0,0.0,0.0,0.0,0.0,0.0,0.0,0.0,0.0,0.0,0.0,0.0,0.0,0.0,0.0,0.0,0.0,0.0,0.0,0.0,0.0,0.0,0.0,0.0,0.0,0.0,0.0,0.0,0.0,0.0,0.0,0.0,0.0,0.0,0.0,0.0,0.0,0.0,0.0,0.0,0.0,0.0,0.0,0.0,0.0
ENCFF000NXT,0.14295463447290216,110033,203,6809,29363,634,91095,14297,465,890,599,1862,6068,4955,9873,17777,29795,5391,932,7772,10878,465,1794,205,296,235,1554,4868,4850,31129,9691,575,459,821,2504,2306,134,3364,84,141,14911,24227,113,1416,90,70,1164,9745,19744,607,960,1371,1871,1115,916,17761,444,799,881,437,1872,3535,328,8898,393,686,1331,564,62469,82604,17145,1483,991,2684,24882,686,1687,736,1045,1233,282,1351,1633,8232,667,652,5155,44,1200,723,56,3291,8176,145,2682,1434,11811,324365,20745,189,57141,79116,3992,68699,1580,873,12307,3605,3483,55,6662,16680,15759,289,8224,76747,3022,39601,516,2053,2223,16856,841,39225,1740,12016,6265,1796,6501,1213,320,92377,14978,5284,22606,9140,57891,64785,1017,7519,3405,1593,7837,36022,555,1122,131,343,146,76,5024,1028,2145,19201,10504,1735,7771,31877,3786,1082,1628,2588,2197,5063,8666,7675,14808,196,285,201,1297,103,2593,815,1982,546,107,2,905,1804,1432,32022,14859,88640,3636,48324,57737,23621,37488,23125,45714,461,54330,62713,22894,19873,46334,37917,9610,1486,1142,1050,144,667,1182,498,247,104,187,7712,478,43622,15499,13184,683,306851,60287,6487,50670,20091,2791,1219,66120,27197,69073,4060,92576,271,96081,267,758,2189,1044,407,1246,452,6074,4823,90,913,1279,778,1211,620,3725,2088,887,523,7960,5754,4052,7051,1630,391,922,930,453,528,386,1410,1456,8493,1816,556,3305,3705,3202,10925,21014,3155,3674,7546,1966,1031,872,852,1296,653,560,15888,759,1099,11371,506,2622,576,7372,1406,1310,747,1204,973,654,1032,3521,3371,1028,1223,1019,5467,2378,1147,1036,1267,5836,69,69,601,846,1420,709,33537,418,22810,88,1110,367,13890,2216,16416,12625,12580,98,5657,332,471,1676,10327,73856,1714,4257,3849,2290,281,4095,586,958,1591,24619,9445,8689,3202,164,623,245,25,134,894,1899,5598,790,7641,743,735,1755,44392,806,3154,255371,799,12404,1351,8278,5454,3931,428,2354,11265,1058,1404,1485,561,586,570,26651,1717,1227,1430,675,1562,1809,51677,332,18872,4667,63,59646,28721,36,631,11449,1561,206,11630,1041,3605,784,4822,1530,19092,3332,1732,1134,1585,647,1864,1149,3356,1094,95,2688,131,3450,217,148,553,1266,759,802,1044,31161,1909,10071,5973,1333,665,1895,535,91325,477,33100,3218,28015,3065,709,6264,173,55903,10724,18948,84536,2469,17467,406,434,473,1487,635,1548,920,2267,10891,1374,60,805,1395,92,124,9500,9712,40,992,534,50619,71712,51712,12472,70904,8235,718,105646,171247,22326,72538,123788,155139,526,377,935,919,321,1087,3395,901,1435,1405,12444,0.0,0.0,0.0,0.0,0.0,0.0,0.0,0.0,0.0,0.0,0.0,0.0,0.0,0.0,0.0,0.0,0.0,0.0,0.0,0.0,0.0,0.0,0.0,0.0,0.0,0.0,0.0,0.0,0.0,0.0,0.0,0.0,0.0,0.0,0.0,0.0,0.0,0.0,0.0,0.0,0.0,0.0,0.0,0.0,0.0,0.0,0.0,0.0,0.0,0.0,0.0,0.0,0.0,0.0,0.0,0.0,0.0,0.0,0.0,0.0,0.0,0.0,0.0,0.0,0.0,0.0,0.0,0.0,0.0,0.0,0.0,0.0,0.0,0.0,0.0,0.0,0.0,0.0,0.0,0.0,0.0,0.0,0.0,0.0,0.0,0.0,0.0,0.0,0.0,0.0,0.0,0.0,0.0,0.0,0.0,0.0,0.0,0.0,0.0,0.0,0.0,0.0,0.0,0.0,0.0,0.0,0.0,0.0,0.0,0.0,0.0,0.0,0.0,0.0,0.0,0.0,0.0,0.0,0.0,0.0,0.0,0.0,0.0,0.0,0.0,0.0,0.0,0.0,0.0,0.0,0.0,0.0,0.0,0.0,0.0,0.0,0.0,0.0,0.0,0.0,0.0,0.0,0.0,0.0,0.0,0.0,0.0,0.0,0.0,0.0
ENCFF000ZRQ,0.04860379842889203,1460,7,116,976,14,1634,142,16,16,7,45,57,135,256,497,707,102,10,145,118,5,13,1,2,2,12,84,77,1019,89,13,5,6,61,47,3,49,1,1,165,289,1,9,2,1,11,124,901,6,17,33,29,5,15,166,3,11,2,6,20,30,21,400,7,13,27,46,1291,1212,181,27,15,42,135,6,22,11,22,22,7,21,18,110,23,15,61,1,19,16,0,26,5,3,38,36,424,4028,271,4,732,911,44,868,93,14,110,27,37,0,57,184,160,1,120,749,72,825,9,68,58,222,22,1216,34,147,58,20,66,7,3,687,446,51,568,229,299,639,19,99,108,27,84,835,7,20,3,2,1,1,45,9,29,215,123,7,99,999,115,15,25,45,39,74,109,102,206,3,7,0,19,1,46,16,233,169,2,1,9,19,20,390,180,1102,45,808,848,362,879,289,616,13,651,747,246,213,582,440,169,25,15,32,1,8,16,0,0,1,2,95,6,932,315,363,4,5373,1140,102,640,732,23,270,926,606,1588,142,951,5,1047,0,7,35,167,10,15,1,117,56,3,16,17,17,33,18,58,18,6,4,106,63,36,104,33,3,14,18,7,8,9,23,23,114,27,11,44,68,38,379,668,56,53,84,34,13,6,18,24,13,12,193,8,14,132,6,40,11,102,32,18,19,18,16,15,10,75,47,15,24,23,60,45,14,29,19,70,0,1,10,10,18,6,376,4,261,2,11,1,152,15,169,127,155,2,60,3,3,27,108,2107,18,33,56,18,2,53,1,5,18,355,220,52,34,0,2,2,0,2,13,30,45,16,98,9,9,36,1452,15,45,3051,12,161,27,112,66,54,11,33,145,19,22,28,14,8,10,355,25,20,28,10,23,33,603,1,254,59,2,676,175,0,4,139,18,1,139,19,47,4,82,30,387,90,13,21,20,8,37,23,19,9,0,19,0,45,2,0,2,18,16,20,25,1254,58,307,165,45,12,15,7,1111,9,348,47,317,34,12,65,0,667,146,226,965,41,502,4,7,9,23,11,22,13,31,181,18,0,12,32,1,0,138,88,0,12,3,598,989,749,178,818,113,16,1751,2286,632,1093,1657,1977,10,8,26,23,9,19,59,7,7,13,137,0.0,0.0,0.0,0.0,0.0,0.0,0.0,0.0,0.0,0.0,0.0,0.0,0.0,0.0,0.0,0.0,0.0,0.0,0.0,0.0,0.0,0.0,0.0,0.0,0.0,0.0,0.0,0.0,0.0,0.0,0.0,0.0,0.0,0.0,0.0,0.0,0.0,0.0,0.0,0.0,0.0,0.0,0.0,0.0,0.0,0.0,0.0,0.0,0.0,0.0,0.0,0.0,0.0,0.0,0.0,0.0,0.0,0.0,0.0,0.0,0.0,0.0,0.0,0.0,0.0,0.0,0.0,0.0,0.0,0.0,0.0,0.0,0.0,0.0,0.0,0.0,0.0,0.0,0.0,0.0,0.0,0.0,0.0,0.0,0.0,0.0,0.0,0.0,0.0,0.0,0.0,0.0,0.0,0.0,0.0,0.0,0.0,0.0,0.0,0.0,0.0,0.0,0.0,0.0,0.0,0.0,0.0,0.0,0.0,0.0,0.0,0.0,0.0,0.0,0.0,0.0,0.0,0.0,0.0,0.0,0.0,0.0,0.0,0.0,0.0,0.0,0.0,0.0,0.0,0.0,0.0,0.0,0.0,0.0,0.0,0.0,0.0,0.0,0.0,0.0,0.0,0.0,0.0,0.0,0.0,0.0,0.0,0.0,0.0,0.0
ENCFF582HLF,0.15155054389327,29606,270,2290,11663,128,29875,5143,65,178,330,604,1366,723,2612,5293,3161,2004,479,3564,5001,191,937,40,63,86,355,328,1551,16221,3913,284,194,355,849,838,12,1998,31,21,7088,12713,27,582,9,148,729,3875,7658,15,847,277,321,542,380,8405,141,415,322,296,839,611,115,5531,619,855,55,23,35613,43783,10560,439,163,638,8068,262,665,118,199,254,63,230,766,3952,128,132,1544,15,175,136,19,1845,155,52,1261,484,7691,164201,12622,93,34190,43331,1581,38313,815,152,6317,1793,1956,6,3427,7976,8130,156,3220,40536,941,16961,146,552,813,8197,204,17144,724,6449,3094,908,3093,398,113,38504,4006,487,6842,2611,17860,33784,17,2559,1296,505,2928,19353,606,224,40,94,14,37,2764,442,498,9037,6114,614,4148,12208,1249,474,537,2915,2300,2967,4659,4254,7317,19,174,67,245,67,588,170,2473,1882,16,16,148,598,542,18095,8506,45128,1727,21923,32477,11702,20194,10341,18242,291,27633,30944,11342,11180,24129,22332,6387,716,123,813,72,120,210,288,38,137,532,3899,50,23668,7772,1367,727,225131,32737,4315,30635,9091,1419,605,38056,15648,35549,765,57221,165,58275,21,259,760,20,83,438,135,1874,2192,25,194,268,176,243,119,1672,908,193,185,3296,2518,1358,4002,253,69,149,178,95,83,39,680,262,4362,384,94,1252,1593,1013,5339,37641,313,1414,3635,778,373,298,130,228,143,177,9706,99,224,5635,85,1155,86,3001,273,349,131,271,157,162,236,856,777,206,223,169,2155,915,237,182,226,1427,13,15,86,172,695,39,17104,150,11166,0,658,49,6586,1083,8689,5783,5656,39,2721,29,166,1595,4408,38552,890,2595,1733,1074,16,1545,468,619,1122,8886,3942,1140,1917,123,149,73,9,39,197,1371,2588,465,3249,165,98,773,13772,129,936,133687,478,7022,337,2677,781,1238,77,57,3515,176,538,729,130,88,267,1765,670,331,724,198,488,739,25924,49,8312,2328,58,30959,8922,13,455,5599,1176,51,4416,206,1845,422,2270,444,7481,1903,438,231,655,99,552,220,1784,444,54,998,66,1268,224,24,288,450,941,170,690,8339,436,3747,2479,320,555,1007,317,41922,49,14179,945,15576,2141,108,2898,15,24872,4948,7143,37070,4235,8315,66,335,81,256,206,538,198,467,5531,540,10,286,247,78,75,5476,5889,36,84,201,31748,35339,21014,5714,38791,5010,335,61716,87048,9974,35589,65167,84285,279,210,199,168,58,233,1584,378,527,756,5535,0.0,0.0,0.0,0.0,0.0,0.0,0.0,0.0,0.0,0.0,0.0,0.0,0.0,0.0,0.0,0.0,0.0,0.0,0.0,0.0,0.0,0.0,0.0,0.0,0.0,0.0,0.0,0.0,0.0,0.0,0.0,0.0,0.0,0.0,0.0,0.0,0.0,0.0,0.0,0.0,0.0,0.0,0.0,0.0,0.0,0.0,0.0,0.0,0.0,0.0,0.0,0.0,0.0,0.0,0.0,0.0,0.0,0.0,0.0,0.0,0.0,0.0,0.0,0.0,0.0,0.0,0.0,0.0,0.0,0.0,0.0,0.0,0.0,0.0,0.0,0.0,0.0,0.0,0.0,0.0,0.0,0.0,0.0,0.0,0.0,0.0,0.0,0.0,0.0,0.0,0.0,0.0,0.0,0.0,0.0,0.0,0.0,0.0,0.0,0.0,0.0,0.0,0.0,0.0,0.0,0.0,0.0,0.0,0.0,0.0,0.0,0.0,0.0,0.0,0.0,0.0,0.0,0.0,0.0,0.0,0.0,0.0,0.0,0.0,0.0,0.0,0.0,0.0,0.0,0.0,0.0,0.0,0.0,0.0,0.0,0.0,0.0,0.0,0.0,0.0,0.0,0.0,0.0,0.0,0.0,0.0,0.0,0.0,0.0,0.0
ENCFF000ZRF,0.06949596093496502,3210,17,333,2238,48,3696,380,33,37,22,36,182,334,660,1089,1456,350,27,322,350,18,50,9,3,4,47,132,195,2070,281,22,14,30,130,107,4,123,3,4,568,855,4,54,2,0,47,381,1912,20,48,53,70,20,35,558,17,28,46,13,57,85,50,1001,18,88,48,4,3330,3867,682,55,37,105,518,13,76,38,53,64,16,69,69,290,28,42,198,0,51,36,3,104,16,0,98,90,1014,12074,866,5,2274,3016,152,2718,72,36,386,118,126,0,235,603,535,5,349,2408,213,1821,55,166,165,590,67,2621,101,463,174,87,219,30,16,2425,959,79,1153,634,1178,2155,24,279,182,65,280,1875,37,31,10,15,5,0,139,20,38,691,331,54,312,2357,255,28,70,67,64,242,401,301,473,10,16,4,58,3,128,46,257,501,5,0,30,67,55,1200,529,3408,164,2156,2325,983,2121,930,1892,22,2000,2332,885,652,1808,1432,459,92,28,56,2,34,54,23,10,3,7,296,24,2143,936,824,10,14169,2472,255,1974,1794,103,51,2720,1301,4079,329,3181,13,3315,9,30,53,13,21,41,24,248,168,0,46,72,31,40,32,142,96,42,19,294,238,129,265,80,23,36,31,21,40,17,50,72,399,86,37,164,197,120,880,1378,71,164,323,86,51,37,37,63,44,32,654,28,55,408,23,122,29,321,78,53,35,63,22,33,41,156,144,50,47,38,166,85,43,56,55,243,2,6,29,41,77,15,1110,3,782,0,43,9,461,62,538,415,563,2,180,9,15,76,269,4313,45,171,180,99,9,166,12,15,35,925,385,220,101,1,9,11,1,3,41,72,216,40,307,35,28,101,3202,38,149,9200,35,450,55,318,118,162,18,60,330,48,56,49,34,27,13,541,61,63,62,32,69,56,1880,7,782,194,2,2227,547,2,19,480,56,8,507,52,148,24,176,78,874,253,42,69,67,29,76,39,129,33,0,75,1,147,10,1,14,33,28,42,67,2717,136,699,403,94,37,64,16,2979,8,986,145,964,87,18,232,2,1992,407,670,3161,130,950,15,7,25,77,32,71,40,102,441,58,4,18,77,1,1,297,314,2,16,17,1830,2798,2148,455,2464,335,46,4790,6253,1041,2769,4770,5676,24,15,54,64,18,47,113,22,34,41,418,0.0,0.0,0.0,0.0,0.0,0.0,0.0,0.0,0.0,0.0,0.0,0.0,0.0,0.0,0.0,0.0,0.0,0.0,0.0,0.0,0.0,0.0,0.0,0.0,0.0,0.0,0.0,0.0,0.0,0.0,0.0,0.0,0.0,0.0,0.0,0.0,0.0,0.0,0.0,0.0,0.0,0.0,0.0,0.0,0.0,0.0,0.0,0.0,0.0,0.0,0.0,0.0,0.0,0.0,0.0,0.0,0.0,0.0,0.0,0.0,0.0,0.0,0.0,0.0,0.0,0.0,0.0,0.0,0.0,0.0,0.0,0.0,0.0,0.0,0.0,0.0,0.0,0.0,0.0,0.0,0.0,0.0,0.0,0.0,0.0,0.0,0.0,0.0,0.0,0.0,0.0,0.0,0.0,0.0,0.0,0.0,0.0,0.0,0.0,0.0,0.0,0.0,0.0,0.0,0.0,0.0,0.0,0.0,0.0,0.0,0.0,0.0,0.0,0.0,0.0,0.0,0.0,0.0,0.0,0.0,0.0,0.0,0.0,0.0,0.0,0.0,0.0,0.0,0.0,0.0,0.0,0.0,0.0,0.0,0.0,0.0,0.0,0.0,0.0,0.0,0.0,0.0,0.0,0.0,0.0,0.0,0.0,0.0,0.0,0.0
ENCFF898WVK,0.08452689825058504,28239,78,972,10305,105,32006,2997,118,96,371,304,1310,715,1864,5041,5931,1205,543,1525,2585,164,637,28,30,24,542,1244,1298,6705,2412,124,49,276,714,681,11,988,9,0,4204,8035,43,302,52,15,358,2814,6146,105,641,400,504,273,701,9954,30,309,65,40,561,737,265,3259,850,84,369,56,16207,22199,7040,401,264,857,7637,156,480,197,271,281,79,437,459,2300,178,285,1558,15,335,262,3,754,100,11,490,348,6782,89394,6416,47,18405,23515,925,20049,438,225,3730,863,756,11,3109,5004,5166,51,2439,29329,393,12183,30,215,373,4002,105,15436,441,3321,1351,744,1680,159,25,28879,2086,538,7049,1904,25361,22234,43,1756,1668,438,1902,12761,153,146,23,62,13,14,1615,348,222,5150,2932,231,1720,10133,771,360,490,431,349,1435,2063,2103,7558,41,121,25,404,5,475,239,730,2373,4,9,151,339,443,10785,4503,26649,1281,11052,18138,5458,11110,8328,12142,107,17081,19823,8046,6104,14932,11328,2114,488,129,226,28,273,461,77,15,6,18,2245,26,12220,3966,1829,117,111708,17196,2459,14653,6209,858,236,17613,6937,19508,557,34011,32,27902,41,172,446,28,117,353,139,2743,2416,101,298,286,197,354,189,990,570,1230,146,2848,2325,852,6682,633,111,284,310,182,145,101,723,529,2042,342,130,718,1128,742,3916,18690,988,1089,4350,626,274,226,248,389,192,656,7418,200,559,3881,111,889,191,2318,494,429,288,340,1813,188,309,1004,774,299,343,335,1770,854,396,266,467,1621,13,24,161,271,513,116,12969,47,7909,33,148,69,3709,623,6606,3202,3994,9,1660,31,27,482,2476,26089,531,1166,2309,781,35,879,60,186,1370,6978,2451,1848,999,20,98,22,5,13,224,344,1192,241,1500,277,190,963,15716,106,689,72578,158,3926,384,2518,1481,966,141,238,2278,263,389,408,149,119,184,7133,578,358,461,190,449,430,14273,10,7278,880,23,24087,6076,49,290,2647,563,7,3457,291,1782,122,1884,404,5523,704,355,256,419,238,431,306,1696,196,23,761,39,1224,1489,27,72,174,120,57,210,7122,227,2561,1267,205,491,325,41,46239,56,7116,556,9225,946,45,1791,8,13687,2255,4388,21228,1026,5979,60,64,126,357,179,369,298,898,1705,402,4,122,441,10,8,2627,2904,3,124,203,16369,18615,13730,3287,18625,2608,205,32019,48122,5428,17978,38244,43301,88,69,259,257,120,321,1125,278,804,344,3128,0.0,0.0,0.0,0.0,0.0,0.0,0.0,0.0,0.0,0.0,0.0,0.0,0.0,0.0,0.0,0.0,0.0,0.0,0.0,0.0,0.0,0.0,0.0,0.0,0.0,0.0,0.0,0.0,0.0,0.0,0.0,0.0,0.0,0.0,0.0,0.0,0.0,0.0,0.0,0.0,0.0,0.0,0.0,0.0,0.0,0.0,0.0,0.0,0.0,0.0,0.0,0.0,0.0,0.0,0.0,0.0,0.0,0.0,0.0,0.0,0.0,0.0,0.0,0.0,0.0,0.0,0.0,0.0,0.0,0.0,0.0,0.0,0.0,0.0,0.0,0.0,0.0,0.0,0.0,0.0,0.0,0.0,0.0,0.0,0.0,0.0,0.0,0.0,0.0,0.0,0.0,0.0,0.0,0.0,0.0,0.0,0.0,0.0,0.0,0.0,0.0,0.0,0.0,0.0,0.0,0.0,0.0,0.0,0.0,0.0,0.0,0.0,0.0,0.0,0.0,0.0,0.0,0.0,0.0,0.0,0.0,0.0,0.0,0.0,0.0,0.0,0.0,0.0,0.0,0.0,0.0,0.0,0.0,0.0,0.0,0.0,0.0,0.0,0.0,0.0,0.0,0.0,0.0,0.0,0.0,0.0,0.0,0.0,0.0,0.0
ENCFF996HWZ,0.14554362916591831,36246,249,2124,55666,466,104836,8032,398,203,211,567,3861,1596,6435,19508,22145,1801,647,5963,4562,95,639,57,69,100,1452,1377,3894,31954,3197,168,68,485,2658,2477,34,2631,30,5,7297,8995,78,357,51,57,839,6959,32453,115,645,1609,1903,272,212,4298,114,356,211,200,657,1867,1048,17255,613,505,456,69,49853,41131,4425,1653,958,2016,4045,169,1917,865,1014,1234,353,1557,1704,2696,571,988,4620,31,1173,967,17,943,238,45,1568,1345,32771,142386,8104,192,21366,32991,3401,28022,1688,926,3610,1309,1522,35,2768,5684,6158,313,4651,27764,1789,35338,171,954,1344,6236,396,56547,1741,5065,2055,368,1784,251,45,22604,6405,639,33063,7043,8215,22047,64,4706,5950,1606,2931,55746,712,244,115,70,36,31,1786,320,328,8616,3101,300,4338,53766,3614,247,1795,1095,820,2495,3720,3413,4587,28,118,51,1505,33,1828,845,1429,1016,15,18,635,508,1564,10447,5299,35177,2752,22641,31919,13754,34655,14558,27174,253,22760,28909,8189,7624,23822,16444,5630,1011,162,1009,43,913,1583,135,41,37,116,3662,116,51515,11637,7980,438,209591,39226,4252,25097,29461,978,480,36611,19442,65239,2399,33898,116,31789,16,261,686,29,401,1257,227,4889,2421,24,1025,1034,864,1440,642,3423,1911,137,200,5846,3471,1875,2490,2223,555,1090,1125,620,413,313,257,1690,5408,1292,493,1434,3121,2524,14995,97662,1112,3056,2714,1512,1189,927,894,1309,728,55,8027,709,1909,4716,439,1929,717,3679,1865,1435,980,1359,166,617,597,3289,2686,1136,1257,1171,2354,2112,1434,962,1570,4096,17,38,584,1035,452,410,11503,166,7086,21,230,66,5724,626,6373,5960,8352,31,2504,67,56,2448,2734,99632,495,1733,2605,970,49,2998,125,370,1378,18492,7994,3706,1307,66,108,75,10,35,894,1679,1903,964,3265,920,620,1918,74758,293,2239,92733,618,5592,1272,8212,1828,2841,390,283,3334,1107,1494,1577,551,458,191,8319,1886,1415,1490,587,1657,1745,22537,35,13719,1355,75,21806,6457,64,369,5181,1019,40,7732,1095,690,100,4403,1397,33160,3827,353,967,1509,811,1073,1259,944,782,30,704,37,2172,127,45,107,205,637,234,920,29444,1027,11012,4808,767,666,533,245,22767,74,11275,1561,8244,1298,121,2049,17,33140,5710,10040,40211,4407,23299,237,280,490,1388,698,1408,1107,1459,7615,1353,20,191,1518,36,59,2714,2736,22,138,88,22503,36565,29262,7540,27646,3884,1305,63277,77581,12947,35871,60988,67187,240,73,954,892,356,1227,698,337,188,621,6065,0.0,0.0,0.0,0.0,0.0,0.0,0.0,0.0,0.0,0.0,0.0,0.0,0.0,0.0,0.0,0.0,0.0,0.0,0.0,0.0,0.0,0.0,0.0,0.0,0.0,0.0,0.0,0.0,0.0,0.0,0.0,0.0,0.0,0.0,0.0,0.0,0.0,0.0,0.0,0.0,0.0,0.0,0.0,0.0,0.0,0.0,0.0,0.0,0.0,0.0,0.0,0.0,0.0,0.0,0.0,0.0,0.0,0.0,0.0,0.0,0.0,0.0,0.0,0.0,0.0,0.0,0.0,0.0,0.0,0.0,0.0,0.0,0.0,0.0,0.0,0.0,0.0,0.0,0.0,0.0,0.0,0.0,0.0,0.0,0.0,0.0,0.0,0.0,0.0,0.0,0.0,0.0,0.0,0.0,0.0,0.0,0.0,0.0,0.0,0.0,0.0,0.0,0.0,0.0,0.0,0.0,0.0,0.0,0.0,0.0,0.0,0.0,0.0,0.0,0.0,0.0,0.0,0.0,0.0,0.0,0.0,0.0,0.0,0.0,0.0,0.0,0.0,0.0,0.0,0.0,0.0,0.0,0.0,0.0,0.0,0.0,0.0,0.0,0.0,0.0,0.0,0.0,0.0,0.0,0.0,0.0,0.0,0.0,0.0,0.0
ENCFF000ZJQ,0.13872234764663036,189602,262,4705,44669,1050,201113,5315,356,422,313,506,3756,3506,6515,19396,46497,2801,384,5164,5710,135,554,58,39,44,928,12587,3709,23192,3110,203,748,488,2210,1960,289,1958,23,12,7564,9484,63,587,49,83,642,6277,23249,1538,612,1117,1781,355,229,5462,117,268,292,73,510,1526,584,17029,334,372,3637,54,57705,48214,5632,1227,818,3449,4862,238,1396,650,941,1091,267,1261,1284,3386,603,721,4451,6,1105,593,13,1025,158,33,1276,1587,23977,167983,9225,180,25081,36594,2731,31762,1381,783,4132,1238,1451,11,2388,6130,6488,62,4779,28976,2679,26371,581,2351,2794,8464,1048,41461,1596,5847,2604,573,2067,397,94,25876,9506,7746,22954,7027,10182,23024,2596,5195,3091,1369,4608,53396,290,2106,139,88,18,23,1918,257,526,10461,4101,585,3496,45631,4134,417,1373,652,700,2860,3777,3272,4165,36,138,24,1241,9,2262,785,820,1354,351,21,1252,631,1151,12959,6150,43721,2724,27969,32950,15651,31614,14100,30246,233,26398,32202,9955,8196,21428,17209,5499,1062,2407,760,129,610,1170,114,42,27,11,4297,210,40295,13378,8968,173,180460,37928,5180,25794,28643,908,569,41720,18980,67298,4539,35603,163,35470,38,255,686,77,388,1141,181,4460,2035,42,804,1203,725,1104,542,2757,1607,198,204,5034,2975,1932,2115,1466,427,796,906,476,420,316,404,1337,5679,1513,467,1855,2840,2644,14013,89793,9102,2782,2899,1522,908,748,827,1139,616,152,6473,605,1032,4740,459,1851,505,4253,1396,1243,705,1074,214,633,914,2840,2912,1066,1163,899,2307,1781,1020,952,1145,4729,20,34,490,773,492,272,12284,57,8232,14,617,63,6113,584,6079,6488,7425,12,2339,49,129,1297,3244,95786,1349,2589,2209,1051,888,3178,144,283,526,15491,6480,3262,1181,38,132,91,5,44,872,1046,2273,610,3753,643,640,1792,55179,1606,2770,112464,580,5365,1201,5852,13732,2805,407,6115,15894,982,1151,1241,525,497,519,71388,1369,1077,1239,517,1383,1531,24356,35,10659,2135,21,24416,6274,90,250,6015,558,26,7003,955,1303,264,3338,1291,27844,3862,2234,1055,1319,565,1169,1111,1178,730,34,887,28,1783,152,31,136,1393,272,584,813,31247,2370,11341,6399,1550,548,645,168,28548,2196,14450,3652,10194,956,285,2595,16,28061,5187,9351,40615,7864,21460,507,97,455,1731,646,1275,926,1925,6604,1180,46,966,1291,20,27,3262,3492,10,2600,147,22866,43649,32012,8476,32868,3873,600,79628,90197,14134,44081,66439,76769,242,154,925,806,276,1017,1029,362,372,567,6875,0.0,0.0,0.0,0.0,0.0,0.0,0.0,0.0,0.0,0.0,0.0,0.0,0.0,0.0,0.0,0.0,0.0,0.0,0.0,0.0,0.0,0.0,0.0,0.0,0.0,0.0,0.0,0.0,0.0,0.0,0.0,0.0,0.0,0.0,0.0,0.0,0.0,0.0,0.0,0.0,0.0,0.0,0.0,0.0,0.0,0.0,0.0,0.0,0.0,0.0,0.0,0.0,0.0,0.0,0.0,0.0,0.0,0.0,0.0,0.0,0.0,0.0,0.0,0.0,0.0,0.0,0.0,0.0,0.0,0.0,0.0,0.0,0.0,0.0,0.0,0.0,0.0,0.0,0.0,0.0,0.0,0.0,0.0,0.0,0.0,0.0,0.0,0.0,0.0,0.0,0.0,0.0,0.0,0.0,0.0,0.0,0.0,0.0,0.0,0.0,0.0,0.0,0.0,0.0,0.0,0.0,0.0,0.0,0.0,0.0,0.0,0.0,0.0,0.0,0.0,0.0,0.0,0.0,0.0,0.0,0.0,0.0,0.0,0.0,0.0,0.0,0.0,0.0,0.0,0.0,0.0,0.0,0.0,0.0,0.0,0.0,0.0,0.0,0.0,0.0,0.0,0.0,0.0,0.0,0.0,0.0,0.0,0.0,0.0,0.0
ENCFF994FAH,0.14049348167063416,58871,230,2343,41919,458,115263,5220,306,214,184,337,3564,1425,6664,26179,21803,1541,532,4360,3803,82,476,28,48,48,995,3908,3442,30213,2690,118,60,419,2333,2101,41,2095,16,1,5446,7238,47,282,60,63,523,5952,25252,296,746,1531,1795,219,150,3725,82,251,141,103,531,1667,711,16265,484,229,1081,67,42959,36151,3526,1371,897,1929,3145,171,1603,763,911,1030,319,1395,1350,2236,504,940,4338,14,1072,804,9,634,596,23,848,1421,23399,114149,6198,97,17017,25093,2882,21604,1412,871,2744,865,1030,8,2098,4581,4740,63,3650,22874,1621,37475,187,917,1176,5251,399,63624,1585,3927,1557,245,1409,184,20,17741,6179,1639,27543,6558,6477,18556,674,4178,4531,1448,2866,44208,163,395,94,98,39,32,1362,311,310,7315,2534,302,3426,43379,3515,215,1390,695,430,1976,2583,2422,3579,26,61,61,1314,20,1709,785,601,313,13,16,660,398,1352,8574,4263,28169,2476,18754,25224,11507,34762,13243,24855,211,18461,23002,6400,6268,18253,12407,3866,845,405,740,52,859,1401,108,22,20,28,2901,110,57430,10061,6215,187,154319,31914,3707,19564,26011,667,362,30138,14206,55022,2101,25189,78,23847,60,193,532,13,368,1126,211,4570,1893,24,904,1009,778,1225,639,2705,1654,140,136,5009,2946,1546,1800,2022,452,1002,1035,571,375,342,239,1616,3902,1000,489,1319,2481,2034,11319,52519,3550,2715,2218,1385,961,803,772,1168,681,58,5332,663,1647,3809,384,1604,652,3606,1828,1233,1010,1242,164,609,470,3085,2470,1030,1104,1025,2016,1782,1275,886,1452,3974,40,25,522,936,460,411,9245,95,5959,21,190,37,4926,429,5039,4706,6797,26,2003,48,41,947,2319,76079,571,1318,2316,864,152,2608,97,448,953,14757,6019,3513,983,37,113,46,23,51,827,943,1784,738,3407,899,533,1909,58209,351,1950,78754,523,4517,1186,6891,4756,2433,340,1106,4287,993,1234,1315,532,424,153,23870,1554,1173,1311,503,1370,1443,17946,26,12453,1036,28,17915,6633,12,256,4084,662,50,7040,951,596,111,3653,1210,19514,2833,762,946,1271,683,972,1126,811,791,20,696,22,1755,54,72,53,400,235,215,641,32780,1003,8882,4315,734,524,431,145,18996,144,9251,1561,6872,817,91,1782,12,22319,4161,7595,30158,2278,18801,210,135,436,1170,612,1134,965,1316,5673,1184,17,207,1359,25,20,2050,2117,3,300,167,17620,32466,26688,6550,22222,3094,552,58623,67440,11290,32254,52326,56019,220,75,840,850,277,1120,522,271,172,454,5232,0.0,0.0,0.0,0.0,0.0,0.0,0.0,0.0,0.0,0.0,0.0,0.0,0.0,0.0,0.0,0.0,0.0,0.0,0.0,0.0,0.0,0.0,0.0,0.0,0.0,0.0,0.0,0.0,0.0,0.0,0.0,0.0,0.0,0.0,0.0,0.0,0.0,0.0,0.0,0.0,0.0,0.0,0.0,0.0,0.0,0.0,0.0,0.0,0.0,0.0,0.0,0.0,0.0,0.0,0.0,0.0,0.0,0.0,0.0,0.0,0.0,0.0,0.0,0.0,0.0,0.0,0.0,0.0,0.0,0.0,0.0,0.0,0.0,0.0,0.0,0.0,0.0,0.0,0.0,0.0,0.0,0.0,0.0,0.0,0.0,0.0,0.0,0.0,0.0,0.0,0.0,0.0,0.0,0.0,0.0,0.0,0.0,0.0,0.0,0.0,0.0,0.0,0.0,0.0,0.0,0.0,0.0,0.0,0.0,0.0,0.0,0.0,0.0,0.0,0.0,0.0,0.0,0.0,0.0,0.0,0.0,0.0,0.0,0.0,0.0,0.0,0.0,0.0,0.0,0.0,0.0,0.0,0.0,0.0,0.0,0.0,0.0,0.0,0.0,0.0,0.0,0.0,0.0,0.0,0.0,0.0,0.0,0.0,0.0,0.0
ENCFF935SOR,0.1339990677781057,47072,212,3279,73688,554,189132,10501,458,302,335,595,5322,2064,9906,34087,36708,2406,873,7326,6035,151,949,138,154,163,2310,1983,4983,27188,4742,227,108,651,3582,3254,44,3367,44,5,9025,12743,98,664,84,95,1223,9126,31529,148,1040,2075,2492,424,583,6401,199,489,345,335,1085,2346,741,19347,2797,838,594,132,57147,51466,6909,1984,1199,2793,6288,230,2338,1032,1313,1560,443,2005,2212,3834,706,1233,6278,34,1442,1237,103,1742,199,47,1266,1725,21320,193138,12276,181,31572,46667,4143,40724,2306,1165,5190,1829,2077,64,4789,8835,9107,312,5836,41339,2108,43890,220,1174,1537,8345,565,75193,2279,7001,2771,700,2720,243,82,34810,9222,901,34944,8787,12082,33491,101,6053,7777,2031,4100,61138,1827,273,192,121,52,47,2720,527,530,11797,4528,473,4655,72079,4405,351,2198,2212,2233,3328,4344,3934,6658,72,223,111,1904,43,2321,1097,1316,747,13,22,849,737,2047,15547,7577,75788,3718,30492,65698,17087,35459,19510,35518,395,31672,39082,12770,11025,30165,24463,6625,1290,269,781,45,1214,2004,156,63,112,65,4906,106,54858,12835,11045,402,323142,47557,5027,34427,32846,1598,547,45942,23164,72898,3132,52500,150,50280,32,425,826,15,571,1574,466,6541,3365,49,1396,1341,1078,1703,802,4498,2441,178,329,7886,4521,2472,3956,2611,645,1333,1442,706,577,388,348,2086,6493,1464,659,1972,4318,3207,16862,40171,1643,3943,4180,2011,1407,1183,1080,1710,922,51,9725,904,2337,6509,512,2620,921,5114,2335,1816,1317,1761,171,808,706,4282,3462,1455,1549,1512,3321,2771,1953,1191,1945,5499,40,53,672,1333,667,326,17294,136,10703,23,398,54,7853,888,9041,8355,10031,33,4138,107,114,2698,3980,99980,769,2385,3443,1438,103,3818,111,476,2112,25103,9659,5871,2164,36,162,75,40,108,1094,2486,2745,1260,4471,1173,762,2404,99945,381,2928,131485,784,7845,1736,9887,2596,3314,463,465,4844,1318,1917,1951,651,587,275,10937,2489,1768,2007,885,1977,2204,31304,58,18616,1824,64,31293,9767,81,590,7139,1180,114,10343,1310,1100,201,5997,1767,31217,4005,609,1294,1997,1071,1377,1581,1391,1215,66,1078,51,2978,496,48,173,292,956,298,937,42355,1285,12380,5610,993,984,812,250,35222,102,15997,1964,12154,1711,143,3192,13,51729,9421,15155,60713,1822,35569,268,677,646,1604,826,1671,1374,1879,7979,1687,38,244,1865,90,112,4226,4209,46,206,139,32737,45930,35991,8921,38685,5677,1847,86292,105531,15582,46384,83240,92674,275,109,1184,1181,354,1534,1113,444,304,953,8239,0.0,0.0,0.0,0.0,0.0,0.0,0.0,0.0,0.0,0.0,0.0,0.0,0.0,0.0,0.0,0.0,0.0,0.0,0.0,0.0,0.0,0.0,0.0,0.0,0.0,0.0,0.0,0.0,0.0,0.0,0.0,0.0,0.0,0.0,0.0,0.0,0.0,0.0,0.0,0.0,0.0,0.0,0.0,0.0,0.0,0.0,0.0,0.0,0.0,0.0,0.0,0.0,0.0,0.0,0.0,0.0,0.0,0.0,0.0,0.0,0.0,0.0,0.0,0.0,0.0,0.0,0.0,0.0,0.0,0.0,0.0,0.0,0.0,0.0,0.0,0.0,0.0,0.0,0.0,0.0,0.0,0.0,0.0,0.0,0.0,0.0,0.0,0.0,0.0,0.0,0.0,0.0,0.0,0.0,0.0,0.0,0.0,0.0,0.0,0.0,0.0,0.0,0.0,0.0,0.0,0.0,0.0,0.0,0.0,0.0,0.0,0.0,0.0,0.0,0.0,0.0,0.0,0.0,0.0,0.0,0.0,0.0,0.0,0.0,0.0,0.0,0.0,0.0,0.0,0.0,0.0,0.0,0.0,0.0,0.0,0.0,0.0,0.0,0.0,0.0,0.0,0.0,0.0,0.0,0.0,0.0,0.0,0.0,0.0,0.0
ENCFF000WWI,0.18625067001901585,141002,4155,4184,35711,607,96714,138414,261,607,328,806,4141,5212,11064,19523,35141,4027,545,6474,6232,180,775,101,107,94,2332,12046,3512,19090,4054,279,433,1424,2450,2325,328,2513,42,61,9236,12022,78,692,71,1490,2610,6901,19164,523,691,1117,1457,476,386,28166,194,402,397,189,915,1832,445,11787,682,629,2327,229,48738,47884,8420,1319,764,3602,14539,325,1694,537,865,986,231,1095,1916,3946,432,525,3809,27,910,499,27,1408,202,46,1134,1393,13506,176691,11407,141,30789,45803,2840,39848,1934,661,6052,2261,2607,36,3449,9780,8946,296,5583,36062,3044,28837,409,1809,1925,9777,758,38618,1722,6501,3278,874,2982,369,143,43193,16256,34814,24250,10101,30681,31795,2016,5022,3899,1667,4567,41536,768,1255,135,113,88,49,2482,320,996,11900,5048,742,4439,35787,3356,457,1619,1594,1491,3223,12209,9982,6671,102,155,54,1030,36,1865,596,1375,600,237,10,1007,818,1494,16369,7495,47158,2398,31780,34578,15299,25253,14362,29258,384,29497,34956,11288,10226,26610,20476,9875,948,3307,840,79,531,970,194,87,52,61,4104,395,35735,11587,15686,287,1234684,40555,4770,30265,24740,1385,692,42750,22471,58149,4470,49212,255,47113,63,372,1030,356,308,1456,799,4073,2610,59,682,983,615,951,428,3802,1921,553,760,4990,3607,2271,3814,1236,355,666,744,379,347,279,609,1157,5827,1243,370,1924,3114,2786,11316,23169,7849,2876,4546,1374,1178,911,636,1059,490,303,8891,493,835,6095,370,1792,380,4326,1081,1183,584,947,319,507,676,2495,2659,863,1014,685,2983,1612,805,776,987,4100,12,40,399,636,610,282,15623,97,10937,22,577,58,6945,805,7858,7332,7902,38,3068,179,179,2147,4199,73924,930,2884,2944,1082,538,3577,193,407,831,19813,7439,4504,1517,27,195,135,22,76,690,1398,2558,1102,4142,512,497,1530,50371,773,2147,133582,1792,6518,1123,6353,13823,2679,294,4003,10583,938,1625,1819,425,421,506,46212,2010,1085,1849,690,1491,1905,27923,114,10889,2415,58,89068,7462,36,331,45644,1001,91,6709,857,1444,343,4208,1388,20249,3383,2459,856,1780,526,1295,975,1706,904,25,939,37,2225,168,38,228,1660,482,753,784,28725,1745,9486,5220,1176,540,1076,258,41883,949,19964,4809,13171,1517,429,3039,57,45672,7171,13149,53340,2166,18945,457,459,370,1264,3757,1610,768,1686,6350,1527,43,1115,1091,42,42,4275,4416,31,3481,285,28986,43296,32269,8330,38589,4623,1081,70550,100630,14862,43454,72247,87667,394,189,822,785,207,908,3853,336,475,823,7282,0.0,0.0,0.0,0.0,0.0,0.0,0.0,0.0,0.0,0.0,0.0,0.0,0.0,0.0,0.0,0.0,0.0,0.0,0.0,0.0,0.0,0.0,0.0,0.0,0.0,0.0,0.0,0.0,0.0,0.0,0.0,0.0,0.0,0.0,0.0,0.0,0.0,0.0,0.0,0.0,0.0,0.0,0.0,0.0,0.0,0.0,0.0,0.0,0.0,0.0,0.0,0.0,0.0,0.0,0.0,0.0,0.0,0.0,0.0,0.0,0.0,0.0,0.0,0.0,0.0,0.0,0.0,0.0,0.0,0.0,0.0,0.0,0.0,0.0,0.0,0.0,0.0,0.0,0.0,0.0,0.0,0.0,0.0,0.0,0.0,0.0,0.0,0.0,0.0,0.0,0.0,0.0,0.0,0.0,0.0,0.0,0.0,0.0,0.0,0.0,0.0,0.0,0.0,0.0,0.0,0.0,0.0,0.0,0.0,0.0,0.0,0.0,0.0,0.0,0.0,0.0,0.0,0.0,0.0,0.0,0.0,0.0,0.0,0.0,0.0,0.0,0.0,0.0,0.0,0.0,0.0,0.0,0.0,0.0,0.0,0.0,0.0,0.0,0.0,0.0,0.0,0.0,0.0,0.0,0.0,0.0,0.0,0.0,0.0,0.0
ENCFF000XIQ,0.030764536407820182,1279,9,119,1732,34,3935,237,5,15,12,17,73,146,198,489,897,125,22,148,222,10,36,2,2,1,27,17,100,1890,160,5,5,12,66,42,3,60,0,5,231,513,0,37,1,5,13,203,1087,1,62,15,30,21,8,317,4,11,14,1,24,37,3,633,11,20,6,0,2043,1865,330,27,15,41,259,12,23,21,19,23,11,22,32,161,13,8,85,0,15,8,0,67,5,0,58,47,575,6878,500,7,1301,1692,87,1563,85,17,252,76,81,0,236,423,418,5,160,1405,116,1366,33,148,104,349,53,2002,45,294,139,39,121,17,4,1358,379,21,800,242,524,1246,2,110,72,22,147,1286,20,9,2,6,0,1,104,10,19,411,240,21,157,1675,131,21,28,48,44,96,205,164,294,1,1,0,22,0,49,12,205,131,0,4,16,36,34,765,288,1820,62,1124,1335,513,1528,475,939,7,1108,1241,394,336,922,762,250,30,5,30,3,16,18,9,3,1,3,158,6,1282,448,297,4,7685,1397,158,1137,952,57,27,1568,623,2192,217,1836,5,1875,0,12,29,7,4,18,6,102,139,2,23,19,17,26,10,52,31,44,6,158,132,69,110,27,7,19,18,13,16,14,26,39,187,40,8,89,89,55,535,1809,22,79,140,49,14,15,10,19,15,13,300,16,25,202,8,53,11,114,27,23,14,23,5,14,11,66,67,18,18,19,112,46,18,21,25,112,0,2,10,6,39,5,608,1,403,1,32,3,291,36,313,239,227,3,91,1,2,19,189,2140,35,79,77,34,2,63,7,4,26,384,192,99,70,3,6,5,1,0,10,67,137,17,156,13,11,78,2229,14,46,5292,14,241,30,129,28,82,7,1,148,24,20,26,15,15,11,80,31,23,20,18,32,25,991,1,379,114,1,1181,325,0,22,229,22,1,222,16,63,20,101,32,827,168,20,27,22,8,29,17,50,3,0,37,0,67,3,1,3,11,10,22,22,1031,113,353,235,54,29,31,4,1651,3,589,52,515,36,13,118,4,1073,220,331,1591,180,865,10,4,9,26,15,31,15,44,208,21,1,7,36,1,0,218,173,0,13,12,1121,1560,1006,267,1507,190,8,2804,3534,425,1560,2697,3330,11,10,16,10,5,22,108,14,25,22,244,0.0,0.0,0.0,0.0,0.0,0.0,0.0,0.0,0.0,0.0,0.0,0.0,0.0,0.0,0.0,0.0,0.0,0.0,0.0,0.0,0.0,0.0,0.0,0.0,0.0,0.0,0.0,0.0,0.0,0.0,0.0,0.0,0.0,0.0,0.0,0.0,0.0,0.0,0.0,0.0,0.0,0.0,0.0,0.0,0.0,0.0,0.0,0.0,0.0,0.0,0.0,0.0,0.0,0.0,0.0,0.0,0.0,0.0,0.0,0.0,0.0,0.0,0.0,0.0,0.0,0.0,0.0,0.0,0.0,0.0,0.0,0.0,0.0,0.0,0.0,0.0,0.0,0.0,0.0,0.0,0.0,0.0,0.0,0.0,0.0,0.0,0.0,0.0,0.0,0.0,0.0,0.0,0.0,0.0,0.0,0.0,0.0,0.0,0.0,0.0,0.0,0.0,0.0,0.0,0.0,0.0,0.0,0.0,0.0,0.0,0.0,0.0,0.0,0.0,0.0,0.0,0.0,0.0,0.0,0.0,0.0,0.0,0.0,0.0,0.0,0.0,0.0,0.0,0.0,0.0,0.0,0.0,0.0,0.0,0.0,0.0,0.0,0.0,0.0,0.0,0.0,0.0,0.0,0.0,0.0,0.0,0.0,0.0,0.0,0.0
ENCFF000XDU,0.07471776176951271,4134,23,264,3469,99,11635,488,49,42,25,53,255,441,660,1199,3183,282,37,463,458,20,58,5,5,11,67,145,284,3079,350,35,20,41,161,129,5,156,1,1,676,1037,3,60,4,12,48,455,2581,14,64,100,107,39,54,670,25,29,39,19,84,106,17,1190,25,90,62,8,4056,3879,708,77,66,113,538,29,107,39,55,77,13,103,101,344,37,39,260,2,73,42,3,141,31,3,137,89,1171,15575,999,8,2730,3637,188,3241,96,40,518,152,175,2,256,686,663,22,399,3076,326,3567,68,318,266,787,133,5002,126,565,258,113,291,44,11,2801,1012,85,2075,715,1134,2551,33,368,294,94,355,2611,57,32,7,21,5,4,191,31,49,911,424,66,418,3484,340,41,100,153,116,257,381,341,519,7,14,8,85,5,168,60,193,884,4,1,38,84,81,1429,585,3892,191,2571,3100,1183,2694,1183,2266,25,2391,2702,886,828,2078,1596,617,92,37,55,8,48,63,13,2,3,5,316,31,3039,1003,1173,35,17911,3027,289,2453,2128,135,47,3418,1521,4680,549,3791,13,4103,2,19,87,38,22,86,29,271,197,1,65,80,43,76,32,189,136,22,16,400,247,164,268,99,38,54,62,44,35,26,66,114,426,75,38,159,197,153,1037,1926,94,197,312,125,63,41,53,69,54,11,716,32,64,484,22,137,40,328,86,78,63,71,21,39,53,201,187,85,90,62,210,107,82,61,99,292,3,2,42,42,65,25,1340,16,948,5,61,7,651,101,587,606,566,4,257,10,21,107,347,4919,71,198,154,97,7,167,19,28,69,1126,494,272,139,12,32,17,5,9,61,257,312,48,323,53,35,118,4644,45,172,11057,47,542,70,427,163,220,31,74,478,83,76,82,45,28,26,792,86,67,65,45,104,105,2324,12,891,246,0,2467,641,4,37,496,61,3,542,47,133,36,244,85,2142,253,75,71,81,31,114,44,117,17,1,77,1,174,12,6,13,49,42,95,47,2258,275,808,567,146,37,88,16,3515,16,1296,178,1159,147,20,254,3,2714,497,891,3723,125,1632,11,22,30,71,38,83,54,137,630,68,3,32,99,2,4,464,445,3,23,19,2242,3189,2343,571,3109,384,28,5931,7514,1039,3372,5567,6996,28,23,61,71,24,70,140,34,60,59,609,0.0,0.0,0.0,0.0,0.0,0.0,0.0,0.0,0.0,0.0,0.0,0.0,0.0,0.0,0.0,0.0,0.0,0.0,0.0,0.0,0.0,0.0,0.0,0.0,0.0,0.0,0.0,0.0,0.0,0.0,0.0,0.0,0.0,0.0,0.0,0.0,0.0,0.0,0.0,0.0,0.0,0.0,0.0,0.0,0.0,0.0,0.0,0.0,0.0,0.0,0.0,0.0,0.0,0.0,0.0,0.0,0.0,0.0,0.0,0.0,0.0,0.0,0.0,0.0,0.0,0.0,0.0,0.0,0.0,0.0,0.0,0.0,0.0,0.0,0.0,0.0,0.0,0.0,0.0,0.0,0.0,0.0,0.0,0.0,0.0,0.0,0.0,0.0,0.0,0.0,0.0,0.0,0.0,0.0,0.0,0.0,0.0,0.0,0.0,0.0,0.0,0.0,0.0,0.0,0.0,0.0,0.0,0.0,0.0,0.0,0.0,0.0,0.0,0.0,0.0,0.0,0.0,0.0,0.0,0.0,0.0,0.0,0.0,0.0,0.0,0.0,0.0,0.0,0.0,0.0,0.0,0.0,0.0,0.0,0.0,0.0,0.0,0.0,0.0,0.0,0.0,0.0,0.0,0.0,0.0,0.0,0.0,0.0,0.0,0.0
ENCFF000VOP,0.08468337142926387,2697,4,197,1813,32,2559,309,19,16,11,54,125,203,321,815,1047,151,18,1309,231,8,47,1,2,1,28,113,114,731,158,15,25,13,70,50,6,72,2,4,370,476,2,38,2,5,36,206,1152,14,28,33,39,23,19,329,5,15,20,8,46,79,4,310,12,14,29,6,1724,2186,317,26,33,71,294,16,40,19,22,28,7,31,39,176,20,17,101,1,25,15,1,63,8,2,77,38,417,7579,506,3,1372,1913,87,1754,212,20,263,82,79,0,141,339,317,7,183,1464,129,1169,16,86,67,383,39,1856,51,290,160,32,147,22,10,1427,669,74,1232,386,820,1467,18,183,1406,37,145,1199,13,88,5,5,1,2,95,20,26,416,222,22,167,1848,147,23,29,81,111,120,244,174,299,1,7,3,30,0,65,20,193,351,5,0,22,53,26,831,333,2146,73,1212,1483,534,1249,526,1076,9,1339,1456,451,421,940,897,244,34,52,34,3,19,31,11,2,1,3,197,8,1406,486,546,10,7223,1831,140,1211,627,62,49,1638,800,2156,159,1884,8,2017,0,4,69,39,10,30,7,95,112,1,18,33,19,33,14,74,40,8,7,180,133,69,116,53,14,14,19,15,17,9,16,47,247,36,12,86,94,75,507,1063,60,81,171,61,28,22,19,30,17,7,366,21,32,258,12,64,16,131,36,22,27,30,5,17,17,90,81,30,28,21,127,59,21,28,24,113,2,0,21,14,24,10,677,6,395,0,21,8,280,42,313,277,288,1,114,4,5,78,206,3060,29,81,90,51,6,107,45,17,34,515,1174,177,97,4,10,2,0,2,24,65,122,21,144,15,23,74,2732,23,65,5416,16,266,27,181,128,81,16,60,283,26,34,33,18,13,7,845,37,39,35,16,43,40,1089,6,411,112,4,1192,318,2,21,216,32,4,243,22,71,20,124,38,554,122,60,27,39,15,46,23,60,28,0,33,1,74,3,3,6,30,23,24,33,1202,62,361,250,55,39,71,8,2084,19,672,81,578,55,13,245,7,1283,284,395,1789,66,606,15,10,9,43,15,36,22,50,232,28,2,29,39,0,1,227,223,0,17,7,1150,1549,1171,266,1639,235,11,3082,3913,467,1654,2786,3673,18,16,33,25,11,27,72,16,22,27,262,0.0,0.0,0.0,0.0,0.0,0.0,0.0,0.0,0.0,0.0,0.0,0.0,0.0,0.0,0.0,0.0,0.0,0.0,0.0,0.0,0.0,0.0,0.0,0.0,0.0,0.0,0.0,0.0,0.0,0.0,0.0,0.0,0.0,0.0,0.0,0.0,0.0,0.0,0.0,0.0,0.0,0.0,0.0,0.0,0.0,0.0,0.0,0.0,0.0,0.0,0.0,0.0,0.0,0.0,0.0,0.0,0.0,0.0,0.0,0.0,0.0,0.0,0.0,0.0,0.0,0.0,0.0,0.0,0.0,0.0,0.0,0.0,0.0,0.0,0.0,0.0,0.0,0.0,0.0,0.0,0.0,0.0,0.0,0.0,0.0,0.0,0.0,0.0,0.0,0.0,0.0,0.0,0.0,0.0,0.0,0.0,0.0,0.0,0.0,0.0,0.0,0.0,0.0,0.0,0.0,0.0,0.0,0.0,0.0,0.0,0.0,0.0,0.0,0.0,0.0,0.0,0.0,0.0,0.0,0.0,0.0,0.0,0.0,0.0,0.0,0.0,0.0,0.0,0.0,0.0,0.0,0.0,0.0,0.0,0.0,0.0,0.0,0.0,0.0,0.0,0.0,0.0,0.0,0.0,0.0,0.0,0.0,0.0,0.0,0.0
ENCFF716WKO,0.09229723420794796,987691,2232,14175,82449,1103,136503,16631,810,955,897,2244,9713,7949,21262,43400,43506,8248,1152,18801,15261,481,1837,236,389,211,2254,87284,8432,58693,9154,696,4428,1226,4522,3962,2390,4847,103,411,23751,26805,174,1935,225,626,1295,14288,58177,14233,1138,2562,3368,1023,913,15690,517,883,1183,460,1659,4790,2099,28312,3086,2469,21786,633,133283,187268,16922,2575,1690,20721,13174,760,3038,1241,1903,2234,594,2420,2624,9224,1085,1354,9310,46,2073,1189,48,2835,573,146,4011,3533,54513,440209,27619,454,74488,102642,6315,89336,4320,1464,12681,4231,4692,69,7319,19575,18219,399,13437,81993,5417,62504,773,3454,4805,21873,1441,83563,3622,16016,8004,2356,6323,761,344,73069,28367,50874,56195,20534,30718,65153,14793,12817,11306,2922,16698,115643,1687,12218,265,294,82,141,5360,835,2469,28298,13220,1794,10436,88040,10042,1044,2820,5997,5291,8183,12319,11052,15839,276,296,184,2466,48,4651,1419,7051,5144,1747,76,5066,1683,2353,39343,17332,124692,6171,71959,83048,40919,75918,38587,73735,559,73111,86506,32933,22921,64604,48505,19540,2774,18959,2659,806,1169,2061,437,117,34,140,11659,652,97974,33169,20301,1365,764129,124231,19365,78314,56975,2764,2732,114377,56818,158528,7364,122831,811,103197,83,848,3042,1032,614,2221,696,9721,5663,83,1631,2199,1448,2197,1005,6148,3522,1326,672,11275,7108,4991,6990,2921,740,1563,1825,792,840,644,1347,2632,15566,3335,961,5087,6384,5639,36934,146276,51923,5577,9031,3404,2073,1473,1460,2157,1353,519,21976,1159,2058,12094,849,3724,916,10603,2524,2479,1361,2307,870,1109,3827,6039,5892,1885,2354,1791,5680,3748,1907,1791,2266,10664,63,88,919,1455,1006,1646,38930,602,25392,49,1225,273,14569,1832,20486,18407,21673,50,6858,224,456,5221,9747,207947,5850,10324,5654,2859,4642,7723,396,837,1748,42818,22712,10992,3313,85,742,338,40,96,1617,4424,6892,1450,10146,1221,1224,6451,121106,4609,5359,316830,1651,13944,2400,13449,91043,7226,736,36066,91492,1961,2342,2423,999,1053,1744,429751,2727,2161,2577,1420,2775,3081,65693,205,27035,5632,97,67565,18147,125,634,18702,2690,84,16315,1915,3452,660,7540,2610,49079,9275,10565,2177,2513,1030,2871,2001,3440,2520,123,2920,85,4929,598,198,397,9107,2259,1385,2953,66837,3176,24708,13950,2476,1484,2709,447,88829,7973,38804,17451,29587,3079,1008,7512,190,80377,16645,25495,117473,13312,46899,2335,889,867,7396,2224,2682,1650,4226,21011,2387,83,7745,2475,61,104,9705,9200,54,17376,477,66432,119827,82830,22604,97366,11671,897,183121,245966,37523,113602,188756,217591,549,454,1947,1582,515,2002,3499,875,1195,1733,17824,0.0,0.0,0.0,0.0,0.0,0.0,0.0,0.0,0.0,0.0,0.0,0.0,0.0,0.0,0.0,0.0,0.0,0.0,0.0,0.0,0.0,0.0,0.0,0.0,0.0,0.0,0.0,0.0,0.0,0.0,0.0,0.0,0.0,0.0,0.0,0.0,0.0,0.0,0.0,0.0,0.0,0.0,0.0,0.0,0.0,0.0,0.0,0.0,0.0,0.0,0.0,0.0,0.0,0.0,0.0,0.0,0.0,0.0,0.0,0.0,0.0,0.0,0.0,0.0,0.0,0.0,0.0,0.0,0.0,0.0,0.0,0.0,0.0,0.0,0.0,0.0,0.0,0.0,0.0,0.0,0.0,0.0,0.0,0.0,0.0,0.0,0.0,0.0,0.0,0.0,0.0,0.0,0.0,0.0,0.0,0.0,0.0,0.0,0.0,0.0,0.0,0.0,0.0,0.0,0.0,0.0,0.0,0.0,0.0,0.0,0.0,0.0,0.0,0.0,0.0,0.0,0.0,0.0,0.0,0.0,0.0,0.0,0.0,0.0,0.0,0.0,0.0,0.0,0.0,0.0,0.0,0.0,0.0,0.0,0.0,0.0,0.0,0.0,0.0,0.0,0.0,0.0,0.0,0.0,0.0,0.0,0.0,0.0,0.0,0.0
ENCFF000YDB,0.05117790985503887,1990,23,198,2209,45,4215,268,25,18,3,16,155,207,474,1097,1411,178,30,263,298,15,40,5,4,4,38,38,185,4692,191,20,13,32,98,76,2,97,5,3,361,547,4,34,4,5,23,264,1408,5,37,48,69,21,16,296,9,5,16,7,37,66,23,820,11,19,15,6,2678,2545,343,45,42,55,304,13,61,19,28,41,12,50,77,218,33,30,160,1,45,22,3,57,10,0,65,95,1006,8900,570,3,1510,2059,140,1840,99,46,232,73,82,0,156,386,389,5,226,1914,152,1594,32,139,125,417,68,2327,74,327,153,54,144,13,9,1572,673,37,1951,480,596,1306,7,252,166,52,196,2991,16,12,4,5,1,1,109,14,32,484,281,21,219,2245,202,15,58,55,49,161,211,178,275,1,3,1,42,1,79,55,151,246,1,0,41,41,52,794,383,2317,120,1622,1788,782,2018,677,1458,14,1422,1638,618,475,1156,975,340,48,6,44,1,29,42,13,3,0,4,225,29,2126,655,658,5,11431,2002,205,1316,1505,51,34,2036,930,3229,276,1999,5,2118,1,24,46,15,12,46,8,169,98,3,40,48,38,41,33,109,71,18,10,220,145,94,125,76,30,26,40,20,23,11,29,62,300,67,16,110,133,106,809,1374,36,115,181,63,42,25,29,45,25,11,379,21,45,257,15,74,26,192,66,60,29,44,18,24,16,135,120,42,47,38,122,87,38,34,66,186,0,7,15,28,32,6,779,6,491,4,20,7,324,31,313,327,486,2,108,2,11,64,184,3898,27,86,134,69,4,111,7,6,38,654,299,173,58,1,7,6,1,1,27,37,126,33,163,25,24,107,2966,14,117,6290,21,275,51,256,64,136,10,25,210,46,45,37,24,20,6,280,59,47,52,16,49,63,1284,1,546,130,2,1293,329,0,15,304,48,0,395,49,81,18,167,47,1255,208,40,51,49,25,81,41,61,26,0,50,0,101,11,3,13,16,6,48,46,1775,153,579,367,108,19,45,10,1795,9,694,95,636,59,14,152,0,1350,277,424,2032,109,1077,15,4,17,47,45,67,35,71,374,46,1,18,64,0,0,206,224,0,9,12,1207,2028,1531,360,1787,284,29,3581,4582,691,2071,3483,3916,13,13,42,47,13,48,83,9,15,22,366,0.0,0.0,0.0,0.0,0.0,0.0,0.0,0.0,0.0,0.0,0.0,0.0,0.0,0.0,0.0,0.0,0.0,0.0,0.0,0.0,0.0,0.0,0.0,0.0,0.0,0.0,0.0,0.0,0.0,0.0,0.0,0.0,0.0,0.0,0.0,0.0,0.0,0.0,0.0,0.0,0.0,0.0,0.0,0.0,0.0,0.0,0.0,0.0,0.0,0.0,0.0,0.0,0.0,0.0,0.0,0.0,0.0,0.0,0.0,0.0,0.0,0.0,0.0,0.0,0.0,0.0,0.0,0.0,0.0,0.0,0.0,0.0,0.0,0.0,0.0,0.0,0.0,0.0,0.0,0.0,0.0,0.0,0.0,0.0,0.0,0.0,0.0,0.0,0.0,0.0,0.0,0.0,0.0,0.0,0.0,0.0,0.0,0.0,0.0,0.0,0.0,0.0,0.0,0.0,0.0,0.0,0.0,0.0,0.0,0.0,0.0,0.0,0.0,0.0,0.0,0.0,0.0,0.0,0.0,0.0,0.0,0.0,0.0,0.0,0.0,0.0,0.0,0.0,0.0,0.0,0.0,0.0,0.0,0.0,0.0,0.0,0.0,0.0,0.0,0.0,0.0,0.0,0.0,0.0,0.0,0.0,0.0,0.0,0.0,0.0
ENCFF077PWW,0.193513273849574,12005,71,1335,14755,255,38267,1789,79,170,86,181,1201,1655,3506,7526,12517,1248,112,1891,1688,32,191,22,18,22,271,368,1044,16118,952,86,55,143,633,602,14,655,6,7,2297,3042,45,202,14,11,209,1762,6934,59,175,331,502,128,87,1621,40,90,126,52,203,502,285,4620,378,148,121,31,16718,14293,1758,370,250,421,1248,104,380,167,269,334,84,348,430,1050,153,163,1230,7,315,184,6,359,48,11,391,465,6249,49472,2758,24,7689,11237,820,9754,397,192,1343,425,439,4,748,1970,2035,55,1358,8429,931,10716,190,737,757,2563,353,17159,502,1676,761,197,703,96,24,7379,4860,201,9076,3070,2847,7480,76,1429,1220,388,1110,18296,315,99,37,27,10,10,660,74,179,3089,1263,193,1383,15375,1289,112,399,443,324,915,1147,1005,1292,31,38,19,358,9,613,214,376,87,10,3,197,213,359,4030,1958,12224,739,9444,10144,4548,10776,4165,8652,87,7891,9371,2847,2529,6657,5165,1773,287,63,246,24,192,355,51,21,3,14,1120,137,13054,4155,4358,87,61294,12194,1106,9406,9415,257,171,13217,6353,20228,1612,12159,82,11614,11,106,233,64,100,358,71,1225,608,3,260,285,185,279,160,805,520,55,48,1514,864,657,753,410,116,234,239,114,117,86,125,394,1761,476,120,574,779,744,4094,11334,250,704,766,480,289,236,227,371,183,32,2152,147,287,1491,140,501,140,1215,387,347,210,336,44,161,156,837,803,300,346,259,666,468,261,293,333,1355,10,10,118,216,116,117,3935,40,2488,8,147,21,1919,191,1913,1869,2147,12,823,36,61,558,1108,26308,193,560,678,297,31,976,53,208,193,5015,2027,1095,360,18,45,34,6,17,239,593,670,198,1117,171,161,587,20163,113,738,34251,181,1712,364,1832,404,886,90,155,1418,295,314,354,130,155,73,1990,398,316,327,139,392,401,7244,22,3143,599,15,6969,2024,10,66,1723,213,13,2050,259,320,87,1017,424,9577,1378,229,268,344,142,410,303,333,306,8,292,13,493,35,19,49,124,134,272,275,15631,704,3772,1909,463,164,243,72,9656,69,4310,569,3253,443,127,800,9,8533,1593,2968,12750,969,6435,90,95,111,296,146,387,233,478,2486,351,11,71,373,15,17,1149,1110,11,88,47,6932,12812,9564,2452,10181,1243,591,23254,27146,4280,13021,19195,22887,104,63,261,254,68,302,331,83,138,252,1966,0.0,0.0,0.0,0.0,0.0,0.0,0.0,0.0,0.0,0.0,0.0,0.0,0.0,0.0,0.0,0.0,0.0,0.0,0.0,0.0,0.0,0.0,0.0,0.0,0.0,0.0,0.0,0.0,0.0,0.0,0.0,0.0,0.0,0.0,0.0,0.0,0.0,0.0,0.0,0.0,0.0,0.0,0.0,0.0,0.0,0.0,0.0,0.0,0.0,0.0,0.0,0.0,0.0,0.0,0.0,0.0,0.0,0.0,0.0,0.0,0.0,0.0,0.0,0.0,0.0,0.0,0.0,0.0,0.0,0.0,0.0,0.0,0.0,0.0,0.0,0.0,0.0,0.0,0.0,0.0,0.0,0.0,0.0,0.0,0.0,0.0,0.0,0.0,0.0,0.0,0.0,0.0,0.0,0.0,0.0,0.0,0.0,0.0,0.0,0.0,0.0,0.0,0.0,0.0,0.0,0.0,0.0,0.0,0.0,0.0,0.0,0.0,0.0,0.0,0.0,0.0,0.0,0.0,0.0,0.0,0.0,0.0,0.0,0.0,0.0,0.0,0.0,0.0,0.0,0.0,0.0,0.0,0.0,0.0,0.0,0.0,0.0,0.0,0.0,0.0,0.0,0.0,0.0,0.0,0.0,0.0,0.0,0.0,0.0,0.0
ENCFF000PWL,0.14081443682921024,55733,98,2597,13323,248,46031,4744,189,236,268,579,2323,850,2082,7532,8262,1660,316,2244,5357,129,606,72,42,23,762,2571,2383,9089,2898,206,230,388,1253,1099,78,1426,7,15,6383,8619,17,496,12,20,357,4068,7223,348,414,722,1022,364,229,5448,122,259,300,80,558,1101,66,1895,193,202,779,44,22993,36058,6028,663,464,1255,6125,229,839,381,513,623,146,661,813,2924,313,367,2508,14,581,398,9,977,63,12,737,695,4109,131462,8455,67,23572,31589,1763,27256,900,458,4225,1241,1370,13,2134,6914,6982,54,4180,29712,885,14091,176,657,909,6720,270,13552,832,5737,2569,514,2130,285,106,25982,3108,3363,5114,2275,14775,23809,539,3358,775,818,3095,12633,225,516,44,92,18,19,1799,214,455,9819,4093,550,3004,14125,1798,352,792,474,414,2127,3652,3159,4824,32,68,31,686,15,1194,430,951,3030,71,5,500,569,720,12586,6196,35732,1721,17817,23484,10675,14604,9904,21126,162,21448,25560,9867,7399,18217,15639,3840,628,565,374,39,331,607,118,49,19,36,3800,90,15568,7155,1784,102,112433,25961,2865,20078,5138,872,571,26357,11816,28636,1764,39311,166,41381,36,231,723,107,216,645,245,2769,1723,20,461,604,452,646,328,1771,947,297,154,3680,2262,1625,2447,859,205,488,513,261,250,174,449,778,3295,805,241,1240,1676,1481,4809,7112,1812,1606,2648,885,576,464,462,670,370,131,6144,349,587,4031,255,1191,294,3331,708,672,432,650,135,334,422,1651,1657,561,636,505,2115,1133,535,607,618,2799,44,34,283,461,456,304,13287,112,8437,26,437,160,4974,609,6088,5656,5895,10,2020,86,130,824,3065,29193,666,1919,1564,901,144,1859,147,156,547,10280,3408,2209,1184,42,220,89,4,17,484,895,2169,320,3140,377,401,621,15864,444,1496,104503,355,4624,665,3660,2809,1797,195,998,5256,549,719,787,345,295,296,14071,838,666,746,372,774,898,19472,50,7811,1769,28,22983,5590,29,247,5230,716,51,4875,584,1060,278,2332,755,6462,1524,688,554,832,319,853,586,1287,483,14,904,25,1560,108,61,183,492,165,220,306,15295,786,5146,2751,548,294,706,163,31013,275,12348,1702,10680,1155,225,2356,14,22150,4052,7566,32645,1114,6414,168,170,266,725,321,745,506,965,5477,683,19,274,679,13,26,3333,3421,10,570,167,19309,28825,20166,5108,27626,3136,281,42489,64910,8841,29006,48444,61649,136,119,505,481,172,594,1000,235,395,518,6075,0.0,0.0,0.0,0.0,0.0,0.0,0.0,0.0,0.0,0.0,0.0,0.0,0.0,0.0,0.0,0.0,0.0,0.0,0.0,0.0,0.0,0.0,0.0,0.0,0.0,0.0,0.0,0.0,0.0,0.0,0.0,0.0,0.0,0.0,0.0,0.0,0.0,0.0,0.0,0.0,0.0,0.0,0.0,0.0,0.0,0.0,0.0,0.0,0.0,0.0,0.0,0.0,0.0,0.0,0.0,0.0,0.0,0.0,0.0,0.0,0.0,0.0,0.0,0.0,0.0,0.0,0.0,0.0,0.0,0.0,0.0,0.0,0.0,0.0,0.0,0.0,0.0,0.0,0.0,0.0,0.0,0.0,0.0,0.0,0.0,0.0,0.0,0.0,0.0,0.0,0.0,0.0,0.0,0.0,0.0,0.0,0.0,0.0,0.0,0.0,0.0,0.0,0.0,0.0,0.0,0.0,0.0,0.0,0.0,0.0,0.0,0.0,0.0,0.0,0.0,0.0,0.0,0.0,0.0,0.0,0.0,0.0,0.0,0.0,0.0,0.0,0.0,0.0,0.0,0.0,0.0,0.0,0.0,0.0,0.0,0.0,0.0,0.0,0.0,0.0,0.0,0.0,0.0,0.0,0.0,0.0,0.0,0.0,0.0,0.0
ENCFF025DKC,0.7608840369019474,116649541,177990,3135,400,2,2646,1007,16,95,20,1057,138,162,121,78,120,433,2140,371,909,34,193,268,139,339,276,1655091,356,172,980,97,26746,230,185,92,402,182,0,0,4787,2145,1,29,0,14122,82,537,84,633845,266,46,45,29,62,49388,1,43,11,6,689,116,2,78,19,6,213677,3,7571,25901,6145,47,27,78832,3767,17,55,19,30,39,13,39,51,513,17,52,254,12,26,38,0,354,5,0,720,11,95,42148,2670,34,24334,7912,231,7408,171,16,1194,343,513,2,23456,7443,1848,0,2562,59839,26,1819,0,9,74,1651,6,181,59,1572,553,301,538,20,0,7579,254,662599,128,154,2480,14917,326895,1488,209,59,119618,396,2,1018584,0,15,125,3,546,79,17,1604,1048,85,452,233,57,153,65,63,30,476,547,503,11229,99,2,8,23,0,84,18,2158,8597,0,0,2044,53,60,4528,1173,552561,386,3511,5050,3831,1079,3523,2158,22,10636,11529,2917,2741,8976,35395,1001,117,4877,28,1,38,79,25,6,8,0,1004,2,1577,758,45,6,43826185,4136,171572,5867,209,291,200,4227,2178,2756,15,23088,1,11398,57,25,175,0,8,42,104,350,900,1,104,26,19,47,26,236,77,266,34,1044,703,154,11220,90,46,43,32,12,24,11,263,53,512,57,7,124,239,78,293,252,3221548,178,4824,143,19,25,18,36,17,62,2634,31,167,948,18,208,27,487,85,67,31,24,19,23,90,144,90,34,32,55,718,377,37,24,67,175,5,16,18,20,88,3,10518,25,4785,5,40,4,952,118,4234,2160,820,8,476,150,7,26,789,8333,47328,4328,2701,312,535,128,7,24,414,2135,426,231,305,71,438,7,0,5,27,16,340,44,349,44,30,100,278,127052,168,23344,21818,1203,94,444,1725597,130,19,576893,1497674,26,56,72,25,16,47,33728796,60,47,52,109,62,43,5190,17158,1929,669,0,17977,2146,0,87,846,376,2,884,41,102,77,527,96,199,45,424412,50,53,38,64,26,310,8,0,342,0,204,406,167,14,209018,63,4,40,283,1,256,123,10,198,11307,117,15426,172576,11935,5091,2426,309,1,708,0,8454,914,3190,20945,66,261,172,2,13,150,48846,50,33,91,45,35,0,12936,49,0,2,1330,937,0,166549,12,5322,9966,5184,711,5369,1382,80,7692,19516,2130,4024,18955,13305,26,45,25,20,22,38,146,54,129,75,1148,0.0,0.0,0.0,0.0,0.0,0.0,0.0,0.0,0.0,0.0,0.0,0.0,0.0,0.0,0.0,0.0,0.0,0.0,0.0,0.0,0.0,0.0,0.0,0.0,0.0,0.0,0.0,0.0,0.0,0.0,0.0,0.0,0.0,0.0,0.0,0.0,0.0,0.0,0.0,0.0,0.0,0.0,0.0,0.0,0.0,0.0,0.0,0.0,0.0,0.0,0.0,0.0,0.0,0.0,0.0,0.0,0.0,0.0,0.0,0.0,0.0,0.0,0.0,0.0,0.0,0.0,0.0,0.0,0.0,0.0,0.0,0.0,0.0,0.0,0.0,0.0,0.0,0.0,0.0,0.0,0.0,0.0,0.0,0.0,0.0,0.0,0.0,0.0,0.0,0.0,0.0,0.0,0.0,0.0,0.0,0.0,0.0,0.0,0.0,0.0,0.0,0.0,0.0,0.0,0.0,0.0,0.0,0.0,0.0,0.0,0.0,0.0,0.0,0.0,0.0,0.0,0.0,0.0,0.0,0.0,0.0,0.0,0.0,0.0,0.0,0.0,0.0,0.0,0.0,0.0,0.0,0.0,0.0,0.0,0.0,0.0,0.0,0.0,0.0,0.0,0.0,0.0,0.0,0.0,0.0,0.0,0.0,0.0,0.0,0.0
ENCFF000VOE,0.0754311158985894,3811,9,227,2431,35,3717,437,36,27,21,46,152,276,477,1408,1585,254,33,263,315,18,43,5,8,5,47,176,242,1531,268,18,15,21,120,90,3,133,2,3,500,767,3,51,3,4,30,352,1985,23,57,51,84,27,29,490,19,27,27,16,59,93,18,656,38,22,62,7,2951,3324,509,65,45,106,403,15,77,38,57,65,16,65,67,269,36,46,227,1,59,28,4,108,11,5,117,82,724,12024,725,6,2104,2945,165,2665,131,31,328,128,111,1,170,537,580,10,274,2205,195,1838,42,143,118,615,78,2904,84,404,173,67,239,32,6,2092,908,153,2346,494,1066,2124,42,281,146,62,239,2148,27,34,6,13,4,1,140,26,35,636,308,45,277,2634,310,30,73,160,192,180,384,363,369,2,12,6,62,6,138,40,235,292,2,0,42,60,49,1063,494,3141,136,1872,2119,891,2468,881,1771,20,1897,2287,692,613,1609,1282,412,52,56,29,2,48,53,14,8,1,0,281,24,2720,762,843,29,10277,2261,213,1914,1342,91,33,2451,1105,3259,292,2891,11,2992,3,12,52,15,14,49,24,223,144,2,49,61,29,64,30,146,93,25,10,278,205,123,176,85,30,46,43,26,23,23,31,73,324,71,24,124,149,141,939,1799,122,148,228,95,44,19,38,54,29,10,546,33,55,361,20,94,30,247,64,61,39,64,14,31,38,149,168,60,56,39,170,90,56,63,68,213,1,0,36,36,39,13,1045,9,693,2,29,5,469,52,453,435,451,2,158,10,23,73,245,4207,55,153,126,53,11,136,11,27,49,865,375,219,112,12,14,7,0,0,35,120,183,51,219,24,37,125,3581,28,146,7935,35,409,63,342,215,160,18,94,395,59,68,52,37,32,14,881,81,58,72,25,87,68,1804,11,688,154,3,1951,416,0,26,385,69,4,457,53,73,23,194,88,829,225,49,52,55,25,68,40,79,49,2,80,1,124,15,4,15,41,33,41,41,1948,134,629,346,92,35,76,21,2574,18,1002,147,872,95,18,206,1,2024,410,659,2732,118,1299,16,9,20,46,24,69,46,68,489,61,3,38,85,5,1,323,311,2,34,16,1729,2545,1909,432,2447,297,18,5222,5906,835,2537,4260,5419,20,30,41,64,16,53,94,25,24,33,441,0.0,0.0,0.0,0.0,0.0,0.0,0.0,0.0,0.0,0.0,0.0,0.0,0.0,0.0,0.0,0.0,0.0,0.0,0.0,0.0,0.0,0.0,0.0,0.0,0.0,0.0,0.0,0.0,0.0,0.0,0.0,0.0,0.0,0.0,0.0,0.0,0.0,0.0,0.0,0.0,0.0,0.0,0.0,0.0,0.0,0.0,0.0,0.0,0.0,0.0,0.0,0.0,0.0,0.0,0.0,0.0,0.0,0.0,0.0,0.0,0.0,0.0,0.0,0.0,0.0,0.0,0.0,0.0,0.0,0.0,0.0,0.0,0.0,0.0,0.0,0.0,0.0,0.0,0.0,0.0,0.0,0.0,0.0,0.0,0.0,0.0,0.0,0.0,0.0,0.0,0.0,0.0,0.0,0.0,0.0,0.0,0.0,0.0,0.0,0.0,0.0,0.0,0.0,0.0,0.0,0.0,0.0,0.0,0.0,0.0,0.0,0.0,0.0,0.0,0.0,0.0,0.0,0.0,0.0,0.0,0.0,0.0,0.0,0.0,0.0,0.0,0.0,0.0,0.0,0.0,0.0,0.0,0.0,0.0,0.0,0.0,0.0,0.0,0.0,0.0,0.0,0.0,0.0,0.0,0.0,0.0,0.0,0.0,0.0,0.0
ENCFF000QAQ,0.12268956370229654,32925,93,1879,8355,128,22316,4794,125,162,205,616,1275,442,1303,3964,3398,1163,249,1925,3651,173,480,69,36,41,566,1176,1335,6190,2643,180,132,255,937,614,48,1048,11,14,6192,7628,24,402,1,21,364,2622,4449,133,223,320,460,289,214,4682,96,232,269,73,500,645,31,1361,130,226,398,33,17597,27359,4961,398,227,664,4460,167,433,158,220,339,57,288,515,3202,129,182,1284,8,288,153,5,748,60,10,727,344,2445,100325,7116,48,19471,24579,1047,20949,1779,188,3874,1068,1055,13,1882,5583,5647,73,3377,23477,524,8539,67,306,549,5195,130,6299,441,4315,2038,414,1764,227,85,21346,2808,1868,3439,1611,10678,18706,229,2074,701,421,2247,7799,178,299,24,61,18,20,1395,181,365,7175,3206,452,2649,8003,889,324,458,482,438,1542,3003,3057,6118,31,53,22,278,13,593,178,2406,6499,26,11,198,442,389,10162,4678,26991,1038,13059,17650,7764,9553,6476,13102,149,17766,19745,7659,6167,15182,11790,3361,403,279,376,30,153,272,119,32,19,37,2810,42,9563,4491,880,97,94709,20841,2113,15653,3143,837,711,19670,8760,19181,730,32728,133,34951,28,224,638,51,70,342,409,1566,1755,8,172,261,148,290,131,966,575,421,120,2419,1606,1124,2658,341,91,205,230,118,114,78,422,347,2460,346,137,1136,998,831,2567,15378,957,965,2975,569,285,255,161,269,137,265,5851,158,245,3010,120,787,131,2079,268,358,152,279,158,127,319,804,811,252,291,243,1468,682,284,220,271,1407,64,13,130,172,414,143,10473,154,7064,9,316,120,3784,621,5769,4726,4960,10,1521,86,90,707,2931,24551,472,2039,1525,672,57,1089,140,166,477,7760,2591,1218,950,68,131,89,3,30,187,847,1774,251,2075,179,134,466,8885,239,756,88898,207,3829,315,2025,1419,978,122,373,2966,268,385,422,117,159,152,5925,481,344,423,324,436,462,15194,61,5325,1279,23,20374,4443,21,206,4128,897,72,2970,269,1068,205,1663,367,3731,794,450,256,416,177,506,309,1160,348,9,614,27,1033,63,26,143,369,121,141,256,9289,356,2534,1510,304,258,787,155,27823,126,9451,902,8469,878,191,1939,8,18975,3464,5708,25759,1676,3825,112,185,121,303,150,436,220,676,3464,376,12,193,325,18,14,2977,2852,4,335,141,15818,22087,13959,3669,22237,2606,221,31967,50936,6290,21428,38069,48154,107,99,238,204,71,277,1844,190,334,346,4180,0.0,0.0,0.0,0.0,0.0,0.0,0.0,0.0,0.0,0.0,0.0,0.0,0.0,0.0,0.0,0.0,0.0,0.0,0.0,0.0,0.0,0.0,0.0,0.0,0.0,0.0,0.0,0.0,0.0,0.0,0.0,0.0,0.0,0.0,0.0,0.0,0.0,0.0,0.0,0.0,0.0,0.0,0.0,0.0,0.0,0.0,0.0,0.0,0.0,0.0,0.0,0.0,0.0,0.0,0.0,0.0,0.0,0.0,0.0,0.0,0.0,0.0,0.0,0.0,0.0,0.0,0.0,0.0,0.0,0.0,0.0,0.0,0.0,0.0,0.0,0.0,0.0,0.0,0.0,0.0,0.0,0.0,0.0,0.0,0.0,0.0,0.0,0.0,0.0,0.0,0.0,0.0,0.0,0.0,0.0,0.0,0.0,0.0,0.0,0.0,0.0,0.0,0.0,0.0,0.0,0.0,0.0,0.0,0.0,0.0,0.0,0.0,0.0,0.0,0.0,0.0,0.0,0.0,0.0,0.0,0.0,0.0,0.0,0.0,0.0,0.0,0.0,0.0,0.0,0.0,0.0,0.0,0.0,0.0,0.0,0.0,0.0,0.0,0.0,0.0,0.0,0.0,0.0,0.0,0.0,0.0,0.0,0.0,0.0,0.0
ENCFF002BCG,0.16398304444211176,99032,318,7439,91309,1933,253452,8109,657,725,506,737,6543,6436,16389,55446,60431,6279,590,8293,9908,219,998,135,53,72,1800,4005,6880,49029,5547,421,358,801,3711,3342,182,3241,23,25,13159,16914,51,1005,33,80,853,10691,48446,602,1074,2242,3083,676,413,8569,265,470,811,168,1061,2695,680,23936,814,421,1274,37,97226,96079,9631,2137,1523,3087,6416,396,2408,1076,1659,1902,459,2203,2182,5707,1044,1229,7992,13,1891,1127,8,1609,162,25,2017,2882,44983,298033,15119,195,42780,62814,4705,54702,2322,1412,7222,2074,2287,31,4035,10686,10865,146,9325,48805,5367,69193,1377,5533,5401,14553,2430,100618,3132,10180,4210,1013,3610,508,166,38168,19713,2327,31609,15487,14586,41286,890,9095,4952,2411,6850,98993,443,773,206,150,32,44,3083,293,644,19386,7128,1120,6710,94407,8122,584,2230,1046,912,4972,6395,5674,6965,110,134,27,2130,24,3714,1464,1964,185,117,53,1307,1093,2027,23055,10981,68515,4661,50912,59909,30460,65292,25246,54617,364,44050,54078,16129,13819,36695,29060,9485,1773,896,1195,270,1066,1965,246,84,31,34,7326,485,78889,25732,15571,248,324003,72197,7364,48022,45448,1500,878,78866,36739,118243,13270,70931,481,67413,52,437,1047,111,627,1883,335,7676,3174,42,1632,1998,1325,2037,964,4681,2726,382,317,8775,5049,3679,4266,2609,763,1561,1565,737,759,594,589,2541,10076,3250,846,3200,4712,4430,21998,125562,3274,4597,4329,2688,1609,1197,1308,1903,1175,161,10831,1119,1853,7793,747,2792,887,7951,2406,2072,1321,1851,223,1039,1155,5227,5056,1814,2087,1541,4063,2996,1657,1711,2122,8605,62,51,898,1320,572,559,22152,185,14725,29,960,73,10225,984,10711,11525,14441,27,4222,224,243,1855,5930,160197,1112,3185,3748,1972,300,5555,244,141,945,26859,10892,5631,2034,64,262,206,16,64,1450,2280,4300,956,7170,1156,1098,2943,121342,1072,4668,201289,1062,9003,2119,9983,4579,5071,672,1730,10238,1799,1862,1949,904,884,506,23361,2402,1872,2015,917,2251,2473,40661,91,18430,3729,36,41341,11220,69,344,11180,912,56,12987,1656,1965,419,5560,2231,35649,8387,1480,1760,2132,938,2431,1818,1949,1224,32,1761,42,3119,161,90,216,932,196,1216,1253,94205,5438,22726,14063,3339,1124,1294,335,50512,540,25183,3804,18864,1908,635,4912,31,47421,9241,15219,70177,11979,29843,539,243,698,2020,962,2093,1548,3010,13642,1975,54,421,2389,40,21,5795,5721,11,1007,233,35513,70980,54536,13941,53979,6491,586,125464,144465,25410,72269,108549,123900,408,266,1664,1591,515,1877,1621,577,617,1152,12918,0.0,0.0,0.0,0.0,0.0,0.0,0.0,0.0,0.0,0.0,0.0,0.0,0.0,0.0,0.0,0.0,0.0,0.0,0.0,0.0,0.0,0.0,0.0,0.0,0.0,0.0,0.0,0.0,0.0,0.0,0.0,0.0,0.0,0.0,0.0,0.0,0.0,0.0,0.0,0.0,0.0,0.0,0.0,0.0,0.0,0.0,0.0,0.0,0.0,0.0,0.0,0.0,0.0,0.0,0.0,0.0,0.0,0.0,0.0,0.0,0.0,0.0,0.0,0.0,0.0,0.0,0.0,0.0,0.0,0.0,0.0,0.0,0.0,0.0,0.0,0.0,0.0,0.0,0.0,0.0,0.0,0.0,0.0,0.0,0.0,0.0,0.0,0.0,0.0,0.0,0.0,0.0,0.0,0.0,0.0,0.0,0.0,0.0,0.0,0.0,0.0,0.0,0.0,0.0,0.0,0.0,0.0,0.0,0.0,0.0,0.0,0.0,0.0,0.0,0.0,0.0,0.0,0.0,0.0,0.0,0.0,0.0,0.0,0.0,0.0,0.0,0.0,0.0,0.0,0.0,0.0,0.0,0.0,0.0,0.0,0.0,0.0,0.0,0.0,0.0,0.0,0.0,0.0,0.0,0.0,0.0,0.0,0.0,0.0,0.0
ENCFF716YLE,0.151982307474309,46309,115,2863,46040,332,113023,4333,224,113,109,248,2540,958,3743,20428,16437,1180,399,2222,2582,56,311,26,36,33,679,3230,2496,29334,1911,96,38,317,1743,1423,21,1605,11,3,4101,5207,59,226,47,22,479,4057,15798,283,379,1031,1265,178,132,2334,41,227,112,88,378,1332,341,8620,216,110,1000,112,25776,22847,2406,1009,626,1304,2162,119,1124,520,686,762,215,988,1049,1673,347,631,3069,6,766,640,10,511,150,34,835,930,24182,92011,4523,77,11980,17894,2071,15100,1154,565,1937,662,878,15,1447,3108,3503,90,2724,17393,1332,23170,179,853,1057,3893,459,46613,1165,3121,1223,191,1005,137,27,12995,4452,1173,24895,4702,4743,13359,140,2840,1976,1063,2001,21244,161,314,66,48,18,18,1069,253,329,5133,1654,149,2390,45447,2731,138,1120,792,686,1495,2197,2113,2241,12,63,24,981,32,1205,527,635,46,4,16,435,310,1018,5789,2902,20443,1649,13494,16221,8476,24317,9565,18062,163,13464,16607,4762,4372,12807,8740,3095,552,355,272,40,585,1069,59,23,23,41,2197,66,33865,7924,5358,280,97112,20551,2247,12797,15669,488,250,20408,9895,33899,1422,16998,34,16486,15,150,507,17,272,792,138,3066,1295,17,655,622,553,888,413,2069,1191,75,90,3504,2092,1069,1096,1303,358,645,690,412,285,220,137,1046,2734,703,334,999,1922,1605,9640,34162,2676,2024,1652,987,780,596,561,827,465,43,4182,440,1170,2752,331,1206,439,2191,1149,884,661,860,110,407,397,2083,1708,762,757,710,1469,1286,914,605,966,2658,20,34,389,663,256,621,7652,152,4850,18,162,45,3479,354,3901,3706,3913,30,1513,30,31,816,1529,47599,450,962,1600,551,116,1801,50,151,652,11067,2984,3318,726,54,172,41,26,37,539,797,1030,549,2023,606,387,1383,62333,224,1368,53355,342,3302,821,5004,3742,1731,230,629,3114,722,969,974,365,312,113,19253,1166,886,937,350,942,1114,13388,16,8214,734,39,12455,3914,15,213,2857,535,22,4722,642,431,67,2648,940,22953,1986,558,592,968,490,652,772,535,496,18,359,16,1288,125,82,43,293,1037,182,699,30863,933,7794,3639,682,353,329,118,13916,116,6616,1175,4734,716,55,1337,15,16284,2817,5394,21050,905,11915,120,142,374,806,373,789,696,868,5056,837,14,150,953,19,27,1632,1588,17,238,61,11759,19139,15316,3855,14289,1958,225,44842,41754,7526,19086,32118,35680,159,62,577,546,207,806,384,175,107,404,3748,0.0,0.0,0.0,0.0,0.0,0.0,0.0,0.0,0.0,0.0,0.0,0.0,0.0,0.0,0.0,0.0,0.0,0.0,0.0,0.0,0.0,0.0,0.0,0.0,0.0,0.0,0.0,0.0,0.0,0.0,0.0,0.0,0.0,0.0,0.0,0.0,0.0,0.0,0.0,0.0,0.0,0.0,0.0,0.0,0.0,0.0,0.0,0.0,0.0,0.0,0.0,0.0,0.0,0.0,0.0,0.0,0.0,0.0,0.0,0.0,0.0,0.0,0.0,0.0,0.0,0.0,0.0,0.0,0.0,0.0,0.0,0.0,0.0,0.0,0.0,0.0,0.0,0.0,0.0,0.0,0.0,0.0,0.0,0.0,0.0,0.0,0.0,0.0,0.0,0.0,0.0,0.0,0.0,0.0,0.0,0.0,0.0,0.0,0.0,0.0,0.0,0.0,0.0,0.0,0.0,0.0,0.0,0.0,0.0,0.0,0.0,0.0,0.0,0.0,0.0,0.0,0.0,0.0,0.0,0.0,0.0,0.0,0.0,0.0,0.0,0.0,0.0,0.0,0.0,0.0,0.0,0.0,0.0,0.0,0.0,0.0,0.0,0.0,0.0,0.0,0.0,0.0,0.0,0.0,0.0,0.0,0.0,0.0,0.0,0.0
ENCFF299JVW,0.06913043627981973,983793,4455,13496,956,6,14032,3084,74,292,126,1102,1499,140,713,118,17,1732,1679,2471,6282,161,730,63,48,4,223,13402,1371,449,2792,771,2903,1184,738,506,684,978,5,1,7356,9419,16,574,9,1272,159,2671,184,7263,249,352,497,427,602,48557,192,345,218,61,654,610,2,5,58,135,1614,2,24735,53395,27059,371,277,13087,6388,398,435,203,305,342,67,308,360,3540,139,165,1729,66,280,185,134,1926,31,0,635,261,108,167113,9624,28,81596,39906,1130,34763,446,254,4603,1772,1799,0,53246,28062,12010,536,4798,94878,226,7249,0,0,342,6669,1,141,367,8868,4490,664,2732,358,78,27088,1610,8708,223,946,10383,54191,25557,4197,255,426,5763,1589,100,6645,18,95,106,19,1655,206,343,10949,3793,723,2277,1091,505,1494,393,580,591,1730,2553,2277,24396,43,66,14,350,3,645,251,923,297,518,0,5333,498,412,19012,7138,66658,1548,15018,24343,8723,7257,12432,48559,107,30136,33018,10697,11959,29600,43993,4611,403,998,223,14,181,347,146,96,20,1,4523,14,6257,4570,7,20,319396,20108,3206,21449,909,845,891,22556,9834,16456,95,42062,91,39585,45,165,1463,0,104,323,208,1802,1688,1,230,389,220,342,156,918,483,7408,318,3840,1810,1405,8069,406,125,264,270,136,118,93,1724,420,3216,1362,147,1074,1023,738,1381,441,19125,1077,21249,690,245,221,226,333,221,778,6690,207,288,3971,105,921,115,2592,362,345,225,308,36,195,1136,1021,903,298,425,246,2493,845,235,255,333,1551,380,52,143,241,313,12,27720,196,16849,19,463,18,4103,562,12307,8650,4307,0,1809,102,160,42,2984,12027,865,3958,9328,1019,260,1083,147,78,578,9556,2901,1043,1130,265,1003,65,0,6,269,52,2265,211,2129,134,159,169,756,2524,734,133775,853,4689,322,2195,15781,1171,147,18686,59510,332,363,350,141,130,251,326535,385,349,390,571,372,437,21193,58,6402,3698,1,75393,7057,7,211,7413,623,32,3699,300,834,237,1531,391,319,254,3852,283,354,142,571,331,1131,81,1,3670,15,1291,111,110,175,3356,442,39,304,1547,19,1811,864,100,120,592,9,59275,1146,29046,977,10513,874,129,3588,2,25922,4268,7321,73748,595,602,480,98,108,512,2483,376,255,583,1052,356,9,3632,359,0,0,7141,3449,0,2391,329,16912,28947,24414,3525,24867,3451,157,31868,67432,9423,26007,49325,55606,128,196,276,223,78,281,1107,204,869,312,6791,0.0,0.0,0.0,0.0,0.0,0.0,0.0,0.0,0.0,0.0,0.0,0.0,0.0,0.0,0.0,0.0,0.0,0.0,0.0,0.0,0.0,0.0,0.0,0.0,0.0,0.0,0.0,0.0,0.0,0.0,0.0,0.0,0.0,0.0,0.0,0.0,0.0,0.0,0.0,0.0,0.0,0.0,0.0,0.0,0.0,0.0,0.0,0.0,0.0,0.0,0.0,0.0,0.0,0.0,0.0,0.0,0.0,0.0,0.0,0.0,0.0,0.0,0.0,0.0,0.0,0.0,0.0,0.0,0.0,0.0,0.0,0.0,0.0,0.0,0.0,0.0,0.0,0.0,0.0,0.0,0.0,0.0,0.0,0.0,0.0,0.0,0.0,0.0,0.0,0.0,0.0,0.0,0.0,0.0,0.0,0.0,0.0,0.0,0.0,0.0,0.0,0.0,0.0,0.0,0.0,0.0,0.0,0.0,0.0,0.0,0.0,0.0,0.0,0.0,0.0,0.0,0.0,0.0,0.0,0.0,0.0,0.0,0.0,0.0,0.0,0.0,0.0,0.0,0.0,0.0,0.0,0.0,0.0,0.0,0.0,0.0,0.0,0.0,0.0,0.0,0.0,0.0,0.0,0.0,0.0,0.0,0.0,0.0,0.0,0.0
ENCFF706GSP,0.16882979508598547,23128,128,1908,20378,224,44656,4557,214,207,243,377,2256,1342,3164,14205,12572,1819,531,2590,3529,107,527,45,47,43,730,466,2606,13866,2722,214,63,341,1385,1240,27,1579,9,1,5550,8820,55,522,35,36,477,4971,16226,48,418,796,1075,337,226,5169,98,304,281,86,607,980,111,5284,1492,65,127,35,26972,37402,5363,878,563,1197,3798,251,1023,426,583,751,179,793,874,2676,382,457,2958,10,661,486,11,767,142,18,1200,792,5447,128220,7776,82,21089,30536,1971,26654,1044,522,3871,1095,1189,24,2328,5616,5983,111,3217,25030,1070,20960,132,632,841,5919,280,35394,958,4297,1855,536,1916,361,104,24715,5396,372,22263,3896,9038,24059,72,3223,1579,890,2748,18214,136,145,62,58,10,27,1958,270,274,6813,3165,373,2395,23612,2413,390,846,1146,1143,2207,3464,3224,3992,30,93,48,797,24,1240,432,900,215,25,17,383,575,783,11055,5576,32551,1827,18589,22364,10425,24072,10161,20437,205,20932,24961,8165,6971,17405,13934,3723,683,82,354,132,437,730,96,34,14,18,3090,126,28201,7279,5171,246,117670,24235,2491,20135,10001,792,381,26175,11604,31801,1486,32021,105,30811,16,259,531,24,232,709,259,3151,2029,27,538,633,473,803,333,1847,1040,140,144,4122,2243,1568,1881,1073,293,526,565,274,246,193,295,941,3417,712,267,1246,1882,1537,8231,32194,396,1775,2481,1034,621,442,500,746,439,65,5492,367,874,3716,287,1337,349,3022,947,728,499,772,124,351,407,2049,1611,612,725,676,1699,1254,700,554,941,3153,15,22,317,513,341,159,11510,72,6630,15,287,36,5100,606,5187,4503,5306,13,2140,48,91,804,3186,40442,552,1629,1454,791,32,1941,148,232,700,10725,3652,2405,1159,27,213,53,8,13,501,1092,1763,412,2595,431,397,1095,31063,256,1597,89394,377,4737,825,4232,720,1820,260,203,2816,579,780,784,299,337,253,2693,928,692,827,405,914,988,18661,34,8957,1461,23,19572,4727,19,247,3845,585,17,5536,623,960,130,2524,816,9491,1993,376,583,863,383,820,723,868,379,10,490,11,1399,85,40,137,184,184,184,436,17710,624,6174,2835,569,425,561,112,25945,65,11034,1094,8716,1138,166,2242,15,21837,4285,7009,30130,2285,12911,175,83,269,748,349,772,546,1010,4054,807,12,151,878,28,21,3050,3264,15,111,93,19566,27220,20782,4725,26456,3227,253,52860,63540,8643,27992,48911,57644,167,132,554,507,178,708,726,242,279,502,4884,0.0,0.0,0.0,0.0,0.0,0.0,0.0,0.0,0.0,0.0,0.0,0.0,0.0,0.0,0.0,0.0,0.0,0.0,0.0,0.0,0.0,0.0,0.0,0.0,0.0,0.0,0.0,0.0,0.0,0.0,0.0,0.0,0.0,0.0,0.0,0.0,0.0,0.0,0.0,0.0,0.0,0.0,0.0,0.0,0.0,0.0,0.0,0.0,0.0,0.0,0.0,0.0,0.0,0.0,0.0,0.0,0.0,0.0,0.0,0.0,0.0,0.0,0.0,0.0,0.0,0.0,0.0,0.0,0.0,0.0,0.0,0.0,0.0,0.0,0.0,0.0,0.0,0.0,0.0,0.0,0.0,0.0,0.0,0.0,0.0,0.0,0.0,0.0,0.0,0.0,0.0,0.0,0.0,0.0,0.0,0.0,0.0,0.0,0.0,0.0,0.0,0.0,0.0,0.0,0.0,0.0,0.0,0.0,0.0,0.0,0.0,0.0,0.0,0.0,0.0,0.0,0.0,0.0,0.0,0.0,0.0,0.0,0.0,0.0,0.0,0.0,0.0,0.0,0.0,0.0,0.0,0.0,0.0,0.0,0.0,0.0,0.0,0.0,0.0,0.0,0.0,0.0,0.0,0.0,0.0,0.0,0.0,0.0,0.0,0.0
ENCFF002BFA,0.18310173345475203,98465,129,2389,20536,500,81754,7275,255,409,347,567,2755,2555,6887,11042,19950,2975,913,4707,5375,168,904,56,108,92,872,6933,3195,32115,4628,351,166,513,1920,1639,58,2449,32,12,8253,13299,98,651,25,37,820,6266,13820,789,898,1015,1252,605,398,7807,199,442,440,143,1258,1369,158,8342,667,480,1871,60,38333,49664,9831,1111,651,2025,7535,439,1336,582,756,832,222,958,1271,3933,441,478,3385,24,814,541,20,1338,192,45,1359,919,9988,173548,10617,102,29291,40972,2676,35627,1257,560,6361,1746,1789,34,3152,7977,8213,194,4245,43146,2095,43676,327,1436,1415,8416,705,57041,1255,6582,2909,779,3131,520,180,34661,9183,5002,14671,6565,15450,34689,460,4137,3930,1180,4563,32746,552,988,98,127,26,70,2925,429,461,10136,5036,634,4833,21417,2174,516,1239,1595,1286,3039,4302,3944,6151,79,273,80,929,89,1472,534,1279,2059,46,8,529,945,1033,17776,8067,49678,2301,29276,36917,14617,29056,14302,27547,397,29671,35403,12502,10920,26092,21533,5766,852,1406,806,46,592,938,243,96,78,338,4103,271,41958,9791,10049,536,161281,37368,4043,29342,17037,1456,533,37975,17393,44991,3309,49369,133,49205,59,366,700,96,291,890,292,3870,3107,45,640,843,517,836,413,2453,1519,254,249,5563,3378,2156,3470,1285,270,700,702,360,333,237,500,1081,4721,911,349,1700,2496,2098,7147,10578,3835,2539,3563,1330,768,620,609,868,457,102,8556,504,998,6071,300,1787,434,4130,1053,1017,522,918,195,461,527,2409,1981,733,801,760,2596,1563,931,753,942,3642,30,40,360,605,772,319,17874,221,10762,37,422,93,7896,1150,8366,6909,7479,41,3630,220,187,2215,5140,55543,1096,2656,2190,1244,281,2478,322,347,1317,15059,6330,3202,1869,99,212,118,20,100,600,1320,2532,734,3554,462,599,1066,34068,703,1966,128779,438,7093,954,6178,7155,2345,344,2815,7969,670,1003,1076,338,422,395,38686,1258,964,1106,388,1192,1331,27859,132,11830,2181,39,30158,8930,87,387,6503,1054,113,7114,753,1930,282,3500,1085,16152,2087,1446,799,1147,463,1257,861,1882,1021,47,1169,79,1926,165,20,254,936,481,458,784,16328,1225,6133,3985,951,566,836,256,40297,391,15744,1991,13768,1886,234,3298,27,30348,5927,9989,43836,1129,13074,205,286,404,1071,456,1062,581,1179,7355,1008,18,1090,967,30,72,4579,5266,13,1113,240,29228,36225,26858,6678,36958,4434,392,64519,88341,11587,36647,67016,81885,266,185,648,639,205,819,1365,367,400,748,6857,0.0,0.0,0.0,0.0,0.0,0.0,0.0,0.0,0.0,0.0,0.0,0.0,0.0,0.0,0.0,0.0,0.0,0.0,0.0,0.0,0.0,0.0,0.0,0.0,0.0,0.0,0.0,0.0,0.0,0.0,0.0,0.0,0.0,0.0,0.0,0.0,0.0,0.0,0.0,0.0,0.0,0.0,0.0,0.0,0.0,0.0,0.0,0.0,0.0,0.0,0.0,0.0,0.0,0.0,0.0,0.0,0.0,0.0,0.0,0.0,0.0,0.0,0.0,0.0,0.0,0.0,0.0,0.0,0.0,0.0,0.0,0.0,0.0,0.0,0.0,0.0,0.0,0.0,0.0,0.0,0.0,0.0,0.0,0.0,0.0,0.0,0.0,0.0,0.0,0.0,0.0,0.0,0.0,0.0,0.0,0.0,0.0,0.0,0.0,0.0,0.0,0.0,0.0,0.0,0.0,0.0,0.0,0.0,0.0,0.0,0.0,0.0,0.0,0.0,0.0,0.0,0.0,0.0,0.0,0.0,0.0,0.0,0.0,0.0,0.0,0.0,0.0,0.0,0.0,0.0,0.0,0.0,0.0,0.0,0.0,0.0,0.0,0.0,0.0,0.0,0.0,0.0,0.0,0.0,0.0,0.0,0.0,0.0,0.0,0.0
ENCFF000OEV,0.15178788344458455,43155,232,2906,22601,666,85991,5531,234,483,250,706,2957,3736,7633,13013,27550,2868,493,4757,5081,211,703,73,111,79,696,1573,2619,20323,4036,246,149,448,1500,1386,50,1798,34,50,6488,10666,56,575,48,93,503,4953,13186,199,453,769,1091,467,317,8192,185,338,361,211,804,1567,362,8785,211,296,399,230,36230,39618,6738,778,528,1255,7495,248,995,455,656,704,186,821,907,3210,415,386,2815,16,701,403,33,1275,1869,77,1147,949,12106,144715,9405,90,25548,35102,2182,30360,932,481,4867,1420,1536,16,3299,7580,7543,107,3919,30909,2392,31345,496,1935,1871,7651,844,38128,1034,5309,2820,670,2787,409,146,31425,11060,996,18154,7278,15882,27645,308,3713,2774,973,3238,26173,263,393,91,143,49,38,2026,485,885,9019,4497,647,3783,23786,2674,397,935,1325,1017,2476,3933,3554,6063,89,155,79,793,29,1361,468,733,551,29,0,499,673,830,14216,6306,38763,1894,24820,28479,11473,22753,11165,22502,261,24068,27756,9780,8142,20676,16675,4778,676,361,677,60,398,731,227,101,38,70,3338,380,32594,8880,9900,223,190475,33519,3167,23531,17023,1071,573,32436,14425,42973,3891,39230,130,40428,146,271,992,386,265,786,198,3133,2583,40,521,831,488,677,390,2049,1138,696,245,3916,2837,1826,2904,949,266,508,575,290,317,246,533,923,4020,1046,304,1514,1932,1813,6933,13816,930,1979,2998,1100,640,491,484,755,365,253,6591,422,701,5077,317,1309,383,3382,819,727,450,720,444,424,458,2024,1947,665,745,585,2145,1259,651,627,762,3120,28,39,325,477,658,350,13941,158,9093,30,515,106,6023,779,6649,5732,6314,49,2323,145,158,1136,4075,50544,657,1726,1732,960,78,2119,239,544,620,11834,5665,3992,1333,76,196,118,20,96,487,1064,2335,457,3402,456,442,1241,33411,356,1680,111615,451,5315,804,4501,1641,2168,291,699,4258,659,833,879,363,350,245,8282,967,795,887,328,920,1079,22326,84,8678,1922,21,24956,9624,18,268,4981,722,118,5474,624,1380,301,2578,971,11298,2121,608,678,907,417,930,651,1305,620,37,957,84,1597,108,39,222,473,377,667,593,21539,1821,6635,4366,1091,396,790,253,35916,201,13774,1431,11461,1318,282,2497,79,25336,4997,8576,39600,1102,11191,209,203,381,756,465,920,590,1199,6191,799,30,294,779,14,53,3585,3836,6,293,294,23274,34160,25696,6048,31714,3876,464,53877,79021,10866,34597,57069,71256,242,152,552,577,219,637,1444,300,463,606,5849,0.0,0.0,0.0,0.0,0.0,0.0,0.0,0.0,0.0,0.0,0.0,0.0,0.0,0.0,0.0,0.0,0.0,0.0,0.0,0.0,0.0,0.0,0.0,0.0,0.0,0.0,0.0,0.0,0.0,0.0,0.0,0.0,0.0,0.0,0.0,0.0,0.0,0.0,0.0,0.0,0.0,0.0,0.0,0.0,0.0,0.0,0.0,0.0,0.0,0.0,0.0,0.0,0.0,0.0,0.0,0.0,0.0,0.0,0.0,0.0,0.0,0.0,0.0,0.0,0.0,0.0,0.0,0.0,0.0,0.0,0.0,0.0,0.0,0.0,0.0,0.0,0.0,0.0,0.0,0.0,0.0,0.0,0.0,0.0,0.0,0.0,0.0,0.0,0.0,0.0,0.0,0.0,0.0,0.0,0.0,0.0,0.0,0.0,0.0,0.0,0.0,0.0,0.0,0.0,0.0,0.0,0.0,0.0,0.0,0.0,0.0,0.0,0.0,0.0,0.0,0.0,0.0,0.0,0.0,0.0,0.0,0.0,0.0,0.0,0.0,0.0,0.0,0.0,0.0,0.0,0.0,0.0,0.0,0.0,0.0,0.0,0.0,0.0,0.0,0.0,0.0,0.0,0.0,0.0,0.0,0.0,0.0,0.0,0.0,0.0
ENCFF444RSD,0.1701721839475783,85743,86,2507,22159,390,62899,6985,261,338,331,558,3199,1875,5199,11405,13444,2632,676,6874,5280,139,710,46,51,57,849,5525,3219,34488,4127,286,158,464,1770,1755,62,2313,33,21,8910,11813,87,669,52,13,693,6009,15081,633,510,1184,1352,525,332,6925,158,350,345,145,979,1535,139,8302,532,661,1696,133,37027,46920,7517,1058,664,1885,5718,374,1343,569,685,860,227,1028,1183,3646,465,543,3700,14,841,543,15,1148,152,30,1335,998,10960,162559,9550,98,27071,38373,2411,33395,1383,596,5627,1712,1699,23,3046,7639,7613,135,4425,40117,1635,35877,246,1144,1210,7953,503,49138,1289,6691,2743,663,2551,407,138,30685,6910,4920,15300,5264,14402,30772,463,4332,6819,1213,4179,36003,496,974,88,104,29,70,2502,381,662,10034,4370,589,4200,23450,2382,472,1206,1102,893,2632,4140,3935,5543,60,219,60,1064,69,1541,613,1533,584,63,15,561,836,1087,16301,7437,46871,2355,26322,32802,14435,32110,14200,28063,295,29062,34397,12238,9653,25289,19753,5514,922,1019,623,84,582,966,165,88,44,168,4124,199,43613,10444,6796,522,145242,34780,3916,26739,15747,1262,576,35319,16259,44505,2427,44343,110,44436,34,371,790,74,322,924,321,3983,2823,44,653,911,602,938,428,2473,1472,260,237,5457,3185,2061,3472,1338,324,644,708,328,348,254,438,1195,4663,944,363,1630,2462,2114,7404,19768,3601,2462,3448,1251,823,618,535,967,463,154,8206,470,1026,5399,318,1675,415,4226,1155,1000,564,911,245,432,597,2496,2174,734,940,724,2352,1537,891,770,1015,3993,22,29,410,660,626,299,15838,123,9536,19,369,96,6991,948,7730,6526,7136,24,3141,142,147,1497,4517,51788,942,2564,2169,1122,278,2708,256,294,1093,15471,8103,4174,1679,27,190,59,6,43,673,1119,2512,673,3618,464,514,959,32258,585,1966,123035,470,6433,926,6198,6171,2376,292,2721,7303,779,1018,1061,388,412,349,32614,1255,972,1056,450,1230,1288,24749,71,11522,1967,12,27476,7951,89,392,6307,1002,60,6959,767,1892,235,3315,1057,15849,2502,1152,760,1075,503,1225,855,1496,870,35,1061,51,1896,174,37,221,870,405,332,597,14942,944,6697,3896,790,542,821,134,36085,290,14785,1837,11740,1760,219,2938,36,28672,5619,10058,43043,2136,12510,204,202,388,1159,393,1054,743,1375,5885,1018,18,851,1079,33,37,4104,4341,14,830,192,26056,35928,27582,6855,34221,3963,393,61815,85388,11700,35717,63850,76803,227,160,704,698,204,813,1152,316,405,752,7011,0.0,0.0,0.0,0.0,0.0,0.0,0.0,0.0,0.0,0.0,0.0,0.0,0.0,0.0,0.0,0.0,0.0,0.0,0.0,0.0,0.0,0.0,0.0,0.0,0.0,0.0,0.0,0.0,0.0,0.0,0.0,0.0,0.0,0.0,0.0,0.0,0.0,0.0,0.0,0.0,0.0,0.0,0.0,0.0,0.0,0.0,0.0,0.0,0.0,0.0,0.0,0.0,0.0,0.0,0.0,0.0,0.0,0.0,0.0,0.0,0.0,0.0,0.0,0.0,0.0,0.0,0.0,0.0,0.0,0.0,0.0,0.0,0.0,0.0,0.0,0.0,0.0,0.0,0.0,0.0,0.0,0.0,0.0,0.0,0.0,0.0,0.0,0.0,0.0,0.0,0.0,0.0,0.0,0.0,0.0,0.0,0.0,0.0,0.0,0.0,0.0,0.0,0.0,0.0,0.0,0.0,0.0,0.0,0.0,0.0,0.0,0.0,0.0,0.0,0.0,0.0,0.0,0.0,0.0,0.0,0.0,0.0,0.0,0.0,0.0,0.0,0.0,0.0,0.0,0.0,0.0,0.0,0.0,0.0,0.0,0.0,0.0,0.0,0.0,0.0,0.0,0.0,0.0,0.0,0.0,0.0,0.0,0.0,0.0,0.0
ENCFF957DUJ,0.1441704831473423,111931,485,5699,111954,1106,330536,16140,864,513,483,922,9060,3991,20703,60408,69568,4253,1491,12835,9999,221,1233,124,134,118,3702,6351,8732,53686,6978,320,147,1144,5992,5703,67,5691,49,9,15225,19988,129,788,156,116,2077,15535,60679,494,1904,3688,4252,643,472,9926,260,764,468,244,1534,4398,1473,38447,7214,1152,1920,284,108644,89769,10369,3699,2144,4901,10105,370,4177,1899,2311,2688,739,3400,3816,6246,1335,2246,10969,31,2603,2117,60,1958,329,61,2298,3396,43516,307763,18493,276,48675,73551,7272,63898,4066,2041,7829,2584,3194,52,5858,12815,13879,373,10000,61087,4274,80292,447,2199,2993,13795,958,140226,4006,11138,4314,706,4022,349,118,51187,19182,2680,67959,18413,17824,50297,272,10930,13231,3659,7109,121203,1166,702,374,183,119,58,4016,637,966,19952,7149,613,8455,110669,8531,557,3987,1916,1904,5507,7314,6436,10121,89,222,98,3379,66,4180,1879,2562,546,52,51,1507,1076,3604,23805,11983,78222,6444,52737,71150,31770,67221,33343,61978,655,50220,62496,17822,17156,49708,35646,11140,2330,774,1591,218,2120,3572,186,46,97,96,8081,274,103499,25078,22589,669,455585,86812,9188,62189,65981,1963,942,84781,43765,141866,6104,77012,333,67990,26,561,1596,61,874,2819,597,11273,5065,51,2302,2333,1841,3234,1430,7513,4234,333,507,13347,7901,4161,5210,4926,1074,2470,2471,1323,956,747,576,3857,11787,2793,1167,3433,7219,5512,31199,127280,5711,7031,6346,3394,2668,2141,1956,2925,1666,135,15676,1622,4121,10462,988,4225,1583,8577,4228,3288,2576,3079,274,1433,1198,7495,6204,2539,2752,2507,5312,4674,3314,2140,3451,9912,57,53,1261,2344,915,575,25166,193,16122,33,610,72,12242,1343,13994,12850,18044,71,5495,149,115,4093,6042,209441,1186,3845,5957,2321,301,6911,197,601,2848,43928,16806,10240,2743,57,218,107,43,131,1987,2736,4310,2130,7958,2002,1430,4409,160537,803,4961,212294,1337,12555,3050,17745,7908,6141,922,1536,9839,2429,3340,3344,1280,989,420,38198,4260,3144,3417,1461,3503,3869,48831,74,31153,2933,97,49343,14070,70,876,11852,1963,69,17918,2331,1485,245,9837,3200,59152,7766,1420,2202,3459,1703,2436,2768,2048,1989,52,1672,68,4698,242,70,147,661,840,560,1797,82532,2570,23571,11284,1758,1517,1317,345,51692,237,27060,3806,19147,2592,247,4975,45,79728,12733,24021,92003,6891,62325,417,793,1147,3040,1504,2972,2456,3222,12225,3026,44,474,3359,70,67,5832,6482,58,545,235,50109,80872,62850,16227,60574,8846,4010,148350,173270,28513,80266,138459,148713,560,244,2117,2023,770,2864,1369,653,482,1442,13411,0.0,0.0,0.0,0.0,0.0,0.0,0.0,0.0,0.0,0.0,0.0,0.0,0.0,0.0,0.0,0.0,0.0,0.0,0.0,0.0,0.0,0.0,0.0,0.0,0.0,0.0,0.0,0.0,0.0,0.0,0.0,0.0,0.0,0.0,0.0,0.0,0.0,0.0,0.0,0.0,0.0,0.0,0.0,0.0,0.0,0.0,0.0,0.0,0.0,0.0,0.0,0.0,0.0,0.0,0.0,0.0,0.0,0.0,0.0,0.0,0.0,0.0,0.0,0.0,0.0,0.0,0.0,0.0,0.0,0.0,0.0,0.0,0.0,0.0,0.0,0.0,0.0,0.0,0.0,0.0,0.0,0.0,0.0,0.0,0.0,0.0,0.0,0.0,0.0,0.0,0.0,0.0,0.0,0.0,0.0,0.0,0.0,0.0,0.0,0.0,0.0,0.0,0.0,0.0,0.0,0.0,0.0,0.0,0.0,0.0,0.0,0.0,0.0,0.0,0.0,0.0,0.0,0.0,0.0,0.0,0.0,0.0,0.0,0.0,0.0,0.0,0.0,0.0,0.0,0.0,0.0,0.0,0.0,0.0,0.0,0.0,0.0,0.0,0.0,0.0,0.0,0.0,0.0,0.0,0.0,0.0,0.0,0.0,0.0,0.0
ENCFF219BIC,0.12342695095450418,462260,22377,23719,257668,2181,277575,77204,1603,1774,1771,8443,32227,13314,29192,117383,88822,15230,3006,34706,37849,1362,4479,532,468,574,11421,24322,17992,139558,25869,1818,1631,5902,13642,12278,823,15527,288,1032,72429,73679,798,5114,327,6359,7802,37774,110218,3083,2828,5003,7322,3132,4017,52708,1290,2162,3076,2036,5119,16163,2470,70921,2287,2168,7100,3554,269815,281430,57974,8842,3554,10536,42957,1894,10802,2519,4045,4988,1083,4967,10272,23828,2289,2451,20344,159,4348,2563,186,8645,1244,234,10546,6562,88330,1052485,68446,665,183319,277864,15523,236663,11315,3135,40088,14229,18016,197,27072,64959,65714,1318,32204,228610,11614,137094,1508,6620,8336,57995,2769,195520,9218,40960,19747,7746,19320,2424,1135,210789,44358,15125,154805,30805,119118,186384,3915,33315,17589,12890,26034,159730,3963,3850,805,584,364,255,14493,2217,15939,67656,30669,3926,27907,260846,15963,2859,10312,10153,8404,19380,34320,27258,54769,877,1311,374,5253,199,9289,2924,13350,3737,455,63,3811,5072,9065,105987,45414,284377,12288,150370,185753,90616,142884,86754,165742,1443,183291,216840,70005,58871,182132,126153,60527,5448,4417,4543,787,2459,4657,1479,568,297,462,27006,1583,178527,60887,35808,2181,4448597,232814,23115,160718,122105,7633,5605,229833,124746,309331,13557,324482,1500,300461,570,2952,10768,6831,1401,7957,6989,23327,17144,707,3174,4410,2696,4524,2225,22164,11515,6176,3359,27785,21877,12788,29319,6034,1546,3135,3870,1706,1675,1258,5384,5399,35222,6145,1832,10428,18877,15804,55360,144431,14306,17425,32032,7265,7112,6501,3088,4935,2446,2681,66974,2559,4125,39695,1870,10505,2015,25367,4926,6999,2704,4553,4122,2343,3963,12257,12451,4043,4535,3667,15712,8089,4024,3749,4522,21581,180,223,2000,3038,5068,1660,103037,905,77670,190,3540,412,42103,5335,57737,47666,47456,199,18630,642,1470,6592,25351,317357,5503,19121,17620,6363,1116,22651,1284,3312,5151,114189,42493,46359,9052,336,2481,742,141,420,3248,10064,15382,7686,25143,2592,2468,6369,299708,2704,11177,799391,7390,37549,5403,36303,26721,15387,1615,10894,44042,3845,10009,9786,1766,2102,1707,128364,11834,6428,10978,4980,10942,10470,169375,495,62857,14439,317,204910,45139,330,1991,55530,10066,733,36963,4026,11913,2211,24848,8252,130271,14978,7316,3988,9432,2243,6126,4300,9684,4464,242,7059,156,15423,1232,441,1529,5116,3747,2958,4317,150784,6052,40774,23535,4475,2835,10663,1261,253364,2534,104298,12214,79397,9317,2692,17174,1164,254100,43701,82363,371096,14958,78046,1446,1647,1995,6085,16409,10982,3465,9066,34910,9552,342,3998,4964,354,448,26561,26545,74,5348,1974,162424,247350,185816,47366,225379,26599,2548,425003,577132,77358,247220,425770,521729,1819,1145,3810,3273,1084,4428,11427,2408,2771,5477,42373,0.0,0.0,0.0,0.0,0.0,0.0,0.0,0.0,0.0,0.0,0.0,0.0,0.0,0.0,0.0,0.0,0.0,0.0,0.0,0.0,0.0,0.0,0.0,0.0,0.0,0.0,0.0,0.0,0.0,0.0,0.0,0.0,0.0,0.0,0.0,0.0,0.0,0.0,0.0,0.0,0.0,0.0,0.0,0.0,0.0,0.0,0.0,0.0,0.0,0.0,0.0,0.0,0.0,0.0,0.0,0.0,0.0,0.0,0.0,0.0,0.0,0.0,0.0,0.0,0.0,0.0,0.0,0.0,0.0,0.0,0.0,0.0,0.0,0.0,0.0,0.0,0.0,0.0,0.0,0.0,0.0,0.0,0.0,0.0,0.0,0.0,0.0,0.0,0.0,0.0,0.0,0.0,0.0,0.0,0.0,0.0,0.0,0.0,0.0,0.0,0.0,0.0,0.0,0.0,0.0,0.0,0.0,0.0,0.0,0.0,0.0,0.0,0.0,0.0,0.0,0.0,0.0,0.0,0.0,0.0,0.0,0.0,0.0,0.0,0.0,0.0,0.0,0.0,0.0,0.0,0.0,0.0,0.0,0.0,0.0,0.0,0.0,0.0,0.0,0.0,0.0,0.0,0.0,0.0,0.0,0.0,0.0,0.0,0.0,0.0
ENCFF000CUU,0.13958831589217596,38114,214,3587,36144,1298,103977,10433,226,409,304,558,3441,3845,8308,12911,26378,3288,423,7714,6140,166,668,115,51,36,1142,661,3403,22015,4038,233,146,565,1842,1658,44,1990,36,15,8924,10795,32,704,41,120,502,5956,23555,47,570,1103,1355,478,327,6344,112,314,269,312,774,1525,538,14680,326,345,129,49,49769,46760,6874,1007,784,1268,4888,232,1150,459,802,903,220,1063,1117,3714,417,572,3933,10,809,481,19,1253,167,25,1253,1449,13927,171174,10794,82,28530,44999,2552,38104,1182,690,5862,2045,2528,41,3682,8476,8293,134,4778,33873,2187,27296,420,1909,2181,8728,715,40931,1404,6609,3072,1090,2588,343,130,28370,13049,396,20477,8937,11505,27926,179,4842,2366,1166,4192,42339,330,240,100,119,43,16,2250,261,598,11481,4568,576,3859,37509,3414,467,1168,762,721,2837,4379,3785,5899,134,180,48,1078,40,1866,594,1399,217,19,20,529,894,1026,15234,6835,44318,2350,31196,65851,20886,41441,14537,28753,260,30417,36179,10418,9348,31111,18433,6284,1178,134,597,74,626,1006,158,69,19,38,4561,205,35198,11513,10293,460,216036,36101,3544,26869,25409,1345,617,40107,17924,58864,3955,45643,191,44077,54,639,798,132,240,971,304,3943,2222,51,692,960,620,1010,409,2417,1392,333,254,4594,3072,2021,5741,1279,368,616,772,382,355,248,500,1207,6430,1313,410,1759,2291,2134,10487,33109,564,2350,3166,1424,909,724,614,1053,549,149,7257,469,824,5109,338,1469,405,4225,1232,1045,635,987,213,429,585,2476,2469,810,936,730,2468,1544,725,757,1041,4236,7,33,333,621,521,635,15711,135,9948,25,538,98,7016,843,7408,7562,7268,5,3029,121,203,1118,3928,62398,583,1796,2216,1137,65,2735,152,255,653,18601,6898,3390,2743,22,192,99,6,41,669,855,2346,585,3571,538,424,1694,48319,405,2143,120102,602,5672,993,5429,821,2622,306,287,3874,788,989,1067,367,390,265,3419,1247,969,1088,633,1124,1259,27045,54,10825,2376,38,27193,7058,50,256,10848,667,49,6808,834,1352,316,2952,1131,21428,3179,645,765,1149,444,1279,907,1120,463,8,969,35,2084,163,739,173,384,345,528,718,34131,1682,9444,7242,1104,508,1696,231,34420,90,14353,1604,12088,1225,327,2793,27,38886,7732,11519,49852,3850,18548,208,103,361,935,497,1139,810,1560,5562,1068,70,201,1161,58,23,4426,4142,10,220,208,23603,43747,38452,7670,35067,4367,336,69720,96234,14696,47465,69504,84516,282,132,771,686,213,900,1361,293,434,825,7028,0.0,0.0,0.0,0.0,0.0,0.0,0.0,0.0,0.0,0.0,0.0,0.0,0.0,0.0,0.0,0.0,0.0,0.0,0.0,0.0,0.0,0.0,0.0,0.0,0.0,0.0,0.0,0.0,0.0,0.0,0.0,0.0,0.0,0.0,0.0,0.0,0.0,0.0,0.0,0.0,0.0,0.0,0.0,0.0,0.0,0.0,0.0,0.0,0.0,0.0,0.0,0.0,0.0,0.0,0.0,0.0,0.0,0.0,0.0,0.0,0.0,0.0,0.0,0.0,0.0,0.0,0.0,0.0,0.0,0.0,0.0,0.0,0.0,0.0,0.0,0.0,0.0,0.0,0.0,0.0,0.0,0.0,0.0,0.0,0.0,0.0,0.0,0.0,0.0,0.0,0.0,0.0,0.0,0.0,0.0,0.0,0.0,0.0,0.0,0.0,0.0,0.0,0.0,0.0,0.0,0.0,0.0,0.0,0.0,0.0,0.0,0.0,0.0,0.0,0.0,0.0,0.0,0.0,0.0,0.0,0.0,0.0,0.0,0.0,0.0,0.0,0.0,0.0,0.0,0.0,0.0,0.0,0.0,0.0,0.0,0.0,0.0,0.0,0.0,0.0,0.0,0.0,0.0,0.0,0.0,0.0,0.0,0.0,0.0,0.0
ENCFF094FKH,0.1872068138370198,66060,82,1045,17277,174,65616,15166,273,256,180,1296,3586,1206,2227,8729,7483,5195,743,2673,7797,403,927,141,87,83,1323,2523,3261,8788,3909,147,110,496,1845,1562,14,2531,34,31,13748,11776,33,232,22,17,654,9442,6969,123,3121,952,1133,141,418,8920,46,439,267,139,1625,2308,68,2463,152,108,630,377,20689,38693,9659,1033,585,1795,12729,26,1193,502,652,736,151,983,1328,2897,319,543,2843,18,645,655,14,2756,140,22,2702,405,4195,170727,18631,252,46243,47322,2259,47040,1671,595,3621,1039,2294,22,3509,9281,13790,416,6938,41002,615,17366,64,321,510,6970,159,19605,938,8202,2994,206,2440,132,79,43476,2339,1073,4906,2669,25985,34665,59,3258,2392,1044,2607,13240,354,280,18,75,26,7,2229,780,1231,15717,5816,509,3109,14096,980,198,1252,1198,547,3495,4143,5327,11685,56,83,31,842,38,872,453,3626,405,3,4,348,334,1230,17422,9707,47644,3660,18285,27456,9240,15109,13113,18947,206,31245,40433,13062,12315,35711,26805,6497,2821,250,1045,13,517,940,181,41,17,913,6563,71,17877,9372,2689,156,155957,38455,6862,23915,5543,1054,1086,28694,16877,32292,1572,68368,86,83921,124,252,1408,116,274,884,317,3130,2807,27,577,478,525,832,430,2615,1187,202,206,4960,3258,1438,6556,1254,263,701,711,343,255,201,399,787,3347,581,291,1051,3072,1580,5983,7523,2282,2101,6158,2364,779,681,561,781,339,35,28136,453,1283,7649,262,1710,508,3290,1347,992,777,782,211,377,451,2274,1473,778,666,622,2765,1790,807,512,847,2363,18,41,301,679,870,210,18068,240,16697,26,257,75,5135,948,14010,7932,8401,28,2475,174,17,830,3204,38293,674,5160,2607,1609,22,2024,118,1020,2875,15795,4791,7711,1926,222,257,106,6,96,527,814,2649,848,4185,472,337,1686,20269,126,3080,146182,309,8478,836,5709,4071,1733,251,187,4454,592,1157,1197,245,248,128,23866,1638,963,1009,550,901,1145,23540,33,11452,1318,46,53239,8611,37,830,7600,4431,116,5114,652,1816,232,5564,820,6801,780,535,587,950,546,814,823,1739,384,33,1073,50,2429,143,324,109,194,1870,103,250,14350,481,4094,2234,313,2531,2799,197,38029,139,14464,988,15246,2901,52,3234,54,31201,5937,9157,38501,663,7700,59,235,296,815,452,997,640,813,4339,904,9,357,788,19,33,6054,5155,8,140,236,62218,36982,22658,7145,45430,10471,946,67307,98113,11912,30890,83690,107506,196,99,548,452,244,718,748,608,630,1094,9074,0.0,0.0,0.0,0.0,0.0,0.0,0.0,0.0,0.0,0.0,0.0,0.0,0.0,0.0,0.0,0.0,0.0,0.0,0.0,0.0,0.0,0.0,0.0,0.0,0.0,0.0,0.0,0.0,0.0,0.0,0.0,0.0,0.0,0.0,0.0,0.0,0.0,0.0,0.0,0.0,0.0,0.0,0.0,0.0,0.0,0.0,0.0,0.0,0.0,0.0,0.0,0.0,0.0,0.0,0.0,0.0,0.0,0.0,0.0,0.0,0.0,0.0,0.0,0.0,0.0,0.0,0.0,0.0,0.0,0.0,0.0,0.0,0.0,0.0,0.0,0.0,0.0,0.0,0.0,0.0,0.0,0.0,0.0,0.0,0.0,0.0,0.0,0.0,0.0,0.0,0.0,0.0,0.0,0.0,0.0,0.0,0.0,0.0,0.0,0.0,0.0,0.0,0.0,0.0,0.0,0.0,0.0,0.0,0.0,0.0,0.0,0.0,0.0,0.0,0.0,0.0,0.0,0.0,0.0,0.0,0.0,0.0,0.0,0.0,0.0,0.0,0.0,0.0,0.0,0.0,0.0,0.0,0.0,0.0,0.0,0.0,0.0,0.0,0.0,0.0,0.0,0.0,0.0,0.0,0.0,0.0,0.0,0.0,0.0,0.0
ENCFF205YRD,0.15535746202340378,328579,594,6888,116956,1332,392702,16911,845,549,511,1006,9077,4491,13605,54599,80079,4472,1734,13340,11405,275,1556,129,214,176,3814,26169,9385,69111,7968,368,298,1289,6225,5474,109,6102,60,7,16571,22395,192,1022,88,136,1740,16426,64234,2366,1793,4037,4705,763,518,10911,163,818,494,353,1878,4010,1181,39792,5498,1055,7999,75,109523,105772,11794,3836,2356,5406,9909,511,4276,2015,2457,2977,821,3730,3738,6720,1306,2453,11704,49,2774,2361,34,2169,410,97,3023,3032,54648,354460,18467,282,51204,79012,7798,67147,3759,2277,9204,3103,3480,48,6664,14965,15866,187,10124,69955,4436,100562,499,2647,3266,15225,1223,169880,3997,12891,5295,801,4661,519,135,58595,16853,10362,63061,15798,24010,53906,990,11693,14412,3784,9078,124276,1289,2282,384,245,82,72,4161,857,601,20770,7320,708,7959,114154,7234,740,3941,1571,1240,5690,7897,7594,10560,78,274,92,3531,81,4543,2012,1986,310,38,27,1660,1320,3653,26421,13248,90745,6421,56684,80748,33193,93462,36345,67539,635,56973,70453,21724,18778,53535,37523,11276,2308,2915,1339,73,2338,3775,243,67,47,103,8731,320,154875,24951,19882,739,446551,85364,11398,59524,65952,2619,946,82655,38934,136418,5491,78201,232,72604,31,625,1225,38,966,2864,538,11649,6088,97,2476,2537,2064,3313,1462,7445,4273,382,424,14452,8779,4802,5734,5075,1161,2564,2678,1373,1003,765,612,4140,11723,2769,1154,3750,7058,5825,31358,97458,21236,7332,6497,3590,2811,2053,2082,2980,1874,150,15998,1717,4354,11519,1103,4764,1729,9735,4291,3482,2637,3300,424,1621,1508,8094,6519,2750,2901,2640,5679,4832,3794,2288,3717,10786,54,42,1387,2494,1102,1078,31766,322,18618,70,710,163,13883,1520,15228,14472,18316,87,6656,211,193,5681,7274,207533,2653,3978,6238,2498,886,6835,272,1269,3011,43824,17751,7710,3091,122,464,187,25,83,2062,3051,4144,2123,7704,2142,1431,4497,163980,1635,5282,223191,1520,13863,3282,19194,29559,7023,897,6547,19584,2627,3254,3374,1224,1027,468,159065,4345,3335,3478,1293,3531,3937,54228,132,34209,3150,119,55486,14707,36,878,12689,2060,85,19259,2371,2423,339,9932,3416,72084,6707,4158,2274,3494,1777,2727,2945,2629,1671,52,1879,72,5030,333,153,217,2032,1022,819,1965,97265,3022,21930,11177,2087,1391,1438,496,61489,650,31439,4990,21110,2793,311,5311,16,67893,12626,22258,89788,3949,62890,482,391,1256,3094,1522,2978,2567,3540,17719,3102,45,1166,3675,63,93,6761,7106,85,1918,250,53415,85025,67732,17292,67025,9684,1324,179379,188485,29342,86374,148616,162145,550,228,2219,2201,693,3009,1614,606,502,1646,15200,0.0,0.0,0.0,0.0,0.0,0.0,0.0,0.0,0.0,0.0,0.0,0.0,0.0,0.0,0.0,0.0,0.0,0.0,0.0,0.0,0.0,0.0,0.0,0.0,0.0,0.0,0.0,0.0,0.0,0.0,0.0,0.0,0.0,0.0,0.0,0.0,0.0,0.0,0.0,0.0,0.0,0.0,0.0,0.0,0.0,0.0,0.0,0.0,0.0,0.0,0.0,0.0,0.0,0.0,0.0,0.0,0.0,0.0,0.0,0.0,0.0,0.0,0.0,0.0,0.0,0.0,0.0,0.0,0.0,0.0,0.0,0.0,0.0,0.0,0.0,0.0,0.0,0.0,0.0,0.0,0.0,0.0,0.0,0.0,0.0,0.0,0.0,0.0,0.0,0.0,0.0,0.0,0.0,0.0,0.0,0.0,0.0,0.0,0.0,0.0,0.0,0.0,0.0,0.0,0.0,0.0,0.0,0.0,0.0,0.0,0.0,0.0,0.0,0.0,0.0,0.0,0.0,0.0,0.0,0.0,0.0,0.0,0.0,0.0,0.0,0.0,0.0,0.0,0.0,0.0,0.0,0.0,0.0,0.0,0.0,0.0,0.0,0.0,0.0,0.0,0.0,0.0,0.0,0.0,0.0,0.0,0.0,0.0,0.0,0.0
ENCFF000WRE,0.09148789787620748,2725,20,196,1656,29,3204,370,28,21,7,931,1449,228,458,723,1203,197,20,424,757,9,30,6,2,1,45,53,145,766,164,11,13,16,95,68,1,72,1,64,3562,524,4,29,0,17,44,253,878,11,28,51,47,21,23,353,9,22,19,7,32,886,15,499,18,40,21,355,1915,1949,346,41,28,59,268,7,65,27,37,35,8,41,60,188,15,20,118,0,32,19,1,66,10,0,58,51,515,7553,492,3,1437,1939,99,1606,126,28,216,72,83,0,128,304,312,9,653,1436,125,1021,26,98,70,409,42,1330,58,351,545,30,145,16,7,1507,694,56,901,409,597,1330,16,2126,368,55,175,1674,31,15,7,7,2,1,105,13,881,526,241,30,193,1667,151,20,49,74,72,127,208,182,486,1,9,3,38,3,77,26,180,574,2,0,18,38,55,759,341,1988,99,1272,1463,567,1108,545,1161,8,1200,1436,422,495,1519,869,333,42,14,27,52,25,31,11,4,1,1,378,11,1429,451,559,8,11569,2050,145,1271,941,64,203,1699,789,2284,210,2053,7,2064,0,9,1944,1820,16,44,19,124,99,0,39,39,24,34,19,113,68,12,18,163,121,73,139,40,17,21,25,14,20,14,20,48,213,38,12,90,118,89,503,942,41,81,197,66,34,26,16,34,13,5,366,21,38,253,7,69,32,156,26,44,20,30,8,18,23,103,81,28,32,27,115,60,25,29,26,147,0,0,19,20,29,14,707,3,448,0,20,0,256,33,352,1030,680,3,98,6,11,80,194,3062,39,110,105,65,7,106,6,8,28,658,1184,3301,73,2,7,6,0,2,25,51,128,35,160,27,23,59,2203,10,75,5721,24,273,57,202,69,125,20,14,218,44,59,40,32,16,12,254,61,37,48,16,49,70,1158,4,437,130,4,1258,311,0,12,285,37,5,283,26,57,15,169,47,674,135,46,31,43,21,54,21,56,26,3,44,2,448,2,1,14,14,18,33,32,1103,75,414,231,59,30,46,7,1949,12,646,63,567,70,11,122,99,1407,276,442,1991,95,658,7,17,14,28,22,40,22,36,201,35,1,17,47,0,1,203,227,0,15,12,1170,1777,1307,336,1541,214,44,3030,4039,579,1707,3078,3713,12,11,17,30,12,23,65,16,26,25,327,0.0,0.0,0.0,0.0,0.0,0.0,0.0,0.0,0.0,0.0,0.0,0.0,0.0,0.0,0.0,0.0,0.0,0.0,0.0,0.0,0.0,0.0,0.0,0.0,0.0,0.0,0.0,0.0,0.0,0.0,0.0,0.0,0.0,0.0,0.0,0.0,0.0,0.0,0.0,0.0,0.0,0.0,0.0,0.0,0.0,0.0,0.0,0.0,0.0,0.0,0.0,0.0,0.0,0.0,0.0,0.0,0.0,0.0,0.0,0.0,0.0,0.0,0.0,0.0,0.0,0.0,0.0,0.0,0.0,0.0,0.0,0.0,0.0,0.0,0.0,0.0,0.0,0.0,0.0,0.0,0.0,0.0,0.0,0.0,0.0,0.0,0.0,0.0,0.0,0.0,0.0,0.0,0.0,0.0,0.0,0.0,0.0,0.0,0.0,0.0,0.0,0.0,0.0,0.0,0.0,0.0,0.0,0.0,0.0,0.0,0.0,0.0,0.0,0.0,0.0,0.0,0.0,0.0,0.0,0.0,0.0,0.0,0.0,0.0,0.0,0.0,0.0,0.0,0.0,0.0,0.0,0.0,0.0,0.0,0.0,0.0,0.0,0.0,0.0,0.0,0.0,0.0,0.0,0.0,0.0,0.0,0.0,0.0,0.0,0.0
ENCFF000ATM,0.12585871857264003,15731,35,1640,9745,163,31523,3236,110,205,148,298,1291,1160,2893,5397,7222,1574,504,1893,2940,152,538,39,15,12,376,30,1437,7983,3410,189,59,217,721,585,7,1061,7,4,3915,8228,26,594,9,13,272,2914,5644,6,271,389,454,462,227,5357,105,274,213,30,564,748,142,3576,161,100,19,19,20510,26543,5515,409,235,695,4100,258,448,202,258,293,74,392,376,2737,252,234,1713,6,293,199,0,787,1727,17,975,427,5215,106953,6536,63,18182,25289,1141,22641,2611,263,3980,1002,886,2,2334,5040,4837,27,2280,24952,767,13318,103,462,556,5532,213,13311,501,3681,1612,487,2269,254,52,24609,5058,16,7121,2931,8868,22769,6,2096,1329,410,2617,10923,85,97,46,78,75,25,1762,241,211,5738,3343,488,2171,10093,1201,353,386,430,410,1733,2303,2122,4453,34,43,21,300,6,657,248,4017,4265,1,3,174,550,307,102323,4836,29090,1267,15130,18121,7238,10806,6855,14255,166,18076,20111,8212,6206,14697,11931,2373,444,4,323,68,193,362,110,44,14,18,2531,84,15212,4819,2772,87,106042,20245,1942,16144,6754,869,502,21451,8219,23131,1076,28376,48,30458,87,261,425,24,106,296,100,1863,1805,18,279,389,247,319,205,950,500,161,140,2867,1788,1213,1975,483,102,284,234,165,144,129,428,491,2473,424,176,1099,1094,885,3551,9705,76,1117,2460,583,256,204,220,298,209,101,4239,192,383,3722,139,828,212,2374,441,395,201,327,488,208,321,1111,860,239,364,287,1615,736,388,283,371,2142,9,12,151,222,360,110,11500,57,6667,8,317,41,4645,612,4842,3697,3924,21,1741,27,104,346,4002,26371,526,1091,1201,759,0,1072,115,179,706,7111,2611,1565,1119,11,80,47,2,12,206,325,1641,191,2035,225,217,571,14266,146,1017,83644,194,5100,331,2336,208,1087,136,12,2139,284,306,310,237,206,236,461,455,293,319,168,427,460,16193,27,6420,1250,9,18730,13339,10,220,3707,268,10,3917,228,1352,179,1732,360,4496,995,273,289,374,235,451,255,853,185,5,557,24,998,14,10,119,200,63,163,252,8210,409,3082,1703,334,243,462,68,30206,39,10677,695,9508,941,193,2055,8,14808,3631,5563,25678,1215,4528,82,47,156,341,176,328,256,622,1924,283,6,113,392,9,8,2942,3300,1,43,87,16139,21215,16567,3590,21171,2703,296,33722,53202,7084,20768,41222,48071,127,103,238,243,102,309,881,247,358,394,3645,0.0,0.0,0.0,0.0,0.0,0.0,0.0,0.0,0.0,0.0,0.0,0.0,0.0,0.0,0.0,0.0,0.0,0.0,0.0,0.0,0.0,0.0,0.0,0.0,0.0,0.0,0.0,0.0,0.0,0.0,0.0,0.0,0.0,0.0,0.0,0.0,0.0,0.0,0.0,0.0,0.0,0.0,0.0,0.0,0.0,0.0,0.0,0.0,0.0,0.0,0.0,0.0,0.0,0.0,0.0,0.0,0.0,0.0,0.0,0.0,0.0,0.0,0.0,0.0,0.0,0.0,0.0,0.0,0.0,0.0,0.0,0.0,0.0,0.0,0.0,0.0,0.0,0.0,0.0,0.0,0.0,0.0,0.0,0.0,0.0,0.0,0.0,0.0,0.0,0.0,0.0,0.0,0.0,0.0,0.0,0.0,0.0,0.0,0.0,0.0,0.0,0.0,0.0,0.0,0.0,0.0,0.0,0.0,0.0,0.0,0.0,0.0,0.0,0.0,0.0,0.0,0.0,0.0,0.0,0.0,0.0,0.0,0.0,0.0,0.0,0.0,0.0,0.0,0.0,0.0,0.0,0.0,0.0,0.0,0.0,0.0,0.0,0.0,0.0,0.0,0.0,0.0,0.0,0.0,0.0,0.0,0.0,0.0,0.0,0.0
ENCFF187NIJ,0.12364833880878644,275145,199,3101,61746,626,260137,12634,732,671,323,1520,8589,2132,6814,36435,28824,3100,919,8567,9415,171,1009,100,213,206,3484,21433,6617,38152,6006,214,83,825,4989,4288,45,4816,46,5,12445,12471,99,300,62,39,1241,11130,30576,1011,1243,3008,3382,234,473,7244,114,494,851,376,1481,6010,373,13349,540,312,5793,889,50217,69594,7228,2790,1725,3948,7119,56,3433,1454,1706,2194,551,2867,3231,3617,1026,1797,8047,35,1995,1871,32,1246,370,54,1601,1479,23161,225315,12258,286,34743,50141,6343,43386,3325,1742,4873,2098,2740,64,5078,11856,13894,271,9654,52406,2025,53715,329,1266,1537,9035,649,83612,2864,10615,3826,447,2497,235,588,33481,5581,7858,21386,9329,15931,36593,760,8753,9610,2906,5488,57867,560,1376,77,119,75,42,2283,484,1985,19192,5065,438,6239,59790,3510,320,3267,1311,683,3703,7329,8881,9029,80,211,77,2464,96,2916,1299,9680,965,23,32,1018,626,2979,16496,8199,59188,4689,30294,47721,21924,46217,24492,44421,293,34450,44285,15974,13502,38115,25699,6482,1549,1841,1340,35,1706,2855,189,81,36,116,8280,238,55951,15423,9146,555,264606,61806,6811,34817,24932,1381,1187,47257,29292,74329,6989,64205,340,67310,139,402,2389,215,798,2317,639,9092,2949,77,1743,1562,1556,2660,1300,5943,2911,556,324,9144,6482,3264,4649,3932,800,2227,2023,1161,723,618,439,2455,6430,2149,899,2379,5420,3968,12161,55100,18849,5225,5105,2534,2101,1642,1643,2226,1202,123,11174,1429,3933,7738,928,3446,1257,6798,4053,2751,2541,2329,640,1077,817,5965,4271,2287,1936,1854,4021,3744,2727,1494,2638,5945,66,78,1025,2056,1149,994,20782,703,14426,74,256,202,8205,861,11221,12077,16032,61,3484,351,69,3001,4156,124914,1835,2776,5056,1573,195,4508,100,196,2003,33526,12218,14072,1798,235,444,223,27,183,1529,2851,3550,1894,7057,1607,1079,1903,83386,341,3803,150671,881,8638,2407,13383,22922,4249,702,1038,10474,1840,2696,2843,689,611,118,168972,3888,2521,2577,1246,2493,2929,35312,80,23606,1682,71,42679,11573,89,583,11745,1697,292,13009,1860,2712,331,7779,2537,26989,2475,2783,1839,2632,1450,1837,2299,2017,1407,86,1574,94,4688,301,619,125,1275,418,312,921,62640,2022,12956,7209,1181,1136,1386,615,38662,1171,18748,3213,13618,2030,73,3771,57,55485,9900,19104,67893,2530,23602,237,482,922,2450,1355,2450,1991,2420,11349,2341,32,186,2520,72,85,3966,3817,20,1023,349,32799,48447,40563,10592,40876,6048,879,87473,105464,18446,48036,86710,100842,223,74,1635,1505,723,2254,833,657,325,1143,11925,0.0,0.0,0.0,0.0,0.0,0.0,0.0,0.0,0.0,0.0,0.0,0.0,0.0,0.0,0.0,0.0,0.0,0.0,0.0,0.0,0.0,0.0,0.0,0.0,0.0,0.0,0.0,0.0,0.0,0.0,0.0,0.0,0.0,0.0,0.0,0.0,0.0,0.0,0.0,0.0,0.0,0.0,0.0,0.0,0.0,0.0,0.0,0.0,0.0,0.0,0.0,0.0,0.0,0.0,0.0,0.0,0.0,0.0,0.0,0.0,0.0,0.0,0.0,0.0,0.0,0.0,0.0,0.0,0.0,0.0,0.0,0.0,0.0,0.0,0.0,0.0,0.0,0.0,0.0,0.0,0.0,0.0,0.0,0.0,0.0,0.0,0.0,0.0,0.0,0.0,0.0,0.0,0.0,0.0,0.0,0.0,0.0,0.0,0.0,0.0,0.0,0.0,0.0,0.0,0.0,0.0,0.0,0.0,0.0,0.0,0.0,0.0,0.0,0.0,0.0,0.0,0.0,0.0,0.0,0.0,0.0,0.0,0.0,0.0,0.0,0.0,0.0,0.0,0.0,0.0,0.0,0.0,0.0,0.0,0.0,0.0,0.0,0.0,0.0,0.0,0.0,0.0,0.0,0.0,0.0,0.0,0.0,0.0,0.0,0.0
ENCFF000RQY,0.07182264160079742,7446,43,472,5531,91,17548,857,37,56,44,63,449,420,1266,2882,4780,410,85,706,650,13,88,4,14,11,99,427,539,5837,482,30,55,62,330,258,14,281,2,4,946,1378,16,105,9,6,91,795,4500,41,102,240,232,67,44,723,22,37,53,8,99,223,72,2961,39,75,112,7,8155,7104,819,177,121,274,561,44,213,108,119,166,42,153,190,471,90,101,601,6,147,93,4,122,53,12,198,191,4063,22319,1284,14,3597,5156,401,4524,350,123,635,189,206,2,327,892,880,28,633,4092,347,6471,56,259,274,1068,114,9886,260,749,338,67,312,57,20,3651,1644,337,4505,1476,1336,3519,79,624,596,197,572,8126,71,67,18,15,6,9,271,51,83,1219,525,56,582,5618,639,46,177,268,241,358,467,428,611,12,15,6,168,4,301,105,346,247,3,10,87,81,174,1909,859,5880,370,4234,4832,2220,5526,1981,3968,85,3533,4153,1289,1094,3229,2363,823,153,90,121,15,94,175,16,4,6,7,513,23,7162,2009,1461,42,27308,5782,566,3744,4726,163,80,6038,2730,10089,621,4723,20,4803,2,49,97,14,41,142,36,553,337,4,121,144,105,149,70,393,216,31,15,757,433,285,341,221,57,129,134,72,59,41,53,203,745,204,62,293,388,346,2441,9689,310,420,411,231,154,96,93,170,95,18,993,97,164,627,65,262,75,596,187,153,107,147,15,79,77,416,388,131,160,127,314,214,163,123,170,575,3,8,72,123,63,69,1836,18,1122,2,64,7,928,138,868,842,1143,1,332,25,20,262,522,13381,78,268,347,147,24,413,18,27,119,2225,981,437,184,6,15,20,0,3,104,171,301,120,534,102,93,364,9817,67,337,15577,84,859,186,883,461,379,48,152,751,152,136,163,72,72,55,2280,214,157,178,59,177,226,3333,6,1612,263,1,3400,1055,5,40,751,97,3,1054,120,157,30,560,164,2527,550,92,149,179,89,229,137,145,160,10,96,11,251,9,14,16,72,63,62,130,5471,259,1815,902,219,85,93,31,4025,29,1854,257,1539,185,42,329,3,4045,827,1236,5588,822,3466,36,44,62,139,78,163,116,231,1278,152,3,54,188,4,6,554,500,0,86,14,3209,5377,4307,1035,4280,592,118,10823,11920,1987,5476,9260,10212,57,31,114,114,43,134,125,61,39,87,942,0.0,0.0,0.0,0.0,0.0,0.0,0.0,0.0,0.0,0.0,0.0,0.0,0.0,0.0,0.0,0.0,0.0,0.0,0.0,0.0,0.0,0.0,0.0,0.0,0.0,0.0,0.0,0.0,0.0,0.0,0.0,0.0,0.0,0.0,0.0,0.0,0.0,0.0,0.0,0.0,0.0,0.0,0.0,0.0,0.0,0.0,0.0,0.0,0.0,0.0,0.0,0.0,0.0,0.0,0.0,0.0,0.0,0.0,0.0,0.0,0.0,0.0,0.0,0.0,0.0,0.0,0.0,0.0,0.0,0.0,0.0,0.0,0.0,0.0,0.0,0.0,0.0,0.0,0.0,0.0,0.0,0.0,0.0,0.0,0.0,0.0,0.0,0.0,0.0,0.0,0.0,0.0,0.0,0.0,0.0,0.0,0.0,0.0,0.0,0.0,0.0,0.0,0.0,0.0,0.0,0.0,0.0,0.0,0.0,0.0,0.0,0.0,0.0,0.0,0.0,0.0,0.0,0.0,0.0,0.0,0.0,0.0,0.0,0.0,0.0,0.0,0.0,0.0,0.0,0.0,0.0,0.0,0.0,0.0,0.0,0.0,0.0,0.0,0.0,0.0,0.0,0.0,0.0,0.0,0.0,0.0,0.0,0.0,0.0,0.0
ENCFF000WFK,0.13214995269171975,42402,232,3462,36596,917,103114,4239,287,471,241,456,3284,4316,9325,22505,32339,3230,372,4476,5016,117,549,62,37,31,809,1521,3500,30838,3139,201,128,461,1997,1704,59,1712,25,8,6468,9029,54,558,48,52,414,5655,23258,206,518,1127,1608,388,208,5224,130,276,310,69,589,1541,578,15041,275,272,453,68,47444,42973,5269,1183,780,1366,4280,302,1380,658,870,1001,275,1150,1170,3074,576,680,3929,7,971,557,20,955,484,32,1105,1550,21189,142685,8000,110,21670,32261,2542,27861,1128,731,3812,1150,1229,18,2184,5832,5578,59,3952,25720,3015,38212,682,2920,2519,7405,1236,54098,1563,4830,2340,570,2026,373,113,23400,12886,1076,27256,8498,9329,22400,382,4513,2700,1259,3224,41889,174,360,105,104,61,28,1748,298,491,9042,3842,587,3845,40159,3892,362,1256,568,537,2594,3346,2887,4070,45,95,29,1184,21,1991,756,569,431,41,6,694,604,963,11950,5603,34964,2390,26633,28103,13423,33169,12476,27254,240,23095,28116,8502,7226,19526,14878,4948,822,351,684,56,571,1030,126,70,16,84,3389,331,49861,12134,11368,163,163784,33029,3278,22735,26339,830,496,35601,16134,58573,5060,32322,168,32561,67,245,652,167,343,1016,171,3900,1861,20,762,1043,678,1028,541,2419,1387,246,309,4388,2784,1929,2039,1364,397,792,814,474,459,327,371,1272,4586,1385,470,1740,2356,2279,11740,30832,1079,2387,2439,1364,786,659,723,981,573,157,5640,590,996,4439,428,1531,463,3719,1291,1102,701,1034,256,635,560,2712,2668,880,1045,846,2186,1589,916,888,1088,4375,29,40,463,682,419,435,11232,86,7635,22,465,67,5715,575,5411,5383,6856,24,2333,102,151,950,3377,66799,513,1542,1979,929,84,2744,138,348,514,13328,5656,3176,997,19,171,89,11,42,775,993,2102,534,3634,643,576,1844,49795,430,2311,101379,520,4745,1061,5413,1683,2531,385,789,4549,929,1019,1082,483,473,211,8245,1167,1023,1164,431,1264,1269,20874,50,9611,1896,12,21110,7403,15,241,4897,506,55,6385,955,1003,228,3049,1195,18066,3770,637,936,1126,481,1182,998,947,744,12,881,32,1568,56,56,138,396,116,704,612,33866,2551,10611,5920,1559,444,626,124,27523,186,12749,1766,9854,1038,287,2333,32,23627,4636,8382,36505,1965,17990,284,121,436,1007,540,1160,817,1668,7033,998,32,259,1177,17,19,3109,3103,13,318,174,20033,37514,29879,7093,29853,3426,372,64447,79277,12637,39080,59008,67717,240,146,897,820,212,965,998,255,335,611,6061,0.0,0.0,0.0,0.0,0.0,0.0,0.0,0.0,0.0,0.0,0.0,0.0,0.0,0.0,0.0,0.0,0.0,0.0,0.0,0.0,0.0,0.0,0.0,0.0,0.0,0.0,0.0,0.0,0.0,0.0,0.0,0.0,0.0,0.0,0.0,0.0,0.0,0.0,0.0,0.0,0.0,0.0,0.0,0.0,0.0,0.0,0.0,0.0,0.0,0.0,0.0,0.0,0.0,0.0,0.0,0.0,0.0,0.0,0.0,0.0,0.0,0.0,0.0,0.0,0.0,0.0,0.0,0.0,0.0,0.0,0.0,0.0,0.0,0.0,0.0,0.0,0.0,0.0,0.0,0.0,0.0,0.0,0.0,0.0,0.0,0.0,0.0,0.0,0.0,0.0,0.0,0.0,0.0,0.0,0.0,0.0,0.0,0.0,0.0,0.0,0.0,0.0,0.0,0.0,0.0,0.0,0.0,0.0,0.0,0.0,0.0,0.0,0.0,0.0,0.0,0.0,0.0,0.0,0.0,0.0,0.0,0.0,0.0,0.0,0.0,0.0,0.0,0.0,0.0,0.0,0.0,0.0,0.0,0.0,0.0,0.0,0.0,0.0,0.0,0.0,0.0,0.0,0.0,0.0,0.0,0.0,0.0,0.0,0.0,0.0
ENCFF000VIQ,0.06424609829973388,3284,12,358,3008,49,6420,518,31,27,27,59,214,219,484,1251,1846,321,48,400,519,14,81,8,15,5,80,63,237,2263,357,28,20,45,155,126,4,157,1,2,596,1209,1,84,0,1,68,451,1904,3,78,67,87,50,58,757,15,33,21,18,75,127,26,751,29,54,25,8,3849,4996,810,54,44,77,668,21,91,40,48,77,15,85,101,454,28,39,245,0,52,36,3,157,45,2,126,95,1207,16990,1104,13,3112,4276,186,3844,105,37,556,185,176,0,377,847,841,6,474,3380,198,2205,48,169,166,884,89,2556,102,599,241,83,360,40,20,3472,836,30,1335,552,1404,2965,15,338,217,81,294,2261,64,29,4,15,2,2,249,38,52,964,498,69,367,3022,279,28,63,104,100,270,468,411,678,8,50,2,73,2,149,63,358,6267,2,1,38,72,74,1783,747,5074,182,2500,3213,1290,2279,1147,2257,19,3226,3578,1581,1014,2194,2035,568,94,14,57,7,40,47,19,6,3,2,410,17,2981,1028,778,31,17227,2932,338,2663,1367,124,49,3682,1573,4232,311,4559,13,4821,7,23,83,25,21,74,41,253,214,10,55,73,42,68,34,185,103,22,30,398,271,140,315,91,24,52,51,31,33,12,61,94,463,96,14,178,176,143,897,2319,45,177,390,105,59,35,29,56,41,19,740,34,54,572,12,149,20,354,73,66,54,69,26,33,45,191,176,58,87,43,285,126,41,51,66,232,1,0,29,37,77,10,1551,8,1011,1,71,4,657,112,732,665,614,0,193,9,30,75,406,4260,84,191,197,99,6,172,22,9,78,1189,500,247,196,2,35,11,0,2,38,97,306,49,392,30,38,140,3695,29,134,13269,32,574,81,304,76,177,16,29,398,60,90,71,30,35,14,314,88,65,76,42,77,87,2642,8,1058,268,0,3022,746,6,21,755,49,4,592,61,189,30,224,69,1533,242,50,56,90,39,103,40,139,52,6,115,2,178,69,5,18,38,54,49,56,2422,186,707,507,115,52,103,13,4090,10,1492,130,1477,138,24,327,1,2473,481,842,3668,188,906,8,10,23,66,32,65,50,114,511,50,5,30,87,1,1,468,490,0,9,32,2565,3565,2529,632,3556,461,27,6399,8430,1171,3695,6297,7904,30,27,55,55,27,58,154,40,50,52,598,0.0,0.0,0.0,0.0,0.0,0.0,0.0,0.0,0.0,0.0,0.0,0.0,0.0,0.0,0.0,0.0,0.0,0.0,0.0,0.0,0.0,0.0,0.0,0.0,0.0,0.0,0.0,0.0,0.0,0.0,0.0,0.0,0.0,0.0,0.0,0.0,0.0,0.0,0.0,0.0,0.0,0.0,0.0,0.0,0.0,0.0,0.0,0.0,0.0,0.0,0.0,0.0,0.0,0.0,0.0,0.0,0.0,0.0,0.0,0.0,0.0,0.0,0.0,0.0,0.0,0.0,0.0,0.0,0.0,0.0,0.0,0.0,0.0,0.0,0.0,0.0,0.0,0.0,0.0,0.0,0.0,0.0,0.0,0.0,0.0,0.0,0.0,0.0,0.0,0.0,0.0,0.0,0.0,0.0,0.0,0.0,0.0,0.0,0.0,0.0,0.0,0.0,0.0,0.0,0.0,0.0,0.0,0.0,0.0,0.0,0.0,0.0,0.0,0.0,0.0,0.0,0.0,0.0,0.0,0.0,0.0,0.0,0.0,0.0,0.0,0.0,0.0,0.0,0.0,0.0,0.0,0.0,0.0,0.0,0.0,0.0,0.0,0.0,0.0,0.0,0.0,0.0,0.0,0.0,0.0,0.0,0.0,0.0,0.0,0.0
ENCFF001YXH,0.19237644317650382,64559,260,3588,39556,834,97879,7466,365,552,331,768,3582,4783,10643,20859,29192,4104,602,9196,6893,229,875,92,77,96,944,2627,3783,54527,4630,331,251,570,2177,2029,87,2409,43,57,10371,14105,77,843,36,68,803,6790,26944,264,620,1140,1676,637,450,7919,171,492,536,213,981,1686,342,17416,566,665,750,87,59537,61844,10233,1316,804,1651,10543,459,1535,580,945,1019,263,1165,1385,4645,491,573,4108,26,1019,558,26,1563,330,55,2002,1584,24057,204905,12538,126,34167,48286,3101,41597,1391,720,6479,2003,2383,29,3635,9239,9284,156,5340,45898,3492,52781,760,2886,2796,10646,1259,76552,1670,7528,3629,961,3394,465,196,36789,15573,2150,32388,10032,17289,35069,440,5138,4524,1405,4456,62830,639,623,116,141,46,55,3037,392,852,12743,5894,859,5653,41258,3759,572,1382,1776,1457,4015,6224,5549,7657,129,214,71,1203,65,2072,681,1452,1139,62,8,650,1011,1209,19315,8942,55801,2702,36710,41337,17906,46344,16610,33385,351,34509,40534,13601,11519,29453,23890,7642,1086,537,1222,47,629,1086,261,140,45,236,4906,487,70834,15077,15014,658,427438,47156,4352,35325,31648,1423,746,49338,24231,70639,5548,56237,248,54803,71,427,873,208,363,1139,308,4344,2891,51,778,1049,665,1053,519,3006,1760,271,276,5518,3466,2432,3432,1378,390,766,877,417,375,279,615,1263,7451,1574,465,2168,2738,2595,11040,22392,1713,2841,3959,1570,1006,787,765,1164,559,185,9425,574,1003,6382,406,1943,475,4729,1207,1149,662,1095,201,587,726,2791,2779,947,1037,854,2923,1809,957,893,1123,4612,26,47,454,732,659,327,17706,155,11930,25,715,110,8131,1007,8811,7883,8694,33,3563,164,227,2491,4827,79179,926,2699,2548,1187,164,3179,293,313,900,18324,11048,3470,1770,53,334,152,30,87,789,1747,2945,679,4457,599,552,1561,55051,549,2356,147236,656,7183,1161,6504,2976,3068,347,1194,6508,946,1217,1314,394,497,302,13598,1430,1090,1360,583,1369,1604,31674,106,12363,2717,31,31866,9187,64,419,7580,1059,97,7904,901,1833,363,3772,1362,27714,4019,923,846,1329,498,1386,1094,1783,1279,48,1371,47,2143,174,38,244,743,613,934,1080,26849,2473,10349,6677,1541,571,1181,224,44607,282,17755,2185,15005,1932,399,3449,23,36716,6773,12040,52886,2044,21449,319,354,421,1163,556,1394,873,2753,9716,1312,41,427,1209,32,43,5137,5134,29,512,240,30724,48083,35508,9064,43358,4930,403,87907,107781,15696,49003,78479,95623,374,218,901,784,261,964,1646,339,550,851,8045,0.0,0.0,0.0,0.0,0.0,0.0,0.0,0.0,0.0,0.0,0.0,0.0,0.0,0.0,0.0,0.0,0.0,0.0,0.0,0.0,0.0,0.0,0.0,0.0,0.0,0.0,0.0,0.0,0.0,0.0,0.0,0.0,0.0,0.0,0.0,0.0,0.0,0.0,0.0,0.0,0.0,0.0,0.0,0.0,0.0,0.0,0.0,0.0,0.0,0.0,0.0,0.0,0.0,0.0,0.0,0.0,0.0,0.0,0.0,0.0,0.0,0.0,0.0,0.0,0.0,0.0,0.0,0.0,0.0,0.0,0.0,0.0,0.0,0.0,0.0,0.0,0.0,0.0,0.0,0.0,0.0,0.0,0.0,0.0,0.0,0.0,0.0,0.0,0.0,0.0,0.0,0.0,0.0,0.0,0.0,0.0,0.0,0.0,0.0,0.0,0.0,0.0,0.0,0.0,0.0,0.0,0.0,0.0,0.0,0.0,0.0,0.0,0.0,0.0,0.0,0.0,0.0,0.0,0.0,0.0,0.0,0.0,0.0,0.0,0.0,0.0,0.0,0.0,0.0,0.0,0.0,0.0,0.0,0.0,0.0,0.0,0.0,0.0,0.0,0.0,0.0,0.0,0.0,0.0,0.0,0.0,0.0,0.0,0.0,0.0
ENCFF002ABF,0.14041348893632857,40957,128,6911,45816,1327,135532,5730,457,834,411,677,4516,7501,16569,22172,48519,5632,594,6605,7734,167,841,112,31,38,1072,126,4646,38949,4380,310,258,635,2402,2261,38,2576,49,4,10110,13821,82,942,31,36,587,8019,35830,75,665,1414,2130,620,450,8110,322,466,570,107,836,1861,1227,19898,460,356,62,12,73258,74333,8962,1409,982,1585,6081,320,1529,655,1094,1289,367,1425,1463,5186,710,846,5460,12,1215,739,30,1396,204,6,1633,1790,23147,226701,13739,148,37727,52506,3333,46462,1491,875,6386,1859,2167,23,3688,9189,9222,39,6537,41674,3868,53444,926,3485,3579,11789,1513,78040,1962,7926,3592,958,3152,492,157,35928,22947,185,23511,14256,13044,36660,77,6304,3421,1532,4913,34547,337,247,154,131,56,32,2745,324,541,14817,5591,832,4721,47905,4917,497,1479,690,634,3971,5890,5187,6607,162,322,31,1478,24,2635,855,1419,637,15,38,805,887,1326,20410,9267,60527,3195,43811,46583,19908,38132,18169,38568,439,37372,44057,16353,12175,29367,25460,6516,1496,28,1024,134,765,1295,207,143,16,64,5932,441,46871,18575,21412,192,231071,52180,5394,36380,38207,1319,824,56935,25399,86709,7495,52896,224,52937,84,467,931,46,382,1291,298,5256,2840,40,923,1345,902,1299,600,3222,1900,612,210,6860,3648,2618,3613,1739,516,926,1010,497,493,364,685,1635,7951,1769,520,2489,3351,3035,15845,79765,158,3057,4326,1984,1142,844,908,1362,788,185,8900,661,1161,6826,479,2175,567,6102,1637,1333,875,1307,335,720,748,3469,3387,1152,1309,1041,3373,2183,1066,1130,1427,5993,20,35,551,844,738,330,17809,50,11627,13,655,77,8279,924,8547,8292,10626,22,3100,120,240,1048,4954,130651,723,2293,3022,1511,41,3960,223,91,862,19990,8548,3934,1682,33,184,132,7,50,984,1026,3339,706,6194,698,663,2006,70535,528,3383,172727,604,7451,1344,6772,382,3439,457,74,4554,1187,1254,1389,539,635,348,1362,1553,1274,1402,759,1504,1699,32190,73,14716,3130,19,33429,8686,34,399,8840,607,64,9962,1161,2237,355,4112,1528,19820,5149,749,1070,1454,652,1681,1224,1598,538,11,1462,15,2236,123,123,203,441,145,1065,1129,61688,3652,15690,10008,2302,860,1045,161,44978,132,19392,2265,16602,1620,443,4133,17,34968,6941,11648,55053,6533,20500,322,123,475,1193,595,1429,1104,2173,8569,1374,94,210,1422,11,38,5023,5098,8,142,279,31180,60146,43128,10884,45992,5512,1644,94439,121569,19939,58908,90612,105002,536,278,1096,1001,313,1190,1463,472,558,771,8855,0.0,0.0,0.0,0.0,0.0,0.0,0.0,0.0,0.0,0.0,0.0,0.0,0.0,0.0,0.0,0.0,0.0,0.0,0.0,0.0,0.0,0.0,0.0,0.0,0.0,0.0,0.0,0.0,0.0,0.0,0.0,0.0,0.0,0.0,0.0,0.0,0.0,0.0,0.0,0.0,0.0,0.0,0.0,0.0,0.0,0.0,0.0,0.0,0.0,0.0,0.0,0.0,0.0,0.0,0.0,0.0,0.0,0.0,0.0,0.0,0.0,0.0,0.0,0.0,0.0,0.0,0.0,0.0,0.0,0.0,0.0,0.0,0.0,0.0,0.0,0.0,0.0,0.0,0.0,0.0,0.0,0.0,0.0,0.0,0.0,0.0,0.0,0.0,0.0,0.0,0.0,0.0,0.0,0.0,0.0,0.0,0.0,0.0,0.0,0.0,0.0,0.0,0.0,0.0,0.0,0.0,0.0,0.0,0.0,0.0,0.0,0.0,0.0,0.0,0.0,0.0,0.0,0.0,0.0,0.0,0.0,0.0,0.0,0.0,0.0,0.0,0.0,0.0,0.0,0.0,0.0,0.0,0.0,0.0,0.0,0.0,0.0,0.0,0.0,0.0,0.0,0.0,0.0,0.0,0.0,0.0,0.0,0.0,0.0,0.0
ENCFF001FYK,0.12323542573189952,41839,103,2641,33405,526,70538,8101,322,314,271,514,4531,2793,6751,15094,20642,2765,428,4693,5336,369,720,55,15,16,727,210,3114,22183,3494,204,154,399,3850,5366,26,5734,14,4,7862,14140,32,638,42,26,4219,8536,18793,28,554,898,1170,414,379,14035,150,299,400,112,618,1196,434,13363,260,308,47,24,48207,48923,13477,1518,605,1012,11585,262,2998,449,663,918,177,843,4810,6100,370,471,3261,20,747,448,35,1399,244,59,1551,1485,10928,164106,10409,100,28217,47624,3991,41253,3809,506,8507,2645,1930,21,4804,12178,9259,107,5648,38792,3895,24170,395,1536,1603,9241,618,35379,3054,6793,2973,621,2724,402,108,35096,9170,192,23090,6717,20466,31887,66,5818,2855,1962,3436,30761,161,211,61,125,15,37,2030,385,443,12106,4743,602,3559,35583,2963,387,1851,1038,1078,2998,6189,5255,12244,82,127,19,952,19,1416,505,543,427,16,10,389,550,2314,18320,6656,40016,2208,25539,32687,15150,27076,15828,30300,230,27677,32820,10908,9186,35316,18507,8199,1058,50,949,32,415,778,189,43,24,53,3396,261,39487,13637,8327,1464,216759,35956,3237,27750,26450,1011,502,41472,16178,58002,2857,42589,148,44622,48,330,656,43,279,2235,228,5302,4944,42,572,760,462,777,369,7517,4796,2799,194,4228,5789,2938,6645,995,281,582,693,285,304,237,2237,913,6387,968,292,1556,4961,3820,11646,24635,197,5118,9815,1212,1334,1173,532,842,391,3549,8698,401,694,9762,410,1810,357,5324,887,1327,476,817,879,407,457,2035,2208,721,736,636,5362,1552,668,693,770,3157,35,39,357,567,902,354,19837,211,15132,33,522,69,8702,1317,12713,7465,10002,20,2177,80,228,869,3614,52120,629,1681,6889,1105,26,4713,148,329,712,13975,6225,2100,1276,30,150,95,15,30,538,826,2093,2627,4285,429,426,1949,41590,310,1878,139312,420,8680,1058,9900,531,2283,246,83,3379,703,2857,3630,331,368,235,1547,3727,1288,3386,445,1916,4559,29369,56,11408,2295,40,47231,6970,236,284,5072,648,47,5637,680,1174,270,7975,1402,17205,3392,506,700,3434,380,886,783,1997,195,21,886,14,3189,269,17,250,304,183,537,754,31678,1458,8333,5241,1047,474,1033,203,49604,42,15709,1352,13649,1275,260,2581,20,25142,5484,9201,45185,2067,14300,194,158,344,715,361,2086,562,2485,8396,2388,44,153,871,16,39,3779,4457,0,99,191,24039,38994,35231,6183,32801,3950,534,61582,89742,18552,39171,64720,78355,332,155,693,568,200,747,1960,345,329,534,6594,0.0,0.0,0.0,0.0,0.0,0.0,0.0,0.0,0.0,0.0,0.0,0.0,0.0,0.0,0.0,0.0,0.0,0.0,0.0,0.0,0.0,0.0,0.0,0.0,0.0,0.0,0.0,0.0,0.0,0.0,0.0,0.0,0.0,0.0,0.0,0.0,0.0,0.0,0.0,0.0,0.0,0.0,0.0,0.0,0.0,0.0,0.0,0.0,0.0,0.0,0.0,0.0,0.0,0.0,0.0,0.0,0.0,0.0,0.0,0.0,0.0,0.0,0.0,0.0,0.0,0.0,0.0,0.0,0.0,0.0,0.0,0.0,0.0,0.0,0.0,0.0,0.0,0.0,0.0,0.0,0.0,0.0,0.0,0.0,0.0,0.0,0.0,0.0,0.0,0.0,0.0,0.0,0.0,0.0,0.0,0.0,0.0,0.0,0.0,0.0,0.0,0.0,0.0,0.0,0.0,0.0,0.0,0.0,0.0,0.0,0.0,0.0,0.0,0.0,0.0,0.0,0.0,0.0,0.0,0.0,0.0,0.0,0.0,0.0,0.0,0.0,0.0,0.0,0.0,0.0,0.0,0.0,0.0,0.0,0.0,0.0,0.0,0.0,0.0,0.0,0.0,0.0,0.0,0.0,0.0,0.0,0.0,0.0,0.0,0.0
ENCFF000VZD,0.1695014031952987,25610,82,1270,9216,386,28923,2016,81,146,75,181,1005,1597,2636,4750,9768,920,127,1676,1919,36,155,35,26,29,232,1450,975,7449,1031,74,106,115,527,446,56,479,18,5,2015,2795,19,169,9,21,142,1578,5364,162,164,302,413,134,83,1657,43,87,138,45,209,572,118,3061,90,119,420,22,12211,13308,1518,288,232,656,1217,57,335,172,251,285,51,299,311,1020,121,157,933,9,262,156,12,331,156,24,447,416,4438,45816,2984,32,7465,10732,717,8950,336,175,1299,446,502,7,777,1918,1915,34,1257,8132,1085,10393,326,1482,1071,2838,695,12919,412,1661,931,255,727,124,27,7848,4023,1072,6119,2656,3009,6493,398,1375,815,338,973,10099,79,262,39,37,19,16,446,101,168,3200,1274,196,1215,9424,946,116,316,307,238,766,1284,1126,1438,22,45,18,279,9,582,176,188,21,29,2,216,205,278,3977,1761,11928,671,8571,9057,3927,7839,3800,7918,67,7629,9075,2892,2535,6211,4759,1513,234,320,215,12,144,262,62,40,9,15,1140,134,10303,3367,3770,72,52239,9737,868,6963,6104,253,182,10453,5222,15500,2195,11595,48,11279,24,116,251,129,89,269,47,1035,505,6,174,271,182,243,120,680,398,81,65,1182,791,563,669,335,89,175,234,116,105,85,138,360,1496,399,115,528,652,614,2694,5724,949,570,832,377,236,167,172,293,154,75,1855,151,232,1301,120,372,119,1045,282,308,164,292,95,126,208,668,696,237,244,218,633,479,202,256,248,1180,6,18,107,205,172,126,3569,51,2735,11,160,31,1477,174,1728,1927,1882,8,696,54,60,408,886,17594,210,595,515,286,62,800,43,116,119,4080,1919,1166,323,7,75,50,8,29,200,383,670,155,1161,153,136,404,11744,166,599,35430,137,1371,263,1480,1475,754,106,759,2897,248,275,315,123,135,81,7647,318,285,297,131,319,327,6533,40,2441,671,7,7039,2360,8,71,1623,173,22,1730,239,315,74,778,303,4329,872,430,253,292,129,322,272,342,207,7,344,7,547,25,15,53,349,59,297,202,9386,1198,2683,2276,594,118,270,55,9550,228,4338,698,3141,387,125,739,34,8272,1693,2868,12346,571,4160,103,63,102,416,153,318,185,420,2373,276,15,171,283,4,10,967,924,3,324,61,6287,12327,8937,2297,9595,1072,110,18452,25806,3873,12384,17867,21497,47,66,191,172,74,240,314,87,102,170,1877,0.0,0.0,0.0,0.0,0.0,0.0,0.0,0.0,0.0,0.0,0.0,0.0,0.0,0.0,0.0,0.0,0.0,0.0,0.0,0.0,0.0,0.0,0.0,0.0,0.0,0.0,0.0,0.0,0.0,0.0,0.0,0.0,0.0,0.0,0.0,0.0,0.0,0.0,0.0,0.0,0.0,0.0,0.0,0.0,0.0,0.0,0.0,0.0,0.0,0.0,0.0,0.0,0.0,0.0,0.0,0.0,0.0,0.0,0.0,0.0,0.0,0.0,0.0,0.0,0.0,0.0,0.0,0.0,0.0,0.0,0.0,0.0,0.0,0.0,0.0,0.0,0.0,0.0,0.0,0.0,0.0,0.0,0.0,0.0,0.0,0.0,0.0,0.0,0.0,0.0,0.0,0.0,0.0,0.0,0.0,0.0,0.0,0.0,0.0,0.0,0.0,0.0,0.0,0.0,0.0,0.0,0.0,0.0,0.0,0.0,0.0,0.0,0.0,0.0,0.0,0.0,0.0,0.0,0.0,0.0,0.0,0.0,0.0,0.0,0.0,0.0,0.0,0.0,0.0,0.0,0.0,0.0,0.0,0.0,0.0,0.0,0.0,0.0,0.0,0.0,0.0,0.0,0.0,0.0,0.0,0.0,0.0,0.0,0.0,0.0
ENCFF001RGM,0.05476332514707798,1020937,27,11714,65,0,1267,366,11,103,12,10937,41,86,34,1,0,850,70,3542,440,31,74,0,0,0,44,19915,101,12,731,37,39,35,34,18,1,31,0,0,540,1186,0,12,0,14,46,234,5,2163,62,10,15,57,3,68703,0,16,17,0,255,39,0,0,0,0,3229,0,3580,43193,14049,9,12,315,2739,4,10,2,7,9,3,26,12,300,8,10,94,1,11,11,0,119,3467,0,2284,3,0,76093,1541,6,205767,4090,36,3663,31,5,1076,165,493,0,131705,19668,1185,8,295,12607,2,923,0,0,19,937,0,4,9,581,392,9,208,5,0,5562,151,18540,2,30,1668,69635,73373,648,74,10,812,74,0,21506,0,5,1,0,267,59,28,868,582,13,203,28,9,40,16,12,8,177,273,317,8331,2,0,0,10,0,29,11,17777,26,0,0,8,17,8,4844,1082,8890,175,1229,2363,5551,443,1439,2578,9,3239,3226,3726,2248,28689,77096,346,48,129,15,0,14,29,12,0,0,0,3792,0,694,379,1,0,47709,1839,1639,6367,14,121,1189,2491,1001,1023,8,6970,0,5547,2,12,463,0,7,20,69,103,344,0,6,9,7,13,11,37,12,1282,3,395,206,122,2973,17,0,9,7,6,4,4,213,9,221,30,2,76,86,25,81,22,25110,89,12502,59,7,3,7,13,2,157,867,10,24,434,6,104,13,220,18,5,4,12,23,16,103,63,14,10,8,15,6686,100,13,3,10,77,6,9,6,7,35,0,3536,0,2426,6,32,0,474,65,3945,685,614,0,257,0,0,63,503,35473,483,196,3483,214,0,47,7,0,225,3232,3382,88,169,2,20,0,0,0,8,0,237,3,168,8,11,35,6,339,76,26016,8,573,7,220,13268,62,13,950,26809,11,14,17,16,3,24,118004,14,16,15,39,9,11,3181,5,766,242,0,63988,4883,0,58,371,67,0,185,5,47,30,343,9,31,21,4579,18,21,8,27,4,204,1,0,177,0,135,0,1,10,4676,5,0,23,52,0,137,35,2,55,45,0,6959,5147,3031,22,1262,120,1,300,0,37584,367,563,60257,16,93,1,0,10,26,17,12,8,15,1,12,0,13,8,0,0,599,501,25,3416,2,2665,3813,5802,338,2647,827,42,3924,21627,1424,3238,21430,8641,15,12,9,6,4,7,60,7,81,53,472,0.0,0.0,0.0,0.0,0.0,0.0,0.0,0.0,0.0,0.0,0.0,0.0,0.0,0.0,0.0,0.0,0.0,0.0,0.0,0.0,0.0,0.0,0.0,0.0,0.0,0.0,0.0,0.0,0.0,0.0,0.0,0.0,0.0,0.0,0.0,0.0,0.0,0.0,0.0,0.0,0.0,0.0,0.0,0.0,0.0,0.0,0.0,0.0,0.0,0.0,0.0,0.0,0.0,0.0,0.0,0.0,0.0,0.0,0.0,0.0,0.0,0.0,0.0,0.0,0.0,0.0,0.0,0.0,0.0,0.0,0.0,0.0,0.0,0.0,0.0,0.0,0.0,0.0,0.0,0.0,0.0,0.0,0.0,0.0,0.0,0.0,0.0,0.0,0.0,0.0,0.0,0.0,0.0,0.0,0.0,0.0,0.0,0.0,0.0,0.0,0.0,0.0,0.0,0.0,0.0,0.0,0.0,0.0,0.0,0.0,0.0,0.0,0.0,0.0,0.0,0.0,0.0,0.0,0.0,0.0,0.0,0.0,0.0,0.0,0.0,0.0,0.0,0.0,0.0,0.0,0.0,0.0,0.0,0.0,0.0,0.0,0.0,0.0,0.0,0.0,0.0,0.0,0.0,0.0,0.0,0.0,0.0,0.0,0.0,0.0
ENCFF000VZU,0.03884350766401123,2370,8,292,4165,116,8289,372,16,54,23,41,155,487,903,1883,2891,344,28,324,444,18,47,4,0,4,49,22,230,3573,268,24,22,35,121,102,1,133,1,4,506,943,4,55,3,3,26,402,2520,2,56,49,87,51,23,536,19,29,23,5,45,120,51,1672,22,32,5,2,5056,3715,571,58,38,76,431,10,65,33,52,59,13,56,63,312,26,24,199,0,52,29,1,124,25,2,75,139,1955,12826,909,5,2374,3092,161,2828,101,25,413,119,124,1,235,637,622,8,336,2610,307,3047,71,378,275,735,195,4220,90,496,233,48,207,27,4,2496,1344,54,2326,891,869,2357,4,286,210,66,260,4540,18,11,12,12,0,5,150,21,34,724,435,43,376,4336,435,23,67,78,67,209,356,334,495,3,4,1,47,5,94,48,243,120,2,1,28,67,50,1336,578,3289,170,2427,2729,1076,3728,920,1969,22,2068,2357,790,722,1804,1612,514,51,7,44,4,22,47,23,2,2,1,309,28,4822,1044,1156,4,15394,2990,319,2260,2733,94,47,3356,1319,5331,613,3420,18,3625,2,31,75,17,20,45,13,220,172,0,39,62,39,48,23,151,81,41,13,353,229,133,189,59,23,37,39,27,33,24,54,71,380,75,29,152,178,141,1349,5016,30,138,252,77,49,38,32,52,44,9,566,24,63,450,27,113,24,215,72,60,26,46,11,36,43,167,143,51,45,38,174,121,41,63,45,252,0,1,25,31,45,39,1136,4,761,0,53,4,532,58,509,500,566,1,211,1,10,88,332,6658,48,147,150,99,3,140,13,10,56,901,417,224,141,3,13,11,0,6,41,77,243,34,327,34,33,176,5680,32,115,9782,24,422,64,276,41,185,16,8,298,39,55,66,23,25,19,127,72,50,42,17,70,72,2098,2,709,166,2,2095,650,0,33,455,44,1,470,39,82,19,203,75,1493,414,61,53,48,25,81,29,96,68,2,72,0,129,6,1,12,49,23,88,52,3390,313,947,592,193,52,58,4,2880,1,1173,102,985,82,18,240,1,2062,417,682,3144,437,1800,12,17,17,62,25,59,36,70,463,37,0,25,70,2,1,347,368,0,15,17,2016,3247,2345,586,2976,375,30,6616,7118,978,3359,5482,6453,25,13,39,44,10,51,131,18,36,34,540,0.0,0.0,0.0,0.0,0.0,0.0,0.0,0.0,0.0,0.0,0.0,0.0,0.0,0.0,0.0,0.0,0.0,0.0,0.0,0.0,0.0,0.0,0.0,0.0,0.0,0.0,0.0,0.0,0.0,0.0,0.0,0.0,0.0,0.0,0.0,0.0,0.0,0.0,0.0,0.0,0.0,0.0,0.0,0.0,0.0,0.0,0.0,0.0,0.0,0.0,0.0,0.0,0.0,0.0,0.0,0.0,0.0,0.0,0.0,0.0,0.0,0.0,0.0,0.0,0.0,0.0,0.0,0.0,0.0,0.0,0.0,0.0,0.0,0.0,0.0,0.0,0.0,0.0,0.0,0.0,0.0,0.0,0.0,0.0,0.0,0.0,0.0,0.0,0.0,0.0,0.0,0.0,0.0,0.0,0.0,0.0,0.0,0.0,0.0,0.0,0.0,0.0,0.0,0.0,0.0,0.0,0.0,0.0,0.0,0.0,0.0,0.0,0.0,0.0,0.0,0.0,0.0,0.0,0.0,0.0,0.0,0.0,0.0,0.0,0.0,0.0,0.0,0.0,0.0,0.0,0.0,0.0,0.0,0.0,0.0,0.0,0.0,0.0,0.0,0.0,0.0,0.0,0.0,0.0,0.0,0.0,0.0,0.0,0.0,0.0
ENCFF001HSI,0.16028121583287402,41962,131,3281,38434,818,93794,3614,288,460,222,282,3064,4994,9414,17452,40406,3200,209,3578,4137,76,363,52,25,24,719,2194,3209,39144,2089,140,172,336,1873,1702,77,1510,10,6,5833,6803,34,388,33,28,327,5159,32999,307,445,1193,1543,239,124,3153,95,188,234,44,370,1262,511,15582,287,347,685,22,46239,38225,3460,1116,831,1491,2313,190,1263,593,894,988,244,1177,1093,2489,562,626,3813,15,969,601,12,522,71,12,1066,1302,21701,127093,5993,97,16707,25772,2378,23120,1532,737,2859,874,1028,12,1419,4255,3985,38,3583,18950,2830,40457,779,2862,2375,6042,1181,59277,1534,3528,1635,329,1396,252,82,14570,14421,1324,23950,8647,4865,15406,407,4136,2107,1201,2746,48492,221,394,92,60,18,11,1174,119,282,7533,2450,394,2807,39299,3726,243,1114,335,377,2154,2419,2105,2670,37,72,9,1121,11,1953,676,717,202,54,19,701,456,992,9778,4198,28274,2070,25557,25559,12169,29422,11121,25292,201,18777,23472,6364,5260,15948,10962,3868,794,441,346,31,545,1096,76,47,6,12,2780,258,35561,11258,15127,112,118143,28183,3013,18236,27998,563,900,30648,13535,54902,5485,22778,120,21565,20,186,447,52,382,975,171,3614,1284,16,767,1046,704,1018,535,2345,1417,132,121,3996,2333,1629,1537,1338,404,750,759,406,429,295,263,1287,4133,1343,438,1597,2266,2126,10900,61111,1522,2197,1707,1294,833,657,724,1018,599,78,4304,541,921,3313,369,1352,489,3428,1289,1043,656,1026,100,523,483,2584,2588,909,999,788,1624,1438,809,855,1074,3966,26,32,481,698,236,510,8712,38,5665,18,302,41,4320,372,4111,4304,5503,9,1694,67,92,861,2090,100097,445,1316,1667,736,170,2872,78,57,311,12676,4615,2566,765,14,56,48,13,20,745,828,1526,555,2846,605,598,1632,54639,487,2290,80835,495,4431,1048,5062,2151,2375,356,798,4490,970,974,1048,456,517,212,11952,1230,1002,1071,406,1163,1284,16156,27,8170,1498,5,15066,4018,54,144,4174,369,31,5726,914,662,133,2777,1201,31788,3564,596,902,1113,493,1134,914,642,570,16,640,8,1385,72,15,105,415,60,737,591,38138,2486,10356,6402,1647,416,467,85,18894,292,9662,1775,6867,681,235,1727,10,19836,4343,6569,29771,4683,22243,264,68,392,1101,483,1105,840,1566,5865,1000,40,195,1155,5,10,2095,2052,6,399,106,14371,32569,25540,6349,22279,2714,412,67115,65551,11454,33719,48550,53221,289,116,876,774,248,950,589,209,211,437,4985,0.0,0.0,0.0,0.0,0.0,0.0,0.0,0.0,0.0,0.0,0.0,0.0,0.0,0.0,0.0,0.0,0.0,0.0,0.0,0.0,0.0,0.0,0.0,0.0,0.0,0.0,0.0,0.0,0.0,0.0,0.0,0.0,0.0,0.0,0.0,0.0,0.0,0.0,0.0,0.0,0.0,0.0,0.0,0.0,0.0,0.0,0.0,0.0,0.0,0.0,0.0,0.0,0.0,0.0,0.0,0.0,0.0,0.0,0.0,0.0,0.0,0.0,0.0,0.0,0.0,0.0,0.0,0.0,0.0,0.0,0.0,0.0,0.0,0.0,0.0,0.0,0.0,0.0,0.0,0.0,0.0,0.0,0.0,0.0,0.0,0.0,0.0,0.0,0.0,0.0,0.0,0.0,0.0,0.0,0.0,0.0,0.0,0.0,0.0,0.0,0.0,0.0,0.0,0.0,0.0,0.0,0.0,0.0,0.0,0.0,0.0,0.0,0.0,0.0,0.0,0.0,0.0,0.0,0.0,0.0,0.0,0.0,0.0,0.0,0.0,0.0,0.0,0.0,0.0,0.0,0.0,0.0,0.0,0.0,0.0,0.0,0.0,0.0,0.0,0.0,0.0,0.0,0.0,0.0,0.0,0.0,0.0,0.0,0.0,0.0
ENCFF000VQJ,0.0823772845529646,4124,12,241,2622,40,4072,449,35,37,29,45,229,319,485,1575,1722,273,31,329,405,16,62,7,4,9,47,173,251,1664,312,25,21,42,145,126,6,130,3,2,569,848,4,55,5,2,39,419,2204,25,47,71,99,50,30,511,12,33,28,9,54,105,21,682,40,24,71,7,3255,3833,574,67,52,119,431,17,99,48,61,56,12,73,93,299,39,30,246,3,62,52,0,113,17,1,150,86,745,13223,792,8,2339,3310,189,2795,107,46,391,114,159,1,245,642,651,21,337,2414,231,1905,35,155,141,675,68,3358,95,497,246,79,282,39,17,2503,929,191,2632,606,1143,2268,38,328,177,84,282,2395,20,37,5,10,4,0,158,18,57,731,383,36,283,2888,293,40,65,202,199,207,476,403,473,0,8,5,66,4,125,58,210,667,2,0,43,64,74,1270,550,3509,175,2277,2471,1116,2724,952,2024,23,2279,2534,856,748,1732,1411,473,74,45,47,5,40,64,17,7,4,1,291,31,3199,889,919,28,11488,2546,279,2106,1384,78,44,2948,1290,3591,323,3263,12,3328,0,26,70,35,15,70,24,257,146,5,55,90,48,60,31,181,110,17,19,333,237,134,196,116,16,52,44,27,29,18,38,90,383,84,29,140,178,148,1038,2371,115,186,249,116,58,48,48,59,31,8,598,33,53,405,20,126,28,281,92,80,47,88,27,29,28,185,196,63,68,68,197,105,57,58,77,249,1,1,34,34,49,21,1106,6,755,1,33,8,479,65,518,463,511,5,176,5,19,92,282,4577,53,143,140,83,12,151,10,26,48,973,422,234,116,4,11,14,3,5,48,140,203,57,249,39,34,137,3905,37,166,9207,22,478,87,407,209,188,24,83,410,66,74,63,49,28,25,858,93,73,66,36,86,90,2045,5,822,185,2,2138,485,2,22,385,60,5,541,74,77,15,201,86,962,231,68,58,79,31,86,54,108,57,1,84,1,168,11,3,6,32,36,53,48,2099,131,717,384,105,42,85,22,3085,16,1201,132,944,100,22,253,1,2303,461,775,3239,178,1410,23,10,22,63,20,89,46,108,495,64,1,29,109,5,5,358,356,1,51,15,1810,2909,2115,480,2826,332,18,5804,6604,905,2902,4922,6007,26,11,53,55,21,66,129,18,27,63,518,0.0,0.0,0.0,0.0,0.0,0.0,0.0,0.0,0.0,0.0,0.0,0.0,0.0,0.0,0.0,0.0,0.0,0.0,0.0,0.0,0.0,0.0,0.0,0.0,0.0,0.0,0.0,0.0,0.0,0.0,0.0,0.0,0.0,0.0,0.0,0.0,0.0,0.0,0.0,0.0,0.0,0.0,0.0,0.0,0.0,0.0,0.0,0.0,0.0,0.0,0.0,0.0,0.0,0.0,0.0,0.0,0.0,0.0,0.0,0.0,0.0,0.0,0.0,0.0,0.0,0.0,0.0,0.0,0.0,0.0,0.0,0.0,0.0,0.0,0.0,0.0,0.0,0.0,0.0,0.0,0.0,0.0,0.0,0.0,0.0,0.0,0.0,0.0,0.0,0.0,0.0,0.0,0.0,0.0,0.0,0.0,0.0,0.0,0.0,0.0,0.0,0.0,0.0,0.0,0.0,0.0,0.0,0.0,0.0,0.0,0.0,0.0,0.0,0.0,0.0,0.0,0.0,0.0,0.0,0.0,0.0,0.0,0.0,0.0,0.0,0.0,0.0,0.0,0.0,0.0,0.0,0.0,0.0,0.0,0.0,0.0,0.0,0.0,0.0,0.0,0.0,0.0,0.0,0.0,0.0,0.0,0.0,0.0,0.0,0.0
ENCFF555WVX,0.1956221259309531,124280,352,11547,96576,2298,209264,9938,498,892,346,977,6771,10056,16766,45904,64026,6547,691,6975,12134,207,774,153,58,64,1272,5972,6209,64426,5206,456,568,742,3378,2828,323,3164,41,17,13499,16207,144,1152,108,68,898,9821,38780,852,868,1835,2865,715,498,8252,168,430,741,245,1115,3245,940,20379,474,796,1658,131,79849,79812,8744,1907,1423,3438,6201,185,2107,890,1592,1773,403,1784,2045,5790,702,961,6955,32,1647,879,46,1903,406,47,2519,2848,51720,304119,18409,241,46949,63590,4313,55124,2078,1185,7311,2539,2864,32,4215,10466,10357,179,7900,47243,6876,51164,1922,8504,7604,17649,4158,89462,2885,10436,5659,1474,3959,668,178,43590,26177,4181,55538,16278,15549,39079,1839,9388,1971,2085,5652,55812,570,1214,210,181,55,75,3140,539,880,20453,6786,965,7344,99541,7392,564,2023,1938,1842,4502,9104,7731,6583,121,241,65,1924,72,3649,1065,1905,855,171,32,1375,1294,1901,23721,10483,72231,3967,53971,52882,26249,59356,24818,54016,430,47162,57371,16790,15413,37620,28400,9983,1737,969,1033,105,903,1625,247,190,74,96,6921,601,74419,24669,24086,563,295944,59854,5689,41124,41582,1337,1055,68441,32744,102899,11844,63354,283,61161,82,636,1397,535,537,1905,325,6510,2728,72,1214,1662,1244,1673,718,4447,2491,352,401,7537,4541,2982,3542,2059,652,992,1415,680,674,492,772,2066,10074,2613,686,3084,3972,4183,25136,65463,4283,3792,4742,2464,1550,1314,1298,1831,1042,187,11190,810,1340,7425,695,2643,616,6925,1946,1817,1118,1702,390,774,1275,4357,4884,1579,1769,1235,3606,2646,1132,1478,1695,7713,79,114,694,1167,740,1539,21960,312,16049,60,952,156,9203,1012,11392,12206,10183,54,4306,254,297,1608,4694,112498,1097,3374,3513,1437,415,5840,198,188,692,27274,8192,6615,1739,153,517,250,45,125,1277,2086,3652,980,7018,932,767,3562,118634,1005,4234,212806,1064,7676,1891,9002,6632,4961,525,3670,15827,1462,1898,1993,625,770,526,34815,2121,1868,1900,781,1934,2225,39774,196,15318,4173,108,38600,10800,24,334,10115,1027,95,10463,1635,1825,392,5385,2114,48844,8365,1832,1404,2142,807,1897,1695,1771,1110,20,1917,42,3120,355,220,247,1402,1926,1859,1789,80977,7124,22698,15034,3730,1056,1533,256,52909,820,24409,3672,17800,1870,824,4721,148,50073,9430,17183,72458,4055,27860,650,282,588,1858,697,1958,1485,2773,15258,1954,79,872,1822,59,60,5985,5446,40,1252,301,37001,73910,51908,13670,56356,6033,416,129537,156139,25015,77484,105438,128455,422,341,1362,1260,434,1646,1752,563,670,1133,11750,0.0,0.0,0.0,0.0,0.0,0.0,0.0,0.0,0.0,0.0,0.0,0.0,0.0,0.0,0.0,0.0,0.0,0.0,0.0,0.0,0.0,0.0,0.0,0.0,0.0,0.0,0.0,0.0,0.0,0.0,0.0,0.0,0.0,0.0,0.0,0.0,0.0,0.0,0.0,0.0,0.0,0.0,0.0,0.0,0.0,0.0,0.0,0.0,0.0,0.0,0.0,0.0,0.0,0.0,0.0,0.0,0.0,0.0,0.0,0.0,0.0,0.0,0.0,0.0,0.0,0.0,0.0,0.0,0.0,0.0,0.0,0.0,0.0,0.0,0.0,0.0,0.0,0.0,0.0,0.0,0.0,0.0,0.0,0.0,0.0,0.0,0.0,0.0,0.0,0.0,0.0,0.0,0.0,0.0,0.0,0.0,0.0,0.0,0.0,0.0,0.0,0.0,0.0,0.0,0.0,0.0,0.0,0.0,0.0,0.0,0.0,0.0,0.0,0.0,0.0,0.0,0.0,0.0,0.0,0.0,0.0,0.0,0.0,0.0,0.0,0.0,0.0,0.0,0.0,0.0,0.0,0.0,0.0,0.0,0.0,0.0,0.0,0.0,0.0,0.0,0.0,0.0,0.0,0.0,0.0,0.0,0.0,0.0,0.0,0.0
ENCFF032RPG,0.2955972925330127,43491,277,2551,95298,777,343428,11030,641,890,662,1020,4274,6175,20687,21578,99924,5189,1361,10505,7931,252,1637,40,119,108,1505,431,5434,58920,6647,431,157,1062,4507,4107,29,4249,70,16,10621,21954,72,634,74,78,1100,11179,47665,40,1969,1339,2915,675,411,12634,154,699,365,226,2055,2417,649,24865,979,712,113,183,71925,73237,12379,2582,1495,2674,12169,334,2780,1184,1759,1939,457,1844,2809,6344,820,1213,6076,26,1673,1277,31,2601,435,93,2598,1280,40094,275627,21005,186,54681,73056,3917,62576,3245,1490,9227,2493,2658,30,5540,11341,12176,507,6387,55110,4929,77116,266,1471,1808,12798,622,114928,2462,9697,3958,705,4464,555,56,66168,28383,232,48376,18149,21430,52189,46,5903,13233,2657,4108,92333,916,295,334,288,68,71,4608,1014,565,14273,9266,539,8004,91404,3265,724,2816,2428,1823,5489,6063,6153,11842,41,169,67,2037,95,2885,1191,2198,1599518,22,6,711,825,2755,23993,13307,71600,4599,59363,56800,19207,47359,20360,37605,1531,46251,54644,17055,16353,42842,36345,9669,2149,51,1398,27,940,2222,331,116,76,193,6507,524,75439,14862,37959,465,354996,60563,8201,45865,51281,2512,921,62485,28423,88889,7620,80786,124,85513,57,465,1709,133,628,2152,399,6270,5182,31,1456,1462,1067,2098,768,6007,2879,129,246,9303,5303,3476,5016,2439,532,1403,1613,1084,651,512,580,1853,6886,1189,702,2748,5500,4044,14640,45848,358,4726,6133,2949,1628,1475,1494,1875,898,43,16929,1035,2450,10681,687,3804,920,5556,2161,2278,1092,1881,150,841,460,4327,3829,1634,1896,1501,5204,3339,2291,1473,1664,4916,21,45,1009,1714,1162,445,27305,368,16708,34,725,59,11427,1697,14054,9628,11980,99,5913,197,107,3655,6922,233460,1340,4215,4990,2455,24,4493,281,951,3286,24819,13770,4032,3629,53,137,165,9,201,1315,2822,4238,1558,5143,1245,968,2451,190637,401,3511,211509,817,12163,1894,10776,1223,4014,653,125,5715,1572,2614,2777,539,566,506,4005,3145,2362,2593,420,2530,2813,43484,96,18280,2637,58,51860,13918,50,899,8790,2214,188,9966,1684,1506,315,8582,2210,52362,3611,500,1485,2460,1036,1144,1911,2128,1037,73,1496,25,3702,176,118,143,226,1306,1001,1195,45791,1631,11773,5709,1193,2479,1275,335,56287,63,22159,2209,22299,3232,172,4567,44,50927,9106,13684,58911,2867,34994,190,494,942,1886,1043,2360,1566,1283,10275,2294,10,599,1889,53,101,7256,7805,16,73,277,57496,54991,39923,11395,61245,9810,2841,117802,144534,19131,55465,115840,143057,993,225,1394,1291,617,1829,1424,579,293,1141,9843,0.0,0.0,0.0,0.0,0.0,0.0,0.0,0.0,0.0,0.0,0.0,0.0,0.0,0.0,0.0,0.0,0.0,0.0,0.0,0.0,0.0,0.0,0.0,0.0,0.0,0.0,0.0,0.0,0.0,0.0,0.0,0.0,0.0,0.0,0.0,0.0,0.0,0.0,0.0,0.0,0.0,0.0,0.0,0.0,0.0,0.0,0.0,0.0,0.0,0.0,0.0,0.0,0.0,0.0,0.0,0.0,0.0,0.0,0.0,0.0,0.0,0.0,0.0,0.0,0.0,0.0,0.0,0.0,0.0,0.0,0.0,0.0,0.0,0.0,0.0,0.0,0.0,0.0,0.0,0.0,0.0,0.0,0.0,0.0,0.0,0.0,0.0,0.0,0.0,0.0,0.0,0.0,0.0,0.0,0.0,0.0,0.0,0.0,0.0,0.0,0.0,0.0,0.0,0.0,0.0,0.0,0.0,0.0,0.0,0.0,0.0,0.0,0.0,0.0,0.0,0.0,0.0,0.0,0.0,0.0,0.0,0.0,0.0,0.0,0.0,0.0,0.0,0.0,0.0,0.0,0.0,0.0,0.0,0.0,0.0,0.0,0.0,0.0,0.0,0.0,0.0,0.0,0.0,0.0,0.0,0.0,0.0,0.0,0.0,0.0
ENCFF076GIM,0.08485276445775193,23323,1459,812,8092,73,10367,3280,60,66,83,634,1453,429,1103,5284,2622,516,81,1522,1781,103,166,27,16,13,265,1191,648,8489,1103,72,103,219,343,280,52,354,11,260,3428,2642,15,210,12,380,155,1204,6945,202,138,154,206,105,159,2481,27,66,87,61,245,893,37,4474,134,127,355,307,11596,10706,2572,204,103,479,2436,71,208,117,130,124,54,146,178,1000,112,86,663,10,133,94,3,293,78,3,640,200,5175,38705,2510,22,7111,10083,534,8432,231,109,1556,555,680,6,1120,2903,2657,39,2098,11053,326,3950,37,195,286,1923,82,7920,232,1630,1028,243,806,87,28,9178,1502,679,6586,1178,13548,7120,227,1323,867,215,1297,7125,108,203,46,27,6,12,509,75,1069,3129,1069,137,1024,7995,549,108,227,235,208,731,1198,948,3220,23,29,6,152,7,333,111,266,509,29,7,158,198,184,4300,1575,13303,478,5680,6509,3188,8459,3149,6075,39,6387,7706,4734,2207,7298,4213,2045,166,309,176,70,80,133,37,17,6,56,1340,39,7804,2200,1102,65,165232,8412,909,6014,5730,355,320,8327,4265,12800,397,11926,41,11182,23,133,805,749,47,157,130,818,792,20,111,174,94,138,83,411,251,530,97,959,845,507,1424,183,49,149,115,53,94,53,340,181,1365,229,66,385,530,394,2274,8167,815,433,1529,245,140,119,99,156,93,215,2091,91,164,1537,66,336,77,943,182,179,101,169,220,90,193,428,423,153,130,128,739,304,135,142,124,753,14,9,69,105,200,80,4017,18,3065,6,122,196,1374,200,2098,1909,2062,6,543,14,64,260,1114,13737,205,630,561,261,63,526,37,29,223,3285,2160,2662,311,11,149,22,1,13,104,188,573,108,862,107,103,345,10176,140,341,28451,263,1243,175,993,1293,489,64,576,2019,130,197,212,72,84,66,6814,215,173,182,133,195,216,6004,9,2130,529,15,8887,1740,11,67,1496,297,22,1356,127,593,71,587,221,7146,461,281,142,222,82,174,141,474,129,10,286,9,718,42,31,41,245,51,71,116,6974,183,1327,744,160,71,297,27,10417,138,3781,513,2902,330,68,662,100,7288,1460,2902,14751,665,5339,58,56,62,271,876,207,107,454,1225,187,6,157,186,5,9,992,901,2,276,70,5656,9721,6933,1485,7956,1024,308,15754,21106,2801,9124,15572,18108,39,40,139,114,33,126,563,128,116,160,1608,0.0,0.0,0.0,0.0,0.0,0.0,0.0,0.0,0.0,0.0,0.0,0.0,0.0,0.0,0.0,0.0,0.0,0.0,0.0,0.0,0.0,0.0,0.0,0.0,0.0,0.0,0.0,0.0,0.0,0.0,0.0,0.0,0.0,0.0,0.0,0.0,0.0,0.0,0.0,0.0,0.0,0.0,0.0,0.0,0.0,0.0,0.0,0.0,0.0,0.0,0.0,0.0,0.0,0.0,0.0,0.0,0.0,0.0,0.0,0.0,0.0,0.0,0.0,0.0,0.0,0.0,0.0,0.0,0.0,0.0,0.0,0.0,0.0,0.0,0.0,0.0,0.0,0.0,0.0,0.0,0.0,0.0,0.0,0.0,0.0,0.0,0.0,0.0,0.0,0.0,0.0,0.0,0.0,0.0,0.0,0.0,0.0,0.0,0.0,0.0,0.0,0.0,0.0,0.0,0.0,0.0,0.0,0.0,0.0,0.0,0.0,0.0,0.0,0.0,0.0,0.0,0.0,0.0,0.0,0.0,0.0,0.0,0.0,0.0,0.0,0.0,0.0,0.0,0.0,0.0,0.0,0.0,0.0,0.0,0.0,0.0,0.0,0.0,0.0,0.0,0.0,0.0,0.0,0.0,0.0,0.0,0.0,0.0,0.0,0.0
ENCFF000RKF,0.07918515682708932,97035,175,2461,21957,297,45914,6315,113,216,238,441,1552,1665,3682,8088,10879,2020,428,5798,4843,179,694,70,135,131,502,7274,1960,16367,3082,230,441,332,1035,1012,131,1776,20,17,29229,9887,60,614,40,107,608,3868,11645,887,329,538,644,409,348,6280,193,329,484,249,720,787,195,6662,297,328,1364,30,31113,33689,6405,622,278,1909,5126,204,695,251,386,469,120,451,769,3119,239,284,1840,33,377,222,40,1583,342,150,1005,619,9463,136996,9776,65,25979,34178,1845,29547,940,339,5136,1884,1959,32,3046,7463,7523,788,3362,29358,1412,16569,217,933,1119,6903,369,20892,831,6451,2944,749,2588,305,169,30541,5977,7370,9766,4078,12050,24689,1483,2757,2818,728,3328,18396,624,1008,51,102,20,29,1970,327,375,8132,4621,578,3295,21749,1662,441,641,2586,2377,2395,3692,3606,5850,62,146,161,432,23,901,263,1473,1985,69,2,611,680,594,13598,6049,37429,1467,20046,25293,10243,20025,9757,17923,200,23572,26674,9392,7947,19499,16853,5524,558,1590,676,25,211,420,354,44,82,203,3289,150,21205,7192,4255,414,174198,30439,3275,22941,11603,1230,548,29633,14088,35624,1670,40084,125,40973,23,234,582,66,145,583,188,2160,1856,70,315,449,265,418,194,1693,924,268,155,2954,2265,1311,3021,536,124,285,300,138,181,160,484,543,3851,659,184,1242,1629,1312,6071,19950,3746,1560,2750,762,451,382,257,443,270,165,7786,186,380,4436,160,1045,179,2659,422,547,241,411,345,225,358,1269,1230,368,451,347,2009,869,410,415,411,1869,21,29,203,275,620,318,13822,187,9073,13,427,89,5475,769,7072,6360,4839,33,2226,86,182,1479,3390,42909,825,2183,1677,815,223,1649,343,403,896,10140,5745,1481,1460,76,236,106,11,33,308,2433,2550,500,2864,278,227,837,28194,438,1036,102761,383,4928,517,3321,6645,1497,149,2173,7340,334,607,626,167,223,251,33586,742,469,738,248,698,896,21879,66,6955,1815,48,25371,5971,11,287,4381,1047,31,4179,322,2024,280,2223,605,12782,1489,1033,370,614,177,620,330,1486,604,23,907,47,1454,289,30,229,897,1247,363,675,15620,800,4464,2837,638,369,903,507,36826,950,12101,2432,11569,1517,200,2362,22,26169,5221,7611,35900,1791,12606,202,948,182,597,259,717,285,689,6928,596,22,1176,497,51,76,3785,4093,27,1248,199,21941,29687,20933,5052,29404,3456,389,51023,71503,9070,30045,52177,65367,171,137,336,346,104,398,1379,293,360,622,6054,0.0,0.0,0.0,0.0,0.0,0.0,0.0,0.0,0.0,0.0,0.0,0.0,0.0,0.0,0.0,0.0,0.0,0.0,0.0,0.0,0.0,0.0,0.0,0.0,0.0,0.0,0.0,0.0,0.0,0.0,0.0,0.0,0.0,0.0,0.0,0.0,0.0,0.0,0.0,0.0,0.0,0.0,0.0,0.0,0.0,0.0,0.0,0.0,0.0,0.0,0.0,0.0,0.0,0.0,0.0,0.0,0.0,0.0,0.0,0.0,0.0,0.0,0.0,0.0,0.0,0.0,0.0,0.0,0.0,0.0,0.0,0.0,0.0,0.0,0.0,0.0,0.0,0.0,0.0,0.0,0.0,0.0,0.0,0.0,0.0,0.0,0.0,0.0,0.0,0.0,0.0,0.0,0.0,0.0,0.0,0.0,0.0,0.0,0.0,0.0,0.0,0.0,0.0,0.0,0.0,0.0,0.0,0.0,0.0,0.0,0.0,0.0,0.0,0.0,0.0,0.0,0.0,0.0,0.0,0.0,0.0,0.0,0.0,0.0,0.0,0.0,0.0,0.0,0.0,0.0,0.0,0.0,0.0,0.0,0.0,0.0,0.0,0.0,0.0,0.0,0.0,0.0,0.0,0.0,0.0,0.0,0.0,0.0,0.0,0.0
ENCFF225JIA,0.2153146500515971,387651,171,5423,41593,912,223113,11752,586,733,753,1409,5657,4926,11435,24565,51991,5508,1532,6696,10260,369,1859,84,127,87,1674,25154,7061,42990,9555,599,441,1051,4264,3844,274,5052,45,95,13906,27338,100,1168,93,45,1276,12340,28326,4186,2629,1887,3124,1027,839,15616,389,791,702,185,2397,2985,342,12671,379,562,7332,244,67349,88329,18401,2485,1606,5425,13099,781,2807,1255,1820,1953,504,2152,2614,8144,923,1197,7278,23,1892,1281,16,2762,1289,86,2263,1830,14627,339643,22207,174,59678,82845,4999,71715,2639,1402,12363,3140,2904,41,6236,14969,15270,288,7859,70115,3167,73087,477,2347,2233,16417,1061,91807,2593,11923,5767,1305,5945,956,201,72349,15335,14380,27679,10991,26262,69501,3383,8107,4458,2518,10714,46841,536,3363,178,296,103,102,5772,990,1166,19179,10443,1200,8862,43962,4183,1091,2735,2881,2313,6110,7226,6637,13092,159,301,194,2314,95,3271,1366,1992,817,157,14,1635,1612,2378,30644,16121,92932,4704,51489,68249,25832,47619,26637,50989,940,56118,65557,21498,20869,49266,39073,10921,1705,5526,1029,124,1066,2230,408,110,68,53,7730,344,64237,17288,13259,556,306019,65173,9712,53627,25806,3103,1056,69991,26655,78788,5448,91924,213,98027,99,647,1706,275,699,2172,386,8011,6225,56,1467,1928,1209,2045,913,5573,3082,447,423,10923,7003,4202,5953,2897,682,1513,1676,890,787,575,1001,2329,7700,1523,761,3578,5459,4303,14219,37875,16138,5298,7195,3144,1755,1382,1412,2122,1118,207,16611,1137,2256,12272,826,4133,947,8006,2485,2210,1217,2037,427,1058,899,5397,4658,1839,1990,1663,5453,3423,2194,1786,2170,7102,36,58,1001,1483,1180,551,35633,402,21284,79,934,128,16180,2298,16115,12456,13736,66,6705,341,314,2069,10225,100649,2729,5447,4493,2599,1160,4997,782,1075,2710,28274,9158,7387,3828,119,273,217,32,117,1541,2359,5573,1380,7934,1139,1125,2352,66464,2523,4049,267775,1007,14557,2217,11512,27159,4724,709,12675,30711,1791,2448,2552,707,892,899,189052,2849,2280,2432,555,2617,2894,54480,199,23427,4344,50,59709,19528,24,784,11162,1916,106,14280,1754,3004,465,7698,2518,24014,3290,4380,1680,2596,1004,2132,1994,2804,1249,58,2063,59,3913,157,88,508,3432,870,695,979,44461,2089,12795,7278,1788,1251,1447,498,81296,1198,32349,6305,27959,3620,365,6383,78,54793,10244,17895,79157,2838,23824,351,541,943,3076,1002,2276,1611,2438,11990,2339,40,4404,2222,37,81,9822,10787,11,3916,385,59725,71437,53484,12895,74282,9211,1010,123543,178379,22728,73034,132431,165678,537,255,1481,1501,491,1973,2489,840,743,1436,13022,0.0,0.0,0.0,0.0,0.0,0.0,0.0,0.0,0.0,0.0,0.0,0.0,0.0,0.0,0.0,0.0,0.0,0.0,0.0,0.0,0.0,0.0,0.0,0.0,0.0,0.0,0.0,0.0,0.0,0.0,0.0,0.0,0.0,0.0,0.0,0.0,0.0,0.0,0.0,0.0,0.0,0.0,0.0,0.0,0.0,0.0,0.0,0.0,0.0,0.0,0.0,0.0,0.0,0.0,0.0,0.0,0.0,0.0,0.0,0.0,0.0,0.0,0.0,0.0,0.0,0.0,0.0,0.0,0.0,0.0,0.0,0.0,0.0,0.0,0.0,0.0,0.0,0.0,0.0,0.0,0.0,0.0,0.0,0.0,0.0,0.0,0.0,0.0,0.0,0.0,0.0,0.0,0.0,0.0,0.0,0.0,0.0,0.0,0.0,0.0,0.0,0.0,0.0,0.0,0.0,0.0,0.0,0.0,0.0,0.0,0.0,0.0,0.0,0.0,0.0,0.0,0.0,0.0,0.0,0.0,0.0,0.0,0.0,0.0,0.0,0.0,0.0,0.0,0.0,0.0,0.0,0.0,0.0,0.0,0.0,0.0,0.0,0.0,0.0,0.0,0.0,0.0,0.0,0.0,0.0,0.0,0.0,0.0,0.0,0.0
ENCFF454QVD,0.12192623661213714,249273,13141,9459,36554,384,79177,29560,246,666,831,2234,4932,3163,9064,14262,15437,7039,1754,23215,17461,1015,2889,349,312,230,2119,14099,5122,26185,13945,974,752,2962,2669,2326,245,5134,146,167,31031,41463,124,2699,32,5055,2105,12436,17662,953,1079,916,1328,1769,1425,34881,761,1378,1422,1880,2720,2852,489,9242,1403,4774,3039,241,100398,141107,36684,1535,550,4044,30884,1247,1732,375,732,1078,184,855,2041,13450,370,411,5189,50,788,412,69,7133,951,365,3991,1253,13455,544578,42766,223,112090,150871,5140,128244,2422,513,25178,7609,8929,72,14247,34128,31624,693,13508,133000,2879,39679,164,811,2367,28324,343,28579,1660,21892,10605,3934,11712,1468,656,169439,14971,8758,28018,11188,101742,115284,1916,9211,13746,1790,12549,44689,2389,2276,133,479,310,213,9238,1459,4708,30254,19865,2578,11986,32147,3075,1861,1658,10086,8214,9178,17903,14814,42619,284,409,261,950,58,2147,409,7235,640923,59,73,1538,2702,1641,65058,26614,164428,4681,70806,99756,39322,45166,37089,59517,846,105121,117727,47133,35508,92737,70036,27558,2338,1767,2633,146,453,765,771,197,1422,219,12468,455,44413,21162,7629,1868,2907831,109302,12262,91467,19287,4729,2416,115444,57996,101468,2222,212536,560,215821,147,1284,2873,421,214,1429,2374,9125,10451,480,440,750,406,935,378,4523,2280,4116,864,10740,10564,5425,22257,1003,217,551,754,300,269,210,3966,891,14784,1753,279,4344,4957,3734,12625,41840,6426,4254,19214,2281,1160,988,541,919,336,2510,39588,451,778,21852,385,3546,334,12683,772,1205,390,791,4303,324,1422,2922,2896,708,821,656,8607,2644,762,640,740,5643,138,110,326,487,3608,489,67093,748,47392,83,2024,279,22716,3978,37804,22069,20804,81,8956,192,900,8267,15895,107793,2784,10319,6843,3666,235,5435,898,1960,3808,42007,22516,5691,5864,122,951,356,63,98,575,4758,10376,1365,11756,415,439,2962,44297,984,2764,465760,4818,20669,994,9653,16022,4948,330,4258,21987,648,1802,1890,332,430,854,64905,2143,1245,1832,1598,1595,2002,92643,153,27244,7447,456,121683,29548,188,1215,20350,5138,128,14211,778,10283,1163,6656,1455,22341,2624,5058,730,1771,379,1683,809,7495,2282,119,3699,135,6944,3309,54,792,3121,3164,879,2692,29738,815,7890,6516,785,1449,4034,938,185471,776,65485,4069,48507,5504,890,10347,90,112367,23234,37442,196545,6003,19480,407,1745,335,1207,8558,1960,564,3227,18786,1658,31,3689,904,183,146,16493,17478,52,3019,947,95633,121507,80291,19446,124679,14257,979,169672,308261,33007,114806,217494,279229,751,709,587,490,225,772,7766,1146,1872,2227,19704,0.0,0.0,0.0,0.0,0.0,0.0,0.0,0.0,0.0,0.0,0.0,0.0,0.0,0.0,0.0,0.0,0.0,0.0,0.0,0.0,0.0,0.0,0.0,0.0,0.0,0.0,0.0,0.0,0.0,0.0,0.0,0.0,0.0,0.0,0.0,0.0,0.0,0.0,0.0,0.0,0.0,0.0,0.0,0.0,0.0,0.0,0.0,0.0,0.0,0.0,0.0,0.0,0.0,0.0,0.0,0.0,0.0,0.0,0.0,0.0,0.0,0.0,0.0,0.0,0.0,0.0,0.0,0.0,0.0,0.0,0.0,0.0,0.0,0.0,0.0,0.0,0.0,0.0,0.0,0.0,0.0,0.0,0.0,0.0,0.0,0.0,0.0,0.0,0.0,0.0,0.0,0.0,0.0,0.0,0.0,0.0,0.0,0.0,0.0,0.0,0.0,0.0,0.0,0.0,0.0,0.0,0.0,0.0,0.0,0.0,0.0,0.0,0.0,0.0,0.0,0.0,0.0,0.0,0.0,0.0,0.0,0.0,0.0,0.0,0.0,0.0,0.0,0.0,0.0,0.0,0.0,0.0,0.0,0.0,0.0,0.0,0.0,0.0,0.0,0.0,0.0,0.0,0.0,0.0,0.0,0.0,0.0,0.0,0.0,0.0
ENCFF000VVJ,0.1025727739988165,5040,18,329,2746,71,6541,455,50,51,24,57,223,401,821,1593,2127,362,44,445,402,14,66,6,3,5,63,234,287,2253,347,27,36,52,160,109,14,150,2,2,622,1115,4,77,1,4,51,502,1828,27,74,85,97,39,31,658,22,35,38,14,89,120,30,994,26,140,85,6,4021,4156,678,83,50,141,571,17,89,55,61,81,15,86,87,394,50,51,279,4,63,44,3,156,46,2,138,131,1271,15181,959,13,2605,3630,197,3127,113,50,454,142,138,3,234,610,650,8,428,2794,272,2589,63,259,189,758,112,3153,101,521,246,104,280,37,9,2876,1110,173,1996,765,1181,2690,60,360,223,74,360,3136,39,47,15,11,2,4,188,21,69,808,395,60,414,2900,328,39,82,89,106,237,436,379,493,6,14,3,68,0,163,48,293,1642,4,0,60,83,74,1427,631,4172,173,2532,2900,1257,2790,1164,2324,23,2464,2693,974,929,2010,1728,532,77,43,70,8,44,69,11,12,2,0,330,29,3661,1060,887,15,18080,3044,318,2404,1956,105,58,3495,1491,4493,428,3909,8,4048,3,21,93,37,20,59,15,266,227,2,60,91,52,61,27,207,96,26,17,367,277,171,256,91,31,44,67,42,44,26,73,80,413,95,36,153,166,166,1066,1901,180,184,306,133,65,55,38,70,40,16,682,44,68,501,29,144,48,323,95,82,51,88,23,37,42,185,191,65,83,49,259,126,63,56,66,334,1,2,36,48,55,24,1324,10,875,3,59,9,582,81,620,572,570,3,261,11,21,97,387,4763,69,173,183,99,18,212,15,27,51,1186,650,295,146,1,15,15,0,8,50,94,241,48,340,39,35,144,3790,35,185,10925,37,516,86,395,255,230,23,150,571,71,69,65,33,36,18,1138,83,61,90,19,109,74,2319,12,920,254,5,2485,748,0,23,509,63,7,632,69,114,17,228,101,1316,286,68,77,80,36,98,61,114,73,2,100,4,181,15,2,17,49,29,84,61,2439,187,851,470,120,70,94,13,3568,26,1345,197,1179,124,29,266,5,2499,530,819,3674,127,1252,26,18,19,95,45,72,44,136,632,86,3,39,109,3,3,429,365,1,55,18,2294,3493,2593,578,3215,438,40,5951,7961,1140,3452,5834,7149,23,21,57,60,29,71,124,31,55,48,562,0.0,0.0,0.0,0.0,0.0,0.0,0.0,0.0,0.0,0.0,0.0,0.0,0.0,0.0,0.0,0.0,0.0,0.0,0.0,0.0,0.0,0.0,0.0,0.0,0.0,0.0,0.0,0.0,0.0,0.0,0.0,0.0,0.0,0.0,0.0,0.0,0.0,0.0,0.0,0.0,0.0,0.0,0.0,0.0,0.0,0.0,0.0,0.0,0.0,0.0,0.0,0.0,0.0,0.0,0.0,0.0,0.0,0.0,0.0,0.0,0.0,0.0,0.0,0.0,0.0,0.0,0.0,0.0,0.0,0.0,0.0,0.0,0.0,0.0,0.0,0.0,0.0,0.0,0.0,0.0,0.0,0.0,0.0,0.0,0.0,0.0,0.0,0.0,0.0,0.0,0.0,0.0,0.0,0.0,0.0,0.0,0.0,0.0,0.0,0.0,0.0,0.0,0.0,0.0,0.0,0.0,0.0,0.0,0.0,0.0,0.0,0.0,0.0,0.0,0.0,0.0,0.0,0.0,0.0,0.0,0.0,0.0,0.0,0.0,0.0,0.0,0.0,0.0,0.0,0.0,0.0,0.0,0.0,0.0,0.0,0.0,0.0,0.0,0.0,0.0,0.0,0.0,0.0,0.0,0.0,0.0,0.0,0.0,0.0,0.0
ENCFF000CTH,0.16729692289051354,54386,95,5221,12915,298,76059,5546,282,506,587,824,2885,2079,5303,5284,14741,4091,5287,4920,9012,332,2150,268,115,26,660,99,4335,7280,7349,869,358,913,1688,1492,22,3051,19,3,11375,28128,177,1479,13,39,451,8070,6925,14,736,750,1312,1264,709,18632,263,775,569,39,1931,1743,130,3446,547,284,39,29,52709,78813,23667,901,741,1565,12802,744,1111,557,738,819,244,947,1042,9799,408,564,4365,32,769,513,20,4545,91,12,1809,880,5948,334538,23117,173,65853,82116,3193,74909,1087,591,12676,2986,2752,20,6300,17472,15912,69,6706,71733,1475,27058,227,828,1452,17076,360,16374,1093,11464,5531,1553,6488,868,229,74178,8251,40,7079,5265,22935,74320,12,5309,2166,1024,7314,16857,258,516,66,493,187,49,5332,675,845,17419,11840,2742,6470,13382,1847,1327,998,1151,1098,4971,7838,6818,15525,145,107,176,864,13,1587,566,1478,626,5,6,498,1336,938,36737,16523,132048,3371,43126,53725,21327,20836,18893,38010,596,56560,63693,69372,21412,42058,37927,7271,1276,13,906,51,412,847,440,77,84,41,7125,145,22031,12341,4521,72,264095,55890,6010,53338,9177,2608,901,65161,24065,54530,1734,97146,294,105463,63,439,1198,41,251,887,301,5140,4749,55,614,866,601,873,424,2528,1324,1768,276,7179,4935,3638,6448,1359,304,715,676,383,373,291,2656,1015,6932,1413,417,2978,2821,1983,5677,9326,251,2973,9298,1770,679,507,624,831,450,670,15857,476,869,13061,325,2266,434,8019,1109,841,546,863,128,543,612,2858,2401,789,877,743,5911,2244,801,717,901,4132,15,36,362,641,877,165,35999,46,24189,249,1368,35,13813,1802,17334,11017,11803,6,4978,219,714,469,8974,43953,1621,4271,4722,2263,16,2469,454,178,1434,16727,5706,3279,3462,60,442,161,2,20,685,759,4849,413,7096,530,566,950,17688,404,2396,276415,482,13631,913,5004,604,2846,311,38,6903,763,951,1026,437,379,629,1918,1168,877,1008,273,912,1149,51272,200,18915,4611,6,60627,14446,10,662,9248,1427,39,10809,843,2573,703,3609,1052,6364,1410,1098,715,1044,452,1454,836,3254,235,10,2252,20,2754,2370,44,522,773,110,405,701,11257,957,6175,3530,622,583,1641,67,88233,60,28189,2208,42242,3029,326,6917,14,40459,7987,13451,67775,2218,6434,184,148,375,864,400,1087,698,1522,4850,1016,51,434,984,9,10,11098,10935,5,109,381,50293,60082,41475,9495,70887,7838,615,95710,149905,17161,61201,111433,151846,410,430,651,657,232,762,2972,608,1399,1034,10768,0.0,0.0,0.0,0.0,0.0,0.0,0.0,0.0,0.0,0.0,0.0,0.0,0.0,0.0,0.0,0.0,0.0,0.0,0.0,0.0,0.0,0.0,0.0,0.0,0.0,0.0,0.0,0.0,0.0,0.0,0.0,0.0,0.0,0.0,0.0,0.0,0.0,0.0,0.0,0.0,0.0,0.0,0.0,0.0,0.0,0.0,0.0,0.0,0.0,0.0,0.0,0.0,0.0,0.0,0.0,0.0,0.0,0.0,0.0,0.0,0.0,0.0,0.0,0.0,0.0,0.0,0.0,0.0,0.0,0.0,0.0,0.0,0.0,0.0,0.0,0.0,0.0,0.0,0.0,0.0,0.0,0.0,0.0,0.0,0.0,0.0,0.0,0.0,0.0,0.0,0.0,0.0,0.0,0.0,0.0,0.0,0.0,0.0,0.0,0.0,0.0,0.0,0.0,0.0,0.0,0.0,0.0,0.0,0.0,0.0,0.0,0.0,0.0,0.0,0.0,0.0,0.0,0.0,0.0,0.0,0.0,0.0,0.0,0.0,0.0,0.0,0.0,0.0,0.0,0.0,0.0,0.0,0.0,0.0,0.0,0.0,0.0,0.0,0.0,0.0,0.0,0.0,0.0,0.0,0.0,0.0,0.0,0.0,0.0,0.0
ENCFF001FIZ,0.11019849500538147,40137,60,2522,20644,325,47102,4552,255,306,221,475,2281,2470,4837,11306,16460,2378,410,4153,4213,175,652,60,38,32,1027,334,2044,16020,2857,180,119,320,1532,1765,23,1615,17,16,7131,12301,44,515,29,19,951,4184,12248,45,366,652,938,348,405,9003,125,259,248,132,508,957,317,6320,321,203,98,51,31382,36923,12300,740,448,818,7966,222,1040,318,504,589,147,666,1644,5643,292,352,2356,15,543,295,12,1072,114,29,834,826,8971,127007,9300,126,25130,37390,1613,32141,1118,398,6281,1965,1433,13,3450,10434,7654,95,5766,33297,1650,17884,245,902,1105,6404,411,21598,1183,5059,2492,532,2573,304,78,29655,7347,311,13090,4473,12620,29092,70,3234,1664,926,2848,28244,252,164,66,94,21,16,1623,364,418,10657,3913,450,2892,21326,2007,333,850,801,797,1963,3529,3127,13114,45,86,20,657,23,1055,329,361,1495,14,8,300,514,840,15293,5417,32960,1778,19708,22948,9820,18277,13152,20427,182,22762,26291,8936,8077,26651,14394,3960,662,67,386,41,358,602,180,40,18,27,2682,196,25072,8189,7110,135,158547,26658,2695,21652,13338,849,457,30366,12035,36890,2212,36323,147,37265,44,264,572,100,183,819,124,3775,3474,21,441,506,377,581,274,2419,1690,2060,214,3045,3560,1557,11309,774,201,396,470,233,236,177,2569,665,4042,795,220,1097,2105,1602,6302,26867,270,2152,7739,913,539,479,405,644,356,2433,6059,283,551,5682,204,1131,287,4172,671,664,356,585,481,296,294,1571,1549,515,621,442,4547,1033,469,514,609,2335,19,31,240,443,672,146,16499,94,12276,21,479,33,5201,1631,9660,5328,4907,22,1789,98,163,924,2782,45215,526,1267,3786,940,35,2109,167,164,641,14800,3905,1873,1040,38,133,74,11,28,424,411,1560,615,3295,342,335,1408,28959,233,1388,117448,298,5194,631,3970,557,1731,172,154,3058,495,940,1158,227,293,184,2182,1210,663,963,255,835,1380,20996,54,8276,1781,23,33205,6114,14,227,4628,394,35,4303,506,1009,222,2810,747,12780,2036,470,521,1125,279,718,580,2609,366,31,845,34,2107,48,33,232,308,163,385,499,19694,922,5464,3157,677,338,1240,143,36136,73,18217,1132,10919,1429,232,2048,20,28729,4664,8053,42268,2593,10853,149,142,258,536,285,789,476,2175,6254,806,29,160,662,18,37,3301,4459,5,98,136,19920,31410,26664,5330,27485,3216,509,55593,71999,11201,31747,54088,67041,297,122,490,443,127,539,1499,289,331,544,4960,0.0,0.0,0.0,0.0,0.0,0.0,0.0,0.0,0.0,0.0,0.0,0.0,0.0,0.0,0.0,0.0,0.0,0.0,0.0,0.0,0.0,0.0,0.0,0.0,0.0,0.0,0.0,0.0,0.0,0.0,0.0,0.0,0.0,0.0,0.0,0.0,0.0,0.0,0.0,0.0,0.0,0.0,0.0,0.0,0.0,0.0,0.0,0.0,0.0,0.0,0.0,0.0,0.0,0.0,0.0,0.0,0.0,0.0,0.0,0.0,0.0,0.0,0.0,0.0,0.0,0.0,0.0,0.0,0.0,0.0,0.0,0.0,0.0,0.0,0.0,0.0,0.0,0.0,0.0,0.0,0.0,0.0,0.0,0.0,0.0,0.0,0.0,0.0,0.0,0.0,0.0,0.0,0.0,0.0,0.0,0.0,0.0,0.0,0.0,0.0,0.0,0.0,0.0,0.0,0.0,0.0,0.0,0.0,0.0,0.0,0.0,0.0,0.0,0.0,0.0,0.0,0.0,0.0,0.0,0.0,0.0,0.0,0.0,0.0,0.0,0.0,0.0,0.0,0.0,0.0,0.0,0.0,0.0,0.0,0.0,0.0,0.0,0.0,0.0,0.0,0.0,0.0,0.0,0.0,0.0,0.0,0.0,0.0,0.0,0.0
ENCFF000ZKM,0.06556141676431494,8767,39,1047,17995,352,34500,1226,121,165,75,167,1117,1560,3089,8201,10655,1214,131,1465,1622,48,209,24,5,7,244,36,1382,10375,1058,64,43,136,756,637,11,604,4,2,2283,3257,29,197,20,7,180,1995,11685,7,237,452,597,112,127,1714,46,70,122,30,223,492,182,7120,106,120,15,6,19915,15844,1912,406,286,386,1577,78,492,245,323,356,95,455,471,1171,219,228,1298,5,360,197,9,388,111,18,540,524,5580,53485,2786,33,7867,11782,879,10262,473,264,1483,469,525,6,764,2050,1986,20,1533,10025,1184,11789,318,1344,952,2792,604,18692,660,1979,775,188,877,111,37,7570,4084,51,8753,3042,3026,7328,10,1622,1055,493,1160,18567,65,48,21,33,10,11,584,104,106,2939,1301,169,1183,18332,1779,103,418,218,216,929,1355,1085,1375,21,50,10,365,17,802,317,578,527,6,6,225,255,339,4439,2061,12904,887,9487,10812,4890,15175,4731,10106,64,8394,10170,3035,2630,7089,5587,2028,269,10,210,19,234,334,59,26,1,18,1254,109,18440,4949,3899,393,58243,11404,1173,8803,11731,330,148,13634,5711,23121,2183,11643,42,11790,14,79,187,46,113,335,68,1315,595,5,307,422,265,359,207,869,565,73,49,1509,1021,579,683,465,154,306,266,182,171,128,131,558,1645,502,192,614,905,758,6165,17383,56,918,884,530,297,215,256,368,278,32,2116,198,298,1609,137,540,208,1327,489,438,228,356,57,187,149,1003,911,370,430,306,798,566,293,358,359,1404,4,15,187,215,174,97,3976,41,2759,7,177,12,2002,183,1863,1988,2478,8,726,47,50,266,1079,24884,151,510,769,374,16,848,33,111,172,4428,1947,990,416,25,62,42,7,21,259,361,848,253,1150,236,229,771,22743,164,822,37047,186,1797,399,2018,93,907,124,15,1143,390,350,338,188,171,58,299,424,383,360,146,473,463,7955,23,3526,780,9,7999,1991,6,89,1821,151,19,2363,286,343,86,1060,471,9040,1453,162,385,379,162,417,343,323,50,10,377,9,689,59,15,45,119,49,319,248,13732,1179,4257,2596,737,151,224,65,9720,13,4128,588,3670,386,89,862,5,7483,1473,2836,11670,1571,7108,89,49,142,335,172,443,275,535,3293,357,11,59,513,4,15,1202,1141,1,35,67,6850,12184,10191,2263,10023,1308,124,25003,26644,4604,13043,19584,22678,86,75,339,372,121,350,326,128,128,157,2202,0.0,0.0,0.0,0.0,0.0,0.0,0.0,0.0,0.0,0.0,0.0,0.0,0.0,0.0,0.0,0.0,0.0,0.0,0.0,0.0,0.0,0.0,0.0,0.0,0.0,0.0,0.0,0.0,0.0,0.0,0.0,0.0,0.0,0.0,0.0,0.0,0.0,0.0,0.0,0.0,0.0,0.0,0.0,0.0,0.0,0.0,0.0,0.0,0.0,0.0,0.0,0.0,0.0,0.0,0.0,0.0,0.0,0.0,0.0,0.0,0.0,0.0,0.0,0.0,0.0,0.0,0.0,0.0,0.0,0.0,0.0,0.0,0.0,0.0,0.0,0.0,0.0,0.0,0.0,0.0,0.0,0.0,0.0,0.0,0.0,0.0,0.0,0.0,0.0,0.0,0.0,0.0,0.0,0.0,0.0,0.0,0.0,0.0,0.0,0.0,0.0,0.0,0.0,0.0,0.0,0.0,0.0,0.0,0.0,0.0,0.0,0.0,0.0,0.0,0.0,0.0,0.0,0.0,0.0,0.0,0.0,0.0,0.0,0.0,0.0,0.0,0.0,0.0,0.0,0.0,0.0,0.0,0.0,0.0,0.0,0.0,0.0,0.0,0.0,0.0,0.0,0.0,0.0,0.0,0.0,0.0,0.0,0.0,0.0,0.0
ENCFF645DRV,0.1286130531390273,74700,284,3988,58021,708,207960,12361,742,337,251,709,6903,2298,9003,38667,30127,2700,982,9423,6894,142,833,34,140,74,2362,4099,6443,46161,5511,170,66,724,4515,4035,65,4662,35,11,9951,12416,142,490,127,72,1030,11128,38279,229,1426,3206,3203,267,301,6231,160,457,254,240,1152,3847,1055,24113,1073,417,1096,242,67086,61894,6036,2785,1700,3799,6665,85,3174,1455,1713,2072,618,2744,2862,3700,964,1716,8048,11,1891,1823,22,1224,843,90,1826,1904,33278,202648,11099,200,29416,45669,6232,39226,3065,1628,4338,1652,2088,27,4361,8672,9634,133,6931,42639,2181,67884,262,1613,1841,9125,639,109051,2985,7506,2938,430,2596,294,92,32968,7606,2149,41032,11828,13200,32457,503,7706,10799,2771,4630,63649,351,338,118,97,70,32,2307,675,772,13201,4431,365,6094,59919,4500,298,3173,1374,947,3583,4894,4806,7091,63,151,101,2421,66,3112,1320,1069,103,20,39,1073,574,2737,14804,7322,49834,4690,30949,47565,20663,52125,23239,42392,236,33340,43004,11655,12166,35602,23001,6674,1441,249,1817,29,1784,2868,170,46,38,80,5141,109,86382,15506,8604,766,311243,56741,6105,33348,36761,1191,709,50277,25504,86672,2976,46236,134,42239,60,326,1126,40,825,1980,409,9169,3027,46,1687,1533,1362,2429,1197,5403,2729,306,289,8937,6049,3085,4028,3970,753,2284,1955,1149,738,542,429,2467,7560,1964,986,2502,5297,3924,17301,95213,3396,5096,4526,2538,1848,1495,1649,2115,1244,144,10340,1238,3850,7243,758,3150,1349,6398,3666,2564,2089,2353,391,1041,915,5591,4397,2106,1901,1833,3581,3586,2837,1393,2676,6563,50,51,949,1948,791,689,16198,207,11869,28,307,106,7727,777,8945,8626,12520,35,3623,129,52,2101,4022,115972,616,2352,4606,1527,53,4592,198,680,1807,30060,11969,8345,1709,110,205,89,35,90,1427,2142,3120,1594,6647,1557,990,2968,84930,389,3659,132020,963,8132,2203,13651,4820,4317,708,649,5118,1868,2367,2540,845,665,115,27218,3485,2385,2362,958,2462,2800,33846,73,24632,1700,47,33768,12240,47,503,7151,1314,83,12735,1657,1326,189,6842,2308,30168,3565,859,1759,2401,1592,1708,2185,1433,1469,37,1368,81,3580,165,101,117,316,649,277,1351,51044,1718,13463,7278,1021,978,902,352,31994,289,16550,2485,11601,1650,77,3246,23,46751,9089,15524,58437,2971,28683,231,398,913,2399,1273,2128,2005,2623,11631,2149,35,173,2454,74,61,3552,3364,14,289,211,33504,57495,45990,11641,39861,5957,1106,93775,120917,18521,54827,96544,102819,253,103,1544,1455,691,2040,879,530,269,984,8935,0.0,0.0,0.0,0.0,0.0,0.0,0.0,0.0,0.0,0.0,0.0,0.0,0.0,0.0,0.0,0.0,0.0,0.0,0.0,0.0,0.0,0.0,0.0,0.0,0.0,0.0,0.0,0.0,0.0,0.0,0.0,0.0,0.0,0.0,0.0,0.0,0.0,0.0,0.0,0.0,0.0,0.0,0.0,0.0,0.0,0.0,0.0,0.0,0.0,0.0,0.0,0.0,0.0,0.0,0.0,0.0,0.0,0.0,0.0,0.0,0.0,0.0,0.0,0.0,0.0,0.0,0.0,0.0,0.0,0.0,0.0,0.0,0.0,0.0,0.0,0.0,0.0,0.0,0.0,0.0,0.0,0.0,0.0,0.0,0.0,0.0,0.0,0.0,0.0,0.0,0.0,0.0,0.0,0.0,0.0,0.0,0.0,0.0,0.0,0.0,0.0,0.0,0.0,0.0,0.0,0.0,0.0,0.0,0.0,0.0,0.0,0.0,0.0,0.0,0.0,0.0,0.0,0.0,0.0,0.0,0.0,0.0,0.0,0.0,0.0,0.0,0.0,0.0,0.0,0.0,0.0,0.0,0.0,0.0,0.0,0.0,0.0,0.0,0.0,0.0,0.0,0.0,0.0,0.0,0.0,0.0,0.0,0.0,0.0,0.0
ENCFF000WGE,0.1514279484015704,58787,363,3488,28273,589,81365,5920,219,524,322,764,3089,3416,7323,14478,24379,3228,577,5890,5964,214,914,78,87,76,1033,2576,3000,24713,4786,340,253,537,1613,1455,52,2086,42,52,6592,12807,97,731,20,93,697,5566,15217,273,511,845,1219,618,336,8376,206,415,450,130,897,1798,343,9561,288,357,693,210,43636,48471,8589,913,598,1479,7001,396,1065,471,685,808,167,816,1017,4245,361,424,2892,23,711,414,28,1533,760,62,1265,985,11907,178448,11913,111,31994,43939,2406,37675,1137,483,6282,1811,1947,28,3186,8533,8410,119,4068,37194,2277,28328,353,1436,1719,9724,682,35717,1114,6702,3313,859,3299,571,161,38507,11364,1948,24995,7525,14374,33471,533,4239,3978,1013,3897,30888,275,610,90,159,76,70,2778,466,971,10555,5997,904,4757,27776,2339,585,1005,1127,955,2894,4729,4170,6601,80,134,56,867,36,1550,438,626,318,51,5,545,853,921,17191,8372,47824,2054,28483,33559,13674,24392,12851,24885,291,29799,34565,11631,10426,24001,20912,5327,809,560,885,56,417,795,275,112,16,411,4253,372,37503,9688,9104,243,205632,36972,3630,29231,17929,1415,653,39801,18121,48893,3151,50091,202,51239,100,369,1080,459,248,862,300,3440,2703,44,545,721,462,768,326,2259,1262,370,273,4700,3041,2218,2913,1030,233,510,600,302,317,205,720,883,4740,1067,323,1923,2127,1967,6851,19959,1453,2262,3698,1155,731,554,586,806,362,257,7512,438,720,6054,358,1521,339,3700,815,926,424,800,324,417,636,1942,2072,691,826,593,2763,1359,663,687,776,3513,29,46,379,494,696,323,17053,163,11148,25,621,96,7406,1149,7681,7084,7331,44,3101,147,211,1551,5215,54515,843,2206,2094,1213,135,2299,289,568,847,14566,6502,4302,1703,54,473,148,30,100,542,1454,2976,517,3859,439,453,1525,37918,395,1758,137441,494,6638,797,4992,2847,2413,258,1065,5940,689,922,941,339,399,331,13532,998,855,1015,459,942,1166,28061,121,10113,2324,35,30577,10693,31,394,6056,709,98,6158,720,1557,417,2838,980,13721,1942,749,649,988,369,1085,765,1666,792,27,1164,73,1876,84,17,225,648,241,717,776,25517,1428,6217,4397,948,434,954,303,44160,281,17390,1843,15232,1595,423,3357,65,32552,5932,11250,45928,1794,12812,244,281,326,848,477,1030,583,1230,7283,936,30,425,923,22,39,4817,4986,9,530,292,28009,40779,29248,7589,39860,4505,643,62641,94867,12246,41277,69173,86953,253,208,562,546,239,736,1631,310,477,744,6792,0.0,0.0,0.0,0.0,0.0,0.0,0.0,0.0,0.0,0.0,0.0,0.0,0.0,0.0,0.0,0.0,0.0,0.0,0.0,0.0,0.0,0.0,0.0,0.0,0.0,0.0,0.0,0.0,0.0,0.0,0.0,0.0,0.0,0.0,0.0,0.0,0.0,0.0,0.0,0.0,0.0,0.0,0.0,0.0,0.0,0.0,0.0,0.0,0.0,0.0,0.0,0.0,0.0,0.0,0.0,0.0,0.0,0.0,0.0,0.0,0.0,0.0,0.0,0.0,0.0,0.0,0.0,0.0,0.0,0.0,0.0,0.0,0.0,0.0,0.0,0.0,0.0,0.0,0.0,0.0,0.0,0.0,0.0,0.0,0.0,0.0,0.0,0.0,0.0,0.0,0.0,0.0,0.0,0.0,0.0,0.0,0.0,0.0,0.0,0.0,0.0,0.0,0.0,0.0,0.0,0.0,0.0,0.0,0.0,0.0,0.0,0.0,0.0,0.0,0.0,0.0,0.0,0.0,0.0,0.0,0.0,0.0,0.0,0.0,0.0,0.0,0.0,0.0,0.0,0.0,0.0,0.0,0.0,0.0,0.0,0.0,0.0,0.0,0.0,0.0,0.0,0.0,0.0,0.0,0.0,0.0,0.0,0.0,0.0,0.0
ENCFF434NFA,0.1715880490349802,189579,78,1218,17154,198,48631,3790,135,130,150,416,1409,622,2145,10057,8152,1088,295,2411,2715,86,359,23,32,34,560,14904,1456,9012,1848,113,197,206,829,768,106,898,7,5,3909,5054,19,320,9,14,297,2489,7249,1527,259,428,618,208,152,3258,57,210,308,87,465,733,110,3420,121,93,4920,44,15653,21340,3573,507,309,2131,2718,142,590,218,328,410,114,427,557,1574,204,291,1591,7,411,252,11,467,43,7,470,428,6494,73580,4442,48,12409,16843,976,14506,525,271,2374,704,769,7,1367,3429,3617,69,2361,15978,678,11942,97,436,534,3430,165,17011,513,3002,1295,240,1301,157,35,13234,2496,9513,5686,2209,6598,13209,1663,2143,1769,555,3138,16305,156,2233,27,44,10,14,1108,154,234,5141,1892,270,1573,17084,1196,161,546,595,404,1274,2299,2715,3197,28,46,13,485,13,711,286,644,338,143,2,482,328,451,6260,3018,21673,1003,10139,14061,6290,11161,5989,11530,117,11301,13353,5487,4221,11180,8664,2309,398,2855,363,53,248,453,58,17,7,82,2097,47,13389,4779,1885,139,83078,17741,3059,11642,6480,511,411,15657,8178,21626,1626,21491,70,22872,12,184,508,53,127,410,123,1817,1244,22,332,388,249,427,170,1146,631,228,117,2501,1461,948,1501,599,145,326,315,154,113,140,209,495,2080,486,142,739,1084,884,3339,9385,11665,1047,1830,589,365,287,259,399,248,60,3436,202,467,2285,171,778,204,1706,468,470,285,416,184,202,344,1108,941,348,392,362,1063,693,421,314,459,1669,13,8,177,309,268,156,7619,94,4499,8,213,56,3082,416,3570,3187,4392,4,1276,52,49,652,1932,25986,1122,1406,973,478,981,1114,93,147,568,7103,3322,1591,712,28,98,43,8,14,302,721,1083,259,1704,239,232,543,20017,973,892,52931,203,2803,413,2499,17552,1026,150,5395,13797,321,471,532,165,186,233,90109,600,395,491,242,530,580,10749,25,5104,803,17,13389,3611,29,137,3081,413,23,3033,382,1077,126,1526,459,6158,1101,2195,323,541,214,438,390,749,264,13,406,13,924,60,49,71,1994,169,128,255,14753,457,3460,1940,348,301,371,108,16079,588,6942,2070,5189,712,97,1353,15,13469,2394,4483,19114,893,5015,84,101,176,1156,227,497,366,651,2804,447,9,456,470,8,11,1822,1870,3,2070,110,11064,15185,11999,2846,14353,1855,214,26010,35096,5267,15721,27079,32713,95,64,322,313,85,404,572,171,184,334,3160,0.0,0.0,0.0,0.0,0.0,0.0,0.0,0.0,0.0,0.0,0.0,0.0,0.0,0.0,0.0,0.0,0.0,0.0,0.0,0.0,0.0,0.0,0.0,0.0,0.0,0.0,0.0,0.0,0.0,0.0,0.0,0.0,0.0,0.0,0.0,0.0,0.0,0.0,0.0,0.0,0.0,0.0,0.0,0.0,0.0,0.0,0.0,0.0,0.0,0.0,0.0,0.0,0.0,0.0,0.0,0.0,0.0,0.0,0.0,0.0,0.0,0.0,0.0,0.0,0.0,0.0,0.0,0.0,0.0,0.0,0.0,0.0,0.0,0.0,0.0,0.0,0.0,0.0,0.0,0.0,0.0,0.0,0.0,0.0,0.0,0.0,0.0,0.0,0.0,0.0,0.0,0.0,0.0,0.0,0.0,0.0,0.0,0.0,0.0,0.0,0.0,0.0,0.0,0.0,0.0,0.0,0.0,0.0,0.0,0.0,0.0,0.0,0.0,0.0,0.0,0.0,0.0,0.0,0.0,0.0,0.0,0.0,0.0,0.0,0.0,0.0,0.0,0.0,0.0,0.0,0.0,0.0,0.0,0.0,0.0,0.0,0.0,0.0,0.0,0.0,0.0,0.0,0.0,0.0,0.0,0.0,0.0,0.0,0.0,0.0
ENCFF001FLD,0.11763086710973902,15031,47,1237,12368,419,60651,5416,85,185,88,182,889,1700,2664,4002,14997,1188,181,2040,2416,93,257,28,22,18,290,30,989,9682,1417,102,60,131,679,625,11,724,9,2,3427,5448,26,235,12,24,401,1989,7786,7,201,283,405,169,160,5280,78,144,126,44,263,409,81,4022,89,271,15,12,15093,21541,4769,321,201,336,3650,115,431,160,221,284,59,282,534,2109,122,135,1024,7,258,163,15,511,68,15,1582,374,4637,76015,4517,38,13644,18186,796,19626,1780,163,2723,816,702,15,2642,5842,4283,86,2609,14981,1154,18030,280,1042,920,3196,469,23480,485,2332,1078,275,1010,159,52,13460,7438,21,7461,2627,7351,14745,13,1440,1398,364,1203,7618,141,83,41,34,10,23,790,173,180,4664,1935,252,1352,11468,952,147,359,648,621,1055,1490,1331,5773,34,82,16,302,14,507,186,1134,9981,6,2,133,270,353,11658,2562,16154,763,12326,17725,4575,8535,5982,11416,130,10850,11934,4228,3720,12513,6605,2093,324,10,296,15,155,256,86,21,5,24,1206,100,9826,4332,5060,105,83795,15248,1157,10918,7538,449,2743,13625,6259,19713,1982,16345,41,17015,13,106,226,10,74,319,74,1781,1309,7,173,249,170,277,113,886,548,811,72,1524,1729,713,4026,360,92,215,206,109,104,78,751,322,1796,333,132,1297,870,676,3084,7117,53,831,3554,392,266,217,196,299,124,509,3233,149,235,2690,100,667,116,1543,275,304,144,269,207,122,119,711,650,233,260,215,2006,506,236,238,257,1089,7,22,129,162,564,94,8683,59,6620,12,232,34,2426,291,5567,2377,2431,12,875,45,64,364,1410,21605,232,621,1298,413,3,885,78,163,275,9651,2328,797,557,28,101,69,7,35,211,740,975,208,1480,157,150,519,17017,106,607,60077,150,6097,306,1730,119,797,88,25,1298,223,385,390,110,116,79,443,482,304,447,154,366,431,10229,23,3500,878,9,16941,2824,14,100,2104,285,18,1959,251,455,132,1254,334,7382,933,182,222,435,120,326,237,695,57,11,358,13,710,84,17,87,115,156,305,233,7925,966,2822,2194,587,188,553,68,22045,17,6681,479,5719,604,108,909,3,13631,5291,4021,18615,608,5113,66,56,130,247,127,349,214,909,2381,374,7,88,260,15,22,1717,1759,6,30,75,9500,14408,11034,2369,12743,2043,105,22991,35436,5500,14337,29222,32437,143,67,224,181,52,221,961,128,220,245,2311,0.0,0.0,0.0,0.0,0.0,0.0,0.0,0.0,0.0,0.0,0.0,0.0,0.0,0.0,0.0,0.0,0.0,0.0,0.0,0.0,0.0,0.0,0.0,0.0,0.0,0.0,0.0,0.0,0.0,0.0,0.0,0.0,0.0,0.0,0.0,0.0,0.0,0.0,0.0,0.0,0.0,0.0,0.0,0.0,0.0,0.0,0.0,0.0,0.0,0.0,0.0,0.0,0.0,0.0,0.0,0.0,0.0,0.0,0.0,0.0,0.0,0.0,0.0,0.0,0.0,0.0,0.0,0.0,0.0,0.0,0.0,0.0,0.0,0.0,0.0,0.0,0.0,0.0,0.0,0.0,0.0,0.0,0.0,0.0,0.0,0.0,0.0,0.0,0.0,0.0,0.0,0.0,0.0,0.0,0.0,0.0,0.0,0.0,0.0,0.0,0.0,0.0,0.0,0.0,0.0,0.0,0.0,0.0,0.0,0.0,0.0,0.0,0.0,0.0,0.0,0.0,0.0,0.0,0.0,0.0,0.0,0.0,0.0,0.0,0.0,0.0,0.0,0.0,0.0,0.0,0.0,0.0,0.0,0.0,0.0,0.0,0.0,0.0,0.0,0.0,0.0,0.0,0.0,0.0,0.0,0.0,0.0,0.0,0.0,0.0
ENCFF000NDP,0.15907849452426817,53902,238,2431,26825,380,66136,23299,300,507,365,693,3242,2396,4219,17256,21528,2628,876,4064,5407,387,853,182,140,158,970,2826,3478,18418,4885,317,114,490,1841,1680,48,2422,35,34,9140,13789,86,777,78,60,791,6750,20199,297,912,1036,1263,556,597,10595,196,496,514,257,1258,1774,61,5135,658,102,588,210,32324,52617,9745,1090,685,1760,8781,477,1275,624,699,869,219,969,1255,4299,476,488,3550,44,817,594,51,1528,488,74,1766,813,4915,182280,11899,139,32352,47935,2467,40645,1321,632,7055,2300,2263,51,4167,10602,10980,444,4758,41944,1408,28622,186,925,1000,8668,366,48129,1174,6781,3137,1014,3708,884,282,44709,7886,2186,28886,5134,36349,39600,195,4310,2331,1183,4157,20758,307,439,125,115,30,55,2984,438,859,10221,5103,638,3857,28358,2324,714,1188,3345,2971,3590,6742,6209,8802,66,213,99,978,82,1426,529,1282,739,33,4,483,1082,1092,17455,8313,51104,2436,28048,34100,13594,28820,14428,28096,381,31446,37069,13827,10692,28042,20965,5852,945,386,575,52,520,817,197,106,48,99,4244,190,33932,8904,8623,497,181720,32577,3501,28241,11209,1515,642,34844,16038,37494,2278,49268,123,49618,46,341,1037,129,285,940,906,4253,3519,117,612,861,535,844,436,2672,1522,623,306,5897,3656,2307,3926,1255,267,728,645,345,366,247,588,1013,4517,874,361,1750,2652,2018,8915,16717,1905,2603,4933,1439,763,575,562,887,431,291,9501,583,1056,6131,355,1935,501,4291,1033,909,489,912,541,469,493,2395,2018,731,870,749,2861,1706,932,703,920,4087,18,46,434,613,1242,317,19703,224,12348,22,417,374,7758,1136,9331,6974,7457,42,3457,198,210,1343,5228,49552,1014,3192,2307,1183,78,2593,315,494,1251,15621,5306,5363,1953,184,472,126,11,51,593,2074,2502,680,3589,516,559,1254,42908,469,1949,133898,456,7479,870,5921,3348,2288,314,807,4948,775,1035,1179,371,419,402,12964,1376,937,1201,691,1190,1251,28960,141,12568,2274,55,35568,7685,37,356,6582,1220,73,7352,718,2083,282,3451,1032,11600,1702,953,793,1087,512,1101,842,1623,594,29,854,39,2135,535,91,223,680,577,312,592,21336,830,6248,3387,770,570,1177,317,46642,163,16432,1507,13948,2084,253,3438,41,34709,6729,10352,47296,1204,16614,186,204,432,957,495,1063,662,1383,5590,990,17,482,1035,52,68,5033,5436,29,501,224,30318,36771,28120,6193,38815,4633,382,70144,92750,11239,36728,69770,85477,315,170,727,617,236,719,1908,435,457,881,6777,0.0,0.0,0.0,0.0,0.0,0.0,0.0,0.0,0.0,0.0,0.0,0.0,0.0,0.0,0.0,0.0,0.0,0.0,0.0,0.0,0.0,0.0,0.0,0.0,0.0,0.0,0.0,0.0,0.0,0.0,0.0,0.0,0.0,0.0,0.0,0.0,0.0,0.0,0.0,0.0,0.0,0.0,0.0,0.0,0.0,0.0,0.0,0.0,0.0,0.0,0.0,0.0,0.0,0.0,0.0,0.0,0.0,0.0,0.0,0.0,0.0,0.0,0.0,0.0,0.0,0.0,0.0,0.0,0.0,0.0,0.0,0.0,0.0,0.0,0.0,0.0,0.0,0.0,0.0,0.0,0.0,0.0,0.0,0.0,0.0,0.0,0.0,0.0,0.0,0.0,0.0,0.0,0.0,0.0,0.0,0.0,0.0,0.0,0.0,0.0,0.0,0.0,0.0,0.0,0.0,0.0,0.0,0.0,0.0,0.0,0.0,0.0,0.0,0.0,0.0,0.0,0.0,0.0,0.0,0.0,0.0,0.0,0.0,0.0,0.0,0.0,0.0,0.0,0.0,0.0,0.0,0.0,0.0,0.0,0.0,0.0,0.0,0.0,0.0,0.0,0.0,0.0,0.0,0.0,0.0,0.0,0.0,0.0,0.0,0.0
ENCFF000VLF,0.2776892987765575,50467,318,8738,136185,4641,427516,14773,1341,2716,406,698,10888,26724,40074,47433,185077,12696,2689,19332,12027,393,610,172,157,380,1013,127,13510,80920,5891,309,170,1030,9416,9591,42,6346,15,24,17079,16590,829,702,107,118,1927,19470,72704,12,2252,4009,7672,497,200,5306,274,441,935,97,1535,4660,2866,46730,1263,815,42,39,138484,99332,5970,5572,4119,3488,4153,256,5969,2763,4551,4854,1211,5100,5649,5754,2111,2408,14640,27,4908,2639,14,2068,245,21,2736,5099,38155,300948,11762,293,32956,62083,10195,53354,5724,3409,4260,1185,1180,35,2485,7389,7439,4721,9980,27754,15751,126524,3500,13567,10005,17649,6499,193376,6307,6510,3298,1313,3054,811,205,27679,64369,291,101399,36645,17422,26969,66,13421,14933,5766,6256,124533,642,178,491,195,70,303,2797,863,576,21335,4736,1600,9442,136205,14120,387,5657,7421,6695,6520,4479,3764,4472,44,167,165,5166,130,7897,3054,3260,1086,21,41,1842,1079,5326,15139,8409,65504,6406,78654,69410,32248,76618,34443,79194,1014,47398,63828,12592,10953,48327,23459,17960,2221,52,1293,48,2246,4733,270,111,167,92,4114,2330,102373,38422,72321,192,336238,87465,6068,44428,102705,1179,683,84952,43283,178007,29055,48104,250,41420,87,573,830,236,1761,4936,378,12781,3592,12,3391,4747,3185,5018,2166,11634,6670,116,564,13349,9100,5294,3016,5566,1531,3333,3828,2114,2029,1648,393,5342,12033,6149,2157,5342,9159,9256,33938,81169,193,9166,2868,5740,3965,3305,3764,5102,2595,73,16579,2556,3684,10501,1969,5535,2129,8585,5113,5281,2748,4988,64,2600,1647,9782,11538,4376,4877,3426,4666,5430,3452,4221,4263,14239,37,52,2307,3405,451,1605,15527,169,11614,42,875,275,13452,703,11024,9505,19349,231,6608,720,367,7781,3834,295904,504,4401,6502,1859,21,11989,515,8008,622,36108,23048,7910,1464,141,108,611,109,173,3744,2109,3582,2842,8417,2687,2516,6645,199055,1385,8053,180972,2901,11069,5248,24917,303,11129,1558,142,6470,4276,5465,5534,1877,2174,374,994,5739,5177,5671,1055,5550,6051,41267,644,25147,4156,453,33153,7076,19,371,8553,3261,101,17486,4487,995,297,12564,5667,102035,13937,1151,4094,5645,2123,4187,4923,1018,4441,29,1226,1196,4088,151,21,500,318,1250,4444,1316,101923,12470,36911,22005,6935,1614,1137,589,31572,87,23800,5601,12896,5311,1317,4736,19,47438,10796,16612,74753,7748,58925,1015,2739,2229,3456,2225,5647,4116,5198,28587,5347,122,173,5172,12,94,4975,4038,211,112,300,37791,85476,77605,19265,55656,6338,3323,169168,177458,34922,92575,112450,138099,1061,332,3973,3637,1229,4628,1171,1067,404,1517,14027,0.0,0.0,0.0,0.0,0.0,0.0,0.0,0.0,0.0,0.0,0.0,0.0,0.0,0.0,0.0,0.0,0.0,0.0,0.0,0.0,0.0,0.0,0.0,0.0,0.0,0.0,0.0,0.0,0.0,0.0,0.0,0.0,0.0,0.0,0.0,0.0,0.0,0.0,0.0,0.0,0.0,0.0,0.0,0.0,0.0,0.0,0.0,0.0,0.0,0.0,0.0,0.0,0.0,0.0,0.0,0.0,0.0,0.0,0.0,0.0,0.0,0.0,0.0,0.0,0.0,0.0,0.0,0.0,0.0,0.0,0.0,0.0,0.0,0.0,0.0,0.0,0.0,0.0,0.0,0.0,0.0,0.0,0.0,0.0,0.0,0.0,0.0,0.0,0.0,0.0,0.0,0.0,0.0,0.0,0.0,0.0,0.0,0.0,0.0,0.0,0.0,0.0,0.0,0.0,0.0,0.0,0.0,0.0,0.0,0.0,0.0,0.0,0.0,0.0,0.0,0.0,0.0,0.0,0.0,0.0,0.0,0.0,0.0,0.0,0.0,0.0,0.0,0.0,0.0,0.0,0.0,0.0,0.0,0.0,0.0,0.0,0.0,0.0,0.0,0.0,0.0,0.0,0.0,0.0,0.0,0.0,0.0,0.0,0.0,0.0
ENCFF954GPQ,0.16603363892599685,71032,261,9519,108043,2546,398835,12260,722,869,656,1195,8413,8575,14811,22587,97770,7270,949,10358,13416,287,1561,227,126,64,1873,547,9065,74734,7835,662,364,1170,4983,4441,109,4944,79,29,18710,25000,79,1634,109,74,1406,15502,75251,107,1343,3180,3950,1057,761,14456,268,786,895,369,1691,3358,1578,39725,686,1054,164,107,129790,132723,16035,2915,2001,2886,10215,633,3274,1340,2255,2479,602,2788,3038,8746,1254,1497,10502,25,2409,1395,41,2988,418,60,3365,3440,38812,430838,24486,324,66963,92572,6658,81278,2853,1821,11556,3626,4354,37,6235,16187,15561,212,11922,68763,6235,72089,1452,5647,5887,20130,2480,97458,3753,13706,6366,1669,5620,684,332,61220,22594,400,37764,12922,24128,63901,157,11485,5367,3147,8623,127999,478,438,281,260,103,85,4886,770,1070,24401,10669,1707,12539,107755,9130,1013,3000,1435,1295,6823,9273,8498,11673,251,199,91,2725,50,5096,1725,2970,667,31,36,1482,1549,2754,35707,16690,101151,5909,70917,85505,36369,90301,34157,72343,563,64631,77950,26150,21186,53244,43908,13267,2239,120,1622,141,1529,2539,355,108,56,63,9553,581,112588,33057,22757,588,449550,90769,9340,66800,67414,2355,1213,98026,44623,154577,11129,86917,369,88558,57,679,1564,220,755,2498,424,9954,4784,68,1981,2624,1733,2558,1113,6399,3898,940,494,12091,7220,4866,5998,3529,1050,1813,2107,1057,982,652,1065,3192,13587,3436,1055,4420,6138,5891,33282,82515,525,6292,7247,3651,2385,1823,1789,2614,1542,312,17238,1259,2313,11983,974,3894,1136,10752,3211,2888,1835,2625,324,1317,1302,6739,6776,2297,2716,2040,5982,4085,2160,2272,2939,11065,54,93,1033,1716,866,852,32028,155,21969,75,1396,131,15122,1624,16052,15522,17294,27,6078,236,392,3023,8107,204167,1387,4033,5044,2743,71,7240,436,752,1417,37074,12781,7284,3012,117,685,230,31,53,1957,3322,5861,1486,9326,1423,1274,6253,136270,904,6045,272548,1438,13324,2818,13670,900,6443,806,214,8721,2232,2669,2717,1007,1080,586,3450,3288,2589,2807,1188,3082,3190,64668,159,26678,5864,44,57749,15603,260,682,15466,1371,75,17435,2225,2435,556,8059,3074,51418,9609,1361,2008,2913,1162,3378,2386,2723,1321,17,2284,28,4077,378,180,405,829,420,1397,1937,67720,5860,28462,14491,3556,1307,1825,248,74381,197,32888,4004,28435,2924,771,6721,37,61560,11374,21470,92433,6827,43596,641,256,968,2275,1129,2878,2140,4311,35519,2765,170,454,3039,221,176,9966,9280,39,266,371,54192,103281,77331,18943,80792,9300,1154,162287,211007,34123,101766,155757,183551,608,446,2007,1955,532,2418,2489,689,963,1640,16233,0.0,0.0,0.0,0.0,0.0,0.0,0.0,0.0,0.0,0.0,0.0,0.0,0.0,0.0,0.0,0.0,0.0,0.0,0.0,0.0,0.0,0.0,0.0,0.0,0.0,0.0,0.0,0.0,0.0,0.0,0.0,0.0,0.0,0.0,0.0,0.0,0.0,0.0,0.0,0.0,0.0,0.0,0.0,0.0,0.0,0.0,0.0,0.0,0.0,0.0,0.0,0.0,0.0,0.0,0.0,0.0,0.0,0.0,0.0,0.0,0.0,0.0,0.0,0.0,0.0,0.0,0.0,0.0,0.0,0.0,0.0,0.0,0.0,0.0,0.0,0.0,0.0,0.0,0.0,0.0,0.0,0.0,0.0,0.0,0.0,0.0,0.0,0.0,0.0,0.0,0.0,0.0,0.0,0.0,0.0,0.0,0.0,0.0,0.0,0.0,0.0,0.0,0.0,0.0,0.0,0.0,0.0,0.0,0.0,0.0,0.0,0.0,0.0,0.0,0.0,0.0,0.0,0.0,0.0,0.0,0.0,0.0,0.0,0.0,0.0,0.0,0.0,0.0,0.0,0.0,0.0,0.0,0.0,0.0,0.0,0.0,0.0,0.0,0.0,0.0,0.0,0.0,0.0,0.0,0.0,0.0,0.0,0.0,0.0,0.0
ENCFF699WWO,0.11675092703546817,299710,287,6586,127193,1134,437901,24903,1377,683,628,3059,18431,4104,12529,76565,48286,5895,1703,13779,18933,303,1769,213,331,185,6605,18635,12673,79869,10621,369,138,1354,8965,8119,74,8883,95,14,25272,22535,154,565,207,47,2330,20492,62973,905,2303,5891,6164,403,775,13640,233,831,1202,615,2437,13744,595,23161,1420,675,5248,2588,91161,131265,12747,5545,3231,7553,12635,209,6136,2778,3126,3966,1084,5238,6067,6492,1835,3304,15295,63,3992,3377,42,2298,659,59,3137,2569,43290,423180,22558,538,64359,92244,12107,79929,6243,3243,8650,3660,4630,73,8944,20339,24347,363,19320,94940,3931,100878,627,2405,3293,17000,1239,162387,6001,21420,7418,642,4505,343,284,59404,9834,7313,44591,18400,29602,65448,738,16518,13994,5403,9862,118658,1038,1349,115,478,118,57,3879,785,5326,38791,9050,699,11506,124174,7280,477,5918,2025,1105,6765,11455,13589,16581,216,367,110,4874,150,5733,2562,27246,849,56,121,1886,1120,5526,30813,15179,109024,8969,57768,93557,43766,98347,46486,84278,495,64678,83752,28427,25245,71586,47404,12409,3117,1511,2171,95,3360,5485,271,154,105,247,16627,290,114089,29517,15225,1029,445463,117086,12972,65320,42872,2163,2395,89700,57416,139357,11242,119112,760,121627,146,698,5951,481,1541,4299,1304,16844,5347,154,3225,2956,3045,4918,2488,11191,5440,1081,537,17521,12004,5983,8341,7758,1574,4286,3975,2157,1422,1090,807,4602,12023,4158,1799,4330,10460,7640,24564,293730,17758,10202,9601,4559,3966,3121,3052,4334,2515,200,20368,2588,7214,13937,1527,6162,2342,12331,7892,5100,4683,4406,997,2098,1625,11399,8218,4682,3719,3574,7158,6857,4735,2820,5099,11251,170,137,1859,3830,1811,3894,37033,921,25815,92,490,358,14534,1497,20829,22742,27579,109,6411,650,157,5613,7116,277154,2034,5413,9352,3062,252,8528,162,335,3799,64025,20011,39353,3344,328,757,367,41,348,2842,5190,6852,3486,13756,2951,1970,3579,166556,562,6818,279166,1883,15713,4531,24959,20672,8229,1140,1065,13826,3557,5011,5229,1465,1184,278,153903,7135,4800,4749,2386,4793,5593,65092,104,45047,2992,66,80985,20308,144,1096,21358,3392,287,24494,3432,4466,531,13976,4686,56545,5086,3111,3430,4893,2778,3240,4367,3407,2891,168,2721,187,8599,564,1297,203,1347,715,576,1876,125804,3396,24559,14369,2064,2241,2586,1038,69266,1176,35964,5925,24854,3710,155,6730,124,104143,18202,35014,124730,10176,49333,446,956,1804,4538,2433,4469,3860,4458,23906,4277,54,368,4696,128,133,6705,6313,30,1026,451,59869,98017,79803,21994,76225,10933,1573,172504,203623,36388,94854,168978,190739,363,180,3218,2943,1275,4298,1463,1234,543,1966,24148,0.0,0.0,0.0,0.0,0.0,0.0,0.0,0.0,0.0,0.0,0.0,0.0,0.0,0.0,0.0,0.0,0.0,0.0,0.0,0.0,0.0,0.0,0.0,0.0,0.0,0.0,0.0,0.0,0.0,0.0,0.0,0.0,0.0,0.0,0.0,0.0,0.0,0.0,0.0,0.0,0.0,0.0,0.0,0.0,0.0,0.0,0.0,0.0,0.0,0.0,0.0,0.0,0.0,0.0,0.0,0.0,0.0,0.0,0.0,0.0,0.0,0.0,0.0,0.0,0.0,0.0,0.0,0.0,0.0,0.0,0.0,0.0,0.0,0.0,0.0,0.0,0.0,0.0,0.0,0.0,0.0,0.0,0.0,0.0,0.0,0.0,0.0,0.0,0.0,0.0,0.0,0.0,0.0,0.0,0.0,0.0,0.0,0.0,0.0,0.0,0.0,0.0,0.0,0.0,0.0,0.0,0.0,0.0,0.0,0.0,0.0,0.0,0.0,0.0,0.0,0.0,0.0,0.0,0.0,0.0,0.0,0.0,0.0,0.0,0.0,0.0,0.0,0.0,0.0,0.0,0.0,0.0,0.0,0.0,0.0,0.0,0.0,0.0,0.0,0.0,0.0,0.0,0.0,0.0,0.0,0.0,0.0,0.0,0.0,0.0
ENCFF330MCZ,0.15781554142976004,52536,200,1505,51208,521,161147,8649,536,268,184,600,4586,2821,8394,23702,34005,2507,1165,7966,4939,116,810,26,112,96,1896,2471,4521,34370,4207,179,53,649,3310,3020,35,3605,51,3,7790,9739,89,336,150,37,990,8040,27432,164,1212,2311,2320,183,345,4982,115,373,389,339,1383,2461,651,20879,558,421,628,112,52237,46846,5290,2105,1215,2610,5554,93,2296,1064,1200,1579,410,2134,2327,2783,763,1147,5812,65,1473,1283,61,1373,799,262,2189,1152,14469,161418,8391,212,22718,35372,4529,30534,2353,1217,4180,1936,2486,84,3722,7379,8107,309,5285,35247,2644,43925,274,1416,1180,6927,513,81256,2029,5945,2178,435,2098,266,76,27630,8016,899,30659,11026,11414,25558,103,5303,11048,1969,3429,47636,284,248,87,124,51,22,1949,502,451,9453,3598,272,3595,49898,3018,270,2451,1903,1283,2903,4324,4076,5774,143,315,94,1837,108,2119,992,686,120,11,8,692,468,2170,11506,5940,40068,3289,25265,36789,13707,38154,16673,29707,272,25555,32663,9108,9213,25713,18273,5169,1121,155,1210,29,1250,2008,198,83,45,83,3604,196,61021,10637,15770,3543,256588,40051,4348,26189,35130,1138,503,36235,18756,64572,2760,36974,81,35411,55,227,748,46,567,1571,270,5898,2540,73,1167,1074,1078,1795,873,4300,2094,129,182,6659,4690,2220,2706,2714,516,1575,1432,841,506,417,300,1705,5247,1260,638,1732,3991,2931,13299,38073,2112,3768,3412,1838,1530,1276,1151,1557,830,71,8254,973,2636,6095,552,2457,872,4931,2775,1859,1603,1647,213,693,681,4256,3192,1599,1368,1270,3015,2633,1853,1138,1900,4138,37,44,728,1374,751,515,14322,579,9688,53,208,91,6235,778,7662,6962,8911,67,2938,362,58,1985,3058,88910,507,1962,3406,1191,24,3086,29,966,1584,22825,10580,4569,1668,233,261,250,36,195,1069,1619,2633,1439,3734,1066,719,2833,80492,251,2659,102457,636,6619,1666,10402,2866,3156,485,536,3578,1381,2007,1904,581,447,145,21114,2646,1813,1753,561,1856,2088,28438,142,16913,1466,92,27242,7965,19,470,5238,1193,186,8945,1298,903,223,5459,1745,37118,2161,544,1322,1840,1038,1301,1589,917,286,100,1102,81,2889,362,191,110,192,577,485,1318,38207,1409,8861,4658,754,804,1305,690,29593,151,12004,1817,9623,1756,101,2621,14,34669,5978,11023,40129,1237,28140,194,537,649,1709,1040,1747,1374,1606,12831,1645,43,151,1825,51,161,3253,3135,0,144,211,25148,33043,27651,7475,29328,4519,1120,66420,78658,12663,32363,61596,72689,278,75,1133,1044,524,1575,753,407,235,863,6567,0.0,0.0,0.0,0.0,0.0,0.0,0.0,0.0,0.0,0.0,0.0,0.0,0.0,0.0,0.0,0.0,0.0,0.0,0.0,0.0,0.0,0.0,0.0,0.0,0.0,0.0,0.0,0.0,0.0,0.0,0.0,0.0,0.0,0.0,0.0,0.0,0.0,0.0,0.0,0.0,0.0,0.0,0.0,0.0,0.0,0.0,0.0,0.0,0.0,0.0,0.0,0.0,0.0,0.0,0.0,0.0,0.0,0.0,0.0,0.0,0.0,0.0,0.0,0.0,0.0,0.0,0.0,0.0,0.0,0.0,0.0,0.0,0.0,0.0,0.0,0.0,0.0,0.0,0.0,0.0,0.0,0.0,0.0,0.0,0.0,0.0,0.0,0.0,0.0,0.0,0.0,0.0,0.0,0.0,0.0,0.0,0.0,0.0,0.0,0.0,0.0,0.0,0.0,0.0,0.0,0.0,0.0,0.0,0.0,0.0,0.0,0.0,0.0,0.0,0.0,0.0,0.0,0.0,0.0,0.0,0.0,0.0,0.0,0.0,0.0,0.0,0.0,0.0,0.0,0.0,0.0,0.0,0.0,0.0,0.0,0.0,0.0,0.0,0.0,0.0,0.0,0.0,0.0,0.0,0.0,0.0,0.0,0.0,0.0,0.0
ENCFF000YNH,0.0755124169318201,3824,21,138,1814,34,4287,237,25,18,14,40,142,128,265,974,1168,144,25,215,258,9,37,2,4,2,33,212,132,1025,177,13,16,22,99,61,7,60,1,1,351,482,0,37,1,3,30,242,942,38,26,45,57,25,12,275,6,14,21,8,34,58,19,483,11,12,51,2,1885,2203,319,44,39,76,268,10,56,25,32,39,11,35,40,173,25,17,148,2,41,21,0,52,8,1,65,53,734,7359,450,2,1274,1695,103,1502,241,19,220,49,74,2,128,347,339,2,237,1372,113,1236,27,116,110,346,49,1570,63,284,125,29,135,13,3,1326,510,138,616,283,638,1155,33,202,123,55,183,1796,16,36,1,3,1,1,84,9,21,490,213,29,189,1841,179,15,47,54,47,118,212,194,244,4,4,1,42,1,68,33,334,383,8,0,29,34,38,694,297,2009,108,1197,1460,708,1329,612,1162,7,1165,1425,457,394,1077,814,297,35,64,29,2,17,33,8,2,1,2,237,8,1566,588,313,5,10284,1628,174,1206,874,46,58,1711,842,2481,270,2085,14,2210,4,19,58,8,11,40,19,124,99,2,29,49,21,34,15,118,72,15,12,180,132,84,138,55,10,32,23,26,18,14,21,55,206,53,19,82,98,87,483,799,139,83,154,65,33,27,24,32,24,7,336,21,26,228,13,61,29,178,50,49,19,39,12,15,19,134,98,39,41,31,97,56,32,28,39,156,1,2,12,18,30,15,688,11,428,1,25,2,258,49,290,317,363,1,95,6,3,60,192,2906,35,100,86,46,12,104,1,4,32,591,281,124,63,4,16,3,0,1,20,62,139,29,174,20,26,69,2259,28,74,5514,24,253,25,206,204,99,16,77,395,37,27,43,23,18,10,1074,44,37,49,23,53,50,1098,2,442,106,1,1223,301,2,12,288,29,4,301,31,76,14,147,45,662,163,51,47,48,18,46,33,66,25,4,49,2,92,3,4,13,28,12,16,20,1864,122,471,287,66,15,27,9,1717,25,654,114,551,54,6,137,0,1254,250,398,1747,89,544,18,5,11,55,24,49,27,73,305,41,1,20,52,2,2,221,203,0,33,15,998,1600,1263,294,1500,182,13,3114,3630,530,1635,2844,3329,7,15,24,25,11,44,76,16,20,28,315,0.0,0.0,0.0,0.0,0.0,0.0,0.0,0.0,0.0,0.0,0.0,0.0,0.0,0.0,0.0,0.0,0.0,0.0,0.0,0.0,0.0,0.0,0.0,0.0,0.0,0.0,0.0,0.0,0.0,0.0,0.0,0.0,0.0,0.0,0.0,0.0,0.0,0.0,0.0,0.0,0.0,0.0,0.0,0.0,0.0,0.0,0.0,0.0,0.0,0.0,0.0,0.0,0.0,0.0,0.0,0.0,0.0,0.0,0.0,0.0,0.0,0.0,0.0,0.0,0.0,0.0,0.0,0.0,0.0,0.0,0.0,0.0,0.0,0.0,0.0,0.0,0.0,0.0,0.0,0.0,0.0,0.0,0.0,0.0,0.0,0.0,0.0,0.0,0.0,0.0,0.0,0.0,0.0,0.0,0.0,0.0,0.0,0.0,0.0,0.0,0.0,0.0,0.0,0.0,0.0,0.0,0.0,0.0,0.0,0.0,0.0,0.0,0.0,0.0,0.0,0.0,0.0,0.0,0.0,0.0,0.0,0.0,0.0,0.0,0.0,0.0,0.0,0.0,0.0,0.0,0.0,0.0,0.0,0.0,0.0,0.0,0.0,0.0,0.0,0.0,0.0,0.0,0.0,0.0,0.0,0.0,0.0,0.0,0.0,0.0
ENCFF000YCN,0.04038514223121818,5998,76,116,1402,23,2405,204,19,11,8,34,91,113,247,597,796,125,12,202,356,25,21,3,0,4,16,440,108,967,143,9,17,11,49,45,9,52,0,11,338,362,1,20,3,27,23,131,826,54,23,30,42,14,11,301,3,7,18,3,23,33,15,468,2,14,173,0,1559,1588,369,24,20,112,171,8,33,14,27,29,6,33,24,128,14,17,101,2,32,17,0,56,4,0,55,44,572,5371,303,6,858,1445,80,1187,38,20,168,46,92,0,125,424,399,10,276,1104,66,928,14,83,58,267,38,1370,41,344,211,29,105,9,1,1158,420,192,835,266,405,923,72,120,91,29,134,1674,12,55,4,1,0,2,71,10,66,460,162,14,123,1291,111,8,40,49,47,96,216,163,233,4,4,0,27,0,52,18,120,437,11,0,39,22,32,479,203,1561,69,901,1116,477,1151,523,1009,10,905,1218,325,369,1104,549,278,21,110,31,1,14,21,3,0,0,0,191,9,1150,396,362,2,27408,1179,111,844,750,31,51,1218,581,1830,154,1539,6,1493,3,4,46,17,8,30,8,129,48,36,14,26,18,21,8,68,43,5,13,134,80,62,111,36,12,23,16,14,11,12,14,41,158,41,11,55,61,69,412,721,288,74,152,36,22,19,14,30,15,4,222,25,16,175,5,41,14,118,32,36,21,31,27,8,27,67,60,22,31,26,78,46,23,22,20,92,1,1,13,21,61,7,529,1,452,0,18,10,182,37,295,288,247,2,65,7,5,26,159,2273,33,79,53,31,20,55,3,2,13,453,258,118,46,1,6,9,0,1,17,22,67,20,106,18,7,68,1845,27,56,3900,38,197,24,147,464,67,11,208,491,30,24,24,15,11,17,2193,39,19,32,14,46,27,775,1,320,74,2,984,209,0,7,167,17,0,186,25,83,11,91,29,730,97,83,16,28,17,31,27,68,9,1,32,0,153,6,1,8,58,11,28,24,1011,69,322,169,68,17,28,5,1673,50,459,108,384,46,7,84,0,1014,244,384,1684,55,631,21,5,6,45,28,29,19,58,205,27,0,50,44,0,3,121,121,0,72,6,753,1290,1034,218,1064,142,12,2151,2753,390,1292,2164,2562,16,8,30,19,11,27,74,11,18,18,343,0.0,0.0,0.0,0.0,0.0,0.0,0.0,0.0,0.0,0.0,0.0,0.0,0.0,0.0,0.0,0.0,0.0,0.0,0.0,0.0,0.0,0.0,0.0,0.0,0.0,0.0,0.0,0.0,0.0,0.0,0.0,0.0,0.0,0.0,0.0,0.0,0.0,0.0,0.0,0.0,0.0,0.0,0.0,0.0,0.0,0.0,0.0,0.0,0.0,0.0,0.0,0.0,0.0,0.0,0.0,0.0,0.0,0.0,0.0,0.0,0.0,0.0,0.0,0.0,0.0,0.0,0.0,0.0,0.0,0.0,0.0,0.0,0.0,0.0,0.0,0.0,0.0,0.0,0.0,0.0,0.0,0.0,0.0,0.0,0.0,0.0,0.0,0.0,0.0,0.0,0.0,0.0,0.0,0.0,0.0,0.0,0.0,0.0,0.0,0.0,0.0,0.0,0.0,0.0,0.0,0.0,0.0,0.0,0.0,0.0,0.0,0.0,0.0,0.0,0.0,0.0,0.0,0.0,0.0,0.0,0.0,0.0,0.0,0.0,0.0,0.0,0.0,0.0,0.0,0.0,0.0,0.0,0.0,0.0,0.0,0.0,0.0,0.0,0.0,0.0,0.0,0.0,0.0,0.0,0.0,0.0,0.0,0.0,0.0,0.0
ENCFF000AZE,0.18537399343849642,182817,446,5687,47776,1210,166327,8842,410,1313,470,973,5311,11667,24656,23029,68334,7775,783,10718,8034,210,1203,154,142,147,1656,11581,4735,27628,6089,423,584,728,2686,2531,303,3090,97,86,11455,17498,108,1006,109,167,1343,9178,26394,2213,736,1399,1972,815,556,9335,287,525,703,294,1563,2754,630,16937,1060,916,2938,295,68039,66924,10802,1532,978,4010,7335,480,1853,784,1145,1292,333,1452,1787,5862,625,762,5281,47,1273,713,78,2025,380,96,1828,1831,19132,247544,15242,184,40815,58895,3955,51280,1651,878,8497,2625,2717,50,3988,10999,11024,597,6408,47553,5280,46433,865,3278,3347,13341,1465,62292,1948,8732,4406,1305,4403,574,287,42976,33118,7791,35595,19793,15531,42366,2218,6921,7097,1716,6949,61776,945,2172,241,188,65,122,3595,460,1259,14623,7285,1233,6728,48249,4574,830,1734,2289,2258,4551,6251,5277,8018,226,283,102,1442,48,2550,851,1163,1329,257,10,1419,1260,1476,21740,10575,66369,3322,51360,48912,21235,36279,19629,40081,554,39985,47469,15673,13595,33648,27437,8924,1250,2942,1275,83,730,1343,283,181,78,80,5602,877,51805,16135,33143,425,330362,56870,6123,43959,39944,1827,772,60852,29806,82963,8631,65017,281,62561,102,502,1333,532,417,1348,418,5450,3542,34,891,1322,861,1348,602,3587,2214,390,426,7138,4414,3190,4337,1799,427,919,1096,513,516,381,781,1532,8428,2009,523,2781,3571,3387,14187,28798,6938,3547,4669,1881,1205,923,849,1388,723,217,11433,754,1238,7801,546,2294,572,6101,1460,1417,766,1352,249,660,1053,3429,3473,1133,1308,1027,3713,2152,1165,1056,1335,6104,50,59,551,887,903,444,22059,252,14579,40,816,71,9739,1169,10661,9757,11125,98,4742,462,338,3718,5822,123923,1421,3717,3269,1586,592,4217,287,377,1141,23922,11723,6266,2148,55,343,213,51,135,872,1976,3533,901,5187,725,729,2210,77294,1119,3130,176797,887,8933,1474,8374,12193,3882,421,6366,17162,1231,1489,1613,572,630,563,66057,1788,1417,1701,707,1700,1822,39510,287,15488,3628,91,37944,10423,57,420,9010,1252,119,9658,1160,1949,483,4643,1667,29828,4628,2256,1063,1657,645,1747,1228,2454,1568,60,1568,60,2637,263,27,337,1756,695,1504,1330,42132,3239,12875,8041,1925,820,1583,474,53952,1230,23156,3581,18767,2345,734,4524,75,50375,9079,15693,68406,2895,27986,526,844,523,2008,811,1639,1010,2167,9253,1591,71,2520,1530,55,93,6067,6203,40,2274,350,36260,56732,42512,10523,51567,6366,1655,95021,129767,18717,58461,94166,114893,568,300,1052,984,302,1277,2030,393,728,1177,9892,0.0,0.0,0.0,0.0,0.0,0.0,0.0,0.0,0.0,0.0,0.0,0.0,0.0,0.0,0.0,0.0,0.0,0.0,0.0,0.0,0.0,0.0,0.0,0.0,0.0,0.0,0.0,0.0,0.0,0.0,0.0,0.0,0.0,0.0,0.0,0.0,0.0,0.0,0.0,0.0,0.0,0.0,0.0,0.0,0.0,0.0,0.0,0.0,0.0,0.0,0.0,0.0,0.0,0.0,0.0,0.0,0.0,0.0,0.0,0.0,0.0,0.0,0.0,0.0,0.0,0.0,0.0,0.0,0.0,0.0,0.0,0.0,0.0,0.0,0.0,0.0,0.0,0.0,0.0,0.0,0.0,0.0,0.0,0.0,0.0,0.0,0.0,0.0,0.0,0.0,0.0,0.0,0.0,0.0,0.0,0.0,0.0,0.0,0.0,0.0,0.0,0.0,0.0,0.0,0.0,0.0,0.0,0.0,0.0,0.0,0.0,0.0,0.0,0.0,0.0,0.0,0.0,0.0,0.0,0.0,0.0,0.0,0.0,0.0,0.0,0.0,0.0,0.0,0.0,0.0,0.0,0.0,0.0,0.0,0.0,0.0,0.0,0.0,0.0,0.0,0.0,0.0,0.0,0.0,0.0,0.0,0.0,0.0,0.0,0.0
ENCFF000PQW,0.1805743691206335,80574,253,4629,43634,988,114724,10094,460,714,511,1253,4913,4653,10074,22270,30479,4704,837,8489,9659,296,1219,122,100,93,1189,3182,4972,64725,6471,487,350,793,2736,2396,112,3345,37,54,12506,19143,138,1046,30,67,1100,9215,28409,360,926,1493,2072,846,518,11819,268,584,649,221,1307,2346,301,16560,745,722,829,206,70898,81554,15268,1628,1046,2170,11454,646,1984,826,1136,1323,321,1399,1928,6344,618,744,5144,26,1306,727,30,2190,340,57,2376,1786,21799,276478,17539,122,47820,68198,4001,58314,1746,885,9726,2849,3071,32,4872,12895,13058,195,6802,68440,3798,63729,904,3492,3169,15410,1395,84382,1983,10850,5016,1557,5078,663,349,54787,15051,3812,35196,9588,25365,51412,453,6674,5382,1803,5963,68793,753,767,125,222,65,93,4239,545,1334,17042,8421,1229,7710,43868,4127,826,1782,1959,1611,4829,8004,7105,9587,108,203,79,1520,99,2370,889,1720,20031,61,24,835,1408,1637,28136,12762,77223,3497,45395,54833,23592,53753,22166,43618,468,48916,56791,19968,16302,40698,33561,9311,1285,716,1354,88,805,1345,380,150,68,252,6916,478,77773,17273,13834,811,276534,58788,5669,46651,30382,2220,1067,63075,28543,80220,6012,81634,313,81660,85,582,1518,448,436,1491,509,5726,3905,47,862,1375,821,1287,624,3906,2276,414,359,7567,4939,3339,5200,1836,449,938,1074,576,519,442,884,1474,7620,1705,592,2759,3608,3302,12124,38368,2119,3822,5997,1997,1322,979,907,1374,713,257,13366,749,1279,9106,565,2432,647,6299,1508,1499,787,1309,283,632,927,3474,3450,1071,1317,1062,4006,2283,1202,1172,1359,5621,30,41,614,921,1085,510,25515,169,16800,29,926,119,11306,1489,12495,10903,11631,68,4679,233,331,2962,6907,88051,1169,3705,3403,1734,169,3773,427,401,1304,23022,10719,5332,2518,82,464,204,21,93,966,1726,4075,914,5676,681,656,1660,58123,639,3017,212332,769,10382,1473,8347,3618,3889,438,1225,8197,1138,1643,1772,517,623,459,16161,1933,1521,1653,790,1773,2010,43449,162,16570,3586,40,45516,12465,116,659,10497,1516,99,10523,1209,2659,512,4942,1829,31178,3781,1236,1166,1791,642,2048,1343,2372,1710,42,1930,75,2976,244,27,307,952,480,1030,1161,30620,2946,11508,7637,1865,779,1448,272,65868,334,25155,2855,21999,2552,463,4849,68,48837,9165,16494,71148,3422,24988,418,328,523,1336,710,1761,1010,2002,11549,1602,52,612,1447,53,53,7383,7582,29,704,387,43371,62532,45602,11612,61075,6948,621,109963,144716,19300,63264,107083,133997,421,266,1035,926,338,1267,2297,416,701,1094,11278,0.0,0.0,0.0,0.0,0.0,0.0,0.0,0.0,0.0,0.0,0.0,0.0,0.0,0.0,0.0,0.0,0.0,0.0,0.0,0.0,0.0,0.0,0.0,0.0,0.0,0.0,0.0,0.0,0.0,0.0,0.0,0.0,0.0,0.0,0.0,0.0,0.0,0.0,0.0,0.0,0.0,0.0,0.0,0.0,0.0,0.0,0.0,0.0,0.0,0.0,0.0,0.0,0.0,0.0,0.0,0.0,0.0,0.0,0.0,0.0,0.0,0.0,0.0,0.0,0.0,0.0,0.0,0.0,0.0,0.0,0.0,0.0,0.0,0.0,0.0,0.0,0.0,0.0,0.0,0.0,0.0,0.0,0.0,0.0,0.0,0.0,0.0,0.0,0.0,0.0,0.0,0.0,0.0,0.0,0.0,0.0,0.0,0.0,0.0,0.0,0.0,0.0,0.0,0.0,0.0,0.0,0.0,0.0,0.0,0.0,0.0,0.0,0.0,0.0,0.0,0.0,0.0,0.0,0.0,0.0,0.0,0.0,0.0,0.0,0.0,0.0,0.0,0.0,0.0,0.0,0.0,0.0,0.0,0.0,0.0,0.0,0.0,0.0,0.0,0.0,0.0,0.0,0.0,0.0,0.0,0.0,0.0,0.0,0.0,0.0
ENCFF000WWP,0.08721075371346869,4894,15,309,3421,78,7897,373,31,46,23,42,259,439,931,1707,2748,357,37,345,409,16,62,5,8,3,60,244,282,1931,272,16,22,44,136,134,9,133,0,1,628,861,3,67,3,4,44,459,2256,33,65,98,119,45,20,448,13,23,28,10,62,120,34,1216,76,56,89,8,4810,3705,548,88,69,139,401,13,101,48,70,85,20,104,93,286,44,52,310,1,75,57,1,114,17,3,91,127,1398,13287,792,9,2275,3103,203,2914,137,53,331,102,107,2,189,541,530,14,357,2311,252,2318,50,255,197,691,108,3391,117,461,193,51,229,21,11,2109,1258,132,1978,856,814,2071,42,411,214,111,300,4614,31,41,16,4,2,4,151,12,36,825,353,48,342,3389,370,31,99,74,77,220,319,302,399,4,10,1,89,6,173,52,274,528,5,2,58,63,80,1128,511,3391,207,2331,2607,1248,2644,1116,2372,23,2129,2559,737,743,1798,1434,581,80,47,51,9,59,78,13,3,1,3,277,22,3398,1106,1195,15,14619,3016,343,2397,2216,83,48,3423,1548,4998,456,3276,9,3301,1,18,53,25,25,70,14,299,149,2,57,75,60,89,56,216,126,18,23,420,256,147,190,108,38,57,77,47,32,25,45,125,385,953,40,164,225,158,1347,2085,209,224,208,119,75,47,52,69,66,13,569,40,88,408,32,117,51,292,112,103,68,87,9,31,50,231,222,77,96,69,177,116,72,66,96,341,2,3,45,48,30,20,1097,7,697,0,41,4,512,56,487,514,611,0,183,5,11,135,272,6297,54,149,183,86,13,192,10,16,56,1205,464,238,106,2,13,8,0,5,51,91,203,67,308,44,50,163,4665,45,188,9329,41,495,91,479,239,220,31,110,567,93,94,81,61,33,24,1052,129,83,82,44,99,105,2040,4,865,213,1,1989,543,1,17,493,60,5,541,73,85,15,284,94,1918,343,75,87,83,44,96,66,95,76,3,64,4,142,13,0,18,52,28,52,52,2983,207,987,598,133,50,84,11,2667,35,1124,140,971,84,17,212,0,2328,438,770,3221,170,1843,26,30,26,89,42,118,63,117,559,104,3,26,116,0,2,385,305,1,49,22,1933,3857,2510,580,2703,368,56,6173,6913,1152,3922,5340,6295,37,25,67,87,21,78,94,21,41,49,544,0.0,0.0,0.0,0.0,0.0,0.0,0.0,0.0,0.0,0.0,0.0,0.0,0.0,0.0,0.0,0.0,0.0,0.0,0.0,0.0,0.0,0.0,0.0,0.0,0.0,0.0,0.0,0.0,0.0,0.0,0.0,0.0,0.0,0.0,0.0,0.0,0.0,0.0,0.0,0.0,0.0,0.0,0.0,0.0,0.0,0.0,0.0,0.0,0.0,0.0,0.0,0.0,0.0,0.0,0.0,0.0,0.0,0.0,0.0,0.0,0.0,0.0,0.0,0.0,0.0,0.0,0.0,0.0,0.0,0.0,0.0,0.0,0.0,0.0,0.0,0.0,0.0,0.0,0.0,0.0,0.0,0.0,0.0,0.0,0.0,0.0,0.0,0.0,0.0,0.0,0.0,0.0,0.0,0.0,0.0,0.0,0.0,0.0,0.0,0.0,0.0,0.0,0.0,0.0,0.0,0.0,0.0,0.0,0.0,0.0,0.0,0.0,0.0,0.0,0.0,0.0,0.0,0.0,0.0,0.0,0.0,0.0,0.0,0.0,0.0,0.0,0.0,0.0,0.0,0.0,0.0,0.0,0.0,0.0,0.0,0.0,0.0,0.0,0.0,0.0,0.0,0.0,0.0,0.0,0.0,0.0,0.0,0.0,0.0,0.0
ENCFF307WIE,0.11365805393976784,56639,77,1846,25208,375,79028,18655,371,357,221,685,3822,1800,3274,9923,15513,1536,1090,5836,5112,124,653,114,1653,168,2394,2411,3008,12320,4128,113,53,448,2375,2513,15,2836,51,10,7400,8403,130,504,85,35,772,6199,13479,223,857,1493,1426,159,459,5669,91,344,332,1053,1233,1857,203,5335,168,258,658,145,24882,39262,5308,1338,793,1933,5580,68,1631,663,779,921,258,1283,2151,2251,441,794,3751,62,895,822,56,1288,1330,125,2354,522,4730,121791,6681,161,20361,34562,3099,28255,1889,766,4037,1925,2128,63,4000,7551,9503,860,4918,32046,1007,29393,131,531,856,5441,305,46273,1300,6557,2145,1311,2042,165,169,31034,3842,1150,10641,4749,15585,26348,83,4718,5484,1390,3318,31320,668,292,54,100,60,27,1823,496,568,10209,3153,300,2889,23224,1461,306,1705,3337,2358,2484,5043,6396,6933,52,149,54,1066,65,1323,560,523,1529,5,13,489,398,1558,11053,4837,33977,2390,15183,25546,9071,16727,14672,20692,170,20754,25821,9010,7856,22264,15423,3471,794,194,246,18,861,1278,121,63,41,47,3251,207,20438,5545,5131,344,135146,24209,2751,16394,9529,1445,594,23948,11816,29333,1639,47929,102,42969,123,277,804,76,354,1103,235,4188,2132,51,757,707,653,1051,583,3131,1630,152,190,4675,3401,1648,3825,1758,359,955,839,485,298,215,300,1122,3461,672,417,1163,3714,2076,5138,14535,2159,2634,3746,1250,953,822,736,917,536,69,6411,651,1731,5086,386,1679,601,3700,1860,1135,1086,1024,414,477,518,2685,1933,1040,824,867,2202,1882,1127,654,1187,2928,19,28,426,874,850,298,12164,321,8902,30,159,77,5012,671,6989,8096,5870,450,2357,234,99,1205,2538,49815,462,1803,2784,998,21,2624,129,843,2117,16719,5870,4241,1381,98,321,308,19,148,691,775,1682,1105,3635,657,464,1167,42090,174,1789,95345,398,5194,1078,7354,2744,2085,315,293,3488,844,1577,1483,356,300,109,24208,2264,1126,1358,434,1255,1736,24364,155,12437,1368,93,29262,6910,18,424,4857,890,256,6446,838,3850,231,4555,1049,19329,1087,485,836,1293,661,790,957,1260,623,1839,1478,1166,2173,607,165,1395,208,1227,170,700,17101,600,4924,2483,395,601,1399,455,36281,160,9716,1186,9068,2208,70,2686,23,31124,5684,8700,46696,933,11754,119,356,426,1122,621,1431,874,1183,3526,1013,13,112,1119,32,178,2629,2780,16,127,99,22403,24704,19471,5421,25356,3647,601,42357,64379,8639,24648,49542,61642,186,58,717,657,341,918,970,1861,1234,673,6358,0.0,0.0,0.0,0.0,0.0,0.0,0.0,0.0,0.0,0.0,0.0,0.0,0.0,0.0,0.0,0.0,0.0,0.0,0.0,0.0,0.0,0.0,0.0,0.0,0.0,0.0,0.0,0.0,0.0,0.0,0.0,0.0,0.0,0.0,0.0,0.0,0.0,0.0,0.0,0.0,0.0,0.0,0.0,0.0,0.0,0.0,0.0,0.0,0.0,0.0,0.0,0.0,0.0,0.0,0.0,0.0,0.0,0.0,0.0,0.0,0.0,0.0,0.0,0.0,0.0,0.0,0.0,0.0,0.0,0.0,0.0,0.0,0.0,0.0,0.0,0.0,0.0,0.0,0.0,0.0,0.0,0.0,0.0,0.0,0.0,0.0,0.0,0.0,0.0,0.0,0.0,0.0,0.0,0.0,0.0,0.0,0.0,0.0,0.0,0.0,0.0,0.0,0.0,0.0,0.0,0.0,0.0,0.0,0.0,0.0,0.0,0.0,0.0,0.0,0.0,0.0,0.0,0.0,0.0,0.0,0.0,0.0,0.0,0.0,0.0,0.0,0.0,0.0,0.0,0.0,0.0,0.0,0.0,0.0,0.0,0.0,0.0,0.0,0.0,0.0,0.0,0.0,0.0,0.0,0.0,0.0,0.0,0.0,0.0,0.0
ENCFF000RPB,0.1757215700307838,41070,111,2865,23794,759,84113,3706,185,418,218,390,2404,3818,7913,13487,26583,2743,293,3770,4071,116,474,49,43,32,601,2031,2590,20512,2609,202,161,330,1444,1218,59,1340,39,18,4826,7460,57,459,44,34,370,4089,14598,290,406,788,1155,330,202,3908,136,220,297,69,446,1198,361,9314,216,251,507,67,33944,33189,4421,822,557,1188,2960,179,922,431,643,698,174,843,871,2611,396,405,2757,8,755,436,10,873,293,17,805,1004,12948,113833,6634,97,17883,25754,1900,21984,858,521,3338,971,1016,13,1716,4614,4661,51,3023,20205,2436,29484,691,2550,2216,6225,1134,38790,1023,3825,1878,532,1780,292,91,18274,10899,1156,17828,7086,6650,18150,434,3270,2080,906,2719,28531,162,366,84,85,47,47,1392,241,346,7285,3011,486,3119,25588,2648,275,939,608,492,2034,2861,2434,3238,42,97,32,797,17,1401,511,505,105,40,2,525,559,746,9724,4607,28821,1810,21429,23066,10260,22610,9458,20098,195,18201,21828,6795,5975,15475,11881,3863,594,442,565,38,444,694,118,68,18,16,2655,265,33668,8700,10014,138,124287,25883,2552,18363,17483,685,362,27538,12678,41476,4427,26875,126,26347,62,260,557,136,257,746,141,2721,1368,15,529,745,514,738,353,1801,1083,143,166,3284,2095,1478,1761,965,272,563,533,265,268,222,339,900,3696,1047,299,1370,1711,1649,7386,22522,1028,1758,1922,947,600,462,501,762,382,82,4787,397,606,3306,304,1178,312,2820,811,750,510,748,184,405,419,1916,1917,665,750,589,1685,1098,585,710,742,2936,25,43,357,454,314,283,9192,86,6431,25,396,48,4249,447,4391,4372,5165,34,1795,92,129,806,2602,50827,436,1376,1512,770,87,2068,122,282,352,10459,4411,2347,856,14,131,83,13,57,560,793,1704,364,2885,419,443,1249,32749,357,1694,82574,374,3775,788,3923,1807,1893,254,850,4076,686,742,760,559,321,184,10010,863,725,841,334,889,988,17257,62,7153,1740,11,16593,5348,2,138,4025,421,49,4784,630,773,224,2221,849,11630,2367,604,670,806,369,815,707,873,594,15,823,22,1160,66,20,130,468,155,694,545,23091,2177,6849,5056,1272,359,530,148,22355,268,10244,1488,8298,809,287,1908,15,19735,3827,6631,29322,1733,11620,223,108,348,788,373,803,615,1085,5615,766,37,313,805,7,25,2430,2567,8,377,133,16102,29755,22506,5676,24034,2713,300,47522,63244,9639,29679,45250,53703,192,113,599,577,210,653,814,203,297,498,4601,0.0,0.0,0.0,0.0,0.0,0.0,0.0,0.0,0.0,0.0,0.0,0.0,0.0,0.0,0.0,0.0,0.0,0.0,0.0,0.0,0.0,0.0,0.0,0.0,0.0,0.0,0.0,0.0,0.0,0.0,0.0,0.0,0.0,0.0,0.0,0.0,0.0,0.0,0.0,0.0,0.0,0.0,0.0,0.0,0.0,0.0,0.0,0.0,0.0,0.0,0.0,0.0,0.0,0.0,0.0,0.0,0.0,0.0,0.0,0.0,0.0,0.0,0.0,0.0,0.0,0.0,0.0,0.0,0.0,0.0,0.0,0.0,0.0,0.0,0.0,0.0,0.0,0.0,0.0,0.0,0.0,0.0,0.0,0.0,0.0,0.0,0.0,0.0,0.0,0.0,0.0,0.0,0.0,0.0,0.0,0.0,0.0,0.0,0.0,0.0,0.0,0.0,0.0,0.0,0.0,0.0,0.0,0.0,0.0,0.0,0.0,0.0,0.0,0.0,0.0,0.0,0.0,0.0,0.0,0.0,0.0,0.0,0.0,0.0,0.0,0.0,0.0,0.0,0.0,0.0,0.0,0.0,0.0,0.0,0.0,0.0,0.0,0.0,0.0,0.0,0.0,0.0,0.0,0.0,0.0,0.0,0.0,0.0,0.0,0.0
ENCFF961GKK,0.12342359859498954,491829,17695,509,664,0,1303,373,22,83,5,310,136,64,47,7,6,207,57,448,362,13,99,1,43,0,24,141563,291,26,309,20,42,48,149,109,23,202,0,0,727,993,20,12,2,1308,19,370,3,1481,82,104,77,21,29,13083,2,31,4,0,135,69,0,0,0,0,8917,0,2774,10421,1601,82,44,248,1192,7,94,23,73,69,9,62,66,225,16,35,205,9,54,24,12,134,0,0,194,19,2,15595,850,6,8824,3161,205,3061,150,34,391,105,110,0,3477,1198,554,52,528,9380,11,770,0,0,7,785,0,34,51,662,231,92,164,9,0,3057,125,135375,28,33,1680,6526,3027,662,70,100,949,114,5,4714,0,8,2,0,138,49,18,781,373,15,182,192,22,86,103,80,20,189,226,280,1867,0,0,13,69,0,65,22,10104,133,0,0,28,18,92,7367,556,11448,147,1387,1978,1368,1632,2577,1928,8,3165,3957,1006,1521,3455,12585,334,51,1339,4,0,54,73,14,0,3,0,474,0,850,407,3,0,1046618,2019,742,1838,93,80,63,2009,941,1485,1,5178,0,3854,1,8,63,0,20,69,26,356,326,0,22,40,30,75,28,183,68,454,5,913,354,147,5743,90,45,41,69,16,11,8,171,72,378,39,13,105,182,102,172,45,211075,136,972,76,52,52,45,68,25,78,776,18,72,466,31,195,23,306,82,71,31,56,5,24,48,139,90,50,56,39,341,145,58,37,84,172,2,5,18,47,52,0,3559,0,2192,8,14,2,406,51,1753,807,488,0,179,3,2,0,262,2539,1449,290,1359,141,2,130,4,4,123,832,221,158,91,1,105,0,0,0,37,0,429,60,519,40,16,31,167,168,113,12971,434,715,80,514,89089,124,11,1776,9114,29,107,86,15,10,10,187741,141,100,90,27,72,78,2123,23,1117,228,0,4501,986,0,38,344,101,0,367,56,50,10,302,55,50,16,43552,22,74,27,64,67,147,457,0,231,0,113,6,2,4,40111,17,0,2,95,0,184,61,3,66,109,0,3910,34141,1897,53,988,99,0,302,0,6803,348,520,4028,61,84,7,0,16,41,2070,80,52,39,12,68,0,45,83,0,0,473,297,0,33141,6,2836,2611,2363,381,2501,601,24,3947,9184,1018,2217,7793,6356,3,11,42,27,14,50,136,15,68,44,542,0.0,0.0,0.0,0.0,0.0,0.0,0.0,0.0,0.0,0.0,0.0,0.0,0.0,0.0,0.0,0.0,0.0,0.0,0.0,0.0,0.0,0.0,0.0,0.0,0.0,0.0,0.0,0.0,0.0,0.0,0.0,0.0,0.0,0.0,0.0,0.0,0.0,0.0,0.0,0.0,0.0,0.0,0.0,0.0,0.0,0.0,0.0,0.0,0.0,0.0,0.0,0.0,0.0,0.0,0.0,0.0,0.0,0.0,0.0,0.0,0.0,0.0,0.0,0.0,0.0,0.0,0.0,0.0,0.0,0.0,0.0,0.0,0.0,0.0,0.0,0.0,0.0,0.0,0.0,0.0,0.0,0.0,0.0,0.0,0.0,0.0,0.0,0.0,0.0,0.0,0.0,0.0,0.0,0.0,0.0,0.0,0.0,0.0,0.0,0.0,0.0,0.0,0.0,0.0,0.0,0.0,0.0,0.0,0.0,0.0,0.0,0.0,0.0,0.0,0.0,0.0,0.0,0.0,0.0,0.0,0.0,0.0,0.0,0.0,0.0,0.0,0.0,0.0,0.0,0.0,0.0,0.0,0.0,0.0,0.0,0.0,0.0,0.0,0.0,0.0,0.0,0.0,0.0,0.0,0.0,0.0,0.0,0.0,0.0,0.0
ENCFF437EXK,0.09339410656127041,45920,122,2332,35007,339,96175,9980,424,191,219,670,4417,1748,4904,13102,15476,2428,1143,6972,6308,196,1126,43,93,86,3344,118,4150,31184,5784,210,101,771,3043,3072,44,3532,54,11,11560,14967,137,1467,72,22,1292,8823,26390,21,1461,2094,1921,296,615,10596,118,533,209,288,1311,2220,807,12825,2172,360,94,64,48017,53395,10075,1684,962,2761,12082,402,2155,845,959,1234,344,1699,2318,3652,577,1039,5163,23,1139,1028,26,1956,441,84,1892,990,13134,226570,13250,170,35509,52304,4014,46770,2395,970,6820,2381,2820,35,7296,17624,18290,138,8698,42035,1290,22832,92,454,832,9489,199,27005,1637,7128,2763,621,3352,168,38,45572,5162,100,24980,8312,17226,46112,23,5623,9251,1855,4289,45014,1183,175,88,87,90,82,3035,758,343,14026,5512,282,3762,34636,3015,329,2210,1717,1422,3728,8746,15802,14526,76,327,50,1439,35,1853,790,2192,1398,17,5,706,745,2002,19890,10383,54645,3841,25160,36047,15683,25254,19891,32009,205,44349,53346,12875,16094,36945,31979,5918,1307,43,738,67,1136,1701,175,25,53,28,12262,82,38844,11819,5426,297,247323,46603,5923,34187,22252,1676,674,43526,20365,58646,1897,77067,124,70029,20,337,829,22,433,1352,844,6938,4478,43,1002,892,825,1470,760,3956,2031,891,242,7726,5557,2524,8672,2399,500,1269,1148,640,415,289,916,1505,8113,1116,505,1718,4736,2783,10326,34742,119,3863,7070,1654,1334,1056,810,1262,711,690,14275,756,2263,8478,430,2516,727,5583,2195,1531,1286,1305,978,568,818,3559,2652,1345,1123,1348,4437,2735,1717,758,1654,4441,47,93,560,1110,1205,243,21680,129,15276,38,201,47,7805,1166,12910,8387,16241,28,3605,103,32,1647,4932,71355,591,3130,3996,1635,12,3260,92,487,2545,27796,11989,4179,2258,114,208,44,11,111,908,735,3498,1367,6608,917,616,1710,54718,204,2764,166639,601,8150,1325,9515,691,2841,522,37,3927,1024,1784,1868,485,381,181,1312,2624,1435,1697,1077,1767,1901,39353,50,19398,1771,51,56850,9437,23,641,8277,1605,83,9869,981,1880,256,5775,1431,12974,1948,412,1068,1632,870,1237,1133,1917,684,51,1609,40,3160,1353,123,75,95,788,210,896,39637,822,9224,4327,628,1180,916,233,56023,57,18420,1637,15393,2191,63,3481,13,48394,8897,17743,63076,1625,22424,168,426,489,1515,710,1572,1089,1996,8970,1352,30,215,1459,40,102,4760,4746,38,57,130,39711,53533,37635,9741,42848,6649,798,83341,119097,16287,47608,98087,103870,196,119,980,816,420,1279,2006,374,371,1025,8172,0.0,0.0,0.0,0.0,0.0,0.0,0.0,0.0,0.0,0.0,0.0,0.0,0.0,0.0,0.0,0.0,0.0,0.0,0.0,0.0,0.0,0.0,0.0,0.0,0.0,0.0,0.0,0.0,0.0,0.0,0.0,0.0,0.0,0.0,0.0,0.0,0.0,0.0,0.0,0.0,0.0,0.0,0.0,0.0,0.0,0.0,0.0,0.0,0.0,0.0,0.0,0.0,0.0,0.0,0.0,0.0,0.0,0.0,0.0,0.0,0.0,0.0,0.0,0.0,0.0,0.0,0.0,0.0,0.0,0.0,0.0,0.0,0.0,0.0,0.0,0.0,0.0,0.0,0.0,0.0,0.0,0.0,0.0,0.0,0.0,0.0,0.0,0.0,0.0,0.0,0.0,0.0,0.0,0.0,0.0,0.0,0.0,0.0,0.0,0.0,0.0,0.0,0.0,0.0,0.0,0.0,0.0,0.0,0.0,0.0,0.0,0.0,0.0,0.0,0.0,0.0,0.0,0.0,0.0,0.0,0.0,0.0,0.0,0.0,0.0,0.0,0.0,0.0,0.0,0.0,0.0,0.0,0.0,0.0,0.0,0.0,0.0,0.0,0.0,0.0,0.0,0.0,0.0,0.0,0.0,0.0,0.0,0.0,0.0,0.0
ENCFF015ITU,0.12906894992474555,1182745,652,4795,29165,535,80291,6013,180,266,178,319,1566,2006,3870,15873,18981,1682,217,3087,3234,108,366,42,60,44,551,99059,1538,28983,2088,139,2970,288,884,832,1973,1059,9,25,4006,5830,50,491,57,192,376,3083,14328,13346,297,451,612,246,193,4956,102,212,233,83,438,740,295,8358,467,393,24338,57,27266,25813,4223,510,314,22853,4016,184,684,193,339,434,113,464,619,2035,221,229,1677,9,379,234,9,609,144,18,822,575,9674,88683,5603,223,14842,21420,1207,18746,650,277,3127,1077,1266,15,1891,4325,4145,83,2157,21500,1458,17792,309,1400,1373,4978,609,32358,750,3719,1836,480,1774,225,100,19510,5813,48929,24555,4215,11329,15058,16320,2340,1640,624,10693,25359,214,11185,86,35,12,14,1259,123,543,5720,2445,298,2522,29716,1884,257,583,1145,990,1599,5291,6058,5016,43,129,20,454,15,905,253,858,1100,979,13,6466,690,527,8540,3759,55634,1125,15715,19826,8012,24081,7608,13899,139,15950,18841,8097,4850,12974,10896,3368,451,17213,522,58,224,436,79,31,25,21,2265,187,26426,6435,4970,192,154682,21617,10345,16414,13880,668,338,21245,10562,32010,2370,23989,105,22635,26,361,479,109,107,421,161,1880,1589,35,314,409,270,408,192,1282,636,850,307,2213,1577,1077,1542,536,133,279,310,165,144,137,362,538,2760,608,184,956,1251,1169,6488,35572,59580,1182,2352,645,406,320,282,420,220,280,4397,212,363,3622,176,784,186,2073,493,481,244,433,402,228,2052,1042,1092,366,435,333,1352,712,352,336,432,2030,18,18,175,250,505,218,8430,102,6148,25,316,549,4343,546,4142,3929,3752,9,1418,70,106,414,2125,40440,6401,6698,1141,583,4702,1434,114,135,399,8263,3466,1648,789,18,1336,56,11,15,307,909,1306,358,2088,215,241,973,36943,4442,1008,64801,293,3032,401,2691,93205,1308,163,46236,102124,359,536,524,168,176,1534,517139,649,409,565,268,612,592,14259,57,5164,1180,40,16768,3775,335,129,3205,408,15,3371,340,1941,159,1597,532,13886,2014,16830,333,540,202,483,382,773,263,22,570,10,961,377,115,119,12746,706,395,563,29255,1379,5007,3358,753,345,585,105,23953,9139,8004,22811,6582,842,204,1553,24,20251,3764,5971,30740,2355,15475,1364,173,168,5623,540,533,342,802,3662,507,21,13664,436,9,18,2101,2118,10,17707,71,13367,21815,16089,3971,18568,2414,360,37144,48993,7140,22283,36890,41668,164,104,354,336,116,375,1137,187,249,352,3591,0.0,0.0,0.0,0.0,0.0,0.0,0.0,0.0,0.0,0.0,0.0,0.0,0.0,0.0,0.0,0.0,0.0,0.0,0.0,0.0,0.0,0.0,0.0,0.0,0.0,0.0,0.0,0.0,0.0,0.0,0.0,0.0,0.0,0.0,0.0,0.0,0.0,0.0,0.0,0.0,0.0,0.0,0.0,0.0,0.0,0.0,0.0,0.0,0.0,0.0,0.0,0.0,0.0,0.0,0.0,0.0,0.0,0.0,0.0,0.0,0.0,0.0,0.0,0.0,0.0,0.0,0.0,0.0,0.0,0.0,0.0,0.0,0.0,0.0,0.0,0.0,0.0,0.0,0.0,0.0,0.0,0.0,0.0,0.0,0.0,0.0,0.0,0.0,0.0,0.0,0.0,0.0,0.0,0.0,0.0,0.0,0.0,0.0,0.0,0.0,0.0,0.0,0.0,0.0,0.0,0.0,0.0,0.0,0.0,0.0,0.0,0.0,0.0,0.0,0.0,0.0,0.0,0.0,0.0,0.0,0.0,0.0,0.0,0.0,0.0,0.0,0.0,0.0,0.0,0.0,0.0,0.0,0.0,0.0,0.0,0.0,0.0,0.0,0.0,0.0,0.0,0.0,0.0,0.0,0.0,0.0,0.0,0.0,0.0,0.0
ENCFF000WFB,0.05927898393352526,3780,13,246,2402,48,5886,309,28,34,16,104,295,292,598,1309,1938,222,35,316,374,7,51,4,4,2,43,190,223,1901,218,19,13,25,113,109,8,103,3,10,651,700,2,44,3,9,19,341,1712,26,53,77,82,26,33,405,9,19,25,10,42,153,22,916,9,34,66,30,3243,2968,440,70,44,92,391,18,80,33,52,72,15,70,78,244,36,43,221,3,57,43,1,79,56,1,95,98,1309,10101,584,5,1764,2423,163,2061,94,48,293,85,102,1,156,402,421,3,332,1859,220,2163,58,192,172,534,84,2820,108,371,197,52,180,26,4,1954,898,145,1695,597,768,1677,48,369,193,68,243,2982,8,43,12,6,3,3,132,20,93,581,271,28,258,2550,297,21,75,66,62,158,236,211,342,3,13,3,52,1,130,57,163,509,8,0,63,51,65,935,412,2607,164,1788,1986,872,2428,837,1731,18,1618,1846,664,574,1479,1137,371,43,40,53,8,51,55,6,7,3,0,264,37,2986,821,731,15,12965,2272,244,1671,1575,59,39,2527,1055,3826,391,2558,8,2564,7,8,187,123,14,36,20,221,122,4,57,74,29,69,29,147,86,13,16,303,185,117,150,93,23,35,47,22,27,22,27,81,315,95,25,126,150,112,989,2486,102,137,206,85,48,36,33,49,33,11,493,32,64,339,24,101,28,244,77,76,38,67,18,28,32,152,147,55,61,48,160,83,54,50,57,226,0,2,19,38,38,29,876,11,554,2,31,4,379,44,372,424,470,6,152,3,12,62,227,4417,47,111,134,53,13,157,10,20,32,903,461,413,73,2,11,4,0,1,46,72,189,29,251,40,33,124,3247,33,141,7454,29,341,61,277,205,153,19,72,400,63,63,54,40,27,10,948,70,68,60,24,72,79,1485,8,614,135,1,1643,602,2,14,348,33,4,402,63,91,23,171,66,977,224,54,58,57,29,87,46,76,37,2,75,2,133,1,5,11,38,15,53,49,2232,173,673,428,109,39,59,10,2134,27,944,137,754,77,14,161,10,1721,349,567,2477,175,1359,14,5,20,58,26,75,48,88,430,49,4,30,77,0,2,282,248,0,36,11,1478,2578,2035,433,2118,284,27,4482,5629,908,2611,4377,4900,15,21,70,74,19,55,106,22,34,33,403,0.0,0.0,0.0,0.0,0.0,0.0,0.0,0.0,0.0,0.0,0.0,0.0,0.0,0.0,0.0,0.0,0.0,0.0,0.0,0.0,0.0,0.0,0.0,0.0,0.0,0.0,0.0,0.0,0.0,0.0,0.0,0.0,0.0,0.0,0.0,0.0,0.0,0.0,0.0,0.0,0.0,0.0,0.0,0.0,0.0,0.0,0.0,0.0,0.0,0.0,0.0,0.0,0.0,0.0,0.0,0.0,0.0,0.0,0.0,0.0,0.0,0.0,0.0,0.0,0.0,0.0,0.0,0.0,0.0,0.0,0.0,0.0,0.0,0.0,0.0,0.0,0.0,0.0,0.0,0.0,0.0,0.0,0.0,0.0,0.0,0.0,0.0,0.0,0.0,0.0,0.0,0.0,0.0,0.0,0.0,0.0,0.0,0.0,0.0,0.0,0.0,0.0,0.0,0.0,0.0,0.0,0.0,0.0,0.0,0.0,0.0,0.0,0.0,0.0,0.0,0.0,0.0,0.0,0.0,0.0,0.0,0.0,0.0,0.0,0.0,0.0,0.0,0.0,0.0,0.0,0.0,0.0,0.0,0.0,0.0,0.0,0.0,0.0,0.0,0.0,0.0,0.0,0.0,0.0,0.0,0.0,0.0,0.0,0.0,0.0
ENCFF001RWF,0.0815495424724388,5011009,42,4400,184,0,4685,1236,138,61,39,19864,264,206,174,91,35,1336,222,6688,1771,84,194,0,0,0,495,44953,369,43,5754,145,342,125,210,183,0,178,0,0,2190,3885,0,30,0,44,140,921,19,5342,215,107,91,92,16,202417,1,75,64,0,270,127,0,17,41,2,7325,0,14943,49639,63882,93,72,15089,7606,16,100,28,55,49,17,76,370,965,40,36,252,2,75,57,0,238,2,0,668,20,3,168387,5541,11,254369,11201,154,10391,195,73,2598,385,654,0,173003,25009,4708,3,1742,45146,18,2391,0,0,193,2429,0,19,121,5360,1315,26,664,13,77,12264,740,34370,89,635,4463,86646,29276,1846,219,112,1329,228,0,58930,0,15,6,2,690,140,159,4347,1637,74,445,183,49,109,120,41,10,616,1919,3478,16124,1,2,0,53,0,89,42,18692,13,0,0,84,53,102,12054,5069,46378,589,4536,7391,10179,2212,4349,7941,15,9977,9720,13996,12046,54723,40685,1464,317,1214,1698,3,38,108,24,0,1,0,8617,0,6897,4605,25,38,143512,15254,2683,10668,130,313,2683,9919,11196,16472,71,16119,1,16560,1,22,1070,0,41,76,273,474,1397,0,52,25,39,112,61,272,196,4651,39,2083,699,384,5415,126,23,62,67,28,21,19,379,472,926,140,27,233,556,131,275,59,63448,231,18258,165,46,41,67,64,24,922,2577,47,118,1459,23,475,55,793,88,61,44,101,31,39,224,204,114,64,42,53,2923,330,53,38,48,275,25,130,31,73,85,0,16079,2,10718,15,73,0,1315,122,11812,3330,36242,0,886,2,0,14,884,36915,1369,419,7008,476,4,289,3,16,545,10151,6679,672,422,8,55,0,0,0,73,224,821,99,661,28,41,60,142,1127,217,79468,16,1702,78,1156,31969,487,64,5429,79479,55,95,214,58,16,91,544450,168,79,126,201,127,194,8946,6,2499,995,0,179179,3368,0,143,1275,143,0,682,59,125,62,797,79,168,84,11644,71,117,41,88,64,1808,0,0,426,0,485,0,5,18,10608,15,1,274,468,1,463,247,6,111,114,0,17799,8879,5627,283,3601,331,8,1375,0,106595,2108,4198,110451,191,486,9,7,22,50,44,170,48,103,30,62,0,46,124,0,0,2038,1052,74,5943,16,9507,10889,13040,1252,8014,2750,171,11382,47830,4284,9638,50678,24352,43,16,56,48,139,57,140,30,433,344,2173,0.0,0.0,0.0,0.0,0.0,0.0,0.0,0.0,0.0,0.0,0.0,0.0,0.0,0.0,0.0,0.0,0.0,0.0,0.0,0.0,0.0,0.0,0.0,0.0,0.0,0.0,0.0,0.0,0.0,0.0,0.0,0.0,0.0,0.0,0.0,0.0,0.0,0.0,0.0,0.0,0.0,0.0,0.0,0.0,0.0,0.0,0.0,0.0,0.0,0.0,0.0,0.0,0.0,0.0,0.0,0.0,0.0,0.0,0.0,0.0,0.0,0.0,0.0,0.0,0.0,0.0,0.0,0.0,0.0,0.0,0.0,0.0,0.0,0.0,0.0,0.0,0.0,0.0,0.0,0.0,0.0,0.0,0.0,0.0,0.0,0.0,0.0,0.0,0.0,0.0,0.0,0.0,0.0,0.0,0.0,0.0,0.0,0.0,0.0,0.0,0.0,0.0,0.0,0.0,0.0,0.0,0.0,0.0,0.0,0.0,0.0,0.0,0.0,0.0,0.0,0.0,0.0,0.0,0.0,0.0,0.0,0.0,0.0,0.0,0.0,0.0,0.0,0.0,0.0,0.0,0.0,0.0,0.0,0.0,0.0,0.0,0.0,0.0,0.0,0.0,0.0,0.0,0.0,0.0,0.0,0.0,0.0,0.0,0.0,0.0
ENCFF199LOR,0.10312314404561995,11300,38,1559,12750,162,25701,4121,100,114,76,144,1156,788,2030,7638,5326,909,131,1764,1945,61,256,48,9,19,516,139,1295,7753,1326,115,49,154,691,647,12,737,11,3,3319,3946,41,318,19,13,253,2095,6678,10,158,390,484,191,169,2152,71,143,163,159,349,501,122,2702,83,207,43,9,15949,18169,2515,413,246,396,1796,68,490,163,290,375,90,371,373,1351,159,230,1319,6,314,162,15,464,83,18,443,435,3522,61998,3886,52,9892,14830,925,12988,511,211,2045,785,829,12,1165,2934,2907,79,1750,11386,626,7737,123,508,630,3192,206,10121,518,2360,1088,305,1139,144,150,10000,2641,100,4244,1991,4071,10341,36,1635,773,436,1495,12223,182,82,25,29,13,13,810,107,171,3711,1571,236,1858,13249,1177,132,441,334,356,964,1520,1351,1885,53,82,5,363,16,663,228,702,479,9,3,205,315,333,5605,2427,16137,842,10273,13229,6051,11435,4763,10046,71,10249,12241,3712,3230,11380,7261,2140,497,22,208,29,201,325,61,47,5,5,1571,80,14710,3971,1845,136,59696,12354,1223,8929,5221,421,230,13941,6306,17417,920,15416,69,15553,35,215,228,37,91,357,96,1321,766,31,237,300,215,294,153,856,493,93,78,1691,1022,701,1283,409,126,229,286,115,132,101,169,410,2447,463,143,692,972,814,4449,10726,120,824,1179,485,317,241,224,349,210,42,2480,157,283,1781,132,535,140,1524,358,377,204,299,126,147,183,852,912,255,321,240,918,502,230,306,398,1452,15,9,141,249,310,285,5864,31,3592,4,174,38,2320,314,2607,2770,2483,30,1161,45,73,594,1388,18639,216,627,794,375,10,1056,65,48,197,6186,1907,1059,798,9,64,68,2,14,221,397,1034,243,1333,175,168,674,16599,136,803,42653,189,1967,376,1866,175,928,85,34,1334,282,343,326,134,152,85,591,486,341,424,182,428,433,9718,35,4037,911,18,10600,2462,10,98,5339,182,26,2328,283,599,113,1137,364,3800,960,223,275,398,151,432,261,452,297,13,372,10,730,36,26,57,125,71,151,256,9842,457,3051,1785,341,149,523,92,13114,60,5572,619,4494,439,151,1088,2,13305,2895,3974,17274,1148,4053,96,96,113,287,136,372,232,575,2236,344,11,37,410,13,18,1552,1464,6,45,62,8695,20970,19131,2830,13704,1816,120,32845,44023,6709,23920,32502,34248,72,66,262,253,65,331,460,133,180,260,2563,0.0,0.0,0.0,0.0,0.0,0.0,0.0,0.0,0.0,0.0,0.0,0.0,0.0,0.0,0.0,0.0,0.0,0.0,0.0,0.0,0.0,0.0,0.0,0.0,0.0,0.0,0.0,0.0,0.0,0.0,0.0,0.0,0.0,0.0,0.0,0.0,0.0,0.0,0.0,0.0,0.0,0.0,0.0,0.0,0.0,0.0,0.0,0.0,0.0,0.0,0.0,0.0,0.0,0.0,0.0,0.0,0.0,0.0,0.0,0.0,0.0,0.0,0.0,0.0,0.0,0.0,0.0,0.0,0.0,0.0,0.0,0.0,0.0,0.0,0.0,0.0,0.0,0.0,0.0,0.0,0.0,0.0,0.0,0.0,0.0,0.0,0.0,0.0,0.0,0.0,0.0,0.0,0.0,0.0,0.0,0.0,0.0,0.0,0.0,0.0,0.0,0.0,0.0,0.0,0.0,0.0,0.0,0.0,0.0,0.0,0.0,0.0,0.0,0.0,0.0,0.0,0.0,0.0,0.0,0.0,0.0,0.0,0.0,0.0,0.0,0.0,0.0,0.0,0.0,0.0,0.0,0.0,0.0,0.0,0.0,0.0,0.0,0.0,0.0,0.0,0.0,0.0,0.0,0.0,0.0,0.0,0.0,0.0,0.0,0.0
ENCFF000OLB,0.10168871779466296,24501,82,2279,9029,188,37503,3008,118,522,191,1153,3047,1480,2998,3904,10535,1845,435,2320,4049,154,1054,125,191,40,307,282,1460,7828,3948,234,139,328,669,643,11,1183,21,122,6791,9995,32,520,10,36,277,3003,5918,26,344,327,531,460,505,10122,130,306,230,62,631,2017,102,3097,121,150,50,566,22758,30745,8048,381,260,624,59907,196,514,244,307,333,91,394,434,3173,189,223,1435,11,330,192,9,1460,1972,43,1217,385,3406,119686,8295,45,23453,31033,1262,26968,427,255,4808,1364,1105,12,2406,7894,5681,130,3662,39403,978,11084,145,615,751,6208,283,9016,491,4977,2384,593,2388,1392,107,86587,4744,131,6304,3103,95976,26876,38,3118,1167,434,2453,9720,135,209,32,140,54,28,1875,272,1527,7239,4444,715,2804,8574,1041,821,422,548,576,1774,3244,2795,7867,37,62,83,338,5,736,252,769,344,6,0,193,536,361,13865,6157,32551,1328,17683,21517,7957,10866,9259,17092,191,22060,24852,8049,8239,18216,14633,3598,497,51,378,86,176,311,203,66,63,52,2987,126,12607,5002,3953,62,127727,22099,2283,19562,6417,945,575,24672,9558,23442,1265,37357,102,40309,149,194,2172,1140,136,351,182,1879,2166,9,232,376,221,344,176,1122,571,757,136,2708,2295,1237,3292,464,95,275,232,128,160,112,595,465,2734,525,135,1058,1115,883,3459,5403,176,1183,4310,663,266,200,237,334,158,481,6365,205,326,5000,126,930,183,2425,382,393,221,313,497,223,258,1037,916,305,339,293,2951,792,329,282,323,1620,32,30,154,220,453,145,14215,57,10124,42,468,508,4975,815,7381,5350,4989,15,1762,67,192,524,3561,23762,623,1530,1428,802,10,1023,162,139,557,7450,3645,5983,1211,83,557,88,10,29,212,417,2659,219,3202,190,241,503,14662,156,874,108776,230,4612,414,2220,447,1241,154,85,2713,353,393,432,158,190,196,1470,508,355,434,196,478,489,19132,71,6529,1698,17,25929,11670,9,269,3631,624,44,3905,269,1175,291,1369,397,5702,836,440,339,425,216,561,288,1915,227,12,1048,27,1410,33,15,184,279,169,223,271,8594,583,2886,1814,372,237,590,127,40804,46,11047,781,11634,1028,152,2389,166,17060,3436,5872,28552,669,3965,84,46,188,342,226,439,293,571,2764,387,16,160,436,7,21,3565,4021,65,62,180,19132,26559,19868,3882,27276,3178,278,38299,61877,8303,26648,45504,58477,156,123,288,273,89,299,1126,223,553,397,4612,0.0,0.0,0.0,0.0,0.0,0.0,0.0,0.0,0.0,0.0,0.0,0.0,0.0,0.0,0.0,0.0,0.0,0.0,0.0,0.0,0.0,0.0,0.0,0.0,0.0,0.0,0.0,0.0,0.0,0.0,0.0,0.0,0.0,0.0,0.0,0.0,0.0,0.0,0.0,0.0,0.0,0.0,0.0,0.0,0.0,0.0,0.0,0.0,0.0,0.0,0.0,0.0,0.0,0.0,0.0,0.0,0.0,0.0,0.0,0.0,0.0,0.0,0.0,0.0,0.0,0.0,0.0,0.0,0.0,0.0,0.0,0.0,0.0,0.0,0.0,0.0,0.0,0.0,0.0,0.0,0.0,0.0,0.0,0.0,0.0,0.0,0.0,0.0,0.0,0.0,0.0,0.0,0.0,0.0,0.0,0.0,0.0,0.0,0.0,0.0,0.0,0.0,0.0,0.0,0.0,0.0,0.0,0.0,0.0,0.0,0.0,0.0,0.0,0.0,0.0,0.0,0.0,0.0,0.0,0.0,0.0,0.0,0.0,0.0,0.0,0.0,0.0,0.0,0.0,0.0,0.0,0.0,0.0,0.0,0.0,0.0,0.0,0.0,0.0,0.0,0.0,0.0,0.0,0.0,0.0,0.0,0.0,0.0,0.0,0.0
ENCFF473AAA,0.07312937062878146,118627,2012,5384,23517,616,62730,5775,298,351,291,659,3352,2618,7375,15624,15063,2711,365,5057,5305,151,630,67,59,39,829,7966,2752,16501,3325,223,493,769,1687,1352,222,1693,27,73,8497,9610,87,744,67,690,426,4923,20353,1259,400,1092,1181,391,401,7011,147,301,406,252,566,1579,671,12152,868,695,2039,130,47367,75813,7269,894,556,2640,5658,270,990,398,629,839,211,865,953,3489,389,477,3285,14,717,455,8,1204,191,38,1929,1236,21252,165039,10024,118,28055,40734,2094,36828,3005,509,4791,1407,1655,13,2934,7392,6991,147,4278,32822,2177,36776,566,2078,1978,8229,833,46333,1233,5537,2404,775,2139,272,108,29409,10377,4840,19134,6782,14520,25110,1524,4224,2799,972,4135,33517,441,1225,76,107,107,26,1867,228,930,9167,4045,608,4390,25294,3095,375,968,1340,1567,2698,4168,3731,7685,74,125,35,800,25,1565,499,2865,2559,192,19,754,600,813,16818,6121,46198,2087,25461,30423,13743,25312,13118,26468,181,29065,33079,17984,8751,23602,17020,6967,983,1797,680,240,477,770,126,51,194,38,3892,249,32806,11238,6422,246,323249,37607,4180,26356,22157,959,1862,38113,18987,55766,3409,48575,231,43282,70,321,966,266,203,742,441,3590,2024,54,521,840,497,752,332,2091,1187,801,178,4079,2846,1675,3300,1005,302,507,570,286,294,206,650,962,5381,1050,313,2308,2346,1862,12360,44508,5286,2023,4469,1171,743,579,489,788,493,392,8435,371,723,4974,277,1386,286,4196,927,849,501,800,706,400,766,2025,2196,632,819,610,2048,1350,664,631,827,3668,20,34,337,520,639,242,14053,117,9327,32,489,81,5473,706,7420,6296,6579,28,2186,57,160,1546,4146,61406,986,2906,2166,1043,544,2593,183,410,722,15534,6162,3334,1250,27,416,131,17,18,606,1043,2730,466,3673,432,438,1468,33029,659,1883,124335,608,6705,888,4483,8631,2346,255,3668,11578,712,822,849,354,339,334,42157,1013,741,885,620,915,991,23856,58,9077,2024,37,25399,6755,39,214,6252,869,37,5754,650,1622,220,2800,892,15083,2928,1407,702,854,355,942,697,1281,805,25,997,35,1693,355,76,131,1192,567,565,750,32695,1744,8017,5253,1152,484,951,120,35427,735,14806,2716,11447,1102,315,2575,39,31631,7904,10781,51935,3849,14048,399,269,253,1175,1876,914,613,1571,6491,729,33,980,915,29,33,3778,3445,22,1591,189,21686,40621,28379,7548,33678,4310,513,66405,89889,13113,39393,68861,77526,196,153,641,540,168,722,1362,279,432,508,5922,0.0,0.0,0.0,0.0,0.0,0.0,0.0,0.0,0.0,0.0,0.0,0.0,0.0,0.0,0.0,0.0,0.0,0.0,0.0,0.0,0.0,0.0,0.0,0.0,0.0,0.0,0.0,0.0,0.0,0.0,0.0,0.0,0.0,0.0,0.0,0.0,0.0,0.0,0.0,0.0,0.0,0.0,0.0,0.0,0.0,0.0,0.0,0.0,0.0,0.0,0.0,0.0,0.0,0.0,0.0,0.0,0.0,0.0,0.0,0.0,0.0,0.0,0.0,0.0,0.0,0.0,0.0,0.0,0.0,0.0,0.0,0.0,0.0,0.0,0.0,0.0,0.0,0.0,0.0,0.0,0.0,0.0,0.0,0.0,0.0,0.0,0.0,0.0,0.0,0.0,0.0,0.0,0.0,0.0,0.0,0.0,0.0,0.0,0.0,0.0,0.0,0.0,0.0,0.0,0.0,0.0,0.0,0.0,0.0,0.0,0.0,0.0,0.0,0.0,0.0,0.0,0.0,0.0,0.0,0.0,0.0,0.0,0.0,0.0,0.0,0.0,0.0,0.0,0.0,0.0,0.0,0.0,0.0,0.0,0.0,0.0,0.0,0.0,0.0,0.0,0.0,0.0,0.0,0.0,0.0,0.0,0.0,0.0,0.0,0.0
ENCFF129VXF,0.15714988149346176,43534,113,1079,13415,178,46918,2768,121,107,126,338,1114,556,1938,7944,8067,981,219,1577,2396,62,299,20,26,32,467,2747,1241,7295,1627,99,66,173,719,656,25,827,5,4,3396,4344,14,231,9,23,237,2304,6017,302,293,427,573,160,129,2842,46,146,241,60,328,586,73,2614,92,78,899,37,14117,18763,3121,399,262,907,3346,117,467,215,290,322,84,395,497,1330,167,235,1490,9,317,251,4,387,47,7,378,433,5180,64141,3741,45,10957,14594,901,13136,470,249,2138,592,591,10,1206,3103,3160,51,2154,14100,564,11267,101,463,480,3036,205,14861,481,2819,1110,206,973,150,44,12059,2315,1574,4799,2009,8136,11768,351,1723,1166,464,1801,12502,115,384,34,43,1,9,899,134,193,4676,1670,235,1420,13483,1030,163,469,455,300,1142,1935,2201,2613,20,40,15,403,13,616,259,462,265,24,1,246,266,421,5441,2811,17553,884,9351,12269,5627,9881,5090,10555,101,10023,11979,5027,3561,9404,7394,1825,329,472,263,31,225,389,48,20,9,36,2088,33,11333,4181,1830,104,69487,15053,1633,10446,5366,417,335,13922,7171,18207,1352,18440,75,19372,8,151,459,37,120,373,144,1711,1034,10,329,351,244,380,192,930,584,191,96,2159,1245,818,1242,563,113,306,302,164,148,83,199,449,1782,473,142,659,932,784,2894,15205,1874,984,1459,520,321,254,265,399,222,64,2787,196,427,1974,134,631,189,1615,436,455,253,371,141,176,221,994,781,305,376,294,973,680,356,317,426,1611,20,19,164,257,228,168,6693,85,3978,14,165,44,2598,328,3108,3162,3945,8,1121,42,53,561,1766,25466,424,922,770,455,162,1028,62,84,425,6099,2445,1472,666,28,86,29,4,12,273,725,1015,254,1619,225,190,439,15982,324,793,47913,199,2558,395,2256,3138,934,141,1040,3453,331,447,416,153,152,145,15920,527,344,451,240,415,439,9347,20,4648,787,13,12077,2906,18,111,2857,360,20,2770,278,725,77,1272,398,5383,941,501,287,451,185,427,329,607,245,8,337,21,842,50,32,90,394,125,104,205,12504,423,2947,1740,339,209,311,90,14469,128,5817,841,4844,612,97,1222,11,11706,2070,4235,16979,1438,4484,83,113,160,492,170,414,246,507,2583,408,7,124,432,15,3,1573,1734,4,429,78,9664,13685,10648,2652,12822,1620,141,23339,30696,4763,13775,24030,28376,82,46,269,289,93,296,428,161,161,301,2853,0.0,0.0,0.0,0.0,0.0,0.0,0.0,0.0,0.0,0.0,0.0,0.0,0.0,0.0,0.0,0.0,0.0,0.0,0.0,0.0,0.0,0.0,0.0,0.0,0.0,0.0,0.0,0.0,0.0,0.0,0.0,0.0,0.0,0.0,0.0,0.0,0.0,0.0,0.0,0.0,0.0,0.0,0.0,0.0,0.0,0.0,0.0,0.0,0.0,0.0,0.0,0.0,0.0,0.0,0.0,0.0,0.0,0.0,0.0,0.0,0.0,0.0,0.0,0.0,0.0,0.0,0.0,0.0,0.0,0.0,0.0,0.0,0.0,0.0,0.0,0.0,0.0,0.0,0.0,0.0,0.0,0.0,0.0,0.0,0.0,0.0,0.0,0.0,0.0,0.0,0.0,0.0,0.0,0.0,0.0,0.0,0.0,0.0,0.0,0.0,0.0,0.0,0.0,0.0,0.0,0.0,0.0,0.0,0.0,0.0,0.0,0.0,0.0,0.0,0.0,0.0,0.0,0.0,0.0,0.0,0.0,0.0,0.0,0.0,0.0,0.0,0.0,0.0,0.0,0.0,0.0,0.0,0.0,0.0,0.0,0.0,0.0,0.0,0.0,0.0,0.0,0.0,0.0,0.0,0.0,0.0,0.0,0.0,0.0,0.0
ENCFF000XPB,0.08742581873227366,5610,25,285,2626,58,6261,640,36,45,23,75,249,381,783,1209,2056,312,45,493,514,31,93,6,3,9,73,280,297,3590,365,26,27,51,142,143,10,150,6,2,795,1087,7,73,3,6,51,510,1744,29,72,69,110,46,48,689,26,28,37,27,92,117,19,1116,25,66,85,10,4150,4637,777,96,53,139,694,25,105,43,62,73,17,86,85,361,43,44,248,3,50,33,3,148,25,4,151,116,1392,15356,938,11,2686,3675,214,3262,93,52,484,168,164,2,250,742,715,9,421,3617,284,3415,56,228,204,858,100,4279,119,644,240,91,315,30,6,2970,1207,192,1903,713,1823,2773,46,407,354,97,355,4146,60,53,4,16,4,9,211,27,72,859,500,56,490,2639,279,30,84,184,169,242,461,398,524,9,22,3,85,4,131,47,203,317,7,0,49,98,69,1703,644,4386,198,2708,3358,1316,3332,1290,2312,21,2655,3210,998,948,2382,1890,669,76,61,81,5,47,77,28,9,4,30,342,45,4472,1152,1131,49,20795,3304,341,2681,2183,128,51,3725,1688,4780,463,4524,16,4424,6,25,111,52,20,74,39,307,221,4,62,85,57,46,35,194,115,38,17,356,310,190,312,79,20,50,44,37,30,37,46,73,421,106,30,134,200,150,882,1863,150,168,305,111,67,47,46,50,41,17,858,44,62,524,20,128,31,333,80,82,54,87,24,39,37,192,193,59,69,49,265,128,58,70,62,267,1,1,25,45,59,18,1500,18,1001,2,51,13,629,87,787,633,598,7,241,23,21,177,352,5423,80,206,209,96,17,174,32,25,67,1187,651,240,164,15,22,11,2,9,51,162,269,54,294,38,43,93,3809,34,159,10984,33,539,76,451,249,178,21,109,520,63,82,96,33,38,19,1272,104,83,90,26,90,107,2432,22,904,258,2,2723,745,4,23,583,91,10,580,63,171,25,240,90,1596,280,81,69,111,36,86,60,139,77,8,115,7,159,21,4,19,55,73,81,78,1850,229,698,520,157,44,92,20,3653,26,1339,181,1122,176,28,265,5,2564,540,861,3731,163,1383,18,25,21,81,41,95,55,101,705,84,7,52,99,2,4,366,418,3,44,24,2376,3514,2491,553,3241,386,21,6447,8036,1118,3439,5979,7540,26,28,59,76,25,64,202,19,45,56,660,0.0,0.0,0.0,0.0,0.0,0.0,0.0,0.0,0.0,0.0,0.0,0.0,0.0,0.0,0.0,0.0,0.0,0.0,0.0,0.0,0.0,0.0,0.0,0.0,0.0,0.0,0.0,0.0,0.0,0.0,0.0,0.0,0.0,0.0,0.0,0.0,0.0,0.0,0.0,0.0,0.0,0.0,0.0,0.0,0.0,0.0,0.0,0.0,0.0,0.0,0.0,0.0,0.0,0.0,0.0,0.0,0.0,0.0,0.0,0.0,0.0,0.0,0.0,0.0,0.0,0.0,0.0,0.0,0.0,0.0,0.0,0.0,0.0,0.0,0.0,0.0,0.0,0.0,0.0,0.0,0.0,0.0,0.0,0.0,0.0,0.0,0.0,0.0,0.0,0.0,0.0,0.0,0.0,0.0,0.0,0.0,0.0,0.0,0.0,0.0,0.0,0.0,0.0,0.0,0.0,0.0,0.0,0.0,0.0,0.0,0.0,0.0,0.0,0.0,0.0,0.0,0.0,0.0,0.0,0.0,0.0,0.0,0.0,0.0,0.0,0.0,0.0,0.0,0.0,0.0,0.0,0.0,0.0,0.0,0.0,0.0,0.0,0.0,0.0,0.0,0.0,0.0,0.0,0.0,0.0,0.0,0.0,0.0,0.0,0.0
ENCFF546UZB,0.17431755392120593,261756,94,2056,24398,274,69271,5356,150,221,176,596,2048,963,3087,14197,12276,1531,371,3364,3605,108,477,41,41,34,756,20431,2077,12905,2588,156,283,303,1261,1085,207,1231,7,15,5481,7187,17,448,16,28,377,3743,10234,2324,441,640,845,313,216,4576,86,249,423,110,580,1004,119,4827,171,126,6759,47,22794,30841,5124,604,415,3296,3994,211,836,350,447,496,142,647,767,2217,267,394,2285,4,554,355,9,653,59,9,654,661,9139,105443,6408,93,17804,24248,1427,20963,808,367,3234,1051,1108,12,1972,4931,5273,70,3335,22485,957,17395,128,732,790,4952,261,23689,813,4417,1808,355,1914,211,76,18793,3898,13363,8341,3315,9375,18849,2460,2877,2500,802,4234,23287,226,2963,45,50,13,25,1492,188,373,7395,2869,403,2383,23879,1730,238,731,801,587,1858,3374,3652,4342,44,66,28,654,22,965,334,858,494,228,4,699,446,684,8873,4434,31318,1439,15144,19833,9164,16238,8564,17099,156,16233,19431,7934,5984,15638,12268,3364,571,4074,521,102,327,631,98,21,12,111,3050,101,19332,6939,2721,211,118485,25118,4344,16664,9248,671,616,22643,11894,31367,2317,30947,128,32533,5,273,710,70,180,637,213,2704,1749,21,433,562,378,558,260,1523,928,313,149,3367,2070,1394,2211,824,200,453,483,257,207,152,310,736,3065,810,221,1073,1538,1320,4760,13590,15764,1522,2548,863,536,394,396,621,294,86,4754,345,648,3283,228,1093,283,2527,705,652,381,557,253,273,478,1525,1315,489,573,484,1518,1042,547,445,590,2520,19,17,238,371,372,203,10825,107,6471,21,291,64,4505,556,5146,4678,6345,11,1794,78,66,908,2811,37788,1615,2109,1330,706,1364,1644,124,165,706,10009,4811,2341,1013,39,98,41,5,23,400,979,1724,341,2451,337,330,771,27694,1425,1269,76597,305,4122,637,3447,24205,1539,194,7897,20029,485,662,722,271,271,330,124267,825,615,719,329,716,842,15406,22,7301,1143,23,19170,5059,61,193,4353,567,46,4416,526,1578,146,2215,677,8843,1711,3150,447,737,306,650,571,1054,410,21,560,22,1360,67,48,126,2737,226,190,336,21498,650,4929,2636,496,367,581,164,23226,1047,10351,3108,7653,932,170,1918,23,19274,3554,6484,27653,1390,7230,128,198,225,1596,318,688,479,890,4126,605,13,667,647,16,18,2664,2914,8,3206,126,15855,21837,16949,4176,21084,2628,308,37482,50326,7622,22467,39103,46738,138,101,451,403,155,525,750,273,244,439,4577,0.0,0.0,0.0,0.0,0.0,0.0,0.0,0.0,0.0,0.0,0.0,0.0,0.0,0.0,0.0,0.0,0.0,0.0,0.0,0.0,0.0,0.0,0.0,0.0,0.0,0.0,0.0,0.0,0.0,0.0,0.0,0.0,0.0,0.0,0.0,0.0,0.0,0.0,0.0,0.0,0.0,0.0,0.0,0.0,0.0,0.0,0.0,0.0,0.0,0.0,0.0,0.0,0.0,0.0,0.0,0.0,0.0,0.0,0.0,0.0,0.0,0.0,0.0,0.0,0.0,0.0,0.0,0.0,0.0,0.0,0.0,0.0,0.0,0.0,0.0,0.0,0.0,0.0,0.0,0.0,0.0,0.0,0.0,0.0,0.0,0.0,0.0,0.0,0.0,0.0,0.0,0.0,0.0,0.0,0.0,0.0,0.0,0.0,0.0,0.0,0.0,0.0,0.0,0.0,0.0,0.0,0.0,0.0,0.0,0.0,0.0,0.0,0.0,0.0,0.0,0.0,0.0,0.0,0.0,0.0,0.0,0.0,0.0,0.0,0.0,0.0,0.0,0.0,0.0,0.0,0.0,0.0,0.0,0.0,0.0,0.0,0.0,0.0,0.0,0.0,0.0,0.0,0.0,0.0,0.0,0.0,0.0,0.0,0.0,0.0
ENCFF000YKP,0.04506199193063082,2734,23,119,1425,19,3020,519,20,16,13,47,133,101,241,757,740,127,22,169,265,15,34,1,4,1,34,139,121,775,169,11,14,20,92,72,3,63,0,0,439,489,0,37,0,2,62,227,720,14,41,44,40,26,27,423,8,15,34,8,41,58,9,341,8,18,45,3,1677,2249,400,52,21,52,361,9,56,21,15,28,3,40,65,176,26,20,108,1,28,18,2,55,2,0,62,46,618,7556,565,8,1504,1941,87,1763,79,16,227,64,86,0,139,465,449,6,287,1586,91,904,21,72,74,417,27,1114,49,382,141,37,168,12,8,1542,292,69,513,206,920,1359,26,176,110,52,175,1431,16,19,8,6,3,0,100,18,28,563,267,22,198,1410,114,20,52,65,63,134,366,376,386,2,12,1,32,0,63,23,153,374,1,0,22,30,33,725,360,2093,98,1117,1416,649,1190,598,1067,12,1243,1469,631,438,1308,938,328,33,25,36,2,18,26,12,3,0,11,227,10,1194,485,221,11,12057,1734,171,1315,648,63,42,1595,823,2179,152,2505,8,2865,3,21,52,16,10,35,24,158,109,3,27,34,17,34,17,123,65,44,11,182,164,91,178,42,14,23,29,6,21,13,36,28,197,57,9,81,107,83,363,655,62,105,218,40,32,21,16,22,11,18,376,14,24,253,12,62,14,173,40,42,23,34,19,14,20,83,77,25,18,21,139,62,25,30,24,132,0,2,15,19,46,9,822,6,574,4,24,2,293,42,428,380,390,1,110,1,8,39,200,2360,26,125,126,51,6,101,8,14,27,599,269,134,54,1,15,6,0,1,25,67,188,52,200,19,18,53,1817,24,76,6046,13,266,32,229,123,115,12,39,261,34,47,38,25,16,11,469,64,29,54,25,55,66,1169,1,426,136,1,1666,383,2,14,333,66,3,276,23,117,9,133,49,503,116,30,32,65,20,45,21,77,27,0,55,0,96,11,1,6,23,24,20,23,1269,71,341,207,55,22,58,12,1908,10,693,81,612,72,16,152,1,1345,259,454,2071,86,436,6,8,11,39,18,54,31,60,253,33,1,22,47,2,1,223,197,2,16,12,1260,1677,1224,281,1601,252,11,2816,3892,555,1683,2948,3775,15,9,25,23,6,32,88,22,17,27,316,0.0,0.0,0.0,0.0,0.0,0.0,0.0,0.0,0.0,0.0,0.0,0.0,0.0,0.0,0.0,0.0,0.0,0.0,0.0,0.0,0.0,0.0,0.0,0.0,0.0,0.0,0.0,0.0,0.0,0.0,0.0,0.0,0.0,0.0,0.0,0.0,0.0,0.0,0.0,0.0,0.0,0.0,0.0,0.0,0.0,0.0,0.0,0.0,0.0,0.0,0.0,0.0,0.0,0.0,0.0,0.0,0.0,0.0,0.0,0.0,0.0,0.0,0.0,0.0,0.0,0.0,0.0,0.0,0.0,0.0,0.0,0.0,0.0,0.0,0.0,0.0,0.0,0.0,0.0,0.0,0.0,0.0,0.0,0.0,0.0,0.0,0.0,0.0,0.0,0.0,0.0,0.0,0.0,0.0,0.0,0.0,0.0,0.0,0.0,0.0,0.0,0.0,0.0,0.0,0.0,0.0,0.0,0.0,0.0,0.0,0.0,0.0,0.0,0.0,0.0,0.0,0.0,0.0,0.0,0.0,0.0,0.0,0.0,0.0,0.0,0.0,0.0,0.0,0.0,0.0,0.0,0.0,0.0,0.0,0.0,0.0,0.0,0.0,0.0,0.0,0.0,0.0,0.0,0.0,0.0,0.0,0.0,0.0,0.0,0.0
ENCFF200ULF,0.08866706421182531,20090,71,350,2591,39,4266,440,21,16,24,39,225,224,647,1376,1369,243,21,457,380,8,39,8,4,5,88,1621,268,1908,230,14,96,48,139,130,42,152,5,6,595,682,3,40,17,22,33,393,1795,251,27,85,127,23,25,437,13,23,23,5,41,100,67,902,76,113,434,4,3903,3788,395,85,53,384,297,13,111,45,54,67,13,87,76,257,35,41,296,3,61,39,2,84,16,3,104,140,1666,11403,634,16,1736,2550,182,2209,81,52,306,129,115,0,179,466,464,4,355,1928,165,1907,28,120,144,618,48,2616,95,370,164,57,143,16,5,1735,756,1058,1737,580,786,1582,279,351,274,96,403,3645,21,263,7,7,1,1,151,23,70,671,250,45,270,2804,291,35,88,98,102,235,238,253,342,6,8,5,73,2,147,41,136,648,37,0,123,53,79,937,417,3176,175,1885,2060,1116,2198,1103,2045,11,1881,2154,715,595,1616,1223,497,65,372,75,20,43,73,10,2,2,5,247,17,3197,982,573,29,21432,2981,441,2045,1820,61,56,3134,1543,4606,220,2735,15,2338,0,30,68,17,22,54,22,301,139,1,45,75,39,81,31,182,120,29,16,305,219,131,175,94,25,53,60,25,31,14,26,96,433,97,30,136,160,179,1174,4648,1055,170,198,89,45,54,51,77,52,12,482,27,54,324,30,112,28,292,90,93,45,69,19,33,85,163,197,73,77,58,140,108,64,57,71,312,2,3,36,49,32,24,883,10,624,3,29,8,403,39,485,478,554,2,150,7,16,163,243,5950,117,235,159,69,86,223,15,10,45,1169,600,260,62,1,19,5,2,1,56,119,169,48,247,49,36,221,3721,117,150,7487,66,360,69,419,1787,185,28,706,1923,58,74,74,23,36,30,8293,91,63,84,48,79,94,1676,1,730,142,2,1577,454,4,10,458,51,0,451,65,103,12,237,85,1408,264,250,56,111,23,79,65,78,84,3,64,0,141,17,4,17,188,44,35,77,2139,92,763,410,87,40,59,8,2025,190,1039,360,724,76,33,178,1,2164,461,701,3102,366,1443,53,16,21,160,74,83,51,124,684,63,3,138,73,5,1,228,224,0,322,13,1557,3101,2220,561,2254,274,26,4935,6354,1033,2983,4705,5296,14,18,59,55,17,59,68,23,25,32,453,0.0,0.0,0.0,0.0,0.0,0.0,0.0,0.0,0.0,0.0,0.0,0.0,0.0,0.0,0.0,0.0,0.0,0.0,0.0,0.0,0.0,0.0,0.0,0.0,0.0,0.0,0.0,0.0,0.0,0.0,0.0,0.0,0.0,0.0,0.0,0.0,0.0,0.0,0.0,0.0,0.0,0.0,0.0,0.0,0.0,0.0,0.0,0.0,0.0,0.0,0.0,0.0,0.0,0.0,0.0,0.0,0.0,0.0,0.0,0.0,0.0,0.0,0.0,0.0,0.0,0.0,0.0,0.0,0.0,0.0,0.0,0.0,0.0,0.0,0.0,0.0,0.0,0.0,0.0,0.0,0.0,0.0,0.0,0.0,0.0,0.0,0.0,0.0,0.0,0.0,0.0,0.0,0.0,0.0,0.0,0.0,0.0,0.0,0.0,0.0,0.0,0.0,0.0,0.0,0.0,0.0,0.0,0.0,0.0,0.0,0.0,0.0,0.0,0.0,0.0,0.0,0.0,0.0,0.0,0.0,0.0,0.0,0.0,0.0,0.0,0.0,0.0,0.0,0.0,0.0,0.0,0.0,0.0,0.0,0.0,0.0,0.0,0.0,0.0,0.0,0.0,0.0,0.0,0.0,0.0,0.0,0.0,0.0,0.0,0.0
ENCFF000QQG,0.1802052389594121,192246,171,3234,34280,414,89846,11415,370,501,609,1042,4583,2979,6177,14586,22915,3917,1366,5746,7811,257,1405,73,131,205,1330,13299,4415,22749,7815,553,302,686,2665,2514,143,3880,64,106,12776,20328,148,1114,89,35,1308,9529,18001,1866,1376,1475,1698,909,854,11926,427,626,901,534,2552,2606,188,9671,196,453,3309,302,52074,75079,15021,1608,834,3183,10197,728,1879,808,996,1240,304,1307,1907,6118,673,649,4812,96,1127,771,179,3184,1795,636,3176,1143,6384,263583,15452,139,42958,61584,3577,52911,1787,791,10213,3077,3307,83,5514,13134,13375,418,6699,56832,2378,30767,218,1096,1215,12478,507,39671,1779,10145,4535,1255,4796,958,241,53907,8396,6507,19185,6492,22105,51742,1063,6525,3852,1819,7554,49247,588,1820,92,202,32,91,4558,699,1174,14859,7612,951,5632,34605,3113,914,1733,3110,2583,4444,6541,6061,9780,275,605,174,1310,151,1945,738,1573,511,84,7,858,1415,1592,23829,12111,74563,3188,37816,52052,19750,33124,20826,38654,552,44179,51828,18531,16346,38237,32350,8534,1282,2576,782,133,691,1302,354,192,106,296,6108,217,51351,13139,9119,4059,243345,48065,5638,40115,18363,2785,833,51705,20996,56763,2471,71852,164,74933,81,485,1519,256,368,1198,350,5592,4948,101,793,1192,764,1114,585,3667,2304,342,398,8099,4965,3089,4581,1771,325,961,1004,494,451,364,727,1342,6273,968,452,2440,3792,2943,10878,19460,7646,3854,5483,1812,1125,860,733,1183,572,191,13406,755,1448,9103,467,2738,615,6061,1365,1409,706,1213,450,625,789,3492,2886,978,1171,1021,4171,2414,1303,992,1232,5208,41,125,559,839,1488,608,30964,995,18097,105,642,232,12173,2011,14191,11357,10142,59,5591,659,267,1488,7955,55393,1756,4045,3107,1805,486,3533,293,745,1817,21932,7699,7307,3009,385,367,241,55,188,837,2510,4549,1092,5170,754,772,2202,47421,1293,2800,198462,635,10769,1270,8842,13360,3200,456,5057,14691,994,1547,1665,472,632,675,78505,1911,1326,1712,638,1704,1985,46215,428,17332,3840,194,47675,13358,44,546,8575,1653,241,10270,1042,2749,484,5084,1517,29169,2735,2472,1082,1639,663,1696,1170,2453,461,297,1848,176,3279,595,80,524,1728,1034,582,1099,27056,1144,8525,4407,817,728,1920,1120,70422,775,24906,3289,20980,3238,526,5138,59,43839,8402,14909,63059,1718,19485,277,758,576,1703,666,1510,917,1739,18003,1448,43,2158,1388,79,273,7617,8284,2,2192,343,42282,48272,37074,8891,54450,6428,781,85114,126073,15766,50067,94150,118325,299,245,919,889,317,1045,2468,670,659,1219,10459,0.0,0.0,0.0,0.0,0.0,0.0,0.0,0.0,0.0,0.0,0.0,0.0,0.0,0.0,0.0,0.0,0.0,0.0,0.0,0.0,0.0,0.0,0.0,0.0,0.0,0.0,0.0,0.0,0.0,0.0,0.0,0.0,0.0,0.0,0.0,0.0,0.0,0.0,0.0,0.0,0.0,0.0,0.0,0.0,0.0,0.0,0.0,0.0,0.0,0.0,0.0,0.0,0.0,0.0,0.0,0.0,0.0,0.0,0.0,0.0,0.0,0.0,0.0,0.0,0.0,0.0,0.0,0.0,0.0,0.0,0.0,0.0,0.0,0.0,0.0,0.0,0.0,0.0,0.0,0.0,0.0,0.0,0.0,0.0,0.0,0.0,0.0,0.0,0.0,0.0,0.0,0.0,0.0,0.0,0.0,0.0,0.0,0.0,0.0,0.0,0.0,0.0,0.0,0.0,0.0,0.0,0.0,0.0,0.0,0.0,0.0,0.0,0.0,0.0,0.0,0.0,0.0,0.0,0.0,0.0,0.0,0.0,0.0,0.0,0.0,0.0,0.0,0.0,0.0,0.0,0.0,0.0,0.0,0.0,0.0,0.0,0.0,0.0,0.0,0.0,0.0,0.0,0.0,0.0,0.0,0.0,0.0,0.0,0.0,0.0
ENCFF000ZBI,0.0643782318686918,4024,22,222,2449,47,5742,402,27,21,16,52,181,187,397,1358,1481,193,20,310,359,14,54,3,3,4,49,212,175,1363,228,20,21,31,111,87,4,99,2,2,486,645,2,40,0,6,38,313,1190,29,42,39,70,29,20,431,6,28,38,13,45,99,14,640,8,13,58,6,2641,2970,455,55,44,108,430,14,75,34,28,52,12,62,70,213,30,39,193,0,54,35,0,71,11,2,84,79,961,10281,613,3,1853,2371,135,2061,80,25,299,92,92,0,166,466,501,5,340,1915,157,1606,40,164,129,507,77,2145,89,459,195,42,155,23,8,1848,559,118,858,416,983,1669,38,265,210,55,242,2475,20,39,4,3,2,6,103,13,36,641,274,37,278,2430,186,29,59,61,53,179,353,333,389,3,4,0,55,1,94,42,186,195,3,1,41,59,36,940,449,2699,121,1600,1936,948,1838,778,1611,11,1641,1839,724,565,1386,1111,366,47,56,52,1,27,44,10,6,0,5,304,17,2011,723,463,11,12748,2157,255,1685,1058,61,42,2367,1112,3185,373,2848,7,3034,1,25,83,23,17,48,26,210,114,1,41,50,40,54,30,136,89,31,6,247,210,126,180,72,25,48,31,14,27,20,38,61,291,86,27,113,139,91,602,1556,145,137,210,81,40,43,30,41,31,3,445,32,38,315,17,93,31,227,62,76,45,52,28,39,32,133,132,43,44,34,159,83,42,49,48,201,2,1,19,36,30,19,890,15,622,3,31,8,376,54,464,443,513,0,124,5,12,65,223,3911,56,155,125,65,9,140,10,10,42,855,354,178,81,1,12,5,0,1,30,79,156,40,232,22,32,85,3044,32,125,7317,24,334,58,283,234,153,19,68,411,52,67,47,28,23,14,912,63,50,67,25,50,71,1504,2,587,131,1,1860,470,1,14,468,52,2,380,52,116,22,145,52,910,198,47,49,66,23,73,48,100,46,2,59,3,146,5,9,13,48,26,27,36,2284,139,554,318,103,33,50,9,2342,22,878,154,780,78,20,199,1,1721,341,624,2544,145,757,11,9,19,57,30,70,37,74,444,42,4,28,61,3,1,270,237,0,44,12,1394,2194,1716,416,2034,238,22,3949,4908,838,2210,3768,4563,20,18,47,44,17,35,70,19,27,39,450,0.0,0.0,0.0,0.0,0.0,0.0,0.0,0.0,0.0,0.0,0.0,0.0,0.0,0.0,0.0,0.0,0.0,0.0,0.0,0.0,0.0,0.0,0.0,0.0,0.0,0.0,0.0,0.0,0.0,0.0,0.0,0.0,0.0,0.0,0.0,0.0,0.0,0.0,0.0,0.0,0.0,0.0,0.0,0.0,0.0,0.0,0.0,0.0,0.0,0.0,0.0,0.0,0.0,0.0,0.0,0.0,0.0,0.0,0.0,0.0,0.0,0.0,0.0,0.0,0.0,0.0,0.0,0.0,0.0,0.0,0.0,0.0,0.0,0.0,0.0,0.0,0.0,0.0,0.0,0.0,0.0,0.0,0.0,0.0,0.0,0.0,0.0,0.0,0.0,0.0,0.0,0.0,0.0,0.0,0.0,0.0,0.0,0.0,0.0,0.0,0.0,0.0,0.0,0.0,0.0,0.0,0.0,0.0,0.0,0.0,0.0,0.0,0.0,0.0,0.0,0.0,0.0,0.0,0.0,0.0,0.0,0.0,0.0,0.0,0.0,0.0,0.0,0.0,0.0,0.0,0.0,0.0,0.0,0.0,0.0,0.0,0.0,0.0,0.0,0.0,0.0,0.0,0.0,0.0,0.0,0.0,0.0,0.0,0.0,0.0
ENCFF735ESZ,0.13079939823056153,110467,87,2505,43603,387,85305,10689,477,482,275,761,4900,2112,4350,20222,17437,2016,1261,4526,5228,127,795,72,158,131,1633,7380,3632,19852,3852,158,50,526,2630,2571,33,2743,43,7,7509,9626,165,359,109,20,737,6967,22099,553,1141,1792,1884,216,453,6310,79,372,249,364,1331,2881,329,13433,222,269,1979,377,37668,48332,5608,1589,987,2419,6223,58,1850,809,935,1171,327,1633,1789,2528,578,919,4695,58,1100,1025,59,1232,599,64,2183,699,9038,138433,7976,184,22813,36202,3649,30526,1882,879,4329,1781,2333,69,3818,7261,9008,451,5234,38243,1291,34511,138,670,945,6265,361,65581,1551,5635,2459,508,2185,130,196,30303,4562,3054,22246,6724,13540,28287,205,5218,3934,1462,3640,44964,612,491,81,127,100,18,1981,495,1063,10230,3742,372,3568,41385,1958,437,1973,3261,2589,2623,4956,6076,6352,77,127,40,1384,74,1624,725,720,573,10,26,618,453,1705,10951,5624,36742,2809,17562,27334,10801,24032,14144,24445,172,23101,29612,8809,8957,23437,16355,3677,991,473,270,40,953,1608,136,63,36,44,4015,194,28838,6664,5414,365,129634,28380,3657,18966,18501,1290,656,27821,12594,42097,1999,42500,127,39502,103,296,1036,130,461,1220,281,4984,2265,45,1063,905,872,1422,767,3303,1612,179,243,5672,3899,1965,3158,2185,438,1182,1081,659,427,278,295,1397,4039,831,485,1451,3330,2298,7012,41335,6331,3009,3409,1454,1113,883,875,1163,673,79,7912,822,2205,5382,438,2028,715,4432,2283,1470,1289,1329,184,633,544,3338,2432,1303,977,1113,2642,2234,1407,805,1507,3565,21,26,528,1124,709,423,12803,328,8781,33,214,97,5424,724,7136,6595,6925,77,2718,268,95,1217,3012,66270,791,1875,2863,1075,64,2645,159,951,1555,19133,6216,8268,1483,116,222,310,21,153,846,849,2134,1061,4713,875,580,1601,61095,290,2237,111504,555,6038,1327,7699,7960,2481,390,787,5447,1037,1492,1520,515,360,104,66061,2126,1486,1354,542,1420,1630,24962,194,15142,1257,122,29384,7831,35,468,5588,1066,208,7886,1006,1150,249,4694,1286,32899,1435,1092,1027,1476,942,1071,1230,1404,713,68,1303,68,2481,305,263,109,428,367,161,657,21995,749,6271,3129,537,813,1099,370,31721,474,11012,1475,9812,1852,69,2409,27,34465,6260,9954,42945,1677,26056,121,359,535,1434,733,1337,1188,1292,4030,1303,17,133,1358,43,68,3156,3192,19,413,119,24419,28975,22667,6043,27901,4446,540,55521,73148,9926,28918,56964,68799,184,77,903,861,447,1168,1072,662,278,821,6678,0.0,0.0,0.0,0.0,0.0,0.0,0.0,0.0,0.0,0.0,0.0,0.0,0.0,0.0,0.0,0.0,0.0,0.0,0.0,0.0,0.0,0.0,0.0,0.0,0.0,0.0,0.0,0.0,0.0,0.0,0.0,0.0,0.0,0.0,0.0,0.0,0.0,0.0,0.0,0.0,0.0,0.0,0.0,0.0,0.0,0.0,0.0,0.0,0.0,0.0,0.0,0.0,0.0,0.0,0.0,0.0,0.0,0.0,0.0,0.0,0.0,0.0,0.0,0.0,0.0,0.0,0.0,0.0,0.0,0.0,0.0,0.0,0.0,0.0,0.0,0.0,0.0,0.0,0.0,0.0,0.0,0.0,0.0,0.0,0.0,0.0,0.0,0.0,0.0,0.0,0.0,0.0,0.0,0.0,0.0,0.0,0.0,0.0,0.0,0.0,0.0,0.0,0.0,0.0,0.0,0.0,0.0,0.0,0.0,0.0,0.0,0.0,0.0,0.0,0.0,0.0,0.0,0.0,0.0,0.0,0.0,0.0,0.0,0.0,0.0,0.0,0.0,0.0,0.0,0.0,0.0,0.0,0.0,0.0,0.0,0.0,0.0,0.0,0.0,0.0,0.0,0.0,0.0,0.0,0.0,0.0,0.0,0.0,0.0,0.0
ENCFF131OXT,0.14557991027536232,105394,104,2508,40163,596,117718,10309,530,567,317,704,5516,2860,5223,16539,25929,2258,1617,5654,5240,126,847,83,268,251,1693,7105,4393,20404,4561,156,60,570,3259,3188,26,3606,83,5,7633,10615,212,436,152,27,853,8237,22569,503,1179,2286,2314,205,478,5506,142,508,424,631,1886,3692,325,7370,200,411,1908,469,33289,51065,5723,1999,1191,2727,6024,78,2258,1088,1179,1328,412,1931,2177,2793,635,1124,5726,93,1320,1244,48,1328,906,123,2343,815,7098,155554,8423,243,23697,38269,4428,32551,2329,1135,4479,1907,2363,96,3902,7343,9099,679,5303,35681,1881,34058,161,694,955,6657,515,60219,1748,5792,2349,621,2374,179,131,31090,5266,2682,14788,6432,12578,28884,195,5482,5736,1889,3673,29212,722,482,81,175,81,21,2155,572,1109,10128,4034,492,4366,37065,2314,392,2420,4983,3854,2818,4701,5307,6581,85,247,86,1696,108,2008,931,772,369,10,10,713,487,2113,11250,5952,40206,3164,20512,32517,12113,23837,15625,27954,237,25115,32411,9241,9803,25246,17737,4391,1117,499,409,18,1280,1917,205,97,52,48,3893,281,25542,7128,7505,646,144791,31507,3766,21667,13563,1653,578,31061,14248,38938,2423,41490,98,40668,190,283,1163,99,553,1555,326,5750,2421,64,1242,1137,1116,1685,847,4037,1975,88,291,6381,4679,2300,3178,2736,484,1461,1362,759,495,428,317,1642,4564,978,639,1578,3817,2738,7997,21449,6024,3535,3561,1724,1375,1125,1093,1458,817,47,8845,910,2649,5956,570,2328,907,4742,2872,1814,1551,1621,167,722,653,4167,3006,1598,1361,1226,2945,2631,1709,1050,1868,4045,26,35,695,1450,1125,679,13881,669,9655,52,247,132,6329,859,7774,7385,7750,153,3065,551,158,1880,3178,69149,812,2121,3391,1191,60,3084,128,1724,1725,23385,6906,10172,1715,223,246,541,42,331,979,1327,2136,1370,4784,1052,738,1843,70252,289,2566,110830,652,6761,1595,9821,7821,2849,495,780,5772,1274,1814,1895,538,448,142,65180,2556,1806,1753,571,1788,1947,27484,327,17035,1501,163,29762,8790,25,528,5896,1210,373,8874,1233,1268,426,5588,1619,32529,1579,1056,1231,1745,1085,1232,1524,1503,998,94,1419,114,2843,365,410,172,448,622,256,802,27800,1017,7341,3544,648,845,1343,530,33083,374,11872,1796,10015,2811,84,2622,19,39933,6931,11642,44096,1190,18234,166,545,665,1640,919,1598,1328,1569,5547,1620,9,155,1733,51,178,3264,3217,35,323,198,27080,30157,24655,6483,30134,4753,651,56415,78087,10966,30583,60061,74358,244,85,1099,1048,535,1478,1062,852,482,937,7311,0.0,0.0,0.0,0.0,0.0,0.0,0.0,0.0,0.0,0.0,0.0,0.0,0.0,0.0,0.0,0.0,0.0,0.0,0.0,0.0,0.0,0.0,0.0,0.0,0.0,0.0,0.0,0.0,0.0,0.0,0.0,0.0,0.0,0.0,0.0,0.0,0.0,0.0,0.0,0.0,0.0,0.0,0.0,0.0,0.0,0.0,0.0,0.0,0.0,0.0,0.0,0.0,0.0,0.0,0.0,0.0,0.0,0.0,0.0,0.0,0.0,0.0,0.0,0.0,0.0,0.0,0.0,0.0,0.0,0.0,0.0,0.0,0.0,0.0,0.0,0.0,0.0,0.0,0.0,0.0,0.0,0.0,0.0,0.0,0.0,0.0,0.0,0.0,0.0,0.0,0.0,0.0,0.0,0.0,0.0,0.0,0.0,0.0,0.0,0.0,0.0,0.0,0.0,0.0,0.0,0.0,0.0,0.0,0.0,0.0,0.0,0.0,0.0,0.0,0.0,0.0,0.0,0.0,0.0,0.0,0.0,0.0,0.0,0.0,0.0,0.0,0.0,0.0,0.0,0.0,0.0,0.0,0.0,0.0,0.0,0.0,0.0,0.0,0.0,0.0,0.0,0.0,0.0,0.0,0.0,0.0,0.0,0.0,0.0,0.0
ENCFF007MEI,0.16784499629236194,44508,150,5047,30892,864,132647,7081,343,817,415,623,3748,7298,13544,16502,49934,5568,707,6589,8758,216,1318,292,78,64,694,410,5098,21924,5679,500,268,739,2657,2258,34,2900,38,6,10538,20510,73,1061,46,119,797,8364,16717,21,866,1534,2023,793,737,10596,272,554,536,94,1283,1980,529,11514,437,305,60,9,59425,69428,14562,1445,1066,1625,7851,498,1738,802,1127,1310,294,1365,1576,6589,627,796,5356,106,1198,764,24,3178,197,57,3252,1542,17671,273763,16375,128,49356,68050,4271,58432,1509,899,8230,2079,2107,11,4024,11843,11588,202,6166,77327,3517,35334,568,2207,2429,13641,985,40227,1702,9343,4948,1164,4228,1550,148,48340,21069,99,17777,11433,15245,55274,24,5745,4098,1631,5682,39852,605,352,195,181,169,50,3516,476,653,15432,7797,1836,6065,35057,3872,1735,1702,1246,1216,4076,5678,4983,9017,135,131,66,1390,28,2417,968,1673,138,11,12,634,1103,1396,27792,14462,67362,3571,43861,44234,19586,31670,24675,48249,505,45396,53306,16475,16439,35845,26949,8103,1194,25,992,74,629,1252,255,78,130,33,5774,547,35801,15087,19129,144,244002,52495,4723,41811,28115,1748,633,57530,25448,70875,5689,67276,229,70054,39,381,881,32,455,1273,286,5208,3637,21,908,1308,851,1263,625,3473,2024,380,248,7427,4613,3324,4157,1909,406,1007,926,533,522,408,926,1550,6571,1880,595,2708,3296,2943,13066,23936,259,3668,5111,1921,1096,804,881,1364,682,210,13847,706,1215,8311,555,2364,645,6460,1504,1305,826,1246,131,786,875,3533,3176,1105,1345,1095,4089,2237,995,1138,1259,5434,256,136,580,905,629,426,29649,89,20931,88,898,33,10366,1175,13596,10156,12775,39,4312,243,360,1512,6203,92608,1079,3505,3169,1963,32,3807,324,175,1062,18824,8276,3641,2251,414,1481,170,9,63,974,1157,5938,722,9345,762,749,2293,55436,487,2942,234423,807,10133,1457,8016,510,3625,545,37,5742,1084,1416,1565,607,637,373,1447,1669,1338,1477,481,1517,1828,38751,126,15127,3430,34,39918,11485,62,458,7523,1581,40,10025,1134,1655,503,4326,1502,30749,3436,823,1161,1639,791,1849,1162,3048,637,28,2458,73,2310,142,14,308,567,415,990,882,33175,2196,11789,6007,1414,654,1169,167,66731,90,22361,2162,21188,2151,588,4959,10,36000,7144,13496,58946,2545,16716,292,248,540,1213,663,1464,988,1905,6645,1425,41,295,1429,30,20,7059,6878,246,122,274,36200,55503,41515,9519,53376,5947,496,90607,125991,18247,58623,92399,118819,471,320,1075,1013,280,1181,1922,464,1287,884,10478,0.0,0.0,0.0,0.0,0.0,0.0,0.0,0.0,0.0,0.0,0.0,0.0,0.0,0.0,0.0,0.0,0.0,0.0,0.0,0.0,0.0,0.0,0.0,0.0,0.0,0.0,0.0,0.0,0.0,0.0,0.0,0.0,0.0,0.0,0.0,0.0,0.0,0.0,0.0,0.0,0.0,0.0,0.0,0.0,0.0,0.0,0.0,0.0,0.0,0.0,0.0,0.0,0.0,0.0,0.0,0.0,0.0,0.0,0.0,0.0,0.0,0.0,0.0,0.0,0.0,0.0,0.0,0.0,0.0,0.0,0.0,0.0,0.0,0.0,0.0,0.0,0.0,0.0,0.0,0.0,0.0,0.0,0.0,0.0,0.0,0.0,0.0,0.0,0.0,0.0,0.0,0.0,0.0,0.0,0.0,0.0,0.0,0.0,0.0,0.0,0.0,0.0,0.0,0.0,0.0,0.0,0.0,0.0,0.0,0.0,0.0,0.0,0.0,0.0,0.0,0.0,0.0,0.0,0.0,0.0,0.0,0.0,0.0,0.0,0.0,0.0,0.0,0.0,0.0,0.0,0.0,0.0,0.0,0.0,0.0,0.0,0.0,0.0,0.0,0.0,0.0,0.0,0.0,0.0,0.0,0.0,0.0,0.0,0.0,0.0
ENCFF830AJL,0.08892251674628379,12858,76,226,1597,15,2145,301,12,16,8,18,161,118,323,604,676,119,18,276,263,10,14,3,4,7,46,1059,172,972,170,10,44,42,81,87,35,84,2,2,362,487,4,36,2,37,28,257,1025,185,18,46,67,16,21,335,5,10,23,10,27,56,31,477,24,43,257,5,2152,2091,292,47,29,264,256,16,56,20,46,38,11,37,52,154,15,16,145,1,31,22,0,57,14,2,86,66,878,7395,443,30,1185,1684,123,1472,84,18,226,79,83,1,104,388,293,17,187,1570,109,1022,9,57,63,408,15,1286,60,255,124,47,92,19,6,1214,423,599,972,322,643,1106,165,219,178,58,255,1754,28,134,1,5,1,2,91,10,30,447,166,26,228,1613,148,22,53,59,42,120,182,157,257,2,8,5,45,0,81,25,110,79,18,3,57,36,57,643,308,2078,94,1269,1292,703,1230,652,1262,11,1238,1458,541,366,1026,760,319,38,216,53,9,22,43,6,4,2,2,188,12,1696,579,351,14,15815,1812,273,1131,900,56,30,1933,986,2643,114,1802,12,1698,1,15,36,4,10,39,14,168,103,0,37,42,17,47,24,110,49,29,12,199,130,103,158,64,14,28,43,12,16,12,28,40,281,51,16,78,117,87,564,2108,585,96,169,56,41,34,21,39,28,10,327,12,35,248,17,86,21,180,46,48,16,41,40,18,56,110,115,30,43,25,108,66,35,45,53,184,3,7,16,19,24,23,684,25,409,1,26,7,240,26,334,281,345,1,112,5,11,100,155,3266,73,159,107,55,66,122,6,12,30,748,310,145,67,2,11,8,1,2,30,69,118,28,149,28,20,57,1996,55,82,5223,30,227,47,244,1107,126,14,459,1144,34,42,40,16,13,21,5183,68,40,46,34,38,70,1092,2,476,101,4,1142,350,3,8,277,30,2,291,46,70,10,140,60,1071,140,140,30,59,22,64,38,56,35,2,46,1,77,9,2,9,111,40,24,43,1004,47,416,215,41,26,40,19,1380,89,711,229,493,39,20,121,1,1455,313,528,2238,193,700,23,21,13,90,86,43,26,70,394,52,2,91,45,0,1,149,155,0,225,12,1026,1844,1400,404,1502,201,55,2717,4107,634,1945,3065,3473,11,8,35,34,8,33,68,13,20,40,286,0.0,0.0,0.0,0.0,0.0,0.0,0.0,0.0,0.0,0.0,0.0,0.0,0.0,0.0,0.0,0.0,0.0,0.0,0.0,0.0,0.0,0.0,0.0,0.0,0.0,0.0,0.0,0.0,0.0,0.0,0.0,0.0,0.0,0.0,0.0,0.0,0.0,0.0,0.0,0.0,0.0,0.0,0.0,0.0,0.0,0.0,0.0,0.0,0.0,0.0,0.0,0.0,0.0,0.0,0.0,0.0,0.0,0.0,0.0,0.0,0.0,0.0,0.0,0.0,0.0,0.0,0.0,0.0,0.0,0.0,0.0,0.0,0.0,0.0,0.0,0.0,0.0,0.0,0.0,0.0,0.0,0.0,0.0,0.0,0.0,0.0,0.0,0.0,0.0,0.0,0.0,0.0,0.0,0.0,0.0,0.0,0.0,0.0,0.0,0.0,0.0,0.0,0.0,0.0,0.0,0.0,0.0,0.0,0.0,0.0,0.0,0.0,0.0,0.0,0.0,0.0,0.0,0.0,0.0,0.0,0.0,0.0,0.0,0.0,0.0,0.0,0.0,0.0,0.0,0.0,0.0,0.0,0.0,0.0,0.0,0.0,0.0,0.0,0.0,0.0,0.0,0.0,0.0,0.0,0.0,0.0,0.0,0.0,0.0,0.0
ENCFF000OHV,0.17606516058622343,43913,498,2588,23216,676,93196,5048,216,531,236,2157,7803,4209,8181,12875,30755,2995,453,5170,4901,140,672,71,84,88,685,1714,2443,20860,3533,218,128,419,1395,1308,47,1578,25,297,9091,9265,72,493,38,153,559,4621,13460,227,426,726,1081,424,279,5226,161,314,343,159,834,4514,308,8775,232,277,425,1243,34292,36414,5812,870,512,1166,6543,261,953,420,609,638,166,731,974,2824,350,395,2581,16,667,390,23,1187,746,57,936,927,11978,129850,8287,69,22140,31620,2090,26802,864,486,4276,1221,1270,36,2307,5846,5797,123,4185,25616,2427,32945,559,2166,1926,7037,975,41328,987,4730,2584,611,2240,418,126,27456,11837,1360,19319,7335,13804,22750,291,5614,3518,867,2896,26494,237,434,78,124,50,53,1872,464,3341,8109,4091,626,3484,23852,2383,397,915,1294,1091,2343,3367,2995,4926,70,140,68,770,32,1350,499,759,292,24,0,472,618,767,11464,5712,34517,1769,24197,27064,10772,21861,10078,20661,264,21528,25658,8434,7369,18281,15015,4748,665,419,689,128,376,676,190,100,37,76,3613,334,32877,8255,11420,226,186021,28872,2639,21561,17549,935,959,30470,14061,41475,4332,35384,139,35342,102,263,3281,2671,245,750,202,2802,1950,42,485,756,429,655,365,1910,1110,207,215,3675,2391,1689,2384,915,226,514,546,283,301,224,443,844,3754,993,295,1434,1847,1637,6847,13206,939,1867,2390,925,637,461,482,691,335,104,6238,383,724,4293,280,1208,323,3023,809,722,392,698,199,351,451,1795,1637,589,637,566,1980,1146,629,611,707,2977,33,43,346,485,543,322,11888,168,7878,36,420,77,5278,668,5686,5908,6962,53,2332,214,138,1216,3325,52629,610,1723,1544,828,74,2046,258,605,585,11465,7724,14350,1144,58,193,114,28,118,461,1157,2126,436,3116,388,442,1315,35292,329,1560,98078,464,4789,702,4343,1744,2107,264,789,3980,599,800,882,287,350,259,9432,936,715,832,307,865,1061,20275,125,8047,1796,33,21577,7032,18,260,4515,741,125,4914,579,1058,293,2406,855,11498,2073,584,660,850,390,843,664,1072,667,37,860,43,1667,108,30,191,443,401,753,658,21726,2079,6314,4417,1264,358,715,253,30264,212,12738,1435,10023,1208,329,2247,354,23513,4391,7975,33501,1016,11018,171,238,308,739,589,857,524,1031,6272,825,36,302,787,25,74,3172,3335,7,357,209,20527,30855,23267,5853,28968,3354,390,50079,71421,9838,31834,50965,63510,277,160,544,520,184,656,1106,287,391,555,5437,0.0,0.0,0.0,0.0,0.0,0.0,0.0,0.0,0.0,0.0,0.0,0.0,0.0,0.0,0.0,0.0,0.0,0.0,0.0,0.0,0.0,0.0,0.0,0.0,0.0,0.0,0.0,0.0,0.0,0.0,0.0,0.0,0.0,0.0,0.0,0.0,0.0,0.0,0.0,0.0,0.0,0.0,0.0,0.0,0.0,0.0,0.0,0.0,0.0,0.0,0.0,0.0,0.0,0.0,0.0,0.0,0.0,0.0,0.0,0.0,0.0,0.0,0.0,0.0,0.0,0.0,0.0,0.0,0.0,0.0,0.0,0.0,0.0,0.0,0.0,0.0,0.0,0.0,0.0,0.0,0.0,0.0,0.0,0.0,0.0,0.0,0.0,0.0,0.0,0.0,0.0,0.0,0.0,0.0,0.0,0.0,0.0,0.0,0.0,0.0,0.0,0.0,0.0,0.0,0.0,0.0,0.0,0.0,0.0,0.0,0.0,0.0,0.0,0.0,0.0,0.0,0.0,0.0,0.0,0.0,0.0,0.0,0.0,0.0,0.0,0.0,0.0,0.0,0.0,0.0,0.0,0.0,0.0,0.0,0.0,0.0,0.0,0.0,0.0,0.0,0.0,0.0,0.0,0.0,0.0,0.0,0.0,0.0,0.0,0.0
ENCFF388VLM,0.22132355705468867,33403,507,5066,111669,1468,417734,12263,836,647,284,723,7226,5645,15914,66307,140396,4152,859,10193,6021,111,687,67,90,103,1581,342,7681,120074,4604,200,75,781,6217,5372,65,5694,30,11,11051,13099,79,452,82,118,1384,12887,66219,35,1243,3022,4345,341,235,5570,129,440,310,212,885,3712,2219,59719,928,1258,117,193,121193,64542,5638,3715,2403,3446,5005,191,3924,1729,2551,2795,747,3325,3710,4151,1216,2041,9777,26,2653,2185,38,1338,267,51,2147,2838,66554,228207,10865,165,28966,48202,6671,40770,3976,1974,4196,1258,1593,29,3043,7007,7798,993,6955,31960,5289,107791,658,2976,3117,10102,1350,186010,3846,6371,2480,424,2261,183,175,28069,19419,296,101741,17854,14130,26663,37,8395,10792,3652,4821,122428,1349,157,312,106,35,68,2540,468,651,11842,4066,668,6316,114158,8375,326,3872,4473,6348,4501,3946,3873,5594,38,100,86,3228,42,3777,1875,2016,443,13,24,1204,600,3824,12883,7065,49677,4755,49269,53893,22615,97309,23784,47212,956,33872,44068,9980,9605,34420,20259,10341,1740,66,1743,129,1895,3489,121,28,49,163,4365,420,121359,23472,36757,429,360696,64980,6304,40406,96291,1198,586,64079,34053,146338,8522,41193,86,38650,15,366,1060,74,959,2918,306,9375,3118,16,2277,2158,1776,3075,1435,7478,3989,122,380,10200,6760,3299,2895,4449,942,2302,2504,1350,938,770,300,3576,8449,3403,1112,2926,6405,5393,30187,203582,304,6132,3376,3162,2562,2062,2149,2933,1604,44,12481,1498,3580,7784,1006,3822,1629,6342,3741,3297,2184,2989,132,1467,884,6596,5774,2514,2791,2393,3777,4031,3012,2100,3146,7644,31,23,1324,2282,484,491,15244,303,9840,21,477,50,9058,762,8337,7841,13801,66,3845,99,90,4996,3555,270088,553,2410,4908,1486,23,6279,120,607,1527,28245,13496,7216,1791,35,140,140,16,64,2052,2145,2397,2024,4759,1837,1376,8574,203148,490,4183,123794,1321,9156,2924,16307,701,5497,891,93,4505,2291,3488,3598,1126,992,270,2331,4146,3206,3586,812,3601,3870,34627,37,24231,1869,53,29559,8322,42,514,6717,1668,34,13489,2427,828,138,8528,3052,51258,8187,474,2132,3385,1570,1931,2922,1193,1981,43,738,70,3448,151,29,104,123,3215,944,1574,97730,3364,23283,11153,2221,1093,866,355,28085,65,16044,3066,10834,1908,168,2787,31,39012,7526,13036,54246,7542,69217,463,825,1146,2723,1521,3138,2428,2667,18933,3104,22,209,3083,40,46,3750,3514,74,80,92,31599,54188,53953,11824,40232,5427,3004,118164,117121,22559,59773,86764,99308,843,162,2083,1901,745,2713,760,386,262,900,8738,0.0,0.0,0.0,0.0,0.0,0.0,0.0,0.0,0.0,0.0,0.0,0.0,0.0,0.0,0.0,0.0,0.0,0.0,0.0,0.0,0.0,0.0,0.0,0.0,0.0,0.0,0.0,0.0,0.0,0.0,0.0,0.0,0.0,0.0,0.0,0.0,0.0,0.0,0.0,0.0,0.0,0.0,0.0,0.0,0.0,0.0,0.0,0.0,0.0,0.0,0.0,0.0,0.0,0.0,0.0,0.0,0.0,0.0,0.0,0.0,0.0,0.0,0.0,0.0,0.0,0.0,0.0,0.0,0.0,0.0,0.0,0.0,0.0,0.0,0.0,0.0,0.0,0.0,0.0,0.0,0.0,0.0,0.0,0.0,0.0,0.0,0.0,0.0,0.0,0.0,0.0,0.0,0.0,0.0,0.0,0.0,0.0,0.0,0.0,0.0,0.0,0.0,0.0,0.0,0.0,0.0,0.0,0.0,0.0,0.0,0.0,0.0,0.0,0.0,0.0,0.0,0.0,0.0,0.0,0.0,0.0,0.0,0.0,0.0,0.0,0.0,0.0,0.0,0.0,0.0,0.0,0.0,0.0,0.0,0.0,0.0,0.0,0.0,0.0,0.0,0.0,0.0,0.0,0.0,0.0,0.0,0.0,0.0,0.0,0.0
ENCFF988AMT,0.1571447775384037,1396548,8163,20761,108352,1376,212184,30077,1128,1346,1131,4781,17301,9421,19541,62486,73943,10557,1951,24031,22094,898,3342,384,352,438,3930,106614,11279,99761,16160,1224,4334,3261,6188,5583,2503,7468,179,507,40169,48096,199,2731,174,2912,2511,21470,72404,16668,1861,3645,4525,2470,2148,35532,853,1609,1575,1559,3198,9538,1441,43357,948,3070,33891,2117,176706,186021,39290,3649,2294,26120,31311,1270,4282,1657,2518,3016,718,3114,3986,15789,1418,1692,12380,81,2753,1566,69,7802,995,195,6458,4352,49990,736000,46624,345,123307,184792,9266,160148,4100,2056,26214,7702,8702,85,16328,36807,37852,933,17601,155662,7116,75940,887,3747,5095,35926,1676,90894,4283,24387,12061,3923,12384,1519,778,147483,29553,70031,74020,20235,76793,123564,19691,18556,14084,4234,26653,139054,2263,18082,267,505,364,186,9659,1238,7271,39308,20703,2909,17814,110944,10045,2052,3964,8881,9755,12347,18173,15597,37207,219,652,219,3178,113,5626,1865,7487,18659,1747,25,8773,3192,3506,68559,30892,239086,8017,107341,130922,57401,102659,51972,100214,1053,126543,146038,57758,40496,106454,80341,31597,3446,24064,3325,340,1652,2861,770,257,1088,319,16825,985,135517,41254,26152,1319,1670532,155821,26271,114455,76102,5362,2947,158796,79842,207436,8670,213230,620,219136,282,1546,5629,3845,913,3388,2020,14348,10877,272,2094,2925,1836,2907,1277,8806,5025,4143,948,17936,12881,7746,17723,4001,995,2002,2384,1146,1122,862,3214,3339,20730,3915,1241,6819,8510,7493,40542,96951,63207,8319,19425,4735,2927,2240,1974,2962,1642,1840,45239,1587,2813,25853,1162,5694,1300,18285,3395,3261,1860,2912,3147,1435,3741,7936,7929,2474,2905,2453,10695,5294,2619,2516,3023,13357,124,117,1317,1981,3168,968,69823,819,47643,76,2211,298,27973,3948,37338,27236,31308,121,11908,339,856,7771,18147,204483,10297,18665,9172,4507,6084,9782,1026,1456,4604,63532,28910,24897,6569,181,1215,492,52,203,2166,4041,10928,2149,15250,1543,1511,8977,148515,6028,7253,537447,3171,24777,3179,19103,121321,9265,957,55077,135216,2493,3668,3840,1111,1339,2557,614746,4278,3212,3838,2486,3857,4443,109083,295,39549,9939,297,121905,31727,164,1338,24961,5688,196,24205,2637,7853,1300,11478,3784,43461,9408,23238,2362,3770,1327,4173,2797,6465,3885,128,4467,209,7945,2449,86,748,13948,3704,1822,3471,103458,3418,28805,14806,2687,1944,4022,843,177145,8952,82209,24327,55556,6483,1175,12102,503,137909,26510,46776,236014,7099,56513,2450,1976,1174,8644,7920,3958,2306,6462,36950,3481,183,12387,3267,209,169,18798,18737,136,22424,1032,109572,165718,117642,29281,149786,17593,2921,252022,391485,50848,164165,274149,337866,1059,769,2430,2131,672,2666,7457,1171,2038,3002,25511,0.0,0.0,0.0,0.0,0.0,0.0,0.0,0.0,0.0,0.0,0.0,0.0,0.0,0.0,0.0,0.0,0.0,0.0,0.0,0.0,0.0,0.0,0.0,0.0,0.0,0.0,0.0,0.0,0.0,0.0,0.0,0.0,0.0,0.0,0.0,0.0,0.0,0.0,0.0,0.0,0.0,0.0,0.0,0.0,0.0,0.0,0.0,0.0,0.0,0.0,0.0,0.0,0.0,0.0,0.0,0.0,0.0,0.0,0.0,0.0,0.0,0.0,0.0,0.0,0.0,0.0,0.0,0.0,0.0,0.0,0.0,0.0,0.0,0.0,0.0,0.0,0.0,0.0,0.0,0.0,0.0,0.0,0.0,0.0,0.0,0.0,0.0,0.0,0.0,0.0,0.0,0.0,0.0,0.0,0.0,0.0,0.0,0.0,0.0,0.0,0.0,0.0,0.0,0.0,0.0,0.0,0.0,0.0,0.0,0.0,0.0,0.0,0.0,0.0,0.0,0.0,0.0,0.0,0.0,0.0,0.0,0.0,0.0,0.0,0.0,0.0,0.0,0.0,0.0,0.0,0.0,0.0,0.0,0.0,0.0,0.0,0.0,0.0,0.0,0.0,0.0,0.0,0.0,0.0,0.0,0.0,0.0,0.0,0.0,0.0
ENCFF000WZQ,0.09751068288145437,24005,99,2057,19013,588,71372,4241,139,236,193,336,1650,1921,2766,6251,16674,1650,340,3039,3988,108,413,63,23,34,478,397,1947,18490,2361,175,112,273,1032,961,20,1111,10,6,4554,7043,30,448,13,30,376,3620,13612,54,334,532,776,286,263,4381,117,242,238,101,484,824,94,4524,119,525,103,23,23147,27337,4630,546,378,685,3342,145,737,321,479,530,126,542,652,2535,245,342,1918,18,500,231,24,848,340,29,881,700,4483,107116,6969,57,18267,25941,1483,22288,1269,322,3955,1244,1415,18,2224,5187,5302,140,2744,22178,1581,23154,430,1847,1632,6221,824,29552,800,4078,2140,528,1880,320,99,20742,4731,536,10206,2890,9116,18466,121,2465,1643,627,2115,14292,358,164,40,79,34,30,1411,233,286,6804,3387,515,2352,18463,1616,348,626,643,547,1733,2888,2651,3543,39,312,45,591,10,1019,346,832,229,14,6,302,486,577,10073,4647,28396,1342,17053,21259,8311,15166,8245,16564,150,17593,20460,7024,5865,13929,11155,3335,480,99,409,33,247,498,145,49,19,36,2263,130,16138,6367,4831,200,98758,20800,1837,16102,8643,709,387,22354,10193,27505,2785,27996,104,28942,32,239,444,49,184,543,165,2118,1361,26,356,524,339,477,233,1446,841,148,151,2799,1939,1211,2030,647,155,330,400,202,202,166,342,624,2885,637,199,1192,1370,1237,5387,11009,317,1353,2162,754,511,381,339,541,341,85,4649,279,452,3286,193,1117,223,2337,566,580,303,501,149,295,350,1340,1362,434,531,400,1464,856,411,493,532,1998,20,34,248,356,673,238,9324,112,6789,29,389,68,4182,494,4781,4508,3942,23,1716,86,130,599,2467,26956,384,1156,1298,690,18,1497,131,227,417,8556,3507,1709,957,65,252,116,9,46,379,1754,2052,330,2552,271,282,769,22923,247,1131,83193,309,3557,549,3061,524,1619,155,186,2595,449,590,631,202,259,154,2305,717,580,599,371,651,778,15903,57,5756,1402,15,17534,3937,19,192,3725,457,33,3925,458,1524,236,1982,658,13658,1500,399,450,609,262,675,450,860,105,6,598,10,1181,175,18,108,261,188,428,386,12202,1634,4838,3547,886,280,587,137,25286,89,10011,1021,8167,890,210,1832,12,19761,3662,6688,27589,1085,9493,128,125,226,431,241,663,439,799,4528,539,23,178,593,28,31,2753,2725,10,129,135,15896,24266,17120,4451,22592,2554,156,38144,55306,7164,24755,39356,50407,154,117,401,377,106,449,1112,170,371,471,4360,0.0,0.0,0.0,0.0,0.0,0.0,0.0,0.0,0.0,0.0,0.0,0.0,0.0,0.0,0.0,0.0,0.0,0.0,0.0,0.0,0.0,0.0,0.0,0.0,0.0,0.0,0.0,0.0,0.0,0.0,0.0,0.0,0.0,0.0,0.0,0.0,0.0,0.0,0.0,0.0,0.0,0.0,0.0,0.0,0.0,0.0,0.0,0.0,0.0,0.0,0.0,0.0,0.0,0.0,0.0,0.0,0.0,0.0,0.0,0.0,0.0,0.0,0.0,0.0,0.0,0.0,0.0,0.0,0.0,0.0,0.0,0.0,0.0,0.0,0.0,0.0,0.0,0.0,0.0,0.0,0.0,0.0,0.0,0.0,0.0,0.0,0.0,0.0,0.0,0.0,0.0,0.0,0.0,0.0,0.0,0.0,0.0,0.0,0.0,0.0,0.0,0.0,0.0,0.0,0.0,0.0,0.0,0.0,0.0,0.0,0.0,0.0,0.0,0.0,0.0,0.0,0.0,0.0,0.0,0.0,0.0,0.0,0.0,0.0,0.0,0.0,0.0,0.0,0.0,0.0,0.0,0.0,0.0,0.0,0.0,0.0,0.0,0.0,0.0,0.0,0.0,0.0,0.0,0.0,0.0,0.0,0.0,0.0,0.0,0.0
ENCFF584LXI,0.1682904731698116,149873,445,6574,73468,1507,169716,8212,485,865,440,697,5691,8486,18394,37459,60083,6232,659,9618,9059,202,936,120,89,75,1372,9409,5790,55599,5285,365,525,719,3167,2742,253,3015,68,21,12217,15886,144,942,141,133,763,9418,44833,1187,818,1979,2604,664,432,8295,232,444,611,128,967,2388,802,27208,535,366,2778,89,91283,82245,9401,1899,1208,3503,6215,386,2136,947,1428,1598,354,1830,1880,5391,826,1040,6631,25,1581,923,38,1663,216,24,1588,2216,37384,264009,14882,188,39429,57257,4250,49907,1848,1209,7057,2142,2368,27,4052,10233,10391,228,7930,45439,4736,64627,1165,4188,4323,13107,1872,99698,2559,8494,4293,984,3581,602,265,38528,25262,5254,55337,16655,13017,38015,1793,7790,6345,2011,6268,92400,646,1551,224,191,69,45,3039,516,774,16867,6556,1051,5916,74287,6175,617,2005,1073,979,4872,5868,5017,6916,76,260,43,1879,44,3187,1081,1233,135,211,26,1349,1093,1738,21185,10026,65881,3787,49587,53827,23481,57490,21838,46661,474,41433,50163,15969,12929,33891,26363,8265,1554,2092,1205,107,917,1659,212,143,33,75,5920,583,66007,20574,24007,275,298241,59763,6722,40983,49070,1500,848,66796,30975,104219,9061,55916,256,55574,80,452,1004,143,535,1610,305,6332,3203,71,1221,1634,1099,1602,797,3937,2387,344,345,7570,4499,3389,3638,2172,621,1154,1326,627,600,447,687,1975,9175,2422,680,2920,4022,3753,20537,101884,6346,4028,4059,2210,1471,1074,1200,1785,964,195,10195,893,1505,7535,660,2593,710,6895,1991,1726,1069,1609,335,804,1080,4322,4204,1428,1666,1334,3469,2534,1362,1411,1794,7270,44,70,727,1088,687,490,20413,88,13516,48,742,129,9340,901,10069,9674,11541,38,3733,179,295,1762,5322,172570,1301,3406,3454,1705,555,4984,241,179,988,23794,11274,4915,1760,55,213,163,16,87,1256,938,3161,906,5763,913,908,3515,97774,1184,3950,180484,928,8371,1818,8970,9765,4164,569,4374,14678,1454,1673,1815,741,753,544,51331,1977,1619,1808,771,2026,2155,36455,93,16618,3300,29,35753,9776,46,405,8894,888,71,11004,1471,2066,432,4953,1926,46243,6148,2011,1393,1878,743,2135,1615,1766,847,24,1642,36,2643,293,38,246,1497,239,1260,1306,59631,4103,18080,10605,2716,900,1148,296,48056,1046,20867,4164,16881,1836,528,4169,28,40754,7982,14183,63434,11087,36686,549,218,655,2117,910,1944,1416,2576,12210,1808,96,1130,1872,28,43,5436,5578,6,1958,371,33123,66175,49693,12595,50724,6019,716,104639,136941,21974,66417,100820,115199,510,299,1418,1238,413,1500,1657,448,580,1045,10615,0.0,0.0,0.0,0.0,0.0,0.0,0.0,0.0,0.0,0.0,0.0,0.0,0.0,0.0,0.0,0.0,0.0,0.0,0.0,0.0,0.0,0.0,0.0,0.0,0.0,0.0,0.0,0.0,0.0,0.0,0.0,0.0,0.0,0.0,0.0,0.0,0.0,0.0,0.0,0.0,0.0,0.0,0.0,0.0,0.0,0.0,0.0,0.0,0.0,0.0,0.0,0.0,0.0,0.0,0.0,0.0,0.0,0.0,0.0,0.0,0.0,0.0,0.0,0.0,0.0,0.0,0.0,0.0,0.0,0.0,0.0,0.0,0.0,0.0,0.0,0.0,0.0,0.0,0.0,0.0,0.0,0.0,0.0,0.0,0.0,0.0,0.0,0.0,0.0,0.0,0.0,0.0,0.0,0.0,0.0,0.0,0.0,0.0,0.0,0.0,0.0,0.0,0.0,0.0,0.0,0.0,0.0,0.0,0.0,0.0,0.0,0.0,0.0,0.0,0.0,0.0,0.0,0.0,0.0,0.0,0.0,0.0,0.0,0.0,0.0,0.0,0.0,0.0,0.0,0.0,0.0,0.0,0.0,0.0,0.0,0.0,0.0,0.0,0.0,0.0,0.0,0.0,0.0,0.0,0.0,0.0,0.0,0.0,0.0,0.0
ENCFF485LYA,0.1471223478439498,7706,48,514,17927,311,95376,2135,86,99,41,100,868,779,2189,6435,13257,568,159,1943,1058,26,122,9,15,19,265,177,973,12441,765,45,14,117,611,681,5,692,3,0,1727,2501,11,84,16,7,233,1709,12513,17,167,458,462,60,51,2104,24,74,38,21,148,376,165,6890,167,237,48,3,14790,9478,1793,468,276,500,1427,46,465,201,243,326,79,365,505,896,154,256,1217,2,293,229,9,238,59,8,246,388,7682,36718,1854,32,5157,8513,803,7312,452,248,1132,368,325,8,923,2016,1804,40,1225,6713,657,27300,91,416,488,1617,227,44300,491,1228,528,59,447,54,20,5830,2572,77,10835,2273,2969,5983,11,1180,2249,429,772,8487,77,40,67,27,8,13,375,100,55,2316,700,86,913,16813,1178,68,456,406,253,580,744,672,1813,7,35,7,397,6,442,170,216,283,3,4,163,109,418,2867,1126,8342,629,6345,8471,3083,9398,3761,6755,90,5223,6608,2040,1730,5755,3320,1270,228,20,260,2,220,417,17,9,6,5,696,35,12891,3401,4512,87,50580,9343,915,6116,10670,196,70,9056,4727,18760,981,7179,18,6797,7,77,102,3,95,352,53,1347,747,4,267,286,234,331,155,880,525,393,50,1412,1101,412,1151,546,121,256,257,156,128,90,233,478,1502,369,137,345,797,654,3890,11816,132,783,1197,393,310,253,237,307,171,201,1804,169,479,1394,108,606,207,989,450,351,266,317,117,175,160,827,730,294,308,288,1007,489,324,250,394,1135,8,9,130,260,195,69,3243,29,2405,14,102,16,1404,136,2026,1439,1888,4,594,16,7,247,690,25171,114,342,881,224,4,775,23,117,275,5039,2307,839,250,20,177,27,8,16,221,490,557,289,1059,195,166,609,27085,84,584,23926,171,1448,343,2117,199,718,96,40,745,271,382,378,140,127,38,933,488,338,411,154,433,460,5362,13,3341,316,6,6990,1351,12,85,1089,182,6,1825,275,250,27,1094,376,10326,1103,91,227,391,175,279,309,259,47,4,147,6,523,55,21,16,33,127,123,201,9976,555,3114,1593,400,172,126,37,6238,21,3096,392,2189,271,34,491,4,7284,1156,2306,9589,480,7776,54,34,125,275,153,320,269,446,1516,341,4,28,389,6,11,608,691,5,25,26,5009,8426,7206,1703,6296,846,109,16235,18350,3150,8421,14287,15516,100,28,234,224,84,325,283,95,67,169,1379,0.0,0.0,0.0,0.0,0.0,0.0,0.0,0.0,0.0,0.0,0.0,0.0,0.0,0.0,0.0,0.0,0.0,0.0,0.0,0.0,0.0,0.0,0.0,0.0,0.0,0.0,0.0,0.0,0.0,0.0,0.0,0.0,0.0,0.0,0.0,0.0,0.0,0.0,0.0,0.0,0.0,0.0,0.0,0.0,0.0,0.0,0.0,0.0,0.0,0.0,0.0,0.0,0.0,0.0,0.0,0.0,0.0,0.0,0.0,0.0,0.0,0.0,0.0,0.0,0.0,0.0,0.0,0.0,0.0,0.0,0.0,0.0,0.0,0.0,0.0,0.0,0.0,0.0,0.0,0.0,0.0,0.0,0.0,0.0,0.0,0.0,0.0,0.0,0.0,0.0,0.0,0.0,0.0,0.0,0.0,0.0,0.0,0.0,0.0,0.0,0.0,0.0,0.0,0.0,0.0,0.0,0.0,0.0,0.0,0.0,0.0,0.0,0.0,0.0,0.0,0.0,0.0,0.0,0.0,0.0,0.0,0.0,0.0,0.0,0.0,0.0,0.0,0.0,0.0,0.0,0.0,0.0,0.0,0.0,0.0,0.0,0.0,0.0,0.0,0.0,0.0,0.0,0.0,0.0,0.0,0.0,0.0,0.0,0.0,0.0
ENCFF017KXG,0.10488050344890479,18227,73,396,1976,33,4036,423,23,25,20,44,254,179,517,1273,903,182,32,387,354,10,42,8,5,4,52,1410,235,1279,219,18,86,41,130,109,38,122,1,7,569,623,12,48,4,36,49,384,1644,233,37,74,86,25,22,487,10,21,22,13,28,122,57,1039,74,42,357,8,3621,3296,493,67,44,319,377,15,79,23,60,54,14,67,76,236,35,41,270,2,59,31,0,75,17,0,102,99,1721,11027,697,33,1861,2508,141,2280,118,42,338,96,100,4,201,533,450,12,335,2417,161,2509,30,129,130,539,45,3230,105,409,175,68,152,25,5,1840,583,770,1585,488,861,1665,260,311,222,98,344,2749,39,224,9,2,2,2,126,17,46,697,276,41,330,2070,233,29,92,76,84,195,288,281,392,1,6,2,50,1,124,41,126,104,38,1,103,58,65,941,457,3227,164,1714,1965,1001,2081,997,1845,7,1896,2253,804,559,1555,1239,466,50,322,51,17,28,60,7,3,2,2,261,17,2598,842,427,15,18852,2722,381,1851,1729,86,44,2752,1421,4284,210,2935,26,2644,6,32,58,10,30,57,23,279,150,3,46,67,43,64,32,175,100,40,13,299,205,129,192,70,24,40,48,20,22,15,47,83,392,80,21,127,174,165,878,3672,893,150,222,82,55,39,42,61,31,28,473,31,51,345,31,127,15,277,84,57,44,59,28,26,94,162,185,53,64,53,168,101,54,52,83,257,1,7,30,36,30,16,957,10,579,3,39,15,373,49,506,477,533,1,167,10,10,118,240,4779,111,205,191,85,90,184,12,28,36,1091,453,226,105,2,23,11,2,3,49,89,162,32,250,33,27,120,2701,78,152,8074,42,364,64,340,1522,172,13,589,1671,57,91,76,22,26,37,7163,76,59,69,45,72,108,1573,8,757,151,3,1762,458,0,16,385,57,6,409,46,88,17,196,78,1200,241,204,53,80,35,84,48,68,71,1,66,1,137,8,10,12,173,49,31,69,2532,101,650,390,87,31,83,16,2213,135,1002,361,786,83,19,227,3,2280,453,745,3428,299,1143,40,20,20,144,84,81,46,108,503,62,2,135,72,0,2,264,243,1,279,15,1499,3013,2187,499,2323,266,46,4851,6181,974,2978,4705,5444,11,11,48,44,9,55,107,22,36,36,417,0.0,0.0,0.0,0.0,0.0,0.0,0.0,0.0,0.0,0.0,0.0,0.0,0.0,0.0,0.0,0.0,0.0,0.0,0.0,0.0,0.0,0.0,0.0,0.0,0.0,0.0,0.0,0.0,0.0,0.0,0.0,0.0,0.0,0.0,0.0,0.0,0.0,0.0,0.0,0.0,0.0,0.0,0.0,0.0,0.0,0.0,0.0,0.0,0.0,0.0,0.0,0.0,0.0,0.0,0.0,0.0,0.0,0.0,0.0,0.0,0.0,0.0,0.0,0.0,0.0,0.0,0.0,0.0,0.0,0.0,0.0,0.0,0.0,0.0,0.0,0.0,0.0,0.0,0.0,0.0,0.0,0.0,0.0,0.0,0.0,0.0,0.0,0.0,0.0,0.0,0.0,0.0,0.0,0.0,0.0,0.0,0.0,0.0,0.0,0.0,0.0,0.0,0.0,0.0,0.0,0.0,0.0,0.0,0.0,0.0,0.0,0.0,0.0,0.0,0.0,0.0,0.0,0.0,0.0,0.0,0.0,0.0,0.0,0.0,0.0,0.0,0.0,0.0,0.0,0.0,0.0,0.0,0.0,0.0,0.0,0.0,0.0,0.0,0.0,0.0,0.0,0.0,0.0,0.0,0.0,0.0,0.0,0.0,0.0,0.0
ENCFF510QJL,0.2212117873918614,9252,154,1320,29570,378,111018,3304,231,164,83,196,1925,1432,4137,17907,36642,1104,229,2801,1521,29,190,17,29,28,454,99,2106,32014,1182,47,32,221,1612,1523,20,1543,10,1,3041,3600,16,120,23,29,349,3424,17678,12,333,791,1269,102,79,1504,38,113,82,63,239,932,561,16017,266,352,24,66,31901,17550,1522,996,650,885,1389,55,1063,452,641,786,196,869,1013,1173,360,541,2578,9,724,578,7,366,82,13,630,757,17815,61417,2867,31,7730,13052,1864,10982,1100,523,1078,374,434,14,838,1838,2179,273,1883,8672,1366,28643,169,801,776,2710,345,49828,1018,1736,643,123,613,50,35,7555,4860,81,27150,4730,4011,7163,9,2304,2994,977,1252,32527,359,39,65,39,7,17,685,132,186,3128,1114,160,1772,30391,2161,112,1068,1297,1843,1243,1063,1050,1541,11,28,26,880,12,1025,537,531,176,6,5,265,152,994,3541,1913,13618,1301,13044,14570,6059,25622,6444,12658,250,9141,11873,2674,2608,9175,5376,2725,480,20,473,53,554,953,39,12,15,44,1199,103,32390,6294,9427,132,99037,17838,1793,10947,25950,292,146,17169,9332,39475,2125,11311,23,10462,3,97,246,14,268,835,96,2631,747,6,605,623,483,838,393,2105,1130,32,128,2679,1841,862,754,1197,260,619,681,390,261,221,82,955,2291,925,266,781,1767,1435,8005,52843,99,1604,904,885,645,601,560,800,471,9,3515,391,1029,2094,263,1078,437,1665,1009,908,562,846,29,387,248,1714,1524,677,725,639,1041,1059,779,565,844,2018,7,8,371,699,134,123,4059,77,2707,7,118,13,2412,194,2271,2138,3849,15,1072,29,17,1403,890,70634,161,678,1413,412,5,1639,35,163,404,7804,3686,2079,490,8,52,34,11,22,573,603,618,615,1289,482,370,2344,53942,132,1128,32991,350,2536,804,4373,203,1502,246,33,1241,643,1001,998,305,266,71,639,1151,895,952,226,982,1080,9346,16,6489,528,13,8172,2281,13,133,1803,446,12,3735,672,204,35,2365,807,13515,2145,108,550,954,438,474,767,270,590,14,187,18,933,39,8,36,30,885,240,401,26211,865,6151,2888,575,276,228,86,7562,13,4294,795,2916,549,49,745,6,10621,2010,3459,14504,1750,18585,105,214,327,703,406,839,680,693,5261,852,2,55,899,19,17,1026,938,17,29,39,8555,14632,14372,3181,11204,1464,835,31489,31826,6107,16042,23307,26878,208,39,557,481,212,765,207,106,66,237,2341,0.0,0.0,0.0,0.0,0.0,0.0,0.0,0.0,0.0,0.0,0.0,0.0,0.0,0.0,0.0,0.0,0.0,0.0,0.0,0.0,0.0,0.0,0.0,0.0,0.0,0.0,0.0,0.0,0.0,0.0,0.0,0.0,0.0,0.0,0.0,0.0,0.0,0.0,0.0,0.0,0.0,0.0,0.0,0.0,0.0,0.0,0.0,0.0,0.0,0.0,0.0,0.0,0.0,0.0,0.0,0.0,0.0,0.0,0.0,0.0,0.0,0.0,0.0,0.0,0.0,0.0,0.0,0.0,0.0,0.0,0.0,0.0,0.0,0.0,0.0,0.0,0.0,0.0,0.0,0.0,0.0,0.0,0.0,0.0,0.0,0.0,0.0,0.0,0.0,0.0,0.0,0.0,0.0,0.0,0.0,0.0,0.0,0.0,0.0,0.0,0.0,0.0,0.0,0.0,0.0,0.0,0.0,0.0,0.0,0.0,0.0,0.0,0.0,0.0,0.0,0.0,0.0,0.0,0.0,0.0,0.0,0.0,0.0,0.0,0.0,0.0,0.0,0.0,0.0,0.0,0.0,0.0,0.0,0.0,0.0,0.0,0.0,0.0,0.0,0.0,0.0,0.0,0.0,0.0,0.0,0.0,0.0,0.0,0.0,0.0
ENCFF592GJW,0.06085520961132464,1213474,2856,15545,495,3,8473,1540,36,184,76,785,527,87,417,56,8,1111,308,1722,3100,132,356,60,89,1,123,24527,670,231,1381,396,3865,806,370,256,1337,468,18,1,4454,5110,7,505,0,1262,60,1343,106,9116,123,154,277,174,482,76144,98,186,95,64,369,300,2,14,34,106,3086,2,17782,45470,23289,197,113,17224,4599,159,208,117,140,186,23,179,163,2018,69,91,666,31,160,97,37,1146,11,0,427,153,71,105457,5118,17,58363,22798,533,20246,241,104,2630,837,869,0,50664,23989,8620,199,3393,43511,109,4183,1,0,179,3596,0,83,183,4404,2154,350,1497,147,25,13091,880,17606,152,561,5820,30173,34196,2331,127,200,9787,899,66,8233,7,52,63,6,907,96,204,6109,1923,379,1209,576,309,880,179,321,276,820,1436,1182,20539,51,36,0,160,1,359,127,642,425,856,1,7062,236,163,11995,4177,59377,814,9550,13664,5607,4097,7466,23723,59,18954,19858,7810,6829,18568,42740,3186,216,742,125,10,81,174,70,54,14,1,2925,6,5233,2900,8,14,200907,11213,3458,13517,461,407,564,13226,6019,8913,74,21479,47,23319,35,70,1027,4,48,160,117,845,936,0,140,180,101,151,86,454,272,6791,73,2091,948,734,4150,210,55,100,138,55,61,41,1566,194,1975,1017,84,570,544,412,706,193,33029,595,19099,374,122,110,105,153,89,587,3733,148,127,2164,56,467,78,1374,190,154,101,126,36,97,1729,491,399,149,213,101,2012,438,134,132,146,807,168,4,59,125,155,9,12820,7,9695,10,260,8,2176,304,13240,4745,2589,0,1059,32,86,32,1572,9716,870,5616,10673,501,268,509,57,19,296,5515,1852,632,576,41,639,37,0,5,124,39,1237,65,1130,99,77,109,374,3070,373,69882,459,3373,169,1104,28213,581,77,30101,87159,153,157,184,73,56,274,496005,195,142,188,243,176,215,11812,28,3437,2012,2,58734,4145,0,110,3158,331,25,2028,142,473,144,872,162,164,136,7559,121,192,80,237,147,657,47,3,1770,7,696,49,52,94,6449,304,26,109,918,13,875,427,68,93,285,1,27072,2363,12158,677,5712,508,69,2028,7,17825,3204,3064,48498,313,319,1080,45,75,319,1589,202,133,296,536,168,11,7599,433,2,0,5605,1776,0,5223,97,9510,16788,16738,1928,14305,1906,75,17605,44899,4949,16050,29294,32355,65,137,149,110,44,164,590,110,584,208,3193,0.0,0.0,0.0,0.0,0.0,0.0,0.0,0.0,0.0,0.0,0.0,0.0,0.0,0.0,0.0,0.0,0.0,0.0,0.0,0.0,0.0,0.0,0.0,0.0,0.0,0.0,0.0,0.0,0.0,0.0,0.0,0.0,0.0,0.0,0.0,0.0,0.0,0.0,0.0,0.0,0.0,0.0,0.0,0.0,0.0,0.0,0.0,0.0,0.0,0.0,0.0,0.0,0.0,0.0,0.0,0.0,0.0,0.0,0.0,0.0,0.0,0.0,0.0,0.0,0.0,0.0,0.0,0.0,0.0,0.0,0.0,0.0,0.0,0.0,0.0,0.0,0.0,0.0,0.0,0.0,0.0,0.0,0.0,0.0,0.0,0.0,0.0,0.0,0.0,0.0,0.0,0.0,0.0,0.0,0.0,0.0,0.0,0.0,0.0,0.0,0.0,0.0,0.0,0.0,0.0,0.0,0.0,0.0,0.0,0.0,0.0,0.0,0.0,0.0,0.0,0.0,0.0,0.0,0.0,0.0,0.0,0.0,0.0,0.0,0.0,0.0,0.0,0.0,0.0,0.0,0.0,0.0,0.0,0.0,0.0,0.0,0.0,0.0,0.0,0.0,0.0,0.0,0.0,0.0,0.0,0.0,0.0,0.0,0.0,0.0
ENCFF000YCL,0.044932154126669066,4804,15,164,1780,33,3043,253,16,23,6,32,124,194,397,851,1118,161,22,205,325,11,24,5,4,5,33,370,135,1322,186,10,12,15,86,71,6,82,2,3,362,405,1,38,1,3,18,215,1159,50,35,39,58,18,10,331,6,13,11,4,34,60,11,590,15,14,134,5,2091,2137,395,44,30,112,244,14,55,19,35,47,9,36,41,156,18,29,146,0,49,19,1,63,10,1,57,58,803,6980,456,3,1199,1743,104,1510,61,26,214,52,104,1,115,441,421,5,300,1296,98,1222,27,102,94,328,52,1777,53,323,228,51,139,12,1,1344,518,141,1137,345,494,1149,49,190,130,45,146,2274,17,33,2,6,4,4,92,22,74,474,212,26,157,1684,143,16,27,48,32,114,211,179,263,4,10,0,37,1,76,40,138,244,7,1,33,28,32,652,269,1891,102,1263,1425,624,1574,629,1196,12,1219,1456,434,393,1207,770,241,46,92,35,4,22,34,3,7,1,1,219,17,1590,546,431,8,10944,1427,168,1170,1101,43,38,1549,778,2466,206,1869,5,1868,1,10,42,17,11,33,6,156,78,14,27,37,11,32,17,101,51,10,7,142,124,80,125,68,19,23,29,14,16,15,19,44,218,49,23,66,114,75,607,1151,199,86,172,44,29,25,23,39,27,4,325,26,27,229,15,72,20,188,50,44,23,43,20,16,19,102,96,34,55,32,99,64,34,31,39,146,1,1,19,29,42,5,656,1,472,3,15,4,259,37,321,322,309,0,109,2,6,36,167,3100,43,102,90,39,13,99,8,8,21,617,303,131,63,0,11,6,1,3,27,22,93,30,131,29,28,84,2401,37,96,4982,26,211,28,179,307,103,15,137,467,29,39,35,14,14,10,1638,44,34,43,23,39,44,1045,5,450,126,1,1243,279,0,15,231,21,2,267,41,82,14,113,37,982,171,66,46,34,23,45,31,67,18,0,54,0,138,17,1,5,55,4,24,33,1305,87,480,257,98,24,49,11,1780,45,525,104,491,60,11,115,1,1282,259,415,1944,96,750,18,5,19,51,17,53,22,56,272,29,2,34,45,1,1,181,175,0,50,6,998,1691,1393,281,1370,190,25,2774,3641,551,1771,2819,3227,16,11,37,33,16,37,73,10,17,18,369,0.0,0.0,0.0,0.0,0.0,0.0,0.0,0.0,0.0,0.0,0.0,0.0,0.0,0.0,0.0,0.0,0.0,0.0,0.0,0.0,0.0,0.0,0.0,0.0,0.0,0.0,0.0,0.0,0.0,0.0,0.0,0.0,0.0,0.0,0.0,0.0,0.0,0.0,0.0,0.0,0.0,0.0,0.0,0.0,0.0,0.0,0.0,0.0,0.0,0.0,0.0,0.0,0.0,0.0,0.0,0.0,0.0,0.0,0.0,0.0,0.0,0.0,0.0,0.0,0.0,0.0,0.0,0.0,0.0,0.0,0.0,0.0,0.0,0.0,0.0,0.0,0.0,0.0,0.0,0.0,0.0,0.0,0.0,0.0,0.0,0.0,0.0,0.0,0.0,0.0,0.0,0.0,0.0,0.0,0.0,0.0,0.0,0.0,0.0,0.0,0.0,0.0,0.0,0.0,0.0,0.0,0.0,0.0,0.0,0.0,0.0,0.0,0.0,0.0,0.0,0.0,0.0,0.0,0.0,0.0,0.0,0.0,0.0,0.0,0.0,0.0,0.0,0.0,0.0,0.0,0.0,0.0,0.0,0.0,0.0,0.0,0.0,0.0,0.0,0.0,0.0,0.0,0.0,0.0,0.0,0.0,0.0,0.0,0.0,0.0
ENCFF000YBP,0.044861728921936066,913,6,112,831,12,1486,132,10,13,4,27,85,77,172,357,501,88,12,636,149,6,32,2,0,1,14,13,46,458,98,5,4,12,32,31,1,53,1,1,210,300,7,17,1,14,9,101,451,1,5,10,23,10,9,202,7,10,13,2,21,42,10,206,5,10,1,7,978,1118,217,12,12,24,162,5,22,12,4,9,3,23,22,108,8,9,49,0,15,8,1,35,2,0,34,30,306,4156,260,1,803,1042,53,952,36,15,140,28,44,0,72,175,173,2,117,795,56,578,11,59,42,215,16,850,29,153,90,10,62,10,9,853,254,13,445,173,362,739,5,112,659,17,87,762,10,15,0,1,1,0,51,9,29,256,120,13,97,876,58,9,12,26,15,91,103,83,179,2,5,1,12,3,33,9,63,268,1,0,6,31,15,399,180,1118,41,637,816,290,618,256,567,9,671,815,294,250,568,429,130,21,8,24,1,10,14,2,1,1,0,122,9,613,231,221,4,5473,874,84,687,375,36,19,794,463,1136,93,1125,5,1197,1,4,48,29,4,8,2,58,60,2,6,13,9,12,7,30,19,11,4,93,65,36,68,19,6,10,11,6,9,7,13,19,139,14,5,47,55,36,232,360,5,50,131,29,13,9,8,10,7,3,191,7,8,144,5,48,4,82,8,17,7,13,9,10,6,30,36,12,11,13,75,27,13,10,8,65,0,1,5,15,20,0,422,3,239,1,11,10,150,21,162,190,166,1,52,5,4,22,124,1417,18,39,40,32,0,44,8,5,14,239,576,117,37,1,7,1,0,0,7,10,71,10,69,8,9,42,1230,7,39,3031,9,125,16,81,13,60,9,2,113,14,10,13,9,8,5,147,15,17,13,5,33,16,567,2,233,62,0,668,151,0,9,129,18,1,143,13,56,10,70,19,394,50,31,14,8,9,10,17,28,7,0,45,0,48,5,2,4,12,7,14,11,553,42,176,139,31,21,24,4,1048,1,397,37,288,36,6,127,3,597,101,181,1005,30,325,1,6,8,14,8,14,8,34,105,10,4,13,23,0,1,121,93,0,3,5,646,877,589,142,862,124,9,1472,2125,279,905,1555,2039,6,7,8,14,3,11,33,8,7,15,165,0.0,0.0,0.0,0.0,0.0,0.0,0.0,0.0,0.0,0.0,0.0,0.0,0.0,0.0,0.0,0.0,0.0,0.0,0.0,0.0,0.0,0.0,0.0,0.0,0.0,0.0,0.0,0.0,0.0,0.0,0.0,0.0,0.0,0.0,0.0,0.0,0.0,0.0,0.0,0.0,0.0,0.0,0.0,0.0,0.0,0.0,0.0,0.0,0.0,0.0,0.0,0.0,0.0,0.0,0.0,0.0,0.0,0.0,0.0,0.0,0.0,0.0,0.0,0.0,0.0,0.0,0.0,0.0,0.0,0.0,0.0,0.0,0.0,0.0,0.0,0.0,0.0,0.0,0.0,0.0,0.0,0.0,0.0,0.0,0.0,0.0,0.0,0.0,0.0,0.0,0.0,0.0,0.0,0.0,0.0,0.0,0.0,0.0,0.0,0.0,0.0,0.0,0.0,0.0,0.0,0.0,0.0,0.0,0.0,0.0,0.0,0.0,0.0,0.0,0.0,0.0,0.0,0.0,0.0,0.0,0.0,0.0,0.0,0.0,0.0,0.0,0.0,0.0,0.0,0.0,0.0,0.0,0.0,0.0,0.0,0.0,0.0,0.0,0.0,0.0,0.0,0.0,0.0,0.0,0.0,0.0,0.0,0.0,0.0,0.0
ENCFF002EJX,0.12204386837473588,132827,354,2968,42053,483,149252,11374,510,215,255,527,5182,1912,6130,26954,22092,1957,877,8011,5758,246,765,26,138,101,1801,11457,4889,33481,5168,156,56,576,3549,3183,51,3817,41,11,8340,10144,116,382,115,58,905,8605,25968,583,1033,2575,2356,205,212,8054,160,424,212,242,1941,3065,673,16524,585,364,2846,189,47829,47806,5555,1991,1244,3065,6682,65,2418,1139,1210,1522,443,2079,2178,3037,793,1363,6330,29,1495,1269,36,1041,2698,95,1471,1307,22147,162662,9023,158,24849,38290,4747,32151,2310,1192,4057,1777,1782,37,4459,8268,9014,131,5306,38514,1688,49260,193,932,1364,7221,485,77855,2046,5883,2484,424,2299,224,84,32339,5511,4954,29130,8273,15181,29004,1219,5808,9274,1949,4004,45950,377,789,65,105,64,47,1903,574,744,10807,3850,277,5058,42876,3075,287,2409,1669,1043,2841,4173,4180,7716,55,128,123,1895,59,2361,1005,1018,132,24,16,824,571,2176,13637,6060,43137,3595,23830,35289,14803,36653,18263,32676,176,28213,37698,10369,10254,29303,19464,5410,1159,699,1409,54,1292,2150,194,63,47,68,3947,104,61446,10918,6592,423,265533,43435,4660,25721,25551,1356,509,37268,19338,61596,2229,41871,123,36852,65,297,880,41,581,1510,392,7165,3064,73,1318,1183,1128,1803,939,4191,2234,829,222,6733,5445,2492,3853,2983,537,1710,1413,849,539,397,444,1819,5848,1346,629,1822,4000,2817,11791,43290,9120,4086,4367,1926,1462,1178,1188,1557,883,470,10272,973,2871,7507,602,2383,1007,5212,2901,2009,1560,1719,822,793,825,4450,3287,1605,1399,1326,3149,2839,2037,1137,2076,5083,40,53,744,1558,945,718,15638,310,11660,51,258,119,6716,759,9614,7238,9634,74,2985,122,35,2014,4010,78959,921,2136,3632,1154,66,3437,204,735,1659,23614,9719,6858,1476,156,192,84,25,84,1019,1881,2549,1394,5208,1190,747,2175,62475,346,2854,106994,704,6620,1680,10798,12342,3243,495,1615,6468,1452,1837,1989,595,457,126,75271,2752,1762,1852,738,1829,2079,28008,76,19023,1446,38,32940,14435,33,387,5987,1206,68,9578,1305,1522,171,5589,1790,21759,2320,1702,1320,1900,1165,1342,1640,1438,1150,46,1106,94,2969,151,93,60,677,769,235,1061,35526,1198,9321,4648,714,761,784,363,31240,701,14094,2011,9447,1349,51,2625,8,39016,7451,13370,51148,1615,20790,178,403,733,1814,996,1629,1482,2022,9132,1733,15,138,1889,54,61,3028,3078,10,664,173,28190,42852,35454,8600,32656,4825,708,69412,96224,14418,41396,74394,81752,177,71,1203,1064,495,1553,1147,415,230,840,7151,0.0,0.0,0.0,0.0,0.0,0.0,0.0,0.0,0.0,0.0,0.0,0.0,0.0,0.0,0.0,0.0,0.0,0.0,0.0,0.0,0.0,0.0,0.0,0.0,0.0,0.0,0.0,0.0,0.0,0.0,0.0,0.0,0.0,0.0,0.0,0.0,0.0,0.0,0.0,0.0,0.0,0.0,0.0,0.0,0.0,0.0,0.0,0.0,0.0,0.0,0.0,0.0,0.0,0.0,0.0,0.0,0.0,0.0,0.0,0.0,0.0,0.0,0.0,0.0,0.0,0.0,0.0,0.0,0.0,0.0,0.0,0.0,0.0,0.0,0.0,0.0,0.0,0.0,0.0,0.0,0.0,0.0,0.0,0.0,0.0,0.0,0.0,0.0,0.0,0.0,0.0,0.0,0.0,0.0,0.0,0.0,0.0,0.0,0.0,0.0,0.0,0.0,0.0,0.0,0.0,0.0,0.0,0.0,0.0,0.0,0.0,0.0,0.0,0.0,0.0,0.0,0.0,0.0,0.0,0.0,0.0,0.0,0.0,0.0,0.0,0.0,0.0,0.0,0.0,0.0,0.0,0.0,0.0,0.0,0.0,0.0,0.0,0.0,0.0,0.0,0.0,0.0,0.0,0.0,0.0,0.0,0.0,0.0,0.0,0.0
ENCFF000VGF,0.06715467919384181,3313,11,306,2697,43,5734,330,30,38,29,55,247,227,526,1322,1545,284,50,322,584,17,93,11,1,3,41,24,286,1845,348,42,20,50,160,119,4,165,0,0,656,1271,4,79,3,4,29,444,1626,2,88,77,87,51,41,804,15,49,24,2,82,120,29,1059,17,24,13,0,4392,5192,1142,71,41,96,666,21,80,47,67,68,16,72,70,542,51,39,275,10,80,42,2,225,16,3,135,97,885,18659,1122,7,3531,4422,201,3894,105,32,618,167,155,2,295,844,771,4,475,6035,185,2334,48,184,162,956,64,2941,96,802,364,96,381,94,12,3644,732,20,1404,553,1263,3413,7,377,194,76,343,2597,25,19,2,13,9,6,222,30,45,1021,567,74,385,2820,322,62,89,59,60,270,436,379,658,7,23,2,79,1,131,57,316,263,0,1,40,90,89,2027,1000,4695,230,2707,3386,1372,2807,1543,3108,27,3119,3521,1036,1169,2370,2204,515,81,5,52,7,59,61,23,4,5,0,430,16,2923,1161,599,58,16666,3332,385,3178,1759,131,43,3865,1511,4712,288,4741,12,5146,3,15,56,2,18,53,18,329,286,3,50,75,47,75,28,173,93,36,18,413,303,185,296,99,26,52,59,36,26,23,79,89,486,96,38,187,219,140,1123,1906,31,209,404,135,47,38,56,60,45,20,773,43,58,603,22,177,31,399,109,103,52,71,7,31,37,203,180,74,61,59,303,134,61,70,83,306,16,13,27,42,77,12,2010,4,1437,13,72,2,672,113,916,804,726,0,244,13,21,45,405,4097,81,203,227,140,5,183,15,15,72,1051,368,205,165,17,52,11,0,0,66,67,423,38,451,32,36,147,3466,30,194,15775,30,738,94,360,58,180,25,15,443,62,50,84,43,31,18,216,78,63,78,36,90,94,2944,9,1029,283,0,3238,785,1,35,590,65,3,637,58,118,25,251,78,1552,258,61,76,67,29,101,54,140,13,3,222,1,179,19,3,25,38,9,47,62,2160,163,719,426,122,35,73,10,4797,10,1601,132,1597,138,21,408,2,2367,478,833,3764,138,1308,20,10,30,63,27,84,47,83,536,74,4,19,99,1,2,566,505,0,17,21,2735,3729,2850,587,3691,466,22,6489,8675,1335,3933,6763,8483,23,31,54,73,28,60,179,38,86,53,751,0.0,0.0,0.0,0.0,0.0,0.0,0.0,0.0,0.0,0.0,0.0,0.0,0.0,0.0,0.0,0.0,0.0,0.0,0.0,0.0,0.0,0.0,0.0,0.0,0.0,0.0,0.0,0.0,0.0,0.0,0.0,0.0,0.0,0.0,0.0,0.0,0.0,0.0,0.0,0.0,0.0,0.0,0.0,0.0,0.0,0.0,0.0,0.0,0.0,0.0,0.0,0.0,0.0,0.0,0.0,0.0,0.0,0.0,0.0,0.0,0.0,0.0,0.0,0.0,0.0,0.0,0.0,0.0,0.0,0.0,0.0,0.0,0.0,0.0,0.0,0.0,0.0,0.0,0.0,0.0,0.0,0.0,0.0,0.0,0.0,0.0,0.0,0.0,0.0,0.0,0.0,0.0,0.0,0.0,0.0,0.0,0.0,0.0,0.0,0.0,0.0,0.0,0.0,0.0,0.0,0.0,0.0,0.0,0.0,0.0,0.0,0.0,0.0,0.0,0.0,0.0,0.0,0.0,0.0,0.0,0.0,0.0,0.0,0.0,0.0,0.0,0.0,0.0,0.0,0.0,0.0,0.0,0.0,0.0,0.0,0.0,0.0,0.0,0.0,0.0,0.0,0.0,0.0,0.0,0.0,0.0,0.0,0.0,0.0,0.0
ENCFF350ZIU,0.13539852331039962,14374,65,1804,23025,252,53453,3661,205,146,135,254,2578,844,3043,14319,11979,979,374,2690,2806,70,409,28,55,39,654,53,2174,21563,2034,104,42,271,1356,1238,20,1274,16,0,3840,5333,40,257,21,17,436,3606,14268,22,354,928,1004,213,134,2855,51,175,100,48,432,1409,400,7450,1189,148,14,185,23602,27205,2979,897,507,1241,2484,123,924,468,519,629,198,799,815,1641,276,614,2670,11,611,529,6,494,284,27,847,710,12618,81129,4395,70,12534,19210,1776,16629,820,488,2192,739,997,19,1738,3678,3742,118,2535,19354,858,16713,88,485,627,3653,209,30799,897,3120,1240,259,1103,109,24,14264,3579,41,12191,3240,5902,14291,16,2613,2756,811,1811,25685,173,48,66,61,21,22,985,214,466,5419,1895,297,2170,22871,1884,206,905,330,233,1352,2262,1986,2767,21,39,33,781,11,1102,480,427,128,13,4,375,309,758,6659,3218,20053,1751,13679,16878,7107,18557,8586,16462,147,12705,16071,4741,4382,12531,9034,2419,517,22,279,17,505,836,51,26,20,80,2321,56,23258,5890,3444,231,84396,18913,2009,13523,13104,587,268,18315,9217,30246,1191,20368,53,18704,19,140,652,16,217,602,143,2871,1409,18,613,585,447,729,361,1648,968,174,100,3255,1946,1140,1483,1240,275,587,602,341,234,177,213,898,2509,589,283,836,1522,1264,6908,19359,54,1653,1785,763,578,479,515,639,408,55,3732,376,1001,2761,242,992,379,2364,1043,745,618,700,93,404,324,1848,1488,622,677,639,1409,1157,865,508,853,2435,28,23,303,546,267,319,7553,61,4702,21,132,32,3289,365,3829,3371,4763,23,1465,40,27,1150,1796,42385,282,909,1448,609,9,1428,47,88,741,9498,3760,4271,739,59,230,32,13,20,454,943,1124,461,1934,488,331,1011,34465,155,1221,56162,346,3244,718,4293,214,1513,219,28,1592,604,685,720,287,231,120,482,953,684,730,372,808,850,12872,21,8259,728,9,13657,3778,37,211,2714,454,27,4535,574,489,98,2374,703,13570,1712,159,551,776,443,569,626,650,333,11,415,10,1191,48,35,50,45,119,126,393,19098,536,5083,2148,382,307,323,67,14789,41,6521,804,5419,588,52,1349,5,16214,3022,5384,21488,863,10771,112,81,277,715,327,655,544,805,3260,704,8,65,801,19,24,1618,1833,12,47,65,12084,19865,16149,3805,15485,2051,579,42828,42471,6872,19450,33701,37185,117,61,498,448,199,723,376,174,129,366,3610,0.0,0.0,0.0,0.0,0.0,0.0,0.0,0.0,0.0,0.0,0.0,0.0,0.0,0.0,0.0,0.0,0.0,0.0,0.0,0.0,0.0,0.0,0.0,0.0,0.0,0.0,0.0,0.0,0.0,0.0,0.0,0.0,0.0,0.0,0.0,0.0,0.0,0.0,0.0,0.0,0.0,0.0,0.0,0.0,0.0,0.0,0.0,0.0,0.0,0.0,0.0,0.0,0.0,0.0,0.0,0.0,0.0,0.0,0.0,0.0,0.0,0.0,0.0,0.0,0.0,0.0,0.0,0.0,0.0,0.0,0.0,0.0,0.0,0.0,0.0,0.0,0.0,0.0,0.0,0.0,0.0,0.0,0.0,0.0,0.0,0.0,0.0,0.0,0.0,0.0,0.0,0.0,0.0,0.0,0.0,0.0,0.0,0.0,0.0,0.0,0.0,0.0,0.0,0.0,0.0,0.0,0.0,0.0,0.0,0.0,0.0,0.0,0.0,0.0,0.0,0.0,0.0,0.0,0.0,0.0,0.0,0.0,0.0,0.0,0.0,0.0,0.0,0.0,0.0,0.0,0.0,0.0,0.0,0.0,0.0,0.0,0.0,0.0,0.0,0.0,0.0,0.0,0.0,0.0,0.0,0.0,0.0,0.0,0.0,0.0
ENCFF489YXE,0.10132120314966649,74833,1188,1709,13927,191,26068,2972,115,147,138,435,1388,1193,2574,7655,7597,1099,136,2193,1945,71,257,37,30,14,351,5805,1059,13525,1497,76,268,345,594,488,130,683,16,22,3124,4016,63,367,41,567,218,1918,10781,730,180,337,441,183,222,3531,66,116,160,51,255,680,129,7317,107,214,1501,120,19420,15735,3461,320,245,1536,2976,100,405,163,253,295,64,301,407,1287,162,150,1197,8,256,152,4,478,72,7,538,405,7750,57839,3428,40,9559,14130,861,12559,419,181,2090,662,743,3,1999,3678,3833,51,1763,12379,767,9764,141,559,644,2939,259,16301,423,2000,1035,363,1055,134,57,11960,3855,3508,10671,2568,6653,9806,930,1664,1304,374,2173,15276,156,608,48,38,16,5,732,110,577,3670,1519,254,1306,14306,1086,168,379,471,428,1115,1418,1117,3335,28,69,6,304,6,610,194,528,631,60,36,418,325,309,5869,2395,18985,672,9743,11113,5099,14068,5059,9754,89,10598,12700,5163,3287,9568,7025,2479,289,1043,250,65,154,273,47,18,14,13,1462,143,14776,3783,3354,76,180048,13022,1675,9009,10634,431,331,14040,6693,21479,1201,16599,40,16649,22,164,581,259,92,286,147,1417,1121,33,214,287,192,272,144,811,436,837,85,1645,1146,717,1566,391,101,205,246,112,125,83,392,391,2176,424,119,655,827,682,3754,15715,3521,780,1767,426,243,203,218,280,155,240,2902,147,260,2086,113,501,124,1597,333,348,179,306,807,151,338,767,730,274,269,198,985,498,248,238,314,1340,24,15,108,184,531,115,5585,36,4102,7,175,104,2240,333,2763,2334,2764,7,948,30,100,568,1480,28434,533,1279,1037,370,253,994,43,96,240,5355,2682,1940,464,13,129,31,1,4,197,354,958,193,1634,136,141,448,18129,389,703,44480,257,1789,311,1762,5557,811,103,2545,6263,241,309,354,133,135,150,29926,384,305,313,183,362,430,8866,23,3584,763,10,11099,2672,21,85,2362,311,9,2360,253,1074,86,1016,401,9228,1190,1015,264,327,127,372,256,642,206,30,571,15,718,87,18,70,823,100,209,272,13286,526,3077,1641,386,202,332,45,15437,611,5233,1770,4389,426,136,983,36,11942,2225,4208,20316,1631,7899,178,91,132,557,972,370,228,699,2418,329,10,728,321,2,7,1453,1374,0,1132,164,8389,14576,11536,2632,12594,1438,361,27053,32584,4582,14168,22796,28462,84,74,260,212,73,252,698,115,162,268,2289,0.0,0.0,0.0,0.0,0.0,0.0,0.0,0.0,0.0,0.0,0.0,0.0,0.0,0.0,0.0,0.0,0.0,0.0,0.0,0.0,0.0,0.0,0.0,0.0,0.0,0.0,0.0,0.0,0.0,0.0,0.0,0.0,0.0,0.0,0.0,0.0,0.0,0.0,0.0,0.0,0.0,0.0,0.0,0.0,0.0,0.0,0.0,0.0,0.0,0.0,0.0,0.0,0.0,0.0,0.0,0.0,0.0,0.0,0.0,0.0,0.0,0.0,0.0,0.0,0.0,0.0,0.0,0.0,0.0,0.0,0.0,0.0,0.0,0.0,0.0,0.0,0.0,0.0,0.0,0.0,0.0,0.0,0.0,0.0,0.0,0.0,0.0,0.0,0.0,0.0,0.0,0.0,0.0,0.0,0.0,0.0,0.0,0.0,0.0,0.0,0.0,0.0,0.0,0.0,0.0,0.0,0.0,0.0,0.0,0.0,0.0,0.0,0.0,0.0,0.0,0.0,0.0,0.0,0.0,0.0,0.0,0.0,0.0,0.0,0.0,0.0,0.0,0.0,0.0,0.0,0.0,0.0,0.0,0.0,0.0,0.0,0.0,0.0,0.0,0.0,0.0,0.0,0.0,0.0,0.0,0.0,0.0,0.0,0.0,0.0
ENCFF000VYN,0.06831702637332245,3267,19,254,2112,48,4941,399,37,36,12,45,184,249,511,1175,1525,247,37,322,354,15,49,4,6,5,48,95,243,1693,309,22,22,34,132,112,4,123,3,5,581,826,6,44,4,5,46,376,1466,24,146,82,80,31,32,583,13,14,15,4,41,112,32,741,12,45,43,9,3094,3071,545,91,51,73,553,23,72,55,49,39,15,75,69,250,37,37,210,4,64,30,4,106,81,4,97,99,1010,11393,727,3,2055,2864,152,2607,99,41,331,110,123,1,207,564,556,4,308,2289,158,1916,29,167,123,646,70,2372,93,394,193,64,245,29,11,2422,851,64,1535,499,1191,2064,28,314,220,64,272,2328,23,23,3,14,2,5,155,23,43,630,341,33,331,2217,230,32,67,101,77,181,274,264,479,7,4,3,55,3,122,47,189,1781,3,0,40,62,62,1087,483,2930,174,1898,2390,956,2021,968,1897,15,1884,2147,709,692,1778,1244,462,54,19,59,5,35,44,13,4,4,1,256,20,2830,887,621,18,16200,2394,258,1842,1440,79,51,2638,1121,3638,291,3077,9,3064,7,15,81,60,13,61,17,238,164,0,34,73,34,56,28,163,96,13,30,291,217,132,223,81,25,44,46,28,28,18,36,88,357,105,21,125,138,151,741,1597,55,145,237,108,44,35,35,52,35,12,565,32,61,361,25,115,41,245,61,82,41,59,31,26,20,144,135,44,61,44,155,94,62,50,51,245,0,2,32,47,42,22,949,12,670,0,38,5,416,55,492,436,432,0,176,7,17,89,269,3922,57,140,137,77,4,137,12,34,48,871,443,258,108,4,16,11,0,3,40,93,207,39,267,43,27,83,2918,25,130,8541,26,420,60,356,120,159,29,43,323,56,64,54,47,28,20,520,87,56,89,30,76,71,1783,6,664,158,2,2071,631,2,21,379,53,3,438,45,121,30,186,76,943,226,81,46,78,39,72,46,90,47,1,67,5,144,8,5,13,35,33,48,57,1913,127,650,373,83,41,54,20,2843,11,1012,134,893,90,19,202,1,1928,369,638,2860,118,947,14,22,26,57,38,69,44,103,531,64,3,26,86,3,4,336,320,1,28,20,1734,2723,2134,480,2359,377,39,4649,6308,949,2708,4722,5746,17,18,61,51,16,56,126,22,43,39,444,0.0,0.0,0.0,0.0,0.0,0.0,0.0,0.0,0.0,0.0,0.0,0.0,0.0,0.0,0.0,0.0,0.0,0.0,0.0,0.0,0.0,0.0,0.0,0.0,0.0,0.0,0.0,0.0,0.0,0.0,0.0,0.0,0.0,0.0,0.0,0.0,0.0,0.0,0.0,0.0,0.0,0.0,0.0,0.0,0.0,0.0,0.0,0.0,0.0,0.0,0.0,0.0,0.0,0.0,0.0,0.0,0.0,0.0,0.0,0.0,0.0,0.0,0.0,0.0,0.0,0.0,0.0,0.0,0.0,0.0,0.0,0.0,0.0,0.0,0.0,0.0,0.0,0.0,0.0,0.0,0.0,0.0,0.0,0.0,0.0,0.0,0.0,0.0,0.0,0.0,0.0,0.0,0.0,0.0,0.0,0.0,0.0,0.0,0.0,0.0,0.0,0.0,0.0,0.0,0.0,0.0,0.0,0.0,0.0,0.0,0.0,0.0,0.0,0.0,0.0,0.0,0.0,0.0,0.0,0.0,0.0,0.0,0.0,0.0,0.0,0.0,0.0,0.0,0.0,0.0,0.0,0.0,0.0,0.0,0.0,0.0,0.0,0.0,0.0,0.0,0.0,0.0,0.0,0.0,0.0,0.0,0.0,0.0,0.0,0.0
ENCFF975UBI,0.06399270986248536,44281,506,2345,10768,106,15510,3343,140,129,136,422,1727,745,2332,6394,3674,1027,157,2254,2473,68,263,49,25,20,456,2619,1432,9020,1614,111,222,222,846,648,90,811,36,82,4177,4268,38,323,29,143,177,2577,9943,417,215,440,607,165,279,2930,95,121,208,145,265,918,105,4570,486,574,789,149,19526,21505,3040,473,308,950,2310,109,536,199,314,424,113,416,405,1571,210,192,1629,5,366,187,11,442,118,22,507,476,5696,72807,4158,67,11573,17589,1050,15273,761,263,2103,706,704,11,1543,3741,3793,40,2411,12500,607,7246,66,326,590,3490,125,9323,589,2456,1212,404,1105,141,55,12320,3120,1712,8046,2438,6918,10629,571,2181,1113,479,1943,14158,183,435,35,37,19,15,826,94,563,4423,1899,215,1572,11655,1320,141,459,589,766,1411,1749,1482,2927,44,85,14,440,5,782,232,1324,3203,74,14,370,333,420,6810,2747,19656,1006,10702,12677,6346,12210,6073,12541,74,12308,14408,5062,3814,10685,7753,3005,396,553,412,223,227,342,86,37,15,25,1685,103,14933,4622,2022,146,118862,15645,1821,11540,7666,494,329,16952,8066,22635,660,19000,111,16857,39,151,596,276,142,397,132,1667,1024,34,302,429,243,394,216,1065,609,308,101,2004,1189,861,1284,479,163,250,287,158,157,119,287,457,2713,470,161,854,1093,989,4567,21306,1852,983,1726,520,386,258,262,347,194,120,3233,187,338,2136,151,632,156,1906,454,403,224,413,260,209,365,1091,1050,338,403,304,1009,652,343,343,403,1936,18,9,149,263,306,172,6311,78,4140,9,178,39,2497,295,3127,3013,3247,9,1168,41,89,611,1647,25758,373,1175,956,441,145,1295,68,101,310,7408,2972,2309,477,24,121,53,6,41,296,580,1192,229,1758,230,204,546,15044,285,929,51118,289,2257,434,2299,2921,1150,135,1217,4489,320,415,469,165,155,148,14776,483,384,431,244,508,495,10038,28,4412,1035,22,11243,2841,32,112,3413,331,20,2869,333,804,124,1431,495,7223,1160,586,371,471,204,473,394,596,389,16,485,21,873,156,54,62,433,160,157,370,10697,307,3523,1791,247,190,414,57,14479,340,7217,1174,4670,500,178,1131,47,15029,2846,4814,21529,1867,6441,155,157,149,496,465,463,339,821,3696,403,25,326,456,13,22,1635,1474,12,569,75,10093,18261,13058,3402,14443,1776,496,27602,39721,5715,17413,29407,34573,76,81,337,319,112,357,661,149,175,265,2856,0.0,0.0,0.0,0.0,0.0,0.0,0.0,0.0,0.0,0.0,0.0,0.0,0.0,0.0,0.0,0.0,0.0,0.0,0.0,0.0,0.0,0.0,0.0,0.0,0.0,0.0,0.0,0.0,0.0,0.0,0.0,0.0,0.0,0.0,0.0,0.0,0.0,0.0,0.0,0.0,0.0,0.0,0.0,0.0,0.0,0.0,0.0,0.0,0.0,0.0,0.0,0.0,0.0,0.0,0.0,0.0,0.0,0.0,0.0,0.0,0.0,0.0,0.0,0.0,0.0,0.0,0.0,0.0,0.0,0.0,0.0,0.0,0.0,0.0,0.0,0.0,0.0,0.0,0.0,0.0,0.0,0.0,0.0,0.0,0.0,0.0,0.0,0.0,0.0,0.0,0.0,0.0,0.0,0.0,0.0,0.0,0.0,0.0,0.0,0.0,0.0,0.0,0.0,0.0,0.0,0.0,0.0,0.0,0.0,0.0,0.0,0.0,0.0,0.0,0.0,0.0,0.0,0.0,0.0,0.0,0.0,0.0,0.0,0.0,0.0,0.0,0.0,0.0,0.0,0.0,0.0,0.0,0.0,0.0,0.0,0.0,0.0,0.0,0.0,0.0,0.0,0.0,0.0,0.0,0.0,0.0,0.0,0.0,0.0,0.0
ENCFF000XYW,0.04096713313266211,3153,17,376,5317,61,5480,518,25,25,25,43,308,362,873,2034,1635,357,40,463,538,23,72,11,3,2,74,70,349,7067,328,31,17,35,306,198,4,216,0,3,895,1094,0,74,5,6,69,574,3444,4,63,96,150,53,22,618,15,37,22,9,68,122,35,2147,69,95,19,3,6524,5759,740,128,75,132,548,26,140,76,95,92,30,96,133,388,58,67,347,2,71,59,1,115,17,6,216,183,2390,16880,1071,9,2811,4135,252,3500,914,66,476,143,144,2,261,744,654,6,445,3701,304,3705,70,276,267,963,97,5643,169,651,239,74,310,32,4,2656,1503,127,3181,952,1116,2758,13,407,275,130,338,7832,31,22,9,14,0,3,186,23,47,1005,447,49,515,5495,536,28,113,110,102,294,411,383,490,4,20,1,112,6,205,90,903,2561,5,1,61,82,93,1792,713,4788,283,3072,3459,1576,5896,1506,3342,21,3146,3588,1065,860,2399,2047,717,88,11,82,3,72,83,14,7,6,7,390,37,8145,1587,939,20,17412,4742,401,3170,3393,126,77,4547,1889,6979,424,4198,33,4100,10,20,58,9,20,92,31,352,193,3,64,99,66,100,53,249,143,28,23,470,301,191,245,111,54,62,63,35,42,26,60,147,547,114,63,268,281,248,1826,4491,58,239,347,132,86,69,51,82,48,8,775,34,73,475,31,164,57,344,134,100,83,100,16,42,59,275,235,82,107,71,251,157,80,94,113,405,3,1,38,47,55,24,1417,12,854,2,50,3,580,102,638,639,798,4,251,8,24,171,496,8105,61,210,204,122,9,297,22,12,56,1349,632,304,143,3,20,14,0,5,68,137,289,70,361,74,52,230,7047,46,177,12449,50,635,94,547,106,278,28,24,401,102,80,99,41,45,23,273,131,106,98,56,132,128,2544,11,1051,241,0,2593,781,2,33,676,72,7,642,70,116,26,449,118,2590,564,49,96,98,46,124,94,107,113,1,111,2,199,6,3,14,33,36,67,74,3058,195,1305,687,160,54,107,10,3812,12,1443,196,1250,99,41,263,0,3008,702,912,4216,466,2700,33,19,38,67,41,116,64,128,831,94,1,13,133,1,2,489,411,0,22,24,2405,4368,3339,823,3545,638,31,9286,9655,1417,4439,7326,8207,21,28,83,107,36,108,125,18,43,56,774,0.0,0.0,0.0,0.0,0.0,0.0,0.0,0.0,0.0,0.0,0.0,0.0,0.0,0.0,0.0,0.0,0.0,0.0,0.0,0.0,0.0,0.0,0.0,0.0,0.0,0.0,0.0,0.0,0.0,0.0,0.0,0.0,0.0,0.0,0.0,0.0,0.0,0.0,0.0,0.0,0.0,0.0,0.0,0.0,0.0,0.0,0.0,0.0,0.0,0.0,0.0,0.0,0.0,0.0,0.0,0.0,0.0,0.0,0.0,0.0,0.0,0.0,0.0,0.0,0.0,0.0,0.0,0.0,0.0,0.0,0.0,0.0,0.0,0.0,0.0,0.0,0.0,0.0,0.0,0.0,0.0,0.0,0.0,0.0,0.0,0.0,0.0,0.0,0.0,0.0,0.0,0.0,0.0,0.0,0.0,0.0,0.0,0.0,0.0,0.0,0.0,0.0,0.0,0.0,0.0,0.0,0.0,0.0,0.0,0.0,0.0,0.0,0.0,0.0,0.0,0.0,0.0,0.0,0.0,0.0,0.0,0.0,0.0,0.0,0.0,0.0,0.0,0.0,0.0,0.0,0.0,0.0,0.0,0.0,0.0,0.0,0.0,0.0,0.0,0.0,0.0,0.0,0.0,0.0,0.0,0.0,0.0,0.0,0.0,0.0
ENCFF000XDT,0.1835396396164232,71210,268,3919,50194,1354,210607,8277,376,722,421,799,4094,5994,9796,17521,53223,4438,628,7812,8121,228,1043,127,95,94,1241,2677,4361,44057,5419,362,278,684,2368,2141,79,2586,24,26,9899,15547,58,862,79,119,914,7587,36881,382,727,1337,1903,650,419,8967,264,511,553,251,1089,1989,334,17844,292,985,772,103,60872,59575,10201,1431,916,1953,7426,473,1616,681,1072,1222,291,1345,1483,5139,559,680,4589,31,1107,633,54,1847,369,57,1721,1496,19736,240656,14725,118,38920,55372,3406,47811,1471,818,7769,2565,2837,61,4322,10862,11151,290,6069,45452,3904,64675,914,3508,3317,12365,1597,91301,1791,8416,4345,1088,3860,640,220,42639,16172,1895,32462,10016,15775,39301,460,6086,4787,1522,5197,36962,808,598,165,131,49,62,3141,420,865,14521,6837,942,5328,48507,4079,702,1541,2358,1717,4080,5653,4871,7584,105,210,81,1332,47,2327,804,1304,676,64,15,786,1045,1382,20533,10038,58940,2859,40366,46289,18574,38424,17379,36050,423,36595,43161,13964,12332,30291,24230,7539,1121,600,1026,81,704,1258,256,110,42,36,5314,469,46045,14849,19268,581,266273,47263,4647,35933,31158,1602,728,51794,24040,73120,6828,59191,199,59918,56,415,911,169,398,1246,347,4925,3158,46,828,1168,771,1234,541,3228,1855,356,323,6310,4014,2744,3567,1604,431,870,1028,478,442,318,622,1401,6770,1461,443,2253,3112,2676,12214,32098,1737,3061,4300,1818,1060,896,817,1255,662,224,10291,614,1106,7010,431,2191,521,5472,1390,1267,771,1202,276,595,789,3071,3129,1092,1238,978,3335,2090,1073,1001,1307,5054,42,49,490,872,932,457,20726,296,13933,48,843,122,9447,1075,10219,9459,9166,43,3695,165,256,1672,5504,80773,972,2854,2821,1467,155,3475,316,500,994,19781,8634,4290,2121,89,514,200,26,113,945,3705,4163,735,5308,642,621,1810,66955,591,2851,174085,740,8121,1330,7177,3084,3300,378,1281,7242,1010,1355,1389,483,539,374,15163,1617,1245,1441,686,1448,1628,34849,135,14010,2995,24,35613,8517,70,403,7904,1117,75,8770,1125,1990,472,3956,1431,35405,3900,1088,995,1392,620,1695,1112,1754,266,27,1241,17,2583,218,65,260,738,585,1175,1008,32544,3362,11849,8011,2045,707,1289,283,52256,319,21094,2420,17296,1980,516,3958,41,43213,7911,14147,59817,2289,26750,330,247,447,1258,606,1535,991,2053,9896,1371,56,523,1343,55,91,5607,5884,17,602,257,34094,51495,37668,9523,48442,5488,469,87996,117860,16410,53259,85431,106868,398,244,962,923,273,1146,2056,497,885,1027,9519,0.0,0.0,0.0,0.0,0.0,0.0,0.0,0.0,0.0,0.0,0.0,0.0,0.0,0.0,0.0,0.0,0.0,0.0,0.0,0.0,0.0,0.0,0.0,0.0,0.0,0.0,0.0,0.0,0.0,0.0,0.0,0.0,0.0,0.0,0.0,0.0,0.0,0.0,0.0,0.0,0.0,0.0,0.0,0.0,0.0,0.0,0.0,0.0,0.0,0.0,0.0,0.0,0.0,0.0,0.0,0.0,0.0,0.0,0.0,0.0,0.0,0.0,0.0,0.0,0.0,0.0,0.0,0.0,0.0,0.0,0.0,0.0,0.0,0.0,0.0,0.0,0.0,0.0,0.0,0.0,0.0,0.0,0.0,0.0,0.0,0.0,0.0,0.0,0.0,0.0,0.0,0.0,0.0,0.0,0.0,0.0,0.0,0.0,0.0,0.0,0.0,0.0,0.0,0.0,0.0,0.0,0.0,0.0,0.0,0.0,0.0,0.0,0.0,0.0,0.0,0.0,0.0,0.0,0.0,0.0,0.0,0.0,0.0,0.0,0.0,0.0,0.0,0.0,0.0,0.0,0.0,0.0,0.0,0.0,0.0,0.0,0.0,0.0,0.0,0.0,0.0,0.0,0.0,0.0,0.0,0.0,0.0,0.0,0.0,0.0
ENCFF258VLM,0.17846811444239943,42836,410,2858,81670,1150,254089,14486,552,875,480,699,5141,5626,19367,24404,82838,4175,925,14217,7145,207,1126,76,199,131,2045,762,5410,52234,5993,365,106,967,4326,3840,41,4493,63,11,11443,16486,120,655,72,88,1282,11093,44231,86,1190,2630,2744,545,289,8533,224,538,490,259,1389,2462,1212,23808,1027,1098,181,44,72161,69106,8416,2534,1380,3175,7655,451,2852,1275,1488,1884,433,2177,2485,4882,957,1361,6979,42,1612,1412,59,1739,430,120,2503,1791,44879,241453,14157,170,37816,56818,4679,47920,2681,1309,7019,2298,2301,55,4476,9633,10042,705,6839,46407,5119,77126,447,2127,2389,11077,1041,114717,2584,8773,3415,736,3558,779,115,43029,23111,440,56244,17338,15212,39083,67,7035,17853,2450,5029,81609,1412,215,344,175,51,112,3383,648,318,13471,5956,677,7808,75671,4606,672,2671,2653,2100,4433,5531,5181,7712,31,197,78,2176,60,2790,1224,1374,42119,28,3,1006,977,2461,17887,9166,59816,4340,52901,52968,20501,46917,22845,41882,1045,38321,48407,14050,12332,37372,27775,8531,1571,94,1942,15,1303,2150,261,56,84,278,5433,527,76171,16578,33556,726,336656,61676,5688,39814,49850,1772,664,59572,32716,96147,7567,59997,164,58566,26,490,963,52,617,1864,378,6860,4782,67,1328,1560,1099,1959,850,5285,2907,139,391,9168,5470,3376,4404,3065,607,1579,1551,860,611,508,420,2297,8387,1977,735,2415,4903,3860,18522,32221,482,4706,4186,2327,1613,1310,1261,1721,980,65,12162,1067,2615,8228,663,3064,1100,6595,2426,2232,1234,1913,217,922,870,4951,3864,1613,1831,1614,3879,3219,2928,1407,2098,6619,47,91,953,1507,826,730,21678,415,12737,56,503,112,9641,1233,11179,10435,12905,67,5363,155,126,5890,5540,212192,779,3001,4157,1853,22,4550,213,543,2228,30026,17438,4456,2441,60,181,153,23,99,1219,3716,3716,1435,4999,1103,1030,3160,157647,419,3961,155637,897,9077,1961,13094,1122,4335,651,207,4927,1529,2135,2331,618,687,381,4780,2824,2189,2290,732,2463,2730,39357,54,20852,2244,72,38353,11629,105,550,7564,1485,64,11838,1577,1420,203,7115,2142,50933,4813,628,1555,2211,1149,1981,1764,1786,1538,33,1394,38,3419,269,48,146,216,1776,1098,1770,44057,2502,14403,7449,1458,1076,976,692,44520,81,21260,2307,15286,2204,196,4102,29,54426,10254,16053,65048,1590,33075,341,803,842,1953,1079,2016,1355,2118,15013,1984,21,361,2086,31,85,4757,5251,28,138,174,39391,51640,42768,10688,47545,6592,1896,97451,123525,19114,52312,96341,112790,845,186,1237,1334,537,1784,1242,328,265,1108,10118,0.0,0.0,0.0,0.0,0.0,0.0,0.0,0.0,0.0,0.0,0.0,0.0,0.0,0.0,0.0,0.0,0.0,0.0,0.0,0.0,0.0,0.0,0.0,0.0,0.0,0.0,0.0,0.0,0.0,0.0,0.0,0.0,0.0,0.0,0.0,0.0,0.0,0.0,0.0,0.0,0.0,0.0,0.0,0.0,0.0,0.0,0.0,0.0,0.0,0.0,0.0,0.0,0.0,0.0,0.0,0.0,0.0,0.0,0.0,0.0,0.0,0.0,0.0,0.0,0.0,0.0,0.0,0.0,0.0,0.0,0.0,0.0,0.0,0.0,0.0,0.0,0.0,0.0,0.0,0.0,0.0,0.0,0.0,0.0,0.0,0.0,0.0,0.0,0.0,0.0,0.0,0.0,0.0,0.0,0.0,0.0,0.0,0.0,0.0,0.0,0.0,0.0,0.0,0.0,0.0,0.0,0.0,0.0,0.0,0.0,0.0,0.0,0.0,0.0,0.0,0.0,0.0,0.0,0.0,0.0,0.0,0.0,0.0,0.0,0.0,0.0,0.0,0.0,0.0,0.0,0.0,0.0,0.0,0.0,0.0,0.0,0.0,0.0,0.0,0.0,0.0,0.0,0.0,0.0,0.0,0.0,0.0,0.0,0.0,0.0
ENCFF000WWD,0.07371539596765314,4037,38,350,3245,53,7632,934,40,65,30,87,349,607,1171,1597,3300,441,48,620,556,22,84,9,12,12,118,106,390,1883,429,21,26,33,224,255,4,277,5,15,1160,1282,11,61,3,11,207,718,1866,9,99,90,150,48,71,655,24,30,49,19,82,137,35,993,53,60,30,8,4549,4380,786,126,79,107,763,25,195,68,83,100,16,101,175,385,73,48,290,4,102,52,5,132,34,3,140,119,1115,16715,1068,9,2780,4435,343,3752,162,52,543,170,196,2,305,853,800,31,623,3239,403,2426,47,225,201,936,90,2919,167,641,315,101,310,34,8,3254,1727,81,2134,1100,1540,2725,20,485,374,144,378,3726,93,30,8,21,4,10,243,17,102,1048,487,73,458,3327,391,37,120,207,241,293,482,448,655,25,13,4,119,2,194,68,476,262,4,0,43,90,121,1496,693,4564,233,2952,3265,1398,2415,1402,2630,39,2794,3224,1003,940,2774,1821,1040,92,19,72,5,67,89,20,13,3,7,342,41,3270,1197,1784,26,32246,3731,321,2902,2278,126,59,4069,1917,5291,526,4573,19,4402,8,26,150,110,31,113,32,336,234,9,74,112,55,93,56,354,207,20,39,447,384,218,305,105,29,66,72,44,42,40,55,126,579,159,55,173,279,237,1291,1842,52,285,365,156,88,78,50,106,66,10,1261,55,80,628,41,155,39,385,95,123,59,107,19,59,55,239,244,99,79,61,223,145,79,65,81,362,1,4,34,49,61,22,1441,12,1078,0,65,5,702,83,777,679,809,3,295,7,14,212,384,6906,78,306,204,89,5,328,23,46,63,1564,687,391,140,2,29,15,1,9,72,116,276,94,348,62,72,134,4988,51,199,11980,68,600,107,707,141,282,43,47,439,103,120,156,64,38,26,504,143,130,132,52,169,178,2764,7,1028,279,14,2831,744,2,29,589,220,6,625,71,153,33,404,139,1723,356,59,98,154,50,116,77,146,86,3,87,4,218,10,5,21,48,69,100,69,2664,217,901,532,140,60,100,36,3863,17,1564,197,1256,152,25,318,7,3457,617,1164,4606,285,1540,33,60,31,87,52,136,60,200,608,124,4,30,135,4,4,466,463,4,23,25,2762,3840,2934,740,3571,468,88,6628,8985,1333,3952,6613,8091,50,27,94,144,43,77,166,33,53,87,658,0.0,0.0,0.0,0.0,0.0,0.0,0.0,0.0,0.0,0.0,0.0,0.0,0.0,0.0,0.0,0.0,0.0,0.0,0.0,0.0,0.0,0.0,0.0,0.0,0.0,0.0,0.0,0.0,0.0,0.0,0.0,0.0,0.0,0.0,0.0,0.0,0.0,0.0,0.0,0.0,0.0,0.0,0.0,0.0,0.0,0.0,0.0,0.0,0.0,0.0,0.0,0.0,0.0,0.0,0.0,0.0,0.0,0.0,0.0,0.0,0.0,0.0,0.0,0.0,0.0,0.0,0.0,0.0,0.0,0.0,0.0,0.0,0.0,0.0,0.0,0.0,0.0,0.0,0.0,0.0,0.0,0.0,0.0,0.0,0.0,0.0,0.0,0.0,0.0,0.0,0.0,0.0,0.0,0.0,0.0,0.0,0.0,0.0,0.0,0.0,0.0,0.0,0.0,0.0,0.0,0.0,0.0,0.0,0.0,0.0,0.0,0.0,0.0,0.0,0.0,0.0,0.0,0.0,0.0,0.0,0.0,0.0,0.0,0.0,0.0,0.0,0.0,0.0,0.0,0.0,0.0,0.0,0.0,0.0,0.0,0.0,0.0,0.0,0.0,0.0,0.0,0.0,0.0,0.0,0.0,0.0,0.0,0.0,0.0,0.0
ENCFF362PNQ,0.07946262982975465,40760,753,2492,21386,289,35177,4331,146,205,190,466,2196,1621,5226,11451,9737,1806,229,3231,3995,108,411,59,39,43,712,1946,2155,10536,2165,170,205,400,1100,1054,93,1110,28,117,5444,6162,41,459,59,197,316,3687,16270,327,269,699,901,235,233,4009,130,213,275,139,385,1062,338,9086,635,558,525,108,33694,44983,4154,623,412,1068,3127,242,824,314,475,523,151,591,640,2111,307,328,2416,13,501,338,11,679,113,19,1021,820,11177,106769,6480,85,17741,26405,1600,23350,1333,385,3010,1092,1144,22,2074,5177,4808,56,3642,19572,1214,14643,218,877,1118,5280,351,20205,908,3975,1923,560,1495,206,59,18349,6837,1191,10687,4827,8714,16076,464,3109,1588,751,2601,27128,242,356,62,43,22,23,1266,158,569,6882,3006,329,2254,22753,2210,252,742,572,606,1848,2352,2100,3810,69,81,26,577,19,1175,346,918,17689,84,37,372,468,584,10741,4102,28004,1389,17413,21156,9587,18915,9477,18974,112,18528,21529,10233,5673,15944,11669,4050,630,415,362,244,282,531,67,42,13,23,2861,160,23169,7737,4371,236,180146,24197,2823,17778,15029,607,990,26045,11721,37584,1660,30475,214,25679,19,225,752,197,200,577,189,2603,1438,44,394,563,336,557,237,1558,829,352,133,2939,1739,1384,1711,725,209,410,420,214,198,169,350,700,3927,797,232,1328,1656,1476,7826,52267,1379,1439,2715,833,535,422,330,578,313,172,4615,315,516,3017,221,925,223,2725,709,615,373,582,340,316,504,1482,1516,457,577,471,1441,938,471,476,593,2737,26,20,228,350,342,230,8587,73,5633,16,276,68,3580,436,4463,4613,4897,15,1724,60,140,763,2492,47782,398,1437,1365,679,120,1949,100,216,418,10786,4194,2273,684,40,151,66,12,22,417,755,1657,362,2642,257,316,802,28917,338,1379,78009,422,3999,618,3405,2212,1770,211,882,4325,520,589,625,224,258,154,10467,669,538,599,370,722,778,14957,32,6340,1446,33,16593,4421,22,156,4333,440,24,4126,480,1083,151,1990,685,12671,2059,503,630,650,280,706,509,847,454,25,778,18,1417,163,36,92,436,342,325,521,19104,796,5777,3299,617,329,588,90,23593,222,10087,1386,6928,665,230,1604,43,19911,4570,6633,29671,4096,10891,193,221,237,655,703,732,451,1165,4785,636,22,270,669,22,30,2194,2184,18,507,127,14095,28717,19810,5450,22388,2887,274,41794,60063,8858,26446,46810,52015,119,93,502,428,145,511,849,230,261,417,4351,0.0,0.0,0.0,0.0,0.0,0.0,0.0,0.0,0.0,0.0,0.0,0.0,0.0,0.0,0.0,0.0,0.0,0.0,0.0,0.0,0.0,0.0,0.0,0.0,0.0,0.0,0.0,0.0,0.0,0.0,0.0,0.0,0.0,0.0,0.0,0.0,0.0,0.0,0.0,0.0,0.0,0.0,0.0,0.0,0.0,0.0,0.0,0.0,0.0,0.0,0.0,0.0,0.0,0.0,0.0,0.0,0.0,0.0,0.0,0.0,0.0,0.0,0.0,0.0,0.0,0.0,0.0,0.0,0.0,0.0,0.0,0.0,0.0,0.0,0.0,0.0,0.0,0.0,0.0,0.0,0.0,0.0,0.0,0.0,0.0,0.0,0.0,0.0,0.0,0.0,0.0,0.0,0.0,0.0,0.0,0.0,0.0,0.0,0.0,0.0,0.0,0.0,0.0,0.0,0.0,0.0,0.0,0.0,0.0,0.0,0.0,0.0,0.0,0.0,0.0,0.0,0.0,0.0,0.0,0.0,0.0,0.0,0.0,0.0,0.0,0.0,0.0,0.0,0.0,0.0,0.0,0.0,0.0,0.0,0.0,0.0,0.0,0.0,0.0,0.0,0.0,0.0,0.0,0.0,0.0,0.0,0.0,0.0,0.0,0.0
ENCFF500QBC,0.16612931230566355,79948,418,14730,165236,2232,233928,13186,999,1295,787,1329,11055,12156,26483,58402,85304,9945,1129,12447,16178,376,1711,236,93,101,2284,208,12338,96116,8813,721,407,1377,6675,6046,110,6256,59,35,22412,30001,306,1876,105,107,1634,19371,80421,47,1947,3771,5456,1161,641,14620,392,870,938,189,1718,4739,2638,48176,1135,1070,97,120,176124,153462,17197,4045,2908,3852,11175,672,4429,1882,2985,3355,843,3873,4013,10501,1826,2210,14146,61,3323,1906,32,2975,345,52,5734,5175,70237,522455,27040,290,75729,109327,8415,95160,4253,2501,12612,3479,3707,37,6669,18243,17948,250,13658,87277,8262,110751,1839,7151,7408,24785,3245,164571,5291,15997,7477,1786,6270,1146,268,66677,35429,205,101050,25528,25014,72760,77,14887,6149,4293,10443,118246,960,516,368,268,108,99,5528,741,1286,30404,11247,1762,11482,175075,14110,1099,3981,2145,2066,8759,11026,9307,11949,175,210,66,3873,54,6600,2398,3800,1392,50,22,2020,1791,3726,39897,19397,115609,7867,84734,95538,45674,95068,43426,94642,648,77600,95256,26900,24465,64497,50560,16916,3088,79,1855,305,1914,3510,412,113,86,60,10846,947,134623,42421,32314,473,532500,117470,11767,80900,90289,2572,1354,133060,56769,202060,13809,102223,464,100231,78,765,1835,278,1062,3439,458,13257,5789,43,2589,3512,2324,3604,1622,8676,5056,627,607,14810,9039,6089,6692,4590,1397,2478,2904,1322,1380,1010,1155,4365,16841,4501,1493,6151,8099,7721,46645,204590,332,8119,7387,4740,3159,2353,2437,3647,2124,279,19881,1767,3167,14051,1376,5039,1509,13716,4230,3746,2410,3525,328,1819,1744,8905,9049,3173,3535,2813,6780,5210,2809,3036,3688,14890,100,103,1584,2252,909,749,37320,169,24763,62,1288,102,17901,1787,18584,18019,23422,66,7310,242,447,2434,9581,288154,1452,4922,6741,3198,72,10075,426,843,1645,45888,16251,9591,3234,122,470,303,55,67,2577,4195,6851,1847,11661,1943,1806,5295,212553,1215,8035,347575,2000,16294,3869,18118,714,8888,1156,133,9837,3177,3622,3666,1436,1591,659,1810,4282,3569,3769,1419,4232,4454,68753,168,32364,6344,49,67078,17682,95,690,16918,1609,65,21871,3144,2741,704,10660,3943,86633,14519,1704,3091,3880,1666,4062,3337,3128,2125,29,3242,59,5035,254,74,374,841,557,2065,2306,115672,6622,38627,20233,4678,1785,2182,295,82918,224,39558,5522,32117,3186,1128,8301,58,79452,15260,27226,122465,24355,51776,870,429,1363,2989,1523,3934,2942,5214,20429,3727,118,434,4153,32,50,10639,9991,19,274,502,65130,128329,95778,25136,99720,11658,993,243328,263480,43513,132296,195461,226444,865,551,3021,2662,754,3355,2837,854,1216,1761,20045,0.0,0.0,0.0,0.0,0.0,0.0,0.0,0.0,0.0,0.0,0.0,0.0,0.0,0.0,0.0,0.0,0.0,0.0,0.0,0.0,0.0,0.0,0.0,0.0,0.0,0.0,0.0,0.0,0.0,0.0,0.0,0.0,0.0,0.0,0.0,0.0,0.0,0.0,0.0,0.0,0.0,0.0,0.0,0.0,0.0,0.0,0.0,0.0,0.0,0.0,0.0,0.0,0.0,0.0,0.0,0.0,0.0,0.0,0.0,0.0,0.0,0.0,0.0,0.0,0.0,0.0,0.0,0.0,0.0,0.0,0.0,0.0,0.0,0.0,0.0,0.0,0.0,0.0,0.0,0.0,0.0,0.0,0.0,0.0,0.0,0.0,0.0,0.0,0.0,0.0,0.0,0.0,0.0,0.0,0.0,0.0,0.0,0.0,0.0,0.0,0.0,0.0,0.0,0.0,0.0,0.0,0.0,0.0,0.0,0.0,0.0,0.0,0.0,0.0,0.0,0.0,0.0,0.0,0.0,0.0,0.0,0.0,0.0,0.0,0.0,0.0,0.0,0.0,0.0,0.0,0.0,0.0,0.0,0.0,0.0,0.0,0.0,0.0,0.0,0.0,0.0,0.0,0.0,0.0,0.0,0.0,0.0,0.0,0.0,0.0
ENCFF504HQG,0.1354901925147021,2303707,6710,18898,78263,936,117591,13562,710,796,548,1395,8294,6564,15348,43553,43918,6566,867,12418,11775,269,1353,218,209,131,2434,187555,8124,68150,7300,536,10424,1880,4348,3809,4784,4350,74,147,19137,22188,245,1624,288,2908,1069,12978,53028,35560,1018,2603,3376,936,862,14570,385,648,878,366,1333,3885,1333,36268,936,1514,54240,308,125886,112981,14550,2633,1631,42876,11036,549,2952,1118,1935,2133,549,2475,2619,7467,1041,1349,9393,55,2118,1162,65,2452,472,70,3818,3513,41237,382612,21384,329,57649,83500,5879,73148,3373,1502,10278,3524,3849,48,6437,16287,16318,355,10829,67556,4548,45787,588,2715,4033,18434,1068,60816,3464,12727,5835,1665,5236,632,266,57699,20741,130149,50053,16114,23681,51956,29945,11339,7509,2869,21650,106459,796,26858,214,213,95,77,4014,435,1718,21848,9031,1262,9108,85169,9167,927,2635,2831,3389,6702,8995,7860,13373,195,254,80,2553,45,4575,1438,4339,3032,4061,36,11111,1686,2306,30961,13949,142049,5260,61468,66719,35850,72483,31454,65424,415,61701,74272,24640,18686,51577,38483,17453,2192,49828,1960,466,1390,2191,291,143,52,122,9758,623,102290,30381,18042,730,1012592,94030,24931,61375,62202,2208,1376,96758,49982,151759,5931,86462,445,81404,89,793,1882,489,635,2137,563,9207,4476,77,1580,2366,1477,2281,1013,5548,3338,1295,464,10217,6662,4319,6358,2866,866,1432,1899,831,814,622,1213,2788,13080,3095,871,4289,5645,5345,36534,140469,110854,5207,7650,3111,2081,1573,1486,2252,1387,555,16261,1010,1914,10579,787,3540,880,10042,2682,2426,1509,2208,815,1048,5875,5940,5758,1848,2307,1676,4800,3549,1765,1914,2510,10146,79,51,860,1490,969,713,29965,357,20314,55,985,390,12659,1462,15445,14343,17421,60,5810,200,431,3718,7870,167288,12511,14386,5215,2517,8864,7148,367,321,1293,37872,15598,7747,2467,54,458,292,23,59,1617,2159,5273,1289,8241,1120,1087,7257,116117,8788,5343,251082,2167,11058,2323,12659,202559,6123,703,83070,207867,1939,2235,2315,835,825,3303,1007230,2687,2133,2436,1299,2683,2977,52485,130,25144,4824,41,54031,14655,92,500,13547,1573,74,15240,1927,3445,466,7104,2649,32555,8686,23082,2006,2439,978,2817,2071,2858,2755,55,2275,42,4194,632,125,280,20553,990,1102,2317,70549,2290,24986,12217,1970,1189,2029,420,71119,17281,33416,40227,23970,2376,837,5608,108,69281,13541,22801,102570,10572,41620,4631,813,835,13110,5382,2573,1875,3848,23388,2295,88,21429,2532,67,71,7823,7183,73,43092,474,48057,98715,74680,19203,73812,8938,1364,147507,203938,33683,96221,151837,171383,527,331,1882,1609,423,2176,3075,643,1029,1479,14378,0.0,0.0,0.0,0.0,0.0,0.0,0.0,0.0,0.0,0.0,0.0,0.0,0.0,0.0,0.0,0.0,0.0,0.0,0.0,0.0,0.0,0.0,0.0,0.0,0.0,0.0,0.0,0.0,0.0,0.0,0.0,0.0,0.0,0.0,0.0,0.0,0.0,0.0,0.0,0.0,0.0,0.0,0.0,0.0,0.0,0.0,0.0,0.0,0.0,0.0,0.0,0.0,0.0,0.0,0.0,0.0,0.0,0.0,0.0,0.0,0.0,0.0,0.0,0.0,0.0,0.0,0.0,0.0,0.0,0.0,0.0,0.0,0.0,0.0,0.0,0.0,0.0,0.0,0.0,0.0,0.0,0.0,0.0,0.0,0.0,0.0,0.0,0.0,0.0,0.0,0.0,0.0,0.0,0.0,0.0,0.0,0.0,0.0,0.0,0.0,0.0,0.0,0.0,0.0,0.0,0.0,0.0,0.0,0.0,0.0,0.0,0.0,0.0,0.0,0.0,0.0,0.0,0.0,0.0,0.0,0.0,0.0,0.0,0.0,0.0,0.0,0.0,0.0,0.0,0.0,0.0,0.0,0.0,0.0,0.0,0.0,0.0,0.0,0.0,0.0,0.0,0.0,0.0,0.0,0.0,0.0,0.0,0.0,0.0,0.0
ENCFF460MDW,0.17096876294443475,8240,79,695,21201,205,48475,2237,108,103,55,163,1287,790,2945,7602,12748,725,180,2263,1335,32,165,19,18,19,372,166,1350,13490,949,44,13,156,1034,909,15,941,8,1,2133,2663,16,98,12,17,267,2371,12104,24,264,543,701,82,56,1268,38,92,62,41,199,630,504,7055,225,227,63,21,18929,13688,1330,595,341,647,1132,47,624,328,391,424,130,637,608,896,217,348,1673,7,425,363,5,261,55,16,494,521,13129,44882,2452,47,6422,10099,1152,8533,621,319,989,332,393,4,716,1552,1785,121,1400,7821,790,16579,89,446,533,2001,192,26641,633,1452,578,109,525,74,15,6488,3053,83,14196,3104,2220,6242,10,1568,2479,594,930,20393,321,41,74,27,7,11,512,107,105,2596,897,95,1301,20865,1415,93,577,391,304,784,1015,924,1328,7,25,15,538,6,662,280,413,135,4,6,230,157,582,3002,1520,10799,974,8350,10459,4478,12730,4707,9031,162,6973,8824,2216,2273,7093,4837,1987,325,27,354,21,315,602,24,8,16,38,1076,58,19521,4242,4798,106,66982,13377,1410,8632,12508,279,141,12958,6949,24302,1184,9579,27,8877,6,63,177,5,182,474,78,1827,660,5,384,379,286,503,246,1227,660,28,56,1936,1196,591,640,799,171,391,400,244,140,108,68,600,1897,571,187,541,1150,947,5440,35740,130,1068,779,592,452,374,367,474,277,15,2548,275,667,1524,164,611,263,1267,653,521,373,476,40,256,195,1168,942,383,406,408,771,716,510,338,496,1474,10,6,199,359,132,120,3234,36,2013,3,81,9,1874,176,1839,1813,2655,3,774,22,18,809,790,43700,118,540,915,314,14,1105,27,91,386,5849,2803,1228,333,18,29,17,5,9,330,587,543,307,1051,306,261,688,32901,99,783,27945,223,1795,494,2865,275,1009,156,32,951,373,561,544,201,177,64,1003,707,536,566,171,637,681,7013,10,4589,399,16,6445,1836,14,130,1481,302,6,2664,370,203,28,1583,517,13961,1654,85,387,591,281,334,506,260,273,6,234,15,621,41,9,28,32,464,147,322,11613,468,4161,1917,317,212,171,63,6528,12,3341,506,2516,336,36,613,6,9304,1698,2889,11870,1620,9407,70,106,220,493,254,452,391,453,2698,463,4,47,554,9,14,791,819,5,30,26,6970,11908,9754,2456,8432,1216,807,21250,24280,4416,11925,18972,20714,113,24,315,325,116,407,156,82,55,181,1888,0.0,0.0,0.0,0.0,0.0,0.0,0.0,0.0,0.0,0.0,0.0,0.0,0.0,0.0,0.0,0.0,0.0,0.0,0.0,0.0,0.0,0.0,0.0,0.0,0.0,0.0,0.0,0.0,0.0,0.0,0.0,0.0,0.0,0.0,0.0,0.0,0.0,0.0,0.0,0.0,0.0,0.0,0.0,0.0,0.0,0.0,0.0,0.0,0.0,0.0,0.0,0.0,0.0,0.0,0.0,0.0,0.0,0.0,0.0,0.0,0.0,0.0,0.0,0.0,0.0,0.0,0.0,0.0,0.0,0.0,0.0,0.0,0.0,0.0,0.0,0.0,0.0,0.0,0.0,0.0,0.0,0.0,0.0,0.0,0.0,0.0,0.0,0.0,0.0,0.0,0.0,0.0,0.0,0.0,0.0,0.0,0.0,0.0,0.0,0.0,0.0,0.0,0.0,0.0,0.0,0.0,0.0,0.0,0.0,0.0,0.0,0.0,0.0,0.0,0.0,0.0,0.0,0.0,0.0,0.0,0.0,0.0,0.0,0.0,0.0,0.0,0.0,0.0,0.0,0.0,0.0,0.0,0.0,0.0,0.0,0.0,0.0,0.0,0.0,0.0,0.0,0.0,0.0,0.0,0.0,0.0,0.0,0.0,0.0,0.0
ENCFF373VRZ,0.13438445470248112,118303,87,1681,23265,271,115017,8253,443,308,237,953,5175,1421,4562,13666,13329,2062,693,3342,6240,142,708,65,113,75,2182,7715,3646,14758,3825,153,42,478,2569,2297,18,2778,32,5,8581,8816,56,211,79,13,676,6553,11601,427,1019,1650,1823,171,299,6125,72,371,413,204,1190,3216,109,3789,170,143,2001,450,23005,39464,5255,1510,889,2315,5529,41,1820,742,878,1148,277,1554,1966,2459,533,955,4468,24,1116,980,14,903,199,20,954,669,7115,140412,8529,196,24325,32271,3538,28685,1911,946,3390,1194,1437,45,3106,7378,8902,134,6268,32331,1046,24668,141,597,749,5811,322,34432,1473,7278,2469,226,1842,140,144,25425,3309,2815,7751,5396,12659,24821,243,4858,3166,1598,3440,20668,261,553,42,63,36,18,1669,390,1290,12800,3675,304,3412,23135,1589,260,1794,510,306,2291,4521,5520,6730,82,116,40,1304,53,1499,726,556,175,3,10,559,359,1637,11006,5492,39065,2926,18272,28392,11926,20554,13919,25089,129,22407,27983,10872,8919,23803,16685,3672,1042,669,518,20,909,1509,146,57,26,75,5241,142,23597,7901,4610,271,134875,35505,3862,20479,8693,907,674,26343,15540,34664,3299,41007,124,44570,105,278,1165,144,413,1252,373,4658,2140,49,955,880,790,1304,722,3263,1633,397,233,5503,3806,1930,3366,2106,425,1212,1066,603,379,322,322,1357,3536,1016,457,1376,3358,2075,5846,22526,6957,2908,3541,1517,1130,828,833,1230,628,101,6987,759,2128,5245,479,1939,744,4353,2349,1421,1303,1249,388,589,505,3295,2357,1237,1046,1073,2520,2180,1310,829,1378,3407,30,66,549,1034,712,468,14074,367,9551,34,196,123,5104,687,7664,8258,8705,19,2551,288,36,1332,3065,56211,845,1982,2893,1121,54,2525,49,124,1505,19317,5351,10052,1351,190,249,150,17,135,802,1348,2295,1060,4080,831,638,928,32899,242,2060,99815,463,5599,1302,7539,7998,2424,367,659,5136,1014,1534,1608,421,328,107,68665,2167,1338,1478,597,1389,1649,21622,56,14006,1161,34,30170,7307,30,462,6408,1221,184,7275,1023,2209,255,4638,1225,10551,1148,1120,962,1439,857,1044,1169,1479,695,43,951,81,2817,194,446,86,462,276,192,430,25018,983,6009,3395,495,775,1008,332,27347,395,11541,1689,10142,1497,57,2559,34,32099,5405,10985,39141,1238,9982,109,235,536,1407,776,1309,1044,1307,6157,1278,22,158,1323,34,49,2871,2869,8,378,319,23485,28609,22933,5963,27233,3990,488,48111,66670,10457,28246,54803,65826,137,80,871,817,386,1169,589,336,263,743,7928,0.0,0.0,0.0,0.0,0.0,0.0,0.0,0.0,0.0,0.0,0.0,0.0,0.0,0.0,0.0,0.0,0.0,0.0,0.0,0.0,0.0,0.0,0.0,0.0,0.0,0.0,0.0,0.0,0.0,0.0,0.0,0.0,0.0,0.0,0.0,0.0,0.0,0.0,0.0,0.0,0.0,0.0,0.0,0.0,0.0,0.0,0.0,0.0,0.0,0.0,0.0,0.0,0.0,0.0,0.0,0.0,0.0,0.0,0.0,0.0,0.0,0.0,0.0,0.0,0.0,0.0,0.0,0.0,0.0,0.0,0.0,0.0,0.0,0.0,0.0,0.0,0.0,0.0,0.0,0.0,0.0,0.0,0.0,0.0,0.0,0.0,0.0,0.0,0.0,0.0,0.0,0.0,0.0,0.0,0.0,0.0,0.0,0.0,0.0,0.0,0.0,0.0,0.0,0.0,0.0,0.0,0.0,0.0,0.0,0.0,0.0,0.0,0.0,0.0,0.0,0.0,0.0,0.0,0.0,0.0,0.0,0.0,0.0,0.0,0.0,0.0,0.0,0.0,0.0,0.0,0.0,0.0,0.0,0.0,0.0,0.0,0.0,0.0,0.0,0.0,0.0,0.0,0.0,0.0,0.0,0.0,0.0,0.0,0.0,0.0
ENCFF716DCY,0.13168233286273104,552095,154,5037,63241,791,186220,19615,904,941,549,1498,8552,4351,8031,26989,39189,3392,2269,9037,8851,222,1133,118,328,287,2800,44271,7383,34887,6519,220,86,858,5392,5055,44,5575,107,42,13012,16209,375,660,240,54,1299,13212,38280,2399,1617,3466,3697,272,721,8777,177,627,507,741,2088,4767,496,12016,344,688,12574,587,51591,72929,8011,3111,1789,4522,9466,89,3648,1695,1931,2274,657,3189,3597,4226,1081,1868,9207,87,2246,1966,48,1886,1190,162,4243,1338,12528,232000,12336,292,35532,59535,7020,50219,3783,1874,6744,3155,3789,132,6015,12568,15119,1151,9782,55683,2454,69838,335,1563,1859,10253,762,116098,3139,9478,4110,1020,3320,364,215,45925,8935,15202,28932,11184,20595,44937,1468,9701,8517,3092,6593,82303,1220,2919,134,302,197,69,3076,1019,1573,17720,5336,532,6426,58492,3528,603,3769,6019,4475,4270,7997,10131,10290,109,333,120,2747,179,3253,1535,2485,1321,22,65,1084,733,3399,17577,9146,62998,5159,30855,51886,19904,41187,25021,45017,519,39263,50767,14360,14617,40914,26606,6966,1838,2941,410,39,1863,3199,290,177,109,121,7109,481,53393,12697,13081,699,197986,48221,7367,32590,21515,1687,1152,47466,21983,62217,3736,60873,200,59550,256,396,1875,289,898,2488,521,9357,3533,143,1857,1813,1764,2726,1510,6512,3178,326,389,9803,7173,3652,5319,4469,883,2474,2163,1218,745,638,549,2636,7351,1610,1008,2564,6349,4508,13079,83658,42302,6016,5660,2860,2187,1824,1770,2292,1318,159,14853,1583,4306,8860,906,3622,1475,7484,4624,2873,2544,2514,469,1216,917,6462,4809,2635,2121,2182,4538,4042,2825,1603,2904,6410,100,100,1141,2321,1566,1026,20038,903,15111,93,316,196,9133,1068,12033,11944,12326,218,4090,566,201,2460,4259,125422,3397,3250,5624,1763,628,4885,159,2208,2515,34887,11558,10373,2442,295,455,338,28,304,1580,1826,3374,2047,8915,1697,1205,2661,102078,455,4381,183527,998,9976,2603,14589,48596,4482,804,2886,21084,2128,3086,3158,878,739,168,403982,4246,2872,2798,935,2750,3211,42994,395,26900,2221,185,49106,11535,38,684,9168,1907,432,14430,1930,1660,525,8640,2699,47083,2438,6295,2040,2972,1679,1905,2511,2306,1296,117,2216,179,4503,409,467,214,3152,913,372,1300,42616,1648,11998,6104,1073,1331,1857,750,51377,2305,18253,3306,14709,3582,97,3994,85,56518,9908,16784,66117,3210,24593,241,764,1118,2799,1614,2694,2140,2587,8774,2432,30,240,2672,75,165,4583,4305,48,1992,272,40045,51167,41197,10766,45924,7104,1303,88911,123355,18246,50600,95224,115418,331,87,1879,1707,833,2377,1416,1421,482,1310,11667,0.0,0.0,0.0,0.0,0.0,0.0,0.0,0.0,0.0,0.0,0.0,0.0,0.0,0.0,0.0,0.0,0.0,0.0,0.0,0.0,0.0,0.0,0.0,0.0,0.0,0.0,0.0,0.0,0.0,0.0,0.0,0.0,0.0,0.0,0.0,0.0,0.0,0.0,0.0,0.0,0.0,0.0,0.0,0.0,0.0,0.0,0.0,0.0,0.0,0.0,0.0,0.0,0.0,0.0,0.0,0.0,0.0,0.0,0.0,0.0,0.0,0.0,0.0,0.0,0.0,0.0,0.0,0.0,0.0,0.0,0.0,0.0,0.0,0.0,0.0,0.0,0.0,0.0,0.0,0.0,0.0,0.0,0.0,0.0,0.0,0.0,0.0,0.0,0.0,0.0,0.0,0.0,0.0,0.0,0.0,0.0,0.0,0.0,0.0,0.0,0.0,0.0,0.0,0.0,0.0,0.0,0.0,0.0,0.0,0.0,0.0,0.0,0.0,0.0,0.0,0.0,0.0,0.0,0.0,0.0,0.0,0.0,0.0,0.0,0.0,0.0,0.0,0.0,0.0,0.0,0.0,0.0,0.0,0.0,0.0,0.0,0.0,0.0,0.0,0.0,0.0,0.0,0.0,0.0,0.0,0.0,0.0,0.0,0.0,0.0
ENCFF000YFS,0.058010907256500835,5486,25,364,4746,94,9983,637,43,32,31,73,288,317,735,2631,2621,383,40,465,617,24,69,13,8,6,99,188,332,2621,375,25,26,48,176,183,6,189,0,1,711,1108,3,59,0,1,45,531,2519,17,70,98,141,44,33,741,13,33,53,16,53,163,38,1201,32,44,54,5,4856,5261,763,104,62,142,604,31,111,74,81,90,36,106,116,411,51,52,346,0,77,51,0,138,15,3,145,151,1945,18006,1098,10,3016,4147,265,3772,147,57,494,135,171,3,275,797,795,18,509,3275,319,2931,65,306,256,867,141,4031,162,712,287,59,302,34,11,2996,991,898,1744,714,1315,2881,44,443,301,114,378,5127,43,54,9,10,3,4,215,29,55,1149,510,73,453,4706,355,39,120,95,68,295,508,475,590,6,6,6,95,2,189,73,258,406,8,1,73,79,98,1561,785,4450,246,2946,3502,1570,3536,1369,2770,16,2782,3262,1139,949,2391,1879,647,87,60,85,7,51,91,17,2,3,5,466,24,3776,1399,754,10,20308,4037,397,2959,2265,117,76,4298,2022,6074,691,4837,18,5190,4,38,96,24,31,84,20,380,214,1,82,105,63,95,43,264,161,43,19,466,310,193,285,140,43,83,75,50,32,21,49,119,488,150,34,189,255,193,1206,2968,136,238,334,130,86,66,58,73,61,12,729,47,73,504,35,173,38,382,123,102,67,88,20,46,54,266,211,82,101,81,263,147,85,88,97,377,3,2,40,64,51,38,1590,27,982,3,59,9,631,97,707,716,744,6,224,10,28,129,430,6974,65,219,209,111,12,225,11,13,79,1380,597,283,147,3,26,28,2,4,76,150,293,50,422,61,65,146,5980,42,207,12694,56,632,112,501,307,280,31,77,486,79,91,105,50,39,25,1046,113,80,112,63,111,119,2620,4,1093,282,1,3064,773,2,26,648,76,7,649,69,164,35,309,109,1699,336,56,108,100,46,133,78,139,66,4,124,2,208,14,5,27,46,33,82,57,4415,298,1059,649,200,35,96,40,3899,32,1556,223,1311,146,32,334,4,2909,550,1019,4106,311,1495,28,26,29,95,44,98,74,139,846,86,3,32,113,0,2,407,442,0,40,27,2547,3828,3077,725,3557,448,27,7246,8684,1363,4054,6365,8165,21,23,88,87,32,94,111,38,45,61,732,0.0,0.0,0.0,0.0,0.0,0.0,0.0,0.0,0.0,0.0,0.0,0.0,0.0,0.0,0.0,0.0,0.0,0.0,0.0,0.0,0.0,0.0,0.0,0.0,0.0,0.0,0.0,0.0,0.0,0.0,0.0,0.0,0.0,0.0,0.0,0.0,0.0,0.0,0.0,0.0,0.0,0.0,0.0,0.0,0.0,0.0,0.0,0.0,0.0,0.0,0.0,0.0,0.0,0.0,0.0,0.0,0.0,0.0,0.0,0.0,0.0,0.0,0.0,0.0,0.0,0.0,0.0,0.0,0.0,0.0,0.0,0.0,0.0,0.0,0.0,0.0,0.0,0.0,0.0,0.0,0.0,0.0,0.0,0.0,0.0,0.0,0.0,0.0,0.0,0.0,0.0,0.0,0.0,0.0,0.0,0.0,0.0,0.0,0.0,0.0,0.0,0.0,0.0,0.0,0.0,0.0,0.0,0.0,0.0,0.0,0.0,0.0,0.0,0.0,0.0,0.0,0.0,0.0,0.0,0.0,0.0,0.0,0.0,0.0,0.0,0.0,0.0,0.0,0.0,0.0,0.0,0.0,0.0,0.0,0.0,0.0,0.0,0.0,0.0,0.0,0.0,0.0,0.0,0.0,0.0,0.0,0.0,0.0,0.0,0.0
ENCFF294BAO,0.22560120988992172,662735,265,2366,8273,135,23260,1615,80,62,66,234,796,423,1058,5618,4752,484,73,1281,1171,35,127,17,14,8,173,51568,635,7952,734,46,2765,91,318,311,1097,353,9,26,1820,2060,26,212,9,77,117,1054,8052,6724,112,173,213,72,58,1343,27,68,67,17,119,400,83,3352,90,82,15840,60,11027,8356,1338,197,120,11730,1521,43,237,85,123,165,25,153,211,663,72,110,692,3,144,92,2,182,286,5,313,281,6570,34330,1977,20,5321,7410,498,6387,190,112,1063,392,474,3,654,1594,1572,22,1013,6741,383,4503,81,333,376,1585,153,9195,306,1107,674,127,463,82,25,6008,1416,31813,6720,1112,2042,4987,9793,967,786,221,4881,10938,138,7845,27,23,7,7,429,65,267,2138,948,159,910,9004,733,80,223,279,296,593,1043,798,1522,10,22,7,170,2,331,122,301,91,876,18,3532,151,211,3015,1278,24680,362,5191,6645,2954,7656,2688,5175,38,5257,6272,2159,1710,5096,3361,1354,169,11388,197,24,71,179,27,11,2,19,858,36,7343,2243,1235,41,64673,7316,6875,5335,4961,214,162,8250,4144,12713,653,8625,51,7783,4,65,274,179,46,168,56,689,484,7,113,187,106,127,72,510,253,230,54,812,598,386,693,223,50,99,120,67,61,37,152,199,1263,232,67,327,522,435,2949,16659,33945,419,762,226,147,97,98,162,88,142,1468,86,150,1141,71,259,63,858,182,179,98,173,323,78,1059,431,411,143,186,126,513,274,132,150,155,716,7,7,71,80,123,96,3024,43,2327,8,119,22,1164,169,1679,1789,1678,9,507,9,43,498,943,17393,3232,3805,480,167,3197,540,45,60,124,2703,1534,1085,240,8,52,27,2,10,108,346,452,106,705,77,90,532,10838,2722,386,22142,147,1004,165,1027,55876,478,63,25591,63407,141,217,187,74,87,945,297953,213,147,208,123,211,243,4734,10,1966,400,4,5389,2050,7,47,1360,146,9,1163,121,280,51,598,208,5739,809,10880,179,189,87,202,140,231,70,5,190,4,394,23,13,20,5898,122,105,133,6207,318,1868,997,199,109,169,36,7896,5087,2760,8783,2172,273,77,537,22,6291,1165,2516,10900,1636,5557,823,48,73,4059,211,197,130,266,950,191,5,6848,182,1,10,686,697,6,11658,24,4351,8330,6181,1453,6361,754,120,14520,17239,2600,8282,13169,14653,44,32,141,138,44,146,343,69,79,121,1203,0.0,0.0,0.0,0.0,0.0,0.0,0.0,0.0,0.0,0.0,0.0,0.0,0.0,0.0,0.0,0.0,0.0,0.0,0.0,0.0,0.0,0.0,0.0,0.0,0.0,0.0,0.0,0.0,0.0,0.0,0.0,0.0,0.0,0.0,0.0,0.0,0.0,0.0,0.0,0.0,0.0,0.0,0.0,0.0,0.0,0.0,0.0,0.0,0.0,0.0,0.0,0.0,0.0,0.0,0.0,0.0,0.0,0.0,0.0,0.0,0.0,0.0,0.0,0.0,0.0,0.0,0.0,0.0,0.0,0.0,0.0,0.0,0.0,0.0,0.0,0.0,0.0,0.0,0.0,0.0,0.0,0.0,0.0,0.0,0.0,0.0,0.0,0.0,0.0,0.0,0.0,0.0,0.0,0.0,0.0,0.0,0.0,0.0,0.0,0.0,0.0,0.0,0.0,0.0,0.0,0.0,0.0,0.0,0.0,0.0,0.0,0.0,0.0,0.0,0.0,0.0,0.0,0.0,0.0,0.0,0.0,0.0,0.0,0.0,0.0,0.0,0.0,0.0,0.0,0.0,0.0,0.0,0.0,0.0,0.0,0.0,0.0,0.0,0.0,0.0,0.0,0.0,0.0,0.0,0.0,0.0,0.0,0.0,0.0,0.0
ENCFF479ECJ,0.09697723440095748,28268,141,4573,20039,240,61671,4597,204,145,188,399,2385,1021,3808,10089,13329,1514,687,2957,3896,141,726,49,117,34,771,566,2205,13670,3020,162,58,383,1299,1229,21,1435,15,0,5320,9196,30,419,39,41,517,4335,12428,43,699,772,947,337,396,9487,68,360,166,76,711,1320,508,6757,2061,187,156,141,27730,32511,7510,766,490,1246,8272,212,873,432,546,606,160,789,903,2788,309,539,2643,8,546,464,7,1094,106,17,750,664,13507,115847,7877,64,20835,31549,1658,27846,819,454,4684,1056,1243,14,3389,6981,6789,49,3348,29286,850,23892,83,470,726,5549,208,33432,885,5296,2015,743,2110,199,15,32459,4110,253,14378,3630,19231,25363,31,2818,3103,795,2670,25193,228,123,38,74,22,26,1802,397,530,7654,3492,335,2402,20502,1689,330,864,1022,657,1993,2680,2524,8912,36,63,21,818,13,965,415,875,753,5,16,343,1303,748,12764,5524,36918,1929,16092,23708,8830,17884,12245,19429,127,25045,28913,12523,7815,20086,14787,3261,703,76,468,158,441,771,103,24,43,65,3848,51,23274,6807,3866,191,176253,26606,3369,20203,12662,957,373,25901,11246,33264,1236,35562,96,34545,13,258,884,18,183,642,261,3579,2749,13,492,546,397,623,336,1681,974,1174,176,4249,3853,1394,5160,1088,263,536,607,283,230,133,1102,902,3603,552,238,1056,1834,1288,6981,42604,449,1735,5006,959,566,471,393,658,384,1003,8038,348,907,5740,221,1324,414,4051,908,658,511,638,2130,348,409,1688,1443,573,618,601,2367,1354,747,438,868,2602,13,13,274,500,466,190,15581,56,9328,15,216,83,4782,697,7753,5940,6526,11,2039,26,48,987,3250,51362,507,1458,2598,910,14,1459,80,329,1424,10880,4552,4166,1266,27,309,23,1,19,527,644,1591,426,2553,432,311,1781,31331,174,1160,95307,301,5114,685,4323,862,1637,246,95,2514,538,741,695,289,241,201,3532,917,684,700,331,711,878,18504,12,10215,1126,19,26152,7900,49,319,4091,709,23,5172,516,1250,146,2861,727,11015,1432,271,573,785,413,720,584,1584,407,28,905,13,2493,481,40,77,140,248,104,432,14385,522,5121,2565,409,555,388,95,28523,112,11168,872,9845,1172,65,2361,14,20762,4046,8542,33195,2030,11789,103,102,244,689,301,672,523,1326,3448,629,16,128,739,11,12,3046,3399,11,55,112,20891,27277,20568,5038,24734,3525,310,46187,66165,8612,26376,51682,58367,160,87,420,450,163,532,1335,364,315,533,4846,0.0,0.0,0.0,0.0,0.0,0.0,0.0,0.0,0.0,0.0,0.0,0.0,0.0,0.0,0.0,0.0,0.0,0.0,0.0,0.0,0.0,0.0,0.0,0.0,0.0,0.0,0.0,0.0,0.0,0.0,0.0,0.0,0.0,0.0,0.0,0.0,0.0,0.0,0.0,0.0,0.0,0.0,0.0,0.0,0.0,0.0,0.0,0.0,0.0,0.0,0.0,0.0,0.0,0.0,0.0,0.0,0.0,0.0,0.0,0.0,0.0,0.0,0.0,0.0,0.0,0.0,0.0,0.0,0.0,0.0,0.0,0.0,0.0,0.0,0.0,0.0,0.0,0.0,0.0,0.0,0.0,0.0,0.0,0.0,0.0,0.0,0.0,0.0,0.0,0.0,0.0,0.0,0.0,0.0,0.0,0.0,0.0,0.0,0.0,0.0,0.0,0.0,0.0,0.0,0.0,0.0,0.0,0.0,0.0,0.0,0.0,0.0,0.0,0.0,0.0,0.0,0.0,0.0,0.0,0.0,0.0,0.0,0.0,0.0,0.0,0.0,0.0,0.0,0.0,0.0,0.0,0.0,0.0,0.0,0.0,0.0,0.0,0.0,0.0,0.0,0.0,0.0,0.0,0.0,0.0,0.0,0.0,0.0,0.0,0.0
ENCFF000RNI,0.2354879373786485,175951,406,9280,79992,1556,252754,19977,655,2407,1007,1627,6161,18572,27194,31433,114487,12946,1923,14756,17854,617,2716,451,639,494,2673,8362,7573,112791,15341,1046,693,1521,3905,3604,150,6202,205,23,19766,39747,458,2566,63,141,2287,15767,26956,1054,1332,1733,2600,1932,1170,23383,799,1449,1681,670,4635,3811,668,17765,1918,977,1898,89,106476,134012,26161,2225,1347,4043,17784,1154,2545,1057,1542,1876,380,1839,2652,12835,833,899,7278,130,1636,993,173,5002,626,162,4319,2061,18841,537420,36553,380,98109,133887,7147,114097,2568,1141,20640,6199,6452,167,9915,25138,24865,869,10597,112490,8129,78643,980,4071,4610,29007,1881,102931,2675,21881,10749,3290,10588,1602,974,114616,47860,4496,77917,24975,38882,106899,1301,10696,8471,2445,12000,56710,1270,1896,263,404,107,83,8711,1202,1459,30821,18691,3018,13666,79272,5371,1983,2543,6849,5129,8950,15982,14749,20634,325,836,261,1990,132,3685,994,1704,526,105,0,1445,2984,2226,52462,25509,148303,5602,102630,105915,38775,58904,35463,67568,1291,91241,104546,37945,33104,68975,63713,15095,2411,1880,2374,93,913,1696,961,640,192,567,12225,1605,91558,25037,53374,1326,548812,108264,10067,94047,49414,4955,1723,114830,51803,120896,12679,155674,650,156961,295,1064,2122,156,561,2130,827,8716,8235,142,1098,1696,1055,1768,768,5883,3240,698,862,13256,8570,6457,7396,2368,470,1338,1480,693,690,547,1792,2004,12814,2717,672,5282,5674,4852,16495,36072,3463,5869,10304,2860,1698,1403,1178,1859,711,470,24211,1133,1796,17957,837,4219,847,10808,1841,2102,847,1827,484,886,1635,4651,4808,1517,1742,1391,7923,3673,1581,1447,1545,8762,63,273,819,1260,2433,760,52940,1043,34997,132,1798,360,22317,2945,23661,22444,19570,165,10456,1603,847,3196,14579,206590,2574,6962,5650,3299,281,6391,902,791,3139,41363,16123,6648,5561,618,866,649,79,553,1236,6839,8337,1391,10472,942,1140,3421,150421,1126,4235,412491,1372,20551,1857,13604,7872,6369,663,3414,17359,1427,2328,2473,722,933,1042,41379,2835,2070,2536,1160,2359,3080,88850,1005,29650,7403,266,90205,25012,236,1152,17409,2476,404,17218,1639,5668,1891,7608,2461,48878,4247,2423,1566,2600,992,2848,1725,5416,2062,141,3479,256,5332,899,153,1232,2081,2585,2987,2944,87474,4723,15362,12873,2652,1381,4101,1615,140785,964,52530,5220,46655,7009,1802,10353,45,110664,20217,34206,146425,3738,42228,640,1502,728,2122,1032,2491,1371,2745,14039,2288,126,1919,1904,39,169,15182,15748,82,1743,670,85072,108350,76492,20076,121257,13267,1376,181165,266951,32803,111359,194452,257759,1390,609,1299,1231,431,1637,5122,944,1669,2242,21020,0.0,0.0,0.0,0.0,0.0,0.0,0.0,0.0,0.0,0.0,0.0,0.0,0.0,0.0,0.0,0.0,0.0,0.0,0.0,0.0,0.0,0.0,0.0,0.0,0.0,0.0,0.0,0.0,0.0,0.0,0.0,0.0,0.0,0.0,0.0,0.0,0.0,0.0,0.0,0.0,0.0,0.0,0.0,0.0,0.0,0.0,0.0,0.0,0.0,0.0,0.0,0.0,0.0,0.0,0.0,0.0,0.0,0.0,0.0,0.0,0.0,0.0,0.0,0.0,0.0,0.0,0.0,0.0,0.0,0.0,0.0,0.0,0.0,0.0,0.0,0.0,0.0,0.0,0.0,0.0,0.0,0.0,0.0,0.0,0.0,0.0,0.0,0.0,0.0,0.0,0.0,0.0,0.0,0.0,0.0,0.0,0.0,0.0,0.0,0.0,0.0,0.0,0.0,0.0,0.0,0.0,0.0,0.0,0.0,0.0,0.0,0.0,0.0,0.0,0.0,0.0,0.0,0.0,0.0,0.0,0.0,0.0,0.0,0.0,0.0,0.0,0.0,0.0,0.0,0.0,0.0,0.0,0.0,0.0,0.0,0.0,0.0,0.0,0.0,0.0,0.0,0.0,0.0,0.0,0.0,0.0,0.0,0.0,0.0,0.0
ENCFF489OVA,0.10416961945953021,421995,5163,13219,92920,1074,131472,21150,729,1089,971,2388,10034,7341,19828,37253,38307,8654,1482,16529,17284,628,2249,310,244,218,3414,28008,10274,59293,11509,875,2131,2041,5448,4991,915,6026,90,361,28502,34172,473,2712,189,1968,1788,18187,68407,4985,1479,3182,4298,1279,1808,25170,544,1083,1281,591,2114,5376,1680,29087,1141,3289,7630,531,143787,152648,24784,3355,2093,9343,19840,959,3802,1486,2319,2743,668,2952,3369,11356,1297,1538,11293,67,2527,1509,44,4217,729,88,4442,3944,55413,532420,33700,586,91329,129262,7728,112952,4174,1879,16769,5780,5773,67,10399,26747,25870,926,16384,104725,5411,60650,732,3179,4644,27659,1287,71142,4250,18703,9350,2906,8909,1446,310,99615,25217,18287,55671,19620,53166,83659,5277,14693,9660,3719,15826,111536,2034,4698,301,377,115,163,6576,835,2957,32148,14513,2095,14069,91857,9858,1361,3408,3880,3562,9256,13230,11454,23150,302,665,167,2995,53,5556,1752,6012,57187,681,100,3064,2314,3059,49162,22400,145982,6964,81166,92025,46262,79533,44410,87440,652,92528,108072,36036,29123,82609,60572,24462,2954,6216,2425,911,1591,2603,523,199,242,350,13766,800,104613,36202,19762,1743,1039003,120683,14712,86052,57396,3799,2073,129355,63516,172020,6550,141273,655,135414,140,1255,3636,986,841,2826,912,12097,7442,201,1953,2905,1778,2657,1240,7501,4445,2136,743,14221,9560,6304,10768,3375,934,1857,2230,934,1005,837,2194,3289,18391,3955,1070,5338,7702,6802,39622,130903,17779,7028,12518,3911,2600,1925,1752,2800,1559,908,28433,1250,2436,16371,1033,4589,1067,13690,3129,2969,1672,2849,2355,1292,2706,7589,7413,2295,2903,1998,7436,4499,2290,2303,2822,12657,85,145,1157,1773,1607,1044,45283,597,31176,81,1691,538,19937,2632,24767,22406,23622,52,8303,274,545,6017,12499,191210,3116,8552,7788,3677,1595,9189,651,795,2556,51399,21366,10814,3970,240,677,370,21,86,2005,5222,8897,1919,12647,1526,1518,4598,122741,2234,6448,394261,2176,17375,2953,16599,29318,8386,846,12182,41140,2455,2881,3097,1065,1265,1110,148913,3644,2574,3252,1668,3551,3996,78287,192,33013,7087,119,86651,23119,136,904,18990,3167,107,20488,2300,7386,774,9348,3145,69529,9698,4847,2768,3214,1229,3353,2397,4880,2687,145,3807,122,6620,926,289,488,3951,1871,1472,2704,60858,2916,28915,13705,2374,1468,2656,696,116282,2865,49332,9461,38631,3996,1221,8638,175,110659,20832,36392,162873,11320,43042,1274,1275,1065,4150,4339,3250,2068,5044,25998,2817,81,3383,3229,92,119,12227,12298,57,6042,702,77688,135959,99767,26084,112210,13923,3301,197074,295540,43109,129884,218018,259330,798,549,2431,1992,577,2476,4943,1139,1472,2209,20936,0.0,0.0,0.0,0.0,0.0,0.0,0.0,0.0,0.0,0.0,0.0,0.0,0.0,0.0,0.0,0.0,0.0,0.0,0.0,0.0,0.0,0.0,0.0,0.0,0.0,0.0,0.0,0.0,0.0,0.0,0.0,0.0,0.0,0.0,0.0,0.0,0.0,0.0,0.0,0.0,0.0,0.0,0.0,0.0,0.0,0.0,0.0,0.0,0.0,0.0,0.0,0.0,0.0,0.0,0.0,0.0,0.0,0.0,0.0,0.0,0.0,0.0,0.0,0.0,0.0,0.0,0.0,0.0,0.0,0.0,0.0,0.0,0.0,0.0,0.0,0.0,0.0,0.0,0.0,0.0,0.0,0.0,0.0,0.0,0.0,0.0,0.0,0.0,0.0,0.0,0.0,0.0,0.0,0.0,0.0,0.0,0.0,0.0,0.0,0.0,0.0,0.0,0.0,0.0,0.0,0.0,0.0,0.0,0.0,0.0,0.0,0.0,0.0,0.0,0.0,0.0,0.0,0.0,0.0,0.0,0.0,0.0,0.0,0.0,0.0,0.0,0.0,0.0,0.0,0.0,0.0,0.0,0.0,0.0,0.0,0.0,0.0,0.0,0.0,0.0,0.0,0.0,0.0,0.0,0.0,0.0,0.0,0.0,0.0,0.0
ENCFF000ZGC,0.10132009624662316,59780,110,4119,25344,590,117284,6071,263,345,278,463,2760,2091,4407,11134,25851,2314,309,5219,6244,117,451,53,17,20,840,2416,2920,12119,2657,180,153,382,1551,1486,83,1465,23,8,7119,8216,37,523,84,32,505,5674,13208,285,352,1030,1325,356,220,6008,92,274,303,72,489,1238,314,9163,183,280,643,22,37965,38350,5133,867,673,1307,3561,237,995,474,699,729,205,964,942,2764,397,526,3284,5,859,454,13,874,237,11,1102,1074,13059,146884,8683,1574,21464,31277,2104,27654,950,568,3659,1165,1266,6,2262,5795,6093,25,4115,30111,1650,17070,284,1266,1629,6966,530,23056,1151,6750,5160,524,1927,404,73,23409,6150,1575,12321,4701,8055,20776,366,3975,3463,968,3246,30082,179,563,69,92,20,18,1654,198,488,10324,3337,589,2788,26463,2659,285,982,407,436,2427,3250,2680,3779,28,117,24,965,16,1692,536,464,216,45,17,728,1075,812,11450,5396,43251,2063,23436,29617,15564,22242,12409,24919,200,24481,29361,11811,6854,20922,14198,3578,791,588,601,155,526,831,96,50,11,10,4592,152,24534,9464,5783,109,144795,28868,3205,19980,16300,836,517,30937,14144,44383,2539,30255,117,30162,49,375,872,37,271,759,184,3628,1830,51,614,912,561,859,412,2031,1178,216,253,4250,2178,1782,1787,1148,314,524,644,333,334,246,359,1062,4401,1038,344,1543,2475,2289,8489,42962,1332,2363,2742,1160,740,559,676,915,515,124,5959,402,762,4429,325,1733,352,3719,1054,825,566,903,601,424,472,2231,2220,706,794,674,1956,1405,847,705,885,4420,17,32,386,582,764,377,11944,26,7731,17,435,398,6322,445,5088,7007,5562,21,2142,57,111,779,3768,58618,651,1485,1753,901,139,2471,114,139,423,13543,6176,2636,946,11,140,70,7,35,652,635,1850,441,3272,511,447,1038,32365,426,2239,102052,475,4650,940,4780,2724,2283,279,1113,4639,723,824,910,321,369,222,13618,1056,799,952,611,1016,1073,22491,35,8716,1938,17,23484,5630,336,161,4970,360,34,7462,742,2419,236,2545,1031,15656,2320,820,700,999,401,985,785,1189,588,28,1025,12,1931,193,32,121,536,141,363,630,17057,1269,7386,3976,905,355,471,92,25820,361,15266,1569,8924,727,314,2240,8,29915,4436,9085,37523,4129,12182,212,59,338,938,422,839,692,1576,4774,876,46,458,1003,7,18,2654,2677,4,494,112,21385,38702,26484,6807,29732,3618,580,59994,80601,11401,37615,59578,68709,194,79,707,635,193,761,867,780,353,513,6879,0.0,0.0,0.0,0.0,0.0,0.0,0.0,0.0,0.0,0.0,0.0,0.0,0.0,0.0,0.0,0.0,0.0,0.0,0.0,0.0,0.0,0.0,0.0,0.0,0.0,0.0,0.0,0.0,0.0,0.0,0.0,0.0,0.0,0.0,0.0,0.0,0.0,0.0,0.0,0.0,0.0,0.0,0.0,0.0,0.0,0.0,0.0,0.0,0.0,0.0,0.0,0.0,0.0,0.0,0.0,0.0,0.0,0.0,0.0,0.0,0.0,0.0,0.0,0.0,0.0,0.0,0.0,0.0,0.0,0.0,0.0,0.0,0.0,0.0,0.0,0.0,0.0,0.0,0.0,0.0,0.0,0.0,0.0,0.0,0.0,0.0,0.0,0.0,0.0,0.0,0.0,0.0,0.0,0.0,0.0,0.0,0.0,0.0,0.0,0.0,0.0,0.0,0.0,0.0,0.0,0.0,0.0,0.0,0.0,0.0,0.0,0.0,0.0,0.0,0.0,0.0,0.0,0.0,0.0,0.0,0.0,0.0,0.0,0.0,0.0,0.0,0.0,0.0,0.0,0.0,0.0,0.0,0.0,0.0,0.0,0.0,0.0,0.0,0.0,0.0,0.0,0.0,0.0,0.0,0.0,0.0,0.0,0.0,0.0,0.0
ENCFF000CNP,0.13490935526681047,6303,63,641,3569,70,13126,1161,48,73,46,101,583,510,1044,1409,3599,589,94,1107,1255,26,161,22,10,13,306,8,639,2451,819,50,23,121,340,311,0,484,14,1,1512,2355,10,169,5,21,158,1071,3157,4,110,254,259,120,73,1246,43,80,95,73,185,278,19,1332,62,92,3,2,8037,8967,1481,226,132,164,994,39,269,97,149,195,45,194,220,790,78,94,736,1,143,72,4,261,89,7,256,186,1385,34858,2237,14,5669,8789,571,7611,317,106,1329,506,647,7,680,1510,1477,63,931,5889,357,3824,54,235,286,1872,103,3543,256,1283,518,206,644,79,49,6041,1614,12,2560,1146,2144,5786,4,954,494,234,773,4187,96,40,18,14,5,4,502,83,84,2300,1008,131,838,3545,443,78,213,198,214,531,903,827,1077,22,46,10,208,8,352,100,501,600,3,0,87,148,195,3076,1422,9047,399,5652,7104,2952,4000,2742,5485,48,5744,6780,1978,1804,5007,4430,1392,179,6,159,5,116,164,42,29,2,7,822,58,3865,1945,1235,147,46294,7013,580,5270,2800,299,140,7662,3621,8726,471,9394,36,9465,9,131,131,10,43,171,46,696,453,6,119,140,122,172,55,486,286,47,37,1003,675,433,511,247,80,83,146,51,58,40,89,216,1050,237,52,390,455,423,1374,2143,25,413,545,207,174,140,104,176,84,18,1292,68,137,1073,75,308,60,792,202,206,115,157,14,67,104,411,451,144,178,122,489,296,110,128,212,720,2,1,56,97,77,163,3131,22,1917,3,116,9,1323,157,1237,1519,1390,9,660,25,48,258,795,8427,147,387,424,206,1,559,35,46,153,3227,1121,489,355,12,26,38,3,8,116,242,471,141,590,103,75,216,4870,51,351,23258,126,1270,189,1100,62,509,37,3,617,141,195,215,78,66,37,126,229,180,219,79,214,253,5890,12,2130,502,10,5687,1452,4,56,2018,102,19,1212,140,262,64,625,246,1066,316,103,124,212,52,260,156,253,102,13,203,7,317,15,133,31,76,80,99,149,2913,218,1208,840,152,90,330,75,8000,12,2839,290,2653,250,73,542,1,7292,1501,2306,9718,380,1940,65,70,55,106,84,227,137,255,1081,187,5,38,176,11,12,951,876,12,15,25,4934,7665,6077,1427,7065,847,85,11040,17646,2511,7599,12835,16267,53,32,133,121,33,176,294,45,84,169,1439,0.0,0.0,0.0,0.0,0.0,0.0,0.0,0.0,0.0,0.0,0.0,0.0,0.0,0.0,0.0,0.0,0.0,0.0,0.0,0.0,0.0,0.0,0.0,0.0,0.0,0.0,0.0,0.0,0.0,0.0,0.0,0.0,0.0,0.0,0.0,0.0,0.0,0.0,0.0,0.0,0.0,0.0,0.0,0.0,0.0,0.0,0.0,0.0,0.0,0.0,0.0,0.0,0.0,0.0,0.0,0.0,0.0,0.0,0.0,0.0,0.0,0.0,0.0,0.0,0.0,0.0,0.0,0.0,0.0,0.0,0.0,0.0,0.0,0.0,0.0,0.0,0.0,0.0,0.0,0.0,0.0,0.0,0.0,0.0,0.0,0.0,0.0,0.0,0.0,0.0,0.0,0.0,0.0,0.0,0.0,0.0,0.0,0.0,0.0,0.0,0.0,0.0,0.0,0.0,0.0,0.0,0.0,0.0,0.0,0.0,0.0,0.0,0.0,0.0,0.0,0.0,0.0,0.0,0.0,0.0,0.0,0.0,0.0,0.0,0.0,0.0,0.0,0.0,0.0,0.0,0.0,0.0,0.0,0.0,0.0,0.0,0.0,0.0,0.0,0.0,0.0,0.0,0.0,0.0,0.0,0.0,0.0,0.0,0.0,0.0
ENCFF001HGV,0.1898221725042432,42271,195,3244,31933,553,86018,5214,209,398,234,451,2378,2931,6903,12249,24217,2592,332,5257,4559,138,594,89,112,100,772,1853,2747,26755,3397,216,153,420,1546,1553,51,1788,30,11,5627,9306,60,581,33,54,643,4661,22853,236,410,848,1265,407,251,4965,126,300,348,136,767,1188,585,13515,246,307,521,32,42500,40539,5846,982,624,1192,3948,253,1077,446,720,798,200,885,1054,2986,369,473,2891,26,811,422,24,1157,387,34,1192,1176,15807,141230,8209,117,22417,33414,2416,28443,1040,552,4488,1467,1548,35,2206,5732,5835,248,3212,26813,2244,28114,425,1707,1735,7228,692,42923,1082,4990,2391,653,2252,389,153,24777,9675,960,23031,6435,8759,22960,258,3758,3808,1033,3018,45488,535,366,75,106,43,49,2044,531,374,8032,4097,658,3930,32104,2950,396,1001,763,685,2514,3455,2933,4267,95,115,45,890,33,1484,561,567,1981,44,2,475,634,953,11934,5672,35053,1831,22832,26924,11596,26188,10743,22124,209,22111,26602,8561,7480,18265,15315,4985,698,335,741,39,464,810,200,93,38,106,2997,298,31667,9383,8070,281,165128,31564,2801,22895,23114,992,455,32973,16242,52188,3418,35397,159,35841,50,266,594,72,290,796,237,3100,1920,21,541,801,518,726,357,2249,1378,154,185,3962,2717,1713,2147,1067,277,582,657,295,304,234,396,973,4025,1086,343,1473,1925,1914,8988,18821,880,2137,2314,1113,766,585,614,801,425,96,5988,421,697,4343,279,1271,346,3115,895,903,506,831,166,447,434,1988,1944,738,826,579,1928,1333,721,718,820,3160,32,19,373,528,439,259,12597,269,8392,13,472,66,5601,647,5753,5587,6112,47,2536,172,174,1298,3247,53394,638,1704,1751,937,104,2261,213,174,654,12580,5671,2214,1225,79,162,108,23,76,599,1490,2018,572,2862,448,453,1742,40324,344,1700,98502,502,5092,886,5076,1891,2119,273,780,4187,700,922,991,397,341,221,9184,1058,854,995,371,1061,1226,21339,106,8608,1807,59,20806,6293,18,248,4649,671,102,5471,717,1019,281,2697,1060,21921,2576,641,642,961,387,1044,785,1114,819,50,825,32,1502,107,32,214,426,500,641,734,29770,1471,8601,4273,1076,410,780,364,32416,233,13876,1560,10220,1113,415,2275,21,23929,4383,8462,34531,1370,14360,226,200,322,815,430,1073,614,1168,6579,896,31,294,891,35,42,3467,3451,33,326,186,19906,31644,24227,5867,28726,3279,197,57786,71928,10742,32926,51668,63167,209,142,613,585,188,775,1063,204,325,558,5515,0.0,0.0,0.0,0.0,0.0,0.0,0.0,0.0,0.0,0.0,0.0,0.0,0.0,0.0,0.0,0.0,0.0,0.0,0.0,0.0,0.0,0.0,0.0,0.0,0.0,0.0,0.0,0.0,0.0,0.0,0.0,0.0,0.0,0.0,0.0,0.0,0.0,0.0,0.0,0.0,0.0,0.0,0.0,0.0,0.0,0.0,0.0,0.0,0.0,0.0,0.0,0.0,0.0,0.0,0.0,0.0,0.0,0.0,0.0,0.0,0.0,0.0,0.0,0.0,0.0,0.0,0.0,0.0,0.0,0.0,0.0,0.0,0.0,0.0,0.0,0.0,0.0,0.0,0.0,0.0,0.0,0.0,0.0,0.0,0.0,0.0,0.0,0.0,0.0,0.0,0.0,0.0,0.0,0.0,0.0,0.0,0.0,0.0,0.0,0.0,0.0,0.0,0.0,0.0,0.0,0.0,0.0,0.0,0.0,0.0,0.0,0.0,0.0,0.0,0.0,0.0,0.0,0.0,0.0,0.0,0.0,0.0,0.0,0.0,0.0,0.0,0.0,0.0,0.0,0.0,0.0,0.0,0.0,0.0,0.0,0.0,0.0,0.0,0.0,0.0,0.0,0.0,0.0,0.0,0.0,0.0,0.0,0.0,0.0,0.0
ENCFF803BOW,0.09115154599243293,1740437,11003,27151,209573,2515,297909,39243,1395,2005,1572,3580,18738,17059,43674,82701,93404,17515,2148,36869,31434,838,3580,546,427,461,6128,142732,19210,127917,20630,1385,7569,3954,10318,9839,3509,11608,183,366,48663,60026,414,4204,374,3981,3690,33174,136246,24713,2700,6653,7721,2188,2310,43266,937,1869,2529,1105,3571,8488,3848,67352,2567,7334,37388,441,288411,275378,41191,6396,3888,34749,35633,1792,7078,2786,4221,4966,1303,5486,6576,20131,2359,3037,21467,136,4822,2651,83,6514,2003,186,9524,7604,122189,956876,59041,3757,157653,227491,14535,198745,8019,3494,28703,9617,10387,136,17287,44346,41950,1745,29217,204435,12117,133116,1813,7195,10245,49089,3231,176736,8165,33000,16180,5492,14332,2625,615,170073,56102,85020,130160,42485,85804,148892,23887,26630,23457,7336,30511,234524,4062,20718,649,682,233,208,11466,1324,3996,60537,24659,3767,25873,209597,19477,2399,6525,6811,6497,16993,23538,20305,35996,441,743,283,5577,132,10392,3266,8678,180042,2760,225,9177,4619,5868,86678,37947,282412,12853,156137,176577,86816,164007,80888,160227,1214,162515,192223,69786,52177,144048,105064,42829,5631,31787,5160,1722,3180,5083,895,357,298,528,24403,1753,222695,70469,46345,2536,2130401,231045,33447,158105,128386,6002,3653,244978,123911,346189,15416,246993,1343,231247,212,2359,4889,921,1416,5616,1760,22727,13836,240,3631,5236,3210,5090,2120,15034,8510,4694,1472,26266,17466,12153,19812,6662,1956,3281,4183,1772,1795,1300,4163,6414,35904,7605,1951,9920,14522,13135,72553,295352,85365,13117,20665,7323,4992,3816,3378,5313,3030,1838,46111,2484,4389,30271,1864,9559,2009,24559,6005,5756,3339,5121,3899,2467,7233,13848,13813,4364,5279,3670,13037,8166,4360,4269,5575,23572,173,654,1975,3318,2593,2278,83068,1392,55025,128,2688,772,34720,4752,41868,38093,46102,181,15437,550,1069,12189,21957,427787,11488,19678,14623,6551,7061,18381,1079,1251,4483,96950,42572,16975,8290,419,1703,753,52,167,3813,9701,15135,3630,21708,2559,2484,8717,274063,8232,11511,687004,4428,31164,5497,32162,144919,15553,1598,61792,160606,4553,5965,6644,2186,2200,3187,721206,6955,5184,6670,3603,6884,7788,139212,311,59293,12222,230,148851,44071,324,1458,34744,4711,225,37619,4473,8413,1357,18179,6429,141663,20877,19088,4623,6482,2229,6537,4553,7471,5042,173,6115,178,11746,1360,681,1002,15824,3472,3144,5573,132864,6858,56756,29007,5186,2938,6469,1770,193506,12545,92170,31661,64624,6987,2498,16013,153,204310,37500,67754,298220,25020,93472,4244,2016,1948,13344,9516,6606,3897,9618,49312,5994,202,13934,5782,143,216,20461,20694,77,30906,1639,138687,255903,185799,48765,201015,23738,7702,370033,534019,82214,249927,397560,464147,1198,931,4274,3833,1093,4886,8554,2050,2388,3832,37593,0.0,0.0,0.0,0.0,0.0,0.0,0.0,0.0,0.0,0.0,0.0,0.0,0.0,0.0,0.0,0.0,0.0,0.0,0.0,0.0,0.0,0.0,0.0,0.0,0.0,0.0,0.0,0.0,0.0,0.0,0.0,0.0,0.0,0.0,0.0,0.0,0.0,0.0,0.0,0.0,0.0,0.0,0.0,0.0,0.0,0.0,0.0,0.0,0.0,0.0,0.0,0.0,0.0,0.0,0.0,0.0,0.0,0.0,0.0,0.0,0.0,0.0,0.0,0.0,0.0,0.0,0.0,0.0,0.0,0.0,0.0,0.0,0.0,0.0,0.0,0.0,0.0,0.0,0.0,0.0,0.0,0.0,0.0,0.0,0.0,0.0,0.0,0.0,0.0,0.0,0.0,0.0,0.0,0.0,0.0,0.0,0.0,0.0,0.0,0.0,0.0,0.0,0.0,0.0,0.0,0.0,0.0,0.0,0.0,0.0,0.0,0.0,0.0,0.0,0.0,0.0,0.0,0.0,0.0,0.0,0.0,0.0,0.0,0.0,0.0,0.0,0.0,0.0,0.0,0.0,0.0,0.0,0.0,0.0,0.0,0.0,0.0,0.0,0.0,0.0,0.0,0.0,0.0,0.0,0.0,0.0,0.0,0.0,0.0,0.0
ENCFF417NWI,0.12449503415128237,111221,213,1178,8331,73,12672,1506,30,99,56,308,578,503,1411,4588,3131,973,67,1243,1517,55,206,14,6,9,302,9706,541,5682,782,60,430,103,250,288,250,419,4,66,1758,2697,15,172,207,77,126,1360,5421,1105,219,152,224,108,74,2726,36,64,69,18,246,271,26,3296,69,258,3249,71,11188,14343,2404,190,77,2239,2121,107,179,57,90,140,32,135,276,959,62,77,650,1,99,57,4,360,69,1,297,217,4937,42519,2775,52,7740,10474,491,9370,237,53,1451,414,457,5,755,1906,1741,10,1060,8393,334,4971,57,254,264,2621,94,7675,194,1519,929,182,936,94,98,10551,1855,6075,7276,1423,4067,6688,1850,923,795,222,1505,7294,106,1322,16,31,3,7,617,92,327,2622,1133,145,786,7998,500,115,185,338,292,671,998,760,1930,10,26,25,130,10,247,86,194,10505,136,0,715,272,192,4509,1966,13917,420,5766,7281,3319,7670,2617,5197,54,7048,7966,3113,2372,5894,5599,1150,203,1836,109,13,60,106,52,5,2,25,1045,39,7891,2326,1277,28,66740,7641,1962,6043,4845,290,277,8680,5016,11826,483,14245,38,14622,9,97,308,90,27,164,380,709,558,14,89,143,82,125,54,476,233,176,76,1215,729,394,998,168,43,85,101,48,48,31,177,146,1228,193,58,384,458,349,2207,6567,5912,473,1549,254,148,117,89,152,60,112,1976,56,109,1548,49,391,54,794,156,155,73,129,86,72,278,426,430,96,121,88,648,260,99,100,130,553,7,6,58,70,232,22,3978,6,3224,1,151,57,1486,204,1975,1615,1884,3,564,7,53,208,1004,12011,812,1110,501,286,552,494,48,45,223,2908,1721,622,344,5,119,20,1,5,91,212,597,147,838,48,60,367,9258,476,340,29918,83,1441,155,837,10192,467,41,3651,11315,92,189,200,39,39,204,46047,269,144,204,113,197,233,6122,12,2067,519,6,8607,1715,25,92,1549,103,2,1272,107,403,108,620,174,5424,619,1858,121,223,46,193,140,445,111,5,258,4,498,102,9,21,997,110,89,146,7492,189,1484,825,183,216,284,16,9451,966,4453,1887,3162,323,42,634,11,8701,1639,2496,11665,464,4584,181,38,48,961,183,187,92,261,1046,188,12,1056,131,4,3,1167,1083,2,1616,53,7528,9650,6520,1572,9377,1295,88,18712,22178,2803,9165,17571,21069,68,30,103,86,14,125,401,88,104,153,1419,0.0,0.0,0.0,0.0,0.0,0.0,0.0,0.0,0.0,0.0,0.0,0.0,0.0,0.0,0.0,0.0,0.0,0.0,0.0,0.0,0.0,0.0,0.0,0.0,0.0,0.0,0.0,0.0,0.0,0.0,0.0,0.0,0.0,0.0,0.0,0.0,0.0,0.0,0.0,0.0,0.0,0.0,0.0,0.0,0.0,0.0,0.0,0.0,0.0,0.0,0.0,0.0,0.0,0.0,0.0,0.0,0.0,0.0,0.0,0.0,0.0,0.0,0.0,0.0,0.0,0.0,0.0,0.0,0.0,0.0,0.0,0.0,0.0,0.0,0.0,0.0,0.0,0.0,0.0,0.0,0.0,0.0,0.0,0.0,0.0,0.0,0.0,0.0,0.0,0.0,0.0,0.0,0.0,0.0,0.0,0.0,0.0,0.0,0.0,0.0,0.0,0.0,0.0,0.0,0.0,0.0,0.0,0.0,0.0,0.0,0.0,0.0,0.0,0.0,0.0,0.0,0.0,0.0,0.0,0.0,0.0,0.0,0.0,0.0,0.0,0.0,0.0,0.0,0.0,0.0,0.0,0.0,0.0,0.0,0.0,0.0,0.0,0.0,0.0,0.0,0.0,0.0,0.0,0.0,0.0,0.0,0.0,0.0,0.0,0.0
ENCFF000ZEC,0.17089009466529032,49806,269,3382,45954,879,130032,8542,274,507,317,865,3742,3456,7986,27959,31984,3247,412,6501,6968,209,668,112,63,100,1047,1279,3245,24678,4261,256,185,516,1938,1737,46,1976,15,64,9652,10857,49,588,17,84,636,5905,21290,133,534,1085,1484,477,528,6952,183,404,839,242,835,1912,313,12516,274,244,337,187,47368,53645,7597,1181,765,1357,7609,275,1301,569,848,962,208,999,1220,3506,480,569,3714,14,892,591,18,1201,235,27,1309,1227,20958,176455,10543,85,28916,40808,2650,35012,1151,646,5294,1611,1981,26,3069,8994,9247,142,6031,34183,2600,34091,593,2386,2382,9043,971,49043,1395,7243,3577,739,2678,379,178,30477,10809,1215,18902,7661,20083,28325,218,4884,3838,1266,3774,50958,412,368,124,110,25,33,2239,264,1055,13198,4909,736,4052,45528,3274,463,1216,1309,1068,3204,7273,7803,6618,193,122,48,1077,29,1776,649,1179,751,26,14,566,723,1080,14855,7169,45069,2265,28564,34072,15505,31066,13567,27911,296,27272,32580,11634,9276,24324,18907,6258,910,303,943,70,500,884,179,66,21,99,4676,293,36661,12196,9350,204,376410,43965,3495,28171,22450,1085,762,41120,21892,61168,6158,51169,190,52584,72,385,1075,374,324,1066,314,3845,2632,110,651,971,620,985,446,2590,1509,340,247,4812,2999,2246,3082,1207,331,650,741,387,348,292,458,1132,5680,1958,390,1810,2407,2258,8391,30812,853,2391,3297,1336,877,671,708,1030,536,123,7982,506,843,5179,348,1599,454,4094,1141,1063,571,995,284,494,638,2428,2390,890,944,766,2555,1588,741,821,1020,4028,32,42,401,659,576,376,16576,148,11036,37,554,56,6526,771,8172,7809,8643,21,2767,156,160,1547,4034,79474,696,2336,2227,1055,81,2924,164,202,663,15528,8291,4103,1431,106,506,92,28,59,753,1542,2709,629,4163,539,579,1314,55050,390,2126,127682,648,5906,1075,5465,1524,2773,320,481,4544,803,1061,1140,419,427,259,7074,1244,995,1181,653,1217,1311,25417,95,10249,2186,51,28969,7229,50,281,6817,1038,92,6547,879,2032,311,3204,1224,18253,3366,677,813,1245,443,1203,964,1594,775,32,1101,66,2317,139,196,233,454,401,630,623,43928,2352,9492,6038,1544,540,1137,321,40254,170,16291,1833,12915,1519,356,3017,74,32530,6135,10625,45596,3105,14127,233,357,374,971,537,1117,782,2562,8003,1078,40,252,1108,50,41,4284,4136,7,283,179,24608,40305,29587,7801,35149,3832,408,68384,86828,13419,41373,63869,79323,281,144,770,726,233,933,1303,392,482,692,7842,0.0,0.0,0.0,0.0,0.0,0.0,0.0,0.0,0.0,0.0,0.0,0.0,0.0,0.0,0.0,0.0,0.0,0.0,0.0,0.0,0.0,0.0,0.0,0.0,0.0,0.0,0.0,0.0,0.0,0.0,0.0,0.0,0.0,0.0,0.0,0.0,0.0,0.0,0.0,0.0,0.0,0.0,0.0,0.0,0.0,0.0,0.0,0.0,0.0,0.0,0.0,0.0,0.0,0.0,0.0,0.0,0.0,0.0,0.0,0.0,0.0,0.0,0.0,0.0,0.0,0.0,0.0,0.0,0.0,0.0,0.0,0.0,0.0,0.0,0.0,0.0,0.0,0.0,0.0,0.0,0.0,0.0,0.0,0.0,0.0,0.0,0.0,0.0,0.0,0.0,0.0,0.0,0.0,0.0,0.0,0.0,0.0,0.0,0.0,0.0,0.0,0.0,0.0,0.0,0.0,0.0,0.0,0.0,0.0,0.0,0.0,0.0,0.0,0.0,0.0,0.0,0.0,0.0,0.0,0.0,0.0,0.0,0.0,0.0,0.0,0.0,0.0,0.0,0.0,0.0,0.0,0.0,0.0,0.0,0.0,0.0,0.0,0.0,0.0,0.0,0.0,0.0,0.0,0.0,0.0,0.0,0.0,0.0,0.0,0.0
ENCFF280MIU,0.16098654836614523,114883,160,3167,42363,651,148224,13482,937,969,386,860,7530,3744,7195,16403,32460,2948,1903,6290,6460,167,1039,104,255,161,1844,7007,6216,19974,5217,200,81,673,4501,3966,23,3915,56,13,9519,12646,217,517,109,24,905,11579,21814,542,1926,2353,3250,281,443,7002,110,504,327,377,1714,5389,425,11554,370,401,1883,666,44941,56459,6394,2498,1536,3829,7543,68,2829,1763,1646,1877,561,2692,2772,3910,1224,1409,7764,54,1949,1814,41,1723,617,82,2972,911,9455,193362,10274,259,29406,48415,5313,40563,2990,1707,5196,2039,2549,88,4300,9000,10756,657,7470,37569,2094,47233,190,934,1079,8182,562,76268,2312,6626,2762,597,2900,243,285,38450,9125,2579,22370,10949,15603,35579,201,6978,6316,2278,5428,50721,745,528,124,187,112,40,2681,752,1801,13085,4906,548,5116,40826,2941,441,3365,5111,4528,3816,6214,7851,7709,67,150,55,2071,78,2615,1258,893,219,10,10,777,492,2825,13758,7359,49382,4365,25953,38866,14772,27782,19155,37176,305,31704,41853,11059,11044,31112,21169,5628,1774,485,316,20,1240,2579,222,79,40,69,4503,403,39520,11188,13162,508,177627,38508,5093,26543,20410,1530,715,39484,17742,53876,3967,48489,138,48554,117,312,1591,116,872,2118,320,7704,3081,60,1662,1371,1333,2144,1232,5426,2509,148,377,8820,5385,3555,3724,3685,545,2355,1499,999,777,613,415,2016,6070,1653,860,2647,5362,3625,9139,29953,6248,4946,4373,2549,1445,1220,1379,1876,1083,70,11483,1525,3973,7413,813,3060,1716,6000,3576,2057,1799,2119,288,961,662,5337,3980,1966,1706,1871,4017,3667,2208,1354,2307,5723,34,40,1020,1987,1029,533,17415,606,11594,53,333,202,7877,971,9426,8592,10048,118,3745,445,212,2642,4098,89823,916,2410,4064,1551,74,4323,201,866,1882,24459,8233,15357,2152,206,292,295,22,193,1415,1038,2404,1333,6103,1410,1381,2164,76069,453,3801,140978,785,8448,2074,11658,7651,3813,800,789,6516,1873,2385,2591,972,626,157,66467,3252,2210,2260,607,2189,2524,33900,287,21869,2541,137,36385,9773,32,637,6821,1368,245,11673,1774,1279,302,6589,2245,35302,1874,1199,1847,2363,1905,1288,2199,1679,931,56,1543,121,3590,312,212,170,516,697,354,844,26732,1209,9523,4380,750,1042,1432,495,38788,391,13940,2037,12937,2820,99,3096,27,41964,8393,12210,51420,2131,24619,181,616,1182,2447,1347,2045,1838,2008,5256,2113,12,197,2120,46,127,4156,3868,38,379,150,32762,39081,30943,8075,36531,5787,885,71005,97716,13726,39642,75628,92533,316,90,1513,1375,930,1772,894,694,459,1069,8424,0.0,0.0,0.0,0.0,0.0,0.0,0.0,0.0,0.0,0.0,0.0,0.0,0.0,0.0,0.0,0.0,0.0,0.0,0.0,0.0,0.0,0.0,0.0,0.0,0.0,0.0,0.0,0.0,0.0,0.0,0.0,0.0,0.0,0.0,0.0,0.0,0.0,0.0,0.0,0.0,0.0,0.0,0.0,0.0,0.0,0.0,0.0,0.0,0.0,0.0,0.0,0.0,0.0,0.0,0.0,0.0,0.0,0.0,0.0,0.0,0.0,0.0,0.0,0.0,0.0,0.0,0.0,0.0,0.0,0.0,0.0,0.0,0.0,0.0,0.0,0.0,0.0,0.0,0.0,0.0,0.0,0.0,0.0,0.0,0.0,0.0,0.0,0.0,0.0,0.0,0.0,0.0,0.0,0.0,0.0,0.0,0.0,0.0,0.0,0.0,0.0,0.0,0.0,0.0,0.0,0.0,0.0,0.0,0.0,0.0,0.0,0.0,0.0,0.0,0.0,0.0,0.0,0.0,0.0,0.0,0.0,0.0,0.0,0.0,0.0,0.0,0.0,0.0,0.0,0.0,0.0,0.0,0.0,0.0,0.0,0.0,0.0,0.0,0.0,0.0,0.0,0.0,0.0,0.0,0.0,0.0,0.0,0.0,0.0,0.0
ENCFF000VXE,0.0719724098416651,1148,13,103,821,17,1843,132,18,17,9,25,67,86,185,484,622,99,12,129,148,3,21,1,1,1,16,34,87,642,114,6,8,11,56,28,1,48,0,0,198,305,0,12,0,0,8,133,598,4,18,21,33,15,8,191,8,13,7,3,29,32,9,314,7,13,13,2,1279,1275,201,26,15,31,167,8,23,17,22,31,6,25,34,103,25,12,88,0,30,14,2,32,21,2,44,30,426,4349,287,1,791,1109,56,942,74,25,115,42,35,0,71,214,167,4,138,864,77,774,20,84,63,232,26,967,28,147,64,21,70,10,2,842,313,20,590,209,333,770,11,121,80,27,82,988,6,6,2,2,0,0,40,11,11,269,131,17,115,846,104,3,31,39,40,69,135,98,159,2,6,1,26,0,50,20,97,416,2,0,17,27,27,491,164,1128,61,755,908,395,876,328,699,4,751,863,277,242,657,498,178,18,9,21,0,14,23,2,4,0,2,110,5,1095,327,218,5,5985,1150,98,746,607,31,27,1029,466,1415,88,1132,0,1197,2,9,34,10,7,25,4,73,52,1,15,22,25,19,12,73,37,5,6,99,76,40,73,24,12,17,11,9,11,12,15,30,128,34,8,55,58,51,316,864,25,58,95,47,14,14,16,17,8,4,225,9,28,147,7,40,9,98,22,31,15,21,7,14,15,55,49,23,26,18,78,37,13,18,26,101,1,1,10,15,13,8,408,3,287,2,6,3,183,25,178,170,189,1,76,6,4,23,112,1700,16,52,58,26,2,61,5,11,26,346,205,90,40,1,9,7,0,3,28,40,82,14,89,22,6,46,1108,14,51,3323,10,155,22,139,42,59,5,17,150,21,30,32,12,11,6,185,20,26,21,7,30,25,676,0,290,66,1,697,221,1,11,144,21,0,185,18,41,13,84,29,392,84,20,14,21,12,34,19,30,11,0,33,3,52,1,2,5,17,13,24,14,776,64,266,152,36,14,24,5,1100,5,378,46,332,40,10,86,0,788,169,269,1053,68,365,6,11,10,24,13,33,14,45,212,21,1,10,36,1,3,116,124,0,10,2,646,1117,838,184,913,124,12,1826,2456,367,1125,1849,2215,8,9,23,22,12,18,37,8,17,23,162,0.0,0.0,0.0,0.0,0.0,0.0,0.0,0.0,0.0,0.0,0.0,0.0,0.0,0.0,0.0,0.0,0.0,0.0,0.0,0.0,0.0,0.0,0.0,0.0,0.0,0.0,0.0,0.0,0.0,0.0,0.0,0.0,0.0,0.0,0.0,0.0,0.0,0.0,0.0,0.0,0.0,0.0,0.0,0.0,0.0,0.0,0.0,0.0,0.0,0.0,0.0,0.0,0.0,0.0,0.0,0.0,0.0,0.0,0.0,0.0,0.0,0.0,0.0,0.0,0.0,0.0,0.0,0.0,0.0,0.0,0.0,0.0,0.0,0.0,0.0,0.0,0.0,0.0,0.0,0.0,0.0,0.0,0.0,0.0,0.0,0.0,0.0,0.0,0.0,0.0,0.0,0.0,0.0,0.0,0.0,0.0,0.0,0.0,0.0,0.0,0.0,0.0,0.0,0.0,0.0,0.0,0.0,0.0,0.0,0.0,0.0,0.0,0.0,0.0,0.0,0.0,0.0,0.0,0.0,0.0,0.0,0.0,0.0,0.0,0.0,0.0,0.0,0.0,0.0,0.0,0.0,0.0,0.0,0.0,0.0,0.0,0.0,0.0,0.0,0.0,0.0,0.0,0.0,0.0,0.0,0.0,0.0,0.0,0.0,0.0
ENCFF872HTM,0.14313419960563137,62592,212,3840,85304,980,292182,10618,771,298,219,558,6637,2489,10432,31987,43527,2459,688,12450,6231,111,604,46,89,63,2420,3049,6765,70681,4356,183,69,808,4898,4684,58,4607,43,3,9640,10721,117,471,174,39,1076,11411,66539,186,1355,3274,3509,178,241,4299,193,360,283,229,925,3342,1947,33320,6384,604,844,19,83239,60692,4471,2917,1770,3766,4466,89,3250,1469,1886,2171,671,2985,2839,3250,993,1840,8471,21,2190,1867,49,996,386,77,1978,2106,33040,195762,9422,191,25047,41963,6618,36168,3122,1792,3945,1763,2326,42,3921,8931,10067,195,7682,27812,2588,51991,273,1364,1803,8182,634,82596,3156,6037,2445,448,1947,118,61,23714,9799,1142,60873,18217,9315,26945,183,8170,17210,2732,4419,105874,1829,272,185,71,41,66,2005,410,227,12718,3205,285,4857,85642,6488,229,3315,2202,1849,3549,4937,5347,5093,38,137,53,2556,41,3281,1524,1174,231,26,23,1062,460,2996,12067,6226,42816,4745,31872,44307,21187,49330,22406,41850,299,29611,39061,8889,9903,31195,19572,6899,1508,162,1503,107,1953,3161,113,34,36,41,4524,164,85981,21329,12531,473,251491,62083,6736,41953,53914,989,548,56967,29679,111119,4947,50244,202,38499,7,264,653,18,822,2280,414,9379,2454,33,1894,1710,1489,2773,1322,5878,2828,156,229,9019,6250,3125,2922,4127,883,2379,2088,1169,728,583,271,2823,8486,2308,916,2528,5403,4250,21337,81183,2864,5191,3276,2503,2167,1589,1603,2208,1377,37,9388,1278,4122,6430,767,3108,1298,6309,4074,2659,2391,2452,162,1062,816,5954,4690,2270,1948,2337,3214,3732,2764,1586,2943,6752,33,52,1070,2170,531,574,12732,163,9177,30,251,62,7149,455,7323,8395,13248,59,3315,114,26,3119,2917,157378,465,2351,4321,1367,52,4734,71,227,1640,30236,16305,4705,1299,39,114,77,33,41,1554,1195,2143,1800,5142,1707,1169,2845,133104,398,4160,108095,977,7416,2341,13689,3459,4333,726,280,5171,2020,2499,2682,858,692,136,21450,3726,2415,2518,1042,2719,2965,33365,102,24096,1761,41,30007,6601,17,416,7571,1143,103,13355,1774,866,147,6874,2456,30766,4356,745,1870,2658,1506,1678,2254,1180,1449,21,988,34,3166,108,195,56,232,983,456,1641,90709,2596,19505,9504,1593,943,807,300,27299,278,14452,2763,9903,1536,68,2739,10,40013,7924,13452,50364,2823,52971,282,576,913,2821,1337,2294,2128,2529,17436,2224,33,160,2761,33,70,2933,2680,24,237,79,27789,57584,45932,12926,38515,5683,1540,109848,115913,20435,55054,91757,95153,375,98,1764,1596,769,2323,570,446,196,899,8683,0.0,0.0,0.0,0.0,0.0,0.0,0.0,0.0,0.0,0.0,0.0,0.0,0.0,0.0,0.0,0.0,0.0,0.0,0.0,0.0,0.0,0.0,0.0,0.0,0.0,0.0,0.0,0.0,0.0,0.0,0.0,0.0,0.0,0.0,0.0,0.0,0.0,0.0,0.0,0.0,0.0,0.0,0.0,0.0,0.0,0.0,0.0,0.0,0.0,0.0,0.0,0.0,0.0,0.0,0.0,0.0,0.0,0.0,0.0,0.0,0.0,0.0,0.0,0.0,0.0,0.0,0.0,0.0,0.0,0.0,0.0,0.0,0.0,0.0,0.0,0.0,0.0,0.0,0.0,0.0,0.0,0.0,0.0,0.0,0.0,0.0,0.0,0.0,0.0,0.0,0.0,0.0,0.0,0.0,0.0,0.0,0.0,0.0,0.0,0.0,0.0,0.0,0.0,0.0,0.0,0.0,0.0,0.0,0.0,0.0,0.0,0.0,0.0,0.0,0.0,0.0,0.0,0.0,0.0,0.0,0.0,0.0,0.0,0.0,0.0,0.0,0.0,0.0,0.0,0.0,0.0,0.0,0.0,0.0,0.0,0.0,0.0,0.0,0.0,0.0,0.0,0.0,0.0,0.0,0.0,0.0,0.0,0.0,0.0,0.0
ENCFF000ALJ,0.18444882504768204,45722,73,4975,64521,1063,112582,7592,452,866,484,734,4725,7915,13572,41813,46809,5890,771,6905,8731,240,1154,182,108,61,1184,229,5616,40257,5206,423,237,735,2968,2716,51,2972,29,12,11433,18320,107,1209,92,54,840,9190,54442,43,952,1737,2451,744,527,9682,207,633,618,217,1122,2205,574,20621,1592,245,82,54,76030,86251,12196,1742,1155,1777,7380,456,1892,853,1281,1461,380,1552,1797,6439,731,917,6236,39,1455,801,19,2221,273,42,2395,2175,23520,288858,16957,121,47314,64940,4277,56622,1738,998,8044,2236,2345,28,4304,12238,12607,293,6444,60106,4383,58907,869,3515,3457,14052,1539,108580,2168,9666,4562,1764,4241,1922,248,45323,22548,186,73859,13755,17242,49308,55,7000,3694,1877,5525,59781,317,325,201,155,47,44,3466,463,713,15308,7041,1134,5550,72818,6690,1321,1854,2775,2772,4723,7098,6289,8484,79,169,84,1649,60,2858,1033,2088,206,19,18,822,1078,1603,24966,12468,70782,3808,48948,49321,22462,61668,22497,46351,475,43971,52471,18147,14861,36453,28253,8554,1502,52,940,91,864,1485,266,95,85,43,6249,502,79755,19569,23048,452,243890,57693,5140,45857,38047,1548,763,63570,28707,90085,7320,65203,323,63707,37,476,1018,135,522,1531,254,6171,3556,28,1080,1573,974,1579,705,3907,2263,428,269,7877,4700,3236,4055,2084,561,1054,1154,646,597,474,752,1882,8322,2343,657,2818,3760,3483,22807,55876,282,3958,4849,2217,1372,1075,1027,1523,931,171,12101,794,1361,8149,617,2522,642,6799,1816,1629,1000,1516,183,796,847,4018,3836,1313,1598,1163,3969,2469,1243,1271,1624,6489,44,91,717,1028,614,395,23903,140,15489,46,850,59,10223,1125,11194,9889,11926,22,4105,160,317,1769,5921,121136,969,2912,3406,1751,26,4382,338,473,998,22080,8662,4434,2159,281,780,162,15,48,1165,2185,3881,859,5816,846,746,3086,97007,577,3569,193812,897,9693,1591,8571,597,4120,489,86,5455,1288,1582,1760,629,668,396,1808,1870,1456,1753,839,1800,2083,40566,118,16835,3557,49,39717,9378,28,442,8142,1134,43,10543,1348,1733,435,4786,1820,25126,6279,889,1178,1741,673,1907,1478,2204,832,10,1563,24,2679,266,54,257,516,516,1158,1204,55423,3147,17197,8972,2362,881,1210,258,56776,114,22468,2563,19538,2069,602,4999,20,45137,8640,14397,65659,3364,37250,411,171,601,1406,651,1792,1239,2238,9882,1680,65,241,1711,57,56,7483,6453,47,148,274,38013,62618,48032,11290,58806,6530,464,135042,138675,21105,65645,102567,125988,559,322,1232,1190,344,1394,1856,488,851,1088,10304,0.0,0.0,0.0,0.0,0.0,0.0,0.0,0.0,0.0,0.0,0.0,0.0,0.0,0.0,0.0,0.0,0.0,0.0,0.0,0.0,0.0,0.0,0.0,0.0,0.0,0.0,0.0,0.0,0.0,0.0,0.0,0.0,0.0,0.0,0.0,0.0,0.0,0.0,0.0,0.0,0.0,0.0,0.0,0.0,0.0,0.0,0.0,0.0,0.0,0.0,0.0,0.0,0.0,0.0,0.0,0.0,0.0,0.0,0.0,0.0,0.0,0.0,0.0,0.0,0.0,0.0,0.0,0.0,0.0,0.0,0.0,0.0,0.0,0.0,0.0,0.0,0.0,0.0,0.0,0.0,0.0,0.0,0.0,0.0,0.0,0.0,0.0,0.0,0.0,0.0,0.0,0.0,0.0,0.0,0.0,0.0,0.0,0.0,0.0,0.0,0.0,0.0,0.0,0.0,0.0,0.0,0.0,0.0,0.0,0.0,0.0,0.0,0.0,0.0,0.0,0.0,0.0,0.0,0.0,0.0,0.0,0.0,0.0,0.0,0.0,0.0,0.0,0.0,0.0,0.0,0.0,0.0,0.0,0.0,0.0,0.0,0.0,0.0,0.0,0.0,0.0,0.0,0.0,0.0,0.0,0.0,0.0,0.0,0.0,0.0
ENCFF001RFX,0.0710823525432564,1407344,10,1533,74,0,1356,348,17,22,10,8169,70,63,39,30,8,368,52,2334,576,24,47,0,0,0,140,13361,124,6,1821,50,80,44,60,43,0,61,0,0,699,1192,0,6,0,10,54,266,8,1718,81,28,27,31,3,71800,1,23,16,0,90,39,0,6,7,0,2047,0,4775,16110,23755,25,18,3467,2645,4,33,8,20,13,2,22,98,282,8,6,80,2,27,17,0,90,0,0,211,7,0,58514,1801,4,104307,3261,43,3151,57,16,902,101,172,0,75139,9793,1474,3,562,14835,6,803,0,0,76,708,0,14,39,1555,415,10,206,4,19,3760,186,11593,37,195,1348,29851,6465,646,53,33,389,64,0,21299,0,5,0,0,206,52,53,1262,477,13,134,51,14,34,28,9,5,201,786,1649,6024,0,0,0,20,0,18,9,4518,10,0,0,12,22,28,4127,1522,15361,199,1329,2237,3438,682,1513,2389,5,2937,2914,5199,3478,20539,12894,463,92,284,458,0,13,29,8,0,1,0,2856,0,1994,1414,7,8,51703,4692,917,3332,41,90,1062,3175,3339,5234,22,5220,1,5215,0,5,387,0,7,24,63,144,468,0,19,7,10,29,17,76,71,1396,8,642,221,127,1895,39,3,27,17,7,6,2,108,134,280,39,3,78,142,40,61,15,18949,56,7068,54,13,6,13,14,8,312,775,8,43,507,5,130,15,215,28,20,7,25,11,8,69,61,35,15,19,15,1116,90,15,11,5,80,3,38,5,23,32,0,5046,1,3365,5,19,2,368,23,3391,1059,10535,0,273,0,0,2,277,11719,391,126,2612,150,1,77,4,11,127,3379,2276,177,118,3,27,0,0,0,14,85,263,32,196,4,6,14,24,298,62,26964,4,508,22,354,9009,145,21,1327,24120,14,36,53,22,6,35,155110,50,24,41,35,35,39,2964,4,776,271,0,58006,1028,0,40,358,45,0,213,11,30,15,261,22,49,30,3409,8,27,15,21,13,683,0,0,146,0,181,0,2,1,3267,0,0,85,140,0,123,72,1,39,42,0,5883,2909,1624,79,1062,116,3,426,0,34690,673,1122,41967,60,153,0,2,2,16,6,43,10,30,4,24,0,13,33,0,0,671,298,12,2012,2,2929,3517,4113,359,2502,981,51,3582,15956,1326,3040,16202,7605,14,6,11,10,29,16,40,5,125,89,673,0.0,0.0,0.0,0.0,0.0,0.0,0.0,0.0,0.0,0.0,0.0,0.0,0.0,0.0,0.0,0.0,0.0,0.0,0.0,0.0,0.0,0.0,0.0,0.0,0.0,0.0,0.0,0.0,0.0,0.0,0.0,0.0,0.0,0.0,0.0,0.0,0.0,0.0,0.0,0.0,0.0,0.0,0.0,0.0,0.0,0.0,0.0,0.0,0.0,0.0,0.0,0.0,0.0,0.0,0.0,0.0,0.0,0.0,0.0,0.0,0.0,0.0,0.0,0.0,0.0,0.0,0.0,0.0,0.0,0.0,0.0,0.0,0.0,0.0,0.0,0.0,0.0,0.0,0.0,0.0,0.0,0.0,0.0,0.0,0.0,0.0,0.0,0.0,0.0,0.0,0.0,0.0,0.0,0.0,0.0,0.0,0.0,0.0,0.0,0.0,0.0,0.0,0.0,0.0,0.0,0.0,0.0,0.0,0.0,0.0,0.0,0.0,0.0,0.0,0.0,0.0,0.0,0.0,0.0,0.0,0.0,0.0,0.0,0.0,0.0,0.0,0.0,0.0,0.0,0.0,0.0,0.0,0.0,0.0,0.0,0.0,0.0,0.0,0.0,0.0,0.0,0.0,0.0,0.0,0.0,0.0,0.0,0.0,0.0,0.0
ENCFF000YCS,0.16311892178638904,45649,402,4058,49073,820,105854,6830,310,628,294,696,3984,5299,11048,25343,36980,3990,555,7355,7028,194,770,79,74,94,987,1043,4106,37818,4107,270,169,656,2250,2071,57,2349,36,25,8820,12689,98,805,84,127,689,6985,30407,159,648,1244,1832,529,381,7270,176,426,421,148,841,1851,555,18326,355,307,300,97,60972,61828,8045,1318,926,1546,5898,399,1481,670,990,1173,280,1316,1446,4458,559,665,4570,25,1163,625,22,1426,183,20,1204,1557,24883,205792,12689,156,33769,47284,3095,40831,1488,849,5921,1773,1972,39,3209,8376,8691,189,5522,36690,3121,41371,670,2554,2566,10396,1036,63421,1698,7113,3518,821,3051,452,184,35001,15672,961,37990,10422,11459,31788,192,5640,4795,1514,4335,63000,596,378,124,122,44,39,2698,394,622,12623,5788,829,4582,49565,4133,500,1383,1156,1037,3686,5006,4176,5855,51,164,31,1292,37,2191,747,1057,252,29,9,717,844,1274,17315,8269,50785,2730,34787,40369,16891,38994,15832,32911,381,32629,38357,12422,11022,26875,21392,6669,1085,265,1030,76,665,1145,217,63,32,54,4524,334,45419,14281,14796,222,271788,44339,4237,32428,32775,1304,633,47426,23459,74229,5462,49386,181,49921,43,354,943,201,375,1192,253,4754,2559,40,842,1075,774,1146,565,3004,1804,274,262,5668,3505,2438,2857,1544,450,814,915,436,437,319,507,1427,6216,1602,444,2055,2834,2668,14395,28999,705,2820,3222,1658,1028,806,890,1302,689,162,8469,619,1072,6155,426,1870,507,4927,1379,1281,820,1213,220,626,613,3049,3021,1062,1187,976,2849,1850,1059,993,1255,4948,43,40,499,824,566,304,16899,90,10802,21,586,84,7654,833,7970,7588,8717,29,3036,129,197,1480,4445,96803,731,2350,2617,1283,75,3319,231,234,828,17791,8480,3723,1591,54,173,119,11,62,863,823,2709,739,4255,658,598,2480,64895,501,2542,145445,689,6683,1237,6566,1360,3245,373,513,5007,1028,1233,1331,465,481,306,6219,1511,1217,1332,556,1387,1582,29242,89,12462,2591,31,29719,7783,36,372,7017,865,38,8005,1088,1454,320,3771,1369,31726,4061,722,987,1333,552,1492,1122,1432,640,18,1285,35,2024,192,32,240,501,276,837,948,40015,2418,12917,6714,1725,590,913,270,41400,147,17204,1920,13993,1727,399,3294,28,33327,6317,11230,48447,2476,25054,314,219,471,1078,710,1345,969,1775,9304,1257,59,291,1316,30,42,4645,4701,3,278,251,28760,48358,35970,9094,41413,4874,684,78542,105817,15767,49812,77032,93975,410,187,942,919,281,1061,1417,315,523,774,8019,0.0,0.0,0.0,0.0,0.0,0.0,0.0,0.0,0.0,0.0,0.0,0.0,0.0,0.0,0.0,0.0,0.0,0.0,0.0,0.0,0.0,0.0,0.0,0.0,0.0,0.0,0.0,0.0,0.0,0.0,0.0,0.0,0.0,0.0,0.0,0.0,0.0,0.0,0.0,0.0,0.0,0.0,0.0,0.0,0.0,0.0,0.0,0.0,0.0,0.0,0.0,0.0,0.0,0.0,0.0,0.0,0.0,0.0,0.0,0.0,0.0,0.0,0.0,0.0,0.0,0.0,0.0,0.0,0.0,0.0,0.0,0.0,0.0,0.0,0.0,0.0,0.0,0.0,0.0,0.0,0.0,0.0,0.0,0.0,0.0,0.0,0.0,0.0,0.0,0.0,0.0,0.0,0.0,0.0,0.0,0.0,0.0,0.0,0.0,0.0,0.0,0.0,0.0,0.0,0.0,0.0,0.0,0.0,0.0,0.0,0.0,0.0,0.0,0.0,0.0,0.0,0.0,0.0,0.0,0.0,0.0,0.0,0.0,0.0,0.0,0.0,0.0,0.0,0.0,0.0,0.0,0.0,0.0,0.0,0.0,0.0,0.0,0.0,0.0,0.0,0.0,0.0,0.0,0.0,0.0,0.0,0.0,0.0,0.0,0.0
ENCFF576PPN,0.2622754815615348,400699,378,1568,2548,44,7376,738,32,38,29,85,322,289,676,2290,2101,314,78,815,594,26,102,18,7,6,84,39115,323,2386,409,28,1163,116,180,143,1062,237,5,8,917,1325,6,87,5,122,57,597,2020,4483,41,74,110,57,33,1064,24,33,49,25,79,189,51,1126,52,72,10345,19,4864,5737,949,109,56,7046,957,37,107,56,76,78,19,86,113,429,48,50,336,2,95,39,2,167,27,7,140,124,1587,19059,1207,15,3262,4681,269,4002,142,61,631,202,191,1,369,897,910,31,479,3844,216,2355,40,123,137,942,52,2889,106,687,338,94,369,41,12,4040,968,20583,1228,618,2246,3316,5455,456,469,116,4167,3585,66,4976,17,19,3,2,289,33,125,1103,567,107,439,2633,309,47,83,187,176,342,486,425,902,7,14,9,75,8,146,51,379,99,563,1,2428,73,94,1757,822,11528,218,2877,3443,1535,2538,1674,2700,26,3041,3554,1318,1034,2863,2193,824,110,7355,85,5,33,89,24,6,10,21,491,21,2948,1077,780,30,67834,4041,4264,3241,2128,127,79,4357,2319,5773,278,5277,16,5238,4,42,129,30,28,83,27,363,297,12,50,74,37,73,40,233,122,116,19,450,310,211,404,89,32,57,50,30,36,30,101,100,566,115,34,199,220,191,1135,2434,24495,214,503,117,68,64,43,92,45,49,950,37,66,666,31,155,37,453,77,89,49,86,85,37,677,175,214,55,81,68,306,160,69,66,80,339,2,3,32,44,51,22,1911,22,1402,3,57,10,752,111,937,714,758,4,310,9,17,206,469,6288,2540,2236,250,125,2077,259,27,56,92,1659,863,441,154,9,24,9,0,4,50,224,313,51,449,46,32,156,3629,1496,197,14269,105,674,81,515,42117,262,20,15626,35045,56,89,106,34,33,497,178153,97,77,90,61,96,108,3051,9,1072,221,5,3347,879,9,26,615,123,7,705,71,203,28,306,86,1691,295,6863,64,95,45,128,71,173,91,4,122,4,216,33,6,21,4983,71,57,86,3570,119,825,487,95,65,112,33,4666,2833,1815,7113,1505,155,38,338,4,3545,703,1090,5533,251,1359,502,39,29,2010,285,96,59,176,966,85,3,4359,89,7,7,453,522,1,7224,23,3067,4461,3254,841,4392,503,56,6946,10788,1430,4503,7658,9574,34,14,63,54,22,72,207,36,55,97,732,0.0,0.0,0.0,0.0,0.0,0.0,0.0,0.0,0.0,0.0,0.0,0.0,0.0,0.0,0.0,0.0,0.0,0.0,0.0,0.0,0.0,0.0,0.0,0.0,0.0,0.0,0.0,0.0,0.0,0.0,0.0,0.0,0.0,0.0,0.0,0.0,0.0,0.0,0.0,0.0,0.0,0.0,0.0,0.0,0.0,0.0,0.0,0.0,0.0,0.0,0.0,0.0,0.0,0.0,0.0,0.0,0.0,0.0,0.0,0.0,0.0,0.0,0.0,0.0,0.0,0.0,0.0,0.0,0.0,0.0,0.0,0.0,0.0,0.0,0.0,0.0,0.0,0.0,0.0,0.0,0.0,0.0,0.0,0.0,0.0,0.0,0.0,0.0,0.0,0.0,0.0,0.0,0.0,0.0,0.0,0.0,0.0,0.0,0.0,0.0,0.0,0.0,0.0,0.0,0.0,0.0,0.0,0.0,0.0,0.0,0.0,0.0,0.0,0.0,0.0,0.0,0.0,0.0,0.0,0.0,0.0,0.0,0.0,0.0,0.0,0.0,0.0,0.0,0.0,0.0,0.0,0.0,0.0,0.0,0.0,0.0,0.0,0.0,0.0,0.0,0.0,0.0,0.0,0.0,0.0,0.0,0.0,0.0,0.0,0.0
ENCFF000YCR,0.06821925490310399,6523,38,384,5421,100,8813,569,50,66,23,86,354,585,987,2553,3303,438,41,517,565,23,64,6,6,11,87,382,365,4020,329,24,33,54,220,182,13,162,1,3,776,1096,6,76,11,9,50,558,3389,48,81,114,117,46,34,639,20,29,32,8,70,147,45,1813,24,41,129,20,5772,5128,635,120,66,182,555,17,114,67,78,114,19,133,121,344,64,58,334,2,92,60,0,129,17,2,105,164,2374,16941,1008,4,2809,3881,231,3364,135,64,428,132,136,2,253,676,667,9,541,3021,347,3470,78,319,296,880,143,5459,174,608,247,67,303,42,9,2820,1578,218,3515,981,1055,2469,72,539,340,109,400,6607,57,52,11,12,2,3,178,37,79,969,464,58,391,5239,443,37,126,108,84,314,398,344,511,6,25,0,92,4,205,89,228,1364,4,1,90,92,108,1469,674,4343,240,3068,3385,1486,4312,1351,2799,29,2624,3091,979,910,2238,1745,610,89,103,63,7,68,119,19,7,2,8,371,40,4532,1404,1467,8,22739,3493,370,2717,3256,116,68,4144,1882,6643,648,3892,17,3927,5,19,122,80,29,99,22,347,204,3,85,107,62,97,48,234,145,27,22,433,313,163,238,133,40,73,59,49,55,31,34,126,495,144,42,204,259,203,1684,3627,218,231,288,141,75,65,50,94,56,7,700,61,103,525,41,162,55,373,128,112,71,115,22,53,59,283,285,100,105,87,293,154,88,92,114,401,4,5,41,60,46,36,1371,5,892,4,54,9,647,88,659,630,711,2,238,8,23,100,360,8703,74,193,227,102,26,254,19,9,69,1348,683,388,134,3,12,16,0,5,61,51,248,64,324,57,55,241,7021,66,203,11700,57,570,90,544,387,255,40,151,680,100,111,94,59,76,24,1783,121,92,114,40,121,124,2465,5,1033,249,3,2572,636,2,26,601,57,8,744,75,136,22,312,120,2898,406,75,89,103,36,104,86,120,45,1,111,1,197,18,3,19,65,22,87,74,3947,303,1196,642,201,58,71,30,3388,39,1294,210,1162,114,26,273,4,2440,510,930,3998,316,2498,29,16,32,109,68,131,90,152,791,95,8,42,137,1,3,407,428,0,60,15,2287,3964,3165,754,3352,460,44,7376,8516,1391,4082,6272,7809,33,27,85,101,25,91,133,25,50,58,654,0.0,0.0,0.0,0.0,0.0,0.0,0.0,0.0,0.0,0.0,0.0,0.0,0.0,0.0,0.0,0.0,0.0,0.0,0.0,0.0,0.0,0.0,0.0,0.0,0.0,0.0,0.0,0.0,0.0,0.0,0.0,0.0,0.0,0.0,0.0,0.0,0.0,0.0,0.0,0.0,0.0,0.0,0.0,0.0,0.0,0.0,0.0,0.0,0.0,0.0,0.0,0.0,0.0,0.0,0.0,0.0,0.0,0.0,0.0,0.0,0.0,0.0,0.0,0.0,0.0,0.0,0.0,0.0,0.0,0.0,0.0,0.0,0.0,0.0,0.0,0.0,0.0,0.0,0.0,0.0,0.0,0.0,0.0,0.0,0.0,0.0,0.0,0.0,0.0,0.0,0.0,0.0,0.0,0.0,0.0,0.0,0.0,0.0,0.0,0.0,0.0,0.0,0.0,0.0,0.0,0.0,0.0,0.0,0.0,0.0,0.0,0.0,0.0,0.0,0.0,0.0,0.0,0.0,0.0,0.0,0.0,0.0,0.0,0.0,0.0,0.0,0.0,0.0,0.0,0.0,0.0,0.0,0.0,0.0,0.0,0.0,0.0,0.0,0.0,0.0,0.0,0.0,0.0,0.0,0.0,0.0,0.0,0.0,0.0,0.0
ENCFF734KQY,0.1670287320993494,3345,30,323,8890,74,19909,920,57,36,37,68,525,285,1137,3170,5035,283,83,960,544,9,62,13,9,6,174,73,544,5413,341,12,2,60,442,400,1,342,4,1,851,1038,8,44,2,11,114,970,5004,7,84,221,288,22,9,473,8,49,44,16,77,274,205,2896,95,87,17,9,7597,5535,495,262,171,299,414,24,278,128,186,175,63,235,256,343,81,155,701,1,176,159,1,115,19,5,200,217,5447,17994,997,13,2514,4116,481,3475,270,129,423,149,175,4,299,690,744,49,606,3199,334,6829,32,195,230,781,83,11141,303,534,234,49,202,32,8,2576,1156,44,5791,1217,919,2526,5,642,1020,274,388,8597,126,21,28,8,3,0,193,40,34,1007,364,35,554,8648,539,32,285,180,153,355,400,364,541,4,10,6,202,1,272,118,173,125,2,1,104,44,261,1210,644,4342,386,3242,4194,1825,5264,1974,3686,53,2768,3626,917,889,2974,1893,851,128,8,143,10,126,251,18,5,10,11,400,13,8301,1846,1815,56,28015,5592,560,3564,5160,101,55,5165,2851,10115,467,3879,20,3601,2,32,70,9,62,194,39,713,267,4,176,177,122,211,89,498,284,15,22,814,489,251,253,318,71,195,184,91,70,53,22,281,761,221,69,238,434,393,2198,14349,53,438,282,234,150,133,149,197,120,5,1075,130,300,606,62,338,118,455,287,237,154,220,15,105,79,466,387,163,168,183,311,294,205,166,196,577,5,4,114,171,45,40,1328,8,813,0,29,7,701,70,737,708,1109,4,335,15,6,353,303,17472,51,226,356,132,0,437,23,37,175,2418,1136,523,134,4,16,7,1,6,144,233,207,137,426,129,96,273,13436,42,314,11474,104,723,195,1183,89,402,51,14,387,160,247,248,96,83,18,448,323,236,259,77,245,273,2871,11,1822,146,9,2546,819,4,53,599,137,4,1117,174,77,16,645,218,5719,623,47,162,218,126,132,215,116,111,4,69,2,271,17,3,10,17,195,55,150,4772,179,1735,784,154,91,63,23,2650,6,1356,218,968,144,7,238,1,3902,658,1174,4836,569,3950,34,56,87,226,90,218,170,204,1067,226,4,19,203,6,7,341,327,2,12,6,2748,4727,4148,1018,3374,471,306,8509,9841,1838,4904,7558,8506,54,5,140,145,49,166,54,39,32,80,785,0.0,0.0,0.0,0.0,0.0,0.0,0.0,0.0,0.0,0.0,0.0,0.0,0.0,0.0,0.0,0.0,0.0,0.0,0.0,0.0,0.0,0.0,0.0,0.0,0.0,0.0,0.0,0.0,0.0,0.0,0.0,0.0,0.0,0.0,0.0,0.0,0.0,0.0,0.0,0.0,0.0,0.0,0.0,0.0,0.0,0.0,0.0,0.0,0.0,0.0,0.0,0.0,0.0,0.0,0.0,0.0,0.0,0.0,0.0,0.0,0.0,0.0,0.0,0.0,0.0,0.0,0.0,0.0,0.0,0.0,0.0,0.0,0.0,0.0,0.0,0.0,0.0,0.0,0.0,0.0,0.0,0.0,0.0,0.0,0.0,0.0,0.0,0.0,0.0,0.0,0.0,0.0,0.0,0.0,0.0,0.0,0.0,0.0,0.0,0.0,0.0,0.0,0.0,0.0,0.0,0.0,0.0,0.0,0.0,0.0,0.0,0.0,0.0,0.0,0.0,0.0,0.0,0.0,0.0,0.0,0.0,0.0,0.0,0.0,0.0,0.0,0.0,0.0,0.0,0.0,0.0,0.0,0.0,0.0,0.0,0.0,0.0,0.0,0.0,0.0,0.0,0.0,0.0,0.0,0.0,0.0,0.0,0.0,0.0,0.0
ENCFF399RVX,0.17305862644669737,44449,177,5962,45009,748,93823,6097,348,694,404,702,4775,5163,11588,28555,32295,4906,615,5757,8274,205,1097,169,61,50,1089,165,5026,42406,5148,466,220,715,2524,2317,37,2668,16,19,10432,17380,78,1036,46,54,630,8030,28820,26,868,1358,2141,899,442,9878,248,538,491,97,987,2164,1022,14443,1269,419,42,115,70263,80141,11458,1424,1025,1617,7626,434,1618,719,1153,1295,319,1504,1536,6214,679,777,5601,13,1311,700,17,1856,662,24,2221,2104,25608,252498,15261,173,42770,58894,3613,53755,1451,967,7913,2037,2205,19,4044,10406,9885,105,6224,51111,3322,36674,553,2096,2506,12842,942,53730,1878,8777,4070,1098,3947,572,163,46365,16328,141,25993,10851,16036,45346,47,6586,2937,1630,5298,59198,289,294,166,144,65,53,3310,436,714,15355,7013,1753,5835,49147,5391,663,1611,1099,1044,4264,6637,5696,8134,80,79,35,1523,32,2622,945,1769,244,15,9,824,954,1327,25077,11008,62513,3763,43130,47142,21382,41060,19806,42424,358,40282,47531,15104,13828,32878,27151,7507,1339,69,816,111,730,1356,206,74,40,139,5943,408,53348,17814,13324,195,246048,54480,5396,44043,30623,1610,745,61209,26383,81522,4766,64131,365,63526,39,388,1022,162,416,1241,237,5498,3211,18,1046,1376,864,1276,604,3279,1976,965,276,6770,4395,3053,4262,1863,510,980,1096,473,459,396,902,1622,7662,1793,573,2557,3181,2971,16895,61325,253,3208,5508,2035,1202,896,884,1375,861,250,10827,650,1273,8719,495,2253,520,6522,1637,1444,916,1380,187,712,775,3665,3479,1237,1319,1060,3886,2331,1117,1200,1487,5555,59,43,575,882,594,291,22016,127,14383,32,882,37,9689,1171,10624,8815,10797,17,3627,127,270,1975,6207,100239,927,2671,3147,1667,42,3943,290,138,1075,20273,7407,4316,2038,71,546,136,17,47,986,1312,3480,721,6152,720,663,2402,65008,459,3189,188786,780,8712,1478,7070,576,3461,402,98,5324,1182,1359,1403,525,595,463,1695,1594,1424,1443,730,1626,1685,38391,97,16621,3443,33,39224,11689,41,424,8667,885,42,10186,1230,1625,422,4277,1560,27251,5637,865,1057,1479,579,1689,1317,1931,662,21,1589,34,2490,86,69,254,508,135,850,917,43361,2107,14814,7266,1483,821,1167,147,52485,138,20874,2417,23617,1781,519,4393,19,38224,6998,13001,58812,4949,24144,383,123,491,1177,579,1491,1164,2222,9529,1311,29,265,1526,21,15,6389,6321,19,176,269,35530,62315,44124,10887,51585,6074,1098,101334,130318,19878,63621,96250,114716,383,264,1073,983,282,1247,1754,523,888,927,9465,0.0,0.0,0.0,0.0,0.0,0.0,0.0,0.0,0.0,0.0,0.0,0.0,0.0,0.0,0.0,0.0,0.0,0.0,0.0,0.0,0.0,0.0,0.0,0.0,0.0,0.0,0.0,0.0,0.0,0.0,0.0,0.0,0.0,0.0,0.0,0.0,0.0,0.0,0.0,0.0,0.0,0.0,0.0,0.0,0.0,0.0,0.0,0.0,0.0,0.0,0.0,0.0,0.0,0.0,0.0,0.0,0.0,0.0,0.0,0.0,0.0,0.0,0.0,0.0,0.0,0.0,0.0,0.0,0.0,0.0,0.0,0.0,0.0,0.0,0.0,0.0,0.0,0.0,0.0,0.0,0.0,0.0,0.0,0.0,0.0,0.0,0.0,0.0,0.0,0.0,0.0,0.0,0.0,0.0,0.0,0.0,0.0,0.0,0.0,0.0,0.0,0.0,0.0,0.0,0.0,0.0,0.0,0.0,0.0,0.0,0.0,0.0,0.0,0.0,0.0,0.0,0.0,0.0,0.0,0.0,0.0,0.0,0.0,0.0,0.0,0.0,0.0,0.0,0.0,0.0,0.0,0.0,0.0,0.0,0.0,0.0,0.0,0.0,0.0,0.0,0.0,0.0,0.0,0.0,0.0,0.0,0.0,0.0,0.0,0.0
ENCFF682QTO,0.17622664604660968,78768,669,5058,94543,1617,375462,15803,839,998,686,921,7531,7009,24712,44706,110728,5192,1308,12767,9081,202,1273,127,155,71,2247,3520,7954,71580,6937,343,163,1190,5746,5233,71,5457,49,5,15055,20106,156,813,176,119,1532,14445,57072,342,1480,3561,3838,668,343,10085,215,669,444,243,1494,3534,1961,32181,9817,1064,871,157,97982,94657,10440,3308,1891,4542,9211,476,3854,1798,2147,2395,688,3029,3359,5888,1280,1933,9957,29,2272,1990,35,1787,313,135,2437,2651,62380,297283,17034,160,45530,68417,6459,57999,3467,1874,7956,2433,2578,42,5348,12209,12539,279,8887,56716,5696,119096,609,3096,3323,13880,1428,185591,3544,10487,4371,756,4125,392,167,52767,29318,1833,67103,22480,19854,47058,205,9753,14228,3298,6776,122331,1002,507,325,179,75,105,4083,987,588,17653,7638,798,7444,95085,7147,741,3578,2506,2018,5445,6835,6480,9574,67,221,65,3109,56,3934,1787,1354,78582,41,7,1288,1099,3278,22850,11287,74205,5855,65688,67472,27933,72433,30657,57792,1298,49489,62593,17891,15330,46946,32962,10177,2055,453,1983,56,1764,2988,210,46,29,124,7205,549,102800,23109,37781,759,443759,77750,7949,55490,66622,1995,868,74971,36840,123447,9530,76553,316,68507,38,583,1721,125,926,2527,480,9432,5530,76,1952,2137,1694,2858,1299,6819,3750,294,423,12315,7174,4365,4953,4271,889,2210,2220,1197,951,702,624,3318,9399,2318,1062,3182,6390,5262,29354,57814,2391,6523,5537,3229,2155,1864,1823,2526,1411,124,13955,1601,3737,10118,875,3929,1576,8582,3675,3044,1892,2685,397,1385,1302,6757,5486,2277,2612,2235,5176,4117,3556,1992,3094,9477,53,102,1272,2203,893,953,26842,347,16187,55,604,128,12114,1371,13630,12316,16665,67,5961,120,116,5192,6536,272194,985,3592,5426,2226,113,6240,184,647,2446,36760,17090,6368,2859,26,194,119,42,83,1658,3546,4327,1826,6583,1740,1470,6875,190191,751,4984,195465,1155,11719,2623,17196,3932,5992,916,806,7388,2253,2934,3113,963,962,483,20252,3839,2861,2959,1160,3215,3639,48018,52,28900,2851,80,47507,13491,163,641,10032,1710,52,16048,2122,1695,246,8955,2950,51889,6429,1206,2066,2945,1548,2496,2453,2005,2004,37,1738,45,4436,387,39,110,453,1316,1050,1921,67635,3438,20169,10781,2159,1422,1081,392,53082,200,25453,3207,18628,2368,258,5096,20,56602,10462,18759,74597,2963,53136,422,629,1137,2736,1452,2600,2057,2834,16318,2712,35,488,2820,39,59,5873,6148,39,312,171,48116,68735,57497,14457,60403,8284,676,147624,160885,24866,70802,124214,143151,1001,226,1906,1850,708,2439,1426,524,347,1340,12838,0.0,0.0,0.0,0.0,0.0,0.0,0.0,0.0,0.0,0.0,0.0,0.0,0.0,0.0,0.0,0.0,0.0,0.0,0.0,0.0,0.0,0.0,0.0,0.0,0.0,0.0,0.0,0.0,0.0,0.0,0.0,0.0,0.0,0.0,0.0,0.0,0.0,0.0,0.0,0.0,0.0,0.0,0.0,0.0,0.0,0.0,0.0,0.0,0.0,0.0,0.0,0.0,0.0,0.0,0.0,0.0,0.0,0.0,0.0,0.0,0.0,0.0,0.0,0.0,0.0,0.0,0.0,0.0,0.0,0.0,0.0,0.0,0.0,0.0,0.0,0.0,0.0,0.0,0.0,0.0,0.0,0.0,0.0,0.0,0.0,0.0,0.0,0.0,0.0,0.0,0.0,0.0,0.0,0.0,0.0,0.0,0.0,0.0,0.0,0.0,0.0,0.0,0.0,0.0,0.0,0.0,0.0,0.0,0.0,0.0,0.0,0.0,0.0,0.0,0.0,0.0,0.0,0.0,0.0,0.0,0.0,0.0,0.0,0.0,0.0,0.0,0.0,0.0,0.0,0.0,0.0,0.0,0.0,0.0,0.0,0.0,0.0,0.0,0.0,0.0,0.0,0.0,0.0,0.0,0.0,0.0,0.0,0.0,0.0,0.0
ENCFF565YZN,0.22117712347054444,33957,498,4921,111566,1526,419707,12464,853,614,303,699,7283,5505,15936,66417,141384,4198,893,10311,5992,113,747,74,82,138,1636,368,7750,119729,4575,217,54,826,6128,5281,66,5548,23,14,11100,13058,97,458,91,127,1309,12837,66877,37,1291,3112,4257,349,219,5584,100,456,301,223,884,3623,2189,60713,946,1210,113,186,121106,64416,5672,3600,2311,3438,5105,210,4117,1762,2494,2789,744,3367,3713,4294,1250,2082,9659,28,2651,2243,39,1317,256,45,2179,2800,66879,228697,10794,165,28539,48376,6718,40312,3996,2036,4143,1278,1517,32,3022,7142,7644,916,7023,31597,5419,107947,649,2932,3113,10067,1378,186847,3869,6273,2533,404,2246,183,161,28331,19470,263,101849,18325,14271,26513,41,8478,10665,3637,4825,122814,1340,131,328,109,41,63,2499,441,670,11881,4112,651,6430,114588,8316,362,3804,4384,6328,4545,3804,3753,5579,53,95,105,3280,61,3838,1846,1986,483,17,28,1195,597,3797,12943,7043,49916,4912,49372,53598,22504,96788,23579,47097,1038,33527,44133,9973,9586,34303,20194,10328,1723,68,1690,119,2083,3496,131,28,51,175,4238,400,121562,23429,36625,396,359386,65031,6534,40651,96923,1152,603,64429,34289,146178,8446,41439,100,38757,22,338,1050,72,893,2960,334,9507,3038,26,2155,2161,1838,3119,1342,7497,3990,147,426,10223,6945,3331,2820,4483,965,2315,2457,1346,887,703,297,3608,8684,3402,1099,2873,6503,5229,30078,203380,300,6157,3296,3274,2559,2062,2059,3083,1703,42,12475,1466,3752,7922,966,3923,1654,6272,3745,3221,2062,3001,119,1498,799,6477,5742,2523,2886,2458,3806,4015,2957,2157,3128,7755,39,30,1321,2273,497,476,15018,297,9853,21,467,45,9058,825,8301,7874,14169,53,3841,84,77,5048,3383,269403,571,2462,5094,1514,35,6367,123,580,1470,28068,13586,7257,1686,18,170,145,12,68,2081,2080,2424,2066,4825,1812,1443,8458,203784,492,4210,124173,1332,8942,2955,15986,738,5567,916,125,4440,2314,3507,3642,1141,972,289,2423,4285,3316,3526,843,3558,3796,34676,30,24420,1926,51,29712,8349,40,467,6592,1569,48,13469,2381,778,132,8838,3167,51067,8192,492,2129,3364,1534,1944,2962,1129,1979,35,754,73,3395,147,28,109,140,3226,938,1551,98242,3325,23230,11124,2203,1124,874,362,27924,68,15725,3073,10925,1925,145,2812,26,38987,7544,12906,54817,7341,69476,456,754,1169,2655,1485,3024,2451,2659,19032,3127,10,162,3093,47,44,3724,3582,68,83,106,31769,53880,53889,11856,40137,5537,3007,119162,117962,22648,59500,87125,99820,835,172,2128,1957,751,2747,749,372,225,924,8688,0.0,0.0,0.0,0.0,0.0,0.0,0.0,0.0,0.0,0.0,0.0,0.0,0.0,0.0,0.0,0.0,0.0,0.0,0.0,0.0,0.0,0.0,0.0,0.0,0.0,0.0,0.0,0.0,0.0,0.0,0.0,0.0,0.0,0.0,0.0,0.0,0.0,0.0,0.0,0.0,0.0,0.0,0.0,0.0,0.0,0.0,0.0,0.0,0.0,0.0,0.0,0.0,0.0,0.0,0.0,0.0,0.0,0.0,0.0,0.0,0.0,0.0,0.0,0.0,0.0,0.0,0.0,0.0,0.0,0.0,0.0,0.0,0.0,0.0,0.0,0.0,0.0,0.0,0.0,0.0,0.0,0.0,0.0,0.0,0.0,0.0,0.0,0.0,0.0,0.0,0.0,0.0,0.0,0.0,0.0,0.0,0.0,0.0,0.0,0.0,0.0,0.0,0.0,0.0,0.0,0.0,0.0,0.0,0.0,0.0,0.0,0.0,0.0,0.0,0.0,0.0,0.0,0.0,0.0,0.0,0.0,0.0,0.0,0.0,0.0,0.0,0.0,0.0,0.0,0.0,0.0,0.0,0.0,0.0,0.0,0.0,0.0,0.0,0.0,0.0,0.0,0.0,0.0,0.0,0.0,0.0,0.0,0.0,0.0,0.0
ENCFF054RBV,0.15172978115944757,5471,64,427,9513,93,17320,2439,69,31,49,87,774,292,1118,3350,3831,398,128,1541,938,22,123,10,7,16,307,67,801,5519,644,33,11,82,576,533,7,584,6,1,1624,1902,9,92,6,14,189,1377,5438,8,178,334,361,58,37,866,26,70,42,91,136,412,169,2954,115,109,23,13,9390,8530,944,355,194,397,875,42,402,179,206,243,68,293,365,534,108,198,917,1,221,196,1,201,51,13,403,236,5325,29647,1816,32,4702,7058,692,5886,347,179,754,306,381,9,582,1133,1388,86,988,5389,343,5794,32,138,242,1231,60,9225,341,1058,408,125,349,35,11,4684,1125,39,6292,1295,1805,4514,10,978,1288,344,589,9550,182,26,22,13,3,5,420,67,53,1881,615,68,959,9127,587,58,360,257,203,498,943,821,968,3,22,11,259,7,367,159,352,153,2,2,126,102,332,2201,1038,7324,590,4619,6906,2880,6285,2830,5420,47,4834,6066,1553,1555,5148,3549,1318,228,5,234,5,183,295,24,12,5,24,717,31,8759,2141,1430,151,58710,7977,778,5188,5109,218,90,7372,4339,12330,371,7446,24,6924,4,77,120,3,92,230,53,906,493,4,173,220,179,285,100,711,391,19,35,1230,727,384,650,460,102,186,192,138,95,63,48,323,1214,227,97,309,641,513,2571,13552,58,595,538,308,210,216,165,257,159,5,1908,153,373,1022,86,370,142,726,326,320,218,273,25,135,123,629,536,229,241,223,480,437,292,199,283,863,4,6,133,205,104,88,2440,35,1403,1,44,19,1205,140,1314,1288,1756,13,563,14,4,578,584,17806,93,386,535,217,3,579,27,90,296,3872,1940,782,281,12,27,6,5,7,184,350,366,192,566,200,116,309,13259,52,440,18966,139,1181,278,1712,134,534,103,16,629,204,337,308,103,101,50,440,385,264,280,121,358,356,4937,8,2857,300,36,4614,1412,20,77,1278,244,15,1499,220,153,19,914,300,5982,637,61,180,289,145,219,233,172,180,5,132,6,476,21,15,30,21,151,42,186,5060,160,1959,948,138,151,160,68,4628,14,2314,294,1711,253,25,477,2,7338,1376,2145,8536,745,3915,33,75,103,276,144,265,185,302,1623,270,2,30,283,18,19,574,614,9,6,14,4823,7366,6111,1456,5785,847,373,11960,16120,2579,7187,13000,14282,39,15,167,189,66,241,179,50,46,142,1199,0.0,0.0,0.0,0.0,0.0,0.0,0.0,0.0,0.0,0.0,0.0,0.0,0.0,0.0,0.0,0.0,0.0,0.0,0.0,0.0,0.0,0.0,0.0,0.0,0.0,0.0,0.0,0.0,0.0,0.0,0.0,0.0,0.0,0.0,0.0,0.0,0.0,0.0,0.0,0.0,0.0,0.0,0.0,0.0,0.0,0.0,0.0,0.0,0.0,0.0,0.0,0.0,0.0,0.0,0.0,0.0,0.0,0.0,0.0,0.0,0.0,0.0,0.0,0.0,0.0,0.0,0.0,0.0,0.0,0.0,0.0,0.0,0.0,0.0,0.0,0.0,0.0,0.0,0.0,0.0,0.0,0.0,0.0,0.0,0.0,0.0,0.0,0.0,0.0,0.0,0.0,0.0,0.0,0.0,0.0,0.0,0.0,0.0,0.0,0.0,0.0,0.0,0.0,0.0,0.0,0.0,0.0,0.0,0.0,0.0,0.0,0.0,0.0,0.0,0.0,0.0,0.0,0.0,0.0,0.0,0.0,0.0,0.0,0.0,0.0,0.0,0.0,0.0,0.0,0.0,0.0,0.0,0.0,0.0,0.0,0.0,0.0,0.0,0.0,0.0,0.0,0.0,0.0,0.0,0.0,0.0,0.0,0.0,0.0,0.0
ENCFF000CAS,0.1871923375252769,90866,400,5944,72358,1256,187975,12489,372,980,601,2030,8943,6959,16225,38539,52274,6685,760,13442,10410,314,1431,183,180,177,1714,3414,5263,39831,8009,541,341,842,2988,2788,103,3472,64,219,15468,20279,81,1085,41,131,1275,12785,30706,457,780,1506,2103,950,564,11659,315,656,1485,349,1678,4815,468,19008,465,555,855,954,80114,90383,13104,1684,1036,2553,8674,570,2048,811,1190,1351,343,1383,1944,6616,674,863,5634,30,1336,715,105,2442,329,111,2117,1924,31699,311820,18324,175,49029,69612,4605,60465,1933,934,9918,2985,3004,72,4948,12924,13347,363,8100,57110,5060,54114,870,3572,3815,16324,1557,72649,2265,11064,5562,1501,5017,767,322,51896,21486,2446,27607,14252,21475,51302,640,8985,9643,1969,7103,83036,698,819,227,186,43,96,4009,455,2828,18997,8989,1338,7957,72935,5168,884,1880,3316,2507,5570,7425,6800,9901,151,279,114,1526,57,2739,899,1880,287,62,10,939,1492,1676,26017,12850,77475,3843,49748,56186,26907,49338,22484,45030,551,47569,56684,18894,16064,39644,33162,10410,1508,876,1685,116,739,1392,331,155,51,170,7367,802,60172,18932,19528,532,386179,70891,6054,49825,37526,2249,1325,72656,37336,97411,10470,90329,435,92842,93,603,2692,1524,471,1485,489,6116,4202,44,945,1447,893,1386,637,4080,2474,392,443,8013,5127,3907,5202,1830,466,1067,1164,546,488,399,878,1614,9092,2828,561,3027,3838,3632,12969,33389,2064,3899,5082,2133,1331,1070,1005,1441,768,199,13919,773,1305,9220,567,2488,611,6960,1557,1593,919,1476,316,682,918,3767,3770,1204,1361,1123,4218,2476,1391,1221,1463,6434,43,64,633,875,1003,644,28292,476,18637,40,1001,143,11607,1427,13389,12470,14240,55,5349,391,366,3597,7190,123732,1279,4245,3608,1733,196,4777,320,528,1313,26373,15528,13308,2673,138,420,258,40,151,997,2970,4824,990,6344,726,858,2151,90276,672,3370,216413,1057,10253,1488,9182,3759,4404,433,1328,9015,1260,1568,1858,574,643,486,19931,1986,1468,1857,806,1811,2159,46193,225,18046,4024,94,46496,13312,130,606,10765,1634,134,10981,1268,3047,542,5284,1767,26412,4981,1418,1193,1934,657,1873,1404,2712,1532,75,1931,99,3134,255,104,402,969,901,1485,1311,66426,3587,14662,9483,2331,932,1794,652,67263,409,31513,3264,23126,2998,738,5397,243,55729,10256,17820,77212,3888,23029,384,572,599,1589,835,1868,1187,2255,13601,1785,62,546,1601,70,68,7695,7636,19,624,297,42822,67162,48198,12597,61339,7070,667,111185,150009,21220,68712,110629,135670,444,337,1096,1026,271,1301,2451,537,831,1430,12232,0.0,0.0,0.0,0.0,0.0,0.0,0.0,0.0,0.0,0.0,0.0,0.0,0.0,0.0,0.0,0.0,0.0,0.0,0.0,0.0,0.0,0.0,0.0,0.0,0.0,0.0,0.0,0.0,0.0,0.0,0.0,0.0,0.0,0.0,0.0,0.0,0.0,0.0,0.0,0.0,0.0,0.0,0.0,0.0,0.0,0.0,0.0,0.0,0.0,0.0,0.0,0.0,0.0,0.0,0.0,0.0,0.0,0.0,0.0,0.0,0.0,0.0,0.0,0.0,0.0,0.0,0.0,0.0,0.0,0.0,0.0,0.0,0.0,0.0,0.0,0.0,0.0,0.0,0.0,0.0,0.0,0.0,0.0,0.0,0.0,0.0,0.0,0.0,0.0,0.0,0.0,0.0,0.0,0.0,0.0,0.0,0.0,0.0,0.0,0.0,0.0,0.0,0.0,0.0,0.0,0.0,0.0,0.0,0.0,0.0,0.0,0.0,0.0,0.0,0.0,0.0,0.0,0.0,0.0,0.0,0.0,0.0,0.0,0.0,0.0,0.0,0.0,0.0,0.0,0.0,0.0,0.0,0.0,0.0,0.0,0.0,0.0,0.0,0.0,0.0,0.0,0.0,0.0,0.0,0.0,0.0,0.0,0.0,0.0,0.0
ENCFF795AUA,0.14079051851097196,2377231,22963,13982,122340,1166,134437,39970,514,824,655,3749,11777,5859,11737,58970,42888,5953,1032,14240,14341,711,1868,185,175,232,5300,238939,7193,66289,10346,799,7375,2735,6514,6136,6602,7600,174,1085,33713,29827,304,1774,69,5029,4198,15430,52697,26125,1128,1645,2469,1291,2199,23652,503,1000,1177,787,2696,5715,1114,32960,973,1509,59729,1772,113237,108245,28051,4995,1248,47116,23172,723,5432,901,1385,1841,346,1692,4966,9237,841,875,6812,42,1457,903,101,3566,548,114,4149,2457,43071,418193,28871,190,77148,115986,6232,98682,5852,1057,17283,6864,7259,72,12186,29583,29768,780,13459,95795,5758,63417,732,3676,3701,24208,1546,99769,4425,17284,8099,3783,8220,960,430,99962,18074,125918,71972,14009,69251,74792,25026,12796,6762,7682,31019,71717,2079,27686,386,301,208,138,5553,973,7108,25775,12413,1527,13894,120867,6069,1082,5501,5069,4338,8129,14003,11360,30850,353,625,209,1773,71,3107,955,6829,5122,2757,31,14501,2075,4790,46471,18282,145555,4693,59790,76796,38494,62606,34742,63893,592,74331,87707,28275,23373,83624,50278,36817,2128,42037,1953,322,886,1459,723,214,121,397,10820,517,80332,24082,14516,853,2978326,92953,31174,62964,55265,3153,2598,92895,56181,128864,6779,143352,619,132998,213,1128,4495,2760,467,3771,4461,9315,8763,402,970,1604,977,1486,727,11862,5584,4319,1418,9821,10659,4684,15143,1926,502,1032,1293,545,573,429,3182,1567,14264,2138,585,3692,9209,7251,25799,62178,122178,8144,16784,2782,3137,3555,1048,1659,828,1863,35376,813,1384,19292,640,4304,646,9725,1551,3172,884,1483,2392,820,5109,4404,4481,1346,1560,1229,6809,2900,1448,1241,1550,7118,62,96,662,978,2023,530,42414,352,36452,46,1458,164,17502,2317,26949,19742,18881,82,7025,227,711,2968,9835,131433,14032,15416,8539,2492,7584,10365,590,1473,2170,45429,17564,16801,3730,187,1838,270,55,197,1101,4436,6481,4473,10082,821,778,2920,147013,7940,3851,323946,4175,14964,1986,15753,239587,5544,597,89245,204596,1280,5358,5185,639,797,3677,1032835,6538,2514,6255,2046,6026,5421,67459,164,24667,6643,105,92185,18587,117,913,24088,6219,340,13293,1386,5544,986,11733,4702,58824,6072,44414,1308,4325,737,2139,1496,4309,1859,107,2553,75,7099,580,86,661,23377,2203,1377,1682,71023,3184,15697,10329,2244,1186,5437,601,110213,23761,42844,36328,31705,4054,800,6943,494,103649,18863,32382,169606,5519,35874,3211,743,598,15412,13326,6143,1210,4010,14245,5270,187,26698,1687,171,148,11055,10985,20,48964,676,68925,98887,75319,17549,90204,10911,960,180459,237500,31420,100430,174293,216907,860,491,1270,1177,357,1405,5446,792,1101,2115,16451,0.0,0.0,0.0,0.0,0.0,0.0,0.0,0.0,0.0,0.0,0.0,0.0,0.0,0.0,0.0,0.0,0.0,0.0,0.0,0.0,0.0,0.0,0.0,0.0,0.0,0.0,0.0,0.0,0.0,0.0,0.0,0.0,0.0,0.0,0.0,0.0,0.0,0.0,0.0,0.0,0.0,0.0,0.0,0.0,0.0,0.0,0.0,0.0,0.0,0.0,0.0,0.0,0.0,0.0,0.0,0.0,0.0,0.0,0.0,0.0,0.0,0.0,0.0,0.0,0.0,0.0,0.0,0.0,0.0,0.0,0.0,0.0,0.0,0.0,0.0,0.0,0.0,0.0,0.0,0.0,0.0,0.0,0.0,0.0,0.0,0.0,0.0,0.0,0.0,0.0,0.0,0.0,0.0,0.0,0.0,0.0,0.0,0.0,0.0,0.0,0.0,0.0,0.0,0.0,0.0,0.0,0.0,0.0,0.0,0.0,0.0,0.0,0.0,0.0,0.0,0.0,0.0,0.0,0.0,0.0,0.0,0.0,0.0,0.0,0.0,0.0,0.0,0.0,0.0,0.0,0.0,0.0,0.0,0.0,0.0,0.0,0.0,0.0,0.0,0.0,0.0,0.0,0.0,0.0,0.0,0.0,0.0,0.0,0.0,0.0
ENCFF000ROO,0.08644658569239637,11453,55,800,9974,142,27877,1075,62,61,46,113,615,544,1343,4076,7021,513,99,912,914,12,89,10,15,16,174,671,768,9381,649,56,24,99,442,360,10,394,2,8,1364,1878,9,110,4,12,132,1114,4135,89,121,282,331,84,50,1034,32,50,74,21,121,319,123,3417,232,99,200,12,10311,8961,1173,252,153,374,803,43,315,129,170,191,59,217,257,579,105,127,741,2,199,133,3,178,57,6,334,264,3748,34412,1743,14,4646,6627,534,5923,427,165,900,252,272,4,455,1162,1133,45,847,5306,487,7403,70,362,332,1327,158,11440,320,1099,421,64,392,61,11,4730,1901,459,6521,1596,1680,4746,76,914,735,283,784,10861,95,95,16,13,6,13,387,82,104,1665,802,91,768,10152,923,70,251,253,228,491,526,571,851,6,23,11,247,6,376,157,436,335,13,4,150,129,208,2500,1127,7772,531,5144,6549,2773,6297,2620,5365,120,4667,5456,1741,1492,4227,3088,1105,151,117,130,11,153,215,28,8,4,9,650,58,8909,2515,1823,49,38134,7550,742,5213,5625,192,106,7791,3551,12398,706,6861,25,6784,4,46,125,13,67,214,46,806,400,7,172,200,158,243,89,537,311,21,44,945,624,423,409,300,65,173,174,72,77,53,73,280,1061,213,89,367,556,483,3081,11278,439,508,534,327,198,159,115,242,133,10,1287,115,253,915,92,389,102,691,253,204,163,197,40,104,131,559,548,180,229,191,395,306,197,183,262,809,7,3,83,175,75,59,2484,24,1486,2,89,9,1165,168,1213,1220,1441,10,475,20,16,198,779,16306,133,358,418,201,38,512,29,76,160,3128,1314,583,262,11,22,11,1,9,173,354,475,125,740,140,117,470,16155,95,429,20094,84,1174,224,1228,721,553,70,263,1116,195,202,240,78,111,47,3596,288,219,244,102,267,320,4435,10,2127,355,8,4652,1310,8,56,1007,152,10,1430,177,195,27,693,245,5143,683,166,212,222,110,254,198,205,168,13,154,7,369,21,19,31,122,86,97,155,7420,328,2202,1082,267,115,96,30,5678,31,2547,394,2131,250,27,485,6,5341,970,1734,7201,743,3819,51,72,70,244,97,227,183,293,1457,232,5,107,250,3,13,705,651,6,101,16,4374,7215,5873,1350,6098,752,115,14277,15906,2469,7413,12093,14022,79,33,176,152,50,195,160,57,43,113,1205,0.0,0.0,0.0,0.0,0.0,0.0,0.0,0.0,0.0,0.0,0.0,0.0,0.0,0.0,0.0,0.0,0.0,0.0,0.0,0.0,0.0,0.0,0.0,0.0,0.0,0.0,0.0,0.0,0.0,0.0,0.0,0.0,0.0,0.0,0.0,0.0,0.0,0.0,0.0,0.0,0.0,0.0,0.0,0.0,0.0,0.0,0.0,0.0,0.0,0.0,0.0,0.0,0.0,0.0,0.0,0.0,0.0,0.0,0.0,0.0,0.0,0.0,0.0,0.0,0.0,0.0,0.0,0.0,0.0,0.0,0.0,0.0,0.0,0.0,0.0,0.0,0.0,0.0,0.0,0.0,0.0,0.0,0.0,0.0,0.0,0.0,0.0,0.0,0.0,0.0,0.0,0.0,0.0,0.0,0.0,0.0,0.0,0.0,0.0,0.0,0.0,0.0,0.0,0.0,0.0,0.0,0.0,0.0,0.0,0.0,0.0,0.0,0.0,0.0,0.0,0.0,0.0,0.0,0.0,0.0,0.0,0.0,0.0,0.0,0.0,0.0,0.0,0.0,0.0,0.0,0.0,0.0,0.0,0.0,0.0,0.0,0.0,0.0,0.0,0.0,0.0,0.0,0.0,0.0,0.0,0.0,0.0,0.0,0.0,0.0
ENCFF002EFP,0.11785681792384198,94184,250,3113,50012,471,156163,7906,570,190,162,419,5115,1507,6733,28746,23619,1713,669,6605,4454,70,516,40,104,67,1846,7428,4700,27976,3366,121,46,516,3451,3025,48,3026,48,3,6784,7779,94,390,69,53,790,8094,28844,359,974,2099,2436,123,211,3543,123,259,231,177,658,3003,645,18174,3538,605,2019,168,48467,38606,3804,1952,1225,2858,3787,45,2210,1083,1212,1459,427,2150,1980,2368,745,1313,5813,30,1489,1425,31,749,219,50,1106,1274,20000,136256,7428,135,19414,31826,4481,27513,2194,1209,2624,995,1446,31,2682,5816,6197,212,5022,25994,1517,38061,171,981,1301,6061,478,68678,2213,4936,1840,351,1472,148,61,18999,5307,2823,30325,9159,6567,20385,275,5513,7862,1815,3360,59680,362,484,84,80,54,49,1400,237,598,9261,2638,266,3811,48898,3445,153,2240,705,656,2501,3187,2740,4233,72,108,59,1750,35,2219,1088,638,133,24,49,718,407,2048,9884,4727,33481,3470,20386,29997,14151,34514,16752,32014,162,22330,28398,7072,7664,22975,15832,4558,1059,370,636,42,1348,2167,88,37,32,42,3912,65,49679,10589,7902,342,177728,38847,4557,25624,28113,668,446,35548,18407,62253,2183,31008,146,26291,15,197,699,28,619,1482,248,6378,1895,36,1308,1118,1089,1757,966,3936,1984,238,181,6323,4257,2284,2561,2944,530,1767,1469,803,558,431,287,1766,5545,1489,665,1793,3703,2855,14185,92086,6925,3678,2748,1822,1400,1082,1131,1549,903,94,6626,903,2956,4896,578,2106,1045,4453,2755,1785,1586,1733,210,759,730,4339,3288,1561,1405,1442,2493,2580,1921,1112,1936,4661,59,29,788,1342,434,354,9815,85,7229,28,207,42,5052,381,5552,6098,8536,30,2359,115,35,1939,2345,93232,591,1495,3161,1078,56,3364,83,148,1154,20919,8196,6644,1040,41,90,51,21,63,1079,1323,1633,1193,4198,1073,829,1923,70113,306,2764,88091,674,5573,1592,9651,8380,3143,535,1134,5513,1359,1807,1875,677,523,76,51614,2483,1722,1724,672,1771,2029,22598,84,17211,1077,47,21335,6314,35,342,5085,864,73,9373,1259,561,108,4873,1694,29922,3001,1062,1450,1914,1123,1095,1628,976,1079,38,690,50,2527,139,38,45,433,354,172,924,37760,1211,10592,5199,671,720,533,158,18606,561,10364,2039,7142,1148,49,1940,8,34726,6545,10454,41678,3317,27390,172,339,661,1941,990,1485,1433,1782,5867,1585,27,122,1792,29,66,2075,2059,21,463,128,21119,39480,29918,8126,26507,3987,1217,70417,80431,12834,36809,65689,68154,180,50,1178,1071,540,1481,490,329,142,670,6086,0.0,0.0,0.0,0.0,0.0,0.0,0.0,0.0,0.0,0.0,0.0,0.0,0.0,0.0,0.0,0.0,0.0,0.0,0.0,0.0,0.0,0.0,0.0,0.0,0.0,0.0,0.0,0.0,0.0,0.0,0.0,0.0,0.0,0.0,0.0,0.0,0.0,0.0,0.0,0.0,0.0,0.0,0.0,0.0,0.0,0.0,0.0,0.0,0.0,0.0,0.0,0.0,0.0,0.0,0.0,0.0,0.0,0.0,0.0,0.0,0.0,0.0,0.0,0.0,0.0,0.0,0.0,0.0,0.0,0.0,0.0,0.0,0.0,0.0,0.0,0.0,0.0,0.0,0.0,0.0,0.0,0.0,0.0,0.0,0.0,0.0,0.0,0.0,0.0,0.0,0.0,0.0,0.0,0.0,0.0,0.0,0.0,0.0,0.0,0.0,0.0,0.0,0.0,0.0,0.0,0.0,0.0,0.0,0.0,0.0,0.0,0.0,0.0,0.0,0.0,0.0,0.0,0.0,0.0,0.0,0.0,0.0,0.0,0.0,0.0,0.0,0.0,0.0,0.0,0.0,0.0,0.0,0.0,0.0,0.0,0.0,0.0,0.0,0.0,0.0,0.0,0.0,0.0,0.0,0.0,0.0,0.0,0.0,0.0,0.0
ENCFF716OWO,0.16704707424594878,3311,27,284,8751,83,19912,907,57,40,26,56,528,282,1107,3120,4887,271,65,900,546,13,65,6,14,16,161,62,599,5446,366,18,8,69,451,384,2,397,1,0,804,1058,6,44,1,7,108,916,4824,5,109,233,301,29,35,465,9,42,19,28,92,245,219,2877,92,105,24,3,7301,5346,515,262,152,250,443,12,281,133,158,199,47,272,240,350,89,165,609,3,177,148,2,108,27,5,191,245,5532,17883,1002,13,2498,4050,486,3478,302,139,392,134,165,3,315,597,719,48,599,3126,331,6823,30,150,189,814,75,10947,260,617,229,46,192,29,5,2452,1109,29,5936,1218,930,2410,5,644,1006,255,361,8573,91,13,22,6,8,8,229,46,47,1043,343,36,603,8513,565,37,286,168,143,330,390,340,519,4,15,1,217,1,257,126,185,124,3,1,103,54,247,1195,622,4215,415,3219,4091,1807,5359,1919,3553,56,2710,3689,922,879,2882,1853,793,135,11,153,4,140,261,8,0,11,18,417,21,8098,1730,1817,45,27506,5468,574,3467,5173,118,49,5291,2823,10047,467,3824,7,3596,3,25,87,3,51,191,32,636,248,3,163,154,125,202,96,545,288,14,29,761,493,288,230,325,66,165,164,109,62,47,25,232,753,260,96,220,433,389,2157,14016,63,448,278,240,181,159,150,214,110,5,1042,101,283,624,86,253,107,462,248,219,138,224,21,94,64,421,423,168,189,189,297,298,243,159,225,572,4,6,103,185,45,53,1281,18,793,1,26,5,783,77,716,670,1049,3,278,11,4,349,264,17242,48,220,341,123,0,421,16,48,158,2533,1177,524,132,6,16,7,0,3,147,226,246,136,425,131,102,277,13455,35,329,11129,73,651,215,1203,101,407,57,20,379,149,219,234,93,76,19,434,274,210,232,82,261,242,2843,3,1822,154,7,2511,766,6,49,620,146,3,1046,146,75,11,647,201,5643,623,40,161,235,106,129,190,113,125,5,83,7,264,11,7,8,12,192,52,135,4890,196,1646,827,142,93,50,28,2500,8,1314,222,1032,150,11,256,2,3774,691,1255,4634,497,3966,23,37,77,188,99,221,157,187,1103,212,7,25,227,4,10,299,285,2,6,4,2626,4773,4025,1004,3345,491,306,8369,9702,1828,4686,7484,8253,46,8,139,146,60,183,62,31,26,73,758,0.0,0.0,0.0,0.0,0.0,0.0,0.0,0.0,0.0,0.0,0.0,0.0,0.0,0.0,0.0,0.0,0.0,0.0,0.0,0.0,0.0,0.0,0.0,0.0,0.0,0.0,0.0,0.0,0.0,0.0,0.0,0.0,0.0,0.0,0.0,0.0,0.0,0.0,0.0,0.0,0.0,0.0,0.0,0.0,0.0,0.0,0.0,0.0,0.0,0.0,0.0,0.0,0.0,0.0,0.0,0.0,0.0,0.0,0.0,0.0,0.0,0.0,0.0,0.0,0.0,0.0,0.0,0.0,0.0,0.0,0.0,0.0,0.0,0.0,0.0,0.0,0.0,0.0,0.0,0.0,0.0,0.0,0.0,0.0,0.0,0.0,0.0,0.0,0.0,0.0,0.0,0.0,0.0,0.0,0.0,0.0,0.0,0.0,0.0,0.0,0.0,0.0,0.0,0.0,0.0,0.0,0.0,0.0,0.0,0.0,0.0,0.0,0.0,0.0,0.0,0.0,0.0,0.0,0.0,0.0,0.0,0.0,0.0,0.0,0.0,0.0,0.0,0.0,0.0,0.0,0.0,0.0,0.0,0.0,0.0,0.0,0.0,0.0,0.0,0.0,0.0,0.0,0.0,0.0,0.0,0.0,0.0,0.0,0.0,0.0
ENCFF000YDS,0.0744457007025988,2444,11,249,2852,50,5765,446,28,47,15,56,181,363,701,1269,2095,303,29,449,393,12,60,2,5,12,57,30,218,2196,289,20,14,26,128,106,1,144,1,2,627,863,8,69,2,7,47,400,1787,4,55,73,82,39,34,545,13,32,30,13,56,109,21,955,21,16,7,6,3508,3774,660,68,45,85,481,16,85,39,62,60,21,68,75,333,32,30,212,2,46,31,1,109,14,2,94,99,1200,12923,848,6,2337,3188,166,2876,82,31,412,111,112,2,219,592,645,18,374,2628,234,2170,44,200,159,640,72,3041,92,456,230,70,254,27,10,2560,1004,19,2073,668,961,2234,10,305,276,86,273,3661,54,12,7,11,1,6,166,37,53,786,400,47,297,2747,242,25,70,96,103,228,284,290,536,7,18,2,50,5,130,51,156,468,1,0,43,69,62,1317,585,3434,189,2228,2526,1028,2276,969,1865,16,2105,2471,812,772,1946,1421,460,62,9,55,6,30,70,19,8,3,4,294,25,2636,838,976,10,15004,2589,269,2175,1804,109,48,3006,1404,3987,339,3415,7,3491,0,32,55,23,17,43,21,211,166,5,39,67,37,61,37,154,88,27,10,273,234,140,263,83,32,42,36,38,29,17,59,77,361,74,22,159,174,126,915,1268,18,163,307,107,51,35,38,50,44,17,552,32,53,441,16,123,29,283,67,67,45,55,27,28,31,180,134,59,74,53,201,86,62,41,61,222,2,3,21,45,43,18,1153,11,800,2,46,11,506,89,549,534,515,2,180,13,12,104,303,5169,57,155,170,88,1,140,15,9,57,1025,487,188,129,6,9,8,0,8,40,46,190,44,222,34,34,163,4044,22,145,9522,21,452,56,368,61,179,26,5,290,53,76,60,41,27,18,179,81,68,57,31,87,83,1959,10,718,212,4,2197,549,0,31,429,77,7,520,52,129,35,164,88,1571,205,44,75,61,37,79,48,118,35,1,87,2,123,44,2,16,27,25,63,52,2246,170,673,413,117,39,66,21,3184,5,1145,124,1005,120,19,233,1,2018,437,688,3077,75,1238,11,8,25,68,39,67,46,89,463,65,1,21,91,2,2,352,347,0,8,23,1950,2777,2171,496,2742,331,37,5093,6556,921,2839,4831,6142,30,23,60,52,27,60,106,13,40,47,478,0.0,0.0,0.0,0.0,0.0,0.0,0.0,0.0,0.0,0.0,0.0,0.0,0.0,0.0,0.0,0.0,0.0,0.0,0.0,0.0,0.0,0.0,0.0,0.0,0.0,0.0,0.0,0.0,0.0,0.0,0.0,0.0,0.0,0.0,0.0,0.0,0.0,0.0,0.0,0.0,0.0,0.0,0.0,0.0,0.0,0.0,0.0,0.0,0.0,0.0,0.0,0.0,0.0,0.0,0.0,0.0,0.0,0.0,0.0,0.0,0.0,0.0,0.0,0.0,0.0,0.0,0.0,0.0,0.0,0.0,0.0,0.0,0.0,0.0,0.0,0.0,0.0,0.0,0.0,0.0,0.0,0.0,0.0,0.0,0.0,0.0,0.0,0.0,0.0,0.0,0.0,0.0,0.0,0.0,0.0,0.0,0.0,0.0,0.0,0.0,0.0,0.0,0.0,0.0,0.0,0.0,0.0,0.0,0.0,0.0,0.0,0.0,0.0,0.0,0.0,0.0,0.0,0.0,0.0,0.0,0.0,0.0,0.0,0.0,0.0,0.0,0.0,0.0,0.0,0.0,0.0,0.0,0.0,0.0,0.0,0.0,0.0,0.0,0.0,0.0,0.0,0.0,0.0,0.0,0.0,0.0,0.0,0.0,0.0,0.0
ENCFF000ZFX,0.04842973767945214,2191,3,95,509,13,2367,94,8,6,3,17,53,33,87,233,534,57,6,81,90,3,11,1,1,1,10,165,50,248,51,4,6,3,34,31,4,45,0,4,118,189,1,13,0,1,11,103,306,17,8,12,11,9,5,149,1,5,3,1,7,16,5,175,2,5,43,2,755,870,126,11,8,36,92,5,18,9,18,20,4,14,15,55,16,7,44,1,13,8,0,26,7,0,21,16,298,3022,197,28,444,645,37,574,45,6,77,13,21,0,59,109,114,0,88,623,40,421,11,33,38,155,16,445,26,116,55,8,30,9,0,516,205,95,322,88,177,489,27,68,69,8,61,631,3,18,1,2,4,2,38,4,8,155,64,11,55,558,62,5,7,12,10,36,59,63,132,2,2,0,12,0,44,10,66,301,6,0,15,28,11,306,104,871,41,486,613,287,474,207,505,6,466,541,194,116,399,290,83,17,15,11,3,6,12,0,2,0,0,92,5,517,178,112,1,3127,804,79,397,333,18,12,660,284,888,71,592,1,597,2,7,13,1,6,14,10,52,34,0,13,21,5,17,7,28,10,6,2,63,43,26,30,15,3,10,15,7,9,4,11,22,70,12,5,37,47,33,222,770,91,45,78,24,9,14,15,13,12,2,116,8,12,73,0,39,7,51,16,16,16,10,9,8,8,30,27,15,23,14,41,29,6,14,14,68,0,0,4,14,8,3,220,1,172,0,8,20,144,10,90,114,100,0,54,1,4,23,91,1410,12,37,26,13,10,42,0,2,9,232,106,58,13,1,4,0,0,0,11,7,38,7,57,11,8,32,727,19,42,2069,5,98,19,83,162,30,5,72,199,15,12,14,5,14,5,705,10,15,15,3,21,19,455,1,176,34,0,443,101,3,4,100,8,1,112,11,26,4,65,13,266,56,30,17,13,8,19,14,32,10,0,12,0,26,9,2,0,21,4,9,9,337,44,151,85,29,9,22,4,790,27,279,42,155,18,2,41,1,558,99,154,691,61,242,7,0,6,19,8,23,13,38,67,10,2,24,24,0,1,70,60,0,31,1,451,746,566,101,550,93,9,1281,1670,227,689,1229,1453,1,4,7,16,4,13,24,8,11,5,101,0.0,0.0,0.0,0.0,0.0,0.0,0.0,0.0,0.0,0.0,0.0,0.0,0.0,0.0,0.0,0.0,0.0,0.0,0.0,0.0,0.0,0.0,0.0,0.0,0.0,0.0,0.0,0.0,0.0,0.0,0.0,0.0,0.0,0.0,0.0,0.0,0.0,0.0,0.0,0.0,0.0,0.0,0.0,0.0,0.0,0.0,0.0,0.0,0.0,0.0,0.0,0.0,0.0,0.0,0.0,0.0,0.0,0.0,0.0,0.0,0.0,0.0,0.0,0.0,0.0,0.0,0.0,0.0,0.0,0.0,0.0,0.0,0.0,0.0,0.0,0.0,0.0,0.0,0.0,0.0,0.0,0.0,0.0,0.0,0.0,0.0,0.0,0.0,0.0,0.0,0.0,0.0,0.0,0.0,0.0,0.0,0.0,0.0,0.0,0.0,0.0,0.0,0.0,0.0,0.0,0.0,0.0,0.0,0.0,0.0,0.0,0.0,0.0,0.0,0.0,0.0,0.0,0.0,0.0,0.0,0.0,0.0,0.0,0.0,0.0,0.0,0.0,0.0,0.0,0.0,0.0,0.0,0.0,0.0,0.0,0.0,0.0,0.0,0.0,0.0,0.0,0.0,0.0,0.0,0.0,0.0,0.0,0.0,0.0,0.0
ENCFF000YFV,0.14126029757071368,18687,72,1514,17377,267,40335,3020,69,166,115,289,1065,1297,3236,8120,9773,1361,203,3316,2899,87,399,31,19,30,417,478,1123,12992,1723,128,99,226,624,561,20,899,6,8,3253,5624,11,290,10,38,209,2224,6926,35,232,324,399,240,154,3339,92,209,281,75,372,545,127,5240,120,182,62,19,20523,23597,3693,322,197,468,2761,133,406,172,264,279,63,256,385,1777,113,161,1159,10,250,142,11,649,98,6,614,451,8632,83781,5661,37,15135,20057,925,17305,555,180,2698,844,900,16,1401,3820,4011,88,1798,16316,1022,12274,187,891,981,4289,393,15821,435,3247,1583,396,1366,206,40,15981,4503,264,7148,2924,6049,14929,101,1671,2223,380,1550,20017,227,159,33,47,12,19,1162,156,198,4979,2787,364,2020,17115,1142,230,372,918,738,1268,2174,2015,2831,31,60,15,287,12,597,168,771,3744,11,0,173,388,352,8071,3830,21617,901,12625,16157,6349,13265,5349,10498,105,13470,15242,5158,4768,10840,9594,2831,365,126,440,17,122,275,90,16,11,37,1805,101,15039,4381,3248,100,99814,18921,1625,13824,8834,662,472,18767,9066,24088,2117,26369,131,27345,22,150,333,46,84,305,114,1331,1042,5,174,294,169,267,136,814,484,121,105,1999,1280,892,1422,345,89,159,229,101,92,71,232,356,2243,542,120,813,781,743,3181,5586,349,760,1614,446,282,215,198,297,163,62,3989,129,262,2503,108,606,106,1645,262,310,153,273,66,149,181,741,747,231,303,203,1136,573,263,231,271,1297,8,27,123,179,291,188,7751,76,4907,9,298,41,3011,478,3656,3215,3162,10,1353,57,84,793,2006,26585,354,1097,790,506,22,898,107,146,341,6023,3808,1034,780,44,111,81,6,25,176,762,1383,195,1748,165,113,647,20837,107,628,63629,221,3108,331,1802,527,982,97,116,1876,226,360,332,115,113,118,1898,406,302,384,203,385,423,12348,39,4101,947,14,13511,3658,16,163,2954,458,43,2478,243,623,194,1202,404,6978,1272,261,223,384,114,410,274,771,345,10,482,17,808,65,10,86,206,216,330,335,16430,889,3445,2164,565,238,474,141,20503,80,7736,742,6900,796,144,1397,7,14372,2831,4441,19809,642,6632,78,197,126,274,170,353,231,427,3521,315,14,137,299,11,14,2163,2351,6,70,82,12692,17625,12029,3041,18304,2162,186,31845,40740,5197,18324,29924,38943,126,102,233,246,63,288,716,141,217,329,3243,0.0,0.0,0.0,0.0,0.0,0.0,0.0,0.0,0.0,0.0,0.0,0.0,0.0,0.0,0.0,0.0,0.0,0.0,0.0,0.0,0.0,0.0,0.0,0.0,0.0,0.0,0.0,0.0,0.0,0.0,0.0,0.0,0.0,0.0,0.0,0.0,0.0,0.0,0.0,0.0,0.0,0.0,0.0,0.0,0.0,0.0,0.0,0.0,0.0,0.0,0.0,0.0,0.0,0.0,0.0,0.0,0.0,0.0,0.0,0.0,0.0,0.0,0.0,0.0,0.0,0.0,0.0,0.0,0.0,0.0,0.0,0.0,0.0,0.0,0.0,0.0,0.0,0.0,0.0,0.0,0.0,0.0,0.0,0.0,0.0,0.0,0.0,0.0,0.0,0.0,0.0,0.0,0.0,0.0,0.0,0.0,0.0,0.0,0.0,0.0,0.0,0.0,0.0,0.0,0.0,0.0,0.0,0.0,0.0,0.0,0.0,0.0,0.0,0.0,0.0,0.0,0.0,0.0,0.0,0.0,0.0,0.0,0.0,0.0,0.0,0.0,0.0,0.0,0.0,0.0,0.0,0.0,0.0,0.0,0.0,0.0,0.0,0.0,0.0,0.0,0.0,0.0,0.0,0.0,0.0,0.0,0.0,0.0,0.0,0.0
ENCFF458WNO,0.2349500925495604,7153843,2630,27142,86076,1326,240333,17711,634,536,657,2808,8811,4153,10745,58899,47346,4992,745,13859,13142,274,1223,147,106,168,1587,561864,6215,82470,7586,514,29723,1154,3644,3165,11825,3684,81,430,19564,21110,178,1992,94,874,1205,11098,84064,72819,905,1906,2478,866,614,13394,267,674,660,157,1309,4588,735,34605,1298,840,169912,795,120211,87396,13329,2053,1230,127738,15468,491,2255,957,1366,1631,374,1743,2152,6670,947,975,7236,16,1583,926,33,1945,3125,46,3070,2630,70129,366616,21065,174,56563,79928,4865,68780,2598,1089,10848,3909,5015,83,7350,17916,16911,372,11134,70058,4373,48027,717,3290,3922,17034,1471,96468,2995,12247,7672,1572,4903,832,314,63991,15157,344615,70518,11838,20138,51993,108350,10167,8645,2293,55801,112222,1463,85346,248,203,69,58,4230,555,3239,23048,10297,1494,9533,92400,7302,766,2308,3577,3203,6223,10715,8266,16184,86,197,107,1771,44,3440,1121,5757,938,9359,167,38823,1470,1942,31784,13372,251181,4362,54584,69411,31300,77665,29157,55252,397,56225,68118,22203,17854,53402,36593,14807,1643,127060,2203,269,864,1640,339,116,54,111,9153,352,76845,22512,12367,505,724339,77736,76026,56734,50626,2171,1842,90332,44212,134446,6526,97153,496,83342,49,679,2921,1742,559,1730,447,7742,5642,130,1214,1721,1082,1552,848,4638,2823,2675,558,8974,6537,3850,7652,2242,526,1253,1205,650,680,547,1712,2031,13417,2342,708,3530,5632,4429,29294,196486,373381,4503,8430,2446,1601,1246,1041,1662,930,1493,16002,869,1588,11843,646,2807,736,8582,1872,1895,975,1580,3425,906,11537,4518,4367,1389,1661,1374,5935,2811,1375,1362,1691,8125,97,104,691,1113,1295,1116,32266,477,24263,78,1104,330,12202,1855,17803,19321,17060,58,4954,111,407,5305,9454,195105,36634,42965,5150,2071,35647,5695,440,755,1294,28607,16390,13021,2391,116,513,166,51,80,1182,3815,4812,1226,7833,974,929,4891,113609,28994,4426,237084,1489,10488,1688,10682,613005,5397,605,277639,699886,1498,1906,2132,677,870,9628,3257691,2254,1757,2100,1090,2338,2344,49354,79,19556,4150,47,58448,21785,52,466,14505,1590,84,12028,1405,3192,472,6400,2151,59551,8426,118461,1609,2068,801,2004,1450,2388,789,17,1805,31,3881,216,109,330,63740,1417,969,1466,64994,2828,19169,10292,1943,1086,1735,384,85572,55272,29831,80222,23200,2813,763,6065,334,67321,13715,26276,118318,20677,58194,8893,689,720,43854,2271,2250,1289,2812,10759,1958,56,76662,1747,29,95,7515,7144,76,127279,281,46631,89125,65928,15460,66889,7747,1128,150889,183640,27336,87902,140530,156560,438,278,1353,1289,462,1538,3724,729,908,1483,13103,0.0,0.0,0.0,0.0,0.0,0.0,0.0,0.0,0.0,0.0,0.0,0.0,0.0,0.0,0.0,0.0,0.0,0.0,0.0,0.0,0.0,0.0,0.0,0.0,0.0,0.0,0.0,0.0,0.0,0.0,0.0,0.0,0.0,0.0,0.0,0.0,0.0,0.0,0.0,0.0,0.0,0.0,0.0,0.0,0.0,0.0,0.0,0.0,0.0,0.0,0.0,0.0,0.0,0.0,0.0,0.0,0.0,0.0,0.0,0.0,0.0,0.0,0.0,0.0,0.0,0.0,0.0,0.0,0.0,0.0,0.0,0.0,0.0,0.0,0.0,0.0,0.0,0.0,0.0,0.0,0.0,0.0,0.0,0.0,0.0,0.0,0.0,0.0,0.0,0.0,0.0,0.0,0.0,0.0,0.0,0.0,0.0,0.0,0.0,0.0,0.0,0.0,0.0,0.0,0.0,0.0,0.0,0.0,0.0,0.0,0.0,0.0,0.0,0.0,0.0,0.0,0.0,0.0,0.0,0.0,0.0,0.0,0.0,0.0,0.0,0.0,0.0,0.0,0.0,0.0,0.0,0.0,0.0,0.0,0.0,0.0,0.0,0.0,0.0,0.0,0.0,0.0,0.0,0.0,0.0,0.0,0.0,0.0,0.0,0.0
ENCFF745KKI,0.22333399416521582,71921,532,10726,193553,7286,598069,11769,1005,2492,495,1008,10850,32296,54068,98624,214403,16256,829,16204,15044,230,894,196,75,72,1642,316,11139,149399,5955,526,301,1138,6714,5778,91,5351,37,21,19150,20634,110,1176,194,95,1298,16667,150720,54,1686,3372,5616,823,412,9415,341,549,967,157,1172,4208,4500,80308,4479,1386,165,39,225170,143494,10255,3915,2789,2908,7016,265,4220,1884,3109,3464,847,3770,4055,7422,1589,1927,12736,35,3503,1735,61,2072,350,60,4143,6260,119784,438550,21273,306,57414,84146,7652,72925,3872,2383,8075,2507,2796,22,4614,12529,12149,443,12086,51671,19062,162639,6066,25592,19335,25865,12528,271145,6322,11637,5862,1400,4337,699,223,46899,76332,348,177608,48713,17856,44182,147,14977,8849,4049,7816,239361,699,361,473,173,88,84,3833,479,805,27222,7932,1260,12353,210052,16612,671,3978,2716,2155,7887,8515,7377,7622,174,179,93,3793,47,6717,2379,2491,220,36,84,1798,1427,3567,27461,13184,87984,7096,103150,90497,41785,157991,37674,84216,963,62630,79328,19923,17996,50964,35617,17498,2932,74,2384,129,1705,3442,319,135,42,104,8262,1852,204241,50454,80195,296,511699,119026,11193,80861,150386,1470,1067,143496,63022,259132,40350,85794,992,72171,49,626,1326,116,1207,3528,362,11163,3639,37,2481,3367,2424,3559,1477,8172,4902,427,404,12114,7500,4594,4341,4045,1360,2206,2721,1398,1322,990,870,4036,18133,5804,1439,4862,7362,7284,60143,266970,454,6820,5104,4489,2882,2328,2655,3628,2122,198,14266,1682,2762,10378,1321,4643,1463,11193,3905,3613,2293,3377,295,1817,1611,8139,9143,3095,3560,2615,5099,4583,2284,3101,3366,14079,47,108,1579,2409,657,756,23492,190,17482,31,1288,86,12689,1068,13558,14262,20929,35,5679,198,345,2573,5837,420088,827,3727,5960,2225,103,10955,292,272,933,41737,18869,8092,1926,80,319,290,35,76,2689,4120,4457,1840,9879,1783,1572,12130,266059,1182,7816,267515,1814,11038,3700,16661,642,8713,1003,218,8134,3100,3685,3697,1340,1461,531,2153,4068,3625,3814,1319,3910,4217,52652,181,24751,5712,51,47953,13645,74,379,13893,1232,54,17896,3076,1844,458,9492,4050,104062,20762,1569,3092,3928,1590,3475,3266,1910,2456,36,2359,51,4096,174,71,238,737,1658,5445,2892,187786,21465,50189,38014,10938,2628,1664,262,53981,197,29575,5263,22485,2352,972,5587,40,61263,12482,20916,96775,28260,108115,899,1148,1346,2714,1482,3907,2853,4606,30977,3751,136,296,3874,8,49,7129,6234,10,232,345,51447,123007,93066,24562,77487,8996,2583,240760,235676,43409,130829,160783,186166,962,478,2709,2578,793,3333,1873,790,739,1420,15551,0.0,0.0,0.0,0.0,0.0,0.0,0.0,0.0,0.0,0.0,0.0,0.0,0.0,0.0,0.0,0.0,0.0,0.0,0.0,0.0,0.0,0.0,0.0,0.0,0.0,0.0,0.0,0.0,0.0,0.0,0.0,0.0,0.0,0.0,0.0,0.0,0.0,0.0,0.0,0.0,0.0,0.0,0.0,0.0,0.0,0.0,0.0,0.0,0.0,0.0,0.0,0.0,0.0,0.0,0.0,0.0,0.0,0.0,0.0,0.0,0.0,0.0,0.0,0.0,0.0,0.0,0.0,0.0,0.0,0.0,0.0,0.0,0.0,0.0,0.0,0.0,0.0,0.0,0.0,0.0,0.0,0.0,0.0,0.0,0.0,0.0,0.0,0.0,0.0,0.0,0.0,0.0,0.0,0.0,0.0,0.0,0.0,0.0,0.0,0.0,0.0,0.0,0.0,0.0,0.0,0.0,0.0,0.0,0.0,0.0,0.0,0.0,0.0,0.0,0.0,0.0,0.0,0.0,0.0,0.0,0.0,0.0,0.0,0.0,0.0,0.0,0.0,0.0,0.0,0.0,0.0,0.0,0.0,0.0,0.0,0.0,0.0,0.0,0.0,0.0,0.0,0.0,0.0,0.0,0.0,0.0,0.0,0.0,0.0,0.0
ENCFF000YMS,0.04857554756208699,2728,9,131,1205,21,2623,222,22,9,9,24,81,103,168,591,631,99,14,153,170,7,24,0,1,5,16,155,91,682,128,4,23,17,69,48,5,57,0,0,258,340,0,34,1,3,33,157,655,18,108,36,46,10,4,181,4,8,19,6,23,40,9,314,10,5,71,4,1421,1612,231,29,11,50,182,1,30,15,27,25,5,26,41,124,19,12,90,0,23,13,0,41,5,2,56,30,403,5261,340,3,945,1216,56,1143,95,18,151,50,38,0,76,253,235,4,163,1031,69,755,19,67,86,254,38,927,42,193,96,20,99,14,9,907,345,119,438,209,441,897,32,130,95,18,125,1259,18,25,3,2,2,1,70,9,21,252,151,23,143,1208,99,11,42,51,34,84,152,149,204,3,7,1,40,0,48,21,143,278,4,0,22,27,24,477,206,1420,71,841,1101,431,917,401,769,6,824,946,327,295,715,558,245,22,35,29,2,12,19,5,5,0,3,129,4,906,367,217,8,6692,1388,122,860,550,40,39,1316,595,1514,159,1530,8,1665,1,7,44,15,7,28,10,99,58,1,16,26,18,19,14,66,40,10,10,121,83,60,109,34,7,19,20,17,11,7,17,29,138,34,9,63,74,50,278,1781,129,56,98,45,23,14,16,18,12,6,254,8,21,150,2,46,9,105,34,35,15,27,7,9,15,63,63,19,25,23,79,36,16,26,23,77,2,1,9,14,24,10,458,9,320,2,24,3,188,25,223,223,227,2,62,4,2,39,132,2589,24,68,55,26,12,62,5,9,18,416,181,76,55,2,7,4,1,2,13,31,101,15,132,20,12,43,1519,15,44,3993,8,201,25,130,147,71,9,58,268,19,18,33,17,11,8,786,27,19,27,9,36,23,732,4,286,82,3,875,251,2,6,195,24,3,178,11,58,5,103,25,426,82,37,20,35,11,45,19,55,23,2,42,3,66,7,1,9,31,14,20,16,1088,63,256,149,45,18,37,8,1303,15,449,78,381,36,5,104,1,935,201,276,1209,236,342,9,8,9,21,14,29,11,35,221,28,1,12,31,2,0,153,159,0,22,4,737,1104,860,203,1039,136,12,2029,2655,352,1102,2049,2517,5,9,17,14,10,22,43,10,12,16,228,0.0,0.0,0.0,0.0,0.0,0.0,0.0,0.0,0.0,0.0,0.0,0.0,0.0,0.0,0.0,0.0,0.0,0.0,0.0,0.0,0.0,0.0,0.0,0.0,0.0,0.0,0.0,0.0,0.0,0.0,0.0,0.0,0.0,0.0,0.0,0.0,0.0,0.0,0.0,0.0,0.0,0.0,0.0,0.0,0.0,0.0,0.0,0.0,0.0,0.0,0.0,0.0,0.0,0.0,0.0,0.0,0.0,0.0,0.0,0.0,0.0,0.0,0.0,0.0,0.0,0.0,0.0,0.0,0.0,0.0,0.0,0.0,0.0,0.0,0.0,0.0,0.0,0.0,0.0,0.0,0.0,0.0,0.0,0.0,0.0,0.0,0.0,0.0,0.0,0.0,0.0,0.0,0.0,0.0,0.0,0.0,0.0,0.0,0.0,0.0,0.0,0.0,0.0,0.0,0.0,0.0,0.0,0.0,0.0,0.0,0.0,0.0,0.0,0.0,0.0,0.0,0.0,0.0,0.0,0.0,0.0,0.0,0.0,0.0,0.0,0.0,0.0,0.0,0.0,0.0,0.0,0.0,0.0,0.0,0.0,0.0,0.0,0.0,0.0,0.0,0.0,0.0,0.0,0.0,0.0,0.0,0.0,0.0,0.0,0.0
ENCFF368UTN,0.12940503669394265,85132,139,1415,26971,264,96314,7814,347,246,170,782,4020,1078,3310,17353,11240,1498,499,3378,4815,109,513,47,92,70,1662,5581,2978,19279,3397,124,44,371,2354,2087,23,2318,33,5,7150,6782,45,154,43,28,676,5396,12424,310,815,1505,1468,117,248,5379,44,262,312,165,758,2424,143,5226,284,147,1586,275,22729,33423,4113,1245,724,1802,5019,45,1635,691,744,890,270,1251,2131,1890,451,803,3765,12,911,824,11,741,154,21,801,600,9238,112323,6654,120,18941,26181,2937,22674,1897,794,2588,943,1315,34,2652,5984,7169,109,4864,26796,924,23341,134,542,646,4860,278,36213,1264,5609,1978,182,1496,118,213,19109,2852,2272,11814,4321,11759,19127,198,4064,3639,1441,2849,24403,266,387,44,65,32,24,1201,295,836,12462,2688,200,2960,26130,1544,176,1488,558,326,1892,5034,6541,5343,49,70,51,1062,28,1297,588,632,113,9,13,481,329,1403,8592,4164,30740,2163,14720,23366,10420,20311,11616,21114,133,17916,23218,8708,6941,20930,12988,3333,855,439,623,20,747,1251,96,36,18,209,4301,103,25470,7704,4626,286,132885,30066,3119,16867,10303,626,648,22698,18303,37326,2636,33487,132,34398,52,248,1052,61,377,1078,536,4164,1716,43,802,708,678,1114,516,2978,1592,388,154,4458,3252,1565,2759,1759,366,1019,847,532,336,225,263,1166,3142,907,362,1180,3338,1923,5308,28400,5330,2505,2874,1160,864,724,727,961,556,81,7721,628,1723,3911,370,1604,585,3235,1892,1195,1065,1059,349,496,470,2625,1932,1106,830,833,1958,1744,1183,694,1175,2861,29,43,435,874,592,382,11023,215,7634,26,134,94,4063,527,6314,5973,7820,24,1751,149,35,1179,2232,61442,613,1653,2484,785,48,2359,52,121,1117,16680,5200,7009,981,117,181,105,10,63,644,1187,1699,946,3175,719,479,845,37217,193,1709,76695,429,4434,1100,6456,6222,2055,295,486,4234,843,1331,1595,354,294,74,47750,1850,1187,1240,512,1150,1537,17639,44,11738,920,32,25486,5757,27,310,7020,1155,103,5886,774,1369,170,3996,1107,12645,1202,859,767,1343,726,787,956,1223,608,31,793,40,2268,147,250,76,360,290,134,375,23475,793,5228,3204,462,598,761,259,20997,326,8929,1325,7633,1064,49,1869,21,27811,4901,9305,33365,1353,10711,109,250,377,1093,640,1108,881,1278,5193,1053,14,105,1135,27,31,2049,2155,22,302,220,17838,25343,20021,5017,21346,2930,399,41775,54608,9199,24348,45796,53172,129,59,756,667,297,946,508,333,160,575,6064,0.0,0.0,0.0,0.0,0.0,0.0,0.0,0.0,0.0,0.0,0.0,0.0,0.0,0.0,0.0,0.0,0.0,0.0,0.0,0.0,0.0,0.0,0.0,0.0,0.0,0.0,0.0,0.0,0.0,0.0,0.0,0.0,0.0,0.0,0.0,0.0,0.0,0.0,0.0,0.0,0.0,0.0,0.0,0.0,0.0,0.0,0.0,0.0,0.0,0.0,0.0,0.0,0.0,0.0,0.0,0.0,0.0,0.0,0.0,0.0,0.0,0.0,0.0,0.0,0.0,0.0,0.0,0.0,0.0,0.0,0.0,0.0,0.0,0.0,0.0,0.0,0.0,0.0,0.0,0.0,0.0,0.0,0.0,0.0,0.0,0.0,0.0,0.0,0.0,0.0,0.0,0.0,0.0,0.0,0.0,0.0,0.0,0.0,0.0,0.0,0.0,0.0,0.0,0.0,0.0,0.0,0.0,0.0,0.0,0.0,0.0,0.0,0.0,0.0,0.0,0.0,0.0,0.0,0.0,0.0,0.0,0.0,0.0,0.0,0.0,0.0,0.0,0.0,0.0,0.0,0.0,0.0,0.0,0.0,0.0,0.0,0.0,0.0,0.0,0.0,0.0,0.0,0.0,0.0,0.0,0.0,0.0,0.0,0.0,0.0
ENCFF000QBF,0.18550921991126876,37736,228,2164,11337,250,44474,9476,132,338,288,932,1585,1188,3272,5291,9514,2094,446,4541,5365,229,739,122,120,79,720,851,1471,6806,4195,256,149,324,810,704,23,1442,12,24,7765,10432,21,525,13,77,583,3670,3795,78,427,288,528,450,363,7442,160,377,558,192,1284,888,39,2095,244,226,207,83,25291,38754,8010,471,229,776,6396,312,573,277,271,376,67,321,616,3411,153,154,1395,36,314,165,22,1352,159,18,917,352,3372,146296,10893,59,29793,36836,1382,31746,681,203,5423,1584,1700,34,2931,7747,8449,230,3711,32283,1028,13245,123,469,773,7657,207,10873,560,6593,3107,738,3001,371,184,34001,4840,668,5133,3176,17389,29090,164,2572,2912,545,3324,11046,398,302,29,120,43,34,2320,315,603,9972,5213,649,3505,10108,868,496,518,1502,1121,2341,4696,4698,6680,52,101,47,386,23,674,160,1429,1194,14,15,190,801,504,14975,7147,40429,1344,19793,26876,10227,11038,8615,15751,217,24577,26903,11562,9443,21318,17992,5420,532,204,664,42,168,333,179,78,44,244,3879,212,10285,5966,3248,150,188696,28763,2869,24209,5253,1384,839,29951,14708,27880,1358,53564,209,57499,79,385,1037,182,98,445,432,1957,2068,41,175,315,181,316,161,1332,700,275,159,3247,2268,1574,3544,394,69,233,247,117,118,80,545,316,3467,569,120,1259,1372,1078,2412,8772,473,1526,3380,706,347,297,228,308,113,139,8614,158,309,4922,149,999,149,2854,321,400,138,344,281,131,302,947,957,291,318,259,2185,804,306,246,287,1656,281,64,146,200,761,176,16150,345,10688,22,509,170,5977,925,8125,6552,6101,32,2398,301,182,1271,4263,33624,671,2327,1474,895,30,1295,207,270,771,10129,4775,1977,1590,81,328,157,17,84,207,1155,2434,381,2801,191,237,436,14118,221,832,117531,226,5267,319,2502,1151,1430,127,341,3494,280,524,606,136,157,250,4946,687,417,546,350,530,657,22543,141,7250,1852,40,28032,7057,34,338,5665,1368,92,4223,303,1945,412,1883,492,4596,729,560,277,616,173,558,297,1708,472,54,896,43,1575,156,79,294,358,502,328,453,11220,498,2284,2165,366,347,1132,244,42712,71,14344,1001,13414,1654,251,2737,46,26192,4773,8789,37477,1469,3807,89,260,142,312,287,564,238,650,5139,454,10,242,337,46,59,4458,4738,6,167,270,24188,29183,18460,4838,32896,3559,368,43686,70373,8223,29266,52487,71364,204,172,249,214,101,276,1376,296,505,556,5796,0.0,0.0,0.0,0.0,0.0,0.0,0.0,0.0,0.0,0.0,0.0,0.0,0.0,0.0,0.0,0.0,0.0,0.0,0.0,0.0,0.0,0.0,0.0,0.0,0.0,0.0,0.0,0.0,0.0,0.0,0.0,0.0,0.0,0.0,0.0,0.0,0.0,0.0,0.0,0.0,0.0,0.0,0.0,0.0,0.0,0.0,0.0,0.0,0.0,0.0,0.0,0.0,0.0,0.0,0.0,0.0,0.0,0.0,0.0,0.0,0.0,0.0,0.0,0.0,0.0,0.0,0.0,0.0,0.0,0.0,0.0,0.0,0.0,0.0,0.0,0.0,0.0,0.0,0.0,0.0,0.0,0.0,0.0,0.0,0.0,0.0,0.0,0.0,0.0,0.0,0.0,0.0,0.0,0.0,0.0,0.0,0.0,0.0,0.0,0.0,0.0,0.0,0.0,0.0,0.0,0.0,0.0,0.0,0.0,0.0,0.0,0.0,0.0,0.0,0.0,0.0,0.0,0.0,0.0,0.0,0.0,0.0,0.0,0.0,0.0,0.0,0.0,0.0,0.0,0.0,0.0,0.0,0.0,0.0,0.0,0.0,0.0,0.0,0.0,0.0,0.0,0.0,0.0,0.0,0.0,0.0,0.0,0.0,0.0,0.0
ENCFF012OMN,0.7979069082200189,94002233,371807,2488,215,0,1742,756,17,15,32,1418,239,88,89,19,30,317,187,283,549,16,84,40,7,1630,106,2804944,189,29,467,72,6102,524,150,87,66,132,0,0,1501,1384,5,58,1,66419,88,666,21,362075,188,44,74,22,27,38288,5,29,11,13,266,171,0,7,5,0,441249,44,5105,22513,3487,55,39,39475,1792,5,67,35,32,49,8,38,73,355,14,24,183,6,28,38,1,194,20,0,563,9,4,33569,1690,28,26892,4696,103,4268,178,23,665,192,213,0,21459,8172,1271,8,499,12713,20,946,0,1,30,930,0,27,54,735,261,20,336,11,2,5309,234,1093514,65,121,1930,13775,365361,1445,119,52,54009,183,3,867044,0,19,7,2,260,59,116,958,725,32,286,128,20,36,75,36,16,280,422,477,5928,5,4,1,41,10,53,27,1448,4831,0,0,978,45,81,2794,888,404329,241,2399,3330,1304,806,2017,2138,20,5155,5599,2436,1590,5819,30400,953,134,5345,14,0,36,62,23,2,0,2,673,1,1034,582,19,5,32223417,3444,109509,3826,138,137,217,3416,1703,2306,1,6865,1,6515,0,23,147,9,11,50,25,539,330,0,26,26,24,48,23,239,66,124,35,592,335,150,1506,64,9,40,44,15,8,25,244,34,450,31,17,106,202,101,266,48,5241146,119,3588,127,45,27,32,37,20,37,1704,18,70,663,11,328,22,296,75,48,31,39,5,10,177,100,82,32,13,32,497,164,23,17,48,127,0,0,15,33,68,14,4217,495,2692,0,25,0,564,70,1960,1394,520,8,360,19,8,5,522,4496,113827,4235,2496,166,253,134,29,12,280,1685,355,748,251,38,46,0,0,6,31,2,382,38,416,21,14,109,101,55823,154,16557,71288,974,30,318,3031958,74,10,256468,1087756,20,119,98,15,7,49,21599111,91,65,65,16,88,60,2926,133,1099,721,6,12354,1228,0,60,914,309,6,650,39,68,54,487,31,100,12,681462,24,65,31,45,48,145,0,2,152,0,157,6,181,2,319733,27,10,38,179,0,207,110,10,188,2584,5926,7645,233956,6109,3963,1395,219,7,379,0,6497,715,1182,18572,28,130,102,0,10,37,325513,53,44,200,22,58,0,2841,66,2,2,694,577,0,296230,30,3914,4039,2788,531,3686,1212,88,5064,14046,1214,2733,11942,8879,15,15,23,18,30,25,71,48,81,85,707,0.0,0.0,0.0,0.0,0.0,0.0,0.0,0.0,0.0,0.0,0.0,0.0,0.0,0.0,0.0,0.0,0.0,0.0,0.0,0.0,0.0,0.0,0.0,0.0,0.0,0.0,0.0,0.0,0.0,0.0,0.0,0.0,0.0,0.0,0.0,0.0,0.0,0.0,0.0,0.0,0.0,0.0,0.0,0.0,0.0,0.0,0.0,0.0,0.0,0.0,0.0,0.0,0.0,0.0,0.0,0.0,0.0,0.0,0.0,0.0,0.0,0.0,0.0,0.0,0.0,0.0,0.0,0.0,0.0,0.0,0.0,0.0,0.0,0.0,0.0,0.0,0.0,0.0,0.0,0.0,0.0,0.0,0.0,0.0,0.0,0.0,0.0,0.0,0.0,0.0,0.0,0.0,0.0,0.0,0.0,0.0,0.0,0.0,0.0,0.0,0.0,0.0,0.0,0.0,0.0,0.0,0.0,0.0,0.0,0.0,0.0,0.0,0.0,0.0,0.0,0.0,0.0,0.0,0.0,0.0,0.0,0.0,0.0,0.0,0.0,0.0,0.0,0.0,0.0,0.0,0.0,0.0,0.0,0.0,0.0,0.0,0.0,0.0,0.0,0.0,0.0,0.0,0.0,0.0,0.0,0.0,0.0,0.0,0.0,0.0
ENCFF000XSH,0.07637423450679641,1286,12,97,1079,33,2515,155,22,16,2,22,107,131,304,488,763,131,17,185,165,7,17,3,1,2,20,45,104,1554,109,12,5,12,62,62,2,71,0,4,248,369,2,21,3,6,23,191,881,7,47,25,41,17,13,205,3,9,15,10,26,52,8,486,13,26,10,2,1714,1736,239,35,22,47,193,7,28,19,26,31,3,32,36,139,11,16,107,1,31,16,0,39,6,1,62,51,608,5496,336,1,966,1265,61,1152,114,20,160,53,57,1,100,213,231,8,139,1169,122,1373,20,104,84,280,44,1862,54,206,73,33,81,13,5,1008,505,35,782,310,466,911,5,131,116,39,125,1818,14,9,1,3,0,0,85,6,23,311,167,26,169,1135,121,11,25,45,43,95,133,146,179,3,6,1,30,2,55,30,155,256,2,1,15,31,38,525,247,1535,72,988,1131,517,1336,421,975,10,919,1084,310,308,795,615,236,36,9,24,3,17,34,7,3,1,6,113,14,1909,435,462,13,6273,1381,119,948,921,49,26,1368,683,1918,181,1447,13,1397,0,6,26,4,10,31,10,106,78,1,19,34,18,25,16,66,43,8,4,131,96,68,81,43,12,12,14,14,10,4,14,31,145,37,16,66,71,76,399,985,32,72,109,44,19,18,24,33,18,5,240,14,31,171,8,49,22,121,39,34,21,29,4,14,16,84,64,25,26,18,76,47,24,28,30,113,0,0,13,25,10,7,467,4,291,0,18,1,198,34,199,219,198,2,76,6,9,62,135,2357,23,61,50,33,3,75,8,4,17,442,220,80,44,1,7,5,2,3,20,51,92,17,113,20,15,50,1723,11,51,4011,18,195,42,172,38,77,13,18,149,13,30,34,11,14,10,237,46,32,33,10,41,23,840,5,323,73,0,851,285,2,15,192,25,3,177,30,53,9,137,46,720,127,23,26,30,12,30,21,34,28,3,27,0,52,6,1,5,17,17,27,29,788,88,361,236,64,24,29,9,1225,5,427,58,354,41,9,90,3,907,171,315,1294,104,573,8,5,6,24,10,35,20,41,277,28,2,14,42,1,1,157,144,1,12,6,794,1219,992,240,1097,153,8,2456,2841,452,1260,2097,2479,15,10,19,37,6,30,52,9,8,19,210,0.0,0.0,0.0,0.0,0.0,0.0,0.0,0.0,0.0,0.0,0.0,0.0,0.0,0.0,0.0,0.0,0.0,0.0,0.0,0.0,0.0,0.0,0.0,0.0,0.0,0.0,0.0,0.0,0.0,0.0,0.0,0.0,0.0,0.0,0.0,0.0,0.0,0.0,0.0,0.0,0.0,0.0,0.0,0.0,0.0,0.0,0.0,0.0,0.0,0.0,0.0,0.0,0.0,0.0,0.0,0.0,0.0,0.0,0.0,0.0,0.0,0.0,0.0,0.0,0.0,0.0,0.0,0.0,0.0,0.0,0.0,0.0,0.0,0.0,0.0,0.0,0.0,0.0,0.0,0.0,0.0,0.0,0.0,0.0,0.0,0.0,0.0,0.0,0.0,0.0,0.0,0.0,0.0,0.0,0.0,0.0,0.0,0.0,0.0,0.0,0.0,0.0,0.0,0.0,0.0,0.0,0.0,0.0,0.0,0.0,0.0,0.0,0.0,0.0,0.0,0.0,0.0,0.0,0.0,0.0,0.0,0.0,0.0,0.0,0.0,0.0,0.0,0.0,0.0,0.0,0.0,0.0,0.0,0.0,0.0,0.0,0.0,0.0,0.0,0.0,0.0,0.0,0.0,0.0,0.0,0.0,0.0,0.0,0.0,0.0
ENCFF948IGU,0.15093226201010077,118201,434,4250,40243,984,168852,8648,396,618,474,1005,4968,4918,12619,21217,53190,4845,1214,7642,8172,262,1212,121,84,92,1133,7305,4711,36661,5976,405,215,694,2633,2359,85,3333,51,47,11384,18151,125,1027,53,126,1001,9262,23901,831,792,1582,2065,826,596,11659,285,574,441,192,1400,2597,477,15062,554,349,1903,323,60561,64420,12465,1604,937,2680,11534,483,1860,822,1114,1198,323,1448,1658,5852,723,848,5584,22,1192,847,40,1817,299,38,1456,1632,22525,261301,14660,143,41958,61452,3512,53329,1913,883,9568,3410,2787,31,4858,11402,11704,183,6616,72055,2986,61375,478,2245,2007,12535,1101,82446,1945,10206,4375,12714,4213,710,121,54460,17641,5035,37375,12365,26031,45646,722,6454,6710,1774,6286,58339,584,1262,208,116,41,53,3876,558,1240,15185,7138,956,5311,43458,4252,750,1686,1070,1077,4101,5683,5191,9463,75,289,46,1385,41,2174,875,1688,712,57,18,801,1279,1572,29643,11396,77934,3236,43854,52084,20725,36642,20110,39874,513,43244,51526,19926,15362,36887,26929,7016,1271,990,747,136,867,1389,256,76,40,56,6474,284,48282,15265,15013,275,302938,51029,5749,38549,29478,2500,948,53965,22695,71092,5702,66270,204,67678,58,493,1504,530,449,1340,367,6149,4854,79,932,1266,817,1303,602,3502,2195,512,378,8427,5298,3149,7454,1887,482,1104,1046,547,506,374,774,1660,6856,1406,527,2564,3720,3096,13081,67327,4141,3680,5516,1928,1123,906,868,1317,748,219,10650,723,1566,8690,514,2557,704,6900,1673,1405,819,1343,1125,720,1669,3674,3067,1133,1266,1133,3688,2312,1326,1131,1508,6009,61,60,581,898,1224,580,25679,146,14919,29,665,160,10541,1549,11989,9746,10729,38,4915,181,215,1869,7352,111875,1366,3688,3707,1744,370,4261,288,762,1801,21266,10727,8249,2416,31,264,92,16,83,905,1222,3768,874,5284,760,767,3144,67279,853,2966,185457,762,9810,1325,9049,7447,3634,439,3070,10287,1172,1443,1577,586,610,513,36293,1879,1350,1534,844,1696,1796,39522,81,18242,3029,68,43320,11307,35,501,8613,1181,52,10627,1147,2236,484,4876,1551,25913,4248,1430,1144,1591,688,1722,1266,2456,1250,91,1454,61,2895,744,118,247,1224,571,613,907,37799,2103,12173,6530,1585,876,1125,114,58776,378,24859,2462,18639,2469,393,5176,55,40312,8116,14458,63413,4617,25996,293,289,553,1747,738,1482,1022,1950,8003,1377,30,908,1489,29,51,6567,6767,9,1105,423,37993,58419,41130,10319,50309,6086,650,92235,137491,17374,60559,101905,116122,446,261,1043,976,353,1195,5734,493,604,992,10403,0.0,0.0,0.0,0.0,0.0,0.0,0.0,0.0,0.0,0.0,0.0,0.0,0.0,0.0,0.0,0.0,0.0,0.0,0.0,0.0,0.0,0.0,0.0,0.0,0.0,0.0,0.0,0.0,0.0,0.0,0.0,0.0,0.0,0.0,0.0,0.0,0.0,0.0,0.0,0.0,0.0,0.0,0.0,0.0,0.0,0.0,0.0,0.0,0.0,0.0,0.0,0.0,0.0,0.0,0.0,0.0,0.0,0.0,0.0,0.0,0.0,0.0,0.0,0.0,0.0,0.0,0.0,0.0,0.0,0.0,0.0,0.0,0.0,0.0,0.0,0.0,0.0,0.0,0.0,0.0,0.0,0.0,0.0,0.0,0.0,0.0,0.0,0.0,0.0,0.0,0.0,0.0,0.0,0.0,0.0,0.0,0.0,0.0,0.0,0.0,0.0,0.0,0.0,0.0,0.0,0.0,0.0,0.0,0.0,0.0,0.0,0.0,0.0,0.0,0.0,0.0,0.0,0.0,0.0,0.0,0.0,0.0,0.0,0.0,0.0,0.0,0.0,0.0,0.0,0.0,0.0,0.0,0.0,0.0,0.0,0.0,0.0,0.0,0.0,0.0,0.0,0.0,0.0,0.0,0.0,0.0,0.0,0.0,0.0,0.0
ENCFF175RYK,0.18974600041330497,50208,428,5605,85915,1636,413720,16526,705,953,512,715,6774,7251,18398,45488,144993,4747,1128,12282,7812,174,1142,78,191,88,2628,1110,7036,86669,6392,322,111,1012,5347,4537,61,5526,52,20,13225,17815,145,680,193,92,1678,13335,52170,141,1328,3326,3604,578,306,8720,192,580,473,241,1546,3058,1191,38847,943,1121,259,69,96343,79811,8475,3149,1747,4064,7884,436,3532,1642,2043,2287,601,2741,3097,5332,1122,1711,8954,38,2120,1760,63,1737,326,112,3165,2341,42176,284825,15292,211,40730,63033,6188,53215,3213,1663,7080,2202,2499,39,4757,10988,11306,371,7971,47853,5884,94699,590,3119,3097,12816,1376,141956,3239,9304,3820,641,3826,403,151,44355,23809,657,65577,18238,17246,40828,71,8644,14551,3102,5738,105301,702,265,324,189,68,75,3441,619,407,14998,6449,706,7541,86289,6097,688,3354,2095,2933,4875,5827,5679,8097,52,190,88,2725,50,3650,1535,1223,70440,33,0,1210,1058,2997,19392,9809,66098,5230,61193,61128,24942,65432,26999,51107,1393,43976,55757,15351,13573,41197,29940,9524,1852,148,1693,53,1718,2804,189,63,67,145,6061,603,102103,21027,40100,578,338553,71675,6631,44057,72036,1809,666,66763,34899,119397,9587,60718,151,58688,28,671,1099,124,850,2346,471,8767,5082,66,1803,1945,1460,2568,1069,6507,3469,176,388,11405,6757,4006,4414,3865,835,1959,2011,1182,767,623,499,2918,8462,2033,883,2802,5997,4759,26547,51856,712,5764,4691,2971,1975,1665,1612,2374,1258,72,12831,1398,3406,9173,831,3586,1389,7694,3317,2901,1617,2510,210,1180,1178,6135,4910,2040,2277,1980,4420,3766,3561,1764,2777,8690,40,82,1135,2018,865,896,23286,504,14078,42,587,108,11128,1169,11772,11375,15273,91,5813,209,137,5040,5643,236556,826,3203,4882,2005,38,5616,163,723,2330,36390,16143,5559,2457,24,175,172,34,86,1522,2453,3823,1764,5751,1549,1292,7898,180059,505,4472,171734,1117,10586,2403,16624,1496,5560,809,309,5885,2011,2706,2945,805,890,354,6881,3600,2701,2838,923,2980,3432,43944,57,25590,2645,36,41550,12135,64,573,8841,1715,71,14456,1989,1483,221,8259,2677,34201,5720,752,1874,2818,1460,2425,2224,1850,2499,43,1206,60,4078,282,37,130,255,1448,1237,1934,78798,3455,17766,9919,1986,1176,1300,518,46032,135,24999,2787,16234,2345,238,4435,21,59082,10861,18202,71248,2133,46023,407,931,1087,2522,1297,2499,1842,2594,20503,2432,23,333,2687,53,87,5014,5227,43,159,149,43372,61342,50904,12968,53572,7576,1280,118496,144045,22858,62254,111017,126751,997,204,1697,1631,632,2173,1253,356,302,1252,11336,0.0,0.0,0.0,0.0,0.0,0.0,0.0,0.0,0.0,0.0,0.0,0.0,0.0,0.0,0.0,0.0,0.0,0.0,0.0,0.0,0.0,0.0,0.0,0.0,0.0,0.0,0.0,0.0,0.0,0.0,0.0,0.0,0.0,0.0,0.0,0.0,0.0,0.0,0.0,0.0,0.0,0.0,0.0,0.0,0.0,0.0,0.0,0.0,0.0,0.0,0.0,0.0,0.0,0.0,0.0,0.0,0.0,0.0,0.0,0.0,0.0,0.0,0.0,0.0,0.0,0.0,0.0,0.0,0.0,0.0,0.0,0.0,0.0,0.0,0.0,0.0,0.0,0.0,0.0,0.0,0.0,0.0,0.0,0.0,0.0,0.0,0.0,0.0,0.0,0.0,0.0,0.0,0.0,0.0,0.0,0.0,0.0,0.0,0.0,0.0,0.0,0.0,0.0,0.0,0.0,0.0,0.0,0.0,0.0,0.0,0.0,0.0,0.0,0.0,0.0,0.0,0.0,0.0,0.0,0.0,0.0,0.0,0.0,0.0,0.0,0.0,0.0,0.0,0.0,0.0,0.0,0.0,0.0,0.0,0.0,0.0,0.0,0.0,0.0,0.0,0.0,0.0,0.0,0.0,0.0,0.0,0.0,0.0,0.0,0.0
ENCFF701LQT,0.11431922459880872,114795,89,2341,25205,354,75129,12047,394,567,244,819,5021,1936,3806,10549,15170,1806,1094,7603,5411,119,732,66,160,93,1394,5692,3483,14200,3652,140,42,482,2577,2290,22,2630,51,31,7431,9528,130,374,97,21,671,6832,15422,592,1133,1590,1644,202,457,7005,88,401,341,372,1444,3101,242,5939,189,263,1480,470,27707,43623,6267,1460,866,2361,7535,60,1694,781,834,1064,260,1528,1785,2916,515,896,4381,49,997,964,62,1160,699,169,2138,614,5391,132177,7521,210,21895,35261,3311,30204,1788,865,4479,1974,2543,62,3999,7972,9734,408,5577,38531,1199,25550,90,509,687,5656,334,42204,1382,5932,2556,521,2106,135,880,31420,4195,2874,11132,4987,16173,27695,186,4747,7821,1413,3420,25582,367,583,70,118,68,16,1759,474,1326,10139,3703,327,3189,23815,1648,284,1772,2401,1782,2515,5187,7181,7169,65,143,31,1253,50,1467,648,790,486,8,24,559,402,1635,10894,5207,35857,2606,16542,26748,10180,18536,13729,23233,192,22998,29005,9262,8489,23778,15690,3545,1012,387,317,40,849,1438,123,66,38,56,4011,263,23992,6711,5548,391,126924,26621,3540,18430,11203,1061,707,26620,11938,32140,1552,38892,137,38193,109,284,1131,148,431,1130,266,4606,2271,55,869,792,770,1197,713,3033,1568,444,183,5193,3713,1862,3226,1990,418,1134,979,591,341,294,492,1242,3945,728,480,1359,3260,2083,5851,33553,5934,2834,3930,1379,1039,825,772,1075,636,121,7887,714,1961,5161,412,1854,693,3980,1987,1281,1147,1177,256,519,486,3151,2281,1168,960,1045,2651,2135,1302,695,1364,3190,24,21,503,1051,874,885,12940,360,9205,34,177,1149,5128,696,7422,6895,6548,63,2419,357,71,1029,2921,57279,754,1704,2886,1086,48,2510,806,765,1560,17365,7891,9860,1441,128,252,253,21,142,801,646,1947,1003,4725,755,601,1265,40658,248,2023,110101,471,5721,1157,7078,6413,2246,390,689,5546,913,1435,1443,483,335,102,61604,2144,1253,1288,531,1320,1541,22908,200,14006,1297,53,31203,7889,29,399,5434,983,167,7322,941,1262,256,4420,1227,22210,1183,1170,943,1382,849,885,1153,1529,640,46,2967,54,2473,340,244,82,456,335,154,644,16187,630,5296,2770,457,726,1007,275,32516,379,10020,1280,9867,1834,50,2372,22,31835,6017,9289,40923,1572,13733,123,268,508,1352,712,1355,986,1329,3562,1158,21,146,1248,26,57,2782,2936,14,303,125,23570,28136,21307,5626,26127,4040,571,46992,70097,9274,27793,54905,65454,199,77,833,800,454,1053,958,529,265,704,6462,0.0,0.0,0.0,0.0,0.0,0.0,0.0,0.0,0.0,0.0,0.0,0.0,0.0,0.0,0.0,0.0,0.0,0.0,0.0,0.0,0.0,0.0,0.0,0.0,0.0,0.0,0.0,0.0,0.0,0.0,0.0,0.0,0.0,0.0,0.0,0.0,0.0,0.0,0.0,0.0,0.0,0.0,0.0,0.0,0.0,0.0,0.0,0.0,0.0,0.0,0.0,0.0,0.0,0.0,0.0,0.0,0.0,0.0,0.0,0.0,0.0,0.0,0.0,0.0,0.0,0.0,0.0,0.0,0.0,0.0,0.0,0.0,0.0,0.0,0.0,0.0,0.0,0.0,0.0,0.0,0.0,0.0,0.0,0.0,0.0,0.0,0.0,0.0,0.0,0.0,0.0,0.0,0.0,0.0,0.0,0.0,0.0,0.0,0.0,0.0,0.0,0.0,0.0,0.0,0.0,0.0,0.0,0.0,0.0,0.0,0.0,0.0,0.0,0.0,0.0,0.0,0.0,0.0,0.0,0.0,0.0,0.0,0.0,0.0,0.0,0.0,0.0,0.0,0.0,0.0,0.0,0.0,0.0,0.0,0.0,0.0,0.0,0.0,0.0,0.0,0.0,0.0,0.0,0.0,0.0,0.0,0.0,0.0,0.0,0.0
ENCFF178QHC,0.0851187329491776,1725856,5129,13601,463,5,6929,1233,38,166,76,718,416,94,378,50,4,1039,363,1883,2614,75,292,72,2066,3,155,38053,612,213,1332,326,7178,1224,343,234,1802,493,10,0,4335,4564,6,316,3,2126,69,1236,124,9684,94,134,265,207,305,47948,78,157,88,53,310,260,3,18,26,56,5575,2,18014,35743,18677,159,112,30918,3823,163,155,101,117,172,28,153,159,1788,96,92,652,38,139,71,12,937,15,0,351,128,70,91619,4522,8,48509,19313,451,16925,205,107,2355,827,706,1,37727,18594,6973,175,3431,35930,101,3760,0,2,154,3347,0,79,140,3805,1938,310,1228,157,26,11386,799,24446,146,578,4730,24939,63796,2540,103,176,8635,904,76,10818,10,36,47,4,782,105,176,5777,1659,329,1043,488,252,528,141,372,315,770,1262,1078,19457,38,42,1,137,0,267,103,597,212,1152,0,12286,237,151,11041,3686,63905,663,7753,11447,5321,4019,5679,16134,34,15640,16725,6363,6477,17883,30729,3921,181,1338,118,10,56,143,65,66,21,0,2519,4,5039,2756,11,4,299682,9169,4190,11662,483,436,612,12240,6007,7882,135,21051,29,20378,49,48,956,4,52,125,104,789,877,3,123,146,99,168,73,389,191,6797,59,2341,787,603,10107,171,59,99,112,71,57,46,1125,191,1848,1068,72,501,482,334,661,189,51681,540,13846,275,122,74,102,142,93,690,3404,81,121,1877,56,382,56,1263,156,147,74,129,13,79,2477,450,364,129,169,122,1672,378,116,124,139,719,144,3,53,81,156,3,13063,11,8894,7,213,8,1891,243,8974,4293,2184,0,902,56,73,53,1402,7565,1203,8853,9022,469,308,426,42,27,223,5341,1892,537,455,42,696,45,0,5,111,25,1037,60,1003,69,76,91,341,3245,385,60457,721,3278,148,898,43091,493,42,28211,95850,130,144,151,39,51,407,463446,202,148,170,386,153,152,11009,153,2966,2710,0,50866,3342,0,99,2516,344,21,1721,120,424,171,889,172,132,157,11246,104,180,64,213,135,535,50,1,1275,2,617,112,255,84,9601,247,34,142,946,11,818,378,44,56,286,2,23144,3354,15735,615,4996,403,58,1853,7,19651,2148,3002,40508,297,280,1825,1517,51,354,2713,167,101,284,587,129,8,5863,263,1,0,4791,1559,0,7379,125,7992,16540,17407,1694,12758,1912,86,15407,39797,5128,16095,27831,29359,77,95,110,98,34,114,563,83,606,153,2820,0.0,0.0,0.0,0.0,0.0,0.0,0.0,0.0,0.0,0.0,0.0,0.0,0.0,0.0,0.0,0.0,0.0,0.0,0.0,0.0,0.0,0.0,0.0,0.0,0.0,0.0,0.0,0.0,0.0,0.0,0.0,0.0,0.0,0.0,0.0,0.0,0.0,0.0,0.0,0.0,0.0,0.0,0.0,0.0,0.0,0.0,0.0,0.0,0.0,0.0,0.0,0.0,0.0,0.0,0.0,0.0,0.0,0.0,0.0,0.0,0.0,0.0,0.0,0.0,0.0,0.0,0.0,0.0,0.0,0.0,0.0,0.0,0.0,0.0,0.0,0.0,0.0,0.0,0.0,0.0,0.0,0.0,0.0,0.0,0.0,0.0,0.0,0.0,0.0,0.0,0.0,0.0,0.0,0.0,0.0,0.0,0.0,0.0,0.0,0.0,0.0,0.0,0.0,0.0,0.0,0.0,0.0,0.0,0.0,0.0,0.0,0.0,0.0,0.0,0.0,0.0,0.0,0.0,0.0,0.0,0.0,0.0,0.0,0.0,0.0,0.0,0.0,0.0,0.0,0.0,0.0,0.0,0.0,0.0,0.0,0.0,0.0,0.0,0.0,0.0,0.0,0.0,0.0,0.0,0.0,0.0,0.0,0.0,0.0,0.0
ENCFF001GDW,0.05963607998488198,20487,27,834,6076,188,24467,3246,52,97,71,179,535,954,2010,2467,7022,933,102,2255,1317,160,227,15,7,9,251,76,470,4074,927,53,41,71,333,296,3,366,9,2,3604,6942,10,214,11,7,246,1135,4124,11,122,144,234,117,226,7505,40,84,85,28,155,262,78,2376,89,79,19,22,10298,13032,8090,161,141,245,5381,82,235,87,123,142,37,150,303,3341,56,96,544,2,145,66,4,399,27,4,286,214,2105,46315,4393,20,11159,16282,427,14654,246,85,3288,963,446,7,3042,8605,6381,14,3492,17187,549,5878,78,303,352,2068,138,6402,241,1674,781,182,1348,128,16,12727,3347,111,3750,2006,10824,12554,10,800,1076,229,1761,7294,159,51,26,22,9,5,580,161,145,4904,1493,141,990,5917,577,96,215,929,922,1348,1349,1161,9893,34,37,4,164,4,266,79,234,480,1,2,63,110,213,8979,1788,13475,528,10270,14382,3640,7761,7335,8496,70,9577,10601,4952,3168,16580,5280,1321,258,17,220,27,81,146,75,12,2,5,888,92,7839,2890,2915,44,104417,9440,790,7975,4812,284,180,10994,4414,12963,788,15847,43,16306,12,114,261,36,51,171,64,2624,2347,143,106,129,72,134,63,624,261,2311,67,875,2618,379,7400,177,35,102,91,52,47,29,2963,173,2527,189,58,356,488,363,1884,3978,59,462,5807,224,151,115,96,142,75,2516,3503,57,147,3480,36,304,50,2077,140,182,70,132,346,80,85,389,356,119,139,102,2508,343,115,118,125,621,6,4,59,99,261,42,8670,12,7397,1,163,18,1631,452,6488,1732,3873,6,531,16,71,247,1064,14802,177,389,2996,307,4,450,58,173,275,5159,2023,488,296,8,33,32,3,18,98,272,562,103,1147,73,77,495,8909,70,374,46610,82,2131,153,932,139,513,39,25,1000,117,219,254,44,71,56,544,277,141,220,78,209,256,8666,16,4483,781,4,23996,3194,25,64,2957,133,14,1225,137,350,103,688,188,2466,577,167,107,253,71,224,137,1865,170,7,293,4,667,30,19,62,110,75,163,186,5651,308,1569,1366,212,105,216,35,22901,10,4118,312,4614,356,54,631,10,9117,2859,2296,24506,488,3222,32,98,49,123,53,164,119,1774,1239,197,15,45,147,6,5,1059,1471,7,21,62,7575,14181,13776,1566,9687,1221,53,18127,34551,5940,12319,21520,27918,133,33,105,102,30,115,1047,76,105,137,1553,0.0,0.0,0.0,0.0,0.0,0.0,0.0,0.0,0.0,0.0,0.0,0.0,0.0,0.0,0.0,0.0,0.0,0.0,0.0,0.0,0.0,0.0,0.0,0.0,0.0,0.0,0.0,0.0,0.0,0.0,0.0,0.0,0.0,0.0,0.0,0.0,0.0,0.0,0.0,0.0,0.0,0.0,0.0,0.0,0.0,0.0,0.0,0.0,0.0,0.0,0.0,0.0,0.0,0.0,0.0,0.0,0.0,0.0,0.0,0.0,0.0,0.0,0.0,0.0,0.0,0.0,0.0,0.0,0.0,0.0,0.0,0.0,0.0,0.0,0.0,0.0,0.0,0.0,0.0,0.0,0.0,0.0,0.0,0.0,0.0,0.0,0.0,0.0,0.0,0.0,0.0,0.0,0.0,0.0,0.0,0.0,0.0,0.0,0.0,0.0,0.0,0.0,0.0,0.0,0.0,0.0,0.0,0.0,0.0,0.0,0.0,0.0,0.0,0.0,0.0,0.0,0.0,0.0,0.0,0.0,0.0,0.0,0.0,0.0,0.0,0.0,0.0,0.0,0.0,0.0,0.0,0.0,0.0,0.0,0.0,0.0,0.0,0.0,0.0,0.0,0.0,0.0,0.0,0.0,0.0,0.0,0.0,0.0,0.0,0.0
ENCFF000WAA,0.02924937436392926,1711,10,210,3277,64,5163,302,11,28,13,17,136,284,693,1377,1798,242,21,267,281,7,38,1,0,2,37,41,192,2938,159,13,14,31,104,92,7,109,1,0,325,611,2,34,1,10,29,318,1836,2,41,39,65,19,17,335,7,20,9,6,42,88,38,1448,23,24,4,2,3868,2826,369,66,44,71,320,15,69,36,39,58,11,52,47,247,24,31,175,1,49,22,1,72,12,1,91,84,1680,8931,553,3,1634,2063,130,1867,123,29,269,84,81,0,203,418,463,5,272,1672,233,2047,59,232,156,503,83,3088,86,332,106,43,143,18,4,1474,972,38,1862,648,628,1592,6,226,180,76,184,3706,13,14,19,5,2,3,106,23,22,542,248,25,278,3460,388,19,67,67,66,144,242,234,345,4,2,0,44,2,109,28,294,287,4,2,24,52,50,947,398,2344,148,1807,1874,808,3021,752,1548,17,1476,1721,561,485,1296,1028,394,40,8,43,6,24,34,11,3,1,1,208,19,4056,877,777,11,11955,3064,246,1585,2226,54,41,2495,1055,4229,365,2222,11,2326,3,24,31,8,11,42,14,178,137,0,38,52,29,52,24,112,57,60,20,268,210,104,160,64,16,28,29,16,24,15,26,83,290,53,27,133,146,120,1073,3338,26,107,198,68,39,36,26,49,24,6,409,17,41,267,20,79,16,188,62,54,24,58,10,16,35,136,142,36,59,31,134,77,31,38,41,231,1,1,21,24,25,23,742,6,442,1,35,3,349,46,344,374,370,2,137,2,9,95,220,4975,37,114,110,55,2,137,11,13,34,766,338,158,67,1,10,8,1,3,27,90,176,23,256,32,21,172,4690,29,88,6980,29,304,59,278,44,145,13,5,192,47,45,48,33,24,9,95,60,36,39,22,72,73,1378,3,503,115,3,1453,422,0,23,329,38,2,364,33,52,18,170,56,1247,335,24,55,52,16,62,46,65,49,1,46,2,93,1,0,5,21,16,55,49,2694,169,819,459,138,32,31,8,1908,7,861,90,716,56,28,136,0,1749,395,528,2878,277,1624,17,12,24,45,28,57,31,59,436,30,2,12,53,2,0,254,192,1,12,10,1585,2615,1841,495,2130,301,22,5039,5147,778,2548,4118,4765,20,13,43,46,13,39,104,9,27,30,383,0.0,0.0,0.0,0.0,0.0,0.0,0.0,0.0,0.0,0.0,0.0,0.0,0.0,0.0,0.0,0.0,0.0,0.0,0.0,0.0,0.0,0.0,0.0,0.0,0.0,0.0,0.0,0.0,0.0,0.0,0.0,0.0,0.0,0.0,0.0,0.0,0.0,0.0,0.0,0.0,0.0,0.0,0.0,0.0,0.0,0.0,0.0,0.0,0.0,0.0,0.0,0.0,0.0,0.0,0.0,0.0,0.0,0.0,0.0,0.0,0.0,0.0,0.0,0.0,0.0,0.0,0.0,0.0,0.0,0.0,0.0,0.0,0.0,0.0,0.0,0.0,0.0,0.0,0.0,0.0,0.0,0.0,0.0,0.0,0.0,0.0,0.0,0.0,0.0,0.0,0.0,0.0,0.0,0.0,0.0,0.0,0.0,0.0,0.0,0.0,0.0,0.0,0.0,0.0,0.0,0.0,0.0,0.0,0.0,0.0,0.0,0.0,0.0,0.0,0.0,0.0,0.0,0.0,0.0,0.0,0.0,0.0,0.0,0.0,0.0,0.0,0.0,0.0,0.0,0.0,0.0,0.0,0.0,0.0,0.0,0.0,0.0,0.0,0.0,0.0,0.0,0.0,0.0,0.0,0.0,0.0,0.0,0.0,0.0,0.0
ENCFF000ZFL,0.0757307260382646,4146,26,283,3111,58,7063,546,36,33,28,79,253,233,472,1737,1777,243,39,410,498,17,71,15,1,5,83,140,266,1718,356,26,26,33,141,126,7,159,2,0,699,951,4,56,2,6,69,426,1593,19,57,57,99,34,36,630,15,30,51,13,68,108,15,696,20,17,48,10,3448,4161,616,77,46,116,1633,21,81,41,63,57,13,76,82,325,43,31,250,2,52,41,4,116,7,2,124,83,1255,14199,867,10,2534,3535,182,2930,120,42,412,120,121,1,248,663,675,10,495,2735,166,2208,39,171,174,681,75,2601,99,566,234,58,264,29,12,3224,717,127,1149,498,3071,2350,21,328,211,99,316,3239,40,29,10,6,4,4,180,26,50,947,388,55,355,3114,288,34,68,97,73,247,423,418,528,5,9,3,55,3,123,42,190,414,4,2,46,83,52,1271,597,3676,171,2134,2702,1250,2429,1039,2098,7,2123,2524,978,729,2003,1571,509,79,44,58,3,28,62,13,4,2,4,444,18,2592,940,548,15,17239,3007,287,2324,1397,94,59,3165,1532,4219,438,4065,19,4462,5,27,107,31,31,72,29,268,182,0,64,86,49,62,31,174,88,35,17,308,233,145,276,108,27,58,43,28,27,11,59,88,340,101,31,164,193,149,817,1547,111,176,284,96,36,36,39,52,37,18,675,44,54,433,20,117,31,309,78,72,38,69,29,23,33,192,162,67,66,56,168,115,47,57,79,251,4,5,24,38,50,22,1298,18,931,3,54,9,544,82,610,640,734,1,188,6,13,104,346,4698,57,181,179,80,5,172,6,13,61,1137,506,251,119,2,20,19,0,3,43,119,225,41,276,33,33,101,3952,34,160,10364,33,510,80,385,178,198,24,50,371,63,90,80,48,36,18,661,82,65,64,38,85,109,2090,4,862,198,3,2546,603,3,25,514,67,6,520,57,148,30,238,87,1072,228,48,52,85,31,105,31,137,44,1,84,4,178,10,4,17,55,32,51,31,3029,179,713,439,117,37,73,17,3254,23,1256,164,1093,124,23,265,1,2402,469,759,3439,169,973,25,25,21,61,47,100,46,107,551,71,4,23,93,3,0,349,392,3,30,14,2039,2949,2171,556,2782,389,27,5374,6798,1026,3080,5093,6429,22,21,53,53,11,70,131,24,34,42,595,0.0,0.0,0.0,0.0,0.0,0.0,0.0,0.0,0.0,0.0,0.0,0.0,0.0,0.0,0.0,0.0,0.0,0.0,0.0,0.0,0.0,0.0,0.0,0.0,0.0,0.0,0.0,0.0,0.0,0.0,0.0,0.0,0.0,0.0,0.0,0.0,0.0,0.0,0.0,0.0,0.0,0.0,0.0,0.0,0.0,0.0,0.0,0.0,0.0,0.0,0.0,0.0,0.0,0.0,0.0,0.0,0.0,0.0,0.0,0.0,0.0,0.0,0.0,0.0,0.0,0.0,0.0,0.0,0.0,0.0,0.0,0.0,0.0,0.0,0.0,0.0,0.0,0.0,0.0,0.0,0.0,0.0,0.0,0.0,0.0,0.0,0.0,0.0,0.0,0.0,0.0,0.0,0.0,0.0,0.0,0.0,0.0,0.0,0.0,0.0,0.0,0.0,0.0,0.0,0.0,0.0,0.0,0.0,0.0,0.0,0.0,0.0,0.0,0.0,0.0,0.0,0.0,0.0,0.0,0.0,0.0,0.0,0.0,0.0,0.0,0.0,0.0,0.0,0.0,0.0,0.0,0.0,0.0,0.0,0.0,0.0,0.0,0.0,0.0,0.0,0.0,0.0,0.0,0.0,0.0,0.0,0.0,0.0,0.0,0.0
ENCFF000YDP,0.13534035394493732,33060,183,3112,35357,588,69947,5109,217,470,234,508,2824,3327,7489,19064,23362,2854,354,4812,5281,148,587,45,39,49,755,715,2817,26322,3049,219,121,408,1565,1436,30,1675,25,15,7110,8946,69,549,44,63,464,4712,22429,91,426,905,1261,396,278,5202,126,242,289,82,560,1223,456,13255,232,225,276,63,44394,44083,6111,923,615,1071,4158,235,989,449,694,823,184,871,930,3036,385,478,3199,17,759,398,11,912,97,23,876,1135,17748,145225,8909,101,23683,33537,2194,29071,979,555,4155,1235,1471,3,2447,6206,6311,134,4175,27102,2026,27197,437,1738,1822,7184,667,43618,1176,4940,2586,611,2148,285,113,25009,10401,560,27532,7062,8630,22137,149,3961,2923,1015,3157,45022,435,253,116,87,28,10,1777,263,500,9559,3929,552,3145,35571,3063,384,976,864,726,2559,3581,3104,4667,37,143,19,888,30,1503,524,736,290,26,4,437,628,892,12463,5855,36611,1923,24650,28501,12215,28831,11434,24045,248,23748,27833,9731,7485,19918,14894,4609,774,166,669,78,471,826,119,53,24,38,3397,236,33067,10389,9458,127,168136,31404,3187,22659,23463,868,502,34503,16303,53175,3536,34107,163,34556,28,258,680,129,233,860,193,3474,1926,35,599,833,525,880,420,1990,1218,321,180,4010,2516,1578,2322,1107,290,598,662,323,300,205,466,950,4615,1226,372,1507,1969,1992,10641,34915,530,1994,2644,1207,813,543,593,837,474,186,6029,425,752,4363,311,1265,317,3578,994,883,608,878,315,425,410,2148,2046,690,817,688,2094,1327,728,771,867,3534,25,14,359,542,432,175,11885,46,7781,20,418,97,5345,661,5780,5482,6422,16,2066,90,151,803,3004,74499,526,1643,1777,912,58,2345,147,103,562,12580,5442,2652,1098,36,186,57,8,29,627,543,1836,475,3204,413,431,1750,45767,321,1879,103760,478,4751,836,4426,899,2112,239,341,3401,705,842,913,339,353,231,4081,965,864,1012,401,997,1050,20422,49,8920,1855,30,21845,5568,18,256,5244,560,46,5941,761,1230,232,2552,918,23280,3079,543,613,932,373,1043,823,1063,408,18,857,20,1533,449,44,156,324,177,519,670,30089,1722,9383,5018,1158,434,548,139,29395,116,11947,1439,10036,1214,262,2406,26,23008,4301,7745,35190,3328,18034,204,124,280,765,415,984,694,1292,5916,890,35,219,962,18,21,3271,3287,1,182,133,19800,35908,26133,6686,28753,3552,420,55643,76111,11560,36103,55977,65889,240,174,684,590,184,767,1076,201,329,535,5657,0.0,0.0,0.0,0.0,0.0,0.0,0.0,0.0,0.0,0.0,0.0,0.0,0.0,0.0,0.0,0.0,0.0,0.0,0.0,0.0,0.0,0.0,0.0,0.0,0.0,0.0,0.0,0.0,0.0,0.0,0.0,0.0,0.0,0.0,0.0,0.0,0.0,0.0,0.0,0.0,0.0,0.0,0.0,0.0,0.0,0.0,0.0,0.0,0.0,0.0,0.0,0.0,0.0,0.0,0.0,0.0,0.0,0.0,0.0,0.0,0.0,0.0,0.0,0.0,0.0,0.0,0.0,0.0,0.0,0.0,0.0,0.0,0.0,0.0,0.0,0.0,0.0,0.0,0.0,0.0,0.0,0.0,0.0,0.0,0.0,0.0,0.0,0.0,0.0,0.0,0.0,0.0,0.0,0.0,0.0,0.0,0.0,0.0,0.0,0.0,0.0,0.0,0.0,0.0,0.0,0.0,0.0,0.0,0.0,0.0,0.0,0.0,0.0,0.0,0.0,0.0,0.0,0.0,0.0,0.0,0.0,0.0,0.0,0.0,0.0,0.0,0.0,0.0,0.0,0.0,0.0,0.0,0.0,0.0,0.0,0.0,0.0,0.0,0.0,0.0,0.0,0.0,0.0,0.0,0.0,0.0,0.0,0.0,0.0,0.0
ENCFF000XMM,0.0683839735295799,3508,11,285,3458,94,12011,503,29,48,17,40,231,379,591,1100,3145,276,45,402,499,20,73,11,3,11,66,104,308,2922,334,20,18,35,188,152,2,190,1,2,664,995,3,65,3,3,56,511,2317,5,65,74,100,38,33,623,22,32,26,17,79,120,14,951,16,103,30,5,3727,3846,692,100,69,98,565,22,108,55,68,75,26,89,108,350,47,55,305,2,78,45,6,104,41,3,119,110,914,15233,931,9,2565,3622,242,3198,134,62,477,154,182,2,247,703,725,27,457,2825,314,3660,95,315,251,823,167,5030,120,536,251,62,284,36,15,2835,965,72,1842,625,1287,2437,18,397,253,108,329,2563,60,35,13,10,6,4,196,30,63,890,429,45,386,3322,315,38,108,129,105,256,354,388,491,8,27,4,73,8,197,66,239,423,3,0,49,90,71,1302,574,3995,186,2572,3046,1195,2705,1126,2329,23,2258,2640,941,778,2007,1589,535,77,18,54,6,48,84,23,8,4,6,319,30,2822,1020,954,30,15804,2840,325,2188,1787,112,43,3188,1490,4293,567,3687,11,3875,5,21,84,24,25,73,28,288,174,4,55,85,70,67,41,219,127,27,26,378,286,173,266,107,35,60,63,40,36,21,40,124,424,85,34,189,210,184,1020,2202,63,190,297,131,77,52,64,82,50,14,706,49,66,454,32,148,35,291,100,103,65,78,21,44,38,195,222,73,93,68,247,127,60,68,77,316,1,3,32,47,80,29,1249,13,896,4,57,14,594,85,619,625,578,2,208,15,21,105,341,4782,62,173,169,84,6,209,14,36,47,1169,443,283,132,4,55,21,2,11,59,209,275,61,308,49,46,139,4615,37,160,10555,44,546,92,433,108,210,26,58,432,82,86,98,34,48,22,520,96,89,82,37,109,117,2210,11,918,183,5,2513,588,3,24,496,70,7,569,75,151,31,272,92,2045,269,59,83,79,28,105,60,102,19,4,80,2,167,12,1,17,40,42,72,65,2125,272,812,587,162,41,89,17,3121,8,1305,135,1110,139,15,254,2,2500,491,883,3671,176,1559,17,10,25,74,48,87,62,132,606,84,5,22,126,2,2,388,383,1,17,15,2221,3146,2406,570,2965,417,18,5974,7609,1112,3400,5563,6871,32,24,70,82,24,91,136,27,56,55,598,0.0,0.0,0.0,0.0,0.0,0.0,0.0,0.0,0.0,0.0,0.0,0.0,0.0,0.0,0.0,0.0,0.0,0.0,0.0,0.0,0.0,0.0,0.0,0.0,0.0,0.0,0.0,0.0,0.0,0.0,0.0,0.0,0.0,0.0,0.0,0.0,0.0,0.0,0.0,0.0,0.0,0.0,0.0,0.0,0.0,0.0,0.0,0.0,0.0,0.0,0.0,0.0,0.0,0.0,0.0,0.0,0.0,0.0,0.0,0.0,0.0,0.0,0.0,0.0,0.0,0.0,0.0,0.0,0.0,0.0,0.0,0.0,0.0,0.0,0.0,0.0,0.0,0.0,0.0,0.0,0.0,0.0,0.0,0.0,0.0,0.0,0.0,0.0,0.0,0.0,0.0,0.0,0.0,0.0,0.0,0.0,0.0,0.0,0.0,0.0,0.0,0.0,0.0,0.0,0.0,0.0,0.0,0.0,0.0,0.0,0.0,0.0,0.0,0.0,0.0,0.0,0.0,0.0,0.0,0.0,0.0,0.0,0.0,0.0,0.0,0.0,0.0,0.0,0.0,0.0,0.0,0.0,0.0,0.0,0.0,0.0,0.0,0.0,0.0,0.0,0.0,0.0,0.0,0.0,0.0,0.0,0.0,0.0,0.0,0.0
ENCFF002EHN,0.12101805542835571,312733,560,2371,42841,352,118791,7851,417,125,175,394,5524,1171,5491,24687,18971,1442,707,5546,3630,104,501,40,136,74,1595,34979,3919,24885,2789,83,65,395,2746,2530,20,2821,27,9,6382,7007,116,329,65,129,631,7316,24718,1692,927,1763,1964,131,231,3845,82,248,180,141,624,3784,504,15872,2419,494,9156,497,40188,31895,3861,1690,1024,2459,3890,53,1790,919,983,1208,463,1634,1765,1996,627,1147,4787,25,1239,1079,38,712,112,48,936,970,17562,117813,6450,147,17490,28206,3622,24271,1888,972,2647,1012,1253,24,2396,5420,5848,181,4334,23227,1255,28253,99,681,870,5241,298,51049,1689,4252,1461,406,1407,111,59,19018,4239,11302,25458,7429,6317,18436,971,4781,6694,1574,3329,48473,327,1580,64,69,21,42,1370,285,1375,7834,2358,187,3326,41213,2609,141,1817,844,673,2162,2828,2381,4222,52,127,83,1430,42,1751,857,678,120,18,5,548,323,1814,9195,4156,30156,2923,17684,23959,11228,29423,13905,26806,143,19229,24937,6598,6654,20617,14385,3998,937,1497,507,27,1032,1802,100,18,26,219,3277,45,41210,8490,6541,254,229681,30578,4510,21184,23551,598,374,28111,14796,50548,1538,28052,137,24560,26,204,833,50,557,1187,278,5546,1843,58,1064,880,781,1511,836,3365,1819,360,164,5596,3594,1829,2354,2604,473,1385,1112,759,480,374,420,1484,4809,1296,512,1556,3241,2283,11277,36882,30347,3131,2686,1573,1067,917,937,1360,771,172,6088,723,2368,4045,520,1824,952,3785,2373,1544,1260,1421,264,668,598,3754,2637,1339,1260,1122,2102,2035,1617,882,1752,3864,17,29,647,1268,431,213,9130,87,6734,40,120,88,4383,473,5149,4863,7062,27,2023,106,27,1793,2174,67783,2087,1511,2711,846,189,2692,87,176,1187,17990,6773,12779,876,40,94,66,27,67,936,1228,1546,931,3908,927,589,1560,58359,530,2303,75759,573,4710,1303,7568,34976,2526,386,4385,13428,1174,1450,1602,446,432,67,227452,2020,1463,1454,554,1518,1593,19435,65,14445,989,48,19365,5777,63,340,4310,822,102,7861,956,541,85,4278,1393,26291,2354,4459,1214,1442,956,996,1342,974,944,12,674,62,2225,157,13,64,2131,262,151,694,31769,1032,8250,3846,506,600,514,207,17677,2081,9220,2099,6497,1037,83,1994,5,30075,5985,9292,36484,1416,24167,122,319,598,1420,909,1295,1206,1678,4696,1342,10,135,1650,30,37,1967,1955,49,1726,147,19863,31193,24201,6311,23161,3728,1080,62080,68689,10056,29170,55004,59310,132,42,995,884,427,1363,593,206,99,574,5274,0.0,0.0,0.0,0.0,0.0,0.0,0.0,0.0,0.0,0.0,0.0,0.0,0.0,0.0,0.0,0.0,0.0,0.0,0.0,0.0,0.0,0.0,0.0,0.0,0.0,0.0,0.0,0.0,0.0,0.0,0.0,0.0,0.0,0.0,0.0,0.0,0.0,0.0,0.0,0.0,0.0,0.0,0.0,0.0,0.0,0.0,0.0,0.0,0.0,0.0,0.0,0.0,0.0,0.0,0.0,0.0,0.0,0.0,0.0,0.0,0.0,0.0,0.0,0.0,0.0,0.0,0.0,0.0,0.0,0.0,0.0,0.0,0.0,0.0,0.0,0.0,0.0,0.0,0.0,0.0,0.0,0.0,0.0,0.0,0.0,0.0,0.0,0.0,0.0,0.0,0.0,0.0,0.0,0.0,0.0,0.0,0.0,0.0,0.0,0.0,0.0,0.0,0.0,0.0,0.0,0.0,0.0,0.0,0.0,0.0,0.0,0.0,0.0,0.0,0.0,0.0,0.0,0.0,0.0,0.0,0.0,0.0,0.0,0.0,0.0,0.0,0.0,0.0,0.0,0.0,0.0,0.0,0.0,0.0,0.0,0.0,0.0,0.0,0.0,0.0,0.0,0.0,0.0,0.0,0.0,0.0,0.0,0.0,0.0,0.0
ENCFF002EHB,0.1423007895544404,223968,369,3153,52615,624,185678,11753,650,279,240,666,5952,2342,7739,32515,29445,2355,912,9956,6027,146,806,48,186,129,2055,24665,5754,43565,5029,167,84,642,4034,3598,61,4469,51,22,9384,10860,125,440,139,70,1081,9699,34045,1092,1281,2736,2721,202,323,5436,156,401,320,330,1157,3887,854,21157,886,523,6110,331,58419,53202,5444,2546,1432,3348,5897,89,2762,1367,1559,1708,514,2417,2491,3159,897,1473,6867,42,1601,1449,43,1322,966,142,1574,1543,28518,175256,9814,143,25976,40963,5292,34174,2858,1446,3932,1603,1823,53,4040,7849,8375,206,6103,37185,2193,60505,260,1343,1592,7920,610,97495,2529,6622,2517,502,2371,337,84,29569,7064,7922,37412,11652,12705,28433,1787,6418,11713,2347,4101,57918,495,1063,93,108,108,46,2100,646,1078,11265,3953,381,6024,52452,3727,310,2823,2407,1477,3234,4331,4374,6720,82,166,135,2129,79,2673,1217,1526,121,37,19,862,564,2554,12945,6403,45236,4035,27158,40358,17323,46062,19990,35666,252,29061,37171,9994,10492,31674,20102,6857,1192,1501,1680,42,1514,2379,199,66,68,205,4219,144,77040,13019,9268,566,271831,50229,5620,29784,32548,1141,561,44041,23247,75958,2795,42351,106,38904,74,268,1364,55,728,1818,428,7179,2604,49,1561,1382,1181,2152,1082,5093,2462,254,294,7727,5478,2679,3590,3297,677,1886,1613,987,639,514,354,2116,6787,1611,742,2083,4829,3350,14495,61689,17649,4681,3778,2220,1654,1314,1286,1790,1047,119,11220,1168,3317,6620,662,2773,1108,5623,3272,2259,1662,2056,356,900,779,5116,3787,1827,1597,1546,3133,3059,2460,1292,2317,5352,41,60,895,1702,753,859,14737,375,10538,29,281,97,6980,853,8469,7552,10825,57,3303,201,75,2691,3405,100858,1293,2443,3941,1298,104,3806,268,1040,1677,26541,12382,9534,1520,134,284,124,35,108,1234,2398,2935,1532,5859,1356,978,2714,82277,414,3223,113113,793,7260,1983,12423,23041,3716,610,3030,9012,1721,2097,2268,632,505,125,152390,3163,2058,2259,847,2301,2360,30170,82,20368,1542,67,30721,10893,42,471,6254,1521,101,10565,1515,1313,220,6257,2157,27632,2695,3466,1561,2150,1225,1474,1840,1456,1421,53,1240,118,3168,261,151,102,1408,1035,332,1355,44212,1557,11590,6027,903,847,888,525,29977,1287,14873,2507,10090,1681,73,2721,12,43375,8172,13565,50836,1875,25818,197,468,832,2086,1170,1976,1646,1847,11817,1906,20,184,2059,64,86,3176,3098,19,1092,183,31081,46929,38657,9772,35609,5394,899,81476,103454,16038,44761,80995,89340,278,82,1428,1311,539,1767,775,388,352,905,8008,0.0,0.0,0.0,0.0,0.0,0.0,0.0,0.0,0.0,0.0,0.0,0.0,0.0,0.0,0.0,0.0,0.0,0.0,0.0,0.0,0.0,0.0,0.0,0.0,0.0,0.0,0.0,0.0,0.0,0.0,0.0,0.0,0.0,0.0,0.0,0.0,0.0,0.0,0.0,0.0,0.0,0.0,0.0,0.0,0.0,0.0,0.0,0.0,0.0,0.0,0.0,0.0,0.0,0.0,0.0,0.0,0.0,0.0,0.0,0.0,0.0,0.0,0.0,0.0,0.0,0.0,0.0,0.0,0.0,0.0,0.0,0.0,0.0,0.0,0.0,0.0,0.0,0.0,0.0,0.0,0.0,0.0,0.0,0.0,0.0,0.0,0.0,0.0,0.0,0.0,0.0,0.0,0.0,0.0,0.0,0.0,0.0,0.0,0.0,0.0,0.0,0.0,0.0,0.0,0.0,0.0,0.0,0.0,0.0,0.0,0.0,0.0,0.0,0.0,0.0,0.0,0.0,0.0,0.0,0.0,0.0,0.0,0.0,0.0,0.0,0.0,0.0,0.0,0.0,0.0,0.0,0.0,0.0,0.0,0.0,0.0,0.0,0.0,0.0,0.0,0.0,0.0,0.0,0.0,0.0,0.0,0.0,0.0,0.0,0.0
ENCFF811RLD,0.13561808584988058,89637,63,2188,25541,369,79594,8738,446,595,259,595,4283,2159,3679,11156,17709,1846,1387,3338,4800,109,721,54,209,180,1445,5183,3774,14575,3852,151,40,535,2718,2720,31,3046,71,10,6840,9547,184,360,119,13,701,7197,15449,382,1127,1771,1926,216,340,5674,107,425,330,472,1581,2178,118,4096,97,326,1363,149,25408,42450,5362,1653,1010,2501,5840,64,1863,880,1028,1116,328,1603,1838,2489,540,978,4884,52,1125,997,58,1181,631,80,1930,666,4017,133705,7538,169,21670,34165,3766,29295,1866,1045,4019,1595,2028,79,3451,6551,8132,590,4725,30938,1288,27279,102,536,706,5947,341,44334,1484,5204,2096,518,2163,244,217,30810,3919,1937,9840,4570,11598,26037,162,4949,2745,1618,3667,23179,661,435,62,163,97,18,1883,547,529,9331,3634,401,3458,23897,1666,314,1960,3419,2751,2528,4029,4828,5699,72,240,50,1386,72,1664,780,806,328,10,15,612,405,1758,10355,5479,36013,2747,17427,26709,10276,17314,13335,24442,226,22528,29323,8821,8623,22620,15794,3834,990,340,250,17,949,1698,174,98,57,53,3534,254,22816,6395,5979,518,114900,26399,3407,18642,8945,1313,508,25542,10912,28776,1500,36851,92,36962,118,219,828,60,477,1296,217,4781,2184,51,1026,897,950,1475,775,3316,1682,126,234,5523,3972,1928,2833,2204,474,1212,1089,620,421,349,294,1439,3745,791,520,1448,3444,2338,6375,22560,4731,3214,3197,1528,1284,960,923,1311,714,44,7978,823,2188,5335,486,2049,751,4234,2465,1513,1492,1361,123,598,484,3458,2403,1427,1082,1029,2632,2177,1430,828,1497,3376,33,22,583,1182,890,425,12463,441,8786,35,195,81,5409,722,7267,6108,6630,108,2703,397,133,1215,2904,52341,689,1822,2968,1153,52,2578,95,1387,1529,19171,4557,4594,1507,154,204,401,16,286,856,799,1943,1125,4276,893,610,1174,45211,285,2282,102051,574,5934,1390,8048,5689,2358,405,724,5104,1166,1497,1565,448,381,87,54437,2202,1400,1482,420,1466,1691,23762,252,15277,1331,106,27444,7797,47,463,6312,1032,231,7931,1078,992,374,4759,1450,21469,1268,887,1052,1626,918,1055,1271,1450,715,65,1290,81,2365,362,219,152,363,423,209,586,18323,649,5945,2806,432,731,1105,400,29241,292,10344,1529,9469,2055,85,2416,17,32691,5755,9685,38014,1315,13052,151,362,581,1377,750,1393,1175,1245,4259,1343,15,148,1333,37,100,2935,2931,10,271,137,24667,26713,21758,5493,26839,4262,406,47329,70392,9649,26747,53834,66961,183,70,997,952,454,1246,846,578,308,727,6076,0.0,0.0,0.0,0.0,0.0,0.0,0.0,0.0,0.0,0.0,0.0,0.0,0.0,0.0,0.0,0.0,0.0,0.0,0.0,0.0,0.0,0.0,0.0,0.0,0.0,0.0,0.0,0.0,0.0,0.0,0.0,0.0,0.0,0.0,0.0,0.0,0.0,0.0,0.0,0.0,0.0,0.0,0.0,0.0,0.0,0.0,0.0,0.0,0.0,0.0,0.0,0.0,0.0,0.0,0.0,0.0,0.0,0.0,0.0,0.0,0.0,0.0,0.0,0.0,0.0,0.0,0.0,0.0,0.0,0.0,0.0,0.0,0.0,0.0,0.0,0.0,0.0,0.0,0.0,0.0,0.0,0.0,0.0,0.0,0.0,0.0,0.0,0.0,0.0,0.0,0.0,0.0,0.0,0.0,0.0,0.0,0.0,0.0,0.0,0.0,0.0,0.0,0.0,0.0,0.0,0.0,0.0,0.0,0.0,0.0,0.0,0.0,0.0,0.0,0.0,0.0,0.0,0.0,0.0,0.0,0.0,0.0,0.0,0.0,0.0,0.0,0.0,0.0,0.0,0.0,0.0,0.0,0.0,0.0,0.0,0.0,0.0,0.0,0.0,0.0,0.0,0.0,0.0,0.0,0.0,0.0,0.0,0.0,0.0,0.0
ENCFF012ANG,0.09645045575421013,33441,78,1445,17504,177,28802,6807,69,67,100,258,994,310,1880,9623,4475,940,113,2166,2722,41,210,39,9,62,327,1820,1306,10658,1242,84,142,154,703,583,158,670,0,2,5485,3637,7,214,2,48,145,2172,8328,120,207,360,553,122,226,2779,40,120,143,51,163,544,128,5445,241,90,510,2,20270,21087,2493,378,270,661,2311,48,418,170,256,324,81,344,365,1150,157,214,1286,1,293,190,1,855,60,3,428,488,8729,64474,3758,32,11358,13846,778,12277,464,242,1641,486,504,2,1265,4362,4490,74,2514,15631,508,9091,118,465,659,2835,179,14090,553,3047,1351,189,752,116,13,9997,2364,6769,5839,2054,5983,10639,270,1582,970,408,1244,20576,155,311,42,24,1,7,706,110,142,5280,1450,197,1386,18367,1387,163,328,1924,1045,1055,1571,1682,2538,12,6,55,312,3,686,242,2875,102,168,6,260,202,358,5826,2786,18138,949,9325,12420,6400,13718,5834,11754,56,10117,12376,5571,3230,11924,7931,4739,361,550,378,47,155,335,58,5,15,194,1921,14,16076,5242,960,39,122307,18089,1804,12451,8367,359,291,16989,8495,25273,1165,18953,81,19062,6,129,328,2,124,351,75,1411,761,14,251,305,196,299,145,1001,470,242,73,1925,968,860,1395,362,86,248,245,120,146,124,164,426,2095,486,116,691,933,788,3850,34221,2113,774,1275,508,299,231,247,387,226,43,7698,152,285,1755,115,595,153,1499,337,356,184,317,93,142,318,897,874,313,328,246,838,583,334,285,402,1714,7,38,134,228,243,165,5829,11,3693,17,194,21,2037,239,4541,2730,3664,0,855,5,53,339,1317,33986,207,1495,803,535,141,1008,63,368,257,5727,2741,1129,489,71,126,30,1,12,253,486,1296,194,2234,158,186,583,19795,281,765,50824,254,2019,345,1687,3000,970,94,415,2401,276,350,414,125,167,93,6034,415,303,412,205,374,483,8362,12,3741,744,22,11491,2596,3,116,2578,1141,1,2366,279,477,65,1139,344,7134,1676,393,275,394,151,396,307,571,242,2,560,8,715,68,12,44,380,712,80,246,17353,421,3979,2340,337,292,264,54,12725,178,5527,1312,4638,440,101,1401,13,10076,2237,3062,15575,3390,6849,89,93,133,327,180,410,299,585,2882,370,4,201,428,2,9,1497,1408,22,705,41,9842,16476,11943,3081,12567,1667,86,27179,33263,5471,16779,25278,29801,80,36,263,291,79,316,356,143,236,335,3227,0.0,0.0,0.0,0.0,0.0,0.0,0.0,0.0,0.0,0.0,0.0,0.0,0.0,0.0,0.0,0.0,0.0,0.0,0.0,0.0,0.0,0.0,0.0,0.0,0.0,0.0,0.0,0.0,0.0,0.0,0.0,0.0,0.0,0.0,0.0,0.0,0.0,0.0,0.0,0.0,0.0,0.0,0.0,0.0,0.0,0.0,0.0,0.0,0.0,0.0,0.0,0.0,0.0,0.0,0.0,0.0,0.0,0.0,0.0,0.0,0.0,0.0,0.0,0.0,0.0,0.0,0.0,0.0,0.0,0.0,0.0,0.0,0.0,0.0,0.0,0.0,0.0,0.0,0.0,0.0,0.0,0.0,0.0,0.0,0.0,0.0,0.0,0.0,0.0,0.0,0.0,0.0,0.0,0.0,0.0,0.0,0.0,0.0,0.0,0.0,0.0,0.0,0.0,0.0,0.0,0.0,0.0,0.0,0.0,0.0,0.0,0.0,0.0,0.0,0.0,0.0,0.0,0.0,0.0,0.0,0.0,0.0,0.0,0.0,0.0,0.0,0.0,0.0,0.0,0.0,0.0,0.0,0.0,0.0,0.0,0.0,0.0,0.0,0.0,0.0,0.0,0.0,0.0,0.0,0.0,0.0,0.0,0.0,0.0,0.0
ENCFF855YTN,0.15451039135351358,3155073,253718,26261,590,2,13328,5901,126,384,85,34196,1010,469,318,57,139,3002,895,5762,6661,161,1262,162,177,19,724,89488,1647,259,3434,723,247,444,919,673,25,1073,2,0,17553,8313,97,243,71,31801,250,2924,33,9608,400,597,565,258,2212,291359,10,234,48,34,1347,605,1,16,6,4,13314,1,35667,174190,43757,514,312,2680,10503,56,628,228,303,333,89,555,467,2342,148,252,1664,125,331,393,149,3034,2,0,1257,174,23,644443,11927,58,496796,47620,1224,44656,646,296,4778,2729,2702,0,496570,178607,37035,1157,10458,157772,103,5651,0,3,166,5354,1,159,399,20763,6274,1437,1923,206,0,28144,1021,37773,97,443,17018,126810,10097,5110,641,442,4609,1055,105,23956,0,63,104,5,1360,404,207,14840,3228,360,1673,776,188,1253,612,4810,2060,1487,1482,1778,99929,44,41,44,399,0,524,243,2646,4639,0,0,201,177,577,27456,5851,66773,1432,13341,21792,9996,4574,17502,29929,49,41118,45420,27232,14751,75279,198000,4206,486,143,67,1,317,686,97,1,130,26,6183,7,9541,4722,28,104,18637442,19830,4562,43437,776,1712,3471,18710,14783,14510,353,52368,7,46734,78,59,1494,0,160,427,440,2323,2323,77,345,275,263,495,278,1130,558,9506,98,4843,3675,1107,11814,818,142,506,303,228,143,106,1985,523,4649,1057,180,571,1251,649,1143,303,174139,1299,81003,639,293,222,301,393,181,792,16292,348,691,3798,150,1018,231,2373,714,484,346,387,67,295,409,1161,640,364,405,351,4424,3462,417,217,462,1486,416,54,164,410,290,0,47698,94,25484,56,263,6,3409,334,25794,12143,5626,4,1868,53,18,59,2373,22741,4242,2673,22979,975,12,930,31,149,1308,13080,4132,1419,860,188,1128,2,0,2,285,2,2345,287,1930,285,179,231,311,1805,842,111388,25406,5737,413,4369,91926,1240,171,13669,40501,309,501,546,146,104,74,1149158,657,443,452,448,353,536,24016,20,9511,4600,2,254412,14809,1,364,4162,2389,2,3454,358,328,141,2550,422,384,137,27650,352,386,278,417,428,1700,10,2,4111,2,1429,526,46,31,11017,3984,6,299,2330,3,1387,561,37,372,448,156,107598,8242,25328,448,7986,989,13,3417,2,48232,6307,14741,369199,274,607,40,26,149,603,68886,398,355,541,286,360,0,216,478,2,0,9162,2550,6,10553,719,18411,26268,38532,2987,20603,5793,151,26514,80679,7713,17190,66947,49218,52,257,245,234,128,337,716,257,1938,450,9057,0.0,0.0,0.0,0.0,0.0,0.0,0.0,0.0,0.0,0.0,0.0,0.0,0.0,0.0,0.0,0.0,0.0,0.0,0.0,0.0,0.0,0.0,0.0,0.0,0.0,0.0,0.0,0.0,0.0,0.0,0.0,0.0,0.0,0.0,0.0,0.0,0.0,0.0,0.0,0.0,0.0,0.0,0.0,0.0,0.0,0.0,0.0,0.0,0.0,0.0,0.0,0.0,0.0,0.0,0.0,0.0,0.0,0.0,0.0,0.0,0.0,0.0,0.0,0.0,0.0,0.0,0.0,0.0,0.0,0.0,0.0,0.0,0.0,0.0,0.0,0.0,0.0,0.0,0.0,0.0,0.0,0.0,0.0,0.0,0.0,0.0,0.0,0.0,0.0,0.0,0.0,0.0,0.0,0.0,0.0,0.0,0.0,0.0,0.0,0.0,0.0,0.0,0.0,0.0,0.0,0.0,0.0,0.0,0.0,0.0,0.0,0.0,0.0,0.0,0.0,0.0,0.0,0.0,0.0,0.0,0.0,0.0,0.0,0.0,0.0,0.0,0.0,0.0,0.0,0.0,0.0,0.0,0.0,0.0,0.0,0.0,0.0,0.0,0.0,0.0,0.0,0.0,0.0,0.0,0.0,0.0,0.0,0.0,0.0,0.0
ENCFF610RHZ,0.17117337033116142,44559,322,6206,123464,1158,236358,11090,751,499,368,746,7268,3982,13632,50031,66828,3851,1275,10006,8349,143,1086,99,88,86,1737,400,8229,72829,5613,348,92,1015,5860,5171,67,5444,26,15,13094,17357,195,658,58,84,1371,13587,56244,43,1726,3388,4415,549,329,7537,125,563,365,111,1218,3360,2026,37311,1441,449,124,93,105501,89765,8944,3578,2168,3987,7191,342,3738,1805,2327,2796,720,3135,3316,5607,1176,2049,10457,49,2534,2074,24,1657,280,66,4263,2851,51160,302507,14811,171,41695,58875,6583,50781,3745,2017,5793,1541,1890,26,4112,9892,10560,197,7603,60676,4165,100531,470,2193,2915,12017,1048,161458,3787,9337,3936,578,3048,527,56,39645,15639,266,78658,16146,15526,43018,33,9049,10242,3331,5576,84838,817,211,332,160,92,42,3165,651,473,15872,5455,777,7336,125195,8145,628,3727,2381,1728,4555,5594,5480,8230,54,93,84,3125,30,3754,1888,2300,221,36,17,1272,766,3416,20065,10432,62530,5418,45102,63565,26584,61294,29999,56660,552,42780,53690,13472,14208,42924,29280,10307,1920,86,1318,197,1811,3454,155,25,77,43,5731,225,98292,23303,19747,416,358268,78645,7894,50123,65479,1587,701,73720,36097,129435,5704,55176,158,52929,25,410,1255,24,927,2763,307,9955,4515,26,2063,2141,1855,2868,1396,6958,3914,274,265,11719,7010,3681,4105,4736,991,2353,2449,1278,912,701,412,3484,9474,2368,1103,3287,6188,5160,28607,235282,371,6192,5005,3271,2400,1962,1977,2831,1555,70,15138,1603,3740,9184,948,3918,1544,7809,3778,3133,2192,2865,164,1416,1113,6805,5756,2374,2750,2422,4508,4079,2945,2087,3077,8474,78,64,1316,2258,636,450,22501,114,14138,57,483,67,10554,1060,12699,11355,16318,47,4482,79,117,2418,4754,252442,822,3337,5462,1856,20,6165,105,798,2176,31444,13501,6540,2064,171,298,72,31,30,1920,2582,3769,1990,7098,1862,1319,3930,171421,586,4333,183948,1269,11245,2990,16227,948,5709,810,105,5342,2353,3363,3167,1143,994,379,2754,3955,3043,3297,961,3396,3781,40638,48,27427,2412,28,40395,11006,47,676,8126,2067,32,15384,2243,1083,188,8771,2965,67948,7075,594,2064,3239,1529,2270,2792,1834,1368,45,1522,65,3871,161,52,111,164,1163,631,1570,82037,2669,22223,10704,1987,1146,768,239,42121,83,20216,3077,15623,1937,200,4291,13,46413,8407,16264,64983,17722,38395,474,456,1221,2738,1443,2831,2390,2847,12329,3037,17,220,3128,21,31,5220,5090,16,114,133,38873,64991,52662,13686,51747,6908,1054,136199,138027,24631,67474,108585,122739,595,198,2048,1954,756,2716,1012,452,560,1118,11456,0.0,0.0,0.0,0.0,0.0,0.0,0.0,0.0,0.0,0.0,0.0,0.0,0.0,0.0,0.0,0.0,0.0,0.0,0.0,0.0,0.0,0.0,0.0,0.0,0.0,0.0,0.0,0.0,0.0,0.0,0.0,0.0,0.0,0.0,0.0,0.0,0.0,0.0,0.0,0.0,0.0,0.0,0.0,0.0,0.0,0.0,0.0,0.0,0.0,0.0,0.0,0.0,0.0,0.0,0.0,0.0,0.0,0.0,0.0,0.0,0.0,0.0,0.0,0.0,0.0,0.0,0.0,0.0,0.0,0.0,0.0,0.0,0.0,0.0,0.0,0.0,0.0,0.0,0.0,0.0,0.0,0.0,0.0,0.0,0.0,0.0,0.0,0.0,0.0,0.0,0.0,0.0,0.0,0.0,0.0,0.0,0.0,0.0,0.0,0.0,0.0,0.0,0.0,0.0,0.0,0.0,0.0,0.0,0.0,0.0,0.0,0.0,0.0,0.0,0.0,0.0,0.0,0.0,0.0,0.0,0.0,0.0,0.0,0.0,0.0,0.0,0.0,0.0,0.0,0.0,0.0,0.0,0.0,0.0,0.0,0.0,0.0,0.0,0.0,0.0,0.0,0.0,0.0,0.0,0.0,0.0,0.0,0.0,0.0,0.0
ENCFF000CPM,0.08687191903984408,8559,22,800,2401,75,12947,1276,22,65,66,118,498,375,971,1061,3072,579,123,838,1282,60,251,29,11,9,184,61,420,1803,1059,88,48,92,311,226,7,448,9,3,1730,3693,8,225,3,3,182,1004,1996,3,99,67,131,168,122,4280,50,124,79,20,205,269,16,940,67,76,9,7,7674,10715,3610,137,62,169,2790,74,156,62,75,75,20,93,230,1334,41,48,494,2,82,38,2,418,25,2,208,135,1079,43263,3055,34,8470,11594,365,9963,306,60,1990,510,452,5,1167,3096,2737,40,1105,11754,278,3978,38,172,229,2323,72,3061,194,1888,799,237,994,105,44,11808,1472,24,1633,936,9315,9220,2,718,435,155,837,2840,62,59,18,39,12,7,649,104,157,2563,1537,194,884,2155,301,143,146,256,326,689,1148,1028,3096,15,47,6,103,9,201,55,460,376,0,0,46,451,160,5235,2048,12777,425,6141,7749,2893,3353,2880,5128,70,7685,8393,3773,2838,6689,5071,1193,178,6,143,8,47,76,52,31,7,3,913,31,3096,1744,945,40,52170,7476,742,6835,1843,331,139,8915,3557,8077,352,12856,43,13660,19,101,186,31,29,151,148,800,780,13,51,78,49,71,39,544,208,489,61,910,872,432,1580,121,32,56,77,27,29,28,620,87,1125,146,36,388,471,340,892,1929,31,379,1922,203,94,78,55,103,45,304,2439,47,65,1865,25,529,29,1014,102,103,56,71,779,40,70,309,249,64,84,53,1069,232,70,62,92,512,3,15,37,53,225,28,4698,19,3495,7,167,54,1967,326,2536,2077,1630,3,630,16,81,143,1337,7560,182,522,878,258,2,487,58,57,191,2939,953,489,447,10,264,30,3,35,62,166,651,122,825,46,52,188,3167,35,241,34934,53,1762,89,681,103,344,19,9,906,74,183,195,41,33,78,297,258,95,188,58,121,227,7257,22,2411,633,5,9764,2475,7,80,1572,143,14,1236,64,680,85,655,109,822,292,120,82,179,46,153,84,614,65,9,312,9,697,114,8,68,106,41,82,127,1835,158,835,587,119,90,266,32,14622,10,4548,286,4282,356,64,745,4,7321,1401,2492,12558,415,1380,22,27,22,101,49,137,53,405,795,166,6,49,87,4,2,1278,1389,5,12,61,7082,9149,6649,1427,9297,1172,93,14530,23305,2829,8901,17053,21827,58,43,57,60,27,76,554,86,167,134,1547,0.0,0.0,0.0,0.0,0.0,0.0,0.0,0.0,0.0,0.0,0.0,0.0,0.0,0.0,0.0,0.0,0.0,0.0,0.0,0.0,0.0,0.0,0.0,0.0,0.0,0.0,0.0,0.0,0.0,0.0,0.0,0.0,0.0,0.0,0.0,0.0,0.0,0.0,0.0,0.0,0.0,0.0,0.0,0.0,0.0,0.0,0.0,0.0,0.0,0.0,0.0,0.0,0.0,0.0,0.0,0.0,0.0,0.0,0.0,0.0,0.0,0.0,0.0,0.0,0.0,0.0,0.0,0.0,0.0,0.0,0.0,0.0,0.0,0.0,0.0,0.0,0.0,0.0,0.0,0.0,0.0,0.0,0.0,0.0,0.0,0.0,0.0,0.0,0.0,0.0,0.0,0.0,0.0,0.0,0.0,0.0,0.0,0.0,0.0,0.0,0.0,0.0,0.0,0.0,0.0,0.0,0.0,0.0,0.0,0.0,0.0,0.0,0.0,0.0,0.0,0.0,0.0,0.0,0.0,0.0,0.0,0.0,0.0,0.0,0.0,0.0,0.0,0.0,0.0,0.0,0.0,0.0,0.0,0.0,0.0,0.0,0.0,0.0,0.0,0.0,0.0,0.0,0.0,0.0,0.0,0.0,0.0,0.0,0.0,0.0
ENCFF686JJA,0.17737237379367515,34897,187,3973,46272,828,116208,5804,376,669,268,588,3958,6448,14760,23895,41688,4646,459,6851,5882,152,679,82,89,96,1169,482,3920,25863,3539,269,137,494,2239,2058,44,2143,21,19,8122,10700,58,734,76,59,671,6438,28145,101,566,1373,1791,463,328,5633,156,333,448,143,778,1753,639,15936,1061,672,175,85,56028,49332,6501,1269,916,1307,4268,255,1488,569,968,1182,297,1237,1397,3662,527,661,4492,28,1101,615,20,1168,197,41,1133,1790,18713,172035,10179,121,27171,39501,3016,34530,1361,802,4960,1386,1618,25,2683,6915,6658,261,4771,30450,3457,33822,636,2366,2477,9043,943,52165,1745,6065,2813,776,2489,332,119,26295,19721,326,34743,12719,9184,26751,110,5482,4279,1353,3515,58281,503,228,181,115,45,50,2356,251,615,10894,4455,673,4463,46872,4482,412,1379,1252,1308,3137,4260,3525,4729,81,126,59,1290,37,2183,730,1332,202,18,9,699,725,1222,14149,6855,43174,2557,33789,35067,16405,32853,14653,30993,326,27262,32824,10091,8948,23527,18590,6467,990,106,811,85,655,1062,128,73,28,26,4013,473,46884,13987,17771,326,209799,42895,3616,31990,31588,1073,555,46247,22953,70148,5532,41187,271,38908,37,309,778,164,356,1109,227,4498,2156,11,878,1103,724,1115,514,2865,1742,204,216,5142,3150,2192,2639,1534,456,749,947,486,411,301,402,1349,6359,1592,460,1918,2676,2647,14649,33621,361,2596,2799,1588,1096,798,770,1211,676,111,7506,561,1057,5229,440,1719,467,4541,1332,1217,738,1154,169,561,675,2924,2989,942,1200,907,2510,1711,922,957,1215,4953,23,32,529,778,404,287,13681,129,8852,29,532,49,6643,667,6689,6897,8213,31,2901,189,138,2367,3538,91409,583,1870,2372,1076,45,3428,204,210,726,17428,7847,3629,1337,37,159,133,34,53,837,1382,2426,695,3902,592,553,2027,62061,402,2534,118886,748,5856,1221,6300,672,3050,339,234,3977,1027,1272,1256,438,486,278,2939,1424,1219,1309,562,1410,1511,25571,113,11098,2340,50,24601,6981,34,276,6080,788,61,7374,1024,1175,242,3553,1370,28276,4811,615,909,1398,533,1464,1091,1231,1147,41,1044,21,1822,112,18,174,362,398,919,983,39865,2228,12703,6689,1472,611,927,195,32398,100,14858,1808,11837,1326,479,2876,33,33791,6049,10941,46712,2878,25990,312,539,425,1010,520,1382,912,1751,7482,1265,33,166,1250,23,58,3860,3720,42,178,225,24105,44713,33063,8425,35235,4262,1447,74417,93909,15106,45789,69182,80493,366,189,918,860,271,1120,1163,324,472,727,7081,0.0,0.0,0.0,0.0,0.0,0.0,0.0,0.0,0.0,0.0,0.0,0.0,0.0,0.0,0.0,0.0,0.0,0.0,0.0,0.0,0.0,0.0,0.0,0.0,0.0,0.0,0.0,0.0,0.0,0.0,0.0,0.0,0.0,0.0,0.0,0.0,0.0,0.0,0.0,0.0,0.0,0.0,0.0,0.0,0.0,0.0,0.0,0.0,0.0,0.0,0.0,0.0,0.0,0.0,0.0,0.0,0.0,0.0,0.0,0.0,0.0,0.0,0.0,0.0,0.0,0.0,0.0,0.0,0.0,0.0,0.0,0.0,0.0,0.0,0.0,0.0,0.0,0.0,0.0,0.0,0.0,0.0,0.0,0.0,0.0,0.0,0.0,0.0,0.0,0.0,0.0,0.0,0.0,0.0,0.0,0.0,0.0,0.0,0.0,0.0,0.0,0.0,0.0,0.0,0.0,0.0,0.0,0.0,0.0,0.0,0.0,0.0,0.0,0.0,0.0,0.0,0.0,0.0,0.0,0.0,0.0,0.0,0.0,0.0,0.0,0.0,0.0,0.0,0.0,0.0,0.0,0.0,0.0,0.0,0.0,0.0,0.0,0.0,0.0,0.0,0.0,0.0,0.0,0.0,0.0,0.0,0.0,0.0,0.0,0.0
ENCFF593PVF,0.15253749185804472,371636,172,1578,9330,164,26453,1688,47,77,58,106,537,719,1241,5052,6105,554,72,927,981,21,112,12,15,17,174,30438,474,9309,625,42,906,87,274,270,572,300,2,8,1304,1804,8,147,10,59,115,949,4606,4326,68,142,176,75,71,1638,25,66,68,22,112,239,94,2709,121,80,7634,8,8540,7911,1319,164,88,7036,1150,46,169,68,99,135,26,164,210,598,70,77,496,2,137,67,4,164,55,5,234,183,3129,26794,1731,59,4544,6490,429,5707,208,93,931,334,399,2,644,1403,1186,25,663,6649,494,5744,114,490,439,1450,184,10424,228,1171,577,134,546,67,41,5734,1882,15428,7996,1364,3356,4452,5029,701,522,197,3276,8138,60,3585,23,10,6,5,401,46,148,1725,757,93,736,9595,594,74,180,347,285,501,1554,1743,1546,12,32,11,137,2,273,91,204,35,366,5,2162,207,163,2535,1137,17516,330,4873,5963,2541,7612,2297,4324,48,4781,5709,2528,1485,3826,3297,957,146,5236,171,11,74,139,20,8,4,3,697,60,8474,1934,1660,50,45219,6656,3287,4888,4516,212,96,6456,3305,9926,781,7281,22,6711,6,110,127,26,43,157,58,566,479,13,101,115,99,113,78,420,214,299,103,732,474,322,454,196,40,84,122,53,43,33,107,137,869,180,67,268,420,364,2010,10085,18818,356,837,203,135,97,86,149,79,78,1270,67,106,1159,53,217,43,648,144,164,70,134,118,57,666,296,346,131,136,116,434,206,128,131,120,649,6,4,58,77,141,61,2458,36,1885,4,106,180,1268,159,1244,1262,1184,1,455,19,33,124,730,12672,1901,2110,322,162,1510,441,25,37,121,2569,1059,457,237,9,434,17,4,3,97,285,414,114,629,79,61,313,11917,1368,313,19395,101,950,143,877,28559,427,49,15109,31711,120,157,149,59,49,447,164237,170,147,177,74,205,198,4359,17,1570,353,9,5280,1134,103,53,900,149,7,1091,114,564,42,484,143,4586,608,5147,120,151,64,164,119,232,102,4,176,5,289,111,31,34,3847,176,134,172,9235,485,1567,1006,253,104,187,39,7169,3011,2498,7385,2016,238,61,473,4,6273,1113,1828,9298,630,5071,471,38,60,1735,157,162,100,286,1089,158,14,4593,133,1,7,654,637,1,5675,23,3957,6404,4789,1115,5589,738,122,11611,14566,2116,6716,11070,12634,44,36,95,109,36,115,366,56,85,118,1112,0.0,0.0,0.0,0.0,0.0,0.0,0.0,0.0,0.0,0.0,0.0,0.0,0.0,0.0,0.0,0.0,0.0,0.0,0.0,0.0,0.0,0.0,0.0,0.0,0.0,0.0,0.0,0.0,0.0,0.0,0.0,0.0,0.0,0.0,0.0,0.0,0.0,0.0,0.0,0.0,0.0,0.0,0.0,0.0,0.0,0.0,0.0,0.0,0.0,0.0,0.0,0.0,0.0,0.0,0.0,0.0,0.0,0.0,0.0,0.0,0.0,0.0,0.0,0.0,0.0,0.0,0.0,0.0,0.0,0.0,0.0,0.0,0.0,0.0,0.0,0.0,0.0,0.0,0.0,0.0,0.0,0.0,0.0,0.0,0.0,0.0,0.0,0.0,0.0,0.0,0.0,0.0,0.0,0.0,0.0,0.0,0.0,0.0,0.0,0.0,0.0,0.0,0.0,0.0,0.0,0.0,0.0,0.0,0.0,0.0,0.0,0.0,0.0,0.0,0.0,0.0,0.0,0.0,0.0,0.0,0.0,0.0,0.0,0.0,0.0,0.0,0.0,0.0,0.0,0.0,0.0,0.0,0.0,0.0,0.0,0.0,0.0,0.0,0.0,0.0,0.0,0.0,0.0,0.0,0.0,0.0,0.0,0.0,0.0,0.0
ENCFF000VKB,0.14597003271083425,42084,126,4042,58502,1721,231764,6873,301,683,310,643,3249,7168,12703,26789,59885,4944,597,6106,6875,179,1000,84,58,43,1274,80,4165,48060,5913,332,204,664,2410,2224,32,2537,35,5,7861,17259,77,817,59,36,1013,7120,29039,25,998,1234,1795,615,375,11966,192,445,405,123,918,1705,482,26540,1918,596,51,16,73294,59267,13163,1435,885,1336,10116,398,1612,646,955,1137,302,1289,1551,6345,435,709,4035,8,1079,574,18,1635,147,32,1787,1663,25567,218196,15046,96,39499,56723,3264,49200,1588,765,8272,2256,1793,14,3707,10843,9539,146,6656,45455,4311,95381,1261,4823,3877,11381,2088,132002,1833,8671,3579,786,4064,539,144,45695,19384,111,39721,11876,17954,40160,37,4979,3741,1464,4727,69188,553,266,126,158,35,40,3203,565,573,14041,6518,868,5307,56818,4297,597,1598,1247,1280,3745,4762,4038,10632,57,87,22,1305,16,2270,747,860,387,26,2,675,928,1421,23613,9778,54999,2881,41679,46889,18042,39370,17645,33854,437,35384,40700,14178,12947,34099,25000,6437,986,28,795,63,641,1237,267,41,27,15,4807,430,59500,15690,18503,221,238915,48700,4574,40646,43698,1350,682,51545,22647,83767,9374,61673,341,59737,11,379,806,27,331,1206,301,5858,4487,10,798,1131,737,1192,466,3227,1977,1464,254,6050,4892,2616,8172,1572,390,792,1032,510,371,285,2528,1412,6551,1382,440,2309,3049,2820,17430,38245,134,2913,7360,1704,1177,851,823,1237,692,1472,9958,596,1138,8234,466,2082,436,5182,1284,1343,699,1238,527,573,648,2916,2832,998,1179,922,4281,2029,1025,1019,1285,4435,31,51,491,763,565,267,22134,92,14975,22,750,34,8700,1555,10291,9264,9864,20,3595,100,190,3311,5476,97839,884,2171,4253,1415,8,3134,288,360,1082,19187,7242,2874,1951,20,104,91,25,21,845,1658,2871,784,4191,656,538,5365,82893,316,2300,165734,732,8618,1273,7034,375,3196,324,51,4324,952,1388,1449,381,484,358,1185,1596,1252,1465,507,1458,1764,34478,45,14164,2826,27,44181,10712,18,439,7728,629,23,8161,1033,1347,341,4085,1515,35508,4301,600,841,1532,535,1502,1077,2734,1324,15,1197,17,3385,77,25,226,379,264,1267,994,48170,4493,13392,9426,2826,806,972,146,55710,68,21269,1972,17431,1832,468,3692,12,37975,7507,12575,58972,2044,28602,336,376,384,982,494,1511,959,2864,10583,1406,35,237,1325,9,18,5508,6028,25,70,204,35291,54219,40265,9684,47635,5919,559,100976,121289,19300,52072,87922,107867,533,264,964,848,241,1218,1902,378,509,813,8222,0.0,0.0,0.0,0.0,0.0,0.0,0.0,0.0,0.0,0.0,0.0,0.0,0.0,0.0,0.0,0.0,0.0,0.0,0.0,0.0,0.0,0.0,0.0,0.0,0.0,0.0,0.0,0.0,0.0,0.0,0.0,0.0,0.0,0.0,0.0,0.0,0.0,0.0,0.0,0.0,0.0,0.0,0.0,0.0,0.0,0.0,0.0,0.0,0.0,0.0,0.0,0.0,0.0,0.0,0.0,0.0,0.0,0.0,0.0,0.0,0.0,0.0,0.0,0.0,0.0,0.0,0.0,0.0,0.0,0.0,0.0,0.0,0.0,0.0,0.0,0.0,0.0,0.0,0.0,0.0,0.0,0.0,0.0,0.0,0.0,0.0,0.0,0.0,0.0,0.0,0.0,0.0,0.0,0.0,0.0,0.0,0.0,0.0,0.0,0.0,0.0,0.0,0.0,0.0,0.0,0.0,0.0,0.0,0.0,0.0,0.0,0.0,0.0,0.0,0.0,0.0,0.0,0.0,0.0,0.0,0.0,0.0,0.0,0.0,0.0,0.0,0.0,0.0,0.0,0.0,0.0,0.0,0.0,0.0,0.0,0.0,0.0,0.0,0.0,0.0,0.0,0.0,0.0,0.0,0.0,0.0,0.0,0.0,0.0,0.0
ENCFF391STU,0.22579222474946822,85468,552,12533,234911,8646,749417,14257,1311,3071,557,1066,12641,38408,64797,119894,265745,19320,939,19522,17477,256,1145,252,69,84,1992,454,13698,184420,7251,608,366,1477,7974,7008,127,6344,35,20,22947,24698,121,1392,221,174,1606,20215,184193,57,2042,4192,6753,950,527,10888,417,691,1067,197,1396,4996,5305,99483,4992,1569,224,49,260061,167316,12218,4664,3356,3586,8556,327,5057,2316,3904,4301,1015,4521,4836,8793,1921,2333,15639,42,4121,2121,66,2530,499,79,4766,7570,147496,514007,24851,349,67512,99052,9118,86226,4638,3001,9715,2798,3228,35,5386,14399,14304,551,14123,61494,22662,205264,7104,30154,22670,29965,13954,340847,7469,13995,6692,1663,5204,845,259,55271,91355,516,219319,58072,21335,53113,214,17630,11099,4883,9443,294124,835,401,561,187,91,111,4425,595,939,31512,9215,1651,14397,255180,20355,764,4792,3355,2815,9147,10201,8461,9240,209,206,120,4542,41,8135,2817,2921,245,33,63,2191,1632,4239,32380,15620,104276,8466,123469,107010,49439,193573,44359,100435,1102,73052,93561,23726,20685,60354,41904,21239,3292,100,2811,136,2152,4120,358,129,56,118,9895,2164,252078,60061,96085,404,615901,140060,12738,93700,183977,1754,1273,159040,74265,311430,48393,98948,1040,84147,67,728,1498,144,1371,4163,449,13445,4518,50,3031,4135,2960,4335,1804,10095,5750,475,494,14886,9064,5573,5116,5091,1575,2718,3383,1679,1648,1224,1031,4927,21227,7119,1787,5811,8853,8588,73048,258626,638,8237,6150,5495,3586,2866,3096,4379,2502,227,17203,2025,3227,12486,1594,5461,1788,13129,4790,4535,2643,4185,333,2166,1848,9823,10890,3758,4345,3034,6100,5596,2874,3649,4212,16592,55,102,1835,2836,738,960,27727,196,20685,41,1630,91,15284,1247,15662,16667,24797,63,6597,259,424,3150,6835,479753,1027,4233,7145,2713,148,12840,405,375,1232,49768,22890,9678,2317,73,362,379,45,79,3164,4776,5381,2310,11302,2276,1885,14608,326340,1425,9173,311656,2261,13377,4598,20111,869,10139,1162,318,9806,3712,4236,4467,1596,1830,645,3136,4873,4350,4641,1596,4820,5214,62359,180,29478,6698,71,56326,15871,80,477,16597,1554,86,21336,3895,2140,502,11784,4878,128992,25261,1878,3692,4745,1842,4011,4027,2299,2825,44,2764,59,4935,203,87,282,837,2142,6289,3327,226440,25501,60452,43846,13035,3119,1919,389,64022,230,35540,6336,26485,2881,1113,6527,46,71946,14889,25385,114357,22587,133196,1078,1480,1550,3397,1775,4669,3375,5785,36753,4432,159,374,4668,17,58,8583,7274,18,371,417,60984,142383,110154,28282,91128,10816,3251,291190,274221,51417,152847,188982,218014,1275,567,3411,3176,893,3950,2149,964,887,1641,18496,0.0,0.0,0.0,0.0,0.0,0.0,0.0,0.0,0.0,0.0,0.0,0.0,0.0,0.0,0.0,0.0,0.0,0.0,0.0,0.0,0.0,0.0,0.0,0.0,0.0,0.0,0.0,0.0,0.0,0.0,0.0,0.0,0.0,0.0,0.0,0.0,0.0,0.0,0.0,0.0,0.0,0.0,0.0,0.0,0.0,0.0,0.0,0.0,0.0,0.0,0.0,0.0,0.0,0.0,0.0,0.0,0.0,0.0,0.0,0.0,0.0,0.0,0.0,0.0,0.0,0.0,0.0,0.0,0.0,0.0,0.0,0.0,0.0,0.0,0.0,0.0,0.0,0.0,0.0,0.0,0.0,0.0,0.0,0.0,0.0,0.0,0.0,0.0,0.0,0.0,0.0,0.0,0.0,0.0,0.0,0.0,0.0,0.0,0.0,0.0,0.0,0.0,0.0,0.0,0.0,0.0,0.0,0.0,0.0,0.0,0.0,0.0,0.0,0.0,0.0,0.0,0.0,0.0,0.0,0.0,0.0,0.0,0.0,0.0,0.0,0.0,0.0,0.0,0.0,0.0,0.0,0.0,0.0,0.0,0.0,0.0,0.0,0.0,0.0,0.0,0.0,0.0,0.0,0.0,0.0,0.0,0.0,0.0,0.0,0.0
ENCFF002ELK,0.13484968929842253,76121,421,2208,37657,492,151606,10150,462,240,189,498,4680,1741,5775,22761,22881,1690,709,7251,4564,112,596,26,133,81,1473,6199,4082,31844,4055,110,45,433,2830,2749,40,3231,49,8,6948,8551,110,341,113,97,831,7068,23222,291,846,2151,1973,165,224,4835,125,290,198,213,848,2895,578,15265,632,315,1579,288,41634,39223,4490,1683,1061,2407,8249,73,1989,954,1001,1216,371,1757,1958,2399,615,1126,5057,27,1194,1087,30,954,1316,112,1214,1045,20322,132562,7223,127,19378,30487,4017,26039,2021,1027,3360,1308,1585,28,3260,6289,6704,203,4423,28983,1591,49668,184,1071,1185,5916,498,80244,1729,4998,2049,363,1850,254,83,27346,5261,2975,26996,7885,18856,22308,505,4668,8800,1683,2872,42083,326,395,76,94,67,30,1559,510,878,8782,2945,274,4249,38009,2561,219,2066,1703,1028,2462,3327,3316,5398,63,118,108,1532,55,1963,797,977,83,22,16,627,461,1959,9797,4842,33717,2878,20544,30471,12517,32845,15021,27292,171,22127,28590,7940,8147,23897,15397,4752,914,364,1234,27,1140,1782,172,40,59,106,3223,94,54974,9099,7252,460,242222,36445,3890,21401,23556,878,423,31211,16495,54058,2179,32356,74,29457,68,241,870,64,534,1324,341,5712,2046,53,1058,965,850,1501,735,3574,1770,329,228,5676,4234,2101,3056,2370,487,1371,1207,712,497,314,350,1542,4907,1156,541,1452,3354,2396,9785,42800,4433,3362,3039,1577,1216,949,1034,1330,753,157,8056,807,2446,5231,493,1982,855,4266,2319,1592,1265,1435,396,645,657,3634,2585,1379,1249,1128,2454,2198,1715,894,1698,3986,34,52,632,1199,566,583,11601,284,8437,44,175,115,5348,603,6910,5656,8149,45,2431,132,32,1857,2727,74883,562,1695,2931,1054,45,2885,203,660,1238,19663,8900,7583,1225,97,197,72,29,113,932,1696,1962,1113,4254,944,681,1895,58199,256,2299,86151,580,5461,1373,9100,6258,2710,411,839,4011,1154,1574,1669,512,396,89,38448,2260,1485,1567,638,1629,1775,22757,67,15724,1153,38,23838,9874,30,328,4641,1105,78,7719,987,1102,178,4585,1489,19319,1954,1013,1067,1566,990,1101,1345,1186,930,34,941,82,2407,153,83,64,352,674,201,940,30073,1224,7821,4221,643,639,702,371,23622,405,11245,1624,7677,1291,70,2051,17,31956,6428,10177,39617,1432,18355,151,340,537,1485,944,1263,1132,1468,7708,1379,17,119,1514,43,65,2347,2416,13,317,197,22762,34811,29436,7229,26555,3921,648,59594,77181,11643,33729,60455,66033,179,50,977,884,411,1264,714,360,274,719,5849,0.0,0.0,0.0,0.0,0.0,0.0,0.0,0.0,0.0,0.0,0.0,0.0,0.0,0.0,0.0,0.0,0.0,0.0,0.0,0.0,0.0,0.0,0.0,0.0,0.0,0.0,0.0,0.0,0.0,0.0,0.0,0.0,0.0,0.0,0.0,0.0,0.0,0.0,0.0,0.0,0.0,0.0,0.0,0.0,0.0,0.0,0.0,0.0,0.0,0.0,0.0,0.0,0.0,0.0,0.0,0.0,0.0,0.0,0.0,0.0,0.0,0.0,0.0,0.0,0.0,0.0,0.0,0.0,0.0,0.0,0.0,0.0,0.0,0.0,0.0,0.0,0.0,0.0,0.0,0.0,0.0,0.0,0.0,0.0,0.0,0.0,0.0,0.0,0.0,0.0,0.0,0.0,0.0,0.0,0.0,0.0,0.0,0.0,0.0,0.0,0.0,0.0,0.0,0.0,0.0,0.0,0.0,0.0,0.0,0.0,0.0,0.0,0.0,0.0,0.0,0.0,0.0,0.0,0.0,0.0,0.0,0.0,0.0,0.0,0.0,0.0,0.0,0.0,0.0,0.0,0.0,0.0,0.0,0.0,0.0,0.0,0.0,0.0,0.0,0.0,0.0,0.0,0.0,0.0,0.0,0.0,0.0,0.0,0.0,0.0
ENCFF000ZIB,0.1470844270026258,217133,159,5214,42572,1076,197181,4154,292,314,325,375,3502,2884,6346,19343,44414,2455,247,4213,4962,71,371,43,19,12,893,14891,3539,20815,2177,126,760,415,2058,1793,398,1618,12,3,6533,6766,34,431,39,48,421,5614,22883,1717,482,1240,1690,231,164,3241,86,193,282,61,361,1397,666,16583,599,261,4521,18,65760,43165,3592,1158,816,3666,2427,149,1280,565,964,1015,261,1207,1178,2359,546,696,4249,8,1015,589,22,603,111,11,1130,1638,24586,137692,6926,122,18937,27732,2481,24454,1148,723,2792,837,1127,14,1726,4736,4600,30,4678,20552,2411,24434,532,2374,2936,6378,980,39493,1625,4363,1961,365,1352,330,46,14774,8444,9511,19839,6576,5353,16113,3531,4825,2225,1227,4206,51072,212,2048,88,44,21,12,1313,135,290,9197,2837,403,2891,44704,4098,237,1200,310,403,2521,2734,2563,2718,30,63,17,1131,18,2124,741,595,469,313,172,1307,421,1076,9655,4625,34497,2398,24585,28664,13987,30697,12658,28577,165,21086,25795,7116,6112,17070,13191,4408,912,3040,595,200,625,1114,97,42,11,14,3795,195,39620,13167,7705,127,140672,33772,5899,22781,27490,539,485,42444,17072,64549,4358,27113,179,23386,29,189,537,30,288,1042,168,3845,1411,14,756,1067,695,1051,442,2587,1471,141,157,4212,2274,1589,1634,1425,488,729,812,429,407,297,242,1366,5709,1433,476,1560,3050,2398,14222,218378,10920,2152,1817,1432,972,671,731,1136,655,53,4893,493,944,3458,362,1464,426,3953,1350,1095,753,989,132,522,1105,2657,2800,979,1099,829,1651,1676,987,887,1085,4805,16,27,455,795,268,324,8570,41,5900,18,417,39,4567,369,4513,4944,6458,13,1857,63,85,1023,2195,133330,1293,2421,1872,857,1071,3292,111,132,363,14428,5308,2727,670,9,72,52,12,34,799,824,1700,530,3543,611,579,1733,52684,2022,2538,87341,543,3890,1123,5365,15660,2555,339,6903,17763,893,1016,1111,473,467,459,87351,1220,988,1089,517,1224,1352,18949,30,9524,1740,6,17663,4356,30,160,5058,387,19,6274,931,759,125,2984,1235,27248,4115,2496,975,1196,512,1249,993,756,687,11,828,15,1492,58,22,78,1635,119,463,689,29963,2317,11877,6964,1495,552,390,87,18387,2500,10896,4051,7025,689,253,1947,5,21912,4203,7220,33696,18773,19905,522,74,393,1936,443,1136,923,1790,5928,1109,45,1062,1259,10,18,2133,2106,4,3098,91,16266,42618,30029,8293,25371,3067,564,71810,77158,13440,40203,57911,61464,170,95,957,857,242,1026,576,321,220,465,5727,0.0,0.0,0.0,0.0,0.0,0.0,0.0,0.0,0.0,0.0,0.0,0.0,0.0,0.0,0.0,0.0,0.0,0.0,0.0,0.0,0.0,0.0,0.0,0.0,0.0,0.0,0.0,0.0,0.0,0.0,0.0,0.0,0.0,0.0,0.0,0.0,0.0,0.0,0.0,0.0,0.0,0.0,0.0,0.0,0.0,0.0,0.0,0.0,0.0,0.0,0.0,0.0,0.0,0.0,0.0,0.0,0.0,0.0,0.0,0.0,0.0,0.0,0.0,0.0,0.0,0.0,0.0,0.0,0.0,0.0,0.0,0.0,0.0,0.0,0.0,0.0,0.0,0.0,0.0,0.0,0.0,0.0,0.0,0.0,0.0,0.0,0.0,0.0,0.0,0.0,0.0,0.0,0.0,0.0,0.0,0.0,0.0,0.0,0.0,0.0,0.0,0.0,0.0,0.0,0.0,0.0,0.0,0.0,0.0,0.0,0.0,0.0,0.0,0.0,0.0,0.0,0.0,0.0,0.0,0.0,0.0,0.0,0.0,0.0,0.0,0.0,0.0,0.0,0.0,0.0,0.0,0.0,0.0,0.0,0.0,0.0,0.0,0.0,0.0,0.0,0.0,0.0,0.0,0.0,0.0,0.0,0.0,0.0,0.0,0.0
ENCFF506VIB,0.1470661852137783,26566,138,3965,47899,433,100889,7004,410,250,216,441,4720,1499,6598,30108,22942,1900,590,5295,4852,108,532,35,80,61,1248,331,4703,54864,3297,155,55,572,3023,2941,50,2849,29,1,7269,9155,95,404,81,42,729,7372,31579,50,653,2069,2331,284,151,3968,71,318,237,103,673,2193,998,13589,2663,336,74,130,48915,55307,4146,1858,1193,2588,3548,201,2147,1078,1268,1460,401,1966,1875,2766,682,1231,5925,15,1423,1091,4,702,189,33,1450,1693,25083,150300,7378,138,20691,32960,3895,28255,1835,1121,3419,1023,1302,18,2282,5425,5961,97,4903,26891,2047,33257,193,966,1377,6702,440,61726,2052,4943,1937,386,1890,222,30,20689,7397,195,26156,7088,7608,21707,26,5768,5290,1952,3518,56276,162,98,120,66,21,30,1650,324,384,9747,2959,353,4147,48737,4634,264,1973,760,522,2635,3510,3229,4012,33,72,35,1788,35,2342,1030,745,184,18,21,863,517,1754,10498,5212,35589,3223,24895,31378,15083,39010,16645,32836,225,23339,29895,8401,7559,22903,15856,4993,1058,50,556,50,1198,1882,69,35,16,120,3724,130,50722,12710,6750,235,161973,39486,3815,26081,25901,896,482,37191,18652,62736,2418,31809,118,28480,30,252,855,17,513,1385,219,5852,2338,13,1265,1276,1012,1711,797,3687,2172,136,146,6662,4204,2099,1947,2700,689,1268,1372,687,518,352,235,2196,5192,1281,596,1704,3433,2931,16895,66666,240,3527,2445,1701,1397,1097,1100,1560,982,30,6240,880,2291,4756,509,2030,836,4560,2399,1702,1350,1691,132,770,704,4122,3249,1416,1507,1325,2390,2339,1853,1155,1924,5322,38,37,728,1292,366,335,11220,114,7018,19,220,60,5869,553,5819,5874,8699,48,2499,91,43,2277,2774,88730,407,1599,2778,1094,25,3279,78,159,1176,18855,7319,4987,1118,64,92,57,26,39,1070,1163,1931,1086,3296,1056,742,2241,70996,297,2500,94087,696,5835,1605,9471,538,3245,468,106,3049,1357,1567,1704,648,551,236,1949,2149,1508,1717,648,1805,1951,24144,44,16317,1348,31,21660,5854,49,336,5165,768,43,9170,1183,667,114,4708,1619,28281,3804,381,1161,1758,842,1349,1425,885,675,29,635,22,2248,103,49,78,109,212,282,788,41417,1094,11996,4972,860,561,531,190,21207,77,11326,1914,8133,976,135,2160,16,27424,5068,9645,38470,2942,22999,267,173,584,1501,706,1398,1286,1769,8227,1520,15,120,1818,26,32,2546,2770,19,92,125,20349,37014,32353,7884,27122,3741,1049,79812,79687,13794,37500,61014,67191,217,80,1178,1083,326,1551,563,335,186,580,6645,0.0,0.0,0.0,0.0,0.0,0.0,0.0,0.0,0.0,0.0,0.0,0.0,0.0,0.0,0.0,0.0,0.0,0.0,0.0,0.0,0.0,0.0,0.0,0.0,0.0,0.0,0.0,0.0,0.0,0.0,0.0,0.0,0.0,0.0,0.0,0.0,0.0,0.0,0.0,0.0,0.0,0.0,0.0,0.0,0.0,0.0,0.0,0.0,0.0,0.0,0.0,0.0,0.0,0.0,0.0,0.0,0.0,0.0,0.0,0.0,0.0,0.0,0.0,0.0,0.0,0.0,0.0,0.0,0.0,0.0,0.0,0.0,0.0,0.0,0.0,0.0,0.0,0.0,0.0,0.0,0.0,0.0,0.0,0.0,0.0,0.0,0.0,0.0,0.0,0.0,0.0,0.0,0.0,0.0,0.0,0.0,0.0,0.0,0.0,0.0,0.0,0.0,0.0,0.0,0.0,0.0,0.0,0.0,0.0,0.0,0.0,0.0,0.0,0.0,0.0,0.0,0.0,0.0,0.0,0.0,0.0,0.0,0.0,0.0,0.0,0.0,0.0,0.0,0.0,0.0,0.0,0.0,0.0,0.0,0.0,0.0,0.0,0.0,0.0,0.0,0.0,0.0,0.0,0.0,0.0,0.0,0.0,0.0,0.0,0.0
ENCFF002DNL,0.12263831252449035,827087,2780,15447,163620,1071,141982,20839,1129,1060,812,2952,12284,6842,16628,77648,39887,8196,1167,11996,16707,701,2128,317,215,143,2504,63470,8561,118479,10558,710,2773,1417,4628,4385,1723,5097,63,404,26547,32303,111,2055,83,914,1781,16978,111532,8721,1805,2357,3640,1341,1884,26036,429,1025,1116,458,2127,6775,288,48167,807,2314,18186,1179,141011,127101,25633,2825,1776,15065,24176,916,3281,1516,2017,2229,540,2597,3330,11131,1394,1306,9938,53,2239,1502,108,4056,998,110,3981,3046,70648,479252,28565,281,79251,124751,6533,108314,2998,1658,15815,4918,5090,59,10470,23749,20874,635,15356,99641,5002,52309,667,2718,3711,23849,1172,111348,3478,16542,8173,2413,8067,1221,354,145221,26611,34936,173500,19215,53513,82718,10941,13873,5751,3079,17662,101353,816,9560,314,312,89,144,6284,749,4334,31393,12884,1798,11649,167478,9112,1499,2991,2892,3132,8868,13410,11544,21323,296,948,212,2592,62,4939,1621,4094,2512,971,57,5041,2462,2602,47749,20996,155847,6105,75173,89047,40043,160699,38360,75445,652,79254,93822,40958,25674,85148,50696,17343,2550,13219,1909,316,1250,2265,572,317,124,246,11274,625,175364,34420,20579,2339,679117,100600,15941,72861,69038,3285,2002,105359,50005,155935,6294,132536,617,128807,223,1098,4164,2763,954,2354,1214,10463,7173,129,1744,2359,1639,2212,1354,6688,3862,1974,625,12391,8307,5921,10240,2945,743,1908,1653,916,1167,899,1857,2687,13216,2975,1083,5248,6845,5856,25318,141514,36971,6489,15588,3602,2009,1572,1621,2465,1131,1309,23398,1411,2193,16178,1058,4158,1223,11749,2799,2477,1293,2431,1662,1332,2543,6495,6220,2076,2350,1908,7704,3955,2058,2054,2221,10640,104,86,1118,1625,2748,665,42641,275,30457,67,1447,378,18872,2814,22737,19731,19621,66,8026,280,1017,6785,11452,191473,5642,9800,6887,3107,3895,7779,593,676,1950,41004,15778,17441,3680,64,1099,288,27,124,1789,2721,8230,1545,13306,1434,1289,5311,197608,3743,5835,385739,1676,16146,2631,14039,67463,7077,1048,30394,78220,2049,2622,2838,1127,1250,1555,347610,3125,2449,2838,1728,3044,3472,82849,174,28855,7560,80,91352,18334,101,807,23619,2508,184,19645,1959,5355,1016,8976,3067,98082,8064,10618,2410,2919,1318,2935,2183,4481,2051,73,3046,55,5318,518,140,486,7796,1837,1249,2513,136503,3010,23896,12150,2487,1247,2539,370,119994,5508,43066,15583,35649,4015,1085,8047,310,82859,16278,28928,136095,8708,68138,1583,1128,1145,6121,2573,2910,1769,4666,18074,2696,94,8848,2656,85,93,11714,11656,49,11761,540,68998,114346,100838,22408,97695,11827,804,222049,264683,39856,114890,190617,233830,712,526,1951,1855,741,2128,6794,917,1318,1993,18939,0.0,0.0,0.0,0.0,0.0,0.0,0.0,0.0,0.0,0.0,0.0,0.0,0.0,0.0,0.0,0.0,0.0,0.0,0.0,0.0,0.0,0.0,0.0,0.0,0.0,0.0,0.0,0.0,0.0,0.0,0.0,0.0,0.0,0.0,0.0,0.0,0.0,0.0,0.0,0.0,0.0,0.0,0.0,0.0,0.0,0.0,0.0,0.0,0.0,0.0,0.0,0.0,0.0,0.0,0.0,0.0,0.0,0.0,0.0,0.0,0.0,0.0,0.0,0.0,0.0,0.0,0.0,0.0,0.0,0.0,0.0,0.0,0.0,0.0,0.0,0.0,0.0,0.0,0.0,0.0,0.0,0.0,0.0,0.0,0.0,0.0,0.0,0.0,0.0,0.0,0.0,0.0,0.0,0.0,0.0,0.0,0.0,0.0,0.0,0.0,0.0,0.0,0.0,0.0,0.0,0.0,0.0,0.0,0.0,0.0,0.0,0.0,0.0,0.0,0.0,0.0,0.0,0.0,0.0,0.0,0.0,0.0,0.0,0.0,0.0,0.0,0.0,0.0,0.0,0.0,0.0,0.0,0.0,0.0,0.0,0.0,0.0,0.0,0.0,0.0,0.0,0.0,0.0,0.0,0.0,0.0,0.0,0.0,0.0,0.0
ENCFF940NAW,0.09178146204330138,133642,286,12360,55334,833,140448,22743,1093,780,1073,2707,8405,4750,12499,22563,28733,9038,2058,14643,20517,1013,3316,353,86,82,2683,463,7427,40671,25062,1353,718,1513,3370,2898,23,6212,93,48,29432,54598,168,3328,33,50,2345,18120,26427,42,1445,1515,2081,2669,2390,44913,1080,1901,1540,1811,3368,4628,696,14396,991,1116,994,252,124605,166972,45887,1787,994,3177,33766,1305,2411,809,1107,1525,348,1604,2466,18844,886,878,8533,28,1315,815,69,6472,704,149,33251,2374,21328,760688,47174,351,128191,178910,6417,156369,2248,944,28162,8388,9163,21,16126,35084,33796,147,20428,199335,3629,61920,534,2008,3236,36891,891,49157,2248,25525,12559,3518,15209,1694,449,174844,19135,236,30308,13380,88175,317845,142,13228,4968,2148,15919,63057,1179,996,303,546,168,116,10378,1295,3275,43677,23136,3345,14825,56278,6066,2059,2173,2821,2745,11096,19821,17272,43148,430,665,80,1534,27,3324,965,4961,3206,74,14,819,3058,1832,123852,33184,319179,6841,91669,118037,45759,58221,47347,94171,845,138228,152097,118327,60859,102053,77205,22252,3124,92,2445,793,785,1236,937,299,44,18,18369,396,60363,30414,10785,508,900374,119668,12521,105672,29766,5630,3071,137379,58766,133578,4475,219779,694,224145,235,1950,4172,467,420,1690,1352,10500,10792,173,970,1247,904,1360,752,5493,3021,6760,794,25301,11674,7452,18283,1789,580,1090,1091,516,597,393,3797,1706,16980,2245,627,5931,6325,6378,23871,30885,619,7212,22610,4016,1554,1199,963,1393,841,2661,31168,814,1419,25179,609,4880,613,27084,1577,1635,897,1361,6774,761,1840,5100,4391,1149,1371,1165,12628,4128,1321,1098,1441,9971,44,43,623,868,3388,486,74017,1088,51045,150,2278,335,27708,5136,36096,39213,30585,44,10239,192,1128,1783,60018,104756,3152,8187,8421,4830,100,6075,748,986,3184,43964,21340,11743,6936,50,1663,387,0,74,1014,7566,10368,1244,19588,800,1063,3859,65831,831,5073,619281,955,24899,1556,11062,1726,6568,497,169,13975,1101,1822,2126,709,672,1057,4625,2442,1519,1880,1613,2011,2433,105299,118,37072,9405,35,143628,31028,188,1324,27454,2284,245,23165,1283,12410,1448,8557,1741,26260,5673,1968,1320,2121,775,2450,1239,6432,1251,63,4880,17,6641,442,267,1027,1906,468,922,1609,35914,1986,14787,8927,1569,1371,4594,131,183600,176,70758,4239,64235,6032,1186,13099,100,138743,24563,45064,200746,5799,21700,411,439,518,1529,711,2024,1033,5271,9197,1853,230,743,1591,85,6,20827,22267,18,454,1046,109189,141049,94205,23481,149195,16987,1279,217522,343169,41213,141500,266203,328567,976,777,1184,1043,384,1113,8783,1280,2136,4543,23974,0.0,0.0,0.0,0.0,0.0,0.0,0.0,0.0,0.0,0.0,0.0,0.0,0.0,0.0,0.0,0.0,0.0,0.0,0.0,0.0,0.0,0.0,0.0,0.0,0.0,0.0,0.0,0.0,0.0,0.0,0.0,0.0,0.0,0.0,0.0,0.0,0.0,0.0,0.0,0.0,0.0,0.0,0.0,0.0,0.0,0.0,0.0,0.0,0.0,0.0,0.0,0.0,0.0,0.0,0.0,0.0,0.0,0.0,0.0,0.0,0.0,0.0,0.0,0.0,0.0,0.0,0.0,0.0,0.0,0.0,0.0,0.0,0.0,0.0,0.0,0.0,0.0,0.0,0.0,0.0,0.0,0.0,0.0,0.0,0.0,0.0,0.0,0.0,0.0,0.0,0.0,0.0,0.0,0.0,0.0,0.0,0.0,0.0,0.0,0.0,0.0,0.0,0.0,0.0,0.0,0.0,0.0,0.0,0.0,0.0,0.0,0.0,0.0,0.0,0.0,0.0,0.0,0.0,0.0,0.0,0.0,0.0,0.0,0.0,0.0,0.0,0.0,0.0,0.0,0.0,0.0,0.0,0.0,0.0,0.0,0.0,0.0,0.0,0.0,0.0,0.0,0.0,0.0,0.0,0.0,0.0,0.0,0.0,0.0,0.0
ENCFF000WQW,0.0862990255605026,2411,17,183,2073,45,4393,368,34,34,12,99,258,295,623,975,1737,210,28,322,318,8,35,5,3,2,58,97,165,1114,189,17,7,25,103,83,2,114,1,12,564,623,19,39,5,8,40,288,1178,8,45,54,49,26,23,416,11,17,18,10,48,159,26,727,25,37,21,30,2438,2291,374,48,30,78,310,13,69,35,34,40,10,57,83,219,28,22,154,2,35,21,2,83,11,3,48,54,743,8735,602,5,1575,2204,127,1915,84,40,273,85,84,1,145,397,397,13,279,1706,148,1320,28,120,118,445,48,1802,89,342,177,45,172,17,4,1767,910,73,1311,524,697,1559,24,384,208,50,181,2362,33,18,11,9,4,5,119,17,118,469,259,41,236,2051,206,14,43,73,95,164,222,197,315,6,13,2,46,2,92,19,180,455,3,0,27,43,46,845,413,2352,118,1588,1719,749,1477,707,1385,19,1373,1670,553,533,1270,1002,390,38,19,48,12,22,39,9,5,1,1,204,25,1909,641,828,10,14307,1853,178,1524,1312,63,49,2113,984,3049,281,2355,7,2417,1,20,197,177,9,50,14,176,95,2,33,60,34,37,21,138,75,9,20,237,165,85,157,59,16,28,26,24,20,12,39,61,243,73,21,98,119,116,657,1119,61,111,220,60,36,31,25,46,35,8,455,34,47,280,12,73,25,219,61,51,33,53,12,19,22,115,110,42,38,46,133,59,38,52,47,178,0,4,23,31,25,11,781,4,532,0,21,1,374,42,383,395,398,3,130,3,10,96,218,3729,37,108,118,61,3,142,9,15,48,763,398,424,83,2,8,3,0,5,32,80,121,53,211,27,32,85,2735,25,101,6478,36,327,33,237,105,129,10,44,247,43,59,62,27,18,10,381,59,46,67,18,63,56,1390,5,544,129,0,1513,388,0,22,295,56,3,382,46,76,19,157,60,1014,168,44,36,56,25,55,31,65,39,2,48,2,141,12,2,6,35,20,37,32,1622,119,494,283,74,33,63,9,1983,8,817,106,668,79,22,158,13,1784,332,516,2362,78,967,9,18,10,49,40,53,28,63,322,51,2,15,59,2,1,267,241,2,19,9,1388,2000,1529,383,1867,234,50,3711,4609,653,2068,3416,4223,21,18,32,28,16,46,59,17,26,31,347,0.0,0.0,0.0,0.0,0.0,0.0,0.0,0.0,0.0,0.0,0.0,0.0,0.0,0.0,0.0,0.0,0.0,0.0,0.0,0.0,0.0,0.0,0.0,0.0,0.0,0.0,0.0,0.0,0.0,0.0,0.0,0.0,0.0,0.0,0.0,0.0,0.0,0.0,0.0,0.0,0.0,0.0,0.0,0.0,0.0,0.0,0.0,0.0,0.0,0.0,0.0,0.0,0.0,0.0,0.0,0.0,0.0,0.0,0.0,0.0,0.0,0.0,0.0,0.0,0.0,0.0,0.0,0.0,0.0,0.0,0.0,0.0,0.0,0.0,0.0,0.0,0.0,0.0,0.0,0.0,0.0,0.0,0.0,0.0,0.0,0.0,0.0,0.0,0.0,0.0,0.0,0.0,0.0,0.0,0.0,0.0,0.0,0.0,0.0,0.0,0.0,0.0,0.0,0.0,0.0,0.0,0.0,0.0,0.0,0.0,0.0,0.0,0.0,0.0,0.0,0.0,0.0,0.0,0.0,0.0,0.0,0.0,0.0,0.0,0.0,0.0,0.0,0.0,0.0,0.0,0.0,0.0,0.0,0.0,0.0,0.0,0.0,0.0,0.0,0.0,0.0,0.0,0.0,0.0,0.0,0.0,0.0,0.0,0.0,0.0
ENCFF000ZIT,0.142337723480611,120822,201,4198,42024,1044,210778,5705,472,430,361,420,3368,4289,8030,17612,51971,3021,351,6115,5367,96,490,78,32,41,1022,9222,3864,20805,2938,147,332,436,2251,1849,267,1844,20,11,7158,8162,56,554,41,56,662,5858,21149,716,506,1379,1822,310,223,3955,128,282,333,120,557,1458,631,16099,279,419,2342,33,54315,45727,4488,1274,843,2558,3018,212,1385,628,949,1055,298,1272,1292,2785,557,706,4107,22,1125,624,38,877,187,48,1368,1612,23116,150635,7902,126,20953,31473,2830,27554,1447,745,3457,1060,1356,26,2057,5334,5401,72,4323,24223,2986,24731,586,2367,2745,7487,1025,38678,1693,5048,2360,575,1712,484,78,18583,11890,4687,20592,7920,6882,19692,1215,4794,4266,1382,4242,52524,423,1398,99,83,27,26,1739,258,385,9702,3371,648,3630,43427,3980,327,1453,720,721,2811,3425,3049,3525,33,125,45,1203,19,2371,719,852,708,98,32,1317,530,1236,11116,5386,36875,2474,28320,30310,14627,29470,13303,29231,236,23246,28652,8182,6760,19605,14923,5052,1029,1673,883,152,661,1137,135,73,28,22,3644,301,39803,13512,12068,189,168805,37938,4534,24484,28769,762,528,39817,19613,65900,5189,29884,135,28838,41,235,579,60,349,1127,230,4099,1879,32,807,1189,755,1143,521,2752,1595,157,215,4911,2736,1934,1893,1498,448,762,874,455,416,293,306,1380,5831,1493,447,1662,2581,2619,13066,78932,4180,2549,2152,1412,995,737,830,1158,704,78,5763,602,978,4149,410,1625,459,4342,1374,1224,834,1098,146,581,714,2926,2958,994,1145,906,1920,1709,1083,976,1202,5121,23,29,475,765,343,483,10674,88,7053,25,515,37,5446,447,5337,5575,7194,27,2173,105,118,1879,2579,98677,981,1725,1995,863,486,3080,126,293,448,16291,7301,2953,897,21,125,73,15,46,823,1063,2093,583,3560,663,600,1773,55835,837,2662,96270,574,4716,1174,5976,8561,2721,345,3082,9266,1016,1142,1246,450,533,323,42419,1301,1098,1226,630,1336,1449,21871,58,10325,1906,33,20229,5337,49,186,5240,493,40,6886,953,846,240,3364,1299,26332,3710,1819,981,1259,558,1277,1097,997,868,21,887,27,1708,102,21,157,1018,375,696,907,30161,2398,11318,6537,1546,510,534,212,24096,1500,13254,2934,8452,872,297,2265,20,27189,5219,8837,38413,6391,19408,354,160,388,1638,554,1218,941,1807,7366,1210,41,1213,1291,21,38,2696,2690,8,1650,114,18724,41273,31479,8249,28258,3374,729,71136,81879,13826,40272,59910,67709,314,122,937,796,214,1071,828,339,282,608,6344,0.0,0.0,0.0,0.0,0.0,0.0,0.0,0.0,0.0,0.0,0.0,0.0,0.0,0.0,0.0,0.0,0.0,0.0,0.0,0.0,0.0,0.0,0.0,0.0,0.0,0.0,0.0,0.0,0.0,0.0,0.0,0.0,0.0,0.0,0.0,0.0,0.0,0.0,0.0,0.0,0.0,0.0,0.0,0.0,0.0,0.0,0.0,0.0,0.0,0.0,0.0,0.0,0.0,0.0,0.0,0.0,0.0,0.0,0.0,0.0,0.0,0.0,0.0,0.0,0.0,0.0,0.0,0.0,0.0,0.0,0.0,0.0,0.0,0.0,0.0,0.0,0.0,0.0,0.0,0.0,0.0,0.0,0.0,0.0,0.0,0.0,0.0,0.0,0.0,0.0,0.0,0.0,0.0,0.0,0.0,0.0,0.0,0.0,0.0,0.0,0.0,0.0,0.0,0.0,0.0,0.0,0.0,0.0,0.0,0.0,0.0,0.0,0.0,0.0,0.0,0.0,0.0,0.0,0.0,0.0,0.0,0.0,0.0,0.0,0.0,0.0,0.0,0.0,0.0,0.0,0.0,0.0,0.0,0.0,0.0,0.0,0.0,0.0,0.0,0.0,0.0,0.0,0.0,0.0,0.0,0.0,0.0,0.0,0.0,0.0
ENCFF000PQP,0.15212256374676117,156472,241,5138,34250,876,88855,7409,479,539,416,772,4535,4287,9282,19809,25544,4313,641,6284,8139,203,985,121,81,69,1146,10323,5017,54317,5303,365,569,671,2798,2568,270,2958,35,22,10998,16030,103,913,52,60,928,8756,26021,1299,805,1667,2208,715,413,9014,203,505,535,192,1080,2119,350,14178,591,1052,2999,80,61258,72708,11508,1595,1112,3234,7770,528,1892,798,1296,1459,356,1576,1733,5383,685,793,5554,16,1381,795,19,1704,198,33,1960,1748,17515,237134,13806,158,38170,54767,3789,47963,1750,1001,7388,2140,2322,26,4005,10305,10190,140,6179,53144,3326,52403,791,2887,2832,12302,1327,68025,2041,8494,4058,1090,3867,544,232,40291,13549,9073,24372,8662,16696,40921,1860,6650,3315,1788,6297,56276,569,1680,108,162,50,67,3093,405,736,14798,6575,1021,6332,37827,4430,598,1823,1242,1023,4234,6434,5505,7251,99,254,77,1597,56,2716,973,1504,8203,251,19,1337,1132,1553,23322,10535,67215,3413,41322,46773,21737,49289,20560,42701,393,40895,48610,16395,13433,33686,27537,7920,1328,2180,1021,100,830,1445,287,156,50,173,5771,449,67560,17413,13052,569,217295,51152,5908,38356,27128,1608,740,54430,24508,72476,5370,61038,264,60401,90,475,971,163,462,1409,390,5815,3474,38,1035,1509,927,1403,721,3781,2213,539,287,7054,4304,2974,3845,1963,530,937,1164,583,537,418,741,1853,7403,1767,639,2665,3589,3316,13903,23269,6779,3518,4219,2036,1286,1034,1035,1507,761,246,10577,770,1247,7374,613,2362,606,6065,1741,1506,957,1500,291,746,1085,3666,3633,1330,1434,1120,3561,2296,1257,1206,1553,5930,32,62,629,946,730,498,20309,181,13473,26,704,106,9425,1150,9658,9064,10081,51,4053,165,268,2283,5336,76959,1493,3616,3135,1532,627,4259,283,278,997,21158,8188,4176,1917,46,297,171,17,76,1089,1537,3377,930,5398,718,741,1597,49647,1079,3235,174353,792,8326,1496,8226,11100,3898,452,5097,15330,1341,1617,1704,607,669,521,54887,1858,1470,1728,673,1720,1975,35862,128,15070,3117,27,38520,10584,89,472,9383,1021,133,10003,1230,2074,404,4757,1778,30026,4595,2153,1284,1674,679,1976,1378,1963,1493,55,1763,74,2401,169,40,269,1622,365,894,1053,29333,2624,12675,7408,1780,670,1247,212,50280,1008,20750,3874,17232,2016,485,4048,25,41416,7724,14017,61460,2249,23079,536,263,568,1951,731,1687,1173,2184,11393,1583,46,1182,1543,31,47,5765,5687,11,2127,314,34649,57415,42563,10674,50080,5769,438,96083,126106,18922,57882,93110,111916,366,252,1142,1094,332,1416,1778,373,625,1007,9665,0.0,0.0,0.0,0.0,0.0,0.0,0.0,0.0,0.0,0.0,0.0,0.0,0.0,0.0,0.0,0.0,0.0,0.0,0.0,0.0,0.0,0.0,0.0,0.0,0.0,0.0,0.0,0.0,0.0,0.0,0.0,0.0,0.0,0.0,0.0,0.0,0.0,0.0,0.0,0.0,0.0,0.0,0.0,0.0,0.0,0.0,0.0,0.0,0.0,0.0,0.0,0.0,0.0,0.0,0.0,0.0,0.0,0.0,0.0,0.0,0.0,0.0,0.0,0.0,0.0,0.0,0.0,0.0,0.0,0.0,0.0,0.0,0.0,0.0,0.0,0.0,0.0,0.0,0.0,0.0,0.0,0.0,0.0,0.0,0.0,0.0,0.0,0.0,0.0,0.0,0.0,0.0,0.0,0.0,0.0,0.0,0.0,0.0,0.0,0.0,0.0,0.0,0.0,0.0,0.0,0.0,0.0,0.0,0.0,0.0,0.0,0.0,0.0,0.0,0.0,0.0,0.0,0.0,0.0,0.0,0.0,0.0,0.0,0.0,0.0,0.0,0.0,0.0,0.0,0.0,0.0,0.0,0.0,0.0,0.0,0.0,0.0,0.0,0.0,0.0,0.0,0.0,0.0,0.0,0.0,0.0,0.0,0.0,0.0,0.0
ENCFF000NYB,0.1210579780715521,150988,194,6124,24435,476,69847,8483,410,649,494,1042,4799,3432,7093,16708,20596,3953,640,5029,8281,315,1281,145,329,205,1255,9520,4670,24616,6884,361,600,684,2402,2327,267,2774,93,70,10805,17743,70,1036,42,44,738,8042,18725,1175,733,1457,1841,810,722,11648,266,523,586,447,1306,2488,277,7328,285,538,2583,239,50990,65042,12008,1376,938,3208,14571,458,1527,764,1032,1168,320,1331,1539,6012,564,750,4927,26,1119,680,232,2230,3790,399,1823,1515,11571,247301,14865,213,41974,58425,3400,50789,1458,870,8171,2437,2372,37,4408,11708,10820,96,6263,55241,2322,29576,394,1609,1938,12887,717,30270,1611,8883,4439,1151,4305,1000,234,57486,10394,7126,17988,6893,32793,46782,2211,6146,2113,1544,6312,31761,441,1620,128,320,148,49,3469,906,1156,14860,7201,1264,5996,27747,3587,1017,1512,1077,1129,4029,5990,5453,9035,119,370,310,1287,39,2340,979,1358,1304,189,11,1314,1278,1331,23747,11370,66769,3181,36651,43024,19676,31361,19196,40089,342,41450,48814,16244,14120,35324,27264,6907,1209,1887,786,131,710,1221,542,301,65,69,6053,272,40041,13503,8335,339,223794,47139,5787,37143,16143,1743,810,51450,21417,58525,3078,66361,206,66665,175,532,1370,477,404,1258,296,5471,3755,60,880,1321,763,1153,562,3276,1840,615,297,6621,4399,3044,4318,1678,469,925,959,527,514,378,943,1545,6740,1604,571,2571,3280,3002,10936,27093,5907,3193,5356,1916,1098,771,885,1202,732,376,11355,632,1184,8371,464,2277,549,6071,1392,1359,810,1193,553,670,955,3377,3231,1130,1224,975,4012,2156,1074,969,1285,5682,58,59,565,774,1048,1459,24765,207,16804,62,790,210,10033,1316,12382,9191,9857,78,4019,175,292,1461,6896,62606,1486,3482,3200,1897,586,3930,379,548,1070,20518,6629,5574,2178,81,569,177,15,109,886,1411,4729,670,7089,683,661,1553,35942,942,2943,197654,729,9195,1360,7169,9693,3446,372,4378,14585,1114,1227,1426,538,608,557,52740,1533,1256,1415,677,1438,1650,38039,149,15475,3643,26,41799,17984,17,471,8603,965,207,9841,1037,2368,585,4192,1433,15029,3343,2216,1071,1415,793,1746,1187,2710,933,36,2429,91,2584,139,82,307,1625,276,574,763,27954,1576,10180,5251,1102,539,1308,367,60749,1012,24944,3660,20501,2132,538,4664,75,41682,7995,14001,63547,2720,17060,477,274,472,1793,581,1431,931,1961,8477,1302,59,1061,1373,21,47,6592,6883,25,1807,322,36713,59330,43576,10605,53076,6502,488,85308,134592,18662,59641,98223,118076,340,271,1012,917,291,1202,2044,1463,1047,1084,9786,0.0,0.0,0.0,0.0,0.0,0.0,0.0,0.0,0.0,0.0,0.0,0.0,0.0,0.0,0.0,0.0,0.0,0.0,0.0,0.0,0.0,0.0,0.0,0.0,0.0,0.0,0.0,0.0,0.0,0.0,0.0,0.0,0.0,0.0,0.0,0.0,0.0,0.0,0.0,0.0,0.0,0.0,0.0,0.0,0.0,0.0,0.0,0.0,0.0,0.0,0.0,0.0,0.0,0.0,0.0,0.0,0.0,0.0,0.0,0.0,0.0,0.0,0.0,0.0,0.0,0.0,0.0,0.0,0.0,0.0,0.0,0.0,0.0,0.0,0.0,0.0,0.0,0.0,0.0,0.0,0.0,0.0,0.0,0.0,0.0,0.0,0.0,0.0,0.0,0.0,0.0,0.0,0.0,0.0,0.0,0.0,0.0,0.0,0.0,0.0,0.0,0.0,0.0,0.0,0.0,0.0,0.0,0.0,0.0,0.0,0.0,0.0,0.0,0.0,0.0,0.0,0.0,0.0,0.0,0.0,0.0,0.0,0.0,0.0,0.0,0.0,0.0,0.0,0.0,0.0,0.0,0.0,0.0,0.0,0.0,0.0,0.0,0.0,0.0,0.0,0.0,0.0,0.0,0.0,0.0,0.0,0.0,0.0,0.0,0.0
ENCFF124RBK,0.1681986746135891,63711,155,2008,41627,810,215758,10142,608,503,254,628,5560,3223,12669,22258,41577,2812,1027,10144,5399,123,772,48,309,243,1938,3256,5389,60098,4558,181,63,679,3859,3472,40,4317,138,12,9719,10639,148,373,174,20,1025,9201,28563,226,1286,2830,2696,202,310,5087,140,438,342,335,1745,3050,330,19881,2072,714,883,195,55933,56340,6527,2369,1417,3037,6464,227,2707,1199,1433,1701,472,2332,2519,3068,836,1386,6717,68,1721,1482,45,1234,573,105,1982,1427,25622,176439,9423,201,25369,40154,5574,34279,2626,1473,3861,1542,1943,60,3598,7265,8130,285,5349,45115,3965,107728,457,2255,2175,8110,1102,173315,2571,6497,2432,607,2290,331,164,28383,13263,1400,31536,13645,13888,28389,108,6018,13603,2342,3985,68645,637,292,143,155,73,104,2125,653,671,10776,3951,455,6170,41189,3139,296,2780,2797,1709,3382,4428,4504,5873,140,396,132,2132,198,2536,1127,917,163,24,22,843,681,2440,13762,6774,47520,3838,37422,45538,18009,50352,20258,36970,489,30053,38459,10749,10420,30174,21799,6521,1442,231,1216,37,1588,2404,308,177,120,273,4246,584,89324,14068,32656,1087,226717,50504,5046,32152,38850,1185,484,46292,25903,71639,4979,44837,106,40307,83,289,795,139,670,1813,406,6798,2491,48,1436,1282,1310,1996,1040,4793,2387,137,353,7459,5379,2575,3280,3243,688,1706,1673,938,571,444,284,2037,6629,1606,689,1880,4365,3166,11222,44516,2600,4265,3486,2110,1649,1268,1338,1823,1068,50,10130,1059,3225,6566,642,2558,1049,5800,3459,2177,2019,1980,158,851,762,4924,3475,1894,1548,1499,3029,2944,2035,1292,2239,5025,27,45,841,1630,784,589,14157,648,9570,41,228,107,6724,699,7945,7413,10134,142,3469,485,155,3674,3251,145895,613,2339,3884,1401,46,3727,264,329,2031,27829,12558,6022,1666,240,351,297,45,235,1183,2058,2038,1601,4358,1189,817,1639,102872,293,3042,108525,785,7344,2036,11847,3622,3615,488,599,4118,1559,1999,2148,605,540,126,28066,2967,2113,2039,611,2116,2346,28872,174,19295,1565,44,28511,9721,58,518,7052,1489,285,10615,1454,1226,287,6334,2031,31537,2736,652,1500,2106,1242,1486,1840,1715,1667,159,1608,143,3018,339,160,124,219,997,625,1635,28376,1927,9776,6096,1105,877,1332,497,28383,194,12650,2040,10071,2070,80,2699,14,42023,7661,12991,48396,2002,24527,183,461,747,1951,1104,1857,1639,1825,10520,1817,12,154,1948,67,150,3260,3166,34,193,336,29825,41253,33732,9240,34023,5115,685,85651,94884,15879,40311,73873,85253,571,89,1451,1240,606,1827,790,358,329,899,7507,0.0,0.0,0.0,0.0,0.0,0.0,0.0,0.0,0.0,0.0,0.0,0.0,0.0,0.0,0.0,0.0,0.0,0.0,0.0,0.0,0.0,0.0,0.0,0.0,0.0,0.0,0.0,0.0,0.0,0.0,0.0,0.0,0.0,0.0,0.0,0.0,0.0,0.0,0.0,0.0,0.0,0.0,0.0,0.0,0.0,0.0,0.0,0.0,0.0,0.0,0.0,0.0,0.0,0.0,0.0,0.0,0.0,0.0,0.0,0.0,0.0,0.0,0.0,0.0,0.0,0.0,0.0,0.0,0.0,0.0,0.0,0.0,0.0,0.0,0.0,0.0,0.0,0.0,0.0,0.0,0.0,0.0,0.0,0.0,0.0,0.0,0.0,0.0,0.0,0.0,0.0,0.0,0.0,0.0,0.0,0.0,0.0,0.0,0.0,0.0,0.0,0.0,0.0,0.0,0.0,0.0,0.0,0.0,0.0,0.0,0.0,0.0,0.0,0.0,0.0,0.0,0.0,0.0,0.0,0.0,0.0,0.0,0.0,0.0,0.0,0.0,0.0,0.0,0.0,0.0,0.0,0.0,0.0,0.0,0.0,0.0,0.0,0.0,0.0,0.0,0.0,0.0,0.0,0.0,0.0,0.0,0.0,0.0,0.0,0.0
ENCFF435TOG,0.1379668332641997,102090,245,3829,33625,655,128465,8036,274,517,415,789,3907,3878,10015,18422,39560,4192,972,6666,7505,219,972,103,84,68,930,7146,4041,31418,5038,394,281,619,2313,2024,65,2884,35,23,10078,16360,94,962,69,58,804,8013,20880,843,668,1415,1660,823,534,9849,191,480,408,128,1278,2011,468,12663,528,325,1665,174,52316,57619,10674,1357,866,2276,9018,423,1496,642,953,1050,274,1251,1427,5128,554,738,4764,10,1009,698,20,1489,154,25,1326,1366,19207,235894,13464,121,37421,54864,3112,48485,1677,720,9063,3265,3059,24,4008,9897,10168,120,5780,60759,2319,48191,345,1589,1692,10957,776,63433,1594,9171,3760,5243,3629,601,102,44495,13778,4586,30990,10127,21177,40037,535,5588,5527,1509,5397,50239,760,915,185,132,36,40,3429,497,908,13986,6556,883,4781,36688,3585,651,1381,931,959,3612,5190,4568,8228,79,171,43,1250,37,1987,690,1590,778,62,6,623,1111,1370,28565,9914,73988,2775,37036,44349,18502,31131,16974,33981,401,39439,47161,17377,13090,34458,24784,6030,1162,833,661,116,747,1204,231,51,28,55,6093,240,41818,13344,11326,221,270649,46685,4826,34415,24821,4062,740,47320,20132,62186,4191,60881,289,61367,44,487,1047,294,351,1078,347,5105,6356,37,855,1089,723,1094,518,2945,1791,420,299,7293,4950,2625,8328,1638,460,830,844,476,406,315,671,1414,6228,1206,418,2185,3058,2577,11675,43588,3989,3103,4758,1655,1009,819,751,1118,623,198,9580,601,1296,7484,410,2576,515,6089,1491,1242,808,1149,1174,630,5349,3106,2577,971,1235,971,3439,1977,1142,927,1392,5350,43,44,467,754,1179,458,25679,111,13722,16,590,104,9470,1564,10682,8521,9310,26,5699,143,228,1623,6480,90376,1323,3176,3403,1575,288,5088,261,629,1466,19396,8690,5364,2185,34,193,87,11,50,800,1115,3567,781,4967,627,647,2745,55443,796,2594,168929,749,9093,1145,10890,6906,3392,371,2523,8457,909,1272,1275,445,494,490,30131,1562,1146,1351,700,1425,1614,34434,51,16518,2601,79,39767,9891,25,422,8221,1200,40,9304,1014,1666,381,4280,1337,22247,3705,1361,991,1411,636,1483,1029,1981,973,243,1157,48,2499,575,122,256,1144,474,513,761,32646,1577,10541,5571,1229,737,1059,76,51686,389,23591,2090,16436,2100,314,4540,41,36447,7187,13488,63840,3284,22406,270,248,443,1364,583,1340,906,1799,7095,1172,36,729,1366,30,42,5965,5954,10,1185,380,33922,54214,37413,12257,45892,6248,611,83220,130160,15722,55249,94099,108323,385,200,847,794,226,1070,4318,428,526,901,10034,0.0,0.0,0.0,0.0,0.0,0.0,0.0,0.0,0.0,0.0,0.0,0.0,0.0,0.0,0.0,0.0,0.0,0.0,0.0,0.0,0.0,0.0,0.0,0.0,0.0,0.0,0.0,0.0,0.0,0.0,0.0,0.0,0.0,0.0,0.0,0.0,0.0,0.0,0.0,0.0,0.0,0.0,0.0,0.0,0.0,0.0,0.0,0.0,0.0,0.0,0.0,0.0,0.0,0.0,0.0,0.0,0.0,0.0,0.0,0.0,0.0,0.0,0.0,0.0,0.0,0.0,0.0,0.0,0.0,0.0,0.0,0.0,0.0,0.0,0.0,0.0,0.0,0.0,0.0,0.0,0.0,0.0,0.0,0.0,0.0,0.0,0.0,0.0,0.0,0.0,0.0,0.0,0.0,0.0,0.0,0.0,0.0,0.0,0.0,0.0,0.0,0.0,0.0,0.0,0.0,0.0,0.0,0.0,0.0,0.0,0.0,0.0,0.0,0.0,0.0,0.0,0.0,0.0,0.0,0.0,0.0,0.0,0.0,0.0,0.0,0.0,0.0,0.0,0.0,0.0,0.0,0.0,0.0,0.0,0.0,0.0,0.0,0.0,0.0,0.0,0.0,0.0,0.0,0.0,0.0,0.0,0.0,0.0,0.0,0.0
ENCFF486FVK,0.10586955443253694,144239,631,9378,148168,1323,188501,38252,571,391,719,1317,6826,2596,15404,87406,33428,6222,872,13480,15350,265,1066,155,27,372,2414,12194,7746,90676,6180,325,558,999,4626,3749,2895,3475,22,123,24967,18495,31,990,18,278,951,13093,73842,463,1005,2103,3569,710,534,12363,282,653,1064,251,995,3512,1108,52229,1413,516,3603,34,155969,128435,12052,2446,1671,4731,11066,277,2832,1234,1726,2082,617,2217,2337,6603,963,1314,8518,13,2127,1213,11,2580,268,63,2669,3774,78067,376690,20977,220,58373,78710,5089,68863,3059,1567,8237,2512,2977,20,5883,15240,16162,268,14416,64121,4062,61771,779,3146,4714,16756,1265,114448,3673,14893,7006,1803,3877,470,67,48604,18368,21722,55180,16474,27050,52229,1296,10278,6437,2788,7429,176662,878,933,351,58,80,58,3988,477,819,29335,8070,1014,7520,154681,10701,728,2442,5045,3376,5936,9500,9606,10505,59,58,377,2412,48,4890,1269,10477,413,4451,71,1427,1162,2291,30637,13944,90063,5931,57047,74941,40956,114918,32119,67223,354,56102,67985,21233,17925,59590,39251,19234,2316,3392,1968,295,994,2110,269,11,35,940,11290,137,125646,33843,9377,192,786263,102245,11820,66893,74486,1696,1660,110244,48964,178426,7995,97315,778,92593,23,944,1776,39,604,2115,479,8946,3843,42,1694,2130,1295,2149,727,5809,3199,767,378,11573,5738,4336,6795,2396,782,1609,1674,835,742,705,766,2736,13338,3544,846,4214,5732,5258,28472,308092,27114,4642,5851,3207,1910,1511,1424,2127,1318,161,27871,857,1894,9200,757,3554,864,9096,2590,2250,1319,2039,477,1077,2262,6016,5785,1901,2051,1685,4448,3527,2057,1832,2621,11081,26,124,977,1341,995,746,27704,106,17227,57,924,109,11940,1223,18574,15074,19195,13,4721,23,263,2659,7100,252248,1142,7103,4909,2466,664,6563,385,1177,1255,35448,17111,6386,2267,257,379,145,89,65,1549,3151,5847,1273,10675,1396,1054,4543,170595,1546,5276,264174,1542,10987,2175,10918,27909,6198,646,2118,11636,1900,2329,2366,885,862,721,27041,2651,2012,2697,1480,2814,2973,47398,55,21671,3975,120,58191,15072,42,379,15793,3623,32,15158,1920,2154,341,7500,2514,62034,13336,3256,1927,2402,1013,2522,2000,2682,1545,17,2224,86,4043,202,69,296,7802,2746,640,1643,150792,3214,31093,16430,2686,1613,1692,247,59343,1456,33428,8399,22669,2333,663,5898,61,60639,12540,17821,88767,28318,64182,537,264,844,2033,1090,2604,1679,3186,18710,2371,68,580,2338,23,101,7133,7052,15,3009,290,50894,101880,73090,19630,68230,9229,524,185917,191194,33870,100893,146844,164608,482,228,1940,1738,444,1884,1946,663,764,1427,16843,0.0,0.0,0.0,0.0,0.0,0.0,0.0,0.0,0.0,0.0,0.0,0.0,0.0,0.0,0.0,0.0,0.0,0.0,0.0,0.0,0.0,0.0,0.0,0.0,0.0,0.0,0.0,0.0,0.0,0.0,0.0,0.0,0.0,0.0,0.0,0.0,0.0,0.0,0.0,0.0,0.0,0.0,0.0,0.0,0.0,0.0,0.0,0.0,0.0,0.0,0.0,0.0,0.0,0.0,0.0,0.0,0.0,0.0,0.0,0.0,0.0,0.0,0.0,0.0,0.0,0.0,0.0,0.0,0.0,0.0,0.0,0.0,0.0,0.0,0.0,0.0,0.0,0.0,0.0,0.0,0.0,0.0,0.0,0.0,0.0,0.0,0.0,0.0,0.0,0.0,0.0,0.0,0.0,0.0,0.0,0.0,0.0,0.0,0.0,0.0,0.0,0.0,0.0,0.0,0.0,0.0,0.0,0.0,0.0,0.0,0.0,0.0,0.0,0.0,0.0,0.0,0.0,0.0,0.0,0.0,0.0,0.0,0.0,0.0,0.0,0.0,0.0,0.0,0.0,0.0,0.0,0.0,0.0,0.0,0.0,0.0,0.0,0.0,0.0,0.0,0.0,0.0,0.0,0.0,0.0,0.0,0.0,0.0,0.0,0.0
ENCFF000YZT,0.0928237527915159,43380,141,1594,21351,419,46839,2190,121,155,151,350,1489,1230,2744,11832,11296,1223,172,2126,2850,68,286,35,16,27,449,2613,1652,11650,1545,140,164,247,946,758,76,787,8,5,3186,4605,19,242,6,35,225,2418,10954,373,232,423,732,200,152,3047,57,147,200,43,266,709,125,5497,178,92,860,19,20407,22595,3086,514,336,1067,2246,108,606,330,414,464,90,514,558,1739,254,303,1641,2,431,239,4,499,44,8,543,635,8874,74961,4504,53,12251,17229,1113,14718,514,337,2113,597,692,8,1209,3372,3328,30,2324,14254,1260,12596,297,1241,1148,3897,571,17867,741,3037,1385,260,1164,158,97,11994,3614,1380,7911,2676,5569,11669,697,2011,1172,567,1850,23057,123,408,28,42,13,14,859,111,218,5462,2058,298,1772,21336,1707,185,562,340,283,1247,2464,2389,2404,24,41,6,508,5,928,351,426,125,72,0,419,242,452,6505,3097,19467,1083,11590,14087,6522,15104,5859,12531,85,11668,13701,4949,3764,10056,7861,2493,342,642,343,28,212,459,52,21,2,21,2142,95,17152,5951,2952,70,86135,16637,1766,12092,9448,401,357,17115,8595,26784,2697,19701,115,20424,25,145,481,111,139,432,118,1756,903,15,350,485,281,455,241,1127,667,196,61,2102,1402,873,1038,647,168,335,364,185,195,138,227,642,2132,791,210,852,1097,963,4823,7350,1684,1115,1297,641,398,287,293,448,265,38,2897,262,433,2151,179,708,226,1676,565,508,264,459,157,257,308,1206,1166,384,491,341,1096,711,346,398,463,1691,19,21,223,280,268,143,6384,53,4241,13,263,62,2761,275,2947,3232,3650,7,976,26,66,445,1688,27059,441,985,968,463,142,1122,64,35,296,6378,2729,1404,585,15,97,56,6,25,342,595,1154,245,1844,308,266,593,24604,324,1054,54224,224,2526,486,2304,2705,1219,161,943,3933,354,453,462,211,218,168,12527,552,459,513,246,581,621,10505,15,4237,1013,7,12160,3067,18,129,3241,243,30,2936,422,800,157,1350,523,7747,1560,506,451,523,230,472,401,722,280,6,460,12,865,39,32,56,422,46,256,268,20837,1148,4770,2782,787,213,319,69,15049,343,6437,1269,5555,536,122,1287,12,12380,2367,4483,18496,629,7101,168,44,181,550,242,545,328,684,3186,470,18,190,538,6,2,1743,1657,1,480,110,9852,16536,13220,3147,14951,1618,160,30728,36161,5778,17634,26491,33150,74,89,380,381,134,412,533,121,155,293,3360,0.0,0.0,0.0,0.0,0.0,0.0,0.0,0.0,0.0,0.0,0.0,0.0,0.0,0.0,0.0,0.0,0.0,0.0,0.0,0.0,0.0,0.0,0.0,0.0,0.0,0.0,0.0,0.0,0.0,0.0,0.0,0.0,0.0,0.0,0.0,0.0,0.0,0.0,0.0,0.0,0.0,0.0,0.0,0.0,0.0,0.0,0.0,0.0,0.0,0.0,0.0,0.0,0.0,0.0,0.0,0.0,0.0,0.0,0.0,0.0,0.0,0.0,0.0,0.0,0.0,0.0,0.0,0.0,0.0,0.0,0.0,0.0,0.0,0.0,0.0,0.0,0.0,0.0,0.0,0.0,0.0,0.0,0.0,0.0,0.0,0.0,0.0,0.0,0.0,0.0,0.0,0.0,0.0,0.0,0.0,0.0,0.0,0.0,0.0,0.0,0.0,0.0,0.0,0.0,0.0,0.0,0.0,0.0,0.0,0.0,0.0,0.0,0.0,0.0,0.0,0.0,0.0,0.0,0.0,0.0,0.0,0.0,0.0,0.0,0.0,0.0,0.0,0.0,0.0,0.0,0.0,0.0,0.0,0.0,0.0,0.0,0.0,0.0,0.0,0.0,0.0,0.0,0.0,0.0,0.0,0.0,0.0,0.0,0.0,0.0
ENCFF002EAQ,0.17959330993449285,70385,280,3933,43164,779,108447,6453,324,354,305,662,3352,2819,6957,24739,24939,3201,486,5496,7128,201,816,101,53,61,1126,3080,3502,25121,4216,298,250,504,1963,1765,102,2014,22,19,8322,12393,59,686,24,91,664,6203,20906,355,587,1159,1421,513,343,7144,160,414,594,176,802,1543,331,10622,314,334,890,61,47551,59466,8247,1118,759,1815,5802,357,1261,533,794,947,243,992,1214,4301,422,593,4005,11,863,489,16,1317,130,13,1728,1284,18956,198633,11925,123,33108,45188,2688,40471,1517,646,5969,1751,2025,20,3232,8749,8868,141,5420,38134,2319,31374,526,2032,2260,9770,896,43372,1356,7487,3569,753,3004,389,601,33016,10252,2076,17122,6822,12831,32745,605,5108,3174,1241,4398,45791,438,625,86,108,24,43,2535,314,577,12739,5565,797,4509,43196,3535,483,1233,1196,935,3336,5148,5012,6322,71,114,37,1103,17,1827,659,1156,1776,64,7,704,759,1089,18927,8138,49938,2577,30370,37969,16625,32428,14272,30665,269,30431,36096,12468,10584,26213,21483,5986,999,661,885,74,562,904,195,86,26,64,5112,243,38680,13027,7234,241,228766,43383,4239,30867,19987,1247,1685,43705,21616,60955,5105,54160,272,56391,43,382,843,89,316,991,248,4086,2480,37,676,921,592,969,432,2600,1438,290,252,5133,3235,2287,3191,1317,355,670,810,358,377,287,541,1087,5541,1490,356,2173,2337,2222,9218,23602,2173,2354,3584,1462,895,686,681,975,611,151,8312,495,864,5665,391,1688,420,4579,1173,1047,619,976,257,491,675,2595,2583,851,986,755,2803,1655,832,777,1015,4170,24,44,369,635,593,381,17610,172,11244,18,636,74,7276,857,8354,7838,8508,24,2955,127,220,1751,4488,71173,808,2429,2291,1249,165,2774,179,183,816,16944,6751,3150,1553,57,229,135,13,63,681,2101,2941,551,4427,564,533,1393,51234,514,2265,145743,517,7636,1067,5425,3368,2650,300,1275,6948,873,1107,1156,389,424,334,17103,1262,1002,1165,648,1228,1341,28262,76,11522,2596,31,30869,8153,60,342,7927,842,78,7396,858,1652,313,3307,1211,17550,3342,978,809,1168,448,1358,863,1604,860,20,1208,42,2185,121,75,231,711,305,587,711,41404,2021,9978,5896,1375,612,1214,288,43670,386,17709,2253,15169,1614,329,3358,18,34401,7572,11496,49522,2592,15243,300,254,390,1045,525,1201,797,1473,8605,1149,50,401,1148,34,32,4732,4702,10,676,215,27073,43000,31745,7888,39449,4651,350,74780,95933,14843,44482,72573,88157,273,198,782,791,236,907,1398,422,489,857,7981,0.0,0.0,0.0,0.0,0.0,0.0,0.0,0.0,0.0,0.0,0.0,0.0,0.0,0.0,0.0,0.0,0.0,0.0,0.0,0.0,0.0,0.0,0.0,0.0,0.0,0.0,0.0,0.0,0.0,0.0,0.0,0.0,0.0,0.0,0.0,0.0,0.0,0.0,0.0,0.0,0.0,0.0,0.0,0.0,0.0,0.0,0.0,0.0,0.0,0.0,0.0,0.0,0.0,0.0,0.0,0.0,0.0,0.0,0.0,0.0,0.0,0.0,0.0,0.0,0.0,0.0,0.0,0.0,0.0,0.0,0.0,0.0,0.0,0.0,0.0,0.0,0.0,0.0,0.0,0.0,0.0,0.0,0.0,0.0,0.0,0.0,0.0,0.0,0.0,0.0,0.0,0.0,0.0,0.0,0.0,0.0,0.0,0.0,0.0,0.0,0.0,0.0,0.0,0.0,0.0,0.0,0.0,0.0,0.0,0.0,0.0,0.0,0.0,0.0,0.0,0.0,0.0,0.0,0.0,0.0,0.0,0.0,0.0,0.0,0.0,0.0,0.0,0.0,0.0,0.0,0.0,0.0,0.0,0.0,0.0,0.0,0.0,0.0,0.0,0.0,0.0,0.0,0.0,0.0,0.0,0.0,0.0,0.0,0.0,0.0
ENCFF198NDG,0.1409456886736329,109344,1106,648,5567,66,6086,1959,21,34,29,180,574,265,515,2781,1876,283,59,696,681,40,95,8,5,16,268,11120,333,2941,492,39,320,123,366,282,282,370,2,55,1692,1512,7,88,3,218,179,727,2456,1221,55,75,128,64,103,1145,27,46,57,36,126,256,51,1509,41,73,2708,70,5228,5279,1315,247,55,2171,1109,26,266,37,57,96,15,73,226,418,31,42,300,4,78,38,6,169,21,6,200,123,1933,20227,1420,5,3735,5567,312,4709,372,44,823,347,339,2,574,1421,1456,26,647,4736,236,2953,21,154,162,1133,59,4550,202,837,380,169,406,48,24,4840,828,5995,3242,650,3313,3573,1148,607,319,344,1445,3287,110,1265,19,14,9,5,284,43,316,1210,597,80,662,5297,262,51,273,223,222,403,727,577,1511,19,29,9,73,4,131,47,918,334,137,1,616,82,213,2280,877,6988,255,2870,3743,1811,2844,1699,3106,26,3662,4230,1301,1107,4155,2399,1708,93,1965,81,22,27,69,31,12,6,24,510,22,3709,1150,654,51,148637,4309,1511,3035,2492,142,129,4451,2612,6075,294,6946,34,6578,13,68,202,123,20,206,211,454,443,20,48,73,43,69,34,548,269,245,66,430,479,208,754,86,28,46,51,28,23,22,152,66,665,85,23,186,412,293,1156,3008,5641,394,789,152,167,147,46,75,31,91,1704,46,58,901,26,218,36,462,65,132,36,75,120,43,221,203,204,59,64,55,333,128,74,63,73,326,6,5,30,42,118,22,1996,22,1751,1,73,3,777,120,1351,895,949,7,330,10,33,160,440,6072,647,690,403,118,345,531,30,79,94,2120,850,819,178,7,71,11,4,10,62,234,313,219,489,43,34,137,6653,399,182,15744,186,721,99,793,11223,251,17,4014,9467,63,258,255,28,33,161,47252,297,124,293,80,261,253,3233,10,1145,302,3,4381,918,6,36,1184,323,17,616,64,273,65,596,230,2613,289,2057,49,194,28,102,73,199,83,9,128,5,361,33,8,46,1168,138,53,98,3241,157,754,483,113,59,264,27,5293,1125,2015,1711,1546,201,33,349,19,4958,936,1542,8355,312,1603,147,41,33,742,623,298,48,192,679,247,15,1230,75,8,8,554,553,0,2344,45,3304,4773,3560,807,4352,525,64,8752,11356,1498,4782,8386,10558,48,19,49,52,22,58,249,32,65,89,754,0.0,0.0,0.0,0.0,0.0,0.0,0.0,0.0,0.0,0.0,0.0,0.0,0.0,0.0,0.0,0.0,0.0,0.0,0.0,0.0,0.0,0.0,0.0,0.0,0.0,0.0,0.0,0.0,0.0,0.0,0.0,0.0,0.0,0.0,0.0,0.0,0.0,0.0,0.0,0.0,0.0,0.0,0.0,0.0,0.0,0.0,0.0,0.0,0.0,0.0,0.0,0.0,0.0,0.0,0.0,0.0,0.0,0.0,0.0,0.0,0.0,0.0,0.0,0.0,0.0,0.0,0.0,0.0,0.0,0.0,0.0,0.0,0.0,0.0,0.0,0.0,0.0,0.0,0.0,0.0,0.0,0.0,0.0,0.0,0.0,0.0,0.0,0.0,0.0,0.0,0.0,0.0,0.0,0.0,0.0,0.0,0.0,0.0,0.0,0.0,0.0,0.0,0.0,0.0,0.0,0.0,0.0,0.0,0.0,0.0,0.0,0.0,0.0,0.0,0.0,0.0,0.0,0.0,0.0,0.0,0.0,0.0,0.0,0.0,0.0,0.0,0.0,0.0,0.0,0.0,0.0,0.0,0.0,0.0,0.0,0.0,0.0,0.0,0.0,0.0,0.0,0.0,0.0,0.0,0.0,0.0,0.0,0.0,0.0,0.0
ENCFF000YTY,0.1770496183899492,37847,100,1505,11732,405,32882,3642,99,96,125,196,1144,1064,2026,6042,8771,878,131,2021,2473,65,169,30,30,57,348,2372,1021,6702,1213,64,157,129,640,509,142,468,15,3,2929,3015,18,178,2,26,174,1946,5579,275,219,307,505,147,102,1837,68,120,274,80,307,604,76,2778,71,119,389,10,13128,16812,1906,304,219,770,1377,40,348,220,241,313,58,324,345,1033,151,131,1061,8,287,178,38,393,58,25,488,390,4904,55551,3501,86,8829,12623,668,10593,350,206,1472,556,552,13,953,2584,2641,58,2014,9764,994,9426,313,1318,1129,3170,600,12484,435,2332,1151,248,808,159,64,8593,2835,1462,4849,2029,5247,7533,394,1539,1021,351,1217,12002,131,301,73,39,10,17,518,71,169,4646,1431,181,1620,11962,1062,130,365,397,291,917,1673,1631,1612,23,57,19,300,10,591,199,210,55,46,0,241,275,322,4578,2077,14264,798,9033,10327,4803,8755,4359,9212,52,8719,10498,3771,2943,7663,5766,1980,312,485,342,9,135,275,74,44,11,30,1475,113,10037,3983,2450,74,64926,12251,1061,8204,5566,314,246,12032,6918,17827,2120,15895,86,15070,37,106,312,52,112,288,200,1193,639,25,171,313,190,304,165,783,450,183,107,1506,968,641,997,332,89,190,227,97,125,102,157,339,1649,545,116,563,804,699,2563,4002,2003,592,1078,410,218,183,216,264,136,49,2648,203,303,1413,123,420,160,1201,349,265,148,292,112,151,244,835,822,264,255,274,775,497,203,244,257,1464,10,33,140,225,247,220,4590,55,3512,15,153,55,1756,198,2554,2663,2594,18,812,83,53,543,904,18013,237,1115,646,276,123,895,49,53,151,5048,2382,1246,354,28,103,56,6,61,233,572,814,150,1514,196,223,445,13645,218,738,41857,147,1492,258,1566,2234,962,156,884,3661,257,342,366,235,252,121,9837,332,318,337,251,367,396,7563,43,2720,891,10,8899,2144,14,64,2354,477,41,2050,268,549,80,891,337,4655,905,1363,334,386,186,310,236,441,275,15,343,19,667,78,7,45,1121,112,275,221,12322,1138,3072,2353,549,150,383,114,11127,316,5097,738,3671,652,118,828,21,11022,2043,3613,14580,557,4170,124,119,141,624,203,335,192,432,3283,293,16,116,326,10,13,1012,1019,4,527,64,7284,14124,9805,2651,11064,1067,111,20062,28731,4176,13930,19664,24780,48,61,264,249,103,218,456,122,140,271,2461,0.0,0.0,0.0,0.0,0.0,0.0,0.0,0.0,0.0,0.0,0.0,0.0,0.0,0.0,0.0,0.0,0.0,0.0,0.0,0.0,0.0,0.0,0.0,0.0,0.0,0.0,0.0,0.0,0.0,0.0,0.0,0.0,0.0,0.0,0.0,0.0,0.0,0.0,0.0,0.0,0.0,0.0,0.0,0.0,0.0,0.0,0.0,0.0,0.0,0.0,0.0,0.0,0.0,0.0,0.0,0.0,0.0,0.0,0.0,0.0,0.0,0.0,0.0,0.0,0.0,0.0,0.0,0.0,0.0,0.0,0.0,0.0,0.0,0.0,0.0,0.0,0.0,0.0,0.0,0.0,0.0,0.0,0.0,0.0,0.0,0.0,0.0,0.0,0.0,0.0,0.0,0.0,0.0,0.0,0.0,0.0,0.0,0.0,0.0,0.0,0.0,0.0,0.0,0.0,0.0,0.0,0.0,0.0,0.0,0.0,0.0,0.0,0.0,0.0,0.0,0.0,0.0,0.0,0.0,0.0,0.0,0.0,0.0,0.0,0.0,0.0,0.0,0.0,0.0,0.0,0.0,0.0,0.0,0.0,0.0,0.0,0.0,0.0,0.0,0.0,0.0,0.0,0.0,0.0,0.0,0.0,0.0,0.0,0.0,0.0
ENCFF484OQF,0.1273028812860185,16872,782,821,9069,85,9858,2818,56,66,67,287,1120,421,1021,4191,3047,531,105,1183,1323,47,165,23,12,18,445,907,637,5084,892,57,61,218,500,422,30,530,10,35,2569,2610,30,164,15,242,276,1337,3807,119,89,172,251,109,141,1804,42,63,114,82,181,522,82,2542,78,80,262,120,9527,9930,2017,289,128,386,1426,74,362,89,137,216,40,162,335,803,93,84,712,5,149,75,3,299,42,6,398,202,3143,37195,2452,17,6383,9702,550,8293,389,85,1421,508,691,5,908,2243,2294,41,1140,7927,420,4847,57,256,288,2056,78,6959,352,1442,718,273,693,86,46,7308,1581,571,5419,1114,4231,6494,146,1204,604,434,900,5629,156,133,30,18,17,4,477,80,607,2291,1121,134,1019,9199,573,92,368,336,311,697,1231,961,1904,32,48,10,199,9,323,82,468,120,19,1,136,187,314,3765,1616,9857,460,5215,6596,3181,4997,3037,5917,54,6453,7507,2412,2157,6538,4396,2122,196,152,186,25,90,187,53,26,12,18,955,55,6306,2197,1324,85,156419,8261,832,5591,4323,280,187,8141,4345,11015,484,11257,57,10527,25,108,406,224,50,286,243,822,591,21,106,163,87,162,70,805,423,209,112,972,796,434,1014,210,50,103,147,53,54,48,199,219,1223,218,52,368,655,602,1881,5150,536,665,1164,223,272,261,96,166,101,104,2389,95,155,1411,69,407,73,942,165,264,93,146,149,62,141,417,438,141,168,118,542,292,128,130,150,774,9,14,58,103,183,53,3638,33,2776,4,123,8,1518,177,2020,1632,1637,7,643,21,50,208,866,11084,194,710,623,212,46,758,36,127,179,4094,1528,1689,341,14,89,29,9,17,118,363,512,281,889,90,96,219,10564,114,378,28264,281,1332,157,1283,958,540,60,406,1611,137,334,345,62,93,57,4982,432,209,381,170,377,390,5910,16,2251,525,6,7252,1606,13,75,1926,369,12,1294,134,420,67,861,289,4473,550,262,126,312,66,211,153,343,167,5,239,3,543,49,21,53,200,129,113,151,5315,206,1340,805,147,88,303,37,8914,95,3675,432,2791,339,74,615,35,8995,1613,2849,12907,548,2861,61,52,67,204,624,409,126,308,1259,370,7,165,191,11,21,898,921,4,212,64,5674,8708,6607,1738,7973,960,85,15222,20295,2739,8871,14967,18506,58,33,128,117,36,153,399,90,103,209,1529,0.0,0.0,0.0,0.0,0.0,0.0,0.0,0.0,0.0,0.0,0.0,0.0,0.0,0.0,0.0,0.0,0.0,0.0,0.0,0.0,0.0,0.0,0.0,0.0,0.0,0.0,0.0,0.0,0.0,0.0,0.0,0.0,0.0,0.0,0.0,0.0,0.0,0.0,0.0,0.0,0.0,0.0,0.0,0.0,0.0,0.0,0.0,0.0,0.0,0.0,0.0,0.0,0.0,0.0,0.0,0.0,0.0,0.0,0.0,0.0,0.0,0.0,0.0,0.0,0.0,0.0,0.0,0.0,0.0,0.0,0.0,0.0,0.0,0.0,0.0,0.0,0.0,0.0,0.0,0.0,0.0,0.0,0.0,0.0,0.0,0.0,0.0,0.0,0.0,0.0,0.0,0.0,0.0,0.0,0.0,0.0,0.0,0.0,0.0,0.0,0.0,0.0,0.0,0.0,0.0,0.0,0.0,0.0,0.0,0.0,0.0,0.0,0.0,0.0,0.0,0.0,0.0,0.0,0.0,0.0,0.0,0.0,0.0,0.0,0.0,0.0,0.0,0.0,0.0,0.0,0.0,0.0,0.0,0.0,0.0,0.0,0.0,0.0,0.0,0.0,0.0,0.0,0.0,0.0,0.0,0.0,0.0,0.0,0.0,0.0
ENCFF000VUZ,0.07614651016961542,3704,22,230,2655,78,7003,374,37,50,17,54,216,331,677,1446,2171,248,28,338,401,18,44,5,6,4,63,157,232,2095,246,20,19,25,159,117,3,122,7,0,508,764,8,47,3,8,49,386,1727,18,58,74,88,24,30,454,14,20,20,15,62,102,40,974,13,31,54,8,3470,3262,514,85,38,100,384,9,83,58,58,80,5,80,84,247,35,37,240,0,58,44,2,80,56,3,89,95,1250,11100,672,4,1968,2569,147,2362,95,38,323,95,90,0,191,504,510,7,336,1983,240,2523,60,229,189,571,99,3231,106,439,187,60,189,30,7,2103,1041,82,1754,677,896,1813,32,341,209,89,285,3064,22,31,4,12,2,4,116,21,49,646,297,45,336,2699,292,32,82,85,74,176,293,272,369,5,7,2,60,3,140,49,153,313,7,1,42,42,71,1027,494,2788,158,2006,2312,989,2507,905,1912,22,1755,2107,642,599,1580,1238,456,72,31,42,7,35,55,19,5,2,3,295,21,3465,921,853,22,14503,2496,271,1880,1856,72,49,2802,1251,4149,455,2726,12,2858,3,21,56,41,20,48,10,242,146,1,58,79,40,67,41,138,87,22,18,303,206,139,210,95,24,57,43,32,35,14,35,82,348,95,29,133,202,146,911,2310,85,164,226,112,56,41,41,63,40,8,490,40,74,359,32,107,40,244,62,72,50,59,26,42,41,186,159,69,66,66,162,102,72,64,62,260,3,0,23,42,44,36,893,7,617,7,39,3,409,60,453,409,502,1,167,4,4,81,277,4926,58,136,154,62,9,180,14,29,40,930,389,247,87,2,7,8,1,5,49,80,185,43,289,40,35,143,3757,39,162,8195,45,352,66,350,187,174,29,69,401,64,62,68,49,33,15,739,69,73,68,30,86,76,1650,7,705,163,3,1887,570,3,11,385,35,4,435,47,110,17,199,84,1165,270,68,83,64,36,92,47,89,50,1,71,4,140,6,2,15,31,24,63,48,2336,191,723,422,120,27,50,11,2425,22,1031,125,839,80,17,193,2,1874,406,600,2757,174,1169,15,13,21,83,29,94,42,113,526,56,7,15,99,0,3,298,250,0,26,14,1685,2753,2118,493,2266,294,27,5003,6277,921,2873,4651,5385,27,28,46,70,15,61,94,17,44,42,482,0.0,0.0,0.0,0.0,0.0,0.0,0.0,0.0,0.0,0.0,0.0,0.0,0.0,0.0,0.0,0.0,0.0,0.0,0.0,0.0,0.0,0.0,0.0,0.0,0.0,0.0,0.0,0.0,0.0,0.0,0.0,0.0,0.0,0.0,0.0,0.0,0.0,0.0,0.0,0.0,0.0,0.0,0.0,0.0,0.0,0.0,0.0,0.0,0.0,0.0,0.0,0.0,0.0,0.0,0.0,0.0,0.0,0.0,0.0,0.0,0.0,0.0,0.0,0.0,0.0,0.0,0.0,0.0,0.0,0.0,0.0,0.0,0.0,0.0,0.0,0.0,0.0,0.0,0.0,0.0,0.0,0.0,0.0,0.0,0.0,0.0,0.0,0.0,0.0,0.0,0.0,0.0,0.0,0.0,0.0,0.0,0.0,0.0,0.0,0.0,0.0,0.0,0.0,0.0,0.0,0.0,0.0,0.0,0.0,0.0,0.0,0.0,0.0,0.0,0.0,0.0,0.0,0.0,0.0,0.0,0.0,0.0,0.0,0.0,0.0,0.0,0.0,0.0,0.0,0.0,0.0,0.0,0.0,0.0,0.0,0.0,0.0,0.0,0.0,0.0,0.0,0.0,0.0,0.0,0.0,0.0,0.0,0.0,0.0,0.0
ENCFF985MPR,0.1798036937558126,47138,449,6259,81575,2573,595846,15991,808,960,601,768,8005,7031,31174,49863,110400,5367,1091,15805,8868,167,1195,55,184,112,2297,245,8095,58229,6465,356,108,1069,5635,5200,75,5493,48,1,14523,18176,276,738,164,86,1606,14478,60205,45,1497,3608,3978,579,308,8365,213,605,508,225,1519,3268,2544,46533,10255,853,95,86,116274,91028,8418,3383,2026,4545,7668,451,3623,1806,2255,2408,722,3037,3292,5476,1296,1967,9938,38,2252,1997,48,1688,429,142,3433,2940,86183,295640,16158,217,43231,65139,6757,55833,3546,1923,7024,2283,2531,65,4806,11432,11780,543,8772,51376,7293,279720,898,4137,4456,13904,1947,418016,4110,10588,4049,656,3674,340,61,43628,31873,217,77054,28133,15769,42559,49,10002,18094,3452,6371,111007,968,212,477,173,64,72,3499,1012,421,17437,6228,685,9978,84961,7730,581,3541,2593,3375,5174,6855,6634,8131,90,190,66,3023,49,3935,1839,1543,26598,34,18,1316,1032,3316,20853,10422,69115,6029,62845,61953,28669,67052,30084,58268,1211,46464,59312,15716,13893,44573,31470,10362,2140,58,1376,66,1820,3092,193,69,57,75,6962,615,109769,24970,42642,556,392185,84690,7878,57350,85632,1734,783,78923,44221,149962,11062,71475,359,61042,21,537,1207,119,843,2561,500,9503,4943,66,2035,2187,1755,2832,1267,6899,4034,208,410,11939,7128,4296,4532,4187,898,2125,2186,1205,973,673,520,3303,11693,2491,1061,3184,6554,5415,30622,101060,202,6382,4883,3110,2248,1716,1739,2564,1409,85,14065,1584,3721,9496,887,3834,1593,8527,3776,3043,1970,2673,240,1324,1235,7004,5547,2346,2555,2254,4601,4107,3609,2100,3099,9846,49,80,1214,2238,847,852,23153,363,14529,52,756,93,11388,1181,12577,12453,15929,111,5624,148,114,5642,5611,265641,869,3384,5249,2118,40,6609,347,1665,2406,37952,20325,6301,2451,24,177,176,49,101,1770,3591,4242,1954,6295,1811,1509,4715,168719,549,5011,186081,1217,10988,2685,17251,710,6042,857,101,5694,2295,2848,3209,1037,972,460,1857,3727,2737,3091,1112,3272,3594,45676,63,28122,2698,60,43583,12897,60,625,10204,1688,60,16063,2087,1381,236,8739,2918,46541,6539,664,2161,3006,1649,2371,2531,1958,2302,31,1427,39,4298,250,126,155,182,2407,1545,2274,106290,4634,20527,13999,3065,1365,1186,534,45512,101,22929,3056,16334,2262,257,4524,25,61364,11817,18669,78159,5151,49221,433,890,1209,2834,1399,2740,2158,2902,16880,2681,34,307,3052,49,98,5007,5393,38,144,107,45605,71926,58658,15552,57185,7545,1188,164252,160382,26327,72602,124452,138027,1106,216,1878,1833,680,2462,1142,493,313,1295,13226,0.0,0.0,0.0,0.0,0.0,0.0,0.0,0.0,0.0,0.0,0.0,0.0,0.0,0.0,0.0,0.0,0.0,0.0,0.0,0.0,0.0,0.0,0.0,0.0,0.0,0.0,0.0,0.0,0.0,0.0,0.0,0.0,0.0,0.0,0.0,0.0,0.0,0.0,0.0,0.0,0.0,0.0,0.0,0.0,0.0,0.0,0.0,0.0,0.0,0.0,0.0,0.0,0.0,0.0,0.0,0.0,0.0,0.0,0.0,0.0,0.0,0.0,0.0,0.0,0.0,0.0,0.0,0.0,0.0,0.0,0.0,0.0,0.0,0.0,0.0,0.0,0.0,0.0,0.0,0.0,0.0,0.0,0.0,0.0,0.0,0.0,0.0,0.0,0.0,0.0,0.0,0.0,0.0,0.0,0.0,0.0,0.0,0.0,0.0,0.0,0.0,0.0,0.0,0.0,0.0,0.0,0.0,0.0,0.0,0.0,0.0,0.0,0.0,0.0,0.0,0.0,0.0,0.0,0.0,0.0,0.0,0.0,0.0,0.0,0.0,0.0,0.0,0.0,0.0,0.0,0.0,0.0,0.0,0.0,0.0,0.0,0.0,0.0,0.0,0.0,0.0,0.0,0.0,0.0,0.0,0.0,0.0,0.0,0.0,0.0
ENCFF000XUO,0.07488179885305939,3508,30,260,2417,51,5477,570,44,42,20,50,207,303,604,1233,1611,269,29,391,440,20,59,6,2,9,47,118,221,3329,305,19,14,33,134,116,3,146,3,4,670,876,7,60,3,7,56,461,1754,8,50,81,90,41,47,576,16,22,30,17,63,99,13,1038,30,53,41,8,3789,3922,714,100,46,102,620,22,104,41,71,62,19,81,101,319,44,41,236,4,69,34,0,108,16,1,162,105,1372,13080,805,11,2222,3144,165,2797,84,41,400,130,119,2,251,602,612,11,400,2953,227,2922,53,236,194,664,95,4031,114,609,216,78,311,16,19,2490,965,79,1747,627,1418,2156,18,340,227,93,261,3918,50,21,7,10,5,5,180,25,51,794,411,48,376,2533,286,38,98,123,99,219,397,346,473,9,11,4,79,4,145,65,277,1493,2,0,43,79,83,1323,546,3608,177,2313,2855,1252,3048,1053,2133,10,2188,2490,891,804,2072,1533,610,75,25,66,11,37,56,18,10,7,15,330,31,4161,1062,827,50,22415,2876,292,2327,1900,91,61,3180,1436,4497,377,3598,9,3668,4,23,87,34,17,63,18,266,171,1,56,73,46,71,33,196,111,15,18,331,237,150,272,95,26,48,57,26,29,17,38,103,393,96,31,146,196,158,888,2248,89,184,241,116,68,36,38,53,36,10,662,30,54,453,22,129,38,297,72,77,53,64,18,39,37,170,164,62,83,51,189,108,55,54,77,273,1,2,25,45,45,21,1118,7,751,3,33,9,476,69,575,559,540,3,163,11,17,121,281,5027,58,190,165,90,8,181,16,20,76,1060,522,271,129,6,23,11,1,5,54,97,201,53,276,43,42,101,3380,30,159,9466,29,448,73,394,141,195,22,50,359,59,74,68,67,32,25,554,83,57,85,26,88,102,1937,6,762,197,0,2240,637,12,24,496,87,7,476,68,113,23,196,83,1532,259,59,59,71,24,82,49,120,76,4,104,3,134,13,2,25,44,49,51,68,1739,194,788,528,124,50,74,21,2957,15,1119,161,1013,132,18,247,1,2193,412,694,3268,198,1223,23,19,25,58,45,76,51,107,628,73,3,18,86,4,2,360,306,0,21,11,1981,3097,2256,550,2711,398,19,5986,6900,1041,3060,5109,6275,21,25,64,57,26,66,123,21,38,36,537,0.0,0.0,0.0,0.0,0.0,0.0,0.0,0.0,0.0,0.0,0.0,0.0,0.0,0.0,0.0,0.0,0.0,0.0,0.0,0.0,0.0,0.0,0.0,0.0,0.0,0.0,0.0,0.0,0.0,0.0,0.0,0.0,0.0,0.0,0.0,0.0,0.0,0.0,0.0,0.0,0.0,0.0,0.0,0.0,0.0,0.0,0.0,0.0,0.0,0.0,0.0,0.0,0.0,0.0,0.0,0.0,0.0,0.0,0.0,0.0,0.0,0.0,0.0,0.0,0.0,0.0,0.0,0.0,0.0,0.0,0.0,0.0,0.0,0.0,0.0,0.0,0.0,0.0,0.0,0.0,0.0,0.0,0.0,0.0,0.0,0.0,0.0,0.0,0.0,0.0,0.0,0.0,0.0,0.0,0.0,0.0,0.0,0.0,0.0,0.0,0.0,0.0,0.0,0.0,0.0,0.0,0.0,0.0,0.0,0.0,0.0,0.0,0.0,0.0,0.0,0.0,0.0,0.0,0.0,0.0,0.0,0.0,0.0,0.0,0.0,0.0,0.0,0.0,0.0,0.0,0.0,0.0,0.0,0.0,0.0,0.0,0.0,0.0,0.0,0.0,0.0,0.0,0.0,0.0,0.0,0.0,0.0,0.0,0.0,0.0
ENCFF192IAC,0.2003893763014844,141482,105,2830,15234,394,83522,8242,321,485,446,778,2846,2508,5906,8810,21330,3078,984,4234,6122,202,1188,50,156,166,954,9465,3338,14904,6410,433,170,575,1745,1520,85,2678,58,21,8352,16524,93,780,58,34,783,6748,9306,1188,976,966,1155,720,531,9717,307,516,474,158,1900,1604,143,4561,219,380,2389,115,34515,49742,11152,1047,645,2373,7932,558,1132,540,660,806,199,889,1171,4967,388,496,3486,46,715,522,30,1749,1282,114,1363,769,5905,199587,12897,125,35818,48420,2620,42015,1175,566,7995,2029,1958,41,4003,9661,9570,189,4633,43780,1775,32418,229,1066,1154,9490,471,35178,1104,7198,3391,962,3976,705,147,45151,7673,4662,11402,5493,16627,43068,1046,4356,3001,1090,5887,17434,346,1362,95,267,79,75,3637,735,703,11161,6481,764,5011,15942,1939,683,1196,1817,1428,3441,4214,4016,8260,105,254,161,931,82,1339,507,1402,1104,51,1,650,1087,988,18487,9597,55086,2441,28965,40120,14641,19983,15078,27456,491,33411,39026,13359,12975,28622,23850,6372,959,1786,609,69,524,833,242,109,58,123,4507,211,25779,8860,6780,370,179286,38095,4691,32251,10612,1964,633,39251,15165,39801,2475,56802,119,59355,86,422,970,111,291,843,225,4063,3922,42,552,787,526,758,379,2364,1520,278,289,5952,3742,2353,3982,1220,263,664,697,370,317,229,633,1005,4537,777,333,1820,2457,1985,6204,10651,5109,2525,4289,1450,704,535,568,784,437,163,10578,533,935,7032,306,2077,431,4458,1004,972,523,818,279,419,567,2369,1846,620,753,726,3063,1757,999,680,857,3770,40,73,388,605,883,374,22332,404,13201,55,547,138,9388,1553,10199,7800,7750,78,4442,423,206,1339,6704,46604,1427,3058,2370,1490,360,2420,483,756,1633,15693,5539,3684,2333,197,223,169,23,112,568,1340,3482,637,4465,500,494,1161,26208,938,2083,157391,460,8362,851,6224,10029,2195,320,3620,11518,688,1001,1095,301,422,468,59302,1263,905,1027,331,1100,1295,32719,261,13324,2514,37,35928,12820,18,451,6368,1223,127,7744,668,1973,330,3778,1135,8704,1443,1864,743,1052,453,1221,808,1911,718,58,1309,80,2102,139,48,405,1300,622,395,616,16194,1056,5293,3556,751,620,1019,400,52051,425,20382,2519,16810,2363,319,3968,40,33642,6401,10829,48333,1213,8746,203,404,370,1190,440,978,624,1235,6119,974,14,1613,936,46,103,5792,6538,12,1324,253,35617,40107,29938,6899,44125,5270,562,64315,103381,12279,40739,76770,96209,256,170,611,614,208,787,1781,500,591,808,7428,0.0,0.0,0.0,0.0,0.0,0.0,0.0,0.0,0.0,0.0,0.0,0.0,0.0,0.0,0.0,0.0,0.0,0.0,0.0,0.0,0.0,0.0,0.0,0.0,0.0,0.0,0.0,0.0,0.0,0.0,0.0,0.0,0.0,0.0,0.0,0.0,0.0,0.0,0.0,0.0,0.0,0.0,0.0,0.0,0.0,0.0,0.0,0.0,0.0,0.0,0.0,0.0,0.0,0.0,0.0,0.0,0.0,0.0,0.0,0.0,0.0,0.0,0.0,0.0,0.0,0.0,0.0,0.0,0.0,0.0,0.0,0.0,0.0,0.0,0.0,0.0,0.0,0.0,0.0,0.0,0.0,0.0,0.0,0.0,0.0,0.0,0.0,0.0,0.0,0.0,0.0,0.0,0.0,0.0,0.0,0.0,0.0,0.0,0.0,0.0,0.0,0.0,0.0,0.0,0.0,0.0,0.0,0.0,0.0,0.0,0.0,0.0,0.0,0.0,0.0,0.0,0.0,0.0,0.0,0.0,0.0,0.0,0.0,0.0,0.0,0.0,0.0,0.0,0.0,0.0,0.0,0.0,0.0,0.0,0.0,0.0,0.0,0.0,0.0,0.0,0.0,0.0,0.0,0.0,0.0,0.0,0.0,0.0,0.0,0.0
ENCFF331JLM,0.17817377699481354,59480,818,2072,15376,167,26429,4819,180,245,224,1101,2791,1280,2926,5985,7073,1788,383,3697,3965,247,576,79,52,85,552,3624,1691,9492,2982,263,205,404,908,815,121,1331,18,156,6698,9068,82,593,11,328,467,3576,9752,441,352,318,568,455,590,6701,152,321,267,170,623,1738,232,3986,135,575,935,449,25413,31204,7333,519,340,1282,6166,293,563,206,350,434,92,452,569,2943,210,181,1681,15,345,232,13,1289,194,37,984,529,7542,124353,8732,64,23187,31727,1443,27269,627,260,4611,1459,1490,22,2644,6655,6820,236,3079,26117,995,11365,126,523,678,6218,216,11891,561,4503,2387,807,2505,363,94,28705,4235,2244,9338,2960,14517,23161,536,3026,1899,631,3098,16907,623,730,35,101,26,33,1921,302,1364,7056,4103,512,3381,14494,1181,364,583,1349,1106,2048,3289,2771,6519,30,158,38,401,19,800,237,1809,3566,39,0,481,576,515,12719,5748,33752,1360,16801,21697,8656,13140,8179,15374,215,20602,23381,8492,7261,19278,15021,5463,520,671,592,52,233,372,175,51,57,131,3048,130,15892,5806,3157,378,254846,23764,2743,19425,8079,1100,598,26082,11993,28121,1099,37569,111,38752,83,293,1296,781,110,488,161,2062,1823,51,264,422,247,412,193,1316,748,494,185,2927,1992,1305,2802,489,112,271,280,159,173,126,551,444,3132,546,172,1085,1283,1067,4842,9304,1838,1272,2970,716,420,287,273,421,212,251,7552,242,388,4168,150,976,180,2784,386,441,220,396,475,180,344,1075,1083,351,408,315,1944,843,356,320,388,1795,17,19,206,281,440,130,12138,111,8373,17,437,115,5156,835,6407,4953,4882,10,1965,59,150,1363,3203,28495,670,1902,1465,861,167,1382,269,279,799,9499,4804,4671,1272,60,173,88,1,25,289,1043,1917,318,2518,205,185,663,18347,289,1038,95968,462,4439,430,2834,4093,1453,151,1578,5821,377,543,584,150,176,185,18088,671,480,568,247,553,661,19212,49,6853,1890,34,22505,5828,29,268,4026,977,48,3906,347,1829,272,1844,517,10735,1256,1097,333,542,203,574,372,1218,444,30,876,17,1301,232,29,143,683,653,268,481,9781,470,3761,1876,375,308,703,169,32388,269,12168,1429,10673,1185,245,2211,134,23803,4498,7455,35792,945,6520,134,307,165,604,692,540,254,855,5023,537,17,601,428,30,28,3677,3744,9,738,178,20945,25996,18178,4681,27368,3136,676,42054,63974,7358,26482,46232,60714,171,155,306,295,107,368,1375,238,367,522,4342,0.0,0.0,0.0,0.0,0.0,0.0,0.0,0.0,0.0,0.0,0.0,0.0,0.0,0.0,0.0,0.0,0.0,0.0,0.0,0.0,0.0,0.0,0.0,0.0,0.0,0.0,0.0,0.0,0.0,0.0,0.0,0.0,0.0,0.0,0.0,0.0,0.0,0.0,0.0,0.0,0.0,0.0,0.0,0.0,0.0,0.0,0.0,0.0,0.0,0.0,0.0,0.0,0.0,0.0,0.0,0.0,0.0,0.0,0.0,0.0,0.0,0.0,0.0,0.0,0.0,0.0,0.0,0.0,0.0,0.0,0.0,0.0,0.0,0.0,0.0,0.0,0.0,0.0,0.0,0.0,0.0,0.0,0.0,0.0,0.0,0.0,0.0,0.0,0.0,0.0,0.0,0.0,0.0,0.0,0.0,0.0,0.0,0.0,0.0,0.0,0.0,0.0,0.0,0.0,0.0,0.0,0.0,0.0,0.0,0.0,0.0,0.0,0.0,0.0,0.0,0.0,0.0,0.0,0.0,0.0,0.0,0.0,0.0,0.0,0.0,0.0,0.0,0.0,0.0,0.0,0.0,0.0,0.0,0.0,0.0,0.0,0.0,0.0,0.0,0.0,0.0,0.0,0.0,0.0,0.0,0.0,0.0,0.0,0.0,0.0
ENCFF143YSO,0.18551923397212164,39182,137,4959,29972,2262,215849,6031,365,511,270,512,4322,5953,9066,19309,54783,4041,413,5857,7641,140,543,107,42,25,805,336,4266,31097,3170,302,194,503,2209,1918,62,2202,29,9,8634,10566,56,681,120,23,570,6590,32847,53,603,1297,1831,414,286,5069,135,245,437,71,647,1713,659,14231,397,469,123,10,59179,53262,5328,1285,954,1145,3987,114,1399,571,1011,1159,280,1189,1392,3629,470,690,4939,15,1136,551,23,1125,184,19,1392,1866,31765,199625,12370,153,31106,42632,3019,36747,1286,824,4702,1472,1622,21,2446,6805,6793,55,5137,26630,5181,43516,1715,7863,6703,11919,3740,54050,2037,6480,3450,825,2395,376,109,26979,13669,298,25879,9149,9447,23604,133,6391,2491,1357,3617,52293,508,238,147,100,46,20,2004,266,373,13262,4618,690,5705,35727,4369,367,1378,909,783,3156,5286,4381,4307,75,103,12,1247,25,2541,790,1186,277,23,38,669,773,1265,15424,6979,46162,2728,37117,39810,18306,33812,15320,34874,248,31487,38672,10904,9954,24781,19424,6253,1202,68,911,57,680,1113,150,95,23,34,4284,327,38039,15422,12388,215,183841,41829,4047,29896,25667,849,678,52031,23356,71673,10692,42946,262,41117,29,343,734,24,334,1184,200,4347,1790,30,810,1172,795,1209,474,2892,1695,220,239,5149,3027,1922,2354,1377,513,651,984,447,452,304,486,1394,7402,1587,466,2089,2655,2706,15779,49425,382,2370,2777,1596,1066,848,845,1219,735,106,6893,532,950,4772,429,1821,426,4818,1392,1231,788,1142,229,525,813,3014,3351,1027,1200,826,2340,1910,754,994,1142,5582,45,43,473,784,371,317,13308,166,9799,21,613,80,5839,598,6915,7474,7424,15,2731,147,208,2185,3164,86667,524,2033,2363,1066,61,4176,124,250,426,17588,6296,3167,998,28,163,133,14,35,851,1487,2307,718,4605,648,505,2896,45024,415,2903,141206,599,5038,1215,6039,538,3354,335,199,4070,1028,1195,1242,443,543,260,2084,1408,1168,1343,534,1389,1511,26453,95,10441,2812,11,24920,7107,30,176,6929,516,46,7018,1058,950,257,3630,1413,20687,4583,780,978,1362,513,1296,1072,1024,467,9,1149,9,1883,113,97,120,442,235,1376,931,36909,6670,14023,11895,3117,722,975,153,33315,137,16370,2101,11998,1187,528,3168,16,33709,6564,11032,48293,7150,24406,325,188,380,1035,449,1345,969,1694,7114,1223,35,182,1257,2,17,3729,3419,29,193,183,25926,54389,37059,10641,40506,4474,499,84099,111224,16869,55237,76394,91183,224,252,896,910,252,1124,1051,283,408,735,7583,0.0,0.0,0.0,0.0,0.0,0.0,0.0,0.0,0.0,0.0,0.0,0.0,0.0,0.0,0.0,0.0,0.0,0.0,0.0,0.0,0.0,0.0,0.0,0.0,0.0,0.0,0.0,0.0,0.0,0.0,0.0,0.0,0.0,0.0,0.0,0.0,0.0,0.0,0.0,0.0,0.0,0.0,0.0,0.0,0.0,0.0,0.0,0.0,0.0,0.0,0.0,0.0,0.0,0.0,0.0,0.0,0.0,0.0,0.0,0.0,0.0,0.0,0.0,0.0,0.0,0.0,0.0,0.0,0.0,0.0,0.0,0.0,0.0,0.0,0.0,0.0,0.0,0.0,0.0,0.0,0.0,0.0,0.0,0.0,0.0,0.0,0.0,0.0,0.0,0.0,0.0,0.0,0.0,0.0,0.0,0.0,0.0,0.0,0.0,0.0,0.0,0.0,0.0,0.0,0.0,0.0,0.0,0.0,0.0,0.0,0.0,0.0,0.0,0.0,0.0,0.0,0.0,0.0,0.0,0.0,0.0,0.0,0.0,0.0,0.0,0.0,0.0,0.0,0.0,0.0,0.0,0.0,0.0,0.0,0.0,0.0,0.0,0.0,0.0,0.0,0.0,0.0,0.0,0.0,0.0,0.0,0.0,0.0,0.0,0.0
ENCFF000WBP,0.15808786382950915,42002,191,3348,28873,635,77667,4910,273,409,252,547,3088,3362,7790,17454,24239,2882,459,5068,5076,131,620,63,53,58,747,1582,2955,22519,3509,229,176,419,1629,1521,45,1763,24,24,6408,9253,69,534,56,75,547,5129,17262,203,528,942,1275,399,275,6315,164,312,359,154,724,1379,501,11246,206,368,444,104,41751,42076,6190,1023,696,1238,4666,264,1102,525,714,814,196,934,1069,3142,445,555,3337,25,785,502,13,1105,918,76,1074,1195,16020,145006,8763,99,23957,34220,2306,29472,1071,615,4246,1355,1397,31,2500,6359,6373,83,3834,28797,2461,29866,460,1860,1914,7311,820,39903,1219,5060,2479,590,2264,393,110,26605,10728,1093,21508,7358,9943,23619,294,4071,3175,1033,3167,32895,264,361,83,116,46,43,1840,366,539,8961,4080,526,3936,30878,3130,390,1079,1266,1056,2640,3505,3100,4588,70,115,74,895,27,1625,583,840,750,38,15,563,619,927,12308,5881,36518,2060,24564,28295,12275,26486,11722,24210,254,23791,28091,9089,7980,20076,15708,5252,776,332,827,63,473,823,183,50,24,43,3285,287,41066,10389,9013,266,176331,33644,3196,23985,20648,982,503,35023,16059,51116,3603,36325,149,36560,76,257,706,224,291,850,193,3388,1943,27,659,837,552,833,404,2135,1342,276,198,4175,2609,1759,2393,1117,302,629,686,346,337,274,441,1046,4642,1154,374,1566,2065,1971,9101,27099,1056,2173,2430,1291,761,551,570,859,469,196,6490,431,813,4572,333,1331,348,3455,1021,848,553,861,360,492,476,2201,2157,763,789,683,2190,1345,778,720,925,3658,33,31,364,587,411,368,12511,149,8174,24,437,47,5802,626,6104,5313,6516,39,2364,122,144,1164,3741,59363,588,1754,1881,975,89,2388,221,454,593,13095,6056,3292,1188,54,164,113,19,79,640,1204,2170,467,3630,511,470,1561,38715,440,2015,105605,454,4979,909,4984,1777,2315,269,719,4485,755,935,1001,328,390,210,8812,1049,831,926,410,1052,1187,21096,91,9113,1941,32,22542,8475,16,265,5022,630,58,5852,757,1268,247,2711,1015,14382,3047,635,785,967,403,1002,756,1170,755,33,1017,40,1560,95,42,179,448,439,553,675,26756,1717,8289,4738,1105,477,710,241,30755,162,13124,1548,10579,1323,324,2435,30,25019,4729,8799,37045,1933,13457,228,232,334,870,425,996,692,1397,7130,907,36,266,909,30,50,3314,3450,5,275,171,21857,37094,27908,6707,30820,3773,480,58384,81259,12035,38248,59609,71018,233,156,725,663,203,779,1119,331,388,595,5855,0.0,0.0,0.0,0.0,0.0,0.0,0.0,0.0,0.0,0.0,0.0,0.0,0.0,0.0,0.0,0.0,0.0,0.0,0.0,0.0,0.0,0.0,0.0,0.0,0.0,0.0,0.0,0.0,0.0,0.0,0.0,0.0,0.0,0.0,0.0,0.0,0.0,0.0,0.0,0.0,0.0,0.0,0.0,0.0,0.0,0.0,0.0,0.0,0.0,0.0,0.0,0.0,0.0,0.0,0.0,0.0,0.0,0.0,0.0,0.0,0.0,0.0,0.0,0.0,0.0,0.0,0.0,0.0,0.0,0.0,0.0,0.0,0.0,0.0,0.0,0.0,0.0,0.0,0.0,0.0,0.0,0.0,0.0,0.0,0.0,0.0,0.0,0.0,0.0,0.0,0.0,0.0,0.0,0.0,0.0,0.0,0.0,0.0,0.0,0.0,0.0,0.0,0.0,0.0,0.0,0.0,0.0,0.0,0.0,0.0,0.0,0.0,0.0,0.0,0.0,0.0,0.0,0.0,0.0,0.0,0.0,0.0,0.0,0.0,0.0,0.0,0.0,0.0,0.0,0.0,0.0,0.0,0.0,0.0,0.0,0.0,0.0,0.0,0.0,0.0,0.0,0.0,0.0,0.0,0.0,0.0,0.0,0.0,0.0,0.0
ENCFF160MKL,0.16857363432571462,190116,147,3203,22988,445,68944,8667,287,438,369,709,3716,2102,5784,11870,14169,3023,843,4795,6579,219,933,52,65,49,979,15444,3766,36389,5066,381,262,583,2210,2064,132,3071,26,23,11385,14997,94,883,25,34,902,7286,15728,1734,609,1358,1610,682,355,9465,210,443,398,147,1073,1762,164,8872,677,341,4480,119,43756,60321,12044,1328,774,2756,9425,549,1644,619,859,982,241,1185,1558,4606,532,603,4294,7,955,627,12,1430,145,29,1591,1114,11261,200757,12037,123,33591,48367,3044,42140,1562,673,7120,2090,2164,17,3895,9790,9765,119,5427,52668,1810,38177,254,1196,1362,9907,584,50196,1524,8178,3527,874,3436,510,161,40430,7832,15943,16717,5828,19195,40126,1172,5165,3317,1599,5915,36723,447,2069,92,122,29,66,3258,499,713,12641,5746,855,5042,24432,2588,563,1499,1121,1042,3402,5474,5227,7261,79,189,53,1184,80,1778,661,1424,318,149,13,801,998,1347,21280,9520,58714,2678,31313,39120,17483,36236,16697,33450,396,35970,42820,15598,12240,31828,24159,6366,1079,2641,719,85,699,1127,227,73,43,166,5309,215,48123,12075,7251,561,186419,41114,5467,31913,16969,1535,671,42732,19403,50950,2475,56221,154,56588,49,444,942,115,316,1166,475,4767,3513,40,715,976,617,1045,429,3112,1948,466,294,6499,4257,2489,4648,1502,401,769,843,424,371,289,683,1377,5603,1127,406,1889,3123,2624,8189,14611,10070,3139,4586,1608,1091,832,676,1050,544,263,10057,555,1112,6905,395,2083,460,5297,1370,1134,677,1129,323,568,791,2903,2529,919,1088,875,3117,1877,1077,848,1195,4723,27,48,456,743,884,347,20538,126,12490,29,492,150,8807,1166,9862,8162,8670,24,3785,116,225,1605,5482,54665,1621,3479,2939,1383,708,3319,321,246,1263,17403,6563,4362,2057,42,261,80,13,42,713,1135,2908,929,4346,556,536,1011,32414,1191,2289,153373,525,8073,1136,7262,16430,2775,349,7222,15029,857,1312,1321,370,463,436,84613,1686,1131,1417,520,1518,1658,30873,80,14273,2327,12,35543,9654,108,464,7862,1129,60,8421,889,2191,284,4223,1336,16973,2495,2701,806,1390,552,1465,1019,1993,905,35,1264,70,2279,295,41,224,1905,283,358,655,15831,906,7111,4096,795,702,890,164,46752,643,17999,2989,15188,2179,278,3777,32,33913,6679,11781,52218,1802,14595,239,228,382,1815,505,1394,787,1472,6685,1249,19,1655,1214,36,34,5347,5535,17,2314,251,32895,43937,34137,7803,42727,5005,541,72834,104441,14470,43175,78822,96919,265,190,800,720,280,931,1579,456,472,844,8565,0.0,0.0,0.0,0.0,0.0,0.0,0.0,0.0,0.0,0.0,0.0,0.0,0.0,0.0,0.0,0.0,0.0,0.0,0.0,0.0,0.0,0.0,0.0,0.0,0.0,0.0,0.0,0.0,0.0,0.0,0.0,0.0,0.0,0.0,0.0,0.0,0.0,0.0,0.0,0.0,0.0,0.0,0.0,0.0,0.0,0.0,0.0,0.0,0.0,0.0,0.0,0.0,0.0,0.0,0.0,0.0,0.0,0.0,0.0,0.0,0.0,0.0,0.0,0.0,0.0,0.0,0.0,0.0,0.0,0.0,0.0,0.0,0.0,0.0,0.0,0.0,0.0,0.0,0.0,0.0,0.0,0.0,0.0,0.0,0.0,0.0,0.0,0.0,0.0,0.0,0.0,0.0,0.0,0.0,0.0,0.0,0.0,0.0,0.0,0.0,0.0,0.0,0.0,0.0,0.0,0.0,0.0,0.0,0.0,0.0,0.0,0.0,0.0,0.0,0.0,0.0,0.0,0.0,0.0,0.0,0.0,0.0,0.0,0.0,0.0,0.0,0.0,0.0,0.0,0.0,0.0,0.0,0.0,0.0,0.0,0.0,0.0,0.0,0.0,0.0,0.0,0.0,0.0,0.0,0.0,0.0,0.0,0.0,0.0,0.0
ENCFF679WCJ,0.06906431863332367,35625,774,2489,15232,468,43415,2967,143,242,128,305,1596,1913,4570,9807,11924,1681,209,3265,2748,84,346,35,26,33,456,2046,1586,10093,1719,155,165,310,929,823,81,898,15,25,4026,4915,41,384,41,213,285,2723,12635,277,221,533,656,202,167,3226,113,169,199,110,353,765,474,7793,453,271,526,56,27357,33666,3336,499,321,879,2509,148,541,228,369,395,128,463,514,1758,215,256,1725,6,421,243,9,591,109,19,998,818,13931,85487,5297,48,14325,20248,1227,18109,1020,307,2535,814,850,12,1476,3679,3573,87,2234,16224,1394,24605,354,1436,1285,4303,607,32558,714,3000,1328,416,1227,142,50,14140,6341,1281,13367,4508,5852,13046,412,2306,1873,555,1964,21187,240,350,46,50,28,12,1041,145,399,4834,2251,328,2532,16544,1915,184,542,749,888,1400,2209,1921,3162,49,45,30,482,11,836,260,1401,714,72,9,375,330,473,7802,3230,23023,1115,14272,16312,7474,14542,6829,13623,130,14275,16951,7505,4481,11863,9041,3683,508,412,330,90,229,405,72,34,48,18,2048,185,20289,6147,5007,145,161463,19916,2133,14678,14641,565,589,21167,10751,32745,2586,23323,131,21215,20,149,417,102,132,435,136,1841,1027,34,302,426,285,446,176,1150,653,245,109,2245,1424,952,1420,593,165,316,317,148,147,142,292,512,2986,611,183,1111,1152,1059,7605,24670,1334,1049,1892,650,375,310,245,450,238,116,4162,200,373,2431,148,721,171,2090,489,491,255,428,180,219,342,1128,1160,366,459,321,1155,735,371,361,441,1955,10,18,167,273,248,142,6997,51,4652,7,270,38,2864,357,3518,3276,3371,17,1292,41,93,998,2040,37536,384,1258,1082,485,140,1381,108,234,389,8127,3572,1495,639,14,108,53,7,27,297,657,1304,281,1911,235,207,866,22218,247,1096,62013,364,3032,496,2546,2271,1331,147,909,3865,357,436,461,174,184,128,10206,553,425,486,294,526,567,12400,44,4959,1029,20,13051,3600,13,103,3131,398,8,3029,355,681,126,1581,520,8881,1780,494,381,525,203,491,353,629,455,14,511,11,890,131,36,87,391,467,433,500,21216,1304,4906,3319,786,302,507,81,17354,214,7406,1114,6012,618,132,1388,12,16259,3471,5391,24570,1970,8653,173,167,161,529,596,498,311,777,3912,439,22,265,492,7,23,1936,1825,16,429,89,11728,21817,15473,4060,17572,2209,285,38098,47068,7252,21174,35259,40712,122,95,356,294,99,411,602,134,205,291,3231,0.0,0.0,0.0,0.0,0.0,0.0,0.0,0.0,0.0,0.0,0.0,0.0,0.0,0.0,0.0,0.0,0.0,0.0,0.0,0.0,0.0,0.0,0.0,0.0,0.0,0.0,0.0,0.0,0.0,0.0,0.0,0.0,0.0,0.0,0.0,0.0,0.0,0.0,0.0,0.0,0.0,0.0,0.0,0.0,0.0,0.0,0.0,0.0,0.0,0.0,0.0,0.0,0.0,0.0,0.0,0.0,0.0,0.0,0.0,0.0,0.0,0.0,0.0,0.0,0.0,0.0,0.0,0.0,0.0,0.0,0.0,0.0,0.0,0.0,0.0,0.0,0.0,0.0,0.0,0.0,0.0,0.0,0.0,0.0,0.0,0.0,0.0,0.0,0.0,0.0,0.0,0.0,0.0,0.0,0.0,0.0,0.0,0.0,0.0,0.0,0.0,0.0,0.0,0.0,0.0,0.0,0.0,0.0,0.0,0.0,0.0,0.0,0.0,0.0,0.0,0.0,0.0,0.0,0.0,0.0,0.0,0.0,0.0,0.0,0.0,0.0,0.0,0.0,0.0,0.0,0.0,0.0,0.0,0.0,0.0,0.0,0.0,0.0,0.0,0.0,0.0,0.0,0.0,0.0,0.0,0.0,0.0,0.0,0.0,0.0
ENCFF000YRK,0.0679080674711213,4005,19,241,2711,57,6835,474,35,16,20,38,200,211,404,1472,1779,235,36,288,428,12,47,5,3,5,57,172,223,1583,265,21,10,28,121,96,3,124,1,6,462,764,3,42,6,4,51,373,1501,23,52,70,83,34,22,459,9,30,40,8,40,110,13,606,26,19,60,2,2891,3455,494,74,52,102,438,18,87,39,50,62,15,73,73,243,48,34,228,0,62,25,0,70,9,1,81,95,1054,11879,764,8,2019,2809,152,2395,135,44,348,107,90,1,187,539,562,5,385,2192,186,1936,51,209,181,596,84,2499,96,525,204,46,220,28,12,2036,602,113,958,435,980,1908,32,280,165,90,236,2817,25,35,5,13,4,4,142,15,49,785,336,46,308,2904,275,27,64,52,54,201,327,327,413,3,7,3,63,3,120,39,152,219,7,0,40,56,70,1083,504,3165,139,1795,2308,994,2201,935,2032,13,1821,2209,794,648,1660,1262,422,48,39,58,3,27,54,8,5,0,5,343,17,2370,908,484,8,12953,2617,224,2034,1143,75,57,2612,1239,3687,375,3300,10,3434,5,19,56,12,17,75,21,234,146,1,50,73,38,74,32,170,97,29,14,333,230,141,206,98,24,34,53,18,21,24,38,78,345,80,28,142,170,140,777,1392,108,179,241,91,49,41,37,62,41,7,492,31,66,349,24,92,31,289,72,70,53,75,22,30,29,188,150,70,65,55,187,94,46,61,61,252,1,5,18,44,32,27,1063,8,661,2,28,6,418,55,510,518,554,0,159,7,13,92,266,4240,47,135,163,74,9,161,11,7,39,990,421,220,108,4,24,8,0,3,48,104,207,38,279,41,33,97,3855,25,128,8655,38,396,60,324,193,172,25,70,384,58,66,65,34,35,15,766,77,54,75,27,86,89,1675,0,745,181,0,2131,505,2,23,483,51,0,445,69,103,16,221,79,1107,233,55,58,71,33,100,60,121,50,1,66,5,143,5,3,11,29,16,46,42,2842,175,705,414,96,43,64,18,2553,29,1056,155,862,99,20,223,4,1985,390,696,2857,174,893,20,17,26,68,36,69,40,124,509,63,4,19,94,1,1,303,300,1,32,15,1551,2644,2034,471,2278,319,24,4732,5921,914,2572,4510,5346,17,18,54,60,20,66,109,35,23,53,566,0.0,0.0,0.0,0.0,0.0,0.0,0.0,0.0,0.0,0.0,0.0,0.0,0.0,0.0,0.0,0.0,0.0,0.0,0.0,0.0,0.0,0.0,0.0,0.0,0.0,0.0,0.0,0.0,0.0,0.0,0.0,0.0,0.0,0.0,0.0,0.0,0.0,0.0,0.0,0.0,0.0,0.0,0.0,0.0,0.0,0.0,0.0,0.0,0.0,0.0,0.0,0.0,0.0,0.0,0.0,0.0,0.0,0.0,0.0,0.0,0.0,0.0,0.0,0.0,0.0,0.0,0.0,0.0,0.0,0.0,0.0,0.0,0.0,0.0,0.0,0.0,0.0,0.0,0.0,0.0,0.0,0.0,0.0,0.0,0.0,0.0,0.0,0.0,0.0,0.0,0.0,0.0,0.0,0.0,0.0,0.0,0.0,0.0,0.0,0.0,0.0,0.0,0.0,0.0,0.0,0.0,0.0,0.0,0.0,0.0,0.0,0.0,0.0,0.0,0.0,0.0,0.0,0.0,0.0,0.0,0.0,0.0,0.0,0.0,0.0,0.0,0.0,0.0,0.0,0.0,0.0,0.0,0.0,0.0,0.0,0.0,0.0,0.0,0.0,0.0,0.0,0.0,0.0,0.0,0.0,0.0,0.0,0.0,0.0,0.0
ENCFF281EIK,0.14681175832975363,106306,156,2871,22926,406,97744,17222,339,398,474,1315,3348,1835,4612,12260,16548,3009,979,5628,8395,261,1062,75,118,104,1441,5175,3569,19912,6209,428,147,578,2062,1900,46,2873,42,38,13345,17807,69,780,31,48,997,7391,11260,540,1076,1046,1291,711,715,13435,216,516,796,253,1785,1742,110,5111,378,432,1405,114,37623,57991,12581,1166,701,2202,12131,531,1522,595,719,857,226,1010,1460,5744,485,539,3864,26,838,616,24,1828,212,237,1471,873,7969,215320,14592,195,38766,52663,2765,45505,1569,648,8006,2303,2450,43,4507,11978,12942,232,7005,57049,1533,30891,201,976,1195,10282,465,34970,1377,10919,4373,947,4332,570,462,46105,6009,3398,10704,4895,34088,43759,374,5120,3665,1451,5539,25390,667,773,98,145,32,52,3493,533,934,16259,6600,769,5511,23287,2250,639,1444,1909,1436,3855,10141,10723,13603,83,251,71,949,73,1526,563,1630,3148,44,6,612,1087,1297,21510,9852,64078,2762,29886,41352,17495,25168,18313,31740,407,35912,42581,18448,13158,37142,26049,7047,1019,997,952,60,579,929,246,96,48,248,6471,220,31755,11341,5104,543,257199,45978,4563,33895,11589,1807,1121,42559,20105,47332,2863,70050,200,74114,87,534,1698,142,299,1079,588,4854,4122,67,622,923,604,861,443,3039,1842,1514,345,6370,4431,2742,5385,1292,304,739,716,374,365,252,1023,1101,5478,1020,383,1961,2942,2247,6737,12474,3102,2955,6966,1548,858,704,546,874,458,282,11504,517,1097,7233,323,2169,457,5049,1106,1074,531,927,681,473,606,2586,2103,753,892,779,3407,1821,1007,747,946,4179,26,60,432,692,1160,658,27520,396,17066,42,554,585,9547,1375,14330,11416,10731,31,3931,330,225,2331,6693,53472,1229,3542,2760,1494,187,2871,339,384,1653,19185,7893,4530,2334,187,257,112,20,63,635,1961,3508,915,4724,602,602,1141,30133,601,2202,167346,459,8304,909,6413,5795,2574,354,1834,7635,754,1199,1337,350,484,489,29827,1555,992,1311,640,1414,1521,34005,150,14165,2733,50,47661,10921,75,482,10183,1707,146,8266,769,4019,350,4181,1207,12420,2043,1274,787,1310,533,1231,937,2688,888,56,1562,85,3127,225,77,326,918,591,336,606,21309,977,6547,3828,754,686,1434,406,57238,291,20796,2170,18156,2443,346,4349,33,40205,7514,13871,59016,1732,10381,214,497,398,1175,540,1225,761,1809,7916,1078,37,666,1079,62,53,5926,6539,13,778,308,36680,43654,34133,7655,45807,5369,435,71809,107020,14040,43545,82919,103723,211,209,689,704,280,832,1934,487,641,961,10070,0.0,0.0,0.0,0.0,0.0,0.0,0.0,0.0,0.0,0.0,0.0,0.0,0.0,0.0,0.0,0.0,0.0,0.0,0.0,0.0,0.0,0.0,0.0,0.0,0.0,0.0,0.0,0.0,0.0,0.0,0.0,0.0,0.0,0.0,0.0,0.0,0.0,0.0,0.0,0.0,0.0,0.0,0.0,0.0,0.0,0.0,0.0,0.0,0.0,0.0,0.0,0.0,0.0,0.0,0.0,0.0,0.0,0.0,0.0,0.0,0.0,0.0,0.0,0.0,0.0,0.0,0.0,0.0,0.0,0.0,0.0,0.0,0.0,0.0,0.0,0.0,0.0,0.0,0.0,0.0,0.0,0.0,0.0,0.0,0.0,0.0,0.0,0.0,0.0,0.0,0.0,0.0,0.0,0.0,0.0,0.0,0.0,0.0,0.0,0.0,0.0,0.0,0.0,0.0,0.0,0.0,0.0,0.0,0.0,0.0,0.0,0.0,0.0,0.0,0.0,0.0,0.0,0.0,0.0,0.0,0.0,0.0,0.0,0.0,0.0,0.0,0.0,0.0,0.0,0.0,0.0,0.0,0.0,0.0,0.0,0.0,0.0,0.0,0.0,0.0,0.0,0.0,0.0,0.0,0.0,0.0,0.0,0.0,0.0,0.0
ENCFF007TOP,0.24687970895514635,15872498,4970,59502,132504,1765,313861,25632,869,838,1003,3716,12163,6014,15498,91664,62347,7516,1053,20579,18739,391,1821,255,120,241,2233,1313395,8764,123936,10460,656,62046,1651,4684,4365,25554,5202,84,584,27249,29460,147,3221,97,1314,1819,15892,132251,170185,1517,2865,3352,1085,821,20486,369,913,882,227,1736,5911,1332,52636,1525,1373,388164,1066,183585,125299,20146,2977,1629,285607,23874,728,3176,1463,1850,2113,538,2263,3198,9693,1200,1323,9876,31,2085,1224,33,2789,5663,90,5156,3879,107056,529747,31034,320,82294,113422,6886,99086,3320,1596,15624,5914,7638,69,11873,26683,25403,508,15989,106646,6364,69042,1061,4742,6009,24497,2101,143288,4362,16963,11166,2221,6731,1117,429,95554,22210,785922,105840,18298,29220,75154,236347,14326,12518,3238,121010,172413,2169,202939,406,268,84,69,5930,807,4460,33263,12971,1924,13840,142526,11432,994,3214,5059,4737,8780,15721,11895,25420,135,318,64,2516,73,4773,1587,4086,3152,20038,302,82064,2187,2762,47072,18492,471814,6207,77126,101873,45217,118260,41261,78971,536,79826,97332,33121,26185,77479,53581,21840,2404,291052,3436,353,1175,2178,401,101,59,239,12865,451,118400,34281,17350,735,1130102,113314,169493,81146,76033,3200,2578,134216,67663,205351,9064,132172,681,116632,79,967,3839,2295,793,2503,557,11358,8573,214,1721,2214,1602,2187,1234,6878,4007,4591,848,12415,9582,5460,11724,2893,732,1775,1615,844,847,761,2825,2844,20112,3196,984,5099,8393,6598,47572,342587,831382,6545,13238,3477,2346,1781,1437,2345,1277,2672,22542,1227,2109,18652,1005,3983,1047,12962,2653,2511,1295,2286,6281,1258,23458,6303,6318,1932,2280,1749,8682,4072,1882,1866,2196,11713,189,137,958,1466,1796,1793,46473,550,35569,105,1385,609,17122,2676,25948,30394,26529,56,6743,156,526,7403,14241,309197,85421,95274,8440,3013,83737,7995,633,1061,1943,39451,24002,17700,3131,112,722,253,34,99,1575,5501,6735,1946,11214,1311,1224,7887,177311,69845,5742,332331,2150,14586,2350,14359,1404658,7223,869,603767,1527376,2037,2706,2915,1065,1203,21273,7108305,3195,2360,2818,1681,3352,3423,70012,124,27803,6006,65,85978,35235,65,667,22345,1942,99,16967,1992,4709,752,9481,3225,92638,13366,249674,2382,2927,1198,2867,1913,3491,1330,41,2641,28,5627,263,80,392,136528,2285,1204,2296,99341,4130,29247,15591,2881,1608,2392,481,126978,127303,41608,197758,32747,3810,1000,8497,364,95767,19464,40082,179932,37885,87761,19996,966,927,102815,3705,3107,1828,4545,15279,2523,89,140981,2580,40,82,10554,10162,84,290725,400,65542,132504,97544,22495,94526,11038,1842,220982,267432,40235,129732,205468,223615,558,393,1668,1676,570,1913,6144,1003,1187,2120,18392,0.0,0.0,0.0,0.0,0.0,0.0,0.0,0.0,0.0,0.0,0.0,0.0,0.0,0.0,0.0,0.0,0.0,0.0,0.0,0.0,0.0,0.0,0.0,0.0,0.0,0.0,0.0,0.0,0.0,0.0,0.0,0.0,0.0,0.0,0.0,0.0,0.0,0.0,0.0,0.0,0.0,0.0,0.0,0.0,0.0,0.0,0.0,0.0,0.0,0.0,0.0,0.0,0.0,0.0,0.0,0.0,0.0,0.0,0.0,0.0,0.0,0.0,0.0,0.0,0.0,0.0,0.0,0.0,0.0,0.0,0.0,0.0,0.0,0.0,0.0,0.0,0.0,0.0,0.0,0.0,0.0,0.0,0.0,0.0,0.0,0.0,0.0,0.0,0.0,0.0,0.0,0.0,0.0,0.0,0.0,0.0,0.0,0.0,0.0,0.0,0.0,0.0,0.0,0.0,0.0,0.0,0.0,0.0,0.0,0.0,0.0,0.0,0.0,0.0,0.0,0.0,0.0,0.0,0.0,0.0,0.0,0.0,0.0,0.0,0.0,0.0,0.0,0.0,0.0,0.0,0.0,0.0,0.0,0.0,0.0,0.0,0.0,0.0,0.0,0.0,0.0,0.0,0.0,0.0,0.0,0.0,0.0,0.0,0.0,0.0
ENCFF000YHN,0.07874050655462712,14412,88,941,14548,396,43945,1640,83,152,82,189,815,1311,2412,7290,11583,1045,128,1608,1619,60,246,28,15,24,262,602,1044,8007,1093,74,67,152,518,496,24,509,7,4,2119,3165,12,155,10,21,157,1600,7028,54,188,266,400,152,107,1912,40,96,200,47,231,373,79,3525,86,94,200,15,13398,14203,2074,307,203,399,1570,64,335,197,232,257,70,322,327,1098,182,162,944,2,221,146,7,362,40,8,359,391,5634,47861,2867,34,8032,10972,732,9639,300,179,1434,442,461,9,809,2123,2240,43,1479,9365,1084,10255,266,1135,1004,2608,569,13754,448,1963,788,236,954,101,56,8180,3442,414,5124,2391,3803,7886,118,1292,1074,334,1026,15334,112,114,30,36,11,15,634,74,176,3071,1354,197,1312,14662,1119,124,308,320,264,818,1332,1213,1567,25,35,16,272,9,586,224,383,473,10,1,204,226,273,4340,2001,12190,705,8277,9679,4368,10000,3731,7756,55,7477,8834,3127,2550,6541,5199,1783,236,139,253,6,167,265,60,18,6,24,1199,102,10911,3587,3020,43,58310,10395,972,8096,6824,368,186,11317,5533,17042,2582,13478,71,14098,13,107,256,88,69,241,74,1035,595,10,229,283,194,261,137,699,422,75,72,1238,943,536,813,376,106,191,208,140,130,91,157,373,1289,428,132,497,668,503,3354,4651,358,690,893,375,241,170,161,255,161,42,2104,165,249,1439,89,416,174,1054,354,343,223,299,85,144,136,723,711,274,273,250,748,410,226,232,248,1004,6,13,133,171,163,128,4412,60,2860,6,163,19,1839,245,2068,2010,2313,5,685,34,59,445,1084,19138,185,625,606,317,28,660,39,43,198,4044,1882,794,391,20,70,51,6,23,211,425,812,183,1047,192,167,404,18426,125,607,33713,140,1593,307,1424,644,724,91,179,1381,284,280,273,160,151,67,2669,338,276,296,137,348,340,7160,19,2879,698,12,8091,2254,9,107,1829,206,26,1915,241,467,88,791,321,4665,952,175,227,307,131,311,231,411,200,6,302,15,576,35,16,66,132,101,296,192,13545,1197,2998,2152,646,148,265,76,10398,68,4277,573,3679,379,75,910,7,8193,1543,2749,11773,418,4275,67,96,108,304,144,314,181,388,2272,250,7,75,350,9,12,1172,1196,2,85,53,6566,10189,8237,1951,9516,1182,94,19672,22556,3612,10592,17017,21096,75,74,261,253,69,267,390,88,128,169,2072,0.0,0.0,0.0,0.0,0.0,0.0,0.0,0.0,0.0,0.0,0.0,0.0,0.0,0.0,0.0,0.0,0.0,0.0,0.0,0.0,0.0,0.0,0.0,0.0,0.0,0.0,0.0,0.0,0.0,0.0,0.0,0.0,0.0,0.0,0.0,0.0,0.0,0.0,0.0,0.0,0.0,0.0,0.0,0.0,0.0,0.0,0.0,0.0,0.0,0.0,0.0,0.0,0.0,0.0,0.0,0.0,0.0,0.0,0.0,0.0,0.0,0.0,0.0,0.0,0.0,0.0,0.0,0.0,0.0,0.0,0.0,0.0,0.0,0.0,0.0,0.0,0.0,0.0,0.0,0.0,0.0,0.0,0.0,0.0,0.0,0.0,0.0,0.0,0.0,0.0,0.0,0.0,0.0,0.0,0.0,0.0,0.0,0.0,0.0,0.0,0.0,0.0,0.0,0.0,0.0,0.0,0.0,0.0,0.0,0.0,0.0,0.0,0.0,0.0,0.0,0.0,0.0,0.0,0.0,0.0,0.0,0.0,0.0,0.0,0.0,0.0,0.0,0.0,0.0,0.0,0.0,0.0,0.0,0.0,0.0,0.0,0.0,0.0,0.0,0.0,0.0,0.0,0.0,0.0,0.0,0.0,0.0,0.0,0.0,0.0
ENCFF000MPU,0.11956563125451934,878841,43344,24957,217,0,3427,1068,32,84,25,4513,265,55,149,32,737,527,263,1451,1021,51,191,56,289,4,174,155103,492,137,619,127,979,5945,255,197,2158,269,0,0,2488,2447,1,105,0,12667,79,722,65,4639,120,96,196,79,289,66343,19,72,35,43,134,170,0,79,62,21,36782,0,8788,57237,11089,144,97,12328,3246,98,137,73,124,119,19,135,151,1224,53,81,426,15,114,68,0,542,4,1,173,77,54,56338,2338,24,76020,10422,330,10145,184,71,1441,433,351,1,33502,34687,3574,39,1206,31380,48,2294,0,2,73,1986,0,59,141,1690,704,839,561,138,11,9236,412,61104,145,203,5192,21148,9913,2345,84,126,3440,437,44,10669,4,19,24,1,382,52,65,2048,785,131,552,346,148,1262,126,110,109,1743,1645,1785,29086,7,15,32,131,0,229,76,529,1037,3507,0,1741,93,150,5988,2182,23170,363,3839,5394,4136,3017,3263,6792,22,11955,12134,9186,2820,17984,37419,9658,129,13450,2877,8,65,153,32,14,14,1,1501,2,3525,1400,95,1,2198153,8074,4692,9466,371,257,414,7669,7881,5836,33,11096,16,9849,45,29,2393,1,29,114,110,552,617,0,72,120,88,133,50,325,176,1434,46,1048,653,341,2055,170,35,70,97,41,44,38,452,151,756,273,42,259,306,247,396,204,228114,379,13528,179,75,87,69,126,47,254,2326,79,103,1215,53,242,42,623,153,115,72,99,17,56,1585,298,261,79,116,65,2349,243,94,104,115,376,10,6,45,131,108,3,6069,3,4335,13,101,8,992,125,3324,2840,1862,1,411,25,115,9,655,19674,7078,9756,2074,180,419,301,20,8,149,4628,1402,311,254,109,920,13,0,0,85,26,486,80,612,82,57,63,198,1067,216,31502,1915,1604,125,788,190764,258,35,8182,38476,78,158,154,45,36,1062,209505,173,126,147,241,112,163,6609,21,1731,1167,0,37787,1498,0,53,734,368,6,895,94,139,58,569,138,85,74,37350,78,126,93,127,113,363,5,0,385,0,344,92,16,19,33377,39,4,25,448,5,479,226,29,61,512,129,15059,8256,3195,1149,2347,202,27,809,2,18197,882,1523,16986,235,202,2603,0,38,278,30241,117,109,146,209,145,1,2577,211,0,0,1911,725,1,22313,14,4791,8835,7760,826,7700,1904,31,9020,17342,2289,6033,17394,14953,24,35,134,83,34,100,173,32,382,86,1292,0.0,0.0,0.0,0.0,0.0,0.0,0.0,0.0,0.0,0.0,0.0,0.0,0.0,0.0,0.0,0.0,0.0,0.0,0.0,0.0,0.0,0.0,0.0,0.0,0.0,0.0,0.0,0.0,0.0,0.0,0.0,0.0,0.0,0.0,0.0,0.0,0.0,0.0,0.0,0.0,0.0,0.0,0.0,0.0,0.0,0.0,0.0,0.0,0.0,0.0,0.0,0.0,0.0,0.0,0.0,0.0,0.0,0.0,0.0,0.0,0.0,0.0,0.0,0.0,0.0,0.0,0.0,0.0,0.0,0.0,0.0,0.0,0.0,0.0,0.0,0.0,0.0,0.0,0.0,0.0,0.0,0.0,0.0,0.0,0.0,0.0,0.0,0.0,0.0,0.0,0.0,0.0,0.0,0.0,0.0,0.0,0.0,0.0,0.0,0.0,0.0,0.0,0.0,0.0,0.0,0.0,0.0,0.0,0.0,0.0,0.0,0.0,0.0,0.0,0.0,0.0,0.0,0.0,0.0,0.0,0.0,0.0,0.0,0.0,0.0,0.0,0.0,0.0,0.0,0.0,0.0,0.0,0.0,0.0,0.0,0.0,0.0,0.0,0.0,0.0,0.0,0.0,0.0,0.0,0.0,0.0,0.0,0.0,0.0,0.0
ENCFF000WYL,0.053309202703856744,3500,16,545,5439,42,4809,565,24,20,22,33,301,196,482,1653,1183,238,50,474,485,12,67,1,4,2,102,135,378,3242,296,25,25,39,255,217,8,202,1,1,634,988,9,84,2,8,102,618,2665,3,101,93,123,41,26,576,23,26,19,7,62,136,64,1395,32,23,31,0,5152,5399,606,124,74,139,459,23,140,75,71,95,29,107,164,354,57,49,308,1,93,52,1,136,15,5,185,152,1144,15373,904,7,2451,3600,245,3095,208,60,466,151,164,2,254,699,712,26,484,2834,211,2221,32,152,161,816,59,3750,159,573,224,60,264,39,10,2549,697,168,2102,490,1059,2557,32,395,278,139,293,5870,22,26,5,13,1,6,168,16,41,947,357,54,341,5450,449,36,91,162,110,255,474,423,470,2,12,5,107,1,193,87,365,176,6,3,67,57,115,1448,642,3962,268,2279,2910,1385,3779,1276,2868,13,2578,2941,993,804,2228,1658,582,88,15,53,4,57,73,10,5,1,3,402,22,4270,1360,400,23,16231,3557,354,2580,2227,99,56,3993,1785,5879,266,3758,8,3854,9,31,54,3,26,98,16,367,177,2,59,102,55,90,29,282,157,26,21,444,281,214,248,128,34,80,71,33,42,26,51,134,540,121,40,223,282,229,1446,4792,67,253,263,125,79,80,59,90,63,12,663,44,85,445,43,187,42,357,119,123,68,120,15,59,58,273,254,86,108,71,228,124,73,79,116,447,2,2,35,64,50,24,1224,10,829,1,41,1,596,66,574,612,708,1,225,7,13,159,350,6859,66,162,239,102,6,303,15,30,59,1300,551,268,110,6,11,10,0,4,62,60,250,86,378,70,53,219,6542,41,196,11585,36,509,109,582,131,258,33,22,419,89,99,112,54,43,18,478,155,95,123,52,151,164,2369,3,1010,218,1,2474,665,1,29,694,58,8,667,71,122,27,373,133,2610,460,53,85,127,50,109,73,115,73,3,108,2,179,4,7,8,44,17,32,88,5035,119,1219,516,149,44,66,16,3294,19,1357,201,1138,131,32,255,2,2716,546,905,4130,458,2163,33,29,39,75,41,132,69,128,694,108,3,24,122,1,1,390,361,0,21,18,2284,3965,3048,764,3257,433,28,7605,8207,1312,3990,6406,7473,24,22,78,88,29,75,99,16,45,59,673,0.0,0.0,0.0,0.0,0.0,0.0,0.0,0.0,0.0,0.0,0.0,0.0,0.0,0.0,0.0,0.0,0.0,0.0,0.0,0.0,0.0,0.0,0.0,0.0,0.0,0.0,0.0,0.0,0.0,0.0,0.0,0.0,0.0,0.0,0.0,0.0,0.0,0.0,0.0,0.0,0.0,0.0,0.0,0.0,0.0,0.0,0.0,0.0,0.0,0.0,0.0,0.0,0.0,0.0,0.0,0.0,0.0,0.0,0.0,0.0,0.0,0.0,0.0,0.0,0.0,0.0,0.0,0.0,0.0,0.0,0.0,0.0,0.0,0.0,0.0,0.0,0.0,0.0,0.0,0.0,0.0,0.0,0.0,0.0,0.0,0.0,0.0,0.0,0.0,0.0,0.0,0.0,0.0,0.0,0.0,0.0,0.0,0.0,0.0,0.0,0.0,0.0,0.0,0.0,0.0,0.0,0.0,0.0,0.0,0.0,0.0,0.0,0.0,0.0,0.0,0.0,0.0,0.0,0.0,0.0,0.0,0.0,0.0,0.0,0.0,0.0,0.0,0.0,0.0,0.0,0.0,0.0,0.0,0.0,0.0,0.0,0.0,0.0,0.0,0.0,0.0,0.0,0.0,0.0,0.0,0.0,0.0,0.0,0.0,0.0
ENCFF000WQV,0.1825122161089807,56298,430,3643,41937,745,111364,7868,322,750,332,1574,6490,6329,13140,21899,41384,4636,551,7605,6485,190,850,116,91,87,1475,2332,3573,22417,4189,271,191,560,2125,2060,66,2300,29,169,9958,12434,571,746,216,164,1058,6745,22380,293,610,1099,1670,531,341,7297,218,404,417,198,891,3302,513,14815,714,638,601,843,52770,50485,8109,1303,820,1528,5760,339,1498,598,901,1039,223,1055,1417,4107,516,602,3958,18,954,521,34,1518,233,46,1263,1553,16357,184623,11790,152,31904,46079,2866,39856,1399,706,5924,1891,2212,41,3232,8394,8747,309,5328,35931,3223,31569,488,1965,2164,9808,862,46046,1612,6788,3504,911,2981,406,139,35492,19219,2059,29481,11594,12096,31567,387,6219,4577,1437,4055,48847,785,522,173,133,53,39,2707,319,2286,11587,5563,793,4762,41492,3544,501,1444,1661,1687,3245,5136,4369,6112,110,149,63,1163,25,1877,678,1405,492,44,3,679,890,1268,16669,8103,48221,2549,34231,36047,15707,28641,14479,29850,409,30611,36314,11680,10539,26051,21074,7187,1026,563,925,86,589,1032,203,78,48,50,4615,434,41344,12347,18686,290,282768,41777,3894,32533,29199,1228,907,45077,22705,64741,5257,50218,238,49592,57,407,1946,1471,306,1209,388,4135,2607,45,722,976,620,1006,472,3005,1757,225,356,5238,3348,2325,3090,1284,360,721,861,389,373,277,558,1243,5979,1380,425,1902,2795,2486,12016,23509,1418,2641,3551,1510,1024,749,695,1146,575,159,9307,544,970,5977,406,1808,433,4264,1183,1177,682,1043,160,497,604,2626,2607,916,1049,870,2746,1718,876,903,1076,4374,28,41,449,702,571,271,16414,111,10971,27,611,58,7431,859,7859,7765,8896,52,3074,153,222,2385,4314,85000,848,2467,2482,1091,138,3177,231,294,865,17597,9235,10144,1672,36,222,121,22,55,762,1480,2719,748,4071,533,549,1743,59072,470,2291,138143,647,6648,1123,6113,2712,2804,331,950,5629,913,1306,1407,404,434,274,11155,1457,1163,1478,603,1380,1537,28187,103,11478,2578,52,29511,7699,42,358,7485,1099,68,7183,912,1351,339,3831,1331,23668,3736,869,844,1372,445,1360,1030,1431,1000,50,1051,42,2127,181,40,228,611,508,837,804,33789,1908,10318,5567,1289,607,1036,253,41313,246,17419,1955,13884,1627,451,3052,228,39279,6733,12271,51445,1942,21884,318,483,404,1015,709,1351,848,1523,6658,1259,46,420,1203,29,44,4608,4780,36,479,248,28289,44893,32534,8353,39574,4727,1280,76641,100549,14473,45552,73741,89760,435,222,857,751,197,928,1393,339,551,861,7527,0.0,0.0,0.0,0.0,0.0,0.0,0.0,0.0,0.0,0.0,0.0,0.0,0.0,0.0,0.0,0.0,0.0,0.0,0.0,0.0,0.0,0.0,0.0,0.0,0.0,0.0,0.0,0.0,0.0,0.0,0.0,0.0,0.0,0.0,0.0,0.0,0.0,0.0,0.0,0.0,0.0,0.0,0.0,0.0,0.0,0.0,0.0,0.0,0.0,0.0,0.0,0.0,0.0,0.0,0.0,0.0,0.0,0.0,0.0,0.0,0.0,0.0,0.0,0.0,0.0,0.0,0.0,0.0,0.0,0.0,0.0,0.0,0.0,0.0,0.0,0.0,0.0,0.0,0.0,0.0,0.0,0.0,0.0,0.0,0.0,0.0,0.0,0.0,0.0,0.0,0.0,0.0,0.0,0.0,0.0,0.0,0.0,0.0,0.0,0.0,0.0,0.0,0.0,0.0,0.0,0.0,0.0,0.0,0.0,0.0,0.0,0.0,0.0,0.0,0.0,0.0,0.0,0.0,0.0,0.0,0.0,0.0,0.0,0.0,0.0,0.0,0.0,0.0,0.0,0.0,0.0,0.0,0.0,0.0,0.0,0.0,0.0,0.0,0.0,0.0,0.0,0.0,0.0,0.0,0.0,0.0,0.0,0.0,0.0,0.0
ENCFF960GCL,0.0817044185018616,2482665,7849,17223,647,4,8532,1716,38,297,81,1031,516,98,444,74,39,1548,398,2378,3648,111,370,139,5073,17,199,60973,751,248,1783,488,10092,1823,397,238,2929,592,13,0,9636,6012,5,441,2,1968,94,1467,141,21881,174,144,266,221,501,76632,134,258,122,97,363,330,3,19,36,144,7646,2,20664,54352,30307,170,117,44336,5164,241,185,78,128,179,37,163,173,2372,87,67,817,43,145,100,34,1584,22,0,485,143,102,125643,6351,12,86226,23713,567,21337,237,111,3551,1243,1071,0,57370,36710,10568,418,6363,46467,132,4971,0,6,169,4322,0,87,171,6177,2727,586,1646,181,31,15808,920,38176,233,778,6357,41239,84475,4591,177,184,10534,1133,78,17960,9,79,67,12,1038,145,226,8027,2291,491,1449,586,326,941,158,560,543,1027,1593,1359,37423,84,60,7,151,1,302,100,1040,620,2021,0,17339,288,150,15755,5026,82322,716,9672,13946,6627,5322,7426,28509,68,20859,22292,9014,8788,26856,51439,5040,228,4157,116,6,80,174,90,54,27,3,3173,3,6771,4152,29,6,452802,12334,5740,16916,506,570,772,15134,6843,10487,125,31440,51,29380,56,74,1360,1,54,147,162,1092,1135,1,119,140,113,138,76,456,207,7862,90,3029,1167,721,20595,186,50,137,125,50,64,40,1406,198,2351,1135,67,616,585,400,725,227,84374,611,22519,389,115,101,90,139,70,806,4980,109,122,2654,61,507,70,1529,175,139,91,137,18,93,3206,513,454,149,144,148,2049,440,129,122,152,827,176,10,62,114,179,4,15866,29,13201,7,304,8,2500,370,10947,7225,2721,0,1187,50,83,51,1848,9824,1681,11938,9312,528,527,533,65,64,342,8185,2151,660,679,103,1106,65,0,4,136,27,1365,93,1264,73,86,138,434,6568,431,77559,1504,3807,172,1159,66983,633,70,33252,137754,132,152,187,60,62,574,699732,201,149,177,523,181,181,17289,232,3762,3400,3,83319,4749,7,113,3320,545,25,2171,136,553,161,1001,154,170,185,16532,126,162,66,240,129,858,51,0,1978,0,974,246,174,148,15049,375,37,139,1077,22,984,468,68,88,525,4,39286,5325,17958,1334,6624,523,78,2312,2,26536,2826,4190,54178,352,394,1833,2936,56,558,4127,153,126,286,680,165,13,12234,277,0,0,6209,2105,1,11115,119,10875,20675,20024,2286,16733,3054,90,20384,51245,6567,20203,36545,38233,54,165,132,127,41,144,774,102,1043,193,3794,0.0,0.0,0.0,0.0,0.0,0.0,0.0,0.0,0.0,0.0,0.0,0.0,0.0,0.0,0.0,0.0,0.0,0.0,0.0,0.0,0.0,0.0,0.0,0.0,0.0,0.0,0.0,0.0,0.0,0.0,0.0,0.0,0.0,0.0,0.0,0.0,0.0,0.0,0.0,0.0,0.0,0.0,0.0,0.0,0.0,0.0,0.0,0.0,0.0,0.0,0.0,0.0,0.0,0.0,0.0,0.0,0.0,0.0,0.0,0.0,0.0,0.0,0.0,0.0,0.0,0.0,0.0,0.0,0.0,0.0,0.0,0.0,0.0,0.0,0.0,0.0,0.0,0.0,0.0,0.0,0.0,0.0,0.0,0.0,0.0,0.0,0.0,0.0,0.0,0.0,0.0,0.0,0.0,0.0,0.0,0.0,0.0,0.0,0.0,0.0,0.0,0.0,0.0,0.0,0.0,0.0,0.0,0.0,0.0,0.0,0.0,0.0,0.0,0.0,0.0,0.0,0.0,0.0,0.0,0.0,0.0,0.0,0.0,0.0,0.0,0.0,0.0,0.0,0.0,0.0,0.0,0.0,0.0,0.0,0.0,0.0,0.0,0.0,0.0,0.0,0.0,0.0,0.0,0.0,0.0,0.0,0.0,0.0,0.0,0.0
ENCFF000YBC,0.19085707953732753,183714,485,7853,100264,2518,331176,14715,531,1688,627,1757,8200,13972,24983,33576,107167,9440,1684,12457,14658,409,1898,224,216,210,2353,10660,7791,75550,9435,707,1180,1182,4231,3811,259,4884,112,69,16352,29093,159,1702,155,151,1628,13846,43428,1077,1213,2277,3255,1181,731,16136,454,1004,883,287,2162,4259,708,35681,741,1061,2689,436,118406,125097,18851,2531,1743,4302,12687,870,2891,1237,1939,2085,536,2265,2716,9399,919,1248,7952,74,2003,1125,55,3409,491,79,3042,2810,59090,417038,26399,334,71172,102760,6252,87856,2669,1495,13774,3869,4292,51,7359,18404,18609,505,10586,83677,7846,104681,1810,7201,6641,22503,3065,142663,3049,15200,7711,2074,6969,1010,407,80770,37660,6674,48559,22869,30502,73483,2100,10536,7450,2690,8950,107793,1272,1676,257,355,125,69,5849,716,1871,26351,13156,1907,8920,98909,6732,1297,2659,1888,1748,7049,10415,8923,13635,169,421,159,2452,102,4048,1302,1632,623,141,9,1988,2057,2339,39024,18671,113665,5281,78265,85314,33519,74818,32717,66168,849,72335,84489,28589,24083,55814,47417,12788,2041,1884,2274,114,1191,2050,475,196,99,213,9976,1116,86806,26183,37012,677,471469,88226,9099,68768,63479,2990,1481,97099,44772,136715,14727,109596,453,111730,142,897,2235,758,670,2296,596,8763,5990,62,1550,2031,1310,2170,959,5838,3272,589,543,11814,7168,5224,6185,2668,736,1437,1774,850,817,561,1281,2553,11661,2933,876,4657,5466,5190,21936,62753,5846,5520,7428,3086,1949,1550,1561,2386,1130,347,17618,1119,1936,13449,947,3871,904,9217,2492,2432,1347,2149,575,1003,1634,5417,5576,1812,2095,1579,6244,3682,1787,1806,2125,9042,52,125,928,1493,1277,611,36978,566,24136,81,1480,264,16749,2100,17661,16493,17597,83,7086,532,534,4092,10358,202149,1959,5376,5227,2789,414,6236,759,1171,1938,35861,14450,9613,3607,115,518,322,42,220,1557,4060,6745,1301,9342,1182,1072,3891,144771,1333,4484,322504,1283,15272,2336,13206,10325,6368,660,3784,18744,1857,2403,2468,748,914,783,51883,2802,2282,2624,1132,2667,3011,63026,271,24139,5119,91,64782,16931,32,730,14860,1763,179,15661,1928,3412,838,7401,2633,43144,6337,2280,1754,2620,958,2739,2067,3653,1467,89,2499,106,4314,354,92,505,1784,547,2377,2029,87716,6823,21174,14641,4235,1250,2210,549,93600,957,39337,4922,32025,3949,1003,7618,147,77479,13917,25256,105286,5362,44949,719,455,884,2571,995,2585,1688,3007,19040,2396,105,1464,2230,45,95,10575,10875,67,1862,610,63679,98189,67836,18878,92464,10442,1259,188795,222800,29921,99408,163395,201280,901,492,1697,1532,463,2096,3246,624,1144,1833,16787,0.0,0.0,0.0,0.0,0.0,0.0,0.0,0.0,0.0,0.0,0.0,0.0,0.0,0.0,0.0,0.0,0.0,0.0,0.0,0.0,0.0,0.0,0.0,0.0,0.0,0.0,0.0,0.0,0.0,0.0,0.0,0.0,0.0,0.0,0.0,0.0,0.0,0.0,0.0,0.0,0.0,0.0,0.0,0.0,0.0,0.0,0.0,0.0,0.0,0.0,0.0,0.0,0.0,0.0,0.0,0.0,0.0,0.0,0.0,0.0,0.0,0.0,0.0,0.0,0.0,0.0,0.0,0.0,0.0,0.0,0.0,0.0,0.0,0.0,0.0,0.0,0.0,0.0,0.0,0.0,0.0,0.0,0.0,0.0,0.0,0.0,0.0,0.0,0.0,0.0,0.0,0.0,0.0,0.0,0.0,0.0,0.0,0.0,0.0,0.0,0.0,0.0,0.0,0.0,0.0,0.0,0.0,0.0,0.0,0.0,0.0,0.0,0.0,0.0,0.0,0.0,0.0,0.0,0.0,0.0,0.0,0.0,0.0,0.0,0.0,0.0,0.0,0.0,0.0,0.0,0.0,0.0,0.0,0.0,0.0,0.0,0.0,0.0,0.0,0.0,0.0,0.0,0.0,0.0,0.0,0.0,0.0,0.0,0.0,0.0
ENCFF229TDJ,0.11200022727060593,1759802,7888,24353,144612,1808,241183,40540,1055,1677,1115,2853,12168,13553,35076,96980,76939,13445,1893,27515,22877,697,2945,352,332,263,4004,138309,12258,88990,15754,1105,6288,3118,6603,5967,3646,7743,136,145,33571,46359,206,2937,236,1639,2444,23189,98092,17800,2447,3558,5162,2047,1684,37366,901,1395,1691,655,2853,6161,2246,66056,1400,2658,35286,434,215352,219470,36075,3806,2538,31216,39364,1249,4456,1684,2786,3251,756,3417,4158,15677,1497,1846,13516,61,3078,1727,90,5476,992,155,5790,4932,93662,729587,46090,1225,122788,175261,9278,151887,4411,2164,23740,7392,8093,87,16484,35827,35209,707,17887,150930,8407,106082,1478,5775,7383,36149,2537,158871,4951,25904,12346,5482,12233,1434,624,153263,49302,72538,77276,32912,115068,117304,28580,17793,15918,4297,27533,230562,2201,22083,489,517,171,144,9596,1242,3493,41944,18833,2681,16511,147561,12735,1918,4243,7686,6862,13303,17847,15717,34553,457,597,246,3495,96,6730,2101,6484,6625,2635,60,9068,5081,3756,66987,29397,225626,8455,114787,138450,65882,144726,55091,105575,1020,117950,137686,54369,37670,102223,78586,27813,3577,29965,4080,460,1820,3206,798,357,117,161,16360,1168,152683,45312,40101,1146,1798049,157218,28883,112390,107922,4422,2894,169702,85987,247669,12278,194312,735,190557,234,2434,3909,780,970,3439,3721,14965,11671,325,2298,3231,2050,3274,1437,9100,5446,5553,1023,18866,12695,7948,14634,4153,1137,2250,2664,1199,1186,906,3282,3854,24192,4658,1336,7105,9271,9595,45522,127339,90470,8475,17358,4864,3068,2381,2135,3467,1810,1879,35032,1709,2874,28251,1283,6822,1304,16702,3727,3682,2042,3339,4783,1532,5119,8444,8539,2763,3296,2539,10479,5583,2679,2827,3349,16128,87,122,1306,2187,2495,978,62762,672,46689,73,2138,2453,27519,3375,30270,28422,30859,152,11990,338,779,6208,17300,305577,9689,20583,9302,4642,8506,11551,782,1135,3419,63084,30407,12828,6008,153,3265,494,69,117,2390,6480,10670,2358,14991,1739,1684,6066,193187,7956,7954,501203,3131,23325,3547,20546,148538,10235,1080,59993,156927,2761,3712,4022,1379,1465,2867,736908,4419,3362,3964,2503,4214,4676,107634,237,40513,9593,208,129204,28245,242,1190,31696,3635,177,27740,2830,12719,1349,12243,4302,90097,14003,18828,2791,4026,1465,4321,2978,6554,3522,168,4460,96,8708,1240,261,791,16837,2815,2328,3903,138352,5116,32252,19182,3816,2235,4069,856,167421,11726,67117,27910,52972,5479,1698,12319,116,148693,25574,44029,226975,14008,76615,3243,1426,1253,12830,6009,4196,2605,6870,30720,3739,218,12055,3709,144,140,17074,16733,55,25837,712,109258,184345,123093,30053,153592,18432,3746,301293,410856,53686,192406,299009,341056,1190,753,2567,2401,708,3103,6942,1214,2352,3098,26531,0.0,0.0,0.0,0.0,0.0,0.0,0.0,0.0,0.0,0.0,0.0,0.0,0.0,0.0,0.0,0.0,0.0,0.0,0.0,0.0,0.0,0.0,0.0,0.0,0.0,0.0,0.0,0.0,0.0,0.0,0.0,0.0,0.0,0.0,0.0,0.0,0.0,0.0,0.0,0.0,0.0,0.0,0.0,0.0,0.0,0.0,0.0,0.0,0.0,0.0,0.0,0.0,0.0,0.0,0.0,0.0,0.0,0.0,0.0,0.0,0.0,0.0,0.0,0.0,0.0,0.0,0.0,0.0,0.0,0.0,0.0,0.0,0.0,0.0,0.0,0.0,0.0,0.0,0.0,0.0,0.0,0.0,0.0,0.0,0.0,0.0,0.0,0.0,0.0,0.0,0.0,0.0,0.0,0.0,0.0,0.0,0.0,0.0,0.0,0.0,0.0,0.0,0.0,0.0,0.0,0.0,0.0,0.0,0.0,0.0,0.0,0.0,0.0,0.0,0.0,0.0,0.0,0.0,0.0,0.0,0.0,0.0,0.0,0.0,0.0,0.0,0.0,0.0,0.0,0.0,0.0,0.0,0.0,0.0,0.0,0.0,0.0,0.0,0.0,0.0,0.0,0.0,0.0,0.0,0.0,0.0,0.0,0.0,0.0,0.0
ENCFF770NDG,0.11902899499666615,244007,203,3792,66848,654,254226,19972,981,639,420,2051,10860,3120,8242,39592,31542,4081,1308,9779,12492,257,1247,160,361,283,4614,17180,8441,51204,7853,305,99,1011,6070,5638,41,6387,81,14,19038,16987,132,490,128,48,1675,14202,34818,846,1764,3906,4209,306,613,10410,142,686,896,589,2269,8054,368,14613,808,539,4647,1567,59147,89100,10379,3554,2133,4965,10754,94,4212,1823,2193,2701,707,3392,4311,4809,1261,2153,10034,50,2519,2330,53,2048,625,92,2358,1626,23977,294832,17451,336,48226,68071,7945,58997,4422,2187,6573,2632,3455,92,6820,15310,18382,451,13219,71700,2727,66698,384,1565,1869,12307,795,101807,3495,15468,5152,654,3515,287,312,48170,7280,7636,27244,11528,26516,48831,608,10420,10316,3732,6850,68117,900,1215,107,182,87,61,3253,749,2946,25426,7099,610,8420,65345,4080,429,4239,2267,1179,4895,8836,10597,13141,180,341,101,3232,215,3765,1680,4596,1787,25,21,1210,854,3777,22708,11109,79905,6192,39732,63612,27834,58382,31158,55746,422,47086,60393,21577,18051,52250,35154,9313,2179,1589,1499,60,2092,3579,257,142,56,265,11150,382,75014,19254,13170,734,319651,78352,8626,46105,28410,1946,1601,59752,38171,89428,6548,88030,394,92803,241,492,3812,369,1032,2919,954,10838,3930,119,2184,2017,1836,3193,1644,7361,3696,746,459,11651,8343,4168,7480,4830,977,2758,2415,1417,888,680,602,2956,8220,2335,1050,2854,7351,4994,14957,30906,15173,6737,7297,3130,2410,2023,1962,2814,1525,224,18096,1704,4797,10562,1104,4171,1746,8486,5056,3415,2853,2969,718,1323,1082,7462,5092,2973,2337,2393,5171,4703,3135,1805,3350,7178,83,141,1242,2478,1650,1102,28097,908,19697,85,297,258,10422,1185,15979,15979,18802,121,4737,511,85,4148,5589,140743,1659,4413,6345,2183,186,5723,158,469,3020,44086,13998,20298,2755,392,705,368,26,297,1896,3545,4533,2496,8977,1916,1374,2301,96315,404,4775,199125,1170,11510,2970,16744,18315,5394,870,885,10350,2277,3412,3577,957,829,160,143259,4914,3165,3264,1450,3262,3768,46689,105,30079,2337,100,60215,15334,112,856,13929,2950,432,16260,2251,3631,534,10002,3137,33889,3011,2471,2359,3322,1830,2169,2805,2865,2008,161,2069,124,5870,432,921,297,1128,969,496,1299,64832,2116,15169,8113,1231,1634,2104,962,55377,923,24595,3752,18448,3198,105,4984,89,73253,12565,24042,86159,2162,30049,271,757,1258,3120,1726,3099,2442,2839,17144,3080,42,269,3030,126,128,5371,5174,36,872,465,48319,64851,51975,14052,56722,8479,1153,112876,145176,24130,62301,118074,138126,321,144,2053,1908,864,2704,1451,811,608,1538,16217,0.0,0.0,0.0,0.0,0.0,0.0,0.0,0.0,0.0,0.0,0.0,0.0,0.0,0.0,0.0,0.0,0.0,0.0,0.0,0.0,0.0,0.0,0.0,0.0,0.0,0.0,0.0,0.0,0.0,0.0,0.0,0.0,0.0,0.0,0.0,0.0,0.0,0.0,0.0,0.0,0.0,0.0,0.0,0.0,0.0,0.0,0.0,0.0,0.0,0.0,0.0,0.0,0.0,0.0,0.0,0.0,0.0,0.0,0.0,0.0,0.0,0.0,0.0,0.0,0.0,0.0,0.0,0.0,0.0,0.0,0.0,0.0,0.0,0.0,0.0,0.0,0.0,0.0,0.0,0.0,0.0,0.0,0.0,0.0,0.0,0.0,0.0,0.0,0.0,0.0,0.0,0.0,0.0,0.0,0.0,0.0,0.0,0.0,0.0,0.0,0.0,0.0,0.0,0.0,0.0,0.0,0.0,0.0,0.0,0.0,0.0,0.0,0.0,0.0,0.0,0.0,0.0,0.0,0.0,0.0,0.0,0.0,0.0,0.0,0.0,0.0,0.0,0.0,0.0,0.0,0.0,0.0,0.0,0.0,0.0,0.0,0.0,0.0,0.0,0.0,0.0,0.0,0.0,0.0,0.0,0.0,0.0,0.0,0.0,0.0
ENCFF002BBM,0.12150116045947378,32588,111,3385,29044,664,98556,3876,314,470,239,430,2747,4921,10253,16479,35899,3632,318,4953,4884,107,594,72,25,36,728,162,3041,19625,3186,229,136,371,1739,1516,18,1587,32,5,7381,12520,47,646,32,18,462,5141,16666,27,596,901,1379,370,241,10454,135,481,429,98,589,1359,557,10961,351,199,92,15,43113,43704,9098,879,649,1152,6328,255,1060,561,702,862,211,933,955,4263,443,520,3409,7,796,501,13,994,132,39,7135,1241,17203,167208,10554,83,26233,48127,2121,44878,986,639,5141,1502,1412,3,3311,8353,7395,81,5598,31244,2530,24807,457,1803,1816,7316,886,34710,1211,4915,2335,610,2765,334,44,27820,14867,127,15430,8821,10823,31623,48,3969,2177,1020,3241,36056,401,191,132,90,35,14,1732,242,373,10933,3847,545,3688,33654,3673,316,980,685,753,2448,4018,3181,8197,50,81,23,919,10,1622,614,971,320,2,24,463,519,899,17203,5570,36390,2203,27370,26564,12077,27195,14175,26851,237,24903,29407,9553,8754,23553,15110,4952,761,26,700,106,422,850,149,32,15,12,3390,322,31039,11610,13214,130,178406,34821,2964,24185,23390,893,449,36273,16220,53212,4210,36254,147,36440,25,295,576,33,326,864,157,4050,2889,23,690,825,615,844,482,2269,1357,2408,169,4583,3436,1880,4281,1113,312,757,662,378,427,264,1619,1029,5131,1222,421,1506,2267,1798,11807,29715,145,2391,5315,1176,676,534,567,761,472,1203,7403,525,768,5750,298,1387,448,6378,1027,884,504,893,550,505,449,2417,2312,717,863,669,4131,1418,681,742,820,3683,7,24,382,624,415,220,17143,34,12911,13,485,36,5364,1076,9550,5956,21774,14,2096,72,192,1002,4056,72467,503,1434,3284,895,22,2553,159,116,666,13082,7240,3093,1139,20,111,82,16,13,646,806,1816,462,5230,524,477,2142,46940,340,2125,124068,441,5318,892,4629,338,2175,313,42,2977,731,881,888,407,444,210,1282,1070,773,932,363,1001,1066,20298,57,9165,1943,5,26927,7383,78,228,5101,410,22,6369,734,1458,220,2646,982,28134,3435,565,787,981,432,1007,769,1880,484,7,892,21,1699,60,6,203,339,148,668,708,31067,1667,9713,5064,1221,521,845,84,33572,49,11976,1441,12048,1059,297,2419,12,24341,5458,7885,40573,2815,15818,191,129,373,797,382,1029,696,2183,4563,918,33,139,957,8,10,3318,3617,5,64,165,21520,36940,28442,6157,29046,3466,274,62418,79164,12312,37645,58033,68975,410,167,716,611,219,786,1538,262,379,640,5469,0.0,0.0,0.0,0.0,0.0,0.0,0.0,0.0,0.0,0.0,0.0,0.0,0.0,0.0,0.0,0.0,0.0,0.0,0.0,0.0,0.0,0.0,0.0,0.0,0.0,0.0,0.0,0.0,0.0,0.0,0.0,0.0,0.0,0.0,0.0,0.0,0.0,0.0,0.0,0.0,0.0,0.0,0.0,0.0,0.0,0.0,0.0,0.0,0.0,0.0,0.0,0.0,0.0,0.0,0.0,0.0,0.0,0.0,0.0,0.0,0.0,0.0,0.0,0.0,0.0,0.0,0.0,0.0,0.0,0.0,0.0,0.0,0.0,0.0,0.0,0.0,0.0,0.0,0.0,0.0,0.0,0.0,0.0,0.0,0.0,0.0,0.0,0.0,0.0,0.0,0.0,0.0,0.0,0.0,0.0,0.0,0.0,0.0,0.0,0.0,0.0,0.0,0.0,0.0,0.0,0.0,0.0,0.0,0.0,0.0,0.0,0.0,0.0,0.0,0.0,0.0,0.0,0.0,0.0,0.0,0.0,0.0,0.0,0.0,0.0,0.0,0.0,0.0,0.0,0.0,0.0,0.0,0.0,0.0,0.0,0.0,0.0,0.0,0.0,0.0,0.0,0.0,0.0,0.0,0.0,0.0,0.0,0.0,0.0,0.0
ENCFF000VVY,0.06820122492443109,3389,15,479,4164,120,11254,478,45,98,28,62,401,965,1608,2487,5273,599,40,440,597,17,76,17,2,3,99,23,431,3434,408,43,17,59,235,242,5,223,1,3,817,1225,6,105,8,3,55,655,3054,3,90,128,188,51,43,774,26,38,40,3,76,195,63,1536,32,28,8,6,5838,5515,760,129,103,133,698,20,150,87,125,100,41,140,139,457,58,88,469,5,123,61,2,144,45,4,151,171,2197,19213,1122,17,3138,4482,316,3868,141,84,524,168,179,1,250,739,702,3,605,3397,443,4261,99,359,343,958,165,5456,183,672,292,81,346,37,10,3382,2560,21,2640,1514,1581,3034,7,560,258,167,412,4804,34,18,24,20,6,5,195,28,53,1078,506,82,487,4351,500,55,140,79,81,317,420,385,613,6,11,2,125,3,274,114,284,166,3,1,69,103,109,1702,850,4846,293,4087,3719,1694,4265,1635,3507,40,2989,3815,1225,998,2679,2065,669,113,4,77,10,74,129,13,9,2,2,447,68,5595,1598,2769,14,20606,4159,408,3054,3407,110,65,4647,1950,6889,884,4565,12,4632,2,28,87,50,34,127,20,446,234,2,101,132,87,135,64,301,158,21,24,562,360,212,249,177,43,77,118,61,63,38,52,199,616,172,57,224,289,237,1735,3023,24,271,383,182,95,84,80,128,89,12,798,69,118,620,37,172,69,482,140,165,93,152,53,58,71,316,327,110,139,100,296,209,85,125,161,487,3,2,67,63,51,38,1590,9,978,2,66,5,792,93,703,686,839,0,289,7,26,87,437,10312,64,209,257,155,5,319,21,34,67,1697,603,371,168,3,18,9,3,3,88,113,351,59,431,92,65,227,7108,48,250,13759,59,650,143,608,44,338,33,15,445,122,105,88,60,65,28,182,140,127,112,46,157,160,2902,8,1256,291,1,3081,1037,3,39,746,58,3,861,115,124,43,365,165,1887,474,47,110,128,53,126,109,122,84,2,122,4,209,10,19,22,46,33,134,61,4048,339,1431,851,240,83,91,21,3840,7,1735,215,1382,157,45,329,0,3043,598,1070,4581,196,1957,27,17,43,108,68,145,94,203,815,131,5,16,175,3,1,441,440,1,8,23,2780,4792,3904,898,3940,551,28,8633,10577,1750,4924,7984,9117,58,25,118,119,24,132,139,40,55,65,770,0.0,0.0,0.0,0.0,0.0,0.0,0.0,0.0,0.0,0.0,0.0,0.0,0.0,0.0,0.0,0.0,0.0,0.0,0.0,0.0,0.0,0.0,0.0,0.0,0.0,0.0,0.0,0.0,0.0,0.0,0.0,0.0,0.0,0.0,0.0,0.0,0.0,0.0,0.0,0.0,0.0,0.0,0.0,0.0,0.0,0.0,0.0,0.0,0.0,0.0,0.0,0.0,0.0,0.0,0.0,0.0,0.0,0.0,0.0,0.0,0.0,0.0,0.0,0.0,0.0,0.0,0.0,0.0,0.0,0.0,0.0,0.0,0.0,0.0,0.0,0.0,0.0,0.0,0.0,0.0,0.0,0.0,0.0,0.0,0.0,0.0,0.0,0.0,0.0,0.0,0.0,0.0,0.0,0.0,0.0,0.0,0.0,0.0,0.0,0.0,0.0,0.0,0.0,0.0,0.0,0.0,0.0,0.0,0.0,0.0,0.0,0.0,0.0,0.0,0.0,0.0,0.0,0.0,0.0,0.0,0.0,0.0,0.0,0.0,0.0,0.0,0.0,0.0,0.0,0.0,0.0,0.0,0.0,0.0,0.0,0.0,0.0,0.0,0.0,0.0,0.0,0.0,0.0,0.0,0.0,0.0,0.0,0.0,0.0,0.0
ENCFF001RVV,0.06387197340212174,1911137,3730,3542,293,0,4931,1456,131,73,59,22844,405,300,246,105,9,1253,312,7260,2242,130,267,0,0,0,344,121374,942,88,3392,124,28,116,377,304,4,364,0,0,2482,4342,0,43,0,752,147,1134,34,5227,252,339,202,118,29,251971,2,101,32,0,287,214,0,18,110,0,22050,0,13931,50830,78299,147,119,1229,7733,20,208,59,111,136,22,168,476,1067,55,37,525,2,120,114,0,373,2,0,713,63,2,180085,5409,16,334190,12428,473,11988,328,104,3002,392,572,0,221447,33751,5060,22,2867,44530,34,2735,0,0,208,2556,0,45,146,6083,1244,21,778,21,128,12583,733,62996,120,758,4821,114688,451,1421,237,214,861,354,0,52892,1,19,2,0,733,158,128,5585,1784,72,627,314,87,182,184,25,14,760,14516,12338,16689,0,1,0,118,0,139,56,4139,14,0,0,49,64,150,13274,4689,48747,789,5352,8938,10478,2248,5810,9524,20,10541,11174,19685,6861,59874,46617,1791,406,1670,1561,1,99,249,25,0,2,0,9434,4,6360,4929,3,38,283795,18802,1326,14750,193,323,3095,11271,11434,18057,76,21064,3,19354,0,23,1099,0,54,145,258,721,1441,0,68,63,96,143,88,426,345,5308,32,2226,903,519,6222,214,47,159,121,52,40,26,373,426,1245,263,46,302,699,241,440,179,220867,370,21636,220,94,86,83,109,48,877,2951,84,224,1769,29,586,79,1047,203,111,83,162,12,99,157,423,235,130,123,118,3433,364,145,63,118,488,2,47,45,111,111,0,13703,0,9190,4,104,0,1603,168,11280,3409,24104,0,791,1,2,55,958,39523,4028,803,8070,442,0,436,4,22,531,9547,7297,708,483,5,73,0,0,0,116,120,1756,150,1987,62,68,89,122,1066,343,94868,65,2003,121,1175,94206,552,137,1822,54410,116,180,339,67,56,105,689284,260,167,225,118,203,220,12549,1,3733,834,0,227763,3542,0,214,1512,283,0,1079,79,142,61,978,169,202,98,21363,126,195,103,183,114,1625,0,0,586,0,560,0,0,11,19936,2,0,275,492,0,593,268,13,175,115,0,20992,17454,4540,629,4468,437,6,1661,0,68199,2342,2680,120669,1180,510,8,0,37,118,460,201,105,114,39,157,0,35,256,0,0,2013,1056,28,11701,3,11068,14177,15747,1306,9392,2800,167,13520,54774,5145,10595,60545,28484,40,16,103,75,117,96,177,41,278,262,3033,0.0,0.0,0.0,0.0,0.0,0.0,0.0,0.0,0.0,0.0,0.0,0.0,0.0,0.0,0.0,0.0,0.0,0.0,0.0,0.0,0.0,0.0,0.0,0.0,0.0,0.0,0.0,0.0,0.0,0.0,0.0,0.0,0.0,0.0,0.0,0.0,0.0,0.0,0.0,0.0,0.0,0.0,0.0,0.0,0.0,0.0,0.0,0.0,0.0,0.0,0.0,0.0,0.0,0.0,0.0,0.0,0.0,0.0,0.0,0.0,0.0,0.0,0.0,0.0,0.0,0.0,0.0,0.0,0.0,0.0,0.0,0.0,0.0,0.0,0.0,0.0,0.0,0.0,0.0,0.0,0.0,0.0,0.0,0.0,0.0,0.0,0.0,0.0,0.0,0.0,0.0,0.0,0.0,0.0,0.0,0.0,0.0,0.0,0.0,0.0,0.0,0.0,0.0,0.0,0.0,0.0,0.0,0.0,0.0,0.0,0.0,0.0,0.0,0.0,0.0,0.0,0.0,0.0,0.0,0.0,0.0,0.0,0.0,0.0,0.0,0.0,0.0,0.0,0.0,0.0,0.0,0.0,0.0,0.0,0.0,0.0,0.0,0.0,0.0,0.0,0.0,0.0,0.0,0.0,0.0,0.0,0.0,0.0,0.0,0.0
ENCFF218BEJ,0.18341685804112765,379178,225,3171,45170,542,126325,8526,287,328,392,792,3305,1900,5903,25464,23319,2734,573,5802,5723,179,715,52,85,65,1281,32975,3423,25629,4090,227,447,488,2101,1971,336,2336,14,13,8048,10823,52,576,14,54,772,6098,17935,3673,652,1099,1516,414,362,6544,127,319,575,168,844,1623,269,9904,295,214,11621,52,40149,49386,7611,1241,714,5009,5725,311,1500,573,805,903,240,1056,1531,3396,489,656,3939,20,857,572,14,1004,128,20,1030,1183,18299,164623,9419,132,26283,37388,2502,32173,1396,682,5019,1476,1625,24,2884,7770,8090,146,5121,33460,1871,31252,275,1312,1338,7556,579,44665,1485,6662,2958,591,2567,350,122,27212,6991,20971,15799,5712,11822,27668,3219,4629,4689,1557,6192,48048,495,4442,95,64,15,38,2306,320,487,11298,4209,572,3743,44548,3185,394,1374,1492,976,2875,5620,6456,6226,65,107,61,1093,23,1651,632,1157,252,314,10,1182,702,1244,13394,6614,47363,2327,24199,31750,14910,28922,13818,27294,265,24866,30259,11963,9156,24250,17841,5571,893,6748,946,82,611,1019,115,37,21,163,4746,147,35137,11805,5692,179,191648,40932,6415,26309,18723,1025,750,36910,20490,54567,4641,45943,236,48120,42,366,917,59,297,1117,317,4354,2715,44,743,959,687,981,460,2976,1711,407,211,5511,3295,2166,3148,1402,321,742,785,406,338,215,468,1180,4793,1388,366,1603,2541,2256,8109,27821,24208,2675,3432,1347,965,762,719,983,556,166,7450,559,1073,5172,412,1719,463,4203,1139,1106,662,988,406,484,805,2634,2270,830,1000,798,2435,1712,976,807,1141,4188,36,50,433,725,613,403,16610,181,9732,27,442,111,6917,859,7773,7229,8733,15,2802,144,121,1651,4325,72583,2677,3064,2587,1064,2329,2964,183,261,1127,16667,7466,3287,1492,68,229,82,13,53,654,1228,2555,915,3887,590,547,1333,53060,2136,2120,117407,534,6233,989,6272,37375,2688,319,12216,29896,806,1316,1292,394,401,480,187512,1664,1030,1465,518,1432,1608,23834,73,11378,1832,37,28362,7486,53,313,7343,900,67,7157,834,2110,264,3703,1222,16835,2944,4896,794,1333,508,1179,926,1681,659,21,857,46,1987,88,79,213,4317,311,363,553,39647,1279,8844,4637,971,550,876,261,35147,1736,15194,4767,12020,1478,253,2932,34,30187,5594,11231,45467,2658,13223,215,307,389,2722,487,1235,797,1500,6782,1280,20,920,1095,30,32,3931,4089,13,5328,168,23731,35515,28026,6874,32112,3816,497,62676,78826,12301,36458,61352,72858,192,143,755,766,249,917,987,389,359,779,7254,0.0,0.0,0.0,0.0,0.0,0.0,0.0,0.0,0.0,0.0,0.0,0.0,0.0,0.0,0.0,0.0,0.0,0.0,0.0,0.0,0.0,0.0,0.0,0.0,0.0,0.0,0.0,0.0,0.0,0.0,0.0,0.0,0.0,0.0,0.0,0.0,0.0,0.0,0.0,0.0,0.0,0.0,0.0,0.0,0.0,0.0,0.0,0.0,0.0,0.0,0.0,0.0,0.0,0.0,0.0,0.0,0.0,0.0,0.0,0.0,0.0,0.0,0.0,0.0,0.0,0.0,0.0,0.0,0.0,0.0,0.0,0.0,0.0,0.0,0.0,0.0,0.0,0.0,0.0,0.0,0.0,0.0,0.0,0.0,0.0,0.0,0.0,0.0,0.0,0.0,0.0,0.0,0.0,0.0,0.0,0.0,0.0,0.0,0.0,0.0,0.0,0.0,0.0,0.0,0.0,0.0,0.0,0.0,0.0,0.0,0.0,0.0,0.0,0.0,0.0,0.0,0.0,0.0,0.0,0.0,0.0,0.0,0.0,0.0,0.0,0.0,0.0,0.0,0.0,0.0,0.0,0.0,0.0,0.0,0.0,0.0,0.0,0.0,0.0,0.0,0.0,0.0,0.0,0.0,0.0,0.0,0.0,0.0,0.0,0.0
ENCFF549SMI,0.17078142540668453,140676,440,8328,59564,2117,158800,8085,486,910,391,828,6322,9682,17534,31890,54560,6415,646,8785,11701,186,776,168,79,48,1759,7877,6088,42542,4628,419,706,770,3233,2948,479,3141,47,15,13105,15915,81,1037,120,108,1056,9682,41956,1218,864,1766,2659,657,521,8102,224,437,655,173,1001,2595,1447,21563,2252,819,2130,40,93953,87068,8854,1929,1367,3832,6404,160,2087,792,1457,1654,375,1679,2032,5602,654,887,7062,25,1546,795,40,1841,275,17,2571,2730,35256,291629,18499,233,46618,65697,4299,56389,1947,1151,7245,2477,2854,25,4314,10911,10867,125,7805,45428,6171,50898,1740,7872,6987,16871,3747,69496,2839,10170,5418,1378,3880,533,154,42369,25185,5561,42193,16771,16223,38117,2478,9109,3301,1940,5921,70763,558,1266,169,144,89,75,2930,401,678,20280,6945,1049,7315,67374,6774,551,1968,1502,1235,4584,7748,6574,6691,166,193,45,1742,25,3493,1118,1693,141,220,44,1418,1169,1748,23974,10635,70398,4158,53178,54019,26000,52429,23093,50489,400,46868,57196,16161,15200,36484,28829,10689,1744,1325,1254,91,844,1559,219,135,30,31,6699,594,68464,24135,23740,276,343291,65790,7101,48546,44803,1301,940,78616,36308,110867,12005,71590,654,63606,36,526,1103,205,524,1784,403,6095,2576,59,1181,1662,1051,1669,681,4361,2512,379,475,7387,4408,2891,3583,1914,663,952,1345,613,634,439,774,1943,11276,2744,700,2952,3943,3912,24722,79455,5855,3531,4603,2319,1543,1229,1186,1714,967,190,10501,715,1234,7129,623,2544,616,7035,1816,1761,1126,1633,279,724,1429,4029,4758,1492,1665,1101,3342,2404,1055,1429,1604,7670,53,62,701,1048,540,521,19067,105,14380,30,855,84,8710,928,10297,11181,11639,19,3870,124,330,1165,4512,141258,1262,3634,3705,1561,622,6053,156,176,746,27296,9714,5212,1553,46,264,229,20,39,1211,2127,3860,970,7063,907,781,4066,82424,1143,4038,216102,970,7630,1839,8533,8287,4647,443,4466,18172,1480,1780,1842,591,685,573,43595,2118,1755,1935,921,1941,2156,39323,98,15112,4167,29,38068,10127,44,297,11126,894,60,10186,1489,1648,375,5326,1987,27807,7277,2172,1510,2012,779,1886,1553,1709,1049,27,1973,29,2893,162,67,199,1608,465,1712,1487,56726,6481,20345,13804,3464,1034,1530,170,49194,1228,25193,3946,18325,1675,647,4377,53,53057,9655,17361,74989,11355,28123,652,381,579,2085,769,1964,1310,2585,13451,1791,58,1129,1877,6,23,5642,5152,12,1668,274,38384,81243,55166,15989,58682,6658,1192,120809,164068,25751,81908,114137,135769,359,344,1283,1139,388,1589,1673,546,696,1092,11208,0.0,0.0,0.0,0.0,0.0,0.0,0.0,0.0,0.0,0.0,0.0,0.0,0.0,0.0,0.0,0.0,0.0,0.0,0.0,0.0,0.0,0.0,0.0,0.0,0.0,0.0,0.0,0.0,0.0,0.0,0.0,0.0,0.0,0.0,0.0,0.0,0.0,0.0,0.0,0.0,0.0,0.0,0.0,0.0,0.0,0.0,0.0,0.0,0.0,0.0,0.0,0.0,0.0,0.0,0.0,0.0,0.0,0.0,0.0,0.0,0.0,0.0,0.0,0.0,0.0,0.0,0.0,0.0,0.0,0.0,0.0,0.0,0.0,0.0,0.0,0.0,0.0,0.0,0.0,0.0,0.0,0.0,0.0,0.0,0.0,0.0,0.0,0.0,0.0,0.0,0.0,0.0,0.0,0.0,0.0,0.0,0.0,0.0,0.0,0.0,0.0,0.0,0.0,0.0,0.0,0.0,0.0,0.0,0.0,0.0,0.0,0.0,0.0,0.0,0.0,0.0,0.0,0.0,0.0,0.0,0.0,0.0,0.0,0.0,0.0,0.0,0.0,0.0,0.0,0.0,0.0,0.0,0.0,0.0,0.0,0.0,0.0,0.0,0.0,0.0,0.0,0.0,0.0,0.0,0.0,0.0,0.0,0.0,0.0,0.0
ENCFF000BCI,0.13864764477050337,40293,140,4138,40254,1576,209710,5558,315,514,438,490,4887,6120,10219,14446,50546,4238,400,6069,7976,141,619,93,34,18,1051,136,5236,33456,4379,229,149,613,3126,2804,28,2746,35,2,10387,11677,106,1113,133,22,762,7434,26327,40,635,1930,2300,541,264,5551,227,405,570,100,807,1709,321,13757,263,651,69,9,54303,57695,6080,1771,1189,1431,4211,266,1893,741,1331,1504,368,1709,1839,3911,655,865,5651,24,1463,754,24,1125,163,94,1912,1897,15844,208361,12954,133,31358,45189,3931,39362,2836,988,5583,1773,2349,83,2740,7305,7608,1146,7409,29565,4075,65598,1208,4668,4016,10360,2139,85134,2216,7830,3696,610,2595,373,206,25223,16118,154,23792,9567,9038,25858,43,7170,3373,1858,4214,29126,674,170,160,100,34,81,2490,377,370,15609,4904,672,6778,40946,4454,376,1726,563,549,3502,5373,4736,4621,122,140,18,1677,35,2805,962,3905,1910,28,12,872,798,1540,14333,7155,43869,3318,40490,39659,18441,29507,18502,39424,261,29676,36493,9482,8532,25728,22348,6089,1106,44,710,32,988,1489,198,103,15,31,4914,374,36926,14963,16209,2004,185186,41482,3512,29716,27055,930,746,45595,21268,67888,8008,40105,205,38884,31,453,683,19,446,1480,286,5179,2188,15,1104,1526,958,1571,679,3694,2202,165,227,6111,4072,2535,2349,2007,649,997,1281,620,491,373,454,1922,6417,1875,613,2202,3108,3103,13242,27522,158,3163,2851,1897,1395,1066,1069,1577,878,88,6582,658,1268,5583,543,2033,585,5279,1881,1648,1109,1529,155,711,621,3857,3787,1300,1548,1103,2701,2130,1197,1358,1837,5958,15,43,618,973,397,797,14048,153,9606,14,650,77,7977,613,6548,10676,8626,47,3199,175,155,3299,3649,68629,554,1712,2719,1048,24,3950,144,193,601,20029,7040,5116,1604,35,178,386,44,70,1027,2627,2629,881,4010,844,673,1692,55789,424,3254,122398,828,6528,1675,7864,284,3523,424,67,3776,1323,1500,1548,547,601,257,1079,1822,1574,1669,800,1876,1959,33460,102,14559,2823,29,28569,7145,49,278,10876,475,54,8555,1334,1034,259,4537,1853,23875,3913,661,1099,1655,566,2054,1375,982,711,24,976,23,2893,72,87,176,398,83,1120,907,29100,4259,12952,9362,2427,661,1385,766,31510,124,14774,2148,11573,1479,453,2819,17,48855,9880,15345,63161,2667,17850,408,414,523,1279,571,1802,1164,2105,19657,1523,78,180,1748,125,81,4216,3761,76,113,146,25798,47919,38767,8770,38473,4746,301,74755,104788,16523,48655,77566,89723,310,202,1254,1133,332,1407,1191,504,385,899,10034,0.0,0.0,0.0,0.0,0.0,0.0,0.0,0.0,0.0,0.0,0.0,0.0,0.0,0.0,0.0,0.0,0.0,0.0,0.0,0.0,0.0,0.0,0.0,0.0,0.0,0.0,0.0,0.0,0.0,0.0,0.0,0.0,0.0,0.0,0.0,0.0,0.0,0.0,0.0,0.0,0.0,0.0,0.0,0.0,0.0,0.0,0.0,0.0,0.0,0.0,0.0,0.0,0.0,0.0,0.0,0.0,0.0,0.0,0.0,0.0,0.0,0.0,0.0,0.0,0.0,0.0,0.0,0.0,0.0,0.0,0.0,0.0,0.0,0.0,0.0,0.0,0.0,0.0,0.0,0.0,0.0,0.0,0.0,0.0,0.0,0.0,0.0,0.0,0.0,0.0,0.0,0.0,0.0,0.0,0.0,0.0,0.0,0.0,0.0,0.0,0.0,0.0,0.0,0.0,0.0,0.0,0.0,0.0,0.0,0.0,0.0,0.0,0.0,0.0,0.0,0.0,0.0,0.0,0.0,0.0,0.0,0.0,0.0,0.0,0.0,0.0,0.0,0.0,0.0,0.0,0.0,0.0,0.0,0.0,0.0,0.0,0.0,0.0,0.0,0.0,0.0,0.0,0.0,0.0,0.0,0.0,0.0,0.0,0.0,0.0
ENCFF588JWU,0.2949463748577371,98140,1439,3494,33748,1201,81066,6313,250,464,382,1838,4324,3690,5945,18083,21062,3464,675,7031,6603,370,1244,91,103,110,502,6154,2081,16209,4915,413,409,680,1026,972,118,1928,40,230,8570,15810,73,810,12,628,556,4930,21863,668,444,263,736,920,899,10894,259,613,472,256,1088,2852,284,14249,528,623,1437,779,53143,51726,12169,538,332,2036,10002,416,635,319,396,494,97,469,660,5380,281,229,2070,17,377,294,19,2111,272,69,1729,736,21419,212170,15409,57,41178,54689,2007,46224,776,311,8319,2527,2784,17,4256,10656,11440,272,4414,43953,3705,40829,984,4355,2970,11238,2004,54229,851,8014,4063,1276,4397,505,173,49920,9103,3257,20859,6299,20177,42044,938,4168,3530,647,4769,38562,774,1149,46,199,52,51,3606,523,2403,10704,7776,886,5824,33115,2384,629,707,2526,2673,3480,5937,5224,9809,94,246,76,470,32,934,324,1800,5168,69,0,634,1062,614,21938,10217,57088,1984,31311,40399,13111,32372,11959,22529,389,34006,38063,13768,12755,27957,25870,7922,776,980,947,82,189,453,316,67,34,63,4896,244,34629,8669,7522,280,455454,37829,4685,35327,21625,1975,1042,45628,19268,51631,6708,67301,280,70370,107,357,2326,1295,177,551,212,2759,2967,49,333,473,296,479,280,1598,852,546,235,4468,3240,2186,4428,572,106,379,279,190,205,169,920,498,4886,639,205,1963,1896,1212,10936,46722,3141,1828,4673,1079,416,322,283,466,224,418,10167,290,472,7348,218,1469,247,4105,520,519,229,454,463,274,327,1448,1323,405,445,429,3509,1266,422,339,355,2049,23,22,227,339,847,30,21807,165,14267,15,825,59,8714,1273,10279,8014,7268,25,3129,83,242,1956,5825,66536,1280,2696,2079,1398,257,1542,435,708,1274,12022,8529,8025,2346,35,222,163,15,57,370,1275,3091,366,3784,303,309,1363,41970,499,1278,170185,796,8074,492,3075,6923,1796,214,2349,9945,345,634,665,218,275,401,29651,789,530,677,205,679,740,33251,66,10510,3430,52,38481,9661,53,605,7203,936,53,6108,414,1800,519,2454,571,13986,2613,1884,523,696,252,603,456,2054,600,34,1262,21,2005,247,27,298,1133,1612,1276,683,41551,3634,6467,5655,1733,667,1239,289,57413,565,19403,2124,19734,2144,203,3835,227,34787,7036,10635,53662,3790,14744,154,445,257,780,1339,632,369,838,6083,587,45,1049,496,35,57,6522,6861,34,1401,264,35879,41740,26854,6546,47407,5359,571,91475,105590,10751,44970,76435,101859,308,256,439,344,141,373,2206,365,651,695,6994,0.0,0.0,0.0,0.0,0.0,0.0,0.0,0.0,0.0,0.0,0.0,0.0,0.0,0.0,0.0,0.0,0.0,0.0,0.0,0.0,0.0,0.0,0.0,0.0,0.0,0.0,0.0,0.0,0.0,0.0,0.0,0.0,0.0,0.0,0.0,0.0,0.0,0.0,0.0,0.0,0.0,0.0,0.0,0.0,0.0,0.0,0.0,0.0,0.0,0.0,0.0,0.0,0.0,0.0,0.0,0.0,0.0,0.0,0.0,0.0,0.0,0.0,0.0,0.0,0.0,0.0,0.0,0.0,0.0,0.0,0.0,0.0,0.0,0.0,0.0,0.0,0.0,0.0,0.0,0.0,0.0,0.0,0.0,0.0,0.0,0.0,0.0,0.0,0.0,0.0,0.0,0.0,0.0,0.0,0.0,0.0,0.0,0.0,0.0,0.0,0.0,0.0,0.0,0.0,0.0,0.0,0.0,0.0,0.0,0.0,0.0,0.0,0.0,0.0,0.0,0.0,0.0,0.0,0.0,0.0,0.0,0.0,0.0,0.0,0.0,0.0,0.0,0.0,0.0,0.0,0.0,0.0,0.0,0.0,0.0,0.0,0.0,0.0,0.0,0.0,0.0,0.0,0.0,0.0,0.0,0.0,0.0,0.0,0.0,0.0
ENCFF612YLD,0.16286764235940784,765882,72,2509,31340,377,83750,10046,431,564,301,698,4756,2501,4279,12929,17977,1998,1222,4766,5588,137,821,76,165,122,1575,63185,4039,17079,4194,179,75,598,2754,2701,37,3134,65,11,7571,10664,162,463,156,22,756,7211,18716,4701,1029,2079,1928,221,440,6216,86,462,340,420,1485,2646,180,4812,115,266,16213,221,27933,47475,6297,1623,923,2821,6527,75,2051,896,1002,1159,328,1664,1955,2820,595,1005,5183,54,1139,1062,44,1267,738,88,2259,678,4872,149568,8432,173,24342,38551,3961,32754,2001,1024,4819,1963,2608,62,4198,8141,9932,515,5277,40356,1349,29697,127,590,788,6725,375,47822,1522,6192,2549,592,2519,212,156,32611,4545,21941,11127,5345,13839,31345,1806,5415,4134,1681,5489,28274,601,3430,76,122,105,17,2061,589,735,11165,4073,411,3763,29063,1775,404,2080,3196,2244,2725,5046,6091,6949,98,196,50,1385,76,1654,780,567,236,6,14,638,486,1801,11999,5996,44363,2853,19086,30518,11181,20358,14888,26268,199,25155,32679,9934,9933,25130,17939,3858,1086,3882,272,11,1076,1630,170,77,55,43,4368,288,27506,6829,6924,539,131312,29407,5807,19936,9561,1343,615,29033,12544,32831,1747,42528,133,42454,144,366,1006,78,483,1320,352,5389,2675,86,1023,933,901,1477,780,3460,1705,219,193,6042,4163,2072,3502,2423,460,1300,1232,696,440,366,349,1488,4296,811,586,1481,3599,2402,6956,23680,57140,3340,3785,1604,1216,991,898,1238,705,96,7753,809,2326,5878,497,2196,796,4809,2519,1532,1438,1353,207,589,582,3606,2565,1402,1141,1105,2838,2402,1566,828,1638,3784,29,38,605,1200,867,501,14182,385,9849,38,241,103,5917,755,8093,7376,7418,99,2892,342,100,1302,3395,55593,3874,1978,3156,1217,533,2692,130,976,1817,20800,5728,6218,1759,120,348,377,23,218,816,1060,2154,1148,4867,873,621,1342,49778,1480,2257,119740,541,6542,1458,8202,66674,2564,427,6340,30385,1209,1565,1663,474,400,126,613145,2233,1563,1501,579,1458,1711,26702,202,16251,1460,100,31752,8653,42,490,6178,988,245,8424,996,1297,320,4879,1423,24783,1375,7852,1050,1546,890,1111,1341,1479,717,49,1352,82,2718,299,393,119,3730,417,176,642,19997,733,6023,2922,467,809,1157,386,35563,3094,11751,2492,10789,1941,69,2738,13,37852,6829,10949,44669,1410,13877,146,360,577,1468,812,1392,1108,1356,4189,1362,15,195,1482,33,86,3354,3286,23,2863,153,26601,29770,23489,6270,30109,4663,592,52555,76496,10465,29657,60242,73504,206,73,981,908,393,1240,925,781,328,872,7100,0.0,0.0,0.0,0.0,0.0,0.0,0.0,0.0,0.0,0.0,0.0,0.0,0.0,0.0,0.0,0.0,0.0,0.0,0.0,0.0,0.0,0.0,0.0,0.0,0.0,0.0,0.0,0.0,0.0,0.0,0.0,0.0,0.0,0.0,0.0,0.0,0.0,0.0,0.0,0.0,0.0,0.0,0.0,0.0,0.0,0.0,0.0,0.0,0.0,0.0,0.0,0.0,0.0,0.0,0.0,0.0,0.0,0.0,0.0,0.0,0.0,0.0,0.0,0.0,0.0,0.0,0.0,0.0,0.0,0.0,0.0,0.0,0.0,0.0,0.0,0.0,0.0,0.0,0.0,0.0,0.0,0.0,0.0,0.0,0.0,0.0,0.0,0.0,0.0,0.0,0.0,0.0,0.0,0.0,0.0,0.0,0.0,0.0,0.0,0.0,0.0,0.0,0.0,0.0,0.0,0.0,0.0,0.0,0.0,0.0,0.0,0.0,0.0,0.0,0.0,0.0,0.0,0.0,0.0,0.0,0.0,0.0,0.0,0.0,0.0,0.0,0.0,0.0,0.0,0.0,0.0,0.0,0.0,0.0,0.0,0.0,0.0,0.0,0.0,0.0,0.0,0.0,0.0,0.0,0.0,0.0,0.0,0.0,0.0,0.0
ENCFF000ZQQ,0.18391810284165597,84527,340,3456,35015,605,64239,5280,227,526,238,488,2449,4898,8762,18346,29387,3391,436,5786,4722,133,596,51,43,69,760,6183,2672,35070,2909,204,266,409,1505,1368,121,1612,28,13,5675,8942,53,523,25,99,490,4752,28232,662,419,790,1214,373,244,5067,152,302,284,151,654,1225,713,15612,183,326,1639,56,44356,41966,5713,846,609,1863,4412,237,1020,444,677,783,164,860,934,2979,375,478,2999,20,693,438,15,986,138,27,978,1097,16783,136096,8805,89,23251,32213,2118,27251,967,534,4261,1284,1406,20,2085,5694,5840,88,3512,25449,2475,30494,467,1824,1837,7182,712,51796,1170,4969,2353,624,2224,356,190,24610,13793,3719,21609,8110,9438,22785,875,3570,3782,975,3245,28996,379,852,103,79,23,26,1850,237,450,8317,3870,510,3131,35698,2809,353,995,1147,802,2496,3674,3384,4328,67,147,48,861,20,1404,531,803,673,78,3,684,567,879,12012,5667,35772,1856,26360,27350,11659,26617,10575,21813,319,22037,26849,8570,7487,18466,14661,4797,706,1345,774,46,414,761,121,44,18,390,3053,296,33803,9770,14059,220,183771,30991,3221,21908,26938,883,461,32153,16126,53922,4368,34545,126,35166,38,258,643,131,256,806,182,3117,1770,31,582,750,477,728,332,2018,1158,154,165,3943,2377,1672,2144,996,270,565,661,356,300,247,391,893,4258,1043,314,1415,1939,1827,9653,21522,3606,1894,2347,1169,704,500,600,800,404,114,6052,407,674,4180,331,1294,327,3260,929,863,471,800,129,416,470,1940,1993,683,773,592,1990,1263,713,684,788,3212,21,31,337,543,431,260,11328,91,7555,13,420,47,5310,623,5653,5099,6174,27,2205,120,158,1240,3112,71173,767,1931,1812,843,311,2191,136,200,536,12017,6434,2449,1171,71,167,104,23,57,545,1242,2034,454,3021,456,385,1198,51586,519,1789,99237,464,4869,839,4399,6291,2136,235,2603,8066,637,853,897,292,365,320,31019,1024,794,883,393,974,1021,20165,59,8259,1697,41,21128,5554,21,247,4855,626,48,5334,677,1057,231,2525,918,17420,2813,1212,632,944,340,987,774,1045,469,24,793,11,1501,124,60,219,948,607,762,776,46975,1899,8971,5046,1266,453,786,296,30040,570,12563,1982,10106,1270,284,2311,36,24163,4424,8104,34244,1245,17042,334,198,284,1050,502,966,610,1165,6679,871,36,627,817,16,39,3513,3365,9,1070,188,19731,32147,24253,6000,28479,3361,742,58854,72469,10807,33937,52419,64254,343,131,650,554,185,691,1040,238,356,532,5604,0.0,0.0,0.0,0.0,0.0,0.0,0.0,0.0,0.0,0.0,0.0,0.0,0.0,0.0,0.0,0.0,0.0,0.0,0.0,0.0,0.0,0.0,0.0,0.0,0.0,0.0,0.0,0.0,0.0,0.0,0.0,0.0,0.0,0.0,0.0,0.0,0.0,0.0,0.0,0.0,0.0,0.0,0.0,0.0,0.0,0.0,0.0,0.0,0.0,0.0,0.0,0.0,0.0,0.0,0.0,0.0,0.0,0.0,0.0,0.0,0.0,0.0,0.0,0.0,0.0,0.0,0.0,0.0,0.0,0.0,0.0,0.0,0.0,0.0,0.0,0.0,0.0,0.0,0.0,0.0,0.0,0.0,0.0,0.0,0.0,0.0,0.0,0.0,0.0,0.0,0.0,0.0,0.0,0.0,0.0,0.0,0.0,0.0,0.0,0.0,0.0,0.0,0.0,0.0,0.0,0.0,0.0,0.0,0.0,0.0,0.0,0.0,0.0,0.0,0.0,0.0,0.0,0.0,0.0,0.0,0.0,0.0,0.0,0.0,0.0,0.0,0.0,0.0,0.0,0.0,0.0,0.0,0.0,0.0,0.0,0.0,0.0,0.0,0.0,0.0,0.0,0.0,0.0,0.0,0.0,0.0,0.0,0.0,0.0,0.0
ENCFF000XWT,0.15803602234057645,4871,24,374,1876,73,4573,443,24,37,35,52,275,364,709,848,1523,259,37,480,554,17,48,5,7,8,35,152,233,2391,287,24,28,42,116,115,13,119,5,0,585,900,7,69,5,11,48,414,1205,28,35,56,114,41,28,635,13,26,46,14,62,139,15,745,51,43,42,7,3688,4287,724,73,55,123,3811,13,87,40,38,56,17,68,75,365,36,22,241,0,68,27,6,123,27,5,129,93,1006,14486,969,12,2572,3358,189,3113,105,44,436,167,141,7,221,707,631,9,362,3074,235,2501,57,269,247,826,125,2873,96,582,281,70,248,42,10,5343,1040,150,1336,721,19599,2335,42,358,304,73,246,2623,49,43,6,13,5,7,156,27,50,917,454,63,396,1917,226,46,70,109,109,242,385,380,488,10,21,3,56,3,136,39,73,39,3,2,44,72,74,1451,616,3831,208,2624,2875,1128,2374,1067,2365,22,2420,2954,917,814,1975,1596,495,74,41,63,10,32,65,32,17,5,8,337,39,2898,965,895,37,16069,3170,272,2483,1522,107,73,3437,1605,4225,392,4039,24,3857,11,23,59,17,13,69,21,249,162,4,45,52,54,50,31,168,98,66,14,303,250,115,371,80,24,25,45,27,19,19,49,79,450,104,20,155,172,147,574,1922,113,157,331,95,67,40,41,64,35,26,550,35,43,356,25,94,27,315,50,63,37,55,27,24,46,159,192,62,47,41,248,104,42,60,62,276,4,6,28,45,55,35,1190,12,864,5,43,15,488,66,611,583,481,0,205,6,13,107,307,4953,54,193,183,97,2,190,24,13,38,1084,562,191,95,9,28,18,2,11,40,104,208,34,335,35,36,77,2399,40,165,11362,26,478,61,337,173,184,18,81,498,58,67,81,21,27,23,961,89,60,82,36,99,86,2037,13,658,189,2,2163,605,1,21,507,58,12,439,52,103,31,216,77,1095,174,68,60,79,31,57,64,164,72,5,123,4,131,13,2,10,56,17,65,88,1485,242,596,519,117,37,104,16,3343,25,1131,164,1085,102,25,202,6,2512,564,777,3772,313,973,31,15,28,55,25,57,50,90,594,82,6,26,73,2,3,363,317,1,42,20,2061,3520,2575,662,3212,363,19,5279,7888,1035,3538,5514,6808,13,15,49,37,14,57,105,17,51,36,524,0.0,0.0,0.0,0.0,0.0,0.0,0.0,0.0,0.0,0.0,0.0,0.0,0.0,0.0,0.0,0.0,0.0,0.0,0.0,0.0,0.0,0.0,0.0,0.0,0.0,0.0,0.0,0.0,0.0,0.0,0.0,0.0,0.0,0.0,0.0,0.0,0.0,0.0,0.0,0.0,0.0,0.0,0.0,0.0,0.0,0.0,0.0,0.0,0.0,0.0,0.0,0.0,0.0,0.0,0.0,0.0,0.0,0.0,0.0,0.0,0.0,0.0,0.0,0.0,0.0,0.0,0.0,0.0,0.0,0.0,0.0,0.0,0.0,0.0,0.0,0.0,0.0,0.0,0.0,0.0,0.0,0.0,0.0,0.0,0.0,0.0,0.0,0.0,0.0,0.0,0.0,0.0,0.0,0.0,0.0,0.0,0.0,0.0,0.0,0.0,0.0,0.0,0.0,0.0,0.0,0.0,0.0,0.0,0.0,0.0,0.0,0.0,0.0,0.0,0.0,0.0,0.0,0.0,0.0,0.0,0.0,0.0,0.0,0.0,0.0,0.0,0.0,0.0,0.0,0.0,0.0,0.0,0.0,0.0,0.0,0.0,0.0,0.0,0.0,0.0,0.0,0.0,0.0,0.0,0.0,0.0,0.0,0.0,0.0,0.0
ENCFF677KQP,0.23697768457311305,195091,642,6325,13580,277,117231,31218,180,944,1418,2479,4629,4529,9797,4272,20947,10408,3099,18465,19692,1010,4804,223,787,1241,1722,10567,5514,9565,22830,2043,620,1366,2865,2686,23,9079,302,106,31526,61142,117,2359,39,372,2604,17901,4168,467,5271,304,548,2902,2945,41405,1126,1405,4116,1370,6751,2692,92,3512,2453,1907,757,375,88773,165836,47661,1237,241,4186,36263,1640,1604,201,412,767,83,426,2454,17956,219,183,3124,76,369,254,206,8292,1273,503,3895,481,4114,712969,58538,543,154673,189733,5037,166802,3184,271,31738,8781,8460,168,17295,37449,38208,2779,12465,165340,3264,45309,88,499,2110,32771,213,18068,1449,26935,12985,4833,15846,2813,768,193814,15741,5799,7448,10676,79517,158475,359,10149,10693,1564,17955,15161,3256,1314,74,628,42,296,15451,1868,2814,37637,26672,1946,16766,11114,1167,2960,1567,17110,12918,12926,15262,14946,35654,628,1316,636,377,161,907,169,8207,1165,18,0,407,3716,1723,72056,36729,208249,5947,83943,143277,42655,37814,37726,62313,1912,115628,134717,45827,50281,99056,99904,27140,3379,1309,3328,71,215,425,1106,345,395,831,14174,422,25140,18570,8938,1464,995615,124123,15894,124403,12063,7541,2264,128831,57219,99184,2663,255454,334,283590,175,1328,3602,288,109,1078,770,8174,13726,155,240,427,178,429,209,5584,3489,731,690,13853,10369,6052,17512,534,94,246,358,147,129,120,3091,323,14164,717,123,4067,7114,3301,7092,3430,4342,4807,14747,3622,836,788,203,371,132,455,49546,264,534,24971,150,5932,141,11709,348,949,194,402,896,127,319,2634,1979,317,376,358,9941,4084,612,285,320,3404,51,154,177,281,4057,283,88297,2821,52923,191,1612,298,32061,6454,42375,28003,23557,228,15648,812,1072,7444,23905,102432,4432,11590,6200,5105,49,4943,1638,2470,7066,37064,20142,8698,10799,1781,738,564,93,480,279,8387,12670,2065,11156,243,281,2206,24056,859,3089,569759,771,27378,652,12766,11747,2979,293,1302,19365,311,2361,2753,128,220,1274,57432,2583,1024,2146,501,1550,2403,115875,827,35223,10738,839,136795,38790,174,1966,20034,6280,379,16074,350,7330,1370,11231,1304,7764,1258,5980,537,2038,249,1388,398,7763,1279,480,4830,229,6995,991,101,2949,1872,5516,872,2049,14272,552,4476,5207,676,3968,5450,3586,204167,232,73921,3631,69089,10046,612,13849,92,116962,23649,30622,156560,2148,7641,52,2163,219,717,842,1785,212,837,26866,1404,24,2098,377,374,832,22553,27700,54,864,714,148925,115721,71190,17848,166602,19808,1644,208858,341262,33982,116105,255790,354814,618,699,344,338,152,370,8908,2538,2049,3668,22623,0.0,0.0,0.0,0.0,0.0,0.0,0.0,0.0,0.0,0.0,0.0,0.0,0.0,0.0,0.0,0.0,0.0,0.0,0.0,0.0,0.0,0.0,0.0,0.0,0.0,0.0,0.0,0.0,0.0,0.0,0.0,0.0,0.0,0.0,0.0,0.0,0.0,0.0,0.0,0.0,0.0,0.0,0.0,0.0,0.0,0.0,0.0,0.0,0.0,0.0,0.0,0.0,0.0,0.0,0.0,0.0,0.0,0.0,0.0,0.0,0.0,0.0,0.0,0.0,0.0,0.0,0.0,0.0,0.0,0.0,0.0,0.0,0.0,0.0,0.0,0.0,0.0,0.0,0.0,0.0,0.0,0.0,0.0,0.0,0.0,0.0,0.0,0.0,0.0,0.0,0.0,0.0,0.0,0.0,0.0,0.0,0.0,0.0,0.0,0.0,0.0,0.0,0.0,0.0,0.0,0.0,0.0,0.0,0.0,0.0,0.0,0.0,0.0,0.0,0.0,0.0,0.0,0.0,0.0,0.0,0.0,0.0,0.0,0.0,0.0,0.0,0.0,0.0,0.0,0.0,0.0,0.0,0.0,0.0,0.0,0.0,0.0,0.0,0.0,0.0,0.0,0.0,0.0,0.0,0.0,0.0,0.0,0.0,0.0,0.0
ENCFF000VQX,0.12753920347895686,2055,8,260,2008,43,5160,370,24,59,18,40,150,520,989,1120,2759,403,40,339,372,23,71,1,1,4,55,2,179,1792,243,28,15,32,124,95,1,132,0,0,481,907,6,78,0,5,45,408,1676,2,79,38,76,26,17,551,11,32,30,7,76,77,27,903,28,37,3,0,3704,3526,645,54,39,63,511,11,59,30,39,63,12,66,54,347,32,32,139,1,52,29,0,140,6,1,103,88,1014,13667,998,7,2638,3319,150,3062,86,51,376,120,113,1,215,537,541,2,276,2546,272,2192,41,179,147,658,83,2800,62,474,212,56,270,48,11,2649,1559,6,1426,853,974,2438,3,234,236,71,254,3139,60,17,4,23,0,4,167,28,32,658,423,57,340,2044,228,23,65,118,125,183,364,312,1505,3,4,3,60,0,125,28,424,460,0,0,22,60,60,1331,599,3466,148,2496,2680,971,1999,870,1691,29,2178,2468,822,850,1818,1643,513,46,1,57,1,29,40,19,4,0,0,286,56,2270,773,1532,7,16143,2631,306,2217,2142,91,57,3079,1336,3957,425,3850,17,4063,4,15,43,4,13,39,11,196,182,0,38,52,31,51,26,159,83,14,13,304,229,115,223,63,13,27,41,23,31,16,37,71,337,199,12,151,196,93,888,1439,11,128,288,100,46,46,20,40,22,8,707,25,46,464,17,115,23,224,60,82,42,34,5,18,17,151,105,48,52,37,225,91,39,49,57,145,0,1,19,22,36,7,1169,5,713,1,59,1,486,75,512,475,468,0,201,8,11,122,368,5783,67,170,149,82,0,93,18,37,52,863,414,139,130,2,11,12,2,5,24,84,241,43,242,23,22,154,3738,19,95,10004,35,498,61,279,30,138,11,9,288,50,59,46,16,30,19,75,80,42,55,21,71,74,1990,3,770,167,4,2312,609,3,28,375,75,3,451,46,83,24,195,56,1034,175,47,49,65,16,60,32,94,39,1,54,1,112,12,3,11,26,38,79,68,2138,173,599,364,107,47,82,7,3074,5,1062,100,1155,129,16,248,0,2071,391,744,3046,83,1051,15,6,18,36,25,60,38,60,483,51,3,16,54,2,2,412,412,0,4,17,2158,2922,1954,503,3003,366,34,5451,6790,856,2977,5099,6645,48,27,42,37,18,48,109,28,56,38,482,0.0,0.0,0.0,0.0,0.0,0.0,0.0,0.0,0.0,0.0,0.0,0.0,0.0,0.0,0.0,0.0,0.0,0.0,0.0,0.0,0.0,0.0,0.0,0.0,0.0,0.0,0.0,0.0,0.0,0.0,0.0,0.0,0.0,0.0,0.0,0.0,0.0,0.0,0.0,0.0,0.0,0.0,0.0,0.0,0.0,0.0,0.0,0.0,0.0,0.0,0.0,0.0,0.0,0.0,0.0,0.0,0.0,0.0,0.0,0.0,0.0,0.0,0.0,0.0,0.0,0.0,0.0,0.0,0.0,0.0,0.0,0.0,0.0,0.0,0.0,0.0,0.0,0.0,0.0,0.0,0.0,0.0,0.0,0.0,0.0,0.0,0.0,0.0,0.0,0.0,0.0,0.0,0.0,0.0,0.0,0.0,0.0,0.0,0.0,0.0,0.0,0.0,0.0,0.0,0.0,0.0,0.0,0.0,0.0,0.0,0.0,0.0,0.0,0.0,0.0,0.0,0.0,0.0,0.0,0.0,0.0,0.0,0.0,0.0,0.0,0.0,0.0,0.0,0.0,0.0,0.0,0.0,0.0,0.0,0.0,0.0,0.0,0.0,0.0,0.0,0.0,0.0,0.0,0.0,0.0,0.0,0.0,0.0,0.0,0.0
ENCFF000CFG,0.18581533299469896,38304,91,3294,13345,255,42699,4227,187,380,387,557,2180,2279,4643,6590,12670,3215,703,3514,6439,266,1288,254,27,23,377,353,2753,9038,4626,465,211,579,1151,1025,13,1890,6,8,8309,17690,15,1001,15,51,403,5370,7926,45,544,665,967,749,570,10820,209,464,471,48,1044,1251,251,4333,301,248,112,43,38540,51345,13210,644,440,1054,8353,394,811,311,481,585,135,701,650,6048,244,376,2974,10,532,306,12,3757,82,22,1226,740,6524,215885,14737,86,41381,56065,2164,50066,745,398,7609,1850,1792,13,3457,9249,9105,71,4334,46281,1285,20829,184,729,1130,11280,309,16975,757,9711,3827,1066,5003,550,138,46684,7384,159,8457,4459,15201,51761,47,3592,1599,720,6916,15447,217,317,67,251,64,41,3381,463,712,11424,7351,2344,4480,13666,1686,848,733,855,831,3399,5143,4673,9165,27,67,54,628,18,1106,353,1851,85,11,7,403,767,673,25960,10528,59113,2245,29785,35860,14300,17019,12899,25087,319,35761,39681,18171,13352,28586,24502,5684,898,94,600,51,321,573,268,48,14,44,5310,142,16868,8835,5987,119,176956,38339,4062,34914,10147,1588,582,43529,16696,40965,1639,63707,169,68525,32,323,760,59,189,600,190,3286,2905,14,437,613,379,583,299,1743,957,968,155,4811,3401,2218,4604,915,247,410,499,219,251,152,1297,747,5097,930,302,1995,1872,1396,5548,10212,319,1852,5267,1194,537,383,419,567,353,431,12583,307,589,7813,240,1383,243,5002,714,617,397,593,72,298,426,1979,1683,530,555,498,3663,1418,542,507,597,2857,23,29,264,376,575,196,21038,33,14094,104,872,31,8545,1123,9938,8435,7661,14,3107,84,317,353,5768,40810,1053,2814,2373,1520,27,1845,307,253,1005,12254,4096,2326,2203,56,307,152,11,11,411,487,3268,330,4809,377,304,1052,19263,280,1650,180728,398,9216,640,3656,695,1941,196,129,4669,475,605,665,253,285,368,2324,846,570,655,499,665,828,33505,71,14940,3062,122,38475,12239,6,445,6293,1069,34,7163,540,1507,430,2459,656,6625,1580,818,503,682,322,1025,573,2164,254,6,1337,32,3069,279,107,314,495,177,363,608,11698,692,5038,2940,466,415,958,58,54924,68,18364,1363,28132,1926,250,4519,15,28411,5389,9261,45219,1853,7220,162,96,226,581,265,653,483,1038,3932,645,30,281,683,15,4,6806,6941,40,121,247,33868,40824,29580,6653,46457,5436,420,64758,101395,13867,42107,74880,99420,289,296,448,479,140,536,2136,451,885,766,7863,0.0,0.0,0.0,0.0,0.0,0.0,0.0,0.0,0.0,0.0,0.0,0.0,0.0,0.0,0.0,0.0,0.0,0.0,0.0,0.0,0.0,0.0,0.0,0.0,0.0,0.0,0.0,0.0,0.0,0.0,0.0,0.0,0.0,0.0,0.0,0.0,0.0,0.0,0.0,0.0,0.0,0.0,0.0,0.0,0.0,0.0,0.0,0.0,0.0,0.0,0.0,0.0,0.0,0.0,0.0,0.0,0.0,0.0,0.0,0.0,0.0,0.0,0.0,0.0,0.0,0.0,0.0,0.0,0.0,0.0,0.0,0.0,0.0,0.0,0.0,0.0,0.0,0.0,0.0,0.0,0.0,0.0,0.0,0.0,0.0,0.0,0.0,0.0,0.0,0.0,0.0,0.0,0.0,0.0,0.0,0.0,0.0,0.0,0.0,0.0,0.0,0.0,0.0,0.0,0.0,0.0,0.0,0.0,0.0,0.0,0.0,0.0,0.0,0.0,0.0,0.0,0.0,0.0,0.0,0.0,0.0,0.0,0.0,0.0,0.0,0.0,0.0,0.0,0.0,0.0,0.0,0.0,0.0,0.0,0.0,0.0,0.0,0.0,0.0,0.0,0.0,0.0,0.0,0.0,0.0,0.0,0.0,0.0,0.0,0.0
ENCFF907OCI,0.15684926979999614,2891441,14319,46084,280058,6348,899373,50476,2299,4278,2393,5695,27285,34875,75215,252676,269197,30048,4725,57851,45334,1743,5521,764,559,413,7700,249919,26254,285344,29666,2316,9943,5400,14314,12832,7033,15112,256,337,66493,91762,469,5497,335,4787,4860,47368,222013,35357,3730,8357,11195,3808,3663,64210,1595,2875,4030,1148,6411,13608,6463,133076,5589,4444,69903,980,457710,456888,63170,8518,5569,53322,53565,2505,9500,4168,6224,7115,1735,7632,8798,30562,3699,4218,30000,151,6717,3885,176,10204,1660,472,12468,11575,192133,1427197,82714,792,227380,334745,21078,288519,9524,5003,43713,14032,13895,161,25117,66151,64954,1608,37673,260439,22326,258631,4209,17393,18365,70597,8365,376188,11092,48937,24003,7008,21891,3023,1066,258394,100784,137414,142816,66521,121625,224350,38468,37460,37226,9070,55657,409525,3766,31963,1014,873,300,267,18769,2418,7444,82659,37680,5298,32376,294341,30417,3452,8832,11134,9877,25258,34464,29115,51775,479,903,610,7821,225,14455,4796,10773,2207,3752,127,19188,5985,7948,127202,58558,398789,18395,246662,271069,124418,253010,117548,221525,2250,223047,264384,88114,72774,201571,152098,54881,7519,50921,7351,493,4000,6996,1514,493,582,1327,33659,2596,319142,101106,88467,2158,2942870,334613,52955,244067,237357,9579,5039,354619,172106,538920,36717,357806,1538,346731,309,2935,7071,1978,2308,7563,2110,31211,19648,1028,5158,7242,4781,7301,3191,19098,11316,6231,1737,37596,23883,16560,23361,9479,2606,4972,5830,2828,2883,2116,5423,8400,49469,10541,2906,14203,18674,18142,114369,313452,153987,18584,30690,10544,6577,5057,5013,7630,4128,2623,66446,3595,6820,44363,2924,12090,3097,34886,8313,7796,4447,7236,4947,3594,9661,19729,19453,6352,7320,5798,20192,12196,6439,6200,7599,32983,233,251,3199,4810,3905,1734,125382,1255,85704,163,4288,526,51632,7077,62712,57146,61678,214,21889,693,1856,13257,31936,655528,21805,30341,18409,9391,14206,23108,1719,3277,6517,130172,66001,28111,11112,484,1635,1053,119,308,5242,13398,21441,4338,33281,3986,3680,15809,398194,13955,17498,989726,6774,45437,7789,43035,254357,21938,2100,111446,267731,6396,7791,8271,2950,3050,5069,1249863,9138,7356,8325,4933,9029,9894,201937,516,82481,18378,381,220773,64247,381,2450,48283,6327,245,54904,6292,14382,2186,24814,8965,170416,31205,47211,6219,8496,3397,9800,6916,11365,8019,361,8945,175,16184,2203,349,1344,31184,3612,6584,7906,380979,15661,86190,47621,10440,4712,7033,1444,304483,22310,125878,53947,101756,10745,2831,24371,365,266283,50184,84494,391507,29560,157874,5213,2419,2840,21139,11916,8644,5765,13496,73875,8001,241,29115,8123,268,313,33098,32119,137,48043,1199,209930,366135,269153,69042,305412,36712,3937,606590,819456,116253,365859,585534,692825,2475,1512,5903,5377,1658,6927,12929,2396,3335,5476,53989,0.0,0.0,0.0,0.0,0.0,0.0,0.0,0.0,0.0,0.0,0.0,0.0,0.0,0.0,0.0,0.0,0.0,0.0,0.0,0.0,0.0,0.0,0.0,0.0,0.0,0.0,0.0,0.0,0.0,0.0,0.0,0.0,0.0,0.0,0.0,0.0,0.0,0.0,0.0,0.0,0.0,0.0,0.0,0.0,0.0,0.0,0.0,0.0,0.0,0.0,0.0,0.0,0.0,0.0,0.0,0.0,0.0,0.0,0.0,0.0,0.0,0.0,0.0,0.0,0.0,0.0,0.0,0.0,0.0,0.0,0.0,0.0,0.0,0.0,0.0,0.0,0.0,0.0,0.0,0.0,0.0,0.0,0.0,0.0,0.0,0.0,0.0,0.0,0.0,0.0,0.0,0.0,0.0,0.0,0.0,0.0,0.0,0.0,0.0,0.0,0.0,0.0,0.0,0.0,0.0,0.0,0.0,0.0,0.0,0.0,0.0,0.0,0.0,0.0,0.0,0.0,0.0,0.0,0.0,0.0,0.0,0.0,0.0,0.0,0.0,0.0,0.0,0.0,0.0,0.0,0.0,0.0,0.0,0.0,0.0,0.0,0.0,0.0,0.0,0.0,0.0,0.0,0.0,0.0,0.0,0.0,0.0,0.0,0.0,0.0
ENCFF002BFV,0.2015769026079374,142530,365,3508,49716,793,190958,19020,330,756,648,1212,3957,3719,8781,24477,38122,5191,1246,9620,9707,417,1791,155,199,160,1911,8998,4748,31323,8561,597,242,819,2762,2571,84,4116,67,31,13353,22798,95,1067,32,115,1529,9640,19640,1084,1268,1363,1751,959,772,14675,356,792,1469,404,2005,2198,250,9116,387,496,2384,143,55759,79856,16121,1657,874,3139,12237,708,1973,806,1017,1217,274,1207,1975,6483,526,720,4662,19,1077,712,40,2316,276,71,1840,1221,15942,302263,19532,158,53871,71876,3877,62300,1895,788,11086,3075,3138,51,5997,15002,16101,388,7657,67742,3076,48218,410,1876,1956,14209,871,58829,1707,12594,5509,1244,5502,764,243,62408,11754,5942,20670,9196,28505,60753,657,6308,8668,1787,7537,48601,854,1463,134,203,44,104,4973,687,966,18457,9424,1220,7306,45815,3120,996,1698,3232,2358,4979,8708,9288,12618,146,274,166,1436,54,2061,800,1944,554,57,0,771,1560,1610,27150,13536,82000,3498,43720,59217,23004,35747,21864,39992,629,47856,56673,22553,17873,43582,35754,9716,1269,1656,1553,54,666,1178,295,112,52,220,7550,357,43454,14621,10941,483,335439,64518,6559,48078,20950,2704,1103,61401,31572,69871,6879,98838,339,107119,78,685,1562,125,384,1365,620,5888,5700,111,819,1099,711,1219,533,3932,2277,495,444,8968,5705,3803,6459,1828,364,903,938,456,488,333,922,1353,7091,1694,486,2641,3766,3124,9138,11751,4622,3907,6814,2093,1149,1005,800,1178,537,183,15105,741,1272,9953,482,2977,592,6299,1339,1446,686,1337,482,591,842,3309,2733,1043,1165,985,4422,2295,1510,969,1250,5187,87,119,536,890,1257,845,34755,535,20564,82,845,180,13606,1965,16291,13139,13752,67,6241,340,319,3800,8996,90288,1862,4618,3520,2014,249,3643,482,779,2352,26329,11756,5477,3377,240,537,224,48,146,831,3257,5519,1181,6069,674,712,1921,66294,994,2784,226746,738,12357,1278,9518,9578,3615,408,2790,11792,1001,1662,1718,440,532,628,49078,2068,1444,1796,720,1778,2028,47807,147,18755,3709,144,57767,15273,113,645,11920,2031,186,10744,982,4027,483,5483,1570,21804,2612,2023,995,1692,625,1790,1218,3361,1386,65,1805,129,3607,260,93,463,1401,952,770,1057,48873,1777,9537,5815,1360,1012,1922,832,79060,428,30586,2941,25216,3682,447,6280,55,57709,10502,18929,77294,1735,16928,320,753,501,1500,747,1626,872,1600,12481,1574,37,777,1329,93,94,8515,9213,19,1635,356,50749,55106,41061,10491,62870,7550,916,100043,142267,17895,57244,107274,138206,434,266,870,821,318,1159,2331,713,757,1486,12335,0.0,0.0,0.0,0.0,0.0,0.0,0.0,0.0,0.0,0.0,0.0,0.0,0.0,0.0,0.0,0.0,0.0,0.0,0.0,0.0,0.0,0.0,0.0,0.0,0.0,0.0,0.0,0.0,0.0,0.0,0.0,0.0,0.0,0.0,0.0,0.0,0.0,0.0,0.0,0.0,0.0,0.0,0.0,0.0,0.0,0.0,0.0,0.0,0.0,0.0,0.0,0.0,0.0,0.0,0.0,0.0,0.0,0.0,0.0,0.0,0.0,0.0,0.0,0.0,0.0,0.0,0.0,0.0,0.0,0.0,0.0,0.0,0.0,0.0,0.0,0.0,0.0,0.0,0.0,0.0,0.0,0.0,0.0,0.0,0.0,0.0,0.0,0.0,0.0,0.0,0.0,0.0,0.0,0.0,0.0,0.0,0.0,0.0,0.0,0.0,0.0,0.0,0.0,0.0,0.0,0.0,0.0,0.0,0.0,0.0,0.0,0.0,0.0,0.0,0.0,0.0,0.0,0.0,0.0,0.0,0.0,0.0,0.0,0.0,0.0,0.0,0.0,0.0,0.0,0.0,0.0,0.0,0.0,0.0,0.0,0.0,0.0,0.0,0.0,0.0,0.0,0.0,0.0,0.0,0.0,0.0,0.0,0.0,0.0,0.0
ENCFF243FEQ,0.08050235551135905,17288,23,1488,7005,120,22630,2264,147,133,121,440,1600,978,1986,3250,5517,1303,269,1728,2596,146,411,71,42,27,354,25,938,7992,5759,150,81,235,414,453,3,893,19,27,3851,7688,19,378,7,12,376,2124,3950,3,221,237,271,347,342,7052,218,209,159,70,543,926,72,2230,108,120,8,182,16265,21300,6632,224,128,361,5278,187,311,133,152,182,56,224,402,2453,110,137,1053,19,177,108,9,912,102,12,7614,322,3155,108090,6316,43,16770,23687,964,20744,299,139,3530,946,752,4,2187,4246,3936,22,2448,33271,640,9471,85,372,468,4908,175,7660,330,3158,1693,493,1961,247,60,25048,3039,13,4173,1943,14936,61872,5,1980,790,292,2022,6576,126,125,40,74,49,23,1332,188,680,5597,3141,454,1963,7085,880,371,303,405,441,1414,2088,1888,7634,77,227,11,217,10,404,133,300,198,1,0,87,369,256,18507,4246,49178,879,12091,15072,5843,7316,6418,11941,139,17778,19774,19850,8614,13025,9635,2402,302,6,304,162,134,154,132,160,19,30,2055,72,9106,4209,2268,48,118624,15557,1520,13731,4719,726,297,18298,7227,17092,838,29172,52,30012,54,217,586,306,62,214,137,1594,1723,15,132,179,128,173,100,675,476,1964,169,4420,1938,941,3316,254,59,155,153,58,91,62,777,210,2197,316,87,778,738,522,3464,2812,49,1000,3131,391,216,141,111,184,122,831,3903,108,203,4007,85,602,104,4643,227,241,93,216,1180,96,157,656,588,157,183,150,1956,498,164,162,184,1150,11,9,62,127,323,92,10622,540,7324,24,313,20,3695,603,5236,5674,5750,15,1229,107,114,314,12714,15122,357,978,1200,562,3,739,110,157,524,6303,3725,2542,873,22,209,62,0,36,146,178,1271,193,2085,120,137,480,9296,106,559,77052,131,3320,196,1507,167,819,79,23,1760,151,222,259,90,111,118,486,339,208,240,136,260,369,14219,58,5053,1315,14,21457,4177,1,168,3065,267,37,2691,161,1129,234,1114,238,3108,780,285,192,336,106,351,134,906,177,5,591,3,876,46,18,167,213,80,165,199,4533,365,2043,1136,238,174,443,25,28893,14,8189,544,8619,886,171,1652,33,17769,3342,7126,27062,583,3485,44,64,85,217,88,292,128,891,1538,251,28,91,217,5,13,2647,2945,17,26,155,14882,16551,12835,2906,19731,2095,127,28045,43945,5329,17466,31731,43999,119,110,140,149,53,164,1310,158,283,877,3049,0.0,0.0,0.0,0.0,0.0,0.0,0.0,0.0,0.0,0.0,0.0,0.0,0.0,0.0,0.0,0.0,0.0,0.0,0.0,0.0,0.0,0.0,0.0,0.0,0.0,0.0,0.0,0.0,0.0,0.0,0.0,0.0,0.0,0.0,0.0,0.0,0.0,0.0,0.0,0.0,0.0,0.0,0.0,0.0,0.0,0.0,0.0,0.0,0.0,0.0,0.0,0.0,0.0,0.0,0.0,0.0,0.0,0.0,0.0,0.0,0.0,0.0,0.0,0.0,0.0,0.0,0.0,0.0,0.0,0.0,0.0,0.0,0.0,0.0,0.0,0.0,0.0,0.0,0.0,0.0,0.0,0.0,0.0,0.0,0.0,0.0,0.0,0.0,0.0,0.0,0.0,0.0,0.0,0.0,0.0,0.0,0.0,0.0,0.0,0.0,0.0,0.0,0.0,0.0,0.0,0.0,0.0,0.0,0.0,0.0,0.0,0.0,0.0,0.0,0.0,0.0,0.0,0.0,0.0,0.0,0.0,0.0,0.0,0.0,0.0,0.0,0.0,0.0,0.0,0.0,0.0,0.0,0.0,0.0,0.0,0.0,0.0,0.0,0.0,0.0,0.0,0.0,0.0,0.0,0.0,0.0,0.0,0.0,0.0,0.0
ENCFF794IMD,0.7658904707543841,42293561,1284005,6413,282,0,3266,777,18,115,20,3012,135,131,118,6,50,610,3604,656,933,25,175,253,9924,0,160,1003814,191,30,944,103,2091,635,92,89,13,152,0,0,5625,2247,4,32,11,129942,60,590,10,188396,177,61,68,42,150,54858,13,48,11,2,750,84,0,2,3,2,211662,4,6322,40011,7582,67,29,16752,2987,7,62,22,34,55,5,54,58,521,11,23,238,15,33,48,0,500,13,0,1497,15,2,67044,2474,491,60764,7024,105,6651,107,20,1187,441,297,0,59582,25492,3439,41,2437,28428,8,1325,0,0,37,1220,0,33,28,1749,676,598,500,14,0,7625,267,366672,21,140,3038,24010,98393,1443,129,44,41135,201,25,311851,0,16,103,1,392,79,23,1794,1086,62,353,95,18,116,83,269,109,343,433,572,13880,44,2,3,41,0,55,17,1425,5321,0,0,329,39,66,5384,1194,232019,389,6120,5996,2065,923,5378,4389,21,8469,9303,4393,2468,12008,55378,1489,115,3387,2,1,20,65,34,0,24,0,1346,1,1512,728,18,0,95789857,3461,39704,7477,74,227,415,4224,2558,2629,31,12329,4,10466,9,15,332,1,23,38,29,299,470,0,24,34,9,45,24,148,54,454,101,728,525,191,3521,52,18,40,25,25,10,10,391,37,597,55,18,112,232,89,219,39,1666707,179,10489,126,21,21,19,43,10,126,3435,36,63,987,22,236,14,471,62,51,39,32,0,14,72,112,78,28,41,33,1363,184,22,23,35,120,1,0,22,37,96,2,7010,135,3590,0,51,2,816,97,3086,2175,761,0,581,167,75,1,597,9817,47580,1276,5654,285,342,97,18,13,410,2107,519,189,337,259,585,0,0,0,30,1,508,30,392,16,14,112,116,30239,166,26180,173499,1285,42,398,1170211,126,19,191841,483177,25,64,69,20,13,29,13926919,91,49,49,8,38,60,4470,26,2694,852,0,32595,2728,4,76,720,545,3,628,31,102,50,517,46,109,21,205311,31,54,53,59,36,353,1,12,594,0,233,940,92,6,111875,98,1,10,183,0,204,98,6,250,188,4,15110,83313,5849,1345,2376,570,5,567,0,9897,794,1687,41120,36,187,45,0,13,46,379089,55,36,85,37,37,0,2055,35,0,0,1306,730,0,100667,104,5169,4859,3667,703,5017,2223,85,7494,20406,1410,3624,16643,12575,15,32,26,17,15,30,133,58,200,90,1199,0.0,0.0,0.0,0.0,0.0,0.0,0.0,0.0,0.0,0.0,0.0,0.0,0.0,0.0,0.0,0.0,0.0,0.0,0.0,0.0,0.0,0.0,0.0,0.0,0.0,0.0,0.0,0.0,0.0,0.0,0.0,0.0,0.0,0.0,0.0,0.0,0.0,0.0,0.0,0.0,0.0,0.0,0.0,0.0,0.0,0.0,0.0,0.0,0.0,0.0,0.0,0.0,0.0,0.0,0.0,0.0,0.0,0.0,0.0,0.0,0.0,0.0,0.0,0.0,0.0,0.0,0.0,0.0,0.0,0.0,0.0,0.0,0.0,0.0,0.0,0.0,0.0,0.0,0.0,0.0,0.0,0.0,0.0,0.0,0.0,0.0,0.0,0.0,0.0,0.0,0.0,0.0,0.0,0.0,0.0,0.0,0.0,0.0,0.0,0.0,0.0,0.0,0.0,0.0,0.0,0.0,0.0,0.0,0.0,0.0,0.0,0.0,0.0,0.0,0.0,0.0,0.0,0.0,0.0,0.0,0.0,0.0,0.0,0.0,0.0,0.0,0.0,0.0,0.0,0.0,0.0,0.0,0.0,0.0,0.0,0.0,0.0,0.0,0.0,0.0,0.0,0.0,0.0,0.0,0.0,0.0,0.0,0.0,0.0,0.0
ENCFF754GRT,0.0809703087183708,1341207,2246,12930,453,5,6585,1247,35,190,64,709,454,100,360,45,13,1012,455,1609,3167,81,324,90,4292,28,170,32810,629,198,1404,473,5033,604,302,221,1546,468,10,0,4969,4359,4,309,0,697,74,1177,117,11441,106,132,266,197,305,40827,58,138,95,54,304,267,2,5,30,85,3859,1,15741,33360,17001,196,131,21391,3570,158,167,95,124,239,34,137,139,1767,81,77,683,40,111,74,23,897,16,0,352,140,66,89511,4698,18,43865,20001,501,17561,199,113,2391,843,829,0,31804,17372,7246,136,4091,40284,93,3688,0,1,154,3259,1,64,163,5200,2606,351,1145,127,19,11700,733,21461,150,575,4739,31719,47075,2290,113,198,6495,740,69,10377,6,49,74,5,786,93,154,6511,1654,369,1032,504,237,718,163,368,321,748,1134,990,17661,49,37,1,153,0,277,98,524,184,1036,0,8556,211,138,10359,3487,55996,699,7097,10706,5298,3926,5645,18267,32,15618,16356,5783,6680,18806,28564,2214,200,808,103,5,61,150,68,51,16,1,2662,3,4129,2388,14,4,164754,9736,3219,11190,441,375,545,11293,5247,7929,136,20468,40,19591,43,63,862,3,49,124,128,767,875,1,125,144,118,146,73,365,186,5715,50,2216,790,613,17233,166,68,116,96,54,57,43,915,188,2247,923,61,532,499,322,608,175,44538,528,11594,289,96,105,103,152,81,506,3304,87,154,1725,56,404,46,1265,169,139,89,141,14,93,2071,461,366,115,145,120,1454,379,124,133,145,781,193,17,54,91,135,1,14787,18,8858,4,212,10,1938,225,9296,4588,2113,0,845,60,72,28,1399,8030,893,7772,8244,465,220,447,61,16,263,5174,1746,568,499,84,675,47,0,3,117,20,940,67,867,73,74,84,316,3691,373,61972,413,2836,169,981,37021,599,54,21195,78401,129,148,150,42,49,289,399598,182,135,148,400,150,181,10928,136,2970,2210,1,45232,3300,1,86,3296,300,21,1720,125,413,155,838,153,143,92,10240,134,161,64,247,135,559,50,0,1248,2,645,195,85,74,8280,263,19,110,1003,16,809,446,42,64,297,2,22443,3081,15264,633,4974,390,75,1767,2,17515,2059,3452,38952,309,264,1407,1449,53,349,1339,144,111,251,525,134,10,5409,244,0,0,4552,1567,2,6797,77,8095,15994,16616,1882,12328,1935,71,14848,37401,5119,15059,27232,28671,44,102,114,101,31,121,550,111,555,173,3195,0.0,0.0,0.0,0.0,0.0,0.0,0.0,0.0,0.0,0.0,0.0,0.0,0.0,0.0,0.0,0.0,0.0,0.0,0.0,0.0,0.0,0.0,0.0,0.0,0.0,0.0,0.0,0.0,0.0,0.0,0.0,0.0,0.0,0.0,0.0,0.0,0.0,0.0,0.0,0.0,0.0,0.0,0.0,0.0,0.0,0.0,0.0,0.0,0.0,0.0,0.0,0.0,0.0,0.0,0.0,0.0,0.0,0.0,0.0,0.0,0.0,0.0,0.0,0.0,0.0,0.0,0.0,0.0,0.0,0.0,0.0,0.0,0.0,0.0,0.0,0.0,0.0,0.0,0.0,0.0,0.0,0.0,0.0,0.0,0.0,0.0,0.0,0.0,0.0,0.0,0.0,0.0,0.0,0.0,0.0,0.0,0.0,0.0,0.0,0.0,0.0,0.0,0.0,0.0,0.0,0.0,0.0,0.0,0.0,0.0,0.0,0.0,0.0,0.0,0.0,0.0,0.0,0.0,0.0,0.0,0.0,0.0,0.0,0.0,0.0,0.0,0.0,0.0,0.0,0.0,0.0,0.0,0.0,0.0,0.0,0.0,0.0,0.0,0.0,0.0,0.0,0.0,0.0,0.0,0.0,0.0,0.0,0.0,0.0,0.0
ENCFF792SUU,0.15286841172781981,39382,399,2836,26477,321,51150,6746,177,322,356,813,2445,1735,5043,12396,9986,2907,634,5674,6115,243,1026,100,73,50,834,666,2574,37535,4461,320,204,523,1382,1395,41,2380,37,63,8087,14073,67,887,24,133,904,5500,15492,67,601,583,911,629,311,8952,161,526,372,190,964,1270,190,10656,947,788,234,128,49385,54724,11184,852,504,1094,8339,465,1045,339,560,636,160,591,1041,4693,234,320,2554,23,550,329,17,1722,186,33,1699,956,14548,194211,13433,91,36847,48806,2324,42249,1160,397,7016,1927,2120,18,3703,8972,9430,193,4124,48393,1569,25333,174,725,1324,9788,327,36421,993,7547,3558,1054,3520,474,154,40858,7021,914,20725,5127,17632,38472,73,3701,3411,929,3906,39627,564,294,50,138,17,51,3266,459,853,10823,6421,802,4859,26362,2189,569,1012,2074,1719,3125,5250,4873,7308,59,225,97,684,79,1177,344,2072,972,70,8,350,855,890,19676,9620,53771,2073,28023,37728,15617,32899,13605,25494,336,32528,37310,13808,12024,28347,24595,6854,858,292,1130,55,355,610,281,93,58,285,4622,194,46626,11028,4899,640,244042,41290,4350,36341,17679,1677,743,46932,20895,51714,1613,61542,256,60787,54,354,950,183,169,830,263,3113,3049,29,373,579,323,637,237,2277,1309,262,288,4944,3237,1993,3694,704,181,410,490,247,212,169,606,762,5159,856,201,1860,2319,1807,6812,46236,765,2130,4023,1177,663,596,408,633,293,193,9611,320,544,6266,229,1676,221,3886,630,708,357,575,178,294,435,1677,1635,457,631,475,2748,1262,560,448,652,2931,23,32,262,403,665,143,18925,120,11678,12,649,103,8136,1140,9199,7079,7879,40,3345,91,225,2226,5247,58051,982,2533,2287,1237,40,2289,357,434,1141,14566,6652,2938,1936,86,200,88,41,86,436,1624,2852,631,4004,355,339,1102,32265,233,1535,150422,610,7624,660,4640,1431,2142,179,311,4290,450,907,968,275,238,335,3998,1108,687,992,428,961,1132,30138,84,10617,2418,35,33316,10082,43,440,7396,1043,79,6081,502,1917,376,3183,788,17125,2399,619,526,927,296,1090,587,1809,826,64,1123,64,1794,159,17,216,481,609,363,998,16398,673,6041,3722,612,626,1145,220,47207,76,18039,1402,16516,2162,248,3542,70,32856,6128,10473,46165,5271,14953,190,330,198,637,438,977,467,880,7733,908,18,326,699,55,41,5845,6106,14,195,232,33451,42649,28023,7809,43564,5410,439,73497,100087,12966,43275,75839,94790,275,209,467,428,128,576,1567,383,479,760,7079,0.0,0.0,0.0,0.0,0.0,0.0,0.0,0.0,0.0,0.0,0.0,0.0,0.0,0.0,0.0,0.0,0.0,0.0,0.0,0.0,0.0,0.0,0.0,0.0,0.0,0.0,0.0,0.0,0.0,0.0,0.0,0.0,0.0,0.0,0.0,0.0,0.0,0.0,0.0,0.0,0.0,0.0,0.0,0.0,0.0,0.0,0.0,0.0,0.0,0.0,0.0,0.0,0.0,0.0,0.0,0.0,0.0,0.0,0.0,0.0,0.0,0.0,0.0,0.0,0.0,0.0,0.0,0.0,0.0,0.0,0.0,0.0,0.0,0.0,0.0,0.0,0.0,0.0,0.0,0.0,0.0,0.0,0.0,0.0,0.0,0.0,0.0,0.0,0.0,0.0,0.0,0.0,0.0,0.0,0.0,0.0,0.0,0.0,0.0,0.0,0.0,0.0,0.0,0.0,0.0,0.0,0.0,0.0,0.0,0.0,0.0,0.0,0.0,0.0,0.0,0.0,0.0,0.0,0.0,0.0,0.0,0.0,0.0,0.0,0.0,0.0,0.0,0.0,0.0,0.0,0.0,0.0,0.0,0.0,0.0,0.0,0.0,0.0,0.0,0.0,0.0,0.0,0.0,0.0,0.0,0.0,0.0,0.0,0.0,0.0
ENCFF000VVB,0.06328029375764994,2415,20,396,2844,56,5665,323,39,43,14,54,314,308,701,1490,1885,284,39,353,402,19,54,3,4,5,70,57,259,2162,271,17,20,30,180,113,2,130,1,3,841,831,2,65,2,3,43,392,2145,8,66,74,96,39,27,471,13,18,26,15,51,133,40,963,12,467,18,12,3821,4033,529,69,56,87,432,19,85,53,74,88,21,90,70,328,51,35,235,1,48,37,1,91,17,0,93,91,1336,12920,816,4,2333,3365,185,2719,746,31,365,110,104,4,204,536,497,9,342,2189,242,2294,38,209,182,634,91,2939,114,438,199,35,213,25,6,2168,1137,37,1910,638,983,1976,16,325,219,91,266,3117,28,20,5,10,1,3,154,28,53,726,353,53,384,2847,326,26,73,87,97,223,313,302,435,3,10,5,83,2,126,39,480,9032,1,0,48,69,83,1149,502,3321,195,2254,2751,1037,2756,1020,2332,6,2285,2616,819,652,1973,1360,604,55,11,62,7,55,62,18,3,0,1,295,30,3705,991,812,20,15128,2904,280,1983,1807,75,93,3038,1395,4414,404,3008,9,3222,2,16,101,34,13,79,9,220,150,1,51,82,48,58,34,192,104,20,19,306,230,126,209,86,26,56,40,36,25,18,28,105,372,86,25,335,195,140,985,2507,38,201,534,128,47,34,31,52,42,15,555,39,70,381,28,141,40,272,82,81,42,76,11,34,34,205,182,71,74,57,169,155,65,55,67,248,0,4,28,42,49,20,1109,7,636,1,41,5,453,62,432,534,494,0,178,4,18,105,337,5344,51,140,132,68,0,210,19,36,39,1026,452,252,114,3,16,9,4,9,54,99,358,38,316,39,44,252,3826,37,157,9657,37,449,76,384,59,179,23,25,349,79,92,70,40,24,12,241,104,75,66,23,85,67,1901,9,796,176,1,1942,638,3,20,458,47,6,507,64,103,22,450,86,1183,271,49,73,75,33,79,64,89,64,2,64,1,143,7,4,17,15,28,48,73,2545,175,837,464,124,36,71,20,2697,10,1047,148,918,93,20,237,5,2446,530,710,3166,182,1257,18,20,25,56,33,79,52,117,527,82,3,13,107,2,3,302,299,0,12,13,2009,3077,2400,575,2682,558,24,5744,7329,1138,3306,5719,6061,29,14,51,68,31,67,94,20,26,46,494,0.0,0.0,0.0,0.0,0.0,0.0,0.0,0.0,0.0,0.0,0.0,0.0,0.0,0.0,0.0,0.0,0.0,0.0,0.0,0.0,0.0,0.0,0.0,0.0,0.0,0.0,0.0,0.0,0.0,0.0,0.0,0.0,0.0,0.0,0.0,0.0,0.0,0.0,0.0,0.0,0.0,0.0,0.0,0.0,0.0,0.0,0.0,0.0,0.0,0.0,0.0,0.0,0.0,0.0,0.0,0.0,0.0,0.0,0.0,0.0,0.0,0.0,0.0,0.0,0.0,0.0,0.0,0.0,0.0,0.0,0.0,0.0,0.0,0.0,0.0,0.0,0.0,0.0,0.0,0.0,0.0,0.0,0.0,0.0,0.0,0.0,0.0,0.0,0.0,0.0,0.0,0.0,0.0,0.0,0.0,0.0,0.0,0.0,0.0,0.0,0.0,0.0,0.0,0.0,0.0,0.0,0.0,0.0,0.0,0.0,0.0,0.0,0.0,0.0,0.0,0.0,0.0,0.0,0.0,0.0,0.0,0.0,0.0,0.0,0.0,0.0,0.0,0.0,0.0,0.0,0.0,0.0,0.0,0.0,0.0,0.0,0.0,0.0,0.0,0.0,0.0,0.0,0.0,0.0,0.0,0.0,0.0,0.0,0.0,0.0
ENCFF000MSV,0.05850830503177422,266758,16524,7712,533,2,4071,1162,47,152,49,931,400,137,326,58,237,795,462,1997,1924,120,384,183,85,6,78,48973,577,210,1230,244,917,6042,317,228,1093,369,0,0,3019,3842,0,205,0,3696,65,900,189,1519,73,89,204,162,296,31473,37,236,70,10,315,189,2,191,26,103,5412,2,10085,37496,12766,159,109,8327,2758,206,160,64,118,140,18,113,160,1573,49,60,491,24,103,66,0,878,22,3,227,125,120,77138,3795,13,122860,13416,419,12340,271,86,2071,651,452,0,41685,36105,4777,4,1785,63067,108,2503,0,2,122,2454,1,87,128,2952,1318,372,908,123,48,10733,829,31533,275,510,5076,36135,7213,2971,112,130,1733,730,156,3886,4,52,27,2,597,73,145,3679,1704,223,851,442,239,987,144,655,390,660,1882,2541,20188,33,671,60,109,1,217,76,564,6872,2432,0,1362,190,138,8018,2796,19326,517,5134,7181,3596,3026,3542,8525,52,10183,10801,6937,4066,13615,31451,5991,133,4503,256,9,44,114,50,14,77,1,2414,16,2237,2053,221,4,918557,9791,2489,12125,694,339,643,11116,6233,8918,59,16281,28,15484,43,42,1079,0,31,109,67,711,693,0,84,117,89,132,58,315,177,1116,39,1323,854,414,5197,139,31,60,101,54,52,34,564,150,1899,440,52,412,341,264,469,191,59934,427,20408,245,88,73,62,143,71,221,2859,64,94,1643,29,373,49,1024,80,119,84,124,19,69,2096,363,304,105,134,111,7464,283,86,106,114,533,99,15,53,99,130,11,9905,10,7132,25,165,5,1707,229,5290,4116,4103,0,688,73,101,4,1088,11838,637,7899,2219,331,194,340,38,17,241,4833,2060,367,398,372,761,20,0,0,87,20,940,81,988,53,70,83,464,557,231,47300,1582,2541,109,662,47616,449,42,4205,14831,95,129,151,58,153,440,73105,174,123,180,75,154,157,13262,46,2487,1577,1,52664,2021,1,109,1633,287,11,1344,96,327,126,578,140,162,120,10157,100,148,71,186,101,782,15,2,473,0,453,240,117,72,11484,48,27,84,591,10,737,339,41,60,199,2,21134,3687,6567,812,5136,379,84,1020,1,11883,1420,2667,27998,214,223,1603,1,48,295,9781,127,99,211,370,142,14,972,119,0,0,2438,1386,7,9822,38,6522,10712,7708,1093,9458,2613,134,12028,26412,3193,10100,21461,21769,39,55,89,95,24,100,377,83,402,137,2009,0.0,0.0,0.0,0.0,0.0,0.0,0.0,0.0,0.0,0.0,0.0,0.0,0.0,0.0,0.0,0.0,0.0,0.0,0.0,0.0,0.0,0.0,0.0,0.0,0.0,0.0,0.0,0.0,0.0,0.0,0.0,0.0,0.0,0.0,0.0,0.0,0.0,0.0,0.0,0.0,0.0,0.0,0.0,0.0,0.0,0.0,0.0,0.0,0.0,0.0,0.0,0.0,0.0,0.0,0.0,0.0,0.0,0.0,0.0,0.0,0.0,0.0,0.0,0.0,0.0,0.0,0.0,0.0,0.0,0.0,0.0,0.0,0.0,0.0,0.0,0.0,0.0,0.0,0.0,0.0,0.0,0.0,0.0,0.0,0.0,0.0,0.0,0.0,0.0,0.0,0.0,0.0,0.0,0.0,0.0,0.0,0.0,0.0,0.0,0.0,0.0,0.0,0.0,0.0,0.0,0.0,0.0,0.0,0.0,0.0,0.0,0.0,0.0,0.0,0.0,0.0,0.0,0.0,0.0,0.0,0.0,0.0,0.0,0.0,0.0,0.0,0.0,0.0,0.0,0.0,0.0,0.0,0.0,0.0,0.0,0.0,0.0,0.0,0.0,0.0,0.0,0.0,0.0,0.0,0.0,0.0,0.0,0.0,0.0,0.0
ENCFF885LME,0.14912674600857767,7151,36,427,11377,97,23263,1554,85,65,47,107,851,325,1350,4069,4994,388,138,1255,895,23,115,14,15,23,289,250,816,6673,674,28,14,99,577,515,12,550,10,1,1516,1785,16,76,10,10,156,1421,6862,21,143,334,413,57,50,833,13,77,54,41,141,371,228,3847,169,96,60,19,10414,8568,911,360,195,427,815,39,381,184,247,252,66,336,370,569,88,224,1024,7,253,198,3,183,47,8,320,320,7016,29447,1678,24,4358,6835,687,5815,377,211,741,253,328,5,533,1110,1217,47,946,5645,403,8321,47,222,294,1277,87,13270,366,1009,406,69,352,61,13,4642,1354,122,7267,1517,1646,4349,10,1091,1222,353,649,11799,143,39,31,17,5,3,379,68,62,1815,625,60,874,10885,849,59,343,223,208,515,749,713,953,7,25,11,303,7,413,164,257,130,5,3,140,116,308,2091,1098,7175,620,4761,6491,2828,7122,2981,5667,58,4821,6018,1682,1548,4787,3375,1141,242,30,201,7,186,357,22,8,12,27,732,20,10847,2349,1735,86,43028,8128,886,5185,6324,182,106,7663,3993,13654,513,6728,19,6421,0,45,146,6,90,261,52,1034,515,9,214,210,163,289,118,768,413,22,39,1148,744,408,514,449,107,220,225,119,71,75,60,361,1051,268,107,294,640,509,3248,20383,213,595,566,307,262,201,200,268,172,7,1671,162,393,990,100,392,159,776,380,299,221,277,28,127,124,716,601,280,263,236,458,465,318,201,315,910,7,7,129,221,88,78,2273,31,1355,4,39,11,1120,140,1303,1256,1651,6,550,15,9,502,514,20919,120,344,573,221,12,569,27,42,297,3713,1635,764,261,15,27,15,1,10,183,358,376,195,660,201,134,398,15744,57,482,18979,140,1111,302,1724,347,623,85,66,687,258,307,328,108,114,34,1546,419,281,318,126,333,344,4688,4,2903,258,13,4491,1369,7,82,1037,213,6,1624,189,147,24,875,280,6837,740,88,207,322,151,223,282,164,177,7,137,8,393,31,19,14,37,123,52,189,6326,234,2277,1027,179,141,113,59,4566,15,2317,311,1725,228,30,441,0,6610,1188,1994,8060,970,4920,38,64,104,287,125,281,246,283,1548,286,5,47,305,6,4,541,562,1,26,16,4606,7578,6121,1597,5711,780,277,13436,15975,2684,7388,12412,13893,52,18,191,193,74,237,160,66,47,134,1232,0.0,0.0,0.0,0.0,0.0,0.0,0.0,0.0,0.0,0.0,0.0,0.0,0.0,0.0,0.0,0.0,0.0,0.0,0.0,0.0,0.0,0.0,0.0,0.0,0.0,0.0,0.0,0.0,0.0,0.0,0.0,0.0,0.0,0.0,0.0,0.0,0.0,0.0,0.0,0.0,0.0,0.0,0.0,0.0,0.0,0.0,0.0,0.0,0.0,0.0,0.0,0.0,0.0,0.0,0.0,0.0,0.0,0.0,0.0,0.0,0.0,0.0,0.0,0.0,0.0,0.0,0.0,0.0,0.0,0.0,0.0,0.0,0.0,0.0,0.0,0.0,0.0,0.0,0.0,0.0,0.0,0.0,0.0,0.0,0.0,0.0,0.0,0.0,0.0,0.0,0.0,0.0,0.0,0.0,0.0,0.0,0.0,0.0,0.0,0.0,0.0,0.0,0.0,0.0,0.0,0.0,0.0,0.0,0.0,0.0,0.0,0.0,0.0,0.0,0.0,0.0,0.0,0.0,0.0,0.0,0.0,0.0,0.0,0.0,0.0,0.0,0.0,0.0,0.0,0.0,0.0,0.0,0.0,0.0,0.0,0.0,0.0,0.0,0.0,0.0,0.0,0.0,0.0,0.0,0.0,0.0,0.0,0.0,0.0,0.0
ENCFF000VWF,0.17383502513688479,28810,152,2749,28254,698,87089,3977,262,426,230,389,2735,3638,7790,17500,28187,2585,300,4163,4054,85,453,50,47,34,745,759,2768,23464,2522,154,108,348,1604,1428,55,1465,17,17,5167,7230,59,439,42,40,384,4461,17693,86,373,906,1314,297,171,3937,99,231,294,82,467,1223,430,10964,215,244,220,78,36565,33820,4218,942,614,1023,3169,215,1093,524,723,803,168,972,1003,2412,407,531,3175,12,827,478,21,763,237,37,825,1172,15029,113879,6388,83,17349,26196,2107,22134,952,588,3161,991,1023,11,1724,4489,4492,59,3088,20531,2318,31757,530,2037,1916,6049,811,43721,1104,3842,1847,476,1621,316,96,18045,10954,714,22127,7245,6670,17771,216,3537,2783,994,2476,31312,150,213,89,86,40,29,1405,235,390,7252,2863,478,3043,29533,2858,335,1028,573,505,2089,2779,2351,3122,56,90,27,971,14,1611,601,376,316,20,6,482,485,796,9421,4467,28145,1743,21736,22812,10506,24201,10063,21402,229,18474,22276,6869,5857,15515,11807,3812,603,179,581,63,456,819,147,73,27,31,2573,321,38563,9012,10311,183,128362,26322,2612,18177,20137,655,383,27988,13162,45497,3877,26598,99,26001,53,246,556,154,286,802,166,3111,1470,25,621,837,546,835,357,2015,1200,158,135,3639,2158,1595,1567,1129,320,640,664,339,343,234,299,1098,3700,1057,338,1296,1956,1789,8348,24631,466,1913,1875,1159,756,564,613,915,536,96,4511,428,724,3459,329,1255,337,3015,993,902,570,820,143,449,460,2082,2091,765,842,677,1750,1292,738,714,880,3413,21,28,358,576,306,413,9190,110,6113,31,350,55,4511,494,4193,4401,5377,27,1907,93,131,970,2538,56896,405,1269,1568,786,55,2184,153,407,408,11065,4967,2714,864,35,144,94,22,53,580,918,1740,452,2856,469,452,1460,39948,324,1777,81729,435,3977,894,4391,855,2019,288,375,3005,712,837,914,321,367,170,4364,986,849,915,389,957,1097,16727,48,7393,1477,15,17237,5162,20,198,4005,428,46,5136,735,761,196,2408,960,14793,2762,472,681,914,510,1009,750,839,637,11,766,35,1273,58,37,117,277,123,621,593,26360,1852,7914,4704,1192,354,514,166,21795,125,10368,1316,7721,876,273,1775,29,20429,3900,6968,29561,1621,13520,218,137,351,824,402,937,704,1178,5899,838,40,148,867,19,26,2439,2606,5,187,175,15896,30321,23760,5627,23837,2796,386,49255,63722,10057,31139,46190,54368,214,125,666,638,227,783,728,226,269,487,4808,0.0,0.0,0.0,0.0,0.0,0.0,0.0,0.0,0.0,0.0,0.0,0.0,0.0,0.0,0.0,0.0,0.0,0.0,0.0,0.0,0.0,0.0,0.0,0.0,0.0,0.0,0.0,0.0,0.0,0.0,0.0,0.0,0.0,0.0,0.0,0.0,0.0,0.0,0.0,0.0,0.0,0.0,0.0,0.0,0.0,0.0,0.0,0.0,0.0,0.0,0.0,0.0,0.0,0.0,0.0,0.0,0.0,0.0,0.0,0.0,0.0,0.0,0.0,0.0,0.0,0.0,0.0,0.0,0.0,0.0,0.0,0.0,0.0,0.0,0.0,0.0,0.0,0.0,0.0,0.0,0.0,0.0,0.0,0.0,0.0,0.0,0.0,0.0,0.0,0.0,0.0,0.0,0.0,0.0,0.0,0.0,0.0,0.0,0.0,0.0,0.0,0.0,0.0,0.0,0.0,0.0,0.0,0.0,0.0,0.0,0.0,0.0,0.0,0.0,0.0,0.0,0.0,0.0,0.0,0.0,0.0,0.0,0.0,0.0,0.0,0.0,0.0,0.0,0.0,0.0,0.0,0.0,0.0,0.0,0.0,0.0,0.0,0.0,0.0,0.0,0.0,0.0,0.0,0.0,0.0,0.0,0.0,0.0,0.0,0.0
ENCFF339LBU,0.1616728931946127,50734,335,4062,73493,917,236206,12336,446,708,395,615,5015,4756,11776,39150,84099,3687,1006,10517,6515,145,1057,64,114,74,1949,1944,5174,70796,5412,306,124,886,3597,3210,44,3980,32,12,10722,14776,124,620,110,53,1102,9755,43181,167,1075,2527,2541,514,323,7910,140,549,350,222,1164,2316,1007,32736,842,825,490,53,80101,64026,7699,2235,1294,2890,7372,345,2606,1114,1433,1573,449,1990,2126,4397,805,1315,6545,29,1424,1310,42,1610,333,72,2393,1783,36364,230622,13348,148,35151,51970,4350,44547,2375,1183,6473,2032,2210,33,4440,9391,10239,351,6140,43658,4082,60844,356,1861,2293,10444,853,94862,2366,8008,3215,562,3161,321,136,40476,16062,1144,57554,13718,15890,36104,96,6589,12387,2216,4683,87564,612,308,205,130,52,58,3076,582,330,12522,5701,541,5924,72891,5190,595,2258,1854,2477,4017,5039,5008,7406,52,159,59,1961,35,2559,1155,1328,98308,25,3,898,885,2184,17341,8379,56312,3995,44495,47404,19599,54836,21023,39091,1025,36952,45293,13531,12012,34333,25338,7747,1445,223,1314,33,1211,1937,166,33,53,97,5319,423,83846,16542,25428,641,297577,57278,5764,36709,56738,1513,620,53601,28797,96894,6209,53930,114,53313,15,475,974,50,530,1662,372,6625,4111,77,1309,1372,1107,1802,805,4592,2603,217,312,8582,4983,2939,3988,2885,602,1409,1434,751,585,441,511,2219,6815,1672,671,2147,4245,3388,20916,45551,1322,4332,4273,2134,1501,1239,1169,1670,962,75,10957,996,2444,7633,572,2858,920,5880,2380,1997,1311,1782,231,880,925,4348,3554,1425,1679,1462,3628,2895,2424,1288,2065,6655,51,54,771,1336,717,836,20298,347,12310,42,443,76,8951,978,10654,8970,12253,47,4769,75,118,3719,4966,165872,773,2776,3812,1610,54,4414,130,560,1940,27235,14049,4100,2101,21,149,95,26,43,1050,1854,3140,1356,4538,1121,886,5952,134337,421,3131,146771,884,8821,1778,12164,2289,4170,522,445,5014,1420,1935,1996,628,588,327,10311,2626,1990,2026,765,2191,2458,35715,29,19883,2179,51,36028,10738,76,508,7203,1287,48,10896,1351,1274,205,6068,1862,27676,4747,748,1294,1972,956,1723,1572,1677,1683,21,1210,29,3199,219,21,113,311,1476,794,1454,62221,2106,14237,6879,1277,1030,981,421,41151,125,20088,1978,14306,2001,191,3794,8,47028,8429,14680,58808,1998,37502,292,655,679,1664,886,1892,1273,1842,15136,1832,19,290,2054,37,39,4496,4789,52,225,137,36533,50022,40624,10334,45168,6404,960,101617,118360,18198,51350,91785,105628,640,148,1219,1210,433,1676,1211,377,247,1094,9349,0.0,0.0,0.0,0.0,0.0,0.0,0.0,0.0,0.0,0.0,0.0,0.0,0.0,0.0,0.0,0.0,0.0,0.0,0.0,0.0,0.0,0.0,0.0,0.0,0.0,0.0,0.0,0.0,0.0,0.0,0.0,0.0,0.0,0.0,0.0,0.0,0.0,0.0,0.0,0.0,0.0,0.0,0.0,0.0,0.0,0.0,0.0,0.0,0.0,0.0,0.0,0.0,0.0,0.0,0.0,0.0,0.0,0.0,0.0,0.0,0.0,0.0,0.0,0.0,0.0,0.0,0.0,0.0,0.0,0.0,0.0,0.0,0.0,0.0,0.0,0.0,0.0,0.0,0.0,0.0,0.0,0.0,0.0,0.0,0.0,0.0,0.0,0.0,0.0,0.0,0.0,0.0,0.0,0.0,0.0,0.0,0.0,0.0,0.0,0.0,0.0,0.0,0.0,0.0,0.0,0.0,0.0,0.0,0.0,0.0,0.0,0.0,0.0,0.0,0.0,0.0,0.0,0.0,0.0,0.0,0.0,0.0,0.0,0.0,0.0,0.0,0.0,0.0,0.0,0.0,0.0,0.0,0.0,0.0,0.0,0.0,0.0,0.0,0.0,0.0,0.0,0.0,0.0,0.0,0.0,0.0,0.0,0.0,0.0,0.0
ENCFF784YDQ,0.1631574982131652,167886,611,1337,11437,71,15070,2755,80,106,94,221,818,630,1832,8234,4361,825,131,2050,1842,99,220,30,14,14,231,15831,841,8377,1086,75,465,181,453,406,444,527,7,28,2480,3567,17,183,19,158,114,1583,7411,1590,105,249,338,146,86,3182,65,85,152,46,186,467,86,5684,99,199,4065,29,15735,14860,2740,267,169,3057,2342,110,319,115,175,204,56,248,286,1183,116,140,923,4,208,123,4,418,71,10,409,333,5366,51736,3246,48,8800,12192,688,10767,312,136,1790,588,616,3,1085,2592,2439,27,1471,10816,445,3621,52,185,374,2464,83,7472,313,1993,1255,261,855,103,69,10790,2431,8503,7712,1786,6823,8544,2597,1333,1151,287,2181,11055,228,1920,35,33,5,9,697,83,366,3350,1404,208,1071,11845,823,143,311,407,481,895,1868,1585,2745,19,18,17,219,2,456,157,514,357,310,10,1135,248,246,5003,2160,15837,689,7449,8706,4348,9578,4048,7730,71,8371,9924,3359,2767,7572,5742,1994,232,2704,225,64,105,241,48,9,13,25,1231,63,15216,3178,1757,118,112829,11010,2506,8166,7868,319,243,11910,5921,18259,461,15069,54,14426,9,98,278,42,66,237,61,1162,753,10,147,237,154,219,100,646,324,54,76,1299,963,538,1203,288,86,138,163,83,72,72,292,285,1569,322,94,531,610,543,2940,10754,8606,617,1462,346,200,157,138,210,125,168,2551,121,192,1725,80,394,105,1239,260,246,123,222,186,103,395,606,592,178,208,171,853,413,198,214,240,1109,9,10,95,135,191,63,4664,26,3651,10,157,116,1838,318,2500,2113,2100,8,759,19,66,511,1157,18475,1182,1367,690,333,790,784,50,58,201,4147,2218,836,423,18,78,34,7,4,179,427,716,151,1015,119,124,339,13614,625,549,37289,219,1703,247,1381,16453,741,59,5387,15878,182,242,255,94,94,246,66834,295,214,270,165,323,310,7447,18,3108,701,12,10127,2066,6,97,1835,218,9,1949,208,422,82,771,290,7067,908,2026,195,264,98,288,196,515,266,5,346,10,534,24,49,57,2146,179,109,247,7277,182,2210,1100,178,143,380,92,14000,1195,5079,2881,4035,417,95,856,12,9348,1857,2924,15343,894,9648,243,145,99,1096,408,269,196,539,2917,224,13,1731,273,15,18,1396,1374,1,3216,60,7461,11952,9029,2083,10450,1224,87,21064,26616,3932,11929,19454,23987,69,52,170,183,40,210,764,119,177,185,2120,0.0,0.0,0.0,0.0,0.0,0.0,0.0,0.0,0.0,0.0,0.0,0.0,0.0,0.0,0.0,0.0,0.0,0.0,0.0,0.0,0.0,0.0,0.0,0.0,0.0,0.0,0.0,0.0,0.0,0.0,0.0,0.0,0.0,0.0,0.0,0.0,0.0,0.0,0.0,0.0,0.0,0.0,0.0,0.0,0.0,0.0,0.0,0.0,0.0,0.0,0.0,0.0,0.0,0.0,0.0,0.0,0.0,0.0,0.0,0.0,0.0,0.0,0.0,0.0,0.0,0.0,0.0,0.0,0.0,0.0,0.0,0.0,0.0,0.0,0.0,0.0,0.0,0.0,0.0,0.0,0.0,0.0,0.0,0.0,0.0,0.0,0.0,0.0,0.0,0.0,0.0,0.0,0.0,0.0,0.0,0.0,0.0,0.0,0.0,0.0,0.0,0.0,0.0,0.0,0.0,0.0,0.0,0.0,0.0,0.0,0.0,0.0,0.0,0.0,0.0,0.0,0.0,0.0,0.0,0.0,0.0,0.0,0.0,0.0,0.0,0.0,0.0,0.0,0.0,0.0,0.0,0.0,0.0,0.0,0.0,0.0,0.0,0.0,0.0,0.0,0.0,0.0,0.0,0.0,0.0,0.0,0.0,0.0,0.0,0.0
ENCFF509BGR,0.06877897961139001,34148,335,1760,8796,92,12355,2710,112,105,92,355,1427,613,1956,5311,2978,870,121,1692,1925,63,206,23,29,21,366,2087,1164,7301,1224,64,163,155,694,546,63,653,18,69,3168,3203,24,246,25,108,195,2071,8071,358,160,351,505,141,207,2285,63,101,186,122,246,723,75,3758,362,447,575,143,15562,17144,2436,439,248,762,1935,80,413,164,271,313,77,321,366,1144,157,177,1247,7,288,166,5,342,85,9,413,439,4645,57415,3235,52,8955,13885,852,12061,591,234,1702,546,599,11,1185,2958,2963,27,1860,9747,509,5723,66,256,450,2848,106,7548,434,1899,927,371,838,89,38,9516,2372,1362,6467,1948,5416,8397,363,1683,879,424,1607,11266,153,316,30,39,15,8,655,97,459,3465,1368,169,1355,9303,1073,121,387,482,590,1055,1363,1130,2232,46,89,7,351,5,633,211,852,2399,73,9,268,260,309,5233,2170,15638,777,8544,10185,5121,9824,4734,10030,59,9574,11550,4030,2954,8507,6312,2382,342,412,334,153,195,291,59,34,9,17,1420,80,12027,3775,1612,113,94255,12673,1489,9223,6170,401,264,13553,6652,18116,562,14938,96,13263,33,119,459,223,84,298,92,1419,776,29,215,339,203,335,151,848,496,239,73,1589,1015,704,1027,431,109,212,247,122,118,84,248,352,2205,392,121,620,912,766,3749,17900,1452,750,1282,470,303,225,190,330,196,91,2565,154,272,1742,112,521,133,1475,361,329,192,314,207,156,310,886,863,274,315,229,814,551,235,281,341,1542,24,13,134,216,283,138,4878,51,3286,8,137,31,2003,238,2634,2422,2597,11,890,29,50,525,1295,20851,273,872,754,373,129,1104,57,72,233,5820,2324,1923,392,14,91,46,4,32,222,458,955,182,1401,168,145,403,11816,196,789,39704,233,1712,388,1823,2194,916,93,918,3446,302,326,343,155,144,98,11141,391,349,367,199,385,442,7984,21,3441,834,9,8774,2347,17,71,2657,279,18,2305,247,634,82,1090,367,6074,931,452,287,380,136,387,279,442,307,5,387,12,680,129,52,36,353,150,117,292,8493,223,2863,1472,194,151,312,52,11198,219,5627,892,3665,378,131,972,29,11776,2261,3798,16818,1558,5328,108,119,131,411,336,340,268,667,2972,331,23,252,361,11,10,1235,1084,7,415,60,7788,14644,10482,2774,11188,1375,351,22113,30991,4544,13685,22921,27066,65,65,263,229,69,264,507,140,134,251,2174,0.0,0.0,0.0,0.0,0.0,0.0,0.0,0.0,0.0,0.0,0.0,0.0,0.0,0.0,0.0,0.0,0.0,0.0,0.0,0.0,0.0,0.0,0.0,0.0,0.0,0.0,0.0,0.0,0.0,0.0,0.0,0.0,0.0,0.0,0.0,0.0,0.0,0.0,0.0,0.0,0.0,0.0,0.0,0.0,0.0,0.0,0.0,0.0,0.0,0.0,0.0,0.0,0.0,0.0,0.0,0.0,0.0,0.0,0.0,0.0,0.0,0.0,0.0,0.0,0.0,0.0,0.0,0.0,0.0,0.0,0.0,0.0,0.0,0.0,0.0,0.0,0.0,0.0,0.0,0.0,0.0,0.0,0.0,0.0,0.0,0.0,0.0,0.0,0.0,0.0,0.0,0.0,0.0,0.0,0.0,0.0,0.0,0.0,0.0,0.0,0.0,0.0,0.0,0.0,0.0,0.0,0.0,0.0,0.0,0.0,0.0,0.0,0.0,0.0,0.0,0.0,0.0,0.0,0.0,0.0,0.0,0.0,0.0,0.0,0.0,0.0,0.0,0.0,0.0,0.0,0.0,0.0,0.0,0.0,0.0,0.0,0.0,0.0,0.0,0.0,0.0,0.0,0.0,0.0,0.0,0.0,0.0,0.0,0.0,0.0
ENCFF000XGY,0.08761327272158353,4786,17,174,2340,72,7908,363,29,42,19,21,148,262,405,768,2173,204,27,316,343,19,48,4,3,2,20,288,173,2202,223,12,22,27,103,85,10,111,2,1,474,753,1,45,2,5,39,271,1620,29,33,43,73,36,28,470,15,17,18,13,45,69,7,722,10,106,109,2,2537,2589,526,46,31,117,458,10,59,34,33,50,10,53,58,262,27,19,174,1,34,30,7,100,19,2,74,61,712,10285,657,2,1745,2431,129,2092,108,29,329,137,89,1,183,468,503,16,306,1975,186,2322,70,201,161,551,98,3203,75,407,154,50,211,37,6,1917,691,154,1317,439,910,1769,49,247,191,55,240,1564,43,42,3,5,3,3,124,17,45,593,309,49,196,2117,177,27,53,111,99,164,265,240,354,3,7,2,46,5,95,32,173,5672,5,0,47,55,37,961,403,2704,117,1772,2156,781,1664,767,1467,13,1716,1942,620,630,1357,1090,399,46,64,45,4,26,44,18,1,2,1,210,15,1760,673,769,19,13683,2370,212,1561,1201,72,44,2154,938,2939,374,2660,12,2785,1,19,51,14,20,37,15,176,128,3,29,49,25,45,19,118,75,12,6,258,188,110,201,61,16,34,27,22,14,21,33,50,275,63,24,87,140,89,693,1363,157,105,267,73,36,24,26,41,19,10,552,25,39,303,17,72,26,174,51,57,34,46,17,20,22,113,96,40,45,33,168,68,42,34,36,160,1,3,23,25,45,22,935,15,600,2,41,11,436,53,430,409,391,3,129,10,17,52,223,3513,55,129,113,80,13,106,14,22,52,716,394,140,107,7,24,8,0,3,34,142,184,29,189,35,23,83,3068,27,112,7455,40,362,45,264,283,150,13,138,482,45,64,55,38,20,17,1353,72,55,47,25,73,62,1550,9,580,164,1,1724,407,5,19,320,49,2,380,39,92,22,174,55,1242,162,68,41,55,26,72,45,56,8,1,57,4,112,6,3,18,55,38,57,37,1435,200,468,381,114,23,68,16,2474,18,857,129,804,91,12,167,1,1661,346,520,2476,96,922,11,11,13,62,27,62,35,79,394,45,2,47,68,2,7,290,283,2,54,15,1624,2097,1623,384,2064,282,12,4000,5127,709,2222,3829,4773,20,9,33,42,8,48,104,23,46,31,393,0.0,0.0,0.0,0.0,0.0,0.0,0.0,0.0,0.0,0.0,0.0,0.0,0.0,0.0,0.0,0.0,0.0,0.0,0.0,0.0,0.0,0.0,0.0,0.0,0.0,0.0,0.0,0.0,0.0,0.0,0.0,0.0,0.0,0.0,0.0,0.0,0.0,0.0,0.0,0.0,0.0,0.0,0.0,0.0,0.0,0.0,0.0,0.0,0.0,0.0,0.0,0.0,0.0,0.0,0.0,0.0,0.0,0.0,0.0,0.0,0.0,0.0,0.0,0.0,0.0,0.0,0.0,0.0,0.0,0.0,0.0,0.0,0.0,0.0,0.0,0.0,0.0,0.0,0.0,0.0,0.0,0.0,0.0,0.0,0.0,0.0,0.0,0.0,0.0,0.0,0.0,0.0,0.0,0.0,0.0,0.0,0.0,0.0,0.0,0.0,0.0,0.0,0.0,0.0,0.0,0.0,0.0,0.0,0.0,0.0,0.0,0.0,0.0,0.0,0.0,0.0,0.0,0.0,0.0,0.0,0.0,0.0,0.0,0.0,0.0,0.0,0.0,0.0,0.0,0.0,0.0,0.0,0.0,0.0,0.0,0.0,0.0,0.0,0.0,0.0,0.0,0.0,0.0,0.0,0.0,0.0,0.0,0.0,0.0,0.0
ENCFF610TGH,0.12139851094309313,395894,228,3927,76618,635,268941,13709,948,764,385,1660,10272,2198,7419,47836,29809,3402,947,9001,11024,200,1050,101,166,118,3927,34045,8199,48413,6664,255,99,972,5684,5259,47,5381,25,8,14683,14265,94,300,94,36,1369,12697,41129,1514,1375,3757,4056,237,388,8310,117,533,777,446,1381,7152,463,17225,616,317,9701,1127,59904,79330,8090,3385,2077,4703,8057,47,3934,1809,2138,2484,729,3307,3786,4261,1101,2338,9615,35,2364,2259,38,1194,320,43,1612,1721,29516,256279,13958,254,39553,56718,7438,49123,4135,2143,5673,2450,3106,22,5751,13225,15367,199,11605,60614,2396,57495,291,1459,1944,10374,721,93015,3425,12716,4616,495,2721,260,1064,36783,5915,12489,27827,11066,17905,41808,1222,10590,9909,3434,6529,71016,566,2046,47,98,67,22,2418,523,2280,22747,5727,427,7413,74940,4319,354,3860,1217,691,4340,9121,11004,10188,101,160,86,2852,77,3627,1575,16300,858,15,49,1313,779,3661,18749,9070,68535,5450,34214,52629,25820,57299,28707,53910,303,39332,50744,18357,15314,43480,29422,7043,1832,2680,1377,85,2122,3433,198,64,32,147,9897,222,69816,18960,9267,702,298001,70952,8288,40139,30487,1394,1414,54745,32769,89351,7793,70378,338,73032,138,509,3158,220,917,2626,800,10943,3347,71,2177,2063,1810,2981,1551,6962,3426,779,351,10578,7301,3826,5101,4600,920,2723,2396,1356,871,681,472,2885,7273,2666,1077,2700,6368,4711,15048,107380,30055,6511,5921,2860,2396,1854,1932,2587,1495,168,11935,1584,4623,8796,951,3945,1610,7787,5059,3242,2828,2841,718,1334,997,6912,5185,2722,2409,2300,4604,4433,3275,1765,3412,7233,113,124,1293,2507,1140,1180,23765,638,16607,55,259,236,9603,967,12556,14340,19128,61,3896,273,94,3272,4467,152722,2776,2949,5934,1732,254,5312,81,196,2129,38363,13728,17328,2000,191,455,157,19,114,1694,3048,3817,2180,8497,1941,1249,2265,99706,420,4286,174855,1213,9798,2794,16193,36070,5306,799,1521,15021,2250,3269,3218,876,781,140,244183,4562,3142,3007,1519,3016,3496,40295,78,28341,1968,58,49278,12876,92,657,14992,1679,210,15474,2164,3393,374,8877,2965,34548,3415,4338,2100,3076,1738,2072,2511,2332,1452,86,1703,92,5495,337,556,114,1998,328,283,1072,77128,2136,15802,8314,1259,1321,1428,555,42915,1877,21595,4158,14900,2055,79,4192,80,62454,10980,22028,76713,4005,30986,226,437,1085,3059,1561,2864,2353,2789,13391,2728,49,193,2969,58,81,4210,3907,15,1790,327,35696,57467,47503,12516,45839,6443,826,105061,121030,21505,55870,99634,113208,196,95,1958,1797,797,2654,937,745,319,1253,14021,0.0,0.0,0.0,0.0,0.0,0.0,0.0,0.0,0.0,0.0,0.0,0.0,0.0,0.0,0.0,0.0,0.0,0.0,0.0,0.0,0.0,0.0,0.0,0.0,0.0,0.0,0.0,0.0,0.0,0.0,0.0,0.0,0.0,0.0,0.0,0.0,0.0,0.0,0.0,0.0,0.0,0.0,0.0,0.0,0.0,0.0,0.0,0.0,0.0,0.0,0.0,0.0,0.0,0.0,0.0,0.0,0.0,0.0,0.0,0.0,0.0,0.0,0.0,0.0,0.0,0.0,0.0,0.0,0.0,0.0,0.0,0.0,0.0,0.0,0.0,0.0,0.0,0.0,0.0,0.0,0.0,0.0,0.0,0.0,0.0,0.0,0.0,0.0,0.0,0.0,0.0,0.0,0.0,0.0,0.0,0.0,0.0,0.0,0.0,0.0,0.0,0.0,0.0,0.0,0.0,0.0,0.0,0.0,0.0,0.0,0.0,0.0,0.0,0.0,0.0,0.0,0.0,0.0,0.0,0.0,0.0,0.0,0.0,0.0,0.0,0.0,0.0,0.0,0.0,0.0,0.0,0.0,0.0,0.0,0.0,0.0,0.0,0.0,0.0,0.0,0.0,0.0,0.0,0.0,0.0,0.0,0.0,0.0,0.0,0.0
ENCFF580EKN,0.1407944825934164,70539,107,908,30080,291,103054,5468,332,215,152,418,4403,1845,5025,13860,20629,1511,876,4162,3286,67,508,13,70,63,1893,5493,3004,18923,2788,123,33,341,2720,2833,15,2988,50,5,5674,6210,69,165,99,14,740,6081,16996,356,867,1506,1556,112,239,3409,102,268,234,291,1025,1835,309,12169,290,247,4931,139,32720,30703,3494,1527,844,1705,3848,49,2251,671,870,1035,277,1339,2601,1798,501,756,3870,58,958,864,45,861,762,162,1390,693,8267,107408,5277,115,14369,24488,3285,20823,2471,795,2781,1184,1614,55,2378,4897,5370,214,3535,22567,1530,26553,187,853,678,4472,300,47197,1505,3694,1462,303,1302,157,59,17687,4465,1565,18203,6416,7213,16762,146,4728,5323,2076,2738,29168,173,322,61,78,27,11,1249,310,440,6232,2325,165,2345,29684,1853,150,2231,1128,717,1908,2833,2628,3592,104,428,64,1233,92,1361,612,438,251,15,10,438,332,2357,7803,3811,27813,2135,15937,23375,9079,23547,11158,20244,148,17223,22182,7137,6364,18757,12053,4118,806,416,703,20,853,1361,167,84,35,63,2357,131,38373,6910,9698,2327,153469,25345,3000,16402,21147,821,348,23116,11347,37985,1638,25865,44,24035,30,155,561,62,375,1208,237,3844,1804,47,778,693,754,1173,598,4240,1653,80,122,4344,3722,1454,1689,1814,355,990,992,527,350,270,243,1147,3365,846,376,1113,3500,2932,7866,28341,4121,3373,2251,1282,1319,1227,750,1059,544,44,5455,621,1743,4760,412,1652,662,3259,1872,1588,1076,1125,142,464,418,2679,2123,1089,910,804,1857,1634,1125,758,1262,2702,19,91,451,906,676,282,9671,389,6367,34,150,62,4822,487,5012,4447,5900,44,1855,337,31,1132,1894,54293,1151,1259,3365,777,26,4110,22,621,992,20147,5627,4483,1092,247,289,223,20,180,672,933,1697,1369,2607,663,469,1648,47923,190,1852,70438,427,4316,1090,7598,6652,1895,334,954,3258,901,2211,1644,355,319,76,45858,3623,1283,1761,367,1819,1995,19267,134,11227,938,49,18363,4948,24,332,3478,771,168,5843,792,677,207,4910,1223,21790,1276,716,809,1614,683,808,1070,603,147,116,724,74,1823,685,153,94,293,366,265,776,22135,948,5439,2945,524,537,952,401,20691,285,7482,1234,6123,1186,62,1659,12,26925,3762,7721,26516,956,18183,102,343,481,1185,643,2436,958,1088,9602,1304,15,102,1147,34,108,2071,1925,1,293,198,16241,21497,18819,4569,18826,2833,592,41981,51409,8960,21824,40810,47993,195,65,867,713,347,1047,548,282,157,457,4312,0.0,0.0,0.0,0.0,0.0,0.0,0.0,0.0,0.0,0.0,0.0,0.0,0.0,0.0,0.0,0.0,0.0,0.0,0.0,0.0,0.0,0.0,0.0,0.0,0.0,0.0,0.0,0.0,0.0,0.0,0.0,0.0,0.0,0.0,0.0,0.0,0.0,0.0,0.0,0.0,0.0,0.0,0.0,0.0,0.0,0.0,0.0,0.0,0.0,0.0,0.0,0.0,0.0,0.0,0.0,0.0,0.0,0.0,0.0,0.0,0.0,0.0,0.0,0.0,0.0,0.0,0.0,0.0,0.0,0.0,0.0,0.0,0.0,0.0,0.0,0.0,0.0,0.0,0.0,0.0,0.0,0.0,0.0,0.0,0.0,0.0,0.0,0.0,0.0,0.0,0.0,0.0,0.0,0.0,0.0,0.0,0.0,0.0,0.0,0.0,0.0,0.0,0.0,0.0,0.0,0.0,0.0,0.0,0.0,0.0,0.0,0.0,0.0,0.0,0.0,0.0,0.0,0.0,0.0,0.0,0.0,0.0,0.0,0.0,0.0,0.0,0.0,0.0,0.0,0.0,0.0,0.0,0.0,0.0,0.0,0.0,0.0,0.0,0.0,0.0,0.0,0.0,0.0,0.0,0.0,0.0,0.0,0.0,0.0,0.0
ENCFF000YOH,0.06387102883721077,2434,21,135,1314,20,3135,313,18,14,8,30,112,115,205,763,759,120,16,184,251,8,28,8,2,2,24,105,117,767,132,12,9,16,65,67,0,69,0,5,328,444,0,29,0,2,52,182,730,17,29,38,45,18,22,316,8,18,28,20,34,49,4,304,12,17,40,4,1471,1907,317,41,29,59,292,11,44,21,33,48,7,40,40,176,19,15,98,0,22,13,1,49,4,1,50,36,518,6716,429,2,1189,1613,66,1396,76,14,218,82,62,0,113,351,318,4,227,1319,84,953,15,83,63,382,34,1089,36,261,112,33,132,12,7,1215,389,95,468,246,864,1093,23,167,100,52,140,1351,23,16,2,3,1,2,76,14,24,417,172,21,177,1288,109,18,47,46,37,104,215,230,348,0,7,1,23,1,74,23,331,258,3,1,30,38,23,668,283,1780,78,1056,1192,595,1055,486,982,8,1020,1270,428,426,959,770,256,28,26,34,2,14,29,3,3,0,2,208,10,1119,448,241,7,12621,1674,137,1108,603,41,47,1495,688,1919,180,1916,6,2096,2,18,33,22,4,28,9,140,96,0,21,30,21,21,15,92,49,32,11,166,127,56,134,42,20,20,30,9,15,11,20,45,221,50,11,65,80,65,339,713,57,69,161,48,22,11,17,20,15,7,279,17,26,209,11,48,20,132,41,33,23,41,9,13,24,80,79,35,31,24,97,61,26,24,28,110,0,1,11,20,22,16,675,8,441,0,21,5,257,39,299,295,287,2,83,3,11,51,192,2276,28,90,106,46,5,76,7,7,14,507,272,106,55,6,17,3,0,2,19,47,125,29,126,16,18,39,1677,15,66,5054,13,238,27,165,115,103,11,41,191,26,33,19,12,17,8,503,52,30,44,17,50,38,1012,3,386,99,1,1162,287,3,11,237,26,4,241,24,83,9,103,30,478,92,35,35,34,19,47,32,64,23,1,54,3,88,2,2,8,20,18,24,23,1318,80,319,174,41,21,55,7,1709,7,604,87,505,57,11,129,1,1155,259,400,1632,77,417,10,12,14,28,15,39,24,69,240,36,1,10,46,1,1,202,179,0,19,8,893,1309,1095,240,1329,180,10,2409,3247,524,1391,2382,3008,11,9,21,29,10,33,60,16,17,29,285,0.0,0.0,0.0,0.0,0.0,0.0,0.0,0.0,0.0,0.0,0.0,0.0,0.0,0.0,0.0,0.0,0.0,0.0,0.0,0.0,0.0,0.0,0.0,0.0,0.0,0.0,0.0,0.0,0.0,0.0,0.0,0.0,0.0,0.0,0.0,0.0,0.0,0.0,0.0,0.0,0.0,0.0,0.0,0.0,0.0,0.0,0.0,0.0,0.0,0.0,0.0,0.0,0.0,0.0,0.0,0.0,0.0,0.0,0.0,0.0,0.0,0.0,0.0,0.0,0.0,0.0,0.0,0.0,0.0,0.0,0.0,0.0,0.0,0.0,0.0,0.0,0.0,0.0,0.0,0.0,0.0,0.0,0.0,0.0,0.0,0.0,0.0,0.0,0.0,0.0,0.0,0.0,0.0,0.0,0.0,0.0,0.0,0.0,0.0,0.0,0.0,0.0,0.0,0.0,0.0,0.0,0.0,0.0,0.0,0.0,0.0,0.0,0.0,0.0,0.0,0.0,0.0,0.0,0.0,0.0,0.0,0.0,0.0,0.0,0.0,0.0,0.0,0.0,0.0,0.0,0.0,0.0,0.0,0.0,0.0,0.0,0.0,0.0,0.0,0.0,0.0,0.0,0.0,0.0,0.0,0.0,0.0,0.0,0.0,0.0
ENCFF000XMG,0.08603623081393434,510,1,74,675,38,3019,72,7,11,9,7,59,121,177,240,865,79,10,77,92,2,10,1,1,2,11,6,72,569,58,6,3,7,45,29,3,36,2,0,168,180,1,14,2,1,11,100,538,0,34,31,21,8,4,109,2,7,1,4,11,17,3,250,5,31,2,0,900,865,138,20,18,12,88,3,19,10,19,18,3,25,15,76,16,10,70,3,17,7,0,29,7,0,34,22,262,3435,197,2,535,821,38,722,195,7,93,38,33,0,45,119,121,2,76,525,75,949,14,89,65,168,36,1204,27,91,54,15,46,8,1,496,338,5,406,163,241,494,1,82,47,23,47,562,6,2,3,0,1,0,47,4,6,155,91,10,64,680,76,5,23,22,19,41,80,70,100,2,1,0,15,3,26,16,120,710,0,0,7,10,23,264,110,814,43,606,736,282,608,213,545,3,566,581,175,193,394,344,146,18,1,14,2,12,20,2,2,2,0,61,17,634,257,309,2,3223,862,56,449,464,20,21,716,304,1010,168,720,1,741,0,2,8,2,5,10,1,64,27,1,11,16,9,18,11,52,34,2,2,76,55,24,36,23,4,7,20,5,7,9,4,19,92,23,7,80,55,45,248,570,7,47,94,28,21,14,10,16,18,3,129,13,18,86,6,37,15,64,22,16,21,15,2,12,8,33,36,17,20,15,51,31,16,18,15,69,0,1,11,12,9,6,247,3,136,1,10,2,104,17,100,124,108,0,46,3,3,18,100,1358,8,22,40,13,1,42,3,7,8,262,102,45,19,3,3,1,1,2,17,31,71,17,77,7,9,45,1052,3,41,2295,9,115,23,104,9,57,4,5,84,19,17,11,6,9,5,49,26,15,16,9,23,17,441,1,229,48,0,460,115,1,2,82,12,0,125,13,27,5,92,22,395,70,7,17,21,10,34,7,20,4,1,20,0,36,6,1,2,7,7,24,18,499,90,206,170,32,11,23,1,720,3,226,32,199,30,7,43,1,565,130,188,753,42,312,9,0,8,16,7,31,12,20,113,20,0,3,23,0,1,76,85,1,2,1,420,715,542,130,642,123,4,1329,1736,275,755,1327,1478,10,6,21,16,8,15,22,3,13,7,111,0.0,0.0,0.0,0.0,0.0,0.0,0.0,0.0,0.0,0.0,0.0,0.0,0.0,0.0,0.0,0.0,0.0,0.0,0.0,0.0,0.0,0.0,0.0,0.0,0.0,0.0,0.0,0.0,0.0,0.0,0.0,0.0,0.0,0.0,0.0,0.0,0.0,0.0,0.0,0.0,0.0,0.0,0.0,0.0,0.0,0.0,0.0,0.0,0.0,0.0,0.0,0.0,0.0,0.0,0.0,0.0,0.0,0.0,0.0,0.0,0.0,0.0,0.0,0.0,0.0,0.0,0.0,0.0,0.0,0.0,0.0,0.0,0.0,0.0,0.0,0.0,0.0,0.0,0.0,0.0,0.0,0.0,0.0,0.0,0.0,0.0,0.0,0.0,0.0,0.0,0.0,0.0,0.0,0.0,0.0,0.0,0.0,0.0,0.0,0.0,0.0,0.0,0.0,0.0,0.0,0.0,0.0,0.0,0.0,0.0,0.0,0.0,0.0,0.0,0.0,0.0,0.0,0.0,0.0,0.0,0.0,0.0,0.0,0.0,0.0,0.0,0.0,0.0,0.0,0.0,0.0,0.0,0.0,0.0,0.0,0.0,0.0,0.0,0.0,0.0,0.0,0.0,0.0,0.0,0.0,0.0,0.0,0.0,0.0,0.0
ENCFF000QQK,0.2061197870853684,120166,192,3445,43549,581,121046,9861,477,605,644,991,4757,3551,8198,18240,30640,4493,1499,6285,8457,307,1571,71,92,143,1204,6122,5137,24459,8077,583,251,854,3043,2701,76,3995,51,53,12215,22073,113,956,79,31,1133,10347,19643,837,1851,1562,2073,1044,865,12910,387,698,736,324,2596,2575,318,14553,330,367,1556,188,62006,79810,15687,1858,1065,2958,10731,670,2102,1044,1182,1279,373,1576,1949,6936,753,847,5618,94,1308,947,119,3005,1191,407,2825,1412,9392,289801,17189,147,48348,68297,4014,58645,1942,1003,11010,3090,3294,59,5499,13314,13738,271,6892,61787,2951,43470,373,1815,1658,13294,773,63058,1899,10459,4711,1119,4982,858,178,59335,10886,3384,22342,8583,22921,56819,542,6833,4942,1990,6914,52750,502,1001,126,208,22,65,5037,648,991,15872,8612,968,6089,43775,3552,935,2062,2337,1868,5017,6436,5845,10194,161,549,128,1522,113,2229,944,1663,602,60,8,851,1399,1739,25937,13244,79070,3807,41632,57460,21825,39739,22137,43009,711,46796,55913,19165,17714,39896,33836,9172,1398,1286,964,84,832,1583,370,198,81,162,6381,265,60653,14922,12254,3217,274778,53402,6205,45611,25892,3011,883,58357,23420,69806,3619,76683,164,81210,80,486,1344,156,483,1566,296,6276,5241,81,973,1482,909,1388,743,4089,2545,326,391,8961,5413,3513,4737,2015,436,1181,1071,575,582,418,805,1641,6662,1199,571,2793,4280,3280,12203,26489,3619,4221,5830,2227,1276,939,970,1454,687,162,13723,935,1642,9848,569,3142,746,6697,1792,1536,897,1506,314,752,747,4145,3444,1141,1375,1302,4546,2771,1649,1206,1482,5883,40,104,692,1055,1468,578,31742,659,18525,75,734,163,13282,2023,14514,11426,11559,63,5808,583,241,1305,8548,70295,1763,4056,3415,1981,257,3823,353,646,1994,21925,8854,6368,3165,266,261,194,40,184,989,2135,4736,1089,5860,895,887,2367,59161,901,3294,222550,596,11822,1557,9038,6483,3514,572,2607,11027,1208,1754,1800,593,774,672,41445,2077,1479,1814,547,1847,2092,48496,370,19638,3999,150,50091,13818,32,625,9142,1552,254,11744,1178,2519,488,5903,1722,30975,2813,1505,1318,1843,909,1823,1412,2324,272,198,1850,103,3415,467,54,456,1013,722,651,1101,36559,1576,9944,5510,1197,833,1740,714,71231,394,25649,2851,23415,3111,523,5502,60,42672,8468,14578,63695,2069,19542,304,453,686,1625,770,1756,1108,1987,13606,1685,48,1244,1590,57,194,8164,8943,2,1022,398,46973,53576,41103,9740,59004,6825,846,98710,137849,17733,55534,102683,129751,343,221,1151,1099,387,1297,2263,737,664,1233,10709,0.0,0.0,0.0,0.0,0.0,0.0,0.0,0.0,0.0,0.0,0.0,0.0,0.0,0.0,0.0,0.0,0.0,0.0,0.0,0.0,0.0,0.0,0.0,0.0,0.0,0.0,0.0,0.0,0.0,0.0,0.0,0.0,0.0,0.0,0.0,0.0,0.0,0.0,0.0,0.0,0.0,0.0,0.0,0.0,0.0,0.0,0.0,0.0,0.0,0.0,0.0,0.0,0.0,0.0,0.0,0.0,0.0,0.0,0.0,0.0,0.0,0.0,0.0,0.0,0.0,0.0,0.0,0.0,0.0,0.0,0.0,0.0,0.0,0.0,0.0,0.0,0.0,0.0,0.0,0.0,0.0,0.0,0.0,0.0,0.0,0.0,0.0,0.0,0.0,0.0,0.0,0.0,0.0,0.0,0.0,0.0,0.0,0.0,0.0,0.0,0.0,0.0,0.0,0.0,0.0,0.0,0.0,0.0,0.0,0.0,0.0,0.0,0.0,0.0,0.0,0.0,0.0,0.0,0.0,0.0,0.0,0.0,0.0,0.0,0.0,0.0,0.0,0.0,0.0,0.0,0.0,0.0,0.0,0.0,0.0,0.0,0.0,0.0,0.0,0.0,0.0,0.0,0.0,0.0,0.0,0.0,0.0,0.0,0.0,0.0
ENCFF000RHF,0.17573295932631114,92203,2562,4412,48193,516,92790,8063,397,673,475,1312,3436,4211,9285,37359,27283,4525,1043,9867,11305,359,1307,170,82,57,1076,5213,3911,74538,8596,569,358,1464,2257,2104,192,3168,91,452,11602,19231,135,1060,33,581,1064,7851,48460,269,1010,1123,1530,889,584,14149,349,681,631,372,1583,1723,413,21320,555,629,1394,36,72324,72086,14070,1278,748,2144,9738,611,1484,618,930,1061,225,1032,1467,6541,482,547,3994,49,924,518,50,2492,538,95,2394,1311,19326,295254,19528,120,53128,70429,3347,60163,1441,685,9941,2968,4069,26,6779,15172,14726,309,7080,58312,2756,34583,359,1595,2050,14149,707,58601,1545,12026,7288,1308,4992,604,254,60114,13341,2169,60329,9585,22605,53241,710,5915,5861,1419,5614,61030,596,886,139,182,35,68,4185,623,1493,17573,9134,1179,5778,49084,3278,865,1431,2154,1644,4597,8285,7851,10025,126,210,47,1182,48,1777,625,1787,19080,81,6,662,1259,1234,25944,12813,70951,2926,38623,47740,20081,37821,17868,34883,458,44923,51408,17036,16233,39022,31215,9848,1198,872,1788,68,529,978,340,116,48,7,6613,359,61520,15251,11225,621,401345,55358,5585,45273,32890,2263,1365,59935,29888,80728,3530,81096,254,82152,70,492,1402,84,299,1195,294,4803,3843,223,579,1039,576,1028,479,3315,1812,391,456,6829,4679,3202,4254,1336,332,722,837,394,402,337,840,1088,7343,1422,418,2548,3027,2547,12236,28770,3564,3002,5902,1713,894,739,717,1084,456,242,12897,560,895,9058,479,2202,433,5647,1020,1161,564,1038,522,478,749,2729,2615,827,1025,801,4126,1938,916,782,941,4093,49,87,451,725,1642,1192,30162,515,21589,91,919,185,11716,1867,15463,13956,11905,57,4491,270,339,1816,7176,74836,1401,3509,2952,1671,103,2961,359,808,1542,20220,11341,3498,2828,127,482,196,52,94,674,2464,4184,836,5078,506,602,2141,63891,507,2288,215253,841,10241,1206,6524,5629,3233,336,1013,8261,853,1338,1371,438,467,489,15123,1618,1179,1416,780,1346,1669,43756,174,14641,3660,86,49033,11797,66,530,9119,1344,139,8774,890,2379,506,4168,1397,37745,2983,1619,877,1397,488,1579,1021,2548,611,60,1450,70,4441,351,27,444,1056,1365,802,1333,44433,1440,9635,5373,1296,692,1520,387,68704,437,26187,2357,22753,2690,458,4797,16,45263,8333,15698,67775,2552,32695,374,891,372,1129,1822,1416,739,1561,11664,1297,43,623,1065,42,99,7982,8543,50,831,285,43406,56530,39618,9953,59727,6816,717,101291,135489,17539,59641,99564,129735,375,287,752,770,240,946,2648,491,889,1023,11446,0.0,0.0,0.0,0.0,0.0,0.0,0.0,0.0,0.0,0.0,0.0,0.0,0.0,0.0,0.0,0.0,0.0,0.0,0.0,0.0,0.0,0.0,0.0,0.0,0.0,0.0,0.0,0.0,0.0,0.0,0.0,0.0,0.0,0.0,0.0,0.0,0.0,0.0,0.0,0.0,0.0,0.0,0.0,0.0,0.0,0.0,0.0,0.0,0.0,0.0,0.0,0.0,0.0,0.0,0.0,0.0,0.0,0.0,0.0,0.0,0.0,0.0,0.0,0.0,0.0,0.0,0.0,0.0,0.0,0.0,0.0,0.0,0.0,0.0,0.0,0.0,0.0,0.0,0.0,0.0,0.0,0.0,0.0,0.0,0.0,0.0,0.0,0.0,0.0,0.0,0.0,0.0,0.0,0.0,0.0,0.0,0.0,0.0,0.0,0.0,0.0,0.0,0.0,0.0,0.0,0.0,0.0,0.0,0.0,0.0,0.0,0.0,0.0,0.0,0.0,0.0,0.0,0.0,0.0,0.0,0.0,0.0,0.0,0.0,0.0,0.0,0.0,0.0,0.0,0.0,0.0,0.0,0.0,0.0,0.0,0.0,0.0,0.0,0.0,0.0,0.0,0.0,0.0,0.0,0.0,0.0,0.0,0.0,0.0,0.0
ENCFF002EBW,0.17565383032098889,62454,634,4634,34759,854,114610,8513,348,640,405,858,4296,5195,10857,20603,35732,4524,763,7593,7847,273,1051,145,98,116,1201,2145,4327,30316,5794,427,214,736,2381,2295,71,2749,42,55,9944,15899,91,916,63,112,939,8184,21945,292,709,1449,1793,744,462,9514,315,556,551,286,1197,2136,556,13061,318,606,548,149,56912,63189,10391,1426,922,1848,7743,465,1646,741,1054,1248,275,1262,1552,5201,626,751,4689,46,1146,668,29,1945,831,90,1729,1512,18072,229671,14559,139,38876,54585,3560,46632,1524,851,7725,2257,2378,23,4168,10303,10413,150,5500,45435,3301,43119,632,2549,2560,12074,1057,53104,1713,8412,4004,1106,3902,566,200,43197,15795,1306,28376,10022,16961,39955,400,5926,4578,1493,5279,40699,539,500,141,197,65,60,3289,494,947,13973,6915,1037,6170,36893,3883,664,1515,2163,1806,4041,5720,5004,7767,152,195,138,1342,58,2344,762,1460,370,54,0,804,1140,1332,20568,10112,59614,3022,38299,43678,19066,34359,17790,36511,388,37198,44562,14595,13120,32480,25662,8058,1077,508,1067,65,688,1186,300,144,69,78,5339,482,50953,14209,13916,514,291894,49331,4698,37128,25747,1732,759,51992,23876,68429,5178,60933,210,61523,131,464,1107,268,366,1283,288,5063,3278,45,861,1200,769,1225,561,3250,1967,328,351,6476,4165,2862,4115,1554,407,884,966,498,477,415,748,1412,6786,1691,513,2535,3065,3033,11578,23937,1356,3271,4240,1688,1075,878,819,1286,652,206,10751,649,1039,7470,483,2048,553,5417,1435,1355,772,1196,359,656,742,3231,3153,1050,1226,934,3329,2006,1109,1018,1269,5241,50,61,493,787,844,566,20899,234,13726,52,780,80,9214,1191,10171,8962,9799,51,4026,236,273,1939,5871,79115,994,2905,2808,1493,124,3639,434,874,1032,20475,8918,4465,2084,107,301,144,41,117,878,1932,3744,749,5395,681,674,1961,50116,559,2752,170435,814,8356,1257,7523,2464,3472,406,963,6712,1075,1338,1439,468,537,371,11537,1661,1273,1475,583,1560,1786,35599,186,14083,3172,41,36864,12150,23,385,7776,1223,132,8623,1042,1979,463,4227,1468,19235,3606,922,1015,1513,646,1710,1210,1909,1130,42,1630,65,2345,168,100,337,686,793,940,967,33808,2268,10950,6483,1530,611,1273,427,51935,251,21642,2394,17704,2146,601,3833,48,42258,7958,14318,60022,1876,17824,331,421,453,1286,834,1457,994,1966,10979,1333,47,469,1372,88,75,5714,6058,18,422,281,35267,54792,40755,10124,49908,5722,797,84451,124213,17134,55798,90724,111088,429,244,983,902,281,1134,1950,477,728,1086,9180,0.0,0.0,0.0,0.0,0.0,0.0,0.0,0.0,0.0,0.0,0.0,0.0,0.0,0.0,0.0,0.0,0.0,0.0,0.0,0.0,0.0,0.0,0.0,0.0,0.0,0.0,0.0,0.0,0.0,0.0,0.0,0.0,0.0,0.0,0.0,0.0,0.0,0.0,0.0,0.0,0.0,0.0,0.0,0.0,0.0,0.0,0.0,0.0,0.0,0.0,0.0,0.0,0.0,0.0,0.0,0.0,0.0,0.0,0.0,0.0,0.0,0.0,0.0,0.0,0.0,0.0,0.0,0.0,0.0,0.0,0.0,0.0,0.0,0.0,0.0,0.0,0.0,0.0,0.0,0.0,0.0,0.0,0.0,0.0,0.0,0.0,0.0,0.0,0.0,0.0,0.0,0.0,0.0,0.0,0.0,0.0,0.0,0.0,0.0,0.0,0.0,0.0,0.0,0.0,0.0,0.0,0.0,0.0,0.0,0.0,0.0,0.0,0.0,0.0,0.0,0.0,0.0,0.0,0.0,0.0,0.0,0.0,0.0,0.0,0.0,0.0,0.0,0.0,0.0,0.0,0.0,0.0,0.0,0.0,0.0,0.0,0.0,0.0,0.0,0.0,0.0,0.0,0.0,0.0,0.0,0.0,0.0,0.0,0.0,0.0
ENCFF000WDZ,0.07737152399989879,4413,31,310,2804,57,6588,338,36,34,12,81,282,330,664,1683,2071,284,34,359,395,13,43,4,3,4,36,240,284,2324,263,14,18,41,141,142,4,132,0,3,665,777,2,46,0,6,39,441,1946,32,53,93,101,28,32,471,9,19,32,14,55,142,45,1095,19,32,91,15,3884,3602,521,95,57,146,402,20,98,58,71,98,27,105,89,267,43,46,287,1,77,42,0,86,36,1,74,120,1510,11902,704,6,2031,2654,217,2504,78,55,355,91,99,1,172,511,494,9,397,2093,229,2527,52,210,177,631,120,3530,124,428,195,51,194,32,5,1969,970,305,1896,629,849,1892,60,397,224,84,288,3322,18,28,11,6,5,4,150,17,70,724,331,36,365,3138,359,31,91,73,77,221,310,270,396,7,12,2,74,4,174,71,216,592,7,1,56,59,73,1074,473,3084,214,2123,2414,1167,2795,1061,2179,14,1968,2287,669,628,1656,1315,508,74,53,57,12,52,74,22,8,1,6,331,36,3756,1086,793,10,16227,2730,310,2079,1992,74,48,3021,1368,4703,414,2782,7,2818,4,25,134,96,13,71,20,263,135,0,59,87,44,77,35,184,106,22,15,324,231,155,171,105,27,60,53,41,38,23,46,120,362,121,35,142,206,158,1100,2364,136,191,224,118,71,46,41,79,59,6,529,53,63,352,22,103,40,266,109,90,54,84,9,39,32,186,206,80,98,56,175,124,47,69,73,313,0,5,30,51,38,31,989,7,598,1,40,5,481,58,429,472,497,3,160,4,10,88,268,5045,43,137,174,81,11,194,19,24,44,1029,460,355,99,4,7,8,1,3,58,77,182,35,283,48,45,149,3845,48,173,8626,42,412,99,404,246,191,19,106,462,76,71,76,56,37,19,1053,94,71,90,22,92,111,1778,4,799,177,2,1858,558,1,11,381,42,4,533,64,80,9,235,89,1343,328,58,69,66,33,71,65,84,63,4,96,3,142,11,3,5,34,27,55,57,2612,206,955,479,136,53,66,14,2446,26,1026,178,862,102,14,187,10,1993,396,686,2907,134,1291,19,16,21,70,56,91,50,127,599,77,4,40,101,0,3,294,265,0,41,16,1791,3137,2456,541,2399,311,33,5484,6688,1096,3146,4871,5808,28,21,81,70,22,72,94,33,36,34,528,0.0,0.0,0.0,0.0,0.0,0.0,0.0,0.0,0.0,0.0,0.0,0.0,0.0,0.0,0.0,0.0,0.0,0.0,0.0,0.0,0.0,0.0,0.0,0.0,0.0,0.0,0.0,0.0,0.0,0.0,0.0,0.0,0.0,0.0,0.0,0.0,0.0,0.0,0.0,0.0,0.0,0.0,0.0,0.0,0.0,0.0,0.0,0.0,0.0,0.0,0.0,0.0,0.0,0.0,0.0,0.0,0.0,0.0,0.0,0.0,0.0,0.0,0.0,0.0,0.0,0.0,0.0,0.0,0.0,0.0,0.0,0.0,0.0,0.0,0.0,0.0,0.0,0.0,0.0,0.0,0.0,0.0,0.0,0.0,0.0,0.0,0.0,0.0,0.0,0.0,0.0,0.0,0.0,0.0,0.0,0.0,0.0,0.0,0.0,0.0,0.0,0.0,0.0,0.0,0.0,0.0,0.0,0.0,0.0,0.0,0.0,0.0,0.0,0.0,0.0,0.0,0.0,0.0,0.0,0.0,0.0,0.0,0.0,0.0,0.0,0.0,0.0,0.0,0.0,0.0,0.0,0.0,0.0,0.0,0.0,0.0,0.0,0.0,0.0,0.0,0.0,0.0,0.0,0.0,0.0,0.0,0.0,0.0,0.0,0.0
ENCFF385OMY,0.07582237366854344,798257,13369,5688,698,0,5132,1631,36,182,37,1396,351,191,101,39,32,575,171,608,1500,41,219,59,1,56,141,117964,444,95,1095,111,78,103,475,294,20,502,0,0,3422,3010,215,112,0,1602,94,1069,17,1464,155,307,252,59,392,73594,1,101,11,11,295,150,1,1,2,0,15079,0,9103,73430,11810,198,155,541,2967,34,289,62,167,204,22,129,352,620,45,90,492,45,129,77,0,557,0,1,254,50,9,52573,3461,21,31671,10102,401,9450,386,104,1339,508,408,0,11694,5735,3906,482,2627,39691,33,1846,0,0,41,1803,0,61,147,2757,1096,24,530,31,0,8693,362,102234,52,74,3827,23175,6653,4091,301,235,1289,403,13,9648,1,36,18,0,485,118,49,2920,1064,82,500,291,43,180,270,298,176,468,624,751,15000,11,0,22,214,0,171,65,11443,210,0,0,54,51,294,9898,1732,17489,424,3252,5844,3863,1165,4064,7270,23,11589,12538,4606,3903,15608,101453,1528,177,455,10,1,124,232,31,0,0,1,1197,0,1045,717,8,1,1093585,5700,1998,7147,251,244,312,5441,2585,3315,14,24440,1,18546,5,29,401,0,46,215,111,937,762,0,74,82,80,188,69,633,245,2020,16,1442,940,382,8810,198,53,92,175,56,38,15,1282,153,1507,72,34,265,716,367,505,111,222970,450,4069,249,182,188,130,192,53,113,4414,76,167,2298,30,468,55,900,201,208,99,144,110,54,87,324,261,131,167,75,1107,404,152,82,158,483,42,25,62,117,132,1,10694,66,6078,126,51,57,1162,120,5888,4166,1416,0,564,4,1,0,762,11636,1953,941,6724,358,0,486,27,34,517,3026,806,272,317,8,501,0,0,0,111,1,1152,244,1723,55,53,76,193,224,297,44466,1104,2836,168,1162,88075,365,53,1849,13914,103,304,282,43,20,22,233202,413,280,298,120,178,264,7940,88,3540,1543,12,19113,3293,0,147,1298,545,0,1090,136,122,78,1060,144,116,37,37725,81,237,56,188,172,442,63,0,541,0,432,45,50,11,38876,81,0,28,264,2,473,108,3,173,1670,52,16807,27145,9864,189,2563,379,5,846,0,14664,1649,3561,24948,80,314,17,0,39,110,3009,218,156,175,60,208,0,65,154,0,0,1308,948,0,19697,21,6630,9364,6386,953,6499,2682,66,9209,28950,2306,7455,28146,17035,17,282,114,92,33,118,139,52,621,159,2044,0.0,0.0,0.0,0.0,0.0,0.0,0.0,0.0,0.0,0.0,0.0,0.0,0.0,0.0,0.0,0.0,0.0,0.0,0.0,0.0,0.0,0.0,0.0,0.0,0.0,0.0,0.0,0.0,0.0,0.0,0.0,0.0,0.0,0.0,0.0,0.0,0.0,0.0,0.0,0.0,0.0,0.0,0.0,0.0,0.0,0.0,0.0,0.0,0.0,0.0,0.0,0.0,0.0,0.0,0.0,0.0,0.0,0.0,0.0,0.0,0.0,0.0,0.0,0.0,0.0,0.0,0.0,0.0,0.0,0.0,0.0,0.0,0.0,0.0,0.0,0.0,0.0,0.0,0.0,0.0,0.0,0.0,0.0,0.0,0.0,0.0,0.0,0.0,0.0,0.0,0.0,0.0,0.0,0.0,0.0,0.0,0.0,0.0,0.0,0.0,0.0,0.0,0.0,0.0,0.0,0.0,0.0,0.0,0.0,0.0,0.0,0.0,0.0,0.0,0.0,0.0,0.0,0.0,0.0,0.0,0.0,0.0,0.0,0.0,0.0,0.0,0.0,0.0,0.0,0.0,0.0,0.0,0.0,0.0,0.0,0.0,0.0,0.0,0.0,0.0,0.0,0.0,0.0,0.0,0.0,0.0,0.0,0.0,0.0,0.0
ENCFF137ZTJ,0.15590278127158644,104927,190,2170,35923,375,120146,5396,295,138,167,320,2791,1322,4015,16915,24017,1265,511,4234,3604,85,474,38,69,59,1184,8610,2896,21476,2599,142,86,396,1903,1632,43,1970,19,3,5104,7218,50,296,28,54,610,5045,19569,871,625,1228,1438,225,209,3441,42,269,162,121,572,1218,357,12542,1791,337,2655,24,34013,33296,3778,1164,681,1682,3258,181,1369,605,757,886,234,1142,1096,2090,407,787,3549,18,884,697,11,606,121,34,928,912,16690,110699,6028,84,16312,25210,2417,21062,1205,696,2917,954,1143,24,2151,4834,5078,68,3147,22123,1334,30711,131,733,972,4731,313,51787,1198,4226,1637,290,1482,171,54,18563,4967,3309,19554,4726,7771,17295,303,3559,4745,1198,2815,38406,434,729,114,72,22,17,1308,262,221,6561,2258,246,2504,34826,2197,221,1273,530,421,1796,2557,2424,3433,12,85,29,1046,20,1412,617,716,200,11,8,495,420,1143,8453,4182,29146,2009,17250,25553,10271,28188,11550,21060,179,17871,22050,6750,5886,16887,11612,3411,737,982,460,29,731,1182,75,18,17,33,2838,91,47470,7739,5707,241,142695,26783,3490,18907,20252,801,303,25859,12157,42338,1630,24813,80,23115,4,203,407,16,304,922,144,3734,1944,27,815,776,674,995,437,2420,1333,131,136,4678,2684,1535,1866,1647,350,796,853,496,309,228,199,1314,3677,861,383,1178,2236,1792,9301,29859,6787,2213,2089,1124,867,680,665,952,599,65,5006,595,1356,3584,311,1379,524,3104,1409,1086,774,1003,144,451,498,2525,2045,831,895,815,1914,1484,1139,744,1091,3379,27,21,436,790,377,327,10093,98,5876,25,226,47,4438,499,4859,4626,5768,20,2075,67,62,1884,2246,64015,878,1305,1942,850,266,2055,103,376,1020,13863,5516,2481,1016,39,142,55,9,30,662,1003,1346,654,2514,661,466,1352,50386,562,1588,70721,476,4380,970,5993,9612,2183,272,1954,6218,839,1021,1100,350,350,169,50707,1377,1012,992,380,1068,1224,16989,25,10388,1003,58,17747,4613,18,258,4121,685,30,5916,735,804,101,3066,1038,22005,1912,1317,730,1014,578,844,859,833,573,16,556,39,1574,119,56,67,648,351,224,649,30038,822,6629,3455,611,436,447,181,19558,211,10174,1491,6606,951,90,1730,7,21903,3829,7083,28206,1169,19373,139,143,415,985,478,897,818,1107,5727,986,15,351,1159,21,34,2245,2275,28,674,73,16934,26967,21049,5451,21344,2943,435,55840,59080,9057,27101,46681,51315,179,55,674,632,237,948,469,212,159,574,4680,0.0,0.0,0.0,0.0,0.0,0.0,0.0,0.0,0.0,0.0,0.0,0.0,0.0,0.0,0.0,0.0,0.0,0.0,0.0,0.0,0.0,0.0,0.0,0.0,0.0,0.0,0.0,0.0,0.0,0.0,0.0,0.0,0.0,0.0,0.0,0.0,0.0,0.0,0.0,0.0,0.0,0.0,0.0,0.0,0.0,0.0,0.0,0.0,0.0,0.0,0.0,0.0,0.0,0.0,0.0,0.0,0.0,0.0,0.0,0.0,0.0,0.0,0.0,0.0,0.0,0.0,0.0,0.0,0.0,0.0,0.0,0.0,0.0,0.0,0.0,0.0,0.0,0.0,0.0,0.0,0.0,0.0,0.0,0.0,0.0,0.0,0.0,0.0,0.0,0.0,0.0,0.0,0.0,0.0,0.0,0.0,0.0,0.0,0.0,0.0,0.0,0.0,0.0,0.0,0.0,0.0,0.0,0.0,0.0,0.0,0.0,0.0,0.0,0.0,0.0,0.0,0.0,0.0,0.0,0.0,0.0,0.0,0.0,0.0,0.0,0.0,0.0,0.0,0.0,0.0,0.0,0.0,0.0,0.0,0.0,0.0,0.0,0.0,0.0,0.0,0.0,0.0,0.0,0.0,0.0,0.0,0.0,0.0,0.0,0.0
ENCFF051TUA,0.07658527605253479,630948,1302,5371,196,2,2833,537,13,116,38,309,219,46,148,24,11,444,143,724,1183,38,116,37,1037,1,61,16642,291,96,608,131,2680,373,145,122,820,197,4,0,2645,1897,4,138,0,533,38,518,49,4670,39,66,118,75,140,21997,22,74,43,38,114,119,2,8,20,30,2254,0,6795,13977,8529,60,64,9920,1594,72,79,41,49,76,21,73,45,786,24,34,313,19,57,36,9,420,8,0,121,47,52,38050,1839,5,23305,7816,196,7211,82,32,1073,361,334,0,16802,9001,2992,129,1815,15772,36,1605,0,3,70,1482,0,32,79,1662,845,193,544,59,7,4691,299,10107,69,204,1807,12271,23995,1159,38,77,2996,410,18,4788,4,15,23,0,313,40,67,2568,713,161,512,236,106,359,66,175,160,321,454,430,8206,21,12,1,71,0,109,50,184,85,784,0,4703,96,68,4514,1562,24581,279,3126,4542,2099,1726,2412,11519,16,6665,7068,2842,2811,8079,12155,1248,87,1228,32,5,35,67,35,14,8,1,1048,2,2382,1530,6,0,84276,4047,1387,4881,202,144,267,4793,2260,3579,44,8657,18,8462,17,28,398,1,21,72,68,362,380,1,51,66,45,54,30,148,93,2585,26,1081,311,246,4262,72,24,50,46,29,27,24,464,70,833,458,28,227,178,150,276,94,24498,214,6217,132,46,40,56,58,38,271,1400,48,53,766,21,152,21,564,77,73,39,55,5,41,1011,215,175,63,65,51,621,161,54,54,50,296,63,2,35,38,75,2,4991,8,3620,2,84,5,750,104,3562,1884,882,0,403,19,33,21,600,3314,514,3193,3326,196,193,200,20,8,108,2463,734,222,216,25,330,22,0,1,46,15,444,28,411,23,34,46,157,1611,138,25695,189,1140,61,449,19848,227,24,8535,36723,53,75,71,15,27,167,185140,78,65,67,196,72,93,5220,68,1224,1033,0,21856,1370,1,39,1271,130,20,754,54,155,57,330,80,52,64,4028,48,70,37,83,65,254,27,1,641,2,259,71,80,50,3736,70,14,50,387,7,386,190,23,16,152,1,10994,1473,5787,442,1997,178,27,764,2,8654,937,1358,17541,123,140,545,932,19,224,808,68,46,134,210,67,4,2903,114,0,0,2011,642,2,2997,42,3372,6782,6669,752,5347,868,29,6402,15985,2176,6473,11649,12039,21,46,57,45,19,50,217,28,185,57,1274,0.0,0.0,0.0,0.0,0.0,0.0,0.0,0.0,0.0,0.0,0.0,0.0,0.0,0.0,0.0,0.0,0.0,0.0,0.0,0.0,0.0,0.0,0.0,0.0,0.0,0.0,0.0,0.0,0.0,0.0,0.0,0.0,0.0,0.0,0.0,0.0,0.0,0.0,0.0,0.0,0.0,0.0,0.0,0.0,0.0,0.0,0.0,0.0,0.0,0.0,0.0,0.0,0.0,0.0,0.0,0.0,0.0,0.0,0.0,0.0,0.0,0.0,0.0,0.0,0.0,0.0,0.0,0.0,0.0,0.0,0.0,0.0,0.0,0.0,0.0,0.0,0.0,0.0,0.0,0.0,0.0,0.0,0.0,0.0,0.0,0.0,0.0,0.0,0.0,0.0,0.0,0.0,0.0,0.0,0.0,0.0,0.0,0.0,0.0,0.0,0.0,0.0,0.0,0.0,0.0,0.0,0.0,0.0,0.0,0.0,0.0,0.0,0.0,0.0,0.0,0.0,0.0,0.0,0.0,0.0,0.0,0.0,0.0,0.0,0.0,0.0,0.0,0.0,0.0,0.0,0.0,0.0,0.0,0.0,0.0,0.0,0.0,0.0,0.0,0.0,0.0,0.0,0.0,0.0,0.0,0.0,0.0,0.0,0.0,0.0
ENCFF955QFS,0.2639998266713472,1133252,507,4234,23562,241,34929,5275,88,166,108,339,1154,992,2347,7263,7885,1006,185,2412,2254,69,246,20,24,8,233,100043,956,11359,1602,95,3288,195,750,673,2816,761,7,29,2788,4185,11,216,31,140,310,1976,20747,13981,154,263,364,170,106,3441,68,132,131,71,245,541,120,5309,203,254,25173,58,16912,23102,3080,481,177,20591,4414,109,538,127,190,245,52,274,564,1303,107,123,1044,5,243,122,6,451,608,19,358,362,6077,79523,4009,32,10673,14899,789,12761,597,169,2511,940,1340,8,2111,3389,3514,105,1723,15171,927,11417,186,791,730,3090,327,24602,622,2307,1253,326,1051,110,60,13284,3574,53472,19523,2641,7897,10092,14987,1797,1821,513,12627,30920,221,14059,42,54,8,23,827,136,398,3813,1788,246,1589,23441,1120,152,432,456,437,1040,1938,2033,3365,38,48,24,289,8,474,167,384,214,1193,8,7007,303,477,6067,2425,40888,692,9282,12662,4704,14000,4669,8919,93,9790,11462,4578,3249,9394,7175,2547,250,19702,370,25,134,246,88,24,4,9,1422,92,18936,4048,2721,112,140160,13701,11201,10315,8869,448,296,13827,6675,20862,1212,15535,56,15743,57,118,359,133,76,446,101,1367,1084,16,156,263,161,234,121,1232,626,705,135,1492,1314,726,1456,317,94,175,209,100,98,77,363,281,1893,372,75,528,997,844,4047,15214,51467,991,1824,386,381,312,148,235,140,326,2757,142,210,2597,84,544,115,1373,269,362,157,248,906,123,1677,653,663,203,263,208,1078,446,198,223,271,1145,17,22,112,178,326,154,5948,67,4371,10,202,79,2608,405,3053,2582,2870,8,884,30,191,454,1570,21356,5309,4383,986,376,5466,1101,58,85,259,4976,2779,1269,533,21,156,57,12,40,192,466,764,326,1283,124,118,995,26716,3873,609,43633,206,2129,270,1981,99197,783,76,43683,103959,222,531,583,101,97,1290,535657,578,318,611,151,548,565,10239,22,3398,784,15,12084,5857,29,121,2528,285,39,2017,217,837,127,1435,406,12420,1219,15783,211,482,110,335,261,566,200,9,390,7,704,60,63,62,10584,324,256,312,18315,677,3921,1927,517,207,427,101,18428,8878,5099,18635,4596,554,115,1071,44,10752,2044,4184,19378,883,7318,1366,512,98,6120,474,481,155,598,2711,483,12,14054,261,10,21,1513,1483,11,18633,94,8939,13233,10778,2349,12336,1396,346,26499,31140,4652,14068,22460,28928,95,60,184,189,58,254,1019,148,187,268,2391,0.0,0.0,0.0,0.0,0.0,0.0,0.0,0.0,0.0,0.0,0.0,0.0,0.0,0.0,0.0,0.0,0.0,0.0,0.0,0.0,0.0,0.0,0.0,0.0,0.0,0.0,0.0,0.0,0.0,0.0,0.0,0.0,0.0,0.0,0.0,0.0,0.0,0.0,0.0,0.0,0.0,0.0,0.0,0.0,0.0,0.0,0.0,0.0,0.0,0.0,0.0,0.0,0.0,0.0,0.0,0.0,0.0,0.0,0.0,0.0,0.0,0.0,0.0,0.0,0.0,0.0,0.0,0.0,0.0,0.0,0.0,0.0,0.0,0.0,0.0,0.0,0.0,0.0,0.0,0.0,0.0,0.0,0.0,0.0,0.0,0.0,0.0,0.0,0.0,0.0,0.0,0.0,0.0,0.0,0.0,0.0,0.0,0.0,0.0,0.0,0.0,0.0,0.0,0.0,0.0,0.0,0.0,0.0,0.0,0.0,0.0,0.0,0.0,0.0,0.0,0.0,0.0,0.0,0.0,0.0,0.0,0.0,0.0,0.0,0.0,0.0,0.0,0.0,0.0,0.0,0.0,0.0,0.0,0.0,0.0,0.0,0.0,0.0,0.0,0.0,0.0,0.0,0.0,0.0,0.0,0.0,0.0,0.0,0.0,0.0
ENCFF000BUR,0.15248921135149177,20528,129,2637,23546,490,65819,3777,168,360,227,610,2544,2773,5737,10845,19281,2439,777,3781,4207,114,667,110,65,45,623,26,2285,21342,2667,257,136,385,1288,999,15,1506,27,36,5543,8722,43,603,93,53,360,3832,14510,9,384,599,832,438,258,4958,115,264,271,103,540,1371,446,10555,339,196,23,182,36051,35788,5793,644,485,664,3929,211,798,329,510,649,131,671,674,3159,301,372,2372,21,618,321,30,1302,96,14,1474,836,13888,131239,7923,72,22790,31492,1731,28553,1760,350,3999,1191,1163,17,2009,5908,5506,78,3208,25244,1801,22155,387,1625,1563,6779,673,30649,859,4432,2080,704,2293,382,127,22088,9282,30,14672,5148,8025,23041,22,3225,2138,751,2755,28586,347,142,54,114,34,31,1717,217,680,7353,3761,561,2846,23569,2072,393,679,565,607,2090,3268,2960,4357,39,79,28,652,15,1172,378,2192,1971,5,2,325,537,630,13963,5567,33927,1546,21133,25358,9932,19289,9055,19673,224,20854,23943,9552,7040,17323,14388,3998,593,4,452,65,329,593,150,58,27,42,2998,258,20098,7990,6511,192,142212,26548,2449,21106,17916,792,1515,29141,12864,41142,3054,32557,166,33766,37,227,954,448,164,575,143,2466,1679,14,448,640,377,533,248,1623,814,181,140,3320,2207,1460,1855,811,198,416,490,222,216,181,424,753,3537,906,232,1807,1608,1378,7019,15529,99,1565,2595,875,548,395,392,576,335,85,5242,299,545,3935,226,1098,255,2811,685,636,371,574,64,300,363,1600,1672,495,645,455,1889,1055,468,485,567,2536,23,35,245,365,390,215,11715,79,7531,30,478,60,4696,533,5174,5006,5053,40,1967,80,188,743,3010,39939,468,1441,1423,833,13,1750,167,219,500,10811,4231,3189,1168,31,242,106,15,54,424,664,2027,340,2576,348,317,1272,29201,198,1394,93661,348,5948,581,3411,184,1699,203,31,2595,497,607,601,313,269,170,491,789,577,688,229,766,800,19615,63,7415,1724,21,20020,5519,29,225,4496,400,46,4625,491,824,202,2121,695,10284,1886,354,476,675,281,747,551,1115,390,18,876,25,1248,117,31,139,274,186,503,526,19364,1417,5731,3902,870,335,814,113,30737,40,11744,1062,10976,982,257,2268,46,20735,5424,6926,30767,1407,11500,146,94,227,504,276,691,442,890,3143,615,27,135,678,33,25,3457,3155,15,49,187,17969,27696,21018,5039,26995,3315,503,46461,64745,9390,28393,48355,60191,158,160,430,420,151,581,941,229,475,523,4798,0.0,0.0,0.0,0.0,0.0,0.0,0.0,0.0,0.0,0.0,0.0,0.0,0.0,0.0,0.0,0.0,0.0,0.0,0.0,0.0,0.0,0.0,0.0,0.0,0.0,0.0,0.0,0.0,0.0,0.0,0.0,0.0,0.0,0.0,0.0,0.0,0.0,0.0,0.0,0.0,0.0,0.0,0.0,0.0,0.0,0.0,0.0,0.0,0.0,0.0,0.0,0.0,0.0,0.0,0.0,0.0,0.0,0.0,0.0,0.0,0.0,0.0,0.0,0.0,0.0,0.0,0.0,0.0,0.0,0.0,0.0,0.0,0.0,0.0,0.0,0.0,0.0,0.0,0.0,0.0,0.0,0.0,0.0,0.0,0.0,0.0,0.0,0.0,0.0,0.0,0.0,0.0,0.0,0.0,0.0,0.0,0.0,0.0,0.0,0.0,0.0,0.0,0.0,0.0,0.0,0.0,0.0,0.0,0.0,0.0,0.0,0.0,0.0,0.0,0.0,0.0,0.0,0.0,0.0,0.0,0.0,0.0,0.0,0.0,0.0,0.0,0.0,0.0,0.0,0.0,0.0,0.0,0.0,0.0,0.0,0.0,0.0,0.0,0.0,0.0,0.0,0.0,0.0,0.0,0.0,0.0,0.0,0.0,0.0,0.0
ENCFF000XVD,0.061302730995706795,3932,15,208,2098,71,5202,395,31,46,10,64,193,379,716,1007,1772,308,31,332,352,19,44,2,12,5,41,138,212,2778,278,21,14,19,111,105,3,112,6,5,570,746,8,52,1,4,35,351,1529,19,51,62,85,37,26,458,13,25,23,10,63,96,14,884,32,39,37,10,3306,3434,540,77,40,95,441,24,70,39,40,67,13,74,68,289,30,37,195,0,45,48,1,101,14,1,106,82,1158,11506,681,7,1989,2721,152,2458,93,35,332,114,119,5,201,495,526,16,301,2558,251,2896,61,197,177,612,107,3666,100,445,206,58,239,28,14,2105,1041,126,1502,637,1055,1958,31,288,224,69,246,3346,45,29,10,17,2,3,164,25,67,676,327,45,337,2137,206,22,78,87,79,204,296,306,383,8,21,6,59,5,102,52,176,258,4,1,35,64,61,1135,493,3161,170,2146,2458,1011,2595,864,1759,14,1866,2123,696,628,1705,1378,485,63,34,57,5,45,57,18,8,5,20,269,33,3607,859,1024,28,13676,2478,276,1953,1775,86,33,2819,1314,3748,398,3164,17,3225,4,10,69,25,19,50,14,203,153,3,52,57,36,56,30,155,80,9,18,282,220,138,201,74,23,43,34,24,26,22,44,74,351,81,28,130,155,126,718,2105,102,148,232,100,44,40,31,47,26,18,546,40,55,359,21,111,30,221,66,55,48,63,14,29,34,150,166,49,58,38,164,84,41,50,71,203,0,2,28,34,40,16,1020,12,644,3,33,9,427,60,429,445,473,7,161,9,12,141,268,4782,47,136,130,68,12,170,20,10,51,861,459,192,97,7,11,11,2,5,46,85,170,56,204,36,23,88,3038,28,116,8155,34,380,70,326,181,155,12,62,347,44,60,59,26,23,18,941,77,56,76,33,83,79,1706,8,689,171,3,1877,541,9,24,423,45,4,436,48,107,21,171,78,1316,219,46,57,68,28,64,39,87,66,5,66,4,141,19,1,12,46,46,79,65,1529,201,630,420,137,59,60,16,2674,13,964,138,893,102,18,199,1,1957,363,627,2722,207,1105,22,7,26,72,36,63,34,99,513,51,2,26,73,4,5,301,326,0,38,16,1761,2509,1864,442,2340,324,15,4958,5934,860,2527,4461,5336,18,17,36,53,14,41,87,17,33,48,423,0.0,0.0,0.0,0.0,0.0,0.0,0.0,0.0,0.0,0.0,0.0,0.0,0.0,0.0,0.0,0.0,0.0,0.0,0.0,0.0,0.0,0.0,0.0,0.0,0.0,0.0,0.0,0.0,0.0,0.0,0.0,0.0,0.0,0.0,0.0,0.0,0.0,0.0,0.0,0.0,0.0,0.0,0.0,0.0,0.0,0.0,0.0,0.0,0.0,0.0,0.0,0.0,0.0,0.0,0.0,0.0,0.0,0.0,0.0,0.0,0.0,0.0,0.0,0.0,0.0,0.0,0.0,0.0,0.0,0.0,0.0,0.0,0.0,0.0,0.0,0.0,0.0,0.0,0.0,0.0,0.0,0.0,0.0,0.0,0.0,0.0,0.0,0.0,0.0,0.0,0.0,0.0,0.0,0.0,0.0,0.0,0.0,0.0,0.0,0.0,0.0,0.0,0.0,0.0,0.0,0.0,0.0,0.0,0.0,0.0,0.0,0.0,0.0,0.0,0.0,0.0,0.0,0.0,0.0,0.0,0.0,0.0,0.0,0.0,0.0,0.0,0.0,0.0,0.0,0.0,0.0,0.0,0.0,0.0,0.0,0.0,0.0,0.0,0.0,0.0,0.0,0.0,0.0,0.0,0.0,0.0,0.0,0.0,0.0,0.0
ENCFF901NZE,0.13585898193947962,22643,58,1695,36225,546,111317,6781,326,160,166,336,3040,1208,6529,20872,16509,1715,540,4338,3640,78,457,14,24,49,762,184,3144,46781,2622,106,47,406,2130,2219,19,2261,9,6,6430,8258,51,251,24,14,743,5626,26395,20,710,1377,1591,218,196,5768,62,238,110,60,464,1274,371,17025,1795,339,41,11,44192,42046,8107,1423,783,1705,6970,186,1677,713,829,1008,246,1253,1652,2727,440,798,4020,4,893,794,6,660,69,10,1098,1380,24373,112390,6325,95,17271,27793,2642,24093,1544,735,3374,1102,991,9,2625,5909,5914,54,3940,28254,1908,55885,234,1321,1361,5175,584,94482,1655,3981,1460,218,1541,117,44,18995,6410,101,25895,6766,8159,20541,25,3896,4366,1501,2568,53250,247,97,85,50,21,22,1294,301,132,7644,2462,239,3278,37647,3351,210,1561,720,487,2124,3338,3331,5259,16,75,17,1219,30,1551,727,756,271,25,9,545,388,1497,11701,4403,30326,2429,20557,29199,12427,43995,14068,25123,202,20042,24930,8247,7289,22528,13309,4327,843,32,598,7,732,1288,107,26,21,74,2933,97,68046,12829,8320,426,143240,33217,3488,22259,28391,675,304,31553,14819,54602,2301,29527,88,27201,14,167,414,10,349,1078,276,4323,2177,15,809,858,697,1121,517,2812,1724,878,104,4651,3268,1488,4664,1795,421,863,909,494,356,276,749,1404,4278,1037,398,1128,2781,2048,10879,26414,183,2601,3504,1292,1011,875,754,1119,624,510,5503,563,1404,4422,357,1530,600,3448,1510,1227,883,1112,184,565,481,2702,2212,982,945,821,2405,1644,1239,792,1267,3487,7,21,510,845,381,179,10320,54,7114,13,241,41,4591,631,6295,4403,6601,15,1773,35,41,1277,2118,68433,335,1293,2942,797,20,2449,60,176,1019,13228,5934,2238,913,18,70,25,10,38,702,783,1387,940,2808,672,492,1427,53135,198,1833,78738,469,4672,1139,6614,381,2111,291,49,2242,855,1344,1325,422,371,174,1096,1719,1146,1353,471,1358,1496,17369,18,11234,967,12,21984,5854,123,302,4816,707,35,6312,834,1001,86,3797,1147,24116,3257,254,809,1298,598,924,951,1277,700,10,759,29,1743,64,4,58,70,214,246,691,22831,1048,8841,4438,800,544,363,78,19647,38,7782,1175,7042,879,57,1616,6,20061,4010,6786,31309,1312,19308,143,102,420,997,474,1154,908,1427,5208,1147,12,73,1234,16,12,2184,2383,16,56,77,17433,30457,25018,6018,20952,2900,509,65107,63487,11505,29074,50660,53864,192,68,735,735,229,976,688,201,117,404,4756,0.0,0.0,0.0,0.0,0.0,0.0,0.0,0.0,0.0,0.0,0.0,0.0,0.0,0.0,0.0,0.0,0.0,0.0,0.0,0.0,0.0,0.0,0.0,0.0,0.0,0.0,0.0,0.0,0.0,0.0,0.0,0.0,0.0,0.0,0.0,0.0,0.0,0.0,0.0,0.0,0.0,0.0,0.0,0.0,0.0,0.0,0.0,0.0,0.0,0.0,0.0,0.0,0.0,0.0,0.0,0.0,0.0,0.0,0.0,0.0,0.0,0.0,0.0,0.0,0.0,0.0,0.0,0.0,0.0,0.0,0.0,0.0,0.0,0.0,0.0,0.0,0.0,0.0,0.0,0.0,0.0,0.0,0.0,0.0,0.0,0.0,0.0,0.0,0.0,0.0,0.0,0.0,0.0,0.0,0.0,0.0,0.0,0.0,0.0,0.0,0.0,0.0,0.0,0.0,0.0,0.0,0.0,0.0,0.0,0.0,0.0,0.0,0.0,0.0,0.0,0.0,0.0,0.0,0.0,0.0,0.0,0.0,0.0,0.0,0.0,0.0,0.0,0.0,0.0,0.0,0.0,0.0,0.0,0.0,0.0,0.0,0.0,0.0,0.0,0.0,0.0,0.0,0.0,0.0,0.0,0.0,0.0,0.0,0.0,0.0
ENCFF588FSB,0.17861781633060872,88637,442,10749,78098,2578,198475,11572,717,1213,506,1052,8195,13896,26371,43257,71586,8870,868,11757,14320,289,1051,193,101,86,1857,2003,7648,45583,6166,567,436,852,4123,3679,178,3701,65,30,15931,19784,140,1351,105,110,1045,12912,49020,324,1147,2253,3515,863,627,9806,287,578,866,248,1379,3664,1294,29486,2619,1299,560,81,108074,101254,10840,2339,1744,2663,7595,218,2742,1266,1887,2149,483,2308,2578,6887,916,1159,8858,55,2116,1076,96,2258,394,56,2720,3364,35975,349847,22079,331,56805,80317,5384,69703,2467,1495,8698,2979,3268,43,5071,13465,13293,311,9739,52869,8125,59985,2114,9532,8371,20891,4612,84968,3414,12299,6394,1798,4787,668,229,51264,38303,1592,53594,24185,17494,46238,678,11690,4652,2665,6670,99445,849,637,326,221,79,109,3639,425,841,25050,8688,1191,8738,82895,8306,786,2539,1869,1760,5616,9600,7996,8217,197,271,77,2342,56,4653,1505,2036,221,72,42,1309,1561,2155,28675,12820,85723,5265,66617,67033,31990,62806,28814,65599,593,57347,70363,20376,18498,46084,35724,12547,2229,367,1560,76,1050,2134,312,210,63,63,8109,876,80869,28683,32872,438,387611,78284,7090,59304,56917,1669,1215,88529,43735,134961,15069,84468,751,75317,82,658,1426,352,803,2172,397,8118,3356,72,1528,2105,1391,2163,998,5530,3180,449,497,9556,5567,3791,4691,2619,764,1373,1704,941,936,672,1030,2589,13552,3343,983,4012,5006,4990,27563,59632,1605,4446,5380,2987,1909,1445,1610,2221,1206,229,13601,1044,1751,9069,875,3165,897,8494,2433,2283,1348,2100,405,1055,1515,5443,5996,1997,2233,1490,4316,3108,1426,1816,2054,10129,53,84,970,1540,778,515,24165,129,18229,47,1080,95,10807,1153,12714,14100,13980,42,5355,337,368,3095,5740,151488,1066,3986,4532,1958,196,7582,237,218,974,34178,12821,7094,1950,26,389,285,37,108,1663,2411,4673,1100,8855,1251,1005,3645,99235,918,5401,263600,1272,9183,2352,11227,2491,6242,689,1266,10369,1964,2231,2345,875,956,504,12313,2563,2233,2391,1065,2420,2758,48029,247,19122,5181,68,46105,12894,41,326,12345,1187,122,13495,1936,1907,463,6828,2504,46144,9220,1533,2066,2514,1016,2246,2037,2123,1615,42,2359,48,3689,267,50,283,1016,426,2261,1730,77222,8101,25175,16473,4163,1325,1820,258,62220,407,29258,4114,22065,2279,1039,5614,90,67038,12764,21569,93874,6852,43815,588,609,792,2060,1003,2506,1759,3481,14849,2266,87,495,2316,48,66,6942,6305,37,575,374,47113,98356,67529,18685,72856,8262,1766,152226,203465,31250,99832,140548,166954,537,407,1832,1678,549,1966,2172,564,811,1477,14005,0.0,0.0,0.0,0.0,0.0,0.0,0.0,0.0,0.0,0.0,0.0,0.0,0.0,0.0,0.0,0.0,0.0,0.0,0.0,0.0,0.0,0.0,0.0,0.0,0.0,0.0,0.0,0.0,0.0,0.0,0.0,0.0,0.0,0.0,0.0,0.0,0.0,0.0,0.0,0.0,0.0,0.0,0.0,0.0,0.0,0.0,0.0,0.0,0.0,0.0,0.0,0.0,0.0,0.0,0.0,0.0,0.0,0.0,0.0,0.0,0.0,0.0,0.0,0.0,0.0,0.0,0.0,0.0,0.0,0.0,0.0,0.0,0.0,0.0,0.0,0.0,0.0,0.0,0.0,0.0,0.0,0.0,0.0,0.0,0.0,0.0,0.0,0.0,0.0,0.0,0.0,0.0,0.0,0.0,0.0,0.0,0.0,0.0,0.0,0.0,0.0,0.0,0.0,0.0,0.0,0.0,0.0,0.0,0.0,0.0,0.0,0.0,0.0,0.0,0.0,0.0,0.0,0.0,0.0,0.0,0.0,0.0,0.0,0.0,0.0,0.0,0.0,0.0,0.0,0.0,0.0,0.0,0.0,0.0,0.0,0.0,0.0,0.0,0.0,0.0,0.0,0.0,0.0,0.0,0.0,0.0,0.0,0.0,0.0,0.0
ENCFF000ZQF,0.16069553891734237,77499,575,4354,18667,432,72178,8450,183,514,404,739,2219,3390,6632,6682,21384,3766,752,8643,7527,289,1273,129,85,107,1106,2833,2537,23351,5742,388,426,705,1345,1257,106,2571,23,11,8540,16389,74,1062,18,195,971,6107,10888,554,759,560,815,771,473,10602,356,664,597,271,1408,1270,235,5931,349,573,740,43,44640,61685,11827,737,364,1654,9199,421,920,295,433,589,119,520,1033,5459,211,271,2590,35,465,278,25,2462,276,52,1585,700,5797,228229,17444,140,47061,60618,2255,52142,1154,330,8202,2411,2625,18,4362,10707,11406,176,4496,50004,1745,24757,231,843,1469,12720,455,25066,877,9533,4436,1352,4336,600,284,51470,11047,2916,12655,6733,21614,45519,488,4082,5853,843,4575,14025,713,751,64,174,48,43,3710,563,638,12985,8309,1070,4667,16374,1549,679,819,2981,2049,3555,6682,6410,8514,272,251,132,637,47,1149,339,2370,2504,45,11,463,1067,845,23436,11480,64513,2127,34121,44540,15903,19274,13787,25860,413,39347,44170,16234,15204,31390,30635,7434,1026,821,1010,68,251,464,303,51,26,327,5837,312,19594,9627,9299,464,281025,45987,5166,38287,12748,2477,802,48384,21969,48785,2424,73398,235,76659,19,567,939,54,151,745,303,3151,3341,21,311,496,256,524,216,2134,1141,358,342,5894,3546,2500,4042,577,140,355,445,151,200,126,751,572,5910,834,198,2153,2089,1836,5371,17534,1718,1977,4603,1096,638,537,337,609,261,247,12033,275,496,7418,300,1604,197,4392,489,704,281,496,264,242,595,1408,1491,450,579,381,3425,1300,388,377,479,2899,30,23,207,289,887,116,23880,140,14300,28,832,64,9465,1186,10902,9324,8247,35,3828,318,258,2218,6156,59866,1284,3090,2305,1411,84,2341,402,500,1238,16053,8923,2467,2345,78,180,169,15,51,330,2267,3933,571,5142,263,269,916,27970,408,1369,186293,624,9000,609,4425,3799,2240,177,1080,7149,377,876,962,226,248,425,15285,999,659,913,484,802,1006,35831,141,11705,2805,81,40850,10470,40,485,7836,1412,45,6559,471,2152,493,3169,738,8799,1481,1025,439,869,247,825,529,2218,546,40,1481,39,2212,322,31,379,874,1740,567,1105,22074,1081,5080,4322,693,679,1546,486,62058,308,22096,1656,20366,2710,436,4419,31,40970,7324,13338,58136,2144,8907,254,372,209,575,561,868,403,891,8024,854,26,911,544,60,113,7277,7121,25,686,284,40243,50632,30626,8571,53143,6402,1194,74572,118725,13898,48941,88285,115136,405,301,358,340,120,492,2100,386,687,887,8510,0.0,0.0,0.0,0.0,0.0,0.0,0.0,0.0,0.0,0.0,0.0,0.0,0.0,0.0,0.0,0.0,0.0,0.0,0.0,0.0,0.0,0.0,0.0,0.0,0.0,0.0,0.0,0.0,0.0,0.0,0.0,0.0,0.0,0.0,0.0,0.0,0.0,0.0,0.0,0.0,0.0,0.0,0.0,0.0,0.0,0.0,0.0,0.0,0.0,0.0,0.0,0.0,0.0,0.0,0.0,0.0,0.0,0.0,0.0,0.0,0.0,0.0,0.0,0.0,0.0,0.0,0.0,0.0,0.0,0.0,0.0,0.0,0.0,0.0,0.0,0.0,0.0,0.0,0.0,0.0,0.0,0.0,0.0,0.0,0.0,0.0,0.0,0.0,0.0,0.0,0.0,0.0,0.0,0.0,0.0,0.0,0.0,0.0,0.0,0.0,0.0,0.0,0.0,0.0,0.0,0.0,0.0,0.0,0.0,0.0,0.0,0.0,0.0,0.0,0.0,0.0,0.0,0.0,0.0,0.0,0.0,0.0,0.0,0.0,0.0,0.0,0.0,0.0,0.0,0.0,0.0,0.0,0.0,0.0,0.0,0.0,0.0,0.0,0.0,0.0,0.0,0.0,0.0,0.0,0.0,0.0,0.0,0.0,0.0,0.0
ENCFF000CQL,0.10222359899080535,18678,601,2338,16330,695,78107,3030,160,549,172,1606,4297,4575,9035,9199,26717,3101,474,2928,3873,114,584,74,57,37,375,217,1970,14837,2341,153,80,332,1155,907,15,1021,20,163,8222,6608,47,408,30,91,263,3418,9972,40,270,553,770,333,282,6629,114,184,256,77,616,2552,207,8107,129,223,80,724,28542,28289,4249,588,441,697,10377,149,659,354,424,466,125,580,655,2414,336,327,2104,16,489,296,32,818,134,13,1152,710,10279,99814,5697,153,15459,21454,1478,20141,1673,377,2959,759,724,18,1631,4997,4403,85,3506,23139,2542,25897,574,2420,1973,5867,1100,31291,825,3727,2517,472,1824,346,97,21513,13960,152,11813,7990,21718,17474,53,4518,2060,644,2215,19730,170,123,80,88,26,39,1242,213,1951,5879,2547,529,2394,17560,2092,282,598,407,421,1635,2113,1891,3882,43,148,39,573,38,1065,379,2259,2609,13,1,283,575,495,10464,3959,26059,1370,20714,19505,8056,18262,7507,16747,168,16313,18788,6793,5025,13853,9820,3303,495,55,371,161,276,485,193,133,43,83,2765,382,23637,6952,12062,85,117975,21162,1830,15261,17758,584,1426,22610,9778,33024,4713,22196,88,22870,130,219,3685,2496,194,498,178,2033,1364,39,411,531,359,531,283,1422,823,245,134,2596,1795,1225,1466,650,211,469,389,214,270,188,486,770,2784,816,258,1355,1345,1246,6994,12436,150,1419,2461,768,410,326,306,500,299,218,4253,323,459,3179,226,1212,288,2406,597,522,317,552,306,326,266,1494,1517,476,553,438,2016,859,405,456,560,2336,17,35,267,357,855,293,8839,116,5828,39,328,568,3693,448,3990,5030,4730,44,1532,147,130,761,2424,45131,346,1057,1373,666,15,1579,91,395,370,8760,4924,7996,765,200,512,110,7,148,408,586,1399,254,1959,358,307,950,27996,277,1324,71724,283,4346,536,2896,326,1434,190,83,2131,495,455,538,383,269,128,1123,584,488,541,202,625,687,15052,149,5718,1541,22,15867,4164,32,152,3352,293,89,3892,425,753,249,1700,694,10893,1841,286,484,543,296,594,436,1063,334,42,780,164,1590,76,36,98,238,50,771,428,17930,2149,5654,4175,1279,315,547,59,21671,54,9148,934,7803,778,199,1665,219,14804,3891,5104,23550,1258,9647,142,74,273,482,539,597,385,870,3071,461,23,107,633,8,18,2599,2376,4,91,126,12669,20820,18603,3864,18783,2392,175,39385,49125,7757,21762,36529,43173,205,120,475,429,130,469,949,269,268,348,3971,0.0,0.0,0.0,0.0,0.0,0.0,0.0,0.0,0.0,0.0,0.0,0.0,0.0,0.0,0.0,0.0,0.0,0.0,0.0,0.0,0.0,0.0,0.0,0.0,0.0,0.0,0.0,0.0,0.0,0.0,0.0,0.0,0.0,0.0,0.0,0.0,0.0,0.0,0.0,0.0,0.0,0.0,0.0,0.0,0.0,0.0,0.0,0.0,0.0,0.0,0.0,0.0,0.0,0.0,0.0,0.0,0.0,0.0,0.0,0.0,0.0,0.0,0.0,0.0,0.0,0.0,0.0,0.0,0.0,0.0,0.0,0.0,0.0,0.0,0.0,0.0,0.0,0.0,0.0,0.0,0.0,0.0,0.0,0.0,0.0,0.0,0.0,0.0,0.0,0.0,0.0,0.0,0.0,0.0,0.0,0.0,0.0,0.0,0.0,0.0,0.0,0.0,0.0,0.0,0.0,0.0,0.0,0.0,0.0,0.0,0.0,0.0,0.0,0.0,0.0,0.0,0.0,0.0,0.0,0.0,0.0,0.0,0.0,0.0,0.0,0.0,0.0,0.0,0.0,0.0,0.0,0.0,0.0,0.0,0.0,0.0,0.0,0.0,0.0,0.0,0.0,0.0,0.0,0.0,0.0,0.0,0.0,0.0,0.0,0.0
ENCFF603MTX,0.145044251083371,32251,116,4002,28071,195,32404,6193,184,326,333,571,2756,1753,3701,5901,9381,2567,561,3295,6269,198,990,95,179,160,1158,78,2987,8656,4512,356,181,561,1614,1459,20,2153,94,11,8213,13714,145,968,84,31,822,5853,7110,18,612,983,1120,611,591,8132,233,423,482,410,1076,1376,201,3749,205,458,37,65,34824,47886,9356,894,576,1023,6594,368,1149,381,656,815,166,810,1092,4637,393,462,3378,55,725,417,24,1780,204,34,1426,888,5256,186346,12740,150,34018,47578,2511,41620,1158,520,6893,2026,2211,26,3963,9108,9091,269,4587,40464,1282,16651,140,513,965,9729,250,15215,1050,6989,3337,1259,3536,545,216,37481,5982,50,9044,3974,14551,34708,23,4368,1276,1102,4031,11731,566,216,76,162,64,44,2818,440,583,11277,5802,822,4167,28646,1967,509,1065,1618,1426,2951,5027,4319,7280,153,239,81,821,55,1532,483,1534,316,15,1,433,940,950,18524,8589,51073,2104,25161,31339,13602,14305,13642,27344,246,31745,37012,12642,11397,26021,22448,6370,900,21,581,84,473,716,257,111,56,72,4387,222,16628,8809,4615,431,207569,35558,3386,28390,9670,1595,595,38808,16126,39270,1305,52484,158,54332,52,401,800,160,247,858,355,3600,2498,43,533,752,484,778,345,2403,1361,381,306,4761,3235,2193,3704,1023,286,499,696,281,272,233,673,974,4918,885,278,1915,2355,2104,6683,10757,155,2221,3974,1282,819,625,532,839,429,201,9285,370,705,6067,296,1567,302,4257,891,873,480,784,240,369,538,2148,2142,643,792,613,2781,1482,669,608,804,3702,38,30,325,462,582,364,18434,420,11947,26,607,58,7548,972,8380,7458,6947,36,3425,233,287,758,4939,35571,736,2314,2260,1318,19,2741,226,562,1114,17244,4125,2899,1883,127,364,206,20,69,551,2512,3072,597,4307,411,378,744,33384,301,1962,145393,518,6796,803,4977,368,2366,217,45,3965,711,963,1046,270,355,322,1052,1113,795,1022,418,1008,1215,29924,180,11244,2766,44,31455,8202,89,380,6306,867,88,6749,625,1679,384,3203,980,7724,1701,695,655,1140,364,1162,738,1574,636,74,1379,47,1904,256,143,311,473,465,298,575,11536,542,5347,2644,482,383,1373,413,43904,45,18108,1602,15216,1909,458,3422,23,39035,6554,12357,52665,1814,4822,217,404,284,691,332,1024,572,1423,6554,937,51,227,848,96,70,5211,5334,23,73,297,30260,39388,27450,7396,41748,5094,267,67100,96541,11875,39060,70861,90658,266,206,622,611,202,712,1684,338,656,951,7457,0.0,0.0,0.0,0.0,0.0,0.0,0.0,0.0,0.0,0.0,0.0,0.0,0.0,0.0,0.0,0.0,0.0,0.0,0.0,0.0,0.0,0.0,0.0,0.0,0.0,0.0,0.0,0.0,0.0,0.0,0.0,0.0,0.0,0.0,0.0,0.0,0.0,0.0,0.0,0.0,0.0,0.0,0.0,0.0,0.0,0.0,0.0,0.0,0.0,0.0,0.0,0.0,0.0,0.0,0.0,0.0,0.0,0.0,0.0,0.0,0.0,0.0,0.0,0.0,0.0,0.0,0.0,0.0,0.0,0.0,0.0,0.0,0.0,0.0,0.0,0.0,0.0,0.0,0.0,0.0,0.0,0.0,0.0,0.0,0.0,0.0,0.0,0.0,0.0,0.0,0.0,0.0,0.0,0.0,0.0,0.0,0.0,0.0,0.0,0.0,0.0,0.0,0.0,0.0,0.0,0.0,0.0,0.0,0.0,0.0,0.0,0.0,0.0,0.0,0.0,0.0,0.0,0.0,0.0,0.0,0.0,0.0,0.0,0.0,0.0,0.0,0.0,0.0,0.0,0.0,0.0,0.0,0.0,0.0,0.0,0.0,0.0,0.0,0.0,0.0,0.0,0.0,0.0,0.0,0.0,0.0,0.0,0.0,0.0,0.0
ENCFF882HXM,0.07690337387446101,178958,3762,12429,78409,2123,219023,14463,636,1245,678,1545,8096,9851,24166,50433,60055,8501,950,15533,13455,354,1687,190,163,153,2310,10200,8252,51374,8224,710,849,1458,4568,3907,337,4454,77,121,20346,25219,198,1885,167,1046,1272,13734,65540,1616,1160,2582,3276,995,830,15730,462,814,979,497,1498,3730,2189,40448,2594,1184,2528,273,138916,168462,16676,2672,1624,4583,12364,765,2882,1237,1804,2051,578,2379,2493,8633,1063,1265,8802,27,2096,1188,39,2964,447,122,4662,3735,71190,423884,25495,304,69306,100095,6179,88566,6059,1498,12365,3991,4165,54,7272,18200,17449,441,11197,79816,7515,124954,2009,7936,6752,21335,3242,166165,3653,14612,6746,2061,5998,756,227,69551,33883,6495,69377,22766,29098,63898,2111,11220,9226,2777,9788,109233,1336,1812,303,235,136,61,5090,760,1905,24492,10871,1528,12427,83843,9828,951,2650,3584,4253,7105,11133,9658,14974,181,258,95,2304,53,4422,1408,6045,1893,340,26,1859,1722,2261,39236,16467,112694,5539,71675,80016,36917,74461,34125,69252,555,71386,83320,37395,22112,59642,45025,18319,2465,2115,1872,499,1243,2070,364,135,247,88,10139,885,102578,30990,25943,656,780866,100705,10523,73426,74189,2602,2891,106324,52642,164511,13406,114104,663,103940,84,740,1913,451,667,2219,836,9410,5301,118,1627,2206,1363,2138,1021,5661,3300,1206,528,11017,7121,4737,6865,2827,868,1492,1686,840,835,675,1399,2628,14886,3005,870,5387,6106,5445,38487,128186,6703,5471,9201,3152,2040,1561,1400,2190,1279,491,19949,1119,1877,11957,834,3663,892,10312,2380,2216,1433,2174,934,1046,1908,5808,5788,1832,2269,1756,5663,3540,1835,1908,2388,10261,80,82,867,1443,1273,688,34403,333,23022,70,1353,165,14621,1735,17675,16458,17054,54,6416,232,398,4680,9981,190653,1768,5971,5629,2681,733,7100,577,1199,1815,40460,17797,7580,3135,52,517,291,43,96,1580,3338,6898,1293,9477,1100,1104,4687,114139,1297,5256,307945,1650,14735,2428,12715,11148,6354,729,4451,18737,1869,2137,2330,959,966,623,50554,2673,2078,2444,1459,2721,2922,62076,165,24652,5461,107,63515,17631,69,588,15575,2048,74,15629,1784,3579,610,7662,2513,45419,9247,2494,2077,2455,1035,2583,1935,3154,2404,60,2390,57,4300,650,183,397,1936,1983,2106,2447,107542,6536,25563,17512,4120,1442,2420,497,85199,1094,37268,5652,29980,2875,788,6833,82,80513,17581,26562,120986,10484,43768,812,836,773,2658,3151,2447,1609,3919,19442,2240,113,1372,2486,33,80,9728,9074,79,2107,422,57988,108474,77179,20724,87099,10803,1271,191466,232855,35696,105329,174409,201058,570,410,1781,1543,512,2101,2830,685,998,1568,16450,0.0,0.0,0.0,0.0,0.0,0.0,0.0,0.0,0.0,0.0,0.0,0.0,0.0,0.0,0.0,0.0,0.0,0.0,0.0,0.0,0.0,0.0,0.0,0.0,0.0,0.0,0.0,0.0,0.0,0.0,0.0,0.0,0.0,0.0,0.0,0.0,0.0,0.0,0.0,0.0,0.0,0.0,0.0,0.0,0.0,0.0,0.0,0.0,0.0,0.0,0.0,0.0,0.0,0.0,0.0,0.0,0.0,0.0,0.0,0.0,0.0,0.0,0.0,0.0,0.0,0.0,0.0,0.0,0.0,0.0,0.0,0.0,0.0,0.0,0.0,0.0,0.0,0.0,0.0,0.0,0.0,0.0,0.0,0.0,0.0,0.0,0.0,0.0,0.0,0.0,0.0,0.0,0.0,0.0,0.0,0.0,0.0,0.0,0.0,0.0,0.0,0.0,0.0,0.0,0.0,0.0,0.0,0.0,0.0,0.0,0.0,0.0,0.0,0.0,0.0,0.0,0.0,0.0,0.0,0.0,0.0,0.0,0.0,0.0,0.0,0.0,0.0,0.0,0.0,0.0,0.0,0.0,0.0,0.0,0.0,0.0,0.0,0.0,0.0,0.0,0.0,0.0,0.0,0.0,0.0,0.0,0.0,0.0,0.0,0.0
ENCFF002EAG,0.19806905399470734,103551,315,4525,54378,1022,110025,9953,371,1107,449,824,4697,9044,13795,33622,53378,5561,758,7337,7641,249,1011,136,120,133,1270,6092,4652,34224,5257,387,390,681,2558,2358,169,2736,26,47,10745,15565,108,1025,116,109,867,8332,40898,772,714,1387,2041,705,476,9335,228,560,662,338,1318,2051,406,17676,1014,238,1736,138,65302,75401,10186,1518,997,2438,7634,450,1738,781,1136,1255,324,1440,1619,5148,612,758,5171,29,1245,716,31,1857,414,63,2485,1773,18512,249213,15202,132,40065,58684,3815,50027,1596,938,7509,2306,2562,53,4404,11019,11509,489,5721,45216,4511,54037,795,3363,3082,12184,1454,95134,1941,8525,4081,1288,4026,870,406,43600,24455,4032,63000,13957,21812,41339,1102,6233,4213,1729,5432,50528,409,1072,204,144,43,47,3260,427,932,13670,6454,925,5030,59693,5354,799,1636,3840,3731,4319,7496,6571,7748,90,227,107,1471,74,2510,815,1319,325,133,10,1022,1161,1458,21228,10292,62663,3310,46703,45492,19765,52385,18604,37576,588,38278,45782,14808,12653,31914,25300,8158,1270,1426,1031,88,670,1272,314,153,47,67,5522,692,69287,16231,26624,592,262900,50036,5046,39691,34565,1558,738,55027,26340,77749,7445,58736,280,57951,83,429,1083,251,410,1304,399,5134,3134,70,936,1250,917,1261,591,3383,2057,316,306,6695,4120,2850,3542,1773,464,991,1054,496,483,388,698,1490,7276,1786,550,2346,3207,3076,17165,44425,3849,3369,4250,1861,1138,956,911,1287,675,182,10822,746,1257,7223,525,2119,619,5623,1496,1417,850,1301,280,696,778,3487,3342,1159,1304,1010,3424,2123,1109,1084,1283,5589,41,55,580,936,712,387,20435,208,13310,24,691,95,8930,1059,9857,8763,10172,32,3848,268,241,2132,5249,116841,1120,3082,2941,1475,314,3686,293,621,925,20151,8800,4707,2001,143,328,185,21,74,955,2926,3328,777,4981,684,714,2604,89354,773,2914,165481,729,8299,1396,7441,6274,3503,372,2636,10120,1144,1468,1480,518,601,454,30814,1665,1326,1573,760,1611,1810,36064,194,14429,3157,77,35666,8045,44,407,7615,1126,85,9145,1193,1664,387,4239,1550,21759,4523,1505,1132,1530,592,1628,1188,1684,947,27,1223,48,2402,226,110,268,1120,734,1265,1226,46500,2975,13854,7959,2067,782,1397,364,51207,578,21186,3012,17164,2094,595,4049,46,44491,8407,13923,60922,2620,32633,421,251,522,1490,736,1501,1024,1992,10338,1427,69,810,1510,90,64,5948,5947,47,1223,259,34396,55172,40821,9986,50545,5692,446,113116,123807,17584,56833,90230,110632,594,280,1061,1002,294,1237,1851,439,603,1035,9041,0.0,0.0,0.0,0.0,0.0,0.0,0.0,0.0,0.0,0.0,0.0,0.0,0.0,0.0,0.0,0.0,0.0,0.0,0.0,0.0,0.0,0.0,0.0,0.0,0.0,0.0,0.0,0.0,0.0,0.0,0.0,0.0,0.0,0.0,0.0,0.0,0.0,0.0,0.0,0.0,0.0,0.0,0.0,0.0,0.0,0.0,0.0,0.0,0.0,0.0,0.0,0.0,0.0,0.0,0.0,0.0,0.0,0.0,0.0,0.0,0.0,0.0,0.0,0.0,0.0,0.0,0.0,0.0,0.0,0.0,0.0,0.0,0.0,0.0,0.0,0.0,0.0,0.0,0.0,0.0,0.0,0.0,0.0,0.0,0.0,0.0,0.0,0.0,0.0,0.0,0.0,0.0,0.0,0.0,0.0,0.0,0.0,0.0,0.0,0.0,0.0,0.0,0.0,0.0,0.0,0.0,0.0,0.0,0.0,0.0,0.0,0.0,0.0,0.0,0.0,0.0,0.0,0.0,0.0,0.0,0.0,0.0,0.0,0.0,0.0,0.0,0.0,0.0,0.0,0.0,0.0,0.0,0.0,0.0,0.0,0.0,0.0,0.0,0.0,0.0,0.0,0.0,0.0,0.0,0.0,0.0,0.0,0.0,0.0,0.0
